[8868798190624308, 8868798190624308, 8868798190624308, 8868798190624308, 8868798190624308, 8868798190624308, 8868798190624308, 8868798190623796, 8868798123514932, 8868798123514932, 8868798123514932, 8868798123514932, 8868798123514932, 8868798123514932, 8868798123514932, 8868798123514932, 8868798123523124, 8868798123523124, 8868798123523124, 8868798123523124, 8868798123523124, 8868798123523124, 8868798123523124, 8868798123523124, 8868798123523124, 8868798123523124, 8868798123523124, 8868798122998836, 4365198495628340, 4365198495628340, 4365198495628340, 4365198495628340, 4365198495628340, 4365335934581812]
[8868798190624308, 8868798190624308, 8868798190624308, 8868798190624308, 8868798190624308, 8868798190624276, 8868798190624276, 8868798190624276, 8868798190624278, 8868798190624278, 17875997445365270, 17875997445365270, 17875997445365270, 17875997445365270, 17875997445365270, 17875997445365270, 17875997445365270, 17875997445365270, 17875997445365270, 17875997445365302, 17875997445365302, 17875997445365302, 17875997311147574, 17875997311147574, 17875997311147574, 17875997311147574, 17875997311147574, 17875997311147574, 17875997311147830, 17875997311147830, 17875997311164214, 17875997311131446]
[8868798190632500, 8868798190632500, 8868798190631988, 8868798190631988, 8868798190631988, 8868797922196532, 8868797922196532, 8868797922196532, 8868797922196532, 8868797922196532, 8868797855087668, 8868797855087668, 8868797855087668, 8868797855087636, 8868797855087636, 8868797855087636, 8868797855087636, 8868797855087636, 8868797855087636, 8868797855087636, 8868797855087636, 8868797855087636, 8868797855087636, 8868797855087636, 8868797855087636, 8868797855087636, 8868797846699028]
[8868798190624308, 8868797922188852, 8873195968699956, 8873195968699956, 8873195834482228, 8873195834482228, 8873195834482228, 8873195834482228, 8873195834482228, 8873195834498612, 8873195834498612, 8873195834629684, 8943564578807348]
[8868798190624308, 8868798190624308, 8868729471147572, 8939098215325236, 8939098215325236, 8939647971139124, 8939647971147316, 4436048343776820, 4436048343776820, 4435498587962932, 4435498587962932, 4435498587962932, 4435498587962932, 4435498587962932, 4435498587962932, 4435498588028468, 4435498588028532]
[8868798056406580, 8868798056406580, 8868798056406580, 8868798056406580, 8868798056406580, 8868798056406580, 8868798056406580, 8868798056414772, 8868798056414772, 8868798056414772, 8868798056414772, 8868798056414774, 8868798056414774, 8868798056414774, 8868798056414774, 8868798056414774, 8868798056414774, 8868798056414774, 8868798056382006, 8873196102893110, 8873196102893110, 8873196102884918, 8873196102884918, 8873196102885174, 8873196102885174, 8873196102885174, 8943564847062838]
[8868798190624308, 8868798190624308, 8868798190624308, 8868798190624308, 8868798190624308, 8868798190624308, 8868798190624308, 8868798190624308, 8939166934801972, 8939166934933044, 8939166934933044, 8939166398062132, 8939166398062132, 8939166398062132, 8939166398062132, 8943564444573236, 8943564444573236, 8943564444573236, 8943564444573236, 8943564444638772, 8943564444646964]
[8868798190624308, 8868798190624308, 8868798190624308, 8868798190624308, 8868798190624308, 8868781010755124, 8868781010755124, 8868781010755124, 8868781010755124, 8868781010755380, 8868781010755380, 8868781010755380, 8868780473884468, 8868780473884468, 8868780473884468, 8868780465495860, 8868780465495860, 8868780465495860, 8868780465495860, 8868780465495860, 8868797645365044, 8868797645365044, 8868797645365044, 8868797645365046, 8868797645365046, 8868797645365046, 8868797645332278, 8868797645332278, 8868797645332278, 8868797645332278, 8868797645332278, 8868797645332278, 8868797645332342]
[8868798190624308, 8868798190624308, 8868798190624308, 8868798190624308, 8868798190624564, 8869897702252340, 8869897702252340, 8869897702317876, 8869897702317876, 8869897702317876, 8869897702317876, 8869863342579508, 8869863342579508, 8869863342579510, 8869863342579510, 8869863342579510, 8869863342579510, 8869863342546742]
[8868798190624308, 8868798190624308, 8868798190624308, 8868798190624308, 8868798190624308, 8868798190624308, 8868798190624308, 8868798190624308, 8868798190624308, 8868729471147572, 8868729471147572, 8868729471147572, 8868729471147572, 8868729471147572, 8868729336929844, 8868729336929844, 8886321522974260, 8886321522974260, 8886321522974260, 8886321522974260, 8886321522974260, 8886321522974260, 8886321522974260, 8886321522974260, 8886321522974260, 8886321522974516, 8886321522974516, 8886321522974516, 8886321522974516, 17893520777715508, 17893520777715508, 17893520777715508, 17893520777715508, 17893520777715508, 17893520777715508, 17893520777715508, 17893520777715508, 17893520777715508, 17893520777715508, 17893520777715508, 17893520777715508, 17893520777715508, 17893520777715508, 17893520777715636]
[8868798190624308, 8869073068531252, 8869072531660340, 8869072531660342, 8869072531660598, 8869072531660598, 8869072531660598, 8869072531660598, 8869072531660598, 8869072531660598, 8869072531660598, 8869072531660598, 8869072531660598, 8886664717705014, 8886664717705014, 8886664717836086]
[8868798190624308, 8868798190624308, 8868798190624308, 8868796043140660, 8868796043140660, 8868796043140660, 17875995297881652, 17875995297881652, 17875995297881908, 17875995297881908, 17875995297881908, 17875995297881908, 17875995297881908, 17875995163664180, 17875995163664180, 17875995163664180, 17880393210175284, 17880393210175284, 17880393210175284, 17880393210175284, 17880393210175284, 17880393210175284, 17880393210175284, 17880393210175284, 17880393210175284, 17880393210175284, 17880393210175284, 17880393210175284, 17880393210175284, 17880393210175284, 17880393210175284, 17880393210175284, 15628593396490036]
[8868798190624308, 8868798190624308, 8868798190624308, 8868798190624308, 8868798190624308, 8868798190624308, 8868798190755380, 8868798190755380, 8868798190755380, 8868798190755380, 8868798190755380, 8868798190763572, 8868798190763572, 8868798190763572, 8868798190763572, 8868798190763572, 8868798190763572, 8868798190763572, 8868798190763572, 8868798190763572, 8868798190763572, 8868798190763556, 8868798190763620, 8868798190763620, 4365198563393124, 4365198563393124, 4365198563393124, 4366298075020900]
[8868798190624308, 8868798190624308, 8868798190624308, 8868798190624308, 8868798190624308, 8868798190624308, 8868797922188852, 8868797922188852, 8868797787971124, 8868797787971126, 8868797787971126, 8868797787971126, 8868797787971126, 8868797787971126, 8868797787971126, 8868797787971126, 8868797787971126, 8868797787971126, 8868797787938358, 8868797787938358, 8868797787938358, 8868797787938358, 8868797787938358, 8868797787938358, 8868797787938358, 8868797787938358, 8868797787938358, 8868797787938358, 8868797787938358, 8868935226891830, 8868935226891830, 8868935226891830, 4365335599521334]
[8868798190624308, 8868798190624308, 17875997445365300, 17875997445365300, 17875997445365300, 17875997445365300, 17875997445365300, 17875997445365300, 17875997445365300, 17875997445365300, 17877096956993076, 17877096956993076, 17877096956993076, 17877096957058612, 17877096957058612, 17877096957058612, 17877096957058612, 17877096957058612, 17877096957058612, 17877096957066804, 17877096957066804, 17877096957066804, 17877096822849076, 17877096822849076, 17877096822849076, 17877096822849076, 17877096822849140]
[8868935629577780, 8868935629545012, 8868935361109556, 8868935361109556, 8868935361109556, 8868935361109556, 8868935361109556, 8868935361109556, 8868935361109556, 8868935361109556, 8868935361109556, 8868935361109556, 8866736337854004, 8866736337862196, 8866736337862196, 8866736337862196, 8866736203644468]
[8868798190624308, 8868798190624310, 8868798190624310, 8868798190624310, 8868798190624310, 8868798190624310, 8868798190624310, 8868935629577782, 8868935629577782, 8868935629577782, 8868935629643318, 8868935629643318, 8868935629643318, 8868935629643318, 8868935629643318, 8868935629643318, 8868935629643318, 8868935629643318, 8868935629643318, 8868935629643318, 8868935629643382, 8868935629643382, 8868935629643382, 8868935629643382, 8868935629643382, 8868935629643382, 8868935629643382, 8868935629643382, 8868935629643382, 8868933482159734, 8868796043206262, 8868796043206262, 8868796043214454, 8868796043214454, 8868796043214454, 8868796043214454, 8868796043214454, 8868796043214454, 8868796043214454, 8868796043214454, 8868796043214454, 8868796043214454, 8868796043214454, 8868796043214454, 8868796043214454, 8868796043214454, 8868796043214454, 8868796043214454, 8868796043214454, 8868796043214454, 8868796043214454, 8868933482167926]
[8868798190591540, 8868798190591540, 8868798190591540, 8868798190591536, 8868798190607920, 8868798190607920, 8868798190607920, 8868798190607920, 8868798190607920, 8868798190607920, 8868798190607920, 8868798190607920, 8868798190607920, 8868798190607920, 8868798190607920, 8868729471131184, 8868729471130160, 8868729471130160, 8868729471130160, 8868729471130160, 8868729471130160, 8868729471130160, 8868729471130160, 8868729471130160, 8868727323646512]
[8868798190624308, 17875997445365300, 17875997445365300, 17875997445365300, 17875997445365300, 17875997445365300, 17875997445365300, 17875997445365300, 17875997445365300, 17880395491876404, 17880395491876404, 17880395491876400, 17880395491876400, 17880395491876464, 17880395491876464, 17739658003521136, 17739658003521136, 17739658003521136, 17739658003521136, 17739658003521136, 17739658003521136, 17739658003521136, 17739658003521136, 17739658003521136, 17739658002996848]
[8868798190624308, 8868798190624308, 8868798190624308, 8868798190624308, 8868935629577780, 8868935629577780, 8868935629577780, 8868935629577780, 8868935629577780, 8868935629577780, 8868935629577780, 8868935629708852, 8868935629708852, 8868935629708852, 8868935629774388, 8868935629774388, 8868935629774388, 8868935629774388, 8868935361338932, 8868935361338932, 8868935361338932, 8868935361338932, 8868935361338932, 8868935361338932, 8870034872966708, 8870034872966708, 8870034872933940]
[8868798190591540, 8868796043107892, 8868796043107892, 8868796043107892, 8868796043107892, 8868796034719284, 8868796034719284, 8868796034719284, 8868796034719284, 8868796034719284, 8868796034719284, 8868796034719284, 8868795900501556, 8868795900501556, 8868795900501556, 8868795900501556, 8868795900501556, 8868787310566964, 8868787310566964, 8868787310566964, 8939156054744628]
[8868798190624308, 8868798190624308, 8868798190624310, 8866599167368758, 8866599167368246, 8866599167368246, 8867698678996022, 8867698678996022, 8885290865040438, 17892490119781430]
[8868798190624308, 8868798190624308, 8868798190624308, 8868796043140660, 8868796043140660, 8868796043140660, 8868796043140660, 8868796043206196, 8868796043214388, 8868796043214388, 8868796043214388, 8868796043214452, 8868796043214452, 8868796043214452, 8868796043214708, 8868796043214708, 8868796043214708, 8868796043214708, 8868796043231092]
[8868798190624308, 8868798190624308, 8868798190755380, 8868798190755380, 8868797922319924, 8868797922319924, 17875997177060916, 17875997177028148, 17875997177028148, 17875997177028148, 17875997177028148, 17893589363072564, 17893589363072564, 17893587215588916]
[8868798190623796, 8868798190623796, 8868798190623796, 8868798190623764, 8868798190623764, 8868798190623764, 8868798190623764, 8868798190623764, 8868798190623764, 8873196237134868, 8873196237134868, 8873196237134868, 8873127517658132, 8873127517658132, 8890719703702548, 8890719703702548, 8890719703702548, 8890719703833620]
[8868798182235700, 8868798182235700, 8868798182235764, 8868798182235764, 8868798182235764, 8868798182235764, 8868798182235764, 8868798182235764, 8868798182235764, 8868798182235764, 8868798182235764, 8868798182235764, 8868798182235764, 8868798182235764, 8868798182235764, 8868798182235764, 8868798182235764, 8868798182235764, 8868798182235732, 8868798182235732, 8868798182235732, 8868798182202964, 8868798182202964, 8868798182202964, 8868798182202964, 8868798182202964, 8939166926380628, 8939166926380628, 8939166926380628, 8939166926380628, 8939166926380628, 8939166926380628, 8939166926380628, 8939166926380628, 8939166926380628, 8939166930574932]
[8868798190755380, 8868798190755380, 8877594283777588, 8877594283777588, 8877594283777588, 8877594283777588, 8877594283777588, 8877592136293940, 8877592136293940, 8877592136293940, 8877592136293940, 8877592136293940, 8877592136293940, 8877592136293940, 8877592136293940, 8877592136293940, 8877592136293940, 8877592136293940, 8877592136293940, 8878691647921716, 8877592136293940, 8877592136293940, 8877592136293940, 8877592136293940, 8877592136293940, 8877592136293940, 8877592136294004, 8877592136294004, 8877592136294004, 8877592136294004, 8877592136294004, 8877592136294004, 8877592136294004, 8877592136294004, 8877592136294004, 8877592136294004, 8877592136294004, 8877592136294004, 8877592136294004, 8877592136294004, 8877592136294004, 8877574956424820, 8877574956424820, 8877574956424820, 8877574956424788]
[8868798190632500, 8868798190632500, 8868798190632500, 8868798190632500, 8868798190632500, 8868729471155764, 8868729471155764, 8868729471155766, 8868729471155766, 8877525564177974, 8877525564177974, 8877525564177974, 8877525295742518, 8877525295742518, 8877525295742518, 8877525295742518, 8877525295742518, 8877525295742518, 17884724550483510]
[8868798190624308, 8868798056406580, 8868798056406580, 8868798056406580, 8868798056406580, 8868798056406580, 8868798056406580, 17875997311147572, 17875997311147572, 17875997311147572, 17875997311147572, 17875997311147572, 17875997311147572, 17875997311147572, 15624197497462324, 15624197497462324, 15624197497462324, 15624472375369268, 15624472375368756, 15624472375368756, 15624472375368756, 15624472375368820]
[8868798190624308, 8868798190624308, 8868798190624308, 8868798190624308, 8868798190623796, 8868798190754868, 8868796043271220, 8868796043271476, 8868796043271476, 8868796043271476, 8868796043271476, 8868796043271476, 8868796043271476, 8868796043271476, 8868796043271476, 8868796043271476, 8868796043271476, 8868796043271460, 8868796043271460, 8868796043271460, 8868796043271460, 8868796043271460, 8868796043271462]
[8868798190624308, 8868798190624308, 8868798190624308, 8868796043140660, 8868796043140660, 8868796043140660, 8868796043140660, 8868796043140660, 8868796043140660, 8868796043140660, 8868795774705204, 8939164518882868, 8939164518882868, 8939164518882868, 8939164518882868, 8939164518882868, 8939164518882868, 8939164518882868, 8939164518882852, 8936965495627300, 8936965495635492]
[8868798190624308, 8868798190624308, 8868798190624308, 8868798190624308, 8868798190624308, 8886390376668724, 8886390376668724, 8886390376668726, 8886390376668726, 8886390376668726, 8886390376668726, 8890788423179830, 8890788423179830, 8890788423179830, 8890788423179830, 8890788423179830, 8890788423179830, 8890788423179830, 8890788423179830, 8890788423179830, 8890788423179830, 8890788423179830, 8890788423179830, 8890788423179830, 17897987677920822, 17897987677920822, 17897987677920822, 17897987677986358, 17897987677986358, 17897987677986358, 17897987677986358, 17897987677986358, 17897987677986358, 17897987677986358, 17897987677994550]
[8868798190624310, 8868798190624310, 8868798190624310, 8868798190624310, 8868798190624374, 8868798056406646, 8868798056406646, 8868798048018038, 8868798048018038, 8868798048026230, 8868798048026198]
[8868798190624308, 8868798190624308, 8868798190624308, 8868798190624308, 8868798190623796, 8868798190623796, 8868798190623796, 8868798190623796, 8873196237134900, 8873196237134900, 8873196237134900, 8873127517658164, 8873127517658164, 8873127450549300, 8873127450549300, 8873127450549300, 8873127450549300, 8873127450549300, 8873127450549300, 8873127450549300, 8873127450680372, 8873127450680372, 8873127450680372, 8873127450680372, 8873127450680372, 8873127450680372, 8873127450680372, 8873127450680372, 8873127450680372, 8873127450680372, 8873127450680372, 8873127450680372, 8873127450680372, 8873127450680372, 8873127450680372, 8873127450680372, 8873127450680372, 8873127450680372, 8873127450680372, 8873127450680372, 8873127450680372, 8873127450680372, 8873127182244916]
[8868798190624308, 8868797922188852, 8868797922188852, 17875997176929844, 17875997176929844, 17875997176929844, 17875997176929844, 17875997176929844, 17875997176929844, 17875997176405556, 17875997176405556, 17875997176471092, 17875997176487476, 17875997176487476, 17946365920665140]
[8868798190640692, 8868798190640692, 8868798190640692, 8868798190640692, 8868798190640692, 8868798056422964, 8868798056422964, 8868798056422964, 8868798056422964, 8868798056422964, 8868798056423028, 8868798056423028, 8868798056423028, 8868798056423028, 8868798056423028, 8868798056423028, 8868798056423028, 8868798056423030, 8868798056423030, 4365198429052534, 4382790615096950]
[8868798190624308, 8869897702252084, 8869897433816628, 8869897433816628, 8869897433816628, 8306947480395316, 8306947480395316, 8869897433816628, 8869897433816628, 8869897433816628, 8869897366707764, 8869896292965940, 8869896292965940, 8869896292965940, 17877095547706932, 17877095547706932, 17877095547706932, 17877095547706932, 17877095547706932, 17877095547706900]
[8868798190624308, 8868798190624308, 8868798190624308, 8868798190624308, 8873196237135412, 8873196237135414, 8873195968699958, 8873195968699958, 8873195968831030, 8873195968831030, 8873178788961846, 8873178788961846, 8873178788961846, 8873178788961846, 8890770975006262]
[8868798190591540, 8868798190657076, 8868798190657076, 8868798190657076, 8868798190657076, 8868798190657076, 8868798190657076, 8868798190656564, 8868798190656820, 8868798190656820, 8868793895689524, 8305843942268212]
[8868798190624308, 8868798190624308, 8873196237135412, 8873196237135412, 8873196237135412, 8873196237135412, 8873196237135412, 8873196237135412, 8873196237135412, 8873196237135412, 8873196237135412, 8873196237135412, 8873196237135412, 8873196237135412, 8873196237135412, 8873196237135412, 8873196237135412, 8873196237135412, 8873196237135412, 8873196237135412, 8873196237135412, 8873195968699956, 8873195968699956, 8873195968699952, 8873195968699954, 8873195968699954, 8873195968699958, 8873195968699958, 8873195968699958, 8873195968699958, 8873195968699958, 8873195968699958, 8873195968699958, 8873195968699926, 8873195968699926, 8873195901591062, 8873195901591062, 8943564645768726]
[8868798190624308, 8868798190624372, 8868798190624372, 8868798190624372, 8868798190624372, 8868798190624372, 8868798190624372, 8868798190624372, 8868798190624372, 8868798190624372, 8868798190624372, 8868798190624356, 8868798190624356, 8868798190624356, 8868798190624356, 8868798190624356, 8886390376668772, 8868798190624356, 8873196237135460, 8873196237135460, 8943564981313124, 8943564981313124, 8943564981313124, 8943564981313124, 8943564981313124, 8943564981313124, 8943564981313124, 8943564981313124, 8943564981313124, 8943564981313124, 8943564981313124, 8943564981313124, 8943564981313092, 8943564981313092, 8943564981313092, 8943564981313092, 8943564981313092, 8943564981313092, 8961157167357508]
[8868798190624308, 8868798190624308, 8868798190689844, 8868798190689844, 8868798190689844, 8868798190689844, 8869073068596788, 8869073068596788, 8869073068596788, 8869073068596788, 8869073068596788, 8886665254641204, 8886665254772276, 8886665254772340, 8886665254772340, 8886665254772340, 8886665254780532]
[8868798190624308, 8868798190624308, 8868798190624308, 8868798190624308, 8868798190624308, 8868798190624308, 8868798190624308, 8868798190689844, 8868798190657076, 8868798190657076, 17875997445398068, 17875997445398068, 17875997445398068, 17875928725921332, 17875928725921332, 17875928725921332, 17875928725921332, 17875928730115636, 17875928730115604]
[8868798190624308, 8868798190624308, 8868798190624308, 8868798123515444, 8868798123515444, 8869897635143220, 8869897635143220, 8869897635143220, 8869897635143220, 8869897635143220, 8869897635143220, 8874295681654324, 8874294607912500, 8874294607912500, 8874294607912500, 8874294607912500, 8874294607912500, 8874294607912500, 8874294607912500, 8891886793956916, 8891886793956916, 8891886794087988]
[8868798190624308, 8868798190624308, 8868798056406580, 8868798056406580, 8869897568034356, 8869897568034356, 8869897568034356, 8869897568034356, 8869897568034356, 8869897568034356, 17877096822775348, 17877096822775348, 17877096822775348, 17877096822775348, 17877096822775348, 17877096822775348, 17877096822775348, 17877096826969652, 17877096826969654, 17877096826969654, 17877096826445366]
[8868798190624308, 8868798190624308, 8868798190624308, 8868798190624308, 8939166934801972, 8939166934801972, 8939166934802036, 8939166800584308, 8939166800584308, 8939166800584308, 8939166800584308, 8939166800584308, 8939166800584308, 8939166800584308, 8798429312228980, 8798429312228980, 8798429312228980, 8798429312360052, 8816021498404468]
[8868798190624308, 8868798190624308, 8868798190624308, 8868798190624308, 8868798190689844, 8939166934867508, 8939166934867508, 8939166934867508, 8939166934867508, 8939166934867508, 8939166934867508, 8939166934867508, 8939166934867508, 8939166934867508, 8939166939061812, 8939166939061812, 8939166939070004, 8939166939037236, 8939166939037236, 8939166939037236, 8939166939037236, 8939166938512948]
[8868798194818612, 8868798194818612, 8868798194818612, 8868798194818612, 8868798194818612, 8868796047334964, 8868796047334964, 8868796047334964, 8868796047334964, 8868796047334964, 8868796047334964, 8868796047334964, 8873194093846068, 8873194093846068, 8873194093846068, 8873194093846068, 8873194093813300, 8873194093813300, 8873194093813300, 8873194093813300, 8873194093813300, 8873194093813300, 8873194093813300, 8873194093813300, 8873193556942388, 8873193556942388, 8873193556942452]
[8868798190624308, 8868798190624308, 8868798190624308, 8868798190624308, 8868797922188852, 8869897433816628, 8869897433816628, 8869897433816628, 8869897433816628, 8869897433816628, 8869897433816628, 8869897433816628, 8869897433816628, 8869897433816628, 8869897433816596, 8874295480327700, 8874295480327700, 8874295480327700, 8874295480327700, 8874295480327700, 8874295480327700, 8874295480327702, 8874295480327702, 8874295480327702, 8874295480327702, 8874295480327702, 8874295480327702, 8874295480327702, 8874226760850966]
[8868798190624308, 8868798190624308, 8868798190624308, 8868798190624308, 8868798190624308, 8868798190624308, 8868798190623796, 8868798190623796, 8868798190623764, 8868798190754836, 8868798190754836, 8868798190754836, 8868798190754836, 8868798190754900, 8868797922319444, 8868797922319444, 8868797922319444, 8868797922319444, 8868797922319444, 8868797922319444, 8868797922319444, 8868797922319444, 8868797922319444, 8305847968898132]
[8868798190624308, 8868798056406580, 8868798056406644, 8868797787971188, 8939166532148852, 8936967508893300, 8936967508893300, 8936967508901492]
[8868798190624308, 8868798190624308, 8868798190624308, 8868798190624308, 8868798190624308, 8868798190624308, 8868798190624308, 8868797922188852, 8868797922188852, 8868797922188852, 8868797922188852, 8868795774705204, 8868795774705204, 8868795774705204, 8868795774705204, 8868795774705204, 8868795774705204, 8939164518882868, 8939163982011956, 8939163982011956, 8939163982011956, 8939163982011956, 8939163982011956, 8939163982011956, 8939163982011956, 8939163982011956, 8939163982011956, 8939163982011956, 8939163982011956, 8939163986206260, 8939713742020148]
[8868798190624308, 8868798190624308, 8868798190624308, 8868798190624308, 8868796043140660, 8868796043140660, 8868796043140660, 8868796043140660, 8868796043140660, 8868796034752052, 8868796034752052, 8868796034752052, 8868796034752052, 8868795766316596, 8868795766316596, 8868933205270068, 8868933205270068, 8868933205270068, 8868933205401140, 8868933204876852]
[8868798190624308, 8868798190624308, 8868798190624308, 8868798190624308, 8868798190624308, 8868798190624308, 8868798190624308, 8868798190624308, 8868798190624308, 8868798190624308, 8868798190624308, 8868798190624308, 8868798190624308, 8868797922188852, 8868797922188852, 8868797922188852, 8868797922188852, 8868797922188852, 8868797855079988, 8869897366707764, 8869897366707732, 8868797855079956, 8868797855079956, 8868797855079956, 8868795707596308, 8868795707596308, 17875994962337300, 17875994962337300, 17875994962336788]
[8868798190624308, 8868798123515444, 8868798123580980, 8868798123580980, 8868798127775284, 8868798127775252, 8868798127775252, 8868798127775252, 8868798127775316, 8868798127775316, 8868798127775572]
[8868798190624308, 17875997445365300, 15624197631680052, 15624197631680052, 15624197631680052, 15624197631680052, 15624197631680052, 15624197631680052, 15624197631680308, 15624197631680308, 15624197631680310, 15624197631680310, 15624128912203574, 15624128912203574, 15624128911679286]
[8868798190624308, 8868798190624276, 8728060702268948, 8728060702268948, 8728060702268948, 8728060702268948, 8728060702269204, 8728060702268692, 8728060702268692, 8728060702268692, 8728058554785044, 8728058554785044, 8728058554850580]
[8868798190624308, 8868798190624308, 8868798190624308, 8868798190624308, 8868798190624308, 8868798190624372, 17875997445365364, 17875997445365364, 17875997445365364, 17875997445365364, 17875997445365364, 17875997445365364, 17875997445430900, 17875997445561972, 17875997445561972, 17875997445561972, 17875997445561972, 17875997445561972, 17875997445561972, 17875997445561972, 17875997445561972, 17875997445561972, 17875997445561972, 17875997445561972, 17875997445561972, 17875997445561972, 17946366189739636, 17946366189739636, 17946366189739636, 17946366189739636, 17946366189739636, 17946366189739636, 17963958375784052]
[8868798190624308, 8868798190624308, 8873196237135412, 8873196237135412, 8732458748780084, 8732458748780084, 8750050934824500, 8750050934824500, 8750050934824500, 8750050934824500, 8750050934824500, 8750050934824500, 8750050934824500, 8750050934824500, 8750050934824500, 8750050934955572, 8750050934955572, 8750050934955572, 8750050934955572, 8750050934955572, 8750050934955572, 8750050934955828, 8750050934955828, 8750050934955828, 8750050934955828, 8750048787472180]
[8868797922188852, 8868795774705204, 8868795774705204, 8868795774704692, 8868795774770228, 8868933213723700, 8877729306745908]
[8868798190689844, 8868798190689844, 8868798190689844, 8868798190689844, 8868798190820916, 8868798190820916, 8868798190820916, 8869073068727860, 8869073068727860, 8869073068727860, 8869073068727860, 8869073068727860, 8869073068727860, 8869073068727860, 8869073068727860, 8869073068727924, 8870172580355700, 8870172580355700, 8870172580355700, 8870172580355700, 8870172580355700, 8870172580355700, 8870172580355700, 8870172580355700, 8870172580355700, 8870172580355700, 8870172580355700, 8870172580355700, 8870310019309172]
[8868798190624308, 8868798190624308, 8868798056406580, 8868798056406580, 17875997311147572, 17875997311147572, 17875997311147572, 17875997311147572, 17875997311147572, 17875997311147572, 17875997311147572, 17875997311147572, 17875997310623284, 17875997310623284, 17875997310623284, 17875997310623284, 17875997310623284, 17875997310623284, 17875997310623284, 17875997310623284, 17875997310623284, 17875997310623284, 17875997310623284, 17875997310623284, 17875997310754356, 17875997310754356, 17875997310754356, 17875997310754356, 17875997310754356, 17875997310770740, 17875997310770740, 17875997310770740, 17875997310770740, 17875997310770740, 17875997314965044]
[8868798190624308, 8868798190755380, 8868798190755380, 8868798190722612, 17875997445463604, 17875997445463092, 17875997445463094, 17875997445463094, 17875997437074486]
[8868798190624308, 8868798190624310, 8868798190624310, 8868798190591542, 8868798190591542, 8868798190591542, 8868798190591542, 8868798190591542, 8868798190591542, 8868798190591542, 8868798182202934, 8868798182202934, 8939166926380598, 8939166926380598, 8939166926380598, 8939166657945142, 8939166657945142, 8657691681234486]
[8868798190624308, 8886390376668724, 8886390376668724, 8886390376668724, 8886390376668724, 8886390376668724, 8886390376734260, 8886390376734260, 8886390376733748, 8886390376733748, 8886390376209460, 8886390376209462, 8886390376209462, 8886390376209462, 8886390376209462, 8886390376209462, 8886390376209462, 8886390376209462, 8886390376209462, 8886390376209462, 8886390376209462, 8886390376209462, 8886390376209718]
[8868798190624308, 8868798190689844, 8868798190820916, 8868798190820916, 8868798190820980, 8868798190820980, 8868798190820980, 8868798190820980, 8868798190820980, 17875997445561972, 17875997445561972, 17875997445561972, 17875997445561972, 17875997445561972, 17875997445561972, 17875997445561972, 17875997445561972, 17946366189739636, 17946366189739636, 17946365652868724]
[8868798190624308, 8868798190624308, 8868798190755380, 8868798190755380, 8868798190755380, 8868798190755380, 8868798190755380, 8868798190755380, 8868798190820916, 8868798190820916, 8868793895853620, 8868793895853620, 8868793627418164, 8868793627418148, 8868793627418148, 8868792553676324]
[8868798190624308, 8868798190624564, 8868798190624564, 8868798190624564, 17875997445365556, 17875997445365556, 17875997445365556, 17875997445365556, 15624197631680308, 15624197631680308, 15624197631680308, 15624197631680308, 15624197631680308, 15624197631680308, 15624197631680308, 15624197631680308, 15624197631680308, 15624197631680308, 15624197631680308, 15624197497462580, 15624197497462580, 15624197497462580, 15624197497462580, 15624197497462580, 15624197497462580, 15624197497462580, 15624197497462580, 15624197497462580, 15624197497528116, 15624197497528116, 15624197497528118]
[8868798190624308, 8868797922188852, 8868797922188852, 8868797922188852, 8868797922188852, 8868797385317940, 8866598362062388, 8866598362062388, 8866598362062388, 8866598362062388, 8866598362062388, 8866598362062388, 8866598362062388, 8866598362062388, 8866598362062388, 8866598362062388, 8866598362062388, 8866598362062388, 8866598362062388, 8866598362062388, 8866598362062356, 8866598362062356, 8866598362062356, 8866598362062356, 8866598362062356, 8866598362062356, 8866598362062356, 8866598362062356, 8866598362062356, 8866598362062356, 8866598362062356, 8866598362062356, 8866598362062356, 8866598362062356, 8866598362062356, 8866598362062356, 8866598362062356, 8866598362062356, 8866598362062356, 8866598362062356, 8866598362062356, 8866598362062356, 8866598362062356, 8866598362062356, 8866598362062356, 8866598362062356, 8866598362062356, 8866598362062356, 8866598362062356, 8866598362062356, 8866598362062356, 8866598362062356, 8866598362062356, 8866598362062356, 8866598362062356, 8866598362062356, 8866598362062356, 8936967106240020, 8936967106240020, 8936967106240020, 8936967039131156]
[8868798190624308, 8868798190624308, 8868798190624308, 8868798190624308, 8868798190624308, 8868798190624308, 8868798190624308, 8868798190624310, 8868798190624310, 8868798190689846, 8868798190689846, 8868798190689846, 8868798190689846, 17875997445430838, 17875997445430838, 17875997445430902, 17946366189608566, 17946366189608566, 17946366189608566, 17946366189608566, 17946366189608566, 17946366189608566, 17946366189608566, 17946366189608566, 17946366189608566, 17946366189575798]
[8868798190624308, 8868798190624308, 8868798190624308, 8868798056406580, 8868798056406836, 8868798056406836, 8868798056406836, 8868798056406836, 8868798056406836, 8868798056406836, 8868798056406836, 8868798056406836, 8868798056406836, 8868798056406836, 8873196102917940, 8873196102917940, 17880395357658932, 17880395357658932, 17880395357658932, 17880395357658932, 17880395357658932, 17880395357658934, 17880395357658934, 17880395357658934, 17739657869303606]
[8868798190624308, 8868798190624308, 8868798190624308, 8868798190624308, 8868798190624308, 8868798190624308, 8868798190624308, 8868798190624308, 8868798190624308, 8868798190624308, 8868798056406580, 8873196102917684, 8873196102917684, 8873196102917684, 8873196102917684, 8873196102917684, 8873196102917684, 8873196102917684, 8873196102917684, 8873196102917684, 8873196102917684, 8873196102917684, 8873196102917684, 8873196102917684, 8873196102917684, 8873196102925876, 8873196102925876, 8873196102925876, 8873196102925876, 8873196102925876, 8873196102925876, 8873196102925876, 8873196103056948, 8873196103056948, 8873196103056948, 8873196103056948, 8873196103056948, 8873196103056948, 8873196103056948, 8873196103056948, 8873196103056948, 8873196103056948, 8873196103056948, 8873196103056948, 8873196103056948, 8873196103056948, 8873196103056948, 8873196103056948, 8873196103056948, 8873196103056948, 8873196103056948, 8873196103056948, 8873196103057012, 8873196103057012, 8873196103057012, 8873196103057012, 8873196103057012, 8868798056545908, 8868798056545908, 8868798056545908, 8868798056546164, 8868798056546164, 8868798056546164, 8868798056546164, 8868798056546164, 8868798056546164, 8868798056546164, 8868798056546164, 8868798056546164, 8868798056546132]
[8868798190624308, 8873196237135412, 8873196237200948, 8873196237200948, 8873196237200948, 8873195968765492, 8873195968765492, 8873195968765492, 8873195968765492, 8873195968765492, 8873195968765492, 8873195968765492, 8873195968765492, 8873195968765492, 8873195968765492, 8873195968765492, 8873195968765492, 8873195968765492, 8873195968765492, 8873195834547764, 8873195834548020, 8873195834548020, 8873195834548020, 8873195834548020, 8873195834548020, 8873195834548020, 8873195834548084]
[8868798190624308, 8868797922188852, 8868797922188852, 8868797922188852, 8868797922188852, 8868797922188852, 8868797922188852, 8868797922188852, 17875997176929844, 17875997176929846, 17875997176929846, 17875997176929846, 17875997176929846, 17875997176930102, 17875997176930102, 17875997177061174, 17875997177061174, 17875997177061174, 17875997177061174, 17875997177069366]
[8868798123515444, 8868798123515444, 8868798123515444, 8868798123515444, 8868797989297716, 8868797989297716, 8868797989297716, 8868797989297716, 8868797989297716, 17875997244038708, 17875997244038708, 17875997243514420, 17875997243514420, 17875997243514420, 17875997243514420, 17875997247708724, 17875997247708708]
[8868798190624308, 8868798190623796, 8868798190623796, 8868798190623796, 8868798190623796, 8868798190623796, 8868798190623796, 17875997445364788, 17875997445364790, 17875997445364790, 17875997445364790, 17875997445364790, 17875997445364790, 17875997445364790, 17875997445364790, 17946366189542454, 17946366189542454, 17946366189542454, 17946503628495926, 17946503628495926, 17946503628495926, 17946503628495926, 17946503628495926, 17946503628495926, 17946503628495926, 17946503628495926, 17946503628626998]
[8868798190624308, 8868798190624308, 8868798190624308, 8868798190624308, 4365198563253812, 4365336002207284, 4365336002207284, 4382928188251700, 4382928054033972, 4382928054033972, 4382928054033972, 4382928054034036, 4382928054034036, 4382928054099572]
[8868798190624308, 8868798190624308, 8868798190624308, 8873196237135412, 8873196237135412, 8873196237135412, 8873195968699956, 8873195968699956, 8873195968699956, 8873195968699956, 8873195968699956, 8873195968699956, 8873195968699956, 8873195968699956, 8873193821216308, 8873193821216308, 8943562565393972, 8802825077038644, 8802825077038644, 8802825077038644, 8802825077038644, 8802825077038644, 8802825077169716]
[8868798190624308, 8868798190689844, 8868798190689908, 8868798190689908, 8868793895722612, 8868793895722612, 8868793895722612, 8868793895722612, 8873191942233716, 8873191942233716, 8873191942233716, 8873191942233716, 8873191942233716, 8873191942233716, 8873191942233716, 8873191942233716, 8873190868491892, 8873122149015156]
[4365198563253812, 4365198563253812, 4365198563253812, 4365198563253812, 4365198563253812, 4365198563253814, 4365198563253814, 4365198563253814, 4365198563253814, 4365198563253814, 4365198563253814, 4365198563253814, 13372397817994806, 13372397817994806, 13372397817994806, 13372397817994806, 13372397817994806, 13372397817962038, 13372397817962038, 13372397817962038, 13372397817962038, 13372397817962038, 13372393522994742, 13372393522994742, 13372393522994742, 13372393522994742, 13372393522994742, 13372393522994230]
[8868798190624308, 8868798190624308, 8868798190624308, 8868798190624308, 8868798190624308, 8868796043140660, 8868796043140660, 8868796043140660, 8868796043157044, 8868796043157044, 8868796043157044, 8868796043157044, 8868796043157044, 8868796043157044, 8868796043157044, 8868933482110516, 8868933482110516, 8868933482110516, 8868933482110516, 8868933482110004, 8868933482110004, 8868933482110004, 8868933347892276, 8868933347892276, 8868933347892276, 8868933347892276, 8868933347892276, 8868933347892276, 8868933347892276, 8868933347892276, 8868933347892276, 8868933347892276, 8868933347892244]
[8868798190624308, 8868798190624308, 8868798190624308, 8868798190624308, 8868798190624308, 8868798190624310, 8868798190624310, 8868797922188854, 8868797922188854, 8868797922188854, 8868797922188854, 8868797922188854, 8868797922188854, 8868797922188854, 8868797385317942, 4365197757947446, 4365197757947446, 4365197757947430, 4365197757947430, 4365197757947430, 4365197757947430, 4365197757947430, 4365197757947430, 4365197757947430, 4365197757947430, 4365197758012966]
[8868798190624308, 8868798190624308, 8868798182235700, 8868798182235700, 8868798182235700, 8868798182235700, 8868798182235700, 8868798181973556, 8868798181973556, 8868798181973556, 8868798181973556, 8868798181973556, 8728060693618228, 8728060693618228, 8728060693618228, 8728060693618228, 8728060693618228, 8798429437795892, 8798429437795892, 8798429437795892, 8798429437795892, 8798429437795892, 8798360718319156, 8798360718319156, 8798360718319156, 8798360718319156, 8798360718319156, 8798360718319156, 8798360718319156, 8798360718319156, 8798360718319156, 8798360718319156, 8798360718319156, 17805559973060148]
[8868798190624308, 8868798190624308, 8868798190624308, 8868798190624308, 8868798190624308, 8868798190591540, 8868798190591540, 8868798190591540, 8868798190591540, 8868798190591540, 8868797922156084, 8868797922156084, 8868797922156084, 8868797922155572, 8868797922171956, 8877594015194164, 8877594015194164, 8877594015194164, 8877594015194164, 8877591867710516]
[8868798190624308, 8868798190624308, 8868798190624308, 8868798190624308, 8868798190624308, 8868798190755380, 8873196237266484, 8873196237266484, 8873196237266484, 8873196237266484, 8873196237266484, 8873196237266484, 8890788423310900, 8890788423376436, 8890788423376436, 8890788423376436, 8890788423376436, 8890788423376436, 8925972795465268, 8925972795465268, 8925972795465268, 8925972795465268, 8925972795465268, 8925972795465268, 8925972795465268, 8925972795465268, 8925972795465268, 8925972795465268, 8925972795465268, 8925972795465268, 8925972795465268, 8925972795432500]
[8868798190624308, 8868798190624308, 8868798190624308, 8868798190624308, 8868935629577780, 8868935629577780, 8868935629577780, 8868935092706868, 8868935092706868, 8868935092706868, 8868935092706868, 8868935092706868, 8868935092706868, 8868935092706868, 8868935092706868, 8868934958489140, 8868934958620212, 8868934958620212, 8868934958636596, 8868934958636596, 8868934958636596, 8868934958636596, 8868934958636596, 8868934958636596, 8868934962830900]
[8868798190755380, 8868798190755380, 8868798190755380, 8868798190755444, 8868798190755444, 8868798190755444, 8868798190755444, 8869897702383220, 8869897702383220, 8869897702383220, 8869897702383220, 8869897702383220, 8869897702383220, 8869897702350452, 8869897702350452, 8869897702350452, 8869897702350452, 8869897702350452, 8869897702350452, 8869897702350420, 8869897702350420, 8869897702350420, 8869897702350420, 8869897702350420, 8869897702350420, 8869897702350420, 8869897702350420, 8869897702350420, 8869897702350420, 8869897702350420, 8869897702350420, 8869897706544724]
[8868798190624308, 8868798190624308, 8868729471147572, 8868729471147572, 8868729471147572, 8868729471147572, 8868729471147572, 8868729471147572, 8868729471278644, 8868729471278612, 8868729471278612, 8868729471278612, 8868729471278612, 8868729471278612, 8868729471278612, 8868729471278612, 8868729471278612, 8868729471278612, 8868729202843156, 8868729202843156, 8868729202843156, 8868729068625428, 8868729068625428, 8868729068641812]
[8868798190624308, 8868798190624372, 8868798190624372, 8868935629577844, 8868935629577844, 8870035141205620, 8870035141205620, 8870035141213812, 8870035141181044, 8870035141181044, 8870035141181044, 8870035141181044, 8870035141181044, 8870035141181044, 8870035141181044, 8870035141181046]
[8868798190624308, 8868798190624308, 8868798190624308, 8868798190624308, 8939166934801972, 8939166934810164, 8939166934810164, 8939166934810164, 8939166934810164, 8939166934810164, 8939166934810166, 8939166934810166, 8939166934810166, 8939166934810150, 8939166934810150, 8939166934810150, 8939166934810150, 17946366189551142, 17946366189551142, 17946366189551142, 17946366189551142, 17946366055333414]
[8868798190624292, 8868798190624292, 8868798190624292, 8866599167368740, 4362999539998244, 4362999539998244, 4362999539998244, 4362999539998244, 4362999539998244, 4362999472889380, 4362999472889380, 4362999472889380, 4362999473020452, 4362999472987684]
[8868798190624310, 8868935629577782, 8868935629577782, 8868935629577782, 8873333676088886, 8873333676088886, 8873333676219958, 8873333676219942, 8873333676219942, 8873333676219942, 8873333676219942, 8873333676219942, 8873333407784486]
[8868798190624308, 8868798190624308, 8869897702252084, 8869897702252084, 8869897702252084, 8869897702252084, 8869897702252084, 8869897702252084, 8869897702252084, 8869897702252084, 8869897702252084, 8869897702252084, 8869897702252084, 8869897702252084, 8869897702252084, 8869897702252084, 8869897702252084, 8869897702252084, 8869897702252084, 8869897702252084, 8869897702252084, 8869897702252084, 8869897702252052, 8869897702252052, 8869897702252052, 8869897702252052, 8869897702252052, 8869897702251540, 8729160213896212, 8729160213896212, 8729160213896468, 8729160146787604]
[17875997445365300, 17875997445365300, 17875997445430836, 17875997445430836, 17876134884384308, 17876134884384308, 17876134884384308, 17876134884384308, 17876134884384308, 17876134884384308, 17876134884384308, 17876134884515380, 17876134884515380, 17876134884515380, 17876134884515380, 17876134884515380, 17876134884515380, 17876134884515380, 17876134884515380, 17876134884515380, 17876134884515380, 17876134884515380, 17876134884515380, 17876134884515380, 17876134884515380, 17876134884515380, 17876134884515380, 17876134884515380, 17876134884515380, 17876134884515380, 17876134884515636, 17876134884515636, 17876134884515636, 17876134884515636, 17876134884515636, 17876134884515604]
[8868798190100020, 8868798190100020, 8868798055882292, 8868798055882292, 8868798055882292, 8868798055882292, 8868798055882292, 8868798055882292, 8868798055882292, 8939166800059956, 8939166800059956, 8939166800059956, 8939166800059956, 8939166800059956, 8939166800059956, 8939166800059956, 8939166800059956, 8939166800059444, 8939166800190516, 8939166800190516, 8939166800190516, 8939166800190516, 8939166531755060]
[8868798190624308, 8868798190624308, 8868798190624308, 8868798190624308, 8868798190624308, 4365198563253812, 4365198563253812, 4365198563253812, 4365198563253812, 4365198563262004, 4365198563262004, 4365198563262004, 4365196415778356, 4365196415778356, 4365196415745588, 4365196415745588, 4365196415745588, 4365196415745588, 4365196415745588, 4365196415745588, 4365196281527860, 4366295793155636]
[8868798190624308, 8868798190623796, 8868798190623796, 8868798190623796, 8868798190623796, 8868798190623796, 8868797653752884, 8868797653752884, 8868797653752852, 8868797653752848, 17875996908493840, 17875996908493840, 17875996908493840, 17875996908493840, 17875996908493840, 17875996908493840, 17875996908493840, 17875996908493840, 17875996908493840, 17875996942048272]
[8868798190624308, 17875997445365300, 17875997445365300, 17875997445365300, 17875997445365300, 17875997445365300, 17875997445365300, 17875997445365300, 17875997445365300, 17875997445365300, 17875997445365300, 17875997445365300, 17873798422109748, 17873798422109750, 17873798422109750, 17873798422109750, 17873798422109750, 17873798422109750, 17873798421585462, 17873798421585462, 17873798421585462, 17873798421585462, 17873798421585462, 17873798421585462, 17873798421585462, 17873798153150006, 17873798153150006, 17873798153149494]
[8868798190624308, 8868798190624308, 8868798190624308, 8868798190624308, 8868798190624308, 8868798190624308, 8868798190624308, 8886390376668724, 8886390376668724, 8886390376668724, 8886390376668724, 8886665254575668, 8886665254575668, 8886665254575668, 8886665254575668, 8886665254575668, 8886665254575668, 8886665254575732, 8886665254575732, 8886665254583924, 8891063301095028, 8891063032659572]
[8868798190624308, 8868798190624308, 8868798190624310, 8868798190624310, 8868798190624310, 8868798190624310, 8868798190624310, 8868798190624310, 8868798190624310, 8868798190624310, 8868798190624310, 8868798190624310, 8868798190624310, 8868798190624310, 8868798190624566, 8868798190624566, 8868797922189110, 8868797922189110, 8868797922189110, 8868797922189110, 8868797922189110, 8868797922189110, 8868797922189110, 8868797922320182, 8886390108364598, 8886390108364598, 8886390108364598, 8886390108364598, 8886390108364598, 8886390108364598, 8886390108364598, 8886390108364598, 8886390108364598, 8886390108364598, 8886390108364598, 8886390108364598, 8886390108364598, 8886390108364598, 8886390108364598, 8886390108364598, 8886390108364598, 8886390108364598, 8886390108364598, 8886389571493686]
[8868797653753396, 8868797653753396, 8868797653753396, 8868797653753396, 8868797653753396, 8868797653753396, 8868797653752884, 8868797653752884, 8868797653752884, 8868797653752884, 8868797653752884, 8868797653752884, 17875996908493876, 17875996908493876, 17875996908493876, 17875996907969588, 17875996907969588, 17875996907969588, 17875996907969588, 17876134346923060, 17876134346923060, 17876134346923060, 17876134346923060, 17876134346923060, 17876134346923060, 17876134346923060, 17876134212705332]
[8868798190624308, 8939166934801972, 8939166934801972, 8939166934801972, 8939166800584244, 8939166800592436, 8939166800592436, 8939166792203828, 8939166792203828, 8939166926421556, 8939166926421556, 8939166926421558, 8939166926421558, 8939164778937910, 8939164778937910, 8956756964982326]
[8868798190624308, 8868798190624308, 8868798190624308, 8868798190624308, 8868798190624310, 8868798190624310, 8868798190624310, 8868798190624310, 8868798190624310, 8868798190624310, 8868797922188854, 8868797922188854, 8868797922188854, 8868797922188854, 8868797922188918, 8868797922188918, 8868797922188918, 8868797922197110, 8868797922197110, 8868797922197110, 8868797922197110, 8868797922197110, 17875997176938102, 17875997176938102, 17875997176413814]
[8868798190624308, 8868796043140660, 8868796043140660, 8868796043140660, 8868796043140660, 8868796043140660, 8868796043140660, 8868796043140660, 8868796043140660, 8868796043140660, 8868796043140660, 8868796043140660, 8868796043140660, 8868796043140660, 8868796043140660, 8868796043140660, 8868796043140660, 8868796043206196, 8868796043206164, 8868796043206420, 8868796043206420, 8868796043206420, 8868796043206420, 8868796043206420, 8869895554834196, 8869895554834196, 8869895554834196, 8869895554834196, 8869895554834196, 8869895554834196, 8869895554834196, 8869895554834196, 8869895554834196, 8869895554834196, 8869895554834196, 8869895554834196, 8869895554834196, 8869895554834196, 8869895554842388]
[8868798190624308, 8868798190624308, 8868798190624308, 8868798190624308, 8868796043140660, 8868796043140660, 8868796043140660, 8868796043140724, 8868796043140724, 8868796043140724, 8868796043140724, 8868796043140724, 8868933482094196, 8868933482094196, 8868933482094196, 8868933482094196, 8869483237908084, 8869483237908084, 8869483237908084, 8869483237908084, 8869483237908084, 8869483237908084, 8869483237908084, 8869483237908084, 8869483237908340, 8869483237908340, 8869483237908340, 8869483237908340, 8869483237908340, 8869483103690612]
[8868798190689844, 8868798190689844, 8868798190689844, 8868798190689844, 8868798190689844, 8873196237200948, 8873196237200948, 8873196237200948, 8873196237200948, 8873196237200948, 8873196237200948, 8873196237200948, 8873195700330036, 8873195700330036, 8873195700330036, 8873195700330036, 8943564444507700, 8943564444507700, 8943564444507700, 8943564444515892, 8943564444515894]
[8868798190624308, 8868798190624308, 8868798190624308, 8868935629577780, 8868935629577780, 8868935629577780, 8868935629577780, 8868935629577780, 8868935629577748, 8868935633772052, 8868935633772052, 8868935633772052, 8870035145399828, 8870035145399828, 8870035145400084, 8870035145400084, 8870035145400084, 8870035145400148]
[8868798190624308, 8868798190624308, 8868798190624308, 8868798190624308, 8868798056406580, 8868798056406580, 8868798056406580, 8868798056406580, 8868798056406580, 8868798056406580, 8868798056406580, 8868798056406580, 8868798056406580, 8868798056406580, 8868798056406580, 8868798056406580, 8868729336929844, 8868729336929844, 8868729336929844, 8868729336929844, 8868729336929844, 17875928591670836, 17875928591670836, 17875928591670836, 17875928591670836, 17875928591670836, 17875928591670836, 17875928591670836, 17875928591670836, 17875928591736372, 17875928591736372, 17875924296769076, 17875924296769076, 17875924296736308]
[8868798190624308, 8868798190624308, 8868798190624308, 8868798190624308, 8868798190624308, 8868798190624308, 8868798190624276, 8868798190624276, 8868798190624276, 8868798190624276, 8868798190624276, 8868798190591508, 8868798190591508, 8868798190591508, 8868798190591508, 8868798190591508, 8868798190591508, 8868798190591508, 8868798190591492, 8868798190591492, 8873196237102596, 8874295748730372, 8874295748730388, 8891887934774804, 8891887934774804, 8891887934774804, 8891887934774804, 8962256678952468]
[8868798190624308, 8868798190624308, 8868798190624308, 8868798190624308, 8868797922188852, 8868797922188852, 8868797922188852, 8868797922188852, 8868797922188852, 8868797922188852, 8868797922188852, 8868797922188852, 8868797922188852, 8868797922188852, 8868797922188854, 8873195968699958, 8873195968699958, 8873195968699958, 8873470846606902, 8873470846606902, 8873470846606902, 8873470846672438, 8873470846672438, 8873470846672438, 8873470846672438, 8873470846672438, 8873470846672438, 8873470846672438, 8873470846672438, 8873470846672438, 8873470846672438, 8873470846672502]
[8868798190624308, 8868798190624372, 8868798190624374, 8868798190624374, 8868798190689910, 8868798190689878, 8873196237200982, 8873196237200982, 8873196237200982, 8873196237201238]
[8868798190624308, 8868798190624308, 8868798190624308, 8868798190624308, 8868798182235700, 8868798182235700, 8868798182235700, 8868798182235700, 8868798182202932, 8868798182202932, 8868798182202932, 8869897693830708, 8869897693830708, 8869897693830708, 8869897693961780, 8869897693961780, 8869897693961776, 8869897693961776, 8869897693961776, 8940266438139440]
[8728060702268980, 8728058554785332, 8728058554785332, 8728058554785332, 8728058554785332, 8728195993738804, 8728195993738804, 8728195993738806, 8728195993738806, 8728195859521078, 8728195859521078, 8728195859521078, 8729295371148854]
[8868798190624308, 8868798190624308, 8868797922188852, 8868797922188852, 8868797922188836, 8868797922188838, 8868797922188838, 8868797922188838, 8868797922188838, 8868797922188902, 8868797922188902, 8868797922188902, 8868797922188902, 8886390108233318, 8886390108233318, 8884191084977766]
[8868798190624308, 8868798190624308, 17875997445365300, 17875997445365300, 17875997445365300, 17875997445365300, 17875997445365300, 17875997445365300, 17875997445365300, 17875997445365300, 17875997445365300, 17875997445365300, 17875997445365300, 17875997445365300, 17875997445365300, 17875997445365300, 17875997445365300, 17875997311147572, 17875997311147572, 17875997311147572, 17875997311147572, 17877096822775348, 17877096822775348, 17877096822775348, 17877096822775348, 17877096822775348, 17877096822775348, 17877096822775348, 17877096822775348, 17877096822775348, 17877096822775348, 17877096822775348, 17877096822775348, 17877096822775348, 17877096822775348, 17877096822775348, 17877096822775348, 17877096822775348, 17877096822775348, 17877096822775348, 17877096822775348, 17877096822775348, 17877096822775348, 17877096822775348, 17877096822775350, 17877096822840886, 17877096822840886, 17877096822840886, 17877096822840886, 17877028103364150]
[8868798190624308, 8868798190624308, 8868798190624308, 8868798190624308, 8868798190624308, 8868798056406580, 8868798056406548, 8868798056406548, 8877594149428756, 8947962893606420, 8947962893606420, 8947962893606420, 8947962893606420, 8947962893606420, 8948237771513364, 8948237771513364, 8948237771644436]
[8868798056406580, 8868798056406580, 8868798056406580, 8877594149428788, 8877594149428788, 8877731588382260, 8877731588382260, 8877731588382260, 8877731588382260, 8877731588382260, 8877731588382260, 8877731588382260, 8877731588382260, 8877731588382260, 8877731588513332, 8877731588578868, 8877731588578868, 8877731588578868, 8877731588578868, 8877731588578868, 8877731588578868, 8877727293611572]
[8868798190624308, 17875997445365300, 17875997445365300, 17875997445365300, 17875997445365300, 17875997445365300, 17875997445365300, 17946366189542964, 17946366189542964, 17946366189542964, 17946366189542964, 17946366189542964, 17946366189674036, 17946366189674036, 17946366189674036, 17946366189674036, 17946366189674036, 17946364042190388, 17946364042190388, 17946364042190356, 17946364042190356, 17946364042190356, 17946364042190356, 17946364042190356, 17946364042190356, 17946364042190356, 17946364042190356, 17946364042190356, 17946364042190356, 17946364042190356, 17946364042190356, 17946364042190356, 17946364041666068]
[8868798190624308, 8868798190624308, 8868798190624308, 8868797116882484, 8868797116898868, 8868934555852340, 8868934555852340, 8868934555852340, 8868934555852340, 8868934555852340, 8868934555860532, 8868934555860532, 8868934555860532, 8868934555860532, 8868934555860020, 8868934555860020, 8868934555860020, 8868934555860020, 8868934555860020, 8868934555860020, 8868934555860020, 8868934555860020, 8868934555860020, 8868934555860020, 8868934555860020, 8868934555860020, 8868934555860020, 8868934555860020, 8868934555860020, 8868934555860020, 8868934555860020, 8868934555860020, 8868934555860020, 8868934555860020, 8868934555860020, 8868934555860020, 8868934555860020, 8868934555860020, 8868934555860020, 8868934555860020, 8868934555860020, 8868934555860020, 8868934555860020, 8868934555859988]
[8868798056406580, 8868798056406580, 8868798056406580, 8868798056406580, 8868798056537652, 8868798056537652, 8868798056537652, 8868798056537716, 8868798056537716, 8868798056537716, 8868798056504948, 8868798056504948, 8868798056504948, 8868798056504948, 8868798056504948, 8868798056504948, 8868798056504948, 8868798056504948, 8868798056504948, 8868798056504948, 8868798056504948, 8868798056504944, 8868798056504944, 8868798056570480]
[8868798190624308, 8868798190624310, 8868798190624310, 8868798190624310, 8868798190624310, 8868798190624310, 8868798190624310, 17875997445365302, 17875997445365302, 17735259957009974, 17735259956485686, 17735259956485686, 17735259956485686, 17735259956485686, 17735259956485686, 17735259956485686, 17735259956485686, 17735259956485686, 17735259956485686, 17735259956485686, 17735259956485686, 17735259956485686, 17735259956485686, 17735259956551222, 17735191237074486]
[8873196237135412, 8873196237135412, 8873196237135412, 8873196237135412, 8873196237135412, 17880395491876404, 17880395491876404, 17880395491876404, 17880395491876404, 17897987677920820, 17897987677920820, 17897987677920820, 17897987677920820, 17897987677920820, 17897987677920822, 17897987677920822, 17897987677920822, 17897987677920822, 17897987677929014, 17897987677929014, 17897987677929014, 17897987677994550]
[8868798190624308, 8868798190624308, 8868798190624308, 8868798190624308, 17875997445365300, 17875997445365300, 17875997445365300, 17875997445365300, 17875997445365300, 17875997445365300, 17875997445365300, 17875997445365300, 17875997445365300, 17875997445365300, 17875997445365300, 17875997445365300, 17875997445365268, 17875997445365268, 17875997445365268, 17875997445364756, 17875997445364756, 17875997445364756, 17875997445364756, 17875997445364756, 17875997445364756, 17875997445364756, 17875997445364756, 17875997445364756, 17875997445364756, 17875997445364756, 17875997445364756, 17875997445364756, 17875997445364756, 17875997445364756, 17875997445364756, 17875997445364756, 17875997445364756, 17875997445364756, 17875997445364756, 17875997445364756, 17875997445364756, 17875997445364756, 17875997445364756, 17875997445364756, 13372397817994260, 13372397817994260, 13372397817994260, 13372397817994260, 13372397818125332, 13372397818125332, 13372397818125332, 13372397818125334]
[8868798190624308, 8868798190624310, 8868798190624310, 8868798190624310, 8868798190624310, 8868798190624310, 8868798190624310, 8868798190624310, 8868798190624310, 8868798190624310, 8868798190624310, 8868798190624310, 8868797922188854, 8868797922188854, 8868797922188854, 8868797922188918, 8868797922188918, 8868797922188918, 8868797922188918, 8873195968700022, 8873195968700022, 8873195968700022, 8873195968708214, 8873195968708214, 8873195968708198]
[8868797922188852, 8868797922188852, 8868797922188852, 8868797922188852, 8868797922189108, 8868797922254644, 8868797922254612, 8868797922254612, 8868797922254612, 8868797922254612, 8868797855145748, 8868797855145748, 8868797855145748, 8868797855145748, 8868797855145750]
[8868798190624308, 8868798190624308, 8868798190624308, 8868798190624308, 8868798190624308, 8868798190624308, 8868798190624308, 8868798190624308, 8868798190624308, 8868798190624308, 8868798190624310, 8868798190624310, 8868935629577782, 8868935629577782, 8868935629577782, 8868935629577782, 8868935629577782, 8868935562468918, 8868935562468918, 8868935562468918, 8868935562468918, 8868935562468918, 8868935562468918, 8868935562468918, 8868933414985270, 8868933414985270, 8868933414985270, 8868933146549814, 8868933146549814, 8868933146549814, 8868933146549814, 8886525332594230]
[8868798056406580, 8868798056406068, 8868729336929332, 8868866775882804, 8868866775883060, 8868866775883060, 8868866775883060, 8868866775883060, 8868866775883060, 8868866775883060, 8868866775883060, 8868866775883060, 8868866775883060, 8868866775883060, 8868866775883124]
[8868798190624308, 8868798190624308, 8868798190624308, 8868796043140660, 8868796043107892, 8868796043107892, 8868796043107892, 8868795908890164, 17875995163631156, 17875995163631156, 17875995163631156, 17880393210142260, 17880393210142260, 17880393210142260, 17880393210142260, 17880393210142256]
[8868798190624308, 8868798190624308, 8868798190624308, 8939166934801972, 8939166934801972, 8939166934801972, 8939166934801972, 8939166867693108, 8939166867693108, 8939166867693108, 8939166867693108, 8939166867693108, 8939166867693108, 8939166867693108, 8939166599257652, 8939166599257652, 8939166599257652, 8939166599257652, 8939166599257652, 8939164451774004, 8939164451774004, 8939164451774068, 8868795707596404, 8866596684340852, 8866734123294324]
[8939166934801972, 8939166934801972, 17946366189542964, 17946366189542964, 17946366189542964, 17946366189542964, 17946366189542964, 17946366189018676, 15694566375333428, 15694566375333428, 15694566375333428, 15694566375333428, 15694566375333428, 15694566375333428, 15694566375333428, 15694566375333428, 15698964421844532, 15698964421844532, 15698964287626804]
[8868935629577780, 8868935629577780, 8868935629577780, 8868935629577780, 8868935629577780, 8868935361142324, 8868935361142324, 8868935361142324, 8868935361142324, 8886527547186740, 8745790058831412, 8745790058831412, 8745790058831412, 8745790058962484, 8745790058962484, 8745790058962484, 8745790058962484, 8745790063156788]
[8868798190624308, 8868798190632500, 8868798190632502, 8868798190632502, 8868798190632502, 8868798190632502, 8868798190632566, 8873196237143670, 8873196237143670, 8873196237143670, 8873196237143670, 8873196237143638, 8873196237143638, 8943564981321302]
[8868798190624308, 8868798190624308, 8886390376668724, 8886390376668724, 8886390376668724, 8886390376668724, 8886390376668724, 8886390376668724, 8886390376685108, 8886390376668724, 8886390376668724, 8886390376668724, 8956759120846388, 8956759120846388, 8956759120846388, 8956759120846388, 8956759120846388, 8956759120846388, 8956759125040692, 8961157171551796, 8961157171551796, 8961157171551796, 8961157171551796, 8961294610505268, 8961294610505268, 8961294610505268, 8961294610505268, 8961294610505268, 8961294610570804]
[8868798190624308, 8868798190624308, 8868798190624276, 8868798190624276, 8868798190624276, 8868798190624276, 8868798190624340, 8868798190624340, 8868798056406612, 8868798056406612, 8868798056406612, 8868798056406612, 8873196102917716, 8873196102917716, 8873196102917716, 8873196102917716, 8873196102917716, 8873196102917716, 8873196102917716, 8873127383440980, 8873127383440980, 8873127387635284]
[8868798190624308, 8868798190624308, 8868798190591540, 8868798190591508, 8868798190591508, 8868798190591508, 8868798190591508, 8868798190591508, 8868798190591508, 8868798190591510, 8868798190591510, 8868798190591574, 8868798190591574, 8868798190591574, 8868798190591574, 8868798190591574, 8886390376635990, 8886390376635990, 8886390376635990, 8886390376635990, 8886390376635990, 8890788423147094]
[8868798190624308, 8868798190624308, 8868798190624308, 8868798190624308, 8873196237135412, 8873196170026548, 8873196170026548, 8873196170026548, 8873196170026548, 8870997146770996, 8870997012553268, 8870997012553268, 8870997012553268, 8870997004164660, 8870997004164660, 17878196258905652]
[8868798190624308, 8868798190624308, 8868798190624308, 8868798190624308, 8868798190632500, 8868798190632500, 8868798190632500, 8868798194826804, 8868798194826804, 8868798194826804, 8868798194826804, 8868798194826804, 8868798194826292, 8728060706470964, 8728060706471220, 8728060706471220, 8728060706471220, 8728060706471220, 8165110753049908]
[8868798182235700, 8868798182235700, 8868798182235700, 8868798182235700, 8868798182235700, 8868798182235764, 8868798182235764, 8868798182235764, 8868798182235764, 8868798182235764, 8868798182235764, 8868798182235764, 8868798182235764, 8868798182235764, 8868798182235764, 8868798182235764, 8868798182235764, 8939166926413428, 8939166926413428, 8939166792195700, 8956758978240116, 8956758978240116, 8956758978240116, 8956758978240116, 8939166792195700, 8939166792195700, 8939166792195700, 8939166792195700, 8939166792195700, 8939166792195700, 8939166792195700, 8940266303823476, 8938067280567924]
[8868798190624308, 8868798056406580, 8868798056406580, 8868798056406580, 8868798056406644, 8868798056406900, 8868798056406900, 8868798056406900, 8868798056406900, 8868798056406900, 8868798048018292, 8873196094529396, 8873196094529396, 8873196094529396, 8873196094529396, 8873196094529396, 8732458606174068]
[8868798190624308, 8868797922188852, 8868935361142324, 8868935361142324, 8868935361142580, 8868935361142580, 8728197872787252, 8728197872787252, 8728197872787220, 8728197872787220, 8728197872787220, 8732595919298324]
[8868798190624308, 8868798190624308, 8868798190624308, 8868798190624308, 8868798190624308, 8868798190624308, 8868798056406580, 8868798056406580, 8868798056406580, 8868798056406580, 17875997311147572, 17875997311147572, 17875997311147572, 17875997311147572, 17875997311147572, 17875997311147572, 17875997311147572, 17875997311147572, 17875997311147572, 17875997311147572, 17875997311147572, 17875997311147572, 17893589497191988, 17893589497191988, 17893589497191988, 17897987543703092, 17906783636725300, 17906783636725300, 17906783636725300, 17906783636725300, 17906783636725300, 17766046148369972]
[8868798190624308, 8873196237135412, 8873196237135412, 8873127517658676, 8874227029286452, 8874227029286452, 8874227029286452, 8874224881802804, 8874224881802804, 8874224881802804, 8874224881802804, 8874224881819188, 8874224881950260]
[8868798190623796, 8868798123514932, 8868798123514932, 8868798123514932, 8868798123646004, 8868798123646516, 8868797989428788, 8868935428382260, 8868935428382262, 8868935428382262, 8868935428382262, 8868935428382262, 8868935428382262, 8939304172559926]
[8868798190624308, 8868798190624308, 8868798190624308, 8868798190624308, 8868798190624308, 8868798190624308, 8868798190624308, 8868798190689844, 8868797922254388, 8868797922254388, 8868797922254388, 8868797922254356, 8868797922254356, 8868797922254356, 8868797922254356, 8868797922221588, 8868797922221588, 8868797922221588, 8868797922221588, 8868797922221588, 8868797922221588, 8868797922221590, 8868797922221590, 8868797922221590, 8868797922221590, 8868797922221590, 8868797922221590, 8868797922221590, 8868797922221590, 8868797922221590, 8868797922221590, 8868797922221590, 8868797922221586]
[8868798190624308, 8868798190624308, 8868797922188852, 8868797922188980, 8868797922188468, 8868797922188468, 8728060433833140, 8728060433833140, 8728060433833140, 8729159945460916, 8729159937072308]
[8868798190624308, 8868798190624308, 8868798190624308, 8868798190624308, 8868798190624310, 8868798190624310, 17875997445365302, 17875997445365302, 17875997445365302, 17875997445365302, 17875997445365302, 17875997445365558, 17880395491876662, 17880395491876662, 17880395491876662, 17880395491876662, 17880395491876662, 17880395491352374, 17880395491352374, 17880395491352374, 17880395491352374, 17880395491352374, 17880395491352374, 17880395491352374, 17880395491352374, 17880395491352374, 17880395491352374, 17739658002997046]
[8728060702268980, 8728060702269236, 8728060702269236, 8868798190624564, 8868798190624564, 8868798190624564, 8868798190624564, 8868798190624564, 8868798190624564, 8868798190624564, 8868798190624564, 8869897702252340, 8869897702252340, 8869897165381428, 8869897165381428, 8869897165381428, 8869897165381428, 8869897165381428, 8869897165381428, 8869897165381428, 8869897165381428, 8869897165348660, 8869828445871924, 8869828445871924, 8869828445871924, 8869828445871924, 8869828445871924, 8869828445871924, 8869828445871924, 8869828445871924, 8869828445871924, 8869828445871668, 8869828445871668, 8869828445871668, 8867629422616116, 8867629422616116, 8867629422616116, 8867629422616116, 8867629422616116, 8867629422616116, 8867629422616116, 8867629422616116, 8867629422616116, 17874828677357108]
[8868798190624308, 8866599167368756, 8866599167368756, 8866599167368756, 8866599167368756, 8866599167368756, 8866599158980148, 8866599158980148, 8866599158980148, 8866599158980148, 8866599158980148, 8866599158980148, 8725861670624820, 8725861670624820, 8725861670624822, 8725861670624822, 8725861670624822, 8725861670624822, 8725861670624822, 8725861674819126, 8725861674819126, 8725861674819126, 8725861674818614]
[8868798190624308, 8868798190624308, 8868798190624308, 8939166934801972, 8939166397931060, 8939166397931060, 8939166397931316, 8939166397931316, 8939166397931316, 8939166397931316, 8939166397931316, 8939166397931316, 8939166397931316, 8939166397931316, 8939166397996852, 8939166398005044, 8939166398005044, 8939166398005044, 8939166398005044, 8939166398005044, 8939166398005044, 8939166398005044, 8939166398005044, 8939166398005044, 8939166397972276]
[8868798190624308, 8868798190624308, 8877594283646516, 8877594283646516, 8877594283646516, 8877594283646516, 8877594283646516, 8877594283646516, 8877594283646516, 8877594283646516, 8877594283646516, 8877594283646516, 8877594283646516, 8877594283646516, 8877594283646516, 8877594283646516, 8877594283646516, 8877594283646516, 8877594283646516, 8877594283646516, 8877594283646516, 8877594283646516, 8877594283646516, 8877594283646516, 8877594283646516, 17884793538387508, 17884793538387508, 17884793538387572, 17884793538387572, 17744056050032244, 17744056050032244, 17744056050032500, 17744056050032500, 17744056050032436, 17744056050032436, 17735259957010228, 17735259957010228, 17735259957010228, 17735259956977460, 17735259956977460, 17735259956977460, 17735259956977460, 17735259956977460, 17735259956977460, 17735259956977460, 17735259956977460, 17735259956453172, 17735259956453172, 17735259956453172, 17735259956453172, 17735259956453172, 17735259956453172, 17735259956453172, 17735259956518708]
[8868798190624308, 8868798190624308, 8868798190624308, 8868798190624308, 8868796043140660, 8868796043140660, 8868796043140660, 8868796043140660, 8868796043140660, 8868796043140660, 8868796043140660, 8868796043140660, 8868796043271732, 8868796043238964, 8868795774803508, 8868795774803508, 8868795774803508, 8868795774803508, 8868795774803508, 8868795778997812, 8868795778997812, 8868795644780084]
[8868798190624308, 8868798190624308, 8868798190624308, 8868798190624308, 8868798190624308, 8939166934801972, 8939166934801972, 8939166934801972, 8939166934801974, 8939304373755446, 8939304373755446, 8939304373755446, 8939304373755702, 8939304373755702, 8939304373755702, 8939304373755702, 8939304373763894, 8939304373759798]
[17875997445365300, 17946366189542964, 17946366189542966, 17946366189542966, 17946366189542966, 17946366189542966, 17946364042059318, 17946364042059318, 17946364042059318, 17950762088570422, 17950762088570422, 17950762088570422, 17950762088570422, 17950762088570422, 17950762088570422, 17950762088570422, 17950762088570422, 17948563065314870]
[8868798190624308, 8868798190624308, 8868798190624308, 8868798190624308, 8868798190624308, 8868798190624308, 8868798190624308, 8868798190624308, 8868798190624310, 8868798056406582, 8868797787971126, 8868797787971126, 8868797787971126, 8868797787971126, 8868797787971126, 8868797787971126, 8868797787971126, 8868797787971126, 8868797787971126, 8868797787971094, 8868797787971094, 8939166532148758, 8939166532148758, 8939166532148758, 8939166532148758, 8939166532148758, 8939166532148758, 8939166532148758, 8939166532148758, 8939166532148758, 8939166532148758, 8939166532148758, 8939166532148758, 8939166532148742]
[8868798190624308, 8868798190624308, 8868798190624308, 8868798056406580, 8868798056406580, 8868798056406580, 8868798056373812, 8868798056373812, 8868798056373812, 8868798056373812, 8868798056373812, 8868798056373812, 8868798056373812, 8868798056373812, 8868798056373812, 8868798056373812, 8868798056373812, 8868798056373812, 8869347812187700, 8869347812187700, 8886939998232116, 8886939998232372, 8886390242418484, 8886390242418484, 8886390242418484, 8886390242418484, 8886390242418484, 8886527681371956, 8886527681371956, 8886527681371956, 8890925727883060]
[8868798224178740, 8868798224178740, 8868798224178740, 8868798224178740, 8873196270689844, 8873196270689844, 8873196270689844, 17880395525430836, 17880395525430836, 17897987711475252, 17899087223103028, 17899087223103028, 17899087223103028, 17899087223103028, 17899087223103028, 17899087223103028, 17899087223103028, 17899087223103028, 17899087223103028, 17899087223103028, 17899087223119412]
[17875997445365300, 17875997445365300, 17875997445365364, 17875997445365364, 17875997445365332, 17875997445365332, 17875997445365332, 17875997445365332, 13372397817994836, 13372397817994836, 13372397817994836, 13372397817994836, 13372397817994836, 13372535256948308, 13372535256948308, 13372535256948308, 13372535256948308, 13372535256948308, 13372535256948308, 13372535256948308, 13372535256948308, 13372535256948308, 13372535256948308, 13372535256948308, 13372535256948308, 13390127442992724]
[8868798190624308, 8868798190624308, 8868798190624564, 8868798190624564, 8868798190624564, 8868798190624564, 8868798190624564, 8868798190640948, 8868798190640948, 8886390376685364, 8886390376685364, 8886390376685364, 8886390376685364, 8886390376685364, 8886390376685364, 8886390376685364, 8886390376685364, 8886390376685364, 8886390376685364, 8886390376685364, 8886390376685364, 8886390376685364, 8886390376685364, 8886390376685364, 8886390376685364, 8886390376685366, 8886390376685366, 8886390376685366, 8886390376685366, 8886390376685366, 8886390368296758, 8886390368296758, 8956759112474422]
[8868798190624308, 8868798190624308, 8868798190624308, 8868798190624308, 8868796043140660, 8868796043140660, 8868796043140660, 8868795908922932, 8868795908922932, 8868795908922996, 8868795908922996, 8868795908922996, 8868795908922996, 8868795908922996, 8868795908922996, 8868795908922996, 8868795908922996, 8868795908922996, 8868795908922996, 8869345664736884, 8869345664745076, 8869345664745076, 8869345664745076, 8869345664745076, 8869345664745076, 8869345664745076, 8869345664745076, 8869345664745076, 8869345664745076, 8869345664745076, 8869345664745076, 8869345664745076, 8869345664745076, 8869345664745076, 8869345664745076, 8869345664745076, 8869345664745078]
[8868798190624308, 8868935629577780, 8868935629577780, 8868935629577780, 8868935629577780, 8868935629577780, 8868935361142324, 8868935361142324, 8868935361142324, 8868935361142324, 8868935361142324, 8868935361142324, 8868935361142326, 8868935361142326, 8868935361142326, 8868935361273398, 8868935361273398, 8868935361273398, 8868935361273398, 8868935361273398, 8868935361273398, 8868935361273398, 8728197872918070, 8728197872918070, 8728197336047158]
[8868798190624308, 8868798190624308, 8868798190624308, 8868798190624308, 8868798190624308, 8868798190632500, 8868798190632500, 8868798190599732, 8868798190599732, 8868798190599732, 8868798190599733, 8939166934777397, 8939166934777397, 4435567307406901, 4435567307406901, 4435567307406901, 4435567307406901, 4435567307406901, 4435567307406901, 4435567307406901, 4435567307406901, 4435567307406901, 4435567307406901, 4435567307406901, 4435567307472437]
[8869897702252084, 8869897702252084, 8887489888296500, 8887489888296500, 8887489888296500, 8887489888296500, 8957858632474164, 8957858632474164, 8957858632474132, 8957858632474133, 8957858632474133, 8957858632474133, 8957858632474133, 8957858632474133, 8957858632474133, 8957858632474133, 8957858632474133, 8957858632474133, 8957858632474133, 8957858632474133, 8957857558732309]
[8868798190624308, 8868798190624276, 8868798190624276, 8868798194818580, 8868798194818580, 8869897706446356, 8869897706454548, 8868798194826772, 8868798194826772, 8868798194826772, 8868798194826772, 8868798194826774, 8868798194826774, 8869897706454550, 8869897169583638]
[8868798190623796, 8868798190623796, 8868798190623796, 8868798190623798, 8868798190623798, 8868798190623798, 8868798190623798, 8868935629577270, 8868935629577270, 8868935629577270, 8868935629577270, 8868935629577270, 8868935629577270, 8868935629577270, 8868935629577270, 8868935629577270, 8868935629577270, 8868935629577270, 8868935629577270, 8868935629577270, 8868935629577270, 8868935629577270, 8868935629577270, 8868935629577270, 8868935629577270, 8868935629577270, 8868935361141814, 8868935361141814, 8868935361141814, 8868935361141814, 8868935361141814, 8868935361141814, 8868935361141814, 8868933213658166, 8868933213658166, 8868933213658166, 8868933213658166, 8868933213658166, 8868933213658166, 8868933213658166, 8868933213658134]
[8868798190689844, 8868798190689844, 8868798190689844, 8868798190689844, 8868798190689844, 8868798190689844, 8868798190689844, 8868798190689844, 8868798190689844, 8868729471213108, 8868729471213108, 8868729471213108, 8873127517724212, 8873127517724212, 8873127517723700, 8873127517723700, 8873127517723700, 8873127517723956, 8873127517723956, 8873264956677428]
[8868798190624308, 8868798190624308, 8868798190624308, 8868798190624308, 8868798190624308, 8868798190624308, 8868798190624308, 8868798190624308, 8868798190624308, 8868798190624308, 8868798190624308, 8868798190624308, 8868798190755380, 8868798190755444, 4365198563384948, 4365198563450484, 4365194268483188, 4365194268483188, 4365194268483188, 4365194134265460]
[8868798190624308, 8868798056406580, 8868798056406580, 8868798056406580, 8868798056406582, 8868798056406582, 8868798056406582, 8868798056406582, 17875997311147574, 17875997311147574, 17893589497191990, 17893589497191990, 17752852008836662, 17761648101858870]
[8868798190624308, 8868798190624308, 8868798190624564, 8868798190624564, 8868798190624564, 8868798190624564, 8868798190624564, 8868798190624564, 8868798190624564, 8868798190624564, 8868798190624564, 8868798190624565, 8868798190624565, 17875997445365557, 17875997445365557, 17875995297881909, 17875997445365557, 17875997445365557, 17875997445365557, 17875997445365557, 17875997445365557, 15624197631680309, 15624197631680309, 15624197631680309, 15624197631680309, 15624197631680309, 15624197631680309, 15624197631680309, 15624197631680309, 15624197631680309, 15624197631745845, 15624197631745845, 15624128912269109]
[8868798123515444, 8868798123515444, 8868798123515444, 8868798123515444, 8868798123515444, 8868798123515444, 8868798123515444, 8868798123515508, 8868798123515508, 8868798123515508, 8868798123515508, 8868798123515508, 8868798123515508, 8868795976031860, 8868795976031860, 8868795976031860, 8868795976031860, 8868795976031860, 8868795976031860, 8868795976162932, 8868795976162932, 8868795976162932, 8868795976162932, 8868795976162932, 8868795976162932, 8868795976162932, 8868795976162932, 8939164720340596, 8939164720340596, 8939164720340596, 8939164720340596, 8939164720340596, 8939164720340564]
[4365198563253812, 4365198563253812, 4365181383384628, 4365181383384596, 4365181374995988, 4382773561040404, 4382773561039892]
[8868798190624308, 8868798190624308, 8868798190624308, 8868798190624308, 8868798190624308, 8868798190623796, 8868798190623796, 8868798190623796, 8868798190623796, 8868798190624052, 8868798190624052, 8868798190624052, 8868798190624052, 8868798190624052, 8868798190624052, 8868798190624052, 8868798190624052, 8868798190624052, 8868798190624052, 8868798190624052, 8868798190624052, 8868798190624052, 8868798190624054, 8868798190624054, 8868798190624054, 8728060702268726, 8728060702268726, 8728060702268726, 8728060702268726, 8728060702268726, 8728060702268726, 8728060702268726, 8728060702268726, 8728060702268726, 8728060702268726, 8728060702268726, 8728060702268726, 8725861679013174, 8725861410577718]
[8868798190624308, 8868798190624308, 8868798190624308, 8868798190624308, 8868798190624308, 8868798190624308, 8868798190624372, 8868798190689908, 8868798190689908, 8868798190689908, 8868798190689908, 8868798190689908, 8868798190689908, 8868798190689908, 8939166934867572, 8939166934867572, 8939166934867572, 8939166934867572, 8939166934867572, 8939166934867572, 8939166934867572, 8939166934867572, 8940266446495348, 8940266446495348, 8940266446495348, 8940266446495348, 8940266446495348, 8940266446495348, 8940266446495348, 8940266446495348, 8940266446495348, 8940266446462580, 8940266446462580, 8940266446462580, 8940266446462580, 8940266446462580, 8940266446462580, 8940266446478964]
[8868798190624308, 8868798190624308, 8868798190624310, 8868798190624310, 8868798190624310, 8868796043140662, 8868796043140662, 8868796043140726, 8868796043140726, 8868796043140726, 8868796043140726, 8868796043140726, 8868796043107958, 8868796043107958, 8868796043107958, 8868796043107958, 8868796043107958, 8868796043107958, 8868796043107958, 8868795506237046, 8868795506237046, 8868795506237046, 8886387692281462]
[8868798190624308, 8868798190624308, 8868798190624308, 8868798190624308, 8868798190624308, 8868798190624308, 8868798190624308, 8868798190624308, 8868798190624308, 8868798190624564, 8868798190624564, 8868798190624628, 8868798190624628, 8868798190632820, 8868798190600052, 8868798190599796, 8868798190599796, 8868798190599796, 8868798190599796, 8868798190599796, 8939166934777460, 8939166800559732, 8939166800559732, 8939166800559732, 8943564847070836]
[8868798190624308, 8868798190624308, 8868798190689844, 8868798190689844, 8587323213979188, 8587323079761460, 8587323079761460, 8587323079761460, 8587323079761460, 8604915265805876, 8604915265805876, 8604915265805876, 8604915265805876, 8604915265805876, 8604915265805876, 8604915265805876, 8604915265805876, 8606014777433652, 8605946057956916]
[8868798056406580, 8868798056406580, 8868798056406580, 8868798056406580, 8868798056373812, 8868798056373812, 8868798056373812, 8868798056373812, 8866599033118260, 8901783405207092, 8906181451718196, 8923773637762612]
[8868798190624310, 8868763830885942, 8868763830885942, 8868763830885942, 17875963085626934, 17875963085626934, 17875963085626918, 17875963085626918, 13372363458256422, 13372363458256422, 13372363458256390]
[8868798190624308, 8868798190624308, 8868798190624308, 8868798190755380, 8868798190755380, 8868798190755380, 8868798190755348, 8868798190755348, 8868798190755348, 17875997445496340, 17875997445496340, 17875997445496340, 17875997445496340, 17875997445496340, 17875997445496340, 17875997445496340, 17875997445496340, 17875997445496340, 17875997445496340, 17875997445496340, 17875997445496340, 17875997445496340, 17875997445496340, 17875997445496340, 17893589631540756, 17893589631540756, 17897987678051860, 17897987678068244]
[8868798190624308, 8868798190624308, 8868798190624308, 8868798190624308, 8868798190624308, 8868798190624309, 8868798190624309, 8868798190624311, 8868798190624311, 8868797653753399, 8868797653753399, 8868797653753399, 8868797653753399, 8868797653753399, 8868728934276663, 8868728934276919, 8868728934276919, 8868728934276919, 8868728934276919, 8868728934276919, 8868728934276919, 8869828445904695]
[8868798190624308, 8868798190624308, 8868798190624308, 8868798190624308, 8868798190624308, 8868798190624308, 8868798190624308, 8868798190624308, 8868798190624308, 8868797653753396, 8868797653753396, 8868797653753396, 8868797653753396, 8868797653753396, 8873195700264500, 8873195700264500, 8873195700264500, 8873195700264500, 8873195566046772, 8873195566046772, 8873195566046772, 8873195566046772, 8873195566046772, 8873195566046772, 8873195566046772, 8873195566046772, 8873195566046772, 8873195566046772, 8873195566046772, 8873195566046772, 8873195566046772, 8873195566046772, 8873195566046772, 8873195566046772, 8873195566046772, 8873195566046772, 8873195566046772, 8873195566046772, 17880394820787764, 17880394820787764, 17880394820787764, 17880532259741236, 17880532259806772]
[8868798190624308, 8868935629577780, 8868935629577780, 8868935629577780, 8868935629577780, 8868935629577780, 8868935629577780, 8868935629577780, 8868935629577780, 8868935629577780, 8868935629577780, 8868935629708852, 8868935629676084, 8868935629676084, 8868935361240628, 8868935361240628, 8868935361240628, 8868935361240628, 8728197872885300, 8728197872885300, 8728195725401652]
[8868798190624292, 8868798190624292, 8868935629577764, 4365336002207268, 4365336002207268, 4365336002207268, 4365336002207268, 4365336002207268, 4365336002207270, 4365333854723622, 4365333854723622, 4365333854723622, 4365333854789158]
[8868798190624308, 8868798190624308, 8868798190624308, 8868798190624308, 8868798190624292, 8868798190624292, 8868798190624292, 8868798190624292, 8868798190624292, 8868798190624292, 8868798190624292, 8868798190624292, 8868798190624356, 8939166934802020, 8943564981313124, 8943564981313124, 8943564981313124, 8943564981313124, 8943564981313124, 8943564981444196, 8943564981444196, 8943564981444196, 8943564981509732]
[8868798190624276, 8868798190624276, 8868798190624276, 8868798190624276, 8868798190624276, 8868798190624276, 8868798190624276, 8868798190624276, 8868798190624276, 8939166934801940, 8939166934801940, 8939166934801940, 8939166934801940, 8939166934801940, 8939166934801940, 8939166934801940, 8939166934801924, 8939166934801924, 8956759120846340, 8956759120846340, 8956759120977412, 8956759120977412, 8956759120977412, 8956759120977412, 8956759120977412, 8956759120977412, 4453159493606916]
[8868798190624308, 8868798190624308, 8868798190624308, 8868798190624308, 8868798190624308, 8868798190624308, 8868798056406580, 8868798056406580, 8868798056406580, 8868798056406580, 8868798056406580, 8868798056406580, 8868798056406580, 8868935495360052, 8868935495360052, 8868935495360052, 8868935495360116, 8868935495360116, 8868935495360116, 8868935495360116, 8868935495360116, 8868935495360116, 8868935495360116, 8868935495360116, 8868935495360116, 8868934421618292, 8868933884747380, 8868933884747380, 8868933884747380, 8868933884747380, 8868933884747380, 8868933884747380, 8868933884747380, 8877729977769588]
[8868798190624308, 8939166934801972, 8939166934801460, 8939166934768692, 8943564981279796, 8943564981279796, 8943564981279796, 8943564981279796, 8943564981279796, 8943564981287988, 8943564981287988, 8943564981287988, 8943564981287988, 8943564981287988, 17950764236028980]
[8868798190624308, 8868798190624308, 8868797922188852, 8868797922188852, 8868797922197044, 8868797922197044, 8868797922262580, 8868797922262580, 8868797922262580, 8868797922262580, 8868797922262580, 8868797922262580, 8868797922262580, 8868797922262580, 8868797922262580, 8868797922262580, 8868797922262580, 8868797922262836, 8868797855153972, 8868797855153972, 8868797846765364]
[8868798190624308, 8868798190591540, 8868798190591540, 8868798190591540, 8868798056373812, 8868798056373812, 8868798056373812, 8868798056373812, 8868798056382004, 8868798056382004, 8868798056382006, 8868798056382006, 8868798056382006, 8868798056382070, 8868798056382070, 8868798056382070, 8868798056382070, 8868798056382070, 8868798056382070, 8868798056382070, 8868798056382038]
[8868798190624308, 8868798190624308, 8868797653753396, 8868795506269748, 8868795506269748, 8939164250447412, 8939164250447412, 8939164250447412, 8939095530970676, 8939095530970676, 8939095530970676, 8939095530970676, 8939095530970676, 8939095530970676, 8939095530970676, 8939095530970676, 8939095530970676, 8939095530970676, 8939095530970676, 8939095530970676, 8939095530970676, 8939095530970676, 8939095463861812, 8939095463861812, 8939095463861812, 8939095463861812, 8939095463861812, 8939095463861812, 8939095463861812, 8939095463861812, 8939095463861812, 8956687649906228]
[8868798190624308, 8868798190624308, 8868798190624308, 8868798190624308, 8868798190624308, 8868798190624308, 8868798190624308, 8868798190624308, 8868798190624308, 8873196237135412, 8890788423179828, 8890788423179828, 8890788423179828, 8890788423179828, 8890788423179828, 8890788423179828, 8890788423179828, 8890788423179892, 8890788423179892, 8890788423179894, 8890788423179894, 8890788423179894, 8890788423179894, 8890788423179894, 8890788423179862, 8873196237135446, 8873196237135446, 8873196237102678, 8873196237102678, 8873196237102678, 8873127517625942]
[8868798190624308, 8868798190624308, 8886390376668724, 8886390376668724, 8886390376668724, 8886390376734260, 8886390376734516, 8886390376734516, 8886390376742708, 8886390376742708, 8886390376742708, 8886390376742708, 8886390376742708, 8886390376742708, 8886390376742708, 8886390376742708, 8886388229259060, 8886388229259060, 8886525668212532]
[8868798190624308, 8868798190624308, 8868798190624292, 8868798190624356, 17875997445365348, 17875997445365348, 17875997445365348, 17875997445365348, 17875997445365348, 17875997445365604, 17875997445365604, 17875997445365604, 17875997445365604, 17875997445365604, 17875997445365604, 17875997444841316, 17875997444841316, 17875997444841316, 17875997444841316, 17880395491352420]
[8868798190624308, 8868798190624308, 8868798190624308, 8868798190624308, 8868798190624308, 8868798190624308, 8868798190624308, 8868798190624308, 8868798190624564, 8868798190591796, 8868798190591796, 8868798190591796, 8868798190591796, 8868798190591796, 8868798190591764, 8868798190591766, 8868798190591766, 8868798190591766, 8868798190591766, 8868798190591766, 8868798190591766, 8868798190591766, 8868798123482902, 8868798123482902, 8869073001389846]
[8868798190624308, 8868798190624308, 8868798190624308, 8868798190624308, 8868798190624308, 8868798190624308, 8868798190624308, 8868798190624308, 8868796043140660, 8868796043140660, 8868796043140660, 8868795774705204, 17875995029446196, 17875995029446196, 17875995029446196, 17875995029446196, 17875995029446196, 17875995029446164, 17875994492575252, 17875994492575252, 17875994492575252, 17875994492575252, 17875994492575252, 17875994492575252, 17880392539086356]
[8868798190624308, 8868798190624308, 8868798190689844, 8868798190689844, 8868798190689844, 8868798190689844, 8868798190689844, 8868798190820916, 8868798190820916, 8868798190820916, 8868798190820916, 8868798190829108, 8868798190829108, 8868798190829108, 8868798190829108, 8868798190829108, 8868798190829108, 8868798190829108, 8873196237340212, 8873196237340212, 8873196237340212, 8873196237340212, 8873196237340212, 8873196237340212, 8873196237340214, 8873196237340214, 8873196237340214, 17880395492081206]
[8868798123515444, 8868798123580980, 8868798123580980, 8868798123580980, 8868798123580980, 8868798123580980, 8868798123580980, 8868798123580980, 8868798123580980, 8868798123580980, 8868798123580980, 8868798123580980, 8868798123581236, 8868798123581236, 8868798123581236, 8868798123581236, 8868798123581236, 8868798123581236, 8868798123581236, 8868798123581300, 8868798123581300, 8868798123581300, 8868935562534772, 8868935562502004]
[8868798190624308, 8939166934801972, 8939166934801972, 8939166934801972, 8939166934769204, 8939166934768692, 8939166934899764, 8939166934899764, 8939166934899764, 8939166934899764, 8939166934899764, 8939166934899764, 8939166934899764, 8939166934899764, 8939166934899766, 8939166934899766, 8943564981410870]
[8868798190624308, 8868798190624308, 8868798190624308, 8868798190624308, 8868798190624308, 8868798190624308, 8868798190624308, 8868798190624308, 8868798190624308, 17875997445365300, 17875997445430836, 17875997445430836, 17875997445430836, 17875997445430836, 17875997445430836, 17875997449625140, 17875997449625140, 17946366193802804, 17946366193802804, 17946366193802804, 17947465705430580, 17947465705430580, 17947465705430580, 17947465705430580, 17947465705430580, 17947603144384052]
[8868798190624308, 8868798190624308, 8868798190624308, 8868935629577780, 8868935629577780, 8868935629577780, 8868935629577780, 8868935629577780, 8868935629577780, 8868935629577780, 8868935629577780, 8868935629577780, 8868935629585972, 8868935629585972, 8870035141213748, 8870035141213748, 8870034872778292, 4366435245407796, 4366435245407796, 4366435245407796, 4366435245407796, 4366434708536884]
[8868798190624308, 8868798190624308, 8868797922188852, 8868797922188852, 8868797922188854, 8868796848447030, 8868796848414262, 8866597825158710, 8866597825158710, 8866597825158710, 8866597825158710, 8866597825158198]
[8873196237135412, 8873196237135412, 8873196237135412, 8873196237135412, 8873196237135412, 8873196237135412, 8873196237135412, 8873196237135412, 8873196237135396, 8873196237135396, 8874295748763172, 8874295748763236, 8874295748763236, 8891887934807652, 17899087189548644]
[8868798190624308, 8868797116882484, 8868797049773620, 8868798123515444, 8868798123515444, 8868798123515444, 8868798123515444, 8868798123515444, 8868798123515444, 8868798123515444, 8868798190624308, 8868798190624308, 8868798190624308, 8868798190624308, 8868798190624308, 8868798190624308, 8868798190624308, 8868798190624308, 8868798190624308, 8868798190624308, 8868798190624308, 8868798190624308, 8868798190624308, 8868798190624308, 8868798190624308, 8868798190624308, 8868798190624308, 8868798190624308, 8868798190624308, 8868798190624308, 8868798190624308, 8868798190624308, 8868798190624308, 8868798190624308, 8868798190624308, 8868798190689844, 8868798190689844, 8939166934867508, 8939166934867508, 8939166934867508, 8939166934867508, 8939166934867508, 8939166934875700, 8939166934875700, 8939166934875700, 8939166934875702, 8939166934875702, 8939166934875702, 17946366189616694, 17946366189616694, 17946366189616694, 17946366189616694, 17946366189616694, 17946366189616758]
[8868798190624308, 8868798190624276, 8868798190624276, 8868798190624272, 8868798190624272, 8868798190624272, 8868798190099984, 8868796042616336, 8868796042616336, 8868796042616336, 8868796042616336, 8868796042616336, 8868796042616336, 8868778862747152, 8868778862747152, 8868796042616336, 8868796042616336, 8868796042616336, 8868796042616336, 8868796042616336, 8868796042616336, 8868796042616336, 8868796042616340, 8868796042616340, 8868796042616340, 8868796042616340, 4365196415245844, 4365196415245844, 4365196415245844, 4365196415213076, 4365196415213076, 4365196415213076, 4365196415213076, 4365196415213076, 4369594461724180]
[8868798190624308, 8868798190755380, 8868798190755444, 8868798056537716, 8868798056537716, 8868798056537716, 8868798056537716, 8868798056537716, 8868798056537716, 8868798056537716, 8868798056537716, 8868798056537716, 8868798056537716, 8868798056537716, 8868798056537972, 8868798056537972, 8868795909054324, 8868795841945460]
[8868798190100020, 8868798190100020, 8939166934277684, 8939166934277668, 8939166934277668, 8939166934277668, 8939166934277156, 8939166934277156, 8939166934277156, 8939164786793508, 8939164786793508, 8939302225746980]
[8868798190624308, 8873196237135412, 8873333676088884, 8873333676088884, 8873333676088884, 8871134652833332, 8871134115962420, 8871131968478772, 8871131968478772, 8871131968478772, 8941500712656436]
[8868798182235700, 8868798182235700, 8868798182235700, 8868798182235700, 8868798182235700, 8868798182235700, 8868798182235700, 8868798182202932, 8868798182202900, 8868798182202900, 8868798182202900, 8868798182202896, 8868798182202880, 8868798182202880, 8868798182202880, 8868798182202880, 8868798182202880, 8868798182202880, 8868798182202880, 8868798182202880, 8868798182202880, 8868796034719232]
[8868798190624308, 8868798190755380, 8868798056537652, 8868798056537652, 8868798056537652, 8873196103048756, 8873196103048756, 8873196103048756, 8873196103048756, 8873196103048756, 8873196103048756, 8873196103048756, 8873196103048756, 8873196103048756, 8873196103048756, 8873196103048756, 8873196103048756, 8873196103048756, 8873196103048756, 8873196103048756, 8873196103048756, 8873196103048756, 8873196103048756, 8873196103048724, 8873196103048724, 8873196103048724, 8873196103048724, 8873196035939860, 8873195767504404]
[8728060702268980, 8798429446446644, 8798360726969908, 8798360726969908, 8802758773481012, 8802758773481014, 8802758773481014, 8802758773481014, 8802758773481014, 8802758773481014, 8802758773481014, 8802758773481014, 8802758773481014, 8802758773481014, 8802758773481014, 8802758773481014, 8802758773481014, 8802758773481014, 8802758773612086]
[8868798056406580, 8868798056472116, 8868793761504820, 8868793761504884, 8868793761504884, 8868793761504884, 8868793761504886, 8868793761504886, 8868793761504886, 8868793761472118]
[8868798190624308, 8868798190624308, 8868798190624308, 8868798190624308, 8868798190624308, 8868798190624308, 8868798190624308, 8868798190624308, 8868798190624308, 8868798190624308, 8868798190624308, 8868798190624308, 8868798190624308, 8868798190624308, 8868798190624308, 8868798190624308, 8868798190624308, 8873196237135412, 17880395491876404, 17880395491876404, 17880395492007476, 17889191585029684, 17889191585029684, 17889191585029748, 17889191585029748, 17889191585029748, 17889191585029748, 17889191585029748, 17889191585029748, 17889191585029748, 17889191585029716]
[8728060702268980, 8728060702269044, 8732458748780148, 8732458748780148, 8732458748780148, 8732458748780148, 8732458748780148, 8732458748911220, 8732458748911220, 8732458748911220, 8732458748911220, 8732458748911220, 8732458748911220, 8732458748911220, 8732458748911220, 8732458748911220, 17739658003652212, 17739658003652212, 17739658003652212, 17739658003652212, 17739658003652212, 17739658003652212, 17739658003652212, 17739658003652212, 17739658003652212, 17739658003652180]
[8868798190624308, 8873196237135412, 8873196237135412, 8873196237135412, 8873196237135412, 8873196237135412, 8873196237266484, 8890788423310900, 8890788423310900, 8890788423310900, 8890788423310900, 8890788423310900, 8890788423310900, 8890788423310900, 8890788423310902, 8890788423310902, 8890788154875446, 8890788154875446, 8890788154875446, 8890788154351158]
[8868798190624372, 8868798190624372, 8868798190624372, 8868798190624372, 8868798190624372, 8868798190624372, 8868798190624372, 8868798190624372, 8868798190640756, 8868798190640756, 8868729471164020, 8868729471164020, 8727991982808692, 8727991982808694, 8727991982808694, 8727991982808694, 8727991982808694, 8727991982808694, 8727991982808694, 8727991982808694, 8727991982808694, 8727991982808950]
[8869073068531252, 8869073068531252, 8869073068531252, 8869073060142644, 8869073060142644, 8869073060142900, 8869070912659252, 8869070912659252, 8869070912659252, 17876270167400244, 17876270167400244, 17876270167531316]
[8868798190624308, 8868798190624308, 8868798190591540, 8868798190591540, 8868798190591604, 8868798190591604, 8868798190657140, 8869897702284916, 8869897702284916, 8869897568067188, 8869897568067188, 8869897568067188, 8869897568067188, 8869897568067188, 8869897568067188, 8869897568067188, 8869897568067188, 8870035007020660]
[8868798190624308, 8868798190624308, 8868798190632500, 8868798190632500, 8868798190632500, 8868798190632500, 8868798190632500, 8868798190632500, 8868798190632500, 8868798182243892, 8868798182243892, 8868798182243892, 8868798182243892, 8868798182239796, 8868798182239796, 8728060693884468, 8728060626775604, 8728060626775604, 8728060626775604, 8728060626775604, 8728060626775604, 8728060626742836]
[8868798190624308, 8868798190624308, 8868798190624308, 8868798190624308, 8868798190624308, 8868798190624308, 8868798190624564, 8868797922189108, 8873195968700212, 8873195968700212, 8873195968667444, 8873195968667444, 8873195968667444, 8873195968667444, 8873195968667444, 8873193821183796, 8873193821183796, 8873193821183796, 8873193821183540, 8873193821183540, 8873193821183540, 8873193821183540, 8873193821183540, 8873193821183540, 8873193821183540, 8873193821183524, 8873193821183524, 6621394007498276]
[8868798190624308, 8868798190624308, 8868798190624310, 17875997445365302, 17875997445365302, 17875997445365302, 17875997445365286, 17875997445365286, 17875997445365286, 17875997445365286, 17875928725888550, 17875928717499942, 17875928717499942, 17875928583282214]
[8868798190624308, 8868798194818612, 8868798194818612, 8868798194818868, 8868798194818868, 8868798194818868, 8868798194818868, 8868798194818868, 8868798194818868, 8868798194818868, 8886390380863284, 8886390380863284, 8886390380871476, 8886390380871476, 8886390380871476, 8886390380871476, 8886390380871540, 8886390380871540, 8886390380871540, 8886390380871540, 8886390380871540, 8886390380871540, 8886390380871540, 8887489892499316]
[4365198563253812, 4365198563254068, 4365198563254068, 4365197489512244, 4365197489512244, 4365197489512244, 4365197489512244, 4365197489512244, 4365197489512244, 4365128770035508, 4365128770035508, 4365128770035508, 4365128770035508, 4365128770035572, 4365128770035572, 4365128770035572, 4365128770035572, 4365128770035572, 4365128770035572, 4365128770035572, 4365128770035572, 4365128770035572, 13372328024776564]
[8868798190624308, 8868798190624308, 8868798190624308, 8868798190624308, 8868798190624308, 8868798190689844, 8868798190689908, 8868798190689908, 8868798190689908, 8868798190689908, 8868798190689908, 8868798190689908, 8868798190689908, 8868798190689908, 8886390376734324, 8886390376734324, 8886390376734324, 8886390376734324, 8886390376734324, 8886390376734324, 8887489888362100, 8887489888362100, 8887489888362100, 8887489888362100, 8887489888362100, 8887489888362100, 8887489888362100, 8887489888362100, 8887489888362100, 8887489888362100, 8887485593394804, 8887485593394806]
[8868798190624308, 8868798190624308, 8868798190624308, 8868798190624308, 8868798190624308, 8868798190632500, 8868798190632500, 8868798190631988, 8868798190631988, 8868935629585460, 8868935629585460, 8868935629650996, 8868935629650996, 8868935629650996, 8870035141278772, 8870035141278772, 8870035141278772, 8870030846311476]
[8868798190624308, 8868798190624308, 8868798190624308, 8868798190624308, 8868798190624308, 8868798190755380, 8868798190755380, 8868798190755380, 8868798190755380, 8868798190755364, 8868798190755364, 8868798190755364, 8868798190755364, 8868798190820900, 8868798190820900, 8868796043337252, 8868796043337252, 8868796043337252, 4365196415966756, 4365196415966756, 4365196415966756, 4365196415966756, 4365196415933988]
[8868797922188852, 8868797922188852, 8868797922188852, 8868797922188852, 8868797922188852, 8868797922205236, 8868797922205236, 8305847968783924, 8305847968783924, 8305847968783926, 8305847968783926, 8305847968783926, 8305847968783926, 8305847968783926, 8305847968783926, 8305847968783926, 8305847968783926, 8305847968783926, 8305847968783926, 8305847968783926, 8305847968783926, 8305847968783926, 8305847968783926, 8305847968783926, 8305847968783926, 8376216712961590, 8376216712961590, 8376216712961590, 8376216712961654]
[8868798190624308, 8868798190624308, 8868798190624308, 8868798190624308, 8868798190689844, 8868798190689844, 8868798190689844, 8868798190689844, 8868798190689844, 8868798190689844, 8868798190689844, 8868798190689844, 8868798190689844, 8939166934867508, 8939166934867508, 8939166934875700, 8939166934875700, 8940266446503476, 8940249266634292, 8940249266634292, 8940249266634292, 8940249266634292, 8940249266634292, 8940249266634292, 8944647313145396]
[8868798190624308, 8868798190624308, 8868798190624564, 17875997445365556, 17875997445365556, 17875997445365556, 17875997445365556, 17911181817454388, 17911181817454388, 17911181817454388, 17911181817454388, 17911181817454388, 17911181817454388, 17911181816930100, 17911181682712372, 17911181682712372, 17911181682712372, 17911181682712372, 17911181682712372, 17911181682712372, 17911164502843188]
[8868798190624308, 8868798190624308, 8868798190624308, 8868798190624308, 8868798190624308, 8868798190624308, 8868798190624308, 8305848237202996, 8305848237203060, 8305779517726324, 8305779517726324, 8305779517726324, 8305779517726324, 8305779517726324, 8306054395633268, 8306054395633268, 8306054395633268, 8306054395633270, 8306054395633270, 8306054395633270, 8306054395633270, 8306054395633270, 8306054395633270, 8306054395633270, 8310452442144374]
[8868798190624308, 8868798190624308, 8868798190689844, 8868798190689844, 8868798190689844, 17875997445430836, 17880395491941940, 17880395357724212, 17880395357724212, 17880395357724212, 17880395357724212, 17880395357724468, 17880395357724436]
[8868798190624308, 8868798190624308, 8868798190624308, 8868798190624308, 8868798182235700, 8868798182235700, 8868798182235700, 8868798182235700, 8868798182235700, 8868798182235700, 8868798182235700, 8868798182235700, 8868798182235700, 8868798182235700, 8868798182235956, 8868798182235956, 8868798182235956, 8868798182235956, 8868797913800500, 8886390099844916, 8886390099844916, 8886390099844916, 8886390099844916, 8886389965627188, 8886389965627252]
[8868798190624308, 8868798190624308, 8868798190624308, 8868797922188852, 8868797922254388, 8868797922254388, 8868797922254452, 8868797922254452, 8868797922254452, 8868798190689908, 8868798190689908, 8873196237201012, 8873196237201012, 8873196237201012, 8873196237201268, 8873196237201268, 8943564981378932, 8943564981378932, 8943564981378932, 8943564981378932, 8943564981378932, 8943564981378932, 8943564981378932, 8943564981387124]
[8868935629577780, 8868935629577780, 8868935629708852, 8868935629708852, 17876134884449844, 17876134884449844, 17876134884449844, 17876134884458036, 17876134884458036, 17876134884458036, 17884930977480244, 17884930977480244, 17884930976955956]
[8868798190624308, 8868798190623284, 8868798190623284, 8868798190623284, 8868798190623284, 8868798190622772, 8868798190622772, 8868798190622772, 17875997445363764, 17880395491874868, 17880395491874868, 17880395491874868, 17880395491874868, 17880395491874868, 17880395491874868, 17880395491874868, 17880395491874868, 17880395491874868, 17880395491874932, 17880395357657204]
[8939166934801972, 8939166934801972, 8939166934801972, 8939166934801972, 8939441812708916, 8939441812708916, 8939441812709172, 8939441812709172, 8939441812709156, 8939441275838244, 8798703787482916]
[8868798190624310, 8868798190624310, 8868798190624310, 8868798056406582, 8868798056406582, 8868798056406582, 8868798056406582, 8868798056406582, 8868798056406582, 8868798056406582, 8868798056406582, 8868798056406582, 8868798056537654, 8868798056537622, 8868798056537622, 8868798056537622, 8868798056537622, 8868798056537622, 8868798056537622, 8868798056537622, 8868798056537622, 8868798056537622, 8868798056537110, 8868798056537110, 8868798056537110, 8866599033281558]
[8939166934801972, 8939166934801972, 8939166666366516, 8939166666366516, 8939164518882868, 8939164518882868, 8939164518882868, 8939164518882868, 8939164518882868, 17946363773623860, 17946363773623860, 17946363773623860, 17946363773623860, 17946363773623828, 17946363773623828, 17946363773623812]
[8868797922188852, 8868797922188852, 8868797922188852, 8868797922188852, 8868797922188852, 8868797922188852, 8868797922254388, 8868797922254388, 8868797922254388, 8868797922254388, 17875997176995380, 17875997176995380, 17875997176995380, 17875997176995380, 17875997176995380, 17875997176995380, 17875997176995380, 17875997176995380, 17875997176995380, 17873798153739828, 17873798153739828, 17873798153739828, 17873798153739828, 17873798153870900, 17873798153870900, 17873798153870900, 17873798153870900, 17873798153870900, 17873798153870900, 17873798153870900, 17944166898048564]
[8868798190624372, 8868798190624372, 8868798190624340, 8868798190624340, 8868798190624340, 8868798190624340, 4365198563253844, 4365198563253846, 4365198563253846, 4365198563253846, 4365198563253846, 4365198563253846, 4365198563253846, 4365198563253846, 4365194268286550, 4365194268286550, 4365194268286550, 4365194268286550, 4365194268286550, 4365194268286550, 4365194268286550, 4365194268286550, 4365194268286550, 4365194268286550, 4365194268286550, 4365185678351958]
[8868798190624308, 8868798190624308, 8868798190624308, 8868798190624308, 8868798190624308, 8868798190624308, 8868798190624308, 8868798190624308, 8868798190624372, 8868798190624372, 8868798190632564, 8868798190632564, 8868798190698100, 8869073068605044, 8869073068605044, 8869073068605300, 8869004349128564]
[8868798190624308, 8868798190624308, 8868798190624308, 8868798190624308, 17875997445365300, 17875997445496372, 17875997445496372, 17875997445496372, 17875997445496372, 17875997445496372, 17875997445496628, 17875997445496628, 17875997445496628, 17875997445496628, 17875997445496628, 17875997445496612, 17875997445496612, 17875997445496612, 17875997311278884, 17875997311278884, 17875997311278884, 17875997311278884, 17875997311278884, 17875997311278884, 17875997311278852]
[8868798190624308, 8868798190624308, 8868798190624308, 8868798190624308, 8868798190624308, 8868798190624308, 8868798190624308, 8868798190624308, 8868798190624308, 8868798190624308, 8868798190624308, 8868796043140660, 8868791748173364, 8868791748173364, 8868791748173364, 8868791748173364, 8868790674431540, 8868790674431540, 8868790672334388, 8868790672334388, 8868790672334388, 8868790672334388, 8868790672334388, 8868790672334388, 8868790672334388, 17875989927075380, 17875989927075380, 17875989927075380, 17875994222042676, 17875994222042676, 17875994222042676, 17875994222042676, 17875994222108212, 17875994222108212, 17875994222108212, 17875994222108212, 17875994222108212, 17875994222108212, 17875994222108212, 17875994222108212, 17875994222108212, 17875994222108212, 17875994222108212, 17875994222108212, 17875994222108212, 17875994222108212, 17875994222108212, 17875994221583924]
[8868798190624308, 8939166934801972, 8939166934801973, 8939166397931061, 8939164250447413, 8939164250447413, 8939164250447413, 8939164250447413, 8939164250447413, 8939164250447413, 8939164250447413, 8939164250447413, 8939164250447413, 8939164250447413, 8939164250447413, 8939164250447413, 8939301689400885, 8939302226271797, 8939302226271797, 8939302226271797, 8939302226271797, 8939302226271797, 8939302226271285, 8939302226271285, 8939302226271285, 8939302226271285, 8939302226271285, 8939302226271285, 8939302226402357]
[8868798190624308, 8868798190624308, 8868798190624308, 8868798190632500, 8886390376676916, 8886390376676916, 8886390376676916, 8886390376676916, 8886390242459188, 8886390242459188, 8886390242459188, 8886390242459188, 8886390242459188, 8886390242459188, 8886390242459188, 8886390242459188, 8886390242459188, 8886390246653492, 8886390246653492, 8886390246653556, 8886390246653556, 8886389978218100]
[8868798190624308, 8868798190624308, 8728060702268980, 8745652888313396, 8745652888313396, 8745652888313396, 8745652888313396, 8745652888313396, 8745652888313396, 8745652351442484, 8745652351442484, 8745652351441972, 8745652351441968, 8745652083006512]
[8868798190624308, 8868798190624308, 8868798190624308, 8868729471147572, 8868729471147572, 8868729471147572, 8868729471114804, 8868729471114804, 8868729471114804, 8868729471180340, 8868729471180340, 8868729471180340, 8868729471180340, 8868729471180340, 8868729471180404, 8868729471180404, 8868729471180404, 8868729471180404, 8868729471180404, 8868729471180404, 8873127517691508, 8873127517691508, 8873127517691476]
[8868798190624308, 8868798190624308, 8868798190624308, 8868798190624308, 8728060702268980, 8728060702268980, 8728060702268982, 8728060702268982, 8728060702268982, 8728060702268982, 8728060702268982, 8728060702268982, 8728060702268982, 8728060702268982, 8728060702268982, 17735259957009974, 17735259957009974, 17735259957009974, 17735259957009974, 13231660329639478, 13231660329639478, 13231660329639478, 13236058376150582, 13236058376150582, 13306427120328246]
[8868798190624308, 8868798190624308, 8868798190624308, 8868798182235700, 8868798182235700, 8868798182235700, 8868798048017972, 8868798048149044, 8868798048149044, 8868798048149044, 8868798048149044, 8868798048149044, 8868798048149044, 8868798048149044, 8868798048149044, 8868798048149044, 8868798048149044, 8868798048149044, 8868798048149044, 8868798048149044, 8868798048149044, 8868798048149044, 8868798048149044, 8868798048149044, 8868798047624756, 8868798047624756, 8868798047624756, 8868798047624756, 8868798047624756, 17875997302365748, 17875997302366004]
[8868798190689844, 8868798190689844, 8868798190689844, 8868798190689844, 8868798190689844, 8868798190689844, 8868798190689844, 8868798190689844, 8868798190689844, 8868798190689844, 8868798190689844, 8868798190706228, 8868798190673460, 8868798190673460, 8868798190673460, 8868798190673460, 8868798190673460, 8868798190673460, 8868798190673460, 8868798190673460, 8939166934851124, 8939166934851124, 8939166934851124, 8939166934851124, 8939166934851124, 8939166934851124, 8939166934851124, 8939166934851124, 8939166934851124, 8939166934851124, 8939166934851124, 8939166934851124, 8939166934851124, 8939166934851124, 8939166934834740, 8939166934834740, 8939166934834740, 8939166934834740, 8939166934834740, 8939166934834740, 8939166934834740, 8939166934834740, 8939166934834740, 8939166934834740, 8939304373788212, 8939304373788212, 8948100466810420, 8948100466810420, 8948100466810420, 8948100466810420, 8948100466810420, 8948100466810420, 8948100466810420, 8948100466810484]
[8868798190624308, 8868798190624308, 8868935629577780, 8868935629577780, 8868935629577780, 8868935629577780, 8868935629577780, 8868935629577780, 8868935629577780, 8868935629577780, 8868935629577780, 8868933482094132, 8868933482094132, 8868933482094132, 8868933482094132, 8868933482094132, 8728195993738804, 8728195993738804, 8728195993738804, 8798564737916468, 8798564737916468, 8798564737916468, 8798564737916468, 8798564742110772, 8798564742110772, 8798564742110772, 8798564742110772, 8798564607893044]
[8868798190624308, 8868798190624308, 8868798190624372, 8868798190624372, 8868798190624372, 8868798190624372, 8868798190624372, 8868798190624372, 8868798190624372, 8868798190624372, 8868798190623860, 8868796043140212, 8868796043140212, 8868796043140212, 8868796043140212, 8868795506269300, 8868795506269300, 17875994761010292, 17873795737754740]
[8868798190632500, 8868798123523636, 8868798123523636, 8868798123523636, 8868798123523636, 8868798123523636, 8939166867701300, 8939166867701300, 8939166867701300, 8939166867766836, 8939166867766836, 8939166867766836, 8939166867766836, 8939166867766836, 8939166867766836, 8939166867766838, 8939166867766838, 8939166867766902]
[8868798190624308, 8868798190689844, 8868797653818932, 8868797653818932, 8868795506335284, 8868795506335284, 8868726786858548, 8868726786858548, 8868726786858548, 8868726786858548, 8868726786858548, 8868726786858548, 8868726786858548, 8868726786858548, 8868726786858548, 8868726786858548, 8868725713116724, 8868725711019572]
[8868798190624308, 8868798190624372, 8868798190624372, 8868798190624372, 8873196237135476, 8873196237135476, 8873196237135476, 8873196237135476, 8873196237135476, 8873196237135476, 8873196237135476, 8873196237135476, 8873179057266292, 8873179057266292, 8873179057266292, 8873179057266292, 8873179057266292, 8873179057266292, 8873179057266292, 8873179057266292, 8873179057266292, 8873179056742004, 8873179056742004, 8943547800919668, 8943547800985204]
[8939166934801972, 17946366189542964, 17946366189542966, 17946366189543030, 17946366189543030, 17946366189543030, 17946366189543030, 17946366189543030, 17946366189543030, 17955162282565238, 17955162282565238, 17955162282565238, 17955162282565238, 17955162282565238, 17955162282565238, 17955162282565238, 17955162282565238, 17955162282565238, 17955162282565238, 17959560329076342]
[8868798190624308, 8868798190624308, 8868798190624308, 8939166934801972, 8936967911546420, 8936967911546420, 17944167166287412, 17944167166287412, 17944167166287412, 17944167165763124, 17944167165763124, 17944167165763124, 17944167165763124, 17944167165763124, 17944167165763126, 17944167165763126, 17944167165763126, 17944167165763126, 17381217212341814]
[8868798190624308, 8868798190624308, 8868797922188852, 8868797922188852, 8868797922188852, 8868797922188916, 8868797922188916, 8868797922188916, 8868797922188916, 8868797922188916, 8868797922188916, 8868797922188916, 8868797922188916, 8868797922188916, 8868797922189172, 17875997176930164, 17946365921107828, 17946365921107828, 17946503360061300]
[8868935629577780, 8886527815622196, 8886527815589428, 8886527815589428, 8886527815589428, 8886527815720500, 8886527815720500, 8886527815720496, 8886527815720498]
[8939166934801972, 8939166800584244, 8940266312212020, 8940403751165492, 8940403751165748, 8940403751165748, 8940403751165748, 8940403751296820]
[8868798190624308, 8868797116882484, 8868797116882484, 8868797116882484, 8868797116882484, 8868797116882484, 8873195163393588, 8873195163393588, 17880394418134580, 17880394418101812, 17880394418101812, 17880394418101812, 17880394417577524, 17880394417577524, 17880394417577524, 17950763161755188]
[8868798194818612, 8728060706463284, 8728059632721460, 4224460005350964, 4224460005350964, 4224460005350932, 4224460005350932, 4224460005350932, 4224459871133204]
[8868797922188852, 8868797922188852, 8869897433816628, 8869897433816628, 8869897433816628, 8869897433816628, 8869897299598900, 8869897299598900, 8869897299598900, 8869897299598900, 8869897291210292, 8867698267954740, 8867698267954740, 8867698267954740, 8867698267954996]
[8728060702268980, 8728060702268980, 8728060702268980, 8728060702268980, 8728060433833524, 8728060433964596, 8728060433964596, 8728060433964596, 8728060433964596, 8728060433964596, 8728060433964596, 8728060433964596, 8728060425575988, 8728060425575988, 8728060425575988, 8728610181389876, 8728610181389876, 8728610181389876, 8728610181389876, 8728610181389876, 8728610181389876, 8728610181390132]
[8868798190624308, 8868798190624308, 8868798190624308, 8868798190689844, 8868798190689844, 8868798190689844, 8868798190820916, 8868798190820884, 8868798190820884, 8868798190820372, 8868798190820372, 8868798190820372, 8939166934998036, 8939166934998036, 8939166934998036, 8939304373951508]
[8868798190624308, 8868798190624308, 8868798190624308, 8868798190624372, 8868798190624372, 8868798190624372, 8868798190624372, 8868798190100084, 8868798190100084, 8868798190100084, 8868798190100084, 8868798190100084, 8868798190067316, 8868798190067316, 8868796042583668, 8868796042583668, 8868796042583668, 8868933481537140, 8868933481537140, 8868933481537136]
[8868798190624308, 8868798190624308, 8868798190624308, 8868798190624308, 8868798190624308, 8868798190624308, 8868798190624308, 8868798190624308, 8868798190624308, 8868797922188852, 8868797922188852, 8868797922188852, 8868797922188852, 8868797922188852, 8868797922188852, 8868797922188852, 8868797922319924, 8868797922319924, 8868797922319924, 8868797922328116, 8728060433972788, 8728060433972788, 17735259688713780, 17735259688713780, 15483459875028532]
[8868798190624308, 8868798190624308, 8939166934801972, 8939166934801972, 8943564981313076, 17950764236054068, 17950764236054068, 17950764236054068, 17950764236054068, 17810026747698740, 17810026747698740, 17810026747698740, 17810026747698740, 17810026747698740, 17810026747698996, 17810026747698996, 17810026747698996, 17810026747698996, 17810026747698996, 17810026747698996, 17810026747698996, 17810026747764532]
[8868798190624564, 8868798190624564, 8868798190624564, 8868798190624564, 8868798190755636, 8868798190755636, 8868798190755636, 8868797117013812, 8868797117013812, 8868797117013812, 8868797117013812, 8868797117013812, 8868797117079348, 8868797117079348, 8868797117079348, 8868797117079348, 8868798190821172, 8869897702448948, 8869897702448948, 8869897702448948, 8869897702448948, 8869897702448948, 8869897702448948, 8869897702448948, 8869897702448948, 8869897702448948, 17877096957189940, 17877096957189940, 17877079777320756]
[8868798190624308, 8868798190624308, 8868798190632500, 8868798190632500, 8868798190632500, 8868798190632500, 8868798190632500, 8868798190632500, 8868798190632500, 8868798190632500, 8868798190632500, 8868798190632500, 8868798190632500, 8868798190632500, 8868798190632500, 8868798190632500, 8868798190632500, 8868798190632500, 8868798190632500, 8939166934810164, 8939166934810164, 8939166934810160, 8939166934810160, 8939164787326512, 8939164787326512, 8939164787326768, 8939164787326768, 8939164787326768, 8939302226280240]
[8868798190591540, 8868798194785844, 8868798194785844, 8868935633739316, 8868935633804852, 8868935633804852, 8868935633804852, 8868935633804852, 8868935633804852, 8868931338837556, 8868931338837556, 8305981385416244]
[8868798190624308, 8868798190624308, 8868798190624308, 17875997445365300, 17875997445365300, 17875997445365300, 17884793538387508, 17884793538387508, 17884930977340980, 17884930843123252, 17884930843123252, 17884930843123252, 17884930843123252, 17884930843123252, 17884930843123252, 8877731588382260, 8877731588382260, 8877731588382260, 8877731588382260, 8877731588382260, 8877731588382260, 8877731588382260, 8877731588382260, 8877731588382260, 8877731588382260, 8877731588382260, 8877731588382260, 8877731588382260, 8877731588382260, 8877731588382260, 8877731588382260, 8877731588382260, 8877731588382260, 8877731588382260, 8877731588382260, 8877731588382260, 8877731588390452, 8877731588390452, 8877731588390452, 8877731588390452, 8877731588390452, 8877731588390452, 8877731588357684, 8877731588357684, 8877731588357680]
[8868798190624308, 8868798190624308, 8868798190624308, 8868798190624308, 8869897702252084, 8869897702252084, 8869897702252084, 8869897433816628, 8869897433816628, 8869897433816628, 8869897433816628, 8869897433816628, 8869895286332980, 8869895286332980, 8869895286332980, 8869895286332980, 8869895286332980, 8869895286332980, 8869895286332980, 8869895286300212, 8869895286300212, 8869895286300212, 8869895286300212, 8869895219191348, 8869895219191348, 8869895219191348, 8869895219191348, 8869895219191348, 8869895219191348, 8869895219191348, 8869895219191348, 8869895219191348, 8869895219191348, 8869895219191348, 8869895219191348, 8869895219191348, 8869895219191348, 8729157730836020]
[8868798190624308, 8868798190624308, 8868798190624308, 8868797922188852, 8868797922188852, 8868797922188852, 8868797922188916, 8868797922188916, 8868797922188916, 8868797922189172, 8868797922189172, 8868797922189172, 8868797922189172, 8868797922189140, 8868795774705492, 8868795774705492, 8868795774705492, 8868795774705492, 8868795774705492, 8868795774705492, 8868795774705492, 8868795774705492, 8868795774705492, 8868795774181204]
[8868798190624308, 8868797922188852, 8868797922188852, 8868797922188852, 8868797922188852, 8868797922188852, 8868797922188852, 8868797922188852, 8868797922188852, 8868797922188854, 8868797922188854, 8868797922188854, 8868797787971126, 8868797788036662, 8868797788036662, 8868797788036662, 8868797788036662, 8868797788036630, 8868797788036630, 8868797788036630, 8868797788036630, 8868797788036630, 8868797788167702]
[8868798190624308, 8868798190624308, 8868935629577780, 8868935629577268, 8868935629577268, 8868935495359540, 8868935495359540, 8868935495490612, 8868935495490612, 8868935495490612, 8868935495556148, 8868935495556148, 8868935495556148, 8868935495556148, 8939304239733812]
[8868798190624308, 8868798190624308, 8868798190624308, 8868798190624308, 8868798190624308, 8868798190624308, 8868798190624308, 8868798190624308, 8868798190624308, 8868798190624308, 8868798190624308, 8868798190624308, 8868798190624564, 8868798190624564, 8868798190624564, 8868798190624564, 8868798190624564, 8868796043140916, 8868796043140916, 8868796043140916, 8868796043140916, 8868796043140916, 8868796043140916, 8868796043140884, 8868796043140884, 8868796043140884, 8886388229185300, 8886388094967572, 17893587349708564]
[8868798190624308, 8868798190624308, 8868798190624308, 8868798190624308, 8868798190624308, 8868798190624310, 8868798190624310, 8868798190624310, 8868798194818614, 8868798186430006, 8868798186430006, 8868797112688182, 8868797112688182, 8868934551641654, 8868934551641654, 8868934551641654, 8868934551637558]
[8868798190624308, 8868798190624308, 8868798190624308, 8868798190624308, 8868798190624308, 8728060702268980, 8728060702268980, 8728060702268980, 8728060702268980, 8728060702268980, 8728060702268980, 8728060702268980, 8728060702268980, 8728060702268468, 8728060702268468, 8728060702284852, 8728060702284852, 8728060702284852, 8728060702284852, 8728060702284836, 8728060702284836, 8728060702284836, 8728060702284836, 8728060702284836, 8732458748795940, 8732458748795940, 8732458748795940, 8732458748795940, 8732458748795940, 8732458748795940, 8732458748795940, 8732458748795908]
[8886390376668724, 8886390376668724, 8886390376668724, 8886390376668212, 8868798190623796, 8868798190623796, 8868798190623796, 8868798190591028, 8868798190591028, 8868798190591028, 8868798190591540, 8868798190591540, 8868798190591540, 8868798190591540, 8868798190591540, 8868798190591540, 8868798190591540, 8868797922156084, 8868797922156084, 8868797922156084, 8868797922156084, 8868797922156084, 8868797922156084, 8868797922156084, 8868797787938356, 8868797787938356, 8868797787938356, 8868797787938356, 8868797787938420, 8868797787938420, 8868797787938420, 8868797787938420, 8868797787938420, 8868797787937908, 8868797787937908, 8868797787937908, 8868797787937908, 8868797787937908, 8868797787937908, 8868797787946100]
[8868798190624308, 8868798190624308, 8868798190624308, 8873196237135412, 8873196237135412, 8873196237135412, 8873196102917684, 8873196102917684, 8873196102917684, 8873196102917684, 8943564847095348, 8943702286048820, 8943702286048820, 8943702286048820, 8943702286048820, 8943702286048820, 8943702286048820, 8943702277660212, 8943702277660212, 8943702277660212, 8943702277660276]
[8868798190624308, 8868798190624308, 8868798190624308, 8868798190624308, 8868798190624308, 8868798190624308, 8868798190624308, 8868798190624276, 8868798190624276, 8868798190624276, 8868798190624276, 8868798190624276, 8868798190624276, 8868798190624276, 8868798190632468, 8868798190632468, 8866599167376916, 8866599167376916, 8866599167376916, 8866599167376916, 8868798190632468, 8868798190632468, 8869073068539412, 8869073068539412, 8869073068539412, 8869073068539412, 8869072800103956, 8869072800103956, 8869072800103956, 8869072800103956, 8869072800104212, 8869072800071444]
[8868798190624308, 17875997445365300, 17875997445365300, 17875997445365300, 17875997445365300, 17875997445365300, 17880395491876404, 17880395491876404, 17880395491876404, 17880395491876404, 17897987677920820, 17897987677920820, 17897987677920820, 17898125116874292, 17898125116874292, 17898125116874292, 17898125116874292, 17898125116874292, 17898125116874292, 17898125116874294, 17898125116874294, 17898125116874294, 17898125116939830]
[8868798190755380, 8868796043271732, 8868796043271732, 8868796043271716, 8868796043271716, 8868796043337252, 8868794969595428, 8868794969595428, 8868794969595428, 8868794969595428, 8868794969595428, 8868794969595492]
[8868798190624308, 17875997445365300, 17946366189542964, 17946366193737268, 17946366193737268, 17946366193802804, 17946366185414196, 17946366185414196, 17946366185414196, 17946366185414260]
[8868798190624308, 8868798190624308, 8868798190624308, 8868796043140660, 8868796043140660, 8868796043140660, 8868796034752052, 8868796034752052, 8868796034752052, 8868796034752052, 8868796034752052, 8868796034752052, 8868795900534324, 8868795900534324, 8868795900534324, 8868795900534324, 8868795900534324, 8868795900532276, 8868795900532276, 8868795900532276, 8873193947043380, 8873193947043380, 8873193947043380, 8873193947043348]
[8868798190624308, 8868798190624308, 8868798056406580, 8868798056406548, 8868798056406548, 8868798056406548, 8868798056406550, 8868797787971094, 8868797787971094, 8868797787971094, 8868797787971126, 8868797787971126, 8868797787971126, 8868797787971126, 8868797787971126, 8868797787971126, 8868797786922550, 8868797786922550, 8868797786922550, 8868797786922550, 8939166531100214, 8939166531100214, 8939166531100214, 8939166531100214, 8939166531100214, 8939166531100214, 8939166531100214, 8939166531100214, 8939166531100214, 8939166531100214, 8943564577611318]
[8868798190624308, 8868798190755380, 8868798190755380, 8868798190755380, 8868798190755380, 8868798190763572, 8868798190763572, 8868798190763572, 8868797922328116, 8868797922328116, 8868797922328116, 8868797922328116, 8868797922319924, 8868797922319924, 8868797922319924, 8868797922319924, 8868797922319924, 8868797922319924, 8868797922319924, 8868797922319924, 17875997177060916, 17875997177060916, 17875997177060916, 17875997177060916, 17875996640190004, 17875996640190004, 17313046686768692, 17313046686768692, 15061246873083444]
[8868798190624308, 17875997445365300, 17875997445365300, 17875997445365300, 17875997445365300, 17875997445365300, 17875997445365300, 17875997445365300, 17875997445365300, 17875997445365300, 17875997445365300, 17875997445365300, 17875997445365300, 17875997445365300, 17880395491876404, 17880395491892788, 17880395491892788, 17880395491892788, 17880395491892788, 17880395491892788, 17880395491892788, 17880395491892788, 17880395491892788, 17880395491892788, 17880395491892788, 17880395491892788, 17880395491892788, 17880395491892788, 17880395491892788, 17880395491892788, 17880395491892788, 17880395491892788, 17880395491892788, 17880395491892790, 17880395491892790, 17880395491892790, 17880395491892790, 17880395491892854, 17880395491892854, 17880395491892854, 17875997445381750, 17875997445447286, 17875997445447286, 17875997445447286, 17875997445447286, 17875997445447286, 17875997445447286, 17875997445447286, 17877096957075062]
[8868798190624308, 8868798190624308, 8868798190624308, 8728060702268980, 8728060702400052, 8798429446577716, 8798429446577716, 8798429446577716, 8798429446577716, 8798429446577716, 8798429446577716, 8798429446577716, 8798429446577716, 8798429446577716, 8798429446577716, 8798429446544948, 8798429446544948, 8798429446544948, 8798979202358836, 8798979202358836, 8798979202358836, 8798979202358836, 8798979202358836, 8798979202358836, 8798979202358836, 8798979202358836, 8798979202358836, 8798979068141108]
[8868798190624308, 8868798190624308, 8868798190624308, 8868798190624308, 8868798190624308, 8868798190624308, 8868798190624308, 8868798190624308, 8868798190624308, 8868798190624308, 8868798190624308, 8868798190624308, 8868798190624308, 8868798190624308, 8868798190624308, 8868798190624308, 8868798190624308, 8868798190624308, 8868798190755380, 8868798190755380, 8868729471278644, 8868729471278644, 8868729471278644, 8868729471278644, 8868729471278644, 8868729471278644, 8868729471278644, 8868729471344180, 8868729471344180, 8868729475538484, 8868729475538484, 8868729475538484, 8868729475538484, 8868729475538484, 8868729475546676, 8868729475546932]
[8868798190624308, 8868798123515444, 8868798123515700, 8868795976032052, 8868795976032052, 8868795976032052, 8868795976032052, 8868795976032116, 8868795976032116, 8868795976032116, 8868795976032116, 8868795976032116, 8868795976032116, 8868795976032116, 8868795976163188, 8868933415116660]
[8868798190755380, 8868798190755380, 8868798190755348, 8868798190755348, 8868798190755348, 8868798190755348, 8868798190755348, 8868798190755348, 8868798190755348, 8868798190755348, 8868798190755348, 8868798190755348, 8868798190755348, 8868798190755348, 8868798190755348, 8868798190755348, 8868798190231060, 8868798190231060, 8877594283253268, 8877594283253268, 8877594149035540, 8877594149035540, 8877594149035540, 8877594149035540, 8877594149035796]
[8868798190624308, 8868798190624308, 8868798190689844, 8868798190689844, 8868798190689844, 8868798190689844, 8868797922254388, 8868797922254388, 8868797922254390, 8868935361207862, 8868935361207862, 8868935361207862, 8939304105385526, 8939304105385526, 8939304105385526, 8939304096996918]
[8868798190624308, 8728060702268980, 8728060702268980, 8728060702268980, 8728060702268980, 8728060702268980, 8728060702268980, 8728060702268980, 8732458748780084, 8732458748780084, 8732458748780084, 8732458748780084, 8732458748780084, 8732458748780086, 8732458748780086, 8732458748780086, 8732458748780086, 8732458748780086, 8732458748780086, 8732458748780086, 8732458748780086, 8732458748780086, 8732458748780086, 8732458748780086, 8732458748780086, 8732458748780086, 8732458748780086, 8732458748780086, 8730259725524534, 8730259725524534, 8730259188653622, 8730259188653622, 8730259188653622, 8730259188653622, 8730259188653622, 8730259188653622, 8730258920218166]
[8868798190624308, 8868798190624308, 8868798190624308, 8868798190624308, 8868798190624308, 8868796043140660, 8868796043140660, 8868795774705204, 8868795774705204, 8868795774705204, 8868795774705204, 8868795774705204, 8868795774705204, 8868795774705204, 8868795237834292, 8868795237834292, 8868795237834292, 8939163982011956, 8939163982011956, 8939163982011956, 8939163982011956, 8939163982011956, 8939163982011956, 8939163982011956, 8939163982011956, 8939163982011956, 8939163982011956, 8798426493656628, 8798426493656628, 8807222586678836]
[8868798190624308, 8868797922188852, 8868797922188852, 8868797922188852, 8868797922188852, 8868797922188852, 8868797922188852, 8868797922188852, 8877594015211060, 8877594015211060, 8877594015211060, 8877594015211060, 8877594015211060, 8877594015211060, 8877594015211060, 8877594015211060, 8877594015211060, 8947962759388724, 8947962759388724, 8947962759454260, 8947962759454260, 8947962759454324, 8947962759454324, 8947962759454324, 8947962759454324, 8947962759585396]
[8868798190624308, 8868798190624308, 8868798190624564, 8868798190624560, 8868798190624560, 8868798190624048, 8868798190624048, 8868798190624048, 8868798190624048, 8868798190624048, 8868798190624112, 8868798190624112, 8868798190624112, 8868798190624112, 8873196237135216, 8873196237135216, 8873196237135216, 8873333676088688]
[8868798190624308, 8868798190624308, 8868798190689844, 8868798190689844, 8868798190689844, 8886390376734260, 8886390376734260, 8886390376734228, 8886390376734228, 8886390376734292, 8886390376734292, 8886390376734292, 8886390376734292, 8886390376734292, 8886390376734292, 8886390376734292, 8886390376734292, 8886390376734292, 8886390376734292, 8886390376734292, 8886390376734292, 8886390376734292, 8886390376734292, 8886390376734292, 8886390376734292, 8886388229250644, 8886388229250644, 8886388229250644, 8886319509773908]
[8868798190624308, 8868798190624308, 8868798190624308, 8939166934801972, 8939166666366516, 8939166666366516, 8939166666366516, 8939166666366772, 4435567038996276, 4435567038996276, 4435567038996276, 4435567038996276, 4435567038996276, 4435567038996340, 4435567038996340, 4435567038996340, 4435567038996340, 4435567038996340, 4435567038996340, 4435567038996340, 4435567038996340, 4435567038996340, 4435567038996340, 4435567038996340, 4435567038996340, 4435567038996340, 4435566904778612]
[8868798190624308, 8868798190624308, 8868796043140660, 8868796043140660, 8868796043140660, 8868796043140660, 8868796043140660, 8868796043140660, 8868796043140660, 8868796043140660, 8868796043140660, 8868796043140660, 8868796043140660, 8868796043140660, 8868796043140660, 8868796043140660, 8868796043140660, 8868796043140660, 8868796043140660, 8868796043140660, 8868796043140660, 8868796043140660, 8868796043140660, 8868796043140660, 8868796043140660, 8868796043140660, 8868796043140660, 8868796043140660, 8868796043140660, 8868796043140660, 8868795774705204, 8868795774705204, 8868795774705204, 8868795774705204, 8868795774713396, 8868933213666868, 8868933213666870, 8868933213666870, 8868933213666870, 8728195725311542]
[8868798190624372, 8868798190624372, 8868798190755444, 8868798190755444, 8868798190755444, 8868798190755444, 8868797653884532, 8868797653884532, 8868797653884532, 8868797645495924, 8868797645495924, 8868797645495924, 8868797645495924, 8868797645504116, 8868797645504116, 8868728926027380]
[8868798190624308, 8868798190624308, 8868798190624308, 8868798190624308, 8868798190624308, 8868798190624308, 8868798190624308, 8868798190624308, 8868798190624308, 8868798190624308, 8868798190624308, 8868798190624308, 8868798190624308, 8868798190624308, 8868798190624308, 8868798190624308, 8868798190624308, 8868798190624308, 8868798190624308, 8868798190624308, 8868798190624308, 8868798190624308, 8868798190624308, 8868798190624308, 8868798190624308, 8868798190624308, 8868798056406580, 8868798056406580, 8868798056406580, 8868798056406580, 8868798056406580, 8868798056406580, 8868798056406580, 8868798056406582, 8868798056406582, 8868797787971126, 8868797787971126, 8868797788036662, 8868793493069366, 8868793493069366, 8868793493069366, 8868793493069366, 8868793493069366, 8868784903134774]
[8868798190624308, 8868797653753396, 8868797653818932, 8868797653818932, 8868797653818932, 8868797653818932, 8868797653818932, 8868797653818932, 8873195700330036, 8873195700330036, 8873195700330036, 8873193552846388, 8873193552846388, 8873193552846388, 8873193552846388, 8873193552846388, 8873193552846388, 8873193552846388, 8873193552846388, 8873193552846388, 8873193552846388, 8873330991799860, 8873330991799860, 8873330991799860, 8873330991799860, 8890923177844276]
[8868798190624308, 8868798190624308, 8868798182235700, 8868798182235700, 8868797645364788, 8873195691875892, 8873195691875892, 8873195691875956, 8873195691875956, 8873195691875956, 8873195691875956, 8873195691875956, 8873195691875940, 8873195691875940, 17880394946616932]
[8868798190624308, 8868796043140660, 8868796043140660, 8868796043140660, 8868796043140660, 8868796043140660, 8886388229185076, 8886388229185076, 8886388229185076, 8886388229185076, 8886388229185076, 8886525668138548, 8886525668138548, 8886525668138548, 8886525668138548, 8886525668138548, 8886525668138548, 8886525668138548, 8886525668138548, 8886525668138548, 8886525668138516, 8886525668138516, 8886525668138516, 8886525668138516, 8886525668138516, 8886525668138516, 8884326644882964, 8884326644882964, 8884326644882964, 8884326644882964, 8884326644882964, 8866734458838548, 8866734458838548, 8866734458838548, 8866734458838548, 8866734458838548, 8866734458838548, 8866734458846740, 8866734458846740, 8866734458846740, 8866734458846740, 8866734458846740, 8866734458846740, 8866734458846740, 8866734458846740, 8866734458846740, 8866734458846740, 8866734458846740, 8866733921975828]
[8868798190624308, 8868798190624308, 8868798190624308, 8868798190624308, 8868798190624308, 8868798190624308, 8868798190624308, 8868798190624308, 8868797653753396, 8868797653753396, 17875996908494388, 17875996908494388, 17875996908494388, 17875996908494388, 17875996908494388, 17875996908494388, 17875996908494388, 17875996908494388, 17875997445365300, 17876134884318772, 17735397395963444, 17735397395963444, 17735397395963444, 17735397395963444, 17735397395963446, 17735397395963446, 17735397395962934, 17735397395962934, 17735397395962934, 17735397395962934, 17735397395962934, 17735397396094006]
[8868798190624308, 8868798190624372, 8868798190624372, 8868798190624372, 8868798190624372, 8868797653753460, 8868797653753460, 8868797653753460, 8868797653753460, 8868935092706932, 8868935092772468, 8868935092772468, 8868930797805172, 8868930797805172, 8868930797805172, 8868930797805172, 8868930797805172, 8868930797805172, 8868930797805172, 8868930797805172, 8868930797805172, 8868930797936244]
[8868798190624308, 8868798190624308, 8868798182235700, 8868798182235764, 8868798182235764, 8939166926413428, 8939166926413428, 8939166926413428, 8939166926413428, 8939166926413428, 8939166926413428, 8939166926413428, 8939166926413428, 8939166926413428, 8939166926413428, 8939166926413428, 8939166926413428, 8939166926413428, 8939166926544500, 17946366181285492, 17946366181285492, 17946366181285492, 17946366181285492, 17946366181285492, 17946366181285492, 17946366181285492, 17946366181285492, 17946366181285492, 17946366181285492, 17946366181285492, 17946366181285492, 17946366181285492, 17946366181285492, 17946366181285492, 17946366181285492, 17946366181285492, 17946366181285492, 17946366181285492, 17946366181285492, 17946366181285492, 17946366181285492, 17946366181285492, 17946366181285492, 17946366181285492, 17944167158029940]
[8868798190624308, 8868798190624564, 8868798190624564, 8868935629578036, 8868935629578036, 8868935629578036, 8868935629578100, 8868935629578100, 8868935629577588, 8868935629577588, 8868935629577588, 8868935629577588, 8868935629577588, 8868935629577588, 8868935629577588, 8868935629575540, 8868935629575540, 8868935629706612]
[8868798190100020, 8868798190100020, 8868798190100020, 8868798190100020, 8868798190100084, 8868798190100084, 8868798190100084, 8868798190624372, 8868798190624372, 8868798190624372, 8868798190624372, 8868798190624372, 8868798056406644, 8868798055882356, 8868798055882356, 8868798055882340, 8868798055882340, 8868798055882340, 8868798055882340, 8868798055882340, 8868798055882340, 8868798055882340, 8886390241926756, 8886390241926756, 8886390242057828]
[8868798190624308, 8868797922188852, 8868797922188852, 8868797922188852, 8868797922188852, 8868797922188852, 8868797922197044, 8868797922197044, 8868797922197044, 8868797922197044, 8868797922164276, 8868797922164276, 8868797922164276, 8868797922164276, 8868797922164276, 8868797922164276, 8868797922164276, 8868797922164276, 8868797926358580, 8868797926358580, 8868797926489652, 8873195973000756]
[8868798190624308, 8868798190624308, 8868798194818612, 8868798194818612, 8868781014949428, 8868781014949428, 8868781014949428, 8868780880731700, 8868780880731700, 8868780880731700, 8868780880862772, 8868780880862772, 8868780880862772, 8868780880862772, 8868780880862772, 17875980135603764, 17875980135603766]
[8868798190624308, 8868798190624308, 8868798190100020, 8868798190100020, 8868798190100276, 8868798190100276, 8868798190100276, 8868798190100276, 8868798190100276, 8939166934277940, 8939166934277924, 8939166934277924, 8939166934277924, 8939304373231396, 8939304373231396, 8939304373231396, 8939304373231396, 8939304373231396, 8939304373231396, 8939304373231396, 8939304373231396, 8939304373231396, 8939304373231460]
[8868798190624308, 8868729471147572, 8868729336929844, 8868729336929844, 8868729336929844, 8868729336929844, 8868729068494388, 8868729068494388, 8868724773527092, 8868724773527092, 8868724773527092, 8868724773527092, 8868724773527092, 8868724773527092, 8868724773527092, 8868724773527092, 8868724773527092, 8868724773527092, 8868724773527092, 8868724773527092, 8868724773527092, 8868723699785268, 8868723699785524]
[8868798190624308, 8868798190624308, 8868798190624308, 8868798190624308, 8868798190624308, 8868798056406580, 8868798056406580, 8868798056472116, 8868798056472116, 8868798056472118, 8868798056472118, 8868798056472118, 8868798056472118, 8868798056472118, 8939166800649782, 8939166800649782, 8939166800649782, 8939166800649782, 8939166800649782, 8939166800649782, 8939166800649782, 8939166800649782, 8939166800649782, 8939166800649782, 8939166800649782, 8939166800649782, 8939166800649782, 8939166800649782, 8939166800649782, 8939162505682486, 8939162505682550]
[8868798190624308, 8868798190591540, 8868798190591540, 8868797922156084, 8868797922156084, 8868797922156084, 8868797922156084, 8868797922156084, 8868797926350388, 8868797926350390, 8868797926350390, 8868797926350390, 8868797926350390, 8868797926350390, 8868797926350390, 8868797926350390, 8868797926350390, 8869897437978166, 8869897437978166, 8869897437978166, 8869897437978166, 8869897437994550]
[8939166934801972, 8939166934801972, 8939166926413364, 8939166926413364, 8939164778929716, 8939164778929204, 8939164778929204, 8939164778929204, 8939164778929204, 8939164644711476, 8939164644711476, 8939164644711476, 8939164644711476, 8939164644711476, 8939164644711476, 8939164644711476, 8939164644711540]
[8868798190624308, 8868798190624308, 8868798190624372, 8868798190624372, 8868798190624374, 8868796043140726, 8868796043140726, 8868796043140726, 8868796043140726, 8868796043140726, 17875995297881718, 17875995297881718, 17875995297881718, 17875995297881718, 17875995297881718, 17875995297881718, 17875995297881718, 17875995297881718, 17875995297881718, 17875995297881718, 17875995297881718, 17875995297848950, 17875995297848950, 17875995297848950, 17875995297848950, 17875995297848950, 17875995297848950, 17875995297857142]
[8868798190624308, 8868798190624308, 8868798190624308, 8868798182235700, 8868798182252084, 8868798182252084, 8868798182252084, 8868798182252084, 8868798182252084, 8868798182252084, 8868798115143220, 8868797846707764, 8868797846707764, 8868797846707764, 8868797846707764, 8868935285661236, 8868935285644852, 8868935285644852, 8886527471689268, 8886527471689268, 8886527471689268, 8886525324205620]
[8868798190624308, 8868798190624308, 8868798190591540, 8869073068498484, 8869073068498484, 8869073068498484, 8869073068498484, 8869073068564020, 8869068773596724, 8869068505161268, 8869059915226676]
[17875997445365300, 17875997445332532, 17875997445332532, 17893589631376948, 17893589631376948, 17893589631376948, 17893589631376948, 17893589631508020, 17893589631508020, 17893589631508084, 17893589631508084, 17893589631508084, 17893589631508084, 17893589630983796]
[8868798190624308, 8868798190624308, 8868798190624308, 8868797653753396, 8868797653753396, 8868796580011572, 8886388766055988, 8886388766055988, 8886388766055988, 8886388766055988, 8323438812634676, 8323438812634676, 8323438812634676, 8323439886376500, 8323439886376500, 8323439886376500, 8323439886376500, 8323439886376500, 8323439886442036, 8323439886442036, 8323439886442036, 8323439886442036, 8393808630619700, 8393946069573172]
[8868798190624308, 8868798190624308, 8868798190624308, 8868798190624308, 8868798190624308, 8868798190624308, 8868798190624308, 8868798190624308, 8868798190624308, 8868798190624308, 8868798190624308, 8868798190100020, 8869897701727796, 8869897701727796, 8869897701695028, 8869897701695028, 8869897701695028, 8869897164824116, 8869897164824116, 8869897164824116, 8869897164824116, 8869897164824084, 8869897164824084, 8869897164824148]
[8868798190624308, 8868798190624308, 8868798190624308, 8866599167368756, 8866599167368756, 8866599167368756, 8866599167368756, 8866599167368756, 8866599167368756, 8870997213879860, 8870928494403124, 8888520680447540, 8888520680447540, 8888520680447540, 8888520680447540, 8890719703703092, 8890719703703092, 8890719703703094, 8890719703703094, 8890719703703094, 8890719435267638, 8890719435267638, 8890719435267638, 8890719435267638, 8890719435267638, 8890719301049910]
[8868798190624372, 8868798190624372, 8868798190624628, 8868798190624628, 8868797922189172, 8868797922189172, 8868797922189172, 8868797922189172, 8868797922189172, 8868797922189172, 8868797922189172, 8868797922189172, 8868797922189172, 8868797922189172, 8868797922189172, 8868797922189172, 8868797922189172, 8728060433833844, 8728060366724980, 8728060366724982]
[8868798190624308, 8868798190624308, 8868798190624308, 8868798190624308, 8868798190624308, 8868798190624308, 8868798190624308, 8868798190624308, 8868798190624308, 8868798190624308, 8868798190624308, 8869897702252084, 8869897702252084, 8869897702252084, 8869897702252084, 8869897702252084, 8869897702252052, 8869897702252052, 8869897702252052, 8869897702252052, 8869897702252052, 8869897702252308, 17877096956993300, 17877096956993300, 17877096956993300, 17877096956993300, 17877096957124372, 17877096957124372, 17877096957124374]
[8868798190624308, 8873196237135412, 8873196170026548, 8873196170026548, 8873196170026548, 8873196170026548, 8873196170026548, 8873196170026548, 8873196170026548, 8873196170026548, 8873196170026548, 8873196170026548, 8873196170026548, 8873196035808820, 8873196035808820, 8873196035808820, 8873196035808820, 8873196035808820, 8873196035808820, 8873196035808820, 8873196035808820, 8873196035808820, 8873196035808820, 8873196035874356, 8873196035874356, 8873196035874356, 8873196035874356, 8873196035874358, 8873196035874358, 8873196035874358, 8873196035874422]
[8868798190624308, 8869897702252084, 8869897702252084, 8869897702252084, 8869897702252084, 8869897702252084, 8869897702252084, 8869897702252084, 8869897702252084, 8869897702252084, 17877096956993076, 17877096956993076, 17877096956992564, 17877096956992532, 17877096961186836, 17877096961186836, 17877096961186836, 17877096961187092]
[8868798190624372, 8868798190624372, 8868798190624372, 8868798190624372, 8868798190624372, 8868798190624372, 8868798190624372, 8868798190624372, 8868798190624372, 8868798190624372, 8868798190624372, 8868798190624372, 8868798190624372, 8868798190624372, 8868729471147636, 8868729471147636, 8868729471147636, 8868729471213172, 8868729471180404, 8868729471180404, 8868729471180404, 8868729471180404, 8868729471180404, 8868729471180404, 8868729471180404, 8868729471180404, 8868729471180404, 8868729471180404, 8868729471180404, 8868729471180404, 8868729471180404, 8868729471180404, 8868729471180404, 8868798190657140, 8868798190657140, 8868798190657140, 8868798190665332, 8868798190665332, 8868798190665332, 8869897702293108, 8869897702293108, 8870035141246580]
[8868798190624308, 8868798190624308, 8868798190624308, 8868798190624308, 8868798190624308, 8868798190624308, 17875997445365300, 17875997449559604, 17875997449559604, 17875997449557556, 17875997449557556, 17875997449557556, 17875997449557556, 17875997449557524, 17875997449557524, 17875997449557524, 17875997449033236, 17876134887986708]
[8868798190624308, 8868798190624308, 8868798190624308, 8868798190624308, 8868798056406580, 8868798056406548, 8868798056406548, 8868798056406548, 8873196102917652, 8873196102917652, 8873196102917652, 8873196102917652, 8873196102917652, 8873196102917652, 8943564847095316, 8943564847095316, 8943564847095316, 8943702286048788, 8943702286048788, 8943702286048788, 8943702286048788, 8943702286048788, 8943702286048788, 8943702286048788, 8943702017613332]
[8868798190624308, 8868798190624308, 8868935629577780, 8868935629577780, 8868935629577780, 8868935629577782, 8868935629577750, 8868935092706838, 8868935092706838, 8868935092706838, 8868935092706838, 8868934958489110, 8868934958489110, 8868934958489110, 8886527144533526]
[8868798190624308, 8868798190624372, 8873196237135476, 8873196237135476, 8873196237143668, 8873196237143668, 8873196237143668, 8873196237143668, 8873333676097140, 8873333676097140, 8873333676097140, 8873333676097140, 8873333676097396, 8873333676097396, 8873333676097396, 8873333676097396, 8873333676097396, 8873333676097396, 8873333676097396, 8873333676097396, 8873333676097396, 8873333676097396, 8873333676097396, 8873333541879668]
[8868798190624308, 8868798190624308, 8868798190755380, 8868798190755380, 8868798190755380, 8868798190755380, 8868798190755380, 8868798190755380, 8868798190755380, 8868798190755380, 8868798190755380, 8868798190755380, 8868798190755380, 8868798190755380, 8868798190755380, 8868798194949684, 8868798194949684, 8868798194949684, 8868798186561076, 8868798186561076, 8868798186561076, 8868798186561076, 8868798186561076, 8868798186561076, 8868798186561076, 8868798186561076, 8868798186561076, 8868798186561076, 8868798186561076, 8868798186561076, 8868797649690164, 8868795502206516, 8868795502206516, 8868795502206516, 8868795502206516, 8868795502206516, 8868795502206516, 8868795502206516, 8868795502173748]
[8868798190624308, 8868798190624308, 8868798190624308, 8868798190591540, 8868798190599732, 8868935629553204, 8868935629553204, 8868935629553204, 8868935629553204, 8868935629553204, 8868935629553200, 8868935629553200, 8868935629553200, 8868935629553200, 8868935629553200, 8868935629553200, 8868935629553202, 8868935629553202, 8868935629553202, 8868935629553202, 8868935629553202, 8868935629553202, 8868935629553202, 8868935629553202, 8868935629553202, 8868935629553202, 8868935629553202, 8868935629553202, 8868935629553202, 8868935629553202, 8868935629551154]
[8868798190624308, 8868798190624308, 8868798190755380, 8868798190755348, 8886390376799764, 8886527815753236, 8886527815753492, 8886527815753492, 8886527815753492, 8886527815753492, 8886527815753492, 8886527815753492, 8886527815753492, 8886527815753492, 8895323908775700]
[8868798190624308, 8868798190624308, 8868798190624308, 8868798190624308, 8868798190624308, 8868798190624308, 8868798190624564, 8868798190624564, 8868798190624564, 8868798190624564, 8868798190624564, 8868798190624532, 8868798182235924, 8939166926413588, 8939166926413588, 8939166926413588, 8939166926413588, 8939166926413588, 8939166926413588, 8939166926413588, 8939166926413588, 8798429438058260, 8798429438058260, 8798429438056212]
[8868798190624308, 8868798190624308, 8868798190624308, 8868798190624308, 8868798190624308, 8868798190623796, 8868798190623796, 8868798190623796, 8873196237134900, 8873333676088372, 8873333676088372, 8873333676088372, 8873333676088372, 8873333676088372, 8873333676088372, 8873333676088372, 8873333676088372, 8873333676088372, 8873333676088372, 8873333676088372, 8873333676088372, 8873333676088372, 8873333676088372, 8873333676084276, 8873333676084276, 17880532930825268, 17880532930825268, 17880532930825268, 17880532930825268, 8873333676084276, 8873333676084276, 8873333676084276, 8873333676084276, 8873333676084276, 8873333676084276, 8873333676084276, 8873333676084276, 8873333676215348, 8873333676215348, 8873333676280884]
[8868798190624308, 8868798190624308, 8868798190624308, 8868798190624308, 8868935629577780, 8868935629545012, 8868935629545012, 8868935629545012, 8868935629545014, 8868935361109558, 8868935361109558, 8868935361175094, 8868935361175094, 8868935361175094, 8868935361175094, 8868935361175094, 8868935361175094, 8868935361175094, 8868935361175094, 8868935361175094, 8868935361175094, 8868935361175094, 8868935361175094, 8868935361175094, 8868935361175094, 8868935361175094, 8868935361175094, 8868935361175094, 8877731454197302]
[8868798190624308, 8868798190624308, 8868798056406580, 8868798056406580, 8868798056406580, 8868798056406580, 8868798056406644, 8868798056406644, 8868798056406644, 8868798056406644, 8866599033151092, 8866599033151092, 8866599033151092, 8866599033151092, 8866599033151092, 8866599033151092, 8866599033151092, 8866599033151092, 8866599033151092, 8866599033151348, 8866599033151348, 8866599033151348, 8884191219195764, 8954559963373428]
[8868798190624308, 8868798190624308, 8868798190624308, 8868798190624308, 8868798190624308, 8868798190624308, 8868798190624308, 8873196237135412, 8873191942168116, 8873191942168116, 8873191942168116, 8873191807950388, 8873191807950388, 8873191807950388, 8873191807950388, 8873191807950388, 8873191807950388, 8873191807950388, 8890783993994804, 8961152738172468, 8961152738172468, 8961152738172468, 8961152738172468, 8961152742366772]
[8868798190624308, 8868798190624308, 8868935629577780, 8868935629577780, 8868935629577780, 8868935629577780, 8728198141222452, 8728198141222452, 8728195993738804, 8728195993738804, 8728195993738804, 8728195993738804, 8728745749552692, 8728745749552692, 8728745749552692, 8728745749552676, 8728745749519908]
[8868798190624308, 8868798056406580, 8868798056406580, 8868798056406580, 17875997311147572, 17875997311147572, 17875997311147572, 17875997311147828, 17875997311147828, 17875997311147828, 17875997311147796, 17875997311147796, 17875997311147796, 17880395357658900, 17880395357658900, 17880395357658900, 17880395357658900, 17880395357658900, 17880395357658900, 17880395357658900, 17880395357658900, 17880395357658900, 17880395357658900, 17880395357658900, 17880395357658900, 17880395357658900, 17880395357658900, 17880395357658900, 17880395357658900, 17880395357658900, 17880395357658900, 17880395357658900, 17880395357658900, 17880395357658900, 17880395357658900, 17880532796612372]
[8868798190624308, 8868798190624308, 8868798190624308, 8868798190624308, 8868797922188852, 8868797922188852, 8868797922188852, 8868797922188852, 8868797922188852, 8868797922188852, 8868797922188852, 8868797922197044, 8868797922197044, 8868797922197044, 8868797922197044, 8868797787979316, 8868797787979316, 8868797787979316, 8868797787979316, 8868797787979316, 8868797787979316, 8868797787979300, 8868797787979300, 8868797787979300, 8868797787979300, 8868797787979300, 8868797787979300, 8868797787979300, 8868797787979300, 8868797787979316, 8868797787979316, 8868797251108404, 8939165995286068, 8939165995286068, 8939165995417140]
[8868798190624308, 8868798190755380, 8868798190755380, 8868798190755380, 8868798190755380, 8868798190755380, 8868798190763572, 8868798190632500, 8868781010763316, 8868781010763316, 8868781010763316, 8868779937021492, 8873177983532596, 8873177983532596, 8873177983532596, 8873177983532596, 8873177983663668, 8873177983663668, 8873177983663668, 8873177983663668, 8873177983663668, 8873177983663668, 8873177983663668, 8873177983663668, 8873177983663668, 8873177849445940]
[8868798190624308, 8868798190624308, 8868798190624308, 8868798190624308, 17875997445365300, 17875997445365300, 17875997445365300, 17875997445430836, 17875996908559924, 17875996908559924, 17875996908559924, 17875996908559924, 17875996908559924, 17875996908559924, 17946365652737588, 17946365652737588, 17946365652737588, 17946365652737588, 17946365652737588, 17946365652737588, 17946365652704820, 17946365652835892]
[8868798190624308, 8866599167368756, 8866599167368756, 8866599167368756, 8866599167368756, 8866599167368756, 8866599167368756, 8866599167368756, 8866599167368756, 8866599033151028, 17873798287892020, 17873798287892020, 17873798287892020, 17873798287892020, 17873798287892020, 17873798287892020, 17873798287892020, 17873798287892020, 17874897799519796, 17874897799536180, 17874897799536180, 17874897799536180, 17874897799011892]
[8868798190632500, 8868798190632500, 8868798190632500, 8868798190632500, 8868798190632500, 8868798190632500, 8868798190632500, 8868798190632500, 8868798190763572, 8868798190763572, 17875997445504564, 17875997445504566, 17875997445504566, 17875997445504566, 17875997445503542, 17875997445503542, 17875997445499446]
[8873196237135412, 8873196237135412, 8873196236611124, 8873196236611124, 8873196236611124, 8873196236611124, 8873196236611124, 4369596609240628, 8873196236611124, 8873196236676660, 8873196236676660, 8873196236676660, 8873196236414516, 8873196236414516, 8873196236414516, 8873196236414516, 8873196236414516, 8873196236422708, 8873196236422710]
[8868798190624308, 8873196237135412, 8873196237135412, 8873196237135412, 8873196237135412, 8873196237135380, 8873196237135380, 8873196237135380, 8873333676088852, 8873333676088852, 8873333676088852, 8873333676088852, 8873333676088852, 8873333676088852, 8873333676088852, 8873333676088852, 8873333676088852, 8873333676088852, 8873333676088852, 8873333676088852, 8873333676088836, 8873333676088836, 8873333676088836, 8873333676088836, 8873333676088836, 8873333676088836, 8873333676088836, 8873333676088836, 8873333676088836, 8882129769111044, 8882129769111044, 8882129769111044, 8882129769111044, 8882129232240132]
[17875997445365300, 17875997445365300, 17875997445365302, 17875997445365302, 17875997445365302, 17875997445365302, 17875997445365302, 17875997445365302, 17875997445365302, 17875997445496374, 17875997445496374, 17875997445496374, 17875997445496374, 17875997445496374, 17875995298012726, 17875995298012726, 17875995298012726, 15624195484327478, 15624195484327734]
[8868798190624308, 8868798190624308, 8868798190624308, 8868798190624308, 8868798190624308, 8305848237202996, 8305848237202996, 8305848237202996, 8310246283714100, 8310246283714100, 8310246283845172, 8310246283812404, 8380615027990068, 8380615027990068, 8380615027990068, 8380612880506420]
[8868798190624308, 8868798190624308, 8866599167368756, 8866736606322228, 8867836117950004, 8867836117950004, 8867836117950004, 8867836118081076, 8867836118081076, 8867836118081076, 8867836118081076, 8867836118081076, 8872234164592180, 8872234164592180, 8872234164600372]
[8868798190755380, 8868798190755380, 8868798190755380, 8868798190755380, 8868797117013556, 8868797117013556, 8868797117013556, 8868797117013556, 8868797117013556, 8868797117013556, 8868797117013556, 8868797117013556, 8868797117013556, 8868797117013556, 8868797117021748, 8868797117021748, 8868797117021748, 8868797117021748, 8868797117021748, 8868797117021748, 8868797117087284, 8868797117087284, 8868796848651828, 8868796848651828, 8868796848651828, 8868796848651828, 8868796848651828, 17875996103392820]
[8868798190624308, 8868798190624308, 8868798190755380, 8886390376799796, 8886390376799796, 8886390376799796, 8886390376816180, 8886390376816180, 17893589631557172, 17893589631557172, 17893589497339444, 17893589497339444, 17893589497339444, 17893589497339444, 17893589497339444, 17893589497339444, 17893589497339444, 17893589497339444, 17893589497339444, 17893589497339446]
[8868798190624308, 8868798190624308, 8868798190624308, 8868798190624308, 8868797653753396, 8868797653753396, 8868797653753396, 8868797653753396, 8868797653761588, 8868797653761588, 8868797653761588, 8868797653761588, 8868797653761588, 4365198026391092, 4365198026391092, 4365198026391092, 4365198026391092, 4435566770568756, 4435566770568756, 4435566770568756, 4435566770568756, 4435566770568756, 4435566770568758, 4435566762180150]
[8868798190624308, 8868798190624308, 8868798190624308, 8868798190624308, 8868798190624308, 8868798190624308, 8868798190624308, 8868798190624308, 8868798190624308, 8868798190624308, 8868798190624308, 8868798190624308, 8868798190624308, 8868798190640692, 8868798190640692, 8868797116898868, 8868797116898868, 8868797116898868, 8868797116964404, 8869071994871348, 17876271249612340, 17876271249612340, 17876271249612340, 17876271249612340, 17876271249612340, 17876271249612340, 17876271249612340, 17876271249088052]
[8868798190624308, 8868798190624308, 8868798190624308, 8868798190624308, 8868798190624308, 8868798190624308, 8868798190624308, 8728060702268980, 8727991982792244, 8727991982792244, 8727991982792500, 8727991982792500, 8727991982792500, 8727991982792500, 8727989835308852, 8727989835308852, 8727989835308852, 17735189090049844, 17735189090049844, 17735189090049844, 17735189090049844, 17735189090049844, 17735189090049844, 17752781276094260]
[8868798190624308, 8868798190624308, 8868798190624308, 8868798190624308, 8868798190624308, 8868798190624308, 8868798190624308, 8868798190624308, 8868798190624308, 8868798190624308, 8868798190624308, 8868798190624308, 8873196237135412, 8873196102917684, 8873196102917684, 8873195834482228, 8873195834482228, 8873195834482228, 8943564578659892, 8943564578659892, 8943564578659892, 8943564578659860, 8943564570271252]
[8868798190689844, 8868798056472116, 8868798056472116, 8868798056472116, 8868798056472116, 8868798056472116, 8868798056472116, 8868798056472116, 8868798056472116, 8939166800649780, 8939166800649780, 17946366055390772, 17946366055390772, 17946366055390772, 17946366055390772, 17946366055390772, 17946366055390772, 17946366055390772, 17946366055390772, 17946366055390772, 17946361760423476, 17946361760423476, 17946361760423476, 17946361760423476, 17946361760423476, 17946361760423476, 17946361760423476, 17946361760423476, 17383411807002164]
[8868798190624308, 8868798190624308, 8868798190624308, 8868798190624308, 8868798190624308, 8868798190622260, 8868935629575732, 8868935629575732, 8868935629575734, 8868935629575734, 8868935629575734, 8868935629575734, 8868935629575734, 8868935629575734, 8868935629575734, 8868935629575734, 8868935629575734, 8868935629575734, 8868935629575734, 8868935629575734, 8868935629575734, 8868935629575734, 8868935629575734, 8868935629575734, 8868935629575734, 8868935629575734, 8868935629575734, 8868935629575734, 8868935629575734, 8868935629575222, 8868935629575190, 8868935629575190, 8868935629575190, 8868935629575190, 8868935629575190, 8868935629575190, 8870035141202966]
[8868798190624308, 8868798190624308, 8868798190624564, 8728060702269236, 8728060702269236, 8728060702269236, 8728060702269236, 8728060635160372, 8728060635160372, 8728060635160372, 8728056340193076, 8728056340193076, 8728056340193076, 8728056340193076, 8728056340193076, 8728056340258612, 8728056340258676]
[8868798190624308, 8868798190624308, 8868798190689844, 8868798190689844, 8868798190689844, 8868798190689844, 8868798190687796, 8868798190687796, 8868797922252340, 8868797922252340, 8868797922252340, 8868797922252342, 8868797855143478, 8868797855143478, 8869897366771254]
[8868798190624308, 8873196237135412, 8873196237135412, 8873196237266484, 8873196237266484, 8873196237266484, 8873194089782836, 8873194089782836, 8873194089782836, 8873194089782836, 8873194089782836, 8873194081394228, 8732456593038900, 8732387873562164]
[8868798190624308, 8868798190624308, 8868798190624308, 8868798190689844, 8868798190689844, 8868798190689844, 8868798190689844, 8868798190689844, 8868798190689844, 8868798190689844, 8868729471213108, 8868729471213108, 8868729471213108, 8868729471213108, 8868729471213108, 8868725176245812, 8869824687873588, 8869823614131764, 8869815024197172]
[8868798190624308, 8868798190689844, 8868798190689844, 8868798190690100, 8868798190690100, 8886390376734516, 8886390376734516, 8886390376734516, 8886390376734516, 8886386081767220, 8886386081767220, 8886386081767220, 8886386081767220, 8886386081767220, 8886386081767220, 8886386081767220, 8886386081767220, 8886386081767220, 8886386081898292, 8886386081906484]
[8868798190624308, 8868798190624308, 8868798190624308, 8868798190624308, 8868798190624308, 8868798190624308, 8868798190624308, 8868798190624292, 8868798190624292, 8868798190632484, 8868798190632484, 8868798190632484, 8868798190632484, 8868798190632484, 8868798190632484, 8868798190632484, 8868798190632484, 8868798190632484, 8868798190632484, 8868798123523620, 8866599100268068, 8866599100268068, 8866599100268068, 8866599100268068, 8866599100268068, 8866599100268068, 8866599100399140, 8866599100399140, 4362999473028644]
[17875997445365300, 17875997444841012, 17875997444841012, 17875997444841012, 17875997444841012, 17875997444906548, 17875997444906548, 17875997444906548, 17875997444873780, 17875997444873780, 17875997444873780, 17875997444873780, 17875997444873780, 17875997444873780, 17875997444873780, 17875997444873780, 17875997444873780, 17875997444873780, 17875997444873780, 17875997449068084, 17875997449068084, 17875997449068084, 17875997449068084, 17875997449068084, 17875997449068084, 17875997449068084, 17875997449068084, 17875928729591348]
[8868798190624308, 8868729471147572, 8868729471114804, 8868729471114804, 8868729471114804, 8868729471114804, 8869828982742580, 8869828982742582, 8869828982742582, 8869828982742582, 8869828848524854, 8869828848524854, 8869828848524854, 8869828848524854, 8869828848524854, 8869828848524854, 8869828848524854, 8869828848524854, 8869828848524854, 8869828848524854, 8869828848524854, 8869828848524854, 8874226895035958]
[8868798190624308, 8868798190624308, 8868797922188852, 8868797922254388, 8868797922254388, 8868797922254388, 8868797922221620, 8868797922221620, 8868797922221620, 8868797922221620, 8868797922221620, 8868797922221622, 8868797922221622, 8868797922221622, 8868797922221622, 8868793627254326, 8868793627254326, 8868793627254326, 8868793627254326, 8868793627254326, 8868793627254326, 8868793627254326, 8868793627254326, 8868793627254326, 8868793560145462]
[8868798190624308, 8868798190624308, 8868798056406580, 8886390242450996, 8886390242450996, 8886390242450996, 8886390242450996, 8886390242450996, 8886390242450996, 8886390242450996, 8886390242450996, 8886389974015540, 8886389974015540, 8886389974015540, 8886389974015540, 8886389974015540, 17893589228756532, 17893589228756532, 17893589228756532, 17875997042712116, 17875997042712100, 17875997042712100, 17875997042712100, 17875997042712100, 17875997042187812, 17946365786365476]
[8868798190624308, 8868798190624372, 8868798190624374, 8868798190624374, 8866599167368822, 8866599167368822, 8866599167368822, 8866599167368822, 8866599167434358, 8866599167434358, 8866599167434358, 8866599167434614, 8866599167401846]
[8868796043140660, 8868795774705204, 8866596751449652, 8866596751449652, 8866596751449652, 8866596751449652, 8866596751449652, 8866596751449652, 8866596751449652, 4362997124079156, 4362997124079156, 4362997124079156, 4362997124079156, 4362997124079156, 13370196378820148, 13370196378820148, 13370196378820148, 13370196378820148, 13370196378820148, 13370196378820148, 13370196378295860]
[8868798190624308, 8868798056406580, 8868798056406580, 8868798056406580, 8868798056406580, 17875997311147572, 17875997311213108, 17875997311213108, 17875997311213108, 17875997311213108, 17875997311213108, 17875997310688820, 17875997310688820, 17875997310688820, 17875997310688820, 17875997310688820, 17875997310688820, 17875997310688820, 17875997310688820, 17875997310688788, 17875928591212052]
[8868798190624308, 8868798190624308, 8877594283646516, 8877594283646516, 8877594283646516, 8877594283646516, 8877594283646004, 8877594283646004, 8877594283646004, 8877594015210548, 8877594015210548, 8877594015210548, 8877594015210548, 8877731454164020, 8877731454164020, 8877731454164020, 8877731454164020, 8877731454229556, 8877731454245940]
[8868798190624308, 8868798190624308, 8868798190624308, 8868798190624308, 8868935629577780, 8868935629577780, 8868935629643316, 8868935629643316, 8868866910166580, 8868866910166580, 8868866910166580, 8869966421794356, 8869966421794356, 8869966421794356, 8869966421794356, 8869966421794356, 8869966421794356, 8869966421794324, 8869966421794324, 8869966421794324, 8869966421794324, 8869966421794324, 8869966421794324, 8869966421794324, 8869966421794324, 8869966421794324, 8729228933438996]
[8868798190624308, 8868798194818612, 8868798060600884, 8868798060600884, 8868798060600884, 8868798060600884, 8868798060600884, 8868798060600884, 8868798060600884, 8868798060600884, 8868798060600884, 8868798060600884, 8868798060600884, 8868798060076596, 8868796986334772, 8868796986334772, 8868796986334260, 8868796986334260, 8868796986334260, 8868794838850612]
[8868798190624308, 8868798190624308, 8868798190624308, 8868729471147572, 8868729471147574, 8868729471147574, 8868729471147574, 8868729471147574, 8868729471147574, 8868729471147574, 8868729471147574, 8868729471147574, 8868729471147574, 8868729471147574, 8868729471114806, 8868729471114806, 8868729471114806, 8868729471114806, 8868729471114806, 8868729471114806, 8868729471114806, 8868729471114806, 8868729471114806, 8868729471114806, 8868729471114870, 8868729471114870, 8868729471114870, 8868729471114870, 8868729471114870, 8868729471114870, 8868729471114870, 8868729471114870, 8869828982742646, 8869828982742646, 8869828982742646, 8869828982742646, 8869828982742646, 8869828982742646, 8869828982742646, 8869828982742646, 8869828982742646, 8869828982742646, 8869828982742646, 8869828982742646, 8869828982742646, 8869828982742646, 8869828982742646, 8869828982742646, 8869828982742646, 8869828982742646, 8869828982742646, 8869828982742646, 8869828982742646, 8869828982742646, 8869828982742646, 8869828982742646, 8869828982742646, 8869828982742646, 8869828982742646, 8869828982742646, 8869828982742646, 8869828982808182]
[8868798190624308, 8873196237135412, 8873196237135412, 8873196237135412, 8873196237135412, 17880395491876404, 17880326772399668, 17880326772399668, 17880326772407860, 17880326772408116, 17880326772408116, 17880326772408116, 17880326772408116, 17880326772408116, 17880326772408116, 17880326772408116, 17880876528222004]
[8868798190755380, 8868798190755380, 8868798190755380, 17875997445496372, 17875997445496628, 17875997445496628, 17875997445496628, 17875997445496628, 17875997445496628, 17875997445496628, 17875997445496628, 17875997445496628, 17875997445496628, 17875997445496628, 17875997445496628, 17875997445496628, 17875997445496628, 17875997445496628, 17875997445496628, 17875997445496596, 17875997445463828, 17875997445463828, 17875997445463828, 17875997445463828, 17875928725987092]
[8868798190624308, 8868798190624308, 8868798190624308, 8868798056406580, 8868798056406580, 8868798056414772, 8868798056414772, 8868798056414772, 8868798056414772, 8868798056414772, 8868798055890484, 8868798055890484, 8868798055890484, 8868798060084788, 8868798060084788, 8868797791649332, 8868797791649332, 8868797791649332, 8868797792173620, 8868797792173620, 8868797792173620, 8868797255302708, 8868797255302708, 8868797255302708, 8868797255302708, 8868797255302708, 8868797255302708, 8868797255302708, 8868797246914100]
[8868798190624308, 8868798190624308, 8868798190624308, 8868798190624308, 8868798190624564, 8868798190624566, 8868798190624566, 8868798190624566, 8869897702252342, 8869897693863734, 8869897693863734, 8869897693863734, 8869897693863734, 8869897693863734, 8869897693863734, 8869897693863734, 8869897693863734, 8869897693863734, 8869897693863718, 8940266438041382]
[8868798190624308, 8868798190623796, 8868798190623796, 8868798190623796, 8868798190623796, 8868798190623796, 8868798190623796, 8868798190623796, 8868798190623860, 8868798190623860, 8868798190623862, 8868798190623862, 8868797922188406, 8868797922196598, 8886390108241014]
[8868798190624308, 8868798190624308, 8868798190624308, 8868798190624308, 8868935629577780, 8868935361142324, 8868935361142324, 8868935361142324, 8587460384431668, 8587460384431668, 8587460384431668, 8587460384431668, 8587460384431668, 8587460384431668, 8587460384431668, 8587460384431668, 8587460384431668, 8587460384431668, 8587460384431668, 8587460384431668, 8587460384431668, 8587460384431668, 8587460384431668, 4083860757061172, 4083860757061172, 4083860757061172, 4083860757061172, 4083860757061172, 4083860757061172, 4083860757061172, 4083860757061172, 4083860757061172, 4083860757061172, 4083860757061172, 4083860757061172, 4083860757061172, 4083860757061172, 4083860757061172, 4083860757061172, 4083860757061172, 4083860757061172, 4083860757061172, 4083860757061172, 4083860757061172, 4083860757061172, 4083860757061172, 4083856462093876, 4083856462093876, 4083856462093876, 4083856462093876, 4083856462093876, 4083856462093876, 4083847872159284]
[8868798190624308, 8868798190624308, 8868798190624308, 8868798190624308, 8868798190624308, 8868798190624308, 8939166934801972, 8939166934801972, 8939166934801972, 8939166934801974, 8939166934801974, 8939166934801974, 8939304373755446, 8939304373755446, 8939304373755446, 8939304373755446, 8939304373755446, 8939304373755446, 8939304373755446, 8939304373755446, 8937105350499894, 8937105350499894, 8937105350499894, 8937105350499894, 8937105350499894, 8937105350499894, 8937105350499894, 8937105350499894, 8937105350499894, 8937105350499894, 8945901443522102, 8945901443522102, 8945901443522102, 8945901443522102, 8945901443522102, 8945901443522102, 8945901443522102, 8945901443522102, 8945901443522102, 8945901443489334]
[8868798056406580, 8868798056406580, 8868798056406580, 8868798056406580, 8868798056406580, 8868798056406580, 17875997311147572, 17876134750101044, 8868935495360052, 8868935495360308, 8868935495360308, 8868935495360308, 8868935495360308, 8868935495360308, 8868935495360308, 8868935499554612, 8868935499562804, 8868935499562804, 8868935499562804, 8868935499562804, 8868935499562804, 8868935499562804, 8868935499562804, 8868935499562804, 8868935499562804, 8868935499562804, 8868935499562804, 8868935499562804, 8868935499562804, 8868935499562804, 8868935499562806]
[8868798190624308, 8868798190624308, 8868798190624308, 8868798190624308, 8868798190689844, 8868798190689844, 8868798190689844, 8868798190706228, 8868798190706228, 8868798190706228, 8868798190706228, 8868798190706228, 8868798190706228, 8868798190706228, 8868798190706228, 8868798190706228, 8868798190706228, 8869347946520116, 8869622824427060, 8869618529459764, 8869618529459764, 8874016575970868]
[8868935629577780, 8868935629577780, 8868935629577780, 8868935629577780, 8868935629577780, 8868935629577780, 8868935629577780, 8868935629577780, 8868935629577780, 8868935629577780, 8868935629577780, 8868935629708852, 8868935629708852, 8868935629708852, 8868935629708854, 8868935629708854, 8868935629708854, 8868935629708854, 8868935629708854, 8873333676219958, 8873333676219446, 8873333676219446, 8873333676186678]
[8868798190624308, 8868798190624308, 8868798190624308, 8886390376668724, 8886390108233268, 8887489619861044, 8887489619861044, 8887489619861044, 8887489619861044, 8887489619861044, 8746752131505716, 8746752131505716, 8746752131505717, 8746752131505717, 8746752131505717, 8746752135700021]
[8868798190755380, 8868798190755380, 8868798190755380, 8868798190755380, 8868798190755380, 8873196237266484, 8873196237266484, 8873196237266484, 8873196237266484, 8873196237266484, 8873196237266484, 8873196237266484, 8874295748894260, 8874295748894260, 8874295748894260, 8874295748894260, 8874295748894262, 8874295748894262, 8874295748894262, 8874295748894262, 8874295748894262, 8874295748894262, 8874295753088566, 8874295753088566, 8874295753088566, 8874295753088566, 17881495007829558]
[8868798190624308, 8868798190624308, 8868798190624308, 8868798190640692, 8868798190640692, 8868798190771764, 8873196237282868, 8873196237282868, 8873196237282868, 8873196237282868, 8873196103065140, 8873196103065140, 8873196103065140, 8873196103065140, 17880395357806132, 17880395357806388]
[8868798190624308, 8868798190624372, 8868798190689908, 8868797922254452, 8868797922254452, 8868797922254452, 8868797922254454, 8868797922254454, 8868797922254454, 8868797922262646, 8868797922262646, 8868797922262646, 8869897433890422]
[8868798190624308, 8868798190624308, 8868798190624308, 8868798190624308, 8868798190624372, 8868798190624372, 8868798190624372, 8868798190624372, 8868798190624372, 8868798190624372, 8868798190624372, 8868798190100084, 17875997444841076, 17875997444841076, 17875997444841076, 17880395491352180, 17880395491352180, 17880395491352180, 17880395491352180, 17880395491352436, 17880395491352436, 17880395491352436, 17880395491352436, 17880395491352436, 17880395491352436, 17880395491352436, 17880395491352436, 17880395357134708]
[8868798190624308, 8868798190624308, 8868798190624308, 8868798190624308, 8868798190624372, 17875997445365364, 17875997445365364, 17880395491876468, 17880395491876468, 17880395491876468, 17880395491876468, 17880395491876468, 17880393344392820, 17880393344392820, 17880393344392820, 17880393344392820, 17880393344392820, 17880393344392820, 17880393344392820, 17880393344392820, 17880393344523892, 17880393344524148]
[8868798190624276, 8868798190624276, 8868798190591508, 8868798190591508, 8868798190591508, 8868798190591508, 8868798190591508, 8868798190591508, 8868798190591508, 8868798190591508, 8868798190591508, 8868798190590996, 8868798190590996, 8868935629544468, 8868935629544468, 8868866910067732, 8868866842958868]
[8868798190624308, 8868935629577780, 8868935629577780, 8868935629577780, 8868935629577780, 8868935629577780, 8868935629577780, 8868935633772084, 8866736610516532, 8866736610516532, 8866736610516532, 8866736610516788, 8866736610516788, 8866736610516852, 8866736610516852, 8866736610516852, 8866736610516852, 8866736610516852, 8866736610516852, 8866736610516852, 8866736610516852, 8866736610516852, 8866736610516852, 8866736610516852, 8866736610516852, 8866736610516852, 8871134657027956]
[8868798190624308, 8868798190624564, 8868798190624564, 8868798190624566, 8868798190624566, 8868798190624630, 8868798190624630, 8868798190624630, 8868798190624630, 8868798190624630, 8868798190624630, 8868798190624630, 8868798190624630, 8868798190624614, 8868798190624614, 8868798190624614, 8868798190624614, 8868798190624614, 8868798190624614, 8868798190624614, 8868798190624614, 8868798190624614, 8868798190624614, 8868798190624614, 8939166934802278, 8939166926413670]
[8868798190624308, 17875997445365300, 17875997445363252, 17875997445363252, 17875997445363254, 17875997445363254, 17875997445363254, 17875997445363254, 17875996908492342, 17875996908492342, 17875996908492342, 17875996908492598, 17875996908492598, 17875996908492598, 17875996908492598, 17875996908492598, 17880394955003702]
[8868798190624308, 8868798190624308, 8868798190624308, 8868798190624308, 8868798190624308, 8868798190624308, 8868798190624308, 8868798190624308, 8868798190624308, 8868798190624308, 8868798190624308, 8868798190624308, 8868798190624308, 8868798190624308, 8869897702252084, 8869897702252084, 8869897702252084, 8869897702252084, 8869897702252084, 8869897702252084, 8869897702252084, 8869897702252084, 8869897702252084, 8869897702252084, 8869897702252148, 8869897706446452, 8869897706446452, 8869897706446452, 8869897706446452, 8869897706446454, 8869897702252150, 8869897702252150, 8874295748763254, 8874295748763254, 8874295614545526, 8874295614545526, 8733558126190198]
[8868798190624308, 8868798190624308, 8868798190624308, 8868797922188852, 8868797922188852, 8866598898933300, 8725861410577972, 8725861410577972, 8725861410545204, 8725861410545204, 8725861410545204, 8725861343436340, 8725861343436404]
[8868798190624308, 8868798190624310, 8868798190624310, 8868798190632502, 8868798190628406, 8868789600693814, 8868789600693814, 8869064478600758, 8869064478600758, 8869073068535350, 8869073068535318, 8869073068535318, 4365473441164822]
[8868798190624308, 8868798190624308, 8868798190755380, 8868798190755380, 8868798190755380, 8868798190755380, 8868798190755380, 8868798190755380, 8868798190755380, 8868798190820916, 8868798190820916, 8868798190820916, 8868798190820916, 8868798190820916, 8868935629774388, 8868935629774388, 8868935629774388, 8868935629774388, 8870035141402164, 8870035141402420, 8870035141402420, 8874433187913524]
[8868798190624308, 8868798190624308, 8873196237135412, 8873196237135412, 8873196237135412, 8873196237135412, 8873196237135412, 8873196237135412, 8873196237135412, 8873196237135412, 8873196237135412, 8873196237135412, 8873196237135412, 8873196237135412, 8873196237135412, 8873196237135412, 8873196237135412, 8873196237135412, 8873196237135412, 8873196237135412, 8873196237135412, 8873196237135412, 8873196237135412, 8873196237135412, 8873194089651764, 8873194089651764, 8873194089659956, 8873194089659956, 8873194089659956, 8873194022551092, 8873194022551092, 8873194022551092, 8873194022551092, 8873194022551092, 8873194022551092, 8873194022551092, 8873194022551092, 8873194022551092, 8873331461504564, 8873331461504564, 8874430973132340]
[8868798190624308, 8868798190624564, 8868798190624564, 8868798190624564, 8868798190624564, 8868798190632756, 8868798190632756, 8868798190632756, 8868798190632756, 8868797922197300, 8868797922197300, 8868797922197300, 8868797922196788, 8886390108241204, 8886390108241204, 8886390108241204, 8956758852418868]
[8868798190624308, 8868798190624308, 8868935629577780, 8868935361142324, 8868935361142324, 8868866641665588, 8868866641665588, 8868866641665588, 8868866641665588, 8868866641665588, 8868866641665588, 8868866641665588, 8868866574556724, 8868866574556724, 8868866574556724, 8868866574556724, 8868866574556724, 8868866574556724, 8868866574556724, 8868866574556724, 8868866574556724, 8868866574556726, 8868866574556726, 8868866574556726, 8868866574556726, 8868866574556726, 8868866574556726, 8868866574556726, 8873264621067830]
[8868798190624308, 8868798190623796, 8868797922188340, 4365198294817844, 4365198294817844, 4365198294817844, 4365198294817844, 4365198294817844, 4365198294817844, 4365198294817844, 4365198294817844, 4365196147334196, 4365196147334196, 8868795774704692, 8868795774704756, 8868795774704756, 8868795774704756, 8868795774704756, 4365196147334260, 4365196147334260, 4365196147334260, 4365196147334260, 4365196147334260, 4365196147334260, 4365196147334260, 4365196147334260, 4365196147334260, 4365196013116532]
[8868798190624308, 8868798190624308, 8868798190632500, 8728060702277172, 17735259957018164, 17735259957018164, 17735259957018164, 17735259957018164, 17735259957018164, 17735259957018164, 17735259957018164, 17735259957018164, 17735259957034548, 17735259957034548, 17735259957034548, 17735259957034548, 17735259957034548, 17735259957034548, 17735259957026356, 17735259957026356, 17735259957026356, 17735259957026356, 17735259957026356, 17735259957026356, 17735259957026356, 17735259957026356, 17735259957026356, 17735259957026356, 17805628701204020, 17805559981727284, 17805559981710900, 17805559981710900, 17805559981710900, 17805559981710884, 17805559981710372]
[8868798190624308, 8868798190624308, 8868798190624308, 8868935629577780, 8868935629577780, 8868935495360052, 8868935495360052, 8868935495360052, 8870035006987828, 8869966287511092, 8869966287511092, 8869966287511092, 8869966287511092, 8869966287511092, 8869966287511092, 8869966287511092, 8869966287511092, 8869966287511092, 8869966287511092, 8869966287511092, 8869966287511092, 8869966287511092, 8869966287511092, 8869966287511092, 8869966287511092, 8869966287511092, 8869966287511092, 8869966287511092, 8729228799155764, 8729228799155764, 8729228799155764, 8746820985200180]
[8868798190624308, 8868798190624308, 8868798190624308, 8868797922188852, 8868797922188852, 8868797922188852, 8868797922188852, 8868797922188852, 8728060433833524, 8728060433833524, 8728060433833524, 8728060433833524, 8728060433833524, 8728060433833524, 8725861410577972, 8725861410577972, 8725861410577972, 8725861410577972, 8725861410577956, 8725861414772260, 8725861414772260, 8725861414772260, 8725861414772516]
[8868798190624308, 8868798190624308, 8868798190624372, 8868798190624372, 8868798190624372, 8868798190624372, 8868935629577844, 8868935629577844, 8868935629577844, 8868935629577844, 8868935629577844, 8868935629577844, 8868935629577844, 8868935629708916, 8868935629708916, 8868935629708916, 8868935629708916, 8868935629708916, 8868935629708916, 8868935629708916, 8868935629708916, 8868935629708916, 8868935629708916, 8868933482225268, 8868933482225268, 8868933482225268, 8868933482225268, 8868933482225268, 8868933482225268, 8868933482224756, 8868933482191988]
[8868798190624308, 8868798190624308, 8868798190624308, 8868798190624308, 8868798190624372, 8868798190624372, 8868798190624372, 8868798190624372, 8868798190624372, 8868798190624372, 8868798190624372, 8868798190624372, 8868798190624372, 8868798190624372, 8868798190624372, 8868798190624372, 8868798190624372, 8868798190624372, 8868798190624372, 8868798190624372, 8868798190624372, 8868798190624372, 8868798190632564, 8868798190599796, 8868798190599796, 8868798190599796, 8868798190599796, 8868798190599796, 8868798190599796, 8868796043116148, 8868796043116148, 8868796043116148, 8868796043116148, 8868933482069620, 8868933482069620, 8868933482069620, 8870032993697396]
[8868798190624308, 8868798190624308, 8868798190624308, 8868798190624308, 8868798190624308, 8868798190624308, 8868798190624308, 8868798190624308, 8868798190624308, 8868798190624308, 8868798190624308, 8868798190624308, 8868798190624308, 8868798190624308, 8868798190624308, 8868798190624308, 8868798190624308, 8868798190624308, 8868798190624308, 8868781010755124, 8868781010755124, 8873179057266228, 8732441568910900, 8732441568910900, 8732441568910900, 8732441568910900, 8732441568910900, 8732441568910900, 8732441568976436, 8732441568976436, 17739640823717428, 17739640823717428, 17739640823717428, 17739640823717428, 17739640823717428, 17739640689499700]
[8868798190624308, 8868798190624308, 8868798190624308, 8868798190624310, 8868798190591542, 8868798190591542, 8868798190591542, 8868798190591542, 8868798190591542, 8868798190722614, 8868798190722614, 8868798190722614, 8868798190722614, 8868798056504886, 8868798056504886, 8868798056504886, 8868798056504886, 8868798056504886, 8868798056504886, 8868798056504886, 8868798060699190, 8868798060699190, 8868798060699190, 8868798060699190, 8868798060699190, 8868798060699190, 8868798060699190, 8868798060699190, 8868798060699190, 8868798060699190, 8868798060699190, 8868798060699190, 8868798060699190, 8868798060699190, 8868797993590326]
[8868798190624308, 8868798190624308, 8868798190624308, 8868798190624308, 8868798190624308, 8868798190624308, 8868798190624308, 8868798190624308, 8868798190624308, 8868798190624308, 8869897702252084, 8869897702252084, 8869897702252084, 8869897702252084, 8869897702252084, 8869897702252084, 8869897702252084, 8869897702317620, 8869897702317620, 8870172580224564, 8870172580224564, 8870310019178036, 8870310019178036, 8874708065689140, 8874708065689140, 8874708065689140, 8874708065689140, 8874708065689140, 8874708065689140, 8874707797253684]
[8868798190755380, 8868798190755380, 8868798190755380, 8868798190755380, 8868798190755444, 8868798190755444, 8868798190755444, 8868798190755444, 8868798190755444, 8868798190755444, 8873196237266548, 8873196237266548, 8873196237266548, 8873196237266548, 8873196237266548, 8873196237266548, 8873196237266548, 8873196237266548, 8873196237266548, 8873196237266548, 8873196237266548, 8873196237266548, 8873196237266548, 8873196237266548, 8873196237266548, 8873196237332084, 8873196237332084, 8873196237332084, 8873196237332086, 8873196237332086, 8873196237332086, 8873196237332086, 8873196237332086, 8873196237299318]
[8868798190624308, 8866599167368756, 8866599167368756, 8866599167368756, 8866599167335988, 8866599167335988, 4362999539965492, 4362999539965492, 4362999539965492, 4362999539965492, 4362999539965492, 4362999539965492, 4362999539965492, 4362999539965492, 4362999544159796, 4362999544159796, 4362999544159796, 4362999544159796, 4362999544159796, 4362999544159796, 4362999544159796, 4362999544159796, 4362999544159796, 4362999544225332, 4362999544225332, 4362999544225332, 4362999544225332, 4362999544225332, 4362999544225332, 4362999544225332, 13370198798966324]
[8868798190624308, 8868798190624308, 8868798190624308, 8868798190624308, 8868798190624308, 8868798190624308, 8868798190624308, 8868798190624308, 8868798190624308, 8868798190624308, 8868798190624308, 8868798190624308, 8868798190689844, 8886390376734260, 8886390376734260, 8886390376734260, 8886390376734260, 8886390376734324, 8886390376734324, 8886665254641268, 8886665254116980, 8891063300628084]
[8868797922188852, 8868797922188852, 8868797922188854, 8868797922188854, 8868797922254390, 8868797922385462, 8868797855276598, 8868797855276598, 8868797855276598, 8868797855276598, 8939166599454262]
[8868798190623796, 8868798190623796, 8868798190623796, 8868798190623796, 8868798190623796, 8868798190623796, 8868798190623796, 8868798190623796, 8868798190623796, 8868935629577268, 8868935629577268, 8868935629577268, 8868935629577780, 8866736606322228, 8866667886845492, 8866667878456884, 8866667878456884, 8866667878456886, 8884260064501302]
[8868935629577780, 8868935629577780, 8868933482094132, 8868933482094132, 8868933482094132, 8868933482094132, 8868933482094132, 8868933482094132, 8870032993721908, 8870032993722164, 8870032993722164, 8870032993722164, 8870032993722164, 8874431040233268, 8874431040233268, 8874431040233268, 8874431040233268, 8874431040233268, 8874431040233268, 8874431040233268, 8874431040233268, 8874431040233268, 8944799784410932]
[17875997445365300, 17875997445365300, 17875997445365300, 17875997445365300, 17875997445365300, 17875997445332532, 17875997445332532, 17875997445332532, 17875997445332500, 17877096956960276, 17877096956435988, 17877096956435988, 17877096956435988, 17877096956435988, 17877096956435988, 17877096956435988, 17877096956435988, 17877096956435988, 17877096956436244]
[8868798190624308, 8869897702252084, 8869897702252084, 8869897702252084, 8869897702252084, 8869897702252084, 8869897702252084, 8729160213896756, 8729160213896756, 8729160213897012, 8729160213897012, 8729160213897012, 8729160213897012, 8729160213897012, 8729160213897012, 8729160213897012, 8729160213897012, 8799528958074676, 8799528958074676, 8799528958074676, 8799528958074676, 8799528958074676, 8799528958074676, 8799528958074676, 8799528958140212, 8799528958140276]
[8868798190624308, 8939166934801972, 8939166934801972, 8939166934802036, 8939166934802036, 8939166934802036, 8939164787318388, 8939164787318388, 8939164787318388, 8939164787318388, 8936965764062836, 17944165018803828, 17944165018803828, 17944165018803828, 17944165018803828, 17944165018803828, 17803427530448500]
[8868798190624308, 8868798190689844, 8868798190689844, 8868798190690100, 8868798190821172, 8868798190821172, 8868798190821174, 8868798190821174, 8868798190821174, 8868798190821174, 8868798190821174, 8868798190821174, 8868798190821174, 8868798190821174, 8868793895853878, 8868793895853878, 8868793895853878, 8869068773760822]
[8868798190624308, 8868798190624308, 8868798190624308, 8868798190624308, 8868798190624308, 8939166934801972, 8939166397931060, 8939166397931060, 8939166397931060, 8939166397931060, 8939166397931060, 17946365652672052, 17946365652672052, 17946365652737588, 17946365652737588, 17946365652737588, 17946365652737076, 15694565839051828]
[17875997445365300, 17875997445365300, 17875997445365300, 17875997445365300, 17875997445365300, 17875997445365300, 17875997445365300, 17875928725888564, 17875928725888564, 17875928725888564, 17875928725888564, 17875928725855796, 17875928725855798, 17875928725855798, 17875928725855798, 17875928725855798, 17875928725855798, 17875928725855798, 17875928725855782, 17875928725855782, 17875928725855782, 17875928725855782, 17875928725855750]
[8868798190624308, 8868798190624308, 8868798190624308, 8868798190624308, 8868798190624308, 8868798190624308, 8868798190624308, 8868798190624308, 8868798190624308, 8868798190624308, 8868798190624308, 8868798190624308, 8868798190624308, 8868798190624308, 8868798190624308, 8886390376668724, 8886390376668724, 8886390376668724, 8886390376668724, 8886390376668724, 8886390376668724, 8886390376668724, 8886390376668724, 8886390376668724, 8886390376668726, 8886390376668726, 8886390376668727, 8886390376668727, 8886390376668727, 8886390376676919, 8886390376676919, 8886390376676919, 8886390376676919, 8886390376676919, 8886390376676919, 8886390376676919, 8886390376676919, 8886390376676919, 8886390376807991, 8886390376807991, 8886390376807991, 8886390376807991, 8886390376807991, 8886390376807991, 8886390376807991, 8886390376807991, 8886390376807991, 8886665254714935]
[8868935629577780, 8868935629577780, 8868935629577780, 8868935629577780, 8728198141222452, 8725999117966900, 8725999117966900, 8725998044225076, 8725998044225076, 8725998044225076, 8725998044225076, 8725998044225076, 4222398416854580, 4222398416854580, 4222398416854580, 4222398416854580, 4222398416854580, 4222398416854580, 4222398416854580, 4222398416854580, 4222398416854580, 4222398416854580, 4222398416854580, 4223497928482356]
[8868729471147572, 8868729471147828, 8868729471147828, 8868729471147828, 8868729471278900, 8868729471278900, 8868729471278900, 8868729471278900, 8868729471278900, 8868729471287092, 8868729471287092, 8868729471287092, 8868729471287092, 8868729471287092, 8868729471287092, 8868729471287092, 8868729470762804, 8868729470762804, 8868729470762804, 8868729470762804, 8868729470762804, 8868729470762868]
[8868798190624308, 8868798190624308, 8868798190624308, 8868798190689844, 8868798190689844, 8868798190689844, 8869897702317620, 8869897702317620, 8869897702317620, 8869897702317620, 8869897702317620, 8869897702317620, 8869897702317620, 8869897702317620, 8869897702317622, 8869897702317622, 8869897702317622, 8869897702317622, 8869897702317622, 8869897568099894, 8869897568099894, 8869897568099894, 8869897568099894, 8869897568099894, 8869897568099894, 8869897568099894, 8869897568099894, 8869897568099894, 8869897568099894, 8869897568099894, 8869897568099894, 8869897568099894, 8869897568099894, 8869897568099894, 8869897568099894, 8869897568099894, 8869897568099894, 8869897568099894, 8869893273132598, 8869893273132598, 8869893273099830]
[8868798190624308, 8868798190624308, 8868798190624308, 8868798190624308, 8868798190624308, 8868797922188852, 8868797922188852, 8868797922188852, 8868797787971124, 8868797787971124, 8868797787971124, 8868797792165428, 8728060303810100, 8728060303810100, 8728060303810068, 8728060303810068, 8728060295421460]
[8868798190624308, 8868798190624308, 8886390376668724, 8886390376668724, 8886390108233268, 8886390108233268, 8886390108233268, 8956758852410932, 8956758852410932, 8956758852410932, 8956758852410932, 8956758852410932, 8956758852410932, 8956758852410932, 8956758852410932, 8956758852410932, 8956758852410932, 8816021364055604, 8816021296946740, 8816021296946740, 8816021296946740, 8816021296946740, 8816021296946740, 8816021296946740, 8816021296946740, 8816021296946740, 8816021296946740, 8816021296946740, 8816021296946740, 8816021162729012]
[8868798190624308, 8868798190624308, 8868798190624308, 8873196237135412, 8873196237135412, 8873196237135412, 8870997213879860, 8870997213879860, 8870997213879860, 8870997213879860, 8870997213879860, 8870997213879860, 8870997214010932, 8870997214010932, 8870997214010932, 8870997214010932, 8870997214010932, 8870997214010932, 8870997214010932, 8870997214010932, 8870997214010932, 8870995066527284, 8870995066527284, 8870995066543668, 8870995066609204]
[8868798190624308, 17875997445365300, 17875997445365300, 17875997445365300, 17875997445365300, 17875997445365300, 17875997445365300, 17875997445365300, 17875997445365300, 17875997445365300, 17875997445365300, 17875997445365300, 17876134884318772, 17876134884449844, 17876134884449844, 17876134884449844, 17876134884449844, 17884930977472052, 17884930977472052, 17884930977472052, 17884930977472052, 17884930977472052, 17889329023983156, 17748591535627828]
[8868798190624276, 8868798190624276, 8868798190624276, 17875997445365268, 17875997445365268, 17875997445365268, 17875997445365268, 17875997445365268, 17876272323272212, 17876272323272212, 17876272323272212, 17876272323272212, 17876272323272212, 17876272323288596, 17876272323288596, 17876272323288596, 17876272323288596, 17876272323288598, 17876272323288598, 17876272323288662]
[8868797922188852, 8868797922188852, 8868797922188852, 8868797922197044, 8868797922197044, 8868797922197044, 8868797922197108, 8868797922197108, 8868797922197108, 8868797922197108, 8868797922262644, 8868797922262644, 17875997177003636, 17875995029519988]
[8868798190624308, 8868798194818612, 8868798194818676, 8868798190624372, 8868729471147636, 8868729471147636, 8868729471147636, 8868729471145588, 8868729471145588, 8886321657190004, 8886321657190004, 8886321657190004, 17893520911930996, 17893520911930996, 17893520911406708]
[8868798190624308, 8868798190689844, 8868798190657076, 8868798190657076, 8868798190657076, 8868798190665268, 8868798190665332, 8868935629618804, 8877731722641012]
[8868798182235700, 8868798182235700, 8868798182235700, 8868798182301236, 8939166926478900, 8939166926478868, 8939166926478868, 8939166926478868, 8939166926478852, 8939166926478852, 8939166926478852, 8939166926478852, 8939166926478852, 8939166926609924]
[8868798190624308, 8868935629577780, 8868935629577780, 8868935629577780, 8868935495360052, 8868934421618228, 8868934421618228, 8868934421618212, 8868934421618212, 8868934421683748, 8868930126716452]
[8868798190624308, 8868798190624308, 8868798190624308, 8868798190624308, 8868798190632500, 8868798190632484, 8868798190632484, 8868798182243876, 8868798182243876, 8868798182243876, 8868798182243876, 4365198554873380, 4373994647895588, 4373994647895588, 4373994647895588, 4373994647895588, 4373994647895588, 4373994647895588, 4373994647895588, 4373994647895588, 4373994647895588, 4373994647895588, 4373994647895556]
[8868798190624372, 8868798190624372, 8728060702269044, 8728060702269044, 8728060702269044, 8728060702269044, 8728060702269044, 8728060702269044, 8728060702269044, 17735259957010036, 17735259957010036, 17735259957010036, 17735259957010036, 17735259957010036, 17735397395963508, 17735397395963508, 17744193488985716, 17744193488985716, 17744193488985716, 17744193489116788]
[8868797922188852, 8868797922188852, 8868797922188852, 8868797922188852, 8886390108233268, 8886390108233268, 8886390108233268, 8886390041124404, 8886390041124468, 8886390309559924, 8886390309559924, 8886390309559924, 8886390309559924, 8886390309559924, 8886390309559924, 8886390309559924, 8886390309559924, 8886390309559924, 8886390309559924, 8886390309559924, 8886390309559924, 8886390309559924, 8886390309559924, 8886390309559924, 8886390309559924, 8886390309625460, 8886390309625716, 17893589564366708]
[8868798190689844, 8868796043206196, 8868796043206196, 8868796043206196, 8873194089717300, 8873194089455156, 8873194089455156, 8873194089455156, 8873194089455156, 8873194089455156, 8873194089455156, 8873194089463348, 8873194089463348, 8873194089463348, 8310244136042036]
[8868798190624308, 8868797922188852, 8868797922188852, 8873195968699956, 8873195968699956, 8873195968699956, 8873127249223220, 8873127249190452, 8873127249190452, 8873127249321524, 8873127249321524, 8873127249321524, 8873127249329716]
[17875997445365300, 17876134884318772, 8868935629577780, 8868935629577780, 8868935629577780, 8868935629577780, 8868935629643316, 8868935629643316, 8868935629643316, 8868935629643316, 8868935629643380, 8869210507550324, 8870310019178100, 8870310019178100, 8870310019178100, 8870310019178356]
[8868798190624308, 8868798190624308, 8868798190624308, 8868798190624308, 8868798190632500, 8868798190632500, 8868798190632500, 8868798190632564, 8868798190632564, 8868798190628468, 8868798190628468, 8868798190628468, 8868796043144820, 8868796043210356, 8868796043210356, 8868796043210356, 8868796043210356, 8873194089721460]
[8868798190624308, 8868798190624308, 8868798190624308, 8868798190624308, 8868798190624308, 8868798190624308, 8868798190624372, 8868798182235764, 8868798182235764, 8868798182235764, 8868798182235764, 8868798048018036, 8868798048018036, 8868798048018036, 8868798048018036, 8868798048018036, 8868798048018036, 8868798048083572, 8868798048083572, 8868798048083572, 8868798048083572, 17875997302824564, 17875997302824564, 17875997302824564, 17875997302824564, 17875997302824564, 17875997302824564, 17875997302824564, 17875997302824564, 17875997302824564, 17875997302824564, 17875997302824564, 17875997302824564, 17875997302824564, 17875997302824564, 17875997302955636]
[8868798190624308, 8868798190624308, 8868798182235700, 8868798182235700, 8868798182235700, 8868798182235700, 8868798182235700, 8868798182235700, 8868798182235700, 8868798182366772, 8868798182366772, 8868798182366772, 8868798048149044, 8868798048149044, 8868798048149044, 8868798048149044, 8868798048149044, 8868798048149044, 8868798048149044, 8868798048116276, 8868798048116276, 8868798048116276, 8868798048116276, 8868798048116276, 8868798048116272, 8868798048116272, 8868798048116272, 8868798048116272, 8868798048116272, 8868798048116272, 8868798048116240]
[8868798190624308, 8868798190624308, 8868798190689844, 17875997445430836, 17880395491941940, 17880395491941940, 17880395491941940, 17880395491941908, 17880395491941908, 17880326772465172, 17880326772465172, 17880326772596244]
[8868798190624308, 8868798190624308, 8868798190624308, 8868798190624276, 8868798190624276, 8868796043140628, 8939164787318292, 8939164787318292, 8939164787318292, 8939164787318292, 8939164787318292, 8939164787318292, 8939164787318292, 8939164787318292, 8939096067841556, 8939096067841556, 8939096067841556, 8939096067841556, 8939096067841556, 8939096067841556, 8939096067841556, 8939096067841556, 8939096067849748, 8939096067850004]
[8868798190624308, 8868798190624310, 8868798190624310, 8868798190624310, 8868798190624310, 8868798190624310, 8868798190624310, 8868798190624310, 8868798190624310, 8868798190624310, 8868798190624310, 8868798190624310, 8868798190624310, 8868798190624310, 8868798190624310, 8868798190755382, 8868798190755382, 8868798190755446, 8868798190755446, 8868798190755446, 8868798190755446, 8868935629708918, 8868935629708918, 8868933482225270, 8868933482225270, 8868933482225270, 8868933482225270, 8868933482225270, 8868933482233462]
[8868798190624308, 8868798190624308, 8868798190624308, 8868798182235700, 8868798182235700, 8868797913800244, 8868797913800244, 8868797913800244, 8868797913800244, 8868797913800244, 8868797913800244, 8868797913800244, 8868797913800244, 8868729194323508, 8868729060105780, 8868729060105780, 8868729060105780, 8868729060105780, 8868729060105780, 8939097804283444, 8939097804283444, 8936898781027892]
[8866599167368756, 8866599167368756, 8936967911546420, 8936967911546420, 8936965764062772, 8936965764062836, 8936965764062836, 8936965764062836, 8936965764062836, 8936965764062836, 8936965764062836, 8936965764062836, 8936965764062836, 8936965764062836, 8941363810573940, 8941363810573940, 8941363810573940, 8941363810573940, 8941363810573940, 8941363810639476]
[8868798190624308, 8868798190624308, 8868798190624564, 8868798190624564, 8868798190624564, 8868798190624564, 8868798190624564, 8868798190624564, 8868798190624564, 8868798190624564, 8868797922189108, 8868797922189108, 8868797922189108, 8868797922189108, 8868797922189110, 8868797922189110, 8868797922189110, 8868797922189110, 8868797922189110, 8868797855080246, 8868797855080246, 8868797855080246, 8868797855080246, 8868797855080246, 8868797855080246, 8868797855080246, 8868797855080246, 8868797855080246, 8868797855080246, 8868797855080230, 8886390041124646]
[8868796043140660, 8868796043140660, 8868796043140660, 8868796043140660, 8868796043140660, 8868796043107892, 8868933482061364, 8868933482061364, 8868933482061364, 8868933213625908, 8886525399670324, 8886525399670324, 8886525399670324, 8886525399670324, 8886525399670324, 8886525399670324, 8886525399670324, 8886525391281716]
[8868798190624308, 8868798190624308, 8868796043140660, 8868796043140660, 8868795774705204, 8868795774705204, 8868795774705204, 8868795774770740, 8868795774770740, 8868795774770740, 8868795774770740, 8868795774778932, 8868795774778932, 8868791479811636, 8868791479811636, 8868791479811636, 8869066357718580]
[8868798190624308, 8868798190624308, 8939166934801972, 8939166934801972, 8939166666366516, 8939166666366516, 8947962759388724, 17955162014129716, 17955162014129716, 17955162014129716, 17955162014129716, 17955162014129716, 17955162014129716, 17955162014129716, 17955162014129716, 17955162014129716, 17955162014129716, 17955162014129716, 17955162014129716, 17392212060708404, 17392212060708404, 17392212060708404, 17392212060773940]
[8868798190640692, 8868798190640692, 8868798190640692, 8868798190640692, 8868798190640948, 8868798190640948, 8868798190640948, 8868798190640948, 8868798190640948, 8868798190640948, 8868798190640916, 8868798190640916, 8868798190640916, 8868798190640916, 8868798190640916, 8868798190640916, 8868798190640916, 8868798190640916, 8868798190640916, 8868798190640916, 8868798190640916, 8868798190640916, 8868798190624532, 8868798190624532, 8868798190624532, 8868798182235924, 8868798182235924, 8868798182235412, 8868798182235412, 8868798182235412, 8868798182235412, 8868798182235412, 8868798182235412, 8868798182235412, 8868798182235412, 8868798182235412, 8868798182235412, 8868798182235412, 8868798181711124, 8868798181711124, 8868798181711124, 8868798181711124, 8868798181711124, 8868798181711124, 8868798181711124, 8868798181711124, 8868798181711124, 8868798181711124, 8868798181711124, 8868798181711124, 8868798181711124, 8868798181711124, 8868798181711124, 8868798181711124, 8868798181711124, 8868798181711124, 8868798181711124, 8868798181711124, 8868798181711124, 8868798181711124, 8868798181711124, 8868798181711124, 8868798181711124, 8868797644840212]
[8868798190624308, 8868798190624308, 8868798190624308, 8868798182235700, 8868798182235700, 8886390368280116, 8886390368280116, 8890788414791220, 8890788414791220, 8890788414791220, 8890788414791476, 8890788414791476, 8890788414791444, 8890788414791444, 8890788414791444, 8890788414791444, 8890788146355988]
[8868798190624308, 8868798190624308, 8868798190624308, 8868798190624308, 8868798190624308, 8868798190624308, 8868798190624308, 8868798190624308, 8868797922188852, 8868797922188852, 8868797922188852, 8868797922254388, 8868797855145524, 8868797855145526, 8868935294098998, 8877731387121206]
[8868798190624276, 8868798190591508, 8868798190591508, 8868798190591508, 8868798190591508, 8868798190591508, 8868798190591508, 8868798190591508, 8868798190591508, 8868935629544980, 8868935629544980, 8868935629544980, 8868935629544980, 8868935629544980, 8868935629544980, 8868935629544980, 8868935629544980, 8868935629544980, 8869210507451924, 8869210507451924, 8869210507451924, 8869210507451924, 8886802693496340, 8886802693496340, 8886802693496340, 8886802693496340, 8886802559278612]
[8868798190624308, 8868798190624564, 17875997445365556, 17875997445365556, 17876134884319028, 17876134884319028, 17876134884319028, 17876134884319028, 17876134884319028, 17876134884319028, 17876134884319028, 17876134884319028, 17876134884319028, 17876134884319028, 17876134884319028, 17876134884318004, 17876134884318004, 17876134883793716, 17876134883793716, 17876134883793716, 17876134883793716, 17876134883793716, 17876134883793844]
[8868798190624308, 8868798190624308, 8868798190624308, 8868797922188852, 8868797922188852, 8868797922188852, 8868797922188852, 8868797922188852, 8868797922188852, 8868797922188852, 8868797922188852, 8868797922188340, 8868797922188340, 8868797922188340, 8868797922188340, 8868797922188340, 8868797922188340, 8868797922319412, 8868797922319412, 8868763562581044, 8868763562581044, 8868763562581044, 8868763495472180, 8868763495472180, 8868763495472180, 8868763495472180, 8868763495472180, 8868761347988532]
[8868798190624308, 8868798190624308, 8868798190624308, 8868798190624308, 8868798190624308, 8868798190624308, 8868798190624308, 8868798190624308, 8868796043140660, 8868796043140660, 8868796043140660, 8868796043140660, 8868796043140660, 8868796043140660, 8868796043140916, 8868796043140916, 8868796043140916, 8868796043206452, 8868796043206452, 8868796043206452, 8868796043206452, 8868796043206452, 8868796043206452, 8868796043206452, 8868796043206452, 8868796043206452, 8868796043206452, 8868796043206452, 8868796043206452, 8868796043206452, 8868791748239156, 8868791748239156, 8868791748239156, 8868791748239156, 8868791748239156, 8868791748239156, 8873189794750260, 8873189794750260, 8890781980794676]
[8868798190624308, 8868798190624308, 8868798190624308, 8868798190624308, 8873196237135412, 8873196237200948, 8873196237209140, 8873196237209140, 8873196237209140, 8873196241403444, 17880395496144436, 17880395496144436, 17880395496144436, 17880395496144436, 17880395496144436, 17880395496144436, 17880395496144436, 17880395495620148]
[8868798190624308, 8868798190624308, 8868798190624308, 8868798190624308, 8868798190624308, 8868798190624372, 8868798190624372, 8868798190624372, 8868798190624372, 8886390376668788, 8886390376676980, 8886390376676980, 8886390376676980, 8886390376676980, 8886390376676980, 8886390376742516, 8886390376742516, 8886390376742516, 8886390376742516, 8886390376742516, 8886390376742516, 8886386081775220, 8886386081771124]
[8868798190624308, 8868798190632500, 8868797922197044, 8868797922197044, 8868797922197044, 8873195968708148, 8873195968708148, 8873195968708148, 17880395223449140, 17880395223449140, 17880395223449140, 17880532662402612, 17880532662402612, 17880532662402612, 17880532662402612, 17880532662402612, 17880532662402612, 17880532662402612, 17880532662402612, 17880532662402612, 17880532662402676]
[8868798190624308, 8868798190624308, 8868798190624308, 8868798190624308, 8868935629577780, 8868935629643316, 8868935629643316, 8868935629643316, 8870035141271092, 8870035141271092, 8870035141271092, 8870035141271092, 8870035141271092, 8874433187782196, 8874433187782260, 8874433187782260, 8874433187782260, 8874433187782260, 8874433187782260, 8874433187782260, 8874433187913332]
[8868798190624308, 8868798190624308, 8868798190624308, 8868798190591540, 8868798190591540, 8868798190591540, 8868798190591540, 8868935629545012, 8868935629545012, 8868935629545012, 8868935629545012, 8868935629545012, 8868935629545012, 8868935629545012, 8868935629545012, 8868935629545012, 8868935629545012, 8868935629545012, 8868935629545012, 8868935629545012, 8868935629545012, 8868935629545012, 8868935629545012, 8868935629545012, 8939304373722676, 8939304373722676, 8939304373722676, 8939304373722676, 8939304373722676, 8939304373730868, 8939304373730868, 8939304373730868, 8939304373730868, 8939304373730868, 8939304373730868, 8939304373730868, 8939304239513140, 8939304239513140, 8939304239513140, 8939304239513140, 8939304239513140, 8939304239513140, 8939304239513140, 8939304239513140, 8939304239513204]
[8868798190624308, 8868798190624308, 8868798190624308, 8868798190624308, 8868798190624308, 8868798190624308, 8868798190624308, 8868798190624308, 8868798190624308, 8868798190624308, 8868798190689844, 8868798190689844, 8868798190689844, 8868798190689844, 8868798190690100, 8868798190690100, 8868798190690100, 8868798190690100, 8868798190690100, 8868798190690100, 8868796043206452, 8868796043206452, 8868796043206452, 8868795908988724, 8868795908988724, 8868795908988724, 8868795908996916, 8868795908996916, 8868795908996916, 8868795908996916, 8868795908996916, 8868794835255092]
[8868798190624308, 8868798190624308, 8868798190624310, 8868798190624310, 8868798190624310, 8868798190624310, 8868798190624310, 8868798190624310, 8868798190624310, 8868798190624310, 8868781010755126, 8868781010755126, 8939149754932790, 8939149754932790, 8939149754932790, 8939149754932790, 8939149754932790, 8939149754932790, 17946349009673782, 17946349009673782, 17946349009673782, 17946349009149494, 17946349009149494, 17946349009149494, 17946349009149494, 17946349009149494, 17946349009149494, 17946349009149494, 17946349009149494, 17946349009149494, 17946349009149494, 17946349009149494, 17946349009165878]
[8868798190624308, 8868798190624276, 8868798190624276, 8868798190624340, 8868798190632532, 8868798190632532, 8868798190632532, 8868798190632532, 8868798190632532, 8868798190632532, 8868798190632532, 8868798190632532, 8868798190632532, 8868798190632532, 8868798190632532, 8868798190632532, 8868798190632532, 8873196237143636, 8873196237143636, 8873196237143636, 8874295748771412, 8874295748771412, 8874295480335956]
[8868797116882484, 8868934555835956, 8868934555835956, 8870034067463732, 8870031919980084, 8870031919980084, 8870031919980084, 8870031919980084, 8870031919980084, 8870031919980084, 8870031919980084, 8870031919980084, 8870031919980084, 8870031919980084, 8870031919980084, 8870031919980084, 8870031919980052, 8870031919980052, 8870031919980308]
[8868798190624308, 8868797922188852, 8868797922188852, 8868797922156084, 8868797922221620, 8868797922221620, 8868797922221620, 8868797922221620, 8868797855112756, 8868797855112756, 8868797855112756, 8868797855112756, 8868797855112756, 8868797855112756, 8868797855112756, 8868797855112756, 8868797855112756, 8868797855112756, 8868797855112756, 8868797855112756, 8868797855112756, 8868797855112756, 8868797855112756, 8868797855112820, 8868797855112822]
[17875997445365300, 17875997445365300, 17875997445365556, 17875997445365556, 17875997445365556, 17875997445365524, 17875997445365524, 17875995297881876, 17875995297881876, 17875995297881876, 17875995297881876, 17875995297881876, 17875995297881876, 17875995297881876, 17875995297881876, 17875995297881876, 17875995302076180, 17875995302076180, 17875995302043412]
[8868798190624308, 8868798190624308, 8868798190624308, 8868798190624308, 8868798190624308, 8868798194818612, 8868798194818612, 8868798194818612, 8939166938996276, 8939166938996276, 8939166938996276, 8939166938963508, 8939166938963510, 8939166938963510, 8939166938963510, 8939166939029046, 8939166939029046, 8939166939037238]
[8868798190624308, 8868798190624308, 8868798190689844, 8868798190689844, 8868798190820916, 8868798190820916, 8868798190829108, 8868798190829108, 8868798190829108, 8868798190829076, 17875997445570068, 17875997445570068, 17875997445570068, 17875997445570068, 17875997445504532, 17875997445504532, 17875997445504532, 17875997445504532, 17875997445504532, 17875997445504532, 17875997445500436, 17875928726023700]
[8868729471147572, 8868729471147572, 8868729471147572, 8868727323663924, 8868727323663924, 8868727323663924, 8868727323663924, 8868727323663924, 8868727323663924, 8868727323663924, 8868727323663924, 8868727323663924, 8868727323663924, 8868727323663924, 8868727323663924, 8868727315275316, 8868727315275316, 8868727315275316, 8868727315275316, 8868727315275316, 8868727315275316, 8868727315275316, 8868727315275316, 8868727315275316, 8868727315275316, 8868727315275316, 8868727315275316, 8868727315275316, 8877523408297524, 8877523408297524, 8877523408297524, 8877523408297524, 8877523408297524, 8877523408297524, 8877523408297524, 8877523408297524, 8877523408297524, 8877523408297524, 8877523408297524, 8877523408297524, 8877523408297524, 8877523408297524, 8877523408297524, 8877523408297524, 8881921454808628, 8881921454808628, 8881921454808628, 8881921454808628, 8881921454808628, 8881921454808628, 8881921454808628, 8877523408297524, 8877523408297588, 8877523408297588, 8877523408297588, 8877523408297556]
[8868798190624308, 8868798190624308, 8868798190624308, 8868798190624308, 8868798190624308, 8868798190624308, 8868798190624308, 8868798190624308, 8868798190624308, 8868935629577780, 8868935629577780, 8868935629577780, 8868935629643316, 8868935629643316, 8868935629643316, 8868935629643572, 8868935629643540, 8868935629643540, 8868935629643540, 8868935629643540, 8868935629643540, 8868935629643540, 8868935629643540, 8868935629643540, 8939304373821204, 8939304105385748]
[8868798190624308, 8868798194818612, 8868798194818612, 8868798194818612, 8868935633772084, 8868935633837620, 8868935633837620, 8868933486353972, 8868933486353972, 8868933486353940, 8868933486353940, 8868932949483028]
[8868798190689844, 8868798190689844, 8868935629643316, 8868935361207860, 8868935361207860, 8868935361207860, 8868935361216052, 8877731454238260, 8877731454238260, 8877731454238260, 8877731454238260, 8877731454238260, 8877731454238260, 8877731454238260, 8877731454238260, 8877731454238260, 8877731454238260, 8877731454238260, 8877731454238516]
[8868798190624308, 8868798056406580, 8868798056406580, 8868798056406580, 8868796982664756, 8868796982672948, 8868796982672948, 8868796982672948, 8868796982672948, 8868796982672948, 8868796982672948, 8868796982672948, 8868796982672948, 17875996237413940, 17875996237413940, 17875996237413940, 17875996237413940, 17875996237413940, 17875996237413940, 17875996235316788, 17875995698445876]
[8868798190624372, 8868798190624372, 8868798190624372, 8868798190624372, 8868798190624372, 8868798190624372, 8868798190624372, 8868935629577844, 8868935629577844, 8939304373755508, 8939304373755508, 8939304373755508, 8939304373755508, 8943702420266612, 8943702420332148, 8943702420332148, 8943685240462964]
[8868798190624308, 8868798190624308, 8868798190624308, 8868797653753396, 8868797653753396, 8868797645364788, 8868797645364276, 8868797645364276, 8868797645372468, 8868797645372468, 8868797645372468, 8868797645372468, 8868797645339700, 8868797645339700, 8868797645372468, 8868797376937012, 8868797377068084]
[8868798190624308, 8868798190624564, 8868798190624564, 8868798190624564, 8868798190624628, 8868798190624628, 8868798190624612, 8868798190624628, 8868798190624628, 8868798190624628, 8868796043140980, 8868796043140980, 8868796043140980, 8868796043140980, 8868796043140980, 8868796043157364, 8868796043157364, 8868796043157366, 8868796043157366, 8868796043157366, 8868796043157366, 8868796043157366, 8868796043157366, 8868796043157366, 8868796043157366, 8868796043157366, 8886388229201782]
[8868798190624308, 8869897702252084, 8869897702252084, 8869897702252084, 8869897702252084, 8869897702252084, 8869897702252148, 8869897702252148, 8869897702252148, 8869897702252148, 8869897702252132, 8869897702252132, 8869897702252132, 8869897702252132, 8869897702252132, 8867698678996580, 8867698678996580, 8867698678996580, 8867698678996580, 8867698678996580, 8867698678996580, 8867698678996596, 8867698678996596, 8867698678996596, 8867698678996596, 8867698679062132, 8867698679062132, 8867698679062132, 8867698679062132, 8885290865106548, 8885290865106548, 8885290865106548, 8885290865106548, 8885290865106548, 8885290865106548, 8885290865106548, 8885565743013492]
[8868798190624308, 8868798190624308, 8868798190624308, 8868798190624308, 8868798190624308, 8868798190624308, 8868798190624308, 8868798190624308, 8868798190624308, 8868798190624308, 8868798190624308, 8868798190624308, 8868798190624308, 8868798190623796, 8868798190623796, 8868798190623796, 8868798190623796, 8868798190624052, 8868798190624052, 8869347946437940, 8869347946437940, 8869347946437940, 8869347946503476, 8869347946503476, 8869347946503476, 8869347946634548, 8869347946634548, 8869347946634548, 8869347946634612]
[8868798190624308, 8868798190624308, 8868935629577780, 8868935629577780, 8868935629577780, 8868935629577780, 8868935629577780, 8868935629577780, 8868935629577780, 8868935629577748, 8868935629577748, 8868935629577748, 8868935629577748, 8868935629577748, 8868935629577748, 8868935629577748, 8868935629577748, 8868935629577748, 8868935629577748, 8868935629577812, 8728198141222484, 8728198141222484, 8728198141222484, 8728198141222486, 8728198141222486, 8728198141222486, 8728198141189718]
[8868798190624308, 8868798190624308, 8868798190640692, 8868798190640692, 8868798190640660, 8868798190640660, 8868798190640660, 8868798190640660, 8868935629594132, 8868935629594388, 8868935629594388, 8868935629594388, 8873333676105492, 17880532930846484]
[8868798190624308, 8868798190624308, 8868798190624308, 8868798190624308, 8868798190624308, 8868798190624308, 8868798190624308, 8868798190624276, 8868798190624260, 8868797922188804, 8868797787971076, 8868797787971076, 8868797787971076, 8868797787971078, 8868797787971078, 8868797787971078, 8868797787971078, 8868797787971078, 8868797787971078, 8868797787971078, 8868797787971078, 8868797787971078, 8868797787971078, 8868797720862214]
[8868798190624308, 8868798190624308, 8868798190624308, 8868798190624308, 8868798190624308, 8868798190624308, 8868798190624308, 8868798190624308, 8873196237135412, 8873196237135412, 8890788423179828, 8890788423179828, 8890788423180084, 8890788423180084, 8890788288962356, 8890788020526900, 8890788020526900, 8890788020526902]
[8868798190624308, 8868798190624308, 8868798190624308, 8868798190623796, 8868798190623796, 8868797653752884, 8868797653752884, 8868797653752884, 8868797653720116, 8873195700231220, 8873195700231220, 8873195700231220, 8873195700231220, 8873195700231220, 8873195700231220, 8873195700231220, 8873195700231220, 8873195700231220, 8873195700231220, 8873195700231220, 8873195700231220, 8873193552747572, 8873193552747572, 8873193552747572, 8873193552747572, 8873193552747572, 8873193552747572, 8873193552747572, 8873193552747572, 8873193552747572, 8881989645769780]
[8868798190624308, 8868798190624308, 8868798190624308, 8868798190624308, 8868798190624308, 8868798190624308, 8868798190624372, 8873196237135476, 8873196237135476, 8873196237135476, 8873196237135476, 8873196237135476, 8873196237135476, 8873196237135476, 8873333676088948, 8873333676088948, 8873333676088948, 8873333676220020, 8873333676220020, 8873333542002292, 8873333542000244]
[8868798190624308, 8868798190591540, 8868798190591540, 8868935629545012, 8868935629545076, 8868935621156468, 8868935621156468, 8868935621287540, 8868935487069812]
[8868798190624372, 8868798190624372, 8868798190640756, 8868798190771828, 8868798190771828, 8868798190771828, 8868798190771828, 8868798190771828, 8868798190771828, 8868798190771828, 8868935629725300, 8868935629725300, 8868935629725300, 8868935629725300, 8868935629725300, 8868935629725300, 8868935092854388, 8868935092854388, 8868935092854388, 8868935092854388, 8868935092854388, 8868935092854388, 8868934824418932]
[8868798190624308, 8868798190624308, 8868798194818612, 8868798194818612, 8868798194818612, 8868798194818612, 8868798194818612, 8868798194818612, 8868798194818612, 8868798194818612, 8868798194818612, 8868798194818612, 8869897706446388, 8869897706454580, 8869897706585652, 8869897706585652, 8869897706585652, 8869897706585652, 8869897706585652, 8869897706585652, 8869897706454580, 8869897706454580, 8869897706454580, 8869897706454580, 8869897706454580, 8869897706454580, 8869897706454580, 8869897706454580, 8869897706454580, 8869897706454580, 8869897706454580, 8869897706454580, 8869897706454580, 8869897706454580, 8869897706454580, 8869897706454580, 8869897706454580, 8869897706454580, 8869897706454580, 8874295752965684, 8874295752965684, 8874295752965684, 8874295752965684, 8874295752965684, 8874295752965684, 8874295752965684, 8874295753096756, 8874295753096756, 4370696125726260]
[8868798056406580, 8868798056406580, 8868798056406580, 8868798056406580, 8868797989297716, 8868797989297700, 8869072867204644, 8873470913715748, 8873470913715748, 8873470913715748, 8873470913715748, 8873470913715748, 8874570425343524]
[8868935629577780, 8868935629577780, 8868935629577780, 8868935629577780, 8868935495360052, 8868935495360052, 8868935495360052, 8868935495360052, 8868935495360052, 8866736472104500, 8866736472104500, 8871134518615604, 8871134518615668, 8871133981744756]
[8868798190624308, 8868798190624308, 8868798190624308, 8868798190624308, 8868798190624308, 8868798190624308, 8868797922188852, 8868797922188852, 8868935361142324, 8868935361142324, 8868935361142324, 8877731454164532, 8877731454164532, 8877731454164532, 8877731454164532, 8877731454164532, 8877731454172724, 8877731454172724, 8877731454172726, 8877731454172726, 8877731454172726, 8877731319954998]
[8868798190624276, 8868798190624276, 8868798190624276, 8868798190624340, 8868798190624340, 8868798190624340, 8868798190624340, 8868798190624340, 8868798190624340, 8868798190624340, 8868798190624340, 8868798190624340, 8868798190624340, 8868798190624340, 8868729471147604, 8868729471147604, 8868729471147604, 8868729471147604, 8868729471147860, 17875928725888852, 17875928725888852, 17875928726019924]
