[4684745516066882, 4702337702111298, 4702337702111298, 4702337702111298, 4702337702111298, 4702337702111298, 4702337702111298, 4702337702111298, 4702337702111298, 4702337702111298, 4702337702111298, 4702337702111298, 4702337702111298, 4702337702111298, 4702337702111298, 4702337702111298, 4702337702111298, 4702337702111298, 4702337702111298, 4702337702111298, 4702337702111298, 4702337702111298, 4702337702111298, 4702337702111298, 4702337702111298, 4702337702111298, 22716736211593282, 22716736211593282, 22716736211593282, 22716736211593282, 22716736211593282, 22716736211593282, 22716736211593282, 22716736211593282, 4702337702111298, 4702337702111298, 4702337702111298, 4702337702111298, 4702337702111298, 4702337702111298, 4702337702111298, 4702337702111298, 4702337702111298, 4702337702111426, 4702337702111426, 4702337702111426, 4702337702111426, 4702337702111426, 4702337702111426, 4702337702111426, 4702337702111426, 4702337702111426, 4702337702111426, 4702337702111426, 4702337702111426, 4702337702111426, 4702337702111426, 4702337702112450]
[4684745516066882, 4684745516066882, 4684745516066882, 4684745516066882, 4684745516066882, 4684745516066882, 4684745516066882, 4684745516066882, 4684745516066882, 4684745516066882, 4684745516066882, 4684745516066882, 4684745516066882, 4684745516066882, 4684745516066882, 4684745516066882, 4684745516066882, 4684745516066882, 4684745516066882, 4684745516066882, 4684745516066882, 4684745516066882, 4684745516066882, 4684745516066882, 4684745516066882, 4684745516066882, 4684745516066882, 4684745516066882, 4684745516066882, 4684745516066882, 4684745516066882, 4684745516066882, 4684745516066882, 4684745516066882, 4684745516066882, 4684745515018306, 4684745515018314, 4684745515018314, 4684745515018314, 4684745515018314, 4684745515018314, 4684745515018314, 4684745515018314, 4684745515018314, 4684745515018314, 4684745515018314, 4684745515018314, 4684745515018314, 4684745515018314, 4684745515018314, 4684745515018314, 4684745515018314, 4684745515018314, 4684745515018314, 4684745515018314, 4684745515018314, 4684745515018314, 4684745515018314, 4684745515018314, 4684745515018314, 4684745515018314, 4684745515018314, 4684745515018314, 4684745515018314, 4684745515018314, 4684745515018314, 4684745515018314, 4684745515018314, 4684745515018442]
[4684745516066882, 4684745516066882, 4684745516066882, 4684745516066882, 4684745516066882, 4684745516066882, 4684745516066914, 4684745516066914, 4684745516066914, 4684745516066914, 4684745516066914, 4684745516066914, 4684745516066914, 4684745516066914, 22699144025548898, 22699144025548898, 22699144025548898, 22699144025548898, 22699144025548898, 22699144025548898, 22699144025548866, 22699144025548866, 22699144025548866, 22699144025548866, 22699144025548866, 22699144025548866, 22699144025548994, 22699144025548994, 22699144025548994, 22699144025548994, 22699144025548994, 22699144025548994, 22699144025548994, 22699144025548994, 22699144025548994, 22699144025548994, 22699144025548994, 22699144025548994, 22699144025548994, 22699144025548994, 22699144025548994, 22699144025548994, 22699144025548994, 22699144025548994, 22699144025548994, 22699144025548994, 22699144025548994, 22699144025548994, 22699144025548994, 22699144025548994, 22699144025548994, 22699144025548994, 22699144025548994, 22699144025548994, 22699144025548994, 22699144025548994, 22699144025548994, 22699144025548994, 22699144025548994, 22699144025548994, 22699144025548994, 18195544398178498]
[4684745516066882, 4684745516066882, 4684745516066882, 4684745516066882, 4684745516066882, 4684745516066882, 4684745516066882, 4684745516066882, 4684745549621314, 4684745549621314, 4684745549621314, 4684745549621314, 4684745549621314, 4684745549621314, 4684745549621314, 4684745549621314, 4684745549621314, 4684745549621314, 4684745549621314, 4684745549621314, 4684745549621314, 4684745549621314, 4684745549621314, 4684745549621314, 4684745549621314, 4684745549621314, 4684745549621314, 4684745549621314, 4684745549621314, 4684745549621314, 4684745549621314, 5247695503042626, 5247695503042626, 5247695503042626, 5247695503042626, 5247695503042626, 5247695503042626, 5247695503042626, 5247695503042626, 5247695503042626, 5247695503042626, 5247695503042626, 5247695503042626, 5247695503042626, 5247695503042626, 5247695503042626, 5247695503042626, 5247695503042626, 5247695503042626, 5247695503042626, 5247695503042626, 23262094012524610]
[4684745516066882, 4684745516066882, 4684745516066882, 4684745516066882, 4684745516066882, 4684745516066882, 4684745516066882, 4684745516066882, 4684745516066882, 4684745516066882, 4684745516066882, 4684745516066882, 4684745516066882, 4684745516066882, 4684745516066882, 4684745516066882, 4684745516066882, 4684745516066882, 4684745516066882, 4684745516066882, 4684745516066882, 4684745516066882, 4684745516066882, 4684745516066882, 4684745516066882, 4684745516066882, 4684745516066882, 4684745516066882, 4684745516066882, 4684745516066882, 4684745516066882, 4684745516066882, 4684745516066914, 4684745516066914, 4684745516066914, 4684745516066914, 4684745516066914, 4684745516066914, 4684745516066914, 4684745516066914, 4684745516066914, 4684745516064866, 4684745516064866, 4684745516064866, 4684745516064866, 4684745516064866, 4684745516064866, 4684745516064866, 4684745516064866, 4684745516064866, 4684745516064866, 4684745516064866, 4684745516064866, 4684745516064866, 4684745516064866, 4684745516064866, 4684745516064866, 4684745516064866, 4684745516064866, 4684745516064866, 4684745516064866, 4684745516064866, 4684745516064866, 4684745516064866, 4684745516064866, 4684745516064866, 4684745516064866, 4684745516064866, 4684745516064866, 4684745516064866, 4684745516064866, 4684745516064866, 4684745516064866, 4684745516064866, 4684745516064866, 4684745516064866, 4684745516064866, 4684745516064866, 4684745516065890]
[4684745516066882, 4684745516066882, 4684745516066882, 4684745516066882, 4684745516066882, 4684745516066882, 4684745516066882, 4684745516066882, 4684745516066882, 4684745516066882, 4684745516066882, 4684745516066882, 4684745516066882, 4684745516066882, 4684745516066882, 4684745516066882, 4684745516066882, 4684745516066882, 4684745516066882, 4684745516066882, 4684745516066882, 4684745516066882, 4684745516066882, 4684745516066882, 4684745516066882, 4684745516066882, 4684745516066882, 4684746052937794, 22699144562419778, 22699144562419778, 22699144562419778, 22699144562419778, 22699144562419778, 22699144562419778, 22699144562419778, 22699144562419778, 22699144562419778, 22699144562419778, 22699144562419778, 22699144562419778, 22699144562419778, 22699144562419778, 22699144562419778, 22699144562419778, 22699144562419778, 22699144562419778, 22699144562419778, 22699144562419778, 22699144562419778, 22699144562419778, 22699144562419778, 22699144562419778, 22699144562419778, 22699144562419778, 22699144562419778, 22699144562419778, 22699144562419778, 22699144562419778, 22699144562419778, 22699144562419778, 22699144562419778, 22699282001373250]
[4684745516066882, 4684745516066882, 4684745516066882, 4684745516066882, 4684745516066882, 4684745516066882, 4684745516066882, 4684745516066882, 4684745516066882, 4684745516066882, 4684745516066882, 4684745516066882, 4684745516066882, 4684745516066882, 4684745516066882, 4684745516066882, 4684745516066882, 4684745516066882, 4684745516066882, 4684745516066882, 4684745516066882, 4684745516066882, 4684745516066882, 4684745516066882, 4684745516066882, 4684745516066882, 4684745516066882, 4684745549621314, 4684745549621314, 4684745549621314, 4684745549621314, 4684745549621314, 4684745549621314, 4684745549621314, 4684745549621314, 4684745549621314, 4684745549621314, 4684745549621314, 4684745549621314, 4684745549621314, 4684745549621314, 4684745549621314, 4684745549621314, 4684745549621314, 4684745549621314, 4684745549621314, 4684745549621314, 4684745549621314, 4684745549621314, 4684745549621314, 4684745549621314, 4684745549621314, 4684745549621314, 4684745549621314, 4684745549621314, 4684745549621314, 4684745549621314, 4684745549621314, 4684745549621314, 4684745549621314, 4684745549622338, 4684745549622338, 4684745516067906, 4684745516067906, 4684745516067906, 4684745516067906, 4684745516067906, 4684744442326082, 4684744442326082, 4684744442326082, 4684744442326082, 4684744442326082, 4684744442326082, 4684744442326082, 4684744442326082, 4684744442326082, 4684744450714690]
[4684745516066882, 4684745516066882, 4684745516066882, 4684745516066882, 4684745516066882, 4684745516066882, 4684745516066882, 4684745516066882, 4684745516066882, 4684745516066882, 4684745516066882, 4684745516066882, 4684745516066882, 4684745516066882, 4684745516066882, 4684745516066882, 4684745516066882, 4684745516066882, 4684745516066882, 4684745516066882, 4684745516066882, 4684745516066882, 4684745516066882, 4684745516066882, 4684745516066882, 4684745516066882, 4684745516066882, 4684745516066882, 4684745516066882, 4684745516066882, 4684745516066882, 4684745516066882, 4684745516066882, 4684745516066882, 4684745516066882, 4684745516066882, 4684745516066882, 4684745516066882, 22699144025548866, 22699144025548866, 22699144025548866, 22699144025548866, 22699144025548994, 22699144025548994, 22699144025548994, 22699144025548994, 22699144025548994, 22699144025548994, 22699144025548994, 22699144025548994, 22699144025548994, 22699144025548994, 22699144025548994, 22716736211593410]
[4684745516066882, 4684745516066882, 4684745516066882, 4684745516066882, 4684745516066882, 4684745516066882, 4684745516066882, 4684745516066882, 4684745516066882, 4684745516066882, 4684745516066882, 4684745516066882, 4684745516066882, 4684745516066882, 4684745516066882, 4684745516066882, 4684745516066882, 4684745516066882, 4684745516066882, 4684745516066882, 4684745516066882, 4684745516066882, 4684745516066882, 4684745516066882, 4684745516066882, 4684745516066882, 4684745516066882, 4684745516066882, 4684745516066882, 4684745516066882, 4684745516066882, 4684745516066882, 4684745524455490, 4684745524455490, 4684745524455490, 4684745524455490, 4684745524455490, 4684745524455490, 4684745524455490, 4684745524455490, 4684745524455490, 4684745524455490, 4684745524455490, 4684745524455490, 4684745524455490, 4684745524455490, 4684745524455490, 4684745524455490, 4684745524455490, 4684745524455490, 4684745524455490, 4684745524455490, 4684745524455490, 4684745524455490, 4684745524455490, 4684745524455490, 4684745524455490, 4684745524455490, 4684745524455490, 4684745524455490, 4684745524455490, 4684745524455490, 4684745524455490, 4684745524455490, 4684745524455490, 4684745524455490, 4684745524455490, 4684745524455490, 4684745524455490, 4684745524455490, 4684745524455490, 4684745524455490, 4684745524455490, 4684745524455490, 4684745524455490, 4684745524455490, 4684745524455490, 4684745524455490, 4684745524455490, 4684745524455490, 4684745524455490, 4684745524455490, 4684745524455490, 4684745524455490, 4684745524455490, 4684745524455490, 4684745524455490, 4684745524455490, 4684745524455490, 4684745524455490, 4684745524455490, 4684745524455490, 4684745524455490, 4684745524455490, 4684745524455490, 4684745524455490, 4684745524455490, 4684745524455490, 4684745524455490, 4684745524455490, 4684745524455490, 4684745524455490, 4684745524455490, 4684745524455490, 4684745524455490, 4684745524455490, 4684745524455490, 4684745516066882, 4684745516066882, 4684745516066882, 4684745516066882, 4684745516066882, 4684745516066882, 4684745516066882, 4684745516066882, 4684745516066882, 4684745516066882, 4684745516066882, 4684745516066882, 4684745516066882, 4684745516066882, 4684745516066882, 4684745516066882, 4684745516066882, 4684745516066882, 4684745516066882, 4684745516066882, 4684745516066882, 4684745516066882, 4684745516066882, 4684745516066882, 4684745516066882, 4684745516066882, 4684745516066882, 4684745516066882, 4684745516066882, 4684745516066882, 4684745516066882, 4684745516066882, 4684745516066882, 4684745516066882, 4684745516066882, 4684745516066882, 4684745516066882, 4684745516066882, 4684745516066882, 4684745516066882, 4684745516066882, 4684745516066882, 4684745516066882, 4684745516066882, 4684745516066882, 4684745516066882, 4684745516066882, 4684745516066882, 4684745516066882, 4684745516066882, 4684745516066882, 4684745516066882, 4684745516066882, 4684745516066882, 4684745516066882, 4684745516066882, 4684745516066882, 4684745516066882, 4684745516066882, 4684745516066882, 4684745516066882, 4684745516066882, 4684745516066882, 4684745516066882, 4684745516066882, 4684745516066882, 4684745516066882, 4684745516066882, 4684745516066882, 4684745516066882, 4684745516066882, 4684745516066882, 4684745516066882, 4684745516066882, 4684745516066882, 4684745516066882, 4684745516066882, 4684745516066882, 4684745516066882, 4684745516066882, 4684745516066882, 4684745516066882, 4684745516066882, 4684745516066882, 4684745516066882, 4684745516066882, 4684745516066882, 4684745516066882, 4684745516066882, 4684745516066882, 4684745516066882, 4684745516066882, 4684745516066882, 4684745516066882, 4684745516066882, 4684745516066882, 4684745516066882, 4684745516066882, 4684745524455490, 4684745524455490, 4684745524455490, 4684745524455490, 4684745524455490, 4684745524455490, 4684745524455490, 4684745524455490, 4684745524455490, 4684745524455490, 4684745524455490, 4684745524455490, 4684745524455490, 4684745524455490, 4684745524455490, 4684745524455490, 4684745524455490, 4684745524455490, 4684745516066882, 4684745516066882, 4684745516066882, 4684745516066882, 4684745516066882, 4684745516066882, 4684745516066882, 4684745516066882, 4684745516066882, 4684745516066882, 4684745516066882, 4684745516066882, 4684745516066882, 4684745516066882, 4684745516066882, 4684745516066882, 4684745516066882, 4684745516066882, 4684745516066882, 4684745516066882, 4684745516066882, 4684745516066882, 4684745516066882, 4684745516066882, 4684745516066882, 4684745516066882, 4684745516066882, 4684745516066882, 4684745516066882, 4684745516066882, 4684745516066882, 4684745516066882, 4684745516066882, 4684745516066882, 4684745516066882, 4684745516066882, 4684745516066882, 4684745516066882, 4684745516066882, 4684745516066882, 4684745516066882, 4684745516066882, 4684745516066882, 4684745516066882, 4684745516066882, 4684745516066882, 4684745516066882, 4684745516066882, 4684745516066882, 4684745516066882, 5247695469488194, 5247695469488194, 5247695469488194, 5247695469488194, 5247695469488194, 5247695469488194, 5247695469488194, 5247695469488194, 5247695469488194, 5247695469488194, 5247695469488194, 5247695469488194, 5247695469488194, 5247695469488194, 5247695469488194, 5247695469488322, 5265287655532738]
[4684745516066882, 4684745516066882, 4684745516066882, 4684745516066882, 4684745516066882, 4684745516066882, 4684745516066882, 4684745516066882, 4684745516066882, 4684745516066882, 4684745516066882, 4684745516066882, 4684745516066882, 4684745516066882, 4684745516066882, 4684745516066882, 4684745516066882, 4684745516066882, 4684745516066882, 4684745516066882, 4684745516066882, 4684745516066882, 4684745516066882, 4684745516066882, 4684745516066882, 4684745516066882, 4684745516066882, 4684745516066882, 4684745516066882, 4684745516066882, 4684745516066882, 4684745516066882, 4684745516066882, 4684745516066882, 4684745516066882, 4684745516066882, 4684745516066882, 4684745516066882, 4684745516066882, 4684745516066882, 4684745516066882, 4684745516066882, 4684745516066882, 4684745516066882, 4684745516066882, 4684745516066882, 4684745516066882, 4684745516066882, 4684745516066882, 4684746052937794, 4684746052937794, 4684746052937794, 4684746052937794, 4684746052937794, 4684746052937794, 4684746052937794, 4684746052937794, 4684746052937794, 4684746187155522, 4684746187155522, 4684746187155522, 4684746187155522, 4684746187155522, 4684746187155522, 4684746187155522, 4684746187155522, 4684746187155522, 4684746187155522, 4684746187155522, 4684746187155522, 4684746187155522, 4684746187155522, 4684746187155522, 4684746187155522, 4684746187155522, 4684745918720066]
[4684745516066882, 4684745516066882, 4684745516066882, 4684745516066882, 4684745516067010, 4684745516067010, 4684745516067010, 4684745516067010, 4684745516067010, 4684745516067010, 4684745516067010, 4684745516067010, 4684745516067010, 4684745516067010, 4684745516067010, 4684745516067010, 4684745516067010, 4684745516067010, 4684745516067010, 4702337702111426, 4702337702111426, 4702337702111426, 4702337702111426, 4684745516067010, 4684745516067010, 4684745516067010, 4684745516067010, 4684745516067010, 4684745516067010, 4684745516067010, 4684745516067010, 4684745516067010, 4684745516067010, 4684745516067010, 4684745516067010, 4684745516067010, 4684745516067010, 4684745516067010, 4684745516067010, 4684745516067010, 4684745516066882, 4684745516066882, 4684745516066882, 4684745516066882, 4684745516066882, 4684745516066882, 4684745516066882, 4684745516066882, 4684745516066882, 4684745516066882, 4684745516066882, 4684745516066882, 4684745516066882, 4684745516066882, 4684745516066882, 4684745516066882, 4684745516066882, 4684745516066882, 4684745516066882, 4684745516066882, 4684745516066882, 4684745516066882, 4684745516066882, 4684745516066882, 4684745516066882, 4684745516066882, 4684745516066882, 4684745516066882, 4684745516066882, 4684745516066882, 4684745516066882, 4684745516066882, 4684745516066882, 4684745516066882, 4684745516066882, 4684745516066882, 4684745516066882, 4684745516066882, 4684745516066882, 4684745516066882, 4684745516066882, 4684745516066882, 4684745516066882, 4684745516066882, 4684745516066882, 4684745516066882, 4684745516066882, 4684745516066882, 4684745516066882, 40713542535030850, 40713542535030850, 40713542535030850, 40713542535030850, 40713542535030850, 40713542535030850, 40713542535030850, 40713542535030850, 40713542535030850, 40713542535030850, 40713542535030850, 40713542535030850, 40713542535030850, 40713542535030850, 40713542535030850, 40713542535030850, 40713542535030850, 40713542535030850, 40713542535030850, 40713542535030850, 40713542535030850, 40713542535030850, 40713542535030978, 40713542535030978, 40713542535030978, 40713542535030978, 40713542535030978, 40713542535030978, 40713542535030978, 40713542535030978, 40713542535030978, 40713542535030978, 40713542535030978, 40713542535030978, 40713542535030978, 40713542535030978, 40713542535030978, 40713542535030986]
[4684745516066882, 4684745516066882, 4684745516066882, 4684745516066882, 4684745516066882, 4684745516066882, 4684745516066882, 4684745516066882, 4684745516066882, 4684745516066882, 4684745516066882, 4684745516066882, 4684745516066882, 4684745516066882, 4684745516066882, 4684745516066882, 4684745516066882, 4684745516066882, 4684745516066882, 4684745516066882, 4684745516066882, 4684745516066882, 4684745516066882, 4684745516066882, 4684745516066882, 4684745516066882, 4684745516066882, 4684745516066882, 4684745516066882, 4684745516066882, 4684745516066882, 4684745516066882, 4684745516066882, 4684745516066882, 4684745516066882, 4684745516066882, 4966220492777538, 4966220492777538, 4966220492777538, 4966220492777538, 4966220492777538, 4966220492777538, 4966220492777538, 4966220492777538, 4966220492777538, 4966220492777538, 4966220492777538, 4966220492777538, 4966220492777538, 4966220492777538, 4966220492777538, 4966220492777538, 4966220492777538, 4966220492777538, 4966220492777538, 4966220492777538, 4966220492777538, 4966220492777538, 4966220492777538, 4966220492777538, 4966220492777538, 4966220492777538, 4966220492777538, 4966220492777538, 4966220492777538, 4966220492777538, 4966220492777538, 4966220492777538, 4966220492777538, 4966220492777538, 4966220492777538, 4966220492777538, 4966220492777538, 4966220492777538, 4966220492777538, 4966220492777538, 4966220492777538, 4966220492777538, 4966220492777538, 4966220492777538, 4966220492777538, 4966220492777538, 4966220492777538, 4966220492777538, 4966220492777538, 4966220492777538, 4966220492777538, 4966220492777538, 4966220492777538, 4966220492777538, 4966220492777538, 4966220492777538, 4966220492777538, 4966220492777538, 4966220492777538, 4966220492777538, 4966220492777538, 4966220492777538, 4966220492777538, 4966220492777538, 4966220492777538, 4966220492777538, 4966220492777538, 4966220492777538, 4966220492777538, 4966220492777538, 4966220492777538, 4966220492777538, 4966220492777538, 4966220492777538, 4966220492777538, 4966220492777538, 4966220492777538, 4966220492777538, 4966220492777538, 4966220492777538, 4966220492777538, 4966220492777538, 4966220492777538, 4966220492777538, 4966220492777538, 4966220492777538, 4966220492777538, 4966220492777538, 4966220492777538, 4966220492777538, 4966220492777538, 4966220492777538, 4966220492777538, 4966220492777538, 4966220492777538, 4966220492777538, 4966220492777538, 4966220492777538, 4966220492777538, 4966220492777538, 4966220492777538, 4966220492777538, 4966220492777538, 4966220492777538, 4966220492777538, 4966220492777538, 4966220492777538, 4966220492777538, 4966220492777538, 4966220492777538, 4966220492777538, 4966220492777538, 4966220492777538, 4966220492777538, 4966220492777538, 4966220492777538, 4684745516066882, 4684745516066882, 4684745516066882, 4684745516066882, 4684745516066882, 4684745516066882, 4684745516066882, 4684745516066882, 4684745516066882, 4684745516066882, 4684745516066882, 4684746052937794, 4684746052937794, 4684746052937794, 4684746052937794, 4684746052937794, 4684746052937794, 4684746052937794, 4684746052937794, 4684746052937794, 4684746052937794, 4684746052937794, 4684746052937794, 4684746052937794, 4684746052937794, 4684746052937794, 4684746052937794, 4684746052937794, 4684746052937794, 4684746052937794, 4684746052937794, 4684746052937794, 4684746052937794, 4684746052937794, 4684746052937794, 4684746052937794, 4684746052937794, 4684746052937794, 4684746052937794, 4684746052937794, 4684746052937794, 4684746052937794, 4684746052937794, 4684746052937794, 4684746052937794, 4684746052937794, 4684746052937794, 4684746052937794, 4684746052937794, 4684746052937794, 4684746052937794, 4684746052937794, 4684746052937794, 4684746052937794, 4684746052937794, 4684746052937794, 4684746086492226, 4684746220709954]
[4684745516066882, 4684745516066882, 4684745516066882, 4684745516066882, 4684745516066882, 4684745516066882, 4684745516066882, 4684745516066882, 4684744442325058, 4684744442325058, 4684744442325058, 4684744442325058, 4684744442325058, 4684744442325058, 4684744442325058, 4684744442325058, 4684744442325058, 4684744442325058, 4684744442325058, 4684744442324994, 4684744442324994, 4684744442324994, 4684744442324994, 4684744442324994, 4684744442324994, 4684744442324994, 4684744442324994, 4684744442324994, 4684744442324994, 4684744442324994, 4684744442324994, 4684744442324994, 4684744442324994, 4684744442324994, 4684744442324994, 4684744442324994, 4684744442324994, 4684744442324994, 4684744442324994, 4684744442324994, 4684744442324994, 4684744442324994, 4684744442324994, 4684744442324994, 4684744442324994, 4684744442324994, 4684744442324994, 4684744442324994, 4684744442324994, 4684744442324994, 4684744442324994, 4684744442324994, 4684744442324994, 4684744442324994, 4684744442324994, 4684744442324994, 4684744442324994, 4684744442324994, 4684744442324994, 4684744442324994, 4684744442324994, 4684744442324994, 4684744442324994, 4684744442324994, 4684744442324994, 4684744442324994, 4684744442324994, 4684744442324994, 4684744442324994, 4684744442324994, 4684744442324994, 4684744442324994, 4684744442324994, 4684744442324994, 4684744442324994, 4684744442324994, 4684744442324994, 4684744442324994, 4684744442324994, 4684744442324994, 4684744442324994, 4684744442324994, 4684744442324994, 4684744442324994, 4684744442324994, 4684744442324994, 4684744442324994, 4684744442324994, 4684744442324994, 4684744442324994, 4684744442324994, 4684744442324994, 4684744442324994, 4684744442324994, 4684744442324994, 181144814954498]
[4684745516066882, 4684745516066882, 4686944539322434, 4686944539322434, 4686944539322434, 4686944539322434, 4686944539322434, 4686944539322434, 4686944539322434, 4686944539322434, 4684745516066882, 4684745516066882, 4684745516066882, 4684745516066882, 4684745516066882, 4684745516066882, 4684745516066882, 4684745516066882, 4684745516066882, 4684745516066882, 4684745516066882, 4684745516066882, 4684745516066882, 4684745516066882, 4684745516066882, 4684745516066882, 4684745516066882, 4684745516066882, 4684745516066883, 4684745516066883, 4684762695936067, 4684762695936067, 4684762695936067, 4684762695936067, 4684762695936067, 4684762695936067, 4684762695936067, 4684762695936067, 4684762695936067, 4684762695936067, 4684762695936067, 4684762695936067, 4684762695936067, 4684762695936067, 4684797055674435]
[4684745516066882, 4684745516066882, 4684745516066882, 4684745516066882, 4684745516066882, 4684745516066882, 4684745516066882, 4684745516066882, 4684745516066882, 4684745516066882, 4684745516066882, 4684745516066882, 4684745516066882, 4684745516066882, 4684745516066882, 4684745516066882, 4684745516066882, 4684745516066882, 4684745516066882, 4684745516066882, 4684745516066882, 4684745516066882, 4684745516066882, 4684745516066882, 4684745516066882, 4684745516066882, 4684745516066882, 4684745516066882, 4684745516066882, 4684745516066882, 4684745516066882, 4684745516066882, 4684745516066882, 4684745516066882, 4684745516066882, 4684745516066882, 4684745516066882, 4684745516066882, 4684745516066882, 4684745516066882, 4684745516066882, 4684745516066882, 4684745516066882, 4684745516066882, 4684745516066882, 4684745516066882, 4684745516066882, 4684745516066882, 4684745516066882, 4684745516066882, 4684745516066882, 4684745516066882, 4684745516066882, 4684745516066882, 4684745516066882, 4684745516066882, 4684745516066882, 4684745516066890, 4684745516066890, 4684745516066890, 4684745516066890, 4684745516066890, 4684745516066890, 4684745516066890, 4684745516066890, 4684745516066890, 4684745516066890, 4684745516066890, 4684745516066890, 4684745516066890, 4684745516066890, 4684745516066890, 4684745516066890, 4684745516066890, 4684745516066890, 4684745516066890, 4684745516066890, 4684745516066890, 4684745516066890, 4684745516066890, 4684745516066890, 4684745516066890, 4684745516066890, 4684745516066890, 4684745516066890, 4684745516066890, 4684745516066890, 4684745516066890, 4684745516066890, 4684745516066890, 4684745516066890, 4684745516066890, 4684745516066890, 4684745516066890, 5247695469488202, 5247695469488202, 5247695469488202, 5247695469488202, 5247695469488202, 5247695469488202, 5247695469488202, 5247695469488202, 5247695469488202, 5247764188964938]
[4684745516066882, 4684745516066882, 4684745516066882, 4684745516066882, 4684745516066882, 4684745516066882, 4684745516066882, 4684745516066882, 4684745516066882, 4684745516066882, 4684745516066882, 4684745516066882, 4684745516066882, 4684745516066882, 4684745516066882, 4684745516066882, 4684745516066882, 4684745516066882, 4684745516066882, 4684745516066882, 4684745516066882, 4684745516066882, 4684745516066882, 4684745516066882, 4684745516066882, 4684745516066882, 4684745516066882, 4684745516066882, 4684745515018306, 4684745515018306, 4684745515018306, 4684745515018306, 4684745515018306, 4684745515018306, 4684745515018306, 4684745515018306, 4684745515018306, 4684745515018306, 4684745515018306, 4684745515018306, 4684745515018306, 4684745515018306, 4684745515018306, 4684745515018306, 4684745515018306, 4684745515018306, 4684745515018306, 4684745515018306, 4684745515018306, 4684882953971778, 4684882953971778, 4684882953971778, 4684882953971778, 4684882953971778, 4684882953971778, 4684882953971778, 4684882953971778, 4684882953971778, 4684882953971778, 4684882953971778, 4684882953971778, 4684882953971778, 4684882953971778, 4684882953971778, 4684882953971778, 4684882953971778, 4684882953971778, 4684882953971778, 4684882953971778, 4684882953971778, 4684882953971778, 4684882953971778, 4684882953971778, 4684882953971778, 4684882953971778, 4684882953971778, 4684882953971778, 4684882953971778, 4684882953971778, 4684882953971778, 4684882953971778, 4684882953971778, 4684882953971778, 4684882953971778, 4684882953971778, 4684882953971778, 4684882953971778, 4684882953971778, 4684882953971778, 4684882953971778, 4684882953971778, 4684882953971778, 4684882953971778, 4684882953971778, 4684882953971778, 4684882953971778, 4684882953971778, 4684882953971778, 4684882953971778, 4684882953971778, 4684882953971778, 4684882953971778, 4684882953971778, 4684882953971778, 4684882953971778, 4684882953971778, 4684882953971778, 4684882953971778, 4684882953971778, 4684882953971778, 4684882953971778, 4684882953971778, 4684882953963586]
[4684745516066882, 4684745516066882, 76742339553994818, 76742339553994818, 76742339553994818, 76742339553994818, 76742339553994818, 76742339553994818, 76742339553994818, 76742339554125890, 76742339554125890, 76742339554125890, 76742339554125890, 76742339554125890, 76742339554125890, 76742339554125890, 76742339554125890, 76742339554125890, 76742339554125890, 76742339554125890, 77868239460968514]
[4684745516066882, 4684745516066882, 4684745516066882, 4684745516066882, 4684745516066882, 4684745516066882, 4684745516066882, 4684745516066882, 4684745516066882, 4684745516066882, 4684745516066882, 4684745516066882, 4684745516066882, 4684745516066882, 4684745516066882, 4684745516066882, 4684745516066882, 4684745516066882, 4684745516066882, 4684745516066882, 4684745516066882, 4684745516066882, 4684745516066882, 4684745516066882, 4684745516066882, 4684745516066882, 4684745516066882, 4684745516066882, 4684745516066882, 4684745516066882, 4684745516066882, 4684745516066882, 4684745516066882, 4684745516066882, 4684745516066882, 4684745516066882, 4684745516066882, 4684745516066882, 4684745516066882, 4684745516066882, 4684745516066882, 4684745516066882, 4684745516066882, 4684745516066882, 4684745516066882, 4684745516066882, 4684745516066882, 4684745516066882, 4684745516066882, 4684745516066882, 4684745516066882, 4684745516066882, 4684745516066882, 181145888696386, 181145888696386, 181145888696386, 181145888696386, 181145888696386, 36209942907660354, 36209942907660354, 36209942907660354, 36209668029753410]
[4684745516066882, 4684745516066882, 4684745516066882, 4684745516066882, 4684745516066882, 4684745516066882, 4684745516066882, 4684745516066882, 4684745516066882, 4684745516066882, 4684745516066882, 4684745516066882, 4684745516066882, 4684745516066882, 4684745516066882, 4684745516066882, 4684745516066882, 4684745516066882, 4684745516066882, 4684745516066882, 4684745516066882, 4684745516066882, 4684745516066882, 4684745516066882, 4684745516066882, 4684745516066882, 4684745516066882, 4684745516066882, 4684745516066882, 4684745516066882, 4684745516066882, 4684745516066882, 4684745516066882, 4684745516066882, 4684745516066882, 4684745516066882, 4684745516066882, 4684745516066882, 4684745516066882, 4684745516066882, 4684745516066882, 4684745516066882, 4684745516066882, 4684745516066882, 4684745516066882, 4684745516066882, 4684745516066882, 4684745516066882, 4684745516066882, 4684745516066882, 4684745516066882, 4684745516066882, 4684745516066882, 4684745516066882, 4684745516066882, 4684745516066882, 4684745516066882, 4684745516066882, 4684745516066882, 4684745516066882, 4684745516066882, 4684745516066882, 4684745516066882, 4684745516066882, 4684745516066882, 4684745516066882, 4684745516066882, 4684745516066882, 4684745516066882, 4684745516066882, 4684745516066882, 4684745516066882, 4684745516066890, 4684745516066890, 4684745516066890, 4684745516066890, 4684745516066890, 4684745516066890, 4684745516066890, 4684745516066890, 4684745516066890, 4684745516066890, 4684745516066890, 4684745516066890, 4684745516066890, 4684745516066890, 4684745516066890, 4684745516066890, 4684745516066890, 5247695469488202, 5247695469488202, 5247695469488202, 5247695469488202, 5247695469488202, 5247695469488202, 5247695469488202, 5247695469488202, 5247695469488202, 5247695469488202, 5247695469488202, 5247695469488202, 5247695469488202, 5247695469488202, 5247695469488202, 5247695469488202, 5247695469488202, 5247695469488202, 5247695469488202, 5247695469488202, 5247695469488202, 5247694395746378]
[4684745516066882, 4684745516066882, 4684745516066882, 4684745516066882, 4684745516066882, 4684745516066882, 4684745516066882, 4684745516066882, 4684745516066882, 4684745516066882, 4684745516066882, 4684745516066882, 4684745516066882, 4684745516066882, 4684745516066882, 4684745516066882, 4684745516066882, 4684745516066882, 4684745516066882, 4684745516066882, 4684745516066882, 4684745516066882, 4684745516066882, 4684745516066882, 4684745516066882, 4684745516066882, 4684745516066882, 4684745516066882, 4684745516066882, 4684745516066882, 4684745516066882, 4684745516066882, 4684745516066882, 4684745516066882, 4684745516066882, 4684745516066882, 4684745516066882, 4684745516066882, 4684745516066882, 4684745516066882, 4684745516066882, 4684745516066882, 4684745516066882, 4684745516066882, 4684745516066882, 4684745516066882, 4684745516066882, 4684745516066882, 4684745516066882, 4684745516066882, 4684745516066882, 4684745516066882, 4684745516066882, 4684745516066882, 4684745516066882, 4684745516066882, 4684745516066882, 4684745516066882, 4684745516066882, 4684745516066882, 22699144025548866, 22699144025548866, 22699144025548866, 22699144025548866, 22699144025548866, 22699144025548866, 22699144025548866, 22699142951807042, 22699142951811138]
[4684745516066882, 4684745516066882, 4684745516066882, 4684745516066882, 4684745516066882, 4684745516067010, 4684745516067010, 4684745516067010, 4684745516067010, 4684745516067010, 4684745516067010, 4684745516067010, 4684745516067010, 4684745516067010, 4684745516067010, 4684745516067010, 4684745516067010, 4684745516067010, 4684745516067010, 4684745516067010, 4684745516067010, 4684745516067010, 4684745516067010, 4684745516067010, 22699144025548994, 22699144025548994, 22699144025548994, 22699144025548994, 4684745516067010, 4684745516067010, 4684745516067010, 4684745516067010, 4684745516067010, 4684745516067010, 4684745516067010, 4684745516067010, 4684745516067010, 4684745516068034, 4684745516068034, 22699144025550018]
[4684745516066882, 4684745516066882, 4684745516066882, 4684745516066882, 4684745516066882, 4684745516066882, 4684745516066882, 6936545329752130, 6936545329752130, 6936545329752130, 6936545329752130, 6936545329752130, 6936545329752130, 6936545329752130, 6936545329752130, 6936545329752130, 6936545329752130, 6936545329752130, 6936545329752130, 6936545329752130, 6936545329752130, 6936545329752130, 6936545329752130, 6936545329752130, 6936545329752130, 6936545329752130, 6936545329752130, 6936545329752130, 6936545329752130, 4684745516066882, 4684745516066882, 4684745516066882, 4684745516066882, 4684745516066882, 4684745516066882, 4684745516066882, 4684745516066882, 4684745516066882, 4684745516066882, 4684745516066882, 4684745516066882, 4684745516066882, 4684746052937794, 4684746052937794, 4684746052937794, 4684746052937794, 4684746052937794, 4684746052937794, 4684746052937794, 4684746052937794, 4684746052937794, 4684746052937794, 4684746052937794, 4684746052937794, 4684746052937794, 4684746052937794, 4684746052937794, 4684746052937794, 4684746052937794, 4684746052937794, 4684746052937794, 4684746052937794, 4684746052937794, 4684746052937794, 4684746052937794, 4684746052937794, 4684746052937794, 181146425567298, 181146425567298, 181146425567298, 181146425567298, 181146425567298, 181146425567298, 181146425567298, 18195544935049282]
[4684745516066882, 4684745516067010, 4684745516067010, 4684745516067010, 4684745516067010, 4684745516067010, 4684745516067010, 4684745516067010, 4684745516067010, 4684745516067010, 4684745516067010, 4684745516067010, 4684745516067010, 4684745516067010, 4684745516067010, 4684745516067010, 4684745516067010, 4684745516067010, 4684745516067010, 4684745516067010, 4684745516067010, 4684745516067010, 4684745516067010, 4684745516067010, 4684745516067010, 4684745516067010, 4684745516067010, 4684745516067010, 4684745516067010, 4684745516067010, 4684745516067010, 4684745516067010, 4684745516067010, 4684745516067010, 4684745516067010, 4684745516067010, 4684745516067010, 4684745516067010, 4684745516067010, 4684745516067010, 4684745516067010, 4684745516067010, 4684745516067010, 4684745516067010, 4684745516067010, 4684745516067010, 4684745516067010, 4684745516067010, 4684745516067010, 4684745516067010, 4684745516067010, 4684745516067010, 4684745516067010, 4684745516066882, 4684745516066882, 4684745516066882, 4684745516066882, 4684745516066882, 4684745516066882, 4684745516066882, 4684745516066882, 4684745516066882, 4684745516066882, 4684745516066882, 4684745516066882, 4684745516066882, 4684745516066882, 4684745516066882, 4684745516066882, 4684745516066882, 4684745516066882, 4684745516066882, 4684745516066882, 4684745516066882, 4684745516066882, 4684745516066882, 4684745516066882, 4684745516066882, 4684745516066882, 4684745516066882, 4684745516066882, 4684745516066882, 4684745516066882, 4684745516066882, 4684745516066882, 4684745516066882, 4684745516066882, 4684745516066882, 4684745516066882, 4684745516066882, 4684745516066882, 4684745516066882, 4684745516066882, 4684745516066882, 4684745516066882, 4684745516066882, 4684745516066882, 4684745516066882, 4684745516066882, 4684745516066882, 4684745516066882, 4684745516066882, 4684745516066882, 4684745516066882, 4684745516066882, 4684745516066882, 4684745516066882, 4684745516066882, 4684745516066882, 4684745516066882, 4684745516066882, 4684745516066882, 4684745516066882, 4684745516066882, 4684745516066882, 4684745516066882, 4684745516066882, 4684745516066882, 4684745516066882, 4684745516066882, 4684745516066882, 4684745516066882, 4684745516066882, 4684745516066882, 4684745516066882, 4684745516066882, 4684745516066882, 4684745516066882, 4684745516066882, 4684746052937794, 4684746052937794, 4684746052937794, 4684746052937794, 4684746052937794, 4684746052937794, 4684746052937794, 4684746052937794, 4684746052937794, 4684746052937794, 4684746052937794, 4684746052937794, 4684746052937794, 4684746052937794, 4684746052937794, 4684746052937794, 4684746052937794, 4684746052937794, 4684746052937794, 4684746052937794, 4684746052937794, 4684746052937794, 4684746052937794, 4684746052937794, 4684746052937794, 4684746052937794, 4684746052937794, 4684746052937794, 4684746052937794, 4684746052937794, 4684746052937794, 4684746052937794, 4684746052937794, 4684746052937794, 4684746052937794, 4684746052937794, 4684746052937794, 4684746052937794, 4684746052937794, 4684746052937794, 4684746052937794, 4684746052937794, 4684746052937794, 4684746052937794, 4684746052937794, 4684746052937794, 4684746052937794, 4684746052937794, 4684746052937794, 4684746052937794, 4684746052937794, 4684746052937794, 4684746052937794, 4684746052937794, 4684746052937794, 4684746052937794, 4684746052937794, 4684746052937794, 4684746052937794, 4684746052937794, 4684746052937794, 4684746052937794, 4684746052937794, 4684746052937794, 4684746052937794, 4684746052937794, 4684746052937794, 4684746052937794, 4684746052937794, 4684746052937794, 4684746052937794, 4684746052937794, 4684746052937794, 4684746052937794, 4684746052937794, 4684746052937794, 4684746052937794, 4684746052937794, 4684746052937794, 4684746052937794, 4684746052937794, 4684746052937794, 4684746052937794, 4684746052937794, 4684746052937794, 4684746052937794, 4684746051889218, 4684746051889218, 4684746051889218, 4684746051889218, 4684745515018306, 4684745515018306, 4684745515018306, 4684745515018306, 4684745515018306, 4684745515018306, 4684745515018306, 4684745515018306, 4684745515018306, 4684745515018306, 4684745515018306, 4684745515018306, 4684745515018306, 4684745515018306, 4684745515018306, 4684745515018306, 4684745515018306, 4684745515018306, 4684745515018306, 4684745515018306, 4684745515018306, 4684745515018306, 4684745515018306, 4684745515018306, 4684745515018306, 4684745515018306, 4684745515018306, 4684745515018306, 4684745515018306, 4684745515018306, 4684745515018306, 4684745515018306, 4684745515018306, 4684745515018306, 4684745515018306, 4684745515018306, 4684745515018306, 4684745515018306, 4684745515018306, 4684745515018306, 4684745515018306, 4684745515018306, 4684745515018306, 4684745515018306, 4684745515018306, 4684745515018306, 4684745515018306, 4684745515018306, 4684745515018306, 4684745515018306, 4684745515018306, 4684745515018306, 4684745515018306, 4684745515018306, 4684745515018306, 4684745515018306, 4684745515018306, 4684745515018306, 4684745515018306, 4684745515018306, 4684745515018306, 4684745515018306, 4684745515018306, 4684745515018306, 4684745515018306, 4684745515018306, 4684745515018306, 4684745515018306, 4684745515018306, 4684745515018306, 4684745515018306, 4684745515018306, 4684745515018306, 4684745515018306, 4684745515018306, 4684745515018306, 4684745515018306, 4684745515018306, 4684745515018306, 4684745515018306, 4684745515018306, 4684745515018306, 4684745515018306, 4684745515018306, 4684745515018306, 4684745515018306, 4684745515018306, 4684745515018306, 4684745515018306, 4684745515018306, 4684745515018306, 4684745515018306, 4684745515018306, 4684745515018306, 4684745515018306, 4684745515018306, 4684745515018306, 4684745515018306, 4684745515018306, 4684745515018306, 4684745515018306, 4684745515018306, 4684745515018306, 4684745515018306, 4684745515018306, 4684745515018306, 4684745515018306, 4684745515018306, 4684745515018306, 4684745515018306, 4684745515018306, 4684745515018306, 4684745515018306, 4684745515018306, 4684745515018306, 4684745515018306, 4684745515018306, 4684745515018306, 4684745515018306, 5247695468439618, 5247695468439618, 5247695468439618, 5247695468439618, 5247695468439618, 5247695468439618, 5247695468439618, 5247695468439618, 5247695468439618, 5247695468439618, 5247695468439618, 5247695468439618, 5247695468439618, 5247695468439618, 5247695468439618, 5247695468439618, 5247695468439618, 5247695468439618, 5247695468439618, 5247695468439618, 5247695468439618, 5247695468439618, 5247695468439618, 5247695468439618, 5247695468439618, 5247695468439618, 5247695468439618, 5247695468439618, 5247695468439618, 5247695468439618, 5247695468439618, 5247695468439618, 5247695468439618, 5247695468439618, 5247695468439618, 5247695468439618, 5247695468439618, 5247695468439618, 5247695468439618, 5247695468439618, 5247695468439618, 5247695468439618, 5247695468439618, 5247695468439618, 5247695468439618, 5247695468439618, 5247695468439618, 5247695468439618, 5247695468439746]
[4684745516066882, 4684745516066882, 4684745516066882, 4684745516066882, 4684745516066882, 4684745516066882, 4684745516066882, 4684745516066882, 4684745516066882, 4684745516066882, 4684745516066882, 4684745516066882, 4684745516066882, 4684745516066882, 4684745516066882, 4684745516066882, 4684745516066882, 4684745516066882, 4684745516066882, 4684745583175746, 22699144092657730, 22699144092657730, 22699144092657730, 22699144092657730, 22699144092657730, 22699144092657730, 22699144092657730, 22699144092657730, 22699144092657730, 22699144092657730, 22699144092657730, 22699144092657730, 22699144092657730, 23262094046079042]
[4684745516066882, 4684745516066882, 4684745516066882, 4684745516066882, 4684745516066882, 4684745516066882, 4684745516066882, 4684745516066882, 4684745516066882, 4684745516066882, 4684745516066882, 4684745516066882, 4684745516066882, 4684745516066882, 4684745516066882, 4684745516066882, 4684745516066882, 4684745516066882, 4684745516066882, 4684745516066882, 4684745516066882, 4684745516066882, 4684745516066882, 4684745516066882, 4684745516066882, 4684745516066882, 4684745516066882, 4684745516066882, 4684745516066882, 4684745516066882, 4684745516066882, 4684745516066882, 4684745516066882, 4684745516066882, 4684745516066882, 4684745516066882, 4684745516066882, 4684745516066882, 4684745516066882, 4684745516066882, 4684745516066882, 4684745516066882, 4684745516066882, 4684745516066882, 4684745516066882, 4684745516066882, 4684745516066882, 4684745516066882, 4684745516066882, 4684745516066882, 4684745516066882, 4684745516066882, 4684745516066882, 4684745516066882, 4684745516066882, 4684745516066882, 4684745516066882, 4684745516066882, 4684745516066882, 4684745516066882, 4684745516066882, 4684745516066882, 4684745516066882, 4684745516066882, 4684745516066882, 4684745549621314, 4684745549621314, 4684745549621314, 4684745549621314, 4684745549621314, 4684745549621314, 4684745549621314, 4684745549621314, 4684745549621314, 4684745549621314, 4684745549621314, 4684744475879490, 4684744475879490, 4684744475879490, 4684744475879490, 4684744475879490, 4684744442325058, 4684744442325058, 4684744442325058, 4684745516066882, 4684745516066882, 4684745516066882, 4684745516066882, 4684745516066882, 4684745516066882, 4684745516066882, 22699144025548866, 22699144025548994, 22699144025548994, 22699144025548994, 22699144025548994, 22699144025548994, 22699144025548994, 22699144025548994, 22699144025550018]
[4684745516066882, 4684745516066882, 4684745516066882, 4684745516066882, 4684745516066882, 4684745516066882, 4684745516066882, 4684745516066882, 4684745516066882, 4684882955020354, 4684882955020354, 4684882955020354, 4684882955020354, 4684882955020354, 4684882955020354, 4684882955020354, 4684882955020354, 4684882955020354, 4684882955020354, 4684882955020354, 4684882955020354, 4684882955020354, 4684882955020354, 4684882955020354, 4684882955020354, 4684882955020354, 4684882955020354, 4684882955020354, 4684882955020354, 4684882955020354, 4684882955020354, 4684882955020354, 4684882955020354, 4684882955020354, 4684882955020354, 4684882955020354, 4684882955020354, 4684882955020354, 4684882955020354, 4684882955020354, 4684882955020354, 4684882955020354, 4684882955020354, 4684882955020354, 4684882955020354, 4684882955020354, 4684882955020354, 4684882955020354, 4684882955020354, 4684882955020354, 4684882955020354, 4684882955020354, 4684882955020354, 4684882955020354, 4684882955020354, 4684882955020354, 4684882955020354, 4684745516066882, 4684745516066882, 4684745516066882, 4684745516066882, 4684745516066882, 4684745516066882, 4684745516066882, 4684745516066882, 4684745516066882, 4684745516066882, 4684745516066882, 4684745516066882, 4684745516066882, 4684745516066882, 4684745516066882, 4684745516066882, 4684745516066882, 4684745516066882, 4684745516066882, 4684745516066882, 4684745516066882, 4684745516066882, 4684745516066882, 4684745516066882, 4684745516066882, 4684745516066882, 4684745516066882, 4684745516066882, 4684745516066882, 4684745516066882, 4684745516066882, 4684745516066882, 4684745516066882, 4684745516066882, 4684745516066882, 4684745516066882, 4684745516066882, 4684745516066882, 4684745516066882, 4684745516066882, 4684745516066882, 22699144025548866, 22699144025548866, 22699144025548866, 22699144025548866, 22699144025548866, 22699144025548866, 22699144025548866, 22699144025548866, 22699144025548866, 22699144025548866, 22699144025548866, 22699144025548866, 22699144025548866, 22699144025548866, 22699144025548866, 22699144025548866, 22699144025548866, 22699144025548866, 22699144025548866, 22699144025548866, 22699144025548866, 22699144025548866, 22699144025548866, 22699144025548866, 22699144025548866, 22699144025548866, 22699144025548866, 22699144025548866, 22699144025548866, 22699144025548866, 22699144025548866, 22699144025548866, 22699144025548866, 22699144025548866, 22699144025548866, 22699144025548866, 22699144025548866, 22699144025548866, 22699144025548866, 22699144025548866, 22699144025548866, 22699144025548866, 22699144025548866, 22699144025548866, 22699144025548866, 22699144025548866, 22699144025548866, 22699144025548866, 22699144025548866, 22699144025548866, 22699144025548866, 22699144025548866, 22699144025548866, 22699144025548866, 22699144025548866, 22699144025548866, 22699144025548866, 22699144025548866, 22699144025548866, 22699144025548866, 22699144025548866, 22699144025548866, 22699144025548866, 22699144025548866, 22699144025548866, 22699144025548866, 22699144025548866, 22699144025548866, 22699144025548866, 22699144025548866, 22699144025548866, 22699144025548866, 22699144025548866, 22699144025548866, 22699144025548866, 22699144025548866, 22699144025548866, 22699144025548866, 22699144025548866, 22699144025548866, 22699144025548866, 22699144025548866, 22699144025548866, 22699144025548866, 22699144025548866, 22699144025548866, 22699144025548866, 22699144025548866, 22699144025548866, 22699144025548866, 22699144025548866, 22699144025548866, 22699144025548866, 22699144025548866, 22699144025548866, 22699144025548866, 22699144025548866, 22699144025548866, 22699144025548866, 22699144025548866, 22699144025548866, 22699144025548866, 22699144025548866, 23262093978970178, 23262093978970178, 23262093978970178, 23262093978970178, 23262093978970178, 23262093978970178, 23262093978970178, 23262093978970178, 23262093978970178, 23262093978970178, 23262093978970178, 23262093978970178, 23262093978970178, 23262093978970178, 23262093978970178, 23262093978970178, 23262093978970178, 23262093978970178, 23262093978970178, 23262093978970178, 23262093978970178, 23262093978970178, 23262093978970178, 23262093978970178, 23262093978970178, 23262093978970178, 23262093978970178, 23262093978970178, 23262093978970178, 23279686165014594]
[4684745516066882, 4684745516066882, 4684745516066882, 4684745516066882, 4684745516066882, 4684745516066882, 4684745516066882, 4684745516066882, 4684745516066882, 4684745516066882, 4684745516066882, 4684745516066882, 4684745516066882, 4684745516066882, 4684745516066882, 4684745516066882, 4684745516066882, 4684745516066882, 4684745516066882, 4684745516066882, 4684745516066882, 4684745516066882, 4684745516066882, 4684745516066882, 4702337702111298, 4702337702111298, 4702337702111298, 4702337702111298, 198738074740802, 198738074740802, 198738074740802, 198738074740802, 198738074740802, 198738074740802, 198738074740802, 181145888696386, 181145888696386, 181145888696386, 181145888696386, 181145888696386, 181145888696386, 181145888696386, 181145888696386, 181145888696386, 181145888696386, 181145888696386, 181145888696386, 181145888696386, 181145888696386, 181145888696386, 181145888696386, 181145888696386, 181145888696386, 181145888696386, 181145888696386, 181145888696386, 181145888696386, 181145888696386, 181145888696386, 181145888696386, 181145888696386, 181145888696386, 181145888696386, 181145888696386, 181145888696386, 181145888696386, 181145888696386, 181145888696386, 181145888696386, 181145888696386, 181145888696386, 181145888696386, 181145888696386, 181145888696386, 181145887647810, 181145887647810, 181145887647810, 181145887647810, 181145887647810, 181145887647810, 4684745515018306, 4684745515018306, 4684745515018306, 4684745515018306, 4684745515018306, 4684745515018306, 4684745515018306, 4684745515018306, 4684745515018306, 4684745515018306, 4684745515018306, 4684745515018306, 4684745515018306, 4684745515018306, 4684745515018306, 4684745515018306, 4684745515018306, 4684745515018306, 4684745515018306, 4684745515018306, 4684745515018306, 4684745515018306, 4684745515018306, 4684745515018306, 4684745515018306, 4684745515018306, 4684745515018306, 4684745515018306, 4684745515018306, 4684745515018306, 4684745515018306, 4684745515018306, 4684745515018306, 4684745515018306, 4684745515018434, 4684745515018434, 4684745515018434, 4684745515018434, 4684745515018434, 4684745515018434, 4684745515018434, 4684745515018434, 4684745515018434, 4684745515018434, 4684745515018434, 4684745515018434, 4684745515018434, 4684745515018434, 4684745515018434, 4684745515018434, 4684745515018434, 4684745515018434, 4684745515018434, 4684745515018434, 4684745515018434, 4684745515018434, 4684745515018434, 4684745515018434, 4684745515018434, 4684745515018434, 4684745515018306, 4684745515018306, 4684745515018306, 4684745515018306, 4684745515018306, 4684745515018306, 4684745515018306, 4684745515018306, 4684745515018306, 4684745515018306, 4684745515018306, 4684745515018306, 4684745515018306, 4684745515018306, 4684745515018306, 4684745515018306, 4684745515018306, 4684745515018306, 4684745515016258, 4684745515016258, 4684745515016258, 4684779874754626]
[4684745516066882, 4684745516066882, 4684745516066882, 4684745516066882, 4684745516066882, 4684745516066882, 4684745516066882, 4684745516066882, 4684745516066882, 4684745516066882, 4684745516066882, 4684745516066882, 4684745516066882, 4684745516066882, 4684745516066882, 4684745516066882, 4684745516066882, 4684745516066882, 4684745516066882, 4684745516066882, 4684745516066882, 4684745516066882, 4684745516066882, 4684745516066882, 4684745516066882, 4684745516066882, 4684745516066882, 4684745516066882, 4684745516066882, 4684745516067010, 4684745516067010, 4684745516067010, 4684745516067010, 4684745516067010, 4684745516067010, 4684745516067010, 4684745516067010, 4684745516067010, 4684745516067010, 4684745516067010, 4684745516067010, 4684745516067010, 4684745516067010, 4684745516067010, 4684745516067010, 4684745516067010, 4684745516067010, 4684745516067010, 4684745516067010, 4684745516067010, 4684745516067010, 4684745516067010, 4684745516067010, 4684745516067010, 4684745516067010, 4684745516067010, 4684745516067010, 4684745516067010, 4684745516067010, 4684745516067010, 4684745516067010, 4684745516067010, 4684745516067010, 4684745516067010, 4684745516067010, 4684745516067010, 4684745516067010, 4684745516067010, 4684745516067010, 4684745516067010, 4684745516067010, 4684745516067010, 4684745516067010, 4684745516067010, 4684745516067010, 4684745516067010, 4684745516067010, 4684745516067010, 4684745516067010, 4684745516067010, 4684745516067010, 4684745516067010, 4684745516067010, 22699144025548994, 22699144025548994, 22699144025548994, 22699144025548994, 22699144025548994, 22699144025548994, 22699144025548994, 22699144025548994, 22699144025548994, 22699144025548994, 22699144025549002]
[4684745516066882, 4684745516066882, 4684745516066882, 4684745516066882, 4684745516066882, 4684745516066882, 4684745516066882, 4684745516066882, 4684745516066882, 4684745516066882, 4684745516066882, 4684745516066882, 4684745516066882, 4684745516066882, 4684745516066882, 4684745516066882, 4684745516066882, 4684745516066882, 4684745516066882, 4684745516066882, 4684745516066882, 4684745516066882, 4684745516066882, 4684745516066882, 4684745516066882, 4684745516066882, 4684745516066882, 4684745516066882, 4684745516066882, 4684745516066882, 4684745516066882, 4684745516066882, 4684745516066882, 4684745516066882, 4684745516066882, 4684745516066882, 4684745516066882, 4684745516066882, 4684745516066882, 4684745516066882, 4684745516066882, 4684745516066882, 4684745516066882, 4684745516066882, 4684745516066882, 4684745516066882, 4684745516066882, 4684745516066882, 4684745516066882, 4684745516066882, 4684745516066882, 4684745516066882, 4684745516066882, 4684745516066882, 4684745516066882, 4684745516066882, 4684745583175746, 4684745583175746, 4684745583175746, 4684745583175746, 4684745583175746, 4684745583175746, 4684745583175746, 4684745583175746, 4684745583175746, 4684745583175746, 4684745583175746, 4684745583175746, 4684745583175746, 4684745583175746, 4684745583175746, 4684745583175746, 4684745583175746, 4684745583175746, 4684745583175746, 4684745583175746, 4684745583175746, 4684745583175746, 4684745583175746, 4684745583175746, 4684745583175746, 4684745583175746, 4684745583175746, 4684745583175746, 4684745583175746, 4684745583175746, 4684745583175746, 4684745583175746, 4684745583175746, 4684745583175746, 4684745583175746, 4684745583175746, 4684745583175754, 4684745583175754, 5810645490018378]
[4684745516066882, 4684745516066882, 4684745516066882, 4684745516066882, 4684745516066882, 4684745516066882, 4684745516066882, 4684745516066882, 4684745516066882, 4684745516066882, 4684745516066882, 4684745516066882, 4684745516066882, 4684745516066882, 4684745516066882, 4684745516066882, 4684745516066882, 4684745516066882, 4684745516066882, 4684745516066882, 4684745516066882, 4684745516066882, 4684745516066882, 4684745516066882, 4684745516066882, 4684745516066882, 4684745516066882, 4684745516066882, 4684745516066882, 4684745516066882, 4684745516066882, 4684745516066882, 4684745516066882, 4684745516066882, 4684745516066882, 4684745516066882, 4684745516066882, 4684745516066882, 4684745516066882, 4684745516066882, 4684745516066882, 4684745516066882, 4684745516066882, 4684745516066882, 4684745516066882, 4684745516066882, 4684745516066882, 4684745516066882, 4684745516066882, 4684745516066882, 4684745516066882, 4684745516066882, 4684745516066882, 4684745516066882, 4684745516066882, 4684745516066882, 4684745516066882, 4684745516066882, 4684745516066882, 4684745516066882, 4684745516066882, 4684745516066882, 4684745516066882, 4684745516066882, 4684745516066882, 4684745516066882, 4684745516066882, 4684745516066882, 4684745516066882, 4684745516066882, 4684745516066882, 4684745516066882, 4684745516066882, 4684745516066882, 4684745516066882, 4684745516066882, 4684745516066882, 4684745516066882, 4684745516066882, 4684745516066882, 4684745516066882, 4684745516066882, 4684745516066882, 4684745516066882, 4684745516066882, 4684745516066882, 4684745516066882, 4684745516066882, 4684745516066882, 4684745516066882, 4684745516066882, 4684745516066882, 4684745516066882, 4684745516066882, 4684745516066882, 4684745516066882, 4684745516066882, 4684745516066882, 4684745516066882, 4684745516066882, 4684745516066882, 4684745516066882, 4684745516066882, 4684745516066882, 4684745516066882, 4684745516066882, 4684745516066882, 4684745516066882, 4684745516066882, 4684745516066882, 4684745516066882, 4684745516066882, 4684745516066882, 4684745516066882, 4684745516066882, 4684745516066882, 4684745516066882, 4684745516066882, 4684745516066882, 4684745516066882, 4684745516066882, 4684745516066882, 4684745516066882, 4684745516066882, 4684745516066882, 5247695469488194, 5247695469488194, 5247695469488194, 5247695469488194, 5247695469488194, 5247695469488194, 5247695469488194, 5247695469488194, 5247695469488194, 5247695469488194, 5247695469488194, 5247695469488194, 5247695469488194, 5247695469488194, 5247695469488194, 5247695469488194, 5247695469488194, 5247695469488194, 5247695469488194, 5247695469488194, 5247695469488194, 5247695469488194, 5247695469488194, 5247695469488194, 5247695469488194, 5247695469488194, 5247695469488194, 5247695469488194, 5247695469488194, 5247695469488194, 5247695469488194, 5247695469488194, 5247695469488194, 5247695469488194, 5247695469488194, 5247695469488194, 5247695469488194, 5247695469488194, 5247695469488194, 5247695469488322, 5247695469488322, 5247695469488322, 5247695469488322, 5247695469488322, 5247695469488322, 5247695469488322, 23262093978970306]
[4684745516066882, 4684745516066882, 4684745516066882, 4684745516066882, 4684745516066882, 4684745516066882, 4684745516066882, 4684745516066882, 4684745516066882, 4684745516066882, 4684745516066882, 4684745516066882, 4684745516066882, 4684745516066882, 4684745516066882, 4684745516066882, 4684745516066882, 4684745516066882, 4684745516066882, 4684745516066882, 4684745516066882, 4684745516066882, 4684745516066882, 4684745516066882, 4684745516066882, 4684745516066882, 4684745516066882, 4684745516066882, 4684745516066882, 4684745516066882, 4684745516066882, 4684745516066882, 4684745516066882, 40713542535030850, 40713542535030850, 40713542535030850, 40713542535030850, 40713542535030850, 40713542535030850, 40713542535030850, 40713542535030850, 40713542535030850, 41276492488452162, 41276492488452162, 41276492488452162, 41276492488452162, 41276492488452162, 41276492488452162, 41276492488452162, 41276492488452162, 41276492488452162, 41276492488452162, 41276492488452162, 41276492488452162, 41276492488452162, 41276492488452162, 41276492488452162, 41276492488452162, 41276492488452162, 41276492488452162, 41276492488452162, 41276492488452162, 41276492488452162, 41276492488452162, 41276492488452162, 41276492488452162, 41276492488452162, 41276492488452162, 41276492488452162, 41276492488452162, 41276492488452162, 41276492488452162, 5247695469488194, 5247695469488194, 5247695469488194, 5247695469488194, 5247695469488194, 5247695469488194, 5247695469488194, 5247695469488194, 5247695469488194, 5247695469488194, 5247695469488194, 5247695469488194, 5247695503042626, 5247695503042626, 5247695503042626, 5247695503042626, 5247695503042626, 5247695503042626, 5247695503042626, 5247695503042626, 5247695469488194, 5247695469488194, 5247695469488194, 4684745516066882, 4684745516066882, 4684745516066882, 4684745516066882, 4684745516066882, 4684745516066882, 4684745516066882, 4684745516066882, 4684745516066882, 4684745516066882, 4684745516066882, 4684745516066882, 4684745516066882, 4684745516066882, 4684745516066882, 4684745516066882, 4684745516066882, 4684745516066882, 4684745516066882, 4684745516066882, 4684745516066882, 4684745516066882, 4684745516066882, 4684745516066882, 4684745516066882, 4684745516066882, 4684745516066882, 4684745516066882, 4684745516066882, 4684745516066882, 4684745516066882, 4684745516066882, 4684745516066882, 4684745516066882, 4684745516066882, 4684745516066882, 4684745516066882, 4684745516067906, 4684745516067906, 4684745516067906, 4684745516067906, 4684745516067906, 4684745516067906, 4684745516067906, 4684745516067906, 4684745516067906, 4684745516067906, 4684745516067906, 4684745516067906, 4684745516067906, 4684745516067906, 4684745516067906, 4684745516067906, 40713542535031874, 40713542535031874, 40713542535031874, 40713542535031874, 40713542535031874, 40713542535031874, 40713542535031874, 40713542535031874, 40713542535031874, 40713542535030850, 40713542535030850, 40713542535030850, 40713542535030866, 40713542535030866, 40713542266595410]
[4684745516066882, 4684745516066882, 4684745516066882, 4684745516066882, 4684745516066882, 4684745516066882, 4684745516066882, 4684745516066882, 4684745516066882, 4684745516066882, 4684745516066882, 4684745516066882, 4684745516066882, 4684745516066882, 4684745516066882, 4684745516066882, 4684745516066882, 4684745516066882, 4684745516066882, 4684745518164034, 4684745518164034, 4684745518164034, 4684745518164034, 4684745518164034, 4684745518164034, 4684745518164034, 4684745518164034, 4684745518164034, 4684745518164034, 4684745518164034, 4684745518164034, 4684745518164034, 4684745518164034, 4684745518164034, 4684745518164034, 4684745518164034, 4684745518164034, 4684745518164034, 4684745518164034, 4684745518164034, 4684745518164034, 4684745518164034, 4684745518164034, 4684745518164034, 4684745518164034, 4684745518164034, 4684745518164034, 4684745518164034, 4684745518164034, 4684745518164034, 4684745518164034, 4684745518164034, 4684745518164034, 4684745518164034, 4684745518164034, 4684745518164034, 4684745518164034, 4684745518164034, 4684745518164034, 4684745518164034, 4684745518164034, 4684745518164034, 4684745518164034, 4684745518164034, 4684745518164034, 4684745518164034, 4684745518164034, 4684745518164034, 4684745518164034, 4684745518164034, 4684745518164034, 4684745518164034, 4684745518164034, 4684745518164034, 4684745518164034, 4684745518164034, 4684745518164034, 4684745518164034, 181145890793538, 181145890793538, 181145890793538, 181145890793538, 181145890793538, 181145890793538, 181145890793538, 181145890793538, 181145890793538, 181145890793666]
[4684745516066882, 4684745516066882, 4684745516066882, 4684745516066882, 4684745516066882, 4684745516066882, 4684745516066882, 4684745516066882, 4684745516066882, 4684745516066882, 4684745516066882, 4684745516066882, 4684745516066882, 4684745516066882, 4684745516066882, 4684745516066882, 4684745516066882, 181145888696386, 181145888696386, 181145888696386, 181145888696386, 181145888696386, 181145888696386, 181145888696386, 181145888696386, 181145888696386, 181145888696386, 181145888696386, 181145888696386, 181145888696386, 181145888696386, 181145888696386, 181145888696386, 181145888696386, 181145888696386, 181145888696386, 181145888696386, 181145888696386, 181145888696386, 181145888696386, 181145888696386, 181145888696386, 181145888696386, 181145888696386, 181145888696386, 181145888696386, 181145888696386, 181145888696386, 181145888696386, 181145888696386, 181145888696386, 181145888696386, 181145888696386, 181145888696386, 181145888696386, 181145888696386, 181145888696386, 181145888696386, 181145888696386, 181145888696386, 181145888696386, 181145888696386, 181145888696386, 181145888696386, 181145888696386, 181145888696386, 181145888696386, 181145888696386, 181145888696386, 181145888696386, 181145888696386, 181145888696386, 181145888696386, 181145888696386, 181145888696386, 181145888696386, 181145888696386, 181145888696386, 181145888696386, 181145888696386, 198738074740802, 198738074740802, 198738074740802, 198738074740802, 198738074740802, 198738074741826]
[4684745516066882, 4684745516066882, 4684745516066882, 4684745516066882, 4684745516066882, 4684745516066882, 4684745516066882, 4684745516066882, 4684745516066882, 4684745516066882, 4684745516066882, 4684745516066882, 4684745516066882, 4684745516066882, 4684745516066882, 4684745516066882, 4684745516066882, 4684745516066890, 4684745516066890, 4684745516066890, 4684745516066890, 4684745516066890, 4684745516066890, 4684745516066890, 4684745516066890, 4684745516066890, 4684745516066890, 4684745516066890, 4684745516066890, 4684745516066890, 4684745516066890, 4684745516066890, 4684745516066890, 4684745516066890, 4684745516066890, 4684745516066890, 4684745516066890, 4684745516066890, 4684745516066890, 4684745516066890, 4684745516066890, 4684745516066890, 4702337702111306, 4702337702111298, 4702337702112322, 4702337702112322, 4702337702112322, 4702337702112322, 4702337702112322, 4702337702112322, 4702337702112322, 4702337702112322, 4702337702112322, 4702337702112322, 4702337702112322, 4702337702112322, 4702337702112322, 4702337702112322, 4702337702112322, 4702337702112322, 4702337702112322, 4702337702112322, 4702337702112322, 4702337702112322, 4702337702112322, 4702337702112322, 4702337702112322, 4702337702112322, 4702337702112322, 4702337702112322, 22716736211594306]
[4684745516066882, 4684745516066882, 4684745516066882, 4684745516066882, 4684745516066882, 4684745516066882, 4684745516066882, 4684745516066882, 4684745516066882, 4684745516066882, 4684745516066882, 4684745516066882, 4684745516066882, 4684745516066882, 4684745516066882, 4684745516066882, 4684745516066882, 4684745516066882, 4684745516066882, 4684745516066882, 4684745516066882, 4684745516066882, 4684745516066882, 4684745516066882, 4684745516066882, 4684745516066882, 4684745516066882, 4684745516066882, 4684745516066882, 4684745516066882, 4684745516066882, 4684745516066882, 4684745516066882, 4684745516066882, 4684745516066882, 4684745516066882, 4684745516066882, 4684745516066882, 4684745516066882, 4684745516066882, 4684745516066882, 4684745516066882, 4684745516066882, 4684745516066882, 4684745516066882, 4684745516066882, 4684745516066882, 4684745516066882, 4684745516066882, 4684745516066882, 4684745516066882, 4684745516066882, 4684745516066882, 4684745516066882, 4684745516066882, 4684745516066882, 4684745516066882, 4684745516066882, 4684745516066882, 4684745516066882, 4684745516066882, 4684745516066882, 4684745516066882, 4684745516066882, 4684745516066882, 4684745516066882, 4684745516066882, 4684745516066882, 4684745516066882, 4684745516066882, 4684745516066882, 4684745516066882, 4684745516066882, 4684745516066882, 4684745516066882, 4684745516066882, 4684745516066882, 4684745518164034, 4684745518164034, 22699144027646018, 22699144027646018, 22699144027646018, 22699144027646018, 22699144027646018, 22699144027646018, 22699144027646018, 22699144027646018, 22699144027646018, 22699144027646018, 22558406539290690]
[4684745516066882, 4684745516066882, 4684745516066882, 4684745516066882, 4684745516066882, 4684745516066882, 4684745516066882, 4684745516066882, 4684745516066882, 4684745516066882, 4684745516066882, 4684745516066882, 4684745516066882, 4684745516066882, 4684745516066882, 4684745516066882, 4684745516066882, 181145888696386, 181145888696386, 181214608173122, 181214608173122, 181214608173122, 181214608173122, 181214608173122, 181214608173122, 181214608173122, 181214608173122, 181214608173122, 181214608173122, 181214608173122, 181214608173122, 181214608173122, 181214608173122, 181214608173122, 181214608173122, 181214608173122, 181214608173122, 181214608173122, 181214608173122, 181214608173122, 181214608173122, 181213534431298]
[4684745516066882, 4684745516066882, 4684745516066882, 4684745516066882, 4684745516066882, 4684745516066882, 4684745516066882, 4684745516066882, 4684745516066882, 4684745516066882, 4684745516066882, 4684745516066882, 4684745516066882, 4684745516066882, 4684745516066882, 4684745516066882, 4684745516066882, 4684745516066882, 4684745516066882, 4684745516066882, 4684745516066882, 4684745516066882, 4684745516066882, 4684745516066882, 4684745516066882, 4684745516066882, 4684745516066882, 4684745516066882, 4684745516066882, 4684745516066882, 4684745516066882, 4684745516066882, 4684745516066882, 4684745516066882, 4684745516066882, 4684745516066882, 4684745516066882, 4684745516066882, 4684745516066882, 4684745516066882, 4684745516066882, 4684745516066882, 4684745516066882, 4684745516066882, 4684745516066882, 4684745516066882, 4684745516066882, 4684745516066882, 4684745516066882, 4684745516066882, 4684745516066882, 4684745516066882, 4684745516066882, 4684745516066882, 4684745516066882, 4684745516066882, 4684745516066882, 4684745516066882, 4684745516066882, 4684745516066882, 4684745516066882, 4684745516066882, 4684745516066882, 4684745516066882, 4684745516066882, 4684745516066882, 4684745516066882, 4684745516066882, 4684745516066882, 4684745516066882, 4684745516066882, 4684745516066882, 4684745516066882, 4684745516066882, 4684745516066882, 4684745516066882, 4684745516066882, 4684745516066882, 4684745516066882, 4684745516066882, 4684745516066882, 4684745516066882, 4684745516066882, 4684745516066882, 4684745516066882, 4684745516066882, 4684745516066882, 4684745516066882, 4684745516066882, 4684745516066882, 4684745516066882, 4684745516066882, 4684745516066882, 4684745516066882, 4684745516066882, 4684745516066882, 4684745516066882, 4684745516066882, 4684745516066882, 4684745516066882, 4684745516066882, 4684745516066882, 4684745516066882, 4684745516066882, 4684745516066882, 4684745516066882, 4684745516066882, 4684745516066882, 4684745516066882, 4684745516066882, 4684745516066882, 4684745516066882, 4684745516066882, 4684745516066882, 4684745516066882, 4684745516066882, 4684745516066882, 4684745516066882, 4684745516066882, 4684745516066882, 4684745516066882, 4684745516066882, 4684745516066882, 4684745516066882, 4684745516066882, 4684745516066882, 4684745516066882, 4684745516066882, 4684745516066882, 4684745516066882, 4684745516066882, 4684745516066882, 4684745516066882, 4684745516066882, 4684745516066882, 4684745516066882, 4684745516066882, 4684745516066882, 4684745516066882, 4684745516066882, 4684745516066882, 4684745516066882, 4684745516066882, 4684745516066882, 181145888696386, 181145888696386, 181145888696386, 181145888696386, 181145888696386, 181144814954562, 181144814954562, 181144814954562, 181144814954562, 181144814954562, 181144814954562, 181144814954562, 181144814954562, 181144814954562, 181144814954562, 181144814954562, 181144814954562, 181144814954562, 181144814954562, 181144814954562, 181144814954562, 181144814954562, 181144814954562, 181144814954562, 181145351825474]
[4684745516066882, 4684745516066882, 4684745516066882, 4684745516066882, 4684745516066882, 4684745516066882, 4684745516066882, 4684745516066882, 4684745516066882, 4684745516066882, 4684745516066882, 4684745516066882, 4684745516066882, 4684745516066882, 4684745516066882, 4684745516066882, 4684745516066882, 4684745516066882, 4684745516066882, 4684745516066882, 4684745516066882, 4684745516066882, 4684745516066882, 4684745516066882, 4684745516066882, 4684745516066882, 4684745516066882, 4684744442325058, 4684744442325058, 4684744442325058, 4684744442325058, 4684744442325058, 4684744442325058, 4684744442325058, 4684744442325058, 4684744442325058, 4684744442325058, 4684744442325058, 4684744442325058, 4684744442325058, 4684744442325058, 4684744442325058, 4684744442325058, 4684744442325058, 4684744442325058, 4684744442325058, 4684744442325058, 4684744442325058, 4684744442325058, 4684744442325058, 4684744442325058, 4684744442325058, 4684744442325058, 4684744442325058, 4684744442325058, 4684744442325058, 4684744442325058, 4684744442325058, 4684744442325058, 4684744442325058, 4684744442325058, 4684744442325058, 4684744442325058, 4684744442325058, 4684744442325058, 4684744442325058, 4684744442325058, 4684744442325058, 4684744442325058, 4684744442325058, 4684744442325058, 4684744442325058, 4684744442325058, 4684744442325058, 4684744442325058, 4684745516066882, 4684745516066882, 4684745516066882, 4684745516066882, 4684745516066882, 4684745516066882, 4684745516066882, 4684745516066882, 4684745516066882, 4684745516066882, 4684745516066882, 4684745516066882, 4684745516066882, 4684745516066882, 4684745516066882, 4684745516066882, 4684745516066882, 4684745516066882, 4684745516066882, 4684745516066882, 4684745516066882, 4684745516066882, 4684745516066882, 4684745516066882, 4684745516066882, 4684745516066882, 4684745516066882, 4684745516066882, 4684745516066882, 4684745516066882, 4684745516066882, 4684745516066882, 4684745516066882, 4684745516066882, 4684745516066882, 4684745516066882, 4684745516066882, 4684745516066882, 4684745516066882, 4684745516066882, 22699144025548866, 22699144025548866, 22699144025548866, 22699144025548866, 22699144025548866, 22699144025548866, 22699144025548866, 22699144025548866, 22699144025548866, 22699144025548866, 22699144025548866, 22699144025548866, 22699144025548866, 22699144025548866, 22699144025548866, 22699144025548866, 22699144025548866, 22699144025548866, 22699144025548866, 24950943839234114, 24950943839234114, 24950943839234114, 24950943839234114, 24950943839234114, 24950943839234114, 24950943839234114, 24950943839234114, 24950943839234114, 24950943839234114, 24950943839234114, 24950943839234114, 24950943839234114, 24950943839234114, 24950943839234114, 24950943839234114, 24950943839234114, 24950943839234114, 24950943839234114, 24950943839234114, 24950943839234114, 24950943839234114, 24950943839234114, 24950943839234114, 24950943839234114, 24950943839234114, 24950943839234114, 24950943839234114, 24950943839234114, 24950943839234114, 24950943839234114, 24950943839234114, 24950943839234114, 24950943839234114, 22699144025548866, 22699144025548866, 22699144025548866, 22699144025548866, 22699144025548866, 22699144025548866, 22699144025548866, 22699144025548866, 22699144025548866, 22699144025548866, 22699144025548866, 22699144025548866, 22699144025548866, 22699144025548866, 22699144025548866, 22699144025548866, 22699144025548866, 22699144025548866, 22699144025548866, 22699144025548866, 22699144025548866, 22699144025548866, 22699144025548866, 22699144025548866, 22699144025548866, 22698869147641922, 22698869147641922, 22698869147641922, 22698869147641922, 22698869147641922, 22698869147641922, 4684470638159938, 4684470638159938, 4684470638159938, 4684470638159938, 4684470638159938, 4684470638159938, 4684470638159938, 4684470638159938, 4684470638159938, 4684469564418114, 4684469564418114, 4684469564418114, 4684469564418114, 4684469564418114, 4684469564418114, 4684469564418114, 4684469564418114, 4684469564418114, 4684469564418114, 4684469564418114, 4684469564418114, 4684469564418114, 4684469564418114, 4684469564418114, 4684469564418114, 4684469564418114, 4684469564418114, 4684469564418114, 4684469564418114, 4684469564418114, 4684469564418114, 4684469564418112]
[4684745516066882, 4684745516066882, 4684745516066882, 4684745516066882, 4684745516066882, 4684745516066882, 4684745516066882, 4684745516066882, 4684745516066882, 4684745516066882, 4684745516066882, 4684745516066882, 4684745516066882, 4684745516066882, 4684745516066882, 4684745516066882, 4684745516066882, 4684745516066882, 4684745516066882, 4684745516066882, 4684745516066882, 4684745516066882, 4684745516066882, 4684745516066882, 4684745516066882, 4684745516066882, 4684745516066882, 4684745516066882, 4684745516066882, 4684745516066882, 4684745516066882, 4684745516066882, 4684745516066882, 4684745516066882, 4684745516066882, 4684745516066882, 4684745516066882, 4684745516066882, 4684745516066882, 4684745516066882, 4684745516066882, 4684745516066882, 4684745516066882, 4684745516066882, 4684745516066882, 4684745516066882, 4684745516066882, 4684745516066882, 4684745516066882, 4684745516066882, 4684745516066882, 4684745516066882, 4684745516066882, 4684745516066882, 4684745516066882, 4684745516066882, 4684745516066882, 4684745516066882, 4684745516066882, 4684745516066882, 4684745516066882, 4684745516066882, 4684745516066882, 4684745516066882, 4684745516066882, 4684745516066882, 4684745516066882, 4684745516066882, 4684745516066882, 4684745516066882, 4684745516066882, 4684745516066882, 4684745516066882, 4684745516066882, 4684745516066882, 4684745516066882, 4684745516066882, 4684745516066882, 4684745516066882, 4684745516066882, 4684745516066882, 4684745516066882, 4684745516066882, 4684745516066882, 4684745516066882, 4684745516066882, 4684745516066882, 4684745516066882, 4684745516066882, 4684745516066882, 4684745516066882, 4684745516066882, 4684745516066882, 4684745516066882, 4684745516066882, 4684745516066882, 4684745516066882, 4684745516066882, 4684745516066882, 4684745516066882, 4684745516066882, 4684745516066882, 4684745516066882, 4684745516066882, 4684745516066882, 4684745516066882, 4684745516066882, 4684745516066882, 4684745516066882, 4684745516066882, 4684745516066882, 4684745516066882, 4684745516066882, 4684745516066882, 4684745516066882, 4684745516066882, 4684745516066882, 4684745516066882, 4684745516066882, 4684745516066882, 4684745516066882, 4684745516066882, 4684745516066882, 4684745516066882, 4684745516066882, 4684745516066882, 4684745516066882, 4684745516066882, 4684745516066882, 4684745516066882, 4684745516066882, 4684745516066882, 4684745516066882, 4684745516066882, 4684745516066882, 4684745516066882, 4684745516066882, 4684745516066882, 4684745516066882, 4684745516066882, 4684745516066882, 4684745516066882, 4684745516066882, 4684745516066882, 4684745516066882, 4684745516066882, 4684745516066882, 4684745516066882, 4684745516066882, 4684745516066882, 4684745516066882, 4684745516066882, 4684745516066882, 4684745516066882, 4684745516066882, 4684745516066882, 4684745516066882, 4684745516066882, 4684745516066882, 4684745516066882, 4684745516066882, 4684745516066882, 4684745516066882, 4684745516066882, 4684745516066882, 4684745516066882, 4684745516066882, 4684745516066882, 4684745516066882, 4684745516066882, 4684745516066882, 4684745516066882, 4684745516066882, 4684745516066882, 4684745516066882, 4684745516066882, 4684745516066882, 4684745516066882, 4684745516066882, 4684745516066882, 4684745516066882, 4684745516066882, 4684745516066882, 4684745516066882, 4684745516066882, 4684745516066882, 4684745516066882, 4684745516066882, 4684745516066882, 4684745516066882, 4684745516066882, 4684745516066882, 4684745516066882, 4684745516066882, 4684745516066882, 5247695469488194, 5247695469488194, 5247695469488194, 5247695469488194, 5247695469488194, 5247695469488194, 5247695469488194, 5247695469488194, 5247695469488194, 5247695469488194, 5247695469488194, 5247695469488194, 5247695469488194, 5247695469488194, 5247695469488194, 5247695469488194, 5247695469488194, 5247695469488194, 5247695469488194, 5247695469488194, 5247695469488194, 5247695469488194, 5247695469488194, 5247695469488194, 5247695469488194, 5247695469488194, 5247695469488194, 5247695469488194, 5247695469488194, 5247695469488194, 5247695469488194, 5247695469488194, 5247695469488194, 5247695469488194, 5256491562510402, 5256491562510402, 5256491562510402, 5256491562510402, 5256491562510402, 5256491562510402, 5256491562510402, 5256491562510402, 5256491562510402, 5256491562510402, 5256491562510402, 5256491562510402, 5256491562510402, 5256491562510402, 5256491562510402, 5256491562510402, 5256491562510402, 5256491562510402, 5256491562510402, 5256491562510402, 5256491562510402, 5256491562510402, 5256491562510402, 5256491562510402, 5256491562510530]
[4684745516066882, 4684745516066882, 4684745516066882, 4684745516066882, 4684745516066882, 4684745516066882, 4684745516066882, 4684745516066882, 4684745516066914, 4684745516066914, 4684745516066914, 4684745516066914, 4684745516066914, 4684745516066914, 4684745516066914, 4684745516066914, 4684745516066914, 4684745516066914, 4684745516066914, 4684745516066914, 4684745516066914, 4684745516066914, 4684745516066914, 4684745516066914, 4684745516066914, 4684745516066914, 4684745516066914, 4684745516066914, 4684745516066914, 4684745516066914, 4684745516066914, 4684745516066914, 4684745516066914, 4684745516066914, 4684882955020386, 4684882955020386, 4684882955020386, 4684882955021410]
[4684745516066882, 4684745516066882, 4684745516066882, 4684745516066882, 4684745516066882, 4684745516066882, 4684745516066882, 4684745516066882, 4684745516066882, 4684745516066882, 4684745516066882, 4684745516066882, 4684745516066882, 4684745516066882, 4684745516066882, 4684745516066882, 4684745516066882, 4684745516066882, 4684745516066882, 4684745516066882, 4684745516066882, 4684745516066882, 4684745516066882, 4684745516066882, 4684745516066882, 4684745516066882, 4684745516066882, 4684745516066882, 4684745516066882, 4684745516066882, 4684745516066882, 4684745516066882, 4684745516066882, 4684745516066882, 4684745516066882, 4684745516066882, 4684745516066882, 4684745516066882, 4684745516066882, 4684745516066882, 4684745516066882, 4684745516066882, 4684745516066882, 4684745516066882, 4684745516066882, 4684745516066882, 4684745516067010, 4684745516067010, 4684745516067010, 4684745516067010, 4684745516067010, 4684745516067010, 4684745516067010, 4684745516067010, 4684745516067010, 4684745516067010, 4684745516067010, 4684745516067010, 4684745516067010, 4684745516067010, 4684745516067010, 4684745516067010, 4684745516067010, 4684745516067010, 4684745516067010, 4684745516067010, 4684745516067010, 4684745516067010, 4684745516067010, 4684745516067010, 4684745516067010, 4684745516067010, 4684745516067010, 4684745516067010, 4684745516067010, 4684745516067010, 4684745516067010, 4684745516067010, 4684745516067010, 4684745516067010, 4684745516067010, 4684745516067010, 4684745516067010, 4684745516067010, 4684745516067010, 4684745516067010, 4684745516067010, 4684745516067010, 4684745516068034, 4684745516068034, 4684745516068034, 4684745516068034, 4684745516068034, 4684745516067906, 4684745516067906, 4684745516067906, 4684745516067906, 4684745516067906, 4684745516067906, 4684745516067906, 4684745516067906, 4684745516067906, 4684745516067906, 4684745516067906, 4684745516067906, 4684745516067906, 4684745516067906, 4684745516067906, 4684745516067906, 4684745516067906, 4684745516067906, 4684745516067906, 4684745516067906, 4684745516067906, 4684745516067906, 4684745516067906, 4684745516067906, 4684745516067906, 4684745516067906, 4684745516067906, 4684745516067906, 4684745516067906, 4684745516067906, 4684745516067906, 4684745516067906, 4684745516067906, 4684745516067906, 4684745516067906, 4684745516067906, 4684745516067906, 4684745516067906, 4684745516067906, 4684745516067906, 4684745516067906, 4684745516067906, 4684745516067906, 4684745516067906, 4684745516067906, 4684745516067906, 4684745516067906, 4684745516067906, 4684745516067906, 4684745516067906, 4684745516067906, 4684745516067906, 4684745516067906, 4684745516067906, 4684745516067906, 4684745516067906, 4684745516067906, 4684745516067906, 4684745516067906, 4684745516067906, 4684745516067906, 76742339553995842, 76742339553995842, 76742339553995842, 76742339553995842, 76742339553995842, 76742339554126914]
[4684745516066882, 4684745516066882, 4684745516066882, 4684745516066882, 4684745516066882, 4684745516066882, 4684745516066882, 4684745516066882, 4684745516066882, 4684745516066882, 4684745516066882, 4684745516066882, 4684745516066882, 4684745516066882, 4684745516066882, 4684745516066882, 4684745516066882, 4684745516066882, 4684745516066882, 4684745516066882, 4684745516066882, 4684745516066882, 4684745516066882, 4684745516066882, 4684745516066882, 4684745516066882, 4684745516066882, 4684745516066882, 4684745516066882, 4684745516066882, 4684745516066882, 4684745516066882, 4684745516066882, 4684745516066882, 4684745516066882, 4684745516066882, 4684745516066882, 4684745516066882, 4684745516066882, 4684745516066882, 4684745516066882, 4684745516066882, 4684745516066882, 4684745516066882, 4684745516066882, 4684745516066882, 4684745516066882, 4684745516066882, 4684745516066882, 4684745516066882, 4684745516066882, 4684745516066882, 4684745516066882, 4684745516066882, 4684745516066882, 4684745516066882, 4684745516066882, 4684745516066882, 4684745516066882, 4684745516066882, 4684745516066882, 4684745516066882, 4684745516066882, 4684745516066882, 4684745516066882, 4684745516066882, 4684745516066882, 4684745516066882, 4684745516066882, 4684745516066882, 4684745516066882, 4684745516066882, 4684745516066882, 4684745516066882, 4684745516066882, 4684745516066882, 4684745516066882, 4684745516066882, 4684745516066882, 4684745516066882, 4684745516066882, 5247695469488194, 5247695469488194, 5247695469488194, 5247695469488194, 5247695469488194, 5247695469488194, 5247695469488194, 5247695469488194, 5247695469488194, 5247695469488194, 5247694395746370, 5247694395746370, 5247694395746370, 5247694395746370, 5247694395746370, 5247694395746370, 5247694395746370, 5247694395746370, 5247694395746370, 5247694395746370, 5247694395746370, 5247694395746370, 5247694395746370, 5247694395746370, 5247694395746370, 5247694395746370, 5247694395746370, 5247694404134978]
[4684745516066882, 4684745516066882, 4684745516066882, 4684745516066882, 4684745516066882, 4684745516066882, 4684745516066882, 4684745516066882, 4684745516066882, 4684745516066882, 4684745516066882, 4684745516066882, 4684745516066882, 4684745516066882, 4684745516066882, 4684745516066882, 4684745516066882, 4684745516066882, 4684745516066882, 4684745516066882, 4684745516066882, 4684745516066882, 4684745516066882, 4684745516066882, 4684745516066882, 4684745516066882, 4684745516066882, 4684745516066882, 4684745516066882, 4684745516066882, 4684745516066882, 4684745516066882, 4684745516066882, 4684745516066882, 4684745516066882, 4684745516066882, 4684745516066882, 4684745516066880, 4684745516066880, 4684745516066880, 4684745516066880, 4684745516066880, 4684745516066880, 4684745516066880, 4684745516066880, 4684745516066880, 4684745516066880, 4684745516066880, 4684745516066880, 4684745516066880, 4684745516066880, 4684745516066880, 4684745516066880, 4684745516066880, 4684745516066880, 4684745516066880, 4684745516066880, 4684745516066880, 4684745516066880, 4684745516066880, 4684745516066880, 4684745516066880, 4684745516066880, 4684745516066880, 4684745516066880, 4684745516066880, 4684745516066880, 4684745516066880, 4684745516066880, 4684745516066880, 4684745516066880, 4684745516066880, 4684745516066880, 4684745516066912, 4684745516066912, 4684745516066912, 4684745516066912, 4684745516066912, 4684745516066912, 4684745516066912, 4684745516066912, 4684745516066912, 4684745516066912, 4684745516066912, 4684745516066912, 4684745516066912, 4684745516066912, 4684745516066912, 4684745516066912, 4684745516066912, 4684745516066912, 4684745516066912, 4684745516066912, 4684745516066912, 4684745516066912, 4684745516066912, 4684745516066912, 4684745516066912, 4684745516066912, 4684745516066912, 4684745516066912, 4684745516066912, 4684745516066912, 4684745516066912, 4684745516066912, 4684745516066912, 4684745516066912, 4684745516066912, 4684745516066912, 4684745516066912, 4684745516066912, 4684745516066912, 4684745516066912, 4684745516066912, 4684745516066912, 4684745516066912, 4684745516066912, 4684745516066912, 4684745516066912, 4684745516066912, 4684745516066912, 4684745516066912, 4684745516066912, 4684745516066912, 4684745516066912, 4684745516066912, 4684745516066912, 4684745516066912, 4684745516066912, 40713542535030880]
[4684745516066882, 4684745516066882, 4684745516066882, 4684745516066882, 4684745516066882, 4684745516066882, 4684745516066882, 4684746052937794, 4684746052937794, 4684746052937794, 4684746052937794, 4684745516066882, 4684745516066882, 4684745516066882, 4684745516066882, 4684745516066882, 4684745516066882, 4684745516066882, 4684745516066882, 4684745516066882, 4684745516066882, 4684745516066882, 4684745516066882, 4684745516066882, 4684745516066882, 4684745516066882, 4684745516066882, 4684745516066882, 4684745516066882, 4684745516066882, 4684745516066882, 4684745516066882, 4684745516066882, 4684745516066882, 4684745516066882, 4684745516066882, 4684745516067906, 4684745516067906, 4684745516067906, 4684745516067906, 4684745516067906, 4684745516067906, 4684745516067906, 4684745516067906, 4684745516067906, 4684745516067906, 4684745516067906, 4684745516067906, 4684745516067906, 4684745516067906, 4684745516067906, 4684745516067906, 4684745516067906, 4684745516067906, 4684745516067906, 4684745516067906, 4684745516067906, 4684745516067906, 4684745516067906, 4684745516067906, 4684745516067906, 4684745516067906, 4684745516067906, 4684745516067906, 4684745516067906, 4684745516067906, 4684745516067906, 4684745516067906, 4684745516067906, 4684745516067906, 4684745516067906, 4684745516068162, 4684745516068170]
[4684745516066882, 4684745516066882, 4684745516066882, 4684745516066882, 4684745516066882, 4684745516066882, 181145888696386, 181145888696386, 181145888696386, 181145888696386, 181145888696386, 181145888696386, 181145888696386, 181145888696386, 181145888696386, 181145888696386, 181145888696386, 181145888696386, 181145888696386, 181145888696386, 181145888696386, 181145888696386, 181145888696386, 181145888696386, 181145888696386, 181145888696386, 181145888696386, 181145888696386, 181145922250818, 181145922250818, 181145922250818, 181145922250818, 181145922250818, 181145922250818, 181145922250818, 198738108295234]
[4684745516066882, 4684745516066882, 4684745516066882, 4684745516066882, 4684745516066882, 4684745516066882, 4684745516066882, 4684745516066882, 4684745516066882, 4684745516066882, 4684745516066882, 4684745516066882, 4684745516066882, 4684745516066882, 4684745516066882, 4684745516066882, 4684745516066882, 4684745516066882, 4684745516066882, 4684745516066882, 4684745516066882, 4684745516066882, 4684745516066882, 4684745516066882, 4684745516066882, 4684745516066882, 4684745516066882, 5247695469488194, 5247695469488194, 5247695469488194, 5247695469488194, 5247695469488194, 5247695469488194, 5247695469488194, 5247695469488194, 5247695469488194, 5247695469488194, 5247695469488194, 5247695469488194, 5247695469488194, 5247695469488194, 5247695469488194, 5247695469488194, 5247695469488194, 5247695469488194, 5247695469488194, 5247695469488194, 5247695469488194, 5247695469488194, 5247695469488194, 5247695469488194, 5247695469488194, 5247695469488194, 5247695469488194, 5247695469488194, 5247695469488194, 5247695469488194, 5247695469488194, 5247695469488194, 5247695469488194, 5247695469488194, 5247695469488194, 5247695469488194, 5247695469488194, 5247695469488194, 5247695469488194, 5247695469488194, 5247695469488194, 5247695469488194, 5247695469488194, 5247695503042626, 5247695503042626, 5247695503042626, 5247695503042626, 5247695503042626, 5247695503042626, 5247695503042626, 5247695503042626, 5247695503042626, 5247695503042626, 5247695503042626, 5247695503042626, 5247695503042626, 5247695503042626, 5247695503042626, 5247695503042626, 5247695503042626, 5247695503042626, 5247695503042626, 5247695503042626, 5247695503042626, 5265287689087042]
[4684745516066882, 4684745516066882, 4684745516066882, 4684745516066882, 4684745516066882, 4684745516066882, 4684745516066882, 4684745516066882, 4684745516066882, 4684745516066882, 4684745516066882, 4684745516066882, 4684745516066882, 4684745516066882, 4684745516066882, 4684745516066882, 4684745516066882, 4684745516066882, 4684745516066882, 4684745516066882, 4684745516066882, 4684745516066882, 4684745516066882, 4684745516066882, 4684745516066882, 4684745516066882, 4684745516066882, 4684745516066882, 4684745516066882, 4684745516066882, 4684745516066882, 4684745516066882, 4684745516066882, 4684745516066882, 4684745516066882, 4684745516066882, 4684745516066882, 4684745516066882, 4684745516066882, 4684745516066882, 4684745516066882, 4684745516066882, 4684745516066882, 4684745516066882, 4684745516066882, 4684745516066882, 4684745516066882, 4684745516066882, 4684745516066882, 4684745516066882, 4684745516066882, 4684745516066882, 4684745516066882, 4684745516066882, 4684745516066882, 4684745516066882, 4684745516066882, 4684745516066882, 4684745516066882, 4684745516066882, 4684745516066882, 4684745516066882, 4684745516066882, 4684745516066882, 4684745516066882, 4684745516066882, 4684745516066882, 4684745516066882, 4684745516066882, 4684745516066882, 4684745516066882, 4684745516066882, 4684745516066882, 4684745516066882, 4684745516066882, 4684745516066882, 4684745516066882, 4684745516066882, 4684745516066882, 4684745516066882, 4684745516066882, 4684745516066882, 4684745516066882, 4684745516066882, 4684745516066882, 4684745516066882, 4684745516066882, 4684745516066882, 4684745516066882, 4684745516066882, 4684745516066882, 4684745516066882, 4684745516066882, 4684745516066882, 4684745516066882, 5247695469488194, 5247695469488194, 5247695469488194, 5247695469488194, 5247695469488194, 5247695469488194, 5247695469488194, 5247695469488194, 5247695469488194, 5247695469488194, 5247695469488194, 5247695469488194, 5247695469488194, 5247695469488194, 5247695469488194, 5247695469488194, 5247695469488194, 5247695469488194, 5247695469488194, 5247695469488194, 5247695469488194, 5247695469488194, 5247695469488194, 5247695469488194, 5247695469488194, 5247695469488194, 5247695469488194, 5247695469488194, 5247695469488194, 5247695469488194, 5247695469488194, 5247695469488194, 5247695469488194, 5247695469488194, 5247695469488194, 5247695469488194, 5247695469488194, 5247695469488194, 5247695469488194, 5247695469488194, 5247695469488194, 5247695469488194, 5247695469488194, 5247695469488194, 5247695469488194, 5247695469488194, 5247695469488194, 5247695469488194, 5247695469488194, 5247695469488194, 5247695469488194, 5247695469488194, 23262093978970178, 23262093978970178, 23262093978970178, 23262093978970178, 23262093978970178, 23262093978970178, 23262093978970178, 23262093978970178, 23262093978970178, 23262093978970178, 23262093978970306]
[4684745516066882, 4684745516066882, 4684745516066882, 4684745516066882, 4684745516066882, 4684745516066882, 4684745516066882, 4684745516066882, 4684745516066882, 4684745516066882, 4684745516066882, 4684745516066882, 4684745516066882, 4684745516066882, 4684745516066882, 4684745516066882, 4684745516066882, 4684745516066882, 4684745516066882, 4684745516066882, 4684745516066882, 4684745516066882, 4684745516066882, 4684745516066882, 4684745516066882, 4684745516066882, 4684745516066882, 4684745516066882, 4684745516066882, 4684745516066882, 4684745516066882, 4684745516066882, 4684745516066882, 4684745516066882, 4684745516066882, 4684745516066882, 4684745516066882, 181145888696386, 181145888696386, 181145888696386, 181145888696386, 181145888696386, 181145888696386, 181145888696386, 181145888696386, 181145888696386, 181145888696386, 181145888696386, 181145888696386, 181145888696386, 181145888696386, 181145888696386, 181145888696386, 181145888696386, 181145888696384, 181145888696384, 181145888696385]
[4684745516066882, 4684745516066882, 4684745516066882, 4684745516066882, 4684745516066882, 4684745516066882, 4684745516066882, 4684745516066882, 4684745516066882, 4684745516066882, 4684745516066882, 4684745516066882, 4684745516066882, 4684745516066882, 4684745516066882, 4684745516066882, 4684745516066882, 4684745516066882, 4684745516066882, 4684745516066882, 4684745516066882, 4684745516066882, 4684745516066882, 4684745516066882, 4684745516067906, 4684745516067906, 4684745516067906, 4684745516067906, 4684745516067906, 4684745516067906, 4684745516067906, 4684745516067906, 4684745516067906, 4684745516067906, 4684745516067906, 4684745516067906, 4684745516067906, 4684745516067906, 4684745516067906, 4684745516067906, 4684745516067906, 4684745516067906, 4684745516067906, 4684745516067906, 4684745516067906, 4684745516067906, 4684745516066882, 4684745516066882, 4684745516066882, 4684745516066882, 4684745516066880, 4684745516066880, 4684745516066880, 4684745516066880, 4684745516066880, 4684745516066880, 4684745516066880, 4684745516066880, 4684745516066880, 4684745516066880, 4684745516066880, 4684745516066880, 4684745516066880, 4684745516066880, 4684745516066880, 4684745516066880, 4684745516066880, 4684745516066880, 4684745516066880, 4684745516066880, 4684745516066880, 4684745516066880, 4684745516066880, 4684745516066880, 4684745516066880, 4684745516066880, 4684745516066880, 4684745516066880, 4684745516066880, 4684745516066880, 4684745516066880, 4684745516066880, 4684745516066880, 4684745516066880, 4684745516066880, 4684745516066880, 4684745516066880, 4684745516066880, 4684745516066880, 4684745516066880, 4684745516066880, 4684745516066880, 4684745516066880, 4684745516066880, 4684745516066880, 4684745516066880, 4684745516066880, 4684745516066880, 4684745516066880, 4684745516066880, 4684745516066880, 4684745516066880, 4684745516066880, 4684745516066880, 4684745516066880, 4684745516066880, 4684745516066880, 4684745516066880, 4684745516066880, 4684745516066880, 4684745516066880, 4684745516066880, 4684745516066880, 4684745516066880, 4684745516066880, 4684745516066880, 4684745516066880, 4684745516066880, 4684745516066880, 4684745516066880, 4684745516066880, 4684745516066880, 6936545329752128, 6936545329752128, 6936545329752128, 6936545329752128, 7499495283173440]
[4684745516066882, 4684745516066882, 4684745516066882, 4684745516066882, 4684745516066882, 4684745516066882, 4684745516066882, 4684745516066882, 4684745516066882, 4684745516066882, 4684745516066882, 4684745516066882, 4684745516066882, 4684745516066882, 4684745516066882, 4684745516066882, 4684745516066882, 4684745516066882, 4684745516066882, 4684745516066882, 4684745516066882, 4684745516066882, 4684745516066882, 4684745516066882, 4684745516066882, 4684745516066882, 4684745516066882, 4684745516066882, 4684745516066882, 4684745516066882, 4684745516066882, 4684745516066882, 4684745516066882, 4684745516066882, 4684745516066882, 4684745516066882, 4684745516066882, 4684745516066882, 4684745516066882, 4684745516066882, 4684745516066882, 4684745516066882, 4684745516066882, 4684745516066882, 4684745516066882, 4684745516066882, 4684745516066882, 4684745516066882, 4684745516066882, 4684745516066882, 4684745516066882, 4684745516066882, 4684745516066882, 4684745516066882, 4684745516066882, 4684745516066882, 4684745516066882, 4684745516066882, 4684745516066882, 4684745516066882, 4684745516066882, 4684745516066882, 4684745516066882, 4684745516066882, 4684745516066882, 4684745516066882, 4684745516066882, 4684745516066882, 4684745516066882, 4684745516066882, 4684745516066882, 4684745516066882, 4684745516066882, 4684745516066882, 4684745516066882, 4684745516066882, 4684745516066882, 4684745516066882, 4684745516066882, 4684745516066882, 4684745516066882, 4684745516066882, 4684745516066882, 4684745516066882, 4684745516066882, 4684745516066882, 4684745516066882, 4684745516066882, 4684745516066882, 4684745516066882, 4684745516066882, 4684745516066882, 4684745516066882, 4684745516066882, 4684745516066882, 4684745516066882, 4684745516066882, 4684745516066882, 4684745516066882, 4684745516066882, 4684745516066882, 4684745516066882, 4684745516066882, 4684745516066882, 4684745516066882, 4684745516066882, 4684745516066882, 4684745516066882, 4684745516066882, 4684745516066882, 4684745516066882, 4684745516066882, 4684745516066882, 4684745516066882, 4684745516066882, 4684745516066882, 4684745516066882, 4684745516066882, 4684745516066882, 4684745516066882, 4684745516066882, 4684745516066882, 4684745516066882, 4684745516066882, 4684745516066882, 4684745516066882, 4684745516066882, 4684745516066882, 4684745516066882, 4684745516066882, 4684745516066882, 4684745516066882, 4684745516066882, 4684745516066882, 4684745516066882, 4684745516066882, 4684745516066882, 4684745516066882, 4684745516066882, 4684745516066882, 4684745516066882, 4684745516066882, 4684745516066882, 4684745516066882, 4684745516066882, 4684745516066882, 4684745516066882, 4684745516066882, 4684745516066882, 4684745516066882, 4684745516066882, 4684745516066882, 4684745516066882, 4684745516066882, 4684745516066882, 4684745516066882, 4684745516066882, 4684745516066882, 4684745516066882, 4684745516066882, 4684745516066882, 4684745516066882, 4684745516066882, 4684745516066882, 4684745516066882, 4684745516066882, 4684745516066882, 4684745516066882, 4684745516066882, 4684745516066882, 181145888696386, 181145888696386, 181145888696386, 181145888696386, 181144814954562, 181144814954562, 181144814954562, 181144814954562, 181144814954562, 181144814954562, 181144814954562, 181144814954562, 181144814954562, 181144814954562, 181144814954562, 181144814954562, 181144814954562, 181144814954562, 181144814954562, 181144814954562, 181144814954562, 181144814954562, 181144814954562, 181144814954562, 181144814954562, 181144814954562, 181144814954562, 181144848508994]
[4684745516066882, 4684745516066882, 4684745516066882, 4684745516066882, 4684745516066882, 4684745516066882, 4684745516066882, 4684745516066882, 4684745516066882, 4684745516066882, 4684745516066882, 181145888696386, 181145888696386, 181145888696386, 181145888696386, 4684745516066882, 4684745516066882, 4684745516066882, 4684745516066882, 4684745516066882, 4684745516066882, 4684745516066882, 4684745516066882, 4684745516066882, 22699144025548866, 22699144025546818, 22699144025546818, 22699144025546818, 22699144025546818, 22699144025546818, 22699144025546818, 22699144025546818, 22699144025546818, 22699144025546818, 22699144025546818, 22699144025546818, 22699144025546818, 22699144025546818, 4684745516064834, 4684745516064834, 4684745516064834, 4684745516064834, 4684745516064834, 4684745516064834, 4684745247629378, 4684745247629378, 4684745247629378, 4684745247629378, 4684745247629378, 4684745247629378, 4684745247629378, 4684745516064834, 4684745516064834, 4684745516064834, 4684745516064834, 4684745516064834, 4684745516064834, 5247695469486146, 5247695469486146, 5247695469486146, 5247695469486146, 5247729829224514]
[4684745516066882, 4684745516066882, 4684745516066882, 4684745516066882, 4684745516066882, 4684745516066882, 4684745516066882, 4684745516066882, 4684745516066882, 4684745516066882, 4684745516066882, 4684745516066882, 4684745516066882, 4684745516066882, 4684745516066882, 4684745516066882, 4684745516066882, 4684745516066882, 4684745516066882, 4684745516066882, 4684745516066882, 4684745516066882, 4684745516066882, 4684745516066882, 4684745516066882, 4684744442325058, 4684744442325058, 4684744442325058, 4684744442325058, 4684744442325058, 4684744442325058, 4684744442325058, 4684744442325058, 4684744442325058, 4684744442325058, 4684744442325058, 4684744442325058, 4684744442325058, 4684744442325058, 4684744442325058, 4684744442325058, 4684744442325058, 4684744442325058, 4684744442325058, 4684744442325058, 4684744442325058, 4684744442325058, 4684744442325058, 4684744442325058, 4684744442325058, 4684744442325058, 4684744442325058, 4684744442325058, 4684744442325058, 4684744442325058, 4684744442325058, 4684744442325058, 4684744442325058, 4684744442325058, 4684744442325058, 4684744442325058, 4684744442325058, 4684745516066882, 4684745516066882, 4684745516066882, 4684745516066882, 4684745516066882, 4684745516066882, 4684745516066882, 4684745516066882, 4684745516066882, 4684745516066882, 4684745516066882, 4684745516066882, 4684745516066882, 4684745516066882, 4684745516066882, 4684745516066882, 76742339553994818, 76742339553994818, 76742339553994818, 76742339553994818, 76742339553994818, 76742339553994818, 76742339553994818, 76742339553994818, 76742339553994818, 76742339553994818, 76742339553994818, 76742339553994818, 76742339553994818, 76742339553994818, 76742339553994818, 76742339553994818, 76742339553994818, 72238739926624322, 72238739926624322, 72238739926624322, 72238739926624322, 72238739926624322, 72238739926624322, 72238739926624322, 72238739926624322, 72238739926624322, 72238739926624322, 72238739926624322, 72238739926624322, 72238739926624322, 72238739926624322, 72238738852882498]
[4684745516066882, 4684745516066882, 4684745516066882, 4684745516066882, 4684745516066882, 4684745516066882, 4684745516066882, 4684745516066882, 4684745516066882, 4684745516066882, 4684745516066882, 4684745516066882, 4684745516066882, 6936545329752130, 6936544256010306, 6936544256010306, 6936544256010306, 6936544256010306, 6936544256010306, 6936544256010306, 6936544256010306, 6936544256010306, 6936544256010306, 6936544256010306, 6936544256010306, 6936544256010306, 6936544256010306, 6936544256010306, 6936544256010306, 6936544256010306, 6936544256010306, 6936544256010306, 6936544256010306, 6936544256010306, 6936544256010306, 6936544256010306, 6936544256010306, 6936544256010306, 6936544256010306, 6936544256010306, 6936544256010306, 7499494209431618]
[4684745516066882, 4684745516066882, 4684745516066882, 4684745516066882, 4684745516066882, 4684745516066882, 4684745516066882, 4684745516066882, 4684745516066882, 4684745516066882, 4684745516066882, 4684745516066882, 4684745516066882, 4684745516066882, 4684745516066882, 4684745516066882, 4684745516066882, 4684745516066882, 4684745516066882, 4684745516066882, 4684745516066882, 4684745516066882, 4684745516066882, 4684745516066882, 4684745516066882, 4684745516066882, 4684745516066882, 4684745516066882, 4684745516066882, 4684745516066882, 4684745516066882, 4684745516066882, 4684745516066882, 4684745516066882, 4684745516066882, 4684745516066882, 4684745516066882, 4684745516066882, 4684745516066882, 4684745516066882, 4684745516066882, 4684745516066882, 4684745516066882, 4684745516066882, 4684745516066882, 4684745516066882, 4684745516066882, 4684745516066882, 4684745516066882, 4684745516066882, 4684745516066882, 4684745516066882, 4684745516066882, 4684745516066882, 4684745516066882, 4684745516066882, 4684745516066882, 4684745516066882, 4684745516066882, 4684745516066882, 4684745516066882, 4684745516066882, 4684745516066882, 4684745516066882, 4684745516066882, 4684745516066882, 4684745516066882, 4684745516066882, 4684745516066882, 4684745516066882, 4684745516066882, 4684745516066882, 4684745516066882, 4684745516066882, 4684745516066882, 4684745516066882, 4684745516066882, 4684745516066882, 4684745516066882, 4684745516066882, 4684745516066882, 4684745516066882, 4684745516066882, 4684745516066882, 4684745516066882, 4684745516066882, 4684745516066882, 4684745516066882, 4684745516066882, 4684745516066882, 4684745516066882, 4684745516066882, 4684745516066882, 4684745516066882, 4684745516066882, 4684745516066882, 4684745516066882, 4684745516066882, 4684745516066882, 4684745516066882, 4684745516066882, 4684745516066882, 4684745516066882, 4684745516066882, 4684745516066882, 4684745516066882, 4684745516066882, 4684745516066882, 4684745516066882, 4684745516066882, 4684745516066882, 4684745516066882, 4684745516066882, 4684745516066882, 4684745516066882, 4684745516066882, 4684745516066882, 4684745516066882, 4684745516066882, 4684745516066882, 4684745516066882, 4684745516066882, 4684745516066882, 4684745516066882, 4684745516066882, 4684745516066882, 4684745516066882, 4684745516066882, 4684745516066882, 4684745516066882, 4684745516066882, 4684745516066882, 4684745516066882, 4684745516066882, 4684745516066882, 4684745516066882, 4684745516066882, 4684745516066882, 4684745516067906, 4684745516067906, 4684745516067906, 4684745516067906, 4684745516067906, 4684745516067906, 4684745516067906, 4684745516067906, 4684745516067906, 4684745516067906, 4684746052938818, 4684746052938818, 4684746052938818, 4684746052938818, 4684746052938818, 4684746052938818, 4684746052938818, 4684746052938818, 4684746052938818, 4684746052938818, 4684746052938818, 4684746052938818, 4684746052938818, 4684746052938818, 4684746052938818, 4684746052938818, 4684746052937794, 4684746052937794, 4684746052937794, 4684746052937794, 4684746052937794, 4684746052937794, 4684746052937794, 4684746052937794, 4684746052937794, 4684746052937794, 4684746052937794, 4684746052937794, 4684746052937794, 4684746052937794, 4684746052937794, 4684746052937794, 4684746052937794, 4684746052937794, 4684746052937794, 4684746052937794, 4684746052937794, 4684746052937794, 4684746052937794, 4684746052937794, 4684746052937794, 4684746052937794, 4684746052937794, 4684746052937794, 4684746052937794, 4684746052937794, 4684746052937794, 4684746052938050, 4684746052938050, 4684746052938050, 4684746052938050, 4684746052938050, 4684746052938050, 4684746052938050, 4684746052938050, 4684746052938050, 4684746052938050, 4684746052938050, 4684746052938050, 4684746052938050, 4684746052938050, 4684746052938050, 4684746052938050, 4684746052938050, 4684746052938050, 4684746052938050, 4684746052938050, 4684746052938050, 4684746052938050, 4684746052938050, 4684746052938050, 4684746052938050, 4684883491891522]
[4684745516066882, 4684745516066882, 4684745516066882, 4684745516066882, 4684745516066882, 4684745516066882, 4684745516066882, 4684745516066882, 4684745516066882, 4684745516066882, 4684745516066882, 4684745516066882, 4684745516066882, 4684745516066882, 4684745516066882, 4684745516066882, 4684745516066882, 4684745516066882, 4684745516066882, 4684745516066882, 4684745516066882, 4684745516066882, 4684745516066882, 4684745516066882, 4684745516066882, 4684745516066882, 4684745516066882, 4684745516066882, 4684745516066882, 4684745516066882, 4684745516066882, 4684745516066882, 4684745516066882, 4684745516066882, 4684745516066882, 4684745516066882, 4684745516066882, 4684745516066882, 4684745516066882, 4684745516066882, 4684745516066882, 4684745516066882, 4684745516066882, 4684745516066882, 4684745516066882, 4684745516066882, 76742339553994818, 76742339553994818, 76742339553994818, 76742339553994818, 76742339553994818, 76742339553994818, 76742339553994818, 76742339553994818, 76742339553994818, 76742339553994818, 76742339553994818, 76742339553994818, 76742339553994818, 76742339553994818, 76742339553994818, 76742339553994818, 76742339553994818, 76742339553994818, 76742339553994818, 76742339553994818, 76742339553994818, 76742339553994818, 76742339553994818, 76742339553994818, 76742339553994818, 76742339553994818, 76742339553994818, 76742339553994818, 76742356733864002, 76742356733864002, 76742356733995074]
[4684745516066882, 4684745516066882, 4684745516066882, 4684745516066882, 4684745516066882, 4684745516066882, 4684745516066882, 4684745516066882, 4684745516066882, 4684745516066882, 4684745516066882, 4684745516066882, 4684745516066882, 4684745516066882, 4684745516066882, 4684745516066882, 4684745516066882, 4684745516066882, 4684745516066882, 4684745516066882, 4684745516066882, 4684745516066882, 4684745516066882, 4684745516066882, 4684745516066882, 4684745516066882, 4684745516066882, 4684745516066882, 4684745516066882, 4684745516066882, 4684745516066882, 4684745516066882, 4684745516066882, 4684745516066882, 4684745516066882, 4684745516066882, 4684745516066882, 4684745516066882, 4684745516066882, 4684745516066882, 4684745516066882, 4684745516066882, 4684745516066882, 4684745516066882, 4684745516066882, 4684745516066882, 4684745516066882, 4684745516066882, 4684745516066882, 4684745516066882, 4684745516066882, 4684745516066882, 4684745516066882, 4684745516066882, 4684745516066882, 4684745516066882, 4684745516066882, 4684745516066882, 4684745516066882, 4684745516066882, 4684745516066882, 4684745516066882, 4684745516066882, 4684745516066882, 4684745516066882, 4684745516066882, 4684745516066882, 4684745516066882, 4684745516066882, 4684745516066882, 4684745516066882, 4684745516066882, 4684745516066882, 4684745516066882, 4684745516066882, 4684745516066882, 4684745516066882, 4684745516066882, 4684745516066882, 4684745516066882, 4684745516066882, 4684745516066882, 4684745516066882, 4684745516066882, 4684745516066882, 4684745516066882, 4684745516066882, 4684745516066882, 4684745516066882, 4684745516066882, 4684745516066882, 4684745516066882, 4684745516066882, 4684745516066882, 4684745516066882, 4684745516066882, 4684745516066882, 4684745516066882, 4684745516066882, 4684745516066882, 4684744442325058, 4684744442325058, 4684744442325058, 4684744442325058, 4684744442325058, 4684744442325058, 4684744442325058, 4684744442325058, 4684744442325058, 4684744442325058, 4684744442325058, 4684744442325058, 4684744442325058, 4684744442325058, 4684744442325058, 4684744442325058, 4684744442325058, 4684744442325058, 4684744442325058, 4684744442325058, 4684744442325058, 4684744442325058, 4684744442325058, 4684744442325058, 4684744442325058, 4684744442325058, 4684744442325058, 4684744442325058, 4684744442325058, 4684744442325058, 4684744442325058, 4684744442325058, 4684744442325058, 4684744442325058, 4684744442325058, 4684744442325058, 4684744442325058, 4684744442325058, 4684744442325058, 4684744442325058, 4684744442325058, 4684744442325058, 4684744442325058, 181144814954562, 181144814954562, 181144814954562, 181144814954562, 181144814954562, 181144814954562, 181144814954562, 181144814954562, 181144814954562, 181144814954498]
[4684745516066882, 4684745516066882, 4684745516066882, 4684745516066882, 4684745516066882, 4684745516066882, 4684745516066882, 4684745516066882, 4684745516066882, 4684745516066882, 4684745516066882, 4684745516066882, 4684745516066882, 4684745516066882, 4684745516066882, 4684745516066882, 4684745516066882, 4684745516066882, 4684745516067906, 4684745516067906, 4684745516067906, 4684745516067906, 4684745516067906, 4684745516067906, 4684745516067906, 4684745516067906, 4684745516067906, 4684745516067906, 4684745516067906, 4684745516067906, 4684745516067906, 4684745516067906, 4684745516067906, 4684745516067906, 4684745516067906, 4684745516067906, 4684745516067906, 4684745516067906, 4684745516067906, 4684745516067906, 4684745516067906, 4684745516067906, 4684745516067906, 4684745516067906, 4684745516067906, 4684745516067906, 4684745516067906, 4684745516067906, 4684745516067906, 4684745516067906, 4684745516067906, 4684745516067906, 4684745516067906, 4684745516067906, 4684745516067906, 4684745516067906, 4684745516067906, 4684745516067906, 4684745516067906, 4684745516067906, 4684745516067906, 4684745516067906, 4684745516067906, 4684745516067906, 4684745516067906, 4684745516067906, 4684745516067906, 4684745516067906, 4684745516067906, 4684745516067906, 4684745516067906, 4684745516067906, 4684745516067906, 4684745516067906, 4684745516067906, 4684745516067906, 4684745516067906, 4684745516067906, 4684745516067906, 4684745516067906, 4684745516067906, 4684745516067906, 4684745516067906, 4684745516067906, 4684745516067906, 4684745516067906, 4684745516067906, 4684745516067906, 4684745516067906, 4684745516067906, 4684745516067906, 4684745516067906, 4684745516067906, 4684745516067906, 4684745516067906, 22699144025549890, 22699144025549890, 22699144025549890, 22699144025549890, 22699144025549890, 22699144025549890, 22699144025549890, 22699144025549890, 22699144025549890, 22699144025549890, 22699144025549890, 22699144025549890, 22699144025549890, 22699144025549890, 22699144025549890, 22699144025549890, 22699144025549890, 22699144025549890, 22699144025549890, 24950943839235138]
[4684745516066882, 4684745516066882, 4684745516066882, 4684745516066882, 4684745516066882, 4684745516066882, 4684745516066882, 4684745516066882, 4684745516066882, 4684745516066882, 4684745516066882, 4684745516066882, 4684745516066882, 4684745516066882, 4684745516066882, 4684745516066882, 4684745516066882, 5247695469488194, 5247695469488194, 5247764188964930, 5247764188964930, 5247764188964930, 5247764188964930, 5247764188964930, 5247764188964930, 5247764188964930, 5247764188964930, 5247764188964930, 5247764188964930, 5247764188964930, 5247764188964930, 5247764188964930, 5247764188964930, 5247764188964930, 5247764188964930, 5247764188964930, 5247764188964930, 5247764188964930, 5247764188964930, 5247764188964930, 5247764188964930, 5247764188964930, 5247764188964930, 5247764188964930, 5247764188964930, 5247764188964930, 5247764188964930, 5247764188964930, 5247764188964930, 5247764188964930, 5247764188964930, 5247764188964930, 5247764188964930, 5247764188964930, 5247764188964930, 5247764188964930, 5247764188964930, 5247764188964930, 5247764188964930, 5247764188964930, 5247764188964930, 5247764188964930, 5247764188964930, 5247764188964930, 5247764188964930, 5247764188964930, 5247764188964930, 5247764188964930, 5247764188964930, 5247764188964930, 5247764188964930, 5247764188964930, 5247764188964930, 5247764188964930, 5247764188964930, 5247764188964930, 5247764188964930, 5247764188964930, 5247764188964930, 5247764188964930, 5247764188965058]
[4684745516066882, 4684745516066882, 4684745516066882, 4684745516066882, 4684745516066882, 4684745516066882, 4684745516066882, 4684745516066882, 4684745516066882, 4684745516066882, 4684745516066882, 4684745516066882, 4684745516066882, 4684745516066882, 4684745516066882, 4684745516066882, 4684745516066882, 4684745516066882, 4684745516066882, 4684745516066882, 4684745516066882, 4684745516066882, 4684745516066882, 5247695469488194, 5247695469488194, 5247695469488194, 5247695469488194, 5247695469488194, 5247695469488194, 5247695469488194, 5247695469488194, 5247695469488194, 5247695469488194, 5247695469488194, 5247695469488194, 5247695469488194, 5247695469488322, 5247695469488322, 5247695469488322, 5247695469488322, 5247695469488322, 5247695469488322, 5247695469488322, 5247695469488322, 5247695469488322, 5247695469488322, 5247695469488322, 5247695469488322, 23262093978970306]
[4684745516066882, 4684745516066882, 4684745516066882, 4684745516066882, 4684745516066882, 4684745516066882, 4684745516066882, 4684745516066882, 4684745516066882, 4684745516066882, 4684745516066882, 4684745516066882, 4684745516066882, 4684745516066882, 4684745516066882, 4684745516066882, 4684745516066882, 4684745516066882, 4684745516066882, 4684745516066882, 4684745516066882, 4684745516066882, 4684745516066882, 4684745516066882, 4684745516066882, 4684745516066890, 4684745516066890, 4684745516066890, 4684745516066890, 4684745516066890, 4684745516066890, 4684745516066890, 4684745516066890, 4684745516066890, 4684745516066890, 4684745516066890, 4684745516066890, 4684745516066890, 4684745516066890, 4684745516066890, 4684745516066890, 40713542535030858, 40713542535030858, 40713542535030858, 40713542535030858, 40713542535030858, 40713542535030858, 40713542535030858, 40713542535030858, 40713542535030858, 40713542535030858, 40713542535030858, 40713542535030858, 40713542535030858, 40713542535030858, 40713542535030858, 40713542535030858, 40713542535030858, 40713542535030858, 40713542535030858, 40713542535030858, 40713542535030858, 40713542535030858, 40713542535030858, 40713542535030858, 40713542535030858, 40713542535030858, 40713542535030858, 40713542535030858, 4684745516066890, 4684745516066890, 4684745516066890, 4684745516066890, 4684745516066890, 4684745516066890, 4684745516066890, 4684745516066890, 4684745516066890, 4684745516066890, 4684745516066890, 4684745516066890, 4684745516066890, 4684745516066890, 4684745516066890, 4684745516066890, 4684745516066890, 4684745516066890, 4684745516066890, 4684745516066890, 4684745516066890, 4684745516066890, 4684745516066890, 4684745516066890, 4684745516066890, 4684745516066890, 4684745516066890, 4684745516066890, 4684745516066890, 4684745516066890, 4684745516066890, 4684745516066890, 4684745516066890, 4684745516066890, 4684745516066890, 4684745516066890, 4684745516066890, 4684745516066890, 4684745516066890, 4684745516066890, 4684745516066890, 4684745516066890, 4684745516066890, 4684745516066890, 4684745516066890, 4684745516066890, 4684745516066890, 4684745516066890, 4684745516066890, 4684745516066890, 4684745516066890, 4684745516066890, 4684745516066890, 4684745516066890, 4684745516066890, 4684745516066890, 4684745516066890, 4684745516066890, 4684745516066890, 4684745516066890, 4684745516066890, 4684745516066890, 4684745516066890, 4684745516066890, 4684745516066890, 4684745516066890, 4684745516066890, 4684745516066890, 4684745516066890, 4684745516066890, 4684745516066890, 4684745516066890, 4684745516066890, 4684745516066890, 4684745516066890, 4684745516066890, 4684745516066890, 4684745516066890, 4684745516066890, 4684745549621322, 4684745549621322, 4684745549621322, 4684745549621322, 4684745549621322, 4684745549621322, 4684745549621322, 4684745549621322, 4684745549621322, 4684745549621322, 4684745549621322, 4684745549621322, 4684745549621322, 4684745549621322, 4684745549621322, 4684745549621322, 4684745549621322, 4684745549621322, 4684745549621322, 4684745549621450]
[4684745516066882, 4684745516066882, 4684745516066882, 4684745516066882, 4684745516066882, 4684745516066882, 4684745516066882, 4684745516066882, 4684745516066882, 4684745516066882, 4684745516066882, 4684745516066882, 4684745516066882, 4684745516066882, 4684745516066882, 4684745516066882, 4684745516066882, 4684745516066882, 4684745516066882, 4684745516066882, 4684745516066882, 4684745516066882, 4684745516066882, 4684745516066882, 4684745516066882, 4684745516066882, 4684745516066882, 4684745516066882, 4684745516066882, 4684745516066882, 4684745516066882, 4684745516066882, 4684745516066882, 4684745516066882, 4684744442325058, 4684744442325058, 4684744442325058, 4684744442325058, 4684744442325058, 4684744442325058, 4684744442325058, 4684744442325058, 4684744442325058, 4684744442325058, 4684744442325058, 4684744442325058, 4684744442325058, 4684744442325058, 4684744442325058, 4684744442325058, 4684744442325058, 4684744442325058, 4684744442325058, 4684744442325058, 4684744442325058, 4684744442325058, 4684744442325058, 4684744442325058, 4684744442325058, 4684744442325058, 4684744442325058, 4684744442325058, 4684744442325058, 4684744442325058, 4684744442325058, 4684744442325058, 4684744442325058, 4684744442325058, 4684744442325058, 4684744442325058, 4684744442325058, 4684744442325058, 4684744442325058, 4684744442325058, 4684744442325058, 4684744442325058, 4684744442325058, 4684744442325058, 4684744442325058, 4684744442325058, 4684744442325058, 4684744442325058, 4684744442325058, 4684744442325058, 4684744442325058, 4684744442325058, 4684744442325058, 4684744442325058, 4684744442325058, 4684744442325058, 4684744442325058, 4684744442325058, 4684744442325058, 4684744442325058, 4684744442325058, 4684744442325058, 4684744442325058, 4684744442325058, 4684744442325058, 4684744442324994, 4684744442324994, 4684744442324994, 4684744442324994, 4684744442324994, 4684744442324994, 4684744442324994, 4684744442324994, 4684744442324994, 4684744442324994, 4684744442324994, 4684744442324994, 4684744442324994, 181144814954498]
[4684745516066882, 4684745516066882, 4684745516066882, 4684745516066882, 4684745516066882, 4684745516066882, 4684745516066882, 4684745516066882, 4684745516066882, 4684745516066882, 4684745516066882, 4684745516066882, 4684745516066882, 4684745516066882, 4684745516066882, 4684745516066882, 4684745516066882, 4684745516066882, 4684745516066882, 4684745516066882, 4684745516066882, 4684745516066882, 4684745516066882, 4684745516066882, 4684745516066882, 4684745516066882, 4684745516066882, 4684745516066882, 4684745516066882, 4684745516066882, 4684745516066882, 4684745516066882, 4684745516066882, 4684745516066882, 4684745516066882, 4684745516066882, 4684745516066882, 4684745516066882, 4684745516066882, 4684745516066882, 4684745516066882, 4684745516066882, 4684745516066882, 4684745516066882, 4684745516066882, 4684745516066882, 4684745516066882, 4684745516066882, 4684745516066882, 4684745516066882, 4684745516066882, 4684745516066882, 4684745516066882, 4684745516066882, 4684745516066882, 4684745516066882, 4684745516066882, 4684745516066882, 4684745516066882, 4684745516066882, 4684745516066882, 4684745516066882, 4684745516066914, 4684745516066914, 4684745516066914, 4684745516066914, 4684745516066914, 4684745516066914, 4684745516066914, 4684745516066914, 4684745516066914, 4684745516066914, 4684745516066914, 4684745516066914, 4684745516066914, 4684745516066914, 4684745516066914, 4684745516066914, 4684745516066914, 4684745516066914, 4684745516066914, 4684745516066914, 4684744442325090, 4684744442325090, 4684744442325090, 4684744442325090, 4684744442325090, 4684744442325090, 4684744442325090, 4684744442325090, 4684744442325090, 4684744442326114]
[4684745516066882, 4684745516066882, 4684745516066882, 5247695469488194, 5247695469488194, 5247695469488194, 5247695469488194, 5247695469488194, 5247695469488194, 5247695469488194, 5247695469488194, 5247695469488194, 5247695469488194, 5247695469488194, 5247695469488194, 5247695469488194, 5247695469488194, 5247695469488194, 5247695469488194, 5247695469488194, 5247695469488194, 5256491562510402, 5256491562510402, 5256491562510402, 5256491562510402, 5256491562510402, 5256491562510402, 5256491562510402, 5256491562510402, 5256491562510402, 5256491562510402, 5256491562510402, 5256491562510530]
[4684745516066882, 4684745516066882, 4684745516066882, 4684745516066882, 4684745516066882, 4684745516066882, 4684745516066882, 4684745516066882, 4684745516066882, 4684745516066882, 4684745516066882, 4684745516066882, 4684745516066882, 4684745516066882, 5247695469488194, 5247695469488194, 5247695469488194, 5247695469488194, 5247695469488194, 5247695469488194, 5247695469488194, 5247695469488194, 5247695469488194, 5247695469488194, 5247695469488194, 5247695469488194, 5247695469488194, 5247695469488194, 5247695469488194, 5247695469488194, 5247695469488194, 5247695469488194, 5247695469488194, 5247695469488194, 5247695469488194, 5247695469488194, 5247695469488194, 5247695469488194, 5247695469488194, 5247695469488322, 5247695469488322, 5247832908441794]
[4684745516066882, 4684745516066882, 4684745516066882, 4684745516066882, 4684745516066882, 4684745516066882, 4684745516066882, 4684745516066882, 4684745516066882, 4684745516066882, 4684745516066882, 4684745516066882, 4684745516066882, 4684745516066882, 4684745516066882, 4684745516066882, 4684745516066882, 4684745516066882, 4684745516066882, 4684745516066882, 4684745516066882, 4684745516066882, 4684745516066882, 4684745516066882, 4684745516066882, 4684745516066882, 4684745516066882, 4684745516066882, 4684745516066882, 4684745549621314, 4684745549621314, 4684745549621314, 4684745549621314, 4684745549621314, 4684745516066882, 4684745516066882, 4684745516066882, 4684745516066882, 4684745516066882, 4684745516066882, 4684745516066882, 4684745516066882, 4684745516066882, 4684745516066882, 4684745516066882, 4684745516066882, 4684745516066882, 4684745516066882, 4684745516066882, 4684745516066882, 4684745516067010, 4684745516067010, 4684745516067010, 4684745516067010, 4684745516067010, 4684745516067010, 4684745516067010, 4684745516067010, 4684745516067010, 4684745516067010, 4684745516067010, 4684745516067010, 4684745516067010, 4684745516067010, 4684745516067010, 4684745516067010, 4684745516067010, 4684745516067010, 4684745516067010, 4684745516067010, 4684745516067010, 4684745516067010, 4684745516067010, 4684745516067010, 4684745516067010, 4684745516067010, 4684745516067010, 4684745516067010, 4684745516067010, 4684745516067010, 4684745516067010, 4684745516067010, 4684745516067010, 4684745516067010, 4684745516067010, 4684745516067010, 4684745516067010, 4684745516067010, 4684745516067010, 4684745516067010, 4684745516067010, 4684745516067010, 4684745516067010, 4684745516067010, 4684745516067010, 4684745516067010, 4684745516067010, 4684745516067010, 4684745516067010, 4684745516067010, 4684745516067010, 4684745516067010, 4684745516067010, 4684745516067010, 4684745516067010, 4684745516067010, 4684745516067010, 4684745516067010, 4684745516067010, 4684745516067010, 4684745516067010, 4684745516068034, 4684745516068034, 4684745516068034, 4684745516068034, 4684745516068034, 4684745516068034, 4684745516068034, 4684745516068034, 4684745516068034, 4684745516068034, 4684745516068034, 4684745516068034, 4684745516068034, 4684745516068034, 4684745516068034, 4684745516068034, 4684745516068034, 4684745516068034, 4684745516068034, 4684745516068034, 4684745516068034, 4684745516068034, 4684745516068034, 4684745516068034, 4684745516068034, 4684745516068034, 4684745516068034, 4684745516068034, 4684745516068034, 4684745516068034, 4684745516068034, 4684745516068034, 4684745516068034, 4684745516068034, 4684745516068034, 4684745516068034, 4684745516068034, 4684745516068034, 4684745516068034, 4684745516068034, 4684745516068034, 4684745516068034, 4684745516068034, 4684745516068034, 4684745516068034, 4684745516068034, 181145888697538]
[4684745516066882, 4684745516066882, 4684745516066882, 4684745516066882, 4684745516066882, 4684745516066882, 4684745516066882, 4684745516066882, 4684745516066882, 4684745516066882, 4684745516066882, 4684745516066882, 4684745516066882, 4684745516066882, 4684745516066882, 4684745516066882, 4684745516066882, 4684745516066882, 4684745516066882, 4684745516066882, 4684745516066882, 4684745516066882, 4684745516066882, 4684745516066882, 4684745516066882, 4684745516066882, 4684745516066882, 4684745516066882, 4684745516066882, 4684745516066882, 4684745516066882, 4684745516066882, 4684745516066882, 4684745516066882, 4684745516066882, 4684745516066882, 4684745516066882, 4684745516066882, 4684745516066882, 4684745516066882, 4684745516066882, 4684745516066882, 4684745516066882, 4684745516066882, 4684745516066882, 4684745516066882, 4684745516066882, 4684745516066882, 4684745516066882, 4684746052937794, 4684746052937794, 4684746052937794, 4684746052937794, 4684746052937794, 4684746052937794, 4684746052937794, 4684746052937794, 4684746052937794, 4684746052937794, 4684746052937794, 4684746052937794, 4684746052937794, 4684746052937794, 4684746052937794, 4684746052937794, 4684746052937794, 4684746052937794, 4684746052937794, 4684746052937794, 4684746052937794, 4684746052937794, 4684746052937794, 4684746052937794, 4684746052937794, 76742340090865730, 76742340090865730, 76742340090865730, 76742340090865730, 76742340090865730, 76742340090865730, 77868239997708354]
[4684745516066882, 4684745516066882, 4684745516066882, 4684745516066882, 4684745516066914, 4684745516066914, 4684745516066914, 4684745516066914, 4684745516066914, 4684745516066914, 4684745516066914, 4684745516066914, 4684745516066914, 4686944539322466, 4686944539322466, 4686944539322466, 4686944539323490]
[4684745516066882, 4684745516066882, 4684745516066882, 4684745516066882, 4684745516066882, 4684745516066882, 4684745516066882, 4684745516066882, 4684745516066882, 4684745516066882, 4684745516066882, 4684745516066882, 4684745516066882, 4684745516066882, 4684745516066882, 4684745516066882, 4684745516066882, 4684745516066882, 4684745516066882, 4684745516066882, 4684745516066882, 4684745516066882, 4684745516066882, 4684745516066882, 4684745516066882, 4684745516066882, 4684745516066882, 4684745516066882, 4684745516066882, 4684745516066882, 4684745516066882, 4684745516066882, 4684745516066882, 4684745516066882, 4684745516066882, 4684745516066882, 4684745516066882, 4684745516066882, 4684745516066882, 4684745516066882, 4684745516066882, 4684745516066882, 4684745516066882, 4684745516066882, 4684745516066882, 4684745516066882, 4684745516066882, 4684745516066882, 4684745516066882, 4684745516066882, 4684745516066882, 4684745516066882, 4702337702111298, 4702337702111298, 4702337702111298, 4702337702111298, 4702337702111298, 4702337702111298, 4702337702111298, 4702337702111298, 4684745516066882, 4684745516066882, 4684745516066882, 4684745516066882, 4684745516066882, 4684745516066882, 4684745516066882, 4684745516066882, 4684745516066882, 4684745516066882, 4684745516066882, 4684745516066882, 4684745516066882, 4684745516066882, 4684745516066882, 4684745516066882, 4684745516066882, 4684745516066882, 4684745516066882, 4684745516066882, 4684745516066882, 4684745516066882, 4684745516066882, 4684745516066882, 4684745516066882, 4684745516066882, 4684745516066882, 4684745516066882, 4684745516066882, 4684745516066882, 4684745516066882, 4684745516066882, 4684745516066882, 4684745516066882, 4684745516066882, 4684745516066882, 4684745516066882, 4684745516066882, 4684745516066882, 4684745516066882, 4684745516066882, 4684745516066882, 4684745516066882, 4684745516066882, 4684745516066882, 4684745516066882, 4684745516066882, 4684745516066882, 4684745516066882, 4684745516066882, 4684745516066882, 4684745516066882, 4684745516066882, 4684745516066882, 4684745516066898, 4684745516066898, 4684745516066898, 4684745516066898, 4684745516066898, 4684745516066898, 4684745516066898, 4684745516066898, 4684745516066898, 4684746052937810, 4684746052937810, 4684746052937810, 4684746052937810, 4684746052937810, 4684746052937810, 4684746052937810, 4684746052937810, 4684746052937810, 4684746052937810, 4684746052937810, 4684746052937810, 4684746052937810, 4684746052937810, 4684883491891282]
[4684745516066882, 4684745516066882, 4684745516066882, 4684745516066882, 4684745516066882, 4684745516066882, 4684745516066882, 4684745516066882, 4684745516066882, 4684745516066882, 4684745516066882, 4684745516066882, 4684745516066882, 4684745516066882, 4684745516066882, 4684745516066882, 4684745516066882, 4684745516066882, 4684745516066882, 4684745516066882, 4684745516066882, 4684745516066882, 4684745516066882, 4684745516066882, 4684745516066882, 4684745516066882, 4684745516066882, 4684745516066882, 4684745516066882, 4684745516066882, 4684745516066882, 4684745516066882, 4684745516066882, 4684745516066882, 4684745516066882, 4684745516066882, 4684745516066882, 4684745516066882, 4684745516066882, 4702337702111298, 4702337702111298, 4702337702111298, 4702337702111298, 4702337702111298, 4702337702111298, 4702337702111298, 4702337702111298, 4702337702111298, 4702337702111298, 4702337702111298, 4702337702111298, 4702337702111298, 4702337702111298, 4702337702111298, 4702337702111298, 4702337702111298, 4702337702111298, 4702337735665730, 4684745549621314, 4684745549621314, 4684745549621314, 4684745549621314, 4684745549621314, 4684745549621314, 4684745549621314, 4684745549621314, 4684745549621314, 4684745549621314, 4684745549621314, 4684745549621314, 4684745549621314, 4684745549621314, 4684745549621314, 4684745549621314, 4684745549621314, 4684745549621314, 4684745549621314, 4684745549621314, 4684745549621314, 4684745549621314, 4684745549621314, 4684745549621314, 4684745549622338, 4684745549622338, 4684745549622338, 4684745549622338, 4684745549622338, 4684745549622338, 4684745549622338, 4684745549622338, 4684745549622338, 4684745549622338, 4684745549622338, 4684745549622338, 4684745549622338, 4684745549622338, 4684745549622338, 4684745549622338, 4684745549622338, 4684745549622338, 4684745549622338, 4684745549622338, 4684745549622338, 4684745549622338, 4684745549622338, 4684745549622338, 4684745549622338, 4684745549622338, 4684745549622338, 4684745549622338, 4684745549622338, 4684745549622338, 4684745549622338, 4684745549622338, 4684745549622338, 4684745549622338, 4684745549622338, 4684745549622338, 4684745549622338, 4684745549622338, 4684745549622338, 4684745549622338, 4684745549622338, 4684745549622338, 4684745549622338, 4684745549621314, 4684745549621314, 4684745549621314, 4684745549621314, 4684745549621314, 4684745549621314, 4684745549621314, 4684745549621314, 4684745549621314, 4684745549621314, 4684745549621314, 4684745549621314, 4684745549621314, 4684745549621314, 4684745549621314, 4684745549621314, 4684745549621314, 4684745549621314, 4684745549621314, 4684745549621314, 4684745549621314, 4684745549621314, 4684745549621314, 4684745549621314, 4684745549621314, 4684745549621314, 4684745549621314, 4684745549621314, 4684745549621314, 4684745549621314, 4684745549621314, 4684745549621314, 4684745549621314, 4684745549621314, 4684745549621314, 4684745549621314, 4684745549621314, 4684745549621314, 4684745549621314, 4684745549621314, 4684745549621314, 4684745549621314, 4684745549621314, 4684745549621314, 4684745549621314, 4684745549621314, 4684745516066882, 4684745516066882, 4684745516066882, 4684745516066882, 4684745516066882, 4684745516066882, 4684745516066882, 4684745516066882, 4684745516066882, 4684745516066882, 4684745516066882, 4684745516066882, 4684745516066882, 4684745516066882, 4684745516066882, 4684745516066882, 4684745524455490, 4684745524455490, 4684745524455490, 4684745524455490, 4684745524455490, 4684745524455490, 4684745524455490, 4684745524455490, 4684745524455490, 4684745524455490, 4684745524455490, 4684745524455490, 4684745524455490, 4684745524455490, 4684745524455490, 4684745524455490, 4684745524455490, 4684745524455490, 4684745524455490, 4684745524455490, 4684745524455490, 4684745524455490, 4684745524455490, 4684745524455490, 4684745524455490, 4684745524455490, 4684745524455490, 4684745524455490, 4684745524455490, 4684745524455490, 4684745524455490, 4684745524455490, 4684745524455490, 4684745524455490, 4684745524455490, 4684745524455490, 4684745524455490, 4684745524455490, 4684745524455490, 4684745524455490, 4684745524455490, 4684745524455490, 4684745524455490, 5247695477876802, 5247695477876802, 5247695477876802, 5247695477876802, 5247695477876802, 5247695477876802, 5247695477876802, 5247695477876802, 5247695477876802, 5247695477876802, 5247695477876802, 5247695477876802, 5247695477876802, 5247695477876802, 5247695477876802, 5247695477876802, 5247695477876802, 5247695477876802, 5247695477876802, 5247695477876802, 5247695477876802, 23262093987358786]
[4684745516066882, 4684745516066882, 4684745516066882, 4684745516066882, 4684745516066882, 4684745516066882, 4684745516066882, 4684745516066882, 4684745516066882, 4684745516066882, 4684745516066882, 4684745516066882, 4684745516066882, 4684745516066882, 4684745516066882, 4684745516066882, 4684745516066882, 4684745516066882, 4684745516066882, 22699144025548866, 22699144025548866, 22699144025548866, 22699144025548866, 22699144025548866, 22699144025548866, 22699144025548866, 22699144025548866, 22699144025548866, 22699144025548866, 22699144025548866, 22699144025548866, 22699144025548866, 22699144025548866, 22699144025548866, 22699144025548866, 22699144025548866, 22699144025548866, 22699144025548866, 22699144025548866, 22699144025548866, 22699144025548866, 22699144025548866, 22699144025548866, 22699144025548866, 22699144025548866, 22699144025548866, 22699144025548866, 22699144025548866, 22699144025548866, 22699144025548866, 22699144025548866, 22699144025548866, 22699144025548866, 22699144025548866, 22699144025548866, 22699144025548866, 22699212745025602, 22699212745025602, 22699212745025602, 22699212745025602, 22699212745025602, 22699212745025602, 22699212745025602, 22699212745025602, 22699212745025602, 22699212745025602, 22699212745025602, 22699212745025602, 22699212745025602, 22699212745025602, 22699212745025602, 22699212745025602, 22699212745025602, 22699212745025602, 22699212745025602, 22699212745025602, 22699212745025602, 22699212745025602, 22699212745025602, 22699212745025602, 22699212745025602, 22699212745025602, 22699212745025602, 22699212745025602, 22699212745025602, 22699212745025602, 22699212745025602, 22699212745025602, 22699212745025602, 22699212745025602, 22699212745025602, 22699212745025602, 22699212745025602, 22699212745025602, 22699212745025602, 22699212745025602, 22699212745025602, 22699212745025602, 22699212745025602, 22699212745025602, 22699212745025602, 22699212745025602, 22699212745025602, 22699212745025602, 22699212745025602, 22699212745025602, 22699212745025602, 22699212745025602, 22699212745025602, 22699212747122754]
[4684745516066882, 4684745516066882, 4684745516066882, 4684745516066882, 4684745516066882, 4702337702111298, 4702337702111298, 4702337702111298, 4702337702111298, 4702337702111298, 4702337702111298, 4702337702111298, 4702337702111298, 4702337702111298, 4702337702111298, 4702337702111298, 4702337702111298, 4702337702111298, 4702337702111298, 4702337702111298, 4702337702111298, 4702337702111298, 5265287655532610, 5265287655532610, 5265287655532610, 5265287655532610, 5265287655532610, 5265287655532610, 5265287655532610, 5265287655532610, 5265287655532610, 5265287655532610, 5265287655532610, 5265287655532610, 5265287655532610, 5265287655532610, 5265287655532610, 5265287655532610, 5265287655532610, 5265287655532610, 5265287655532610, 5265287655532610, 5265287655532610, 5265287655532610, 5265287655533634]
[4684745516066882, 4684745516066882, 4684745516066882, 4684745516066882, 4684745516066882, 4684745516066882, 4684745516066882, 4684745516066882, 4684745516066882, 4684745516066882, 4684745516066882, 4684745516066882, 6936545329752130, 6936545329752130, 6936545329752130, 6936545329752130, 6936545329752130, 6936545329752130, 6936545329752130, 6936545329752130, 6936545329752130, 6936545329752130, 6936545329752130, 6936545329752130, 6936545329752130, 6936545329752130, 6936545329752130, 6936545329752130, 6936545329752130, 6936545329752130, 6936545329752130, 6936545329752130, 6936545329752130, 6936545329752130, 6936545329752130, 6936545329752130, 6936545329752130, 6936545329752130, 6936545329752130, 6936545329752130, 6936545329752130, 6936545329752130, 6936545329752130, 6936545329752130, 6936545329752130, 6936545329752138, 6936545329752138, 6936545329752138, 6936545329752138, 6936545329752138, 6936545329752138, 6936545329752138, 6936545329752138, 6936545329752130, 6936545329752130, 6936545329752130, 6936545329752130, 6936545329752130, 6936545329752130, 6936545329752130, 6936545329752130, 6936545329752130, 6936545329752130, 6936545329752130, 6936545329752130, 6936545329752130, 6936545329752130, 6936545329752130, 6936545329752130, 6936545329752130, 6936545329752130, 6936545329752130, 6936545329752130, 6936545329752130, 6936545329752130, 6936545329752130, 6936545329752130, 6936545329752130, 6936545329752130, 6936545329752130, 6936545329752130, 6936545329752130, 6936545329752130, 6936545329752130, 6936545329752128, 6936545329752128, 6936545329752128, 6936545329752128, 6936545329752128, 6936545329752128, 6936545329752128, 7499495283173440]
[4684745516066882, 4684745516066882, 4684745516066882, 4684745516066882, 4684745516066882, 4684745516066882, 4684745516066882, 4684745516066882, 4684745516066882, 4684745516066882, 4684745516066882, 4684745516066882, 4684745516066882, 4684745516066882, 4684745516066882, 4684745516066882, 4684745516066882, 4684745516066882, 4684745516066882, 4684745516066882, 4684745516066882, 4684745516066882, 4684745516066882, 4684745516066882, 4684745516066882, 4684745516066882, 4684745516066882, 4684745516066882, 4684745516066882, 4684745516066882, 4684745516066882, 4684745516066882, 4684745516066882, 4684745516066882, 4684745516066882, 4684745516066882, 4684745516066882, 4684745516066882, 4684745516066882, 4684745516066882, 4684745516066882, 4684745516066882, 4684745516066882, 4684745516066882, 4684745516066882, 4684745516066882, 4684745516066882, 4684745516066882, 4684745516066882, 4684745516066882, 4684745516066882, 4684745516066882, 4684745516066882, 4684745516066882, 4684745516066882, 4684745516066882, 4684745516066882, 4684745516066882, 4684745516066882, 4684745516066882, 4684745516066882, 4684745516066882, 4684745516066882, 4684745516066882, 4684745516066882, 4684745516066882, 4684745516066882, 4684745516066882, 4684745516066882, 4684745516066882, 4684745516066882, 4684745516066882, 4702337702111298, 4702337702111298, 4702337702111298, 4702337702111426, 4702337702111426, 4702337702111426, 4684745516067010, 4684745516067010, 4684745516067010, 4684745516067010, 4684745516067010, 4684745516067010, 4684745516067010, 4684745516067010, 4684745516067010, 4684745516067010, 4684745516067010, 4684745516067010, 4684745516067010, 4684745516067010, 4684745516067010, 4684745516067010, 4684745516067010, 4684745516067010, 4684745516067010, 4684745516067010, 4684745516067010, 4684745516067010, 4684745516067010, 4684745516067010, 4684745516067010, 4684745516067010, 4684745516067010, 4684745516067010, 4684745516067010, 4684745516067010, 4684745516067010, 4684745516067010, 4684745516067010, 4684745516067010, 4684745516067010, 4684745516067010, 4684745516067010, 4684745516067010, 4684745516067010, 4684745516067010, 4684745516067010, 4684745516067010, 4684745516067010, 4684745516067010, 4684745516066882, 4684745516066882, 4684745516066882, 4684745516066882, 4684745516066882, 4684745516066882, 4684745516066882, 4684745516066882, 4684745516066882, 4684745516066882, 4684745516066882, 4684745516066882, 4684745516066882, 4684745516066882, 4684745516066882, 4684745516066882, 4684745516066882, 4684745516066882, 4684745516066882, 4684745516066882, 4684745516066882, 4684745516066882, 4684745516066882, 4684745516066882, 4684745516066882, 4684745516066882, 4684745516066882, 4684745516066882, 4684745516066882, 4684745516066882, 4684745516066882, 4684745516066882, 4684745516066882, 4684745516066882, 4684745516066882, 4684745516066882, 4684745516066882, 4684745516066882, 4684745516066882, 4684745516066882, 4684745516066882, 4684745516066882, 4684745516066882, 4684745516066882, 4684745516066882, 4684745516066882, 4684745516066882, 4684745516066882, 4684745516066882, 4684745516066882, 4684745516066882, 4684745516066882, 4684745516066882, 4684745516066882, 4684745516066882, 4684745516066882, 4684745516066882, 4684745516066882, 4684745516066882, 4684745516066882, 4684745516066882, 4684745516066882, 4684745516066882, 4684745516067138, 4684745516067138, 4684745516067138, 4684745516067138, 4684745516067138, 4684745516067138, 4684745516067138, 4684745516067138, 4684745516067138, 4684745516067138, 4684745516067138, 4684745516067138, 4684745516067138, 4684745516067138, 4684745516067138, 4684745516067138, 4684745516067138, 4684745516067138, 4684745516067138, 4684745516067138, 4684745524455746, 4684745524455746, 4684745524455746, 4684745524455746, 4684745524455746, 4684745524455746, 4684745524455746, 4684745524455746, 4684745524455746, 4684745524455746, 4684745524455746, 4684745524455746, 4684745524455746, 4684745524455746, 4693541617477954]
[4684745516066882, 4684745516066882, 4684745516066882, 4684744442325058, 4684744442325058, 4684744442325058, 4684744442325058, 4684744442325058, 4684744442325058, 4684744442325186, 4684744442325186, 4684744442325186, 4684744442325186, 4684744442325186, 4684744442325186, 4684744442325186, 4684744442325186, 4684744442325186, 4684745516067010, 4684745516067010, 4684745516067010, 4684745516067010, 4684745516067010, 4684745516067010, 4684745516067010, 4684745516067010, 4684745516068034, 4684745516068034, 4684745516068034, 4684745516068034, 4684745516068034, 4684745516068034, 4684745516068034, 4684745516068034, 4684745516068034, 4684745516068034, 4684745516068034, 4684745516068034, 4684745516068034, 4684745516068034, 4684745516068034, 4684745516068034, 4684745516068034, 4684745516068034, 4684745516068034, 4684745516068034, 4684745516068034, 4684745516068034, 4684745516068034, 4684745516068034, 4684745516068034, 4684745516068034, 4684745516068034, 4684745516068034, 4684745516068034, 4684745516068034, 4684745516068034, 4684745516068034, 4684745516068034, 4684745516068034, 4684745516068034, 4684745516068034, 4684745516068034, 4684745516068034, 4684745516068034, 4684745516068034, 4684745516068034, 4684745516068034, 4684745516068034, 4684745516068034, 4684745516068034, 4684745516068034, 4684745516068034, 4684745516068034, 4684745516068034, 4684745516068034, 4684745516068034, 4684745516068034, 4684745516068034, 4684745516068034, 4684745516068034, 4684745516068034, 4684745516068034, 4684745516068034, 4684745516068034, 4684745516068034, 4684745516068034, 4684745516068034, 4684745516068034, 4684745516068034, 4684745516068034, 4684745516068034, 4684745516068034, 4684745516068034, 4684745516068034, 4684745516068034, 4684745516068034, 4684745516068034, 4684745516068034, 4684745516068034, 4684745516068034, 4684745516068034, 4684745516068034, 4684745516068034, 4684745516068034, 4684745516068034, 4684745516068034, 4684745516068034, 4684745516068034, 4684745516068034, 4684745516068034, 4684745516068034, 4684745516068034, 4684745516067906, 4684745516067906, 4684745549622338, 4684745549622338, 4684745549622338, 4684745549622338, 4684745549622338, 4684745549622338, 4684745549622338, 4684745549622338, 4684745549622338, 4684745549622338, 4684745549622338, 4684745549622338, 4684745549622338, 4684745549622338, 4684745549622338, 4684745549622338, 4684745549622338, 4684745549622338, 4684745549622338, 4684745549622338, 4684745549622338, 4684745549622338, 4684745549622338, 4684745549622338, 4684745549622338, 5247695503043650]
[4684745516066882, 4684745516066882, 4684745549621314, 4684745549621314, 4684745549621314, 4684745549621314, 4684745549621314, 4684745549621314, 4684745549621314, 4684745549621314, 4684745549621314, 4684745549621314, 4684745549621314, 4684745549621314, 4684745549621314, 4684745549621314, 4684745549621314, 4684745549621314, 4684745549621314, 4684745549621314, 4684745549621314, 4684745549621314, 4684745549621314, 4684745549621314, 4684745549621314, 4684745549621314, 4684745549621314, 4684745549621314, 4684745549621314, 4684745549621314, 4684745549621314, 4684745549621314, 4684882988574786, 4684882988574786, 4684882988574786, 4684882988574786, 4684882988574786, 4684882988574786, 4684882988574786, 4684882988574786, 4684882988574786, 4684882988574786, 4684882988574786, 4684882988574786, 4684882988574786, 4684882988574786, 4684882988574786, 4684882988574786, 4684882988574786, 4684882988574786, 4684882988574786, 4684882988574786, 4684882988574786, 4684882988574786, 4684882988574786, 4684882988574786, 4684882988574786, 4684882988574786, 4684882988574786, 4684882988574786, 4684882988574786, 4684882988574786, 4684882988574786, 4684882988574786, 4684882988574786, 4684882988574786, 4684882988574786, 4684882988574786, 4684882988574786, 4684882988574786, 4684882988574786, 4684882988574786, 4684882988574786, 4684882988574786, 4684882988574786, 4684882988574786, 4684882988574786, 4684882988574786, 4684882988574786, 4684882988574786, 4684882988574786, 4684882988574786, 4684882988574786, 4684882988574786, 4684882988574786, 4684882988574786, 4684882988574786, 4684882988574786, 4684882988574786, 4684882988574786, 4684882988574786, 4684882988574786, 4684882988574786, 4684882988574786, 4684882988574786, 4684882988574786, 4684882988574786, 4684882988574786, 4684882988574786, 4684882988574786, 4684882988574786, 4684882988574786, 4684882988574914]
[4684745516066882, 4684745516066882, 4684745516066882, 4684745516066882, 4684745516066882, 4684745516066882, 4684745516066882, 4684745516066882, 4684745516066882, 4684745516066882, 4684745516066882, 4684745516066882, 4684745516066882, 4684745516066882, 4684745516066882, 4684745516066882, 4684745516066882, 4684745516066882, 4684745516066882, 4684745516066882, 22699144025548866, 22699144025548866, 22699144025548866, 22699144025548866, 22699144025548866, 22699144025548866, 22699144025548866, 22699144025548866, 22699144025548866, 22699144025548866, 22699144025548866, 22699144025548866, 22699144025548866, 22699144025548866, 22699144025548866, 22699144025548866, 22699144025548866, 22699144562419778, 22699144562419778, 22699144562419778, 22699144562419778, 22699144562419778, 22699144562419778, 22699144562419778, 22699144562419778, 22699144562419778, 22699144562419778, 22699144562419778, 22699144562419778, 22699144562419778, 22699144562419778, 22699144562419778, 22699144562419778, 22699144562419778, 22699144562419778, 22699144595974210]
[4684745516066882, 4684745516066882, 4684745516066882, 4684745516066882, 4684745516066882, 4684745516066882, 4684745516066882, 4684745516066882, 4684745516066882, 4684745516066882, 4684745516066882, 4684745516066882, 4684745516066882, 4684745516066882, 4684745516066882, 4684745516066882, 4684745516066882, 4684745516066882, 4684745516066882, 4684745516066882, 4684745516066882, 4684745516066882, 4684745516066882, 4684745516066882, 4684745516066882, 4684745516066882, 4684745516066882, 4684745516066882, 4684745516066882, 4684745516066882, 4684745516066882, 4684745516066882, 4684745516066882, 4684745516066882, 4684745516066882, 4684745516066882, 4684745516066882, 4684745516066882, 4684745516066882, 4684745516066882, 4684745516066882, 4684745516066882, 4684745516066882, 4684745516066882, 4684745516066882, 4684745516066882, 4684745516066882, 4684745516066882, 4684745516066882, 4684745516066882, 4684745516066882, 4684745516066882, 4684745516066882, 4684745516066882, 4684745516066882, 4684745516066882, 4684745516066882, 4684745516066882, 4684745516066882, 4684745516066882, 4684745516066882, 4684745516066882, 4684745516066882, 4684745516066882, 4684745516066882, 4684745516066882, 4684745516066882, 4684745516066882, 4684745516066882, 4684745516066882, 4684745516066882, 4684745516066882, 4684745516067906, 4684745516067906, 4684745516067906, 4684745516067906, 4684745516067906, 4684745516067906, 4684745516067906, 4684745516067906, 4684745516067906, 4684745516067906, 4684745516067906, 4684745516067906, 4684745516067906, 4684745516067906, 4684745516067906, 4684745516067906, 4684745516067906, 4684745516067906, 4684745516067906, 4684745516067906, 4684745516067906, 4684745516067906, 4684745516067906, 4684745516067906, 4684745516067906, 4684745516067906, 4684745516067906, 4684745516067906, 4684745516067906, 4684745516067906, 4684745516067906, 4684745516067906, 4684745516067906, 4684745516067906, 4684745516067906, 4684745516067906, 4684745516067906, 5247695469489218, 5247695469488194, 5247695469488194, 5247695469488194, 5247695469488194, 5247695469488194, 5247695469488194, 5247695469488194, 5247695469488194, 5247695469488194, 5247695469488194, 5247695469488194, 5247695469488194, 5247695469488194, 5247695469488194, 5247695469488194, 5247695469488194, 5247695469488194, 5247695469488194, 5247695469488194, 5247695469488194, 5247695469488194, 5247695469488194, 5247695469488194, 5247695469488194, 5247695469488194, 5247695469488194, 5247695469488194, 5247695469488194, 5247695469488194, 5247695469488194, 5247695469488194, 5247695469488194, 5247695469488194, 5247695469488194, 5247695469488194, 5247695469488194, 5247695469488194, 5247695469488194, 5247832908441666, 5247832908441666, 5247832908441666, 5247832908441666, 5247832908441666, 5247832908441666, 5247832908441666, 5247832908441666, 5247832908441666, 5247832908441666, 5247832908441666, 5247832908441666, 5247832908441666, 5247832908441666, 5247832908441666, 5247832908441666, 5247832908441666, 5247832908441666, 5107095420086338]
[4684745516066882, 4684745516066882, 4684745516066882, 4684745516066882, 4684745516066882, 4684882955020354, 4684882955020354, 4684882955020354, 4684882955020354, 4684882955020354, 4684882955020354, 4684882955020354, 4684882955020354, 4684882955020354, 4684882955020354, 4684882955020354, 4684882955020354, 4684882955020354, 4684882955020354, 4684882955020354, 4684882955020354, 4684745516066882, 4684745516066882, 4684745516066882, 4684745516066882, 4684745516066882, 4684745516066882, 4684745516066882, 4684745516066882, 4684745516066882, 4684745516066882, 4684745516066882, 4684745516066882, 4684745516066882, 4684745516066882, 4684745516066882, 4684745516066882, 4684745516066882, 4684745516066882, 4684745516066882, 4684745516066882, 4684745516066882, 4684745516066882, 4684745516066882, 4684745516066882, 4684745516066882, 4684745516066882, 4684745516066882, 4684745516066882, 4684745516066882, 4684745516066882, 4684745516066882, 4684745516066882, 4684745516066882, 4684745516066882, 4684745516066882, 4684745516066882, 4684745516066882, 4684745516066882, 4684745516066882, 4684745516066882, 4684745516066882, 4684745516066882, 4684745516066882, 4684745516066882, 4684745516066882, 4684745516066882, 4684745516066882, 4684745516066882, 4684745516066882, 4684745516066882, 4684745516066882, 4684745516066882, 4684745516066882, 4684745516066882, 4684745516066882, 4684745516066882, 4684745516066882, 4684745516066882, 4684745516066882, 4684745516066882, 4684745516066882, 4684745516066882, 4684745516066882, 4684745516066882, 4684745516066882, 4684745516066882, 22699144025548866, 22699144025548866, 22699144025548866, 22699144025548866, 22699144025548866, 22699144025548866, 22699144025548866, 22699144025548866, 22699144025548866, 22699144025548866, 22699144025548866, 22699144025548866, 22699144025548866, 22699144025548866, 22699144025548866, 22699144025548866, 22699144025548866, 22699144025549890, 22699144025549890, 22699144025549890, 22699144025549890, 22699144025549890, 22699144025549890, 22699144025549890, 22699144025549890, 22699144025549890, 22699144025549890, 22699144025549890, 22699144025549890, 22699144025549890, 22699144025549890, 22699144025549890, 22699144025549890, 22699144025549890, 22699144025549890, 22699144025549890, 22699144025549890, 22699144025549890, 22699144025549890, 22699144025549890, 22699144025549890, 22699144025549890, 22699144025549890, 22699144025549890, 22699144025549890, 22699144025549890, 22699144025549890, 22699144025549890, 22699144025549890, 22699144025549890, 22699144025549890, 22699144025549890, 22699144025549890, 22699144025549890, 22699144025549890, 22699144025549890, 22699144025549890, 22699144025549890, 22699144025549890, 22699144025549890, 22699144025549890, 22699144025549890, 22699144025549890, 4684745516067906, 4684745516067906, 4684745516067906, 4684745516067906, 4684745516067906, 4684745516067906, 5247695469489218, 5247695469489218, 5247695469489218, 5247695469489218, 5247695469489218, 5265287655533634]
[4684745516066882, 4684745516066882, 4684745516066882, 4684745516066882, 4684745516066882, 4684745516066882, 4684745516066882, 4684745516066882, 4684745549621314, 4684745549621314, 4684745549621314, 4684745549621314, 4684745549621314, 4684745549621314, 4684745549621314, 4684745549621314, 4684745549621314, 4684745549621314, 4684745549621314, 4684745549621314, 4684745549621314, 4684745549621322, 4684745549621322, 4684745549621322, 4684745549621322, 4684745549621322, 4684745549621322, 4684745549621322, 4684745549621322, 4684745549621322, 4684745549621322, 4684745549621322, 4684745549621322, 4684745549621322, 4684745549621322, 4684745549621322, 4684745549621322, 4684745549621322, 4684745549621322, 4684745549621322, 4684745549621322, 4684745549621322, 4684745549621322, 4684745549621322, 4684745549621322, 4684745549621322, 4684745549621322, 4684745549621322, 4684745549621322, 4684745549621322, 4684745549621322, 4684745549621322, 4684745549621322, 4684745549621322, 4684745549621322, 4684745549621450]
[4684745516066882, 4684745516066882, 4684745516066882, 4684745516066882, 4684745516066882, 4684745516066882, 4684745516066882, 4684745516066882, 4684745516066882, 4684745516066882, 4684745516066882, 4684745516066882, 4684745516066882, 4684745516066882, 4684745516066882, 4684745516066882, 4684745516066882, 4684745516066882, 4684745516066882, 4684745516066882, 4684745516066882, 4684745516066882, 4684745516066882, 4684745516066882, 4684745516066882, 4684745516066882, 4684745516066882, 4684745516066882, 4684745516066882, 4684745516066882, 4684745516066882, 4684745516066882, 4684745516066882, 4684745516066882, 4684745516066882, 4684745516066882, 4684745516066882, 4684745516066882, 4684745516066882, 4684745516066882, 4684745516066882, 4684745516066882, 4684745516066882, 4684745516066882, 4684745516066882, 4684745516066882, 4684745516066882, 4684745516066882, 4684745516066882, 4684745516066882, 4684745516066882, 4684745516066882, 4684745516066882, 4684745516066882, 4684745516066882, 4684745516066882, 4684745516066882, 4684745516066882, 4684745516066882, 4684745516066882, 4684745516066882, 4684745516066882, 4684745516066882, 4684745516066882, 4684814235543618, 4684814235543618, 4684814235543618, 4684814235543618, 4684814235543618, 4684814235543618, 4684814235543618, 4684814235543618, 4684814235543618, 4684814235543618, 4684814235543618, 4684814235543618, 4684814235543618, 4684814235543618, 4684814235543618, 4684814235543618, 4684814235543618, 4684814235543618, 4684814235543618, 4684814235543618, 4684814235543618, 4684814235543618, 4684814235543618, 4684814235543618, 4684814235543618, 4684814235543618, 4684814235543618, 4684814235543618, 4684814235543618, 4684814235543618, 4684814235543618, 4684814235543618, 4684814235543618, 4684814235543618, 4684814235543618, 4684814235543618, 4684814235543618, 4684814235543618, 4684814235543618, 4684814235543618, 4684814235543618, 4684814235543618, 4684814235543618, 4684814235543618, 4684814235543618, 4684814235543618, 4684814235543619, 4684814235543619, 4684814235543619, 4684814235543619, 4684814235543619, 4684814235543619, 4684814235543619, 4544076747188291]
[4684745516066882, 4684745516066882, 4684745516066882, 4684745516066882, 4684745516066882, 4684745516066882, 4684745516066882, 4684745516066882, 4684745516066882, 4684745516066882, 4684745516066882, 4684745516066882, 4684745516066882, 4684745516066882, 4684745516066882, 4684745516066882, 4684745516066882, 22699144025548866, 22699144025548866, 22699144025548866, 22699144025548866, 22699144025548866, 22699144025548866, 22699144025548866, 22699144025548866, 22699144025548866, 22699144025548866, 22699144025548866, 22699144025548866, 22699144025548866, 22699144025548866, 22699144025548866, 22699144025548866, 22699144025548866, 22699144025548866, 22699144025548866, 22699144025548866, 22699144025548866, 22699144025548866, 4684745516066882, 4684745516066882, 4684745516066882, 4684745516066882, 4684745516066882, 4684745516066882, 4684814235543618, 4684814235543618, 4684814235543618, 4684814235543618, 4684814235543618, 4684814235543618, 4684814235543618, 4684814235543618, 4684814235543618, 4684814235543618, 4684814235543618, 4684814235543618, 4684814235543618, 4684814235543618, 4684814235543618, 4684814235543618, 4684814235543618, 4684814235543618, 4684814235543618, 4684814235543618, 4684814235543618, 4684814235543618, 4684814235543618, 4684814235543618, 4684814235543618, 4684814235543618, 4684814235543618, 4684814235543618, 22699212745025602, 22699212745025602, 22699212745025602, 22699212745025602, 22699212745025602, 22699212745025602, 22699212745025602, 22699212745025602, 22699212745025602, 22699212745025602, 22699212745025602, 4684814235543618, 4684814235543618, 4684814235543618, 4684814235543618, 4684814235543618, 4684814235543618, 4684814235543618, 4684814235543618, 4684814235543618, 4684814235543618, 4684814235543618, 4684814237640770, 4684814237640770, 4684814237640770, 4684814237640770, 4684814237640770, 4684814237640770, 4684814237640770, 4684814235543618, 4684814235543618, 4684814235543618, 4684814235543618, 4684814235543618, 4684814235543618, 4684814235543618, 4684814235543618, 4684814235543618, 4684814235543618, 4684814235543618, 4684814235543618, 4684814235543618, 4684814235543618, 4684814235543618, 4684814235543618, 4684814235543618, 4684814235543618, 4684814235543618, 4684814235543618, 4684814235543618, 4684814235543618, 4684814235543618, 4684814235543618, 4684814235543618, 4684814235543618, 4684814235543618, 4684814235543618, 4684814235543618, 4684814235543618, 4684814235543618, 4684814235543618, 4684814235543618, 4684814235543618, 4684814235543618, 4684814235543618, 4684814235543618, 4684814235543618, 4684814235543618, 4684814235543618, 4684814235543618, 4684814235543618, 4684814235543618, 181214608173122, 181214608173122, 181214608173122, 181214608173122, 181214608173122, 181214608173122, 181214608173122, 181214608173122, 181214608173122, 181214608173122, 181215145044034]
[4684745516066882, 4684745516066882, 4684745516066882, 4684745516066882, 4684745516066882, 4684745516066882, 4684745516066882, 4684745516066882, 4684745516066882, 4684745516066882, 4684745516066882, 4684745516066882, 4684745516066882, 4684745516066882, 4684745516066882, 4684745516066882, 4684745516066882, 4684745516066882, 4684745516066882, 4684745516066882, 4684745516066882, 4684745516066882, 4684745516066882, 4684745516066882, 4684745516066882, 4684745516066882, 4684745516066882, 4684745516066882, 4684745516066882, 22699144025548866, 22699144025548866, 22699144025548866, 22699144025548866, 22699144025548866, 22699144025548866, 22699144025548866, 22699144025548866, 22699144025548866, 22699144025548866, 22699144025548866, 22699144025548866, 22699144025548866, 22699144025548866, 22699144025548866, 22699144025548866, 22699144025548866, 22699144025548866, 58727941044512834, 58727941044512834, 58727941044512834, 58727941044512834, 58727941044512834, 58727941581383746]
[4684745516066882, 4684745516066882, 4684745516066882, 4684745516066882, 4684745516066882, 4684745516066882, 22699144025548866, 22699144025548866, 22699144025548866, 22699144025548866, 22699144025548866, 22699144025548866, 22699144025548866, 22699144025548866, 22699144025548866, 22699144042326082, 22699144042326082, 22699144042326082, 22699144042326082, 22699144042326082, 22699144042326082, 22699144042326082, 22699144042326082, 22699144042326082, 22699144042326082, 22699144042326082, 22699144042326082, 22699144042326082, 22699144042326082, 22699144042326082, 22699144042326082, 22699144042326082, 22699144042326082, 22699144042326082, 18195544414955586]
[4684745516066882, 4684745516066882, 4684745516066882, 4684745516066882, 4684745516066882, 4684745516066882, 4684745516066882, 4684745516066882, 4684745516066882, 4684745516066882, 4684745516066882, 4684745516066882, 4684745516066882, 4684745516066882, 4684745516066882, 4684745516066882, 4684745516066890, 4684745516066890, 4684745516066890, 4684745516066890, 4684745516066890, 4684745516066890, 4684745516066890, 4684745516067018, 4684745516067018, 4684745516067018, 4684745516067018, 4684745516067018, 4684745516067018, 4684745516067018, 4684745516067018, 4684745516067018, 4684745516067018, 4684745516067018, 4684745516067018, 4684745516067018, 4684745516067018, 4684745516067018, 4684745516067018, 4684745516068042]
[4684745516066882, 4684745516066882, 4684745516066882, 4684745516066882, 4684745516066882, 4684745516066882, 4684745516066882, 4684745516066882, 4684745516066882, 4684745516066882, 4684745516066882, 4684745516066882, 4684745516066882, 4684745516066882, 4684745516066882, 4684745516066882, 4684745516066882, 4684745516066882, 4684745516066882, 4684745516066882, 4684745516066882, 4684745516066882, 4684745516066882, 4684745516066882, 4684745516066882, 4684745516066882, 4684745516066882, 4684745516066882, 5247695469488194, 4684745516066882, 4684745516066882, 4684745516066882, 4684745516066882, 4684745516066882, 4684745516066882, 4684745516066882, 4684745516066890, 4684745516066890, 4684745516066890, 4684745516066890, 4684745516066890, 4684745516066890, 4684745516066890, 4684745516066890, 4684745516066890, 4684745516066890, 4684745516066890, 4684745516066890, 4684745516066890, 4684745516066890, 4684745516066890, 4684745516066890, 4684745516066890, 4684745516066890, 4684745516066890, 4684745516066890, 4684745516066890, 4684745516066890, 4684745516066890, 4684745516066890, 4684745516066890, 4684745516066890, 4684745516066890, 4684745516066890, 4684745516066890, 4684745516066890, 4684745516066890, 4684745516066890, 4684745516066890, 4684745516066890, 22699144025548874, 22699144025548874, 22699144025548874, 22699144025548874, 22699144025548874, 22699144025548874, 22699144025548874, 22699144025548874, 22699144025548874, 22699144025548874, 22699144025548874, 22699144025549002]
[4684745516066882, 4684745516066882, 4684745516066882, 4684745516066882, 4684745516066882, 4684745516066882, 4684745516066882, 4684745516066882, 4684745516066882, 4684745516066882, 4684745516066882, 4684745516066882, 4684745516066882, 4684745516066882, 4684745516066882, 4684745516066882, 4684745516066882, 4684745516066882, 4684745516066882, 4684745516066882, 4684745516066882, 4684745516066882, 4684745516066882, 4684745516066882, 4684745516066882, 4684745516066882, 4684745516066882, 4684745516066882, 4684745516066882, 4684745516066882, 4684745516066882, 4684745516066882, 4684745516066882, 4684745516066882, 4684745516066882, 4684745516066882, 4684745516066882, 4684745516066882, 4684745516066882, 4684745516066882, 4684745516066882, 4684745516066882, 4684745516066882, 4684745516066882, 4684745516066882, 4684745516066882, 4684745516066882, 4684745516066882, 4684745516066882, 4684745516066882, 4684745516066882, 4684745516066882, 4684745516066882, 4684745516066882, 4684745516066882, 4684745516066882, 4684745516066882, 4684745516066882, 4684745516066882, 4684745516066882, 4684745516066882, 4684745516066882, 4684745516066882, 4684745516066882, 4684745516066882, 4684745516066882, 4684745516066882, 4684745516066882, 4684745516066882, 4684745516066882, 4684745516066882, 4684745516066882, 4684745516066882, 4684745516066882, 4684745516066882, 4684745516066882, 4684745516066882, 4684745516066882, 4684745516066882, 4684745516066882, 4684745516066882, 4684745516066882, 4684745516066882, 4684745516066882, 4684745516066882, 4684745516066882, 4684745516066882, 4684745516066882, 4684745516066882, 4684745516066882, 4684745516066882, 4684745516066882, 4684745516066882, 4684745516066882, 4684745516066882, 4684745516066882, 4684745516066882, 4684745516066882, 4684745516066882, 4684745516066882, 4684745516066882, 4684745516066882, 4684745516066882, 4684745516066882, 4684745516066882, 4684745516066882, 4684745516066882, 4684745516066882, 4684745516066882, 4684745516066882, 4684745516066882, 4684745516066882, 4684745516066882, 4684745516066882, 5247695469488194, 5247695469488194, 5247695469488194, 5247695469488194, 5247695469488194, 5247695469488194, 5247695469488194, 5247695469488194, 5247695469488194, 5247695469488194, 5247695469488194, 5247695469488194, 5247695469488194, 5247695469488194, 5247695469488194, 5247695469488194, 5247695469488194, 5247695469488194, 5247695469488194, 5247695469488194, 5247695469488194, 5247695469488194, 5247695469488194, 5247695469488194, 5247695469488194, 5247695469488194, 5247695469488194, 5247695469488194, 5247695469488194, 5247695469488194, 5247695469488194, 5247695469488194, 5247695469488194, 5247695469488194, 5247695469488194, 5247695469488194, 5247695469488194, 5247695469488194, 5247695469488194, 5247695469488194, 5247695469488194, 5247695469488194, 5247695469488194, 5247695469488194, 5247695469488194, 5247695469488194, 5247695469488194, 5247695469488194, 5247695469488194, 5247695469488194, 5247695469488194, 5247695469488194, 5247695469488194, 5247695469488194, 5247695469488194, 5247695469488194, 5247695469488194, 5247695469488194, 5247695469488194, 5247695469488194, 5247695469488194, 5247695469488194, 5247695469488194, 5247695469488194, 5247695469488194, 5247695469488194, 5247695469488194, 5247695469488194, 5247695469488194, 5247695469488194, 5247695469488194, 5247695469488194, 5247695469488194, 5247695469488194, 5247695469488194, 5247695469488194, 5247695469488194, 5247695469488194, 5247695469488194, 5247695469488194, 5247695469488194, 5247695469488194, 5247695469488194, 5247695471585346, 5247695471585346, 5247695471585346, 5247695471585346, 5247695471585346, 5247695471585346, 5247695471585346, 5247695471585346, 5247695471585346, 5247695471585346, 5247695471585346, 5247695471585346, 5247695471585346, 5247695471585346, 5247695471585346, 5247695471585346, 5247695471585346, 5247695471585346, 5247695471585346, 5247695471585346, 5247695471585346, 5247695471585346, 5247695471585346, 5247695471585346, 5247695471585346, 5247695471585346, 5247695471585346, 5247695471585346, 5247695471585346, 5247695471585346, 5247695471585346, 5247695471585354]
[4684745516066882, 4684745516066882, 4684745516066882, 4684745516066882, 4684745516066882, 4684745516066882, 4684745516066882, 4684745516066882, 4684745516066882, 4684745516066882, 4684745516066882, 4684745516066882, 4684745516066882, 4684745516066882, 4684745516066882, 4684745516066882, 4684745516066882, 4684745516066882, 4684745516066882, 4684745516066882, 4684745516066882, 4684745516066882, 4684745516066882, 4684745516066882, 4684745516066882, 4684745516066882, 4684745516066882, 4684745516066882, 4684745516066882, 4684745516066882, 4684745516066882, 4684745516066882, 4684745516066882, 4684745516066882, 4684745516066882, 4684745516066882, 4684745516066882, 4684745516066882, 4684745516066882, 4684745516066882, 4684745516066882, 4684745516066882, 4684745516066882, 4684745516066882, 4684745516066882, 4684745516066882, 4684745516066882, 4684745516066882, 4684745516066882, 4684745516066882, 4684745516066882, 4684745516066882, 4684745516066882, 4684745516066882, 4684745516066882, 4684745516066882, 4684745516066882, 4684745516066882, 4684745516066882, 4684745516066882, 4684745516066882, 4684746052937794, 4684746052937794, 4684746052937794, 4684746052937794, 4684746052937794, 4684746052937794, 4684746052937794, 4684746052937794, 4684746052937794, 4684746052937794, 4684883491891266, 4684883491891266, 4684883491891266, 4684883491891266, 4684883491891266, 4684882955020354, 4684882955020354, 4684882955020354, 4684882955020354, 4684882955020354, 4684882955020354, 4684882955020354, 4684882955020354, 4684882955020354, 4684882955020354, 4684882955020354, 4684882955020354, 4684882955020354, 4684882955020354, 4684882955020354, 4684882955020354, 4684882955020354, 4684882955020354, 4684882955020354, 4684882955020482, 4684882955020482, 4684882955020482, 4684882955020482, 4684882955020482, 4684882955020482, 4684882955020482, 4684882955020482, 4684882955020482, 4684882955020482, 4684882955020482, 4684882955020482, 4684882955020482, 4684882955020482, 4684882955020482, 4684882955020482, 4684882955020482, 4684882955020482, 4684882955020482, 4684882955020482, 4684882955020482, 4684882955020482, 4684882955020498]
[4684745516066882, 4684745516066882, 4684745516066882, 4684745516066882, 4684745516066882, 4684745516066882, 4684745516066882, 4684745516066882, 4684745516066882, 4684745516066882, 4684745516066882, 4684745516066882, 4684745516066882, 4684745516066882, 4684745516066882, 4684745516066882, 4684745516066882, 4684745516066882, 4684745516066882, 4684745516066882, 4684745516066882, 4684745516066882, 4684745516066882, 4684745516066882, 4684745516066882, 4684745516066882, 4684745516066882, 4684745516066882, 4684745516066882, 4684745516066882, 4684745516066882, 4684745516066882, 4684745516066882, 4684745516066882, 4684745516066882, 4684745516066882, 4684745516066882, 4684745516066882, 4684745516066882, 4684745516066882, 4684745516066882, 4684745516066882, 4684745516066882, 4684745516066882, 4684745516066882, 4684745516066882, 4684745516066882, 4684745516066882, 4684745516066882, 4684745516066882, 4684745516066882, 4684745516066882, 4684745516066882, 4684745516066882, 4684745516066882, 4684745516066882, 4684745516066882, 4684745516066882, 4684745516066882, 4684745516066882, 4684745516066882, 4684745516066882, 4684745516066882, 4684745516066882, 4684745516066882, 4684745516066882, 4684745516066882, 4684745516066882, 4684745516066882, 4684745516066882, 4684745516066882, 4684745516066882, 4684745516066882, 4684745516066882, 4684745516066882, 4684745516066882, 4684745516066882, 4684745516066882, 4684745516066882, 4684745516066882, 4684745516066882, 4684745516066882, 4684745516066882, 4684745516066882, 4684745516066882, 4684745516066882, 4684745516066882, 4684745516066882, 4684745516066882, 4684745516066882, 4684745516066882, 4684745516066882, 4684745516066882, 4684745516066882, 4684745516066882, 4684745516066882, 4684745516066882, 4684745516066882, 4684745516066882, 4684745516066882, 4684745516066882, 4684745516066882, 4684745516066882, 4684745516066882, 4684745516066882, 4684745516066882, 4684745516066882, 4684745516066882, 4684745516066882, 4684745516066882, 4684745516066882, 4684745516066882, 4684745524455490, 4684745524455490, 5247695477876802, 5247695477876802, 5247695477876802, 5247695477876802, 5247695477876802, 5247695477876802, 5247695477876802, 5247695477876802, 5247695477876802, 5247695477876802, 5247695477876802, 5247695477876802, 5247695477876802, 5247695477876802, 5247695477876802, 5247764197353538]
[4684745516066882, 4684745516066882, 4684745516066882, 4684745516066882, 4684745516066882, 4684745516066882, 4684745516066882, 4684745516066882, 4684745516066882, 4684745516066882, 4684745516066882, 4684745516066882, 4684745516066882, 4684745516066882, 4684745516066882, 4684745516066882, 4684745516066882, 4684745516066882, 4684745516066882, 4684745516066882, 4684745516066882, 4684745516066882, 4684745516066882, 4684745516066882, 4684745516066882, 4684745516066882, 4684745516066882, 4702337702111298, 4702337702111298, 4702337702111298, 4702337702111298, 4702337702111298, 4702337702111298, 4702337702111298, 4702337702111298, 4702337702111298, 4702337702111298, 4702337702111298, 4702337702111298, 4702337702111298, 4702337702111298, 4702337702111298, 4702337702111298, 4702337702111298, 4702337702111298, 4702337702111298, 4702337702111298, 4702337702111298, 4702337702111298, 4702337702111298, 4702337702111298, 4702337702111298, 4702337702111298, 4702337702111298, 4702337702111298, 4702337702111298, 4702337702111298, 4702337702111298, 4702337702111298, 4702337702111298, 4702337702111298, 4702337702111298, 4702337702111298, 4702337702111298, 4702337702111298, 4702337702111298, 4702337702111298, 4702337702111298, 4702337702111298, 4702337702111298, 4702337702111298, 4702337702111298, 4702337702111298, 4702337702111298, 4702337702111298, 4702337702111298, 4702337702111298, 4702337702111298, 4702337702111298, 4702337702111298, 4702337702111298, 4702337702111298, 4702337702111298, 4702337702111298, 4702337702111298, 4702337702111298, 4702337702111298, 4702337702111298, 4702337702111298, 4702337702111298, 4702337702111298, 4702337702111298, 4702337702111426, 4702337702111426, 4702337702111426, 4702337702111426, 4702337702111426, 4702337702111426, 4702337702111426, 4702337702111426, 4702337702111426, 4702337702111426, 4702406421588162]
[4684745516066882, 4684745516066882, 4684745516066882, 4684745516066882, 4684745516066882, 4684745516066882, 4684745516066882, 4684745516066882, 4684745516066882, 4684745516066882, 4684745516066882, 4684745516066882, 181145888696386, 181145888696386, 181145888696386, 181145888696386, 181144814954562, 181144814954562, 181144814954562, 181144814954562, 181144814954562, 181144814954562, 181144814954562, 181144813905986]
[4684745516066882, 4684745516066882, 4684745516066882, 4684745516066882, 4684745516066882, 4684745516066882, 4684745516066882, 4684745516066882, 4684745516066882, 4684745516066882, 4684745516066882, 4684745516066882, 4684745516066882, 4684745516066882, 4684745516066882, 4684745516066882, 4684745516066882, 4684745516066882, 4684745516066882, 4684745516066882, 4684745516066882, 4684745516066882, 4684745516066882, 4684745516066882, 4684745516066882, 4684745516066882, 4684745516066882, 4684745516066882, 4684745516066882, 4684745516066882, 4684745516066882, 4684745516066882, 4684745516066882, 4684745516066882, 4684745516066882, 4684745516066882, 4684745516066882, 4684745516066882, 4684745516066882, 4684745516066882, 4684745516066882, 4684745516066882, 4684745516066882, 4684745516066882, 4684745516066882, 4684745516066882, 4684745516066882, 4684745516066882, 4684745516066882, 4684745516066882, 4684745516066882, 4684745516066882, 4684745516066882, 4684745516066882, 4684745516066882, 4684745516066882, 4684745516066882, 4684745516066882, 4684745516066882, 4684745516066882, 4684745516066882, 4684745516066882, 4684745516066882, 4684745516066882, 4684745516066882, 4684745516066882, 4684745516066882, 4684745516066882, 4684745516066882, 4684745516066882, 4684745516066882, 4684745516066882, 4684745516066882, 4684745516066882, 4684745516066882, 4684745516066882, 4684745516066882, 4684745516066882, 4684745516066882, 4684745516066882, 4684745516066882, 4684745516066882, 4684745516066882, 4684745516066882, 4684745516066882, 4684745516066883, 4684745516066883, 4684745516066883, 4684745516066883, 4684745516066883, 4684745516066883, 4684745516066883, 4684745516066883, 4684745516066883, 4684745516066883, 4684745516066883, 4684744442325059, 4684744442325059, 4684744442325059, 4684744442325059, 4684744442325059, 4684744442325059, 4684744442325059, 4684744979195971]
[4684745516066882, 4684745516066882, 4684745516066882, 4684745516066882, 4684745516066882, 4684744442325058, 4684744442325058, 4684744442325058, 4684744442325058, 4684744442325058, 4684744442325058, 4684744442325058, 4684744442325058, 4684744442325058, 4684744442325058, 4684744442325058, 4684744442325058, 4684744442325058, 4684744442325058, 4684744442325058, 4684744442325058, 4684744442325058, 4684744442325058, 4684744442325058, 4684744442325186, 4684744442325186, 4684744442325186, 4684744442325186, 4684744442325186, 4684744442325186, 4684744442325058, 4684744442325058, 4684744442325058, 4684744442325058, 4684744442324994, 4684744442324994, 4684744442324994, 4684744442324994, 4684744442324994, 4684744442324994, 4684744442324994, 4684744442324994, 4684744442324994, 4684744442324994, 4684744442324994, 4684744442324994, 4684744442324994, 4684744442324994, 4684744442324994, 4684744442324994, 4684744442324994, 4684744442324994, 4684744442324994, 4684744475879426]
[4684745516066882, 4684745516066882, 4684745516066882, 4684745516066882, 4684745516066882, 4684745516066882, 4684745516066882, 4684745516066882, 4684745516066882, 4684745516066882, 4684745516066882, 4684745516066882, 4684745516066882, 4684745516066882, 4684745516066882, 4684745516066882, 4684745516066882, 4684745516066882, 4684745516066882, 4684745516066882, 4684745516066882, 4684882955020354, 4684882955020354, 4684882955020354, 4684882955020354, 4684882955020354, 181283327649858, 181283327649858, 181283327649858, 181283327649858, 181283327649858, 181283327649858, 181283327649858, 181283327649858, 181283327649858, 181283327649858, 181283327649858, 181283327649858, 181283327649858, 181283327649858, 181283327649858, 181283327649858, 181283327649858, 4684882955020354, 4684882955020354, 4684882955020354, 4684882955020354, 4684882955020354, 4684882955020354, 4684882955020354, 4684882955020354, 4684882955020354, 4684882955020354, 4684882955020354, 4684882955020354, 4684882955020354, 4684882955020354, 4684882955020354, 4684882955020354, 4684882955020354, 4684882955020354, 4684882955020354, 4684882955020354, 4684882955020354, 4684882955020354, 4684882955020354, 4684882955020354, 4684882955020354, 4684882955020354, 4684882955020354, 4684882955020354, 4684882955020354, 4684882955020354, 4684882955020354, 4684882955020354, 4684882955020354, 4684882955020354, 4684882955020354, 4684882955020354, 4684882955020354, 4684882955020354, 4684882955020354, 4684882955020354, 4684882955020354, 4684882955020354, 4684882955020354, 4684882955020354, 4684882955020354, 4684882955020354, 4684882955020354, 4684882955020354, 4684882955020354, 4684882955020354, 4684882955020354, 4684882955020354, 4684882955020354, 4684882955020354, 4684882955020354, 4684882955020354, 4684882955020354, 4684882955020354, 4684882955020354, 4684882955020354, 4684882955020354, 4684882955020354, 4684882955020354, 4684882955020354, 4684882955020354, 4684882955020354, 4684882955020354, 4684882955020354, 4684882955020354, 4684882955020354, 4684882955020354, 4684882955020354, 4684882955020354, 4684882955020354, 4684882955020354, 40713679973984322, 40713679973984322, 40713679973984322, 40713679973984322, 40713679973984322, 40713679973984322, 40713679973984322, 40713679973984322, 40713679973984322, 40713679973984322, 40713679973984322, 40713679973984322, 40713679973984322, 112771274011912258]
[4684745516066882, 4684745516066882, 4684745516066882, 4684745516066882, 4684745516066882, 4684745516066882, 4684745516066882, 4684745516066882, 4684745516066882, 4684745516066882, 4684745516066882, 4684745516066882, 4684745516066882, 4684745516066882, 4684745516066882, 4684745516066882, 4684745516066882, 4684745516066882, 4684745516066882, 4684745516066882, 4684745516066882, 4684745516066882, 4684745516066882, 4684745516066882, 4684745516066882, 4684745516066882, 4684745516066882, 4684745516066882, 4684745516066882, 4684745516066882, 4684745516066882, 4684745516066882, 4684745516066882, 4684745516066882, 4684745516066882, 4684745516066882, 4684745516066882, 4684745516066882, 4684745516066882, 4684745516066882, 4684745516066882, 4684745583175746, 4684745583175746, 4684745583175746, 4684745583175746, 4684745583175746, 4684745583175746, 4684745583175746, 4684745583175746, 4684745583175746, 4684745583175746, 4684745583175746, 4684745583175746, 4684745583175746, 4684745583175746, 4684745583175746, 4684745583175746, 4684745583175746, 4684745583175746, 4684745583175746, 4684745583175746, 4684745583175746, 4684745583175746, 4684745583175746, 4684745583175746, 4684745583175746, 4684745583175746, 4684745583175746, 4684745583175746, 4684745583175746, 4684745583175746, 4684745583175746, 4684745583175746, 4684745583175746, 4684745583175746, 4684745583175746, 4684745583175746, 4684745583175746, 4684745583175746, 4684745583175746, 4684745583175746, 4684745583175746, 4684745583175746, 4684745583175746, 4684745583175746, 4684745583175746, 4684745583175746, 4684745583175746, 4684745583175746, 4684745583175746, 4684745583175746, 4684745583175746, 4684745583175746, 4684745583175746, 4684745583175746, 4684745583175746, 4684745583175746, 4684745583175746, 4684745583175746, 4684745583175746, 4684745583175746, 4684745583175746, 4684745583175746, 4684745583175746, 4684745583175746, 4693541676197954, 4693541676197954, 4693541676197954, 4693541676197954, 4693541676197954, 4693541676197954, 4693541676197954, 4693541676197954, 4693541676197954, 4693541676197954, 4693541676197954, 4693541676197954, 4693541676197954, 4693541676197954, 4693541676197954, 4693541676197954, 4693541676197954, 4693541676197954, 4693541676197954, 4693541676197954, 4693541676197954, 4693541676197954, 4693541676197954, 4693541676198082]
[4684745516066882, 4684745516066882, 4684745516066882, 4684745516066882, 4684745516066882, 4684745516066882, 4684745516066882, 4684745516066882, 4684745516066882, 4684745516066882, 4684745516066882, 4684745516066882, 4684745516066882, 4684745516066882, 4684745516066882, 4684745516066882, 4684745516066882, 4684745516066882, 5247695469488194, 5247695469488194, 4684745516066882, 4684745516066882, 4684745516066882, 4684745516066882, 4684745516066882, 4684745516066882, 4684745516066882, 4684745516066882, 4684745516066882, 4684745516066882, 4684745516066882, 4684745516066882, 4684745516066882, 4684745516066882, 4684745516066882, 4684745516066882, 4684745516066882, 4684745516066882, 4684745516066882, 4684745516066882, 4684745516066882, 4684745516066882, 4684745516066882, 4684745516066882, 4684745516066882, 4684745516066882, 4684745516066882, 4684745516066882, 4684745516066882, 4684745516066882, 4684745516066882, 4684745516066882, 4684745516066882, 4684745516066882, 4684745516066882, 4684745516066882, 4684745516066882, 4684745516066882, 4684745516066882, 4684745516066882, 4684745516066882, 4684745516066882, 4684745516066882, 4684745516066882, 4684745516066882, 4684745516066882, 4684745516066882, 4684745516066882, 4684745516066882, 4684745516066882, 4684745516066882, 4684745516066882, 4684745516066882, 4684745516066882, 4684745516066882, 4684745516066882, 4684745516066882, 4684745516066882, 4684745516066882, 4684745516066882, 4684745516066882, 4684745516066882, 4684745516066882, 4684745516066882, 4684745516066882, 4684745516066882, 4684745516066882, 4684745516066882, 4684745516066882, 4684745516066882, 4684745516066882, 4684745516066882, 4684745516066882, 4684745516066882, 4684745516066882, 4684745516066882, 4684745516066882, 4684745516066882, 4684745516066882, 4684745516066882, 4684745516066882, 4684745516066882, 4684745516066882, 4684745516066882, 4684745516066882, 4684745516066882, 4684745516066882, 4684745516066882, 4684745516066882, 4684745516066882, 4684745516066882, 4684745516066882, 4684745516066882, 4684745516066882, 4684745516066882, 4684745516066882, 4684745516066882, 4684745516066882, 4684745516066882, 4684745516066882, 4684745516066882, 4684745516066882, 4684745516066882, 4684745516066882, 4684745516066882, 4684745516066882, 4684745516066882, 4684745516066882, 4684745516066882, 4684745516066882, 4684745516066882, 4684745516066882, 4684745516066882, 4684745516066882, 4684745516066882, 4684745516066882, 4684745516066882, 4684745516066882, 4684745516066882, 4684745516066882, 4684745516066882, 4684745516066882, 4684745516066882, 4684745516066882, 4684745516066882, 4684745516066882, 4684745516066882, 4684745516066882, 4684745516066882, 4684745516066882, 4684745516066882, 4684745516066882, 4684745516066882, 4684745516066882, 4684745516066882, 4684745516066882, 4684745516066882, 4684745516066882, 4684745516066882, 4684745516066882, 4684745516066882, 4684745516066882, 4684745516066882, 4684745516066882, 4684745516066882, 4684745516066882, 4684745516066882, 4684745516066882, 4684745516066882, 4684745516066882, 4684745516066882, 4684745516066882, 4684745516066882, 4684745516066882, 4684745516066882, 4684745516066882, 4684745516066882, 4684745516066882, 4684745516066882, 4684745516066882, 4684745516066882, 4684745516066882, 4684745516066882, 4684745516066882, 4684745516066882, 4684745516066882, 4684745516066882, 4684745516066882, 4684745516066882, 4684745516066882, 4684745516066882, 4684745516066882, 4684745516066882, 4684745516066882, 4684745516066882, 4684745516066882, 4684745516066882, 4684745516066882, 4684745516066882, 4684745516066882, 4684745516066882, 4684745516066882, 4684745516066882, 4684745516066882, 4684745516066882, 4684745516066882, 4684745516066882, 4684745516066882, 4684745516066882, 4684745516066882, 4684745516066882, 4684745516066882, 4684745516066882, 4684745516066882, 4684745516066882, 4684745516066882, 4684745516066882, 4684745516066882, 4684745516066882, 4684745516066882, 4684745516066882, 4684745516066882, 4684745516066882, 4684745516066882, 4684745516066882, 4684745516066882, 4684745516066882, 4684745516066882, 4684745516066882, 4684745516066882, 4684745516066882, 4684745516066882, 4684745516066882, 4684745516066882, 4684745516066882, 4684745516066882, 4684745516066882, 4684745516066882, 4684745516066882, 4684745516066882, 4684745516066882, 4684745516066882, 4684745516066882, 4684745516066882, 4684745516066882, 4684745516066882, 4684745516066882, 4684745516066882, 4684745516066882, 4684745516066882, 4684745516066882, 4684745516066882, 4684745516066882, 4684745516066882, 4684745516066882, 4684745516066882, 4684745516066882, 4684745516066882, 4684745516066882, 4684745516066882, 4684745516066882, 4684745516066882, 4684745516066882, 4702337702111298, 4702337702111298, 4702337702111298, 4702337702111298, 4702337702111298, 4702337702111298, 4702337702111298, 4702337702111298, 4702337702111298, 4702337702111298, 4702337702111298, 4702337702111298, 4702337702111298, 4702337702111298, 4702337702111298, 4702337702111298, 4702337702111298, 4702337702111298, 4702337702111298, 4702337702111298, 4702337702111298, 4702337702111298, 4702337702111298, 4702337702111298, 4702337702111298, 4702337702111298, 4702337702111298, 4702337702111298, 4702337702111298, 4702337702111298, 4702337702111298, 4702337702111298, 4702337702111298, 4702337702111298, 4702337702111298, 4702337702111298, 4702337702111298, 4702337702111298, 4702337702111298, 4702337702111298, 4702337702111298, 4702337702111298, 4702337702111298, 4702337702111298, 4702337702111298, 4702337702111298, 4702337702111298, 4702337702111298, 4702337702111298, 4702337702111298, 4702337702111298, 4702337702111298, 4702337702111298, 4702337702112322, 4702337702112322, 4702337702112322, 4702337702112322, 4702337702112322, 4702337702112322, 4702337702112322, 4702337702112322, 4702337702112322, 4702337702112322, 4702337702112322, 4702337702112322, 4702337702112322, 4702337702112322, 4702337702112322, 4702337702112322, 4702337702112322, 4702337702112322, 4702337702112322, 4702337702112322, 4702337702112322, 4702337702112322, 4702337702112322, 4702337702112322, 4702337702112322, 4702337702112322, 4702337702112322, 4702337702112322, 4702337702112322, 4702337702112322, 4702337702112322, 4702337702112322, 4702337702112322, 4702337702112322, 4702337702112322, 4702337702112322, 4702337702112322, 4702337702112322, 4702337702112322, 4702337702112322, 4702337702112322, 4702337702112322, 4702337702112322, 4702337702112322, 4702337702112322, 4702337702112322, 4702337702112322, 4702337702112322, 4702337702112322, 4702337702112322, 4702337702112322, 4702337702112322, 4702337702112322, 4702337702112322, 4702337702112322, 4702337702112322, 4702337702112322, 4702337702112322, 4702337702112322, 4702337702112322, 4702337702112322, 4702337702112322, 4702337702112322, 4702337702112322, 4702337702112322, 4702337702112322, 4702337702112322, 4702337702112322, 4702337702112322, 4702337702112322, 4702337702112322, 4702337702112322, 4702337702112322, 4702337702112322, 4702337702112322, 4702337702112322, 4702337702112322, 4702337702112322, 4702337702112322, 4702337702112322, 4702337702112322, 4702337702112322, 4702337702112322, 4702337702112322, 4702337702112322, 4702337702112322, 4702337702112322, 4702337702112322, 4702337704209474]
[4684745516066882, 4684745516066882, 4684745516066882, 4684745516066882, 4684745516066882, 4684745516066882, 4684745516066882, 4684745516066882, 4684745516066882, 4684745516066882, 4684745516066882, 4684745516066882, 4684745516066882, 4684745516066882, 4684745516066882, 4684745516066882, 4684745516066882, 4684745516066882, 4684745516066882, 4684745516066882, 4684745516066882, 4684745516066882, 4684745516066882, 4684745516066882, 4684745516066882, 4684745516066882, 4684745516066882, 4684745516066882, 4684745516066882, 4684745516066882, 4684745516066882, 4684745516066882, 4684745516066882, 4684745516066882, 4684745516066882, 4684745516066882, 4684745516066882, 4684745516066882, 4684745516066882, 4684745516066882, 4684745516066882, 4684745516066882, 4684745516066882, 4684745516066882, 4684745516066882, 4684745516066882, 4684745516066882, 4684745516066882, 4684745516066882, 4684745516066882, 4684745516066882, 4684745516066882, 4684745516066882, 4684745516066882, 4684745516066882, 4684745516066882, 4684745516066882, 4684745516066882, 4684745516066882, 4684745516066882, 4684745516066882, 4684745516066882, 4684745516066882, 4684745516066882, 4684745516066882, 4684745516066882, 4684745516066882, 4684745516066882, 4684745516066882, 4684745516066882, 4684745516066882, 4684745516066882, 4684745516066882, 4684745516066882, 4684745516066882, 4684745516066882, 4684745516066882, 4684745516066882, 4684745516066882, 4684745516066882, 4684745516066882, 4684745516066882, 4684745516066882, 4684745516066882, 4684745516066882, 4684745516066882, 4684745516066882, 4684745516066882, 4684745516066882, 4684745516066882, 4684745516066882, 4684745516066882, 4684745516066882, 4684745516066882, 4684745516066882, 4684745516066882, 4684745516066882, 4684745516066882, 4684745516066882, 4684745516066882, 4684745516066882, 4684745516066882, 4684744442325058, 4684744442325058, 4684744442325058, 4684744442325058, 4684744442325058, 4684744442325058, 4684744442325058, 4684744442325058, 4684744442325058, 4684744442325058, 4684744442325058, 4684744442325058, 4684744442325058, 4684744442325058, 4684744442325058, 4684744442325058, 4684744442325058, 4684744442325058, 4684744442325058, 4684744442325058, 4684744442325058, 4684744442325058, 4684744442325058, 5247694395746370, 5247694395746370, 5247694395746370, 5247694395746370, 5247694395746370, 5265286581790786]
[4684745516066882, 4684745516066882, 4684745516066882, 4684745516066882, 4684745516066882, 4684745516066882, 4684745516066882, 4684745516066882, 4684745516066882, 4684745516066882, 4684745516066882, 4684745516066882, 4684745516066882, 4684745516066882, 4684745516066882, 4684745516066882, 4684745516066882, 4684745516066882, 4684745516066882, 4684745516066882, 4684745516066882, 4684745516066882, 4684745516066882, 4684745516066882, 4684745516066882, 4684745516066882, 4684745516066882, 4684745516066882, 4684745516066882, 4684745516066882, 4684745516066882, 4684745516066882, 4684745516066882, 4684745516066882, 4684745516066882, 4684745516066882, 4684745516066882, 4684745516066882, 4684745516066882, 4684745516066882, 4684745516066882, 4684745516066882, 4684745516066882, 4684745516066882, 4684745516066882, 4684745516066882, 4684745516066882, 4684745516066882, 4684745516066882, 4684745516066882, 4684745516066882, 4684745516066882, 4684745516066882, 4684745516066882, 4684745516066882, 4684745516066882, 4684745516066882, 4684745516066882, 4684745516066882, 4684745516066882, 4684745516066882, 4684745516066882, 4684745516066882, 4684745516066882, 4684745516066882, 4684745516066882, 4684745516066882, 4684745516066882, 4684745516066882, 4684745516066882, 4684745516066882, 4684745516066882, 4684745516066882, 4684745516066882, 4684745516066882, 4684745516066882, 4684745516066882, 4684745516066882, 4684745516066882, 4684745516066882, 4684745516066882, 4684745516066882, 4684745516066882, 4684745516066882, 4684745516066882, 4684745516066882, 4684745516066882, 4684745516066882, 4684745516066882, 4684745516066882, 4684745516066882, 4684745516066882, 4684745516066882, 4684745516066882, 4684745516066882, 4684745516066882, 4684745516066882, 4684745516066882, 4684745516066882, 4684745516066882, 4684745516066882, 4684745516066882, 4684745516066882, 4684745516066882, 4684745516066882, 4684745516058690, 4684745516058690, 4684745516058690, 4684745516058690, 4684745516058690, 4684745516058690, 4684745516058690, 4684745516058690, 4684745516058690, 4684745516058690, 4684745516058690, 4684745516058690, 4684745516058690, 4684745516058690, 4684745516058690, 4684745516058690, 4684745516058690, 4684745516058690, 4684745516058690, 4684745516058690, 4684745516058690, 4684745516058690, 4684745516058690, 4684745516058690, 4684745516058690, 4684745516058690, 4684745516058690, 4684745516058690, 4684745516058690, 4684745516058690, 4684745516058690, 4684745516058690, 4684745516058690, 4684745516058690, 4684745516058690, 4684745516058690, 4684745516058690, 4684745516058690, 4684745516058690, 4684745516058690, 4684745516058690, 4684745516058690, 4684745516058690, 4684745516058690, 4684745516058690, 4684745516058690, 4684745516058690, 4684745516058690, 4684745516058690, 4684745516058690, 4684745516058690, 4684745516058690, 4684745516058690, 4684745516058690, 4684745516058690, 4684745516058690, 4684745516058690, 4684745516058690, 4684745516058690, 4684745516058690, 4684745516058690, 4684745516058690, 4684745516058690, 4684745516058690, 4684745516058690, 4684745516058690, 4684745516058690, 4684745516058691, 4684745516058691, 4684745516058691, 4684745516058691, 4684745516058691, 4684745516058691, 4684745516058691, 4684745516058691, 4684745516058691, 4684745516058691, 4684745516058691, 4684745516058691, 4684745516058691, 4684745516058691, 4684745516058691, 4684745516058691, 4684745516058691, 4684745516058691, 4684745516058691, 4684745516058691, 4684745516058691, 4684745516058691, 4684745516058691, 4684745516058691, 4684745516058691, 4684745516058691, 4684745516058691, 4684745516058691, 4684745516058691, 4684745516058691, 4684745516058691, 4684745516058691, 4684745516058691, 4684745516058691, 4684745516058691, 4684745516058691, 4684745516058691, 4684745516058691, 4684745516058691, 4684745516058691, 4680347469547587]
[4684745516066882, 4684745516066882, 4684745516066882, 4684745516066882, 4684745516066882, 4684745516066882, 4684745516066882, 4684745516066882, 4684745516066882, 4684745516066882, 4684745516066882, 4684745516066882, 4684745516066882, 4684745516066882, 4684745516066882, 4684745516066882, 4684745516066882, 4684745516066882, 4684745516066882, 4684745516066882, 4684745516066882, 4684745516066882, 4684745516066882, 4684745516066882, 4684745516066883, 4684745516066883, 4684745516066883, 4684745516066883, 4684745516066883, 4684745516066883, 4684745516066883, 4684747663550531, 4684747663550531, 4684747663550531, 4684747663550531, 4684747663550531, 4684747663550531, 4684747663550531, 4684747663550531, 4684747663550531, 4684747663550531, 4684747663550531, 4684747663550531, 4684747663550531, 4684747663550531, 4684747663550531, 4684747663550531, 4684747671939139]
[4684745516066882, 4684745516066882, 4684745516066882, 4684745516066882, 4684745516066882, 4684745516066882, 4684745516066882, 4684745516066882, 4684745516066882, 4684745516066882, 4684745516066882, 4684745516066882, 4684745516066882, 4684745516066882, 4684745516066882, 4684745516066882, 4684745516066882, 4684745516066882, 4684745516066882, 4684745516066882, 4684745516066882, 4684745516066882, 4684745516066882, 4684745516066882, 4684745516066882, 4684745516066882, 4684745516066882, 4684745516066882, 4684745516066882, 4684745516066882, 4684745516066882, 4684745516066882, 4684745516066882, 4684745516066882, 4684745516066882, 4684745516066882, 4684745516066882, 4684745516066882, 4684745516066882, 4684745516066882, 4684745516066882, 4684745516066882, 4684745516066882, 4684745516066882, 4684745516066882, 4684745516066882, 4684745516066882, 4684745516066882, 4684745516066882, 4684745516066882, 4684745516066882, 4684745516066882, 4684745516066882, 4684745516066882, 4684745516066882, 4684745516066882, 4684745516066882, 4684745516066882, 4684745516066882, 4684745516066882, 4684745516066882, 4684745516066882, 4684745516066882, 4684745516066882, 4684745516066882, 4684745516066882, 4684745516066882, 4684745516066882, 4684745516066882, 4684745516066882, 4684745516066882, 4684745516066882, 4684745516066882, 4684745516066882, 4684745516066882, 4684745516066882, 4684745516066882, 4684745516066882, 4684745516066882, 4684745516066882, 4684745516066882, 4684745516066882, 4684745516066882, 4684745516066882, 4684745516066882, 4684745516066882, 4684745516066882, 4684745516066882, 4684745516066882, 4684745516066882, 4684745516066882, 4684745516066882, 4684745516066882, 4684745516066882, 4684745516066882, 4684745516066882, 4684745516066882, 4684745516066882, 4684745516066882, 4684745516066882, 4684745516066882, 4684745516066882, 4684745516066882, 4684745516066882, 4684745516066882, 4684745516066882, 4684745516066882, 4684745516066882, 4684745516066882, 4684745516066882, 4684745516066882, 4684745516066882, 4684745516066882, 4684745516066882, 4684745516066882, 4684745516066882, 4684745516066882, 4684745516066882, 4684745516066882, 4684745516066882, 4684745516066882, 4684745516066882, 4684745516066882, 4684745516066882, 4684745516066882, 4684745516066882, 4684745516066882, 4684745516066882, 4684745516066882, 4684745516066882, 4684745516066882, 4684745516066882, 4684745516066882, 4684745516066882, 4684745516066882, 4684745516066882, 4684745516066882, 4684745516066882, 4684745516066882, 4684745516066882, 4684745516066882, 4684745516066882, 4684745516066882, 4684745516066882, 4684745516066882, 4684745516066882, 4684745516066882, 4684745516066882, 4684745516066882, 4684745516066882, 4684745516066882, 4684745516066882, 4684745516066882, 4684745516066882, 4684745516066882, 4684745516066882, 4684745516066882, 4684745516066882, 4684745516066882, 4684745516066882, 4684745516066882, 4684745516066882, 4684745516066882, 4684745516066882, 4684745516066882, 4684745516066882, 4684745516066882, 4684745516066882, 4684745516066882, 4684745516066882, 4684745516066882, 4684745516066882, 4684745516066882, 4684745516066882, 4684745516066882, 4684745516067906, 4684745516067906, 4684745516067906, 4684745516067906, 4684745516067906, 4684745516067906, 4684745516067906, 4684745516067906, 4684745516067906, 4684745516067906, 4684745516067906, 4684745516067906, 4684745516067906, 4684745516067906, 4684745516067906, 4684745516067906, 4684745516067906, 4684745516067906, 4684745516067906, 4684745516067906, 4684745516067906, 4684745516067906, 4684745516066882, 4684745516066882, 4684745516066882, 4684745516066882, 4684745516066882, 4684745516066882, 4684745516066882, 4684745516066882, 4684745516066882, 4684745516066882, 4684745516066882, 4684745516066882, 4684745516066882, 4684745516066882, 4684745516066882, 4684745516066882, 4684745516066882, 4684745516066882, 4684745516066882, 4684745516066882, 4684745516066882, 4684745516066882, 4684745516066882, 4684745516066882, 4684745516067010, 4684745516067010, 4684745516067010, 4684745516067010, 4684745516067010, 4686944539322562, 4686944539322562, 4686944539322434, 4686944539322434, 4686944539322434, 4686944539322434, 4686944539322434, 4686944539322434, 4686944539322434, 4686944539322434, 4686944539322434, 4686944539322434, 4686944539322434, 4686944539322434, 4686944539322434, 4686944539322434, 4686944539322434, 4686944539322434, 4686944539322434, 4686944539322434, 4686944539322434, 4686944539322434, 4686944539322434, 4686944539322434, 4686944539322434, 4686944539322434, 4686944539322434, 4686944539322434, 4686944539322434, 4686944539322434, 4686944539322434, 4704536725366850, 4704536725366850, 4704536725366850, 4704536725366850, 4704536725366850, 4704536725366850, 4704536725366850, 4686944539322434, 4686944539322434, 4686944539322434, 4686944539322442, 4686944539322442, 4686944539322442, 4686944539322442, 4686944539322442, 4686944539322442, 4686944539322442, 4686944539322442, 4686944539322442, 4686944539322442, 4686944539322442, 4686944539322442, 4686944539322442, 4686944539322434, 4686944539322434, 4686944539322434, 4686944539322434, 4686944539322434, 4686944539322434, 4686944539322434, 4686944539322434, 4686944539322434, 4686944539322434, 4686944539322434, 4686944539322434, 4686944539322434, 4686944539322434, 4686944539322434, 4686944539322434, 4686944539322434, 4686944539322434, 4686944539322434, 4686944539322434, 4686944539322434, 4686944539322434, 4686944539322434, 4686944539322434, 4686944539322434, 4686944539322434, 4686944539322434, 4686944539322434, 4686944539322434, 4686944539322434, 4686944539322434, 4686944539322434, 4686944539322434, 4686944539322434, 4686944539322434, 4686944539322434, 4686944539322434, 4686944539322434, 4686944539322434, 4686944539322434, 4686944539322434, 4686944539322434, 4686944539322434, 4686944539322434, 4686944539322434, 4686944539322434, 4686944539322434, 4686944539322434, 4686944539322434, 4686944539322434, 4686944539322434, 4686944539322434, 4686944539322434, 4686944539322434, 4686944539322434, 4686944539322434, 4686944539322434, 4686944539322434, 4686944539322434, 4686944539322434, 4686944539322434, 4686944539322434, 4686944539322434, 4686944539322434, 4686944539322434, 4686944539322434, 4686944539322434, 4686944539322434, 4686944539322434, 4686944539322434, 4686944539322434, 4686944539322434, 4686944539322434, 4686944539322434, 4686944539322434, 4686944539322434, 4686944539322434, 4686944539322434, 4686944539322434, 4686944539322434, 4686944539322434, 4686944539322434, 4686944539322434, 4686944539322434, 4686944539322434, 4686944539322434, 4686944539322434, 4686944539322434, 4686944539322434, 4686944539322434, 4686944539322434, 4686944539322434, 4686944539322434, 4686944539322434, 4686944539322434, 4686943465580610, 4686943465580610, 4686943465580610, 4686943465580610, 4686943465580610, 4686943465580610, 4686943465580610, 4686943465580610, 4686943465580610, 4686943465580610, 4686943465580610, 4686943465580610, 4686943465580610, 4686943465580610, 4686943465580610, 4686943465580610, 4686943465580610, 183343838210114]
[4684745516066882, 4684745516066882, 4684745516066882, 4684746052937794, 4684746052937794, 4684746052937794, 4684746052937794, 4684746052937794, 4684746052937794, 4684746052937794, 4684746052937794, 4684746052937922, 4684746052938946]
[4684745516066882, 4684745516066882, 4684745516066882, 4684745516066882, 4684745516066882, 4684745516066882, 4684745516066882, 4684745516066882, 4684745516066882, 4684745516066882, 4684745516066882, 4684745516066882, 4684745516066882, 4684745516066882, 4684745516066882, 4684745516066882, 4684745516066882, 4684745516066882, 4684745516066882, 4684745516066882, 4684745516066882, 4684745516066882, 4684745516066882, 4684745516066882, 4684745516066882, 4684745516066882, 4684745516067010, 4684745516067010, 4684745516067010, 4684745516067010, 4684745516067010, 4684745516067010, 4684745516067010, 4684745516067010, 4684745516067010, 4684745516067010, 4684745516067010, 4684745516067010, 4684745516067010, 4684745516067010, 4684745516067010, 4684745516067010, 4684745516067010, 4684745516067010, 4684745516067010, 4684745516067010, 4684745516067010, 4684745516068034, 4684745516068034, 4684745516068034, 4684745516068034, 4684745516068034, 4684745516068034, 4684745516068034, 4684745516068034, 4684745516068034, 4684745516068034, 4684745516068034, 4684745516068034, 4684745516068034, 4684745516068034, 4684745516068034, 4684745516068034, 4684745516068034, 4684745516068034, 4684745516068034, 4684745516068034, 4684745516068034, 4684745516068034, 4684745516068034, 4684745516068034, 4684745516068034, 4684745516068034, 4684745516068034, 4684745516068034, 4684745516068034, 4684745516068034, 4684745516068034, 4684745516068034, 4684745516068034, 4684745516068034, 4684745516068034, 4684745516068034, 4684745516068034, 4684745516068034, 4684745516068034, 4684745516068034, 4684745516068034, 4684745516068034, 4684745516068034, 4684745516068034, 4684745516068034, 4684745516068034, 4684745516068034, 4684745516067906, 4684745516067906, 4684745516067906, 4684745516067906, 4684745516067906, 4684745516067906, 4684745516067906, 4684745516067906, 4684745516067906, 4684745516067906, 4684745516067906, 4684745516067906, 4684745516067906, 4684745516067906, 4684745516067906, 4684745516067906, 4684745516067906, 4684745516067906, 4684745516067906, 4684745516067906, 4684745516067906, 4684745516067906, 4684745516067906, 4684745516067906, 4684745516067906, 4684745516067906, 4684745516067906, 4684745516067906, 4684745516067906, 4684745516067906, 4684745516067906, 4684745516067906, 4684745516067906, 4684745516067906, 4684745516067906, 4684745516067906, 4684745516067906, 4684745516067906, 4684745516067906, 4684745516067906, 4684745516067906, 4684745516067906, 4684745516067906, 4684744442326082, 4684744442326082, 4684744442326082, 4684744442326082, 4684744442326082, 4684744442326082, 4684744442326082, 4684744442326082, 4684744442326082, 4684744442326082, 4684744442326082, 4684744442326082, 4684744442326082, 4684744442326082, 4684744442326082, 4684744442326082, 4684744442326082, 4684744442326082, 4684744442326082, 4684744442326082, 4684744442326082, 4684744442326082, 4684744442326082, 4684744442326082, 4684744442326082, 4684744442326082, 4684744442326082, 4684744442326082, 4684744442326082, 4684744442326082, 4684744442326082, 4684744442326082, 4684744442326082, 4684744442326210]
[4684745516066882, 4684745516066882, 4684745516066882, 4684745516066882, 4684745516066882, 4684745516066882, 4684745516066882, 4684745516066882, 4684745516066882, 4684745516066882, 4684745516066882, 4684745516066882, 4684745516066882, 4684745516066882, 4684745516066882, 4684745516066882, 4684745516066882, 4684745516066882, 4684745516066882, 4684745516066882, 4684745516066882, 4684745516066882, 4684745516066882, 4684745516066882, 4684745516066882, 4684745516066882, 4684745516066882, 4684745516066882, 4684745516066882, 4684745516066882, 4684745516066882, 4684745516066882, 4684745516066882, 4684745516066882, 4684745516066882, 4684745516066882, 4684745516066882, 4684745516066882, 4684745516066882, 4684745516066882, 4684745516066882, 4684745516066882, 4684745516066882, 4684745516066882, 4684745516066882, 4684745516066882, 4684745516066882, 4684745516066882, 4684745516066882, 4684745516066882, 4684745516066882, 4684745516066882, 4684745516066882, 4684745516066882, 4684745516066882, 4684745516066882, 4684745516066882, 4684745516066882, 4684745516066882, 4684745516066882, 4684745516066882, 4684745516066882, 4684745516066882, 4684745516066882, 4684745516066882, 4684745516066882, 4684745516066882, 4684745516066882, 4684745516066882, 4684745516066882, 4684745516066882, 4684745516066882, 4684745516066882, 4684745516066882, 4684745516066882, 4684745516066882, 4684745516066882, 4684745516066882, 4684745516066882, 4684745516066882, 4684745516066882, 4684745516066882, 4684745516066882, 4684745516066882, 4684745516066882, 4684745516066882, 4684745516066882, 4684745516066882, 4684745516066882, 4684745516066882, 4684745516066882, 4684745516066882, 4684745516066882, 4684745516066882, 4684745516066882, 4684745516066882, 4684745516066882, 4684745516066882, 4684745516066882, 4684745516066882, 4684745516066882, 4684745516066882, 4684745516066882, 4684745516066882, 4684745516066882, 4684745516066882, 4684745516066882, 4684745516066882, 4684745516066882, 4684745516066882, 4684745516066882, 4684745516066882, 4684745516066882, 4684745516066882, 4684745516066882, 4684745516066882, 4684745516066882, 4684745516066882, 4684745516066882, 4684745516066882, 181145888696386, 181145888696386, 4684745516066882, 4684745516066882, 4684745516066882, 4684745516066882, 4684745516066882, 4684745516066882, 4684745516066882, 4684745516066882, 4684745516066882, 4684745516066882, 4684745516066882, 4684745516066882, 4684745516066882, 4684745516066882, 4684745516066882, 4684745516066882, 4684745516066882, 4684745516066882, 4684745516066882, 4684745516066882, 4684745516066882, 4684745516066882, 4684745516066882, 4684745516066882, 4684745516066882, 4684745516066882, 4684745516066882, 4684745516066882, 4684745516066882, 4684745516066882, 4684745516066882, 4684745516066882, 4684745516066882, 4684745516066882, 4684745516066882, 4684745516066882, 4684745515018306, 4684745515018306, 4684745515018306, 4684745515018306, 4684882953971778, 4684882953971778, 4684882953971778, 4684882953971778, 4684882953971778, 4684882953971778, 4684882953971778, 4684882953971778, 4684882953971778, 4684882953971778, 22699281463453762]
[4684745516066882, 4684745516066882, 4684745516066882, 4684745516066882, 4684745516066882, 4684745516066882, 4684745516066882, 4684745516066882, 4684745516066882, 4684745516066882, 4684745516066882, 4684745516066882, 4684745516066882, 4684745516066882, 4684745516066882, 4684745516066882, 4684745516066882, 4684745516066882, 4684745516066882, 4684745516066882, 4684745516066882, 4684745516066882, 4684745516066882, 4684745516066882, 4684745516066882, 4684745516066882, 4684745516066882, 4684745516066882, 4684745516066882, 4684745516066914, 4684745516066914, 4684745516066914, 4684745516066914, 4684745516066914, 4684745516066914, 4684745516066914, 4684745516066914, 4684745516066914, 4684745516066914, 4684745516066914, 4684745516066914, 4684745516066914, 4684745516066914, 4684745516066914, 4684745516066914, 4684745516066914, 4684745516066914, 4684745516066914, 4684745516066914, 4684745516066914, 4684745516066914, 4684745516066914, 4684745516066914, 4684745516066914, 4684745516066914, 4684745516066914, 4684745516066914, 4684745516066914, 4684745516066914, 4684745516066914, 4684745516066914, 4684745516066914, 4684745516066914, 4684745516066914, 4684745516066914, 4684745516066914, 4684745516066914, 4684882955020386, 4684882955020386, 4684882955020386, 4684882955020386, 4684882955020386, 4684882955020386, 4684882955020386, 4684882955020386, 4684882955021410]
[4684745516066882, 4684745516066882, 4684745516066882, 4684745516066882, 4684745516066882, 4684745516066882, 4684745516066882, 4684745516066882, 4684745516066882, 4684745516066882, 4684745516066882, 4684745516066882, 4684745516066882, 4684745516066882, 4684745516066882, 4684745516066882, 4684745516066882, 4684745516066882, 4684745516066882, 4684745516066882, 4684745516066882, 4702337702111298, 4702337702111298, 4702337702111298, 4702337702111298, 4702337702111298, 4702337702111298, 4702337702111298, 4702337702111298, 4702337702111298, 4702337702111298, 4702337702111298, 4702337702111298, 4702337702111298, 4702337702111298, 4702337702111298, 4702337702111298, 4702337702111298, 4702337702111298, 4702337702111298, 4702337702111298, 4702337702111298, 4702337702111298, 4702337702111298, 4702337702111298, 4702337702111298, 4702337702111298, 4702337702111298, 4702337702111298, 4702337702111298, 4702337702111298, 4702337702111298, 4702337702111298, 4702337702111298, 4702337702111298, 4702337702111298, 4702337702111298, 4702337702111298, 4702337702111298, 4702337702111298, 4702337702111298, 4702337702111298, 4702337702111298, 4702337702111298, 4702337702111298, 4702337702111298, 4702337702111298, 4702337702111298, 4702337702111298, 4702337702111298, 4702337702111298, 4702337702111298, 4702337702111298, 4702337702111298, 4702337702111298, 4702337702111298, 4702337702111298, 4702337702111298, 4702337702111298, 4702337702111298, 4702337702111298, 4702337702111298, 4702337702111298, 4702337702111298, 4702337702111298, 4702337702111298, 4702337702111298, 4702337702111298, 4702337710499906, 4702337710499906, 4702337710499906, 4684745524455490, 4684745524455490, 4684745524455490, 4684745524455490, 4684745524455490, 4684745524455490, 4684745524455490, 4684745524455490, 4684745524455490, 4684745524455490, 4684745524455490, 4684745524455490, 4684745524455490, 4684745524455490, 4684745524455490, 4684745524455490, 4684745524455490, 4684745524455490, 4684745524455490, 4684745524455490, 4684745524455490, 4684745524455490, 4684745524455490, 4684745516066882, 4684745516066882, 4684745516066882, 4684745516066882, 4684745516066882, 4684745516066882, 4684745516066882, 4684745516066882, 4684745516066882, 4684745516066882, 4684745516066882, 4684745516066882, 4684745516066882, 4684745516066882, 4684745516066882, 4684745516066882, 4684745516066882, 4684745516066882, 4684745516066882, 4684745516066882, 4684745516066882, 4684745516066882, 4684745516066882, 4684745516066882, 4684745516066882, 4684745516066882, 4684745516066882, 4684745516066882, 4684745516066882, 4684745516066882, 4684745516066882, 4684745516066882, 4684745516066882, 4684745516066882, 4684745516066882, 4684745516066882, 4684745516066882, 4684745516066882, 4684745516066882, 4684745516066882, 4684745516066882, 4684745516066882, 4684745516066882, 4684745516066882, 4684745516066882, 4684745516066882, 4684745516066882, 4684745516066882, 4684745516066882, 4684745516066882, 4684745516066882, 4684745516066882, 4684745516066882, 4684745516066882, 4684745516066882, 4684745516066882, 4684745516066882, 4684745516066882, 4684745516066882, 4684745516066882, 4684745516066882, 4684745516066882, 4684745516066882, 4684745516066882, 4684745516066882, 4684745516066882, 4684745516066882, 4684745516066882, 4684745516066882, 4684745516066882, 4684745516066882, 4684745516066882, 4684745516066882, 4684745516066882, 4684745516066882, 4684745516066882, 4684745516066882, 4684745516066882, 4684745516066882, 4684745516066882, 4684745516066882, 4684745516066882, 4684745516066882, 4684745516066882, 4684745516066882, 4684745516066882, 4684745516066882, 4684745516066882, 4684745516066882, 4684745516066882, 4684745516066882, 4684745516066882, 4684745516066882, 4684745516066882, 4684745516066882, 4684745516066882, 4684745516066882, 4684745516066882, 4684745516066882, 4684745516066882, 4684745516066882, 4684745516066882, 4684745516066882, 4684745516066882, 4684745516066882, 4684745516066882, 4684745516066882, 4684745516066882, 4684745516066882, 4684745516066882, 4684745516066882, 4684745516066882, 4684745516066882, 4684745516066882, 4684745516066882, 4684745516066882, 4684745516066882, 4684745516066882, 4684745516066882, 4684745516066882, 4684745516066882, 4684745516066882, 4684745516066882, 4684745516066882, 4684745516066882, 4684745516066882, 4684745516066882, 4684745516066882, 4684745516066882, 4684745516066882, 4684745516066882, 4684745516066882, 4684745516066882, 4684745516066882, 4684745516066882, 4684745516066882, 4684745516066882, 4684745516066882, 4684745516066882, 4684745516066882, 4684745516066882, 4684745516066882, 4684745516066882, 4684745516066882, 4684745516066882, 4684745516066882, 4684745516066882, 4684745516066882, 4684745516066882, 4684745516066882, 4684745516066882, 4684745516066882, 4684745516066882, 4684745516066882, 4684745516066882, 4684745516066882, 4684745516066882, 4684745516066882, 4684745516066882, 4684745516066882, 4684745516066882, 4684745516066882, 4684745516066882, 4684745516066882, 4684745516066882, 4684745516066882, 4684745516066882, 4684745516066882, 4684745516066882, 4684745516066882, 4684745516066882, 4684745516066882, 4684745516066882, 4684745516066882, 4684745516066882, 4684745516066882, 4684745516066882, 4684745516066882, 4684745516066882, 4684745516066882, 4684745516066882, 4684745515018306, 4684745515018306, 4684745515018306, 4684745515018306, 4684745515018306, 4684745515018306, 4684745515018306, 4684745515018306, 4684745515018306, 4684745515018306, 4684745515018306, 4684745515018306, 4684745515018306, 4684745515018306, 4684882953971778, 4684882953971778, 4684882953971778, 4684882953971778, 4684882953971778, 4684882953971778, 4684882953971778, 4684882953971778, 4684882953971778, 4684882953971778, 76742476991899714]
[4684745516066882, 4684745516066882, 4684745516066882, 4684745516066882, 4684745516066882, 4684745516066882, 4684745516066882, 4684745516066882, 4684745516066882, 4684745516066882, 4684745516066882, 4684745516066882, 4684745516066882, 4684745516066882, 4684745516066882, 4684745516066882, 4684745516066882, 4684745516066882, 4684745516066882, 4684745516066882, 4684745516066882, 4684745516066882, 4684745516066882, 4684745516066882, 4684745516066882, 4684745516066882, 4684745516066882, 4684745516066882, 4684745516066882, 4684745516066882, 4684745516066882, 4684745516066882, 4684745516066882, 4684745516066882, 4684745516066882, 4684745516066882, 4684745516066882, 4684745516066882, 4684745516066882, 4684745516066882, 4684745516066882, 4684745516066882, 4684745516066882, 4684745516066882, 4684745516066882, 4684745516066882, 4684745516066882, 4684745516066882, 4684745516066882, 4684745516066882, 4684745516066882, 4684745516066882, 4684745516066882, 4684745516066882, 4684745516066882, 4684745516066882, 4684745516066882, 76742339553994818, 76742339553994818, 76742339553994818, 76742339553994818, 76742339553994818, 76742339553994818, 76742339553994818, 76742339553994818, 76742339553994818, 76742339553994818, 76742339553994818, 76742339553994818, 76742339553994818, 76742339553994818, 77305289507416130, 77305289507416130, 77305289507416130, 77305289507416130, 77305289507416130, 5247695469488194, 5247695469488194, 5247695469488194, 5247695469488194, 5247695469488194, 5247695469488194, 5247695469488194, 5247695469488194, 5247695469488194, 5247695469488194, 5247695469488194, 5247695469488194, 5247695469488194, 5247695469488194, 5247695469488194, 5247695469488194, 5247695469488194, 5247695469488322, 5247695469488322, 5247695469488322, 5247695469488322, 5247695469488322, 5247695469488322, 5247695469488322, 5247695486265538]
[4684745516066882, 4684745516066882, 4684745516066882, 4684745516066882, 4684745516066882, 4684745516066882, 4684745516066882, 4684745516066882, 4684745516066882, 4684745516066882, 4684745516066890, 22699144025548874, 22699144025548874, 22699144025548874, 22699144025548874, 22699144025548874, 22699144025548874, 22699144025548874, 22699144025549002]
[4684745516066882, 4684745516066882, 4684745516066882, 4684745516066882, 4684745516066882, 4684745516066882, 4684745516066882, 4684745516066882, 4684745516066882, 4684745516066882, 4684745516066882, 4684745516066882, 4684745516066882, 4684745516066882, 4684745516066882, 4684745516066882, 4684745516066882, 4684745516066882, 4684745516066882, 4684745516066882, 4684745518164034, 4684745518164034, 4684745518164034, 4684745518164034, 4684745518164034, 4684745518164034, 4684745518164034, 4684745518164034, 4684745518164034, 4684745518164034, 4684745518164034, 4684745518164034, 4684745518164034, 4684745516066882, 4684745516066882, 4684745516066882, 4684745516066882, 4684745516066882, 4684745516066882, 4684745516066882, 4684745516066882, 4684745516066882, 4684745516066882, 4684745516067010, 4684745516067010, 4684745516067010, 4684745516067010, 4684745516068034, 4684745516068034, 4684745516067906, 4684745516067906, 4684745516067906, 4684745516067906, 4684745516067906, 4684745516067906, 4684744442326082, 4684744442326082, 4684744442326082, 4684744442326082, 4684744442326082, 4684744442326082, 4684744442326082, 4684744442326082, 4684744442326082, 4684744442326082, 4684744442326082, 4684744442326082, 4684744442326082, 4684744442326082, 4684744442325058, 4684744442325058, 4684744442325058, 4684744442325058, 4684744442325058, 4684744442325058, 4684744442325058, 4684744442325058, 4684744442325058, 4684744442325058, 4684744442325058, 4684744442325058, 4684744442325058, 4684744442325058, 4684744442325058, 4684744442325058, 4684744442325058, 4684744442325058, 4684745516066882, 4684745516066882, 4684745516066882, 4684745516066882, 4684745516066882, 4684745516066882, 4684745516066882, 4684745516066882, 4684745516066882, 4684745516066882, 4684745516066882, 4684745516066882, 4684745516066882, 4684745516066882, 4684745516066882, 4684745516066882, 4684745516066882, 4684745516066882, 4684745516066882, 4684745516066882, 4684745516066882, 4684745516066882, 4684745516066882, 4684745516066882, 4684745516066882, 4684745516066882, 4684745516066882, 4684745516066882, 4684745516066882, 4684745516066882, 4684745516066882, 4684745516066882, 4684745516066882, 4684745516066882, 4684745516066882, 4684745516066882, 4684745516066882, 4684745516066882, 4684745516066882, 4684745516066882, 4684745516066882, 4684745516066882, 4684745516066882, 4684745516066882, 4684745516067010, 4684745516067010, 4684745516067010, 4684745516067010, 4684745516067010, 4684745516067010, 4684745516067010, 4684745516067010, 4684745516067010, 4684745516067010, 4684745516067010, 4684745516067010, 4684745516067010, 4684745516067010, 4684745516067010, 4684745516067010, 4684745516067010, 4684745516067010, 4684745516067010, 4684745516067010, 4684745516067010, 4684745516067010, 4684745516067010, 4684745516067010, 4684745516067010, 4684745516067010, 4684745516067010, 4684745516067010, 4684745516067010, 4684745516067010, 4684745516067010, 4684745516067010, 4684745516067010, 4684745516067010, 4684745516067010, 4684745516067010, 4684745516067010, 4684745516067010, 4684745516067010, 4684745516067010, 4684745516067010, 4684745516067010, 4684745516067010, 4684745516068034, 4684745516068034, 4684745516068034, 4684745516068034, 4684745516068034, 4684745516068034, 4684745516068034, 4684745516068034, 4684745516068034, 4684745516068034, 4684745516068034, 4684745516068034, 4684745516068034, 4684745516068034, 4684745516068034, 4684745516068034, 4684745516068034, 4684745516068034, 4684745516068034, 4684745516068034, 4684745516068034, 4684745516068034, 4684745516068034, 4684745516068034, 4684745516068034, 4684745516068034, 4684745516068034, 4684745516068034, 4684745516068034, 4684745516068034, 4684745516068034, 4684745516068034, 4684745516068034, 4684745516068034, 4684745516068034, 4684745516068034, 4684745516068034, 4684745516068034, 4684745516068034, 4684745516068034, 4684745516068034, 4684745516068034, 4684745516068034, 4684745516068034, 4684745516068034, 4684745516068034, 4684745516068034, 4684745516068034, 4684745516068034, 4684745516068034, 4684745516068034, 4684745516068034, 4684745516068034, 4684745516068034, 4684745516068034, 4684745516068034, 4684745516068034, 4684745516067906, 4684745516067906, 4684745516067906, 4684745516067906, 4684745516067906, 4684745516067906, 4684745516067906, 4684745516067906, 4684745516067906, 4684745516067906, 4684745516067906, 4684745516067906, 4684745516067906, 4684745516067906, 4684745516067906, 4684745516067906, 4684745516067906, 4684745516067906, 4684745516067906, 4684745516067906, 4684745516067906, 4684745516067906, 4684745516067906, 4684745516067906, 4684745516067906, 4684745516067906, 4684745516067906, 4684745516067906, 4684745516067906, 4684745516067906, 4684745516067906, 4684745516067906, 4684745516067906, 4684745516067906, 4684745516067906, 4684745516067906, 4684745516067906, 4684745516067906, 4684745516067906, 4684745516067906, 4684745516067906, 4684745516067906, 4684745516067906, 4684745516067906, 4684745516067906, 4684745516067906, 4684745516067906, 4684745516067906, 4684745516067906, 4684745516067906, 4684745516067906, 4684745516067906, 5247695469489218, 5247695469489218, 5247695469489218, 5247695469489218, 5247695469489218, 5247695469489218, 5247695469489218, 5247695469489218, 5247695469489218, 5247695469489218, 5247695469489218, 5247695469489218, 5247695469489218, 5247695469489218, 5247695469489218, 5247695469489218, 5247695469489218, 5247695469487170]
[4684745516066882, 4684745516066882, 4684745516066882, 4684745516067010, 4684745516067010, 4684745516067010, 4684745516067010, 4684745516067010, 4684745516067010, 4684745516067010, 4684745516067010, 4684745516067010, 4684745516067010, 4684745516067010, 4684745516067010, 4684745516067010, 4684745516067010, 4684745516067010, 4684745516067010, 4684745516067010, 4684745516067010, 4684745516067010, 4684745516067010, 4684745516067010, 4684745516067010, 4684745516067010, 4684745516067010, 4684745516067010, 4684745516067010, 4684745516067010, 4684745516067010, 4684745516067010, 4684745516067010, 4684745516067010, 4684745516067010, 4684745516067010, 4684745516067010, 4684745516067010, 4684745516067010, 4684745516067010, 4684745516067010, 4684745516067010, 4684745516067010, 4684745516067010, 4684745516067010, 4684745516067010, 4684745516067010, 4684745516067010, 4684745516067010, 4684745516067010, 4684745516067010, 4684745516067010, 4684745516067010, 4684745516067010, 4684745516067010, 4684745516067010, 4684745516067010, 4684745516068034, 4684745516068034, 4684745516068034, 4684745516068034, 4684745516068034, 4684745516068034, 4684745516068034, 4684745516068034, 4684745516068034, 4684745516068034, 4684745516068034, 4684745516068034, 4684745516068034, 4684745516068034, 4684745516068034, 4684745516068034, 4684745516068034, 4684745516068034, 4684745516068034, 4684745516068034, 4684745516068034, 4684745516068034, 4684745516068034, 4684745516068034, 4684745516068034, 4684745516068034, 4684745516068034, 4684745516068034, 4684745516068034, 4684745516068034, 4684745516068034, 4684745516068034, 4684745516068034, 4684745516068034, 4684745516068034, 4684745516068034, 4684745516068034, 4684745516068034, 4684745516068034, 4684745516068034, 4684745516068034, 4684745516068034, 4684745516068034, 4684745516068034, 4684745516068034, 4684745516068034, 4684745516068034, 4684745516067906, 4684745516067906, 4684745516067906, 4684745516067906, 4684745516066882, 4684745516066882, 4684745516066882, 4684745516066882, 4684745516066882, 4684745516066882, 4684745516066882, 4684745516066882, 4684745516066882, 4684745516066882, 4684745516066882, 4684745516066882, 4684745516066882, 4684745516066882, 4684745516066882, 4684745516066882, 4684745516066882, 4684745516066882, 4684745516066882, 4684745516066882, 4684745516066882, 4684745516066882, 22699144025548866, 22699144025548866, 22699144025548866, 22699144025548866, 22699144025548866, 22699144025548866, 22699144025548866, 22699144025548866, 22699144025548866, 22699144025548866, 22699144025548866, 22699144025548866, 22699144025548866, 22699144025548866, 22699144025548866, 4684745516066882, 4684745516066882, 4684745516066882, 4684745516066882, 4684745516066882, 4684745516066882, 4684745516066882, 4684745516066882, 4684745516066882, 4684745516066882, 4684745516066882, 4684745516066882, 4684745516066882, 4684745516066882, 4684745516066882, 4684745516066882, 4684745516066882, 4684745516066882, 4684745516066882, 4684745516066882, 4684745516066882, 4684745516066882, 4684745516066882, 4684745516066882, 4684745516066882, 4684745516066882, 4684745516066882, 4684745516066882, 4684745516066882, 4684745516066882, 4684745516066882, 4684745516066882, 4684745516066882, 4684745516066882, 4684745516066882, 4684745516066882, 4684745516066882, 4684745516066882, 4684745516066882, 4684745516066882, 4684745516066882, 4684745516066882, 4684745516066882, 4684745516066882, 4684745516066882, 4684745516066882, 4684745516066882, 4684745516066882, 4684745516066882, 4684745516066882, 4684745516066882, 4684745516066882, 4684745516066882, 4684745516066882, 4684745516066882, 4684745516066882, 4684745516066882, 4684745516066882, 4684745516066882, 4684745516066882, 4684745516066882, 4684745516066882, 4684745516066882, 4684745516066882, 4684745516066882, 4684745516066882, 4684745516066882, 4684745516066882, 4684745516066882, 4684745516066882, 4684745516066882, 4684745516066882, 4684745516066882, 4684745516066882, 4684745516066882, 4684745516066882, 4684745516066882, 4684745516066882, 4684745516066882, 4684745516066882, 4684745516066882, 4684745516066882, 4684745516066882, 4684745516066882, 4684745516066882, 4684745516066882, 4684745516066882, 4684745516066882, 4684745516066882, 181145888696386, 181145888696386, 181145888696386, 181145888696386, 181145888696386, 181145888696386, 181145888696386, 181145888696386, 181145888696386, 181145888696386, 181145888696386, 181145888696386, 181145888696386, 181145888696386, 181145888696386, 181145888696386, 181145888696386, 181145888696386, 181145888696386, 181145888696386, 181145888696386, 181145888696386, 181145888696386, 181145888696386, 181145888696386, 181145888696386, 181145888696386, 181145888696386, 181145888696386, 181145888696386, 181145888696386, 181145888696386, 181145888696386, 181145888696386, 181145888696386, 181145888696386, 181145888696386, 181145888696386, 181145888696386, 181145888696386, 181144814954562, 181144814954562, 181144814954562, 181144814954562, 181144814954562, 181144814954562, 181144814954562, 181144814954562, 181144814954562, 181144814954562, 181144814954562, 181144814954562, 181144814954562, 181144814954562, 181144814954562, 181144814954562, 181144814954562, 181144814954562, 181144814954562, 181144814954562, 181144814954562, 181144814954562, 181144814954562, 181144814954562, 181144814954562, 181144814954562, 181144814954562, 181144814954562, 181144814954562, 181144814954562, 181144814954562, 181144814954562, 181144814954562, 181144814954562, 181144814954562, 181144814954562, 181144814954562, 181144814954498]
[4684745516066882, 4684745516066882, 4684745516066882, 4684745516066882, 4684745516066882, 4684745516066882, 4684745516066882, 4684745516066882, 4684745516066882, 4684745516066882, 4684745516066882, 4684745516066882, 4684745516066882, 4684745516066882, 4684745516066882, 4684745516066882, 4684745516066882, 4684745516066882, 4684745516066882, 4684745516066882, 4684745516066882, 4684745516066882, 4684745516066882, 4684745516066882, 4684745516066882, 4684745516066882, 4684745516066882, 4684745516066882, 4684745516066882, 4684745516066882, 4684745516066882, 4684745516066882, 4684745516066882, 4684745516066882, 4684745516066882, 4684745516066882, 4684745516066882, 4684745516066882, 4684745516067010, 4684745516067010, 4684745516067010, 4684745516067010, 4684745516067010, 4684745516067010, 4684745516067010, 4684745516067010, 4684745516067010, 4684745516067010, 4684745516067010, 4684745516067010, 4684745516067010, 4684745516067010, 4684745516067010, 4684745516067010, 4684745516067010, 4684745516067010, 4684745516067010, 4684745516067010, 4684745516067010, 4684745516067010, 4684745516067010, 4684745516067010, 4684745516067010, 4684745516067010, 4684745516067010, 4684745516067010, 4684745516067010, 4684745516067010, 4684745516067010, 4684745516067010, 4684745516067010, 4684745516067010, 4684745516067010, 4684745516067010, 4684745516067010, 4684745516067010, 4684745516066882, 4684745516066882, 4684745516066882, 4684745516066882, 4684745516066882, 4684745516066882, 4684745516066882, 4684745516066882, 4684745516066882, 4684745516066882, 4684745516066882, 4684745516066882, 4684745516066882, 4684745516066882, 4684745516066882, 4684745516066882, 4684745516066882, 4684745516066882, 4684745516066882, 4684745516066882, 4684745516066882, 4684745516066882, 4684745516066882, 4684745516066882, 4684745516066882, 4684745516066882, 4684745516066882, 4684745516066882, 4684745516066882, 4684745516066882, 4684745516066882, 4684745516066882, 4684745516066882, 4684745516066882, 4684745516066882, 4684745516066882, 4684745516066882, 4684745516066882, 4684745516066882, 4684745516066882, 4684745516066882, 4684745516066882, 4684745516066882, 5247695469488194, 5247695469488194, 5247695469488194, 5247695469488194, 5247695469488194, 5247695469488194, 5247695469488194, 5247695469488194, 5247695469488194, 5247695469488194, 5247695469488322, 5265287655532738]
[4684745516066882, 4684745516066882, 4684745516066882, 4544008027711554, 4544008027711554, 4544008027711554, 4544008027711554, 4544008027711554, 4544008027711554, 4544008027711554, 4544008027711554, 4544008027711554, 4544008027711554, 4544008027711554, 4544008027711554, 4544008027711554, 4544008027711554, 4544008027711554, 4544008027711554, 4544008027711554, 4544008027711554, 4544008027711554, 4544008027711554, 4544008027711554, 4544008027711554, 4544008027711554, 4544008027711554, 4544008027711554, 4544008027711554, 4544008027711554, 4544008027711554, 4544008027711554, 4544008027711554, 4544008027711554, 4544008027711554, 4544008027711554, 4544008027711554, 4544008027711554, 4544008027711554, 4544008027711554, 4544008027711554, 4544008027711554, 4544008027711554, 4544008027711554, 4544008027711554, 4544008027711554, 4544008027711554, 4544008027711554, 4544008027711554, 4544008027711554, 22558406537193538, 22558406537193538, 22558406537193538, 22558406537193538, 22558406537193538, 22558406537193538, 22558406537193538, 22558406537193538, 22558406537193538, 22558406537193538, 22558406537193538, 22558406537193538, 22558406537193538, 22558406537193538, 22558406537193538, 22558406537193538, 22558406537193538, 22558406537193538, 22558406537193538, 22558406537193538, 22558406537193538, 23121356490614850]
[4684745516066882, 4684745516066882, 4684745516066882, 4684745516066882, 4684745516066882, 4684745516066882, 4684745516066882, 4684745516066882, 4684745516066882, 4684745516066882, 4684745516066882, 4684745516066882, 4684745516066882, 4684745516066882, 4684745516066882, 4684745516066882, 4684745516066882, 4684745516066882, 4684745516066882, 4684745516066882, 4684745516066882, 4684745516066882, 4684745516066882, 4684745516066914, 4684745516066914, 4684745516066914, 4684745516066914, 4684745516066914, 4684745516066914, 4684745516066914, 4684745516066914, 4684745516066914, 5247695469488226, 5247695469488226, 5247695469488226, 5247695471585378]
[4684745516066882, 4684745516066882, 4684745516066882, 4684745516066882, 4684745516066882, 4684745516066882, 4684745516066882, 4684745516066882, 4684745516066882, 4684745516066882, 4684745516066882, 4684745516066882, 4684745516066882, 4684745516066882, 4684745516066882, 4684745516066882, 4684745516066882, 4684745516066882, 4684745516066882, 4684745516066882, 4684745516066882, 4684745516066882, 4684745516066882, 4684745516066882, 4684745516066882, 4684745516066882, 4684745516066882, 4684745516066882, 4684745516066882, 4684745516066882, 4684745516066882, 4684745516066882, 4684745516066882, 4684745516066882, 4684745516066882, 4684745516066882, 4684745516066882, 4684745516066882, 4684745516066882, 4684745516066882, 4684745516066882, 4684745516066882, 4684745516066882, 4684745516066882, 4684745516066882, 4684745516066882, 4684745516066882, 4684745516066882, 4684745516066882, 4684745516066882, 4684745516066882, 4684745516066882, 4684745516066882, 4684745516066882, 4684745516066882, 4684745516066882, 4684745516066882, 4684745516066882, 4684745516066882, 4693541609089090, 4693541609089090, 4693541609089090, 4693541609089090, 4693541609089218, 4693541609089218, 4693541609089218, 4693541609089218, 4693541609089218, 4693541609089218, 4693541609089218, 4693541609089218, 4693541609089218, 4693541609089218, 4693541609089218, 4693541609089218, 4693541609089218, 4693541609089218, 4693541609089218, 4693541609089218, 4693541609089218, 4693541609089218, 4693541609089218, 4693541609089218, 4693541609089218, 4693541609089218, 4693541609089218, 4693541609089218, 4693541609089218, 4684745516067010, 4684745516067010, 4684745516067010, 4684745516067010, 4684745516067010, 4684745516067010, 4684745516067010, 4684745516067010, 4684745516067010, 4684745516067010, 4684745516067010, 4684745516068034, 4684745516068034, 4684745516068034, 181145888697538]
[4684745516066882, 4684745516066882, 4684745516066882, 4684745516066882, 4684745516066882, 4684745516066882, 4684745516066882, 4684745516066882, 4684745516066882, 4684745516066882, 4684745516066882, 4684745516066882, 4684745516066882, 4684745516066882, 4684745516066882, 4684745516066882, 4684745516066882, 4684745516066882, 4684745516066882, 4684745516066882, 4684745516066882, 4684745516066882, 4684745516066882, 4684745516066882, 4684745516066882, 4684745516066882, 4684745516066882, 4684745516066882, 4684745516066882, 4684745516066882, 4684745516066882, 4684745516066882, 4684745516066882, 4684745516066882, 4684745516066882, 4684745516066882, 4684745516066882, 4684745516066882, 4684745516066882, 4684745532844098, 4684779892582466, 4684779892582466, 4684779892582466, 4684779892582466, 4684779892582466, 4684779892582466, 4684779892582466, 4684779892582466, 4684779892582466, 4684779892582466, 4684779892582466, 4684779892582466, 4684779892582466, 4684779892582466, 4684779892582466, 4684779892582466, 4684779892582466, 4684779892582466, 4684779892582466, 4684779892582466, 4684779892582466, 4684779892582466, 4684779892582466, 4684779892582466, 4684779892582466, 4684779892582466, 4684779892582466, 4684779892582466, 4684779892582466, 4684779892582466, 4684779892582466, 4684779892582466, 4684779892582466, 4684779892582466, 4684779892582466, 4684779892582466, 4684779892582466, 4684779892582466, 4684779900971074]
[4684745516066882, 4684745516066882, 4684745516066882, 4684745516066882, 4684745516066882, 4684745516066882, 4684745516066882, 4684745516066882, 4684745516066882, 4684745516066882, 4684745516066882, 4684745516066882, 4684745516066882, 4684745516066882, 4684745516066882, 4684745516066882, 4684745516066882, 4684745516066882, 4684745516066882, 4684745516066882, 4684745516066882, 4684745516066882, 4684745516066882, 4684745516066882, 4684745516066882, 4684745516066882, 4684745516066882, 4684745516066882, 4684745516066882, 4684745516066882, 4684745516066882, 4684745516066882, 4684745516066882, 4684745516066882, 4684745516066882, 4684745516066882, 4684745516066882, 4684745516066882, 4684745516066882, 4684745516066882, 4684745516066882, 4684745516066882, 4684745516066882, 4684745516066882, 4684745516066882, 4684745516066882, 4684745516066882, 4684745516066882, 4684745516066882, 4684745516066882, 4684745516066882, 4684745516066882, 4684745516066882, 4684745516066882, 4684745516066882, 4684745516066882, 4684745516066882, 4684745516066882, 4684745516066882, 4684745516066882, 4684745516066882, 4684745516066882, 4684745516066882, 4684745516066882, 4684745516066882, 4684745516066882, 4684745516066882, 4684745516066882, 4684745516066882, 4684745516066882, 4684745516066882, 4684745516066882, 4684745516066882, 4684745516066882, 4684745516066882, 4684745516066882, 4684745516066882, 4684745516066882, 4684745516066882, 4684745516066882, 4684745516066882, 4684745516066882, 4684745516066882, 4684745516066882, 4684745516066882, 4684745516066882, 4684745516066882, 4684745516066882, 4684745516066882, 4684745516066882, 4684745516066882, 4684745516066882, 4684745516066882, 4684745516066882, 4684745516066882, 4684745516066882, 4684745516066882, 4684745516066882, 4684745516066882, 4684745516066882, 4684745516066882, 4684745516066882, 4684745516066882, 4684745516066882, 4684745516066882, 4684745516066882, 4684745516066882, 4684745516066882, 4684745516066882, 4684745516066882, 4684745516066882, 4684745516066882, 4684745516066882, 4684745516066882, 4684745516066882, 4684745516066882, 4684745516066882, 4684745516066882, 4684745516066882, 4684745516066882, 4684745516066882, 4684745516066882, 4684745516066882, 4684745516066882, 4684745516066882, 4684745516066882, 4684745516066882, 4684745516066882, 4684745516066882, 4684745516066882, 4684745516066882, 4684745516066882, 4684745516066882, 4684745516066882, 4684745516066882, 4684745516066882, 4684745516066882, 4684745516066882, 4684745516066882, 4684745516066882, 4684745516066882, 4684745549621314, 4684745549621314, 4684745549621314, 4684745549621314, 4684745549621314, 4684745549621314, 4684745549621314, 4684745549621314, 4684745549621314, 4684745549621314, 4684745549621314, 4684745549621314, 4684745549621314, 4684745549621314, 4684745549621314, 4684745549621314, 4684745549621314, 4684745549621314, 4684745549621314, 4684745549621314, 4684745549621314, 4684745549621314, 4684745549621314, 4684745549621314, 4684745549621314, 4684745549621314, 4684745549621314, 4684745549621314, 4684745549621314, 4684745549621314, 4684745549621314, 4684745549621314, 4684745549621314, 4684745549621314, 4684745549621314, 4684745549621314, 4684745549621314, 4684745549621314, 4684745549621314, 4684745549621314, 4684745549621314, 4684745549621314, 4684745549621314, 4684745549621314, 4684745549621314, 4684745549621314, 4684745549621314, 4684745549621314, 4684745549621314, 4684745549621314, 4684745549621314, 4684745549621314, 4684745549621314, 4684745549621314, 4684745549621314, 4684745549621314, 4684745549621314, 4684745549621314, 4684745549621314, 4684745549621314, 4684745549621314, 4684745549621314, 4684745549621314, 4684745549621314, 4684745549621314, 4684745549621314, 4684745549621314, 4684745549621314, 4684745549621314, 4684745516066882, 4684745516066882, 4684745516066882, 4684745516066882, 4684745516066882, 4684745516066882, 4684745516066882, 4684745516066882, 4684745516066882, 4684745516066882, 4684745516066882, 4684745516066882, 4684745516066882, 4684745516066882, 4684745516066882, 4684745516066882, 4684745516066882, 4684745516066882, 4684745516066882, 4684745516066882, 4684745516066882, 4684745516066882, 4684745516066882, 4684745516066882, 4684745516066882, 4684745516066882, 4684745516066882, 4684745516066882, 4684745516066882, 4684745516066882, 4684745516066882, 4684745516066882, 4684745516066882, 4684745516066882, 4684745516066882, 4684745516066882, 4684745516066882, 4684745516066882, 4684745516066882, 4684745516066882, 4684745516066882, 4684745516066882, 4684745516066882, 4684745516066882, 4684745516066882, 4684745516066882, 4684745516066882, 4684745516066882, 4684745516066882, 4684745516066882, 4684745516066882, 4684745516066882, 4684745516066882, 4684745516066882, 4684745516066882, 4684745516066882, 4684745516066882, 4684745516066882, 4684745516066882, 4684745516066882, 4684745516066882, 4684745516066882, 4684745516066882, 4684745516066882, 4684745516066882, 4684745516066882, 4684745516066882, 4684745516066882, 4684745516066882, 4684745516066882, 4684745516066882, 4684745516066882, 4684745516066882, 4684745516066882, 4684745516066882, 4684745516066882, 4684745516066882, 4684745516066882, 4684745516066882, 4684745516066882, 4684745516066882, 4684745516066882, 4684745516066882, 4684745516066882, 4684745516066882, 4684745516066882, 4684745516066882, 4684745516066882, 4684745516066882, 4684745516066882, 4684745516066882, 4684745516066882, 4684745516066882, 4684745516066882, 4684745516066890, 4684745516066890, 4684745516066890, 4684745516066890, 4684745516066890, 4684745516066890, 4684745516066890, 4684745516066890, 4684745516066890, 4684745516066890, 4684745516066890, 4684745516066890, 4684745516066890, 4684745516066890, 4684745516066890, 4684745516066890, 4684745516066890, 4684745516066890, 4684745516066890, 4684745516066890, 4684745516066890, 4684745516066890, 4684745516066890, 4684745516066890, 4684745516066890, 4684745516066890, 4684745516066890, 4684745516066890, 4684745516066890, 4684745516066890, 4684745516066890, 4684745516066890, 4684745516066890, 4684745516066890, 4684745516066890, 4684745516066890, 4684745516066890, 4684745516066890, 4684745516066890, 4684745516066890, 4684745516066890, 4684745516066890, 4684745516066890, 4684745516066890, 4684745516066890, 4684745516066890, 4684745516066890, 4684745516066890, 4684745516066890, 4684745516066890, 4684745516066890, 4684745516066890, 4684745516066890, 4684745516066890, 4684745549621322, 4684745549621322, 4684745549621322, 4684745549621322, 4684745549621322, 4684745549621322, 4684745549621322, 4684745549621322, 4684745549621322, 4684745549621322, 4684745549621322, 4684745549621322, 4684745549621322, 4684745549621322, 4684745549621322, 4684745549621322, 4684745549621322, 4684745549621322, 4684745549621322, 4684745549621322, 4684745549621322, 4684745549621322, 4684745549621322, 4684745549621322, 4684745549621322, 4684745549621322, 4684745549621322, 4684745549621322, 4684745549621322, 4684745549621322, 4684745549621322, 4684745549621322, 4684745549621322, 4684745549621322, 4684745549621322, 4684745549621322, 4684745549621322, 4684745549621322, 4684745549621322, 4684745549621322, 4684745549621322, 4684745549621322, 4684745549621322, 4684745516066890, 4684745516066890, 4684745516066890, 4684745516066890, 4684745516066890, 4684745516066890, 4684745516066890, 4684745516066890, 4684745516066890, 4684745516066890, 4684745516066890, 4684745516066890, 4684745516066890, 4684745516066890, 4684745516066890, 4684745516066890, 4684745516066890, 4684745516066890, 4684745516066890, 4684745516066890, 4684745516066890, 4684745516066890, 4684745516066890, 4684745516066890, 4684745516066890, 4684745516066890, 4684745516066890, 4684745516066890, 4684745516066890, 4684745516066890, 4684745516066890, 4684745516066890, 4684745516066890, 4684745516066890, 4684745516066890, 4684745516066890, 4684745516066882, 4684745516066882, 4684745516066882, 4684745516066882, 4684745516066882, 4684745516066882, 4684745516066882, 4684745516066882, 4684745516066882, 4684745516066882, 4684745516066882, 4684745516066882, 4684745516066882, 4684745516066882, 4684745516066882, 4684745516066882, 4684745516066882, 4684745516066882, 4684745516066882, 4684745516066882, 4684745516066882, 4684745516066882, 4684745516066882, 4684745516066882, 4684745516066882, 4684745516066882, 4684745516066882, 4684745516066882, 4684745516066882, 4684745516066882, 4684745516066882, 4684745516066882, 4684745516066882, 4684745516066882, 4684745516066882, 4684745516066882, 4684745516066882, 4684745516066882, 4684745516066882, 4684745516066882, 4684745516066882, 4684745516066882, 4684745516066882, 4684745516066882, 4684745516066882, 4684745516066882, 4684745516066882, 4684745516066882, 4684745516066882, 4684745516066882, 4684745516066882, 4684745516066882, 4684745516066882, 4684745516066882, 4684745516066882, 4684745516066882, 4684745516066882, 4684745516066882, 4684745516066882, 4684745516066882, 4684745516066882, 4684745516066882, 4684745516066882]
[4684745516066882, 4684745516066882, 4684745516066882, 4684745583175746, 4684745583175746, 4684745583175746, 4684745583175746, 4684745583173698, 4684745583173698, 4684745583173698, 4684745583173698, 4684745583173698, 4684745583173698, 4684745583173698, 4684745583173698, 4684745583173698, 4684745583173698, 4684745583173698, 4684745583173698, 4684745583173698, 4684745583173698, 4684745583173698, 4684745583173698, 4684745583173698, 4684745583173698, 4684745583173698, 4684779942912066]
[4684745516066882, 4684745516066882, 4684745516066882, 4684745516066882, 4684745516066882, 4684745516066882, 4684745516066882, 4684745516066882, 4684745516066882, 4684745516066882, 4684745516066882, 4684745516066882, 4684745516066882, 4684745516066882, 4684745516066882, 4684745516066882, 4684745516066882, 4684745516066882, 4684745516066882, 4684745516066882, 4684745516066882, 4684745516066882, 4684745516066882, 4684745516066882, 4684745516066882, 4684745516066882, 4684745516066882, 4684745516066882, 4684745516066882, 4684745516066882, 4684745516066882, 4684745516066882, 4684745516066882, 4684745516066882, 4684745516066882, 4684745516066882, 4684745516066882, 4684745516066882, 4684745516066882, 4684745516066882, 4684745516066882, 4684745516066882, 4684745516066882, 4684745516066882, 4684745516066882, 4684745516066882, 4684745516066882, 4684745516066882, 4684745516066882, 4684745516066882, 4684745516066882, 4684745516066882, 4684745516066882, 4684745516066882, 4684745516066882, 4684745516066882, 4684745516066882, 4684745516066882, 4684745516066882, 4684745516066882, 4684745516066882, 4684745516066882, 4684745516066882, 4684745516066882, 4684745516066882, 4684745516066890, 4684745516066890, 4684745516066890, 4684745516066890, 4684745516066890, 4684745516066890, 4684745516066890, 4684745516066890, 4684745516066890, 4684745516066890, 4684745516066890, 4684745524455498, 4684745524455498, 4684745524455498, 4684745524455490, 4684745524455490, 4684745524455490, 4684745524455490, 4684745524455490, 4684745524455490, 4684745524455490, 4684745524455490, 4684745524455488, 4684745524455488, 4684745524455488, 4684745524455488, 4684745524455488, 4684745524455488, 4684745524455488, 4684745524455488, 4684745524455488, 4684745524455488, 4684745524455488, 4684745524455488, 4684745524455488, 4684745524455488, 4684745524455488, 4684745524455488, 4684745524455488, 4684745524455488, 4684745524455488, 4684745524455488, 4684745524455488, 4684745524455488, 4684745524455488, 4684745524455488, 4684745524455488, 4684745524455488, 4684745524455488, 4684745516066880, 4684745516066880, 4684745516066880, 4684745516066880, 4684745516066880, 4684745516066880, 4684745516066880, 4684745516066880, 4684745516066880, 4684745516066880, 4684745516066880, 4684745516066880, 4684745516066880, 4684745516066880, 4684745516066880, 4684745516066880, 4684745516066880, 4684745516066880, 4684745516066880, 4684745516066880, 4684745516066880, 4684745516066880, 4684745516066880, 4684745516066880, 4684745516066880, 4684745516066880, 4684745516066880, 4684745516066880, 4684745516066880, 4684745516066880, 4684745516066880, 4684745516058688, 4684745516058688, 4684745516058688, 4684745516058688, 4684745516058688, 4684745516058688, 4684745516058688, 4684745516058688, 4684745516058688, 4684745516058688, 4684745516058688, 4684745516058688, 4684745516058688, 4684745516058688, 22699144025540672]
[4684745516066882, 4684745516066882, 4684745516066882, 4684745516066882, 4684745516066882, 4684745516066882, 4684745516066882, 4684745516066882, 4684745516066882, 4684745516066882, 4684745516066882, 4684745516066882, 4684745516066882, 4684745516066882, 4684745516066882, 4684745516066882, 4684745516066882, 4684745516066882, 4684745516066882, 4684745516066882, 4684745516066882, 4684745516066882, 4684745516066882, 4684745516066882, 4684745516066882, 4684745516066882, 4684745516066882, 4684745516066882, 4684745516066882, 4684745516066882, 4684745516066882, 4684745516066882, 4684745516066882, 4684745516066882, 4684745516066882, 4684745516066882, 4684745516066882, 4684745516066882, 4684745516066882, 4684745516066882, 4684745516066882, 4684745516066882, 4684745516066882, 4684745516066882, 4684745516066882, 4684745516066882, 4684745516066882, 4684745516066882, 4684745516066882, 4684745516066882, 4684745516066882, 4684745516066882, 4684745516066882, 4684745516066882, 4684745516066882, 4684745516066882, 4684745516066882, 4684745516066882, 4684745516066882, 4684745516066882, 4684745516066882, 4684745516066882, 4684745516066882, 4684745516066882, 4684745516066882, 4684745516066882, 4684745516066882, 4684745516066882, 4684745516066882, 4684745516066882, 4684745516066882, 4684745516066882, 4684745516066882, 4684745516066882, 4684745516066882, 4684745516066882, 4684745516066882, 4684745516066882, 4684745516066882, 4684745516066882, 4684745516066882, 4684745516066882, 4684745516066882, 4684745516066882, 4684745516066882, 4684745516066882, 4684745516066882, 4684745516066882, 4684745516066882, 4684745516066882, 4684745516066882, 4684745516066882, 4684745516066882, 4684745516066882, 4684745516066882, 4684745516066882, 4684745516066882, 4684745516066882, 4684745516066882, 4684745516066882, 181145888696386, 40408400341058, 40408400341058, 40408400341058, 40408400341058, 40408400341058, 40408400341058, 40408400341058, 40408400341058, 40408400341058, 40408400341058, 40408400341058, 40408400341058, 40408400341058, 40408400341058, 40408400341058, 40408400341058, 40408400341058, 40408400341058, 40408400341058, 40408400341058, 40408400341058, 40408400341058, 40408400341058, 40408400341058, 40408400341058, 40408400341058, 40408400341058, 40408400341058, 40408400341058, 40408400341058, 40408400341058, 40408400341058, 40408400341058, 40408400341058, 40408400341058, 40408400341058, 40408400341058, 40408400341058, 40408400341058, 40408400341058, 40408400341058, 40408400341058, 40408400341058, 40408400341058, 40408400341058, 40408400341058, 40408400341058, 40408400341058, 40408400341058, 40408400341058, 40408400341058, 40407326599234]
[4684745516066882, 4684745516066882, 4684745516066882, 4684745516066882, 4684745516066882, 4684745516066882, 4684745516066882, 4684745516066882, 4684745516066882, 4684745516066882, 4684745516066882, 4684745516066882, 4684745516066882, 4684745516066882, 4684745516066882, 4684745516066882, 4684745516066882, 4684745516066882, 4684745516066882, 4684745516066882, 4684745516066882, 4684745516066882, 4684745516066882, 4684745516066882, 4684745516066882, 4684745516066882, 4684745516066882, 4684745516066882, 4684745516066882, 4684745516066882, 4684745516066882, 4684745516066882, 4684745516066882, 4684745516066882, 4684745516066882, 4684745516066882, 4684745516066882, 4684745516066882, 4684745516066882, 4684745516066882, 4684745516066882, 4684745516066882, 4684745516066882, 4684745516066882, 4684745516066882, 4684745516066882, 4684745516066882, 4684745516066882, 4684745516066882, 4684745516066882, 4684745516066882, 4684745516066882, 4684745516066882, 4684745516066882, 4684745516066882, 4684745516066882, 4684745516066882, 4684745516066882, 4684745516066882, 4684745516066882, 4684745516066882, 4684745516066882, 4684745516066882, 4684745516066882, 4684745516066882, 4684745516066882, 4684745516066882, 4684745516066882, 4684745516066882, 4684745516066882, 4684745516066882, 4684745516066882, 4684745516066882, 4684745516066882, 4684745516066882, 4684745516066882, 4684745516066882, 4684745516066882, 4702337702111298, 4702337702111298, 4702337702111306, 4702337702111306, 4702337702111306, 4702337702111306, 22716736211593290]
[4684745516066882, 4684745516066882, 4684745516066882, 4684745516066882, 4684745516066882, 4684745516066882, 4684745516066882, 4684745516066882, 4684745516066882, 4684745516066882, 4684745516066882, 4684745516066882, 4684745516066882, 4684745516066882, 4684745516066882, 4684745516066882, 4684745516066882, 4684745516066882, 4684745516066882, 4684745516066882, 4684745516066882, 4684745516066882, 4684745516066882, 4684745516066882, 4684745516067906, 4684745516067906, 4684745516067906, 4684745516067906, 4684745516067906, 4684745516067906, 4684745516067906, 4684745516067906, 4684745516067906, 4684745516067906, 4684745516067906, 4684745516067906, 4684745516067906, 4684745516067906, 4684745516067906, 4684745516067906, 4684745516067906, 4684745516067906, 4684745516067906, 4684745516067906, 4684745516067906, 4684745516067906, 4684745516067906, 4684745516067906, 4684745516067906, 4684745516067906, 4684745516067906, 4684745516067906, 4684745516067906, 4684745516067906, 4684745516067906, 4684745516067906, 4684745516067906, 4684745516067906, 4684745516067906, 4684745516067906, 4684745516067906, 4684745516067906, 4684745516067906, 4684745516067906, 4684745516067906, 4684745516067906, 4684745516067906, 4684745516067906, 4684745516067906, 4684745516067906, 4684745516067906, 4684745516067906, 4684745516067906, 4684745516067906, 4684745516067906, 4684745516067906, 4684745516067906, 4684745516067906, 4684745516067906, 4684745516067906, 4684745516067906, 4684745516066882, 4684745516066882, 4684745516066882, 4684745516066882, 4684745516066882, 4684745516066882, 4684745516066882, 4684745516066882, 4684745516066882, 4684745516066882, 4684745516066882, 4684745516066882, 4684745516066882, 4684745516066882, 4684745516066882, 4684745516066882, 4684745516066882, 4684745516066882, 4684745516066882, 4684745516066882, 4684745516066882, 4684745516066882, 4684745516066882, 4684745516066882, 4684745516066882, 4684745516066882, 4684745516066882, 4684745516066882, 4684745516066882, 4684745516066882, 4684745516066882, 4684745516066882, 4684745516066882, 4684745516066882, 4684745516066882, 4684745516066882, 4684745516066882, 4684745516066882, 4684745516066882, 4684745516066882, 4684745516066882, 4684745516066882, 4684745516066882, 4684745516066882, 4684745516066882, 4684745516066882, 4684745516066882, 4684745516066882, 4684745516066882, 4684745516066882, 4684745516066882, 4684745516066882, 4684745516066882, 4684745516066882, 22699144025548866, 22699144025548866, 22699144025548866, 22699144025548866, 22699144025548866, 22699144025548866, 22699144025548866, 22699144025548866, 22699144025548866, 22699144025548866, 22699144025548866, 22699144025548866, 22699144025548866, 22699144025548866, 23262093978970178, 23262093978970178, 23262093978970178, 23262093978970178, 23262093978970178, 23262093978970178, 23262093978970178, 23262093978970178, 23262093978970178, 22699144025548866, 22699144025548866, 22699144025548866, 22699144025548866, 22699144025548866, 22699144025548866, 22699144025548866, 22699144025548866, 22699144025548866, 22699144025548866, 22699144025548866, 22699144025548866, 22699144025548866, 22699144025548866, 22699144025548866, 22699144025548866, 22699144025548866, 22699144025548866, 22699144025548866, 22699144025548866, 22699144025548866, 22699144025548866, 22699144025548866, 22699144025548866, 22699144025548866, 22699144025548866, 22699144025548866, 22699144025548866, 22699144025548866, 22699144025548866, 22699144025548866, 22699144025548866, 22699144025548866, 22699144025548866, 22699144025548866, 22699144025548866, 22699144025548866, 22699144025548866, 22699144025548866, 22699144025548866, 22699144025548866, 22699144025548866, 22699144025548866, 22699144025548866, 22699144025548866, 22699144025548866, 22699144025548866, 22699144025548866, 22699144025548866, 22699144025548866, 22699144025548866, 22699144025548866, 22699144025548866, 22699144025548866, 22699144025548866, 22699144025548866, 22699144025548866, 22699144025548866, 22699144025548866, 22699144025548866, 22699144025548866, 22699144025548866, 22699144025548866, 22699144025548866, 22699144025548866, 22699144025548866, 22699144025548866, 22699144025548866, 22699144025548866, 22699144025548866, 22699144025548866, 22699144025548866, 22699144025548866, 22699144025548866, 22699144025549890, 22699144025548866, 22699144025548866, 22699144025548866, 22699144025548866, 22699144025548866, 22699144025548866, 22699144025548866, 22699144025548866, 22699144025548866, 22699144025548866, 22699144025548866, 22699144025548866, 22699144025548866, 22699144025548866, 22699144025548866, 22699144025548866, 22699144025548866, 22699144025548866, 22699144025548866, 22699142951807042, 22699142951807042, 22699142951806978]
[4684745516066882, 4684745516066882, 4684745516066882, 4684745516066882, 4684745516066882, 4684745516066882, 4684745516066882, 4684745516066882, 4684745516066882, 4684745516066882, 4684745516066882, 4684745516066882, 4684745516066882, 4684745516066882, 4684745516066882, 4684745516066882, 4684745516066882, 4684745516066882, 4684745516066882, 4684745516066882, 4684745516066882, 4684745516066882, 4684745516066882, 4684745516066882, 4684745516066882, 4684745516066882, 4684745516066882, 4684745516066882, 4684745516066882, 4684745516066882, 4684745516066882, 4684745516066882, 4684745516066882, 4684745516066882, 4684745516066882, 4684745516066882, 4684745516066882, 4684745516066882, 4684745516066882, 4684745516066882, 4684745524455490, 4684745524455490, 4684745524455490, 4684745524455490, 4684745524456514, 4684745524456514, 4684745524456514, 4684745524456514, 4684745524456514, 4684745524456514, 4684745524456514, 4684745524455490, 4684745524455490, 4684745524455490, 4684745524455490, 4684745516066882, 4684745516066882, 4684745516066882, 4684745516066882, 4684745516066882, 4684745516066882, 4684745516066882, 4684745516066882, 4684745516066882, 4684745516066882, 4684745516066882, 4684745516066882, 181145888696386, 181145888696386, 181145888696386, 181145888696386, 181145888696386, 181145888696386, 181145888696386, 181145888696386, 181145888696386, 181145888696386, 181144814954562, 181144814954562, 4684744442325058, 4684744442325058, 4684744442325058, 4684744442325058, 4684744442325058, 4684744442325058, 4684744442325058, 4684744442325058, 4684744442325058, 4684744442325058, 4684744442325058, 4684744442325058, 4684744442325058, 4684744442325058, 4684744442325058, 4684744442325058, 4684744442325058, 4684744442325058, 4684744442325058, 4684744442325058, 4684744442325058, 4684744442325058, 4684744442325058, 4684744442325058, 4684744442325058, 4684744442325058, 4684744442325058, 4684744442325058, 4684744442325058, 4684744442325058, 181144814954562, 181144814954562, 181144814954562, 181144814954562, 181144814954562, 181144814954562, 181144814954562, 181144814954562, 181144814954562, 181144814954562, 181144814954562, 181144814954562, 181144814954562, 181144814954562, 181144814954562, 181144814954562, 181144814954562, 181144814954562, 181144814954562, 181144814954562, 181144814954562, 181144814954562, 181144814954562, 181144814954562, 181144814954562, 181144814954578]
[4684745516066882, 4684745516066882, 4684745516066882, 4684745516066882, 4684745516066882, 4684745516066882, 4684745516066882, 4684745516066882, 4684745516066882, 4684745516066882, 4684745516066882, 4684745516066882, 4684745516066882, 4684745516066882, 4684745516066882, 4684745516066882, 4684745516066882, 4684745516066882, 4684745516066882, 4684745516066882, 4684745516066882, 4684745516066882, 4684745516066882, 4684745516066882, 4684745516066882, 4684745516066882, 4684745516066882, 4684745516066882, 4684745516066882, 4684745516066882, 4684745516066882, 4684745516066882, 4684745516066883, 4684745516066883, 4684745516066883, 4684745516066883, 4684745516066883, 4684745516066883, 4686944539322435, 4686944539322435, 4686944539322435, 4686944539322435, 4686944539322435, 4686961719191619]
[4684745516066882, 4684745516066882, 4684745516066882, 4684745516066882, 4684745516066882, 4684745516066882, 4684745516066882, 4684745516066882, 4684745516066882, 4684745516066882, 4684745516066882, 4684745516066882, 4684745516066882, 4684745516066882, 4684745516066882, 22699144025548866, 22699144025548866, 22699144025548866, 22699144025548866, 22699144025548866, 22699144025548866, 22699144025548866, 22699144025548866, 22699144025548866, 22699144025548866, 22699144025548866, 22699144025548866, 22699144025548866, 22699144025548866, 22699144025548866, 22699144025548866, 22699144025548866, 22699144025548866, 22699144025548866, 22699144025548866, 22699144025548866, 22699144025548866, 22699144025548866, 22699144025548866, 22699144025548866, 22699144025548866, 22699144025548866, 22699144025548866, 22699144025548866, 22699144025548866, 22699144025548866, 22699144025548866, 22699144025548866, 22699144025548866, 22699144025548866, 22699144025548866, 22699144025548866, 22699144025548866, 22699144025548866, 22699144025548866, 22699144025548866, 22699144025548866, 22699144025548866, 22699144025548866, 22699144025548866, 22699144025548866, 22699144025548866, 22699144025548866, 22699144025548866, 22699144025548866, 22699144025548866, 22699144025548866, 22699144025548866, 22699144025548994, 22699144025548994, 22699144025548994, 22699144025548994, 22699144025548994, 22699144025548994, 22699144025548994, 22699144025548994, 22699144025548994, 22699144025548994, 22699144033937602]
[4684745516066882, 4684745516066882, 4684745516066882, 4684745516066882, 4684745516066882, 4684745516066882, 4684745516066882, 4684745516066882, 4684745516066882, 4684745516066882, 4684745516066882, 4684745516066890, 4684745516067018, 4684745516067018, 4684745516067018, 4684745516067018, 4684745516067018, 4684745516067018, 4684745516067018, 4684745516067018, 4684745516067018, 4684745516067018, 4684745516067018, 4684745516067018, 4684745516067018, 4684745516067018, 4684745516067018, 4684745516067018, 4684745516067018, 4684745516067018, 4684745516067018, 4684745516067018, 4684745516067018, 4684745516067018, 4684745516067018, 4684745516067018, 4684745516067018, 4684745516067018, 4684745516067018, 4684745516067018, 4684745516067018, 4684745516067018, 4684745516067018, 4684745516067018, 4684745516067018, 4684745516067018, 4684745516067018, 4684745516067018, 4684745516067018, 4684745516067018, 4684745516067018, 4684745516067018, 4684745516067018, 4684745516067018, 4684745516067018, 4684745516067018, 4684745516067018, 4684745516067018, 4684745516067018, 4684745516067018, 4684745516067018, 4684745516067018, 4684745516067018, 4684745516067018, 4684745516067018, 4684745516068042]
[4684745516066882, 4684745516066882, 4684745516066882, 4684745516066882, 4684745516066882, 4684745516066882, 4684745516066882, 4684745516066882, 4684745516066882, 4684745516066882, 4684745516066882, 4684745516066882, 4684745516066882, 4684745516066882, 4684745516066882, 4684745516066882, 4684745516066882, 4684745516066882, 4684745516066882, 4684745516066882, 4684745516066882, 4684745516066882, 4684745516066882, 4684745516066882, 4684745516066882, 4684745516066882, 4684745516066882, 4684745516066882, 4684745516066882, 4684745516066882, 4684745516066882, 4684745516066882, 4684745516066882, 4684745516066882, 4684745516066882, 4684745516066882, 4684745516066882, 4684745516066882, 4684745516066882, 4684745516066882, 4684745516066882, 4702337702111298, 4702337702111298, 4702337702111298, 4702337702111298, 4702337702111298, 4702337702111298, 4702337702111298, 4702337702111298, 4702337702111298, 4702337702111298, 4702337702111298, 4702337702111298, 4702337702111298, 4702337702111298, 4702337702111426, 4702337702111426, 4702337702111426, 4702337702111426, 4702337702111426, 4702337702111426, 4702337702111426, 4702337702111426, 4702337702111426, 4702337702111426, 4702337702111426, 4702337702111426, 4702337702111426, 4702337702111426, 4702337702111426, 4702337702111426, 4702337702111426, 4702337702111426, 4702337702111426, 4702337702111426, 4702337702111426, 4702337702112450]
[4684745516066882, 4684745516066882, 4684745516066882, 4684745516066882, 4684745516066882, 4684745516066882, 4684745516066882, 4684745516066882, 4684745516066882, 4684745516066882, 4684745516066882, 4684745516066882, 4684745516066882, 4684745516066882, 4684745516066882, 4684745516066882, 4680347469555778, 4680347469555778, 4680347469555778, 4680347469555778, 4680347469555778, 4680347469555778, 4680347469555778, 4680347469555778, 4680347469555778, 4680347469555778, 4680347469555778, 4680347469555778, 4680347469555778, 4680347469555778, 4680347469555778, 4680347469555778, 4680347469555778, 4680347469555778, 4680347469555778, 4680347469555778, 4680347469555778, 4680347469555778, 4680347469555778, 4680347469555778, 4680347469555778, 4680347469555778, 4680347469555778, 4680347469555778, 4680347469555778, 4680347469555778, 4680347469555778, 4680347469555778, 4680347469555778, 4680347469555778, 4680347469556802, 4680347469556802, 4680347469556802, 4680347469556802, 4680347469556802, 4680347469556802, 4680347469556802, 4680347469556802, 4680347469556802, 4680347469556802, 4680347469556802, 4680347469556802, 4680347469556802, 4680347469556802, 4680347469556802, 4680347469556802, 4684745516067906, 4684745516067906, 4684745516067906, 4684745516067906, 4684745516067906, 4684745516067906, 4684745516067906, 4684745516067906, 4684745516067906, 4684745516067906, 4684745516067906, 4684745516067906, 4684745516067906, 4684745516067906, 4684745516067906, 4684745516067906, 4684745516067906, 4684745516067906, 4684745516067906, 4684745516067906, 4684745516067906, 4684745516067906, 4684745516067906, 4684745516067906, 4684745516067906, 4684745516067906, 4684745516067906, 4684745516067906, 4684745516067906, 4684745516067906, 4684745516067906, 4684745516067906, 4684745516067906, 4684745516067906, 4684745516067906, 4684745516067906, 4684745516067906, 4684745516067906, 4684745516067906, 4684745516067906, 4684745516067906, 4684745516067906, 4684745516067906, 4684745516067906, 4684745516067906, 4684745516067906, 4684745516067906, 4684745516067906, 4684745516067906, 4684745516067906, 4684745516067906, 4684745516067906, 4684745516067906, 4684745516067906, 4684745516067906, 4684745516067906, 4684745516067906, 4684745516067906, 4684745516067906, 4684745516067906, 4684745516067906, 4684745516067906, 4684745516067906, 4684745516067906, 4684745516067906, 4684745516067906, 4684745516067906, 4684745516067906, 4684745516065858, 4684745516065858, 4684745516065858, 4684745516065858, 4684745516065858, 4684745516065858, 4684745516065858, 4684745516065858, 4684745516065858, 4684745516065858, 4684745516065858, 4684745516065858, 4684745516065858, 4684745516065858, 4684745516065858, 4684745516065858, 4684745516065858, 4684745516065858, 4684745516065858, 4684745516065858, 4684745516065858, 4684745516065858, 4684745516065858, 4684745516065858, 4684745516065858, 4684745516065858, 4684745516065858, 4684745516065858, 4684745516065858, 4684745516065858, 4680347469554754]
[4684745516066882, 4684745516066882, 4684745516066882, 4684745516066882, 4684745516066882, 4684745516066882, 4684745516066882, 4684745516066882, 4684745516066882, 4684745516066882, 4684745516066882, 4684745518164034, 4684745518164034, 4684745518164034, 4684745518164034, 4684745518164034, 4684745518164034, 4684745518164034, 4684745518164034, 4684745518164034, 4684745518164034, 4684745518164034, 4684745518164034, 4684745518164034, 4684745518164034, 4684745518164034, 4684745518164034, 4684745518164034, 4684745518164034, 4684745518164034, 4684745518164034, 4684745518164034, 4684745518164162, 4684745518164162, 4684745518164162, 4684745518164162, 4684745518164162, 4684745518164162, 4684745518164162, 4684745518164162, 4684745518164162, 4684745518164162, 4684745518164162, 4684745518164162, 4684745518164162, 4684745518164162, 4684745518165186]
[4684745516066882, 4684745516066882, 4684745516066882, 4684745516066882, 4684745516066882, 4684745516066882, 4684745516066882, 4684745516067010, 4684745516067010, 4684745516067010, 4684745516067010, 4684745516067010, 4684745516067010, 4684745516067010, 4684745516067010, 4684745516067010, 4684745516067010, 4684745516067010, 4684745516067010, 4684745516067010, 4684745516067010, 4684745516067010, 4684745516067010, 4684745516067010, 4684745516067010, 4684745516067010, 4684745516067010, 4684745516067010, 4684745516067010, 4684745516067010, 4684745516067010, 4684745516067010, 4684745516067010, 4684745516067010, 4684745516067010, 4684745516067010, 4684745516067010, 4684745516067010, 22699144025548994, 22699144025550018]
[4684745516066882, 4684745516066882, 4684745516066882, 4684745516066882, 4684745516066882, 4684745516066882, 4684745516066882, 4684745516066882, 4684745516066882, 4684745516066882, 4684745516066882, 4684745516066882, 4684745516066882, 4684745516066882, 4684745516066882, 4684745516066882, 4684745516066882, 4684745516066882, 4684745516066882, 4684745516066882, 4684745516066882, 4684745516066882, 4684745516066882, 4684745516066882, 4684745516066882, 4684745516066882, 4684745516066882, 4684745516066882, 4684745516066882, 4684745516066882, 4684745516066882, 4684745516066882, 4684745516066882, 4684745516066882, 4684745516066882, 4684745516066882, 4684745516066882, 4684745516066882, 4684745516066882, 4684745516066882, 4684745516066882, 4684745516066882, 4684745516066882, 4684745516066882, 4684745516066882, 4684745516066882, 4684745516066882, 4684745516066882, 4684745516066882, 4684745516066882, 4684745516066882, 4684745516066882, 4684745516066882, 4684745516066882, 4684745516066882, 4684745516066882, 4684745516066882, 4684745516066882, 4684745516066882, 181145888696386, 181145888696386, 181145888696386, 181145888696386, 181145888696386, 181145888697410, 181145888697410, 181145888697410, 181145888697410, 181145888697410, 181145888697410, 181145888697410, 181145888697410, 181145888697410, 181145888697410, 181145888697410, 181145888697410, 181145888697410, 181145888696386, 181145888696386, 181145888696386, 181145888696386, 181145888696386, 181145888696386, 181145888696386, 181145888696386, 181145888696386, 181144814954562, 181144814954562, 181144814954562, 181144814954562, 181144814954562, 181144814954562, 181144814954562, 181144814954562, 181144814954562, 181144814954562, 181144814954562, 181144814954562, 181144814954562, 181144814954562, 181144814954562, 181144814954562, 181144814954562, 181144814954562, 181144814954562, 181144814954562, 181144814954562, 181144814954562, 181144814954562, 181144814954562, 181144814954562, 181144814954562, 181144814954562, 181144814954562, 181144814954562, 181144814954562, 181144814954562, 181144814954562, 181144814954562, 181144814954562, 181144814954562, 181144814954562, 181144814954562, 181144814954562, 181144814954562, 181144814954562, 181144814954562, 181144814954562, 181144814954562, 181144814954562, 181144814954562, 181144814954562, 181144814954562, 181144814954562, 181144814954562, 181144814954562, 181144814954562, 181144814954562, 181144814954562, 181144814954562, 181144814954562, 181144814954562, 181144814954562, 181144814954562, 181144814954562, 181144814954562, 181144814954562, 181144814954562, 181144814954562, 181144814954562, 744094768375874]
[4684745516066882, 4684745516066882, 4684745516066882, 4684745516066882, 4684745516066882, 4684745516066882, 4684882955020354, 4684882955020354, 4684882955020354, 4684882955020354, 4684882955020354, 4684882955020354, 4684882955020354, 4684882955020354, 4684882955020354, 4684882955020354, 4684882955020354, 4684882955020354, 4684882955020354, 4684882955020354, 4684882955020354, 4684882955020354, 4684882955020354, 4684882955020354, 4684882955020354, 4684882955020354, 4684882955020354, 4684882955020354, 4684882955020354, 4684882955020354, 4684882955020354, 4684882955020354, 4684882955020354, 4684882955020354, 4684882955020354, 4684882955020354, 4684882955020354, 4684882955020354, 4684882955020354, 4684882955020354, 4684891544954946, 4684891544954946, 4684891544954946, 4684891544954946, 4684891544954946, 4684891578509378]
[4684745516066882, 4684745516066882, 4684745516066882, 4684745516066882, 4684744442325058, 4684744442325058, 4684744442325058, 4684744442325058, 4702336628369474, 4702336628369474, 4702336628369474, 4702336628369474, 4702336628369474, 4702336628369474, 4702336628369474, 4702336628369474, 4702336628369474, 4702336628369474, 4702336628369474, 4702336628369474, 4702336628369474, 4702336628369474, 4702336628369474, 4702336628369602]
[4684745516066882, 4684745516066882, 4684745516066882, 4684745516066882, 4684745516066882, 4684745516066882, 4684745516066882, 4684745516066882, 4684745516066882, 4684745516066882, 4684745516066882, 4684745516066882, 4684745516066882, 4684745516066882, 4684745516066882, 4684745516066882, 4684745516066882, 4684745516066882, 4684745516066882, 4684745516066882, 4684745516066882, 4684745516066882, 4684745516066882, 4684745516066882, 4684745516066882, 4684745516066882, 4684745516066882, 4684745516066882, 4684745516066882, 4684745516066882, 4684745516066882, 4684745516066882, 4684745516066882, 4684745516066882, 4684745516066882, 4684745516066882, 4684745516066882, 4684745516066882, 4684745516066882, 4684745516066882, 4684745516066882, 4684745516066882, 4684745516066882, 4684745516066882, 4684745516066882, 4684745516067010, 4684745516067010, 4684745516067010, 4684745516067010, 4684745516067010, 4684745516067010, 4684745516067010, 4684745516067010, 4684745516067010, 4684745516067010, 4684745516067010, 4684745516067010, 4684745516067010, 4684745516067010, 4684745516067010, 4684745516067010, 4684745516067010, 4684745516067010, 4702337702111426, 4702337702111426, 4702337702111426, 4702337702111426, 4702337702111426, 4702337702111426, 4702337702111426, 4702337702111426, 4702337702111426, 4702337702111426, 4702337702111426, 4702337702111426, 4702337702111426, 4702337702111426, 4702337702111426, 4702337702111426, 4702337702111426, 4702337702111426, 4702337702111426, 4702337702111426, 4702337702111426, 4702337702111426, 4702337702111426, 4702337702111426, 4702337702111426, 4702337702111426, 4702337702111426, 4684745516067010, 4684745516067010, 4684745516067010, 4684745516067010, 4684745516067010, 4684745516067010, 4684745516067010, 4684745516067010, 4684745516067010, 4684745516067010, 4684745516067010, 4684745516067010, 4684745516067010, 4684745516067010, 4684745516067010, 4684745516067010, 4684745516067010, 4684745516067010, 4684745516067010, 4684745516067010, 4684745516067010, 6936545329752258, 6936545329752258, 6936545329752258, 6936545329752258, 6936545329752258, 6936545329752258, 6936545329752258, 6936545329752258, 6936545329752258, 6936545329752258, 6936545329752258, 6936545329752258, 6936545329752258, 6936545329752258, 6936545329752258, 6936545329752258, 6936545329752258, 6936545329752258, 6936545329752258, 6936545329752258, 6936545866623170]
[4684745516066882, 4684745516066882, 4684745516066882, 4684745516066882, 4684745516066882, 4684745516066882, 4684745516066882, 4684745516066882, 4684745516066882, 4684745516066882, 4684745516066882, 4684745516066882, 4684745516066882, 4684745516066882, 4684745516066882, 4684745516066882, 4684745516066882, 4684745516066882, 4684745516066882, 4684745516066882, 4684745516066882, 4684745516066882, 4684745516066882, 4684745516066882, 4684745516066882, 4684745516066882, 4684745516067906, 4684745516067906, 4684745516067906, 4684745516067906, 4684745524456514, 4684745524456514, 4684745524456514, 4684745524456514, 4684745524456514, 4684745524456514, 4684745524456514, 4684745524456514, 4684745524456514, 4684745524456514, 4684745524456514, 4684745524456514, 4684745524456514, 4684745524456514, 4684745524456514, 4684745524456514, 4684745524456514, 4684745524456514, 4684745524456514, 4684745524456514, 4684745524456514, 4684745524456514, 4684745524456514, 4684745524456514, 4684745524456514, 4684745524456514, 4684745524456514, 13691944779197506]
[4684745516066882, 4684745516066882, 4684745516066882, 4684745516066882, 4684745516066882, 4684745516066882, 4684745516066882, 4684745516066882, 4684745516066882, 4684745516066882, 4684745516066882, 4684745516066882, 4684745516066882, 4684745516066882, 4684745516066882, 4684745516066882, 4684745516066882, 4684745518164034, 4684745518164034, 4684745518164034, 4684745518164034, 4684745518164034, 4684745518164034, 4684745518164034, 4684745518164034, 4684745518164034, 4684745518164034, 4684745518164034, 4684745518164034, 4684745518164034, 4684745518164034, 4684745518164034, 4684745518164034, 4684745518164034, 4684745518164034, 4684745518164034, 4684745518164034, 4684745518164034, 4684745518164034, 4684745518164034, 4684745518164034, 4684745518164034, 4684745518164034, 4684745518164034, 4684745518164034, 4684745518164034, 4684745518164034, 4684745518164034, 4684745518164034, 4684745518164034, 4684745518164034, 4684745518164034, 4684745518164034, 4684745518164034, 4684745518164034, 4684745518164034, 181145890793538, 181145890793538, 181145890793538, 181145890793538, 181145890793538, 181145890793538, 181145890793538, 181145890793538, 181214610270274]
[4684745516066882, 4684745516066882, 4684745516066882, 4684745516066882, 4684745516066882, 4684745516066882, 4684745516066882, 4684745516066882, 4684745516066882, 4684745516066882, 4684745516066882, 4684745516066882, 4684745516066882, 4684745516066882, 4684745516066882, 4684745516066882, 4684745516066882, 4684745516066882, 4684745516066882, 4684745516066882, 4684745516066882, 4684745516066882, 4684745516066882, 4684745516066882, 4684745516066882, 4684746052937794, 4684746052937794, 4684746052937794, 4684746052937794, 4684746052937794, 4684746052937794, 4684746052937794, 4684746052937794, 4684746052937794, 4684746052937794, 4684746052937794, 4684746052937794, 4684746052937794, 4684746052937794, 4684746052937794, 4684745516066882, 4684745516066882, 4684745516066882, 4684745516066882, 4684745516066882, 4684745516066882, 4684745516066882, 4684745516066882, 4684745516066882, 4684745516066882, 4684745516066882, 4684745516066882, 4684745516066882, 4684745516066882, 4684745516066882, 4684745516066882, 4684745516066882, 4684745516066882, 4684745516066882, 4684745516066882, 4684745516066882, 4684745516066882, 4684745516066882, 4684745516066882, 4684745516066882, 4684745516066882, 4684745516066882, 4684745516066882, 4684745516066882, 4684745516066882, 4684745516066882, 4684745516066882, 4684745516066882, 4684745516066882, 4684745516066882, 4684745516066882, 4684745516066882, 4684745516066882, 4684745516066882, 4684745516066882, 4684745516066882, 4684745516066882, 4684745516066882, 4684745516066882, 4684745516066882, 4684745516066882, 4684745516066882, 4684745516066882, 4684745516066882, 4684745516066882, 4684745516066882, 4684745516066882, 4684745516066882, 4684745516066882, 4684745516066882, 4684745516066882, 4684745516066882, 4684745516066882, 4684745516066882, 4684745516066882, 4684745516066882, 4684745516066882, 4684745516066882, 4684745516066882, 4684745516066882, 4684745516066882, 4684745516066882, 5247695469488194, 5247695469488194, 5247695469488194, 5247695469488194, 5247695469488194, 5247695469488194, 5247695469488194, 5247695469488194, 5247695469488194, 5247695469488194, 5247695469488194, 5247695469488194, 5247695469488194, 5247695469488194, 5247695469488194, 5247695469488194, 5247695469488194, 5247695469488194, 5247695469488194, 5247694395746370, 5247694395746370, 5247694395746370, 5247694395746370, 5247694395746306]
[4684745516066882, 4684745516066882, 4684745516066882, 4684745516066882, 4684745516066882, 4684745516066882, 4684745516066882, 4684745516066882, 4684745516066882, 4684745516066882, 4684745516066882, 4684745516066882, 4684745516066882, 4684745516066882, 4684745516066882, 4684745516066882, 4684745516066882, 4684745516066882, 4684745516066882, 4684745516066882, 4684745516066882, 4684745516066882, 4684745516066882, 4684745516066882, 4684745516066882, 4684745516066882, 4684745516066882, 4684745516066882, 4684745516066882, 4684745516066882, 4684745516066882, 4684745516066882, 4684745516066882, 4684745516066882, 4684745516066882, 4684745516066882, 4684745516066882, 4684745516066882, 4684745516066882, 4684745516066882, 4684745516066882, 4684745516066882, 5247695469488194, 5247695469488194, 5247695469488194, 4684745516066882, 4684745516066882, 4684745516066882, 4684745516066882, 4684745516066882, 4684745516066882, 4684745516066882, 4684745516066882, 4684745516066882, 4684745516066882, 4684745516066882, 4684745516066882, 4684745516066882, 4684745516066882, 4684745516066882, 4684745516066882, 4684745516066882, 4684745516066882, 4684745516066882, 4684745516066882, 4684745516066882, 4684745516066882, 4684745516066882, 4684745516066882, 4684745516066882, 4684745516066882, 4684745516066882, 4684745516066882, 4684745516066882, 4684745516066882, 4684745516066882, 4684745516066882, 4684745516066882, 4684745516066882, 4684745516066882, 4684745516066882, 4684745516066882, 4684745516066882, 4684745516066882, 4684745516066882, 4684745516066882, 4684745516066882, 4684745516066882, 4684745516066882, 4684745516066882, 4684745516066882, 4684745516066882, 4684745516066882, 4684745516066882, 22699144025548866, 22699144025548866, 22699144025548866, 22699144025548866, 22699144025548866, 22699144025548866, 22699144025548866, 22699144025548866, 22699144025548866, 22699144025548866, 22699144025548866, 22699144025548866, 22699144025548866, 22699144025548866, 22699144025548866, 22699144025548866, 22699144025548866, 22699144025548866, 22699144025548866, 22699144025548866, 22699144025548866, 22699144025548866, 22699144025548866, 22699144025548866, 22699144025548866, 22699144025548866, 22699144025548866, 22699144025548866, 22699144025548866, 22699144025548866, 22699144025548866, 22699144025548866, 22699144025548866, 22699144025548866, 22699144025548866, 22699144025548866, 22699144025548866, 22699144025548866, 22699144025548866, 22699144025548866, 22699144025548866, 22699144025548866, 22699144025548866, 22699144025548866, 22699144025548866, 22699144025548866, 22699144025548866, 22699144025548866, 22699144025548866, 22699144025548866, 22699144025548866, 22699144025548866, 22699144025548866, 23262093978970178, 23262093978970178, 23262093978970178, 23262093978970178, 23262093978970178, 23262093978970178, 23262093978970178, 23262093978970178, 23262093978970178, 23262093978970178, 23262093978970178, 23262093978970178, 23262093978970178, 23262093978970178, 23262093978970178, 23262093978970178, 23262093978970178, 23262093978970178, 23262093978970178, 23262093978970178, 23262093978970178, 23262093978970178, 23262093978970178, 23262093978970178, 23262093978970178, 23262093978970178, 23262093978970178, 23262093978970178, 23262093978970178, 23262093978970178, 23262093978970178, 23262093978970178, 23262093978970178, 23262093978970178, 23262093978970178, 23262093978970178, 23262093978970178, 23262093978970178, 23262093978970178, 23262093978970178, 23262093978970178, 23262093978970178, 23262093978970178, 23262093978970178, 23262093978970178, 23262093978970178, 23262093978970178, 23262093978970178, 23262093978970178, 23262093978970178, 23262093978970178, 23262093978970178, 23262093978970178, 23262092905228354]
[4684745516066882, 4684745516066882, 4684745516066882, 4684745516066882, 4684745516066914, 4684745516066914, 4684745516066914, 4684745516066914, 4684745516066914, 4684745516066914, 4684745516066914, 4684745516066914, 4684745516066914, 4684745516066914, 4684745516066914, 4684745516066914, 4684745516066914, 4684745516066914, 4684745516066914, 4684745516066914, 4684745516066914, 4684745516066914, 4684745516066914, 4684745516066914, 4684745516066914, 4684745516066914, 4684745516066914, 4684745516066914, 4684745516066882, 4684745516066882, 4684745516066882, 4684745516066882, 4684745516066882, 4684745516066882, 4684745516066882, 4684745516066882, 4684745516066882, 4684745516066882, 4684745516066882, 4684745516066882, 4684745516066882, 4684745516066882, 4684745516066882, 4684745516066882, 4684745516066882, 4684745516066882, 4684745516066882, 4684745516066882, 4684745516066882, 4684745516066882, 4684745516066882, 4684745516066882, 4684745516066882, 4684745516066882, 4684745516066882, 4684745516066882, 4684745516066882, 4684745516066882, 4684745516066882, 4684745516066882, 4684745516066882, 4684745516066882, 4684745516066882, 4684745516066882, 4684745516066882, 4684745516066882, 4684745516067010, 4684745516067010, 4684745516067010, 4684745516067010, 4684745516067010, 4684745516067010, 4684745516067010, 4684745516067010, 4684745516067010, 4684745516067010, 4684745516067010, 4684745516067010, 4684745516067010, 4684745516067010, 4684745516067010, 4684745516067010, 4684745516067010, 4684745516067010, 4684745516067010, 4684745516067010, 4684745516067010, 4684745516067010, 4684745516067010, 4684745516067010, 4684745516067010, 4684745516068034, 4684745516068034, 4684745516068034, 4684745516068034, 4684745516068034, 4684745516068034, 4684745516068034, 4684745516068034, 4684745516068034, 4684745516068034, 4684745516068034, 4684745516068034, 4684745516068034, 4684745516068034, 4684745516068034, 4684745516068034, 4684745516068034, 4684745516068034, 4684745516068034, 4684745516068034, 4684745516068034, 4684745516068034, 4684745516068034, 4684745516068034, 4684745516068034, 4684745516068034, 4684745516068034, 4684745516067906, 4684745516067906, 4684745516067906, 4684745516067906, 4684745516067906, 4684745516067906, 4684745516067906, 4684745516067906, 4684745516067906, 4684745516067906, 4684745516067906, 4684745516067906, 4684745516067906, 4684745516067906, 4684745516067906, 4684745516067906, 4684745516067906, 4684745516067906, 4684745516067906, 4684745516067906, 4684745516067906, 4684745516067906, 4684745516067906, 4684745516067906, 4684745516067906, 4684745516067906, 4684745516067906, 4684745516067906, 4684745516067906, 4684745516067906, 4684745516067906, 4684745516067906, 4684745516067906, 4684745516067906, 4684745516067906, 4684745516067906, 4684745516067906, 4684745516067906, 22699144025549890, 22699144025549890, 22699144025549890, 22699144025549890, 22699144025549890, 22699144025549890, 22699144025549890, 22699144025549890, 22699144025549890, 22699144025549890, 22699144025549890, 22699144025549890, 23262093978971202]
[4684745516066882, 4684745516066882, 4684745516066882, 4684745516066882, 4684745516066882, 4684745516066882, 4684745516066882, 4684745516066882, 4684745516066882, 4684745516066882, 4684745516066882, 4684745516066882, 4684745516066882, 4684745516066882, 4684746052937794, 4684746052937794, 4684746052937794, 4684746052937794, 4684746052937794, 4684746052937794, 4684746052937794, 4684746052937794, 4684746052937794, 4684746052937794, 4684746052937794, 4684746052937794, 4684746052937794, 4684746052937794, 4684746052937794, 4684746052937794, 4684746052937794, 4684746052937794, 4684746052937794, 4684746052937794, 4684746052937794, 4684746052937794, 4684746052937794, 4684746052937794, 4684746052937794, 4684746052937794, 4684746052937794, 4684746052937794, 4684746052937794, 4684746052937794, 4684746052937794, 4684746052937794, 4684746052937794, 4684746052937794, 4684746052937794, 4684746052937794, 4684746052937794, 4684746052937794, 4684746055034946, 4680348008523842]
[4684745516066882, 4684745516066882, 4684745516066882, 4684745516066882, 4684745516066882, 4684745516066882, 4684745516066882, 4684745516066882, 4684745516066882, 4684745516066882, 4684745516066882, 4684745516066882, 4684745516066882, 4684745516066882, 4684745516066882, 4684745516066882, 4684745516066882, 4684745516066882, 4684745516066882, 4684745516066882, 4684745516066882, 4684745516066882, 4684745516066882, 4684745516066882, 4684745516066882, 4684745516066882, 4684745516066882, 22699144025548866, 22699144025548866, 22699144025548866, 22699144025548866, 22699144025548866, 22699144025548866, 22699144025548866, 22699144025548866, 22699144025548866, 22699144025548866, 22699144025548866, 22699144025548866, 22699144025548866, 22699144025548866, 22699144025548866, 22699144025548866, 22699144025548866, 22699144025548866, 22699144025548866, 22699144025548866, 22699144025548866, 22699144025548866, 22699144025548866, 22699144025548866, 22699144025548866, 22699144025548866, 22699144025548866, 22699144025549890, 22699144562420802]
[4684745516066882, 4684745516066882, 4684745516066882, 4684745516066882, 4684745516066882, 4684745516066882, 4684745516066882, 4684745516066882, 4684745516066882, 4684745516066882, 4684745516066882, 4684745516066882, 4684745516066882, 4684745516066882, 4684745516066882, 4684745516066882, 4684745516066882, 4684745516066882, 4684745516066882, 4684745516066882, 4684745516066882, 4684745516066882, 4684745516066882, 4684745516066882, 4684745516066882, 4684745516066882, 4684745516066882, 4684745516066882, 4684745516066882, 4684745516066882, 4684745516066882, 4684745516066882, 4684745516066882, 4684745516066882, 4684745516066882, 4684745516066882, 4684745516066882, 4684745516066882, 4684745516066882, 4684745516066882, 4684745516066882, 4684745516066882, 4684745516066882, 4684745516066882, 4684745516066882, 4684745516066882, 4684745516066882, 4684745516066882, 4684745516066882, 5247695469488194, 5247695469488194, 5247695469488194, 5265287655532610, 23279686165014594]
[4684745516066882, 4684745516066882, 4684745516066882, 4684745516066882, 4684745516066882, 4684745516066882, 4684745516066882, 4684745516066882, 4684745516066882, 4684745516066882, 4684745516066882, 4684745516066882, 4684745516066882, 4684745516066882, 4684745516066882, 4684745516066882, 4684745516066882, 4684745516066882, 4684745516066882, 4684745516066882, 4684745516066882, 4684745516066882, 4684745516066882, 4684745516066882, 4684745516066882, 4684745516066882, 4684745516066882, 4684745516066882, 4684745516066882, 4684745516066882, 4684745516066882, 4684745516066882, 4684745516066882, 4684745516066882, 4684745516066882, 4684745516066882, 4702337702111298, 4702337702111298, 4702337702111298, 4702337702111298, 4702337702111298, 4702337702111298, 4702337702111298, 4702337702111298, 4702337702111298, 4702337702111298, 4702337702111298, 4702337702111298, 4702337702111298, 4702337702111298, 4702337702111298, 4702337735665730, 4702337735665730, 4702337735665730, 4702337735665730, 4702337735665730, 4702337735665730, 4702337735665730, 4702337735665730, 4702337735665730, 4702337735665730, 4702337735665730, 4702337735665730, 4702337735665730, 4684745549621314, 4684745549621314, 4684745549621314, 4684745549621314, 4684745549621314, 4684745549621314, 4684745549621314, 4684745549621314, 4684745549621314, 4684745549621314, 4684745549621314, 4684745549621314, 4684745549621314, 4684745549621314, 4684745549621314, 4684745549621314, 4684745549621314, 4684745549621314, 4684745549621314, 4684745549621314, 4684745549621314, 4684745549621314, 4684745549621314, 4684745549621314, 4684745549621314, 4684745549621314, 4684745549621314, 4684745549621314, 4684745549621314, 4684745549621314, 4684745549621314, 4684745549621314, 4684745549621314, 4684745549621314, 4684745549621314, 4684745549621314, 4684745549621314, 4684745549621314, 4684745549621314, 4684745549621314, 4684745549621314, 4684745549621314, 4684745549621314, 4684745549621314, 4684745549621314, 4684745549621314, 4684745549621314, 4684745549621314, 4684745549621314, 4684745549621314, 4684745549621314, 4684745549621314, 4684745549621314, 4684745549621314, 4684745549621314, 4684745549621314, 4684745549621314, 4684745549621314, 4684745549621314, 4684745549621314, 4684745549621314, 4684745549621314, 4684745549621314, 4684745549621314, 4684745549621314, 4684745549621314, 4684745549621314, 4684745549621314, 4684745549621314, 4684745549621314, 4684745549621314, 4684745549621314, 4684745549621314, 4684745549621314, 4684745549621314, 4684745549621314, 4684745549621314, 4684745549621314, 4684745549621314, 4684745549621314, 4684745549621314, 4684745549621314, 4684745549621314, 4684745549621314, 4684745549621314, 4684745549621314, 4684745549621314, 4684745549621314, 4684745549621314, 4684745549621314, 4684745549621314, 4684745549621314, 4684745549621314, 4684745549621314, 4684745549621314, 4684745549621314, 4684745549621314, 4684745549621314, 4684745549621314, 4684745549621314, 4684745549621314, 4684745549621314, 4684745549621314, 4684745549621314, 4684745548572738, 4684745548572738, 4684745548572738, 4684745548572738, 4684745548572738, 4684745548572738, 4684745548572738, 4684745548572738, 4684745548572738, 4684745548572738, 4684745548572738, 4684745548572738, 4684745548572738, 4684745548572738, 4684745548572738, 4684745548572738, 4684745548572738, 4684744474830914]
[4684745516066882, 4684745516066882, 4684745516066882, 4684745516066882, 4684745516066882, 4684745516066882, 4684745516066882, 4684745516066882, 4684745516066882, 4684745516066882, 4684745516066882, 4684745516066882, 4684745516066882, 4684745516066882, 4684745516066882, 4684745516066882, 4684745516066882, 4684745516066882, 4684745516066882, 4684745516066882, 4684745516066882, 4684745516066882, 4684745516066882, 4684745516066882, 4684745516066882, 4684745516066882, 4684745516066882, 4684745516066882, 4684745516066882, 4684745516066882, 4684745516066882, 4684745516066882, 4684745516066882, 4684745516066882, 4684745516066882, 4684745516066882, 4684745516066882, 4684745516066882, 4684745516066882, 4684745516066882, 4684745516066882, 4684745516066882, 4684745516066882, 4684745516066882, 4684745516066882, 4684745516066882, 4684745516066882, 4684745516066882, 4684745516066882, 4684745516066882, 4684745516066882, 4684745516066882, 4684745516066882, 4684745516066882, 4684745516066882, 4684745516066882, 4684745516066882, 4684745516066882, 4684745516066882, 4684745516066882, 4684745516066882, 22699144025548866, 22699144025548866, 22699144025548866, 22699144025548866, 22699144025548866, 22699144025548866, 22699144025548866, 22699144025548866, 22699144025548866, 22699144025548866, 22699144025548866, 22699144025548866, 22699144025548866, 22699144025548866, 22699144025548866, 22699144025548866, 22699144025548866, 22699144025548866, 22699144025548866, 22699144025548866, 22699144025548866, 22699144025548866, 22699144025548866, 22699144025548866, 22699144025548866, 22699144025548866, 22699144025548866, 22699144025548866, 22699144025548866, 22699144025548866, 22699144025548866, 22699144025548866, 22699144025548866, 22699144025548866, 22699144025548866, 22699144025548866, 22699144025548866, 22699144025548866, 22699144025548866, 22699144025548866, 22699144025548866, 22699144025548866, 22699144025548866, 22699144025548866, 22699144025548866, 22699144025548866, 23262093978970178, 23262093978970178, 23262093978970178, 23262093978970178, 23262093978970178, 23262093978970178, 23262093978970178, 23262093978970178, 23262093978970178, 23262093978970178, 23262093978971202]
[4684745516066882, 4684745516066882, 4684745516066882, 4684745516066882, 4684745516066882, 4684745516066882, 4684745516066882, 4684745516066882, 4684745516066882, 4684745516066882, 4684745516066882, 4684745516066882, 4684745516066882, 4684745516066882, 4684745516066882, 4684745516066882, 4684745516066882, 4684745516066882, 4684745516066882, 4684745516066882, 4684745516066882, 4684745516066882, 4684745516066882, 4684745516066882, 4684745516066882, 4684745516066882, 4684745516066882, 4684745516066882, 4684745516066882, 4684745516066882, 4684745516066882, 4684745516066882, 4684745516066882, 4684745516066882, 4684745516066882, 4684745516066882, 4684745516066882, 4684745516066882, 4684745516066882, 4684745516066882, 4684745516066882, 4684745516066882, 4684745516066882, 4684745516066882, 4684745516066882, 4684745516066882, 4684745516066882, 4684745516066882, 4684745516066882, 4684745516066882, 4684745516066882, 4684745516066882, 4684746052937794, 4684746052937794, 4684746052937794, 4684746052937794, 4684746052937794, 4684746052937794, 22699144562419778, 22699144562419778, 22699144562419778, 24950944376105026]
[4684745516066882, 4684745516066882, 4684745516066882, 4684745516066882, 4684745516066882, 4684745516066882, 4684745516066882, 4684745516066882, 4684744442325058, 4684744442325058, 4684744442325058, 4684744442325058, 4684744442325058, 4684744442325058, 4684744442325058, 4684744442325058, 4684744442325058, 4684744442325058, 4684744442325058, 4684744442325058, 4684744442325058, 4684744442325058, 4684744442325058, 4684744442325058, 4684744442325058, 4684744442325058, 4684744442325058, 4684744442325058, 4684744442325058, 4684744442325058, 4684744442325058, 4684744442325058, 4684744442325058, 4684744442325058, 4684744442325058, 4684744442325058, 4684744442325058, 4684744442325058, 4684744442325058, 4684744442324994, 4684744442324994, 4684744442324994, 4684744442324994, 4684744442324994, 4684744442324994, 4684744442324994, 4684744442324994, 4684744442324994, 4684744442324994, 4684744442324994, 4684744442324994, 4684744442324994, 4684744442324994, 4684744442322946]
[4684745516066882, 4684745516066882, 4684745516066882, 4684745516066882, 4684745516066882, 4684745516066882, 4684745516066882, 4684745516066882, 4684745516066882, 4684745516066882, 4684745516066882, 4684745516066882, 4684745516066882, 5247695469488194, 5247695469488194, 5247695469488194, 5247695469488194, 5247695469488194, 5247695469488194, 5247695469488194, 5247695469488194, 5247695469492290, 5247695469492290, 5247695469492290, 5247695469492290, 5247695469492290, 5247695469492290, 5247695469492290, 5247695469492290, 5247695469492290, 5247695469492290, 5247695469492418]
[4684745516066882, 4684745516066882, 4684745516066882, 4684745516066882, 4684745516066882, 4684745516066882, 4684745516066882, 4684745516066882, 4684745516066882, 4684745516066882, 4684745516066882, 4684745516066882, 4684745516066882, 4684745516066882, 4684745516066882, 4684745516066882, 4684745516066882, 4684745516066882, 4684745516066882, 4684745516066882, 4684745516066882, 4684745516066882, 4684745516066882, 4684745516066882, 4684745516066882, 4684745516066882, 4684745516066882, 4684745516066882, 4684745516066882, 4684745516066882, 4684745516066882, 4684745516066882, 4684745516066882, 4684745516066882, 4684745516066882, 4684745516066882, 4684745516066882, 4684745516066882, 4684745516066882, 4684745516066882, 4684745516066882, 4684745516066882, 4684745516066882, 4684745516066882, 4684745516066882, 4684745516066882, 4684745516066882, 4684745516066882, 4684745516066882, 4684745516066882, 4684745516066882, 4684745516066882, 4684745516066882, 4684745516066882, 4684745516066882, 4684745516066882, 4684745516066882, 4684745516066882, 5247695469488194, 5247695469488194, 5247695469488194, 5247695469488194, 5247695469488194, 5247695469488194, 5247695469488194, 5247695469488194, 5247695469488194, 5247695469488194, 5247695469488194, 5247695469488194, 5247695469488194, 5247695469488194, 5247695469488194, 5247695469488194, 5247695469488194, 5247695469488194, 5247695469488194, 5247695469488194, 5247695469488194, 5247695469488194, 5247695469488322, 5247695469488322, 5247695469488322, 5247695469488322, 5247695469488322, 5247695469488322, 5247695469488322, 5247695469488322, 5247695469488322, 5247695469488322, 5247695469489346]
[4684745516066882, 4684745516066882, 4684745516066882, 4684745516066882, 4684745516066882, 4684745516066882, 4684745516066882, 4684745516066882, 4684745516066882, 4684745516066882, 4684745516066882, 4684745516066882, 4684745516066882, 4684745516066882, 4684745516066882, 4684745516066882, 4684745516066882, 4684745516066882, 4684745516066882, 4684745516066882, 4684745516066882, 4684745516066882, 4684745516066882, 4684745516066882, 4684745516066882, 4684745516066882, 4684745516066882, 4684745516066882, 4684745516066882, 4684745516066882, 4684745516066882, 4684745516066882, 4684745516066882, 4684745516066882, 4684745516066882, 4684745516066882, 4684745516066882, 4684745516066882, 4684745516066882, 4684745516066882, 4684745516066882, 4684745516066882, 4684745516066882, 4684745516066882, 4684745516066882, 4684745516066882, 4684745516066882, 4684745516066882, 4684745516066882, 4684745516066882, 4684745516066882, 4684745516066882, 4684745516066882, 4684745516066882, 4684745516066882, 4684745516066882, 4684745516066882, 4684745516066882, 4684745516066882, 4684745516066882, 4684744442325058, 4684744442325058, 4684744442325058, 4684744442325058, 4684744442325058, 4684744442325058, 4684744442325058, 4684744442325058, 4684744442325058, 4684744442325058, 4684744442325058, 4684744442325058, 4684744442325058, 4684744442325058, 4684744442325058, 4684744442325058, 4684744442325058, 4684744442325058, 4684744442325058, 4684744442325058, 4684744442325058, 4684744442325058, 4684744442325058, 4684744442325058, 4684744442325058, 4684744442325058, 4684744442325058, 4684744442325058, 4684744442325058, 4684744442325058, 4684744442325058, 4684744442325058, 4684744442325058, 4684744442325058, 4684745516066882, 4684745516066882, 4684745516066882, 4684745516066882, 4684745516066882, 4684745516066882, 4684745516066882, 4684745516066882, 22699144025548866, 22699144025548866, 22699144025548866, 22699144025548866, 22699144025548866, 22699144025548866, 22699144025548866, 22699144025548866, 22699144025548866, 22699144025548866, 22699144025548866, 22699144025548866, 22699144025548866, 22699144025548866, 22699144025548866, 22699144027646018, 22699144027646018, 22699144027646018, 22699144027646018, 22699144027646018, 22699144027646018, 22699144027646018, 22699144027646018, 22699144027646018, 22699144027646018, 22699144027646018, 22699144027646018, 22699144027646018, 22699144027646018, 22699144027646018, 22699144027646018, 22699144027646018, 22699144027646018, 22699144027646018, 22699144027646018, 22699144027646018, 22699144027646018, 22699144027646018, 22699144027646018, 22699144027646018, 22699144027646018, 22699144027646018, 22699144027646018, 22699144027646018, 22699144027646018, 22699144027646018, 22699144027646018, 22699144027646018, 22699144027646018, 22699144027646018, 22699144027646018, 22699144027646018, 22699144027646018, 22699144027646018, 22699144027646018, 22699144027646018, 22699144027646018, 22699144027646018, 22699144027646018, 22699144027646018, 22699144027646018, 22699144027646018, 22699144027646018, 22699144027646018, 22699144027646018, 22699144027646018, 22699144027646018, 22699144027646018, 22699144027646018, 22699144027646018, 22699144027646018, 22699144027646018, 22699144027646018, 22699144027646018, 22699144027646018, 22699144027646018, 22699144027646018, 22699144027646018, 4684745518164034, 4684745518164034, 4684745518164034, 4684745518164034, 4684745518164034, 4684745518164034, 4684745518164034, 4684745518164034, 4684745518164034, 4684745518164034, 4684745518164034, 4684745518164034, 4684745518164034, 4684745518164034, 4684745518164034, 4684745518164034, 4684745518164034, 4684745518164034, 4684745518164034, 4684745518164034, 4684745518164034, 4684745518164034, 4684745518164034, 4684745518164034, 4684745518164034, 4684745518164034, 4684745518164034, 4684745518164034, 4684745518164034, 4684745518164034, 4684745518164034, 4684745518164034, 4684745518164034, 4684745518164034, 4684745518164034, 4684745518164034, 4684745518164034, 4684745518164034, 4684745518164034, 4684745518164034, 4684745518164034, 4684745518164034, 4684745518164034, 4684745518164034, 4684745516066882, 4684745516066882, 4684745516066882, 4684745516066882, 4684745516066882, 4684745516066882, 4684745516066882, 4684744442325058, 4684744442325058, 4684744442325058, 4684744442325058, 4684744442325058, 4684744442325058, 4684744442325058, 4684744442325058, 4684744442325058, 4684744442325058, 4684744442325058, 4684744442325058, 4684744442325058, 22699142951807042, 22699142951807042, 22699142951807042, 22699142951807042, 22699142951807042, 22699142951807042, 22699142951807042, 22699142951807042, 22699142951807042, 22699142951807042, 22699142951807042, 22699142951807042, 22699142951807042, 22699142951807042, 22699142951807042, 22699142951807042, 22699142951807042, 22699142951807042, 22699142951807042, 22699142951807042, 22699142951807042, 22699142951807042, 22699142951807042, 22699142951807042, 22699142951807042, 22699142951807042, 22699142951807042, 22699142951807042, 22699142951807042, 22699142951807042, 22699142951807042, 22699142951807042, 22699142951807042, 22699142951807042, 22699142951807042, 22699142951807042, 22699142951807042, 22699142951807042, 22699142951807042, 22699142951807042, 22699142951807042, 22699142951807042, 22699142951807042, 22699142951807042, 22699142951807042, 22699142951807042, 22699142951807042, 22699142951807042, 22699142951807042, 22699142951807042, 22699142951807042, 22699142951807042, 22699142951807042, 22699142951807042, 22699142951807042, 22699142951807042, 22699142951807042, 22699142951807042, 22699142951807042, 22699142951807042, 22699142951807042, 22699142951807042, 22699142951807042, 22699142951807042, 22699142951807042, 22699142951807042, 22699142951807042, 22699142951807042, 22699142951807042, 22699142951807042, 22699142951807042, 22699142951807042, 22699142951807042, 22699142951807042, 22699144025548866, 22699144025548866, 22699144025548866, 22699144025548866, 22699144025548866, 22699144025548866, 22699144025548866, 22699144025548866, 22699144025548866, 22699144025548866, 22699144025548866, 22699144025548866, 22699144025548866, 22699144025549890, 22699144025549890, 22699144025549890, 22699144025549890, 22699144025549890, 22699144025549890, 22699144025549890, 22699144025549890, 22699144025549890, 22699144025549890, 22699144025549890, 22699144025549890, 22699144025549890, 22699144025549890, 22699144025549890, 22699144025549890, 22699144025549890, 22699144025549890, 22699144025549890, 22699144025549890, 22699144025549890, 22699144025549890, 22699144025549890, 22699144025549890, 22699144025549890, 22699144025549890, 22699144025549890, 22699144025549890, 22699144025549890, 22699144025549890, 22699144025549890, 22699144025549890, 22699144025549890, 22699144025549890, 22699144025549890, 22699144025549890, 22699144025549890, 22699144025549890, 22699144025549890, 22699144025549890, 22699144025549890, 22699144025549890, 22699144025549890, 22699144025549890, 22699144025549890, 22699144025549890, 22699144025549890, 22699144025549890, 22699144025549890, 22699144025549890, 22699144025549890, 22699144025549890, 22699144025549890, 22699144025549890, 22699144025549890, 22699144025549890, 22699144025549890, 22699144025549890, 22699144025549890, 22699144025549890, 22699144025549890, 22699144025549890, 22699144025549890, 22699144025549890, 22699144025549890, 22699144025549890, 22699144025549890, 22699144025549890, 22699144025549890, 22699144025549890, 22699144025549890, 22699144025549890, 22699144025549890, 22699144025549890, 22699144025549890, 22699144025549890, 22699144025549890, 22699144025549890, 22699144025549890, 22699144025549890, 22699144025549890, 22699144025549890, 22699144025549890, 22699144025549890, 22699144025549890, 22699144025549890, 22699144025549890, 22699144025549890, 22699144025549890, 22699144025549890, 22699144025549890, 22699144025549890, 22699144025549890, 22699144025549890, 22699144025549890, 22699144025549890, 22699144025549890, 22699144025549890, 22699144025549890, 22699144025549890, 22699144025549890, 22699144025549890, 22699144025549890, 22699144025549890, 22699144025549890, 22699144025549890, 22699144025549890, 22699144025549890, 22699144025549890, 22699144025549890, 22699144025549890, 22699144025549890, 22699144025549890, 22699144025549890, 22699144025549890, 22699144025549890, 22699144025549890, 22699144025549890, 22699144025549890, 22699144025549890, 22699144025549890, 22699144025549890, 23262093978971202]
[4684745516066882, 4684745516066882, 4684745516066882, 4684745516066882, 4684745516066882, 4684745516066882, 4684745516066882, 4684745516066882, 4684745516066882, 4684745516066882, 4684745516066882, 4684745516066882, 4684745516066882, 4684745516066882, 4684745516066882, 4684745516066882, 4684745516066882, 4684745516066882, 4684745516066882, 4684745516066882, 4684745516066882, 4684745516066882, 4684745516066882, 4684745516066882, 4684745516066882, 4684745516066882, 4684745516066882, 4684745516066882, 4684745516066882, 4684745516066882, 4684745516066882, 4684745516066882, 4684745516066882, 4684745516066882, 4684745516066882, 4684745516066882, 4684745516066882, 4684745516066882, 4684745516066882, 4684745516066882, 4684745516066882, 4684745516066882, 4684745516066882, 4684745516066882, 4684745516066882, 4684745516066882, 4684745516066882, 4684745516066882, 4684745516066882, 4684745516066882, 4684745516066882, 4684745516066882, 4684745516066882, 4684745516066882, 4684745516066882, 4684745516066882, 4684745516066882, 4684745516066882, 4684745516066882, 4684745516066882, 4684745516066882, 4684745516066882, 4684745516066882, 4684745516066882, 4684745516066882, 4684745516066882, 4684745516066882, 4684745516066882, 4684745516066882, 4684745516066882, 5247695469488194, 5247695469488194, 5247695469488194, 5247695469488194, 5247695469488194, 5247695469488194, 5247695469488194, 5247695469488194, 5247695469488194, 5247695469488194, 5247695469488194, 5247695469488194, 5247695469488194, 5247695469488194, 5247695469488194, 5247695469488194, 5247695469488194, 5247695469488194, 5247695469488194, 5247695469488194, 5247695469488194, 5247695469488194, 5247695469488194, 5247695469488194, 5247695469488194, 5247695469488194, 5247695469488194, 5247695469488194, 5265287655532610, 5265287655532610, 5265287655532610, 5265287655532610, 5265287655532610, 5265287655532610, 5265287655532610, 5265287655532610, 5265287655533634]
[4684745516066882, 4684745516066882, 4684745516066882, 4684745516066882, 4684745516066882, 4684745516066882, 4684745516066882, 4684745516066882, 4684745516066882, 4684745516066882, 4684745516066882, 4684745516066882, 4684745516066882, 4684745516066882, 4684745516066882, 4684745516066882, 4684745516066882, 4684745516066882, 4684745518164034, 4684745518164034, 4684745518164034, 4684745518164034, 4684745518164034, 4684745518164034, 4684745518164034, 4684745518164034, 4684745518164034, 4684745518164034, 4684745518164034, 4684745518164034, 4684745518164034, 4684745518164034, 4684745518164034, 4684745518164034, 4684745518164034, 4684745518164034, 4684745518164034, 4684745518164034, 4684745518164034, 4684745518164290, 4684745518164290, 4684745518164290, 4684745518164290, 4684745518164290, 4684745518164290, 4684745518164290, 4684745518164290, 4684745518164290, 4684745518164290, 4684745518164290, 4684745518164290, 4684745518164290, 4684745518164290, 4684745518164290, 4755114262341954]
[4684745516066882, 4684745516066882, 4684745516066882, 4684745516066882, 4684745516066882, 4684745516066882, 4684745516066882, 4684745516066882, 4684745516066882, 4684745516066882, 4684745516066882, 4684745516066882, 4684745516066882, 4684745516066882, 4684745516066882, 4684745516066882, 4684745516066882, 4684745516066882, 4684745516066882, 4684745516066882, 4684745516066882, 4684745516066882, 4684745516066882, 4684745516066882, 4684745516066882, 4684745516066882, 4684745516066882, 4684745516066882, 4684745516066882, 4684745516066882, 4684746052937794, 4684746052937794, 4684746052937794, 4684746052937794, 4684746052937794, 4684746052937794, 4684746052937794, 4684746052937794, 4684746052937794, 4684746052937794, 4684746052937794, 4684746052937794, 4684746052937794, 4684746052937794, 4684746052937794, 4684746052937794, 4684746052937794, 4684746052937794, 4684746052937794, 4684746052937794, 4684746052937794, 4684746052937794, 4684746052937794, 4684746052937794, 4684746052937794, 4684746052937794, 4684746052937794, 4684746052937794, 4684746052937794, 4684746052937794, 4684746052937794, 4684746052937794, 4684746052937794, 4684746052937794, 4684746052937794, 4684746052937794, 4684746052937794, 4684746052937794, 4684746052937794, 4684746052937794, 4684746052937794, 4684746052937794, 4684746052937794, 4684746052937794, 4684746052937794, 4684746052937794, 6936545866623042, 6936545866623042, 6936545866623042, 6936545866623042, 6936545866623042, 6936545866623042, 6936545866623042, 6936545866623042, 6936545866623042, 6936545866623042, 6936545866623042, 6936545866623042, 6936545866623042, 6936545866623042, 6936545866623042, 6936545866623042, 6936546000840770]
[4684745516066882, 4684745516066882, 4684745516066882, 4684745516066882, 4684745516066882, 4684745516066882, 4684745516066882, 4684745516066882, 4684745516066882, 4684745516066882, 4684745516066882, 4684745516066882, 4684745516066882, 4684745516066882, 4684745516066882, 4684745516066882, 4684745516066882, 4684745516066882, 4684745516066882, 4684745516066882, 4684745516066882, 4684745516066882, 4684745516066882, 4684745516066882, 4684745516066882, 4684745516066882, 4684745516066882, 4684745516066882, 4684745516066882, 4684745516066882, 4684745516066882, 4684745516066882, 4684745516066882, 4684745516066882, 4684745516066882, 4684745516066882, 4684745516066882, 4684745516066882, 4684745516066882, 4684745516066882, 4684745516066882, 4684745516066882, 4684745516066882, 4684745516066882, 4684745516066882, 4684745516066882, 4684745516066882, 4684745516066882, 4684745516066882, 4684745516066882, 4684745516066882, 4684745516066882, 4684745516066882, 4684745516066882, 4684745516066882, 4684745516066882, 4684745516066882, 4684745516066882, 4684745516066882, 4684745516066882, 4684745516066882, 4684745516066882, 4684745516066882, 4684745516066882, 4684745516066882, 4684745516066882, 4684745516066882, 4684745516066882, 4684745516066882, 4684745516066882, 4684745516066882, 4684745516066882, 4684745516066882, 4684745516066882, 4684745516066882, 4544008027711554, 4544008027711554, 4544008027711554, 4544008027711554, 4544008027711554, 4544008027711554, 4544008027711554, 4544008027711554, 4544008027711554, 4544008027711554, 4544008027711554, 4544008027711554, 4544008027711554, 4544008027711554, 4544008027711554, 4544008027711554, 4544008027711554, 4544008027711554, 4544008027711554, 4544008027711554, 4544008027711554, 4544008027711554, 4544008027711554, 4544008027711554, 4544008027711554, 4544008027711554, 4544008027711554, 4544008027711554, 4544008027711554, 4544008027711554, 4544008027711554, 4544008027711554, 4544008027711554, 4544008027711554, 4544008027711554, 4544008027711554, 4544008027711554, 4544008027711554, 4544008027711554, 4544008027711554, 4544008027711554, 4544008027711554, 4544008027711554, 4544008027711554, 4544008027711554, 4544008027711554, 4544008027711554, 4544008027711554, 4544008027711554, 4544008027711554, 4544008027711554, 4544008027711554, 4544008027711554, 4544008027711554, 4544008027711554, 4544008027711554, 4544008027711554, 4544008027711554, 4544008027711554, 4544008027711554, 4544008027711554, 4544008027711554, 4544008027711554, 4544008027711554, 4544008027711554, 4544008027711554, 4544008027711554, 4544008027711554, 4544008027711554, 4544008027711554, 4544008027711554, 4544008027711554, 4544008027711554, 4544008027711554, 4544008027711554, 4544008027711554, 4544008027711554, 4544008027711554, 4544008027711554, 4544008027711554, 4544008027711554, 4544008027711554, 4544008027711554, 4544008027711554, 4544008027711554, 4544008027711554, 4544008027711554, 4544008027711554, 4544008027711554, 4544008027711554, 4544008027711554, 4544008027711554, 4544008027711554, 4544008027711554, 4544008027711554, 4544008027711554, 4544008027711554, 4544008027711554, 4544008027711554, 4544008027711554, 4544008027711554, 4544008027711554, 4544008027711554, 4544008027711554, 4684745516066882, 4684745516066882, 4684745516066882, 4684745516066882, 4684745516066882, 4684745516066882, 4684745516066882, 4684745516066882, 4684745516066882, 4684745516066882, 4684745516066882, 4684745516066882, 4684745516066882, 4684745516066882, 4684745516066882, 4684745516066882, 4684745516066882, 4684745516066882, 4684745516066882, 4684745516066882, 4684745516066882, 4702337702111298, 198738074740802, 198738074740802, 198738074740802, 198738074740802, 198738074740802, 198738074740802, 198738074740802, 198738074740802, 198738074740802, 198738074740802, 198738074740802, 198738074740802, 198738074740802, 198738074740802, 198738074740802, 198738074740802, 198738074740802, 198738074740802, 198738074740802, 198738074740802, 198738074740802, 198738074740802, 198738074740802, 198738074740802, 181145888696386, 181145888696386, 198738074740802, 198738074740802, 198738074740802, 198738074740802, 198738074740802, 198738074740802, 198738074740802, 198738074740802, 198738074740802, 198738074740802, 198738074740802, 198738074740802, 198738074740802, 198738074740802, 198738074740802, 198738074740802, 198738074740802, 198738074740802, 198738074740802, 198738074740802, 198738074740802, 198738074740802, 198738074740802, 198737000998978]
[4684745516066882, 4684745516066882, 4684745516066882, 4684745516066882, 4684745516066882, 4684745516066882, 4684745516066882, 4684745516066882, 4684745516066882, 4684745516066882, 4684744442325058, 4684744442325058, 4684744442325058, 4684744442325058, 4684744442325058, 4684744442325058, 4684744442325058, 4684744442325058, 4684744442325058, 4684744442325058, 4684744442325058, 4684744442325058, 4684744442325058, 4684744442325058, 4684744442325058, 4684744442325058, 4684744442325058, 4684744442325058, 4684744442325058, 4684744442325058, 4684744442325058, 4684744442325058, 4684744442325058, 4684744442325058, 4684744442325058, 4684744442325058, 4684744442325058, 4684744442325058, 4684744442325058, 4684744442325058, 4684744442325058, 4684744442325058, 4684744442325058, 4684744442325058, 4684744442325058, 4684744442325058, 4684744442325058, 4684744442325058, 4684744442325058, 4684744442325058, 4684744442325058, 4684744442325058, 4684744442325058, 4684744442325058, 4684744442325058, 4684744442325058, 4684744442325058, 4684744442325058, 4684744442325058, 4684744442325058, 4684744442325058, 4684744442325058, 4684744442325058, 4684744442325058, 4684744442325058, 4684744442325058, 4684744442325058, 4684744442325058, 4684744442325058, 4684744442325058, 4684744442325058, 4684744442325058, 4684744442325058, 4684744442325058, 4684744442325058, 4684744442325058, 4684744442325058, 4684744442325058, 4684744442325058, 4684744442325058, 4684744442325058, 4684744442325058, 4684744442325058, 4684744442325058, 4684744442325058, 4684744442325058, 4684744442325058, 4684744442325058, 4684744442325058, 4684744442325058, 4684744442325058, 4684744442325058, 4684744442325058, 4684744442325058, 4684744442325058, 4684744442325058, 4684744442325058, 4684744442325058, 4684744442325058, 4684744442325058, 4684744442325058, 4684744442325058, 4684744442325058, 4684744442325058, 4684744442325058, 4684744442325058, 4684744442325058, 4684744442325058, 4684744442325058, 4684744442325058, 4684744442325058, 4684744442325058, 4684744442325058, 4684744442325058, 4684744442325058, 4684744442325058, 4684744442325058, 4684744442325058, 4684744442325058, 4684744442325058, 4684744442325058, 4684744442325058, 4684744442325058, 4684744442325058, 4684744442325058, 4684744442325058, 4684744442325058, 4684744442325058, 4684744442325058, 4684744442325058, 4684744442325058, 4684744442325058, 4684744442325058, 4684744442325058, 4684744442325058, 4684744442325058, 4684744442325058, 4684744442325058, 4684744442325058, 4684744442325058, 4684744442325058, 4684744442325058, 4684744442325058, 4684744442325058, 4684744442325058, 5247694395746370, 5247694395746370, 5247694395746370, 5247694395746370, 5247694395746370, 5247694395746370, 5247694395746370, 5247694395746370, 5247694395746370, 5247694395746370, 5247694395746370, 5247694395746498]
[4684745516066882, 4684745516066882, 4684745516066882, 4684745516066882, 4684745516066882, 4684745516066882, 4684745516066882, 4684745516066882, 4684745516066882, 4684745516066882, 4684745516066882, 4684745516066882, 4684745516066882, 4684745516066882, 4684745516066882, 4684745516066882, 4684745516066882, 4684745516066882, 4684745516066882, 4684745516066882, 4684745516066882, 4684744442325058, 4684744442325058, 4684744442325058, 4684744442325058, 4684744442325058, 4684744442325058, 4684744442325058, 4684744442325058, 4684744442325058, 4684744442325058, 4684744442325058, 4684744442325058, 4684744442325058, 4684744442325058, 4684744442325058, 4684744442325058, 4684744442324994, 4684744442324994, 4684744442324994, 4684744442324994, 4684744442324994, 181144814954498]
[4684745516066882, 4684745516066882, 4684745516066882, 4684745516066882, 4684745516066882, 4684745516066882, 4684745516067906, 4684745516067906, 4684745516067906, 4684745516067906, 4684745516067906, 4684745516067906, 4684745516067906, 4684745516067906, 4684745516067906, 4684745516067906, 4684745516067906, 4684745516067906, 4684745516067906, 4684745516067906, 4684745516067906, 4684745516067906, 4684745516067906, 4684745516067906, 4684745516067906, 4684745516067906, 4684745516067906, 4684745516067906, 4684745516067906, 4684745516067906, 4684745516067906, 4684745516067906, 4684745516067906, 4684745516067906, 4684745516067906, 4684745516067906, 4684745516067906, 4684745516067906, 4684745516067906, 4684745516067906, 4684745516067906, 4684745516067906, 4684745516067906, 4684745516067906, 4684745516067906, 4684745516067906, 4684745516067906, 4684745516067906, 4684745516067906, 4684745516067906, 4684745516067906, 4684745516067906, 4684745516067906, 4684745516067906, 4684745516067906, 4684745516067906, 4684745516067906, 4684745516067906, 4684745516067906, 4684745516067906, 4684745516067906, 4684745516067906, 4684745516067906, 4684745516067906, 4684745516067906, 4684745516067906, 4684745516067906, 4684745516067906, 4684745516067906, 4684745516067906, 4684745516067906, 4684745516067906, 4684745516067906, 4684745516067906, 4684745516067906, 4684745516067906, 4684745516067906, 4684745516067906, 4684745516067906, 4684745516067906, 4684745516067906, 4684745516067906, 4684745516067906, 4684745516067906, 4684745516067906, 4684745516067906, 4684745516067906, 4684745516067906, 4684745516067906, 4684745516067906, 4684745516067906, 4684745516067906, 4684745516067906, 4684745516067906, 4684745516067906, 4684745516067906, 4684745516067906, 4684745516067906, 4684745516067906, 4684745516067906, 4684745516067906, 4684745516067906, 4684745516067906, 4684745516067906, 4684745516067906, 4684745516067906, 4684745516067906, 4684745516067906, 4684745516067906, 4684745516067906, 4684745516067906, 4684745516067906, 4684745516067906, 4684745516067906, 4684745516067906, 4684745516067906, 4684745516067906, 4684745516067906, 4684745516067906, 4684745516067906, 4684745516067906, 4684745516067906, 4684745516067906, 4684745516067906, 4684745516067906, 4684745516067906, 4684745516067906, 4684745516067906, 4684745516067906, 4684745516067906, 4684745516067906, 4684745516067906, 4684745516067906, 4684745516067906, 4684745516067906, 4684745516067906, 4684745516067906, 4684745516067906, 4684745516067906, 4684745516067906, 4684745516067906, 4684745516067906, 4684745516067906, 4684745516067906, 4684745516067906, 4684745516067906, 4684745516067906, 4684745516067906, 4684745516067906, 4684745516067906, 4684745516067906, 4684745516067906, 4684745516067906, 4684745516067906, 4684745516067906, 4684745516067906, 4684745516067906, 4684745516067906, 4684745516067906, 4684745516067906, 4684745516067906, 4684745516067906, 4684745516067906, 4684745516067906, 4684745516067906, 4684745516067906, 4684745516067906, 4684745516067906, 4684745516067906, 4684745516072002, 4684745516072002, 4684745516072002, 4684745516072002, 4684745516072002, 4684745516072002, 4684745516072002, 4684745516072002, 4684745516072002, 4684745516072002, 4684745516072002, 4684745516072002, 4684745516072002, 4684745516072002, 4684745516072002, 4684745516072002, 4684745516072002, 4684745516072002, 4684745516067906, 4684745516067906, 4684745516067906, 4684745516067906, 4684745516067906, 4684745516067906, 4684745516067906, 4684745516067906, 4684745516067906, 4684745516067906, 4684745516067906, 4684745516067906, 4684745516067906, 4684746052938818, 4684746052938818, 4684746052938818, 4684746052938818, 4684746052938818, 4684746052938818, 4684746052938818, 4684746052938818, 4684746052938818, 4684746061327426]
[4684745516066882, 4684745516066882, 4684745516066882, 4684745516066882, 4684745516066882, 4684745516066882, 4684745516066882, 4684745516066882, 4684745516066882, 4684745516066882, 4684745516066882, 4684745516066882, 4684745516066882, 4684745516066882, 4684745516066882, 4684745516066882, 4684745516066882, 4684745516066882, 4684745516066882, 4684745516066882, 4684745516066882, 4684745516066882, 4684745516066882, 4684745516066882, 4684745518164034, 4684745518164034, 4684745518164034, 4684745518164034, 4684745518164034, 4684745518164034, 4684745518164034, 4684745518164034, 4684745518164034, 4684745518164034, 4684745518164034, 4684745518164034, 4684745518164034, 4684745518163970, 4684745518163970, 4684745518163970, 4684745518163970, 4684745518163970, 4684745518163970, 4684745518163970, 4684745518163970, 4684745518163970, 4684745518163970, 4684745518163970, 4684745518163970, 4684745518163970, 4684745518163970, 4684745518163970, 4684745518163970, 4684745518163970, 4684745518163970, 4684745518163970, 4684745518163970, 4684745518163970, 4684745518163970, 4684745518163970, 4680347471652866]
[4684745516066882, 4684745516066882, 4684745516066882, 4684745516066882, 4684745516066882, 4684745516066882, 4684745516066882, 4684745516066882, 4684745516066882, 4684745516066882, 4684745516066882, 4684745516066882, 4684745516066882, 4684745516066882, 4684745516066882, 4684745516066882, 4684745516066882, 4684745516066882, 4684745516066882, 4684745516066882, 4684745516066882, 4684745516066882, 4684745516066882, 4684745516066882, 4684745516066882, 4684745516066882, 4684745516066882, 4684745516066882, 4684745516066882, 4684745516066882, 4684745516066882, 4684745516066882, 4684745516066882, 4684745516066882, 4684745516066882, 4684745516066882, 4684745516066882, 4684745516066882, 4684745516066882, 4684745516066882, 4684745516066882, 4684745516066882, 181145888696386, 181145888696386, 181144814954562, 181144814954562, 181144814954562, 181144814954562, 181144814954562, 181144814954562, 18195543324436546]
[4684745516066882, 4684745516066882, 4684745516066882, 4684745516066882, 4684745516066882, 4684745516066882, 4684745516066882, 4684745516066882, 4684745516066882, 4684745516066882, 4684745516066882, 4684745516066882, 4684745516066882, 4684745516066882, 4684745516066882, 4684745516066882, 4684745516066882, 4684745516066882, 4684745516066882, 4684745516066882, 4684745516066882, 4684745516066882, 4684745516066882, 4684745516066882, 4684745516066882, 4684745516066882, 4684745516066882, 4684745516066898, 4684745516066898, 4684745516066898, 4684745516066898, 4684745516066898, 4684745516066898, 4684745516066898, 4684745516066898, 4684745516066898, 4684745516066898, 4684745516066898, 4684745516066898, 4684745516066898, 4684745516066898, 4684745516066898, 4684745516066898, 4684745516066898, 4684745516066898, 4684745516066898, 4684745516066898, 4684745516066898, 4684745516066898, 4684745516066834, 4684745516066834, 4684745516066834, 4684745516066834, 4684745516066834, 4684745516066834, 4684745516066834, 4684745516066834, 4684745516066834, 4684745516066834, 4684745516066834, 4684745516066834, 4684745516066834, 4684745516066834, 4684745516066834, 4684745247631378]
[4684745516066882, 4684745516066882, 4684745516066882, 4684745516066882, 4684745516066882, 4684745516066882, 4684745549621314, 4684745549621314, 4684745549621314, 4684745549621314, 4684745549621314, 4684745549621314, 4684745549621314, 4684745549621314, 4684745549621314, 4684745549621314, 4684745549621314, 4684745549621314, 4684745549621314, 4684745549621314, 4684745549621314, 4684745549621314, 4684745549621314, 4684745549621314, 4684745549621314, 4684745549621314, 4684745549621314, 4684745549621314, 4684745549621314, 4684745549621314, 4684745549621314, 4684745549621314, 4684745549621314, 4684745549621314, 4684745549621314, 4684745549621314, 4684745549621314, 4684745549621314, 4684745549621314, 4684745549621314, 4684745549621314, 4684745549621314, 4684745549621314, 4684745549621314, 4684745549621314, 4684745549621314, 4684745549621314, 4684745549621314, 4684745549621314, 4684745549621250, 4684745549621250, 4684745549621250, 4684745549621250, 4684745549621250, 4684745549621250, 4684745549621250, 4684745549621250, 4684745549621250, 4684745549621250, 4684745549621250, 4684745549621250, 4684745549621250, 4684745549621250, 4684745549621250, 4684745549621250, 4684745549621250, 4684745549621250, 4684745549621250, 4702337735665666]
[4684745516066882, 4684745516066882, 4684745516066882, 4684745516066882, 4684745516066882, 4684745516066882, 4684745516066882, 4684745516066882, 4684745516066882, 4684745516066882, 4684745516066882, 4684745516066882, 4684745516066882, 4684745516066882, 4684745516066882, 4684745516066882, 4684745516066882, 4684745516066882, 4702337702111298, 4702337702111298, 4702337702111298, 4702337702111298, 4702337702111298, 4702337702111298, 4702337702111298, 4702337702111298, 4702337702111298, 4702337702111298, 4702337702111298, 4702337702111298, 4702337702111298, 4702337702111298, 4702337702111298, 4702337702111298, 4702337702111298, 22716736211593282, 22716736211593282, 22716736211593282, 22716736211593282, 22716736211593282, 22716736211593282, 22716736211593282, 22716736211593282, 22716736211593282, 22716736211593282, 22716736211593282, 22716736211593282, 22716736211593282, 22716736211593282, 22716736211593282, 22716736211593282, 22716736211593282, 22716736211593282, 22716736211593410]
[4684745516066882, 4684745516066882, 4684745516066882, 4684745516066882, 4684745516066882, 4684745516066882, 4684745516066882, 4684745516066882, 4684745516066882, 4684745516066882, 4684745516066882, 4684746052937794, 4684746052937794, 4684746052937794, 4684746052937794, 4684746052937794, 4684746052937794, 4684746052937794, 4684746052937794, 4684746052937794, 4684746052937794, 4684746052937794, 4684746052937794, 4684746052937794, 4684746052937794, 4684746052937794, 4684746052937794, 4684746052937794, 4684746052937794, 4684746052937794, 4684746052937794, 4684746052937794, 4684746052937794, 4684746052937794, 4684746052937794, 4684746052937794, 4684746052937794, 4684746052937794, 4684746052937794, 4684746052937794, 4684746052937794, 4684746052937794, 4684746052937794, 6936545866623042, 6936545866623042, 6936545866623042, 6936545866623042, 6936545866623042, 6936545866623042, 2432946239252546]
[4684745516066882, 4684745516066882, 4684745516066882, 4684745516067906, 4684745516067906, 4684745516067906, 4684745516067906, 4684745516067906, 4684745516067906, 4684745516067906, 4684745516067906, 4684745516067906, 4684745516067906, 4684745516067906, 4684745516067906, 4684745516067906, 4684745516067906, 4684745516067906, 4684745516067906, 4684745516067906, 4684745516067906, 4684745516067906, 4684745516067906, 4684745516067906, 4684745516067906, 4684745516067906, 4684745516067906, 4684745516067906, 4684745516067906, 4684745516067906, 4684745516067906, 4684745516067906, 4684745516067906, 4684745516067906, 4684745516067906, 4684745516067906, 4684745516067906, 4684745516067906, 4684745516067914, 4684745516067914, 4684745516067914, 4684745516067914, 4684745516067914, 4684745516067914, 4684745516067914, 4684745516067914, 4684745516067914, 4684745516067906, 4684745516067906, 4684745516067906, 4684745516067906, 4684745516067906, 4684745516067906, 4684745516067906, 4684745516067906, 4684745516067906, 4684745516067906, 4684745516067906, 4684745516067906, 4684882955021378, 4684882955021378, 4684882955021378, 4684882955021378, 4684882955021378, 4684882955021378, 4684882955021378, 4684882955021378, 4684882955021378, 4684882955021378, 4684882955021378, 4684882955021378, 4684882955021378, 4684882955021378, 4684882955021378, 4684882955021378, 4684882955021378, 4684882955021378, 4684882955021378, 4684882955021378, 4684882955021378, 4684882955021378, 4684882955021378, 4684882955021378, 4684882955021378, 4684882955021378, 4684882955021378, 4684882955021378, 4684882955021378, 4684882955021378, 4684882955021378, 4684882955021378, 4684745516067906, 4684745516067906, 4684745516067906, 4684745516067906, 4684745516067906, 4684745516067906, 4684745516067906, 4684745516067906, 4684745516067906, 4684745516067906, 4684745516067906, 4684745516067906, 4684745516067906, 4684745516067906, 4684745516067906, 4684745516067906, 4684745516067906, 4684745516067906, 4684745516067906, 4684745516067906, 4684745516067906, 4684745516067906, 4684745516067906, 4684745516067906, 4684745516067906, 4684745516067906, 4684745516067906, 4684745516067906, 4684745516067906, 5247695469489218, 5247695469489218, 5247695469489218, 5247695469489218, 5247695469489218, 5247695469489218, 5247695469489218, 5247695469489218, 5247695469489218, 5247695469489218, 5247695469489218, 5247695469489218, 5247695469489218, 5247695469489218, 5247695469489218, 5247695469489218, 5247695469489218, 5247695469489218, 5247695469489218, 5247695469489218, 5247695469489216]
[4684745516066882, 4684745516066882, 4684745516066882, 4684745516066882, 4684745516066882, 4684745516066882, 4684745516066882, 4684745516066882, 4684745516066882, 4684745516066882, 4684745516066882, 4684745516066882, 4684745516066882, 4684745516066882, 4684745516066882, 4684745516066882, 4684745516066882, 4684745516066882, 4684745516066882, 4684745516066882, 4684745516066882, 4684745516066882, 4684745516066882, 4684745516066882, 4684745516066882, 4684745516066882, 4684745516066882, 4684745516066882, 4684745516066882, 4684745516066882, 4684745516066882, 4684745516066882, 4684745516066882, 4684745516066882, 4684745516066882, 4684745516066882, 4684745516066882, 4684745516066882, 4684745516066882, 4684745516066882, 4684745516066882, 4684745516066882, 4684745516066882, 4684745516066882, 4684745516066882, 4684745516066882, 4684745516066882, 4684745516066882, 4684745516066882, 4684745516066882, 4684745516066882, 4684745516066882, 4684745516066882, 4684745516066882, 4684745516066882, 4684745516066882, 4684745516066882, 4684745516066882, 4684745516066882, 4684745516066882, 4684745516066882, 4684745516066882, 4684745516066882, 4684745516066882, 4684745516066882, 4684745516066882, 4684745516066882, 4684745516066882, 4684745516066882, 5247695469488194, 5247695469488194, 5247695469488194, 5247695469488194, 5247695469488194, 5247695469488194, 5247695469488194, 5247695469488194, 5247695469488194, 5247695469488194, 5247832908441666, 5247832908441666, 5247832908441666, 5247832908441666, 5247832908441666, 5247832908441666, 5247832908441666, 5247832908441666, 5247832908441666, 5247832908441666, 5247832908441666, 5247832908441666, 5247832908441666, 5247832908441666, 5247832908441666, 5247832908441666, 5247832908441666, 5247832908441666, 5247832908441666, 5247832908441666, 5247832908441666, 5247832908441666, 5247832908441666, 5247832908441666, 5247832908441674]
[4684745516066882, 4684745516066882, 4684745516066882, 4684745516066882, 4684745516066882, 4684745516066882, 4684745516066882, 4684745516066882, 4684745516066882, 4684745516066882, 4684745516066882, 4684745516066882, 4684745516066882, 4684745516066882, 4684745516066882, 4684745516066882, 4684745516066882, 4684745516066882, 4684745516066882, 4684745516066882, 4684745516066882, 4684745516066882, 5247695469488194, 23262093978970178, 23262093978970178, 23262093978970178, 23262093978970178, 23262093978970178, 23262093978970178, 23262093978970178, 23262093978970178, 23262093978970178, 23262093978970178, 23262094515841090]
[4684745516066882, 4684745516066882, 4684745516066882, 4684745516066882, 4684745516066882, 4684745516066882, 4684745516066882, 4684745516066882, 4684745516067906, 4684745516067906, 4684745516067906, 4684745516067906, 4684745516067906, 4684745516067906, 4684745516067906, 4684745516067906, 4684745516067906, 4684745516067906, 4684745516067906, 4684745516067906, 4684745516067906, 4684745516067906, 4684745516067906, 4684745516067906, 4684745516067906, 4684745516067906, 4684745516067906, 4684745516067906, 4684745516067906, 4684745516067906, 4684745516067906, 4684745516067906, 4684745516067906, 4684745516067906, 4684745516067906, 4684745516067906, 4684745516067906, 4684745516067906, 4684745516067906, 4684745516067906, 4684745516067906, 4684745516067906, 4684745516067906, 4684745516067906, 4684745516067906, 4684745516067906, 4684745516067906, 4684745516067906, 4684745516067906, 4684745516067906, 4684745516067906, 4684745516067906, 4684745516067906, 4684745516067906, 4684745516067906, 4684745516067906, 4684745516067906, 4684745516067906, 4684745516067906, 4684745516067906, 4684745516067906, 4684745516067906, 4684745516067906, 4684745516067906, 4684745516067906, 4684745516067906, 4684745516067906, 4684745516067906, 4684745516067906, 4684745516067906, 4684745516067906, 4684745516067906, 4684745516067906, 4684745516067906, 4684745516067906, 4684745516067906, 4684745516067906, 4684745516067906, 4684745516067906, 4684745516067906, 4684745516067906, 4684745516067906, 4684745516067906, 4684745516067906, 4684745516067906, 4684745516067906, 4684745516067906, 4684745516067906, 4684745516067906, 4684745516067906, 4684745516067906, 4684745516067906, 4684745516067906, 4684745516067906, 4684745516067906, 4684745516067906, 4684745516067906, 22699144025549890, 22699144025549890, 22699144025549890, 22699144025549890, 22699144025549890, 22699144025549890, 22699144025549890, 22699144025548866, 22699144025548866, 22699144025548866, 22699144025548866, 22699144025548866, 22699144025548866, 22699144025548866, 22699144025548866, 22699144025548866, 22699144025548866, 22699144025548866, 22699144025548866, 22699144025548866, 22699144025548866, 22699144025548866, 22699144025548866, 22699144025548866, 22699144025548866, 22699144025548866, 22699144025548866, 22699144025548866, 22699144025548866, 22699144025548866, 22699144025548866, 22699144025548866, 22699144025548866, 22699144025548866, 22699144025548866, 22699144025548866, 22699144025548866, 23262093978970178, 23262093978970178, 23262093978970178, 23262093978970178, 23262093978970178, 23262093978970178, 23262093978970178, 23262093978970178, 23262093978970178, 23262093978970178, 23262093978970178, 23262094515841090]
[4684745516066882, 4684745516066882, 4684745516066882, 4684745516066882, 4684745516066882, 4684745516066882, 4684745516066882, 4684745516066882, 4684745516066882, 4684745516066882, 4684745516066882, 4684745516066882, 4684745516066882, 4684745516066882, 4684745516066882, 4684745516066882, 4684745516066882, 4684745516066882, 4684745516066882, 4684745516066882, 4684745516066882, 4684745516066882, 4684745516066882, 4684745516066882, 4684745516066882, 4684745516066882, 4684745516066882, 4684745516066882, 4684745516066882, 4684745516066882, 4684745516066882, 4684745516066882, 4684745516066882, 4684745516066882, 4684745516066882, 4684745516066882, 4684745516066882, 4684745516066882, 4684745516066882, 4684745516066882, 4684745516066882, 4684745516066882, 4684745516066882, 4684745516066882, 4684745516066882, 4684745516066882, 4684745516066882, 4684745516066882, 4684745516066882, 4684745516066882, 4684745516066882, 4684745516066882, 4684745516066882, 4684745516066882, 4684745516066882, 4684745516066882, 4684745516066882, 4684745516066882, 4684745516066882, 4684745516066882, 4684745516066882, 4684745516066882, 4684745516066882, 4684745516066882, 4684745516066882, 4684745516066882, 4684745516066882, 4684745516066882, 4684745516066882, 4684745516066882, 4684745516066882, 4684745516066882, 4684745516066882, 4684745516066882, 4684745516066882, 4684745516066882, 4684745516066882, 4684745516066882, 4684745516066882, 4684745516066882, 4684745516066882, 4684745516066882, 4684745516066882, 4684745516066882, 4684745516066882, 4684745516066882, 4684745516066882, 4684745516066882, 4684745516066882, 4684745516066882, 181145888696386, 181145888696386, 181145888696386, 181145888696386, 181145888696386, 181145888696386, 181145888696386, 181145888696386, 181145888696386, 181146425567298, 181146425567298, 181146425567298, 181145888696386, 181145888696386, 181145888696386, 181145888696386, 181145888696386, 181145888696386, 181145888696386, 181145888696386, 181145888696386, 4684745516066882, 4684745516066882, 4684745516066882, 4684745516066882, 4684745516066882, 4684745516066882, 4684745516066882, 4684745516066882, 4684745516066882, 4684745516066882, 4684745516066882, 4684745516066882, 4684745516066882, 4684745516066882, 4684745516066882, 4684745516066882, 4684745516066882, 4684745516066882, 4684745516066882, 181145888696386, 181145888696386, 181145888696386, 181145888696386, 181145888696386, 181145888696386, 181145888696386, 181145888696386, 181145888696386, 181145888696386, 181145888696386, 181145888696386, 181145888696386, 181145888696386, 181145888696386, 181145888696386, 181145888696386, 181145888696386, 181145888696386, 181145888696386, 181145890793538, 181145890793538, 181145890793538, 181144817051714]
[4684745516066882, 4684745516066882, 4684745516066882, 4684745516066882, 4684745516066882, 4684745516066882, 4684745516066882, 4684745516066882, 4684745516066882, 4684745516066882, 4684745516066882, 4684745516066882, 4684745516066882, 4684745516066882, 4684745516066882, 4684745516066882, 4684745516066882, 4684745516066882, 4684745516066882, 4684745516066882, 4684745516066882, 4684745516066882, 4684745516066882, 4684745516066882, 4684745516066882, 4684745516066882, 4684744442325058, 4684744442325058, 4684744442325058, 4684744442325058, 4684744442325058, 4684744442325058, 4684744442325058, 4684744442325058, 4684744442325058, 4684744442325058, 4684744442325058, 4684744442325058, 4684744442325058, 4684744442325058, 4684744442325058, 4684745516066882, 4684745516066882, 4684745516066882, 4684745516066882, 4684745516066882, 4684745516066882, 4684745516066882, 4684745516066882, 4684745516066882, 4684745516066882, 4684745516066882, 4684745516066882, 4684745516066882, 4684745516066882, 4684745516066882, 4684745516066882, 4684745516066882, 4684745516066882, 4684745516066882, 4684745516066882, 4684745516066882, 4684745516066882, 4684745516066882, 4684745516066882, 4684745516066882, 4684745516066882, 4684745516066882, 4684745516066882, 4684745516066882, 4684745516066882, 4684745516066882, 4684745516066882, 4684745516066882, 4684745516066882, 4684745516066882, 4684745516066882, 4684745516066882, 4684745516066882, 4684745516066882, 4684745516066882, 4684745516066882, 4684745516066882, 4684745516066882, 4684745516066882, 4684745516066882, 4684745516066882, 4684745516066882, 4684745516066882, 4684745516066882, 4684745516066882, 4684745516066882, 4684745516066882, 4684745516066882, 4684745516066882, 4684745516066882, 4684745516066882, 4684745516066882, 4684745516066882, 4684745516066882, 4684745516066882, 4684745516066882, 4684745516066882, 4684745516066882, 4684745516066882, 4684745516066882, 4684745516066882, 4684745516066882, 4684745516066882, 4684745516066882, 4684745516066882, 4684745516066882, 4684745516066882, 4684745516066882, 4684745516066882, 4684745516066882, 4684745516066882, 4684745516066882, 4684745516066882, 4684745516066882, 4684745516066882, 4684745516066882, 4684745516066882, 4684745516066882, 4684745516066882, 4684745516066882, 4684745516066882, 4684745516066882, 4684745516066882, 4684745516066882, 4684745516066882, 4684745516066882, 4684745516066882, 4684745516066882, 4684745516066882, 4684745516066882, 4684745516066882, 4684745516066882, 4684745516066882, 4684745516066882, 4684745516066882, 4684745516066882, 4684745516066882, 4684745516066882, 4684745516066882, 4684745516066882, 4684745516066882, 4684745516066882, 4684745516066882, 4684745516066882, 4684745516066882, 4684745516067010, 4684745516067010, 4684745516067010, 4684745516067010, 4684745516067010, 4684745516067010, 4684745516067010, 5247695469488322, 5247695469488322, 5247695469488322, 5247695469488322, 5247695469488322, 5247695469488322, 5247695469488322, 5247695469488322, 5247695469488322, 5247695469488322, 5247695469488322, 5247695469488322, 5247695469488322, 5247695469488322, 5247695469488322, 5247695469488322, 5247695469488322, 5247695469488322, 5247695469488322, 5247695469488322, 5247695469488322, 5247695469488322, 5247695469488322, 5247695469488322, 5247695469488322, 5247695469488322, 5247695469488322, 5247695469488322, 5247695469488322, 5247695469488322, 5247695469488322, 5247695469488322, 77305289507416258]
[4684745516066882, 4684745516066882, 4684745516066882, 4684745516066882, 4684745516066882, 4684745516066882, 4684745516066882, 4684745516066882, 4684745516066882, 4684745516066882, 4684745516066882, 4684745516067138, 4684745516067138, 4684745516067138, 4684745516067138, 4684745516067138, 4684745516067138, 4684745516067138, 4684745516067138, 4684745516067138, 4684745516067138, 4684745516067138, 4684745516067138, 4684745516067138, 4684745516067138, 4684745516067138, 4684745516067138, 4684745516067138, 4684745516067138, 4684745516067138, 4684745516067138, 4684745516067138, 4684745516067138, 4684745516067138, 4684745516067138, 4684745516067138, 4684745516067138, 4684745516067138, 4684745516067138, 4684745516067138, 4684745516067138, 4684745516067138, 4684745516067138, 4684745516067138, 4684745516067138, 4684745516067138, 4684745516067138, 4684745516067138, 4684745516067138, 4684745516067138, 4684745516067138, 4684745516067138, 4684745516067138, 4684745516067138, 4684745516067138, 4684745516067138, 22699144025549122, 22699144025549122, 22699144025549122, 22699144025549122, 22699144025549122, 22699144025549122, 22699144025549122, 22699144025549122, 22699144025549122, 22699144025549122, 22699144025549122, 22699144025549122, 22699144025549122, 22699144025549122, 22699144025549122, 22699144025549122, 22699144025549122, 22699144025549122, 22699144025549122, 22699144025549122, 22699144025549122, 22699144025549122, 22699144025549122, 22699144025549122, 22699144025549122, 22699144025549122, 22699144025549122, 22699144025549122, 24950943839234370]
[4684745516066882, 4684745516066882, 4684745516066882, 4684745516066882, 4684745516066882, 4684745516066882, 4684745516066882, 4684745516066882, 4684745516066882, 4684745516066882, 4684745516066882, 4684745516066882, 4684745516066882, 4684745516066882, 4684745516066882, 4684745516066882, 4684745516066882, 4684745516066882, 4684745516066882, 4684745516066882, 4684745516066882, 4684745516066882, 4684745516066882, 4684745516066882, 4684745516066882, 4684745516066882, 4684745516066882, 4684745516066882, 22699144025548866, 22699144025548866, 22699144025548866, 22699144025548866, 22699144025548866, 22699144025548866, 22699144025548866, 22699144025548866, 22699144025548866, 22699144025548866, 22699144025548866, 22699144025548866, 22699144025548866, 22699144025548866, 22699144025548866, 22699144025548866, 22699144025548866, 22699144025548866, 22699144025548866, 22699144025548866, 22699144025548866, 22699144025548866, 22699144025548866, 22699144025548866, 22699144025548866, 22699144025548866, 22699144025548866, 22699144025548866, 22699144025548866, 22699144025548866, 22699144025548866, 23262093978970178, 23262093978970178, 23262093978970178, 23262093978970178, 23262093978970178, 23262093978970178, 23262093978970178, 23262093978970178, 23262093978970178, 23262093978970178, 23262093978970178, 23262093978970178, 23262093978970178, 23262093978970178, 23262093978970178, 23262093978970178, 23262093978970178, 23262093978970178, 23262093978970178, 23262093978970178, 23262093978970178, 23262093978970178, 23262093978970178, 23262093978970178, 23262093978970178, 23262093978970178, 23262093978970178, 23262093978970178, 23262093978970178, 23262093978970178, 23262093978970178, 23262093978970178, 23262093978970178, 23262093978970178, 23262093978970178, 23262093978970178, 23262093978970178, 23262093978970178, 23262093978970178, 23262093978970178, 23262093978970178, 23262093978970178, 23262093978970178, 23262093978970178, 23262093978970178, 23262093978970178, 23262093978970178, 23262093978970178, 23262093978970178, 23262093978970178, 23262093978970178, 23262093978970178, 23262093978970178, 23262093978970178, 23262093978970178, 23262093978970178, 23262093978970178, 23262093978970178, 23262093978970178, 23262093978970178, 23279686165014594]
[4684745516066882, 4684745516066882, 4684745516066882, 4684745516066882, 4684745516066882, 4684745516066882, 4684745516066882, 4684745516066882, 4684745516066882, 4684745516066882, 4684745516066882, 4684745516066882, 4684745516066882, 4684745516066882, 4684745516066882, 4684745516066882, 4684745516066882, 4684745516066882, 4684745516066882, 4684745516066882, 4684745516066882, 4684745516066882, 4684745516066882, 4684745516066882, 4684745516066882, 4684745516066882, 4684745516066882, 4684745516066882, 4684745516066882, 4684745516066882, 4684745516066882, 4684745516066882, 4684745516066882, 4684745516066882, 4684745516066882, 4684745516066882, 4684745516066882, 4684745516066882, 4684745516066882, 4684745516066882, 4684745516066882, 4684745516066882, 4684745516066882, 4684745516066882, 4684745516066880, 4684745516066880, 4684745516066880, 4684745516066880, 4684745516066880, 4684745516066880, 4684745516066880, 4684745516066880, 4684745516066880, 4684745516066880, 4684745516066880, 4684745516066880, 4684745516066880, 4684745516066880, 4684745516066880, 4684745516066880, 4684745516066880, 4684745516066880, 4684745516066880, 4684745516066880, 4684745516066880, 4684745516066880, 4684745516066880, 4684745516066880, 4684745516066880, 4684745516066880, 4684745516066880, 4684745516066880, 4684745516066880, 4684745516066880, 4684745516066880, 4684745516066880, 4684745516066880, 4684745516066880, 4684745516066880, 4684745516066880, 4684745516066880, 4684745516066880, 4684745516066880, 4684745516066880, 4684745516066880, 4684745516066880, 4684745516066880, 4684745516066880, 4684745516066880, 4684745516066880, 4684745516066880, 4684745516066880, 4684745516066880, 4684745516066880, 4684745516066880, 4684745516066880, 4684745516066880, 4684745516066880, 4684745516066880, 4684745516066880, 4684745516066880, 4684745516066880, 4684745516066880, 4684745516066880, 4684745516066880, 4684745516066880, 4684745516066880, 4684745516066880, 4684745516066880, 4684745516066880, 4684745516066880, 4684745516066880, 4684745516066880, 4684745516066880, 4684745516066880, 4684745516066880, 4684745516066880, 4684745516066880, 4684745516066880, 4684745516066880, 4684745516066880, 4684745516066880, 4684745516066880, 4684745516066880, 4684745516066880, 4684745516066880, 4684745516066880, 4684745516066880, 4684745516066880, 4684745516066880, 4684745516066880, 6936545329752128, 6936545329752128, 6936545329752128, 6936545329752128, 6936545329752128, 6936545329752128, 6936545329752128, 6936545329752128, 6936545329752128, 6936545329752128, 6936545329752128, 6936545329752128, 6936545329752128, 6936545329752128, 6936545329752128, 6936545329752128, 6936545329752128, 6936545329752128, 6936545329752128, 6936545329752128, 6936545329752128, 6936545329752128, 6936545329752128, 6936545329752128, 6936545329752128, 6936545329752128, 6936545329752128, 6936545329752128, 6936545329752128, 6936545329752128, 6936545329752128, 6936545329752128, 6936545329752128, 6936545329752128, 6936545329752128, 6936545329752128, 6936545329752128, 4684745516066880, 4684745516066880, 4684745516066880, 4684745516066880, 4684745516066880, 4684745516066880, 4684745516066880, 4684745516066880, 4684745516066880, 4684745516066880, 4684745516066880, 4684745516066880, 4684745516066880, 4684745516066880, 4684745516066880, 4684745516066880, 4684745516066880, 4684745516066880, 4684745516066880, 4684745516066880, 4684745516066880, 4684745516066880, 4684745516066880, 4684745516066880, 4684745516066880, 4684745516066880, 4684745516066880, 4684745516066880, 4684745516066880, 4684745516066880, 4684745516066880, 4684745516066880, 4684745516066880, 4684745516066880, 4684745516066880, 4684745516066880, 4684745516066880, 4684745516066880, 4684745516066880, 4684745516066880, 4684745516066880, 4684745516066880, 4684745516066880, 4684745516066880, 4684745516066880, 4684745516066880, 4684745516066880, 4684745515018304, 4684745515018304, 4684745515018304, 4684745515018304, 4684745515018304, 4684745515018304, 4684745515018304, 4684745515018304, 4684745515018304, 4684745515018304, 4684745515018304, 4684745515018304, 4684745515018304, 4684745515018304, 4684745515018304, 4684745515018304, 4684745515018304, 4684745515018304, 4684745515018304, 4684745515018304, 4684745515018304, 4684745515018304, 4684745515018304, 4684745515018304, 4684745515018304, 4684745515018304, 4684745515018304, 4684744441276480]
[4684745516066882, 4684745516066882, 4684745516066882, 4684745516066882, 4684745516066882, 4684745516066882, 4684745516066882, 4684745516066882, 4684745516066882, 4684745516066882, 4684746052937794, 4684746052937794, 4684746052937794, 4684746052937794, 4684746052937794, 4684746052937794, 4684746052937794, 4684746052937794, 4684746052937794, 4684746052937794, 4684746052937794, 4684746052937794, 4684746052937794, 4684746052937794, 4684746052937794, 4684746052937794, 4684746052937794, 4684746052937794, 4684746052937794, 4684746052937794, 4684746052937794, 4684746052937794, 4684746052937794, 4684746052937794, 4684746052937794, 4684746052937794, 4684746052937794, 4684746052937794, 4684746052937794, 4684746052937794, 4684746052937794, 4684746052937794, 4684746052937794, 4684746052937794, 4684746052937794, 4684746052937794, 4684746052937794, 4684746052937794, 4684746052937794, 4684746052937922, 4684746052937922, 4684746052937922, 4684746052937922, 4684746052937922, 4684746052937922, 4684746052937922, 4684746052937922, 4684746052937922, 4684746052937922, 4684746052937922, 4684746052937922, 4684746052937922, 4684746052937922, 4684746069715138]
[4684745516066882, 4684745516066882, 4684745516066882, 4684745516066882, 4684745516066882, 4684745516066882, 4684744442325058, 4684744442325058, 4684744442325058, 4684744442325058, 4684744442325058, 4684744442325058, 4684744442325058, 4684744442325058, 4684744442325058, 4684744442325058, 4684744442325058, 4684744442325058, 4684744442325058, 4684744442325058, 4684744442325058, 4684744442325058, 4684744442325058, 4684744442325058, 4684744442325074, 4684744442325074, 4684744442325074, 4684744442325074, 4684744442325074, 4684744442325074, 4684744442325074, 4684744442325074, 4684744442325074, 4684744442325074, 4684744442325074, 4684744442325074, 22699142951807058]
[4684745516066882, 4684745516066882, 4684745516066882, 4684745516066882, 4684745516066882, 4684745516066882, 4684745516066882, 4684745516066882, 4684745516066882, 4684745516066882, 4684745516066882, 4684745516066882, 4684745516066882, 4684745516066882, 4684745516066882, 4684745516066882, 4684745516066882, 4684745516066882, 4684745516066882, 4684745516066882, 4684745516066882, 4684745516066882, 4684745516066882, 4684745516066882, 4684745516066882, 4684745516066882, 4684745516066882, 4684745516066882, 4684745516066882, 4684745516066882, 4684745516066882, 4684745516066882, 4684744442325058, 4684744450713666, 4684744450713666, 4684744450713666, 4684744450713666, 4684744450713666, 4684744450713666, 4684744450713666, 4684744450713666, 4684744450713666, 4684744450713666, 4684744450713666, 4684744450713666, 4684744450713666, 4684744450713666, 4684744450713666, 4684744450713666, 4684744450713666, 4684744450713666, 4684744450713666, 4684744450713666, 4684744450713666, 4684744450713666, 4684744450713666, 4684744450713666, 4684744450713666, 4684744450713666, 4684744450713666, 4684744450713666, 4684744450713666, 4684744450713666, 4684744450713666, 4684744450713666, 4684744450713666, 4684744450713666, 4684744450713666, 4684744450713666, 4684744450713666, 4684744450713666, 4684744450713666, 4684744450713666, 4684744450713666, 4684744450713666, 4684744450713666, 4684744450713666, 4684744450713666, 4684744450713666, 4684744450713666, 4684744450713666, 4684744450713666, 4684744450713666, 4684744450713666, 4684744442325058, 4684744442325058, 4684744442325058, 4684744442325058, 4684744442325058, 4684744442325058, 4684744442325058, 4684744442325058, 4684744442325058, 4684744442325058, 4684744442325058, 4684744442325058, 4684744442325058, 4684744442325058, 4684744442325058, 4684744442325058, 4684744442325058, 4684744442325058, 4684744442325058, 4684744442325058, 4684744442325058, 4684744442325058, 4684744442325058, 4684744442325058, 4684744442325058, 4684744442325058, 4684744442325058, 4684744442325058, 4684744442325058, 4684744442325058, 4684744442325058, 4684744442325058, 4684744442325058, 4684744442325058, 4684744442325058, 4684744442325058, 4684744442325058, 4684744442325058, 4684744442325058, 4684744442325058, 4684744442325058, 4684744442325058, 4684744442325058, 4684744442325058, 4684744442325058, 4684744442325058, 4684744442325058, 4684744442325058, 4684744442325058, 4684744442325058, 4684744442325058, 4684744442325058, 4684744442325058, 4684744442325058, 4684744442325058, 4684744442325058, 4684744442325058, 4684744442325058, 4684744442325058, 4684744442325058, 4684744442325058, 4684744442325058, 4684744442325058, 4684744442325058, 4684744442325058, 4684744442325058, 4684744442325058, 4684744442325058, 4684744442325058, 4684744442325058, 4684744442325058, 4684744442325058, 4684744442325058, 4684744442325058, 4684744442325058, 4684744442325058, 4684744442325186, 4684744442325186, 4684744442325186, 4684744442325186, 4684744442325186, 4684744442325186, 4684744442325186, 4684744442325194]
[4684745516066882, 4684745516066882, 4684745516066882, 4684745516066882, 4684745516066882, 4684745516067010, 4684745516067010, 4684745516067010, 4684745516067010, 4684745516067010, 4684745516067010, 4684745516067010, 4684745516067010, 4684745516067010, 4684745516067010, 4684745516067010, 4684745516067010, 4684745516067010, 4684745516067010, 4684745516067010, 4684745516067010, 4684745516067010, 4684745516067010, 4684745516067010, 4684745516067010, 4684745516067010, 4684745516067010, 4684745516067010, 4684745516067010, 4684745516067010, 4684745516067010, 4684745516067010, 4684745516067010, 4684745516067010, 4684745516067010, 4684745516067010, 4684745516067010, 4684745516067010, 4684745516067010, 4684745516067010, 4684745516067010, 4684745516067010, 4684745516067010, 4684745516067010, 4684745516067010, 4684745516067010, 4684745516067010, 4684745516067010, 4684745516067010, 4684745516067010, 4684745516067010, 4684745516067010, 4684745516067010, 4684745516067010, 4684745583175874, 4684745585273026]
[4684745516066882, 4684745516066882, 4684745516066882, 4684745516066882, 4684745516066882, 4684745516066882, 4684745516066882, 4684745516066882, 4684745516066898, 4684745516066898, 4684745516066898, 4684745516066898, 4684745516066898, 4684745516066898, 4684745516066898, 4684745516066898, 4684745516066898, 4684745516066898, 4684745516066898, 4684745516066898, 4684745516066898, 4684745516066898, 4684745516066898, 4684745516066898, 4684745516066898, 4684745516066898, 4684745516066898, 4684745516066898, 4684745516066898, 4684745516066898, 4684745516066898, 4684745516066898, 4684745516066898, 4684745516066898, 4684745516066898, 4684745516066898, 4684745516066898, 4684745516066898, 4684745516066898, 4684745516066898, 4684745516066898, 4684745516066898, 4684745516066898, 4684745516066898, 4684745516066898, 4684745516066898, 4684745516066898, 4684745516066898, 4684745516066898, 4684745518164050, 4684745518164050, 4684745518164050, 4684745518164050, 4684745518164050, 4684745518164050, 4684745518164050, 4684745516066898, 4684745516066898, 4684745516066898, 4684745516066898, 4684745516066898, 4684745516066898, 4684745516066898, 4684745516066898, 4684745516066898, 4684745516066898, 4684745516066898, 4684745516066898, 4684745516066898, 4684745516066898, 4684745516066898, 4684745516066898, 4684745516066898, 4684745516066898, 4684745516066898, 4684745516066898, 4684745516066898, 4684745516066898, 4684745516066898, 4684745516066898, 4684745516066898, 4684745516066898, 4684745516066898, 4684745516066898, 4684745516066898, 4684745516066898, 4684745516066898, 4684745516066898, 4684745516066898, 4684745516066898, 4684745516066898, 4684745516066898, 4684745516066898, 4684745516066898, 4684745516066898, 4684745516066898, 4684745516066898, 4684745516066898, 4684745516066898, 4684745516066898, 4684745516066898, 4684745516066898, 4684745516066898, 4684745516066898, 4684745516066898, 4684745516066898, 4684745516066898, 4649561143978066, 4649561143978066, 4649561143978066, 4649561143978066, 4649561143978066, 4649561143978066, 4649561143978066, 4649561143978066, 4649560875542610]
[4684745516066882, 4684745516066882, 4684745516066882, 4684745516066882, 4684745516066882, 4684745516066882, 4684745516066882, 4684745516066882, 4684745516066882, 4684745516066882, 4684745516066882, 4684745516066882, 4684745516066882, 4684745516066882, 4684745516066882, 4684745516066882, 4684745516066882, 4684745516066882, 4684745516066882, 4684745516066882, 4684745516066882, 4684745516066882, 4684745516066882, 4684745516066882, 4684745516066882, 4684745516066882, 4684745516066882, 4684745516066882, 4684745516066882, 4684745516066882, 4684745516066882, 4684745516066882, 4684745516066882, 4684745516066882, 4684745516066882, 4684745516066882, 4684745516066882, 4684745516066882, 4684745516066882, 4684745516066882, 4684745516066882, 4684745516066882, 4684745516066882, 4684745516066882, 4684745516066882, 4684745516066882, 4684745516066882, 4684745516066882, 22699144025548866, 22699144025548866, 22699144025548866, 22699144025548866, 22699144025548866, 22699144025548866, 4684745516066882, 4684745516066882, 4684745516066882, 4684745516066882, 4684745516066882, 4684745516066882, 4684744442325058, 4684744442325058, 4684744442325058, 4684744442325058, 4684744442325058, 4684744442325058, 4684744442325058, 4684744442325058, 4684744442325058, 4684744442325058, 4684744442325058, 4684744442325058, 4684744442325058, 4684744442325058, 4684744442325058, 4684744442325058, 4684744442325058, 4684744442325058, 4684744442325058, 4684744442325058, 4684744442325058, 4684744442325058, 4684744442325058, 4684744442325058, 4684744442325058, 4684744442325058, 4684744442325058, 4684744442325058, 4684744442325058, 4684744442325058, 4684744442325058, 4684744442325058, 4684744442325058, 4684744442325058, 4684744442325058, 4684744442325058, 4684744442325058, 4684744442325058, 4684744442325058, 4684744442325058, 4684744442325058, 4684744442325058, 4684744442325058, 4684744442325058, 4684744442325058, 4684744442325058, 4684744442325058, 4684744442325058, 4684744442325058, 4684744442325058, 4684744442325058, 4684744442325058, 4684744442325058, 4684744442325058, 4684744442325058, 4684744442325058, 4684744442325058, 4684744442325058, 4684744442325058, 4684744442325058, 4684744442325058, 4684744442325058, 4684744442325058, 4684744442325058, 4684744442325058, 4684744442325058, 4684744442325058, 4684744442325058, 4684744442325058, 4684744442325058, 4684744442325058, 4684744442325058, 4684744442325058, 4684744442325058, 4684744442325058, 4684744442325058, 4684744442325058, 4684744442325058, 4684744442325058, 4684744442325058, 4684744442325058, 4684744442325058, 4684745516066882, 4684745516066882, 4684745516066882, 4684745516066882, 4684745549621314, 4684745549621314, 4684745549621314, 4684745549621314, 4684745549621314, 4684745549621314, 4684745549621314, 4684745549621314, 4684745549621314, 4684745549621314, 4684745549621314, 4684745549621314, 4684745549621314, 4684745549621314, 4684745549621314, 4684745549621314, 4702337735665730, 4702337735665730, 4702337735665730, 4702337735665730, 4702337735665730, 4702337735665730, 4702337735665730, 4702337735665730, 4702337735665730, 4702337735665730, 4702337735665730, 4702337735665730, 4702337735665730, 4702337735665730, 4702337735665730, 4702337735665730, 4702337735665730, 4702337735665730, 4702337737762882]
[4684745516066882, 4684745516066882, 4684745516066882, 4684745516066882, 4684745516066882, 4684745516066882, 4684745516066882, 4684745516066882, 4684745516066882, 4684745516066882, 4684745516066882, 4684745516066882, 4684745516066882, 4684745516066882, 5247695469488194, 5247695469488194, 5247695469488194, 5247695469488194, 5247695469488194, 5247695469488194, 5247695469488194, 5247695469488194, 5247695469488194, 5247695471585346, 5247695471585346, 5247695471585346, 5247695471585346, 5247695471586370]
[4684745516066882, 4684745516066882, 4684745516066882, 4684745516066882, 4684745518164034, 4684745518164034, 4684745518164034, 4684745518164034, 4684745518164034, 4684745518164034, 4684745518164034, 4684745518164034, 4684745518164034, 4684745518164034, 4684745518164034, 4684745518164034, 4684745518164034, 4684745518164034, 4684745518164034, 4684745518164034, 4684745518164034, 4684745518164034, 4684745518164034, 4684745518164034, 4684745518164034, 4684745518164034, 4684745518164034, 4684745518164034, 4684745518164034, 4684745518164034, 4684745518164034, 4684745518164034, 4684745518164034, 4684745518164034, 4684745518164034, 4684745518164034, 4684882957117506, 4684882957117506, 4684882957117506, 4684882957117506, 4684882957117506, 4684882957117506, 4684882957117506, 4684882957117506, 4684882957117506, 4684882957117506, 4684882957117506, 4684882957117506, 4684882957117506, 4684882957117506, 4684882957117506, 4684882957117506, 4684882957117506, 4684882957117506, 4684882957117506, 4684882957117506, 4684882957117506, 4684882957117506, 4684882957117506, 4684882957117506, 4684882957117506, 4684882957117506, 4684882957117506, 4684882957117506, 4684882957117506, 4684882957117506, 4684882957117506, 4684882957117506, 4684745518164034, 4684745518164034, 4684745518164034, 4684745518164034, 4684745518164034, 4684745518164034, 4684745518164034, 4684745518164034, 4684745518164034, 4684745518164034, 4684745518164034, 4684745518164034, 4684745518164034, 4684745518164034, 4684745518164034, 4684745518164034, 4684745518164034, 4684745518164034, 4684745518164034, 4684745518164034, 4684745518164034, 4684745518164034, 4684745518164034, 4684745518164034, 4684745518164034, 4684745518164034, 4684745518164034, 4684745518164034, 4684745518164034, 4684745518164034, 4684745518164034, 4684745518164034, 4680347471652930, 4680347471652930, 4680347471652930, 4680347471652930, 4680347471652930, 4680347471652930, 4680347471652930, 4680347471652930, 4680347471652930, 4680347471652930, 4680347471652930, 4680347471652930, 4680347471652930, 4680347471652930, 4680347471652930, 4680347471652930, 4680347469555778, 4680347469555778, 4680347469555778, 4680347469555778, 4680347469555778, 4680347469555778, 4680347469555778, 4680347469555778, 4680347469555778, 4680347469555778, 4680347469555778, 4680347469555778, 4680347469555778, 4680347469555778, 4680347469555778, 4680347469555778, 4680347469555778, 4680347469555778, 4680347469555778, 4680347469555778, 4680347469555778, 4680347469555778, 4680347469555778, 4680347469555778, 4680347469555778, 4680347469555778, 4680347469555778, 4680347469555778, 4680347469555778, 4680347469555778, 4680347469555778, 4680347469555778, 4680347469555778, 22694745979037762, 22694745979037762, 22694745979037762, 22694745979037762, 22694745979037762, 22694745979037762, 22694745979037762, 22694745979037762, 23257695932459074]
[4684745516066882, 4684745516066882, 4684745516066882, 4684745516066882, 4684745516066882, 4684745516066882, 4684745516066882, 5247695469488194, 5247695469488194, 5247695469488194, 5247695469488194, 5247695469488194, 5256491562510402, 5256491562510402, 5256491562510402, 5256491562510402, 5256491562510402, 5256491562510402, 5256491562510402, 5256491562510402, 5256491562510402, 5256491562510402, 5256491562510402, 5256491562510402, 5256491562510402, 5256491562510402, 5256491562510402, 5256491562510402, 5256491562510402, 5256491562510402, 5256491562510402, 5256491562510402, 5256491562510402, 5256491562510402, 5256491562510402, 5256491562510402, 5256491562510402, 5256491562510402, 5256491562510402, 5256491562510402, 5256491562510402, 5256491562510402, 5256491562510402, 5256491562510402, 5256491562510402, 5256491562510402, 5256491562510402, 5256491562510402, 5256491562510402, 5274083748554818]
[4684745516066882, 4684745516066882, 4684745516066882, 4684745516066882, 4684745516066882, 4684745516066882, 4684745516066882, 4684745516066882, 4684745516066882, 4684745516066882, 4684745516066882, 4684745516066882, 4684745516066882, 4684745516066882, 4684745516066882, 4684745516066882, 4684745516066882, 4684745516066882, 4684745516066882, 4684745516066882, 4684745516066882, 4684745516066882, 4684745516066882, 4684745516066882, 4684745516066882, 4684746052937794, 4684746052937794, 4684746052937794, 4684746052937794, 4684746052937794, 4684746052937794, 4684746052937794, 4684746052937794, 4684746052937794, 4684746052937794, 4684746052937794, 4684746052937794, 4684746052937794, 4684746052937794, 4684746052937794, 4684746052937794, 4684746052937794, 4684746052937794, 4684746052937794, 4684746052937794, 4684746052937794, 4684746052937794, 4684746052937794, 4684746052937794, 4684746052937794, 4684746052937794, 4684746052937794, 4684746052937794, 4684746052937794, 4684746052937794, 4684746052937794, 4684746052937794, 4684746052937794, 4684746052937794, 4684746052937794, 4684746052937794, 4684746052937794, 4684746052937794, 4684746052937794, 4684746052937794, 4684746052937794, 4684746052937794, 4684746052937794, 4684746052937794, 4684746052937794, 4684746052937794, 4684746052937794, 4684746052937794, 4684746052937794, 4684746052937794, 4684746052937794, 4684746052937794, 4684746052937794, 4684746052937794, 4684746052937794, 4684746052937794, 4684746052937794, 4684746052937794, 4684746052937794, 4684746052937794, 4684746052937794, 4684746052937794, 4684746052937794, 4684746052937794, 4684746052937794, 4684746052937794, 4684746052937794, 4684746052937794, 4684746052937794, 6936545866623042, 6936545866623042, 6936545866623042, 6936545866623042, 6936545866623042, 6936545866623042, 6936545329752130, 6936545329752130, 6936545329752130, 6936545329752130, 6936545329752130, 6936545329752130, 6936545329752130, 6936545329752130, 6936545329752130, 6936545329752130, 6936545329752130, 6936545329752130, 6936545329752130, 6936545329752130, 6936545329752130, 6936545329752130, 6936545329752130, 6936545329752130, 6936545329752130, 6936545329752130, 6936545329752130, 6936545329752130, 6936545329752130, 6936545329752130, 6936545329752130, 6936545329752130, 6936545329752130, 6936545329752130, 6936545329752130, 6936545329752130, 6936545329752130, 6936545329752130, 6936545329752130, 6936545329752130, 6936545329752130, 6936545329752130, 6936545329752130, 6936545329752130, 6936545329752130, 6936545329752130, 6936545329752130, 6936545329752130, 6936545329752130, 6936545329752130, 6936545329752130, 6936545329752130, 6936545329752130, 6936545329752130, 6936545329752130, 6936545329752130, 6936545329752130, 6936545329752130, 6936545329752130, 6936545329752162, 6936545329752162, 6936545329752162, 6936545329752162, 6936545329752162, 6936545329752162, 6936545329752162, 6936545329752162, 6936545329752162, 6936545329752162, 6936545329752162, 6936545329752162, 6936545329752162, 6936682768705634]
[4684745516066882, 4684745516066882, 4684745516066882, 4684745516066882, 4684745516066882, 4684745516066882, 22699144025548866, 22699144025548866, 22699144025548866, 22699144025548866, 22707940118571074, 22707940118571074, 22707940118571074, 23270890071992386]
[4684745516066882, 4684745516066882, 4684745516066882, 4684745516066882, 4684745516066882, 4684745516066882, 4684745516066882, 4684745516066882, 4684745516066882, 4684745516066882, 4684745516066882, 4684745516066882, 4684745516066882, 4684745516066882, 4684745516066882, 4684745516066882, 4684745516066882, 4684745516066882, 4684745516066882, 4684745516066882, 4684745516066882, 4684745516066882, 4684745516066882, 4684745516066882, 4684745516066882, 4684745516066882, 4684745516066882, 4684745516066882, 4684745516066882, 4684745516066882, 4684745516066882, 4684745516066882, 4684745516066882, 4684745516066882, 4684745516066882, 4684745516066882, 4684745516066882, 4684745516066882, 4684745516066882, 4684745516066882, 4684745516066882, 4684745516066882, 4684745516066882, 4684745516066882, 4684745516066882, 4684745516066882, 4684745516066882, 4684745516066882, 4684745516066882, 4684745516066882, 4684745516066882, 4684745516066882, 4684745516066882, 4684745516066882, 4684745516066882, 4684745516066882, 4684745516066882, 4684745516066882, 4684745516066882, 4684745516066882, 4684745516066882, 4684745516066882, 4684745516066882, 4684745516066882, 4684745516066882, 4684745516066882, 4684745516066882, 4684745516067010, 4684745516067010, 4684745516067010, 4684745516067010, 4684745516067010, 4684745516067010, 4684745516067010, 4684745516067010, 4684745516067010, 4684745516067010, 4684745516067010, 4684745516067010, 4684745516067010, 4684745516067010, 4684745516067010, 4684745516067010, 4684745516067010, 4684745516067010, 4684745516067010, 4684745516067010, 4684745516067010, 4684745516067010, 4684745516067010, 4684745516067010, 4684745516067010, 4684745516067010, 4684745516067010, 4684745516067010, 4684745516067010, 4684745516067010, 4684745516067010, 4684745516067010, 4684745516067010, 4684745516066882, 4684745516066882, 4684745516066882, 4684745516066882, 4684745516066882, 4684745516066882, 4684745516066882, 4684745516066882, 4684745516066882, 4684745516066882, 4684745516066882, 4684745516066882, 4684745516066882, 4684745516066882, 4684745516066882, 4684745516066882, 4684745516066882, 4684745516066882, 4684745516066882, 4684745516066882, 4684745516066882, 4684745516066882, 4684745516066882, 4684745516066882, 4684745516066882, 4684745516066882, 4684745516066882, 4684745516066882, 4684745516066882, 4684745516066882, 4684745516066882, 4684745516066882, 4684745516066882, 4684745516066882, 4684745516066882, 4684745516066882, 4684745516066882, 4684745516066882, 4684745516066882, 4684745516066882, 4684745516066882, 4684745516066882, 4684745516066882, 4684745516066882, 4684745516066882, 4684745516066882, 4684745516066882, 4684745516066882, 4684745516066882, 4684745516066882, 4684745516066882, 4684745516066882, 4684745516066882, 4684745516066882, 4684745516066882, 4684745516066882, 4684745516066882, 4684745516066882, 4684745516066882, 4684745516066882, 4684745516066882, 4684745516066882, 4684745516066882, 4684745516066882, 4684745516066882, 4684745516066882, 4684745516066882, 4684745516066882, 4684745516066882, 4684745516066882, 4684745516066882, 4684745516066882, 4684745516066882, 4684745516066882, 4684745516066882, 4684745516066882, 4684745516066882, 4684745516066882, 4684745516066882, 4684745516066882, 4684745516066882, 4684745516066882, 4684745516066882, 4684745516066882, 4684745516066882, 4684745516066882, 4684745516066882, 4684745516066882, 4684745516066882, 4684745516066882, 4684745516066882, 4684745516066882, 4684745516066882, 4684745516066882, 4684745516066882, 4684745516066882, 4684745516066882, 4684745516066882, 4684745516066882, 4684745516066882, 4684745516066882, 4684745516066882, 4684745516066882, 4684745516066882, 4684745516066882, 4684745516066882, 4684745516066882, 4684745516066882, 4684745516066882, 4684745516066882, 4684745516066882, 4684745516066882, 4684745516066882, 4684745516066882, 4684745516066882, 4684745516066882, 4684745516066882, 4684745516066882, 4684745516066882, 4684745516066882, 4684745516066882, 4684745516066882, 4684745516066882, 4684745516066882, 4684745516066882, 4684745516066882, 4684745516066882, 4684745516066882, 4684745516066882, 4684745516066882, 4684745516066882, 4684745516066882, 4684745516066882, 4684745516066882, 4684745516066882, 4684745516066882, 4684745516066882, 4684745516066882, 4684745516066882, 4684745516066882, 4684745516066882, 4684745516066882, 4684745516066882, 4684745516066882, 4684745516066882, 4684745516066882, 4684745516066882, 4684745516066882, 4684745516066882, 4684745516066882, 4684745516066882, 4684745516066882, 4684745516066882, 4684745516066882, 4684745516066882, 4684745516066882, 4684745516066882, 4684745516066882, 4684745516066882, 4684745516066882, 4684745516066914, 4684745516066914, 4684745516066914, 4684745516066914, 4684745516066914, 4684745516066914, 4684745516066914, 4684745516066914, 4684745516066914, 4684745516066914, 4684745516066914, 4684745516066914, 4684745516066914, 4684745516066914, 4684745516066914, 4684745516066914, 4684745516066914, 4684745516066914, 4684745516066914, 22699144025548898, 22699144025548898, 22699144025548898, 22699144025548898, 22699144025548898, 22699144025548898, 22699144025548898, 22699144025548898, 22699144025548898, 22699144059103330]
[4684745516066882, 4684745516066882, 4684745516066882, 4684745516066882, 4684745516066882, 4684745516066882, 4684745516066882, 4684745516066882, 4684745516066882, 4684745516066882, 4684745516066882, 4684745516066882, 4684745516066882, 4684745516066882, 4684745516066882, 4684745516066882, 4684745516066882, 4684745516066882, 4684745516066882, 4684745516066882, 4684745516066882, 4684745516066882, 4684745516066882, 4684745516066882, 4684745516066882, 4684745516066882, 4684745516066882, 4684745516066882, 4684745516066882, 4684745516066882, 4684745516066882, 4684745516066882, 4684745516066882, 4684745516066882, 4684745516066882, 4684745516066882, 4684745516066882, 4684745516066882, 4684745516066882, 4684745516066882, 4684745516066882, 4684745516066882, 4684745516066882, 4684745516066882, 4684745516066882, 4684745516066882, 4684745516066882, 4684745516066882, 4684745516066882, 4684745516066882, 4684745516066882, 4684745516066882, 4684745516066882, 4684745516066882, 4684745516066882, 4684745516066882, 4684745516066882, 4684745516066882, 4684745516066882, 4684745516066882, 4684745516066882, 4684745516066914, 4684745516066914, 4684745516066914, 4684745516066914, 4684745516066914, 4684745516066914, 4684745516066914, 4684745516066914, 4684745516066914, 4684745516066914, 4684745516066914, 4684745516066914, 4684745516066914, 4684745516066914, 4684745516066914, 4684745516066914, 4684745516066914, 4684745516066914, 4684745516066914, 4684745516066914, 4684745516066914, 4684745516066914, 4684745516066914, 4684745516066914, 4684745516066914, 4684745516066914, 4684745516066914, 4684745516066914, 4684745516066914, 4684745516066914, 4684745516066914, 4684745516066914, 4684745516066914, 4684745516066914, 4684745516066914, 4684745516066914, 4684745516066914, 4684745516066914, 4684745516066882, 4684745516066882, 4684745516066882, 4684745516066882, 4684745516066882, 4684745516066882, 4684745516066882, 4684745516066882, 4684745516066882, 4684745516066882, 4684745516066882, 4684745516066882, 4684745516066882, 4684745516066882, 4684745516066882, 4684745516066882, 4684745516066882, 4684745516066882, 4684745516066882, 4684745516066882, 4684745516066882, 4684745516066882, 4684745516066882, 4684745516066882, 4684745516066882, 4684745516066882, 4684745516066882, 4684745516066882, 4684745516066882, 4684745516066882, 4684745516066882, 4684745516066882, 4684745516066882, 4684745516066882, 4684745516066882, 4684745516066882, 4684745516066882, 4684745516066882, 4684745516066882, 4684745516066882, 4684745516066882, 4684745516066882, 4684745516066882, 4684745516067010, 4684745516067010, 4684745516067010, 4684745516067010, 4684745516067010, 4684745516067010, 4684745516067010, 4684745516067010, 4684745516067010, 4684745516067010, 4684745516067010, 4684745516067010, 4684745516067010, 4684745516067010, 4684745516067010, 4684745516067010, 4684745516067010, 4684745516067010, 4684745516067010, 4684745516067010, 4684745516067010, 4684745516067010, 6936545329752258, 6936545329752258, 6936545329752258, 6936545329752258, 6936545329752258, 6936545329752258, 6936545329752258, 4684745516067010, 4684745516067010, 4684745516067010, 4684745516067010, 4684745516067010, 4684745516067010, 4684745516067010, 4684745516067010, 4684745516067010, 4684745516067010, 4684745516067010, 4684745516067010, 4684745516067010, 4684745516067042, 4684745516067042, 4684745516067042, 4684745516067042, 4684745516067042, 4684745516067042, 4684745516066914, 4684745516066914, 4684745516066914, 4684745516066914, 4684745516066914, 4684745516066914, 4684745516066914, 4684745516066914, 4684745516066914, 4684745516066914, 4684745516066914, 4684745516066914, 4684745516066914, 4684745516066914, 4684745516066914, 4684745516066914, 4684745516066914, 4684745516066914, 4684745516066914, 4684745516066914, 4684745516066914, 4684745516066914, 4684745516066914, 4684745516066914, 4684745516066882, 4684745516066882, 4684745516066882, 4684745516066882, 4684745516066882, 4684745516066882, 4684745516066882, 4684745516066882, 4684745516066882, 4684745516066882, 4684745516066882, 4684745516066882, 4684745516066882, 4684745516066882, 4684745516066882, 4684745516066882, 4684745516066882, 4684745516066882, 4684745516066882, 4684745516066882, 4684745516066882, 4684745516066882, 4684745516066882, 4684745516066882, 4684745516066882, 4684745516066882, 4684745516066882, 4684745516066882, 4684745516066882, 4684745516066882, 4684745516066882, 4684745516066882, 4684745516066882, 4684745516066882, 4684745516066882, 4684745516066882, 4684745516066882, 4684745516066882, 4684745516066882, 4684745516066882, 4684745516066882, 4684745516066882, 4684745516066882, 4684745516066882, 4684745516066882, 4684745516066882, 4684745516066882, 4684745516066882, 4684745516066882, 4684745516066882, 4684745516066882, 4684745516066882, 4684745516066882, 4684745516066882, 4684745516066882, 4684745516066882, 4684745516066882, 4684745516066882, 4684745516066882, 4684745516066882, 4684745516066882, 4684745516066882, 4684745516066882, 4684745516066882, 4684745516066882, 4684745516066882, 4684745516066882, 4684745516066882, 4684745516066882, 4684745516066882, 4684745516066882, 4684745516066882, 4684744442325058, 4684744442325058, 4684744442325058, 4684744442325058, 4684744442325058, 4684744442325058, 22699142951807042, 22699142951807042, 22699142951807042, 22699142951807042, 22699142951807042, 24950942765492290]
[4684745516066882, 4684745516066882, 4684745516066882, 4684745516066882, 4684745516066882, 4684745516066882, 4684745516066882, 4684745516066882, 4684745516066882, 4684745516066882, 4684745516066882, 4684745516066882, 4684745516066882, 4684745516066882, 4684745516066882, 4684745516066882, 4702337702111298, 4702337702111298, 4702337702111298, 4702337702111298, 4702337702111298, 4702337702111298, 4702337702111298, 4702337702111298, 4702337702111298, 4702337702111298, 4702337702111298, 4702337702111298, 4702337702111298, 4702337702111298, 4702337702111298, 4702337702111298, 4702337702111298, 4702337702111426, 4702337702111426, 4702337702111426, 4702337702111426, 4702337702111426, 4702337702111426, 4702337702111426, 4702337702111426, 4702337702111426, 4702337702111426, 4702337702111426, 4702337702111426, 4702337702111426, 4702337702111426, 4702337702111426, 4702337702111426, 4702337702111426, 4702337702111426, 4702337702111426, 4702337702111426, 4702337702111426, 4702337702111426, 4702337702111426, 4702337702111426, 5265287655532738]
[4684745516066882, 4684745516066882, 22699144025548866, 22699144025548866, 22699144025548866, 22699144025548866, 22699144025548866, 22699144025548866, 22699144025548866, 22699144025548866, 22699144025548866, 22699144025548866, 22699144025548866, 22699144025548866, 22699144025548866, 22699144025548866, 22699144025548866, 22699144025548866, 22699144025548866, 22699144025548866, 22699144025548866, 22699144025548866, 22699144025548866, 22699144025548866, 22699144025548866, 22699144025548866, 22699144025548866, 22699144025548866, 22699144025548866, 22699144025548866, 22699144025548866, 22699144025548866, 22699144025548866, 22699144025548866, 22699144025548866, 22699144025548866, 22699144025548866, 22699144025548866, 22699144025548866, 22699144025548866, 22699144025548866, 22699144025548866, 22699144025548866, 22699144025548866, 22699144025548866, 22699144025548866, 22699144025548866, 22699144025548866, 22699144025548866, 22699144025548866, 22699144025548994, 22699144025548994, 22699144025548994, 22699144025548994, 22699144025548994, 22699144025548994, 22699144025548994, 22699144025548994, 22699144025548994, 22699144025548994, 22699144025548994, 22699144025548994, 22699144025548994, 22699144025548994, 22699144025548994, 22699144025548994, 22699144025548994, 22699144025548994, 22699144025548994, 22699144025548994, 22699144025548994, 22699144025548994, 22699144025548994, 22699144059103426]
[4684745516066882, 4684745516066882, 4684745516066882, 4684745516066882, 4684745516066882, 4684745516066882, 4684745516066882, 4684745516066882, 4684745516066882, 4684745516066882, 4684744442325058, 4684744442325058, 4684744442325058, 181144814954562, 181144814954562, 181144814954562, 181144814954562, 181144814954562, 181144814954562, 181144814954562, 181144814954562, 181144814954562, 181144814954562, 181144814954562, 181144814954562, 181144814954562, 181144814954562, 181144814954562, 181144814954562, 181144814954562, 181144814954562, 181144814954562, 181144814954562, 181144814954562, 181144814954562, 181144814954562, 181144814954562, 181144814954562, 181144814954562, 181144814954562, 181144814954562, 181144814954562, 181144814954562, 181144814954562, 181144814954562, 181144814954562, 18195543324436546]
[4684745516066914, 181145888696418, 181145888696418, 181145888696418, 181145888696418, 183344911951970]
[4684745516066882, 4684745516066882, 4684745516066882, 4684745516066882, 4684745516066882, 4684745516066882, 4684745516066882, 4684745516066882, 4684745516066882, 4684745516066882, 4684745516066882, 4684745516066882, 4684745516066882, 4684745516066882, 4684745516066882, 4684745516066882, 4684745516066882, 4684745516066882, 4684745516066882, 4684745516066882, 4684745516066882, 4684745516066882, 4684745516066882, 4684745516066882, 4684745516066882, 4684745516066882, 4684745516066882, 4684745516066882, 181145888696386, 181145888696386, 181145888696386, 181145888696386, 181145888696386, 181145888696386, 181145888696386, 181145888696386, 181145888696386, 181145888696386, 181145888696386, 181145888696386, 181145888696386, 181145888696386, 181145888696386, 181145888696386, 181145888696386, 181145888696386, 181144814954562, 181144814954562, 181144814954562, 181144814954562, 181144814954562, 181144814954562, 181144814954562, 181144814954562, 181144814954562, 181144814954562, 181144814954562, 181144814954562, 181144814954562, 181144814954562, 181144814954562, 181144814954562, 181144814954562, 181144814954562, 2432944628639810]
[4684745516066882, 4684745516066882, 4684745524455490, 4684745524455490, 4684745524455490, 4684745524455490, 4684745524455490, 4684745524455490, 4684745524455490, 4684745524455490, 4684745524455490, 4684745524455490, 4684745524455490, 4684745524455490, 4684745524455490, 4684745524455490, 4684745524455490, 4684745524455490, 4684745524455490, 4684745524455490, 4684745524455490, 4684745524455490, 4684745524455490, 4684745524455490, 4684745524455490, 4684745524455490, 4684745524455490, 4684745524455490, 4684745524455490, 4684745524455490, 4684745524455490, 4684745524455490, 4684745524455490, 4684745524455490, 4684814243932226, 4684814243932226, 4684814243932226, 4684814243932226, 4684814243932226, 4684814243932226, 22699212753414210]
[4684745516066882, 4684745516066882, 4684745516066882, 4684745516066882, 4684745516066882, 4684745516066882, 4684745516066882, 4684745516066882, 4684745516066882, 4684745516066882, 4684745516066882, 4684745516066882, 4684745516066882, 4684745516066882, 4684745516066882, 4684745516066882, 181145888696386, 181145888696386, 181145888696386, 181145888696386, 181145888696386, 181145888696386, 181145888696386, 181145888696386, 181145888696386, 181145888696386, 181145888696386, 181145888696386, 181145888696386, 181145888696386, 4684745516066882, 4684745516066882, 4684745516066882, 4684745516066882, 4684745516066882, 4684745516066882, 4684745516066882, 4684745516066882, 4684745516066882, 5247695469488194, 5247695469488194, 5247695469488194, 5247695469488194, 5247695469488194, 5247695469488194, 5247695469488194, 5247695469488194, 5247695469488194, 5265287655532610, 5265287655532610, 5265287655532610, 5265287655532610, 5265287655532610, 5265287655532610, 5265287655532610, 5265287655532610, 5265287655532610, 5265287655532610, 5265287655532610, 5265287655532610, 5265287655532610, 5265287655532610, 5265287655532610, 5265287655532610, 5265287655532610, 5265287655532610, 5265287655532610, 5265287655532610, 5265287655532610, 5265287655532610, 5265287655532610, 5265287655532610, 5265287655532610, 5265287655532610, 5265287655532610, 5265287657629762]
[4684745516066882, 4684745516066882, 4684745516066882, 4684745516066882, 4684745516066882, 4684745516066882, 4684745516066882, 4684745516066882, 4684745516066882, 4684745516066882, 4684745516066882, 4684745516066882, 4684745516066882, 4684745516066882, 4684745516066882, 4684745516066882, 4684745516066882, 4684745516066882, 4684745516066882, 4684745516066882, 4684745516066882, 4684745516066882, 4684745516066882, 4684745516066882, 4684745524455490, 4684745524455490, 4684745524455490, 4684745524455490, 4684745524455490, 4684745524455490, 4684745524455490, 4684745524455490, 4684745524455490, 4684745524455490, 4684745524455490, 4684745524455490, 4684745524455490, 4684745524455490, 4684745524455490, 4684745524455490, 4684745524455490, 4684745524455490, 4684745524455490, 4684745524455490, 4684745524455490, 4684745524455490, 4684745524455490, 4684745524455490, 4684745524455490, 4684745524455490, 4684745524455490, 4684745524455490, 4684745524455490, 4684745524455490, 4684745524455490, 4684745524455490, 4684745524455490, 4684745524455490, 4684745524455490, 4684745524455490, 4684745524455490, 4684745524455490, 4684745524455490, 4684745524455490, 4684745524455490, 4684745524455490, 4684745524455490, 4684745524455490, 4684745524455490, 4684745524455490, 4684745524455490, 4684745524455490, 4684745524455490, 4684745524455490, 4684745524455490, 4684745524455490, 4684745524455490, 4684745524455490, 4684745524455490, 4684745524455490, 4684745524455490, 4684745524455490, 4684745524455490, 4684745524455490, 4684745524455490, 4684745524455490, 4684745524455490, 4684745524455490, 4684745524455490, 4684745524455490, 4684745524455490, 4684745524455490, 4684745524455490, 4684745524455490, 4684745524455490, 4684745524455490, 4684745524455490, 4684745524455490, 4684745524455490, 4684745524455490, 4684745524455490, 4684745524455490, 4684745524455490, 4684745524455490, 4684745524455490, 4684745524455490, 4684745524455490, 4684745524455490, 4684745524455490, 4684745524455490, 4684745524455490, 4684745524455490, 4684745524455490, 4684745524455490, 4684745524455490, 4684745524455490, 4684745524455490, 4684745524455490, 4684745524455490, 4684745524455490, 4684745524455490, 4684745524455490, 4684745524455490, 4684745524455490, 4684745524455490, 4684745524455490, 4684745516066882, 4684745516066882, 4684745516066882, 4684745516066882, 4684745516066882, 4684745516066882, 4684745516066882, 4684745516066882, 4684745516066882, 4684745516066882, 4684745516066882, 4684745516066882, 4684745516066882, 4684745516066882, 4684745516066882, 4684745516066882, 4684745516066882, 4684745516066882, 4684745516066882, 4684745516066882, 4684745516066882, 4684745516066882, 4684745516066882, 4684745516066882, 4684745516066882, 4684745516066882, 4684745516066882, 4684745516066882, 4684745516066882, 4684745516066882, 4684745516066882, 4684745516066882, 4684745516066882, 4684745516066882, 4684745516066882, 4684745516066882, 4684745516066882, 4684745516066882, 4684745516066882, 4684745516066882, 4684745516066882, 4684745518164034, 4684745518164034, 4684745518164034, 4684745518164034, 4684745516066882, 4684745516066882, 4684745516066882, 4684745516066882, 4684745516066882, 4684745516066882, 4684745516066882, 4684745516066882, 4684745516066882, 4684745516066882, 4684745516066882, 4684745516066882, 4684745516066882, 4684745516066882, 4684745516066882, 4684745516066882, 4684745516066882, 4684745516066882, 4684745516066882, 4684745516066882, 4684745516066882, 4684745516066882, 4684745516066882, 4684745516066882, 4684745516066882, 4684745516066882, 4684745516066882, 4684745516066882, 4684745516066882, 4684745516066882, 4684745516066882, 4684745516066882, 4684745516066882, 4684745516066882, 4684745516066882, 4684745516066882, 4684745516066882, 4684745516066882, 4684745516066882, 4684745516066882, 4684745516066882, 4684745516066882, 4684745516066882, 4684745516066882, 4684745516066882, 4684745516066882, 4684745516066882, 4684745516066882, 4684745516066882, 4684745516066882, 4684745516066882, 4684745516066882, 4684745516066882, 4684745516066882, 4684745516066882, 4684745516066882, 4684745516066882, 4684745516066882, 4684745516066882, 4684745516066882, 4684745516066882, 4684745516066882, 4684745516066882, 4684745516066882, 4684745516066882, 4684745516066882, 4684745516066882, 4684745516066882, 4684745516066882, 4684745516066882, 4684745516066882, 4684745516066882, 4684745516066882, 4684745516066882, 4684745516066882, 4684745516066882, 4684745516066882, 4684745516066882, 4684745516066898, 4684745516066898, 4684745516066898, 4684745516066898, 4684745516066898, 4684745516066898, 4684745516066898, 4684745516066898, 4684745516066898, 4684745516066898, 4684745516066898, 4684745516066898, 4684745516066898, 4684745516066898, 4684745516066898, 4684745516066898, 4684745516066898, 4684745516066898, 4684745516066898, 4684745516066898, 4684745516066898, 4684745516066898, 4684745516066898, 4684745516066898, 4684745516066898, 4684745516066898, 4684745516066898, 4684745516066898, 4684745516066898, 4684745516066898, 4684745516066898, 4684745516066898, 4684745516066898, 4684745516066898, 4684745516066898, 4684745516066898, 4684745516066898, 4684745516066898, 4684745516066898, 4684745516066898, 4684745516066898, 4684745516066898, 4684745516066898, 4684745516066898, 4684745516066898, 4684745516066898, 4684745516066898, 4684745516066898, 4684745516066898, 4684745516066898, 4684745516066898, 4684745516066898, 4684745516066898, 4684745516066898, 4684745516066898, 4684745516066898, 4684745516066898, 4684745516066898, 4684745516066898, 4684745516066898, 4684745516066898, 4684745516066898, 4684745516066898, 4684745516066898, 4684745516066898, 4684745516066898, 4684745516066898, 4684745516066898, 4684745516066898, 4684745516066898, 4684745516066898, 4684745516066898, 4684745516066898, 4684745516066898, 4684745516066898, 22699144025548882, 22699144025548882, 22699144025548882, 22699144025548882, 22699144025548882, 22699144025548882, 22699144025548882, 22699144025548882, 22699144025548882, 22699144025548882, 22699144025548882, 22699144025548882, 22699144025548882, 22699144025548882, 22699144025548882, 22699144025548882, 22699144025548882, 22699144025548882, 22699144025548882, 22699144025548882, 22699144025548882, 22699144025548882, 22699144033937490]
[4684745516066882, 4684745516066882, 4684745516066882, 4684745516066882, 6936545329752130, 6936545329752130, 6936545329752130, 6936545329752130, 6936545329752130, 6936545329752130, 6936545329752130, 6936545329752130, 4684745516066882, 4684745516066882, 4684745516066882, 4684745516066882, 4684745516066882, 4684745516066882, 4684745516066882, 4702337702111298, 4702337702111298, 4702337702111298, 4702337702111298, 4702337702111298, 4702337702111298, 4702337702111298, 4702337702111298, 4702337702111298, 4702337702111298, 4702337702111298, 4702337702111298, 4702337702111298, 4702337702111298, 4702336628369474, 4702336628369474, 4702336628369474, 4702336628369474, 4702336628369474, 4702337165240386]
[4684745516066882, 4684745516066882, 4684745516066882, 4684745516066882, 4684745516066882, 4684745516066882, 4684745516066882, 4684745516066882, 4684745516066882, 4684745516066882, 4684745516066882, 4684745516066882, 4684745516066882, 4684745516066882, 4684745516066890, 4684745516066890, 4684745516066890, 4684745516066890, 4684745516066890, 4684745516066890, 4684745516066890, 4684745516066890, 4684745516066890, 4684745516066890, 4684745516066890, 4684745516066890, 4684745516066890, 4684745516066890, 4684745516066890, 4684745516066890, 4684745516066890, 4684745516066890, 4684745516066890, 4684745516066890, 4684745516066890, 4684745516066890, 4684745516066890, 4684745516066890, 4684745516067914, 4684745516067914, 4684745516067914, 4684745516067914, 4684745516067914, 4684745516067914, 4684745516067914, 4684745516067914, 4684745516067914, 4684745516067914, 4684745516067914, 4684745516067914, 4684745516067914, 4684745516067914, 4684745516067914, 4684745516067914, 4684745516067914, 4684745516067914, 4684745516067914, 4684745516067914, 4684745516067914, 4684745516067914, 4684745516067914, 4684745516067914, 4684745516067914, 4684745516067914, 4684745516067914, 4684745516067914, 4684745516067914, 4684745516067914, 4684745516067914, 4684745516067914, 4684745516067914, 4684745516067914, 4684745516067914, 4684745516067914, 4684745516067914, 4684745516067914, 4684745516067914, 4684745516067914, 4684745516067914, 4684745516067914, 4684745516067914, 4684745516067914, 4684745516067914, 4684745516067914, 4684745516067914, 4684745516067914, 4684745516067914, 4684745516067914, 4684745516067914, 4684745516067914, 4684745516067914, 4684745516067914, 4684745516067914, 4684745516067914, 4684745516067914, 4684745516067914, 4684745516067914, 4684745516067914, 4684745516067914, 4684745516067914, 4684745516067914, 4684745516067914, 4684745516067914, 4684745516067914, 4684745516067914, 4684745516067914, 4684745516067914, 4684745516067914, 4684745516067914, 4684745516067914, 4684745516067914, 4684745516067914, 4684745516067914, 4684745516067914, 4684745516067914, 4684745516067914, 4684745516067914, 4684745516067914, 4684745516067914, 4684745516067914, 4684745516067914, 4684745516067914, 4684745516067914, 4684745516067914, 4684745516067914, 4684745516067914, 4684745516067914, 4684745516067914, 4684745516067914, 4684745516067914, 4684745516067914, 4684745516067914, 4684745516067914, 4684745516067914, 4684745516067914, 4684745516067914, 4684745516067914, 4684745516067914, 4684745516067914, 4684745516067914, 4684745516067914, 4684745516067914, 4684745516067914, 4684745516067914, 4684745516067914, 4684745516067914, 4684745516067914, 4684745516067914, 4684745516067914, 4684745516067914, 4684745516067914, 4684745516067914, 4684745516067914, 4684745516067914, 4684745516067914, 4684745516067914, 4684745516067914, 4684745516067914, 4684745516067914, 4684745516067914, 4684745516067914, 4684745516067914, 4684745516067914, 4684745516067914, 4684745516067914, 4684745516067914, 4684745516067906, 4684745516067906, 4684745516067906, 4684745516067906, 4684745516067906, 4684745516067906, 4684745516067906, 4684745516067906, 4684745516067906, 4684745516067906, 4684745516067906, 4684745516067906, 4684745516067906, 4684745516067906, 4684745516067906, 4684745516067906, 4684745516067906, 4684745516067906, 4684745516067906, 4684745516067906, 4684745516067906, 4684745516067906, 4684745516067906, 4684745516067906, 4684745516067906, 4684745516067906, 4684745516067906, 4684745516067906, 4684745516067906, 4684745516067906, 4684745516067906, 4684745516067906, 4684745516067906, 4684744442326082, 4684744442326082, 4684744442326082, 4684744442326082, 4684744442326082, 4684744442326082, 4684744442326082, 4684744442326082, 4684744442326082, 4684744442326082, 4684744442326082, 4684744442326082, 4684744442326082, 4684744442326082, 4684744442326082, 4684744442326082, 4684744442326018]
[4684745516066882, 4684745516066882, 4684745516066882, 4684745516066882, 4684745516066882, 4684745516066882, 4684745516066882, 4684745516066882, 4684745516066882, 4684745516066882, 4684745516066882, 4684745516066882, 4684745516066882, 4684745516066882, 4684745516066882, 4684745516066882, 4684745516066882, 4684745516066882, 4684745516066882, 4684745516066882, 4684745516066882, 4684745516066882, 4684745516066882, 4684745516066882, 4684745516066882, 4684745516066882, 4684745516066882, 4684745516066882, 4684745516066882, 4684745516066882, 4684745516066882, 4684745516066882, 4684745516066882, 4684745516066882, 4684745516066882, 4684745516066882, 4684745516066882, 4684745516066882, 4684745516067010, 4684745516067010, 4684745516067010, 4684745516067010, 4684745516067010, 4684745516067010, 4684745516067010, 4684745516067010, 4684745516068034, 4684745516068034, 4684745516068034, 4684745516068034, 181145888697538]
[4684745516066882, 4684745516066882, 4684745516066882, 4684745516066882, 4684745516066882, 4684745516066882, 4684745516066882, 4684745516066882, 4684745516066882, 4684745516066882, 4684745516066882, 4684745516066882, 4684745516066882, 4684745516066882, 4684745516066882, 4684745516066882, 4702337702111298, 4702337702111298, 4702337702111298, 4702337702111298, 4702337702111298, 4702337702111298, 4702337702111298, 4702337702111298, 4702337702111298, 4702337702111298, 4702337702111298, 4702337702111298, 4702337702112322, 4702337702112322, 22716736211594306]
[4684745516066882, 4684745516066882, 4684745516066882, 4684745516066882, 4684745516066882, 4684745516066882, 4684745516066882, 4684745516066882, 4684745516066882, 4684745516066882, 4684745516066882, 4684745516066882, 4684745516066882, 4684745516066882, 4684745516066882, 4684745516066882, 4684745516066882, 4684745516066882, 4684745516066882, 4684745516066882, 4684745516066882, 4684745516066882, 4684745516066882, 4684745516066882, 4684745516066882, 4684745516066890, 4684745516066890, 4684745516066890, 4684745516066890, 4684745516066891, 4684745516066891, 4684745516066891, 4684745516066891, 4684745516066891, 4684745516066891, 4684745516066891, 4684745516066891, 4684745516066891, 4684745516066891, 4684745516066891, 4684745516066891, 4686944539322443]
[4684745516066882, 4684745516066882, 4684745516066882, 4684745516066882, 4684745516066882, 4684745516066882, 4684745516066882, 4684745516066882, 4684745516066882, 4684745516066882, 4684745516066882, 4684745516066882, 4684745516066882, 4684745516066882, 4684745516066882, 4684745516066882, 4684745516066882, 4684745516066882, 4684745516066882, 4684745516066882, 4684745516066882, 4684745516066882, 4684745516066882, 4684745516066882, 4684745516066882, 4684745516066882, 4684745516066882, 4684745516066882, 4684745516066882, 4684745516066882, 4684745516066882, 4684745516066882, 4684745516066882, 4684745516066882, 4684745516066882, 4684745516066882, 4684745516066882, 4684745516066882, 4684745516066882, 4684745516066882, 4684745516066882, 4684745516066882, 4684745516066882, 4684745516066882, 4684745516066882, 4684745516066882, 4684745516066882, 4684745516066882, 4684745516066882, 4684745516066882, 4684745516066882, 4684745516066882, 4684745516066882, 4684745516066882, 4684745516066882, 4684745516066882, 4684745516066882, 4684745516066882, 4684745516066882, 4684745516066882, 4684745516066882, 4684745516066882, 4684745516066882, 4684745516066882, 4684745516066882, 4684745516066882, 4684745516066882, 4684745516066882, 4684745516066882, 4684745516066882, 4684745516066882, 4684745516066882, 4684745516066882, 4684745516066882, 4684745516066882, 4684745516066882, 4684745516066882, 4684745516066882, 4684745516066882, 4684745516066882, 4684745516066882, 4684745516066882, 4684745516066882, 4684745516066882, 4684745516066882, 4684745516066882, 4684745516066882, 4684745516066882, 4684745516066882, 4684745516066882, 4684745516066882, 4684745516066882, 4684745516066882, 4684745516066882, 4684746052937794, 4684746052937794, 4684746052937794, 4684746052937794, 4684746052937794, 4684746052937794, 4684746052937794, 4684746052937794, 4684746052937794, 4684746052937794, 4684746052937810, 4684746052937810, 4684746052937810, 4684746052937810, 4684746052937810, 4684746052937810, 4684746052937810, 4684746052937810, 4684746052937810, 4684746052937810, 4684746052937810, 4684746052937810, 4684746052937810, 4684746052937810, 4684746052937810, 4684746052937810, 4684746052937810, 4684746052937810, 4684746052937810, 4684746052937810, 4684746052937810, 4684746052937810, 4684746052937810, 4684746052937810, 4684746052937810, 4684746052937810, 4684746052937810, 4684746052937810, 4684746052937810, 4684746052937810, 4684746052937810, 4684746052937810, 4684746052937810, 4684746052937810, 4684746052937810, 4684746052937810, 4684746052937810, 4684746052937810, 4684746052937810, 4684746052937810, 4684746052937810, 4684746052937810, 4684746052937811]
[4684745516066882, 4684745516066882, 4684745516066882, 4684745516066882, 4684745516066882, 4684745516066882, 4684745516066882, 4684745516066882, 4684745516066882, 4684745516066882, 4684745516066882, 4684745516066882, 4684745516066882, 4684745516066882, 4684745516066882, 4684745516066882, 4684745516066882, 4684745516066882, 4684745516066882, 4684745516066882, 4684745516066882, 4684745516066882, 4684745516066882, 4684745516066882, 4684745516066882, 4684745516066882, 4684745516066882, 4684745516066882, 4684745516066882, 4684745516066882, 4684745516066882, 4684745516066882, 4684745516066882, 4684745516066882, 4684745516066882, 4684745516066882, 4684745516066882, 4684745516066882, 4684745516066882, 4684745516066882, 4684745516066882, 4684745516066882, 4684745516066882, 4684745516066882, 4684745516066882, 4684745516066882, 4684745516067906, 4684745516067906, 4684745516067906, 4684745516067906, 4684745516067906, 4684745516067906, 4684745516067906, 4684745516067906, 4684745516067906, 4684745516067906, 4684745516067906, 4684745516067906, 4684745549622338, 4684745549622338, 4684745549622338, 4684745549622338, 4684745549622338, 4684745549622338, 4684745549622338, 4684745549622346]
[4684745516066882, 4684745516066882, 4684745516066882, 4684745516066882, 4684745516066882, 4684745516066882, 4684745516066882, 4684745516066882, 4684745516066882, 4684745516066882, 4684745516066882, 4684745516066882, 4684745516066882, 4684745516066882, 4684745516066882, 4684745516066882, 4684745516066882, 4684745516066882, 4684745516066882, 4684745516066882, 4684745516066882, 4684745516066882, 4684745516066882, 4684745516066882, 4684745516066882, 4684745516066882, 4684745516066882, 4684745516066882, 4684745516066882, 4684745516066882, 4684745516066882, 4684745516066882, 4684745516066882, 4684745516066882, 4684745516066882, 4684745516066882, 4684745516066882, 4684745516066882, 4684745516066882, 4684745516066882, 4684745516066882, 4684745518164034, 4684745518164034, 4684745518164034, 4684745518164034, 4684745518164034, 4684745518164034, 4684745518164034, 4684745518164034, 4684745518164034, 4684745518164034, 4684745518164034, 4684745518164034, 4684745518164034, 4684745518164034, 4684745518164034, 22699144027646018, 22699144027646018, 22699144027646018, 22699144027646018, 22699144027646018, 22699144027646018, 23262093981067330]
[4684745516066882, 4684745516066882, 4684745516066882, 4684745516066882, 4684745516066882, 4684745516066882, 4684745516066882, 4684745516066882, 4684745516066882, 4684745516066882, 4684745516066882, 4684745516066882, 4684745516066882, 4684745516066882, 4684745516066882, 4684745516066882, 4684745516066882, 4684745516066882, 4684745516066882, 4684745516066882, 4684745516066882, 4684745516066882, 4684745516066882, 4684745516066882, 4684745516066882, 4684745516066882, 4684745516066882, 4684745549621314, 4684745549621314, 4684745549621314, 4684745549621314, 4684745549621314, 4684745549621314, 4684745549621314, 4684745549621314, 4684745549621314, 4684745549621314, 4684745549621314, 4684745549621314, 4684745549621314, 4684745549621314, 4684745549621314, 4684745549621314, 4684745549621314, 4684745549621314, 4684745549621314, 4684745549621314, 4684745549621314, 4684744475879490, 4684744475879490, 4684744475879490, 4684744475879490, 4684744475879490, 4684744475879490, 4684744475879490, 4684744475879490, 4684744475879490, 4684744475879490, 4684744475879490, 4684744475879490, 4684744475879490, 4684744475879490, 4684744475879490, 4684744475879490, 4684744475879490, 4684744475879490, 4684744475879490, 4684744475879490, 4684744475879490, 4684744475879490, 4684744475879490, 4684744475879490, 4684744475879490, 4684744475879490, 4684744475879490, 4684744475879490, 4684744475879490, 4684744475879490, 4684744475879490, 4684744475879490, 4684744475879490, 4684744475879490, 4684744475879490, 4684744475879490, 4684744475879490, 4684744475879490, 4684744475879490, 4684744475879490, 4684744475879490, 4684744475879490, 4684744475879490, 4684744475879490, 4684744475879490, 4684744475879490, 4684744475879490, 4684744475879490, 4684744475879490, 4684744475879490, 4684744475879490, 4684744475879490, 4684744475879490, 4684744475879490, 4684744475879490, 4684744475879490, 4684744475879490, 4684744475879490, 4684744475879490, 4684745549621314, 4684745549621314, 4684745549621314, 4684745549621314, 4684745549621314, 4684745549621314, 4684745549621314, 4684745549621314, 4684745549621314, 4684745549621314, 4684745549621314, 4684745549621314, 4684745549621314, 4684745549621314, 4684745549621314, 4684745549621314, 4684745549621314, 4684745549621314, 4684745549621314, 4684745549621314, 4684745549621314, 4684745549621314, 4684745549621314, 4684745549621314, 4684745549621314, 4684745549621314, 4684745549621314, 4684745549621314, 4684745549621314, 4684745549621314, 4684745549621314, 4684745549621314, 4684745549621314, 4684745549621314, 4684745549621314, 4684745549621314, 4684745549621314, 4684745549621314, 4684745549621314, 4684745516066882, 4684745516066882, 4684745516066882, 4684745516066882, 4684745516066882, 4684745516066882, 4684745516066882, 4684745516066882, 4684745516066882, 4684745516066882, 4684745516066882, 4684745516066882, 4684745516066882, 4684745516066882, 4684745516066882, 4684745516066882, 4684745516066882, 4684745516066882, 4684745516066882, 4684745516066882, 4684745516066882, 4684745516066882, 4684745516066882, 4684745516066882, 4684745516066882, 4684745516066882, 4684745516066882, 4684745516066882, 4684745516066882, 4684745516066882, 4684745516066882, 4684745516066882, 4684745516066882, 4684745516066882, 4684745516066882, 4684745516066882, 4684745516066882, 4684745516066882, 4684745516066882, 4684745516066882, 4684745516066882, 4684745516066882, 4684745516066882, 4684745516066882, 4684745516066882, 4684745516066882, 4684745516066882, 4684745516066882, 4684745516066882, 4684745516066882, 4684745516066882, 4684745516066882, 4684745516066882, 4684745516066882, 4684745516066882, 4684745516066882, 4684745516066882, 4684745516066882, 4684745516066882, 4684745516066882, 4684745516066882, 4684745516066882, 4684745516066882, 4684745516066914, 4684745516066914, 4684745516066914, 4684745516066914, 4684745516066914, 4686944539322466, 4686944539322466, 4686944539322466, 4686944539322466, 4686944539322466, 4686943465580642]
[4684745516066882, 4684745516066882, 4684745516066882, 4684745516066882, 4684745516066882, 4684745516066882, 4684745516066882, 4684745516066882, 4684745516066882, 4684745516066882, 4684745516066882, 4684745516066882, 4684745516066882, 4684745516066882, 4684745516066882, 4684745516066882, 4684745516066882, 4684745516066882, 4684745516066882, 4684745516066882, 4684745516066882, 4684745516066882, 4684745516066882, 4684745516066882, 4684745516066882, 4684745516066882, 4684745516066882, 4684745516066882, 4684745516066882, 4684745516066882, 4684745516066882, 4684745516066882, 4684745516066882, 4684745516066882, 4684745516066882, 4684745516066882, 4684745516066882, 4684745516066882, 4684745516066882, 4684745516066882, 4684745516066882, 4684745516066882, 4684745516066882, 4684745516066882, 4684745516066882, 4684745516066882, 4684745516066882, 4684745516066882, 4684745516066882, 4684745516066882, 4684745516066882, 4684745516066882, 4684745516066882, 4684745516066882, 4684745516066882, 4684745516066882, 4684745516066882, 4684745516066882, 4684745516066882, 4684745516066882, 4684745516066882, 4684745516066882, 4684745516066882, 4684745516066882, 4684745516066882, 4684745516066882, 4684745516066882, 4684745516066882, 4684745516066882, 4684745516066882, 4684745516066882, 4684745516066882, 4684745516066882, 4684745516066882, 4684745516066882, 4684745516066882, 4684745516066882, 4684745516066882, 4684745516066882, 4684745516066882, 4684744442325058, 4684744442325058, 4684744442325058, 4684744442325058, 4684744442325058, 4684744442324994, 4684744442324994, 4684744442324994, 4684744442324994, 4684744442324994, 4684744442324994, 4684744442324994, 4684744442324994, 4684744442324994, 4684744442324994, 4684744442324994, 4684744442324994, 4684744442324994, 4684744442324994, 4684744442324994, 4684744442324994, 4684744442324994, 4684744442324994, 4684744442325002]
[4684745516066882, 4684745516066882, 4684745516066882, 4684745516066882, 4684745516066882, 4684745516066882, 4684745516066882, 4684745516066882, 4684745516066882, 4684745516066882, 4684745516066882, 4684745516066882, 4684745516066882, 4684745516066882, 4684745516066882, 4684745516066882, 4684745516066882, 4684745516066882, 4684745516066882, 4684745516066882, 4684745516066882, 4684745516066882, 4684745516066882, 4684745516066882, 4684745516066882, 4684745516066882, 4684744442325058, 4684744442325058, 4684744442325058, 4684744442325058, 4684745516066882, 4684745516066882, 4684745516066882, 4684745516066882, 4684745516066882, 4684745516066882, 4684745516066882, 4684745516066882, 4684745516066882, 4684745516066882, 4684745516066882, 4684745516066882, 4684745516066882, 4684745516066882, 4684745516066882, 4684745516066882, 4684745516066882, 4684745516066882, 4684745516066882, 4684745516066882, 4684745516066882, 4684745516066882, 4684745516066882, 4684745516066882, 4684745516066882, 4684745516066882, 4684745516066882, 4684745516066882, 4684745516066882, 4684745516066882, 4684745516066882, 4684745516066882, 4684745516066882, 4684745516066882, 4684745516066882, 4684745516066882, 4684745516066882, 5247695469488194, 5247695469488194, 5247695469488194, 5247695469488194, 5247695469488194, 5247695469488194, 5247695469488194, 5247695469488194, 5247695469488194, 5247695469488194, 5247695469488194, 5247695469488194, 5247695469488194, 5247695469488194, 5247695469488194, 5247695469488194, 5247695469488194, 5247695469488194, 5247695469488194, 5247695469488194, 23262093978970178, 23262093978970178, 23262093978970178, 23262093978970178, 23262093978970178, 23262093978970178, 23262093978970178, 23262093978970178, 23262093978970178, 23262093978970178, 23262093978970178, 23262093978970178, 23262093978970178, 23262093978970178, 23262093978970178, 23262093978970178, 23262093978970178, 23262093978970178, 23262093978970178, 23262093978970178, 23262093978970178, 23262093978970178, 23262093978970178, 23262093978970178, 23262093978970178, 23262093978970178, 23262093978970178, 23262093978970178, 23262093978970178, 23262093978970178, 23262093978970178, 23262093978970178, 23262093978970178, 23262093978970178, 23262093978970178, 23262093978970178, 23262093978970178, 23262093978970178, 23262093978970178, 23262093978970178, 23262093978970178, 23262093978970178, 23262093978970178, 23262093978970178, 23262093978970178, 23262093978970178, 23262093978970178, 23262093978970178, 23262093978970178, 23262093978970178, 23262093978970178, 23262093978970178, 23262093978970178, 23262093978970306]
[4684745516066882, 4684745516066882, 4684745516067906, 4684745516067906, 4684745516067938, 4684745516067938, 4684745516067938, 4684745516067938, 4684745516067938, 4684745516067938, 4684745516067938, 4684745516067938, 4684745516067938, 4684745516067938, 4684745516067938, 4684745516067938, 4684745516067938, 4684745516067938, 4684745516067938, 4684745516067938, 4684745516067938, 4684745516067938, 4684745516067938, 4684745516067938, 181145888697442]
[4684745516066882, 4684745516066882, 4684745516066882, 4684745516066882, 4684745516066882, 4684745516066882, 4684745516066882, 4684745516066882, 4684745516066882, 4684745516066882, 4684745516066882, 4684745516066882, 4684745516066882, 4684745516066882, 4684745516066882, 4684745516066882, 4684745516066882, 4684745516066882, 4684745516066882, 4684745516066882, 4684745516066882, 4684745516066882, 4684745516066882, 4684745516066882, 4684745516066882, 4684745516066882, 4684745516066882, 4684745516066882, 4684745516066882, 4684745516066882, 5247695469488194, 5247695469488194, 5247695469488194, 5247695469488322, 5247695469488322, 5247695469488322, 5247695469489346]
[4684745516066882, 4684745516066882, 4684745516066882, 4684745516066882, 4684745516066882, 4684745516066882, 4684745516066882, 4684745516066882, 4684745516066882, 4684745516066882, 4684745516066882, 4684745516066882, 4684745516066882, 4684745516066882, 4684745516066882, 4684745516066882, 4684745516066882, 4684745516066882, 4684745516066882, 4684745516066882, 4684745516066882, 4684745516066882, 4684745516066882, 4684745516066882, 4684745516066882, 4684745516066882, 4684745516066882, 4684745516066882, 4684745516066882, 4684745516066882, 4684745516066882, 4684745516066882, 4684745516066882, 4684745516066882, 4684745516066882, 4684745516066882, 4684745516066882, 4684745516066882, 4684745516066882, 4684745516066882, 4684745516066882, 4684745516066882, 4684745516066882, 4684745516066882, 4684745516066882, 4684745516066882, 4684745516066882, 4684745516066882, 4684745516066882, 4684745516066882, 4684745516066882, 4684746052937794, 4684746052937794, 4684746052937794, 4684746052937794, 4684746052937794, 4684746052937794, 4684746052937794, 4684746052937794, 4684746052937794, 4684746052937794, 4684746052937794, 4684746052937794, 4684746052937794, 4684746052937794, 4684746052937794, 4684746052937794, 4684746052937794, 4684746052937794, 4684746052937794, 4684746052937794, 4684746052937794, 4684746052937794, 4684746052937794, 4684746052937794, 4684746052937794, 4684746052937794, 4684746052937794, 4684746052937794, 4684746052937794, 4684746052937794, 4684746052937794, 4684746052937794, 4684746052937794, 4684746052937794, 4684746052937794, 4684746052937794, 4684746052937794, 4684746052937794, 4684746052937794, 4684746052937794, 4684746052937794, 4684746052937794, 4684746052937794, 4684746052937794, 4684746052937794, 4684746052937794, 4684746052937794, 4684746052937794, 4684746052937794, 4684746052937794, 4684746052937794, 4684746052937794, 4684746052937794, 4684746052937794, 4684746052937794, 4684746052937794, 4684746052937794, 4684746052937794, 4684746052937794, 181146425567298, 181146425567298, 181146425567298, 181146425567298, 181146425567298, 181146425567298, 181146425567298, 181146425568322]
[4684745516066882, 4684745516066882, 4684745516066882, 4684745516066882, 4684745516066882, 4684745516066882, 4684745516066882, 4684745516066882, 4684745516066882, 4684745516066882, 4684745516066882, 4684745516066882, 4684745516066882, 4684745516066882, 4684745516066882, 4684745516066882, 4684745516066882, 4684745516066882, 4684745516066882, 4684745516066882, 13691944770807874, 13691944770807874, 13691944770807874, 13691944770807874, 13691944770807874, 13691944770807874, 13691944770807874, 13691944770807874, 13691944770807874, 13691944770807874, 13691944770807874, 13691944770807874, 13691944770807874, 13691944770807874, 13691944770807874, 13691944770807874, 13691944770807874, 13691944779196482, 13691944779196482, 13691944779196482, 13691944779196482, 13691944779196482, 13691944779196482, 13691944779196482, 13691944779196482, 13691944779196482, 13691944779196482, 13691944779196482, 13691944779196482, 13691944779196482, 13691944779196482, 13691944779196482, 13691944779196482, 13691944779196482, 13691944779196482, 13691944779196482, 13691944779196482, 13691944779196482, 13691944779196482, 13691944779196482, 13691944779196486]
[4684745516066882, 4684745516066882, 4684745516066882, 4684745516066882, 4684745516066882, 4684745516066882, 4684745516066882, 4684745516066882, 4684745516066882, 4684745516066882, 4684745516066882, 4684745516066882, 4684745516066882, 4684745516066882, 4684745516066882, 4684745516066882, 4684745516066882, 4684745516066882, 4684745516066882, 4684745516066882, 4684745516066882, 4684745516066882, 4684745516066882, 4684745516066882, 4684745516066882, 4684745516066882, 4684745516066882, 4684745516066882, 4684745516066882, 4684745516066882, 4684745516066882, 4684745516066882, 4684745516066882, 4684745516066882, 4684745516066882, 4684745516066882, 4684745516066882, 4684745516066882, 4684745516066882, 4684745516066882, 4684745516066882, 4684745516066882, 4684745516066882, 4684745516066882, 4684745516066882, 4684745516066882, 4684745516066882, 4684745516066882, 4684745516066882, 4684745516066882, 4684745516066882, 4684745516066882, 4684745516066882, 4684745516066882, 4684745516066882, 4684745516066882, 4684745516066882, 4684745516066882, 4684745516066882, 4684745516066882, 4684745516066882, 4684745516066882, 4684745516066882, 4684745516066882, 4684745516066882, 4684745516066882, 4684745516066882, 4684745516066882, 4684745516066882, 4684745516066882, 4684745516066882, 4684745516066882, 4684745516066882, 4684745516066882, 4684745516066882, 4684745516066882, 4684745516066882, 4684745516066882, 4684745516066882, 4684745516066882, 4684745516066882, 4684745516066882, 4684745516066882, 4684745516066882, 4684745516066882, 4684745516066882, 4684745516066882, 4684745516066882, 4684745516066882, 4684745516066882, 4684745516066882, 4684745516066882, 4684745516066882, 4684745516066882, 4684745516066882, 4684745516066882, 4684745516066882, 4684745516066882, 4684745516066882, 4684745516066882, 4684745516066882, 4684745516066882, 4684745516066882, 4684745516066882, 4684745516066882, 4684745516066882, 4684745516066882, 4684745516066882, 4684745516066882, 4684745516066882, 4684745516066882, 4684745516066882, 4684745516066882, 4684745516066882, 4684745516066882, 4684745516066882, 4684745516066882, 4684745516066882, 4684745516066882, 4684745516066882, 4684745516066882, 4684745516066882, 4684745516066882, 4684745516066882, 4684745516066882, 4684745516066882, 4684745516066882, 4684745516066882, 4684745516066882, 4684745516066882, 4684745516066882, 4684745516067906, 4684745516067906, 4684745516067906, 4684745516067906, 4684745516067906, 4684745516067906, 4684745516067906, 4684745516067906, 4684745516067906, 4684745516067906, 4684745516067906, 4684745516067906, 4684745516067906, 4684745516067906, 4684745516067906, 4684745516067906, 4684745516067906, 4684745516067906, 4684745516067906, 4684745516067906, 4684745516067906, 4684745516067906, 4684745516067906, 4684745516067906, 4684745516067906, 4684745516067906, 4684745516067906, 5247695469489218, 5247695469489218, 5247695469489218, 5247695469489218, 5247695469489218, 5247695469489218, 5247695469489218, 5247695469489218, 5247695469489218, 5247695469489218, 5247695469489218, 5247695469489218, 5247695469489218, 5247695469489218, 5247695469489218, 5247695469489218, 5247695469489218, 5247695469489218, 5247695469489218, 5247695469489218, 5247695469489218, 5247695469489218, 5247695469489218, 5247695469489218, 5247695469489218, 5247695469489218, 5247695469489218, 5247695469489218, 5247695469489218, 5247695469489218, 5265287655533634]
[4684745516066882, 4684745516066882, 4684745516066882, 4684745516066882, 4684745516066882, 4684745516066882, 4684745516066882, 4684745516066882, 4684745516066882, 4684745516066882, 4684745516066882, 4684745516066882, 4684745516066882, 4684745516066882, 4684745516066882, 4684745516066882, 4684745516066882, 4684745516066882, 4684745516066882, 4684745516066882, 4684745516066882, 4684745516066882, 4684745516066882, 4684745516066882, 4684745516066882, 4684745516066882, 4684745516066882, 4684745516066882, 4684745516066882, 4684745516066882, 4684745516066882, 4684745516066882, 4684745516066882, 4684745516066882, 4684745516066882, 4684745516066882, 4684745516066882, 4684745516066882, 4684745516066882, 4684745516066882, 4684745516066882, 4684745516066882, 4684745516066882, 4684745516066882, 4684745516066882, 4684745516066882, 4684745516066882, 4684745516066882, 4684745516066882, 4684745516066882, 4684745516066882, 4684745516066882, 4684745516066882, 4702337702111298, 4702337702111298, 4702336628369474, 4702336628369474, 4702336628369474, 4702336628369474, 4702336628369602]
[4684745516066882, 4684745516066882, 22699144025548866, 22699144025548866, 22699144025548866, 22699144025548866, 22699144025548866, 22699144025548866, 22699144025548866, 22699144025548866, 22699144025548866, 22699144025548866, 22699144025548866, 22699144025548866, 22699144025548866, 22699144025552962, 22699144025552962, 22699144025552962, 22699144025552962, 22699144025552962, 22699144025552962, 22699144025552962, 22699144025552962, 22699144025552962, 22699144025552962, 22699144025552962, 22699144025552962, 22699144025552962, 22699144025552962, 22699144025552962, 22699144025552962, 22699144025552962, 22699144025552962, 22699144025552962, 22699144025552962, 22699144025552962, 22699144025552962, 24950943839238210]
[4684745516066882, 4684745516066882, 4684745516066882, 4684745516066882, 5247695469488194, 5247695469488194, 5247695469488194, 5247695469488194, 5247695469488194, 5247695469488194, 5247694395746370, 5247694395746370, 5247694395746370, 5247694395746370, 5247694395746370, 5247694395746370, 5247694395746370, 5247694395746370, 5247831834699842]
[4684745516066882, 4684745516066882, 4684745516066882, 4684745516066882, 4684745516066882, 4684745516066882, 4684745516066882, 4684745516066882, 4684745516066882, 4684745516066882, 4684745516066882, 4684745516066882, 4684745516066882, 4684745516066882, 4684745516066882, 4684745516066882, 4684745516067010, 4684745516067010, 4684745516067010, 4684745516067010, 4684745516067010, 4684745516067010, 4684745516067010, 4684745516066882, 4684745516066882, 4684745516066890, 4684745516066890, 4684745516066890, 4684745516066890, 4684745516066890, 4684745516066890, 4684745516066890, 4684745516066890, 4684745516066890, 4684745516066890, 4684745516066890, 4684745516066890, 4684745516066890, 4684745516066890, 4684745516066890, 4684745516066890, 4684745516066890, 4684745516066890, 4684745516066890, 4684745516066890, 4684745516066890, 4684745516066890, 4684745516066890, 4684745516066890, 4684745516066890, 4684745516066890, 4684745516066890, 4684745516066890, 4684745516066890, 4684745516066890, 4684745516066890, 4684745516066890, 4684745516066890, 4684745516066890, 4684745516066890, 4684745516066890, 4684745516066890, 4684745516066890, 4684745516066890, 4684745516066890, 4684745516066890, 4684745516066890, 4684745516066890, 4684745516066890, 4684745516066890, 4684745516066890, 4684745516066890, 4684745516066890, 4684745516066890, 4684745516066890, 4684745516066890, 4684745516066890, 4684745516066890, 4684745516066890, 4684745516066890, 4684745516066890, 4684745516066890, 4684745516066890, 4702337702111306, 4702337702111306, 4702337702111306, 4702337702111306, 4684745516066890, 4684745516066890, 4684745516066890, 4684745516066890, 4684745516066890, 4684745516066890, 4684745516066890, 4684745516066890, 4684745516066890, 4684745516066890, 4684745516066890, 4684745516066890, 4684745516066890, 4684745516066890, 4684745516066890, 4684745516066890, 4684745516066890, 4684745516066890, 4684745516066890, 4684745516066890, 4684745516066890, 4684745516066890, 4684745516066890, 4684745516066890, 4684745516066890, 4684745516066890, 4684745516066890, 4684745516066890, 4684745516066890, 4684745516066890, 4684745516066890, 4684745516066890, 4684745516066890, 4684745516066890, 4684745516066890, 4684745516066890, 4684745516066890, 4684745516066890, 4684745516066890, 4684745516066890, 4684745516066890, 4684745516066890, 4684745516066890, 4684745516066890, 4684745516066890, 4684745516066890, 4684745516066890, 4684745516066890, 4684745516067018, 4684745516067018, 4684745516067018, 4684745516068042]
[4684745516066882, 4702337702111298, 4702337702111298, 4702337702111298, 4702337702111298, 4702337702111298, 4702337702111298, 4702337702111298, 4702337702111298, 4702337702111298, 4702337702111298, 4702337702111298, 4702337702111298, 4702337702111298, 4702337702111298, 4702337702111298, 4702337702111298, 4702337702111298, 4702337702111298, 4702337702111298, 4702337702111298, 4702337702111298, 4702337702111298, 4702337702111298, 4702337702111298, 4702337702111298, 4702337702111298, 4702337702111298, 4702337702111298, 4702337702111298, 4702337702111298, 4702337702111298, 4702337702111298, 4702337702111298, 4702337702111298, 4702337702111298, 4702337702111298, 4702337702111298, 4702337702111298, 4702337702111298, 4702337702111298, 4702337702111298, 4702337702111298, 4702337702111298, 4702337702111298, 4702337702111298, 4702337702111298, 4702337702111298, 4702337702111298, 4702337702111298, 4702337702111298, 4702337702111298, 4702337702111298, 4702337702111298, 4702337702111298, 4702337702111298, 4702337702111298, 4702337702111298, 4702337702111298, 4702337702111298, 4702337702111298, 4702337702111298, 4702337702111298, 4702337702111298, 4702337702111298, 4702337702111298, 4702337702111298, 4702337702111298, 4702337702111298, 4702337702111298, 4702337702111298, 4702337702111298, 4702337702111298, 4702337702111298, 4702337702111298, 4702337702111298, 4702337702111298, 4702337702111298, 4702337702111298, 4702337702111298, 4702337702111298, 4702337702111298, 4702337702111298, 4702337702111298, 4702337702111298, 4702337702111298, 4702337702111298, 4702337702111298, 4702337702111298, 4702337702111298, 4702337702111298, 4702337702111298, 4702337702111298, 4702337702111298, 4702337702111298, 4702337702111298, 4702337702111298, 4702337702111298, 4702337702111298, 4702337702111298, 4702337702111298, 4702337702111298, 4702337702111298, 4702337702111298, 4702337702111298, 4702337702111298, 4702337702111298, 4702337702111298, 4702337702111298, 4702337702111298, 4702337702111298, 4702337702111298, 4702337702111298, 4702337702111298, 4702337702111298, 4702337702111298, 4702337702111298, 4702337702111298, 4702337702111298, 4702337702111298, 4702337702111298, 4702337702111298, 4702337702111298, 4702337702111298, 4702337702111298, 4702337702111298, 4702337702111298, 4702337702111298, 4702337702111298, 4702337702111298, 4702337702111298, 4702337702111298, 4702337702111298, 4702337702111306, 4702337702111306, 4702337702111306, 4702337702111306, 4702337702111306, 4702337702111306, 4702337702111306, 4702337702111306, 4702337702111306, 4702337702111306, 4702337702111306, 4702337702111306, 4702337702111306, 4702337702111306, 4702337702111306, 4702337702111306, 4702337702111434]
[4684745516066882, 4684745516066882, 4684745516066882, 4684745516066882, 4684745516066882, 4684745516066882, 4684745516066882, 4684745516066882, 4684745516066882, 4684745516066882, 4684745516066882, 4684745516066882, 4684745516066882, 4684745516066882, 4684745516066882, 4684745516066882, 4684745516066882, 4684745516066882, 4684745516066882, 4684745516066882, 4684745516066882, 4684745516066882, 4684745516066882, 4684745516066882, 4684745516066882, 4684745516066882, 4684745516066882, 4684745516066882, 4684745516066882, 4684746052937794, 4684746052937794, 4684746052937794, 4684746052937794, 4684746052937794, 4684746052937794, 4684746052937794, 4684746052937794, 4684746052937794, 4684746052937794, 4684746052937794, 4684744979195970, 4684744979195970, 4684744979195970, 4684744979195970, 4684744979195970, 4684744979195970, 4684744979195970, 4684744979195970, 4684744979195970, 4684744979195970, 4684744979195970, 4684746052937794, 4684746052937794, 4684746052937794, 4684746052937794, 4684746052937794, 4684746052937794, 4684746052937794, 4684746052937794, 4684746052937794, 4684746052937794, 4684746052937794, 4684746052937794, 4684746052937794, 4684746052937794, 4684746052937794, 4684746052937794, 4684746052937794, 4684746052937794, 4684746052937794, 4684746052937794, 4684746052937794, 4684746052937794, 4684746052937794, 4684746052937794, 4684746052937794, 4684746052937794, 6936545866623042, 6936545866623042, 6936545866623042, 6936545866623042, 6936545866623042, 2432946239252546]
[4684745516066882, 4684745516066882, 4684745516066882, 4684745516066882, 4684745516066882, 4684745516066882, 4684745516066882, 4684745516066882, 4684745516066882, 4684745516066882, 4684745516066882, 4684745516066882, 4684745516066882, 4684745516066882, 4684745516066882, 4684745516066882, 4684745516066882, 4684745516066882, 4684745516066882, 4684745516066890, 4684745516066890, 4684745516066890, 4684745516066890, 4684745516066890, 4684745516066890, 4684745516066890, 4684745516066890, 4684745516066890, 4684745516066890, 4684745516066890, 4684745516066890, 4684745516066890, 4684745516066890, 4684745516066890, 4684745516066890, 4684745516066890, 4684745516066890, 4684745516066890, 4684745516066890, 4684745516066890, 4684745516066890, 4684745516066890, 4684745516066890, 4684745516066890, 4684745516066890, 4684745516066890, 4684745516066890, 4684745516066890, 4684745516066890, 4684745516066890, 4684745516066890, 4684745516066890, 4684745516066922, 4684745516066922, 4684745516066922, 4684745516066922, 4684745516066922, 4684745516066922, 4684745516066922, 4684745516066922, 4684745516066922, 4684745516066922, 4684745516066922, 4684745516066922, 4684745516066922, 4684745516066922, 4684745516066922, 4684745516066922, 4684745516066922, 4684745516066922, 4684745516066922, 4684745516066922, 4684745516066922, 4684745516066922, 4684745516066922, 4684745516066914, 4684745516066914, 4684745516067042, 4684745516067042, 4684745516067042, 4684745516067042, 4684745516067042, 4684745516067042, 4684745516067042, 22699144025549026]
[4684745516066882, 4684745516066882, 4684745516066882, 4684745516066882, 4684745516066882, 4684745516066882, 4684745516066882, 4684745516066882, 4684745516066882, 4684745516066882, 4684745516066882, 4684745516066882, 4684745516066882, 4684745516066882, 4684745516066882, 4684745516066882, 4684745516066882, 4684745516066882, 4684745516066882, 4684745516066882, 4684745516066882, 4684745516066882, 4684745516066882, 4684745516066882, 4684745516066882, 4684745516066882, 4684745516066882, 4684745516066882, 4684745516066882, 4684745516066882, 4684745516066882, 4684745516066882, 4684745516066882, 4684745516066882, 4684745516066882, 4684745516066882, 4684745516066882, 4684745516066882, 4684745516066882, 4684745516066882, 4684745516066882, 4684745516066882, 4684745516066882, 4684745516066882, 4684745516066882, 4684745516066882, 4684745516066882, 4684745516066882, 4684745516066882, 4684745516066882, 4684745516066882, 4684745516066882, 4684745516066882, 4684745516066882, 4684745516066882, 4684745516066882, 4684745516066882, 4684745516066882, 4684745516066882, 4684745516066882, 4684745516066882, 4684745516066882, 4684745516066882, 4684745516066882, 4684745516066882, 4684745516066882, 4684745516066882, 4684745516066882, 4684745516066882, 4684745516066882, 4684745516066882, 4684745516066882, 4684745516066882, 4684745516066882, 4684745516066882, 4684745516066882, 4684745516066882, 4684745516066882, 4684745516066882, 4684745516066882, 4684745516066882, 4684745516066882, 4684745516066882, 4684745516066882, 4684745516066882, 4684745516066882, 4684745516066882, 4684745516066882, 4684745516066882, 4684745516066882, 4684745516066882, 4684745516066882, 4684745516066882, 4684745516066882, 4684745516066882, 4684745516066882, 4684745516066882, 4684745516066882, 4684745516066882, 4684745516066882, 4684745516066882, 4684745516066882, 4684745516066882, 4684745516066882, 4684745516066882, 4684745516066882, 4684745516066882, 4684745516066882, 4684745516066882, 4684745516066882, 4684745516066882, 4684745516066882, 4684745516066882, 4684745516066882, 4684745516066882, 4684745516066882, 4684745516066882, 4684745516066882, 4684745516066882, 4684745516066882, 4684745516066882, 4684745516066882, 4684745516066882, 4684745516066882, 4684745516066882, 4684745516066882, 4684745516066882, 4684745516066882, 4684745516066882, 4684745516066882, 4684745516066882, 4684745516066882, 4684745516066882, 4684745516066882, 4684745516066882, 4684745516066882, 4684745516066882, 4684745516066882, 4684745516066882, 4684745516066882, 4684745516066882, 4684745516066882, 4684745516066882, 4684745516066882, 4684745516066882, 4684745516066882, 4684745516066882, 4684745516066882, 4684745516066882, 4684745516066882, 4684745516066882, 4684745516066882, 4684745516066882, 4684745516066882, 4684745516066882, 4684745516066882, 4684745516066882, 4684745516066882, 4684745516066882, 4684745516066882, 4684745516066882, 4684745516066882, 4684745516066882, 4684745516066882, 4684745516066882, 4684745516066882, 4684745516066882, 4684745516066882, 4684745516066882, 4684745516066882, 4684745516066882, 4684745516066882, 4684745516066882, 4684745516066882, 4684745516066882, 4684745516066882, 4684745516066882, 4684745516066882, 4684745516066882, 4684745516066882, 4684745516066882, 4684745516066882, 4684745516066882, 4684745516066882, 4684745516066882, 4684745516066882, 4684745516066882, 4684745516066882, 4684745516066882, 4684745516066882, 4684745516066882, 4684745516066882, 4684745516066882, 4684745516066882, 4684745516066882, 4684745516066882, 4684745516066882, 4684745516066882, 4684814235543618, 4684814235543618, 4684814235543618, 4684814235543618, 4684814235543618, 4684814235543618, 4684814235543618, 4684814235543618, 4684814235543618, 4684814235543618, 4684814235543618, 4684814235543618, 4684814235543618, 4684814235543618, 4684814235543618, 4684814235543618, 4684814235543618, 4684814235543618, 4684814235543618, 4684814235543618, 4684814269098050, 4684814269098050, 4684814269098050, 4684814269098050, 4684814235543618, 4684814235543618, 4684814235543618, 4702406421588034, 4702406421588034, 4702406421588034, 4702406421588034, 4702406421588034, 4702406421588034, 4702406421588034, 4702406421588034, 4702406421588034, 198806794217538]
[4684745516066882, 4684745516066882, 4684745516066882, 4684745516066882, 4684745516066882, 4684745516066882, 4684745516066882, 4684745516066882, 4684745516066882, 4684745516066882, 4684745516066882, 4684745516066882, 4684745516066882, 4684745516066882, 181145888696386, 181145888696386, 181145888696386, 181145888696386, 181145888696386, 181145888696386, 181145888696386, 4684745516066882, 4684745516066882, 4684745516066882, 4684745516066882, 4684745516066882, 4684745516066882, 4684745516066882, 4684745516066882, 4684745516066882, 4684745516066882, 4684745516066882, 4684745516066882, 4684745516066882, 4684745516066882, 4684745516066882, 4684745516066882, 4684745516066882, 4684745516066882, 4684745516066882, 4684745516066882, 4684745516066882, 4684745516066882, 4684745516066882, 4684745516066882, 4684745516066882, 4684745516066882, 4684745516066882, 4684745516066882, 4684745516066882, 4684745516066882, 4684745516066882, 4684745516066882, 4684745516066882, 4684745516066882, 4684745516066882, 4684745516067906, 4684745516067906, 4684745516067906, 4684745516067906, 4684745516067906, 4684745516067906, 4684745516067906, 4684745516067906, 4684745516067906, 4684745516067906, 4684745516067906, 4684745516067906, 4684745516067906, 4684745516067906, 4684745516067906, 4684745516067906, 4684745516067906, 4684745516067906, 4684745516067906, 4684745516067906, 4684745516067906, 4684745516067906, 181145888697410, 181145888697410, 181145888697410, 181145888697410, 181145888697410, 181145888697410, 181145888697410, 181145888697410, 181145888697410, 181145888697410, 181145888697410, 181145888697410, 181145888697410, 181145888697410, 181145888697410, 181145888697410, 181145888697410, 181145888697410, 181145888697410, 181145888697410, 181145888697410, 181145888697410, 181145888697410, 181145888697410, 4684745516067906, 4684745516067906, 4684745516067906, 4684745516067906, 4684745516067906, 4684745516067906, 4684745516067906, 4684745516067906, 4684745516067906, 4684745516067906, 4684745516067906, 4684745516067906, 4684745516067906, 4684745516067906, 5247695469489218, 5247695469489218, 5247695469489218, 5247695469489218, 5247695469489218, 5247695469489218, 5247695469489218, 5247695469489218, 5247695469489218, 5247695469489218, 5247695469489218, 5247695469489218, 5247695469489218, 5247695469489218, 5247695469489218, 5247695469488194, 5247695469488194, 5247695469488194, 5247695469488194, 5247695469488194, 5247695469488194, 5247695469488194, 5247695469488194, 5247695469488194, 5247695469488194, 5247695469488194, 5247695469488194, 5247695469488194, 5247695469488194, 5247695469488194, 5247695469488194, 5247695469488194, 5247695469488194, 5247695469488194, 5247695469488226, 5247695469488226, 5247695469488226, 5247695469488226, 5247695469488226, 5247695469488226, 5247695469488226, 5247695469488226, 5247695469488226, 5247695469488226, 5247695469488226, 5247695469488226, 5247695469488226, 5247695469488226, 5247695469488226, 5247695469488226, 5247695469488226, 5247695469488226, 5247695469488226, 5247695469488226, 5265287655532642]
[4684745516066882, 4684745516066882, 4684745516066882, 4684745516066882, 4684745516066882, 4684745516066882, 4684745516066882, 4684745516066882, 4684745516066882, 4684745516066882, 4684745516066882, 4684745516066882, 4684745516066882, 4684745516066882, 4684745516066882, 4684745516066882, 4684745516066882, 4684745516066882, 4684745516066882, 4684745516066882, 4684745516066882, 4684745516066882, 4684745516066882, 4684745516066882, 4684745516066882, 4684745516066882, 4684745516066882, 4684745516066882, 4684745516066882, 4684745516066882, 4684745516066882, 4684745516066882, 4684745516066882, 4684745516066882, 4684745516066882, 4684745516066882, 4684745516066882, 4684745516066882, 4684745516066882, 4684745516066882, 4684745516066882, 4684745516066882, 4684745516066882, 4684745516066882, 4684745516066882, 4684745516066882, 4684745516066882, 4684745516066882, 4684745516066882, 4684745516066882, 4684745516066882, 4684745516066882, 4684745516066882, 4684745516066882, 4684745516066882, 4684745516066882, 4684745516066882, 4684745516066882, 4684745516066882, 4684745516066882, 4684745516066882, 4684745516066882, 4684745516066882, 4684745516066882, 4684745516066882, 4684745516066882, 4684745516066882, 4684745516066882, 4684745516067906, 4684745516067906, 4684745516067906, 4684745516067906, 4684745516067906, 4684745516067906, 4684745516067906, 4684745516067906, 4684745516067906, 4684745516067906, 4684746052938818, 4684746052938818, 4684746052938818, 4684746052938818, 4684746052938818, 4684746052938818, 4684746052938818, 4684746052938818, 4684746052938818, 4684746052938818, 4684746052938818, 4684746052938818, 4684746052938818, 4684746052938818, 4684745516067906, 4684745516067906, 4684745516067906, 4684745516067906, 4684745516067906, 4684745516067906, 4684745516067906, 4684745516067906, 4684745516067906, 4684745516067906, 4684745516067906, 4684745516067906, 4684745516067906, 4684745516067906, 4684745516067906, 4684745516067906, 5247695469489218, 5247695469489218, 5247695469489218, 5247695469489218, 5247695469489218, 5247695469489218, 5247695469489218, 5247695469489218, 5247695469489218, 5247695469489218, 5247695469489218, 5247695469489218, 77305289507417154]
[4684745516066882, 4684745516066882, 4684745516066882, 4684745516066882, 4684745516066882, 4684745516066882, 4684745516066882, 4684745516066882, 4684745516066882, 4684745516066882, 4684745516066882, 4684745516066882, 4684745516066882, 4684745516066882, 4684746052937794, 4684746052937794, 4684746052937794, 4684746052937794, 4684746052937794, 4684746052937794, 4684746052937794, 4684746052937794, 4684746052937794, 4684746052937794, 4684746052937794, 4684746052937794, 4684746052937794, 4684746052937794, 4684746052937794, 4684746052937794, 4684746052937794, 4684746052937794, 4684746052937794, 4684746052937794, 4684746052937794, 4684746052937794, 4684746052937794, 4684746052937794, 4684746052937794, 4684746052937794, 4684746052937794, 4684746052937794, 4684746052937794, 4684746052937794, 4684746052937794, 4684746052937794, 4684746052937794, 4684745516066882, 4684746052937794, 4684746052937794, 4684746052937794, 4684746052937794, 4684746052937794, 4684746052937794, 4684746052937794, 4684746052937794, 4684746052937794, 4684746052937794, 4684746052937794, 4684746052937794, 4684746052937794, 4684746052937794, 4684746052937794, 4684746052937794, 4684746052937794, 4684746052937794, 4684746052937794, 4684746052937794, 4684746052937794, 4684746052937794, 4684746052937794, 4684746052937794, 4684746052937794, 4684746052937794, 4684746052937794, 4684746052937794, 4684746052937794, 4684746052937794, 4684746052937794, 4684746052937794, 4684746052937794, 6936545866623042, 6936545866623042, 6936545866623042, 6936545866623042, 6936545866623042, 6936545329752130, 6936545329752130, 6936545329752130, 6936545329752130, 6936545329752130, 6936545329752130, 6936545329752258, 6936545329752258, 6936545329752258, 6936545329752258, 6936545329752258, 6936545329752258, 6936545329752258, 6936545329752258, 6936545329752258, 6936545329752258, 6936545329752258, 6936545329752258, 6936545329752258, 6936545329752258, 6936545329752258, 6936545329752130, 6936545329752130, 6936545329752130, 6936545329752130, 6936545329752130, 6936545329752130, 4684745516066882, 4684745516066882, 4684745516066882, 4684745516066882, 4684745516066882, 4684745516066882, 4684745516066882, 4684745516066882, 4684745516066882, 4684745516066882, 4684745516066882, 4684745516066882, 4684745516066882, 4684745516066882, 4684745516066882, 4684745516066882, 22699144025548866, 22699144025548866, 22699144025548866, 22699144025548866, 22699144025548866, 22699144025548866, 22699144025548866, 22699144025548866, 22699144025548866, 22699144025548866, 22699144025548866, 22699144025548866, 22699144025548866, 22699144025548866, 22699144025548866, 22699144025548866, 22699144025548866, 22699144025548866, 22699144025548866, 22699144025548866, 22699144025548866, 22699144025548866, 22699144025548866, 4684745516066882, 4684745516066882, 4684745516066882, 4684745516066882, 4684745516066882, 4684745516066882, 4684745516066882, 4684745516066882, 4684745516066882, 4684745516066882, 4684745516066882, 4684745516066882, 4702337702111298, 4702337702111298, 4702337702111298, 4702337702111298, 4702337702111298, 4702337702111426, 4702337702111426, 4702337702111426, 4702337702111426, 4702337702111426, 4702337702111426, 4702337702111426, 4702337702111426, 4702337702111426, 4702337702111426, 4702337702112450]
[4684745516066882, 4684745516066882, 4684745516066882, 4684745516066882, 4684745516066882, 4684745516066882, 4684745516066882, 4684745516066882, 4684745516066882, 4684745516066882, 4684745516066882, 4684745516066882, 4684745516066882, 4684745516066882, 4684745516066882, 4684745516066882, 4684745516066882, 4684745516066882, 4684745516066882, 4684745516066890, 4684745516066890, 4684745516066890, 4684745516066890, 4684745516066890, 4684745516066890, 4684745516066890, 4684745516066890, 4684745516066890, 4684745516066890, 4684745516066890, 4684745516066890, 4684745516066890, 4684745516066890, 4684745516066890, 4684745516066890, 4684745516066890, 4684745516066890, 4684745516066890, 4684745516066890, 4684745516066890, 22699144025548874, 22699144025548874, 22699144025548874, 22699144025548874, 22699144025548874, 22699144025548874, 22699144025548874, 22699144025548874, 22699144025548874, 22699144025548874, 22699144025548874, 22699144025548866, 23262093978970178, 23262093978970178, 23262094515841090]
[4684745516066882, 4684745516066882, 4684745516066882, 4684745516066882, 4684745516066882, 4684745516066882, 4684745516066882, 4684745516066882, 4684745516066882, 4684745516066882, 4684745516066882, 4684745516066882, 4684745516066882, 4684745516066882, 4684745516066882, 4684745516066882, 4684745516066882, 4684745516066882, 4684745516066882, 4684744442325058, 4684744442325058, 4684744442325058, 4684744442325058, 4684744442325058, 4684744442325058, 4684744442325058, 4684744442325058, 4684744442325058, 4684744442325058, 4684744442325058, 4684744442325058, 4684744442325058, 4684744442325058, 4684744442325058, 4684744442325058, 4684744442325058, 4684744442325058, 4684744442325058, 4684744442325058, 4684744442325058, 4684744442325058, 4684744442325058, 4684744442325058, 4684744442325058, 4684744442325058, 4684744442325058, 4684744442325058, 4684744442325058, 4684744442325058, 4684744442325058, 4684744442325058, 4684744442325058, 4684744442325058, 4684744442325058, 4684744442325058, 4684744442325058, 4684744442325058, 4684744442325058, 4684744442325058, 4684744442325058, 4684744442325058, 4684744442325058, 4684744442325058, 4684744442325058, 4684744442325058, 4684744442325058, 4684744442325058, 4684744442325058, 4684744442325066, 4684744442325066, 4684744442325066, 4684744442325066, 4684744442325066, 4684744442325066, 4684744442325066, 4684744442325066, 4684744442325066, 4684744442325066, 4684744442325066, 4684744442325066, 4684744442325066, 4684744442325066, 4684744442325066, 4684744442325066, 4684744442325066, 4684744442325066, 4684744442325066, 4684744442325066, 4684744442325066, 4684744442325066, 4684744442325066, 4684744442325066, 4684744442325066, 4684744442325066, 4684744442325066, 4684744442325066, 4684744442325066, 4684744442325066, 4684744442325066, 4684744442325066, 4684744442325066, 4684744442325058, 4684744442325058, 4684744442325058, 4684744442325058, 4684744442325058, 4684744442325058, 4684744442325058, 4684744442325058, 4684744442325058, 4684744442325058, 4684744442325058, 4684744442325058, 4684744442325058, 4684744442325058, 4684744442325058, 4684744442325058, 4684744442325058, 4684744442325058, 4684744442325058, 4684744442325058, 4684744442325058, 4684744442325058, 4684744442325058, 4684744442325058, 4684744442325058, 4684744442325058, 4684744442325058, 4684744442325058, 4684744442325058, 4684744442325058, 4684744442325058, 4684744442325058, 4684744442325058, 4684744442325058, 4684744442325058, 4684744442325058, 4684744442325058, 4684744442325058, 4684744442325058, 4684744442325058, 4684744442325058, 4684744442325058, 4684744442325058, 4684744442325058, 4684744442325058, 4684744442325058, 4684744442325058, 4684744442325058, 4684744442325058, 4684744442325058, 4684744442325058, 4684744442325058, 4684744442325058, 4684744442325058, 4684744442325058, 4684744442325058, 4684744442325058, 4684744442325058, 4684744442325058, 4684744442325058, 4684744442325058, 4684744442325058, 4684744442325058, 4684744442325058, 4684744442325058, 4684744442325058, 4684744442325058, 4684744442325058, 4684745516066882, 4684745516066882, 4684745516066882, 4684745516066882, 4684745516066882, 4684745516066882, 4684745516066882, 4684745516066882, 4684745516066882, 4684745516066882, 4684745516066882, 4684745516066882, 4684745516066882, 181145888696386, 181145888696386, 181145888696386, 181145888696386, 181145888696386, 181144814954562, 181144814954562, 181144814954562, 181144814954562, 181144814954562, 181144814954562, 181144814954562, 181144814954562, 181144814954562, 181144814954562, 181144814954562, 181144814954562, 181144814954562, 181144814954562, 181144814954562, 181144814954562, 181144814954562, 181144814954562, 4684744442325058, 4684744442325058, 4684744442325058, 4684744442325058, 4684744442325058, 4684744442325058, 4684744442325058, 4684744442325058, 4684744442325058, 4684744442325058, 4684744442325058, 4684744442325058, 4684744442325058, 4684744442325058, 4684745516066882, 4684745516066882, 4684745516066882, 4684745516066882, 4684745516066882, 4684745516066882, 4684745516066882, 4684745516066882, 4684745516066882, 4684745516066882, 4684745516066882, 4684745516066882, 4684745516066882, 4684745516066882, 4684745516066882, 4684745516066882, 4684745516066882, 4684745516066882, 4684745516066882, 4684745516066882, 4684745516066882, 4684745516066882, 4684745516066882, 4684745516066882, 4684745516066882, 4684745516066882, 4684745516066882, 4684745516066882, 4684745516066882, 4684745516066882, 4684745516066882, 4684745516066882, 4684745516066882, 4684745516066882, 4684745516066882, 4684745516066882, 4684745516066882, 4684745516066882, 4684745516066882, 4684745516066882, 4684745516066882, 4684745516066882, 4684745516066882, 4684745516066882, 4684745516066882, 4684745516066882, 4684745516066882, 4684745516066882, 4684745516066882, 4684745516066882, 4684745516066882, 4684745516066882, 4684745516066882, 4684745516066882, 4684745516066882, 4684745516066882, 4684745516066882, 4684745516066882, 4684745516066882, 4684745516066882, 4684745516066882, 4684745516066882, 4684745516066882, 4684745516066882, 4684745516066882, 4684745516066882, 4684745516066882, 4684745516066882, 4684745516066882, 4684745516066882, 4684745516066882, 4684745516066882, 4684745516066882, 4684745516066882, 4684745516066882, 4684745516066882, 4684745516066882, 4684745516066882, 4684745516066882, 4684745516066882, 4684745516066882, 4684745516066882, 4684745516066882, 4684745516066882, 4684745516066882, 4684745516066882, 4684745516066882, 4684745516066882, 4684745516066882, 4684745516066882, 4684745516066882, 4684745516066882, 4684745516066882, 4684745516066882, 4684745516066882, 4684745516066882, 4684745516066882, 4684745516066882, 4684745516066882, 4684745516066882, 4684745516066882, 4684745516066882, 4684745516066882, 5247695469488194, 5247695469488194, 5247695469488194, 5247695469488194, 5247695469488194, 5247695469488194, 5247695469488194, 5247695469488194, 5247695469488194, 5247695469488194, 5247695469488194, 5247695469488194, 5247695469488194, 5247695469488194, 5247695469489218, 5247695469489218, 5247695469489218, 5247695469489218, 5247695469489218, 5247695469489218, 5247695469489218, 5247695469489218, 5247695469489218, 5247695469489218, 5247695469489218, 5247695469489218, 5247695469489218, 5247695469489218, 5247695469489218, 5247695469489218, 5247695469489218, 5247695469489218, 5247695469489346]
[4684745516066882, 4684745516066882, 4684745516066882, 4684745516066882, 4684745516066882, 4684745516066882, 4684745516066882, 4684745516066882, 4684745516066882, 4684745516066882, 4684745516066882, 4684745516066882, 4684745516066882, 4684745516066882, 4684745516066882, 4684745516066882, 4684745516066882, 4684745516066882, 4684745516066882, 4684745516066882, 4684745516066882, 4684745516066882, 4684745516066882, 4684745516066882, 4684745516066882, 4684745516066882, 4684745516066882, 4684745516066882, 4684745516066882, 4684745516066882, 4684745516066882, 4684745516066882, 4684745516066882, 4684745516066882, 4684745516066882, 4684745516066882, 4684745516066882, 4684745516066882, 4684745516066882, 4684745516066882, 4684745516066882, 4684745516066882, 4684745516066882, 4684745516066882, 4684745516066882, 4684745516066882, 4684745516066882, 4684745516066882, 4684745516066882, 4684745516066882, 4684745516066882, 4684745516066882, 4684745516066882, 4684745516066882, 4684745516066882, 4684745516066882, 4684745516066882, 4684745516066882, 4684745516066882, 4684745516066882, 4684745516066882, 4684745516066882, 4684745516066882, 4684745516066882, 4684745516066882, 4684745516066882, 4684745516066882, 4684745516066882, 4684745516066882, 4684745516066882, 4684745516066882, 4684745516066882, 4684745516066882, 4684745516066882, 4684745516066882, 4684745516066882, 4684745516066882, 4684745516066882, 4684745516066882, 5247695469488194, 5247695469488194, 5247695469488194, 5247695469488194, 5247695469488194, 5247695469488194, 5247695469488194, 5247695469488194, 5247695469488194, 5247695469488194, 5247695469488322, 5247695469488322, 5247695469488322, 5247695469488322, 5247695469488322, 5247695469488322, 5247695469488322, 5247695469488322, 5247695469488322, 5247695469488322, 4684745516067010, 4684745516067010, 4684745516067010, 4684745516067010, 4684745516067010, 4684745516067010, 4684745516067010, 4684745516067010, 4684745516067010, 4684745516067010, 4684745516067010, 4684745516067010, 4684745516067010, 4684745516067010, 4684745516067010, 4684745516067010, 4684745516067010, 4684745516067010, 4684745516067010, 4684745516067010, 4684745516067010, 4684745516067010, 4684745516067010, 4684745516067010, 4684745516067010, 4684745516067010, 4684745516067010, 4684745516067010, 4684745516067010, 4684745516066882, 4684745516066882, 4684745516066882, 4684745516066882, 4684745516066882, 4684745516066882, 4684745516066882, 4684745516066882, 4684745516066882, 4684745516066882, 4684745516066882, 4684745516066882, 4684745516066882, 4684745516066882, 4684745516066882, 4684745516066882, 4684745516066882, 4684745516066882, 4684745516066882, 4684745516066882, 4684745516066882, 4684745516066882, 4684745516066882, 4684745516066882, 4684745516066882, 4684745516066882, 4684745516066882, 4684745516066882, 4684745516066882, 4684745516066882, 4684745516066882, 4684745516066882, 4684745516066882, 4684745516066882, 4684745516066882, 4684745516066882, 4684745516066882, 4684745516066882, 4684745516066882, 4684745516066882, 4684745516066882, 4684745516066882, 4684745516066882, 4684745516066882, 4684745549621314, 4684745549621314, 4684745549621314, 4684745549621314, 4684745549621314, 4684745549621314, 4684745549621314, 4684745549621314, 4684745549621314, 4684745549621314, 4684745549621314, 4684745549621314, 4684745549621314, 4684745549621314, 4684745549621314, 4684745549621314, 4684745549621314, 4684745549621314, 4684745549621314, 4684745549621314, 4684745549621314, 4684745516066882, 4684745516066882, 4684745516066882, 4684745516066882, 4684745516066882, 4684745516066882, 4684745516066882, 4684745516066882, 4684745516066882, 4684745516066882, 4684745516066882, 4684745516066882, 4684745516066882, 4684745516066882, 4684745516066882, 4684745516066882, 4684745516066882, 4684745516066882, 4684745516066882, 4684745516066882, 4684745516066882, 4684745516066882, 4684745516066882, 4684745516066882, 4684745516066882, 4684745516066882, 4684745516066882, 4684745516066882, 4684745516066882, 4684745516066882, 4684745516066882, 4684745516066882, 4684745516066882, 4684745516066882, 4684745516066882, 4684745516066882, 4684745516066882, 4684745516066882, 4684745516066882, 4684745516066882, 4684745516066882, 4684745516066882, 4684745516066882, 4684745516066882, 4684745516066882, 4684745516066882, 4684745516066882, 4684745516066882, 4684745516066882, 4684745516066882, 4684745516066882, 4684745516066882, 4684745516066882, 4684745516066882, 4684745516066882, 4684745516066882, 4684745516066882, 4684745516066882, 4684745516066882, 4684745516066882, 4684745516066882, 4684745516066882, 4684745516066882, 4684745516066882, 4684745516066882, 4684745516066882, 4684745516066882, 4684745516066882, 4684745516066882, 4684745516066882, 4684745516066882, 4684745516066882, 4684745516066882, 4684745516066882, 4684745516066882, 4684745516066882, 4684745516066882, 4684745516066882, 4684745516066882, 4684745516066882, 4684745516066882, 4684745516066882, 4684745516066882, 4684745516066882, 4684745516066882, 4702337702111298, 4702337702111298, 4702337702111298, 4702337702111298, 4702337702111298, 4702337702111298, 4702337702111298, 4702337702111298, 4702337702111298, 4702337702111298, 4702337702111298, 4702337702111298, 4702337702111298, 4702337702111298, 4702337702111298, 4702337702111298, 4702337702111298, 4702337702111298, 4702337702111298, 4702337702111298, 4702337702111298, 4702337702111298, 4702337702111298, 4702337702111298, 4702337702111298, 4702337702111298, 4702337702111298, 4702337702111426, 4702337702111426, 4702337702111426, 4702337702111426, 4702337702111426, 4702337702111426, 4702337702111426, 4702337702111426, 4702337702111426, 4702337702111426, 4702337702111426, 4702337702111426, 4702337702111426, 4702337702111426, 4702337702111426, 4702337702111426, 4702337702111426, 4702337702111426, 4702337702111426, 4702337702111426, 4702337702111426, 4702337702111426, 4702337702111426, 4702337702111426, 4702337702111426, 4702337702111426, 4702337702111426, 4702337702112450]
[4684745516066882, 4684745516066882, 4684745516066882, 4684745516066882, 4684745516066882, 4684745516066882, 4684745516066882, 4684745516066882, 4684745516066882, 4684745516066882, 4684745516066882, 4684745516066882, 4684745516066882, 4684745516066882, 4684745516066882, 4684745516066882, 4684745516066882, 4684745516066882, 4684745516066882, 4684745516066882, 4684745516066882, 4684745516066882, 4684745516066882, 4684745516066882, 4684745516066882, 181145888696386, 181145888696386, 18195544398178370, 18195544398178370, 18195544398178370, 18195544398178370, 18195544398178370, 18195544398178370, 18195544398178370, 18195544398178370, 18195543324436546]
[4684745516066882, 4684745516066882, 4684745516066882, 4684745516066882, 4684745516066882, 4684745516066882, 4684745516066882, 4684745516066882, 4684745516066882, 4684745516066882, 4684745516066882, 4684745516066882, 4684745516066882, 4684745516066882, 4684745516066882, 4684745516066882, 4684745516066882, 4684745516066882, 4684745516066882, 4684745516066882, 4684745516066882, 4684745516066882, 4684745516066882, 4684745516066882, 4684745516066882, 4684745516066882, 4684745516066882, 4684745516066882, 4684745516066882, 4684745516066882, 4684745516066882, 4684745516066882, 4684745516066882, 4684745516066882, 4684745516066882, 4684745516066882, 4684745516066882, 4684745516066882, 4684745516066882, 4684745516066882, 4684745516066882, 4684745516066882, 4684745516066882, 4684745516066882, 4684745516066882, 4684745516066882, 4684745516066882, 4684745516066882, 4684745516066882, 4684745516066882, 4684745516066882, 4684745516066882, 4684745516066882, 4684745524455490, 4684745524455490, 4684745524455490, 4684745524455490, 4684745524455490, 4684745524455490, 4684745524455490, 4684745524455490, 4684745524455490, 4684745524455490, 4684745524455490, 4684745524455490, 4684745524455490, 4684745524455490, 4684744450713666, 4684744450713666, 4684744450713666, 4684744450713666, 4684744450713666, 4684744450713666, 4684744450713666, 4684744450713666, 4684744450713666, 4684744450713666, 4684744450713666, 4684744450713666, 4684744450713666, 4684744450713666, 4684744442325058, 4684744442325058, 4684744442325058, 4684744442325058, 4684744442325058, 4684744442325058, 4684744442325058, 4684744442325058, 4684744442325058, 4684744442325058, 4684744442325058, 4684744442325058, 4684744442325058, 4684744442325058, 4684744442325058, 4684744442325058, 4684744442325058, 4684744442325058, 4684744442325058, 4684744442325058, 4684744442325058, 4684744442325058, 4684744442325058, 4684744442325058, 4684744442325058, 4684744442325058, 4684744442325058, 4684744442325058, 4684744442325058, 4684744442325058, 4684744442325058, 4684744442325058, 4684744442325058, 4684744442325058, 4684744442325058, 4684744442325058, 4684744442325058, 4684744442325058, 4684744442325058, 4684744442325058, 4684744442325058, 4684744442325058, 4684744442325058, 4684744442325058, 4684744442325058, 4684744442325058, 4684744442325058, 4684744442325058, 4684744442325058, 4684744442325058, 4684744442325058, 4702336628369474, 4702336628369474, 4702336628369410]
[4684745516066882, 4684745516066882, 4684745516066882, 4684745516066882, 4684745516066882, 4684745516066882, 4684745516066882, 4684745516066882, 4684745516066882, 4684745516066882, 4684745516066882, 4684745516066882, 4684745516066882, 4684745516066882, 4684745516066882, 4684745516066882, 4684745516066882, 4684745516066882, 4684745516066882, 4684745516066882, 4684745516066882, 4684745516066882, 4684745516066882, 4684745516066882, 4684745516066882, 4684745516066882, 4684745516066882, 4684745516066882, 4684745516066882, 4684745516066882, 4684745516066882, 4684745516066882, 4684745516066882, 4684745516066882, 4684745516066882, 4684745516066882, 4684745516066882, 4684745516066882, 4684745516066882, 4684745516066882, 4684745516066882, 4684745516066882, 4684745516066882, 4684745516066882, 4684745516066882, 4684745516066882, 4684745516066882, 4684745516066882, 4684745516066882, 4684745516066882, 4684745516066882, 4684745516066882, 4684745516066882, 4684745516066882, 4684745516066882, 4684745516066882, 4684745516066882, 4684745516066882, 4684745516066882, 4684745516066882, 4684745516066882, 4684745516066882, 4684745516066882, 4684745516066882, 4684745516066882, 4684745524455490, 4684745524455490, 4684745524455490, 4684745524455490, 4684745524455490, 4684745524455490, 4684745524455490, 4684745524455490, 4684745524455490, 4684745524455490, 4684745524455490, 22699144033937474, 22699144033937474, 22699144033937474, 22699144033937474, 22699144033937474, 22699144033937474, 22699144033937474, 22699144033937474, 22699144033937474, 22699144033937474, 22699144033937474, 22699144033937474, 22699144033937474, 22699144033937474, 22699144033937474, 22699144033937474, 22699144033937474, 22699144033937474, 22699144033937474, 22699144033937474, 22699144033937474, 22699144033937474, 22699144033937474, 22699144033937474, 22699144033937474, 22699144033937474, 22699144033937474, 22699144033937474, 22699144033937474, 22699144033937474, 22699144033937474, 22699144033937474, 22699144033937474, 22699144033937474, 22699144033937474, 22699144033937474, 22699144033937474, 22699144033937474, 22699144033937474, 22699144033937474, 22699144033937474, 22699144033937474, 22699144033937474, 22699144033937474, 22699144033937474, 22699144033937474, 22699144033937482]
[4684745516066882, 4684745516066882, 4684745516066882, 4684745516066882, 4684745516066882, 4684745516066882, 4684745516066882, 4684745516066882, 4684745516066882, 4684745516066882, 4684745516066882, 4684745516066882, 4684745524455490, 4684745524455490, 4684745524455490, 4684745524455490, 4684745524455490, 4684745524455490, 4684745524455490, 4684745524455490, 4684745524455490, 4684745524455490, 4684745524455490, 4684745524455490, 4684745524455490, 4684744450713666, 4684744450713666, 4684744450713666, 4684744450713666, 4684744450713666, 4684744450713666, 4684744450713666, 4684744450713666, 4684744450713666, 4684744450713666, 4684744450713666, 4684744450713666, 4684744450713602]
[4684745516066882, 4684745516066882, 4684745516066882, 4684745516066882, 4684745516066882, 4684745516066882, 4684745516066882, 4684745516066882, 4684745516066882, 4684745516066882, 4684745516066882, 4684745516066882, 4684745516066882, 4684745516066882, 4684745516066882, 4684882955020354, 4684882955020354, 4684882955020354, 4684882955020354, 4684882955020354, 4684882955020354, 4684882955020354, 4684882955020354, 4684882955020354, 4684882955020354, 4684882955020354, 4684882955020354, 4684882955020354, 4684882955020354, 4684882955020354, 4684882955020354, 4684882955020354, 4684882955020354, 4684882955020354, 4684882955020354, 4684882955020354, 4684882955020354, 4684882955020354, 4684882955020354, 4684882955020354, 4684882955020354, 4684882955020354, 4684882955020354, 4684882955020354, 4684882955020354, 4684882955020354, 181283327649858, 181283327649858, 181283327649858, 181283327649858, 181283327649858, 181283327649858, 181283327649858, 181283327649858, 181283327649858, 181283327649858, 181283327649858, 181283327649858, 181283327649858, 181283327649858, 181283327649858, 181283327649858, 181283327649858, 181283327649858, 181283327649858, 181283327649858, 181283327649858, 181283327649858, 181283327649858, 181283327649858, 181283327649858, 181283327649858, 181283327649858, 181283327649858, 181283327649858, 181283327649858, 181283327649858, 181283327649858, 181283327649858, 181283327649858, 181283327649858, 181283327649858, 181283327649858, 181283327649858, 181283361204290]
[4684745516066882, 4684745516066882, 4684745516066882, 4684745516066882, 4684745516066882, 4684745516066882, 4684745516066882, 4684745516066882, 4684745516066882, 4684745516066882, 4684882955020354, 4684882955020354, 4684882955020482, 4684882955020482, 4684882955020482, 4684882955020482, 4684882955020482, 4684882988574914]
[4684745516066882, 4684745516066882, 4684745516066882, 4684745516066882, 4684745516066882, 4684745516066882, 4684745516066882, 4684745516066882, 4684745516066882, 4684745516066882, 4684745516066882, 4684745516066882, 4684745516066882, 4684745516066882, 4684745516066882, 4684745516066882, 4684745516066882, 4684745516066882, 4684745516066882, 4684745516066882, 4684745516066882, 4684745516066882, 4684745516066882, 4684745516066882, 4684745516066882, 4684745516066882, 4684745516066882, 4684745516066882, 4684745516066882, 4684745516066882, 4684745516066882, 4684745516066882, 4684745516066882, 4684745516066882, 4684745516066882, 4684745516066882, 4684745516066882, 4684745516066882, 4684745516066882, 4684745516066882, 4684745516066882, 4684745516066882, 4684745516066882, 4684745516066882, 4684745516066882, 4684745516066882, 4684745516066882, 4684745516066882, 4684745516066882, 4684745516066882, 4684745516066882, 4684745516066882, 4684745516066882, 4684745516066882, 4684745516066882, 4684745516066882, 4684745516066882, 4684745516066882, 4684745516066882, 4684745516066882, 4684745516066882, 4684745516066882, 4684745516066882, 4684745516066882, 4684745516066882, 4684745516066914, 4684745516066914, 4684745516066914, 4684745516066914, 4684745516066914, 4684745516066914, 4684745516066914, 4684745516066914, 4684745516066914, 4684745516066914, 4684745516066914, 4684745516066914, 4684745516066914, 4684745516066914, 4684745516066914, 4684745516066914, 4684745516066914, 4684745516066914, 4684745516066914, 4684745516066914, 4684745516066914, 4684745516066914, 4684745516066914, 4684745516066914, 4684745516066914, 4684745516066914, 4684745516066914, 4684745516066914, 4684745516066914, 22699144025548898, 22699144025548898, 22699144025548898, 22699144025548898, 22699144025548898, 22699144025548898, 22699144025548898, 22699144025548898, 22699144025548898, 22699144025548898, 22699144025548898, 22699144025548898, 22699144025548898, 22699144025548898, 22699144025548898, 22699144025548898, 22699144025548898, 22699144025548898, 22699144025548898, 22699144025548898, 22699144025548898, 22699144025548898, 22699144025548898, 22699144025548898, 22699144025548898, 22699144025548898, 22699144025548898, 22699144025548898, 22699144025548898, 22699144025548898, 22699144025548898, 22699144025548898, 22699144025548898, 22699144025548898, 22699144025548898, 22699144025548898, 22699144025548898, 22699144025548898, 22699144025548898, 22699144025548898, 22699144025548898, 22699144025548898, 22699144025548898, 22699144025548898, 22699144025548898, 22699144025548866, 22699144025548866, 22699144025548866, 22699144025548866, 22699144025548866, 22699144025548866, 22699144025548866, 22699144025548866, 22699144025548866, 22699144025548866, 22699144025548866, 22699144025548866, 22699144025548866, 22699144025548866, 22699144025548866, 22699144025548866, 22699144025548866, 22699144025548866, 22699144025548866, 22699144025548866, 22699144025548866, 22699144025548866, 22699144025548866, 22699144025548866, 22699144025548866, 22699144025548866, 22699144025548866, 22699144025548866, 22699144025548866, 22699144025548866, 22699144025548866, 22699144025548866, 22699144025548866, 22699144025548866, 22699144025548866, 22699144025548866, 22699144025548866, 22699144025548866, 22699144025548866, 22699144025548866, 22699144025548866, 22699144025548866, 22699144025548866, 23262093978970178, 23262093978970178, 23262093978971202]
[4684745516066882, 4684745516066882, 4684745516066882, 4684745516066882, 4684745516066882, 4684745516066882, 4684745516066882, 4684745516066882, 4684745516066882, 4684745516066882, 4684745516066882, 4684745516066882, 4684745516066882, 4684745516066882, 4684745516066882, 4684745516066882, 4684745516066882, 4684745516066882, 4684745516066882, 4684745516066882, 4684745516066882, 4684745516066882, 4684745516066882, 4684745516066882, 4684745516066882, 4684745516066882, 4684745516066882, 4684745516066882, 4684745516066882, 4684745516066882, 4684745516066882, 4684745516066882, 4684745516066882, 4684745516066882, 4684745516066882, 4684745516066882, 40713542535030850, 40713542535030850, 40713542535030850, 40713542535030850, 40713542535030850, 40713542535030850, 40713542535030850, 40713542535030850, 40713542535030850, 40713542535030850, 40713542535030850, 40713542535030850, 40713542535030850, 40713542535030850, 40713542535030850, 40713542535030850, 40713542535030850, 40713542535030850, 40713542535030850, 40713542535030850, 58727941044512834, 58727941044512834, 58727941044512834, 58727941044512834, 58727941044512834, 58727941044512834, 58727941044512834, 58727941044512834, 58727941044512834, 58727941044512834, 58727941044512834, 58727941044512834, 58727941044512834, 58727941044512834, 58727941044512834, 58727941044512834, 58727941061290050]
[4684745516066882, 4684745516066882, 4684745516066882, 4684745516066882, 4684745516066882, 4684745516066882, 4684745516066882, 4684745516066882, 4684745516066882, 4684745516066882, 4684745516066882, 4684745516066882, 4684745516066890, 4684745516066890, 4684745516066890, 4684745516066890, 4684745516066890, 4684745516066890, 4684745516066890, 4684745516066890, 4684745516066890, 4684745516066890, 4684745516066890, 4684745516066890, 4684745516066890, 4684745516066890, 4684745516066890, 4684745516066890, 4684745516066890, 4684745516066890, 4684745516066890, 4684745516066890, 4684745516066890, 4684745516066890, 4684745516066890, 4684745516066890, 4684745516066890, 4684745516066890, 4684745516066890, 4684745516066890, 4684745516066890, 4684745516066890, 4684745516066890, 4684745516066890, 4684745516066890, 4684745516066890, 4684745516066890, 4684745516066890, 4684745516066890, 4684745516066890, 4684745516066890, 4684745516066890, 4684745516066890, 4684745516066890, 4684745516066890, 4684745516067914, 4684745516067914, 4684745516067914, 4684745516067914, 4684745516067914, 4684745516067914, 4684745516067914, 4684745516067914, 4684745516067914, 4684745516067914, 4684745516067914, 4684745516067914, 4684745516067914, 4684745516067914, 4684745549622346]
[4684745516066882, 4684745516066882, 4684745516066882, 4684745516066882, 4684745516066882, 4684745516066882, 4684745516066882, 4684814235543618, 4684814235543618, 4684814235543618, 4684814235543618, 4684814235543618, 4684814235543618, 4684814235543618, 4684814235543618, 4684814235543618, 4684814235543618, 4684814235543618, 22699212745025602, 22699212745025602, 22699212745025602, 22699212745025602, 22699212745025602, 22699212745025602, 22699212745025602, 22699212745025602, 22699212745025602, 22699212745025602, 22699212745025602, 22699212745025602, 22699212745025602, 22699212745025602, 22699212745025602, 22699212745025602, 22699212745025602, 22699212745025602, 22699212745025602, 22699211671283778]
[4684745516066882, 4684745516066882, 4684745516066882, 4684745516066882, 4684745516066882, 4684745516066882, 4684745516066882, 4684745516066882, 4684745516066882, 4684745516066882, 4684745516066882, 4684745516066882, 4684745516066882, 181145888696386, 181145888696386, 181145888696386, 181145888696386, 181145888696386, 181145888696386, 181145888696386, 181145888696386, 181145888696386, 181145888696386, 181145888696386, 181145888696386, 181145888696386, 181145888696386, 181145888696386, 181145888696386, 181145888696386, 181145888696386, 181145888696386, 181145888696386, 181145888696386, 181145888696386, 181145888696386, 181145888696386, 181145888696386, 181145888696386, 181145888696386, 181145888696386, 181145888696386, 181145888696386, 181145888696386, 181145888696386, 181145888696386, 181145888696386, 181145888696386, 181145888696386, 181145888696386, 181145888696386, 181145888696386, 181145888696386, 181145888696386, 181145888696386, 181145888696386, 181145888696386, 181145888696386, 181145888696386, 181145888696386, 181145888696386, 181145888696386, 181145888696386, 181145888696386, 181145888696386, 181145888696386, 181145888696386, 181145888696386, 181144814954562, 181144814954562, 181144814954562, 181144814954562, 181144814954562, 181144814954562, 181144814954562, 181144814954562, 181144814954562, 181144814954562, 181144814954562, 181144814954562, 181144814954562, 181144814954562, 181144814954562, 181144814954562, 181144814954562, 181144814954562, 181144814954562, 181144814954562, 181144814954562, 181144814954562, 181144814954562, 181144814954562, 181144814954562, 181144814954562, 181144814954562, 181144814954562, 181144814954562, 181144814954562, 181144814954562, 181144814954562, 181144814954562, 181144814954562, 181144814954562, 181144814954562, 198737000998978]
[4684745516066882, 4684745516066882, 4684745516066882, 4684745516066882, 4684745516066882, 4684745516066882, 4684745516066882, 4684745516066882, 4544008027711554, 4544008027711554, 4544008027711554, 4544008027711554, 4544008027711554, 4544008027711554, 4544008027711554, 4544008027711554, 4544008027711554, 4544008027711554, 4544008027711554, 4544008027711554, 4544008027711554, 4544008027711554, 4544008027711554, 4544008027711554, 4544008027711554, 4544008027711554, 4544008027711554, 4544008027711554, 4544008027711554, 4544008027711554, 4544008027711554, 4544008027711554, 4544008027711554, 4544008027711554, 4544008027711554, 4544008027711554, 4544008027711554, 4544008027711554, 4544008027711554, 4544008027712578, 4544008027712578, 4544008027712578, 4544008027712578, 4544008027712578, 4544008027712578, 4544008027712578, 4544008027712578, 4544008027712578, 4544008027712578, 4544008027712578, 4544008027712578, 4544008027712578, 4544008027712578, 4544008027712578, 4544008027712578, 4544008027712578, 4544008027712578, 4544008027712578, 4544008027712578, 4544008027712578, 4544008027712578, 4544008027712578, 4544008027712578, 4544008027712578, 4544008027712578, 6795807841397826]
[4684745516066882, 4684745516066882, 4684745516066882, 4684745516066882, 4684745516066882, 4684745516066882, 4684745516066882, 4684745516066882, 4684745516066882, 4684745516066882, 4684745516066882, 4684745516066882, 4684745516066882, 4684745516066882, 4684745516066882, 4684745516066882, 4684745516066882, 4684745516066882, 4684745516066882, 4684745516066882, 4684745516066882, 4684745516066882, 4684745516066882, 4684745516066882, 4684745516066882, 4684745516066882, 4684745516066882, 4684745516066882, 4684745516066882, 4684745516066882, 4684745516066882, 4684745516066882, 4684745516066882, 4684745516066882, 4684745516066882, 4684745516066882, 4684745516066882, 4684745516066882, 4684745516066882, 4684745516066882, 4684745516066882, 4684745516066882, 4684745516066882, 4684745516066882, 4684745516066882, 4684745516066882, 4684745516066882, 4684745516066882, 4684745516066882, 4684745516066882, 4684745516066882, 4684745516066882, 4684745516066882, 4684745516066882, 4684745516066882, 4684745516066882, 4684745516066882, 4684745516066882, 4684745516066882, 4684745516066882, 4684745516066882, 4684745516066882, 4684745516066882, 4684745516066882, 4684745516066882, 4684745516066882, 4684745516066882, 4684745516066882, 4684745516066882, 4684745516066882, 4684745516066882, 4684745516066882, 4684745516066882, 4684745516066882, 4684745516066882, 4684745516066882, 4684745516066882, 4684745516066882, 4684745516066882, 4684745516066882, 4684745516066882, 4684745516066882, 4684745516066882, 4684745516066882, 4684745516066882, 4684745516066882, 4684745516066882, 4684745516066882, 4684745516066882, 4684745516066882, 4684745516066882, 4684745516066882, 4684745516066882, 4684745516066882, 4684745516066882, 4684745516066882, 4684745516066882, 4684745516066882, 4684745516066882, 4684745516066882, 4684745516066882, 4684745516066882, 4684745516066882, 4684745516066882, 4684745516066882, 4684745516066882, 4684745516066882, 4684745516066882, 4684745516066882, 4684745516066882, 4684745516066882, 4684745516066882, 4684745516066882, 4684745516066882, 4684745516066882, 4684745516066882, 4684745516066882, 4684745516066882, 4684745516066882, 4684745516066882, 4684745516066882, 4684745516066882, 4684745516066882, 4684745516066882, 4684745516066882, 22699144025548866, 22699144025548866, 22699144025548866, 22699144025548866, 22699144025548866, 22699144025548866, 22699144025548866, 22699144025548866, 22699144025548866, 22699144025548866, 22699144025548866, 22699144025548866, 22699144025548866, 22699144025548866, 22699144025548866, 22699144025548866, 22699144025548866, 22699144025548866, 22699144025548866, 22699144025548866, 22699144025548866, 22699144025548866, 22699144025548866, 22699144025548866, 22699144025548866, 22699144025548866, 22699144025548866, 22699144025548866, 22699144025548866, 23262093978970178, 23262093978970178, 23262093978970178, 23262093978970178, 23262093978970178, 23262093978970178, 23262093978970178, 23262093978970178, 23262093978970178, 23262093978970178, 23262093978970178, 23262093978970178, 23262093981067330]
[4684745516066882, 4684745516066882, 4684745516066882, 4684745516066882, 4684745516066882, 4684745516066882, 4684745516066882, 4684745516066882, 4684745516066882, 4684745516066882, 4684745516066882, 4684745516066882, 4684745516066882, 4684745516066882, 4684745516066882, 4684745516066882, 4684745516066882, 4684745516066882, 4684745516066882, 4684745516066882, 4684745516066882, 4684745516066882, 4684745516066882, 4684745516066882, 4684745516066882, 4684745516066882, 4684745516066882, 4684745516066882, 4684745516066882, 4684745516066882, 4684745516066882, 4684745516066882, 4684745516066882, 4684745516066882, 4684745516066882, 4684745516066882, 4684745516066882, 4684745516066882, 4684745516066882, 4684745516066882, 4684745516066882, 4684745516066882, 4684745516066882, 4684745516066882, 4684745516066882, 4684745516066882, 4684745516066882, 4684745516066882, 4684745516066882, 4684745516066882, 4684745516066882, 4684745516066882, 4684745516066882, 4684745516066882, 4684745516066882, 4684745516066882, 4684745516066882, 4684745516066882, 4684745516066882, 4684745516066882, 4684745516066882, 4684745516066882, 4684745516066882, 4684745516066882, 4684745516066882, 4684745516066882, 4684745516066882, 4684745516066882, 4684745516066882, 4684745516066882, 5247695469488194, 5247695469488194, 5247695469488194, 5247695469488194, 5247695469488194, 5247695469488194, 5247695469488194, 5247695469488194, 5247695469488194, 5247695469488194, 5247695469488194, 5247695469488194, 5247695469488194, 5247695469488194, 5247695469488194, 5247695469488194, 5247695469488194, 5247695469488194, 5247695469488194, 5256491562510402, 5256491562510402, 5256491562510402, 5256491562510402, 5256491562510402, 5256491562510402, 5256491562510402, 5256491562510402, 5256491562510402, 5256491562510402, 5256491562510402, 5256491562510402, 5256491562510402, 5256491562510530]
[4684745516066882, 4684745516066882, 4684745516066882, 4684745516066882, 4684745516066882, 4684745516066882, 4684745516066882, 4684745516066882, 4684745516066882, 4684745516066882, 4684745516066882, 4684745516066882, 4684745516066882, 4684745516066882, 4684745516066882, 4684745516066882, 4684745516066882, 4684745516066882, 4684745516066882, 4684745516066882, 4684745516066882, 4684745516066882, 4684745516066882, 4684745516066882, 4684745516066882, 4684745516066882, 4684745516066882, 4684745516066882, 4684745516066882, 4684745516066882, 4684745516066882, 4684745516066882, 4684745516066882, 4684745516066882, 4684745516066882, 4684745516066882, 4684745516066882, 4684745516066882, 4684745516066882, 4684745516066882, 4684745516066882, 4684745516066882, 4684745516066882, 4684745516066882, 4684745516066882, 4684745516066882, 4684745516066882, 4684745516066882, 4684745516066882, 4684745516066882, 4684745516066882, 4684745516066882, 4684745516066882, 4684745516066882, 4684745516066882, 4684745516066882, 4684745516066882, 4684745516066882, 4684745516066882, 4684745516066882, 4684745516066882, 4684745516066882, 4684745516066882, 4684745516066882, 4684745516066882, 4684745516066882, 4684745516066882, 4684745516066882, 4684745516066882, 4684745516066882, 4684745516066882, 4684745516066882, 4684745516066882, 4684745516066882, 4684745516066882, 4684745516066882, 4684745516066882, 4684745516066882, 4684745516066882, 4684745516066882, 4684745516066882, 4684745516066882, 4684745516066882, 4684745516066882, 4684745516066882, 4684745516066882, 4684745516066882, 4684745516066882, 4684745516066882, 4684745516066882, 4684745516066882, 4684745516066882, 4684745516066882, 4684745516066882, 4684745516066882, 4684745516066882, 4684745516066882, 4684745516066882, 4684745516066882, 4684745516066882, 4684745516066882, 4684745516066882, 4684745516066882, 4684745516066882, 4684745516066882, 4684745516066882, 4684745516066882, 4684745516066882, 4684745516066882, 4684745516066882, 4684745516066882, 4684745516066882, 4684745516066882, 4684745516066882, 4684745516066882, 4684745516066882, 4684745516066882, 4684745516066882, 4684745516066882, 4684745516066882, 4684745516066882, 4684745516066882, 4684745516066882, 4684745516066882, 4684745516066882, 4684745516066882, 4684745516066882, 4684745516066882, 4684745516066882, 4684745516066882, 4684745516066882, 4684745516066882, 4684745516066882, 4684745516066882, 4684745516066882, 4684745516066882, 4684745516066882, 4684745516066882, 4684745516066882, 4684745516066882, 4684745516066882, 4684745516066882, 4684745516066882, 4684745516066882, 4684745516066882, 4684745516066882, 4684745516066882, 4684745516066882, 4684745516066882, 4684745516066882, 4684745516066882, 4684745516066882, 4684745516066882, 4684745516066882, 4684745516066882, 4684745516066882, 4684745516066882, 4684745516066882, 4684745516066882, 4684745516066882, 4684745516066882, 4684745516066882, 4684745516066882, 4684745516066882, 4684745516066882, 4684745516066882, 4684745516066882, 4684745516066882, 4684745516066882, 4684745516066882, 4684745516066882, 4684745516066882, 4684745516066882, 4684745516066882, 4684745516066882, 4684745516066882, 4684745516066882, 4684745516066882, 4684745516066882, 4684745516067906, 4684745516067906, 4684745516067906, 4684745549622338, 4684745549622338, 4684745549622338, 4684745549622338, 4684745549622338, 4684745549622338, 4684745549622338, 4684745549622338, 4684745549622338, 4684745549622338, 4684745549622338, 4684745549622338, 4684745549622338, 4684745549622338, 4684745549622338, 4684745516067906, 4684745516067906, 4684745516067906, 4684745516067906, 4684745516067906, 4684745516067906, 4684745516067906, 4684745516067906, 4684745516067906, 4684745516067906, 4684745516067906, 4684745516067906, 4693541609090114, 4693541609090114, 4693541609090114, 4693541609090114, 4693541609090114, 4693541609090114, 4693541609090114, 4693541609090114, 4693541609090114, 4693541609090114, 4693541609090114, 4693541609090114, 4693541609090114, 4693541609090114, 4693541609090114, 4693541609090114, 4693541609090114, 4693541609090114, 4693541609090114, 4693541609090114, 4693541609090114, 4693541609090114, 4693541609090114, 4693541609090114, 4693541609090114, 4693541609090114, 4693541609090114, 4693541609090114, 4693541609090114, 4693541609090114, 4693541609090114, 4693541609090114, 4693541609090114, 4693541609090114, 4693541609090114, 4693541609090114, 4693541609090114, 4693541609090114, 4693541609090114, 4693541609090114, 4693541609090114, 4693541609090114, 4693541609090114, 4693541609090114, 4693541609090114, 4693541609090114, 4693541609090114, 4693541609090114, 4693541609090114, 4693541609090114, 4693541609090114, 4693541609090114, 4693541609090114, 5256491562511426]
[4684745516066882, 4684745516066882, 4684745516066882, 4684745516066882, 4684745516066882, 4684745516066882, 4684745516066882, 4684745516066882, 4684745516066882, 4684745516066882, 4684745516066882, 4684745516066882, 4684745516066882, 4684745516066882, 4684745516066882, 4684745516066882, 4684745516066882, 4684745516066882, 4684745516066882, 4684745516066882, 4684745516066882, 4684745516066882, 4684745516066882, 4684745516066882, 4684745516066882, 4684745516066882, 4684745516066882, 4684745516066882, 4684745516066882, 4684745516066882, 4684745516066882, 4684745516066882, 4684745516066882, 4684745516066882, 4684745516066882, 4684745516066882, 4684746052937794, 4684746052937794, 4684746052937794, 4684746052937794, 4684746052937794, 4684746052937794, 4684746052937794, 4684746052937794, 4684746052937794, 4684746052937794, 4684746052937794, 4684746052937794, 4684746052937794, 4684746052937794, 4684746052937794, 4684746052937794, 4684746052937794, 4684746052937794, 4684746052937794, 4684746052937794, 4684746052937794, 4684746052937794, 4684746052937794, 4684746052937794, 4684746052937794, 4684746052937794, 4684746052937794, 4684746052937794, 4684746052937794, 4684746052937794, 4684746052937802, 4684746052937802, 4684746052937802, 4684746052937802, 4684746052937802, 4684746052937802, 4684746052937802, 4684746052937802, 4684746052937802, 4684746052937802, 4684746052937802, 4684746052937802, 4684746052937802, 4684746052937802, 4684746052937802, 4684746052937802, 4684746052937802, 4684746052937802, 4684746052937802, 6936545866623050]
[4684745516066882, 4684745516066882, 4684745516066882, 4684745516066882, 4684745516066882, 4684745516066882, 4684745516066882, 4684745516066882, 4684745516066882, 4684745516066882, 4684745516066882, 4684745516066882, 4684745516066882, 4684745516066882, 4684745516066882, 4684745516066882, 4684745516066882, 4684745516066882, 4684745516066882, 4684745516066882, 4684745516066882, 4684745516066882, 4684745516066882, 4684745516066882, 4684745516066882, 4684745516066882, 4684745516066882, 4684745516066882, 4684745516066882, 4684745516066882, 4684745516066882, 4684745516066882, 4684745516066882, 4684745516066882, 4684745516066882, 4684745516066882, 4684745516066882, 4684745516066882, 4684745516066882, 4684745516066882, 4684745516066882, 4684745516066882, 4684745516066882, 4684745516066882, 4684745516066882, 4684745516066882, 4684745516066882, 4684745516066882, 4684745516066882, 4684745516066882, 4684745516066882, 4684745516066882, 4684745516066882, 4684745516066882, 4684745516066882, 4684745516066882, 4684745516066882, 4684745516066882, 4684745516066882, 4684745516066882, 4684745516066882, 4684745516066882, 4684745516066882, 4684745516066882, 4684745516066882, 4684745516066882, 4684745516066882, 4702337702111298, 4702337702111298, 4702337702111298, 4702337702111298, 4702337702111298, 4702337702111298, 4702337702111298, 4702337702111298, 4702337702111298, 4702337702111298, 4702337702111298, 4702337702111298, 4702337702111298, 4702336628369474, 4702336628369474, 4702336628369474, 4702336628369474, 4702336628369474, 4702336628369474, 4702336628369474, 4702336628369474, 4702336628369474, 4702336628369474, 4702336628369474, 4702336628369474, 4702336628369474, 4702336628369474, 4702336628369474, 4702336628369474, 4702336628369474, 4702336628369474, 4702336628369474, 4702336628369474, 4702336628369474, 4702336628369474, 4702336628369474, 4702336628369474, 4702336628369474, 4702336628369474, 4702336628369474, 4702336628369474, 4702336628369474, 4702336628369474, 4702336628369474, 4702336628369474, 4702336628369474, 4702336628369474, 4702336628369474, 4702336628369474, 4702336628369474, 4702336628369410]
[4684745516066882, 4684745516066882, 4684745516066882, 4684745516066882, 5247695469488194, 5247695469488194, 5247695469488194, 5247695469488194, 5247695469488194, 5247695469488194, 5247695469488194, 5247695469488194, 5247695469488194, 4684745516066882, 4684745516066882, 4684745516066882, 4684745516066882, 4684745516066882, 4684745516066882, 4684745516066882, 4684745516066882, 4684745516066882, 4684745516066882, 4684745516066882, 4684745516066882, 4684745516066882, 4684745516066882, 4684745516066882, 4684745516066882, 4684745516066882, 4684745516066882, 4684745516066882, 4684745516066882, 4684745516066882, 4684745516066882, 4684745516066882, 4684745516066882, 4684745516066882, 4684745549621314, 4684745549621314, 4684745549621314, 4684745549621314, 4684745549621314, 4684745549621314, 4684745549621314, 4684745549621314, 4684745549621314, 4684745549621314, 4684745549621314, 4684745549621314, 4684745549621314, 4684745549621314, 4684745549621314, 4684745549621314, 4684745549621314, 4684745549621314, 4684745549621314, 4684745549621314, 4684745549621314, 4684745549621314, 4684745549621314, 4684745549621314, 4684745549621314, 4684745549621314, 4684745549621314, 4684745549621314, 4684745549621314, 4684745549621314, 4684745549621314, 22699144059103298, 22699144059103298, 22699144059103298, 22699144025548866, 22699144025548864, 22699144025548864, 22699144025548864, 22699144025548864, 22699144025548864, 22699144025548864, 22699144025548864, 22699144025548864, 22699144025548864, 22699144025548864, 22699144025548864, 22699144025548864, 22699144025548864, 22699144025548864, 22699144025548864, 22699144025548864, 22699144025548864, 22699144025548864, 22699144025548864, 22699144025548864, 22699144025548864, 4684745516066880, 4684745516066880, 4684745516066880, 4684745516066880, 4684745516066880, 4684745516066880, 4684745516066880, 4684745516066880, 4684745516066880, 4684745516066880, 4684745516066880, 4684745516066880, 4684745516066880, 4684745516066880, 4684745516066880, 4684745516066880, 4684745516066880, 4684745516066880, 4684745516066880, 4684745516066880, 4684745516066880, 4684745516066880, 4684745516066880, 4684745516066880, 4684745516066880, 4684745516066880, 4684745516066880, 4684744442325056, 4684744442325056, 4684744442325056, 4684744442325056, 4684744442325056, 4684744442325056, 4684744442325056, 4684744442325056, 4684744442325056, 4684744442325056, 4684744442325056, 4684744442325056, 4684744442325056, 4684744442325056, 4684744442325056, 4684744442325056, 4684744442325056, 4684744442325056, 4684744442325056, 4684744442325056, 4684744442325056, 4684744442325056, 4684744442325056, 4684744442325056, 4684744442325056, 4684744442325056, 4684744442325056, 4684744442325056, 4684744442325056, 4684744442325056, 4684744442325056, 4684744442324992]
[4684745516066882, 4684745516066882, 4684745516066882, 4684745516066882, 4684745516066882, 4684745516066882, 4684745516066882, 4684745516066882, 4684745516066882, 4684745516066882, 4684745516066882, 4684745516066882, 4684745515018306, 4684745515018306, 4684745515018306, 4684745515018306, 4684745515018306, 4684745515018306, 4684745515018306, 4684745515018306, 4684745515018306, 4684745515018306, 4684745515018306, 4684745515018306, 4684745515018306, 4684745515018306, 4684745515018306, 4684745515018306, 4684745515018306, 4684745515018306, 4684745515018306, 4684745515018306, 4684745515018306, 4684745515018306, 4684745515018306, 4684745515018306, 4684745515018306, 4684745515018306, 4684745515018306, 4684745515018306, 22699144024500290, 22699144024500290, 22699144024500290, 22699144024500290, 22699144024500290, 22699144024500290, 22699144024500290, 22699144024500290, 22699144024500290, 22699144024500290, 22699144024500290, 22699144024500290, 22699144024500290, 22699144024500290, 22699144024500290, 22699144024500290, 22699144024500290, 22699144024500290, 22699144024500290, 22699144024500290, 22699144024500290, 22699144024500290, 22699144024500290, 22699144024500290, 22699144024500290, 22699144024500290, 22699144024500290, 22699144024500290, 22699144024500290, 22699144024500290, 22699144024500290, 22699144024500290, 22699144024500290, 22699144024500290, 22699144024500290, 22699144024500290, 22699144024500290, 22699144024500290, 22699144024500290, 22699144024500290, 22699144024500290, 22699144024500290, 22699144024500290, 22699144024500290, 22699144024500290, 22699144024500290, 22699144024500290, 22699144024500290, 22699144024500290, 22699144024500290, 22699144024500290, 22699144024500290, 22699144024500290, 22699144024500290, 22699144024500290, 22699144024500290, 22699144024500290, 22699144024500290, 22699144024500290, 22699144024500290, 22699144024500290, 22699144024500290, 22699144024500290, 22699144024500290, 22699144024500290, 22699144024500290, 22699144024500290, 22699144024500290, 22699144024500290, 23262093977921602]
[4684745516066882, 4684745516066882, 4684745516066882, 4684745516066882, 4684745516066882, 4684745516066882, 4684745516066882, 4684745516066882, 4684745516066882, 4684745516066882, 4684745516066882, 4684745516066882, 4684745516066882, 4684745516066882, 4684745516066882, 4684745516066882, 4684745516066882, 4684745516066882, 4684745516066882, 4684745516066882, 4684745516066882, 4684745516066882, 4684745516066882, 4684745516066882, 4684745516066882, 4684745516066882, 4684745516066882, 4684745516066882, 4684745516066882, 4684745516066882, 4684745516066882, 4684745516066882, 4684745516066882, 4684745516066882, 4684745516066882, 4684745516066882, 4684745516066882, 4684745516066882, 4684745516066882, 4684745516066882, 4684745516066882, 4684745516066882, 4684745516066882, 4684745516066882, 4684745516066882, 4684745516066882, 4684745516066882, 4684745516066882, 4684745516066882, 4684745516066882, 4684745516066882, 4684745516066882, 4684745516066882, 4684745516066882, 4684745516066882, 4684745516066882, 4684745516066882, 4684745516066882, 4684745516066882, 4684745516066882, 4684745516066882, 4684745516066882, 4684745516066882, 4684745516066882, 4684745516066882, 4684745516066882, 4684745516066882, 4684745516066882, 4684745516066882, 4684745516066882, 4684745516066882, 4684745516066882, 4684745516066882, 4684745516066882, 4684745516066882, 4684745516066882, 4684745516066882, 4684745516066882, 4684745516066882, 4684745516066882, 4684745516066882, 4684745516066882, 4684745516066882, 4684745516066882, 4684745516066882, 181145888696386, 181145888696386, 181145888696386, 181145888696386, 181145888696386, 181145888696386, 181145888696386, 181145888696386, 181145888696386, 181145888696514, 181145888696514, 181145888696514, 181145888696514, 181145888696514, 181145888696514, 181145888696514, 181145888696514, 181145888696514, 181145888696514, 181145888696514, 181145888696514, 181145888696514, 181145888696514, 181145888696514, 181145888696514, 181145888696514, 181145888696514, 181145888696514, 181145888696514, 181145888696514, 181145888696514, 181145888696514, 181145888696514, 181145888696514, 181145888696514, 181145888696514, 181145888696514, 181145888696514, 181145888696514, 181145888696514, 181145888696514, 181145888696514, 181145888696514, 181145888696514, 181145888696514, 181145888696514, 181145888696514, 181145888696514, 181145888696514, 181145888696514, 181145888696514, 181145888696514, 181145888696514, 181145888696514, 181145922250946]
[4684745516066882, 4684745516066882, 4684745516066882, 4684745516066882, 4684745516066882, 4684745516066882, 4684745516066882, 4684745516066882, 4684745516066882, 4684745516066882, 4684745516066882, 4684745516066882, 4684745516066882, 4684745516066882, 4684745516066882, 4684745516066882, 4684745516066882, 4684745516066882, 4684745516066882, 4684745516066882, 4684745516066882, 4684745516066882, 4684745516066882, 4684745516066882, 4684745516066882, 4684745516066882, 4684745516066882, 4684745516066882, 4684745516066882, 4684745516066882, 4684745516066882, 4684745516066882, 4684745516066882, 4684745516066882, 4684745516066882, 4684745516066882, 4684745516066882, 4684745516066882, 4684745516066882, 4684745516066882, 4684745516066882, 4684745516066882, 4684745516066882, 4684745516066882, 4684745516066882, 4684745516066882, 4684745516066882, 4684745516066882, 4684745516066882, 4684745516066882, 4684745516066882, 4684745516066882, 4684745516066882, 4684745516066882, 4684745516066882, 4684745516066882, 4684745516066882, 4684745516066882, 4684745516066882, 4684745516066882, 4684745516066882, 4684745516066882, 4684745516066882, 4684745516066882, 4684745516066882, 4684745516066882, 4684745516066882, 4684745516066882, 4684745516066882, 4684745516066882, 4684745516066882, 4684745516066882, 4684745516066882, 4684745516066882, 4684745516066882, 4684745516066882, 4684745516066882, 4684745516066882, 4684745516066882, 4544008027711554, 4544008027711554, 4544008027711554, 4544008027711554, 4544008027711554, 4544008027711554, 4544008027711554, 4544008027711554, 4544008027711554, 4544008027711554, 4544008027711554, 4544008027711554, 4544008027711554, 4544008027711554, 4544008027711554, 4544008027711554, 4544008027711554, 4544008027711554, 4544008027711554, 4544008027711554, 4544008027711554, 4544008027711554, 4544008027711554, 4544008027711554, 4544008027711554, 4544008027711554, 4544008027711554, 4544008027711554, 4544008027711554, 4544008027711554, 4544008027711554, 4544008027711554, 4544008027711554, 4544008027711554, 4544008027711554, 4544008027711554, 4544008027711554, 4544008027711554, 4544008027711554, 4544008027711554, 4544008027711554, 4544008027711554, 4544008027711554, 4544008027711554, 4544008027711554, 4544008027711554, 4544008027711554, 4544008027711554, 4544008027711554, 4544008027711554, 4544008027711554, 4544008027711554, 4544008027711554, 4544008027711554, 4544008027711554, 4544008027711554, 4544008027711554, 4544008027711554, 4544008027711554, 4544008027711554, 4544008027711554, 4544008027711554, 4544008027711554, 4544008027711554, 4544008027711554, 4544008027711554, 4544008027711554, 4544008027711554, 4544008027711554, 4544008027711554, 40408400341058, 40408400341058, 40408400341058, 40408400341058, 40408400341058, 40408400341058, 40408400341058, 40408400341058, 40408400341058, 40408400341058, 40408400341058, 40408400341058, 40408400341058, 40408400341058, 40408400341058, 40408400341058, 40408400341058, 40408400341058, 40408400341058, 40408400341058, 40408400341058, 40408400341058, 40408400341058, 40408400341058, 40408400341058, 40408400341058, 40408400341058, 40408400341058, 40408400341058, 40408400341058, 40408400341058, 40408400341058, 40408400341058, 40408400341058, 40408400341058, 40408400341058, 40408400341058, 40408400341058, 40408400341058, 40408400341058, 40408400341058, 40408400341058, 40408400341058, 40408400341058, 40408400341058, 40408400341058, 40408400341058, 40408400341058, 40408400341058, 40408400341058, 40408400341058, 603358353762370]
[4684745516066882, 4684745516066882, 4684745516066882, 4684745516066882, 4684745516066882, 4684745516066882, 4684745516066882, 4684745516066882, 4684745516066882, 4684745516066882, 4684745516066882, 4684745516066882, 4684745516066882, 4684745516066882, 4684745516066882, 4684745516066882, 4684745516066882, 4684745516066882, 4684745516066882, 4684745516066882, 4684745516066882, 4684745516066882, 4684745516066882, 4684745516066882, 4684745516066882, 4684745516066882, 4684745516066882, 4684745516066882, 4684745516066882, 4684745516066882, 4684745516066882, 4684745516066882, 4684745516066882, 4684745516066882, 4684745516066882, 4684745516066882, 4684745516066882, 4684745516066882, 4684745516066882, 4684745516066882, 4684745516066882, 4684745516066882, 4684745516066882, 4684745516066882, 4684745516066882, 4684745516066882, 4684745516066882, 4684745516066882, 4684745516066882, 4684745516066882, 4684745516066882, 4684745516066882, 4684745516066882, 4684745516066882, 4684745516066882, 4684745516066882, 4684745516066882, 4684744442325058, 4684744442325058, 4684744442325058, 4684744442325058, 4684744442325058, 4684744442325058, 4684744442325058, 4684744442325058, 4684744442325058, 4684744442325058, 4684744442325058, 4684744442325058, 4684744442325058, 4684744442325058, 4684744442325058, 4684744442325058, 4684744442325058, 4684744442325058, 4684744442325058, 4684744442325058, 4684744442325058, 4684744442325058, 4684744442325058, 4684744442325058, 4684744442325058, 4684744442325058, 4684744442325058, 4684744442325058, 4684744442325058, 4684744442325058, 4684744979195970, 4684744979195970, 4684744979195970, 4684744979195970, 4684744979195970, 4684744979195970, 4684744979195970, 4684744979195970, 4684744979195970, 4684744979195970, 4684744979195970, 4684744979195970, 4684744979195970, 4684744979195970, 4684744979195970, 4684744979195970, 4684744979195970, 4684744979195970, 4684744979195970, 4684744979195970, 4684744979195970, 4684744442325058, 4684744442325058, 4684744442325058, 4684744442325058, 4684744442325058, 4684744442325058, 4684744442325058, 4684744442325058, 4684744442325058, 22699142951807042, 22699142951807042, 22699142951807042, 22699142951807042, 22699142951807042, 22699142951807042, 22699142951807042, 22699142951807042, 22699142951807042, 22699142951807042, 22699142951807042, 22699142951807042, 22699142951807042, 22699142951807042, 22699142951807042, 22699142951807042, 22699142951807042, 22699142951807042, 22699142951807042, 22699142951807042, 22699142951807042, 22699142951807042, 22699142951807042, 4684744442325058, 4684744442325058, 4684744442325058, 4684744442325058, 4684744442325058, 4684744442325058, 4684744442325058, 4684744442325058, 4684744442325058, 4684744442325058, 4684744442325058, 4684744442325058, 4684744442325058, 4684744442325058, 4684744442325058, 4684744442325058, 4684744442325058, 4684744442325058, 4684744442325058, 4684744442325058, 4684744442325058, 4684744442325058, 4684744442325058, 4684744442325058, 4684744442325058, 4684744442325058, 4684744442325058, 4684744442325058, 4684744442325058, 4684744442325058, 4684744442325058, 4684744442325186, 4684744442325186, 4684744442325186, 4684744442325186, 4684744442325186, 4684744442325186, 4684744442325186, 4684744442325186, 4684744442325186, 4684744442325186, 4684744442325186, 4684744442325186, 4684744442325186, 4684744442325186, 4684744442325186, 4684744442325186, 4684744442325186, 4684744442326210]
[4684745516066882, 4684745516066882, 4684745516066882, 4684745516066882, 4684745516066882, 4684745516066882, 4684745516066882, 181145888696386, 181145888696386, 181145888696386, 181145888696386, 181145888696386, 181145888696386, 181145888696386, 181145888696386, 181145888696386, 181145888696386, 181145888696386, 181145888696386, 181145888696386, 181145888696386, 181145888696386, 181145888696386, 181145888696386, 181145888696386, 181145888696386, 181145888696386, 181145888696386, 181145888696386, 181145888696386, 181145888696386, 181145888696386, 181145888696386, 181145888696386, 181145888696386, 181145888696386, 181145888696386, 181145888696386, 181145888696386, 181145888696386, 181145888696386, 181145888696386, 181145888696386, 181145888696386, 181145888696386, 181145888696386, 181145888696386, 181145888696386, 181145888696386, 181145888696386, 181145888696386, 181145888696386, 181145888696386, 181145888696386, 181145888696386, 181145888696386, 181145888696386, 181145888696386, 181144814954562, 181144814954562, 181144814954562, 181144814954562, 181144814954562, 181144814954562, 181144814954562, 181144814954562, 181144814954562, 181144814954562, 181144814954562, 181144814954562, 181144814954562, 181144814954562, 181144814954562, 181144814954562, 181144814954562, 181144814954562, 181144814954562, 181144814954562, 181144814954562, 181144814954562, 181144814954562, 181144814954562, 181144814954562, 181144814954562, 181144814954562, 181144814954562, 181144814954562, 181144814954562, 181144814954562, 181144814954562, 181144814954562, 181144814954562, 181144814954562, 181144814954562, 181144814954562, 181144814954562, 181144817051714]
[4684745516066882, 4684745516066882, 4684745516066882, 4684745516066882, 4684745516066882, 4684745516066882, 4684745516066882, 4684745516066882, 4684745516066882, 4684745516066882, 4684745516066882, 4684745516066882, 4684745516066882, 4684745516066882, 4684745516066882, 4684745516066882, 4684745516066882, 4684745516066882, 4684745516066882, 4684745516066882, 4684745516066882, 4684745516066882, 4684745516066882, 4684745516066882, 4684745516066882, 4684745516066882, 4684745516066882, 4684745516066882, 4684745516066882, 4684745516066882, 4684745516066882, 4684745516066882, 4684745516066882, 4684745516066882, 4684745516066882, 4684745516066882, 4684745516066882, 4684745516066882, 4684745516066882, 4684745516066882, 4684745516066882, 4684745516066882, 4684745516066882, 4684745516066882, 4684745516066882, 4684745516066882, 4684745516066882, 4684745516066882, 4684745516066882, 4684745516066882, 4684745516066882, 4684745516066882, 4684745516066882, 4684745516066882, 4684745516066882, 4684745516066882, 4684745516066882, 4684745516066882, 4684745516066882, 4684745516066882, 4684745516066882, 4684745516066882, 4684745516066882, 4684745516066882, 4684745516066882, 4684745516066882, 4684745516066882, 4684745516066882, 4684745516066882, 4684745516066882, 4684745516066882, 4684745516066882, 4684745516066882, 4684745516066882, 4684745516066882, 4684745516066882, 4684745516066882, 4684745516066882, 4684745516066882, 4684745516066882, 4684746052937794, 4684746052937794, 4684746052937794, 4684746052937794, 4684746052937794, 4684746052937794, 4684746052937794, 4684746052937794, 4684746052937794, 4684746052937794, 4684746052937794, 4684746052937794, 6936545866623042, 6936545866623042, 6936545866623042, 6936545866623042, 6936545866623042, 6936545866623042, 6936545866623042, 6936545866620994]
[4684745516066882, 4684745516066882, 4684745516066882, 4684745516066882, 4684745516066882, 4684745516066882, 4684745516066882, 4684745516066882, 4684745516066882, 4684745516066882, 4684745516066882, 4684745516066882, 4684745516066882, 4684745516066882, 4684745516066882, 4684745516066882, 4684745516066882, 4684745516066882, 4684745516066882, 4684745516066882, 4684745516066882, 4684745516066882, 4684745516066882, 4684745516066882, 4684745516066882, 4684745516066882, 4684745516066882, 5247695469488194, 5247696006359106, 5247696006359106, 5247696006359106, 5247696006359106, 5247696006359106, 5247696006359106, 5247696006359106, 5247696006359106, 5247696006359106, 5247696006359106, 5247695469488194, 5247695469488194, 5247695469488194, 5247695469488194, 5247695469488194, 5247695469488194, 5247695469488194, 5247695469488194, 5247695469488194, 5247695469488194, 5247695469488194, 5247695469488194, 5247695469488194, 5247695469488194, 5247695469488194, 5247695469488194, 5247695469488194, 5247695469488194, 5247695469488194, 5247695469488194, 5247695469488322, 5247695469488322, 5247695469488322, 5247695469488322, 5247695469488322, 5247695469488322, 5247695469488322, 5247695469488322, 5247695469488322, 5247695469488322, 5247695469488322, 5247695469488322, 5247695469488322, 5247695469488322, 5247695469488322, 5247695469488322, 5247695469488322, 5247695469488322, 5247695469488322, 5247695469488322, 5247695469488322, 5247695469488322, 5247695469488322, 5247695469488322, 5247695469488322, 5247695469488322, 5247695469488322, 5256491562510530]
[4684745516066882, 4684745516066882, 4684745516066882, 4684745516066882, 4684745516066882, 4684745516066882, 4684745516066882, 4684745516066882, 4684745516066882, 4684745516066882, 4684745516066882, 4684745516066882, 4684745516066882, 4684745516066882, 4684745516066882, 4684745516066882, 4684745516066882, 4684745516066882, 4684745516066882, 4684745516066882, 4684745516066882, 4684745516066882, 4684745516066882, 4684745516066882, 4684745516066882, 4684745516066882, 4684745516066882, 4684745516066882, 4684745516066882, 4684745516066882, 4684745516066882, 4684745516066882, 4684745516066882, 4684745516066882, 4684745516066882, 4684745516066882, 4684745516066882, 4684745516066882, 4684745516066882, 4684745516066882, 4684745516066882, 4684745516066882, 4684745516066882, 4684745516066882, 4684745516066882, 4684745516066882, 4684745516066882, 4684745516066882, 4684745516066882, 4684745516066882, 4684745516066882, 4684745516066882, 4684745516066882, 4684745516066882, 4684745516066882, 4684745516066882, 4684745516066882, 4684745516066882, 4684745516066882, 4684745516066882, 4684745516066882, 4684745516066882, 4684745516066882, 4684745516066882, 4684745516066882, 4684745516066882, 4684745516066882, 4684745516066882, 4684745516066882, 4684745516066882, 4684745516066882, 4684745516066882, 4684745516066882, 4684745516066882, 4684745516066882, 4684745516066882, 4684745516066882, 4684745516066882, 4684745516066882, 4684745516066882, 4684745516066882, 4684745516066882, 4684745516066882, 4684745516066882, 4684745516066882, 4684745516066882, 4684745516066882, 4684745516066882, 4684745516066882, 4684745516066882, 4684745516066882, 4684745516066882, 4684745516066882, 4684745516066882, 4684745516066882, 4684745516066882, 4684745516066882, 4684745516066882, 4684745516066882, 4684745516066882, 4684745516066882, 4684745516066882, 4684745516066882, 4684745516066882, 4684745516066882, 4684745516066882, 4684745516066882, 4684745516066882, 4684745516066882, 4684745516066882, 4684745516066882, 4684745516066882, 4684745516066882, 4684745516066882, 4684745516066882, 4684745516066882, 4684745516066882, 4684745516066882, 4684745516066882, 4684745516066882, 4684745516066882, 4684745516066882, 4684745516066882, 4684745516066882, 4684745516066882, 4684745516066882, 4684745516066882, 4684745516066882, 4684745516066882, 4684745516066882, 4684745516066882, 4684745516066882, 4684745516066882, 4684745516066882, 4684745516066882, 4684745516066882, 4684745516066882, 4684745516066882, 4684745516066882, 4684745516066882, 4702337702111298, 4702337702111298, 4702337702111298, 4702337702111298, 4702337702111298, 4702337702111298, 4702337702111298, 4702337702112322, 4702337702112322, 4702337702112322, 4702337702112322, 4702337702112322, 4702337702112322, 4702337702112322, 4702337702112322, 4702337702112322, 4702337702112322, 4702337702112322, 4702337702112322, 4702337702112322, 4702337702112322, 4702337702112322, 4702337702112322, 4702337702112322, 4702337702112322, 4702337702112322, 4702337702112322, 4684745516067906, 4684745516067906, 4684745516067906, 4684745516067906, 4684745516067906, 4684745516067906, 4684745516067906, 4684745516067906, 4684745516067906, 4684745516067906, 4684745516067906, 4684745516067906, 4684745516067906, 4684745516067906, 22699144025549890, 22699144025549890, 22699144025549890, 22699144025549890, 22699144025549890, 22699144025549890, 22699144025549890, 22699144025549890, 22699144025549890, 22699144025549890, 22699144025549890, 22699144025549890, 22699144025549890, 22699144025549890, 22699144025549890, 22699144025549890, 22699144025549890, 22699144025549890, 22699144025549890, 22699144025549890, 22699144025549890, 22699144025549890, 22699144025549890, 22699144025549890, 22699144025549890, 22699144025549890, 22699144025549890, 22699144025549890, 22699144025549890, 22699144025549890, 22699144025549890, 22699144025549890, 22699144025549890, 22699144025549890, 22699144025549890, 22699144025549890, 22699144025549890, 22699144025549890, 22699142951808066]
[4684745516066882, 4684745516066882, 4684745516066882, 4684745516066882, 4684745516066882, 4684745516066882, 4684745516066882, 4684745516066882, 4684745516066882, 4684745516066882, 4684745516066882, 4684745516066882, 4684745516066882, 4684745516066882, 4684745516066882, 4684745516066882, 4684745516066882, 4684745516066882, 4684745516066882, 4684745516066882, 4684745516066882, 4684745516066882, 4684745516066882, 4684745516066882, 4684745516066882, 4684745516066882, 4684745516066882, 4684745516066882, 4684745516066882, 4684745516066882, 4684745516066882, 4684745516066882, 4684745516066882, 4684745518164034, 4684745518164034, 4684745518164034, 4684745518164034, 4684745518164034, 4684745518164034, 4684745518164034, 4684745518164034, 4684745518164034, 4684745518164034, 4684745518164034, 4684745518164034, 4684745518164034, 4684745518164034, 4684745518164034, 4684745518164034, 4684745518164034, 4684745518164034, 4684745518164034, 4684745518164034, 4684745518164034, 4684745518164034, 4684745518164034, 4684745518164034, 4684745518164034, 4684745518164034, 4684745518164034, 4684745518164034, 4684745518164034, 4684745518164034, 4684745518164034, 4684745518164034, 4684745518164034, 4684745518164034, 4684745518164034, 4684745518164034, 4684745518164034, 4684745518164034, 4684745518164034, 4684745518164034, 4684745518164034, 4684745518164034, 4684745518164034, 4684745518164034, 4684745518164034, 4684745518164034, 4684745518164034, 4684745518164034, 4684745518164034, 4684745518164034, 4684745518164034, 4684745518164034, 4684745518164034, 4684745518164034, 4684745518164034, 4684745518164034, 4684745518164034, 4684745518164034, 4684745518164034, 4684745518164034, 4684745516066882, 4684745516066882, 4684745516066882, 4684745516066882, 4684745516066882, 4684745516066882, 4684745516066882, 4684745516066882, 4684745516066882, 4684745516066882, 4684745516066882, 4684745516066882, 4684745516066882, 4684745516066882, 4684745516066882, 4684745516066882, 4684745516066882, 4684745516066882, 4684745516066882, 4684745516066882, 4684745516066882, 4684745516066882, 4684745516066882, 4684745516066882, 4684745516066882, 4684745516066882, 4684745516066882, 4684745516066882, 4684745516066882, 4684745516066882, 4684745516066882, 4684745516066882, 4684745516066882, 4684745516066882, 4684745516066882, 4684745516066882, 4684745516066882, 4684745516066882, 4684745516066882, 4684745516066882, 4684470638159938, 4684470638159938, 4684470638159938, 4684470638159938, 4684470638159938, 4684470638159938, 4684470638159938, 4684470638159938, 4684470638159938, 4684470638159938, 4684470638159938, 4684470638159938, 4684470638159938, 4684470638159938, 4684470638159938, 4684470638159938, 4684470638159938, 4684470638159938, 4684470638159938, 4684470638159938, 4684470638159938, 4684470638159938, 4684470638159938, 4684470638159938, 4684470638159938, 4684470638159938, 4684470638159938, 4684470638159938, 4684470638159938, 4684470638159938, 4684470638159938, 4684470638159938, 4684470638159938, 4684470638159938, 4684470638159938, 4684470638159938, 4684470638159938, 4684470638159938, 4684470638159938, 4684470638159938, 4684470638159938, 4684745516066882, 4684745516066882, 4684745516066882, 4684745516066882, 4684745516066882, 4684745516066882, 4684745516066882, 4684745516066882, 4684745516066882, 4684745516066882, 4684882955020354, 4684882955020354, 4684882955020354, 4684882955020354, 4684882955020354, 4684882955020354, 4684882955020354, 4684882955020354, 4684882955020354, 4684882955020354, 4684882955020354, 4684882955020354, 4684882955020354, 4684882955020354, 4684882955020354, 4684882955020354, 4684882955020354, 4684882955020354, 4684882955020354, 4684882955020354, 4684882955020354, 4684882955020354, 4684882955020354, 4684882955020354, 4684882955020354, 4684882955020354, 4684882955020354, 4684882955020354, 4684882955020354, 4684882955020354, 4684882955020354, 4684882955020354, 4684882955020354, 4684882955020354, 4684882955020354, 4684882955020354, 4684882955020354, 4684882955020354, 4684882963408962, 4684882963408962, 4684882963408962, 4684882963408962, 4684882963408962, 4684882963408962, 4684882963408962, 4684882963408962, 4684882963408962, 4684882963408962, 4684882963408962, 4684882963408962, 4684882955020354, 4684882955020354, 4684882955020354, 4684882955020354, 4684882955020354, 4684882955020354, 4684882955020354, 4684882955020354, 4684882955020354, 4684882955020354, 4684882955020354, 4684882955020354, 4684882955020354, 4684882955020354, 4684882955020354, 4684882955020354, 4684882955020354, 4684882955020354, 4684882955020354, 4684882955020354, 4684882955020354, 4684882955020354, 4684882955020354, 4684882955020354, 4684882955020354, 4684882955020354, 4684882955020354, 4684882955020354, 4684882955020354, 4684882955020354, 4684882955020354, 4684882955020354, 4684882955020354, 4684882955020354, 4684882955020354, 4684882955020354, 4684882955020354, 4684882955020354, 4684882955020354, 4684882955020354, 4684882955020354, 4684882955020354, 4684882955020354, 4684882955020354, 4684882955020354, 4684882955020354, 4684882955020354, 4684882955020354, 4684882955020354, 4684882955020354, 4684882955020354, 4684882955020354, 4684882955020354, 4684882955020354, 4684882955020354, 4684882955020354, 4684882955020354, 4684882955020354, 4684882955020354, 4684882955020354, 4684882955020354, 4684882955020354, 4684882955020354, 4684882955020354, 4684882955020354, 4684882955020354, 22699281464502338, 22699281464502338, 22699281464502338, 22699281464502338, 22699281464502338, 22699281464502338, 22699281464502338, 22699281464502338, 22699281464502338, 22699281464502338, 22699281464502338, 22699281464502338, 22699281464502338, 22699281464502338, 22699281464502338, 22699281464502338, 22699281464502338, 22699281464502338, 22699281464502338, 22699281464502338, 22699281464502338, 22699281464502338, 22699281464502338, 22699281464502338, 22699281464502338, 22699281464502338, 22699281464502338, 22699281464502338, 22699281464502338, 22699281464502338, 22699281464502338, 22699281464502338, 22699281464502338, 22699281464502338, 22699281464502338, 22699281464502338, 22699281464502338, 22699281464502338, 22699281464502338, 22699281464502338, 22699281464502338, 22699281464502338, 22699281464502338, 22699281464502338, 22699281464502338, 22699281464502338, 22699281464502338, 22699281464502338, 22699281464502338, 22699144025548866, 22699144025548866, 22699144025548866, 22699144025548866, 22699144025548866, 22699144025548866, 22699144025548866, 22699144025548866, 18195544398178370, 18195544398178370, 18195544398178370, 18195544398178370, 18195544398178370, 18195544398178370, 18195544398178370, 18195544398178370, 18195544398178370, 18195544398178370, 18195544398178370, 18195544398178370, 18195544398178370, 18195544398178370, 18195544398178370, 18195544398178370, 18195681837131842]
[4684745516066882, 4684745516066882, 4684745516066882, 4684745516066882, 4684745516066882, 4684745516066882, 4684745516066882, 4684745516066882, 4684745516066882, 4684745516329026, 4684745516329026, 4684745516329026, 4684745516329026, 4684745516329026, 4684745516329026, 4684745516329026, 4684745516329026, 4684745516329026, 4684745516329026, 4684745516329026, 4684745516329026, 181145888958530, 181145888958530, 181145888958530, 181145888958530, 181145888958530, 181145888958530, 181145888958530, 181145888958530, 181145888958530, 181145888958530, 181145888958530, 181145888958530, 181145888958530, 181145888958530, 181144815216706]
[4684745516066882, 4684745516066882, 4684745516066882, 4684745516066882, 4684745516066882, 4684745516066882, 4684745516066882, 4684745516066882, 4684745516066882, 4684745516066882, 4684745516066882, 4684745516066882, 4684745516066882, 4684745516066882, 4684745516066882, 4684745516066882, 4684745516066882, 4684745516066882, 4684745516066882, 4684745516066882, 4684745516066882, 4684745516066882, 4684745516066882, 4684745516066882, 4684745516066882, 4684745516066882, 4684745516066882, 4684745516066882, 4684745516066882, 4684745516066882, 4684745516066882, 4684745516066882, 4684745516066882, 4684745516066882, 4684745516066882, 4684745516066882, 4684745516066882, 4684745516066882, 4684745516066882, 4684745516066882, 4684745516066882, 4684745516066882, 4684745516066882, 4684745516066882, 4684745516066882, 4684745516066882, 4684745516066882, 4684745516066882, 4684745516066882, 4684745516066882, 4684745516066882, 4684745516066882, 4684745516066882, 4684745516066882, 4684745516066882, 4684745516066882, 4684745516066882, 4684745516066882, 4684745516066882, 4684745516066882, 4684745516066882, 4684745516066882, 4684745516066882, 4684745516066882, 4684745516066882, 4684745516066882, 4684745516066882, 4684745516066882, 4684745516066882, 4684745516066882, 4684745516066882, 4684745516066882, 4684745516066882, 4684745516066882, 4684745516066882, 4684745516066882, 4684745516066882, 4684745516066882, 4684745516066882, 4684745516066882, 4684745516066882, 4684745516066882, 4684745516066882, 4684745516066882, 4684745516066882, 4684745516066882, 4684745516066882, 4684745516066882, 4684745516066882, 4684745516066882, 4684745516066882, 4684745516066882, 4684745516066882, 4684745516066882, 4684745516066882, 4684745516066882, 4684745516066882, 4684745516066882, 4684745516066882, 4684745516066882, 4684745516066882, 4684745516066882, 4684745516066882, 4684745516066882, 4684745516067906, 4684745516067906, 4684745516067906, 4684745516067906, 4684745516067906, 4684745516067906, 4684745516067906, 4684745516067906, 4684745516067906, 4684745516067906, 4684745516067906, 4684745516067906, 4684745516067906, 4684745516067906, 4684745516067906, 4684745516067906, 4684745516067906, 4684745516067906, 4684745516067906, 4684745516067906, 4684745516067906, 4684745516067906, 4684745516067906, 4684745516067906, 4684745516067906, 4684745516067906, 4684745516067906, 4684745516067906, 4684745516067906, 4684745516067906, 4684745516067906, 4684745516067906, 4684745516067906, 4684745516067906, 4684745516067906, 4684745516067906, 4684745516067906, 4684745516067906, 22699144025549890, 22699144025549890, 22699144025550018]
[4684745516066882, 4684745516066882, 4684745516066882, 4684745516066882, 4684745516066882, 4684745516066882, 4684745516066882, 4684745516066882, 4684745516066882, 4684745516066882, 4684745516066882, 4684745516066882, 4684745516066882, 4684745516066882, 4684745516066882, 4684745516066882, 4684745516066882, 4684745516066882, 4684745516066882, 4684745516066890, 4684745516066890, 4684745516066890, 4684745516066890, 4684745516066890, 4684745516066890, 4684745516066890, 4684745516066890, 4684745516066890, 4684745516066890, 4684745516066890, 4684745516066890, 4684745516066890, 22699144025548874, 22699144025548874, 22699144025548874, 22699144025548874, 22699144025548874, 22699144025548874, 22699144025548874, 22699144025548874, 22699144025548874, 22699144025548874, 22699144025548874, 22699144025548874, 22699144025548874, 22699144025548874, 22699144025548874, 22699144025548874, 22699144025548874, 22699144025548874, 22699144025548874, 22699144025548874, 22699144025548874, 22699144025548874, 22699144025548874, 22699144025548874, 22699144025548874, 22699144025548874, 22699144025548874, 22699144025548874, 22699144025548874, 22699144025548874, 22699144025548874, 22699144025548874, 22699144025548874, 22699144025548874, 22699144025548874, 22699144025548874, 22699144025548874, 22699144025548874, 22699144025548874, 22699144025548874, 22699144025548874, 22699144025548874, 22699144025548874, 22699144025548874, 22699144025548874, 22699144025548874, 22699144025548874, 22699144025548874, 22699144025548874, 22699144025548874, 22699144025548874, 22699144025548874, 22699144025548874, 22699144025548874, 22699144025548874, 22699144025548874, 22699144025548874, 22699144025548874, 22699144025548874, 22699144025548874, 22699144025548874, 22699144025548874, 22699144025548874, 22699144025548874, 22699144025548874, 22699144025548874, 22699144025548874, 22699144025548874, 22699144025548874, 22699144025548874, 22699144025548874, 22699144025548874, 22699144025548874, 22699144025548874, 22699144025548874, 22699144025548874, 22699144025548874, 22699144025548874, 22699144025548874, 22699144025548874, 22699144025548874, 22699144025548874, 22699144025548874, 22699144025548874, 22699144025548874, 22699144025548874, 22699144025548874, 22699144025548874, 22699144025548874, 22699144025548874, 22699144025548874, 4684745516066890, 4684745516066890, 4684745516066890, 4684745516066890, 4684745516066890, 4684745516066890, 4684745516066890, 4684745516066890, 4684745516066890, 4684745516066890, 4684745516066890, 4684745516066890, 4684745516066890, 4684745516066890, 4684745516066890, 4684745516066890, 4684745516066890, 4684745516066890, 4684745516066890, 4684745516066890, 4684745516066890, 4684745516066890, 4684745516066890, 4684745516066890, 4684745516066890, 4684745516066890, 4684745516066890, 4684745516066890, 4684745516066890, 4684745516066890, 4684745516066890, 4684745516066890, 4684745516066890, 4684745516066890, 4684745516066890, 4684745516066890, 4684745516066890, 4684745516066890, 4684745516066890, 4684745516066890, 4684745516066890, 4684745516066890, 4684745516066890, 4684745516066890, 4684745516066890, 4684745516066890, 4684745516066890, 4684745516066890, 4684745516066890, 4684745516066890, 4684745516066890, 4684745516066890, 4684745516066890, 4684745516066890, 4684745516066890, 4684745516066890, 4684745516066890, 4684745516066890, 4684745516066890, 4684745516066890, 4684745516066890, 4684745516066890, 4684746052937802, 4684746052937802, 4684746052937802, 4684746052937802, 4684746052937802, 4684746052937802, 4684746052937802, 4684746052937802, 4684746052937802, 4684746052937802, 4684746052937802, 4684746052937802, 4684744979195978]
[4684745516066882, 4684745516066882, 4684745516066882, 4684745516066882, 4684745516066882, 4684745516066882, 4684745516066882, 4684745516066882, 4684745516066882, 4684745516066882, 4684745516066882, 4684745516066882, 4684745516066882, 4684745516066882, 4684745516066882, 4684745516066882, 4684745516066882, 4684745516066882, 4684745516066882, 4684745516066882, 4684745516066882, 4684745516066882, 4684745516066882, 4684745516066882, 4684745516066882, 4684745516066882, 4684745516066882, 4684745516066882, 4684745516066882, 4684745516066882, 4684745516066882, 4684745516066890, 4684745516066890, 4684745516066890, 4684745516066890, 4684745516066890, 4684745516066890, 4684745516066890, 4684745516066890, 4684745516066890, 4684745516066890, 4684745516066890, 4684745516066890, 4684745516066890, 4684745516066890, 4684745516066890, 4684745516066890, 4684745516066890, 4684745516066890, 4684745516066890, 6936545329752138, 6936545329752138, 6936545329752138, 6936545329752138, 6936545329752138, 6936545329752138, 6936545329752138, 6936545329752138, 6936545329752138, 6936545329752138, 6936545329752138, 6936545329752138, 6936545363306570]
[4684745516066882, 4684745516066882, 4684745516066882, 4684745516066882, 4684745516066882, 4684745516066882, 4684745516066882, 4684745516066882, 4684745516066882, 4684745516066882, 4684745516066882, 4684745516066882, 4684745516066882, 4684745516066882, 4684745516066882, 4684745516066882, 4684745516066882, 4684745516066882, 4684745516066882, 4684745516066882, 4684745516066882, 4684745516066882, 4684745516066882, 4684745516066882, 4684745516066882, 4684745516066882, 4684745516066882, 4684745516066882, 4684745516066882, 4684745516066882, 4684745516066882, 4684745516066882, 4684745516066882, 4684745516066882, 4684745516066882, 4684745516066882, 4684745516066882, 4684745516066882, 4684745516066882, 4684745516066882, 4684745516066882, 4684745516066882, 4684745516066882, 4684745516066882, 4684745516066882, 4684745516066882, 4684745516066882, 4684745516066882, 4684745516066882, 4684745516066882, 4684745516066882, 4684745516066882, 4684745516066882, 4684745516066882, 4684745516066882, 4684745516066882, 4684745516066882, 4684745516066882, 4684745516066882, 4684745516066882, 4684745516066882, 4684745516066882, 4684745516066882, 4684745516066882, 4684745516066882, 4684745516066882, 4684745516066882, 4684745516066882, 4684745516066882, 4684745516066882, 4684745516066882, 4684745516066882, 4684745516066882, 4684745516067906, 4684745516067906, 4684745516067906, 4684745516067906, 4684745516067906, 4684745516067906, 4684745516067906, 4684745516067906, 4684745516067906, 4684745516067906, 4684745516067906, 4684745516067906, 4684745516067906, 4684745516067906, 4684745516067906, 4684745516067906, 4684745516067906, 4684745516067906, 4684745516067906, 4684745516067906, 4684745516067906, 4684745516067906, 4684745516067906, 4684745515019330, 4684745515019330, 4684745515019330, 4684745515019330, 4684745515019330, 4684745515019330, 4684745515019330, 4684745515019330, 4684745515019330, 4684745515019330, 4684745515019330, 4684745515019330, 4684745515019330, 4684745515019330, 4684745515019330, 4684745515019330, 4684745515019330, 4684745515019330, 4684745515019330, 4684745515019330, 4684745515019330, 4684745515019330, 4684745515019330, 4684745515019330, 4684745515019330, 4684745515019330, 4684745515019330, 4684745515019330, 4684745515019330, 4684745515019330, 4684745515019330, 4684745515019330, 4684745515019330, 4684745515019330, 4684745515019330, 4684745515019330, 4684745515019330, 4684745515019330, 4684745515019330, 4684745515019330, 4684745515019330, 4684745515019330, 4684745515019330, 4684745515018306, 4684745515018306, 4684745515018306, 4684745515018306, 4684882953971778, 4684882953971778, 4684882953971778, 4684882953971778, 4684882953971778, 4684882953971778, 4684882953971778, 4684882953971778, 4684882953971778, 4684882953971778, 4684882953971778, 4684882953971778, 4684882953971778, 4684882953971778, 4684882953971778, 4684882953971778, 4684882953971778, 4684882953971778, 4684882953971778, 4684882953971778, 4684882953971778, 4684882953971778, 4684882953971778, 4684882953971778, 4684882953971778, 4684882953971778, 4684882953971778, 4684882953971778, 4684882953971778, 4684882953971778, 4684881880229954]
[4684745516066882, 4684745516066882, 4684745516066882, 4684745516066882, 4684745516066882, 4684745516066882, 4684745516066882, 4684745516066882, 4684745516066882, 4684745516066882, 4684745516066882, 4684745516066882, 4684745516066882, 4684745516066882, 4684745516066882, 4684745516066882, 4684745516066882, 4684745516066882, 4684745516066882, 4684745516066882, 4684745516066882, 4684745516066882, 4684745516066882, 4684745516066882, 4684745516066882, 4684745516066882, 4684745516066882, 4684745516066882, 4684745516066882, 4684745516066882, 4684745516066882, 4684745516066882, 4684745516066882, 4684745516066882, 4684745516066882, 4684745516066882, 4684745516066882, 4684745516066882, 4684745516066882, 4684745516066882, 4684745516066882, 4684745516066882, 4684745516066882, 4684745516066882, 4684745516066882, 4684745516066882, 4684745516066882, 4684745516066882, 4684745516066882, 4684745516066882, 4684745516066882, 4684745516066882, 4684745516066882, 4684745516066882, 4684745516066882, 4684745516066882, 4684745516066882, 4684745516066882, 4684745516066882, 4684745516066882, 4684745516066882, 4684745516066882, 4684745516066882, 4684745516066882, 4684745516066882, 4684745516066882, 4684745516066882, 4684745516066882, 4684745516066882, 4684745516066882, 4684745516066882, 4684745516066882, 4684745516066882, 4684745516066882, 4684745516066882, 4684745516066882, 4684745516066882, 4684745516066882, 4684745516066882, 4684745516066882, 4684745516066882, 4684745516066882, 4684745516066882, 4684745516066882, 4684745516066882, 4684745516066882, 4684745516066882, 4684745516067010, 4684745516067010, 4684745516067010, 4684745516067010, 4684745516067010, 4684745516067010, 4684745516067010, 4684745516067010, 4684745516067010, 4684745516067010, 4684746052937922, 4684746052937922, 4684746052937922, 4684746052937922, 4684746052937922, 4684746052937922, 4684746052937922, 4684746052937922, 4684746052937922, 4684746052937922, 4684746052937922, 4684746052937922, 4684746052937922, 4684746052937922, 4684746052937922, 4684746052937922, 4684746052937922, 4684746052937930]
[4684745516066882, 4684745516066882, 4684745516066882, 4684745516066882, 4684745516066882, 4684745516066882, 22699144025548866, 22699144025548866, 22699144025548866, 22699144025548866, 22699144025548866, 22699144025548866, 22699144025548866, 22699144025548866, 22699144025548866, 22699144025548866, 22699144025548866, 22699144025548866, 22699144025548866, 22699144025548866, 22699144025548866, 22699144025548866, 22699144025548866, 22699144025548866, 22699144025548866, 22699144025548866, 22699144025548866, 22699144025548866, 22699144025548866, 22699144025548866, 22699144025548866, 22699144025548866, 22699144025548866, 22699144025548866, 22699144025548866, 22699144025548866, 22699144025548866, 22699144025548866, 22699144025548866, 22699144025548866, 22699144025548866, 22699144025548866, 22699144025548866, 22699144025548866, 22699144025548866, 22699144025548866, 22699144025548866, 22699144025548866, 22699144025548866, 22699144025548866, 22699144025548866, 22699144025548866, 4684745516066882, 4684745516066882, 4684745516066882, 4684745516066882, 4684745516066882, 4684745516066882, 4684745516066882, 4684745516066882, 4684745516066882, 4684745516066890, 4684745516066890, 4684745516066890, 4684745516066890, 4684745516066890, 4684745516066890, 4684745516066890, 4684745516066890, 4684745516066890, 4684745516066890, 4684745516066890, 4684745516066890, 4684745516066890, 4684745516066890, 4684745516066890, 4684745516066890, 4684745516066890, 4684745516066890, 4684745516066890, 4684745516066890, 4684745516066890, 4684745516066890, 4684745516066882, 4684745516066882, 4684745516066882, 4684745516066882, 4684745516066882, 4684745516066882, 4684745516066882, 4684745516066882, 4684745516066882, 4684745516067138, 4684745516067138, 4684745516067138, 4684745516067138, 4684745516067138, 4684745516067138, 4684745516067138, 4684745516067138, 4684745516067138, 4684745516067138, 4684745516067138, 4684745516067138, 4684745516067138, 4684745516067138, 4684745516067138, 4684745516067138, 4684745516067138, 4684745516067138, 4684745516067138, 4684745516067138, 4684745516067138, 4684745516067138, 4684745516067138, 4684745516067138, 4684745516067138, 4684745516067138, 4684745516067138, 4684745516067138, 4684745516067138, 4684745516067138, 4684745516067138, 4684745516099906, 4684745516099906, 4684745516099906, 4684745516099906, 4684745516099906, 4684745516099906, 4684745516099906, 4684744442358082]
[4684745516066882, 4684745516066882, 4684745516066882, 4684745516066882, 4684745516066882, 4684745516066882, 4684745516066882, 4684745516066882, 4684745516066882, 4684745516066882, 4684745516066882, 4684745516066882, 4684745516066882, 4684745516066882, 4684745516066882, 4684745516066882, 4684745516066882, 4684745516066882, 4684745516066882, 4684745516066882, 4684745516066882, 4684745516066882, 4684745516066882, 4684745516066882, 4684745516066882, 4684745516066882, 4684745516066882, 4684745516066882, 4684745516066882, 4684745516066882, 4684745516066882, 4684745516066882, 4684745516066882, 4684745516066882, 4684745516066882, 4684745516066882, 4684745516066882, 4684745516066882, 4684745516066882, 4684745516066882, 4684745516066882, 4684745516066882, 4684745516066882, 4684745516066882, 4684745516066882, 4684745516066882, 4684745516066882, 4684745516066882, 5247695469488194, 5247695469488194, 5247695469488194, 5247695469488194, 5247695469488194, 5247695469488194, 5247695469488194, 5247695469488194, 5247695469488194, 5247695469488194, 5247695469488194, 5247695469488194, 5247695469488194, 5247695469488322, 5247695469488322, 5247695469488322, 5247695469488322, 5247695469488322, 5247695469488322, 5247695469488322, 5247695469488322, 5247695469488322, 5247695469488322, 5247695469488322, 5247695469488322, 5247695469488322, 5247695469488322, 5247695469488322, 5247695469488322, 5247695469488322, 5247695469489346]
[4684745516066882, 4684745516066882, 4684745516066882, 4684745516066882, 4684745516066882, 4684745516066882, 4684745516066882, 4684745516066882, 4684745516066882, 4684745516066882, 4684745516066882, 4684745516066882, 4684745516066882, 4684745516066882, 4684745516066882, 4684745516066882, 4684745516066882, 4684745516066882, 4684745516066882, 4684745516066882, 4684745516066882, 4684745516066882, 4684745516066882, 4684745516066882, 4684745516066882, 4684745516066882, 4684745516066882, 4684745516066882, 4684745516066882, 4684745516066882, 4684745516066882, 4684745516066882, 4684745516066882, 4684745516066882, 4684745516066882, 4684745516066882, 4684745516066882, 4684745516066882, 4684745516066882, 4684745516066882, 4684745516066882, 4684745516066882, 4684745516066882, 4684745516066882, 4684745516066882, 4684745516066882, 4684745516066882, 4684745516066882, 4684745516066882, 4684745516066882, 4684745516066882, 4684745516066882, 4684745516066882, 4684745516066882, 4684745516066882, 4684745516066882, 4684745516066882, 4684745516066882, 4684745516066882, 4684745516066882, 4684745516066882, 4684745516066882, 4684745516066882, 4684745516066882, 4684745516066882, 4684745516066882, 4684745516066882, 4684745516066882, 4684745516066882, 4684745516066882, 4684745516066882, 4684745516066882, 4684745516066882, 4684745516066882, 4684745516066882, 4684745516066882, 4684745516066882, 4684745516066882, 4684745516066882, 4684745516066882, 4684745516066882, 4684745516066882, 4684745516066882, 4684745516066882, 4684745516066882, 4684745516066882, 4684745516066882, 4684745516066882, 4684745516066882, 4684745516066882, 4684745516066882, 4684745516066882, 4684745516066882, 4684745516066882, 4684745516066882, 4684745516066882, 4684745516066882, 4684745516066882, 4684745516066882, 4684745516066882, 4684745516066882, 4684745516066882, 4684745516066882, 4684745516066882, 4684745516066882, 4684745516066882, 5247695469488194, 5247695469488194, 5247695469488194, 5247695469488194, 5247695469488194, 5247695469488194, 5247695469488194, 5247695469488194, 5247695469488194, 5247695469488194, 5247695469488194, 5247695469488194, 5247695469488194, 5247695469488194, 5247695469488194, 5247695469492290, 5247695469492322]
[4684745516066882, 181145888696386, 181145888696386, 181145888696386, 181145922250818, 181145922250818, 181145922250818, 181145922250818, 181145922250818, 181145922250818, 181145922250818, 181145924347970]
[4684745516066882, 4684745516066882, 4684745516066882, 4684745516066882, 4684745516066882, 4684745516066882, 4684745516066882, 4684745516066882, 4684745516066882, 4684745516066882, 4684745516066882, 4684745516066882, 4684745516066882, 4684745516066882, 4684745516066882, 4684745516066882, 4684745516066882, 4684745516066882, 4684745516066882, 4684745516066882, 4684744442325058, 5247694395746370, 5247694395746370, 5247694395746370, 5247694395746370, 5247694395746370, 5247694395746370, 5247694395746370, 5247694395746370, 5247694395746370, 5247694395746370, 5247694395746370, 5247694395746370, 5247694395746370, 5247694395746370, 5247694395746370, 5247694395746370, 5247694395746370, 5247694395746370, 5247694395746370, 5247694395746370, 5247694395746370, 5247694395746370, 5247694395746370, 5247694395746370, 5247694395746370, 5247694395746370, 5247694395746370, 5247694395746370, 5247694395746370, 5247694395746370, 5247694395746370, 5247694395746370, 5247694395746370, 5247694395746370, 5247694395746370, 5247694395746370, 5247694395746370, 5247694395746370, 5247694395746370, 5247694395746370, 5247694395746370, 5247694395746370, 5247694395746370, 5247694395746370, 5247694395746370, 5247694395746370, 5247694395746370, 5247694395746370, 5247694395746370, 5247694395746370, 5247694395746370, 5247694395746370, 5247694395746370, 5247694395746370, 5247694395746370, 5247694395746370, 5247694395746370, 5247694395746370, 5247694395746370, 5247694395746370, 5247694395746370, 5247694395746370, 5247694395746370, 5247694395746370, 5247694395746370, 5247694395746370, 5247694395746370, 5247694395746370, 5247694395746370, 5247694395746370, 5247694395746370, 5247694395746370, 5247694395746370, 5247694395746370, 5247694395746370, 5247694395746370, 5247694395746370, 5247694395746370, 5247694395746370, 5247694395746370, 5247694395746370, 5247694395746370, 5247694395746370, 5247694395746370, 5247694395746370, 5247694395746370, 5247694395746370, 5247694395746370, 5247694395746370, 5247694395746370, 5247694395746370, 5247694395746370, 5247694395746370, 5247694395746370, 5247694395746370, 5247694395746370, 5247694395746370, 5247694395746370, 5247694395746370, 5247694395746370, 5247694395746370, 5247694395746370, 5247694397843522]
[4684745516066882, 4684745516066882, 22699144025548866, 22699144025548866, 22699144025548866, 22699144025548866, 22699144025548866, 22699144025548866, 22699144025548866, 22699144025548866, 22699144025548866, 22699144025548866, 22699144025548866, 22699144025548866, 22699144025548866, 4684745516066882, 4684745516066882, 4684745516066882, 4684745516066882, 5247695469488194, 5247695469488194, 5247695469488194, 5247695469488194, 5247695469488194, 5247695469488194, 5247695469488194, 5247695469488194, 5247695469488194, 5247695469488194, 5247695469488194, 5247695469488194, 5247695469488194, 5247695469488194, 5247695469488322, 5247695469488322, 5247695469488322, 5247695469488322, 5247695469488322, 5247695469488322, 5247695469488322, 5247695469488322, 5247695469488322, 5247695469488322, 5247695469488322, 5247695469489346]
[4684745516066882, 4684745516066882, 4684745516066882, 4684745516066882, 4684745516066882, 4684745516066882, 4684745516066882, 4684745516066882, 4684745516066882, 4684745516066882, 4684745516066882, 4684745516066882, 4684745516066882, 4684745516066882, 4684745516066882, 4684745516066882, 4684745516066882, 4684745516066882, 4684745516066882, 4684745516066882, 4684745516066882, 4684745516066882, 4684745516066882, 4684745516066882, 4684745516066882, 4684745516066882, 4684745516066882, 4684745516066882, 4684745516066882, 4684745516066882, 4684745516066882, 4684745516066882, 4684745516066882, 4684745516066882, 4684745516066882, 4684745516066882, 4684745516066882, 4684745516066882, 4684745516066882, 4684745516066882, 4684745516066882, 4684745516066882, 4684745516066882, 4684745516066882, 4684745516066882, 4684745516066882, 4684745516066882, 4684745516066882, 4684745516066882, 4684745516066882, 4684745516066882, 4684745516066882, 4684745516066882, 4684745516066882, 4684745516066882, 4684745516066882, 4684745516066882, 4684745516066882, 4684745516066882, 4684745516066882, 4684745516066882, 4684745516066882, 4684745516066882, 4684745516066882, 4684745549621314, 4684745549621314, 4684745549621314, 4684745549621314, 4684745549621314, 4684745549621314, 4684745549621314, 4684745549621314, 4684745549621314, 4684745549621314, 4684745549621314, 4684745549621314, 4684745549621314, 4684745549621314, 4684745549621314, 4684745549621314, 4684745549621314, 4702337735665730, 4702337735665730, 4702337735665730, 4561600247310402]
[4684745516066882, 4684745516066882, 4684745516066882, 4684745516066882, 4684745516066882, 4684745516066882, 4684745516066882, 4684745516066882, 4684745516066882, 4684745516066882, 4684745516066882, 4684745516066882, 4684745516066882, 4684745516066882, 4684745516066882, 4544008027711554, 4544008027711554, 4544008027711554, 4544008027711554, 4544008027711554, 4544008027711554, 4544008027711554, 4544008027711554, 4544008027711554, 4544008027711554, 4544008027711554, 4544008027711554, 4544008027711554, 4544008027711554, 4544008027711554, 4544008027711554, 4544008027711554, 4544008027711554, 4544008027711554, 22558406537193538, 22558406537193538, 22558406537193538, 22558406537193538, 22558406537193538, 22558406537193538, 22558406537193538, 22558406537193538, 22558406537193538, 22558406537193538, 22558406537193538, 22558406537193538, 22558406537193538, 22558406537193538, 22558406537193538, 22558406537193538, 22558406537193538, 22558406537193538, 22558406537193538, 22558406537193538, 22558406537193538, 22558406537193538, 22558406537193538, 22558406537193538, 22558406537193538, 22558406537193538, 22558406537193538, 22558406537193538, 22558406537193538, 22558406537193538, 22558406537193538, 22558406537193538, 22558406537193538, 23121356490614850]
[4684745516066882, 4684745516066882, 4684745516066882, 4684745516066882, 4684745516066882, 4684745516066882, 4684745516066882, 4684745516066882, 4684745516066882, 4684745516066882, 4684745516066882, 4684745516066882, 4684745516066882, 4684745516066882, 4684745516066882, 4684745516066882, 4684745516066882, 4684745516066882, 4684745516066882, 4684745516066882, 4684745516066882, 4684745516066882, 4684745516066882, 4684745516066882, 4684745516066882, 4684745516066882, 4684745516066882, 4684745516066882, 4684745516066882, 4684745516066882, 4684745516066882, 4684745516066882, 4684745516066882, 4684745516066882, 4684745516066882, 4684745516066882, 4684745516066882, 4684745516066882, 4684745516066882, 4684745516066882, 4684745516066882, 4684745516066882, 4684745516066882, 4684745516066882, 4684745516066882, 4684745516066882, 4684745516066882, 4684745516066882, 4684745516066882, 4684745516066882, 4684745516066882, 4684745516066882, 76742339553994818, 76742339553994818, 76742339553994818, 76742339553994818, 76742339553994818, 76742339553994818, 76742339553994818, 76742339553994818, 76742339553994818, 76742339553994818, 76742339553994818, 76742339553994818, 76742339553994818, 76742339553994818, 76742339553994818, 77868239460837442, 77868239460837442, 77868239460837442, 77868239460837442, 77868239460837442, 77868239460837442, 77868239997708354]
[4684745516066882, 4684745516066882, 4684745516066882, 4684745516066882, 4684745516066882, 4684745516066882, 4684745516066882, 4684745516066882, 4684745516066882, 4684745516066882, 4684745516066882, 4684745516066882, 4684745516066882, 4684745516066882, 4684745516066882, 4684745516067010, 4684745516066882, 4684745516066882, 4684745516066882, 4684745516066882, 4684745516066882, 4684745516066882, 4684745516066882, 4684745516066882, 181145888696386, 181145888696386, 181145888696386, 181145888696386, 181145888696386, 181145888696386, 181145888696386, 181145888696386, 181145888696386, 181145888696386, 181145888696386, 181145888696386, 181145888696386, 181145888696386, 181145888696386, 181145888696386, 181145888696386, 181145888696386, 181145888696386, 181145888696386, 181145888696386, 181145888696386, 181145888696386, 181145888696386, 181145888696386, 181145888696386, 181145888696386, 181145888696386, 181145888696386, 181145888696386, 181145888696386, 181145888696386, 181145888696386, 181145888696386, 181145888696386, 181145888696386, 181145888696386, 181145888696386, 181145888696386, 181145888696386, 181145888696386, 181145888696386, 181145888696386, 181145888696386, 181145888696386, 181145888696386, 181145888696386, 181145888696386, 181145888696386, 181145888696386, 181145888696386, 181145888696386, 181145888696386, 4684745516066882, 4684745516066882, 4684745516066882, 4684745516066882, 4684745516066882, 4684745516066882, 4684745516066882, 4684745516066882, 4684745516066882, 4684745516066882, 4684745516066882, 4684745516066882, 4684745516066882, 4684745516066882, 4684745516066882, 4684745516066882, 4684745516066882, 4684745516066882, 4684745516066882, 4684745516066882, 4684745516066882, 4684745516066882, 4684745516066882, 4684745516066882, 4684745516066882, 4684745516066882, 4684745516066882, 4684745516066882, 4684745516066882, 4684745516066882, 4684745516066882, 4684745516066882, 4684745516066882, 4684745516066882, 4684745516066882, 4684745516066882, 4684745516066882, 4684745516066882, 4684745516066882, 4684745516066882, 4684745516066882, 4684745516066882, 4684745516066882, 4684745516066882, 4684745516066882, 4684745516066882, 4684745516066882, 4684745516066882, 4684745516066882, 4684745516066882, 4684745516066882, 4684746052937794, 4684746052937794, 4684746052937794, 4684746052937794, 4684746052937794, 4684746052937794, 4684746052937794, 4684746052937794, 4684746052937794, 4684746052937794, 4684746052937794, 4684746052937794, 4684746052937794, 4684746052937794, 4684746052937794, 4684746052937794, 4702338238982210, 4702338238982210, 4702338255759426]
[4684745516066882, 4684745516066882, 4684745516066882, 4684745516066882, 4684745516066882, 4684745516066882, 4684745516066882, 4684745516066882, 4684745516066882, 4684745516066882, 4684745516066882, 4684745516066882, 4684745516066882, 4684745516066882, 4684745516066882, 4684745516066882, 4684745516066882, 4684745516066882, 4684745516066882, 4684745516066882, 4684745516066882, 4684745516066882, 4684745516066882, 4684745516066882, 4684745516066882, 4684745516066882, 4684745516066882, 4684745516066882, 4684745516066882, 4684745516066882, 4684745516066882, 4684745516066882, 4684745516066882, 4684745516066882, 4684745516066882, 4684745516066882, 4684745516066882, 5247695469488194, 5247695469488194, 5247695469488194, 5247695469488194, 5247695469488194, 5247695469488194, 5247694395746370, 5247694395746370, 5247694395746370, 5247694395746370, 5247694395746370, 5247694395746370, 5247694395746370, 5247694395746370, 5247694395746370, 5247694395746370, 5247694395746370, 5247694395746370, 5247694395746370, 5265286581790786]
[4684745516066882, 4684745516066882, 4684745516066882, 4684745516066882, 4684745516066882, 4684745516066882, 4684745516066882, 4684745516066882, 4684745516066882, 4684745516066882, 4684745516066882, 4684745516066882, 4684745516066882, 4684745516066882, 4684745516066882, 4684745516066882, 4684745516066882, 4684745516066882, 4684745516066882, 4684745516066882, 4684745516066882, 4684745516066882, 4684745516066882, 4684745516066882, 4684745516066882, 4684745516066882, 4684745516066882, 4684745516066882, 4684745516066882, 4684745516066882, 4684745516066882, 4684745516064834, 4684745516064834, 4684745516064834, 4684745516064834, 4684745516064834, 4684745516064834, 4684745516064834, 4684745516065090, 4684745516065090, 4684745516065090, 4684745516065090, 4684745516065090, 4684745516065090, 4684745516065090, 4684745516065090, 4684745516065090, 4684745516065090, 4684745516065090, 4684745516065090, 4684745516065090, 4684745516065090, 4684745516065090, 4684745516065090, 4684745516065090, 4684745516065090, 4684745516065090, 4684745516065090, 4684745516065090, 4684745516065090, 4693541609087298]
[4684745516066882, 4684745516066882, 5247695469488194, 5247695469488194, 5247695469488194, 5247695469488194, 5247695469488194, 5247695469488194, 5247695469488194, 5247695469488194, 5247695469488194, 5247695469488194, 5247695469488194, 5247695469488194, 5247695469488194, 5247695469488194, 5247695469488194, 5247695469488194, 5247695469488194, 5247695469488194, 5247695469488194, 5247695469488194, 5265287655532610, 5265286581790786]
[4684745516066882, 4684745516066882, 4684745516066882, 4684745516066882, 4684745516066882, 4684745516066882, 181145888696386, 181145888696386, 181145888696386, 181145888696386, 181145888696386, 181145888696386, 181145888696386, 181145888696386, 181145888696386, 2432945702381634, 2432945702381634, 2432945702381634, 2432945702381634, 2432945702381634, 2432945702381634, 2432945702381634, 2432945702381634, 6936545329752130, 6936545329752130, 6936545329752130, 6936545329752130, 6936545329752130, 6936545329752130, 6936545329752130, 6936545329752130, 6936545329752130, 6936545329752130, 6936545329752130, 6932147283241026, 6932147283241026, 6932147283241026, 6932147283241026, 6932147283241026, 6932147283241026, 6932147283241026, 6932147283241026, 6932147283241026, 6932147283241026, 6932147283241026, 6932147283241026, 6932147283241026, 6932147283241026, 6932147283241026, 6932147283241026, 6932147283241026, 6932147283241026, 6932147283241026, 6932147283241026, 6932147283241026, 6932147283241026, 6932147283241026, 6932147283241026, 6932147283241026, 6936545329752130, 6936545329752130, 6936545329752130, 6936545329752130, 6936545329752130, 6936545329752130, 6936545329752130, 6936545329752258, 6936545329752258, 6936545329752258, 6936545329752258, 6936545329752258, 6936545329752258, 6936545329752258, 6936545329752258, 6936545329752258, 6936545329752258, 6936545329752258, 6936545329752258, 6936545329752258, 6936545329752258, 4684745516067010, 4684745516067010, 4684745516067010, 4684745516067010, 4684745516067010, 4684745516067010, 4684745516067010, 4684745516067010, 4684745516067010, 4684745516067010, 4684745516067010, 4684745516067010, 4684745516067010, 4684745516067010, 4684745516067010, 4684745516067010, 4684745516067010, 4684745516067010, 4684745516067010, 4684745516067010, 4684745516067010, 4684745516067010, 4684745516067010, 4684745516067010, 4684745516067010, 4684745516067010, 4684745516067010, 4684745516067010, 4684745516067010, 4684745516067010, 4684745516067010, 4684745516067010, 4684745516067010, 4684745516067010, 4684745516067010, 4684745516067010, 4684745516067010, 4684745516067010, 4684745516067010, 4684745516067010, 4684745516067010, 4684745516067010, 4684745516067010, 4684745516067010, 4684745516067010, 4684745516067010, 4684745516067010, 4684745516067010, 4684745516067010, 4684745516067010, 4684745516067010, 4684745516067010, 4684745516067010, 4684745516067010, 4684745516067010, 4684745516067010, 4684745516067010, 4684745516067010, 4684745516067010, 4684745516067010, 4684745516067010, 4684745516067010, 4684745516067010, 4684745516067010, 4684745516067010, 4684745516067010, 4684745516067010, 4684745516067010, 4684745516067010, 4684745516067010, 4684745516067010, 4684745516067010, 4684745516067010, 4684745516067010, 4684745516067010, 4684745516067010, 4684745516067010, 4684745516067010, 4684745516067010, 4684745516067010, 4684745516067010, 4684745516067010, 4684745516067010, 4684745516067010, 4684745516067010, 4684745516067010, 4684745516067010, 4684745516067010, 4684745516067010, 4684745516067010, 4684745516067010, 4684745516068034, 4684745516068034, 4684745516068034, 4684745516068034, 4684745516068034, 4684745516068034, 4684745516068034, 4684745516068034, 4684745516068034, 181145888697538]
[4684745516066882, 4684745516066882, 4684745516066882, 4684745516066882, 4684745516066882, 4684745516066882, 4684745516066882, 4684745516066882, 4684745516066882, 4684745516066882, 4684745516066882, 4684745516066882, 4684745516066882, 4684745516066882, 4684745516066882, 4684745516066882, 4684745516066882, 4684745516066882, 4684745516066882, 4684745516066882, 4684745516066882, 4684745516066882, 4684745516066882, 4684745516066882, 4684745516066882, 4684745516066882, 4684745516066882, 4684745516066882, 4684745516066882, 4684745516066882, 4684745516066882, 4684745516066882, 4684745516066882, 4684745516066882, 4684745516066882, 4684745516066882, 4684745516066882, 4684745516066882, 4684745516066882, 4684745516066882, 4684745516066882, 4684745516066882, 4684745516066882, 4684745516066882, 4684745516066882, 4684745516066882, 4684745516066882, 4684745516066882, 4684745516066882, 4684745516066882, 4684745516066914, 4684745516066914, 181145888696418, 181145888696418, 181145888696418, 181145888696418, 181145888696418, 181145888696418, 181145888696418, 181145888700514]
[4684745516066882, 181145888696386, 181145888696386, 181145888696386, 181145888696386, 181145888696386, 181145922250818, 181145922250818, 181145922250818, 181145922250946]
[4684745516066882, 4684745516066882, 4684745516066882, 4684745516066882, 4684745516066882, 4684745516066882, 4684745516066882, 4684745516066882, 4684745516066882, 4684745516066882, 4684745516066882, 4684745516066882, 4684745516066882, 4684745516066882, 4684745516066882, 4684745516066882, 4684745516066882, 4684745516066882, 4684745516066882, 4684745516066882, 4684745516066882, 4684745516066882, 4684745516066882, 4684745516066882, 4684745516066882, 4684745516066882, 4684745516066882, 4684745516066882, 4684745516066882, 4684745516066882, 4684745516066882, 4684745516066882, 4684745516066882, 181145888696386, 181145888696386, 181145888696386, 181145888696386, 181145888696386, 181145888696386, 181145888696386, 181145888696386, 181145888696386, 181145888696386, 181145888696386, 181145888696386, 181145888696386, 181145888696386, 181145888696386, 181145888696386, 181145888696386, 181145888696386, 181145888696386, 181145888696386, 181145888696386, 181145888696386, 181145888696386, 181145888696386, 181145888696386, 4684745516066882, 4684745516066882, 4684745516066882, 4684745516066882, 4684745516066882, 4684745516066882, 4684745516066882, 4684745516066882, 4684745516066882, 4684745516066882, 181145888696386, 181145888696386, 181146425567298, 181146425567298, 181146425567298, 181146425567298, 181146425567298, 181146425567298, 181146425567298, 181146425567298, 181146425567298, 181146425567298, 181146425567298, 181146425567298, 181146425567298, 2432946239252546]
[4684745516066882, 4684745516066882, 4684745516066882, 4684745516066882, 4684745516066882, 4684745516066882, 4684745516066882, 4684745516066882, 4684745516066882, 4684745516066882, 4684745516066882, 4684745516066882, 4684745516066882, 4684745516066882, 4684745516066882, 4684745516066882, 4684745516066882, 4684745516066882, 4684745516066882, 4684745516066882, 4684745516066882, 4684745516066882, 4684745516066882, 4684745516066882, 4684745516066882, 4684745516066882, 4684745516066882, 4684745516066882, 4684745516066882, 4684745516066882, 4684745516066882, 4684745516066882, 4684745516066882, 4684745516066882, 4684745516066882, 181145888696386, 181145888696386, 181145888696386, 181145888696386, 181145888696386, 181145888696386, 181145888696386, 181145888696386, 181145888696386, 181145888696386, 181145888696386, 181145888696386, 181145888696386, 181145888696386, 181145888696386, 181145888696386, 181145888696386, 181145888696386, 181145888696386, 181145888696386, 181145888696386, 181145888696386, 181145888696386, 181145888696386, 181145888696386, 181145888696386, 181145888696386, 181145888696386, 181145888696386, 181145888696386, 181145888696386, 181145888696386, 181145888696386, 181145888696386, 181145888696386, 181145888696386, 181145888696386, 181145888696386, 181145888696386, 181145888696386, 181145888696386, 181145888696386, 181145888696386, 181145888696386, 181145888696386, 181145888696386, 181145888696386, 181145888696386, 181145888696386, 181145888696386, 181145888696386, 181145888696386, 181145888696386, 181145888696386, 181145888696386, 181145888696386, 181145888696386, 181145888696386, 181145888696386, 181145888696386, 181145888696386, 181145888696386, 181145888696386, 181145888696386, 181145888696386, 181145888696386, 181145888696386, 181145888696386, 181145888696386, 181145888696386, 181145888696386, 181145888696386, 181145888696386, 181145888696386, 181145888696386, 181145888696386, 181145888696386, 181145888696386, 181145888696386, 181145888696386, 181145888696386, 744095842117698, 744095842117698, 744095842117698, 744095842117698, 744095842117698, 744095842117698, 744095842117698, 744095842117698, 744095842117698, 744095842117698, 744095842117698, 744095842117698, 744095842117698, 744095842117698, 744095842117698, 744095842117698, 744095842117698, 744095842118722]
[4684745516066882, 4684745516066882, 4684745516066882, 4684745516066882, 4684745516066882, 4684745516066882, 4684745516066882, 4684745516066882, 4684745516066882, 4684745516066882, 4684744442325058, 4684744442325058, 4684744442325058, 4684744442325058, 4684744442325058, 4684744442325058, 4684744442325058, 4684744442325058, 4684744442325058, 4684744442325058, 4684744442325058, 4684744442325058, 4684744442325058, 4684744442325058, 4684744442325058, 4684744442325058, 4684744442325058, 4684744442325058, 4684744442325058, 4684744442325058, 4684744442325058, 4684744442325058, 4649560070236226, 4649560070236226, 4649560070236226, 4649560070236226, 4649560070236226, 76707154108164162]
[4684745516066882, 4684745516066882, 4684745516066882, 4684745516066882, 4684745516066882, 4684745516066882, 4684745516066882, 4684745516066882, 4684745516066882, 4684745516066898, 4684745516066898, 4684745516066898, 4684745516066898, 4684745516066898, 4684745516066898, 4684745516066898, 4684745516066898, 4684745516066898, 4684745516066898, 4684745516066898, 4684745516066898, 4684745516066898, 4684745516066898, 4684745516066898, 4684745516066898, 4684745516066898, 4684745516066898, 4684745516066898, 4684745516066898, 4684745516066898, 4684745516066898, 4684745516066898, 4684745516066898, 4684745516066898, 4684745516066898, 4684745516066898, 4684745516066898, 4684745516066898, 4684745516066898, 4684745516066898, 4684745516066898, 4684745516066898, 4684745516066898, 4684745516066898, 4684745516066898, 4684745516066898, 4684745516066898, 4684745516066898, 4684745516066898, 4684745516066898, 4684745516066898, 4684745516066898, 4684745516066898, 4684745516066898, 4684745516066898, 4684745516066898, 4684745516066898, 4684745516066898, 4684745516066898, 4684745516066898, 4684745516066898, 4684745516066898, 4684745516066898, 4684745516066898, 4684745516066898, 4684745516066898, 4684745516066898, 4684745516066898, 4684745516066898, 4684745516066898, 4684745516066898, 4684745516066898, 4684745516066898, 4684745516066898, 4684745516066898, 4684745516066898, 4684745516066898, 4684745516066898, 4684745516066898, 4684745516066898, 4684745516066898, 4684745516066898, 4684745516066898, 4684745516066898, 4684745516066898, 4684745516066898, 4684745516066898, 4684745516066898, 4684745516066898, 4684745516066898, 4684745516066898, 4684745516066898, 4684745516066898, 4684745516066898, 4684745516066898, 4684745516066898, 4684745516066898, 4684745516066898, 4684745516066898, 4684745516066898, 4684745516066898, 4684745516066898, 4684745516066898, 4684745516066898, 4684745516066898, 4684745516066898, 4684745516066898, 4684745516066898, 4684745516066898, 4684745516066898, 4684745516066898, 4684745516066898, 4684745516066898, 4684745516066898, 4684745516066898, 4684745516066898, 4684745516066898, 4684745516066898, 4684745516066898, 4684745516066898, 4684745516066898, 4684745516066898, 4684745516066898, 4684745516066898, 4684745516066898, 4684745516066898, 4684745516066898, 4684745516066898, 4684745516066898, 4684745516066898, 4684745516066898, 4684745516066898, 4684745516066898, 4684745516066898, 4684745516066898, 4684745516066898, 4684745516066898, 4684745516066898, 4684745516066898, 4684745516066898, 4684745516066898, 4684745516066898, 4684745516066898, 4684745516066898, 4684745516066898, 4684745516066898, 4684745516066898, 4684745516066898, 4684745516066898, 4684745516066898, 4684745516066898, 4684745516066898, 4684745516066898, 4684745516066898, 4684745516066898, 4684745516066898, 4684745516066898, 4684745516066898, 4684745516066898, 4684745516066898, 4684745516066898, 4684745516066898, 4684745516066898, 4684745516066898, 4684745516066898, 4684745516066898, 4684745516066898, 4684745516066898, 4684745516066898, 4684745516066898, 4684745516066898, 4684745516066898, 4684745516066898, 4684745516066898, 4684745516066898, 4684745516066898, 4684745247631442, 4684745247631442, 4684745247631442, 4684745247631442, 4684745247631442, 4684745247631442, 4684745247631442, 4684745247631442, 4684745247631442, 4684745247631442, 4684745247631442, 4684745247631442, 4684745247631442, 4684745247631442, 4684745247631442, 4684745247632466]
[4684745516066882, 4684745516066882, 4684745516066882, 4684745516066882, 4684745516066882, 4684745516066882, 4684745516066882, 4684745516066882, 4684745516066882, 4684745516066882, 4684745516066882, 4684745516066882, 4684745516066882, 4684745516066882, 4684745516066882, 4684745516066882, 4684745516066882, 4684745516066882, 4684745516066882, 4684745516066882, 4684745516066882, 4684745516066882, 4684745516066882, 4684745516066882, 4684745516066882, 4684746052937794, 4684746052937794, 4684746052937794, 4684746052937794, 4684746052937794, 4684746052937794, 4684746052937794, 4684746052937794, 4684746052937794, 4684746052937794, 4684746052937794, 4684746052937794, 4684746052937794, 4684746052937794, 4684746052937794, 4684746052937794, 4684746052937794, 4684746052937794, 4684883491891266, 4684883491891266, 4684883491891266, 4684883491891266, 4684882955020354, 4684882955020354, 4684882955020354, 4684882955020354, 4684882955020354, 4684882955020354, 4684882955020354, 4684882955020354, 4684882955020354, 4684882955021378, 4684882955021378, 4684882955021378, 4684882955021378, 4684882955021378, 4684882955021378, 4684882955021378, 4684882955021378, 4684882955021378, 4684882988575810]
[4684745516066882, 4684745516066882, 4684745516066882, 4684745516066882, 4684745516066882, 4684745516066882, 4684745516066882, 4684745516066882, 4684745516066882, 4684745516066882, 4684745516066882, 4684745516066882, 4684745516066882, 4684745516066882, 4684745516066882, 4684745516066882, 4684745516066882, 4684745516066882, 4684745516066882, 4684745516066882, 4684745516066882, 4684745516066882, 4684745516066882, 4684745516066882, 4684745516066882, 4684745516066882, 4684745516066882, 4684745516066882, 4684745516066882, 4684745516066882, 4684745516066882, 4684745516066882, 4684745516066882, 4684745516066882, 4684745516066882, 4684745516066882, 4684745516066882, 4684745516066882, 4684745516066882, 4684745516066882, 4684745516066882, 4684745516066882, 4684745516066882, 4684745516066882, 4684745516066882, 4684745516066882, 4684745516066882, 4684745516066882, 4684745516066882, 181145888696386, 181145888696386, 181145888696386, 181145888696386, 181145888696386, 181145888696386, 181145888696386, 181145888696386, 181145888696386, 181145888696386, 181145888696386, 181145888696386, 181145888696386, 181145888696386, 181145888696386, 181145888696386, 181145888696386, 181145888696386, 181145888696386, 181145888696386, 181145888696386, 181145888696386, 181145888696386, 181145888696386, 181145888696386, 181145888696386, 181145888696386, 181145888696386, 181145888696386, 181145888696386, 181145888696386, 181145888696386, 181145888696386, 181145888696386, 181145888696386, 181145888696386, 181145888696386, 181145888696386, 181145888696386, 181145888696386, 181145888696386, 181145888696386, 181145888696386, 181145888696386, 181145888696386, 181145888696386, 181145888696386, 181145888696386, 181145888696386, 181145888696386, 181145888696386, 181145888696386, 181145888696386, 181145888696386, 181145888696386, 181145888696386, 181145888696386, 181145888696386, 181145888696386, 181145888696386, 181145888696386, 181145888696386, 181145888696386, 181145888696386, 181145888696386, 181145888696386, 181145888696386, 181145888696386, 181145888696386, 181145888696386, 181145888696386, 181145888696386, 181145888696386, 181145888696386, 181145888696386, 181145888696386, 181145888696386, 181145888696386, 181145955805250, 181145955805250, 181145955805250, 181145955805250, 181145955805250, 181145955805250, 181145955805250, 181145955805250, 181145955805250, 181145955805250, 181145955805250, 181145955805250, 181145955805250, 181145955805250, 181145955805250, 181145955805250, 181145955805250, 181145955805250, 181145955805250, 181145955805250, 181145955805250, 181145955805250, 181145955805250, 181145955805250, 181145955805250, 181145955805250, 181145955805250, 181145955805250, 181145955805250, 181145955805250, 181145955805250, 181145955805250, 181145955805250, 181145955805250, 181145955805250, 181145955805250, 181145955805250, 181145955805250, 181145955805250, 181145955805250, 744095909226562]
[4684745516066882, 4684745516066882, 4684745516066882, 4684745516066882, 4684745516066882, 4684745516066882, 4684745516066882, 4684745516066882, 4684745516066882, 4684745516066882, 4684745516066882, 4684745516066882, 4684745516066882, 4684745516066882, 4684745516066882, 4684745516066882, 4684745516066882, 4684745516066882, 4684745516066882, 4684745516066882, 4684745516066882, 4684745516066882, 4684745516066882, 4684745516066882, 4684745516066882, 4684745516066882, 4684745516066882, 4684745516066882, 4684745516066882, 4684745516066882, 4684745516066882, 4684745516066882, 4684745516066882, 4684745516066882, 4684745516066882, 4684745516066882, 4684745516066882, 4684745516066882, 4684745516066882, 4684745516066882, 4684745516066882, 4684745516066882, 4684745516066882, 5247695469488194, 5247695469488194, 5247695469488194, 5247695469488194, 5247695469488226, 5247695469488226, 4684745516066914, 4684745516066914, 4684745516066914, 4684745516066914, 4684745516066882, 4684745516066882, 4684745516066882, 4684745516066882, 4684745516066882, 4684745516066882, 4684745516066882, 4684745516066882, 4684745516066882, 4684745516066882, 4684745516066882, 4684745516066882, 4684745516066882, 4684745516067906, 4684745516067906, 4684745516067906, 4684745516067906, 4684745516067906, 4684745516067906, 4684745516067906, 4684745516067906, 4684745516067906, 4684745516067906, 4684745516067906, 4684745516067906, 4684745516067906, 4684745516067906, 4684745516067906, 4684745516067906, 4684745516067906, 4684745516067906, 4684745516067906, 4684745516067906, 4684745516067906, 4684745516067906, 4684745516067906, 4684745516067906, 4684745516067906, 4684745516067906, 4684745516067906, 4684745516067906, 4684745549622338, 4684745549622338, 4684745549622338, 4684745549622338, 4684745549622338, 4684745549622338, 4684745549622338, 4684745549622338, 4684745549622338, 4684745549622338, 4684745549622338, 4684745549622338, 4684745549622338, 4684745549622338, 4684745549622338, 4684745549622338, 4684745549622338, 4684745549622338, 4684745549622338, 4684745549622338, 4684745549622338, 4684745549622338, 4684745549622338, 4684745549622338, 4684745549622338, 4684745549622338, 4684745549622338, 4684745549622338, 4684745549622338, 4684745549622338, 4684745549622338, 4684745549622338, 4684745549622338, 4684745549622338, 4684745549622370]
[4684745516066882, 4684745516066882, 4684745516066882, 4684745516066882, 4684745516066882, 4684745516066882, 4684745516066882, 4684745516066882, 4684745516066882, 4684745516066882, 4684745516066882, 4684745516066882, 4684745516066882, 4684745516066882, 4684745516066882, 4684745516066882, 4684745516066882, 4684745516066882, 4684745516066882, 4684745516066882, 4684745516066882, 4684745516066882, 4684745516066882, 4684745516064834, 4684745516064834, 4684745516064834, 4684745516064834, 4684745516064834, 4684745516064834, 4684745516064834, 4684745516064834, 4684745516064834, 4684745516065858, 4684745516065858, 22699144025547842]
[4684745516066882, 4684745516066882, 4684745516066882, 4684745516066882, 4684745516066882, 4684745516066882, 4684745516066882, 4684745516066882, 4684745516066882, 4684745516066882, 4684745516066882, 4684745516066882, 4684745516066882, 4684745516066882, 4684745516066882, 4684745516066882, 4684745516066882, 4684745516066882, 4684745516066882, 4684745516066882, 4684745516066882, 4684745516066882, 4684745516066882, 4684745516066882, 4684745516066882, 4684745516066882, 4684745516066882, 4684745516066882, 4684745516066882, 4684745516066882, 4684745516066882, 4684745516066882, 4684745516066882, 4684745516066882, 4684745549621314, 4684745549621314, 4684745549621314, 4684745549621314, 4684745549621314, 4684745549621314, 4684745549621314, 4684745549621314, 4684745549621314, 4684745549621314, 4684745549621314, 4684745549621314, 4684745549621314, 4684745549621314, 4684745549621314, 4684745549621314, 4684745549621314, 4684745549621314, 4684745549621314, 4684745549621314, 4684745549621314, 4684745549621314, 4684745549621314, 4684745549621314, 4684745549621314, 4684745549621314, 4684745549621314, 4684745549621314, 4684745549621314, 4684745549621314, 4684745549621314, 4684745549621314, 4684745549621314, 4684745549621314, 4684745549621314, 4684745549621322, 4684745549621322, 4684745549621322, 4684745549621322, 4684745549621322, 4684745549621322, 4684745549621322, 4684745549621322, 4684745549621322, 4684745549621314, 4684745549621314, 4684745549621314, 4684745549621314, 4684745549621314, 4684745549621314, 4684745549621314, 4684745549621314, 4684745549621314, 4684745549621314, 4684745549621314, 4684745549621314, 4684745549621314, 4684745549621314, 4684745549621314, 4684745549621314, 4684744475879490, 4684745549621314, 4684745549621314, 4684745549621314, 4684745549621314, 4684745549621314, 4684745549621314, 4684745549621314, 4684745549621314, 4684745549621314, 4684745548572738, 4684745548572738, 4684745548572738, 4684745548572738, 4684745548572738, 4684745548572738, 4684745548572738, 4684745548572738, 4684745548572738, 4684745515018306, 4684745515018306, 4684745515018306, 4684745515018306, 4684745515018306, 4684745515018306, 4684745515018306, 4684745515018306, 4684745515018306, 4684745515018306, 4684745515018306, 4684745515018306, 4684745515018306, 4684745515018306, 4684745515018306, 4684745515018306, 4684745515018306, 4684745515018306, 4684745515018306, 4684745515018306, 4684745515018306, 4684745515018306, 4684745515018306, 4684745515018306, 4684745515018306, 4684745515018306, 4684745515018306, 4684745515018306, 4684745515018306, 4684745515018306, 4684745515018306, 4684745515018306, 4684745515018306, 4684745515018306, 4684745515018306, 4684745515018306, 4684745515018306, 4684745515018306, 4684745515018306, 4684745515018306, 4684745515018306, 4684745515018306, 4684745515018306, 4684745515018306, 4684745515018306, 4684745515018306, 4684745515018306, 4684745515018306, 4684745515018306, 4684745515018306, 4684745515018306, 4684745515018306, 4684745515018306, 4684745515018306, 4684745515018306, 4684745515018306, 4702337701062722, 4702337701062722, 4702337701062722, 4702337701062722, 4702337701062722, 4702337701062722, 4702337701062722, 4702337701062722, 4702337701062722, 4702337701062722, 4702337701062722, 4702337701062722, 4702337701062722, 4702337701062722, 4702337701062722, 4702337701062722, 4702337701062722, 4702337701062722, 4702337701062722, 4702337701062722, 4702337701062722, 4702337701062722, 4702337701062722, 4702337701062722, 4702337701062722, 4702337701062722, 4702337701062722, 4702337701062722, 4702337701062722, 4702337701062722, 4702337701062722, 4702337701062722, 4702337701062722, 4702337701062722, 4702337701062722, 4702337701063746]
[4684745516066882, 4684745516066882, 4684745516066882, 4684745516066882, 4684745516066882, 4684745516066882, 4684745516066882, 4684745516066882, 4684745516066882, 4684745516066883, 4684745516066883, 4684745516066883, 4684745516066883, 4684745516066883, 4684745516066883, 4684745516066883, 4684745516066883, 4684745516066883, 4684745516066883, 22699144025548867, 22699144025548867, 22699144025548867, 22699144025548867, 22699144025548867, 22699144025548867, 22699144025548867, 22699144025548867, 22699144025548867, 22699144025548867, 22699144025548867, 22699144025548867, 22699144025548867, 22699144025548867, 22699144025548867, 22699144025548867, 22699144025548867, 22699144025549891]
[4684745516066882, 4684745516066882, 4684745516066882, 5247695469488194, 5247695469488194, 5247695469488194, 5247695469488194, 5247695469488194, 5247695469488194, 5247695469488194, 5247695469488194, 5247695469488194, 5247695469488194, 5247695469488194, 5247695469488194, 5247695469488194, 5247695469488194, 5247695469488194, 5247695469488194, 5247695469488194, 5247695469488194, 5247695469488194, 5247695469488194, 5247695469488194, 5247695469488194, 5247695469488194, 5247695469488194, 5247695469488194, 5247695469488194, 5247695469488194, 5247695469488194, 5247695469488194, 5247695469488194, 5247695469488194, 5247695469488194, 5247695469488194, 5247695469488194, 5247695469488194, 5247695469488194, 5247695469488194, 5247695469488194, 5247695469488194, 5247695469488194, 5247695469488194, 5247695469488194, 5247695469488194, 5247695469488194, 5247695469488194, 5247695469488194, 5247695469488194, 5247695469488194, 5247695469488194, 5247695469488194, 5247695469488194, 5247695469488194, 5247695469488194, 5247695469488194, 5247695469488194, 5247695469488194, 5247695469488194, 5247695469488194, 5247695469488194, 5247695469488194, 5247695469488194, 5247695469488194, 5247695469488194, 5247695469488194, 5247695469488194, 5247695469488194, 5247695469488194, 5247695469488194, 5247695469488194, 5247695469488194, 5247695469488194, 5247695469488194, 5247695469488194, 5247695469488194, 5247695469488194, 5247695469488194, 5247695469488194, 5247695469488194, 5247695469488194, 5247695469488194, 5247695469488194, 5247695469488194, 5247695469488194, 5247695469488194, 5247695469488194, 5247695469488194, 5247695469488194, 5247695469488194, 5247695469488194, 5247695486265410, 5247695486265410, 5247695486265410, 5247695486265410, 5247695486265410, 5247695486265410, 5247695486265410, 5247695486265410, 5247695486265538]
[4684745516066882, 4684745516066882, 4684745516066882, 4684745516066882, 4684745516066882, 4684745516066882, 4684745516066882, 4684745516066882, 4684745516066882, 4684745516066882, 4684745516066882, 4684745516066882, 4684745516066882, 4684745516066882, 4684745516066882, 4684745516066882, 4684745516066882, 4684745516066882, 4684745516066882, 4684745516066882, 4684745516066882, 4684745516066882, 4684745516066882, 4684745516066882, 4684745516066882, 4684745516066882, 4684745516066882, 4684745516066882, 4684745516066882, 4684745516066882, 4684745516066882, 4684745516066882, 4684745516066882, 4684745516066882, 4684745516066882, 4684745516066882, 4684745516066882, 4684745516066882, 4684745516066882, 4684745516066882, 4684745516066882, 4684745516066882, 4684745516066882, 4684745516066882, 4684745516066882, 4684745516066882, 4684745516066882, 4684745516066882, 4684745516066882, 4684745516066882, 4684745516066882, 4684745516066882, 4684745516066882, 4684745516066882, 4684745516066882, 4684745516066882, 4684745516066882, 4684745516066882, 4684745516066882, 4684745516066882, 4684745516066882, 4684745516066882, 4684745516066882, 4684745516066882, 4684745516066882, 4684745516066882, 4684745516066882, 4684745516066882, 4684745516066882, 4684745516066882, 4684745516066882, 4684745516066882, 4684745516066882, 4684745516066882, 4684745516066882, 4684745516066882, 4684745516066882, 4684745516066882, 4684745516066882, 4684745516066882, 4684745516066882, 4684745516066882, 4684745516066882, 4684745516066882, 4684745516066882, 4684745516066882, 4684745516066882, 4684745516066882, 4684745516066882, 4684745516066882, 4684745516066882, 4684745516066882, 4684745516066882, 4684745516066882, 4684745516066882, 4684745516066882, 4684745516066882, 4684745516066882, 4684745516066882, 4684745516066882, 4684745516066882, 4684745516066882, 4684745516066882, 4684745516066882, 4684745516066882, 4684745516066882, 4684745516066882, 4684745516066882, 4684745516066882, 4684745516066882, 4684745516066882, 4684745516066882, 4684745516066882, 4684745516066882, 4684745516066882, 4684745516066882, 4684745516066882, 4684745516066882, 4684745516066882, 4684745516066882, 4684745516066882, 4684745516066882, 4684745516066882, 4684745516066882, 4684745516066882, 4684745516066882, 4684745516066882, 4684745516066882, 4684745516066882, 4684745516066882, 4684745516066882, 4684745516066882, 4684745516066882, 4684745516066882, 4684745516066882, 4684745516066882, 4684745516066882, 4684745516066882, 4684745516066882, 4684745516066882, 4684745516066882, 4684745516066882, 4684745516066882, 4684745516066882, 4684745516066882, 4684745516066882, 4684745516066882, 4684745516066882, 4684745516066882, 4684745516066882, 4684745516066882, 4684745516066882, 4684745516066882, 4684745516066882, 4684745516066882, 4684745516066882, 4684745516066882, 4684745516066882, 4684745516066882, 4684745516066882, 4684745516066882, 4684745516066882, 4684745516066882, 4684745516066882, 4684745516066882, 4684745516066882, 4684745516066882, 4684745516066882, 4684745516066882, 4684745516066882, 4684745516066882, 4684745516066882, 4684745516066882, 4684745516066882, 4684745516066882, 4684745516066882, 4684745516066882, 4684745516066882, 4684745516066882, 4684745516066882, 4684745516066882, 4684745516066882, 4684745516066882, 4684745516066882, 4684745516066882, 4684745516066882, 4684745516066882, 4684745516066882, 4684745516066882, 4684745516066882, 4684745516066882, 4684745516066882, 4684745516066882, 4684745516066882, 4684745516066882, 4684745516066882, 4684745516066882, 181145888696386, 181145888696386, 181145888696386, 181145888696386, 181145888696386, 181145888696386, 181145888696386, 181145888696386, 181145888696386, 181145888696386, 181145888696386, 181145888696386, 181145888696386, 181145888696386, 181145888696386, 181145888696386, 181145888696386, 181145888696386, 181145888696386, 181144814954562, 181144814954562, 181144814954562, 181144814954562, 181144814954562, 181144814954562, 181144814954562, 181144814954562, 181144814954594]
[4684745516066882, 4684745516066882, 4684745516066882, 4684745516066882, 4684745516066882, 4684745516066882, 4684745516066882, 4684745516066882, 4684745516066882, 4684745516066882, 4684745516066882, 4684745516066882, 4684745516066882, 4684745516066882, 4684745516066882, 4684745516066882, 4684745516066882, 4684745516066882, 4684745516066882, 4684745516066882, 4684745516066882, 4684745516066882, 4684745516066882, 4684745516066882, 4684745516066882, 4684745516066882, 4684745516066882, 4684745516066882, 4684745516066882, 4684745516066882, 4684745516066882, 4684745516066882, 4684745516066882, 4684745516066882, 4684745516066882, 4684745516066882, 4684745516066882, 4684745516066882, 4684745516066882, 4684745516066882, 4684745516066882, 4684745516066882, 4684745516066882, 4684745516066882, 4684745516066882, 4684745516066882, 4684745516066882, 4684745516066882, 4684745516066882, 4684745516066882, 4684745516066882, 4684745516066882, 4684745516066882, 4684745516066882, 4684745516066882, 4684745516066882, 4684745516066882, 4684745516066882, 4684745516066882, 4684745516066882, 4684745516066882, 4684745516066882, 4684745516066882, 4684745516066882, 4684745516066882, 4684745516066882, 4684745516066882, 4684745516066882, 4684745516066882, 4684745516066882, 4684745516066882, 4684745516066882, 4684745516066882, 4684745516066882, 4684745516066882, 4684745516066882, 4684745516066882, 4684745516066882, 4684745516066882, 4684745516066882, 4684745516066882, 4684745516066882, 4684745516066882, 4684745516066882, 4684745516066882, 4684745516066882, 4684745516066914, 4684745516066914, 4684745516066914, 4684745516066914, 4684745516066914, 4684745516066914, 4684745516066914, 4684745516066914, 4684745516066914, 4684745516066914, 4684745516066914, 4702337702111330, 4702337702111330, 4702337702112354]
[4684745516066882, 4684745516066882, 4684745516066882, 4684745516066882, 4684745516066882, 4684745516066882, 4684745516066882, 4684745516066882, 4684745516066882, 4684745516066882, 4684745516066882, 4684745516066882, 4684745516066882, 4684745516066882, 4684745516066882, 4684745516066882, 4684745516066882, 4684745516066882, 4684745516066882, 4684745516066882, 4684745516066882, 4684745516066882, 4684745516066882, 4684745516066882, 4684745516066882, 4684745516066882, 4684745516066882, 4684745516066882, 4684745516066882, 4684745516066882, 4684745516066882, 4684745516066882, 4684745516066882, 4684745516066882, 4684745516066882, 4684745516066882, 4684745516066882, 4684745516066882, 4684745516066882, 4684745516066882, 4684745516066882, 4684745516066882, 4684746052937794, 4684746052937794, 4684746052937794, 4684746052937794, 4684746052937794, 4684746052937794, 4684746052937794, 4684746052937794, 4684746052937794, 4684746052937794, 4684746052937794, 4684746052937794, 4684746052937794, 4684746052937794, 4684746052937794, 4684746052937794, 4684746052937794, 4684746052937794, 4684746052937794, 4684746052937794, 4684746052937794, 4684746052937794, 4684746052937794, 4684746052937794, 4684746052937794, 4684746052937794, 4684746052937794, 4684746052937794, 4684746052937794, 4684746052937794, 4684746052937794, 4684746052937794, 4684746052937794, 4684746052937794, 4684746052937794, 4684746052937794, 4684746052937794, 4684746052937794, 4684746052937794, 4684746052937794, 4684746052937794, 4684746052937794, 4684746052937794, 4684745516066882, 4684745516066882, 4684745516066882, 4684745516066882, 4684745516066882, 4684745516066882, 4684745516066882, 4684745516066882, 4684745516066882, 4684745516066882, 4684745516066882, 4684745516066882, 4684745516066882, 4684745516066882, 4684745516066882, 4684745516066882, 4684745516066882, 4684745516066882, 4684745516066882, 4684745516066882, 4684745516066882, 4684745516066882, 4684745516066882, 4684745516066882, 4684745516066882, 4684745516066882, 4684745516066882, 4684745516066882, 4684745516066882, 4684745516066882, 4684745516066882, 4684745516066882, 4684745516066882, 4684745516066882, 4684745516066882, 4684745516066882, 4684745516066882, 4684745516066882, 4684745516066882, 4684745516066882, 4684745516066882, 4684745516066882, 4684745516066882, 4684745516066882, 4684745516066882, 4684745516066882, 4684745516066882, 4684745516066882, 4684745516066882, 4684745516066882, 4684745516066882, 4684745516066882, 4684745516066882, 4684745516066882, 4684745516066882, 4684745516066882, 4684745516066882, 4684745516066882, 4684745516066882, 4684745516066882, 4684745516066882, 4684745516066882, 4684745516066882, 4684744442325058, 4684744442325058, 4684744442325058, 4684744442325058, 4684744442325058, 4684744442325058, 4684744442325058, 4684744442325058, 4684744442325058, 4684744442325058, 4684744442325058, 4684744442325058, 4684744442325058, 4684744442325058, 4684744442325058, 4684744442325058, 4684744442325058, 4684744442325058, 4684744442325058, 4684744442325058, 4684744442325058, 4684744442325058, 4684744442325058, 4684744442325058, 4684744442325058, 4684744442325058, 4684744442325058, 4684744442325058, 4684744442325058, 4684744442325058, 4684744442325058, 4684744442325059, 4684744442325059, 4684744442325059, 4684744442325059, 4684744442325059, 4684744442325059, 4684744442325059, 4684744442325059, 4684744442325067]
[4684745516066882, 4684745516066882, 4684745516066882, 4684745516066882, 4684745516066882, 4684745516066882, 4684745516066882, 4684745516066882, 4684745516066882, 4684745516066882, 4684745516066882, 4684745516066882, 4684745516066882, 4684745516066882, 4684745516066882, 4684745516066882, 4684745516066883, 4684745516066883, 4684745516066883, 4684745516066883, 4684745516066883, 4684745516066883, 4684745516066883, 4684745516066883, 4684745516066883, 4684745516066883, 4684745516066883, 4684745516066883, 4684745516066883, 4684745516066883, 4684745516066883, 4684745516066883, 4684745516066883, 4684745516066883, 76742339553994819, 76742339553994819, 76742339553994819, 76742339553994819, 76742339553994819, 76742339553994819, 76742339553994819, 76742339553994819, 76742339553994851]
[4684745516066882, 4684745516066882, 4684745516066882, 4684744442325058, 4684744442325058, 4684744442325058, 4684744442325058, 4684744442325058, 4684744442325058, 4684744442325058, 4684744442325058, 4684744442325058, 4684744442325058, 4684744442325058, 4684744442325058, 4684744442325058, 4684744442325058, 4684744442325058, 4684744442325058, 4684744442325058, 4684744442325058, 4684744442325058, 4684744442325058, 4684744442325058, 4684744442325058, 4684744442325058, 4684744442325066, 4684744442325066, 4684744442325066, 4684744442325066, 4684744442325066, 4684744442325066, 4684744442325066, 4684744442325066, 4684744442325066, 4684744442325066, 4684744442325066, 4684744442325066, 4684744442325066, 4684744442325066, 4684744442325066, 4684744442325066, 4684744442325066, 4684744442325066, 4684744442325066, 4684744442325066, 4684744442325066, 4684744442325066, 4684744442325066, 4684744442325066, 4684744442325066, 4684744442325066, 4684744442325066, 4684744442325066, 4684744442325066, 4684744442325058, 4684744442325058, 4684744442325058, 4684744442325058, 4684744442325058, 4684744442325058, 4684744442325058, 4684744442325058, 4684744442325058, 4684744442325058, 4684744442325058, 4684744442325058, 4684744442325058, 4684744442325058, 4684744442325058, 4684744442325058, 4684744442325058, 4684744442325058, 4684745516066882, 4684745516066882, 4684745516066882, 4684745516066882, 4684745516066882, 4684745516066882, 4684745516066882, 4684745516066882, 4684745516066882, 4684745516066882, 4684745516066882, 4684745516066882, 4684745516066882, 4684745516066882, 4684745516066882, 4684745516066882, 4684745516066882, 4684745516066882, 4684745516066882, 4684745516066882, 4684745516066882, 4684745516066882, 4684745516066882, 4684745516066882, 4684745516066882, 4684745516066882, 4684745516066882, 4684745516066882, 4684745516066882, 4684745516066882, 4684745516066882, 4684745516066882, 4684745516066882, 4684745516066882, 4684745516066882, 4684745516066882, 4684745516066882, 4684745516066882, 4684745516066882, 4684745516066882, 4684745516066882, 4684745516066882, 4684745516066882, 4684745516066882, 4684745516066882, 4684745516066882, 4684745516066882, 4684745516066882, 4684745516066882, 4684745516066882, 4684745516066882, 4684745516066882, 4684745516066882, 4684745516066882, 4684745516066882, 4684745516066882, 4684745516066882, 4684745516066882, 4684745516066882, 4684745516066882, 4684745516066882, 4684745516066882, 4684745516066882, 4684745516066882, 4684745516066882, 4684745516066882, 4684745516066882, 4684745516066882, 4684745516066882, 4684745516066882, 4684745516066882, 4684745516066882, 4684745516066882, 4684745516066882, 4684745516066882, 4684745516066882, 4684745516066882, 4684745516066882, 4684745516066882, 4684745516066882, 4684745516066882, 4684745516066882, 4684745516066882, 4684745516066882, 4684745516066882, 4684745516066882, 4684745516066882, 4684745516066882, 4684745516066882, 4684745516066882, 4684745516066882, 4684745516066882, 4684745516066882, 4684745516066882, 4684745516066882, 4684745516066882, 4684745516066882, 4684745516066882, 4684745516066882, 4684745516066882, 4684745516066882, 4684745516066882, 4684745516066882, 4684745516066882, 4684745516066882, 4684745516066882, 4684745516066882, 4684745516066882, 4684745516066882, 4684745516066882, 4684745516066882, 4684745516066882, 4684745516067010, 4684745516067010, 4684745516067010, 4684745516067010, 4684745516067010, 4684745516067018, 4684745516067018, 4684745516067018, 4684745516067018, 4684745516067018, 4684745516067018, 4684745516067018, 4684745516067018, 4684745516067018, 4684745516067018, 4684745516067018, 4684745516067018, 4684745516067018, 4684745516067018, 4684745516067018, 4684745516067018, 22699144025549002]
[4684745516066882, 4684745516066882, 4684745516066882, 4684745516066882, 4684745516066882, 4684745516066882, 4684745516066882, 4684745516066882, 4684745516066882, 4684745516066882, 4684745516066882, 4684745516066882, 4684745516066882, 4684745516066882, 4684745516066882, 4684745516066882, 4684745516066882, 4684745516066882, 4684745516066882, 4684745516066882, 4684745516066882, 4684745516066882, 4684745516066882, 4684745516066882, 4684745516066882, 4684745516066882, 4684745516066882, 4684745516066882, 4684745516066882, 4684745516066882, 4684745516066882, 4684745516066882, 4684745516066882, 4684745516066882, 4684745516066882, 4684745516066882, 4684745516066882, 4684745516066882, 4684745516066882, 4684745516066882, 4684745516066882, 4684745516066882, 4684745516066882, 4684745516066882, 4684745516066882, 4684745516066882, 4684745516066882, 4684745516066882, 4684745516066882, 4684745516066882, 4684745516066882, 4684745516066882, 6936545329752130, 6936544256010306, 6936544256010306, 6936544256010306, 6936544256010306, 6936544256010306, 6936544256010306, 6936544256010306, 6936544256010306, 6936544256010306, 6936544256010306, 6936544256010306, 6936544256010306, 6936544256010306, 6936544256010306, 6936544256010306, 6936544256010306, 6936544256010306, 6936544256010306, 6936544256010306, 6936544256010306, 6936544256010306, 6936544256010306, 6936544256010306, 6936544256010306, 6936544256010306, 6936544256010306, 6936544256010306, 6936544256010306, 6936544256010306, 6936544256010306, 6936544256010306, 6936544256010306, 6936544256010306, 6936544256010306, 6936544256010306, 6936544256010306, 6936544256010306, 6936544256010306, 6936544256010306, 6936544256010306, 6936544256010306, 6936544256010306, 6936544256010306, 6936544256010306, 6936544256010306, 6936544256010306, 6936544256010306, 6936544256010306, 6936544256010306, 6936544256010306, 6936544256010304]
[4684745516066882, 4684745516066882, 4684745516066882, 4684745516066882, 4684745516066882, 4684745516066882, 4684745516066882, 4684745516066882, 4684745516066882, 4684745516066882, 4684745516066882, 4684745516066882, 4684745516066882, 4684745516066882, 4684745516066882, 4684745516066882, 4684745516066882, 4684745516066882, 4684745516066882, 4684745516066882, 4684745516066882, 4684745516066882, 4684745516066882, 4684745516066882, 4684745516066882, 4684745516066882, 4684745516066882, 4684745516066882, 4684745516066882, 4684745516066882, 4684745549621314, 4684745549621314, 4684745549621314, 4684745549621314, 4684745549621314, 4684745549621314, 4684745549621314, 4684745549621314, 4684745549621314, 4684745549621314, 4684745549621314, 4684745549621314, 4684745549621314, 4684745549621314, 4684745549621314, 4684745549621314, 4684745549621314, 4684745549622338, 4684745549622338, 4684745549622338, 4684745549622338, 4684745549622338, 4684745549622338, 4684745549622338, 4684745549622338, 4684745549622338, 4684745549622338, 4684745549622338, 4684745549622338, 4684745549622338, 4684745549622338, 4684745549622338, 4684745549622338, 4684745549622338, 4684745549622338, 4684745549622338, 4684745549622338, 4684745549622338, 4684745549622338, 4684745549622338, 4684745549622338, 5247695503043650]
[4684745516066882, 4684745516066882, 4684745516066882, 4684745516066882, 4684745516066882, 4684745516066882, 4684745516066882, 4684745516066882, 4684745516066882, 4684745516066882, 4684745516066882, 4684745516066882, 4684745516066882, 4684745516066882, 4684745516066882, 4684745516066882, 4684745516066882, 4684745516066882, 4684745516066882, 4684745516066882, 4684745516066882, 4684745516066882, 4684745516066882, 4684745516066882, 4684745516066882, 4702337702111298, 4702337702111298, 4702337702111298, 4702337702111298, 4702337702111298, 4702337702111298, 4702337702111298, 4702337702111298, 4702337702111298, 4702337702111298, 4702337702111298, 4702337702111298, 4702337702111298, 4702337702111298, 4702337702111298, 4702337702111298, 4702337702111298, 4702337702111298, 4702337702111298, 4702337702111298, 4702337702111298, 4702337702111298, 4702337702111298, 4702337702111298, 4702337702111298, 4702337702111298, 4702337702111298, 4702337702111298, 4702337702111298, 4702337702111298, 4702337702111298, 4702337702111298, 4702337702111298, 4702337702111298, 4702337702111298, 4702337702111298, 4702337702111298, 4702337702111298, 4702337702111298, 4702337702111298, 4702337702111298, 4702337702111298, 4702337702111298, 4684745516066882, 4684745516066882, 4684745516066882, 4684745516066882, 4684745516066882, 4684745516066882, 4684745516066882, 4684745516066882, 4684745516066882, 4684745516066882, 4684745516066882, 4684745516066882, 4684745516066882, 4684745516066882, 4684745516066882, 4684745516066882, 4684745516066882, 4684745516066882, 4684745516066882, 4684745516066882, 4684745516066882, 4684745516066882, 4684745516066882, 4684745516066882, 4684745516066882, 4684745516066882, 4684745516066882, 4684745516066882, 4684745516066882, 4684745516066882, 4684745516066882, 4684745516066882, 4684745516066882, 4684745516066882, 4684745516066882, 4684745516066882, 4684745516066882, 4684745516066882, 4684745516066882, 4684745516066882, 4684745516066882, 4684745516066882, 4684745516066882, 4684745516066882, 4684745516066882, 4684745516066882, 4684745516066882, 4684745516066882, 4684745516066882, 4684745516066882, 4684745516066882, 4684745516066882, 4684745516066882, 4684745516066882, 4684745516066882, 4684745516066882, 4684745516066882, 4684745516066882, 4684745516066882, 4684745516066882, 4684745516066882, 4684745516066882, 4684745516066882, 4684745516066882, 4684745516066882, 4684745516066882, 4684745516066882, 4684745516066882, 4684745516066882, 4684745516066882, 4684745516066882, 4684745516066882, 4684745516066882, 4684745516066882, 4684745516066882, 4684745516066882, 4684745516066882, 4684745516066882, 4684745516066882, 4684745516066882, 4684745516066882, 4684745516066882, 4684745516066882, 4684745516066882, 4684745516066882, 4684745516066882, 4684745516066882, 4684745516066882, 4684745516066882, 4684745516066882, 4684745516066882, 4684745516066882, 4684745516066882, 4684745516066882, 4684745516066882, 4684745516066882, 4684745516066882, 4684745516066882, 4684745516066882, 4684745516066882, 4684745516066882, 4684745516066882, 4684745516066882, 4684745516066882, 4684745516066882, 4684745516066882, 4684745516066882, 4684745516066882, 4684745516066882, 4684745516066882, 181145888696386, 181145888696386, 181145888696386, 181145888696386, 181145888696386, 181145888696386, 181145888696386, 181145888696386, 181145888696386, 181145888696386, 181145888696386, 181145888696386, 181145888696386, 181145888696386, 181145888696386, 181145888696386, 181145888696386, 181145888696386, 181145888696386, 181145888696386, 181145888696386, 181145888696386, 181145888696386, 181145888696386, 181145888696386, 181144814954562, 181144814954562, 181144814954562, 181144814954562, 181144814954562, 181144814954562, 181144814954562, 181144814954562, 181144814954562, 181144814954562, 181144814954562, 181144814954562, 181144814954562, 181144814954562, 181144814954562, 181144814954562, 181144814954562, 181144814954562, 181144814954562, 181144814954562, 181144814954562, 181144814954562, 181144814954562, 181144814954562, 181144814954562, 181144814954562, 181144814954562, 181144814954562, 181144814954562, 181144814954562, 181144814954562, 181144814954562, 181144814954562, 181144814954562, 181144814954562, 181144814958658]
[4684745516066882, 4684745516066882, 4684745516066882, 4684745516066882, 4684745516066882, 4684745516066882, 4684745516066882, 4684745516066882, 4684745516066882, 4684745516066882, 4684745516066882, 4684745516066882, 4684745516066882, 4684745516066882, 4684745516066882, 4684745516066882, 4684745516066882, 4684745516066882, 4684745516066882, 4684745516066882, 4684745516066882, 4684745516066882, 4684745516066882, 4684745516066882, 4684745516066882, 4684745516066882, 4684745516066882, 4684745516066882, 4684745516066882, 5247695469488194, 5247695469488194, 5247695469488194, 5247695469488194, 5247695471585346, 5247695471585346, 5247695471585346, 5247695471585346, 5247695471585346, 5247695471585346, 5247695471585346, 5247695471585346, 5247695471585346, 5247695471585346, 5247695471585346, 5247695471585346, 5247695471585346, 5247695471585346, 5247695471585346, 5247695471585346, 5247695471585346, 5247695471585346, 5247695471585346, 5247695471585346, 5247695471585346, 5247695471585346, 5247695471585346, 5247695471585346, 5247695471585346, 5247695471585346, 5247695471585346, 5247695471585346, 5247695471585346, 5247695471585346, 5247695471585346, 5247695471585346, 5247695471585346, 5247695471585346, 5247695471585346, 5247695471585346, 5247695471585346, 5247695471585346, 5247695471585346, 5247695471585346, 5247695471585346, 5247695471585346, 5247695471585346, 5247695471585346, 5247695471585346, 5247695471585346, 5247695471585346, 5247695471585346, 5247695471585346, 5247695471585346, 5247695471585346, 5247695471585346, 5247695471585346, 5247695471585346, 5247695471585346, 5247695471585346, 5247695471585346, 5247695471585346, 5247695471585346, 5247695471585346, 5247695471585346, 5247695471585346, 5247695471585346, 5247695471585346, 5247695471585346, 5247695471585346, 5247695505139778]
[4684745516066882, 4684745516066882, 4684745516066882, 4684745516066882, 4684745516066882, 4684745516066882, 4684745516066882, 4684745516066882, 4684745516066882, 4684745516066882, 4684745516066882, 4684745516066882, 4684745516066882, 4684745516066882, 4684745524455490, 4684745524455490, 4684745524455490, 4684745524455490, 4684745524455490, 4684745524455490, 4684745524455490, 4684745524455490, 4684745524455490, 4684745524455490, 4684745524455490, 4684745524455490, 4684745524455490, 4684745524455490, 4684745524455490, 4684745524455490, 4684745524455490, 4684745524455490, 4684745524455490, 4684745524455490, 4684745524455490, 4684745524455490, 4684745524455490, 4684745524455490, 4684745524455490, 4684745524455490, 4684745524455490, 4684745524455490, 4684745524455490, 4684745524455490, 4684745524455490, 4684745524455490, 4684745524455490, 4684745524455490, 4684745524455490, 4684745524455490, 4684745524455490, 4684745524455490, 4684745524455490, 4684745524455490, 4684745524455490, 4684745524455490, 4684745524455490, 4684745524455490, 4684745524455490, 4684745524455490, 4684745524455490, 4684745524455490, 4684745524455490, 4684745524455490, 4684745524455490, 4684745524455490, 4684745524455490, 4684745524455490, 4684745524455490, 4684745524455490, 4684745524455490, 4684745524455490, 4684745524455490, 4684745524455490, 4684745524455490, 4684745524455490, 4684745524455490, 4684745524455490, 4684745524455490, 4684745524455490, 4684745524455490, 4684745524455490, 4684745524455490, 4684745524455490, 4684745524455490, 4684745524455490, 4684745524455490, 4684745524455490, 4684745524455490, 4684744450713666, 4684744450713666, 4684744450713666, 4684744450713666, 4684744450713666, 4684744450713698]
[4684745516066882, 4684745516066882, 4684745516066882, 4684745516066882, 4684745516066882, 4684745516066882, 4684745516066882, 4684745516066882, 4684745516066882, 4684745516066882, 4684745516066882, 4684745516066882, 4684745516066882, 4684745516066882, 4684745516066882, 4684745516066882, 4684745524455490, 4684745524455490, 4684745524455490, 4684745524455490, 4684745524455490, 4684745524455490, 4684745524455490, 4684745524455490, 4684745524455490, 4684745524455490, 4684745524455490, 4684745524455490, 4684745524455490, 4684745524455490, 4684745524455490, 4684745524455490, 4684745524455490, 4684745524455490, 4684745524455490, 4684745524455490, 4684745524455490, 4684745524455490, 4684745524455490, 4684745524455490, 4684745524455490, 4684745524455490, 4684745524455490, 4684745524455490, 4684745524455490, 4684745524455490, 4684745524455490, 4684745524455490, 4684745524455490, 4684745524455490, 4684745524455490, 4684745524455490, 4684745524455490, 4684745524455490, 4684745524455490, 4684745524455490, 4684745524455490, 4684745524455490, 4684745524455490, 4684745524455490, 4684745524455490, 4684745524455490, 4684745524455490, 4684745524455490, 4684745524455490, 4684745524453442, 4684745524453442, 4684745524453442, 4684745524453442, 4684745524453442, 4684745524453442, 4684745524453442, 4684745524453442, 4684745524453442, 4684745524453442, 4684745524453442, 4684745524453442, 4684745524453442, 4684745524453442, 4684745524453442, 4684745524453442, 4684745524453442, 4684745524453442, 4684745524453442, 4684745524453442, 4684745524453442, 4684745524453442, 4684745524453442, 4684745524453442, 4684745524453442, 4684745524453442, 4684745524453442, 4684745524453442, 4684745524453442, 4680347477942338]
[4684745516066882, 4684745516066882, 4684745516066882, 4684745516066882, 4684745516066882, 4684745516066882, 4684745516066882, 4684745516066882, 4684745516066882, 4684745516066882, 4684745516066882, 4684745516066882, 4684745516066882, 4684745516066882, 4684745516066882, 4684745516066882, 4684745516066882, 4684745516066882, 4684745516066882, 4684745516066882, 4684745516066882, 4684745516066882, 4684745516066882, 4684745516066882, 4684745516066882, 4684745516066882, 4684745516066882, 4684745516066882, 4684745516066882, 4684745516066882, 4684745516066882, 4684745516066882, 4684745516066882, 4684745516066882, 4684745516066882, 4684745516066882, 4684745516066882, 4684745516066882, 4684745516066882, 4684745516066882, 4684745516066882, 4684745516066882, 4684745516066882, 4684745516066882, 4684745516066882, 4684745516066882, 4684745516066882, 4684745516066882, 4684745516066882, 4684745516066882, 4684745516066882, 4684745516066882, 4684745516066882, 4684745516066882, 4684745516066882, 4684745516066882, 4684745516066882, 4684745516066882, 4684745516066882, 4684745516066882, 4684745516066882, 4684745516066882, 4684745516066882, 4684745516066882, 4684745516066882, 4684745516066882, 4684745516066882, 4684745516066882, 4684745516066882, 4684745516066882, 4684745516066882, 4684745516066882, 4684745516066882, 4684745516066882, 4684745516066882, 4684745516066882, 4684745516066882, 4684745516066882, 4684745516066882, 4684745516066882, 4684745516066882, 4684745516066882, 4684745516066882, 4684745516066882, 4684745516066882, 4684745516066882, 4684745516066882, 4684745516066882, 4684745516066882, 4684745516066882, 5247695469488194, 5247695469488194, 5247695469488194, 5247695469488194, 5247695469488194, 5247695469488194, 5247695469488194, 5247695469488194, 5247695469488194, 5247695469488194, 5247695469488194, 5247695469488194, 5247695469488194, 5247695469488194, 5247695469488194, 5247695469488194, 5247695469488194, 5247695469488194, 5247695469488194, 5247695469488194, 5247695469488194, 5247695469488194, 5247695469488194, 5247695469488194, 5247695469488194, 5247695469488194, 5247695469488194, 5247695469488194, 5247695469488194, 5247695469488194, 5247695469488194, 5247695469488194, 5247695469488194, 5247695469488194, 5247695469488194, 5247695469488194, 5247695469489218, 5247695469489218, 5247695469489218, 5247695469489218, 5247695469489218, 5247695469489218, 5247695469489218, 5247695469489218, 5247695469489218, 5247695469489218, 5247695469489218, 5247695469489218, 5247695469489218, 5247695469489218, 77305289507417154]
[4684745516066882, 4684745516066882, 4684745516066882, 4684745516066882, 4684745516066882, 4684745516066882, 4684745516066882, 4684745516067906, 4684745516067906, 4684745516067906, 4684745516067906, 4684745516067906, 4684745516067906, 4684745516067906, 4684745516067906, 4684745516067906, 4684745516067906, 4684745516067906, 5247695469489218, 5247695469489218, 5247695469489218, 5247695469489218, 5247695469489218, 5247695469489218, 5247695469489218, 5247695469489218, 5247695469489218, 5247695469489218, 5247695469489218, 5247695469489218, 5247695469489218, 5247695469489218, 5247695469489218, 4684745516067906, 4684745516067906, 4684745516067906, 4684745516067906, 4684745516067906, 4684745516067906, 4684745516067906, 4684745516067906, 4684745516067906, 4684745516067906, 4684745516067906, 4684745516067906, 4684745516067906, 4684745516067906, 4684745516067906, 4684745516067906, 4684745516067906, 4684745516067906, 4684745516067906, 4684745516067906, 4684745516067906, 4684745516067906, 4684745516067906, 4684745516067906, 4684745516067906, 4684745516067906, 4684745516067906, 4684745516067906, 4684745516067906, 4684745516067906, 4684745516067906, 4684745516067906, 4684745516067906, 4684745516067906, 4684745516067906, 4684745516067906, 4684745516067906, 4684745516067906, 4684745516067906, 4684745516067906, 4684745516067906, 4684745516067906, 4684814235544642, 4684814235544642, 4684814235544642, 4684814235544642, 4684814235544642, 4684814235544642, 4684814235544642, 4684814235544642, 4684814235544642, 4684814235544642, 4684814235544642, 4684814235544642, 4684814235544642, 4684814235544642, 4684814235544642, 4684814235544642, 4684814235544642, 4684814235544642, 4684814235544642, 4684814235544642, 4684814235544642, 4684814235544642, 4684814235544642, 4684814235544642, 4684814235544642, 4684814235544642, 4684814235544642, 4684814235544642, 4684814235544642, 4684814235544642, 4684814235544642, 4684814235544642, 4684814235544642, 4684814235544642, 4684814235544642, 4684814235544642, 4684814235544642, 4684814235544642, 4684814235544642, 4684814235544642, 4684814235544642, 4684814235544642, 4684814235544642, 4684814235544642, 4684814235544642, 4684814235544642, 4684814235544642, 4684814235544642, 4684814235544642, 4684814235544642, 4684814235544642, 4684814235544642, 4684814235544642, 4684814235544642, 4684814235544642, 4684814235544642, 4684814235544642, 4684814235544642, 4684814235544642, 4684814235544642, 4684814235544642, 4684814235544642, 4684814235544642, 4684814235544642, 4684814772415554]
[4684745516066882, 4684745516066882, 4684745516066882, 4684745516066882, 4684745516066882, 4684745516066882, 4684745516066882, 4684745516066882, 4684745516066882, 4684745516066882, 4684745516066882, 4684745516066882, 4684745516066882, 4684745516066882, 4684745516066882, 4684745516066882, 4684745516066882, 4684745516066882, 4684745516066882, 4684745516066882, 4684745516066882, 4684745516066882, 4684745516066882, 4684745516066882, 4684745516066882, 4684745516066882, 4684745516066882, 4684745516066882, 4684745516066882, 4684745516066882, 4684745516067010, 4684745516067010, 4684745516067010, 4684745516067010, 4684745516067010, 4684745516067010, 4684745516067010, 4684745516067010, 4684745516067010, 4684745516067010, 4684745516067010, 4684745516067010, 4684745516067010, 4684745516067010, 4684745516067010, 4684745516067010, 4702337702111426, 4702337702111426, 4702337702111426, 4702337702111426, 4702337702111426, 4702337702111426, 4702337702111426, 4702337702111426, 4702337702111426, 4702337702111426, 4702337702111426, 4702337702111426, 4702337702111426, 4702337702111426, 4702337702111426, 4702337702111426, 4702337702111426, 4702337702111426, 4702337702111426, 4702337702111426, 4702337702111426, 4702337702111426, 4702337702111426, 4702337702111426, 4702337702112450]
[4684745516066882, 4684745516066882, 4684745516066882, 4684745516066882, 4684745516066882, 4684745516066882, 4684745516066882, 4684745516066882, 4684745516066882, 4684745516066882, 4684745516066882, 4684745516066882, 4684745516066882, 4684745516066882, 4684882955020354, 4684882955020354, 4684882955020354, 4684882955020354, 4684882955020354, 4684882955020354, 4684882955020354, 4684882955020354, 4684882955020354, 4684882955020354, 181283327649858, 181283327649858, 181283327649858, 181283327649858, 181283327649858, 181283327649858, 181283327649858, 181283327649858, 181283327649858, 181283327649858, 181283327649858, 181283344427074]
[4684745516066882, 4684745516066882, 4684745518164034, 4684745518164034, 4684745518164034, 4684745518164034, 4684745518164034, 4684745518164034, 4684745518164034, 4684745518164034, 4684745518164034, 4684745518164034, 4684745518164034, 4684745518164034, 4684745518164034, 4684745518164034, 4684745518164034, 4684745518164034, 4684745518164034, 4684745518164034, 4684745518164034, 4684745518164034, 4684745518164034, 4684745518164034, 4684745518164034, 4684745518164034, 4684745518164034, 4684745518164034, 4684745518164034, 4684745518164034, 4684745518164034, 4684745518164034, 4684745518164034, 4684745518164034, 4684882957117506, 4684882957117504]
[4684745516066882, 4684745516066882, 4684745516066882, 4684745516066882, 4684745516066880, 4684745516066880, 4684745516066880, 4684745516066880, 4684745516066880, 4684745516067904, 4684745516067904, 4684745516067904, 4684745516067904, 4684745516067904, 4684745516067904, 4684745516067904, 4684745516067904, 4684745516067904, 4684745516067904, 4684745516067904, 4684745516067904, 4684745516067904, 4684745516067904, 4684745516067904, 4684745516067904, 4684745516067904, 4684745516067904, 4684745516067904, 4684745516067904, 4684745516067904, 4684745516067904, 4684745516067904, 4684745516067904, 4684745516067904, 4684745516067904, 4684745516067904, 4684745516067904, 4684745516067904, 4684745516067904, 4684745516067904, 4684745516067904, 4684745516067904, 4684745516067904, 4684745516067904, 4684745516067904, 4684745516067904, 4684745516067904, 4684745516067904, 4684745516067904, 4684745516067904, 4684745516067904, 4684745516067904, 4684745516067904, 4684745516067904, 4684745516067904, 4684745516067904, 4684745516067904, 4684745516067904, 4684745516067904, 4684745516067904, 4684745516067904, 4684745516067904, 4684745516067904, 4684745516067904, 4684745516067904, 4684745516068032]
[4684745516066882, 4684745516066882, 4684745516066882, 4684745516066882, 4684745516066882, 4684745516066882, 4684745516066882, 4684745516066882, 4684745516066882, 4684745516066882, 4684745516066882, 4684745516066882, 4684745516066882, 4684745516066882, 4684745516066882, 4684745516066882, 4684745516066882, 4684745516066882, 4684745516066882, 4684745516066882, 4684745516066882, 4684745516066882, 4684745516066882, 4684745516066882, 4684745516066882, 4684745516066882, 4684745516066882, 4684745516066882, 4684745516066882, 4684745516066882, 4684745516066882, 4684745516066882, 4684745516066882, 4684745516066882, 4684745516066882, 4684745516066882, 4684745516066882, 4684745516066882, 4684745516066882, 4684745516066882, 4684745516066882, 4684745516066882, 4684745516066882, 4684745516066882, 4684745516066882, 4684745516066882, 4684745516066882, 4684745516066882, 4684745516066882, 4684745516066882, 4684745516066882, 4684745516066882, 4684745516066882, 4684745516066882, 4684745516066882, 4684745516066882, 4684745516066882, 4684745516066882, 4684745516066882, 4684745516066882, 4684745516066882, 4684745516066882, 4684745516066882, 4684745516066882, 4684745516066882, 4684745516066882, 4684745516066882, 4684745516066882, 4684745516066882, 4684745516066882, 4684745516066882, 4684745516066882, 4684745516066882, 4684745516066882, 4684745516066882, 4684745516066882, 4684745516066882, 4684745516066882, 4684745516066882, 4684745516066882, 4684745516066882, 4684745516066882, 4684745516066882, 4684745516066882, 4684745516066882, 4684745516066882, 4684745516066882, 4684745516066882, 4684745516066882, 4684745516066882, 4684745516066882, 4684745516066882, 4684745516066882, 4684745516066882, 4684745516066882, 4684745516066882, 4684745516066882, 4684745516066882, 4684745516066882, 4684745516066882, 4684745516066882, 4684745516066882, 4684745516066882, 4684745516066882, 4684745516066882, 4684745516066882, 4684745516066882, 4684745516066882, 4684745516066882, 4684745516066882, 4684745516066882, 4684745516066882, 4684745516066882, 4684745516066882, 4684745516066882, 4684745516066882, 4684745516066882, 4684745516066882, 4684745516066882, 4684745516066882, 4684745516066882, 4684745516066882, 4684745549621314, 4684745549621314, 4684745549621314, 4684745549621314, 4684745549621314, 4684745549621314, 4684745549621314, 4684745549621314, 4684745549621314, 4684745549621314, 4684745516066882, 4684745516066882, 4684745516066882, 4684745516066882, 4684745516066882, 4684745516066882, 4684745516066882, 4684745516066882, 4684745516066882, 4684745516066882, 4684745516066882, 4684745516066882, 4684745516066882, 4684745516066882, 4684745516066882, 4684745516066882, 4684745516066882, 4684745516066882, 4684745516066882, 4684745516066882, 4684745516066882, 4684745516066882, 4684745516066882, 4684745516066882, 4684745516066882, 4684745516066882, 4684745516066882, 4684745516066882, 4684745516066882, 4684745516066882, 4684745516066882, 4684745516066882, 4684744442325058, 4684744442325058, 4684744442325058, 4684744442325058, 4684744442325058, 4684744442325058, 4684744442325058, 4684744442325058, 4684744442325058, 4684744442325058, 4684744442325058, 4684744442325058, 4684744442325058, 4684744442325058, 4684744442325058, 4684744442325058, 4684744442325058, 4684744442325058, 4684744442325058, 4684744442325058, 4684744442325058, 4684744442325058, 4684744442325058, 4684744442325058, 4684744442325059, 4684744442325059, 4684744442325059, 4684744442325059, 4684744450713667]
[4684745516066882, 4684745516066882, 4684745516066882, 4684745516066882, 4684745516066882, 4684745516066882, 4684745516066882, 4684745516066882, 4684745516066882, 4684745516066882, 4684745516066882, 4684745516066882, 4684745516066882, 4684745516066882, 4684745516066882, 4684745516066882, 4684745516066882, 4684745516066882, 4684745516066882, 4684745516066882, 4684745516066882, 4684745516066882, 4684745516066882, 4684745516066882, 4684745516066882, 4684745516066882, 4684745516066882, 4684745516066882, 4684745516066882, 4684745516066882, 4684745516066882, 4684745516066882, 4684745516066882, 4684745516066882, 4684745516066882, 4684745516066882, 4684745516066882, 4684745516066882, 4684745516066882, 4684745516066882, 4684745516066882, 4684745516066882, 4684745516066882, 4684745516066882, 4684745516066882, 4684745516066882, 4684745516066882, 4684745516066882, 4684745516066882, 4684745516066882, 4684745516066882, 4684745516066882, 4684745516066882, 4684745516066882, 4684745516066882, 4684745516066882, 4684745516066882, 4684745516066882, 4684745516066882, 4684745516066882, 4684745516066882, 4684745516066882, 4684745516066882, 4684745516066882, 4684745516066882, 4684745516066882, 4684745516066882, 4684745516066882, 4684745516066882, 4684745516066882, 4684745516066882, 4684745516066882, 4684745516066882, 4684745516066882, 4684745516066882, 4684745516066882, 4684745516066882, 4684745516066882, 4684745516066882, 4684745516066882, 4684745516066882, 4684745516066882, 4684745516066882, 4684745516066882, 4684745516066882, 4684745516066882, 4684745516066882, 4684745516066882, 4684745516066882, 4684745516066882, 4684745516066882, 4684745516066882, 4684745516066882, 4684745516066882, 4684745516066882, 4684745516066882, 4684745516066882, 4684745516066882, 4684745516066882, 4684745516066882, 4684745516066882, 4684745516066882, 4684745516066882, 4684745516066882, 4684745516066882, 4684745516066882, 4684745516066882, 4684745516066882, 4684745516066882, 4684745516066882, 4684745516066882, 4684745516066882, 4684745516066882, 4684745516066882, 4684745516066882, 4684745516066882, 4684745516066882, 4684745516066882, 4684745516066882, 4684745516066882, 4684745516066882, 4684745516066882, 4684745516066882, 4684745516066882, 4684745516066882, 4684745516066882, 4684745516066882, 4684745516066882, 4684745516066882, 4684745516066882, 4684745516066882, 4684745516066882, 4684745516066882, 4684745516066882, 4684745516066882, 4684745516066882, 4684745516066882, 4684745516066882, 4684745516066882, 4684745516066882, 4684745516066882, 4684745516066882, 4684745516066882, 4684745516066882, 4684745516066882, 4684745516066882, 4684745516066882, 4684745516066890, 4684745516066890, 4684745516066890, 4684745516066890, 4684745516066890, 4684745516066890, 4684745516066890, 4684745516066890, 4684745516066890, 4684745516066890, 4684745516066890, 4684745516066890, 4684745516066890, 4684745516066890, 4684745516066890, 4684745516066890, 4684745516066890, 4684745516066890, 4684745516066890, 4684745516066890, 4684745516066890, 4684745516066890, 4684745516066890, 4684745516066890, 4684745516066890, 4684745516066890, 4684745516066890, 4684745516066890, 4684745516066890, 4684745516066890, 4684745516066890, 4684745516066890, 4684745516066890, 4684745516066890, 4684745516066890, 4684745516066890, 4684745516066890, 4684745516066890, 4684745516066891, 4684745516066891, 4684745516066891, 4684745516066891, 4684745516066891, 4684745516066891, 4684745516066891, 4684745516066891, 4684745516066891, 4684745516066891, 4684745516066891, 4684745516066891, 4684745516066891, 4684745516066891, 4684745516066891, 4684745516066891, 4684745516066891, 4684745516066891, 4684745516066891, 4684745516066891, 4684745516066891, 4684745516066891, 4684745516066891, 4684745516066891, 4684745516066891, 4684745516066891, 4684745516066883, 4684745516066883, 4684745516066883, 4684745516066883, 4684754106001475, 4684754106001475, 4684754106001475, 4684754106001475, 4684754106001475, 4684754106001475, 4684754106001475, 4684754106001475, 4684754106001475, 4684754106001475, 4684754106001475, 4684754106001475, 4684754106001475, 4684754106001475, 4684754106001475, 4684754106001475, 4684754106001475, 4684754106001475, 4684754106001475, 4684754106001475, 4684754106001475, 4684754106001475, 4684754106001475, 4684754106001475, 4684754106001475, 4684754106001475, 4684754106001475, 5810654012844099]
[4684745516066882, 4684745516066882, 4684745516066882, 4684745516066882, 4684745516066882, 4684745516066882, 4684745516066882, 4684745516066882, 4684745516066882, 4684745516066882, 4684745516066882, 4684745516066882, 4684744442325058, 4684744442325058, 4684744442325186, 4684744442325186, 4684744442325186, 4684744442325186, 4684745516067010, 4684745516067010, 4684745516067010, 4684745516067010, 4684745516067010, 4684745516067010, 4684745516067010, 4684745516067010, 4684745516067010, 4684745516067010, 4684745516067010, 4684745516067010, 4684745516067010, 4684745516067010, 4684745516067010, 4684745516067010, 4684745516067010, 4684745516067010, 4684745516067010, 4684745516067010, 4684745516067010, 4684745516067010, 4684745516067010, 4684745516067010, 4684745516067010, 4684745516067010, 4684745516067010, 4684745516067010, 4684745516067010, 4684745516067010, 4684745516067010, 4684745516067010, 4684745516067010, 4684745516067010, 4684745516068034, 4684745516068034, 4684745516068034, 4684745516068034, 4684745516068034, 4684745516068034, 4684745516068034, 4684745516068034, 4684745516068034, 4684745516068034, 4684745516068034, 4684745516067906, 4684745516067906, 4684745516067906, 4684745516067906, 4684745516067906, 4684745516067906, 4684745516067906, 4684745516067906, 4684745516067906, 4684745516067906, 4684745516067906, 4684745516067906, 4684745516067906, 4684745516067906, 4684745516067906, 4684745516067906, 4684745516067906, 4684745516067906, 4684745516067906, 4684745516067906, 4684745516067906, 4684745516067906, 4684745516067906, 4684745516067906, 4684745516067906, 4684745516067906, 4684745516067906, 4684745516067906, 4684745516067906, 4684745516067906, 4684745516067906, 4684745516067906, 4684745516067906, 4684745516067906, 4684745516067906, 4684745516067906, 4684745516067906, 4684745516067906, 4684745516067906, 4684745516067906, 4684745516067906, 4684745516067906, 4684745516067906, 4684745516067906, 4684745516067906, 4684745516067906, 4684745516067906, 4684744442326082, 4684744442326082, 4684744442326082, 4684744442326082, 4684744442326082, 4684744442326082, 4684744442326082, 4684744442326082, 4684744442326082, 4684744442326082, 4684744442326082, 4684744442326082, 4684744442326082, 4684744442326082, 4684744442326082, 4684744442326082, 4684744442326082, 4684744442326082, 4684744442326082, 4684744442326082, 4684744442326082, 4684744442326082, 4684744442326082, 4684744442326082, 4684744442326082, 4684744442326082, 4684744442326082, 4684744442326082, 4684744442326082, 4684744442326082, 4684744442326082, 4684744442326082, 4684744442326082, 4684744442326082, 4684744442325058, 4684744442325058, 4684744442325058, 4684744442325058, 4684744442325058, 4684744442325058, 4684744442325058, 4684744442325058, 4684744442325058, 4684744442325058, 4684744442325058, 4684744442325058, 4684744442325058, 4684744442325058, 4684744442325058, 4684744442325058, 4684744442325058, 4684744442325058, 4684744442325058, 4684744442325058, 4684744442325058, 4684744442325058, 4684744442325058, 4684744442325058, 4684744442325058, 4684744442325058, 4684744442325058, 4684744442325058, 4684744442325058, 4684744442325058, 4684744442325058, 4684744442325058, 4684744442325058, 4684744442325058, 4684744442325058, 4684744442325058, 4684744442325058, 4684744442325058, 4684744442325058, 4684744442325058, 4684744442325058, 4684744442325058, 4684744442325058, 4684744442325058, 4684744442325058, 4684744442325058, 4684744442325058, 4684744442325058, 4684744442325058, 4684744442325058, 4684744442325058, 4684744442325058, 4684744442325058, 4684744442325058, 4684744442325058, 4684744442325058, 4684744442325058, 4684744442325058, 4684744442325058, 4684744442325058, 4684744442325058, 4684744442325058, 4684744442325058, 4684744442325058, 4684744442325058, 4684744442325058, 4684745516066882, 4684745516066882, 4684745516066882, 4684745516066882, 4684745516066882, 4684745516066882, 4684745516066882, 4684745516066882, 4684745516066882, 4684745516066882, 4684745516066882, 4684745516066882, 4684745516066882, 4684745516066882, 4684745516066882, 4684745516066882, 4684745516066882, 4684745516066882, 4684745516066882, 4684745516066882, 4684745516066882, 4684745516066882, 4684745516066882, 4684745516066882, 4684745516066882, 4684745516066882, 4684745518164034, 4684745518164034, 4684745518164034, 4684745518164034, 4684745516066882, 4684745516066882, 4684745516066882, 4684745516066882, 4684745516066882, 4684745516066882, 4684745516066882, 4684745516066882, 4684745516066882, 4684745516066882, 4684745516066882, 4684745516066882, 4684745516066882, 4684745516066882, 4684745516066882, 4684745516066882, 4684745516066882, 4684745516066882, 4684745516066882, 4684745516066882, 4684745516066882, 4684745516066882, 4684745516066882, 4684745516066882, 4684745516066882, 4684744442325058, 4684744442325058, 4684744442325058, 4684744442325058, 4684744442325058, 4684744442325058, 4684744442325058, 4684744442325058, 4684744442325058, 4684744442325058, 4684744442325058, 4684744475879490, 4684744475879490, 4684745549621314, 4684745549621314, 4684745549621314, 4684745549621314, 4684745549621314, 4684745549621314, 4684745549621314, 4684745549621314, 4684745549621314, 4684745549621314, 4684745549621314, 4684745549621314, 4684745549621314, 4684745549621314, 4684745549621314, 4684745549621314, 4684744475879490, 4684744475879490, 4684744475879490, 4684744442325058, 4684744442325058, 4684744442325058, 4684744442325058, 4684744442325058, 4684744442325058, 4684744442325058, 4684744442325058, 4684744442325058, 4684744442325058, 4684744442325058, 4684744442325058, 4684744442325058, 4684744442325058, 4684744442325058, 4684744442325058, 4684744442325058, 4684744442325058, 4684744442325058, 4684744442325058, 4684744442325058, 4684744442325058, 4684744442325058, 4684744979195970, 4684744979195970, 4684744979195970, 4684744979195970, 4684744979195970, 4684744979195970, 4684744979195906]
[4684745516066882, 4684745516066882, 4684745516066882, 4684745516066882, 4684745516066882, 4684745516066882, 4684745516066882, 4684745516066882, 4684745516066882, 4684745516066882, 4684745516066882, 4684745516066882, 4684745516066882, 4684745516066882, 4684745516066882, 4684745516066882, 4684745516066882, 4684745516066882, 4684745516066882, 4684745516066882, 4684745516066882, 4684745516066882, 4684745516066882, 4684745516066882, 4684745516066882, 4684745516066882, 4684745516066882, 4684745516066882, 4684745516066882, 4684745516066882, 4684745516066882, 4684745516066882, 4684745516066882, 4684745516066882, 4684745516066882, 4684745516066882, 4684745516066882, 4684745516066882, 4684745516066882, 4684745516066882, 4684745516066882, 4684745516066882, 4684745516066882, 4684745516066882, 4684745516066882, 4684745516066882, 4684745516066882, 4684745516066882, 4684745516066882, 4684745516066882, 4684745516066882, 4684745516066882, 4684745516066882, 4684745516066882, 4684745516066882, 4684745516066882, 4684745516066882, 4684745516066882, 4684745516066882, 4684745516066882, 4684745516066882, 4684745516066882, 4684745516066882, 4684745516066882, 4684745516066882, 4684745516066882, 4684745516066882, 4684745516066882, 4684745516066882, 4684745516066882, 4684745516066882, 4684745516066882, 4684745516066882, 4684745516066882, 4684745516066882, 4684745516066882, 4684745516066882, 4684745516066882, 4684745516066882, 4684745516066882, 4684745516066882, 4684745516066882, 4684745516066882, 4684745516066882, 4684745516066882, 4684745516066882, 4684745516066882, 4684745516066882, 4684745516066882, 4684745516066882, 4684745516066882, 4684745516066882, 4684745516066882, 4684745516066882, 4684745516066882, 4684745516066882, 4684745516066882, 4684745516066882, 4684745516066882, 4684745516066882, 4684745516066882, 4684745516066882, 4684745516066882, 4684745516066882, 4684745516066882, 4684745516066882, 4684745516066882, 4684745516066882, 4684745516066882, 4684745516066882, 4684745516066882, 4684745516066882, 4684745516066882, 4684745516066882, 4684745516066882, 4684745516066882, 4684745516066882, 4684745516066882, 4684745516066882, 4684745516066882, 4684745516066882, 4684745516067906, 4684745516067906, 4684745516067906, 4684745516067906, 4684745516067906, 4684745516067906, 4684745516067906, 4684745516067906, 4684745516067906, 4684745516067906, 4684745516067906, 4684745516067906, 4684745516067906, 4684745516067906, 4684745516067906, 4684745516067906, 4684745516067906, 4684745516067906, 4684745516067906, 4684745516067906, 4684745516067906, 4684745516067906, 4684745516067906, 4684745516067906, 4684745516067906, 4684745516067906, 4684745516067906, 4684745516067906, 4684745516067906, 4684745516067906, 22699144025549890, 22699144025549890, 22699144025549890, 22699144025549890, 22699144025549890, 22699144025549890, 22699144025549890, 22699144025549890, 22699144025549890, 22699144025549890, 22699144025549890, 22699144025549890, 22699144025549890, 22699144025549890, 22699144025549890, 22699144025549890, 22699144025549890, 22699144025549890, 22699144025549890, 22699144025549890, 22699144025549890, 22699144025549890, 23262093978971202]
[4684745516066882, 4684745516066882, 4684745516066882, 4684745516066882, 4684745516066882, 4684745516066882, 4684745516066882, 4684745516066882, 4684745516066882, 4684745516066882, 4684745516066882, 4684745516066882, 4684745516066882, 4684745516066882, 4684745516066882, 4684745516066882, 4684745516066882, 4684745516066882, 4684745516066882, 4684745516066882, 4684745516066882, 4684745516066882, 4684745516066882, 4684745516066882, 4684745516066882, 4684745516066882, 4684745516066882, 4684745516066882, 4684745516066882, 4684745516066882, 4684745516066882, 4684745516066882, 4684745516066882, 4684745516066882, 4684745516066882, 4684745516066882, 4684745516066882, 4684745516066882, 4684745516066882, 4684745516066882, 4684745516066882, 4684745516066882, 4684745516066882, 4702337702111298, 4702337702111298, 4702337702111298, 4702337702111298, 4702337702111298, 4702337702111298, 4702337702111298, 4702337702111298, 4702337702111298, 4702337702111298, 4702337702111298, 4702337702111298, 4702337702373442, 4702337702373442, 4702337702373442, 4702337702373442, 4702337702373442, 4702337702373442, 4702475141326914]
[4684745516066882, 4684745516066882, 4684745516066882, 4684745516066882, 4684745516066882, 4684745516066882, 4684745516066882, 4684745516066882, 4684745516066882, 4684745516066882, 4684745516066882, 4684745516066882, 4684745516066882, 4684745516066882, 4684745516066882, 4684745516066890, 4684745516066890, 4684745516066890, 4684745516066890, 4684745516066890, 4684745516066890, 4684745516066890, 4684745516066890, 4684745516066890, 4684745516066890, 4684745516066890, 4684745516066890, 4684745516066890, 4684745516066890, 4684745516066890, 4684745516066890, 4684745516067914, 4684745516067914, 4684745516067914, 4684745516067914, 4684745516067914, 4684745516067914, 4684745516067914, 4684745516067914, 4684745516067914, 4684745516067914, 4684745516067914, 4684745516067914, 4684745516067914, 4684745516067914, 4684745516067914, 4684745516067914, 4684745516067914, 4684745516067914, 4684745516067914, 4684745516067914, 4684745516067914, 4684745516067914, 4684745516067914, 4684745516067914, 6936545329753162]
[4684745516066882, 4684745516066882, 4684745516066882, 4684745516066882, 4684745516066882, 4684745516066882, 4684745516066882, 4684745516066882, 4684745516066882, 4684745516066882, 4684745516066882, 4684745516066882, 4684745516066882, 4684745516066882, 4684745516066882, 4684745516066882, 4684745516066882, 4684745516066882, 4684745516066882, 4684745516066882, 4684745516066882, 4684745516066882, 4684745516066882, 4684745516066882, 4684745516066882, 4684745516066882, 4684745516066882, 4684745516066882, 4684745516066882, 4684745516066882, 4684745516066882, 4684745516066882, 4684745516066882, 4684745516066882, 4684745516066882, 4684745516066882, 4684745516066882, 4684745516066882, 4684745516066882, 4684745516066882, 4684745516066882, 4684745516066882, 4684745516066882, 4684745516066882, 4684745516066882, 4684745516066882, 4684745516066882, 4684745516066882, 4684745516066882, 4684745516066882, 4684745516066882, 4684745516066882, 4684745516066882, 4684745516066882, 4684745516066882, 4684745516066882, 4684745516066882, 4684745516066882, 4684745516066882, 4684745516066882, 4684745516066882, 4684745516066882, 4684745516066882, 4684745516066882, 4684745516066882, 4684745516066882, 4684745516066882, 4684745516066882, 4684745516066882, 4684745516066882, 4684745516066882, 4684745516066882, 4684745516066882, 4684745516066882, 4684745516066882, 4684745516066882, 4684745516066882, 4684745516066882, 4684745516066882, 4684745516066882, 4684745516066882, 4684745516066882, 4684745516066882, 4684745516066882, 4684745516066882, 4684745516066882, 4684745516066882, 4684745516066882, 4684745516066882, 4684745516066882, 4684745516066882, 4684745516066882, 4684745516066882, 4684745516066882, 4684745516066882, 4684745516066882, 4684745516066882, 4684745516066882, 4684745516066882, 4684745516066882, 4684745516066882, 4684745516066882, 4684745516066882, 4684745516066882, 4684745516066882, 4684745516066882, 4684745516066882, 4684745516066882, 4684745516066882, 4684745516066882, 4684745516066882, 4684745516066882, 4684745516066882, 4684745516066882, 4684745516066882, 4684745516066882, 4684745516066882, 4684745516066882, 4684745516066882, 4684745516066882, 4684745516066882, 4684745516066882, 4684745516066882, 4684745516066882, 4684745516066882, 4684745516066882, 4684745516066882, 4684745516066882, 4684745516066882, 4684745516066882, 4684745516066882, 4684745516066882, 4684745516066882, 4684745516066882, 4684745516066882, 4684745516066882, 4684745516066882, 4684745516066882, 4684745516066882, 4684745516066882, 4684745516066882, 4684745516066882, 4684745516066882, 4684745516066882, 4684745516066882, 4684745516066882, 4684745516066882, 4684745516066882, 4684745516066882, 4684745516066882, 4684745516066882, 4684745516066882, 4684745516066882, 4684745516066882, 4684745516066882, 4684745516066882, 4684745516066882, 4684745516066882, 5247695469488194, 5247695469488194, 5247695469488194, 5247695469488194, 5247695469488194, 5247695469488194, 5247695469488194, 5247695469488194, 5247695469488194, 5247695469488194, 5247695469488194, 5247695469488194, 5247695469488194, 5247695469488194, 5247695469488194, 5247695469488194, 5247695469488194, 5247695469488194, 5247695469488194, 5247695469488194, 5247695469488194, 5247695469488194, 5247695469488194, 5247695469488194, 5247695469488194, 5247695469488194, 5247695469488194, 5247695469488194, 5247695469488194, 5247695469488194, 5247695469488194, 5247695469488194, 5247695469488194, 5247695469488194, 5247695469488194, 5247695469488194, 5247695469488194, 5247695469488194, 5247695469488194, 5247695469488194, 5247695469488194, 5247695469488194, 5247695469488194, 5247695469488194, 5247695469488194, 5247695469488194, 5247695469488194, 5247695469488194, 5247695469488194, 5247695469488194, 5247695469488194, 5247695469488194, 5247695469488194, 5247695469488194, 5247695469488194, 5247695469488194, 5247695469488194, 5247695469488194, 5247695469488194, 5247695469488194, 5247695469488194, 5247832908441666, 5247832908441666, 5247832908441666, 5247832908441666, 5247832908441666, 5247832908441666, 5247832908441666, 5247832908441666, 5247832908441666, 5247832908441666, 5247832908441666, 5247832908441666, 5247832908441666, 5247832908441666, 5247832908441666, 5247832908441666, 5247832908441666, 5247832908441666, 5247832908441666, 5247832908441666, 5247832908441666, 5247832908441666, 5247832908441666, 5247832908441666, 5247832908441666, 5247832908441666, 5247832908441666, 5247832908441666, 5247832908441666, 5247832908441666, 5247832908441794]
[4684745549621314, 4684745549621314, 4684745549621314, 4684745549621314, 4684745549621314, 4684745549621314, 4684745549621314, 4684745549621314, 4684745549621314, 4684745549621314, 4684745549621314, 4684745549621314, 4684745549621314, 4684745549621314, 4684745549621314, 4684745549621314, 4684745549621314, 4684745549621314, 4684745549621314, 4684745549621314, 4684745549621314, 4684745549621314, 4684745549621314, 4684745549621314, 4684745549621314, 4684745549621314, 4684745549621314, 4684745549621314, 4684745549621314, 4684745549621314, 4684745549621314, 4684745549621315, 4684745549621315, 4684745549621315, 4684745549621315, 4684745549621315, 4684745549621315, 4684745549621315, 4684745549621315, 4684745549621315, 4684745549621315, 4684745549621315, 4684745549621315, 4684745549621315, 4684745549621315, 4684745549621315, 4684745549621315, 4684745549621315, 4684745549621315, 4684745549621315, 4684745549621315, 4684745549621315, 4684745549621315, 4684745549621315, 4684745549621315, 4684745549621315, 4684745549621315, 4684745549621315, 4684745516066883, 4684745516066883, 4684745516066883, 4684745516066883, 4684745516066883, 4684745516066883, 4684745516066883, 4684745516066883, 4684745516066883, 4684745516066883, 4684745516066883, 4684745516066883, 4684745516066883, 4684745516066883, 4684745516066883, 4684745516066883, 4684745516066883, 4684745516066883, 4684745516066883, 4684745516066883, 4684745516066883, 4684745516066883, 4684745516066883, 4684745516066883, 4684745516066883, 4684745516066883, 4684745516066883, 4684745516066883, 4684745516066883, 4684745516066883, 4684745516066883, 4684745516066883, 4684745516066883, 4684745516066883, 4684745516066883, 4684745516066883, 4684745516066883, 4684745516066883, 4684745516066883, 4684745516066883, 4684745516066883, 4684745516066883, 4684745516066883, 4686944539322435, 4686944539322435, 4686944539322435, 4686944539322435, 4686944547711043]
[4684745516066882, 4684745516066882, 4684745516066882, 4684745516066882, 4684745516066882, 4684745516066882, 4684745516066882, 4684745516066882, 4684745516066882, 4684745516066882, 4684745516066882, 4684745516066882, 4684745516066882, 4684745516066882, 4684745516066882, 4684745516066882, 4684745516066882, 4684745516066882, 4684745516066882, 4684745516066882, 4684745516066882, 4684745516066882, 4684745516066882, 4684745516066882, 4684745516066882, 4684745516066882, 4684745516066882, 4684745516066882, 4684745516066882, 4684745516066882, 4684745516066882, 4684745516066882, 4684745516066882, 4684745516066882, 4684745516066882, 4684745516066882, 4684745516066882, 4684745516066882, 4684745516066882, 4684745516066882, 4684745516066882, 4684745516066882, 4684745516066882, 4684745516066882, 4684745516066882, 4684745516066882, 4684745516066882, 4684745516066882, 4684745516066882, 4684745516066882, 4684745516066882, 4684745516066882, 4684745516066882, 4684745516066882, 4684745516066882, 4684745516066882, 4684745516066882, 4684745516066882, 4684745516066882, 4684745516066882, 4684745516066882, 4684745516066882, 4684745516066882, 4684745516066882, 4684745516066882, 4684745516066882, 4684745516066882, 4684745516066882, 4684745516066882, 4684745516066882, 4684745516066882, 4684745516066882, 4684745516066882, 4684745516066882, 4684745516066882, 4684745516066882, 4684745516066882, 4684745516066882, 4684745516066882, 4684745516066882, 4684745516066882, 4684745516066882, 4684745516066882, 4684745516066882, 4684745516066882, 4684745516066882, 4684745516066882, 4684745516066882, 4684745516066882, 4684745516066882, 4684745516066882, 4684745516066882, 4684745516066882, 4684745516066882, 4684745516066882, 4684745549621314, 4684745549621314, 4684745549621314, 4684745549621314, 4684745549621314, 4684745549621314, 4684745549621314, 4684745549621314, 4684745549621314, 4684745549621314, 4684745549621314, 4684745549621314, 4684745549621314, 4684745549621314, 4684745549621314, 4684745549621314, 4684745549621314, 4684745549621314, 4684745549621314, 4684745549621314, 4684745549621314, 4684745549621314, 4684745549621314, 4684745549621314, 4684745549621314, 4684745549621314, 4684745549621314, 4684745549621314, 4684745549621314, 4684745549621314, 4684745549621314, 4684745549621314, 4684745549621314, 4684745549621314, 4684745549621314, 4684745549621314, 4684745549621314, 4684745549621314, 4684745549621314, 4684745549621314, 4684745549621314, 4684745549621314, 4684745549621314, 4684745549621314, 4684745549621314, 4684745549621314, 4684745549621314, 4684745549621314, 4684745549621314, 4684745549621314, 4684745549621314, 4684745549621314, 4684745549621314, 4684745549621314, 4684745549621314, 4684745549621314, 4684745549621314, 4684745549621314, 4684745549621314, 4684745549621314, 4684745549621314, 4684745549621314, 4684745549621314, 4684745549621314, 4684745549621314, 4684745549621314, 4684745549621314, 4684745549621314, 4684745549621314, 4684745549621314, 4684745549621314, 4684745549621314, 4684745549621314, 4684745549621314, 4684745549621314, 4684745549621314, 4684745549621314, 4684745549621314, 4684745549621314, 4684745549621314, 4684745549621314, 4684745549621314, 4684745549621314, 4684745549621314, 4684745549621314, 4684745549621314, 4684745549621314, 4684745549621314, 4684745549621314, 4684745549621314, 4684745549621314, 4684745549621314, 4684745549621314, 4684745549621314, 4684745549621314, 4684745549621314, 4684745549621314, 4684745549621314, 4684745549621314, 4684745549621314, 4684745549621314, 4684745549621314, 4684745549621314, 4684745549621314, 4684745549621314, 4684745549621314, 4684745549621314, 4684745549621314, 4684745549621314, 4684745549621314, 181145922250818, 181145922250818, 181145922250818, 181145922250818, 181145922250818, 181145922250818, 181145922250818, 181145922250818, 181145922250818, 181145922250818, 181145922250818, 181145922250818, 181145922250818, 181145922250818, 181145922250818, 181145922250818, 181145922250818, 181145922250818, 181145922250818, 181145922250818, 181145922250818, 181145922250818, 181145922250818, 181145922250818, 181145922250818, 181144848508994]
[4684745516066882, 4684745516066882, 4684745516066882, 4684745516066882, 4684745516066882, 4684745516066882, 4684745516066882, 5247695469488194, 5247695469488194, 5256491562510402, 5256491562510402, 5256491562510402, 5256491562510530]
[4684745516066882, 4684745516066882, 4684745516066882, 4684745516066882, 4684745516066882, 4684745516066882, 4684745516066882, 4684745516066882, 4684745516066882, 4684745516066882, 4684745516066882, 4684745516066882, 4684745516066882, 4684745516066882, 4684745516066882, 4684745516066882, 4684745516066882, 4684745516066882, 4684745516066882, 4684745516066882, 4684745516066882, 4684745516066882, 4684745516066882, 4684745516066882, 4684745516066882, 4684745516066882, 4684745516066882, 4684745516066882, 4684745516066882, 4684745516066882, 4684745516066882, 4684745516066882, 4684745516066882, 4684745516066882, 4684745516066882, 4684745516066882, 4684745516066882, 4684745516066882, 4684745516066882, 4684745516066882, 4684745516066882, 4684745516066882, 4684745516066882, 4684745516066882, 22699144025548866, 22699144025548866, 22699144025548866, 22699144025548866, 22699144025548866, 22699144025548866, 22699144025548866, 22699144025548866, 22699144025548866, 22699144025548866, 22699144025548866, 22699144025548866, 22699144025548866, 22699144025548866, 22699144025548866, 22699144025548866, 22699144025548866, 22699144025548866, 22699144025548866, 22699144025548866, 22699144025548866, 22699144025548866, 22699144025548866, 22699144025548866, 22699144025548866, 22699144025548866, 22699144025548866, 23262093978970178, 23262093978970178, 23262093978970178, 23262093978970178, 23262093978970178, 23262093978970178, 23262093978970178, 23262093978970178, 23262093978970178, 23262093978970178, 23262093978970178, 23262093978970178, 23262093978970178, 23262093978970178, 23262093978970178, 23262093978970178, 23262093978970178, 23262093978970178, 23262093978970178, 23262093978970178, 23262093978970178, 23262093978970178, 23262093978970178, 23262162698446914]
[4684745516066882, 4684745516066882, 4684745516066882, 4684745516066882, 4684745516066882, 4684745516066882, 4684745516066882, 4684745516066882, 4684745516066882, 4684745516066882, 4684745516066882, 4684745516066882, 4684745516066882, 4684745516066882, 4684745516066882, 4684745516066882, 4684745516066882, 4684745516066882, 4684745516066882, 4684745516066882, 4684745516066882, 4684745516066882, 4684745516066882, 22699144025548866, 22699144025548866, 22699144025548866, 22699144025548866, 22699144025548866, 22699144025548866, 22699144025548866, 22699144025548866, 22699144025548866, 22699144025548866, 22699144025548866, 22699144025548866, 22699144025548866, 22699144025548866, 22699144025548866, 22699144025548866, 22699144025548866, 22699144025548866, 22699144025548866, 22699144025548866, 22699144025548866, 22699144025548866, 22699144025548866, 22699144025548866, 22699144025548866, 22699144025548866, 22699144025548866, 22699144025548866, 22699144025548866, 22699144025548866, 22699144025548866, 22699144025548866, 22699144025548866, 22699144025548866, 22699144025548866, 22699144025548866, 22699144025548866, 22699144025548866, 22699144025548866, 22699144025548866, 22699144025548866, 22699144025548866, 22699144025548866, 22699144025548866, 22699144025548866, 22699144025548866, 22699144025548866, 22699144025548866, 22699144025548866, 22699144025548866, 22699144025548866, 22699144025548866, 22699144025548866, 22699144025548866, 22699144025548866, 22699144025548866, 22699144025548866, 22699144025548866, 22699144025548866, 22699144025548866, 22699144025548866, 22699144025548866, 22699144025548866, 22699144025548866, 22699144025548866, 22699144025548866, 22699144025548866, 22699144025548866, 22699144025548866, 22699144025548866, 22699144025548866, 22699144025548866, 22699144025548866, 22699144025548866, 22699144025548866, 22699144025548866, 22699144025548866, 22699144025548866, 22699144025548866, 22699144025548866, 22699144025548866, 22699144025548866, 22699144025548866, 22699144025548866, 22699144025548866, 22699144025548866, 22699144025548866, 22699144025548866, 22699144025548866, 22699144025548866, 22699144025548866, 24950943839234114, 24950943839234114, 24950943839234114, 24950943839234114, 24950943839234114, 24950943839234114, 24950943839234114, 24950943839234114, 24950943839234114, 24950943839234114, 24950943839234114, 24950943839234114, 24950943839234114, 24950943839234114, 24950943839234114, 24950943839234114, 24950943839234114, 24950943839234114, 24950943839234114, 24950943839234114, 24950943839234114, 24950943839234114, 24950943839234114, 24950943872788546]
[4684745516066882, 4684745516066882, 4684745516066882, 4684745516066882, 4684745516066882, 4684745516066882, 4684745516066882, 4684745516066882, 4684745516066882, 4684745516066882, 4684745516066882, 4684745516066882, 4684745516066882, 4684745516066882, 4684745516066882, 4684745516066882, 4684745516066882, 4684745516066882, 4684745516066882, 4684745516066882, 4684745516066882, 4684745516066882, 4684745516066882, 4684745516066882, 4684745516066882, 4684745516066882, 4684745516066882, 4684745516066882, 4684745516066882, 4684745516066882, 4684745516066882, 4684745516066882, 4684745516066882, 4684745516066882, 4684745516066882, 4684745516066882, 4684745516066882, 4684745516066882, 4684745516066882, 4684745516066882, 4684745516066882, 4684745516066882, 4684745516066882, 4684745516066882, 4684745516066882, 4684745516066882, 4684745516066882, 4684745516066882, 4684745516066882, 4684745516066882, 4684745516066882, 4684745516066882, 4684745516066882, 4684745516066882, 4684745516066882, 4684745516066882, 6936545329752130, 6936545329752130, 6936545329752130, 6936545329752130, 6936545329752130, 6936545329752130, 6936545329752130, 6936545329752130, 6936545329752130, 6936545329752130, 6936545329752130, 6936545329752130, 6936545329752130, 6936545329752130, 6936545329752130, 6936545329752130, 6936545329752130, 6936545329752130, 6936545329752130, 6936545329752130, 6936545329752130, 6936545329752130, 6936545329752130, 6936545329752130, 6936545329752130, 6936545329752130, 6936545329752130, 6936545329752130, 6936545329752130, 6936545329752130, 24950943839234114, 24950943839234114, 24950943839234114, 24950943839234114, 24950943839234114, 24950943839234114, 24950943839234114, 24950943839234114, 24950943839234114, 24950943839234114, 24950943839234114, 24950943839234114, 24950943839234114, 24950943839234114, 24950943839234114, 24950943839234114, 24950943839234114, 24950943839234114, 24950943839234114, 24950943839234114, 24950943839234114, 24950943839234114, 24950943839234114, 24950943839234114, 24950943839234114, 24950943839234114, 24950943839234114, 24950943839234114, 24950943839234114, 24950943839234114, 24950943839234114, 24950943839234114, 24950943839234114, 24950943839234114, 24950943839234114, 24950943839234114, 24950943839234114, 24950943839234114, 24950943839234114, 24950943839234114, 24950943839234114, 24950943839234114, 24950943839234114, 24950943839234114, 24950943839234114, 24950943839234114, 24950943839234114, 24950943839234114, 24950943839234114, 20447344211863618]
[4684745516066882, 4684745516066882, 4684745516066882, 4684745516066882, 4684745516066882, 4684745516066882, 4684745516066882, 4684745516066882, 4684745516066882, 4684745516066882, 4684745516066882, 4684745516066882, 4684745516066882, 4684745516066882, 4684745516066882, 4684745516066882, 4684745516066882, 4684745516066882, 4684745516066882, 4684745516066882, 4684745516066882, 4684745516066882, 4684745516066882, 4684745516066882, 4684745516066882, 4684745516066882, 4684745516066882, 4684745516066882, 4684745516066882, 4684745516066882, 4684745516066882, 4684745516066882, 4684745516066882, 4684745516066882, 4684745516066882, 4684745516066882, 4684745516066882, 4684745516066882, 4684745516066882, 4684745516066882, 4684745516066882, 4684745516066882, 22699144025548866, 22699144025548866, 23262093978970178, 23262093978970178, 23262093978970178, 23262093978970178, 23262093978970178, 23262093978970178, 23262093978970178, 23262093978970178, 23262093978970178, 23262093978970178, 23262093978970178, 23262093978970178, 23262093978970178, 23262093978970178, 23262093978970178, 23262093978970178, 23262093978970178, 23262093978970178, 23262093978970178, 23262093978970178, 23262093978970178, 23262093978970178, 23262093978970178, 23262093978971202]
[4684745516066882, 4684745516066882, 4684745516066882, 4684745516066882, 4684745516066882, 4684745516066882, 4684745516066882, 4684745516066882, 4684745516066882, 4684745516066882, 4684745516066882, 4684745516066882, 4684745516066882, 4684745518164034, 4684745518164034, 4684745518164034, 4684745518164034, 4684745518164034, 4684745518164034, 4684745518164034, 4680347471652930, 4680347471652930, 4680347471652930, 4680347471652930, 4680347471652930, 4680347471652930, 4680347471652930, 4680347471652930, 4680347471652930, 4680347471652930, 4680347471652930, 4539609983297602]
[4684745516066882, 4684745516066882, 4684745516066882, 4684745516066882, 4684745516066882, 4684745516066882, 4684745516066882, 4684745516066882, 4684745516066882, 4684745516066882, 4684745516066882, 4684745516066882, 4684745516066882, 4684745516066882, 4684745516066882, 4684745516066882, 4702337702111298, 4702337702111298, 4702337702111298, 4702337702111298, 4702337702111298, 4702337702111298, 4702337702111298, 4702337702111298, 4702337702111298, 4702337702111298, 4702337702111298, 4702337702111298, 4702337702111298, 4702337702111298, 4702337702111298, 4702337702111298, 4702337702111298, 4702337702111298, 4702337702111298, 4702337702111298, 4702337702111298, 4702337702112322, 4702337702112322, 4702337702112322, 4702337702112322, 4702337702112322, 4702338238983234]
[4684745516066882, 4684745516066882, 4684745516066882, 4684745516066882, 4684745516066882, 4684745516066882, 4684745516066882, 4684745516066882, 4684745516066882, 4684745516066882, 4684745516066882, 4684745516066882, 4684745516066882, 4684745516066882, 4684745516066882, 4684745516066882, 4684745516066882, 4684745516066882, 4684745516066882, 4684745516066882, 4684745516066882, 4684745516066882, 4684745516066882, 4684745516066882, 4684745516066882, 4684745516066882, 4684745516066882, 4684745516066882, 4684745516066882, 4684745516066882, 4684745516066882, 4684745516066882, 4684745516066882, 4684745516066882, 4684745516066882, 4684745516066882, 4684745516066882, 4684745516066882, 4684745516066882, 4684745516066882, 4684745516066882, 4684745516066882, 4684745516066882, 4684745516066882, 4684745516067138, 4684745516067138, 4684745516067138, 4684745516067138, 4684745516067138, 4684745516067138, 4684745516067138, 4684745516067138, 4684745516067138, 4684745516067138, 4684745516067138, 4684745516067138, 4684745516067138, 4684745516067138, 4684745516067138, 4684745516067138, 4684745516067138, 4684745516067138, 4684745516067138, 4684745516067138, 4684745516067138, 4684779875805506, 4684779875805506, 4684779875805506, 4684779875805506, 4684779875805506, 4684779875805506, 4684779875805506, 4684779875805506, 4684779875805506, 4684779875805506, 4684779875805506, 4684779875805506, 4684779875805506, 4684779875805506, 4684779875805506, 4684779875805506, 4684779875805506, 4684779875805506, 4684779875805506, 4684779875805506, 4684779875805506, 4684779875805506, 4684779875805506, 4684779875805506, 4684779875805506, 4684780412676418]
[4684745516066882, 4684745516066882, 4684745516066882, 4684745516066882, 4684745516066882, 4684745516066882, 4684745516066882, 4684745516066882, 4684745516066882, 4684745516066882, 4684744442325058, 4684744442325058, 4684744442325058, 4684744442325058, 4684744442325058, 4684744442325058, 4684744442325058, 4684744442325058, 4684744442325058, 4684744442325058, 4684744442325058, 4684744442325058, 4684744442325058, 4684744442325058, 4684744442325058, 4684744442325058, 4684744442325058, 4684744442325058, 4684744442325058, 4684744442325058, 4684744442325058, 4684744442325058, 4684744442325058, 4684744442325058, 4684744442325058, 4544006953969730, 4544006953969730, 4544006953969730, 4544006953969730, 4544006953969730, 4544006953969730, 4544006953969730, 4544006953969730, 4544006953969730, 4544006953969730, 4544008027711554, 4544008027711554, 4544008027711554, 4544008027711554, 4544008027711554, 4544008027711554, 4544008027711554, 4544008027711554, 4544008027711554, 4544008027711554, 4544008027711554, 4544008027711554, 4544008027711554, 4544008027711554, 4544008027711554, 4544008027711554, 4544008027711554, 4544008027711554, 4544008027711554, 4544008027711554, 4544008027711554, 4544008027711554, 4544008027711554, 4544008027711554, 4544008027711554, 4544008027711554, 4544008027711554, 4544008027711554, 4544008027711554, 4544008027711554, 4544008027711554, 4544008027711554, 4544008027712578, 4544008027712578, 4544008027712578, 4544008027712578, 4544008027712578, 4544008027712578, 4544008027712578, 4544008027712578, 4544008027712578, 4544008027712578, 4544008027712578, 4544008027712578, 4544008061267010]
[4684745516066882, 4684745516066882, 4684745516066882, 4684745516066882, 4684745516066882, 4684745515018306, 4684745515018306, 4684745515018306, 4684745515018306, 4684745515018306, 4684745515018306, 4684745515018306, 4684745515018306, 4684745515018306, 4684745515018306, 4684745515018306, 4684745515018306, 4684745515018306, 4684745515018306, 4684745515018306, 4684745515018306, 4684745515018306, 4684745515018306, 4684745515018306, 4684745515018306, 4684745515018306, 4684745515018306, 4684745515018306, 4684745515018306, 4684744441276482, 4684744441276482, 4684744441276482, 4684744441276482, 4684744441276482, 4684744441276482, 4684744441276482, 4684744441276482, 4684744441276482, 4684744441276482, 4684744441276482, 4684744441276482, 4684744441276482, 4684744441276482, 4684744441276482, 4684744441276482, 4684744441276482, 4684744441276482, 4684744441276482, 4684744441276482, 4684744441276482, 4684744441276482, 4684744441276482, 4684744441276482, 4684744441276482, 4684744441276482, 4684744441276482, 4684744441276482, 4684744441276482, 4684744441276482, 4684744441276482, 4684744441276482, 4684744441276482, 4684744441276482, 181144813905986]
[4684745516066882, 4684745516066882, 4684745516066882, 4684745516066882, 4684745516066882, 4684745516066882, 4684745516066882, 4684745516066882, 4684745516066882, 4684745516066882, 4684745516066882, 4684745516066882, 4684745516066882, 4684745516066882, 4684745516066882, 4684745516066882, 4684745516066882, 4684745516066882, 4684745516066882, 4684745516066882, 4684745516066882, 22699144025548866, 22699144025548866, 22699144025548866, 22699144025548866, 22699144025548866, 22699144025548866, 22699144025548866, 22699144025548866, 22699144025548866, 22699144025548866, 22699144025548866, 22699144025548866, 22699144025548866, 22699144025548866, 22699144025548866, 22699144025548866, 22699144025548866, 22699144025548866, 22699144025548866, 22699144025548866, 22699144025548866, 22699144025548866, 22699144025548866, 22699144025548866, 22699144025548866, 22699144025548866, 22699144025548866, 22699144025548866, 22699144025548866, 22699144025548866, 22699144025548866, 23262093978970178, 23262093978970178, 23262093978970178, 23262093978970178, 23262093978970178, 23262093978970178, 23262093978970178, 23262093978970178, 23262093978970178, 23262093978970178, 23262093978970306]
[4684745516066882, 4684745516066882, 4684745516066882, 4684745516066882, 4684745516066882, 4684745516066882, 4684745516066882, 4684745516066882, 4684745516066882, 4684745516066882, 4684745516066882, 4684745516066882, 4684745516066882, 4684745516066882, 4684745516066882, 4684745516066882, 4684745516066882, 4684745516066882, 4684745516066882, 4684745516066882, 4684745516066882, 4684745516066882, 4684745516066882, 4684745516066882, 4684745516066882, 4684745516066882, 4684745516066882, 4684745516066882, 4684745516066882, 4684745516066882, 4684745516066882, 4684745516066882, 4684745516066882, 4684745516066882, 4684745516066882, 4684745516066882, 4684745516066882, 4684745516066882, 4684745516066882, 4684745516066882, 4684745516066882, 4684745516066882, 4684745516066882, 4684745516066882, 4684745516066882, 4684745516066882, 4684745516066882, 4684745516066882, 4684745516066882, 4684745516066882, 4684745516066882, 4684745516066882, 4684745516066882, 4684745516066882, 4684745516066882, 4684745516066882, 4684745516066882, 4684745516066882, 4684745516066882, 4684745516066882, 4684745516066882, 4684745516066882, 4684745516066882, 4684745516066882, 4684745516066882, 4684745516066882, 4684745516066882, 4684745516066882, 4684745516066882, 4684745516066882, 4684745516066882, 4684745516066882, 4684745516066882, 4684745516066882, 4684745516066882, 4684745516066882, 4684745516066882, 4684745516066882, 4684745516066882, 4684745516066882, 4684745516066882, 4684745516066882, 4684745516066882, 4684745516066882, 4684745516066882, 4684745516066882, 4684745516066882, 4684745516066882, 4684745516066882, 4684745516066882, 4684745516066882, 4684745516066882, 4684745516066882, 4684745516066882, 4684745516066882, 4684745516066882, 4684745516066882, 4684745516066882, 4684745516066882, 4684745516066882, 4684745516066883, 4684745516066883, 4684745516066883, 4684745516066883, 4684745516066883, 4684745516066883, 4684745516066883, 4684745516066883, 4684745516066883, 4684745516066883, 4684745516066883, 4684745516066883, 4684745516066883, 4684745516066883, 4684745516066883, 4684745516066883, 4684745516066883, 4684745516066883, 4684745516066883, 4684745516066883, 4684745516066883, 4684745516066883, 4684745516066883, 4684745516066883, 4684745516066883, 4684745516066883, 4684745516066883, 4684745516066883, 4684745516066883, 5247695469488195, 5247695469488195, 5247695469488195, 5247695469488195, 5247695469488195, 5247695469488195, 5247695469488195, 5247695469488195, 5247695469488195, 5247695469488195, 5247695469488195, 5247695469488195, 5247695469488195, 5247145713674307]
[4684745516066882, 4684745516066882, 4684745516066882, 4684745516066882, 4684745516066882, 4684745516066882, 4684745516066882, 4684745516066882, 4684745516066882, 4684745516066882, 4684745516066882, 4684744442325058, 4684744442325058, 4684744442325058, 4684744442325058, 4684744442325058, 4684744442325058, 4684744442325058, 4684744442325058, 4684744442325058, 4684744442325058, 4684744442325058, 4684744442325058, 5247694395746370, 5247694395746370, 5247694395746370, 5247694395746370, 5247694395746370, 5247694395746370, 5247694395746370, 5247694395746370, 5247694395746370, 5247694395744322]
[4684745516066882, 4684745516066882, 4684745516066882, 4684745516066882, 4684745516066882, 4684745516066882, 4684745516066882, 4684745516066882, 4684745516066882, 4684745516066882, 4684745516066882, 4684745516066882, 4684745516066882, 4684745516066882, 4684745516066882, 4684745516066882, 4684745516066882, 4684745516066882, 4684745516066882, 4684745516066882, 4684745516066882, 4684745516066882, 4684745516066882, 4684745516066882, 4684745516066882, 4684745516066882, 4684745516066882, 4684745516066882, 4684745516066882, 4684745516066882, 4684745516066882, 4684745516066882, 4684745516066882, 4684745516066882, 4684745516066882, 4684745516066882, 4684745516066882, 4684745516066882, 4684745516066882, 4684745516066882, 4684745516066882, 4684745516066882, 4684745516066882, 4684745516066882, 4684745516066882, 4684745516066882, 4684745516066882, 4684745516066882, 4684745516066882, 4684745516066882, 4684745516066882, 4684745516066882, 4684745516066882, 4684745516066882, 4684745516066882, 4684745516066882, 4684745516066882, 4684745516066882, 4684745516066882, 4684745516066882, 22699144025548866, 22699144025548866, 4684745516066882, 4684745516066882, 4684745516066882, 4684745516066882, 4684745516066882, 4684745516066882, 4684745516066882, 4684745516066882, 4684745516066882, 4684745516066882, 4684745516066882, 4684745516066882, 181145888696386, 181145888696386, 181145888696386, 181145888696386, 181145888696386, 181145888696386, 181145888696386, 181145888696386, 181145888696386, 181145888696386, 181145888696386, 181145888696386, 181145888696386, 181145888696386, 181145888696386, 181145888696386, 181145888696386, 181145888696386, 181145888696386, 181145888696386, 181145888696386, 181144814954562, 181144814954562, 181144814954562, 181144814954562, 181144814954562, 181144814954562, 181144814954562, 181144814954562, 2432944628639810]
[4684745516066882, 4684745516066882, 4684745516066882, 4684745516066882, 4684745516066882, 4684745516066882, 4684745516066882, 4684745516066882, 4684745516066882, 4684745516066882, 4684745516066882, 4684745516066882, 4684745516066882, 4684745516066882, 4684745516066882, 4684745516066882, 4684745516066882, 4684745516066882, 4684745516066882, 4684745516066882, 4684745516066882, 4684745516066882, 4684745516066882, 4684745516066882, 4684745516066882, 4684745516066882, 4684745516066882, 4684745516066882, 4684745549621314, 4684745549621314, 4684745549621314, 4684745549621314, 4684745549621314, 4684745549621314, 4684745549621314, 4684745549621314, 4684745549621314, 4684745549621314, 4684745549621314, 4684745549621314, 4684745549621314, 4684745549621314, 4684745549621314, 4684745549621314, 4684745549621314, 4684745549621314, 4684745549621314, 4684745549621314, 4684745549621314, 4684745549621314, 4684745549621314, 4684745549621314, 4684745549621314, 4684745549621314, 4684745549621314, 4684745549621314, 4684745549621314, 4684745549621314, 4684745549621314, 4684745549621314, 4684745549621314, 4684745549621314, 4684745549621314, 4684745549621314, 4684745549621314, 4684745549621314, 4684745549621314, 4684745549621314, 4684745549621314, 4684745549621314, 4684745549621314, 4684745549621314, 4684745549621314, 4684745549621314, 4684745549621314, 4684745549621314, 181145922250818, 181145922250818, 181145922250818, 181145922250818, 181145922250818, 181145922250818, 181145922250818, 181145922250818, 181145922250818, 181145922250818, 181145922250818, 181145922250818, 181145922250818, 181145922250818, 181145922250818, 181145922250818, 181145922250818, 181145922250818, 181145922250818, 181145922250818, 181145922248770]
[4544008027711554, 4544008027711554, 4544008027711554, 4544008027711554, 4544008027711554, 4544008027711554, 4544008027711554, 4544008027711554, 4544008027711554, 4544008027711554, 4544008027711554, 4544008027711554, 4544008027711554, 4544008027711554, 4544008027711554, 4544008027711554, 4544008027711554, 4544008027711554, 4544008027711554, 4544008027711554, 4544008027711554, 4544008027711554, 4544008027711554, 4544008027711554, 4544008027711554, 4544008027711554, 4544008027711554, 4544008027711554, 4544008027711554, 4544008027711554, 4544008027711554, 4544008027711554, 4544008027711554, 4544008027711554, 4544008027711554, 4544008027711554, 4544008027711554, 4544008027711554, 4544008027711554, 4544008027711554, 4544008027711554, 4544008027711554, 4544008027711554, 4544008027711554, 4544008027711554, 4544008027711554, 4544008027711554, 4544008027711554, 4544008027711554, 4544008027711554, 4544008027711554, 4544008027711554, 4544008027711554, 4544008027711554, 4544008027711554, 4544008027711554, 4544008027711554, 6795807841396802, 6795807841396802, 6795806767654978]
[4684745516066882, 4684745516066882, 4684745516066882, 4684745516066882, 4684745516066882, 4684745516066882, 4684745516066882, 4684745516066882, 4684745516066882, 4684745516066882, 4684745516066882, 4684745516066882, 4684745516066882, 4684745516066882, 4684745516066882, 4684745516066882, 4684745516066882, 4684745516066882, 4684745516066882, 4684745516066882, 4684745516066882, 4684745516066882, 4684745516066882, 4684745516066882, 4684745516066882, 4684745516066882, 4684745516066882, 4684745516066882, 4684745516066882, 4684745516066882, 4684745516066882, 4684745516066882, 4684745516066882, 4684745516066882, 4684745516066882, 4684745516066882, 4684745516066882, 4684745516066882, 4684745516066882, 4684745516066882, 4684745516066882, 4684745516066882, 4684745516066882, 4684745516066882, 4684745516066882, 4684745516066882, 4684745516066882, 4684745516066882, 4684745516066882, 4684745516066882, 4684745516066882, 4684745516066882, 4684745516066882, 4684745516066882, 4684745516066882, 4684745516066882, 4684745516066882, 4684745516066882, 4684745516066882, 4684745516066882, 4684745516066882, 4684745516066882, 4684745516066882, 4684745516066882, 4684745516066882, 4684745516066882, 4684745516066882, 4684745516066882, 4684745516066882, 4684745516066882, 4684745516066882, 4684745516066882, 4684745516066882, 4684745516066882, 4684745516066882, 4684745516066882, 4684745516066882, 4684745516066882, 4684745516066882, 4684745516066882, 4684745516066882, 4684745516066882, 4684745516066882, 4684745516066882, 4684746052937794, 4684746052937794, 4684746052937794, 4684746052937794, 4684746052937794, 4684746052937794, 4684746052937794, 4684746052937794, 4684746052937794, 4684746052937794, 4684746052937794, 4684746052937794, 4684746052937794, 4684746052937794, 4684746052937794, 4684746052937794, 4684746052937794, 4684746052937794, 4684746052937794, 4684746052937794, 4684746052937794, 4684746052937794, 4684746052937794, 4684746052937794, 4684746052937794, 4684746052937794, 4684746052937794, 4684746052937794, 4684746052937794, 4684746052937794, 4684746052937794, 4684746052937794, 4684746052937794, 4684746052937794, 4684746052937794, 4684746052937794, 4684746052937794, 4684746052937794, 4684746052937794, 4684746052937794, 4684746052937794, 4684746052937794, 4684746052937794, 4684746052937794, 4684746052937794, 4684746052937794, 4684746052937794, 4684746052937794, 4684746052937794, 4684746052937794, 4684746052937794, 4684746052937794, 4684746052937794, 4684746052937794, 4684746052937794, 4684746052937794, 4684746052937794, 4684746052937794, 4684746052937794, 4684746052937794, 4684746052937794, 4684746052937794, 4684746052937794, 4684746052937794, 4684746052937794, 4684746052937794, 4684746052937794, 4684746052937794, 4684746052937794, 4684746052937794, 4684746052937794, 4684746052935746, 4684746052935746, 4684746052935746, 4684746052935746, 4684746052935746, 4684746052935746, 4684746052935746, 4684746052935746, 4684746052935746, 181146425565250]
[4684745516066882, 4684745516066882, 4684745516066882, 4684745516066882, 4684745516066882, 4684745516066882, 4684745516066882, 4684745516066882, 4684745516066882, 4684745516066882, 4684745516066882, 4684745516066882, 4684745516066882, 4684745516066882, 4684745516066882, 4684745516066882, 4684745516066882, 4684745516066882, 4684745516066882, 4684745516066882, 4684745516066882, 4684745516066882, 4684745516066882, 4684745516066882, 4684745516066882, 4684745516066882, 4684745516066882, 4684745516066882, 4684745516066882, 4684745516066882, 4684745516066882, 4684745516066882, 4684745516066882, 4684745549621314, 4684745549621314, 4684745549621314, 4684745549621314, 4684745549621314, 4684745549621314, 4684745549621314, 4684745549621314, 4684745549621314, 4684745549621314, 4684745549621314, 4684745549621314, 4684745549621314, 4684745549621314, 4684745549621314, 4684745549621314, 4684745549621314, 4684745549621314, 4684745549621314, 4684745549621314, 4684745549621314, 4684745549621314, 4684745549621314, 4684745549621314, 4684745549621314, 4684745549621314, 4684745549621314, 4684745549621314, 4684745549621314, 4684745549621314, 4684745549621314, 4684745549621314, 4684745549621314, 4684745549621314, 4684745549621314, 4684745549621314, 4684745549621314, 4684745549621314, 4684745549621314, 4684745549621314, 4684745549621314, 4684745549621314, 4684745549621314, 4684745549621314, 4684745549621314, 4684745549621314, 4684745549621314, 4684745549621314, 4684745549621314, 4684745549621314, 4684745549621314, 4684745549621314, 4684745549621314, 4684745549621314, 4684745549621314, 4684745549621314, 4684745549621314, 4684745549621314, 4684745549621314, 4684745549621314, 4684745549621314, 4684745549621314, 4684745549621314, 4684745549621322, 4684745549621322, 4684882988574794]
[4684745516066882, 4684745516066882, 4684745516066882, 4684745516066882, 4684745516066882, 4684745516066882, 4684745516066882, 4684745516066882, 4684745516066882, 4684745516066882, 4684745516066882, 4684745516066882, 4684745516066882, 4684745516066882, 4684745516066882, 4684745516066882, 4684745516066882, 4684745516066882, 4684745516066882, 4684745516066882, 4684745516066882, 4684745516066882, 4684745516066882, 4684745516066882, 4684745516066882, 4684745516066882, 4684745516066882, 4684745516066882, 4684745516066882, 4684745516066882, 4684745516066882, 4684745516066882, 4684745516066882, 4684745516066882, 4684745516066882, 4684745516066882, 4684745516066882, 4684745516066882, 4684745516066882, 4684745516066882, 4684745516066882, 4684745516066882, 4684745516066882, 4684745516066882, 4684745516066882, 4684745516066882, 4684745516066882, 4684745516066882, 4684745516066882, 4684745516066882, 4684745516066882, 4684745516066882, 4684745516066882, 4684745516066882, 4684745516066882, 4684745516066882, 4684745516066882, 4684745516066882, 4684745516066882, 4684745516066882, 4684745516066882, 4684745516066882, 4684745516066882, 4684745516066882, 4684745516066882, 4684745516066914, 4684745516066914, 4684745516066914, 4684745516066914, 4684745516067938, 4684745516067938, 4684745516067938, 76742339553995874]
[4684745516066882, 4684745516066882, 4684745516066882, 4684745516066882, 4684745516066882, 4684745516066882, 4684745516066882, 4684745516066882, 4684745516066882, 4684745516066882, 4684745516066882, 4684746052937794, 4684746052937794, 4684746052937794, 4684746052937794, 4684746052937794, 4684746052937794, 4684746052937794, 4684746052937794, 4684746052937794, 4684746052937794, 4684746052937794, 4684746052937794, 4684746052937794, 22699144562419778, 22699144562419778, 22699144562419778, 22699144562419778, 22699144562419778, 22699144562419778, 22699144562419778, 22699144562419778, 22699144562419778, 22699144562419778, 22701343585675330]
[4684745516066882, 4684745516066882, 4684745516066882, 4684745516066882, 4684745516066882, 4684745516066882, 4684745516066882, 4684745516066882, 4684745516066882, 4684745516066882, 4684745516066882, 4684745516066882, 4684745516066882, 4684745516066882, 4684745516066882, 4684745516066882, 4684745516066882, 4684745516066882, 4684745516066882, 4684745516066882, 4684745516066882, 4684745516066882, 4684745516066882, 4684745516066882, 4684745516066882, 4684745516066882, 4684745516066882, 4684745516066882, 4684745516066882, 4684745516066882, 4684745516329026, 4684745516329026, 4684745516329026, 4684745516329026, 4684745516329026, 4684745516329026, 4684745516329034, 4684745516329034, 4684745516329034, 4684745516329034, 4684745516329034, 4684745516329034, 4684745516329034, 4684745516329034, 4684745516329034, 4684745516329034, 4684745516329034, 4684745516329034, 4684745516329034, 4684745516329034, 4684745516329034, 4684745516329034, 4684745516329034, 4684745516329034, 4684745516329034, 4684745516329034, 4684745516329034, 4684745516329034, 4684745516329034, 4684745516329034, 4684745516329034, 4684745516329034, 4684745516329034, 4684745516329034, 4684745516329034, 4684745516329034, 4684745516329034, 4684745516329034, 4684745516329034, 4684745516329034, 4684745516329034, 4684745516329034, 4684745516329034, 5810645423171658]
[4684745516066882, 4684745516066882, 4684745516066882, 4684745516066882, 4684745516066882, 181145888696386, 181145888696386, 181145888696386, 181145888696386, 181145888696386, 181145888696386, 181145888696386, 181145888696386, 181145888696386, 181145888696386, 181145888696386, 181145888696386, 181145888696386, 181145888696386, 181145888696386, 181145888696386, 181145888696386, 181145888696386, 181145888696386, 181145888696386, 181145888696386, 181145888696386, 181145888696386, 181145888696386, 181145888696386, 181145888696386, 181145888696386, 181145888696386, 181145888696386, 181145888696386, 181145888696386, 181145888696386, 181145888696386, 181145888696386, 181145888696386, 181145888696386, 181145888696386, 181145888696386, 181145888696386, 181145888696386, 181145888696386, 181145888696386, 181145888696386, 181145888696386, 181145888696386, 181144814954562, 181144814954562, 181144814954562, 181144814954562, 181144814954562, 181144814954562, 181144814954562, 181144814954562, 181144814954562, 181144814954562, 181144814954562, 181144814954562, 181144814954562, 181144814954562, 181144814954562, 181144814954562, 181144814954562, 181144814954562, 181144814954562, 181144814954562, 181144814954562, 181144814954562, 181144814954562, 181144814954562, 181144814954562, 181144814954562, 181144814954562, 181144814954562, 181144814954562, 181144814954562, 181144814954562, 181144814954562, 181144814954562, 181144814954562, 181144814954562, 181144814954562, 181144814954562, 181144814954562, 181144814954562, 181144814954562, 181144814954562, 181144814954562, 181144814954562, 181144814954562, 181144814954562, 181144814954562, 181144814954562, 181144814954562, 181144814954562, 181144814954562, 181144814954562, 181144814954562, 181144814954562, 181144814954562, 181144814954562, 181144814954562, 181144814954562, 181144814954562, 181144814954562, 181144814954562, 181144814954562, 181144814954562, 181144814954562, 181144814954562, 181144814954562, 181144814954562, 181144814954562, 181144814954562, 181144814954562, 181144814954562, 198737000998978]
[4684745516066882, 4684745516066882, 4684745516066882, 4684745516066882, 4684745516066882, 4684745516066882, 4684745516066882, 4684745516066882, 4684745516066882, 4684745516066882, 4684745516066882, 4684745516066882, 4684745516066882, 4684745516066882, 4684745516066882, 4684745516066882, 4684745516066882, 4684745516066882, 4684745516066882, 4684745516066882, 4684745516066882, 4684745516066882, 4684745516066882, 4684745516066882, 4684745516066882, 4684745516066882, 4684745516066882, 4684745516066882, 4684745516066882, 4684745516066882, 4684745516066882, 4684745516066882, 4684745516066882, 4684745516066882, 4684745516066882, 4684745516066880, 4684745516066880, 4684745516066880, 4684745516066880, 4684745516066880, 4684745516066880, 4684745516066880, 4684745516066880, 4684745516066880, 4684745516066880, 4684745516066880, 4684745516066880, 4684745516066880, 4684745516066880, 4684745516066880, 4684745516066880, 4684745516066880, 4684745516066880, 4684745516066880, 4684745516066880, 4684745516066880, 4684745516066880, 4684745516066880, 4684745516066880, 4684745516066880, 4684745516066880, 4684745516066880, 4684745516066880, 4684745516066880, 4684745516066880, 4684745516066880, 4684745516066880, 4684745516066880, 4684745516066880, 4684745516066880, 4684745516066880, 4684745516066880, 4684745516066880, 4684745516066880, 4684745516066880, 4684745516066880, 4684745516066880, 4684745516066880, 4684745516066880, 4684745516066880, 4684745516066880, 4684745516066880, 4684745516066880, 4684745516066880, 4684745516066880, 4684745516066880, 4684745516066880, 4684745516066880, 4684745516066880, 4684745516066880, 4684745516066880, 4684745516066880, 4684745516066880, 4684745516066880, 4684745516066880, 4684745516067008, 4544008027711680]
[4684745516066882, 4684745516066882, 4684745516066882, 4684745516066882, 4684745516066882, 4684745516066882, 4684745516066882, 4684745516066882, 4684745516066882, 4684745516066882, 4684745516066882, 4684745516066882, 4684745516066882, 4684745516066882, 4684745516066882, 4684745516066882, 4684745516066882, 4684745516066882, 4684745516066882, 4684745516066882, 4684745516066882, 4684745516066882, 4684745516066882, 4684745516066882, 4684745516066882, 4684745516066882, 4684745516066882, 4684745516066882, 4684745516066882, 4684745516066882, 4684745516066882, 4684745516066882, 4684745516066882, 4684745516066882, 4684745516066882, 4684745516066882, 4684745516066882, 4684745516066882, 4684745516066882, 4684745516066882, 4684745516066882, 4684745516066882, 4684745516066882, 4684745516066882, 4684745516066882, 4684745516066882, 4684745516066882, 4684745516066882, 4684745516066882, 4684745516066882, 4684745516066882, 4684745516066882, 4684745516066882, 4684745516066882, 4684745516066882, 4684745516066882, 4684745516066882, 4684745516066882, 4684745516066882, 4684745516066882, 4684745516066882, 4684745516066882, 4684745516066882, 4684745516066882, 4684745516066882, 4684745516066882, 4684745516066882, 4684745516066882, 4684745516066882, 4684745516066882, 4684745516066882, 4684745516066882, 4684745516066882, 4684745516066882, 4684745516066882, 4684745516066882, 4684745516066882, 4684745516066882, 4684745516066882, 4684745516066882, 4684745516066882, 4684745516066882, 4684745516066882, 4684745516066882, 4684745516066882, 4684745516066882, 4684745516066882, 4684745516066882, 4684745516066882, 4684745516066882, 4684745516066882, 4684745516066882, 4684745516066882, 4684745516066882, 4684745516066882, 4684745516066882, 4684745516066882, 4684745516066882, 5247695469488194, 5247695469488194, 5247695469488194, 5247695469488194, 5247420591581250, 5247420591581250, 5247420591581250, 5247420591581250, 5247420591581250, 5247420591581250, 5247420591581250, 5247420591581250, 5247420591581250, 5247420591581250, 5247420591581250, 5247420591581250, 5247420591581250, 5247420591581250, 5247420591581250, 5247420591581250, 5247695469488194, 5247695469488194, 5247695469488194, 5256491562510402, 5256491562510402, 5256491562510402, 5256491562510402, 5256491562510402, 5256491562510402, 5256491562510402, 5256491562510402, 5256491562510402, 5256491562510402, 5256491562510530]
[4684745516066882, 4684745516066882, 4684745516066882, 4684745516066882, 4684745516066882, 4684745516066882, 4684745516066882, 4684745516066882, 4684745516066882, 4684745516066882, 4684745516066882, 4684745516066882, 4684745516066882, 4684745516066882, 4684745516066882, 4684745516066882, 4684745516066882, 4684745516066882, 4684745516066882, 4684745516066882, 4684745516066882, 4684745516066882, 4684745516066882, 4684745516066890, 4684745516066890, 4684745516066882, 4684745516066882, 4684745516066882, 4684745516066882, 4684745516066882, 4684745516066882, 4684745516066882, 4684745516066882, 4684745516066882, 4684745516066882, 4684745516066882, 4684745516066882, 4684745516066882, 4684745516066882, 4684745516066882, 4684745516066882, 4684745516066882, 4684745516066882, 4684745516066882, 4684745516066882, 4684745516066882, 4684745516066882, 4684745516066882, 4684745516066882, 4684745516066882, 4684745516066882, 4684745516066882, 4684745516066882, 4684745516066882, 4684745516066882, 4684745516066882, 4684745516066882, 4684745516066882, 4684745516066882, 4684745516066882, 4684745516066882, 4684745516066882, 4684745516066882, 4684745516066882, 4684745516066882, 4684745516066882, 4684745516066882, 4684745516066882, 4684745516066882, 4684745516066882, 4684745516066882, 4684745516066882, 4684745516066882, 4684745516066882, 4684745516066882, 4684745516066882, 4684745516066882, 4684745516066882, 4684745516066882, 4684745516066882, 4684745516066882, 4684745516066882, 4684745516066882, 4684745516066882, 4684745516066882, 4684745516066882, 4684745516066882, 4684745516066882, 4684745516066882, 4684745516066882, 4684745516066882, 4684745516066882, 4684745516066882, 4684745516066882, 4684745516066882, 4684745516066882, 4684745516066882, 4684745516066882, 4684745516066882, 4684745516066882, 4684745516066882, 4684745516066882, 4684745549621314, 4684745549621314, 4684745549621314, 4684745549621314, 4684745551718466, 4684745551718466, 4684745551718466, 4684745551718466, 4684745551718594]
[4684745516066882, 4684745516066882, 4684745516066882, 4684745516066882, 4684745516066882, 4684745516066882, 4684745516066882, 4684745516066882, 4684745516066882, 4684745516066882, 4684745516066882, 4684745516066882, 4684745516066882, 4684745516066882, 4684745516066882, 4684745516066882, 4684745516066882, 4684745516066882, 4684745516066882, 4684745516066882, 4684745516066882, 4684745516066882, 4684745516066882, 4684745516066882, 4684745516066882, 4684745516066882, 4684745516066882, 4684745516066882, 4684745516066882, 4684745516066882, 4684745516066882, 4684745516066882, 4684745516066882, 4684745516066882, 4684745516066882, 4684745516066882, 4684745516066882, 4684745516066882, 4684745516066882, 4684745516066882, 4684745516066882, 4684745516066882, 4684745516066882, 4684745516066882, 4684745516066882, 4684745516066882, 4684745516066882, 4684745516066882, 4684745516066882, 4684745516066882, 4684745516066882, 4684745516066882, 4684745516066882, 4684745516066882, 4684745516066882, 4684745516066882, 4684745516066882, 4684745516066882, 4684745516066882, 4684745516066882, 4684745516066882, 4684745516066882, 4684745516066882, 4684745516066882, 4684745516066882, 4684745516066882, 4684745516066882, 4684745516066882, 4684745516066882, 4684745516066882, 4684745516066882, 4684745516066882, 4684745516066882, 4684745516066882, 4684745516066882, 4684745516066882, 4684745516066882, 4684745516066882, 4684745516066882, 4684745516066882, 4684745516066882, 4684745516066882, 4684745516066882, 4684745516066882, 4684745516066882, 4684745516066882, 4684745516066882, 4684745516066882, 4684745516066882, 4684745549621314, 4684745549621314, 4684745549621314, 4684745549621314, 4684745549621314, 4684745549621314, 4684745549621314, 4684745549621314, 4702337735665730, 22716736245147714]
[4684745516066882, 4684745516066882, 4684745516066882, 4684745516066882, 4684745516066882, 4684745516066882, 4684745516066882, 4684745515018306, 4684745515018306, 4684745515018306, 4684745515018306, 4684745515018306, 4684745515018306, 4684745515018306, 4684745515018306, 4684745515018306, 4684745515018306, 4684745515018306, 4684745515018306, 4684745515018306, 4684745515018306, 4684745515018306, 4684745515018306, 4684745515018306, 4684745515018306, 4684745515018306, 4684745515018306, 4684745515018306, 4684745515018306, 4684745515018306, 4684745515018306, 4684745515018306, 4684745515018306, 4684745515018306, 4684745515018306, 4684745515018306, 4684745515018306, 4684745515018306, 4684744441276482, 4684744441276482, 4684744441276482, 4684744441276482, 4684744441276482, 4684744441276482, 4684744441276482, 4684744441276482, 4684744441276482, 4684744441276482, 4684744441276482, 4684744441276482, 4684744441276482, 4684744441276482, 4684744441276482, 4684744441276482, 4684744441276482, 4684744441276482, 4684745515018306, 4684745515018306, 4684745515018306, 4684745515018306, 4684745515018306, 4684745515018306, 4684745515018306, 4684745515018306, 4684745515018306, 4684745515018306, 4684745515018306, 4684882953971778, 4684882953971778, 4684882953971778, 4684882953971778, 4684882953971778, 4684882953971778, 4684882953971778, 4684882953971778, 4684882953971778, 4684882953971778, 4684882953971778, 4684882953971778, 4684882953971778, 4684882953971778, 4684882953971778, 4684882953971778, 4684882953971778, 4684882953971778, 4684882953971778, 4684882953971778, 4684882953971778, 4684882953971778, 4684882953971778, 4684882953971778, 4684882953971778, 4684882953971778, 4684882953971778, 4684882953971778, 4684882953971778, 4684882953971778, 4684882953971778, 4684882953971778, 4684882953971778, 4684882953971778, 4684882953971778, 4684882953971778, 4684882953971778, 4684882953971778, 4684882953971778, 4684882953971778, 4684882953971778, 4684882953971778, 4684882953971778, 4684882953971778, 4684882953971778, 4684882953971778, 4684882953971778, 4684882953971778, 4684882953971778, 4684882953971778, 4684882953971778, 4684882953971778, 4684882953971778, 4684882953971778, 4684882953971778, 4684882953971778, 4684882953971778, 4684882953971778, 181283326601282]
[4684745516066882, 4684745516066882, 4684745516066882, 4684745516066882, 4684745516066882, 4684745516066882, 4684745516066882, 4684745516066882, 4684745516066882, 4684745516066882, 4684745516066882, 4684745516066882, 4684745516066882, 4684745516066882, 4684745516066882, 4684745516066882, 4684745516066882, 4684745516066882, 4684745516066882, 4684745516066882, 4684745516066882, 4684745516066882, 4684745516066882, 4684745516066882, 4684745516066882, 4684745516066882, 4684745516066882, 4684745516066882, 4684745516066882, 4684745516066882, 4684745516066882, 4684745516066882, 4684745516066882, 4684745516066882, 4684745516066882, 4684745516066882, 4684745516066882, 4684745516066882, 4684745516066882, 4684745516066882, 4684745516066882, 4684745516066882, 4684745516066882, 4684745516066882, 4684745516066882, 4684745516066882, 5247695469488194, 5247695469488194, 5247695469488194, 5247695469488194, 5247695469488194, 5247695469488194, 5247695469488194, 5247695469488194, 5247695469488194, 5247695469488194, 5247695469488194, 5247695469488194, 5247695469488194, 5247695469488194, 5247695469488194, 5247695469488194, 5247695469488194, 5247695469488194, 5247695469488194, 5247695469488194, 5247695469488194, 5247695469488194, 5247695469488194, 5247695469488194, 5247695469488194, 5247695469488194, 5247695469488194, 5247695469488194, 5247695469488194, 5247695469488194, 5247695469488194, 5247695469488194, 5247695469488194, 5247695469488194, 5247695469488194, 5247695469488194, 5247695469488194, 5247695469488194, 5247695469488194, 5247695469488194, 5247695469488194, 5247695469488194, 5247695469488194, 5247695469488194, 5247695469488194, 5247695469488194, 5247695469488194, 5247695469488194, 5247695469488194, 5247695469488194, 5247695469488194, 5247695469488194, 5247695469488194, 5247695469488194, 5247695469488194, 5247695469488194, 5247695469488194, 5247695469488194, 5247695469488194, 5247695469488194, 5247695469488194, 5247695469488194, 5247695469488194, 5247695469488194, 5247695469488194, 5247695469488194, 5247695469488194, 5247695469488194, 5247695469488194, 5247695469488194, 5247695469488194, 5247695469488194, 5247695469488194, 5247695469488194, 5247695469488194, 5247695469488194, 5247695469488194, 5247695469488194, 5247695469488194, 5247695469488194, 5247695469488194, 5247695469488194, 5247695469488194, 5247695469488194, 5247695469488194, 5247695469488194, 5247695469488194, 5247695469488194, 5247695469488194, 5247695469488194, 5247695469488194, 5247695469488194, 5247695469488194, 5247695469488194, 5247695469488194, 5247695469488194, 5247695469488194, 5247695469488194, 5247695469488194, 5247695469488194, 5247695469488194, 5247695469488194, 5247695469488194, 5247695469488194, 5247695469488194, 5247695469488194, 5247695469488194, 5247695469488194, 5247695469488194, 5247695469488194, 5247695469488194, 5247695469488194, 5247695469488194, 5247695469488194, 5247695469488194, 5247695469488194, 5247695469488194, 5247695469488194, 5247695469488194, 5247695469488194, 5247695469488194, 5247695469488194, 5247695469488194, 5247695469488322, 5247695469488322, 5247695469488322, 5247695469488322, 5247695469488322, 5247695469488322, 5247695469488322, 5247695469488322, 5247695469488322, 5247695469488322, 5247695469488322, 5247695469488322, 5247695469488578]
[4684745516066882, 4684745516066882, 4684745516066882, 4684745516066882, 4684745516066882, 4684745516066882, 4684745516066882, 4684745516066882, 4684745516066882, 4684745516066882, 4684745516066882, 4684745516066882, 4684745516066882, 4684470638159938, 4684470638159938, 4684470638159938, 4684470638159938, 4684470638159938, 4684470638159938, 4684470638159938, 4684470638159938, 4684470638159938, 4684470638159938, 4684470638159938, 4684470638159938, 4684470638159938, 4684470638159938, 4684470638159938, 4684470638159938, 4684470638159938, 76742064676087874, 76742064676087874, 76742064676087874, 76742064676087874, 76742064676087874, 76742066823571522]
[4684745516066882, 4684745516066882, 4684745516066882, 4684745516066882, 4684745516066882, 4684745516066882, 4684745516066882, 4684745516066882, 4684745516066882, 4684745516066882, 4684745516066882, 4684745516066882, 4684745516066882, 4684745516066882, 4684745516066882, 4684745516066882, 4684745516066882, 4684745516066882, 4684882955020354, 4684882955020354, 4684882955020354, 4684882955020354, 4684882955020354, 4684882955020354, 4684882955020354, 4684882955020354, 4684882955020354, 4684882955020354, 4684882955020354, 4684882955020354, 4684882955020354, 4684882955020354, 4684882955020354, 4684882955020354, 4684882955020354, 4684882955020354, 4684882955020354, 4684882955020354, 4684882955020354, 4684882955020354, 4684882955020354, 4684882955020354, 4684882955020354, 4684882955020354, 4684882955020354, 4684882955020354, 4684882955020354, 4684882955020354, 4684882955020354, 4684882955020354, 4684882955020354, 4684882955020354, 4684882955020354, 4684882955020354, 4684882955020354, 4684882955020354, 4684882955020354, 4684882955020354, 4684882955020354, 4684882955020354, 4684882955020354, 4684882955020354, 4684882955020354, 4684882955020354, 4684882955020354, 4684882955020354, 4684882955020354, 4684882955020354, 4684882955020354, 4684882955020354, 4684882955020354, 4684882955020354, 4684882955020354, 4684882955020354, 4684882955020354, 4684882955020354, 4684882955020354, 4684882955020354, 4684882955020354, 4684882955020354, 4684882955020354, 4684882955020354, 4684882955020354, 4684882955020354, 4684882955020354, 4684745516066882, 4684745516066882, 4684745516066882, 4684745516066882, 4684745516066882, 4684745516066882, 4684745516066882, 4684745516066882, 4684745516066882, 4684745516066882, 4684745516066882, 4684745516066882, 4684745516066882, 4684745516066882, 4684745516066882, 4684745516066882, 4684745516066882, 4684745516066882, 4684745516066882, 4684745516066882, 4684745516066882, 4684745516066882, 4684745516066882, 4684745516066882, 4684745516066882, 4684745516066882, 4684745516066882, 4684745516066882, 4684745516066882, 4684745516066882, 4684745516066882, 4684745516066882, 4684745516066882, 4684745516066882, 4684745516066882, 4684745516066882, 4684745516066882, 4684745516066882, 4684745516066882, 4684745516066882, 4684745516066882, 4684745516066882, 4684745516066882, 4684745516066882, 4684745516066882, 4684745516066882, 4684745516066882, 4684745516066882, 4684745516066882, 4684745516066882, 4684745516066882, 4684745516066882, 4684745516066882, 4684745516066882, 4684745516066882, 4684745516066882, 4684745516066882, 4684745516066882, 4684745516066882, 4684745516066882, 4684745516066882, 4684745516066882, 4684745516066882, 4684745516066882, 4684745516066882, 4684745516066882, 4684745516066882, 4684745516066882, 4684745516066882, 4684745516066882, 4684745516066882, 4684745516066882, 4684745516066882, 4684745516066890, 4684745516066890, 4684745516066890, 4684745516066890, 4684745516067914, 4684745516067914, 4684745516067914, 4684745516067914, 4684745516067914, 4684745516067914, 4684745516067914, 4684745516067914, 4684745516067914, 4684745516067914, 4684745516067914, 4684745516067914, 4684745516067914, 4684745516067914, 4684745516067914, 4684745516067914, 4684745516067914, 4684745516067914, 4684745516067914, 4684745516067914, 4684745516067914, 4684745583176778]
[4684745516066882, 4684745516066882, 4684745516066882, 4684745516066882, 4684745516066882, 4684745516066882, 4684745516066882, 4684745516066882, 4684745516066882, 4684745516066882, 4684745516066882, 4684745516066882, 4684745516066882, 4684745516066882, 4684745516066882, 4684745516066882, 4684745516066882, 4684745516066882, 4684745516066882, 4684745516066882, 4684745516066882, 4684745516066882, 4684745516066882, 4684745516066882, 4684745516066882, 4684745516066882, 4684745516066882, 4684745516066882, 4684745516066882, 4684745516066882, 4684745516066882, 4684745516066882, 4684745516066882, 4684745516066882, 4684745516066882, 4684745516066882, 4684745516066882, 4684745516066882, 4684745516066882, 4684745516066882, 4684745516066882, 4684745516066882, 4684745516066882, 4684745516066882, 4684745516066882, 4684745516066882, 4684745516066882, 4684745516066882, 4684745516066882, 4684745516066882, 4684745516066882, 4684745516066882, 4684745516066882, 4684744442325058, 4684744442325058, 4684744442325058, 4684744442325058, 4684744442325058, 4684744442325058, 4684744442325058, 4684744442325058, 4684744442325058, 4684744442325058, 4684744442325058, 4684744979195970, 4684744979195970, 4684744979195970, 4684746052937794, 4684746052937794, 4684746052937794, 4684746052937794, 4684746052937794, 4684746052937794, 4684746052937794, 4684746052937794, 4684746052937794, 4684746052937794, 4684746052937794, 4684746052937794, 4684746052937794, 4684746052937794, 4684746052937794, 4684746052937794, 4684745516066882, 4684745516066882, 4684745516066882, 4684745516066882, 4684745516066882, 4684745516066882, 4684745516066882, 4684745516066882, 4684745516066882, 4684745516066882, 4684745516066882, 4684745516067010, 4684745516067010, 4684745516067010, 4684745516067010, 4684745516067010, 4684745516067010, 4684745516067010, 4684745516067010, 4684745516067010, 4684745516067010, 4684745516067010, 4684745516067010, 4684745516067010, 4684745516067010, 4684745516067010, 4684745516067010, 4684745516067010, 4684745516067010, 4684745516067010, 4684745516067010, 5247695469488322, 5247695469488322, 5247695469488322, 5247695469488322, 5247695469488322, 5247695477876930]
[4684745516066882, 4684745516066882, 4684745516066882, 4684745516066882, 4684745516066882, 4684745516066882, 4684745516066882, 4684745516066882, 4684745516066882, 4684745516066882, 4684745516066882, 4684745516066882, 4684745516066882, 4684745516066882, 4684745516066882, 4684745516066882, 4684745516066882, 4684745516066882, 4684745516066882, 4684745516066882, 4684745516066882, 4684745516066882, 4684745516066882, 4684745516066882, 4684745516066882, 4684745516066882, 4684745516066882, 4684745516066882, 4684745516066882, 4684745516066882, 4684745516066882, 4684745516066882, 4684745516066882, 4684745516066882, 4684745516066882, 4684745516066882, 4684745516066882, 4684745516066882, 4684745516066882, 4684745516066882, 4684745516066882, 4684745516066882, 4684745516066882, 4684745516066882, 4684745516066882, 4684745516066882, 4684745516066882, 4684745524455490, 4684745524455490, 4684745524455490, 4684745524455490, 4684745524455490, 4684745524455490, 4684745524455490, 4684745524455490, 4684745524455490, 4684745524455490, 4684745524455490, 4684745524455490, 4684745524455490, 4684745524455490, 4684745524455490, 4684745524455490, 4684744450713666, 4684744450713666, 4684744450713666, 4684744450713666, 4684744450713666, 4684744450713666, 4684744450713666, 4684744450713666, 4684744450713666, 4684744450713666, 4684744450713666, 4684744450713666, 4684744450713666, 4684744450713666, 4684744450713666, 4684744450713666, 4684744450713666, 4684744450713666, 4684744450713666, 4684744450713666, 4684744450713666, 4684744450713666, 4684744450713666, 4684744450713666, 4684744450713666, 4684744450713666, 4684744450713666, 4684744450713666, 4684744450713666, 4684744450713666, 4684744450713666, 4684744450713666, 4684744450713666, 4684744450713666, 4684744450713666, 4684744450713666, 4684744450713666, 4684744450713666, 4684744450713666, 4684744450713666, 4684744450713666, 4684744450713666, 4684744450713666, 4684744450713666, 4684744450713666, 4684744450713666, 4684744450713666, 4684744450713666, 4684744450713666, 4684744450713666, 4684744450713666, 4684744450713666, 4684744450713666, 4684744450713666, 4684744450713666, 4684744450713666, 4684744450713666, 4684744450713666, 4684744450713666, 4684744450713666, 4684744450713666, 4684744450713666, 4684744450713666, 4684744450713666, 4684744450713666, 4684744450730050]
[4684745516066882, 4684745516066882, 4684745516066882, 4684745516066882, 4684745516066882, 4684745516066882, 4684745516066882, 4684745516066882, 4684745516066882, 4684745516066882, 4684745516066882, 4684745516066882, 4684745516066882, 4684745516066882, 4684745516066882, 4684745516066882, 4684745516066882, 4684745516066882, 4684745516066882, 4684745516066882, 4684745516066882, 4684745516066882, 181145888696386, 181145888688194, 181145888688194, 181145888688194, 181145888688194, 181145888688194, 181145888688194, 181145888688194, 181145888688194, 181145888688194, 181145888688194, 181145888688194, 181145888688194, 181145888688194, 181145888688194, 181145888688194, 181145888688194, 181145888688202]
[4684745516066882, 4684745516066882, 4684745516066882, 22699144025548866, 22699144025548866, 22699144025548866, 22699144025548866, 22699144025548866, 22699144025548866, 22699144025548866, 22699144025548866, 22699144025548866, 22699144025548866, 22699144025548866, 22699144025548866, 22699144025548866, 22699144025548866, 22699144025548866, 22699144025548866, 22699144025548866, 22699144025548866, 22699144025548866, 22699144025548866, 22699144025548866, 22699144025548866, 22699144025548866, 22699144025548866, 22699144025548866, 22699144025548866, 22699144025548866, 22699144025548866, 22699144025548866, 22699144025548866, 22699144025548866, 22699144025548866, 22699144025548866, 22699144025548866, 22699144025548866, 22699144025548866, 22699144025548866, 22699144025548866, 22699144025548866, 22699144025548866, 22699144025548866, 22699144025548866, 22699144025548866, 22699144025548866, 22699144025548866, 22699144025548866, 22699144025548866, 22699144025548866, 22699144025548866, 22699144025548866, 22699144025548866, 22699144025548866, 22699144025548866, 22699144025548866, 22699144025548866, 22699144025548866, 22699144025548866, 22699144025548866, 22699144025548866, 22699144025548866, 22699144025548866, 22699144025548866, 22699144025548866, 22699144025548866, 22699144025548866, 22699144025548866, 22699144025548866, 22699144025548866, 22699144025548866, 22699144025548866, 22699144025548866, 22699144025548866, 22699144025548866, 22699144025548866, 22699144025548866, 22699144025548866, 22699144025548866, 22699144025548866, 22699144025548866, 22699144025548866, 22699144025548866, 22699144025548866, 22699144025548866, 22699144025548866, 22699144025548866, 22699144025548866, 22699144025548866, 23262093978970178, 23262093978970178, 23262093978970178, 23262093978970178, 23262093978970178, 23262093978970178, 23262093978970178, 23262093978970178, 23262093978970178, 23262093978968130]
[4684745516066882, 4684745516066882, 4684745516066882, 4684745516066882, 5247695469488194, 5247695469488194, 5247695469488194, 5247695469488194, 5247695469488194, 5247695469488194, 5247695469488194, 5247695469488194, 5247695469488194, 5247695469488194, 5247695469488194, 5247695469488194, 5247695469488194, 5247695469488194, 5247695469488194, 5247695469488194, 5247695469488194, 5247695469488194, 5247695469488194, 5247695469488194, 5247695469488194, 5247695469488194, 5247695469488194, 5247695469488194, 5247695469488194, 5247695469488194, 5247695469488194, 5106957981132866, 5106957981132866, 5106957981132866, 5106957981132866, 5106957981132866, 5106957981132866, 5106957981132866, 5106957981132866, 5106957981132866, 5106957981132866, 5106957981132866, 5106957981132866, 5106957981132866, 5106957981132866, 5106957981132866, 5106957981132866, 5106957981132866, 5106957981132866, 5106957981132866, 5106957981132866, 5106957981132866, 5106957981132866, 5106957981132866, 5106957981132866, 5106957981132866, 5106957981132866, 5106957981132866, 5106957981132866, 5106957981132866, 5106957981132994]
[4684745516066882, 4684745516066914, 4684745516066914, 4684745516066914, 4684745516067938, 4684745516067938, 4684745516067938, 4684745516067938, 4684745516067938, 4684745516067938, 4684745516067938, 4684745516067938, 4684745516067938, 4684745516067938, 4684745516067938, 4684745516067938, 4684745516067938, 4684745516067938, 4684745516067938, 4684745516067938, 4684745516067938, 4684745516067938, 4684745516067938, 4684745516067938, 4684745516067938, 4684745516067938, 4684745516067938, 4684745516067938, 22699144025549922]
[4684745516066882, 4684745516066882, 4684745516066882, 4544008027711554, 4544008027711554, 4544008027711554, 4544008027711554, 4544008027711554, 4544008027711554, 4544008027711554, 4544008027711554, 4544008027711554, 4544008027711554, 4544008027711554, 4544008027711554, 4544008027711554, 4544008027711554, 4544008027711554, 4544008027711554, 4544008027711554, 4544008027711554, 4544008027711554, 4544008027711554, 4544008027711554, 4544008027711554, 4544008027711554, 4544008027711554, 4544008027711554, 4544008027711554, 4544008027711554, 4544008027711554, 4544008027711554, 4544008027711554, 4544008027711554, 4544008027711554, 4544008027711554, 4544008027711554, 4544008027711554, 4544008027711554, 4544008027711554, 4544008027711554, 4544008027711554, 4544008027711554, 4544008027711554, 4544008027711554, 4544008027711554, 4544008027711554, 4544008027711554, 4544008027711554, 4544008027711554, 4544008027711554, 4544008027711554, 4544008027711554, 4544008027712578, 4544008027712578, 4544008027712578, 4544008027712578, 4544008027712578, 4544008027712578, 4544008027712578, 4544008027712578, 4544008027712578, 4544008027712578, 4544008027712578, 4544008027712578, 4544008027712578, 4544008027712578, 4544008027712578, 4544008027712578, 4544008027712578, 4544008027712578, 4544008027712578, 4544008027712578, 4544008027712578, 4544008027712578, 4544008027712578, 4544008027712578, 4544008027712578, 4544008027712578, 4544008027712578, 4544008027712578, 4544008027712578, 4544008027712578, 4544008027712578, 4544008027712578, 4544008027712578, 4544008027712578, 4544008027712578, 4544008027712578, 4544008027712578, 4544008027712578, 4544008027712578, 4544008027712578, 4544008027712578, 4544008027712578, 4544008027712578, 4544008027711554, 4544008027711554, 4544008027711554, 4544008027711554, 4544008027711554, 4544008027711554, 4544008027711554, 4544008027711554, 4544008027711554, 4544008027711554, 4544008027711554, 4544008027711554, 4544008027711554, 4544008027711554, 4544008027711554, 4544008027711554, 4544008027711554, 4544008027711554, 4544008027711554, 4544008027711554, 4544008027711554, 4544008027711554, 4544008027711554, 4544008027711554, 4544008027711554, 4544008027711554, 4544008027711554, 4544008027711554, 4544008027711554, 4544008027711554, 4544008027711554, 4544008027711554, 4544008027711554, 4544008027711554, 4544008027711554, 4544008027711554, 4544008027711554, 4544008027711554, 4544008027711554, 4544008027711554, 4544008027711554, 4544008027711554, 4544008027711554, 4544008564582466, 4544008564582466, 4544008564582466, 4544008564582466, 4544008564582466, 4544008564582466, 4544008564582466, 4544008564582466, 4544008564582466, 4544008564582466, 4544008564582466, 40408937211970]
[4684745516066882, 4684745516066882, 4684745516066882, 4684745516066882, 4684745516066882, 4684745516066882, 4684745516066882, 4684745516066882, 4684745516066882, 4684745516066882, 4684745516066882, 4684745516066882, 4684745516066882, 4684745516066882, 4684745516066882, 4684745516066882, 4649561143978050, 4649561143978050, 4649561143978058, 4649561143978058, 4649561143978058, 4649561143978058, 4649561143978058, 4649561143978058, 4649561143978058, 4649561143978058, 4649561143978058, 4649561143978058, 4684745516066890, 4684745516066890, 4684745516066890, 4684745516066890, 4684745516067018, 4684745516067018, 4684745516067018, 4684745516067018, 4684745516067018, 4684745516067018, 4684745516067018, 4684745516067018, 4684745516067018, 4684745516067018, 4684745516067018, 4684745516067018, 4684745516067018, 4684745516067018, 4684745516067018, 4684745516067018, 4684745516067018, 4684745516067018, 4684745516067018, 4684745516067018, 4684745516067018, 4684745516067018, 4684745516067018, 4684745516067018, 4684745516067018, 4684746052937930]
[4684745516066890, 4684745516066890, 4684745516066890, 4684745516066890, 4684745516066890, 4684745516066890, 4684745516066890, 4684745516066890, 4684745516066890, 4684745516066890, 4684745516066890, 4684745516066890, 4684745516066890, 4684745516066890, 4684745516066890, 4684745516066890, 4684745516066890, 4684745516066890, 4684745516066890, 4684745516066890, 4684745516066890, 4684745516066890, 4684745516066890, 4684745516066890, 4684745516066890, 4684745516066890, 4684745516066890, 4684745516066890, 4684745516066890, 5247695469488202, 5247695469488202, 5247695469488202, 5247695469488202, 5247695503042634]
[4684745516066882, 4684745516066882, 4684745516066882, 4684745516066882, 4684745516066882, 4684745516066882, 4684745516066882, 4684745516066882, 4684745516066882, 4684745516066882, 4684745516066882, 4684745516066882, 4684745516066882, 4684745516066882, 4684745516066882, 4684745516066882, 4684745516066882, 4684745516066882, 4684745516066882, 4684745516066882, 4684745516066882, 4684745516066882, 4684745516066882, 4684745516066882, 4684745516066882, 4684745516066882, 4684745516066882, 4684745516066882, 4684745516066882, 4684745516066882, 4684745516066882, 4684745516066882, 4684745516066882, 4684745516066882, 4684745516066882, 4684745516066882, 4684745516066882, 4684745516066882, 4684745516066882, 4684745516066882, 4684745516066882, 4684745516066882, 4684745516066882, 4684745516066882, 4684745516066882, 4684745516066882, 4684745516066882, 4684745516066882, 4684745516066882, 4684745516066882, 4684745516066882, 4684745524455490, 4684745524455490, 4684745524455490, 4684745516066882, 4684745516066882, 4684745516066882, 4684745516066882, 4684745516066882, 4684745516066882, 4684745516066882, 4684745516066882, 5247695469488194, 5247695469488194, 5247695469488194, 5247695469488194, 5247695469488194, 5247695469488194, 5247695469488194, 5247695469488194, 5247695469488194, 5247695469488194, 5247695469488194, 5247695469488194, 5247695469488194, 5247695469488194, 5247695469488194, 5247695469488194, 5247695469488194, 5247695469488194, 5247695469488194, 5247695469488194, 5247695469488194, 5247695469488194, 5247695469488194, 5247695469488194, 5247695469488194, 5247695469488194, 5247695469488194, 5247695469488194, 5247695469488194, 5247695469488194, 5247695469488194, 5247694395746370, 5247694395746370, 5247694395746370, 5247694395746370, 5247694395746370, 5247694395746370, 5247694395746370, 5247694395746370, 5247694395746370, 5247694395746370, 5247694395746370, 5247694395746370, 5247694395746370, 5247694395746370, 5247694395746370, 5247694395746370, 5247694395746370, 5247694395746370, 5247694395746370, 5247694395746370, 5247694395746370, 5247694395746370, 5247694395746370, 5247694395746370, 5247694395746370, 5247694395746370, 5247694395746370, 5247694395746370, 5247694395746370, 5247694395746370, 5247694395746370, 5247694395746370, 5247694395746370, 5247694395746370, 5247694395746370, 5247694395746370, 5247694395746370, 5247694395746370, 5247694395746370, 5247694395746370, 5247694395746370, 5247694395746370, 5247694395746370, 5247694395746370, 5247694395746370, 5247694395746370, 5247694395746370, 5247694395746370, 5247694395746370, 5247694395746370, 5247694395746370, 5247694395746370, 5247694395746370, 5247694395746370, 5247694395746370, 5247694395746370, 5247694395746370, 5247694395746498]
[4684745516066882, 4684745516066882, 4684745516066882, 4684745516066882, 4684745516066882, 4684745516066882, 4684745516066882, 4684745516066882, 4684745516066882, 4684745516066882, 4684745516066882, 4684745516066882, 4684745516066882, 4684745516066882, 4684745516066882, 4684745516066882, 4684745516066882, 4684745516066882, 4684745516066882, 4684745516066882, 4684745516066882, 4684745516066882, 4684745516066882, 4684745516066882, 4684745516066882, 4684745516066882, 4684745516066882, 4684745516066882, 4684745516066882, 4684745516066882, 4684745516066882, 4684745516066882, 4684745516066882, 4684745516066882, 4684745516066882, 4684745516066882, 4684745516066882, 4684745516066882, 4684745516066882, 4684745516066882, 4684745516066882, 4684745516066882, 4684745516066882, 4684745516066882, 4684745516066882, 4684745516066882, 4684745516066882, 4684745516066882, 4684745516066882, 4684745516066882, 4684745516066890, 4684745516066882, 4684745516066882, 4684745516066882, 4684745516066882, 4684745516066882, 4684745516066882, 4684745516066882, 4684745516066882, 4684745516066882, 4684745516066882, 4684745516066882, 4684745516066882, 4684745516066882, 4684745516066882, 4684745516066882, 4684745516066882, 4684745516066882, 4684745516066882, 4684745516066882, 4684745516066882, 4684745516066882, 4684745516066882, 4684745516066882, 22699144025548866, 22699144025548866, 22699144025548866, 22699144025548866, 22699144025548866, 22699144025548866, 22699144025548866, 22699144025548866, 22699144025548866, 22699144025548866, 22699144025548866, 22699144025548866, 22699144025548866, 22699144025548866, 22699144025548866, 22699144025548866, 22699144025548866, 22699144025548866, 22699144025548866, 22699144025548866, 22699144025548866, 22699144025548866, 22699144025548866, 22699144025548866, 22699144025548866, 22699144025548866, 22699144025548866, 22699144025548866, 22699144025548866, 22699144025548866, 22699144025548866, 22699144025548866, 22699144025548866, 22699144025548866, 22699144025548866, 22699144025548866, 22699144025548866, 22699144025548866, 22699144025548866, 22699144025548866, 22699144025548866, 22699144025548866, 22699144025548866, 22699144025548866, 22699144025548866, 22699144025548866, 22699144025548866, 22699144025548866, 22699144025548866, 22699144025548866, 22699144025548866, 22699144025548866, 22699144025548866, 22699144025548866, 22699144025548866, 22699144025548866, 22699144025548866, 22699144025548866, 22699144025548866, 22699144025548866, 22699144025548866, 18195544398178370, 18195544398178370, 18195544398178370, 18195544398179394]
[4684745516066882, 4684745516066882, 4684745516066882, 4684745516066882, 4684745516066882, 4684745516066882, 4684745516066882, 4684745516066882, 4684745516066882, 4684745516066882, 4684745516066882, 4684745516066882, 4684745516066882, 4684745516066890, 4684745516066890, 4684745516066890, 76742339553994826, 76742339554125898]
[4684745516066882, 4684745516066882, 4684745516066882, 4684745516066882, 4684745516066882, 4684745516066882, 4684745516066882, 4684745516066882, 4684745516066882, 4684745516066882, 4684745516066882, 4684745516066882, 4684745516066882, 4684745516066882, 4684745516066882, 4684745516066882, 4684745516066882, 4684745516066882, 4684745516066882, 4684745516066882, 4684745516066882, 4684745516066882, 4684745516066882, 4684745516066882, 4684745516066882, 4684745516066882, 4684745516066882, 4684745516066882, 4684745516066882, 4684745516066882, 4684745516067906, 4684745516067906, 4684745516067906, 4684745516067906, 4684745516067906, 4684745516067906, 4684745516067906, 4684745516067906, 4684745516067906, 4684745516067906, 4684745516067906, 4684745516067906, 4684745516067906, 4684745516067906, 4684745516067906, 4684745516067906, 4684745516067906, 4684745516067906, 4684745516067906, 4684745516067906, 4684745516067906, 4684745516067906, 4684745516067906, 4684745516067906, 4684745516067906, 4684745516067906, 4684745516067906, 4684745516067906, 4684745516067906, 4684745516067906, 4684745516067906, 4684745516067906, 4684745516067906, 4684745516067906, 4684745516067906, 4684745516067906, 4684745516067906, 4684745516067906, 4684745516067906, 4684745516067906, 4684745516067906, 4684745516067906, 4684745516067906, 4684745516067906, 4684745516067906, 4684745516067906, 4684745516067906, 4684745516067906, 4684745516067906, 4684745516067906, 4684745516067906, 4684745516067906, 4684745516067906, 4684745516066882, 4684745516066882, 4684745516066882, 4684745516066882, 4684745516066882, 4684745516066882, 4684745516066882, 4684745516066882, 4684745516066882, 4684745516066882, 4684744442325058, 4684744442325058, 4684744442325058, 4684744442325058, 4684744442325058, 4684744442325058, 4684744442325058, 4684744442325058, 4684744442325058, 4684744442325058, 4684744442325058, 4684744442325058, 4684744442325058, 4684744442325058, 4684744442325058, 4684744442324994, 4684744442324994, 4684744442324994, 4684745516066818, 4684745516066818, 4684745516066818, 4684745516066818, 4684745516066818, 4684745516066818, 4684745516066818, 22699144025548802, 22699144025548802, 22699144025548802, 22699144025548802, 22699144025548802, 22699144025548802, 22698594269734914]
[4684745516066882, 4684745516066882, 4684745516066882, 4684745516066882, 4684745516066882, 4684745516066882, 4684745516066882, 4684745516066882, 4684745516066882, 4684745516066882, 4684745516066882, 4684745516066882, 4684745516066882, 4684745516066882, 4684745516066882, 4684745516066882, 4684745516066882, 4684745516066882, 4684745516066882, 4684745516066882, 4684745516066882, 4684745516066882, 4684745516066882, 4684745516066882, 4684745516066882, 4684745516066882, 4684745516066882, 4684745516066882, 4684745516066882, 4684745516066882, 4684745516066882, 4684745516066882, 4684745516066882, 4684745516066882, 4684745516066882, 4684745516066882, 4684745516066882, 4684745516066882, 4684745516066882, 4684745516066882, 4684745516066882, 4684745516066882, 4684745516066882, 4684745516066882, 4684745516066882, 4684745516066882, 4684745516066882, 4684745516066882, 4684745516066882, 4684745516066882, 4684745516066882, 4684745516066882, 4684745516066882, 4684745516066890, 4684745516066890, 4684745516066922, 4684745516066922, 4684745516066922, 4684745516066922, 4684745516066922, 4684745516066922, 4684745516066922, 4684745516066922, 4684745516066922, 4684745516066922, 4684745516066922, 4684745516066922, 4684745516066922, 4684745516066922, 4684745516066922, 4684745516066922, 4684745516066922, 4684745516066922, 4684745516066922, 4684745516066922, 4684745516066922, 4684745516066922, 4684745516066922, 4684745516066922, 4684745516066922, 4684745516066922, 4684745516066922, 4684745516066922, 22699144025548906]
[4684745516066882, 4684745516066882, 4684745516066882, 4684745516066882, 4684745516066882, 4684745516066882, 4684745516066882, 4684745516066882, 4684745516066882, 4684745516066882, 4684745516066882, 4684745516066882, 4684745516066882, 4684745516066882, 4684745516066882, 4684745516066882, 4684745516066882, 4684745516066882, 4684745516066882, 4684745516066882, 4684745516066882, 4684745516066882, 4684745516066882, 4684745516066882, 4684745516066882, 4684745516066882, 4684745516066882, 4684745516066882, 4684745516066882, 4684745516066882, 4684745516066882, 4684745516066882, 4684745516066882, 4684745516066882, 4684745516066882, 4684745516066882, 4684745516066882, 4684745516066882, 4684745516066882, 4684745516066882, 4684745516066882, 4684745516066882, 4684745516066882, 4684745516066882, 4684745516066882, 4684745516066882, 22699144025548866, 23262093978970178, 23262093978970178, 23262093978970178, 23262093978970178, 23262093978970178, 23262093978970178, 23262093978970178, 23262093978970178, 23262093978970178, 23262093978970178, 23262093978970210]
[4684745516066882, 4684745516066882, 4684745516066882, 4684745516066882, 4684745516066882, 4684745516066882, 4684745516066882, 4684745516066882, 4684745516066882, 4684745516066882, 4684745516066882, 4684745516066882, 4684745516066882, 4684745516066882, 4684745516066882, 4684745516066882, 4684745516066914, 4684745516066914, 4684745516066914, 4684745516066914, 4684745516066914, 4684745516066914, 4684745516066914, 4684745516066914, 4684745516066914, 4684745516066914, 4684745516067938, 4684745516067938, 4684745516067938, 4684745516067938, 4684745516067938, 4684745516067938, 4684745516067938, 4684745516067938, 4684745516067938, 4684745516067938, 4684745516067938, 4684745516067938, 4684745516067938, 4684745516067938, 4684745516067938, 4684745516067938, 4684745516067938, 4684745516067938, 4684745516067906, 4684745516067906, 4684745516067906, 4684745516067906, 4684745516067906, 4684745516067906, 4684745516067906, 4684745516067906, 4684745516067906, 4684745516067906, 4684745516067906, 4684745516067906, 4684745516067906, 4684745516067906, 4684745516067906, 4684745516067906, 4684745516067906, 4684745516067906, 4684745516067906, 4684745516067906, 4684745516067906, 4684745516067906, 4684745516067906, 4684745516066882, 4684745516066882, 4684745516066882, 4684745516066882, 4684745516066882, 4684745516066882, 4684745516066882, 4684745516066882, 4684745516066882, 4684745516066882, 4684745516066882, 4684745516066882, 4684745516066882, 4684745516066882, 4684745516066882, 4684745516066882, 4684745516066882, 4684745516066882, 4684745516066882, 4684745516066882, 4684745516066882, 4684745516066882, 4684745516067906, 4684745516067906, 4684745516067906, 4684745516067906, 4684745516067906, 4684745516067906, 4684745516067906, 4684745516067906, 4684745516067906, 4684745516067906, 4684745516067906, 4684745516067906, 4684745516067906, 4684745516067906, 4684745516067906, 4684745516067906, 4684745516067906, 4684745516067906, 4684745516067906, 4684745516067906, 4684745516067906, 4684745516067906, 4684745516067906, 4684745516067906, 4684745516067906, 4684745516067906, 4684745516067906, 4684745516067906, 4684745516067906, 4684745516067906, 4684745516067906, 4684745516067906, 4684745516067906, 4684745516067906, 4684745516067906, 4684745516067906, 4684745516067906, 4684745516067906, 4684745516067906, 4684745516067906, 4684745516067914, 4684745516067914, 4684745516067914, 4684745516067914, 4684745516067914, 4684745516067914, 4684745516067914, 4684745516067914, 4684745516067914, 4684745516067914, 4684745516067914, 4684745516067914, 4684745516067914, 4684745516067914, 4684745516067914, 4684745516067914, 4684745516066890, 4684745516066890, 4684745516066890, 4684745516066890, 4684745516066890, 4684745516066890, 4684745516066890, 4684745516066890, 4684745516066890, 4684745516066890, 4684745516066890, 4684745516066890, 4684745516066890, 4684745516066890, 4684745516066890, 4684745516066890, 4684745516066890, 4684745516066890, 4684745516066890, 4684745516066890, 4684745516066890, 4684745516066890, 4684745516066890, 4684745516066890, 4684745516066890, 4684745516066890, 4684745516066890, 4684745516066890, 4684745516066890, 4684745516066890, 4684745516066890, 4684745516066890, 4684745516066890, 4684745516066890, 4684745516066890, 4684745516066890, 4684745516066890, 4684745516066890, 4684745516066890, 4684745516066890, 4684745516066890, 4684745516066890, 4684745516066890, 4684745516066890, 4684745516066890, 4684745516066890, 4684745516066890, 4684745516066890, 4684745516066890, 4684745516066890, 4684745516066890, 4684745516066890, 4684745516066890, 4684745516066890, 4684745516066890, 4684745516066890, 4684745516066890, 4684745516066890, 4684745516066890, 4684745516066890, 4684745516066890, 4684745516066890, 4684745516066890, 4684745516066890, 4684745516066890, 4684745516066890, 4684745516066890, 4684745516066890, 4684745516066890, 4684745516066890, 4684745516066890, 4684745516066890, 4684745516066890, 4684745516066890, 4684745516066890, 4684745516066890, 4684745516066890, 4684745516066890, 4684745516066890, 4684745516066890, 4684745516066890, 4684745516066890, 4684745516066890, 4684745516066882, 4684745516066882, 4684745516066882, 4684745516066882, 4684745516066882, 4684745516066882, 4684745516066882, 4684745516066882, 4684745516066882, 4684745516066882, 4684745516066882, 4684745516066882, 4684745516066882, 4684745516066882, 4684745516066882, 4684745516066882, 4684745516066882, 4684745516066882, 4684745516066882, 4684745516066882, 4684745516066882, 4684745516066882, 4684745516066882, 4684745516066882, 4684745516066882, 4684745516066882, 4684745516066882, 4684745516066882, 4684745516066882, 4684745516066882, 4684745516066882, 4684745516066882, 4684745516066882, 4684745516066882, 4684745516066882, 4684745516066882, 4684745516066882, 4684744442325058, 4684744442325058, 4684744442325058, 4684744442325058, 4684744442325058, 4684744442325058, 4684744442325058, 4684744442325058, 4684744442325058, 4684744442325058, 4684744442325058, 4684744442325058, 4684744442325058, 4684744442325058, 4684744442325058, 4684744442325058, 4684744442325058, 4684744442325058, 4684744442325058, 4684744442325058, 4684744442325058, 4684744442325058, 4684744442325058, 4684744442325058, 4684744442325058, 4684744442325058, 4684744442325058, 4684744442325058, 4684744442325058, 4684744442325058, 4684744442325058, 4684744442325058, 4684744442325058, 4684745516066882, 4684745516066882, 4684745516066882, 4684745516066882, 4684745516066882, 4684745516066882, 4684745516066882, 4684745516066882, 4684745516066882, 4684745516066882, 4684745516066882, 4684745516066882, 4684745516066882, 4684745516066882, 4684745516066882, 4684745516066882, 4684745516066882, 4684745516066882, 4684745516066882, 4684745516066882, 4684745516066882, 4684745516066882, 4684745516066882, 4684745516066882, 4684745516066882, 4684745516066882, 4684745516066882, 4684745516066882, 4684745516066882, 4684745516066882, 4684745516066882, 4684745516066882, 4684745516066882, 4684745516066882, 4684745516066882, 4684745516066882, 4684745516066882, 4684745516066882, 4684745516066882, 4684745516066882, 4684745516066882, 4684745516066882, 4684745516066882, 4684745516066882, 4684745516066882, 4684745516066882, 4684745516066882, 4684745516066882, 4684745516066882, 4684745516066882, 4684745516066882, 4684745516066882, 4684745516066882, 4684745516066882, 4684745516066882, 4684745516066882, 4684745516066882, 4684745516066882, 4684745516066882, 4684745516066882, 4684745516066882, 4684745516066882, 4684745516066882, 4684745516066882, 4684745516066882, 4684745516066882, 4684745516066882, 4684745516066882, 4684745516066882, 4684745516066882, 4684745516066882, 4684745516066882, 4684745516066882, 4684745516066882, 4684745516066882, 4684745516066882, 4684745516066882, 4684745516066882, 4684745516066882, 4684745516066882, 4684745516066882, 4684745516066882, 4684745516066882, 4684745516066882, 4684745516066882, 4684745516066882, 4684745516066882, 4684745516066882, 4684745516066882, 4684745516066882, 4684745516066882, 4684745516066882, 4684745516066882, 4684745516066882, 4684745516066882, 4684745516066882, 4684745516066882, 4684745516066882, 4684745516066882, 4684745516066882, 4684745516066882, 4684745516066882, 4684745516066882, 4684745516066882, 4684745516066882, 4684745516066882, 4684745516066882, 4684745516066882, 4684745516066882, 4684745516066882, 4684745516066882, 4684745516066882, 4684745516066882, 4684745516066882, 4684745516066882, 4684745516066882, 4684745516066882, 4684745516066882, 4684745516066882, 4684745516066882, 4684745516066882, 4684745516066882, 4684745516066882, 4684745516066882, 4684745516066882, 4684745516066882, 4684745516066882, 4684745516066882, 4684745516066882, 4684745516066882, 4684745516066882, 4684745516066882, 4684745516066882, 4684745516066882, 4684745516066882, 4684745516066882, 4684745516066882, 4684745516066882, 4684745516066882, 4684745516066882, 4684745516066882, 4684745516066882, 4684745516066882, 4684745516066882, 4684745516066882, 4684745516066882, 4684745516066882, 4684745516066882, 4684745516066882, 4684745516066882, 4684745516066882, 4684745516066882, 4684745516066882, 4684745516066882, 4684745516066882, 4684745516066882, 4684745516066882, 4684745516066882, 4684745516066882, 4684745516064834, 4684745516064834, 4684745516064834, 4684745516064834, 4684745516064834, 4684745516065858, 4684745516065858, 4684745516065858, 4684745516065858, 4684745516065858, 4684745516065858, 4684745516065858, 4684745516065858, 4684745516065858, 4684745516065858, 4684745516065858, 4684745516065858, 4684745516065858, 4684745516065858, 4684745516065858, 4684745516065858, 4684779875804226]
[4684745516066882, 4684745516066882, 4684745516066882, 4684745516066882, 4684745516066882, 4684745516066882, 4684745516066882, 4684745516066882, 4684745516066882, 4684745516066882, 4684745516066882, 4684745516066882, 4684745516066882, 4684745516066882, 4684745516066882, 4684745516066882, 4684745516066882, 4684745516066882, 4684745516066882, 4684745516066882, 4684745516066882, 4684745516066882, 4684745516066882, 4684745516066882, 4684745516066882, 4684745516066882, 4684745516066882, 4684745516066882, 4684745516066882, 4684745516066882, 4684745516066882, 4684745516066882, 4684745516066882, 4684745516066882, 4684745516066882, 4684745516066882, 4684745516066882, 4684745516066882, 4684745516066882, 4684745516066882, 4684745516066882, 4684745516066882, 4684745516066882, 4684745516066882, 4684745516066882, 4684745516066882, 4684745516066882, 4684745516066882, 4684745516066882, 4684745516066882, 4684745516066882, 4684745516066882, 4684745516066882, 4684745516066882, 4684745516066882, 4684745516066882, 4684745516066882, 4684745516066882, 4684745516066882, 4684745516066882, 4684745516066882, 4684745516066882, 4684745516066882, 4684745516066882, 4684745516066882, 4684745516066882, 4684745516066882, 4684745516066882, 4684745516066882, 4684745516066882, 4684745516066882, 4684745516066882, 4684745516066882, 4684745516066882, 4684745516066882, 4684745516066882, 4684745516066882, 4684745516066882, 4684745516066882, 4684745516066882, 4684745516066882, 4684745516066882, 4684745516066882, 4684745516066882, 4684745516066882, 4684745516066882, 4684745516066882, 4684745516066882, 4684745516066882, 4684745516066882, 4684745516066882, 4684745516066882, 4684745516066882, 4684745516066882, 4684745516066882, 4684745516066882, 4684745516066882, 4684745516066882, 4684745516066882, 4684745516066882, 4684745516066882, 4684745516066882, 4684745516066882, 4684745516066882, 4684745516066882, 4684745516066882, 4684745516066882, 4684745516066882, 4684745516066882, 4684745516066882, 4684745516066882, 4684745516066882, 4684745516066882, 4684745516066914, 4684745516066922, 4684745516066922, 4684745516066922, 4684745516066922, 4684745516066922, 4684745516066922, 4684745516066922, 4684745516066922, 4684745516066922, 4684745516066922, 4684745516066922, 4684745516066922, 4684745516066922, 4684745516066922, 4684745516066922, 4684745516066922, 4684745516066890, 4684745516066890, 4684745516066890, 4684745516066890, 4684745516066890, 4684745516066890, 4684745516066890, 4684745516066890, 4684745516066890, 4684745516066890, 4684745516066890, 4684745516066890, 4684745516066890, 4684745516066890, 4684745516066890, 4684745516066890, 4684745516066890, 4684745516066890, 4684745516066890, 4684745516066890, 4684745516066890, 4684745516066890, 4684745516066890, 4684745516066890, 4684745516066890, 4684745516066890, 4684745516066890, 4684745516066890, 4684882955020362, 4684882955020362, 4684882955020362, 4684882955020362, 4684882955020362, 4684882955020362, 4684882955020362, 4684882955020362, 4684882955020362, 4684882955020362, 4684882955020362, 4684882955020362, 4684882955020362, 4684882955020362, 4684882955020362, 4684882955020362, 4684882955020362, 4684882955020362, 4684882955020362, 4684882955020362, 4684882955020362, 4684882955020362, 4684882955020362, 4684882955020362, 4684882955020362, 4684882955020362, 4684882955020362, 4684882955020362, 4684882955020362, 4684882955020362, 4684882955020362, 4684882955020362, 4684882955020362, 4684882955020362, 4684882955020362, 4684882955020362, 4684882955020362, 4684882971797578]
[4684745516066882, 4684745516066882, 4684745516066882, 4684745516066882, 4684745516066882, 4684745516066882, 4684745516066882, 4684745516066882, 4684745516066882, 4684745516066882, 4684745516066882, 4684745516066882, 4684745516066882, 4684745516066882, 4684745516066882, 4684745516066882, 4684745516066882, 4684745516066882, 4684745516066882, 4684745516066882, 4684745516066882, 4684745516066882, 4684745516066882, 4684745516066882, 4684745516066882, 4684745516066882, 4684745516066882, 4684745516066882, 4684745516066882, 4684745516066882, 4684745516066882, 4684745516066882, 4684745516066882, 4684745516066882, 4684745516066882, 4684745516066882, 4684745516066882, 4684745516066882, 4684745516066882, 4684745516066882, 4684745516066882, 4684745516066882, 4684745516066882, 4684745516066882, 4684745516066882, 4684745516066882, 4684745516066882, 4684745516066882, 4684745516066882, 4684745516066882, 4684745516066882, 4684745516066882, 4684745516066882, 4684745516066882, 4684745516066882, 4684745516066882, 4684745516066882, 4684745516066882, 4684745516066882, 4684745516066882, 4684745516066882, 4684745516066882, 4684745516066882, 4684745516066882, 4684745516066882, 4684745516066882, 4684745516066882, 4684745516066882, 4684745516066882, 4684745516066882, 4684745516066882, 4684745516066882, 4684745516066882, 4684745516066882, 4684745516066882, 4684745516066882, 4684744442325058, 4684744442325058, 4684744442325058, 4684744442325058, 4684744442325058, 4684744442325058, 4684744442325058, 4684744442325058, 4684744442325058, 4684744442325058, 4684744442325058, 4684744442325058, 4684744442325058, 4684744442325058, 4684744442325058, 4684744442325058, 4684744442325058, 4684744442325058, 4684744442325058, 4684744442325058, 4684744442325058, 4684744442325058, 4684744442325058, 4684744442325058, 4684744442325058, 4684744442325058, 4684744442325058, 4684744442325058, 4684744442325058, 4684744442325058, 4684744442325058, 4684744442325058, 4684744442325058, 4684744442325058, 4684744442325058, 4684744442325058, 4684744442325058, 4684744442325058, 4684744442325058, 4684744442325058, 4684744442325058, 4684744442325058, 4684744442325058, 4684744442325058, 4684744442325058, 4684744442325058, 4684744442325058, 4684744442325058, 4684744442326082, 4684744442326082, 4684744442326082, 4684744442326082, 4684744442326082, 4684744442326082, 4684744442326082, 4684744442326082, 4684744442326082, 4684744442326082, 4684744442326082, 4684744442326082, 4684744442326082, 4684744442326082, 4684744442325058, 4684744442325090, 4684744442325090, 4684744442325090, 4684744442325090, 4684744442325090, 4684744442325090, 4684744442325090, 4684744442325090, 4684744442325090, 4684744442325090, 4684744442325090, 4684744442325090, 4684744442325090, 4684744442325090, 4684744442325090, 4684744442325090, 4684744442325090, 4684744442325090, 4684744442325090, 4684744442325090, 4684744442325090, 4684744442325090, 4684744442325090, 4684744442325090, 4684744442325090, 4684744442325090, 4684744442325090, 4684744442325090, 4684744442325090, 4684744442325090, 4684744442325098]
[4684745516066882, 4684745516066882, 4684745516066882, 4684745516066882, 4684745516066882, 4684745516066882, 4684745516066882, 4684745516066882, 4684745516066882, 4684745516066882, 4684745516066882, 4684745516066882, 4684745516066882, 4684745516066882, 4684745516066882, 4684745516066882, 4684745516066882, 4684745516066882, 4684745516066882, 4684745516066882, 4684745516066882, 4684745516066882, 4684745516066882, 4684745516066882, 4684745516066882, 4684745516066882, 4684745516066882, 4684745516066882, 4684745516066882, 4684745516066882, 4684745516066882, 4684745516066882, 4684745516066882, 4684745516066882, 4684745516066882, 4684745516066882, 4684745516066882, 4684745516066882, 4684745516066882, 4684745516066882, 4684745516066882, 4684745516066882, 4684745516066882, 4684745516066882, 4684745516066882, 4684745516066882, 4684745516066882, 4684745516066882, 4684745516066882, 4684745516066882, 4684745516066882, 4684745516066882, 4684745516066882, 4684745516066882, 4684745516066882, 4684745516066882, 4684745516066882, 4684745516066882, 4684745516066882, 4684745516066882, 4684745516066882, 4684745516066882, 4684745516066882, 4684745516066882, 4684745516066882, 4684745516066883, 4684745516066883, 4684745516066883, 4684745516066883, 4684745516066883, 4684745516066883, 4684745516066883, 4684745516066883, 4684745516066883, 4684745516066883, 4684745516066883, 4684745516066883, 4684745516066883, 4684745516066883, 4684745516066883, 4684745516066883, 4684745516066883, 4684745516066883, 4684745516066883, 4684745516066883, 4684745516066883, 4684745516066883, 4684745516066883, 4684745516066883, 4684745516066883, 4684745516066883, 4684745516066883, 4684745516066883, 4684745516066883, 4684745516066883, 4684745516066883, 4684745516066883, 4684745516066883, 4684745516066883, 4684745516066883, 4684745515542595, 4684745515542595, 4684745515542595, 4684745515542595, 4684745515542595, 4684745515542595, 4684745515542595, 4684745515542595, 4684745515543619]
[4684745516066882, 4684745516066882, 4684745516066882, 4684745516066882, 4684745516066882, 4684745516066882, 4684745516066882, 4684745516066882, 4684745516066882, 4684745516066882, 22699144025548866, 22699144025548866, 22699144025548866, 22699144025548866, 22699144025548866, 22699144025548866, 22699144025548866, 22699144025548866, 23262093978970178, 23262093978970178, 23262093978970178, 23262094113187906]
[4684745516066882, 4684745516066882, 4684745516066882, 4684745516066882, 4684745516066882, 4684745516066882, 4684745516066882, 4684745516066882, 4684745516066882, 4684745516066882, 4684745516066882, 4684745516066882, 4684745516066882, 4684745516066882, 4684745516066882, 4684745516066882, 4684745516066882, 4684745516066882, 4684745516066882, 4684745516066882, 4684745516066882, 4684745516066882, 4684745516066882, 4684745516066882, 4684745516066882, 4684745516066882, 4684745516066882, 4684745516066882, 4684745516066882, 4684745516066882, 4684745516066882, 4684745516066882, 4684745516066882, 4684745516066882, 4684745516066882, 4684745516066882, 4684745516066882, 4684745516066882, 4684745516066882, 4684745516066882, 4684745516066882, 4684745516066882, 4684745516066882, 4684745516066882, 4684745516066882, 4684745516066882, 4684745516066882, 4684745516066882, 4684745516066882, 4684745516066882, 4684745516066882, 4684745516066882, 4684745516066882, 4684745516066882, 4684745516066882, 4684745516066882, 4684745516066882, 4684745516066882, 4684745516066882, 4684745516066882, 4684745516066914, 4684745516066914, 4684745516066914, 4684745516066914, 4684745516066914, 4684745516066914, 4684745516066914, 4684745516066914, 4684745516066914, 4684745516066914, 4684745516066914, 4684745516066914, 4684745516066914, 4684745516066914, 4684745516066914, 4684745516066914, 4684745516066914, 4684745516066914, 4684745516066914, 4684745516066914, 4684745516066914, 4684745516066914, 4684745516066914, 4684745516066914, 4684745516066914, 4684745516066914, 4684745516066914, 4684745516066914, 4684745516066914, 4684745516066914, 4684745516066914, 4684745516066914, 4684745516066914, 4684745516066914, 4684745516066914, 4684745516066914, 4684745516066914, 4684745516066914, 4684745516066914, 4684745516066914, 4684745516066914, 4684745516066914, 4684745516066914, 4684745516066914, 4684745516066882, 4684745516066882, 4684745516066882, 4684745516066882, 4684745516066882, 4684745516066882, 4684745518164034, 4684745518164034, 4684745518164034, 4684745518164034, 4684745518164034, 5247695471585346, 5247695471585346, 5247695471585346, 5247695471585346, 5247695471585346, 5247695471585346, 5247695471585346, 5247695471585346, 5247695471585346, 5247695471585474]
[4684745516066882, 4684745516066882, 4684745516066882, 4684745516066882, 4684745516066882, 4684745516066882, 4684745516066882, 4684745516066882, 4684745516066883, 4684745516066883, 4684745516066883, 4684745516066883, 4684745516066883, 4684745516066883, 4684745516066883, 4684745516066883, 4684745516066883, 4684745516066883, 4684745516066883, 4684745516066883, 4684745516066883, 4684745516066883, 4702337702111299, 4702337702111299, 4702337702111299, 4702337702111299, 4702337702111299, 4702337702111299, 4702337702111299, 4702337702111299, 4702337702111299, 4702337702111299, 4702337702111299, 4702337702111299, 4702337702111299, 4702337702111299, 4702337702111299, 4702337702111299, 4702337702111299, 4702337702111299, 4702337702111299, 4702337702111299, 4702337702111299, 4702337702111299, 4702337702111299, 4702337702111299, 4702337702111299, 4702337702111299, 4702337702111299, 4702337702111299, 4702337702111299, 4702337702111299, 4702337702111299, 4702337702111299, 4702337702111299, 4702337702111299, 4702337702111299, 4702337702111299, 4702337702111299, 4702337702111299, 4702337702111299, 4702337702111299, 5265287655532611]
[4684745516066882, 4684745516066882, 4684745516066882, 4684745516066882, 4684745516066882, 4684745516066882, 4684745516066882, 4684745516066882, 4684745516066882, 4684745516066882, 4684745516066882, 4684745516066882, 4684745516066882, 4684745516066882, 4684745516066882, 4684745516066882, 4684745516066882, 4684745516066882, 4684745516067010, 4684745516067010, 4684745516067010, 4684745516067010, 4684745516067010, 4684745516067010, 4684745516067010, 4684745516067010, 4684745516067010, 4684745516067010, 4684745516067010, 4684745516067010, 4684745516067010, 4684745516067010, 4684745516067010, 4684745516067010, 4684745516067010, 4684745516067010, 4684745516067010, 4684745516067010, 4684745516067010, 4684745516067010, 4684745516067010, 4684745516067010, 4684745516067010, 4684745516067010, 4684745516067010, 4684745516067010, 4684745516067010, 4684745516067010, 4684745516067010, 4684745516067010, 4684745516067010, 4684745516067010, 4684745516067010, 4684745516067010, 4684745516067010, 4684745516067010, 4684745516067010, 4684745516067010, 4684745516067010, 4684745516067010, 4684745516067010, 4684745516067010, 4684745516067010, 4684745516067010, 4684745516067010, 4684745516067010, 4684745516067010, 4684745516067010, 4684745516067010, 4684745516067010, 4684745516066882, 4684745516066882, 4684745516066882, 4684745516066882, 4684745516066882, 4684745516066882, 4684745516066882, 4684745516066882, 4684745516066882, 4684745516066882, 4684745516066882, 4684745516066882, 4684745516066882, 4684745516066882, 4684745516066882, 4684745516066882, 4684745516066882, 4684745516066882, 4684745516066882, 181145888696386, 181145888696386, 181145888696386, 181145888696386, 181145888696386, 181145888696386, 181145888696386, 181145888696386, 181145888696386, 181145888696386, 181145888696386, 181145888696386, 181145888696386, 181145888696386, 181145888696386, 181145888696386, 181145888696386, 181145888696386, 181145888696386, 181145888696386, 181145888696386, 181145888696386, 181145888696386, 4684745516066882, 4684745516066882, 4684745516066882, 4684745516066882, 4684745516066882, 4684745516066882, 4684745516066882, 4684745516066882, 4684745516066882, 4684745516066882, 4684745516066882, 4684745516066882, 4684745516066882, 4684745516066882, 4684745516066882, 4684745516066882, 4684745516066882, 4684745516066882, 4684745516066882, 4684745516064834, 4684745516064834, 4684745516064834, 4684745516064834, 4684745516064834, 4684745516064834, 4684745516064834, 4684745516064834, 4684745516064834, 4684745516064834, 4684745516064834, 4684745516064834, 4684745516064834, 4684745516064834, 4684745516064834, 4684745516064834, 4684745516064834, 4684745516064834, 4684745516064834, 4684745516064834, 4684779875803202, 4684779875803202, 4684779875803202, 4684779875803202, 4684779875803202, 4684848595279938]
[4684745516066882, 4684745516066882, 4684745516066882, 4684745516066882, 4684745516066882, 4684745516066882, 4684745516066882, 4684745516066882, 4684745516066882, 4684745516066882, 4684745516066882, 4684745516066882, 4684745516066882, 4684745516066882, 4684745516066882, 4684745516066882, 4684745516066882, 4684745516066882, 4684745516066882, 4684745516066882, 4684745516066882, 4684745516066882, 4684745516066882, 4684745516066882, 4684745516066882, 4684745516066882, 4684745516066882, 4684745516066882, 4684745516066882, 4684745516066882, 4684745516066882, 4684745516066882, 4684745516066882, 4684745516066882, 4684745516066882, 4684745516066882, 4684745516066882, 4684745516066882, 4684745516066882, 4684745516066882, 4684745516066882, 4684745516066882, 4684745516066882, 4693541609089090, 4693541609089090, 4693541609089090, 4693541609089090, 4693541609089090, 4693541609089090, 4693541609089090, 4693541609089090, 4693541609089090, 4693541609089090, 4693541609089090, 4693541609089090, 4693541609089090, 4693541609089090, 4693541609089090, 4693541609089090, 4693541609089090, 4693541609089090, 4693541609089090, 4693541609089090, 4693541609089090, 4684745516066882, 4684745516066882, 4684745516066882, 4684745516066882, 4684745516066882, 4684745516066882, 4684745516066882, 4684745516066882, 4684745516066882, 4684745516066882, 4684745516066882, 4684745516066882, 4684745516066882, 4684745516066882, 4684746052937794, 4684746052937794, 4684746052937794, 4684746052937794, 4684746052937794, 4684746052937794, 4684746052937794, 4684746052937794, 4684746052937794, 4684746052937794, 4684746052937794, 4702338238982210, 4702338238982210, 4702338238982210, 4702338238982210, 4702338238982242]
[4684745516066882, 4684745516066882, 4684745516066882, 4684745516066882, 4684745516066882, 4684745516066882, 4684745516066882, 4684745516066882, 4684745516066882, 4684745516066882, 4684745516066882, 4684745516066882, 4684745516066882, 4684745516066882, 4684745516066882, 4684745516066882, 4684745516066882, 4684745516066882, 4684745516066882, 4684745516066882, 4684745516066882, 4684745516066882, 4684745516066882, 4684745516066882, 4684745516066882, 4684745516066882, 4684745516066882, 4684745516066882, 4684745516066882, 4684745516066882, 4684745516066882, 4684745516066882, 4684745516066882, 4684745516066882, 4684745516066882, 4684745516066882, 4684745516066882, 4684745516066882, 4684745516066882, 4684745516066882, 4684745516066882, 4684745516066882, 4684745516066882, 4684745516066882, 4684745516066882, 4684745516066882, 4684745516066882, 4684745516066882, 4684745516066882, 4684745516066882, 4684745516066882, 4684745516066882, 4684745516066882, 4684745516066882, 4684745516066882, 4684745516066882, 4684745516066882, 4684745516066882, 4684745516066882, 4684745516066882, 4684745516066882, 4684745516066882, 4684745516066882, 4684745516066882, 4684745516066882, 4684745516066882, 4684745516066882, 4684745516066882, 4684745516066882, 4684745516066882, 4684745516066882, 4684745516066882, 4684745516066882, 4684745516066882, 4684745516066882, 4684745516066882, 4684745516066882, 4684745516066882, 4684745516066882, 4684745516066882, 4684745516066882, 4684745516066882, 4684745516066882, 4684745516066882, 4684745516066882, 4684745516066882, 4684745516066882, 4684745516066882, 4684745516066882, 4684745516066882, 4684745516066882, 4684745516066882, 4684745516066882, 4684745516066882, 5247695469488194, 5247695469488194, 5247695469488194, 5247695469488194, 5247695469488194, 5247695469488194, 5247695469488194, 5247695469488194, 5247695469488194, 5247695469488194, 5247695469488194, 5247695469488194, 5247695469488194, 5247695469488194, 5247695469489218, 5247695469489218, 5247695469489218, 5247695469489218, 5247695469489218, 5247695469489218, 5247695469489218, 5247695469489218, 5247695469489218, 5247695469489218, 5247695469489218, 5247695469489218, 5247695469489218, 5247695469489218, 5247695469489218, 5247695469489218, 5247695469489218, 5247695469489218, 5247695469489218, 5247696006360130]
[4684745516066882, 4684745516066882, 4684745516066882, 4684745516066882, 4684745516066882, 4684745516066882, 4684745516066882, 4684745516066882, 4684745516066882, 4684745516066882, 4684745516066882, 4684745516066882, 4684745516066882, 4684745516066882, 4684745516066882, 4684745516066882, 4684745516066882, 4684745516066882, 4684745516066882, 4684745516066882, 4684745516066882, 4684745516066882, 4684745516066882, 4684745516066882, 4684745516066882, 4684745516066882, 4684745516066882, 4684745516066882, 4684745516066882, 4684745516066882, 4684745516066882, 4684745516066882, 4684745516066882, 4684745516066882, 4684745516066882, 4684745516066882, 4684745516066882, 4684745516066882, 4684745516066882, 4684745516066882, 4684745516066882, 4684745516066882, 4684745516066882, 4684745516066882, 4684745516066882, 4684745516066882, 4684745516066882, 4684745516066882, 4684745516066882, 4684745516066882, 4684745516066882, 4684745516066882, 4684745516066882, 4684745516066882, 4684745516066882, 4684745516066882, 4684745516066882, 4684745516066882, 4684745516066882, 4684745516066882, 4684745516066882, 4684745516066882, 4684745516066882, 4684745516066882, 4684745516066882, 4684745549621314, 4684745549621314, 4684745549621314, 4684745549621314, 4684745549621314, 4684745549621314, 4684745549621314, 4684745549621314, 4684745549621314, 4684745549621314, 4684745549621314, 4684745549621314, 4684745549621314, 4684745549621314, 4684745549621314, 4684745549621314, 4684745549621314, 4684745549621314, 4684745549621314, 4684745549621314, 4684745549621314, 4684745549621312, 4684745549621312, 4684745549621312, 4684745549621312, 4684745549621312, 4684745549621312, 4684745549621312, 4684745549621312, 4684745549621312, 4684745549621312, 4684745549621312, 4684745549621312, 4684745549621312, 22699144059103296]
[4684745516066882, 4684745516066882, 4684745516066882, 4684745516066882, 4684745516066882, 4684745516066882, 4684745516066882, 4684745516066882, 4684745516066882, 4684745516066882, 4684745516066882, 4684745516066882, 4684745516066882, 4684745516066882, 4684745516066882, 4684745516066882, 4684745516066882, 4684745516066882, 4684745516066882, 4684745516066882, 4684745516066882, 4684745516066882, 4684745516066882, 4684745516066882, 4684745516066882, 4684745516066882, 4684745516066882, 4684745516066882, 4684745516066882, 4684745516066882, 4684745516066882, 4684745516066882, 181145888696386, 181145888696386, 181145888696386, 181145888696386, 181145888696386, 181145888696386, 181145888696386, 181145888696386, 181145888696386, 181145888696386, 181145888696386, 181145888696386, 181145888696386, 181145888696386, 181145888696386, 181145888696386, 181145888696386, 181145888696386, 181145888696386, 181145888696386, 181145888696386, 181145888696386, 181145888696386, 181145888696386, 181145888696386, 181145888696386, 181145888696386, 181145888696386, 181145888696386, 181145888696386, 181145888696386, 181145888696386, 181145888696386, 181145888696386, 181145888696386, 181145888696386, 181145888696386, 181145888696386, 181145888696386, 181145888696386, 181145888696386, 181145888696386, 181145888696386, 181145888696386, 181145888696386, 181145888696386, 181145888696386, 181145888696386, 181145888696386, 181145888696386, 181145888696386, 4684745516066882, 4684745516066882, 4684745516066882, 4684745516066882, 4684745516066882, 4684745516066882, 4684745516066882, 4684745516066882, 4684745516066882, 4684745516066882, 4684745516066882, 4684745516066882, 4684745516066882, 4684745516066882, 4684745516066882, 4684745516066882, 4684745516066882, 4684745516066882, 4684745516066882, 4684745516066882, 4684745516066882, 4684745516066882, 4684745516066882, 4684745516066882, 4684745516066882, 4684745516066882, 4684745516066882, 4684745516066882, 4684745516066882, 4684745516066882, 4684744442325058, 4684744442325058, 4684744442325058, 4684744442325058, 4684744442325058, 4684744442325058, 4684744442325058, 4684744442325058, 4684744442325058, 4684744442325058, 4684744442325058, 4684744442325058, 4684744442325058, 4684744442325058, 4684744442325058, 4684744442325058, 4684744442325058, 4684744442325058, 4684744475879490, 4684744475879490, 4684744475879490, 4684744475879490, 4684744475879490, 4684744475879490, 4684744475879490, 4684744475879490, 4684744475879490, 4684744475879490, 4684744442325058, 4684744442325058, 4684744442325058, 4684744442325058, 4684744442325058, 4684744442325058, 4684744442325058, 4684744442325058, 4684744442325058, 4684744442325058, 4684744442325058, 4684744442325058, 4684744442325058, 4684744442325058, 4684744442325058, 4684744442325058, 4684744442325058, 4684744442325058, 4684744442325058, 4684744442325058, 4684744442325058, 4684744442325058, 4684744442325058, 4684744442325058, 4684744442325058, 4684744442325058, 4684744442325058, 4684744442325058, 4684744442325058, 4684744442325058, 4684744442325058, 4684744442325058, 4684744442325058, 4684744442325058, 4684744442325058, 4684744442325058, 4684744442325058, 4684744442325058, 4684744442325058, 4684744442325058, 4684744442325058, 4684744442325058, 4684744442325058, 4684744442325058, 4684744442325058, 4684744442325058, 4684744442325058, 4684744442325058, 4684744442325058, 4684744442325058, 4684744442325058, 4684744442325058, 4684744442325058, 4684744442325058, 4684744442325058, 4684744442325058, 4684744442325058, 4684744442325058, 4684744442325058, 4684744442325058, 4684744442325058, 4684744442325058, 4684744442325058, 4684744442325058, 4684744442325058, 4684744442325058, 4684744442325058, 4684744442325058, 4684744442325058, 4684744442325058, 4684744442325058, 4684744442325058, 4684744442325058, 4684744442325058, 4684744442325058, 4684744442325058, 4684744442325058, 4684744442325058, 4684744442325058, 4684744442325058, 4684744442325058, 4684744442325058, 4684744442325058, 4684744442325058, 4684744442325058, 4684744442325058, 4684744442325058, 4684744442325058, 4684744442325058, 4684744442325058, 4684744442325058, 4684744442325058, 4684744442325058, 4684744442325058, 4684744442325058, 4684744442325058, 4684744442325058, 4684744442325058, 4684744442325058, 4684744442325058, 4684744442325058, 4684744442325058, 4684744442325058, 4684744442325058, 4684744442325058, 4684744442325058, 4684744442325058, 4684744442325058, 4684744442325058, 4684744442325058, 4684744442325058, 4684744442325058, 4684744442325058, 4684744442325058, 4684744442325058, 4684744442325058, 4684744442325058, 4684744442325058, 4684744442325058, 4684744442325058, 4684744442325058, 4684744442325058, 4684744442325058, 4684744442325058, 4684744442325058, 4684744442325058, 4684744442325058, 4684744442325058, 4684744442325058, 4684744442325058, 4684744442325058, 4684744442325058, 4684744442325058, 4684744442325058, 4684744442325058, 4684744442325058, 4684744442325058, 4684744442325058, 4684744442325058, 4684744442325058, 4684744442325058, 4684744442325058, 4684744442325058, 4684744442325058, 4684744442325058, 4684744442325058, 4684744442325058, 4684744442325058, 4684744442325058, 4684744442325058, 4684744442325058, 4684744442325058, 4684744442325058, 4684744442325058, 4684744442325058, 4684744442325058, 4684744442325058, 4684744442325058, 4684744442325058, 4684744442325058, 4684744442325058, 4684744442325058, 4684744442325058, 4684744442325058, 4684744442325058, 4684744442325058, 4684744442325058, 4684744442325058, 4684744442325058, 4684744442325058, 4684744442325058, 4684744442325058, 4684744442325058, 4684744442325058, 4684744442325058, 4684744442325058, 4684744442325058, 4684744442325058, 4684744442325058, 4684744442325058, 4684744442325058, 4684744442325058, 4684744442325058, 4684744442325058, 4684744442325058, 4684744442325058, 4684744442325058, 4684744442325058, 4684744442325058, 4684744442325058, 4684744442325058, 4684744442325058, 4684744442325058, 4684744442325058, 4684744442325058, 5247694395746370, 5247694395746370, 5247694395746370, 5247694395746370, 5247694395746370, 5247694395746370, 5247694395746370, 5247694395746370, 5247694395746370, 5247694395746370, 5247694395746498]
[4684745516066882, 4684745516066882, 4684745516066882, 4684745516066882, 4684745516066882, 4684745516066882, 4684745516066882, 4684745516066882, 4684745516066882, 4684745516066882, 4684745516066882, 4684745516066882, 4684745516066882, 4684745516066882, 4684745516066882, 4684745516066882, 4684745516066882, 4684745516066882, 4684745516066882, 4684745516066882, 4684745516066882, 4684745516066882, 4684745516066882, 4684745516066882, 4684745516066882, 4684745516066882, 4684745516066882, 4684745516066882, 4684745516066882, 4684745516066882, 4684745516066882, 4684745516066882, 4684745516066882, 4684745516066882, 4684745516066882, 4684745516066882, 4684745516066882, 4684745516066882, 4684745516066882, 4684745516066882, 4684745516066882, 4684745516066882, 4684745516066882, 4684745516066882, 4684745516066882, 4684745516066882, 4684745516066882, 4684745516066882, 4684745516066882, 4684745516066882, 4684745516066882, 4684745516066882, 4684745516066882, 4684745516066882, 4684745516066882, 4684745516066882, 4684745516066882, 4684745516066882, 4684745516066882, 4684745516066882, 4684745516066882, 4684745516066880, 4684745516066880, 4684745516066880, 4684745516066880, 4684745516066880, 4684745516066880, 4684745516066880, 4684745516066880, 4684745516066880, 4684745516066880, 4684745516066880, 4684745516066880, 4684745516066880, 4684745516066880, 4684745516066880, 4684745516066880, 4684745516066880, 4684745516066880, 4684745516066880, 4684745516066880, 4684745516066880, 4684745516066880, 4684745516066880, 4684745516066880, 4684745516066880, 4684745516066880, 4684745516066880, 4684745516066880, 4684745516066880, 4684745516066880, 4684745516066880, 4684745516066880, 4684745516066880, 4684745516066880, 4684745516066880, 4684745516066880, 4684745516066880, 4684745516066880, 4684745516066880, 4684745516066880, 4684745516066880, 4684745516066880, 4684745516066880, 4684745516066880, 4684745516066880, 4684745516066880, 4684745516066880, 4684745516066880, 4684745516066880, 4684745516066880, 4684745516066880, 4684745516066880, 4684745516066880, 4684745516066880, 4684745516066880, 4684745549621312, 4684745549621312, 4684745549621312, 4684745549621312, 4684745549621312, 4684745549621312, 4684745549621312, 4684745549621312, 4684745549621312, 4684745549621312, 4684745549621312, 181145922250816]
[4684745516066882, 4684745516066882, 4684745516066882, 4684745516066882, 4684745516066882, 4684745516066882, 4684745516066882, 4684745516066882, 4684745516066882, 4684745516066882, 4684745516066882, 4684745516066882, 4684745516066882, 4684745516066882, 4684745516066882, 4684745516066882, 4684745516066882, 4684745516066882, 4684745516066882, 4684745516066882, 4684745516066882, 4684745516066882, 4684745516066882, 4684745516066882, 4684745516066882, 4684745516066882, 4684745516066882, 4684745516066882, 4684745516066882, 4684745516066882, 4684745516066882, 4684745516066882, 4684745516066882, 4684745524455490, 4684745524455490, 4684745524455490, 4684745524455490, 4684745524455490, 4684745524455490, 4684745524455490, 4684745558009922, 4684745558009922, 4684745558009922, 4684745558009922, 4684745558009922, 4684745558009922, 4684745558009922, 4684745558009922, 4684745558009922, 4684745558009922, 4684745558009922, 4684745558009922, 4684745558009922, 4684745558009922, 4684745558009922, 4684745558009922, 4684745558009922, 4684745558009922, 4684745558009922, 4684745558009922, 4684745558009922, 4684745558009922, 4684745524455490, 4684745524455490, 4684745524455490, 4684745524455490, 4684745524455490, 4684745524455490, 4684745524455490, 4684745524455490, 4684745524455490, 4684745524455490, 4684745524455490, 4684745524455490, 4684745524455490, 4684745524455490, 4684745524455490, 4684745524455490, 4684745524455490, 4684745524455490, 4684745524455490, 4684745524455490, 4684745524455490, 4684745524455490, 4684745524455490, 4684745524455490, 4684745524455490, 5247695477876802, 5247695477876802, 5247695477876802, 5247695477876802, 5247695477876802, 5247695477876802, 5247695477876802, 5247695477876802, 5247695477876802, 5247695477876802, 5247695477876802, 5247695477876802, 5247695477876802, 5247695477876802, 5247695477876802, 5247695477876802, 5247695477876802, 5247695477876802, 5247695477876802, 5247695477876802, 5247695477876802, 5247695477876802, 5247695477876802, 5247695477876802, 5247695477876802, 5247695477876802, 5247694404134978]
[4684745516066882, 4684745516066882, 4684745516066882, 4684745516066882, 4684745516066882, 4684745516066882, 4684745516066882, 4684745516066882, 4684745516066882, 4684745516066882, 4684745516066882, 4684745516066882, 4684745516066882, 4684745516066882, 4684745516066882, 4684745516066882, 4684745516066882, 4684745516066882, 4684745516066882, 4684745516066882, 4684745516066882, 4684745516066882, 4684745516066882, 4684745516066882, 4684745516066882, 4684745516066882, 4684745516066882, 4684745516066882, 4684745516066882, 4684745516066882, 4684745516066882, 4684745516066882, 5247695469488194, 5247695469488194, 5247695469488194, 5247695469488194, 5247695469488194, 5247695469488194, 5247695469488202, 5247695469488202, 5247695469488202, 5247695469488202, 5247695469488202, 5247695469488202, 5247695469488194, 5247695469488194, 5247695469488194, 5247695469488194, 5247695469488194, 5247695469488194, 5247695469488194, 5247695469488194, 5247695471585346, 5247695471585346, 5247695471585346, 5247695471585346, 5247695471585346, 5247695471585346, 5247695471585346, 5247695471585346, 5247695471585346, 5247695471585346, 5247695471585346, 5247695471585346, 5247695471585346, 5247695471585346, 5247695469488194, 5247695469488194, 5247695469488194, 5247695469488194, 5247695469488194, 5247695469488194, 4684745516066882, 4684745516066882, 4684745516066882, 4684745516066882, 4684745516066882, 4684745516066882, 4684745516066882, 4684745516066882, 4684745516066882, 4684745516066882, 4684745516066882, 4684745516066882, 4684745516066882, 4684745516066882, 4684745516066882, 4684745516066882, 4684745516066882, 4684745516066882, 5247695469488194, 5247695469488194, 5247695469488194, 5247695469488194, 5247695469488194, 5247695469488194, 5247695469488194, 5247695469488194, 5247695469488194, 5247695469488194, 5247695469488194, 5247695469488194, 5247695469488194, 5247695469488194, 5247695469488194, 5247695469488226, 5247695469488226, 5247695469488226, 5247695469488226, 5247695469488226, 5247695469488226, 5247695469488226, 5247695469488226, 5247695469488226, 5247695469488226, 5247695469488226, 5247695469488226, 5247695469488226, 5247695469488226, 5247695469488194, 5247695469488194, 5247695469488194, 5247695469488194, 5247695469488194, 5247695469488194, 5247695469488194, 5247695469488194, 5247695469488194, 5247695469488194, 5247695469488194, 5247695469488194, 5247695469488194, 5247695469488194, 5247695469488194, 5247695469488194, 5247695469488194, 5247695469488194, 5247695469488194, 5247695469488194, 5247695469488194, 5247695469488194, 5247695469488194, 5247695469488194, 5247695469488194, 5247695469488194, 5247695469488194, 5247695469488194, 5247695469488194, 5247695469488194, 5247695469488194, 5247695469488322, 5247695469488322, 5247695469488322, 5247695469488322, 5247695469488322, 5247695469488322, 5247695469488322, 5247695469488322, 5247695469488322, 5247695469488322, 5247695469488322, 5247695469488322, 5247695469488354]
[4684745516066882, 4684745516066882, 4684745516066882, 4684745516066882, 4684745516066882, 4684745516066882, 4684745516066882, 4684745516066882, 4684745516066882, 4684745516066882, 4684745516066882, 4684745516066882, 4684745516066882, 4684745516066882, 4684745516066882, 4684745516066882, 4684745516066882, 4684745516066882, 4684745516066882, 4684745516066882, 4684745516066882, 4684745516066882, 4684745516066882, 4684745516066882, 4684745516066882, 4684745516066882, 4684745516066882, 4684745516066882, 4684745516066882, 4684745516066882, 4684745516066882, 4684745516066882, 4684745516066882, 4684745516066882, 4684745516066882, 4684745516066882, 4684745516066882, 4684745516066882, 4684745516066882, 4684745516066882, 4684745516066882, 4684745516066882, 4684745516066882, 4684745516066882, 4684745516066882, 4684745516066882, 4684745516066882, 4684745516066882, 4684745516066882, 4684745516066882, 4684745516066882, 4684745516066882, 4684745516066882, 4684745516066882, 4684745516066882, 4684745516066882, 4684745516066882, 4684745516066882, 4684745516066882, 4684745516066882, 4684745516066882, 4684745516066882, 4684745516066882, 4684745516066882, 4684745516066890, 4684745516066890, 4684745516066890, 4684745516066890, 4684745516066890, 4684745516066890, 4684745516066890, 4684745516066890, 4684745516066890, 4684745516066890, 4684745516066890, 4684745516066890, 4684745516066890, 4684745516066890, 4684745516066890, 4684745516066890, 4684745516066890, 5247695469488202, 5247695469488202, 5247695469488202, 5247695469488202, 5247695469488202, 5247695469488202, 5247695469488202, 5247695469488202, 5247695469488202, 5247695469488202, 5247695469488202, 5247695469488202, 23262093978970186]
[4684745516066882, 4684745516066882, 4684745516066882, 4684745516066882, 4684745516066882, 4684745516066882, 4684745516066882, 4684745516066882, 4684745516066882, 4684745516066882, 4684745516066882, 4684745516066882, 4684745516066882, 4684745516066882, 4684745516066882, 4684745516066882, 4684745516066882, 4684745516066882, 4684745516066882, 4684745516066882, 4684745516066882, 4684745516066882, 4684745516066882, 4684745516066882, 4684745516066882, 4684745516066882, 4684745516066882, 4684745516066882, 4684745516066882, 4684745516066882, 4684745516066882, 4684745516066882, 4684745516066882, 4684745516066882, 4684745516066882, 4684745516066882, 4684745516066882, 4684745516066882, 4684745516066882, 4684745516066882, 4684745516066882, 4684745516066882, 4684745516066882, 4684745516066882, 4684745516066882, 4684745516066882, 4684745516066882, 4684745516066882, 4684745516066882, 4684745516066882, 4684745516066882, 4684745516066882, 4684745516066882, 4684745516066882, 4684745516066882, 4684745516066882, 4684745516066882, 4684745516066882, 4684745516066882, 4684745516066882, 4684745516066882, 4684745516066882, 4684745516066882, 4684745516066882, 4684745516066882, 4684745516066882, 4684745516066882, 4684745516066882, 4684745516066882, 4684745516066882, 4684745516066882, 4684745516066882, 4684745516066882, 4684745516066882, 4684745516066882, 4684745516066882, 4684745516066882, 4684745516066882, 4684745516066882, 4684745516066882, 4684745516066882, 4684745516066882, 4684745516066882, 4684745516066882, 4684745516066882, 4684745516066882, 4684745516067906, 4684745516067906, 4684745516067906, 4684745516067906, 4684745516067906, 4684745516067906, 4684745516067906, 4684745516067906, 4684745516067906, 4684745516067906, 4684745516067906, 4684745516067906, 4684745516067906, 4684745516067906, 4684745516067906, 4684745516067906, 4684745516067906, 4684745516067906, 4684745516067906, 4684745516067906, 4684745516067906, 4684745516067906, 4684745516067906, 4684745516067906, 4684745516067906, 4684745516067906, 4684745516067906, 4684745516067906, 4684745516067906, 4684745516067906, 4684745516067906, 4684745516067906, 4684745516067906, 4684745516067906, 4684745516067906, 4684745516067906, 4702337702112322, 4702337702112322, 4702337702112322, 4702337702112322, 4702337702112322, 4702337702112322, 4702337702112322, 4702337702112322, 4702337702112322, 4702337702112322, 4702337702112322, 4702337702112322, 4702337702112322, 4702337702112322, 4702337702112322, 4702337702112322, 4702337702112322, 4702337702112322, 4702337702112322, 4702337702112322, 4702337702112322, 4702337702112322, 4702337702112322, 4702337702112322, 4702337702112322, 4702337702112322, 4702337702112322, 4702337702112322, 4702337702112322, 4702337702112322, 4702337702112322, 4702337702112322, 4702337702112322, 4702337702112322, 4702337702112322, 4702337702112322, 4702337702112322, 4702337702112322, 4702337702112322, 4702337702112322, 4702337702112322, 4702337702112322, 4702337702112322, 4702337702112322, 4702337702112322, 4702337702112322, 4702337702112322, 4702337702112322, 4702337702112322, 4702337702112322, 4702337702112322, 4702337702112322, 4702337702112322, 4702337702112322, 4702337702112322, 4702337702112322, 4702337702112322, 4702337702112322, 4702337702112322, 4702337702112322, 4702337702112322, 4702337702112322, 22716736211594306]
[4684745516066882, 4684745516066882, 4684745516066882, 4684745516066882, 4684745516066882, 4684745516066882, 4684745516066882, 4684745516066882, 4684745516066882, 4684745516066882, 4684745516066882, 4684745516066882, 4684745516066882, 4684745516066882, 4684745516066882, 4684745516066882, 4684745516066882, 4684745516066882, 4684745516066882, 4684745516066882, 4684745516066882, 4684745516066882, 4684745516066882, 4684745516066882, 4684745516066882, 4684745516066882, 4684745516066882, 4684745516066882, 4684745516066882, 4684745516066882, 4684745516066882, 4684745516066882, 4684745516066882, 4684745516066882, 4684745516066882, 4684745516066882, 4684745516066882, 4684745516066882, 4684745516066882, 4684745516066882, 4684745516066882, 4684745516066882, 4684745516066882, 4684745516066882, 4684745516066882, 4684745516066882, 4684745516066882, 4684745516066882, 4684745516066882, 4684745516066882, 4684745516066882, 4684745516066882, 4684745516066882, 4684745516066882, 4684745516066882, 4684745516066882, 4684745516066882, 4684745516066882, 4684745516066882, 4684745516066882, 4684745516066882, 4684745516066882, 4684745516066882, 4684745516066882, 4684745516066882, 4684745516066882, 4684745516066882, 4684745516066882, 181145888696386, 181145888696386, 181145888696386, 181145888696386, 181145888696386, 181145888696386, 4684745516066882, 4684745516066882, 4684745516066882, 4684745516066882, 4684745516066882, 4684745516066882, 4684745516066882, 4684745516066882, 4684745516066882, 4684745516066882, 4684745516066882, 4684745516066882, 4684745516066882, 4684745516066882, 4684745516066882, 4684745516066882, 4684745516066882, 4684745516066882, 4684745516066882, 4684745516066882, 4684745516066882, 4684745516066882, 4684745516066882, 4684745516066882, 4684745516066882, 4684745516066882, 4684745516066882, 4684745516066882, 4684745516066882, 4684745516066882, 4684745516066882, 4684745516066882, 4684745516066882, 4684745516066882, 4684745524455490, 4684745524455490, 4684745524455490, 4684745524455490, 4684745524455490, 4684745524455490, 4684745524455490, 4684745524455490, 4684745524455490, 4684745524455490, 4684744450713666, 4684744450713666, 4684744450713666, 4684744450713666, 4684744450713666, 4684744450713666, 4684744450713666, 4684744450713666, 4684744450713666, 4684744450713666, 4684744450713666, 4684744450713666, 4684744450713666, 4684744450713666, 4684744450713666, 4684744450713666, 4684744450713666, 4684744450713666, 4684744450713666, 4684744450713666, 4684744450713666, 4684744450713666, 4684744450713666, 4684744452810818]
[4684745516066882, 4684745516066882, 4684745516066882, 4684745516066882, 4684745516066882, 4684745516066882, 4684745516066882, 4684745516066882, 4684745516066882, 4684745516066882, 4684745516066882, 4684745516066882, 4684745516066882, 4684745516066882, 4684745516066882, 4684745516066882, 4684745516066882, 4684745516066882, 4684745516066882, 4684745516066882, 4684745516066882, 4684745516066882, 4684745516066882, 4684745516067010, 4684745516067010, 4684745516067010, 4684745516067010, 4684745516066882, 4684745516066882, 4684745516066882, 4684745516066882, 4684745516066882, 4684745516066882, 4684745516066882, 4684745516066882, 4684745516066882, 4684745516066882, 4684745516066882, 4684745516066882, 4684745516066882, 4684745516066882, 4684745516066882, 4684745516066882, 4684745516066882, 4684745524455490, 4684745524455490, 4684745524455490, 4684745524455490, 4684745524455490, 4684745524455490, 4684745524455490, 4684745524455490, 4684745524455490, 4684745524455490, 4684745524455490, 4684745524455490, 4684745524455490, 4684745524455490, 4684745524455490, 4684745524455490, 4684745524455490, 4684745524455490, 4684745524455490, 4684745524455490, 4684745524455490, 4684745524455490, 4684745524455490, 4684745524455746, 4684745524455746, 4684745524455746, 4684745524455746, 4684745524455746, 4684745524455746, 4684745524455746, 4684745524455746, 4684745524455746, 4684745524455746, 4684745524455746, 4684745524455746, 4684745524455746, 4684745524455746, 4684745524455746, 4684745524455746, 4684745524455746, 4684745524455746, 4684745524455746, 4684745524455746, 4684745524455746, 4684745524455746, 4684745524455746, 4684745524455746, 4684745524455746, 4684745524455746, 4684745524455746, 4684779884194114]
[4684745516066882, 4684745516066882, 4684745516066882, 4684745516066882, 4684745516066882, 4684745516066882, 4684745516066882, 4684745516066882, 4684745516066882, 4684745516067906, 4684745516067906, 4684745516067906, 4684744442326082, 4684744442326082, 4684744442326082, 4684744442326082, 4684744442326082, 4684744442326082, 4684744442326082, 4684744442326082, 4684744442326082, 4684744442326082, 4684744442326082, 4684744442326082, 4684744442326082, 4684744442326082, 4684744442326082, 4684744442326082, 4684744442326082, 4684744442326082, 4684744442326082, 4684744442326082, 4684744442326082, 4684744442326082, 4684744442326082, 4684744442326082, 4684744442326082, 4684744442326082, 5247694395747394]
[4684745516066882, 4684745516066882, 4684745516066882, 4684745516066882, 4684745516066882, 4684745516066882, 4684745516066882, 4684745516066882, 4684745516066882, 4684745516066882, 4684745516066882, 4684745516066882, 4684745516066882, 4684745516066882, 4684745516066882, 4684745516066882, 4684745516066882, 4684745516066882, 4684745516066882, 4684745516066882, 4684745516066898, 4684745516066898, 4684745516066898, 4684745516066898, 4684745516066898, 4684745516066898, 4684745516066898, 4684745516066898, 4684745516066898, 4684745516066898, 4684745516066898, 4684745516066898, 4684745516066898, 4684745516066898, 4684745516066898, 4684745516066898, 4684745516066898, 4684745516066898, 4684745516066898, 4684745516066898, 4684745516066898, 4684745516066898, 4684745516066898, 4684745516066898, 4684745516066898, 4684745516066898, 4684745516066898, 4684745516066898, 4684745516066898, 4684745516066898, 4684745516066898, 4684745516066898, 4684745516066898, 4684745516066898, 4684745516066898, 4684745516066898, 4684745516066898, 4684745516066898, 4684745549621330, 4684745549621330, 4684745549621330, 4684745549621330, 4684745549621330, 4684745549621330, 4684745549621330, 4684745549621330, 4684745549621330, 4684745549621330, 4684745549621330, 4684745549621330, 4684745549621330, 4684745549621330, 4684745549621330, 4684745549621330, 4684745549621330, 4684745549621330, 4684745549621330, 4684745549621330, 4684745549621330, 4684745549621330, 4684745549621330, 4684745549621330, 4684745549621330, 4684745281185874]
[4684745516066882, 4684745516066882, 4684745516066882, 4684745516066882, 4684745516066882, 4684745516066882, 4684745516066882, 4684745516066882, 4684745516066882, 4684745516066882, 4684745516066882, 4684745516066882, 4684745516066882, 4684745516066882, 4684745516066882, 4684745516066882, 4684745516066882, 4684745516066882, 4684745516066882, 4684745516066882, 4684745516066882, 4684745516066882, 4684745516066882, 4684745516066882, 4684745516066882, 4684745516066882, 4684745516066882, 4684745516066882, 4684745516066882, 4684745516066882, 4684745516066882, 4684745516066882, 4684745516066882, 4684745516066882, 4684745516066882, 4684745516066882, 4684745516066882, 4684745516066882, 4684745516066882, 4684745516066882, 4684745516066882, 4684745516066882, 4684745516066882, 4684745516066882, 4684745516066882, 4684745516066882, 4684745516066882, 4684745516066882, 4684745516066882, 4684745516066882, 4684745516066882, 4684745516066882, 4684745516066882, 4684745516066882, 4684745516066882, 4684745516066882, 4684745516066882, 4684745516066882, 4684745516066882, 4684745516066882, 4684745516066882, 4684745516066882, 4684745516066882, 4684745516066882, 4684745516066882, 4684745516066882, 4684745516066882, 4684745516066882, 4684745516066882, 4684745516066882, 4684745516066882, 4684745516066882, 4684745516066882, 4684745516066882, 4684745516066882, 4684745516066882, 4684745516066882, 4684745516066882, 4684745516066882, 4684745516066882, 4684745516066882, 4684745516066882, 4684745516066882, 4684745516066882, 4684745516066882, 4684745516066882, 4684745516066882, 4684745516066882, 4684745516066882, 4684745516066882, 4684745516066882, 4684745516066882, 4684745516066882, 4684745516066882, 4684745516066882, 4684745516066882, 4684745516066882, 4684745516066882, 4684745516066882, 4684745516066882, 4684745516066882, 4684745516066882, 4684745516066882, 4684745516066882, 4684745516066882, 4684745516066882, 4684745516066882, 4684745516066882, 4684745516066882, 4684745516066882, 4684745516066882, 4684745516066882, 4684745516066882, 4684745516066882, 4684745516066882, 4684745516066882, 4684745516066882, 4684745516066882, 4684745516066882, 4684745516066882, 4684745516066882, 4684745516066882, 4684745516066882, 4684745516066882, 4684745516066882, 4684745516066882, 4684745516066882, 4684745516066882, 4684745516066882, 4684745516066882, 4684745516066882, 4684745516066882, 4684745516066882, 4684745516066882, 4684745516066882, 4684745516066882, 4684745516066882, 4684745516066882, 4684745516066882, 4684745516066882, 4684745516066882, 4684745516066882, 4684745516066882, 4684745516066882, 4684745516066882, 4684745516066882, 4684745516066882, 4684745516066882, 4684745516066882, 4684745516066882, 4684745516066882, 4684745516066882, 4684745516066882, 4684745516066882, 4684745516066883, 4684745516066883, 4684745516066883, 4684745516066883, 4684745516066883, 4684745516066883, 4684745516066883, 4684745516066883, 4684745516066883, 4684745516066883, 4684745516066883, 4684745516066883, 4684745516066883, 4684745516066883, 4684745516066883, 4684745516066883, 4684745516066883, 4684745516066883, 4684762695936067, 4684762695936067, 4684762695936067, 4684762695936067, 4684762695936067, 4684762695936067, 4684797055674435]
[4684745516066882, 4684745516066882, 4684745516066882, 4684745516066882, 4684745516066882, 4684745516066882, 4684745516066882, 4684745516066882, 4684745516066882, 4684745516066882, 4684745516066882, 4684745516066882, 4684745516066882, 4684745516066882, 4684745516066882, 4684745516066882, 4684745516066882, 4684745516066882, 4684745516066882, 4684745516066882, 4684745516066882, 4684745516066882, 4684745516066882, 4684745516066882, 4684745516066882, 4684745516066882, 4684745516066882, 4684745516066882, 4684745516066882, 4684745516066882, 4684745516066882, 4684745516066882, 4684745516066882, 4684745516066882, 4684745516066882, 4684745516066882, 4684745516066882, 4684745516066882, 4684745516066882, 4684745516066882, 4684745516066882, 4684745516066882, 4684745516066882, 4684745516066882, 4684745516066882, 4684745516066882, 4684745516066882, 4684745516066882, 4684745516066882, 4684745516066882, 4684745516066882, 4684745516066882, 4684745516066882, 4684745516066882, 4684745516066882, 4684745516066882, 4684745516066882, 4684745516066882, 4684745516066882, 4684745516066882, 4684745516066882, 4684745516066882, 4684745516066882, 4684745516066882, 4684745516066882, 4684745516066882, 4684745516066882, 4684745516066882, 4684745516066882, 4684745516066882, 4684745516066882, 4684745516066882, 4684745516066882, 4684744442325058, 4684744442325058, 4684744442325058, 4684744442325058, 4684744442325058, 4684744442325058, 4684744979195970, 4684744979195970, 4684744979195970, 4684744979195970, 4684744979195970, 4684744979195970, 4684744979195970, 4684744979195970, 4684744979195970, 4684744979195970, 4684744979195970, 4684744979195970, 4684744979195906]
[4684745516066882, 4684745516066882, 4684745516066882, 4684745516066882, 4684745516066882, 4684745516066882, 4684745516066882, 4684745516066882, 4684745516066882, 4684745516066882, 5247695469488194, 5247695469488194, 4684745516066882, 4684745516066882, 4684745516066882, 4684745516066882, 4684745516066882, 4684745516066882, 4684745518164034, 4684745518164034, 4684745518164034, 4684745518164034, 4684745518164034, 4684745518164034, 4684745518164034, 4684745518164034, 4684745518164034, 4684745518164034, 4684745518164034, 4684745518164034, 4684745534941250, 4684745534941250, 4684745534941250, 4684745534941250, 4684745534941250, 4684745534941250, 4684745534941250, 4684745534941250, 4684745534941250, 4684745534941250, 4684745534941250, 4684745534941250, 4684745534941250, 4684745534941250, 4684745534941250, 4684745534941250, 4684745534941250, 4684745534941250, 4684745534941250, 4684745534941250, 4684745534941250, 4684745534941250, 4684745534941250, 4684745534941250, 4684745534941250, 4684745534941250, 4684745534941250, 4684745534941250, 4684745534941250, 4684745534941250, 4684745534941250, 4684745534941250, 4684745534941250, 4684745534941250, 4684745534941250, 4684745534941250, 4684745534941250, 4684745534941250, 4684745534941250, 4684745534941250, 4684745534941250, 4684745543329858]
[4684745516066882, 4684745516066882, 4684745516066882, 4684745516066882, 4684745516066882, 4684745516066882, 4684745516066882, 4684745516066882, 4684745516066882, 4684745516066882, 4684745516066882, 4684745516066882, 4684745516066882, 4684745516066882, 4684745516066882, 4684745516066882, 4684745516066882, 4684745516066882, 4684745549621314, 4684745549621314, 4684745549621314, 4684745549621314, 4684745549621314, 4684745549621314, 4684745549621314, 4684745549621314, 4684745549621314, 4684745549621314, 4684745549621314, 4684745549621314, 4684745549621314, 4684745549621314, 4684745549621314, 4684745549621314, 4684745549621314, 4684745549621314, 4684745549621314, 4684745549621314, 4684745549621314, 4684745549621314, 4684745549621314, 4684745549621314, 4684745549621314, 4684745549621314, 4684745549621314, 4684745549621314, 4684745549621314, 4684745549621314, 4684745549621314, 4684745549621314, 4684745549621314, 4684745549621314, 22699144059103298, 22699144059103298, 22699144059103298, 22699144059103298, 4684745549621314, 4684745549621314, 4684745516066882, 4684745516066882, 4684745516066882, 4684745516066882, 4684745516066882, 4684745516066882, 4684745516066882, 4684745516066882, 4684744442325058, 4684744442325058, 4684744442325058, 4684744442325058, 4684744442325058, 4684744442325058, 4684744442325058, 4684744442325058, 4684744442325058, 4684744442325058, 4684744442325058, 4684744442325058, 4684744442325058, 4684744442325058, 4684744442325058, 4684744442325058, 4684744444422210, 4684744444422210, 4684744444422210, 4684744444422210, 4684744444422146]
[6936545329752130, 6936545329752130, 6936545329753154, 6936545329753154, 6936545329753154, 6936545329753154, 6936545329753154, 6936545329753154, 6936545329753154, 6936545329753154, 6936545329753154, 6936545329753154, 6936545329753154, 6936545329753154, 6936545329753154, 6936545329753162]
[4684745516066882, 4684745516066882, 4684745516066882, 4684745516066882, 4684745516066882, 4684745516066882, 4684745516066882, 4684745516066882, 4684745516066882, 4684745516066882, 4684745516066882, 4684745516066882, 4684745516066890, 4684745516066890, 4684745516066890, 4684745516066890, 4684745516066890, 4684745516066890, 4684745516066890, 4684745516066890, 4684745516066890, 4684745516066890, 4684745516066890, 4684745516066890, 4684745516066890, 4684745516066890, 4684745516066890, 4684745516066890, 4684745516066890, 4684745516066890, 4684745516066890, 4684745516066890, 4684745516066890, 4684745516066890, 4684745516066890, 4684745516066890, 4684745516066890, 4684745516066890, 4684745516066890, 4684745516066890, 4684745516066890, 4684745516066890, 4684745516066890, 4684745516066890, 4684745516066890, 4684745516066890, 4684745516066890, 4684745516066890, 4684745516066890, 4684745516066890, 4684745516066890, 4684745516066890, 4684745516066890, 4684745516066890, 4684745516066890, 4684745516066890, 4684745516066890, 4684745516066890, 4684745516066890, 4684745516066890, 4684745516066890, 4684745516066890, 4684745650284618, 4684745650284616]
[4684745516066882, 4684745516066882, 4684745516066882, 4684745516066882, 4684745516066882, 4684745516066882, 4684745516066882, 4684745516066882, 4684745516066882, 4684745516066882, 4684745516066882, 4684745516066882, 4684745516066882, 4684745516066882, 4684745516066882, 4684745516066882, 4684745516066882, 4684745516066882, 4684745516066882, 4684745516066882, 4684745516066882, 4684745516066882, 4684745516066882, 4684745516066882, 4684745516066882, 4684745516066882, 4684745516066882, 4684745516066882, 4684745516066882, 4684745516066882, 4684745516066882, 4684745516066882, 4684745516066882, 4684745516066882, 4684745516066882, 4684745516066882, 4684745516066882, 4684745516066882, 4684745516066882, 4684745516066882, 4684745516066882, 181145888696386, 181145888696386, 181145888696386, 181145888696386, 181145888696386, 181145888696386, 181145888696386, 181145888696386, 181145888696386, 181145888696386, 4684745516066882, 4684745516066882, 4684745516066882, 4684745516066882, 4684745516066882, 4684745516066882, 4684745516066882, 4684745516066882, 4684745516066882, 4684745516066882, 4684745516066882, 4684745516066882, 4684745516066882, 4684745516066882, 4684745516066882, 4684745516066882, 4684745516066882, 4684745516066882, 4684745516066882, 4684745516066882, 4684745516066882, 4684745516066882, 4684745516066882, 4684745516066882, 4684745516066882, 4684745516066882, 4684745516066882, 4684745516066882, 4684745516066882, 4684745516066882, 22699144025548866, 22699144025548866, 22699144025548866, 22699144025548866, 22699144025548866, 22699144025548866, 22699144025548866, 22699144025548866, 22699144025548866, 22699144025548866, 22699144025548866, 22699144025548866, 22699144025548866, 22699144025548866, 22699144025548866, 22699144025548866, 23262093978970178, 23262093978970178, 23279686165014594]
[4684745516066882, 4684745516066882, 5247695469488194, 5247695469488194, 5247695469488194, 5247695469488194, 5247695469488194, 5247695469488194, 5247695469488194, 5247695469488194, 5247695469488194, 5247695469488194, 5247695469488194, 5247695469488194, 5247695469488194, 5247695469488194, 5247695469488194, 5247695469488194, 5247695469488194, 5247695469488194, 5247695469488194, 5247695469488194, 5247695469488194, 5247695469488194, 5247695469488194, 5247695469488194, 5256491562510402, 5256491562510402, 5256491562510402, 5256491562510402, 5256491562510402, 5256491562510402, 5256491562510402, 5256491562510402, 5256491562510402, 5256491562510402, 5256491562510402, 5256491562510402, 5256491562510402, 5256491562510402, 5256491562510402, 5256491562511426]
[4684745516066882, 4684745516066882, 4684745516066882, 4684745516066882, 4684745516066882, 5247695469488194, 5247695469488194, 5247695469488194, 5247695469488194, 5247695469488194, 5247695469488194, 5247695469488194, 5247695469488194, 5247695469488194, 5247695469488194, 5247695469488194, 5247695469488194, 5247695469488194, 5247695469488194, 5247695469488194, 5247695469488194, 5247695469488194, 5247695469488194, 5247695469488194, 5247695469488194, 4684745516066882, 4684745516066882, 4684745516066882, 4684745516066882, 4684745516066882, 4684745516066882, 4684745516066882, 4684745516066882, 4684745516066882, 4684745516066882, 4684745516066882, 4684745516066882, 4684745516066882, 4684745516066882, 4684745516066882, 4684745516066882, 4684745516066882, 4684745516066882, 4684745516066882, 5247695469488194, 5247695469488194, 5247695469488194, 5247695469488194, 5247695469488194, 5247695469488194, 5247695469488194, 5247695469488194, 5247695469488194, 5247695469488194, 5247695469488194, 5247695469488194, 5247695469488194, 5247695469488194, 5247695469488194, 5247695469488194, 5247695469488194, 5247695469488194, 5247695469488194, 5247695469488194, 5247695469488194, 5247695469488194, 5247695469488194, 5247695469488194, 5247695469488194, 5247695469488194, 5247695469488194, 5247695469488194, 5247695469488194, 5247695469488194, 5247695469488194, 5247695469488194, 5247695469488194, 5247695469488194, 5247695469488194, 5247695469488194, 5247695469488194, 5247695469488194, 5247695469488194, 5247695469488194, 5247695469488194, 5247695469488194, 5247695469488194, 5247695469488194, 5247695469488322, 5247695469488322, 5247695469488322, 5247695469488322, 5247695469488322, 5247695469488322, 5247695469488322, 5247695469488322, 5247695469488322, 5247695469488322, 5247695469488322, 5247695469488322, 5247695469488322, 5247695469488322, 5247695469488322, 5247695469488322, 5247695469488322, 5247695469488322, 5247695469488322, 5247695469488322, 5247695469488322, 5247695469488322, 5247695469488322, 5247695469488322, 5247695469488322, 5247695469488322, 5247695469488322, 5247695469488322, 5247695469488322, 5247695469488322, 5247695469488322, 5247695536597186]
[4684745516066882, 4684745516066882, 4684745516066882, 4684745516066882, 4684745516066882, 4684745516066882, 4684745516066882, 4684745516066882, 4684745516066882, 4684745516066882, 181145888696386, 181145888696386, 181145888696386, 181145888696386, 181145888696386, 181145888696386, 181145888696386, 181145888696386, 181145888696386, 181145888696386, 181145888696386, 181145888696386, 181145888696386, 181145888696386, 181145888696386, 181145888696386, 181145888696386, 181144814954562, 181144814954562, 181144814954562, 181144814954562, 181144814954562, 181144814954562, 181144814954562, 181144814954562, 181144814954562, 181144814954562, 181144814954562, 181144814954562, 181144814954562, 181144814954562, 181144814954562, 181144814954562, 181144814954562, 181144814954562, 181144814954562, 181144814954562, 181144814954562, 181144814954562, 181144814954562, 181144814954562, 181144814954562, 181144814954562, 181144814954562, 181144814954562, 181144814954562, 181144814954562, 181144814954562, 181144814954562, 181144814954562, 181144814954562, 181144814954562, 181144814954562, 181144814954690]
[4684745516066882, 4684745516066882, 4684745516066882, 4684745516066882, 4684745516066882, 4684745516066882, 4684745516066882, 4684745516066882, 4684745516066882, 4684745516066882, 4684745516066882, 4684745516066882, 4684745516066882, 4684745516066882, 4684745516066882, 4684745516066882, 4684745516066882, 4684745516066882, 4684745516066882, 4684814235543618, 4684814235543618, 4684814235543618, 4684814235543618, 4684814235543618, 4684814235543618, 4684814235543618, 4684814235543618, 4684814235543618, 4684814235543618, 4684814235543618, 4684814235543618, 4684814235543618, 4684814235543618, 4684814235543618, 4684814235543618, 4684814235543618, 4684814235543618, 4684814235543618, 4684814235543618, 4684814235543618, 4684814235543618, 4684814235543618, 4684814235543618, 4684814235543618, 4684814235543618, 4684814235543618, 22699212745025602, 22699212745025602, 22699212745025602, 22699212745025602, 22699212745025602, 22699212745025602, 22699212745025602, 22699212745025602, 22699212745025602, 22699212745025602, 22699212745025602, 22699212745025602, 22699212745025602, 22699212745025602, 22699212745025602, 22699212745025602, 22699212745025602, 22699212745025602, 22699212745025602, 22699212745025602, 22699212745025602, 22699212745025602, 22699212745025602, 4684814235543618, 4684813161801794, 4684813161801794, 4684813161801794, 4684813161801794, 4684813161801794, 4684813161801794, 4684813161801794, 4684813161801794, 4684813161801794, 4684813161801794, 4684813161801794, 4684813161801794, 4684813161801794, 4684813161801794, 4684813161801794, 4684813161801794, 4684813161801794, 4684813161801794, 4684813161801794, 4684813161801794, 4684813161801794, 4684813161801794, 4684813161801794, 4687012185057346]
[4684745516066882, 4684745516066882, 4684745516066882, 4684745516066882, 4684745516066882, 4684745516066882, 4684745516066882, 4684745516066882, 4684745516066882, 4684745516066882, 4684745516066882, 4684745516066882, 4684745516066882, 4684745516066882, 4684745516066882, 4684745516066882, 4684745516066882, 4684745516066882, 4684745516066882, 4684745516066882, 4684745516066882, 4684745516066882, 4684745516066882, 4684745516066882, 4684745516066882, 4684745516066882, 4684745516066882, 4684745516066882, 4684745516066882, 4684745516066882, 4684745516066882, 4684745516066882, 4684745516066882, 4684745516066882, 4684745516066882, 4684745516066882, 4684745516066882, 4684745516066882, 4684745516066882, 4684745516066882, 4684745516066882, 4684745516066882, 4684745516066882, 4684745516066882, 4684745516066882, 4684745516066882, 4684745516066882, 4684745516066882, 4684745516066882, 4684745516066882, 4684745516066882, 4684745516066882, 4684745516066882, 4684745516066882, 4684745516066882, 4684745516066882, 4684745516066882, 4684745516066882, 4684745516066882, 4684745516066882, 4684745516066882, 4684745516066882, 4684745516066882, 4684745516066882, 4684745516066882, 4684745516066882, 4684745516066882, 4684745516066882, 4684745516066882, 4684745516066882, 4684745516066882, 4684745516066882, 4684745516066882, 4684745516066882, 4684745516066882, 4684745516066882, 4684745516066882, 4684745516066882, 4684745516066882, 4684745516066882, 4684745516066882, 4684745516066882, 4684745516066882, 4684745516066882, 4684745516066882, 4684745516066882, 4684745516066882, 4684745516066882, 4684745516066882, 5247695469488194, 5247695469488194, 5247695469488194, 5247695469488194, 5247694395746370, 5247695469488194, 5247695469488194, 5247695469488194, 5247695469488194, 5247695469488194, 5247695469488194, 5247695469488194, 5247695469488194, 5247695469488194, 5247695469488194, 5247695469488194, 5247695469488194, 5247695469488194, 5247695469488194, 5247695469488194, 5247695469488194, 5247695469488194, 5247695469488194, 5247695469488194, 5247695469488194, 5247695469488194, 5247695469488194, 5247695469488194, 5247695469488194, 5247695469488194, 5247695469488194, 5247695469488194, 5247695469488194, 5247695469488194, 5247695469488194, 5247695469488194, 5247695469488194, 5247695469488194, 5247695469488194, 5247695469488194, 5247695469488194, 5247695469488194, 5247695469488194, 5247695469488194, 5247695469488194, 5247695469488194, 5247695469488194, 5247695469488194, 5247695469488194, 5247695469488194, 5247695469488194, 5247695469488194, 5247695469488194, 5247695469488194, 5247695469488194, 5247695469488194, 5247695469488194, 5247695469488194, 5247695469488194, 5247695469488194, 5247695469488194, 5247695469488194, 5247695469488194, 5247695469488194, 5247695469488194, 5247695469488194, 5247695469488194, 5247695469488194, 5247695469488194, 5247695469488194, 5247695469488194, 5247695469488194, 5247695469488194, 5247695469488194, 5247695469488194, 5247695469488194, 5247695469488194, 5247695469488194, 5247695469488194, 5247695469488194, 5247695469488194, 5247695469488194, 5247695469488322, 5247695469488322, 5247695469488322, 5247695469488322, 5247695469488322, 5247695469488322, 5247695469488322, 5247695469488322, 5247695469488322, 5247695469488322, 5247695469488322, 5247695469488322, 5247695469488322, 5247695469488322, 5247695469488322, 5247695469488322, 5247695469488322, 5247695469488322, 5247695469488322, 5247695469488322, 5247695469488322, 5247695469488322, 5247695469488354]
[4684745516066882, 4684745516066882, 4684745516066882, 4684745516066882, 4544008027711554, 4544008027711554, 4544008027711554, 4544008027711554, 4544008027711554, 4544006953969730, 4544006953969730, 4544006953969730, 4544006953969730, 4544006953969730, 4544006953969730, 4544006953969730, 4544006953969730, 4544006953969730, 4544006953969730, 4544006953969730, 4544006953969730, 4544006953969730, 4544006953969730, 4544006953969730, 4544006953969730, 4544006953969730, 4544006953969730, 4544006953969730, 4544006953969730, 4544006953969730, 4544006953969730, 4544006953969730, 4544006953969730, 4544006953969730, 4544006953969730, 4544006953969730, 4544006953969730, 4544006953969730, 4544006953969858]
[4684745516066882, 4684745516066882, 4684745516066882, 4684745516066882, 4684745516066882, 4684745516066882, 4684745516066882, 4684745516066882, 4684745516066882, 4684745516066882, 4684745516066882, 4684745516066882, 4684745516066882, 4684745516066882, 4684745516066882, 4684745516066882, 4684745516066882, 4684745516066882, 4684745516066882, 4684745516066882, 4684745516066882, 4684745516066882, 4684745516066882, 4684745516066882, 4684745516066882, 4684745516066882, 4684745516066882, 4684745516066882, 4684745516066882, 4684745516066882, 4684745516066882, 4684745516066882, 4684745516066882, 4684745516066882, 4684745516066882, 4684745516066882, 4684745516066882, 4684745516066882, 4684745516066882, 4684745516066882, 4684745516066882, 4684745516066882, 4684745516066882, 4684745516066882, 4684745516066882, 4684745516066882, 4684745516066882, 4684745516066882, 4684745516066882, 4684745516066882, 4684745516066882, 4684745516066882, 4684745516066882, 4684745516066882, 4684745516066882, 4684745516066882, 4684745516066882, 4684745516066882, 4684745516066882, 4684745516066882, 4684745516067138, 4684745516067138, 4684744442325314, 4684744442325314, 4684744442325314, 4684744442325314, 4684744442325314, 4684744442325322]
[4684745516066882, 4684745516066882, 4684745516066882, 4684745516066882, 4684745516066882, 4684745516066882, 4684745516067906, 4684745516067906, 4684745516067906, 4684745516067906, 4684745516067906, 4684745516067906, 4684745516067906, 4684745516067906, 4684745516067906, 4684745516067906, 4684745516067906, 4684745516067906, 4684745516067906, 4684745516067906, 4684745516067906, 4684745516067906, 4684745516067906, 4684745516067906, 4684745516067906, 4684745516067906, 4684745516067906, 4684745516067906, 4684745516067906, 4684745516067906, 4684745516067906, 4684745516067906, 4684745516067906, 4684745516067906, 4684745516067906, 4684745516067906, 4684745516067906, 4684745516067906, 4684745516067906, 4684745516067906, 4684745516067906, 4684745516067906, 4684745516067906, 4684745516067906, 4684745516067906, 4684745516067906, 4684745516067906, 4684745516067906, 4684745516067906, 4684745516067906, 4684745516067906, 4684745516067906, 4684745516067906, 4684745516067906, 4684745516067906, 4684745516067906, 4684745516067906, 4684745516067906, 4684745516067906, 4684745516067906, 4684745516067906, 4684745516067906, 4684745516067906, 4684745516067906, 4684745516067906, 4684745516067906, 4684745516067906, 4684745516067906, 4684745516067906, 4684745516067906, 4684745516067906, 4684745516067906, 4684745516067906, 4684745516067906, 4684745516067906, 4684745516067906, 4684745516067906, 4684745516067906, 4684744442326082, 4684744442326082, 4684744442326082, 4684744442326082, 4684744442326082, 4684744442326082, 4684744442326082, 4684744442326082, 4684744442326082, 4684744442326082, 4684744442326082, 4684744442326082, 4684744442326082, 4684744442326082, 4684744442326082, 4684744442326082, 4684744442326082, 4684744442326082, 4684744442326082, 4684744442326082, 4684744442326082, 4684744442326082, 4684744442326082, 4684744442326082, 4684744442326082, 4684744442326082, 4684744442326082, 4684744442326082, 4684744442326082, 4684744442326082, 4684744442326082, 4684744442326082, 4684744442326082, 4684744442326082, 4684744442326082, 4684744442326082, 4684744442326082, 4684744442326082, 4684745516067906, 4684745516067906, 4684745516067906, 4684745516067906, 4684745516067906, 4684745516067906, 4684745516067906, 4684745516067906, 4684745516067906, 4684745516067906, 4684745516067906, 4684745516067906, 4684745516067906, 4684745516067906, 4684745516067906, 4684745516067906, 4684745516067906, 4684745516067906, 4684745516067906, 4684745516067906, 4684745516067906, 4684745516067906, 4684745516067906, 4684745516067906, 4684745516067906, 4684745516067906, 4684745516067906, 4684745516067906, 4684745516067906, 22699144025549890, 22699144025549890, 22699144025549890, 22699144025549890, 22699144025549890, 22699144025549890, 22699144025549890, 22699144025549890, 22699144025549890, 22699144025549890, 22699144025549890, 22699144025549890, 22699144025549890, 22699144025549890, 22699144025549890, 22699144025549890, 22699144025549890, 22699144025549890, 22699144025549890, 22699144025549890, 22699144025549890, 22699144025549890, 22699144025549890, 22699144025549890, 22699144025549890, 22699144025549890, 22699144025549890, 22699144025549890, 22699144025549890, 22699144025549890, 22699144025549890, 22699144025549890, 22699144025549890, 22699144025549890, 22699144025549890, 22699144025549890, 22699144025549890, 22699144025549890, 22699144025549890, 22699144025549890, 22699144025549890, 22699144025549890, 22699144025549890, 22699144025549890, 22699144025549890, 22699144025549890, 22699144025549890, 22699144025549890, 22699144025549890, 22699144025549890, 22699144025549890, 22699144025549890, 22699144025549890, 22699144025549890, 22699144025549890, 22699144025549890, 22699144025549890, 22699144025549890, 22699144025549890, 22699144025549890, 22699144025549890, 22699144025549890, 22699144025549890, 22699144025549890, 22699144025549890, 22699144025549890, 22699144025549890, 22699144025549890, 22699144025549890, 22699144025549890, 22699144025549890, 22699144025549890, 22699144025549890, 22699144025549890, 22699144025549890, 22699144025549890, 22699144025549890, 22699144025549890, 22699144025549890, 22699144025549890, 22699144025549890, 22699144025549890, 22699144025549890, 22699144025549890, 22699144025549890, 22699144025549890, 22699144025549890, 22699144025549890, 22699144025549890, 22699144025549890, 22699144025549890, 22699144025549890, 22699144025549890, 22699144025549890, 22699144025549890, 22699144025549890, 22699144025549890, 22699144025549890, 22699144025549890, 22699144025549890, 24950943839235138]
[4684745516066882, 4684745516066882, 4684745516066882, 4684745516066882, 4684744442325058, 4684744442325058, 4684744442325058, 4684744442325058, 4684744442325058, 4684744442325058, 4684744442325058, 4684744442325058, 4684744442325058, 4684744442325058, 4684744442325058, 4684744442325058, 4684744442325058, 4684744442325058, 4684744442325058, 4684744442325058, 4684744442325058, 4684744442325058, 4684744442325058, 4684744442325058, 4684744979195970, 4684744979195970, 4684744979195970, 4684744979195970, 4684744979195970, 4684744979195970, 4684744979195970, 4684744979195970, 4684744979195970, 4684744979195970, 4684744979195970, 4684744979195970, 4684744979195970, 4684744979195970, 4684744979195970, 4684744979195970, 4684744979195970, 4684744979195970, 4684744979195970, 4684744979195970, 4684744979195970, 4684744979195970, 4684744979195970, 4684744979195970, 4684744979195970, 4684744979195970, 4684744979196994]
[4684745516066882, 4684744442325058, 4684744442325058, 4684744442325058, 4684744442325058, 4684744442325058, 4684744442325058, 4684744442325058, 4684744442325058, 4684744442325058, 22699142951807042, 22699142951807042, 22699142951807042, 22699142951807042, 22699142951807042, 22699142951807042, 22699142951807042, 22699142951807042, 22699142951807042, 22699142951807042, 22699142951807042, 22699142951807042, 22699142951807042, 22699142951807042, 23262092905228354]
[4684745516066882, 4684745516066882, 4684745516066882, 4684745516066882, 4684745516066882, 4684745516066882, 4684745516066882, 4684745516066882, 4684745516066882, 4684745516066882, 4684745516066882, 4684745516066882, 4684745516066882, 4684745516066882, 4684745516066882, 4684745516066882, 4684745516066882, 4684745516066882, 4684745516066882, 4684745516066882, 4684745516066882, 4684745516066882, 4684745516066882, 4684745516066882, 4684745516066882, 4684745516066882, 4684745516066882, 4684745516066882, 4684745516066882, 4684745516066882, 4684745516066882, 4684745516066882, 4684745516066882, 4684745516066882, 4684745516066882, 4684745516066882, 4684745516066882, 4684745516066882, 4684745516066882, 4684745516066882, 4684745516066882, 4684745516066882, 4684745516066882, 4684745516066882, 4684745516066882, 4684745516066882, 4684745516066882, 4684745516066882, 4684745516066882, 4684745516066882, 4684745516066882, 4684745516066882, 4684745516066882, 4684745516066882, 4684745516066882, 4684745516066882, 4684745516066882, 4684745516066882, 4684745516066882, 4684745516066882, 4684745516066882, 4684745516066882, 4684745516066882, 4684745516066882, 4684745516066882, 4684745516066882, 4684745516066882, 4684745516066882, 4684745516066882, 4684745516066882, 4684745516066882, 4684745516066882, 4684745516066882, 4684745516066882, 4684745516066882, 4684745516066882, 4684745516066882, 4684745516066882, 4684745516066882, 4684745516066882, 4684745516066882, 4684745516066882, 4684745516066882, 4684745516066882, 4684745516066882, 4684745516066882, 4684745516066882, 4702337702111298, 4702337702111298, 4702337702111298, 4702337702111298, 4702337702111298, 4702337702111298, 5265287655532610, 5265287655532610, 5265287655532610, 5265287655532610, 5265287655532610, 5265287655532610, 5265287655532610, 5265287655532610, 5265287655532610, 5265287655532610, 5265287655532610, 5265287655532610, 5265287655532610, 5265287655532610, 5265287655532610, 5265287655532610, 5265287655532610, 5265287655532610, 5265287655532610, 5265287655532610, 5265287655532610, 5265287655532610, 5265287655532610, 5265287655532610, 5265287655532610, 5265287655532610, 5265287655532610, 5265287655532610, 5265287655532610, 5265287655532610, 5265287655532610, 5265287655532610, 5265287655532610, 5265287655532610, 5265287655532610, 5265287655532610, 5265287655532610, 5265287655532610, 5265287655532610, 5265287655532610, 5265287655532610, 5265287655532610, 5265287655532610, 5265287655532610, 5265287655532610, 5265287655532610, 5265287655532610, 5265287655532610, 5265287655532610, 5265287655532610, 5265287655532610, 5265287655532610, 5265287655532610, 5265287655532610, 4702337702111298, 4684745516066882, 4684745516066882, 4684745516066882, 4684745516066882, 4684745516066882, 4684745516066882, 4684745516066882, 4684745516066882, 4684745516066882, 4684745516066882, 4684745516066882, 4684745516066882, 4684745516066882, 4684745516066882, 4684745516066882, 4684745516066882, 4684745516066882, 4684745516066882, 4684745516066882, 4684745516066882, 4684745516066882, 4684745516066882, 4684745516066882, 4684745516066882, 4684745516066882, 4684745516066882, 4684745516066882, 4684745516066882, 4684745516066882, 4684745516066882, 4684745516066882, 4684745516066882, 4684745516066882, 4684745516066882, 4684745516066882, 4684745516066882, 4684745516066882, 4684745516066882, 4684745516066882, 4684745516066882, 4684745516066882, 4684745516066882, 4684745516066882, 4684745516066882, 4684745516066882, 4684745516066882, 4684745516066882, 4684745516066882, 4684745516066882, 4684745516066882, 4684745516066882, 4684745516066882, 4684745516066882, 4684745516066882, 4684745516066882, 4684745516066882, 4684745516066882, 4684745516066882, 4684745516066882, 4684745516066882, 4684745516066882, 4684745516066882, 4684745516066882, 4684745516066882, 4684745516066882, 4684745516066882, 4684745516066882, 4684745516066882, 4684745516066882, 4684745516066882, 4684745516066882, 4684745516066882, 4684745516066882, 4684745516066882, 4684745516066882, 4684745524455490, 4684745524455490, 4684745524455490, 4684745524455490, 4684745524455490, 4702337710499906, 4702337710499906, 4702337710500034]
[4684745516066882, 4684745516066882, 4684745516066882, 4684745516066882, 4684745516066882, 4684745516066882, 4684745516066882, 4684745516066882, 4684745516066882, 4684745516066882, 4684745516066882, 4684745516066882, 4684745516066882, 4684745516066882, 4684745516066882, 4684745516066882, 4684745516066882, 4684745516066882, 4684745516066882, 4684745516066882, 4684745516066882, 4684745516066882, 4684745516066882, 4684745516066882, 4684745516066882, 4684745516066882, 4684745516066882, 4684745516066882, 4684745516066882, 4684745516066882, 4684745516066882, 4684745516066882, 4684745516066882, 4684745516066882, 4684745516066882, 4684745516066882, 4684745516066882, 4684745516066882, 4684745516066882, 4684745516066882, 4684745516066882, 4684745516066882, 4684745516066882, 4684745516066882, 4684745516066882, 4684745516066882, 4684745516066882, 4684745516066882, 4684745516066882, 4684745516066882, 4684745516066882, 4684745516066882, 4684745516066882, 4684745516066882, 4684745516066882, 4684745516066882, 4684745516066882, 4684745516066882, 4684745516066882, 4684745516066882, 4684745516066882, 4684745516066882, 4684745516066882, 4684745516066882, 4684745516066882, 4684745516066882, 4684745516066882, 4684745516066882, 4684745516066882, 4684745516066882, 4684745516066882, 4684745516066882, 4684745516066882, 4684745516066882, 4684745516066882, 4684745516066882, 4684745516066882, 4684745516066882, 4684745516066882, 4684745516066882, 4684745516066882, 4684745516066882, 4684745516066882, 4684745516066882, 4684745516066882, 4684745516066882, 4684745516066882, 4684745516066882, 4684745516066882, 4684745516066882, 4684745516066882, 4684745516066882, 4684745516066882, 4684745516066882, 4684745516066882, 4684745516066882, 4684745516066882, 4684745516066882, 4684745516066882, 4684745516066882, 4684745516066882, 4684745516066882, 4684745516066882, 4684745516066882, 4684745516066882, 4684745516329026, 4684745516329026, 4684745516329026, 4684745516329026, 4684745516329026, 4684745516329026, 4684745516329026, 4684745516329026, 4684745516329026, 4684745516329026, 4684745516329026, 4684745516329026, 4684745516329026, 4684745516329026, 4684745516329026, 4684745516329026, 4684745516329026, 4684745516329026, 4684745516329026, 4684745516329026, 4684745516329026, 4684745516329026, 4684745516329026, 4684745516329026, 4684745516329026, 4684745516329026, 4684745516329154, 4684745516329154, 5810645423171778]
[4684745516066882, 4684745516066882, 4684745516066882, 4684745516066882, 4684745516066882, 4684745516066882, 4684745516066882, 4684745516066882, 4684745516066882, 4684745516066882, 4684745516066882, 4684745516066882, 4684745516066882, 4684745516066882, 4684745516066882, 4684745516066882, 4684745516066882, 4684745516066882, 4684745516066882, 4684745516066882, 4684745516066882, 4684745516066882, 4684745516066882, 4684745516066882, 4684745516066882, 4684745516066882, 4684745516066882, 4684745516066882, 4684745516066882, 4684745516066882, 4684745516066882, 4684745516066882, 4684745516066882, 4684745516066882, 4684745516066882, 4684745516066882, 4684745516066882, 4684745516066882, 4684745516066882, 4684745516066882, 4684745516066882, 4684745516066882, 4684745516066882, 4702337702111298, 4702337702111298, 4702337702111298, 4702337702112322, 4684745516067906, 4693541609090114, 4693541609090114, 4693541609090114, 4693541609090114, 4693541609090114, 4693541609090114, 4684745516067906, 4684745516067906, 4684745516067906, 4684745516067906, 4684745516067906, 4684745516067906, 4684745516067906, 4684745516067906, 4684745516067906, 4684745516067906, 5247695469489218, 5247695469489218, 5247695469489218, 5247695469489218, 5247695469489218, 5247695469489218, 5247695469489346]
[4684745516066882, 4684745516066882, 4684745516066882, 4684745516066882, 4684745516066882, 4684745516066882, 4684745516066882, 4684745516066882, 4684745516066882, 4684745516066882, 4684745516066882, 4684745516066882, 4684745516066882, 4684745516066882, 4684745516066882, 4684745516066882, 4684745516066882, 4684745516066882, 4684745516066882, 4684745549621314, 4684745549621314, 4684744475879490, 4684744475879490, 4684744475879490, 4684744475879490, 4684744475879490, 4684744475879490, 4684744475879490, 4684744475879490, 4684744475879490, 4684744475879490, 4684744475879490, 4684744475879490, 4684744475879490, 4684744475879490, 4684744475879490, 4684744475879490, 4684744475879490, 4684744475879490, 4684744475879490, 4684744475879490, 4684744475879490, 4684744475879490, 4684744475879490, 4684744475879490, 4684744442325058, 4684744442325058, 4684744442325058, 4684744442325058, 4684744442325058, 4684744442325058, 4684744442325058, 4684744442325058, 4684744442325058, 4684744442325058, 4684744441276482, 4684744441276482, 4684744441276482, 4684744441276482, 4684744441276482, 4684744441276482, 4684744441276482, 4684744441276482, 4684744441276482, 4684744441276482, 4684744441276482, 4684744441276482, 4684744441276482, 4684744441276482, 4684744441276482, 4684744441276482, 4684744441276482, 4684744441276482, 4684744441276482, 4684744441276482, 4684744441276482, 4684744441276482, 4684744441276482, 4684744441276482, 4684744441276482, 4684744441276482, 4684744441276482, 4684744441276482, 4684744441276482, 4684744441276482, 4684744441276482, 4684744441276482, 4684744441276482, 4684744441276482, 4684744441276482, 4684744441276482, 4684744441276482, 4684744441276482, 4684744441276482, 4684744441276482, 4684744441276482, 4684744441276482, 4684744441276482, 4684744441276482, 4684744441276482, 4684744441276482, 4684744441276482, 4684744441276482, 4684744441276482, 4684744441276482, 4684744441276482, 4684744441276482, 4684744441276482, 4684744441276482, 4684744441276482, 4684744441276482, 4684744441276482, 4684744441276482, 4684744441276482, 4684744441276482, 4684744441276482, 4684744441276482, 4684744441276482, 4684744441276482, 4684744441276482, 4684744441276482, 4684744441276482, 4684744441276482, 4684744441276482, 4684744441276482, 4684744441276482, 4684744441276482, 4684744441276482, 4684744449665090]
[4684745516066882, 4684745516066882, 4684745516066882, 4684745516066882, 4684745516066882, 4684745516066882, 4684745516066882, 4684745516066882, 4684745516066882, 4684745516066882, 4684745516066882, 4684745516066882, 4684745516066882, 4684745516066882, 4684745516066882, 4684745516066882, 4684745516066882, 4684745516066882, 4684745516066882, 4684745516066882, 4684745516066882, 4684745516066882, 4684745516066882, 4684745516066882, 4684745516066882, 4684745516066882, 4684745516066882, 4684745516066882, 4684745516066882, 4684745516066882, 4684745516066882, 4684745516066882, 4684745516066882, 4684745516066882, 4684745516066882, 4684745516066882, 4684745516066882, 4684745516066882, 4684745516066882, 4684745516066882, 4684745516066882, 4684745516066882, 4684745516066882, 4684745516066882, 4684745516066882, 4684745516066882, 4684745516066882, 4684745516066882, 4684745516066882, 4684745516066882, 4684745516066882, 4684745516066882, 4684745516066882, 4684745516066882, 4684745516066882, 4684745516066882, 4684745516066882, 4684745516066882, 4684745516066882, 4684745516066882, 4684745516066882, 4684745516066882, 4684745516066882, 4684745516066882, 4684745516066882, 4684745516066882, 4684745516066882, 4684745516066882, 4684745516066882, 4684745516066882, 4684745516066882, 4684745516066882, 4684745516066882, 4684745516066882, 4684745516066882, 4684745516066882, 4684745516066882, 4684745516066882, 4684745516066882, 4684745516066882, 4684745516066882, 4684745516066882, 4684745516066882, 4684745516066882, 4684745516066882, 4684745516066882, 4684745516066882, 4684745516066882, 4684745516066882, 4684745516066882, 4684745516066882, 4684745516066882, 4684745516066882, 4684745516066882, 4684745516066882, 4684745516066882, 4684745516066882, 4684745516066882, 4684745516066882, 4684745516066882, 4684745516066882, 4684745516066882, 4684745516066882, 4684745516066882, 4684745516066882, 4684745516066882, 4684745516066882, 4684745516066882, 4684745516066882, 4684745516066882, 4684745516066882, 4684745516066882, 4684745516066882, 4684745516066882, 4684745516066882, 4684745516066882, 4684745516066882, 4684745516066882, 4684745516066882, 4684745516066882, 4684745516066882, 4684745516066882, 4684745516066882, 4684745516066882, 4684745516066882, 4684745516066882, 4684745516066882, 4684745516066882, 4684745516066882, 4684745516066882, 4684745516066882, 4684745516066882, 4684745516066882, 4684745516066882, 4684745516066882, 4684745516066882, 4684745516066882, 4684745516066882, 4684745516066882, 4684745516066882, 4684745516066882, 4684745516066882, 4684745516066882, 4684745516066882, 4684745516066882, 4684745516066914, 4684745516066914, 4684745516066914, 4684745516066914, 4684745516066914, 4684745516066914, 4684745516066914, 4684745516066882, 4684745516066882, 4684745516066882, 4684745516066882, 4684745516066882, 4684745516066882, 4684745516066882, 4684745516066882, 4684745516066882, 4684745516066882, 4684745516066882, 4684745516066882, 4684745516066882, 4684745516066882, 4684745516066882, 4684745516066882, 4684745516067138, 4684745516067138, 4684745516067138, 4684745516067138, 4684745516067138, 4684745516067138, 4684745516067138, 4684745516067138, 4684745516067138, 4684745516067138, 4684745516067138, 4684745516067138, 4684745516067138, 4684745516067138, 4684745516067138, 4684745516067138, 4684745516067138, 4684745516067138, 4684745516067138, 4684745516067138, 5247695469488450, 5247695469488450, 5247695469488450, 5247695469488450, 5247695469488450, 5247695469488450, 5247695469488450, 5247695469488450, 5247695469488450, 5247695469488450, 5247695469488450, 5247695469488450, 5247695469488450, 5247695469488450, 5247695469488450, 5247695469488450, 5247695469488450, 5247695469488450, 5247695469488450, 5247695469488450, 5247695469488450, 5247695469488450, 5247695469488450, 5247695469488450, 5247695469488450, 5247695469488450, 5247695469488450, 5247695469488450, 5247695469488450, 5247695469488450, 5247695469488450, 5247695469488450, 5247695469488450, 5247695469488450, 5247695469488450, 5247695469488450, 5247695469488450, 5247695469488450, 5247695469488450, 5247695469488450, 5247695469488450, 5247695469488450, 5247695469488450, 5247695469488450, 5247695469488450, 23262093978970434]
[4684745516066882, 4684745516066882, 4684745516066882, 4684745516066882, 4684745516066882, 76742339553994818, 76742339553994818, 76742339553994818, 76742356733864002, 76742356733864002, 76742356733864002, 76742356733864002, 76742356733864002, 76742356733864002, 76742356733864002, 76742356733864002, 76742356733864002, 76742356733864002, 76742356733864002, 76742356733864002, 76742356733864010]
[4684745516066882, 4684745516066882, 4684745516066882, 4684745516066882, 4684745516066882, 4684745516066882, 4684745516066882, 4684745516066882, 4684745516066882, 4684745516066882, 22699144025548866, 22699144025548866, 22699144025548866, 22699144025548866, 22699144025548866, 22699144025548866, 22699144025548866, 22699144025548866, 22699144025548866, 22699144025548866, 22699144025548866, 22699144025548866, 22699144025548866, 22699144025548866, 4684745516066882, 4684745516066882, 4684745516066882, 4684745516066882, 4684745516066882, 4684745516066882, 4684745516066882, 4684745516066882, 4684745516066882, 4684745516066882, 4684745516066882, 4684745516066882, 4684745516066882, 4684745516066882, 4684745516066882, 4684745516066882, 4684745516066882, 4684745516066882, 4684745516066882, 4684745516066882, 4684745516066882, 4684745516066882, 4684745516066882, 4684745516066882, 4684745516066882, 4684745516066882, 4684745516066882, 4684745516066882, 4684745516066882, 4684745516066882, 4684745516066882, 4684745516066882, 4684745516066882, 4684745516066882, 4684745516066882, 4684745516066882, 4684745516066882, 4684745516066882, 4684745516066882, 4684745516066882, 4684745516066882, 4684745516066882, 4684745516066882, 4684745516066882, 4684745516066882, 4684745516066882, 4684745516066882, 4684745516066882, 4684745516066882, 4684745516066882, 4684745516066882, 4684745516066882, 4684745516066882, 4684745516066882, 4684745516066882, 4684745516066882, 4684745516066882, 4684745516066882, 4684745516066882, 4684745516066882, 4684745516066882, 4684745516066882, 4684745516066882, 4684745516066882, 4684745516066882, 4684745516066882, 4684745516066882, 4684745516066882, 4684745516066882, 4684745516066882, 4684745516066882, 4684745516066882, 4684745516066882, 4684745516066882, 4684745516066882, 4684745516066882, 4684745516066882, 4684745516066882, 4684745516066882, 4684745516066882, 4684745516066882, 4684745516066882, 4684745516066882, 4684745516066882, 4684745516066882, 4684745516066882, 4684745516066882, 4684745516066882, 4684745516066882, 4684745516066882, 4684745516066882, 4684745516066882, 4684745516066882, 4684745516066882, 4684745516066882, 4684745516066882, 4684745516066882, 4684745516066882, 4684745516066882, 4684745516066882, 4684745516066882, 4684745516066882, 4684745516066882, 4684745516066882, 4684745516066882, 4684745516066882, 4684745516066882, 4684745516066882, 4684745516066882, 4684745516066882, 4684745516066882, 4684745516066882, 4684745516066882, 4684745516066882, 4684745516066882, 4684745516066882, 4684745516066882, 4684745516066882, 4684745516066882, 4684745516066882, 4684745516066882, 4684745516066882, 4684745516066882, 4684745516066882, 4684745516066882, 4684745516066882, 4684745516066882, 4684745516066882, 4684745516066882, 4684745516066882, 4684745516066882, 4684745516066882, 4684745516066882, 4684745516066882, 4684745516066882, 4684745516066882, 4684745516066882, 4684745516066882, 4684745516066882, 4684745516066882, 4684745516066882, 4684745516066882, 4684745516066882, 4684745516066882, 4684745516066882, 4684745516066882, 4684745516066882, 4684745516066882, 4684745516066882, 4684745516066882, 4684745516066882, 4684745516066882, 4684745516066882, 4684745516066882, 4684745516066882, 4684745516066882, 4684745516066882, 4684745516066882, 4684745516066882, 4684745516066882, 4684745516066882, 4684745516066882, 4684745516066882, 4684745516066882, 4684745516066882, 4684745516066882, 4684745516066882, 4684745516066882, 4684745516066882, 4684745516066882, 4684745516066882, 4684745516066882, 4684745516066882, 4684745516066882, 4684745516066882, 4684745516066882, 4684745516066882, 4684745516066882, 4684745516066882, 4684745516066882, 4684745516066882, 4684745516066882, 4684745516066882, 4684745516066882, 4684745516066882, 4684745516066882, 4684745516066882, 4684745516066882, 4684745516066882, 4684745516066882, 4684745516066882, 4684745516066882, 4684745516066882, 4684745516066882, 4684745516066882, 4684745516066882, 4684745516066882, 4684745516066882, 4684745516066882, 4684745516066882, 4684745516066882, 4684745516066882, 4684745516066882, 4684745516066882, 4684745516066882, 4684745516066882, 4684745516066882, 4684745516066882, 4684745516066882, 4684745516066882, 4684745516066882, 4684745516066882, 4684745516066882, 4684745516066882, 4684745516066882, 4684745516066882, 4684745516066882, 4684745516066882, 4684745516066882, 4684745516066882, 4684745516066882, 4684745516066882, 4684745516066882, 4684745516066882, 4684745516066882, 4684745516066882, 4684745516066882, 4684745516066882, 4684745516066882, 4684745516066882, 4684745516066882, 4684745516066882, 4684745516066882, 4684745516066882, 4684745516066882, 4684745516066882, 4684745516066882, 4684745516066882, 4684745516066882, 4684745516066882, 4684745516066882, 4684745516066882, 4684745516066882, 4684745516066882, 4684745516066882, 4684745516066882, 4684745516066882, 4684745516066882, 4684745516066882, 4684745516066882, 4684745516066882, 4684745516066882, 4684745516066882, 4684745516066882, 4684745516066882, 4684745516066882, 4684745516066882, 4684745516066882, 4684745516066882, 4684745516066882, 4684745516066882, 4684745516066882, 4684745516066882, 4684745516066882, 4684745516066882, 4684745516066882, 4684745516066882, 4684745516066882, 4684745516066882, 4684745516066882, 4684745516066882, 4684745516066882, 5247695469488194, 5247695469488194, 5247695469488194, 5247695469488194, 5247695469488194, 5247695469488194, 5247695469488194, 5247695469488194, 5247695469488194, 5247695469488194, 5247695469488194, 5247695469488194, 5247695469488194, 5247695469488194, 5247695469488194, 5247695469488194, 5247695469488194, 5247695469488194, 5247695469488194, 5247695469488194, 5247695469488194, 5247695469488194, 5265287655532610, 5265287655532610, 5265287655532610, 5265287655532610, 5265287655532610, 5265287655532610, 4702337702111298, 4702337702111298, 4702337702111298, 4702337702111298, 4702337702111298, 4702337702111298, 4702337702111298, 4702337702111298, 4684745516066882, 4684745516066882, 4684745516066882, 4684745516066882, 4684745516066882, 4684745516066882, 4684745516066882, 4684745516066882, 4684745516066882, 4684745516066882, 4684745516066882, 4684745516066882, 4684745516066882, 4684745516066882, 4684745516066882, 4684745516066882, 4684745516066882, 4684745516066882, 4684745516066882, 4684745516066882, 4684745516066882, 4684745516066882, 4684745516066882, 4684745516066882, 4684745516066882, 4684745516066882, 4684745516066882, 4684745516066882, 4684745516066882, 4684745516066882, 4684745516066882, 4684745516066882, 4684745516066882, 4684745516066882, 4684745516066882, 4684745516066882, 4684745516066882, 4684745516066882, 4684745516066882, 4684745516066882, 4684745516066882, 4684745516066882, 4684745516066882, 4684745516066882, 4684745516066882, 4684745516066882, 4684745516066882, 4684745516066882, 4684745516066882, 4684745516066882, 4684745516066882, 4684745516066882, 4684745516066882, 4684745516066882, 4684745516066882, 4684745516066882, 4684744442325058, 4684744442325058, 4684744442325058, 4684744442325058, 4684744442325058, 4684744442325058, 4684744442325058, 4684744442325058, 4684744442325058, 4684744442325058, 4684744442325058, 4684744442325058, 4684744442325058, 4686943465580610, 4686943465580610, 4686943465580610, 4686943465580610, 4686943465580610, 4686943465580610, 4686943465580610, 4686943465580610, 4686943465580610, 4686943465580610, 4686943465580610, 4686943465580610, 4686943465580610, 4686943465580610, 4686943465580610, 4686943465580610, 4686943465580610, 4686943465580610, 4686943465580610, 4686943465580610, 4686943465580610, 4686943465580610, 4686943465580610, 4686943465580610, 4686943465580610, 4686943465580610, 4686943465580610, 4686943465580610, 4686943465580610, 4686943465580610, 4686943465580610, 4686943465580610, 4686943465580610, 4686943465580610, 4686943465580610, 4686943465580610, 4686943465580610, 4686943465580610, 4686943465580610, 4686943465580610, 4686943465580610, 4686943465580610, 4686943465580610, 4686943465580610, 4686943465580610, 4686943465580610, 4686943465580610, 4686943465580610, 4686943465580610, 4686943465580610, 4686943465580610, 4686943465580610, 4686943465580610, 4686943465580610, 4686943465580610, 4686943465580610, 4686943465580610, 4686943465580610, 4686943465580610, 4686943465580610, 4686943465580610, 4686943465580610, 4686943465580610, 4686943465580610, 4686943465580610, 4686943465580610, 4686943465580610, 4686943465580610, 4686943465580610, 4686943465580610, 4686943465580546]
[4684745516066882, 4684745516066882, 4684745516066882, 4684745516066882, 4684745516066882, 4684745516066882, 4684745516066882, 4684745516066882, 4684745516066882, 4684745516066882, 4684745516066882, 4684745516066882, 4684745516066882, 4684745516066882, 4684745516066882, 4684745516066882, 4684745516066882, 4684745516066882, 4684745516066882, 4684745516066882, 4684745516066882, 4684745516066882, 4684745516066882, 4684745516066882, 4684745516066882, 4684745516066882, 4684745516066882, 4684745516066882, 4684745516066882, 4684745516066882, 4684745516066882, 4684745516066882, 4684745516066882, 4684745516066882, 4684745516066882, 4684745516066882, 4684745516066882, 4684745516066882, 4684745516066882, 4684745516066882, 4684745516066882, 4684745516066882, 4684745516066882, 4684745516066882, 4684745516066882, 4684745516066882, 4684745516066882, 4684745516066882, 4684745516066882, 4684745516066882, 4684745516066882, 4684745516066882, 4684745516066882, 4684745516066882, 4684745516066882, 4684745516066882, 4684745516066882, 4684745516066882, 4684745516066882, 4684745516066882, 4684745516066882, 4684745516066882, 4684745516066882, 4684745516066882, 4684745516066882, 4684745516066882, 4684745516066882, 4684745516066882, 4684745516066882, 4684745516066882, 4684745516066882, 4684745516066882, 4684745516066882, 4684745516066882, 4684745516066882, 4684745516066882, 4684745516066882, 4684745516066882, 4684745516066882, 4684745516066882, 4684745516066882, 5247695469488194, 5247695469488194, 5247695469488194, 5247695469488194, 5247695469488194, 5247695469488194, 5247695469488194, 5247695469488194, 5247695469488322, 5247695469488322, 5247695469488322, 5247695469488322, 5247695469488322, 5247695469488322, 5247695469488322, 5247695469488322, 5247695469488322, 5247695469488322, 4684745516067010, 4684745516067010, 4684745516067010, 4684745516067010, 4684745516067010, 4684745516067010, 4684745516067010, 4684745516067010, 4684745516067010, 4684745516067010, 4684745516067010, 4684745516067010, 4684745516067010, 4684745516067010, 4684745516067010, 4684745516067010, 4684745516067010, 4684745516067010, 4684745516067010, 4684745516067010, 4684745516067010, 4684745516067010, 4684745516067010, 4684745516067010, 4684745516067010, 4684745516067010, 4684745516067010, 4684745516067010, 4684745516067010, 4684745516067010, 4684745516067010, 4684745516067010, 4684745516067010, 4684745516067010, 4684745516067010, 4684745516067010, 4684745516067010, 4684745516067010, 4684745516067010, 4684745516067010, 4684745516067010, 4684745516067010, 4684745516067010, 4684745516067010, 4684745516067010, 4684745516067010, 4684745516067010, 4684745516067010, 4684745516067010, 4684745516067010, 4684745516067010, 4684745516067010, 4684745516067010, 4684745516067010, 4684745516067010, 4684745516067010, 4684745516067010, 4684745516067010, 4684745516067010, 4684745516067010, 4684745516067010, 4684745516067010, 4684745516067010, 4684745516067010, 4684745516067010, 4684745516067010, 4684745516067010, 4684745516067010, 4684745516067010, 4684745516067010, 4684745516067010, 4684745516066882, 4684745516066882, 4684745516066882, 4684745516066882, 4684745516066882, 4684745516066882, 4684745516066882, 4684745516066882, 4684745516066882, 4684745516066882, 4684745516066882, 4684745516066882, 4684745516066882, 4684745516066882, 4684745516066882, 4684745516066882, 4684745516066882, 4684745516066882, 4684745516066882, 4684745516066882, 4684745516066882, 4684745516066882, 4684745516066882, 4684745516066914, 4684745516066914, 4684745516066914, 4684745516066914, 4684745516066914, 4684745516066930, 4684745516066930, 4684745516066930, 4684745516066930, 4684745516066930, 4684745516066930, 4684745516066930, 4684745516066930, 4684745516066930, 4684745516066930, 4684745516066930, 4684745516066930, 4684745516066930, 4684745516066930, 4684745516066930, 4684745516066930, 4685845027694706]
[4684745516066882, 4684745516066882, 4684745516066882, 4684745516066882, 4684745516066882, 4684745516066882, 181145888696386, 181145888696386, 181145888696386, 181145888696386, 18195544398178370, 18195544398178370, 18195544398178370, 18195544398178370, 18195544398178370, 18195544398178370, 18195544398178370, 18195544398178370, 18195544398178370, 18195544398178370, 181145888696386, 181145888696386, 181145888696386, 181145888696386, 181145888696386, 181145888696386, 181145888696386, 181145888696386, 181145888696386, 181145888696386, 181145888696386, 181145888696386, 181145888696386, 181145888696386, 181145888696386, 181145888696386, 181145888696386, 181145888696386, 181145888696386, 181145888696386, 181144814954562, 181144814954562, 181144814954562, 181144814954562, 181144814954562, 181144814954562, 181144814954562, 181144814954562, 181145351825474]
[4684745516066882, 4684745516066882, 4684745516066882, 4684745516066882, 4684745516066882, 4684745516066882, 4684745516066882, 4684745516066882, 4684745516066882, 4684745516066882, 4684745516066882, 4684745516066882, 181145888696386, 181145888696386, 181144814954562, 181144814954562, 181144814954562, 181144814954562, 181144814954562, 181144814954562, 181144814954562, 181144814954562, 181144814954562, 181144814954562, 181144814954562, 181144814954562, 181144814954562, 181144814954562, 181144814954562, 181144814954562, 181144814954562, 181144814954562, 181144814954562, 181144814954562, 181144814954562, 181144814954562, 181144814954562, 181144814954562, 181144814954562, 181144814954562, 181144814954562, 181144814954562, 181144814954562, 181144814954562, 181144814954562, 181144814954562, 181144814954562, 181144814954562, 181144814954562, 181144814954562, 181144814954562, 181144814954562, 181144814954562, 181144814954562, 181144814954562, 181144814954562, 181144814954562, 181144814954562, 181144814954562, 181144814954562, 18195543324436546]
[4684745516066882, 4684745516066882, 4684745516066882, 4684745516066882, 4684745516066882, 4684745516066882, 4684745516066882, 4684745516066882, 4684745516066882, 4684745516066882, 4684745516066882, 4684745516066882, 4684745516066882, 4684745516066882, 4684745516066882, 4684745516066882, 4684745516066882, 4684745516066882, 4684745516066882, 4684745516066882, 4684745516066882, 4684745516066882, 4684745516066882, 4684745516066882, 4684745516066882, 4684745516066882, 4684745516066882, 4684745516066882, 4684745516066882, 4684745516066882, 4684745516066882, 4684745516066882, 4684745516066882, 4684745516066882, 4684745516066882, 4684745516066882, 4684745516066882, 4684745516066882, 4684745516066882, 4684745516066882, 4684745516066882, 4684745516066882, 4684745516066882, 4684745516066882, 4684745516066882, 4684745516066882, 4684745516066882, 4684745516066882, 4684745516066882, 4684745516066882, 4684745516066882, 4684745516066882, 4684745516066882, 4684745516066882, 4684745516066882, 4684745516066882, 4684745516066882, 4684745516066882, 4684745516066882, 4684745516066882, 4684745516066882, 4684745516066882, 4684745516066882, 4684745516066882, 4684745516066882, 4684745516066882, 4684745516066882, 4684745516066882, 4684745516066882, 4684745516066882, 4684745516066882, 4684745516066882, 4684745516066882, 4684745516066882, 4684745516066882, 4684745516067010, 4684745516067010, 4684745516067010, 4684745516067010, 4684745516067010, 4684745516067010, 4684745516067010, 4684745516067010, 4684745516068034, 4684745516068034, 4684745516068034, 4684745516068034, 4684745516068034, 4684745516068034, 4684745516068034, 4684745516068034, 4684745516068034, 4684745516068034, 4684745516068034, 4684745516068034, 5247695469489346]
[4684745516066882, 4684745516066882, 4684745516066882, 4684745516066882, 4684745516066882, 4684745516066882, 4684745516066882, 4684745516066882, 4684745516066882, 4684745516066882, 4684745516066882, 4684745516066882, 4684745516066882, 4684745516066882, 4684745516066882, 4684745516066882, 4684745516066882, 4684745516066882, 4684745516066882, 4684745516066882, 4684745516066882, 4684745516066882, 4684745516066882, 4684745516066882, 4684745516066882, 4684745516066882, 4684745516066882, 4684745516066882, 4684745516066882, 4684745516066882, 4684745516066882, 4684745516066882, 4684745516066882, 4684745516066882, 4684745516066882, 4684745516066882, 4684745516066882, 4684745516066882, 4684745516066882, 4684745516066882, 4684745516066882, 4684745516066882, 4684745516066882, 5247695469488194, 5247695469488194, 5265287655532610, 5265287655532610, 5265287655532610, 5265287655532610, 5265287655532610, 5265287655532610, 5265287655532610, 5265287655532610, 5265287655532610, 5265287655532610, 5265287655532610, 5265287655532610, 5265287655532610, 5265287655532610, 5265287655532610, 5265287655532610, 5265287655532610, 5265287655532610, 4702337702111298, 4702337702111298, 4702337702111298, 4702337702111298, 4702337702111298, 4702337702111298, 4702337702111298, 4702337702111298, 4702337702111298, 4702337702111298, 4702337702111298, 4702337702111298, 4702337702111298, 4702337702111298, 4702337702111298, 5265287655532610, 5265287655532610, 5265287655532610, 5265287655532610, 5265287655532610, 5265287655532610, 5265287655532610, 5265287655532610, 5265287655532610, 5265287655532610, 5265287655532610, 5265287655532610, 5265287655532610, 5265287655532610, 5265287655532610, 5265287655532610, 5265287655532610, 5265287655532610, 5265287655532610, 5265287655532610, 5265287655532610, 5265287655532610, 5265287655532610, 5265287655532610, 5265287655532610, 5265287655532610, 5265287655532610, 5265287655532610, 5265287655532610, 5265287655532610, 5265287655532610, 5265287655532610, 5265287655532610, 5265287655532610, 5265287655532738]
[4684745516066882, 4684745516066882, 4684745516066882, 4684745516066882, 4684745516066882, 4684745516066882, 4684745516066882, 4684745516066882, 4684745516066882, 4684745516066882, 4684745516066882, 4684745516066882, 4684745516066882, 4684745516066882, 4684745516066882, 4684745516066882, 4684745516066882, 4684745516066882, 4684745516066882, 4684745516066882, 4684745516066882, 4684745516066882, 4684745516066882, 4684745516066882, 4684745516066882, 4684745516066882, 4684745516066882, 4684745516066882, 4684745516066882, 4684745516066882, 4684745516066882, 4684745516066882, 4684745516066882, 4684745516066882, 4684745516066882, 4684745516066882, 4684745516066882, 4684745516066882, 4684745516066882, 4684745516066882, 4684745516066882, 4684745516066882, 4684745516066882, 4684745516066882, 4684745516066882, 4684745516066882, 4684745516066882, 4684745516066882, 4684745516066882, 4684745516066882, 4684745516066882, 4684745516066882, 4684745516066882, 4684745516066882, 4684745516066882, 4684745516066882, 4684745516066882, 4684745516066882, 4684745516066882, 4684745516066882, 4684745516066882, 4684745516066882, 4684745516066882, 4684745516066882, 4684745516066882, 4684745516066882, 4684745516066882, 4684745516066882, 4684745516066882, 4684745516066882, 4684745516066882, 4684745516066882, 4684745516066882, 4684745516066882, 4684745516066882, 4684745516066882, 4684745516066882, 4684745516066882, 4684745516066882, 4684745516066882, 4684745516066882, 4684745516066882, 4684745516066882, 5247695469488194, 5247695469488194, 5247695469488194, 5247695469488194, 5247695469488194, 5247695469488194, 5247695469488194, 5247695469488194, 5247695469488194, 5247695469488194, 5247695469488194, 5247695469488194, 5247695469488194, 5247695469488194, 5247695469488194, 5247695469488194, 5247695469488194, 5247695469488194, 5247695469488194, 5247695469488194, 5247695469488194, 5247695469488194, 5247695469488194, 5247695469488194, 5247695469488194, 5247695469488194, 5247695469488194, 5247695469488194, 5247695469488194, 5247695469488194, 5247695469488194, 5247695469488194, 5247695469488194, 5247695469488194, 5247695469488194, 5247695469488194, 5247695469488194, 5247695469488194, 5247695469488194, 5247695469488194, 5247695469488194, 5247695469488194, 5247695469488194, 5247695469488194, 5247695469488194, 5247695469488194, 5247695469488194, 5247695469488194, 5247695469488194, 5247695469488194, 5247695469488194, 5247695469489218, 5247695469489218, 5247695469489218, 5247695469489218, 5247695469489218, 5247695469489218, 5247695469489218, 5247695469489218, 5247695469489218, 5247695469489218, 5247695469489218, 5247695469488194, 5247695469488194, 5247695469488194, 5247695469488194, 5247695469488194, 5247695469488194, 5247695469488194, 5247695469488194, 5247695469488194, 5247695469488194, 5247695469488194, 5247695469488194, 5247695469488194, 5247695469488194, 5247695469488194, 5247695469488194, 5247695469488194, 4684745516066882, 4684745516066882, 4684745516066882, 4684745516066882, 4684745516066882, 4684745516066882, 4684745516066882, 4684745516066882, 4684745516066882, 4684745516066882, 4684745516066882, 4684745516066882, 4684745516066882, 4684745516066882, 4684745516066882, 4684745516066882, 4684745516066882, 4684745516066882, 4684745516066882, 4684745516066882, 4684745516066882, 4684745516066882, 4684745516066882, 4684745516066882, 4684745516066882, 4684745516066882, 4684745516066882, 4684745516066882, 4684745516066882, 4684745516066882, 4684745516066882, 4684745516066882, 4684745516066882, 4684745516066882, 4684745516066882, 4684745516066882, 4684745516066882, 4684745516066882, 4684745516066882, 4684745516066882, 4684745516066882, 4684745516066882, 4684745516066882, 4684745516066882, 4684745516066882, 4684745516066882, 4684745516066882, 4684745516066882, 4684745516066882, 4684745516066882, 4684745516066882, 4684745516066882, 4684745516066882, 4684745516066882, 4684745516066882, 4684745516066882, 4684745516066882, 4684745516066882, 4684745516066882, 4684745516066882, 4684745516066882, 4684745516066882, 4684745516066882, 4684745516066882, 4684814235543618, 4684814235543618, 4684814235543618, 4684814235543618, 4684814235543618, 4684814235543618, 4684814235543618, 4684814235543618, 4684814235543618, 4684814235543618, 4684814235543618, 4684814235543618, 4684814235543618, 4684814235543618, 4684814235543618, 4684814235543618, 4684814235543618, 4684814235543618, 4684814235543618, 4684814235543618, 4684814235543618, 4684814235543618, 4684814235543618, 4684814235543618, 4684814235543618, 4684814235543618, 4684814235543618, 4684814235543618, 4684814235543618, 4684814235543618, 4684814235543618, 4684814235543618, 4684814235543618, 4684814235543618, 4684814235543618, 4684814235543618, 4684814235543618, 4684814235543618, 4684814235543618, 4684814235543618, 4684814235543618, 4684814235543618, 4684814235543618, 4684814235543618, 4684814235543618, 4684814235543618, 4684814235543618, 4684814235543618, 4684814235543618, 4684814235543618, 4702406421588034, 4702406421588034, 4702406421588034, 4702406421588034, 4702406421588034, 4702406421588034, 4702406421588034, 4702406421588034, 4702406421588034, 4702406421588034, 4702406421588034, 4702406421588034, 4702406421588034, 5265356375009346]
[4684745516066882, 4684745516066882, 4684745549621314, 4684745549621314, 4684745549621314, 4684745549621314, 4684745549621314, 4684745549621314, 4684745549621314, 4684745549621314, 4684745549621314, 4684745549621314, 4684745558009922, 4684745558009922, 4684745558009922, 4684745558009922, 4684745558009922, 4684745558009922, 4684745558009922, 4684745558009922, 4684745558009922, 4684745558009922, 4684745558009922, 4684745558009922, 4684745558009922, 4684745524455490, 4684745524455490, 4684745524455490, 4684745524455490, 4684745524455490, 4684745524455490, 4684745524455490, 4684745524455490, 4684745524455490, 4684745524455490, 4684745524455490, 4684745524455490, 4684745524455490, 4684745524455490, 4684745524455490, 4684745524455490, 4684745524455490, 4684745524455490, 4684745558009922, 4684745558009922, 4684745558009922, 4684745558009922, 4684745558009922, 4684745558009922, 4684745558009922, 4684745558009922, 4684745558009922, 4684745558009922, 4684745558009922, 4684745558009922, 4684745558009922, 4684745558009922, 4684745558009922, 4684745558009922, 4684745558009922, 4684745558009922, 4684745558009922, 4684745558009922, 4684745558009922, 4684745558009922, 4684745558009922, 4684745558009922, 4684745558009922, 4684745558009922, 4684745558009922, 4684745558009922, 4684745558009922, 4684745558009922, 4684745558009922, 4684745558009922, 4684745558009922, 4684745558009922, 4684745558009922, 4684745558009922, 4684745558009922, 4684745558009922, 4684745558009922, 4684745558009922, 4684745558009922, 4684745558009922, 4684745558009922, 4684745558009922, 4684745558009922, 4684745558009922, 4684745558009922, 4684745558009922, 4684745558009922, 4684745558009922, 4684745558009922, 4684745558009922, 4684745558009922, 4684745558009922, 4684745558009922, 4684745558009922, 4684745558009922, 4684745558009922, 4684745558009922, 4684745558009922, 4684745558009922, 4684745558009922, 4684745558009922, 4684745558009922, 4684745558009922, 4684745558009922, 4684745558009922, 4684745558009922, 4684745558009922, 4684745558009922, 4684745558009922, 4684745558009922, 4684745558009922, 4684745558009922, 4684745558009922, 4684745549621314, 4684745549621314, 4684745549621314, 4684745549621314, 4684745549621314, 4684745549621314, 4684745549621314, 4684745549621314, 4684745549621314, 4684745549621314, 4684745549621314, 4684745549621314, 4684745549621314, 4684745549621314, 4684745549621314, 4684745549621314, 4684745549621314, 4684745549621314, 4684745549621314, 4684745549621314, 4684745549621314, 4684745549621314, 4684745549621314, 4684745549621314, 4684745549621314, 4684745549621314, 4684745549621314, 4684745549621314, 4684745549621314, 4684745549621314, 4684745549621314, 4684745549621314, 4684745549621314, 4684745549621314, 4684745549621314, 4684745549621314, 4684745549621314, 4684745549621314, 4684745549621314, 4684745549621314, 4684745549621314, 4684745549621314, 4684745549621314, 4684745549621314, 4684745549621314, 4684745549621314, 4684745549621314, 4684745549621314, 4684745549621314, 4684745549621314, 4684745549621314, 4684745549621314, 4684745549621314, 4684745549621314, 4684745549621314, 4684745549621314, 4684745549621314, 4684745549621314, 4684745549621314, 4684745549621314, 4684745549621314, 4684745549621314, 4684745549621314, 4684745549621314, 4684745549621314, 4684745549621314, 4684745549621314, 4684745549621314, 4684745549621314, 4684745549621314, 4684745549621314, 4684745549621314, 4684745549621314, 4684745549621314, 4684745549621314, 4684745549622338, 4684745549622338, 4684745549622338, 4684745549622338, 4684745549622338, 4684745549622338, 4684745549621314, 4684745549621314, 4684745549621314, 4684745549621314, 4684745549621314, 4684745549621314, 4684745549621314, 4684745549621314, 4684745549621314, 4684745549621314, 4684745549621314, 4684745549621314, 4684745516066882, 4684745516066882, 4684745516066882, 4684745516066882, 4684745516066882, 4684745516066882, 4684745516066882, 4684745516066882, 4684745516066882, 4684745516066882, 4684745516066882, 4684745516066882, 4684745516066882, 4684745516066882, 4684745516066882, 4684745516066882, 4684745516066882, 4684745516066882, 4684745516066882, 4684745516066882, 4684745516066882, 4684745516066882, 4684745516066882, 4684745516066882, 4684745516066882, 4684745516066882, 4684745516066882, 4684745516066882, 4684745516066882, 4684745516066882, 4684745516066882, 4684745516066882, 4684745516066882, 4684745516066882, 4684745516066882, 4684745516066882, 4684745516066882, 4684745516066882, 4684745516066882, 4684745516066882, 4684745516066882, 4684745516066882, 4684745516066882, 4684745516066882, 4684745516066882, 4684745516066882, 4684745516066882, 4684745516066882, 4684745516066882, 4684745516066882, 4684745516066882, 4684745516066882, 4684745516066882, 4684745516066882, 4684745516066882, 4684745516066882, 4684745516066882, 4684745516066882, 4684745516066882, 4684745516066882, 4684745516066882, 4684745516066882, 4684745516066882, 4684745516066882, 4684745516066882, 4684745516066882, 4684745516066882, 4684745516066882, 4684745516066882, 4684745516066882, 4684745516066882, 4684745516066882, 4684745516066882, 4684745516066882, 4684745516066882, 4684745516066882, 4684745516066882, 4684745516066882, 4684745516066882, 4684745516066882, 4684745516066882, 4684745516066882, 4684745516066882, 4684745516066882, 4684745516066882, 4684745516066882, 4684745516066882, 4684745516066882, 4684745516066882, 4684745516066882, 4684745516066882, 40713542535030850, 40713542535030850, 40713542535030850, 40713542535030850, 40713542535030850, 40713542543419458, 40713542543419458, 40713542543419458, 40713542543419458, 40713542543419458, 40713542543419458, 40713542543419458, 40713542543419458, 40713542543419458, 40713542543419458, 58727941052901442]
[4684745516066882, 4684745516066882, 4684745516066882, 4684745516066882, 4684745516066882, 4684745516066882, 4684745516066882, 4684745516066882, 4684745516066882, 4684745516066882, 4684745516066882, 4684745516066882, 4684745516066882, 4684745516067906, 4684745516067906, 4684745516067906, 4684745516067906, 4684745516067906, 4684745516067906, 4684745516067906, 4684745516067906, 4684745516067906, 4684745516067906, 4684745516067906, 4684745516067906, 4684745516067906, 4684745516067906, 4684745516067906, 4684745516067906, 4684745516067906, 4684745516067906, 4684745549622338, 4684745549622338, 4684745549622338, 4684745549622338, 4684745549622338, 4684745549622338, 4684745549622338, 4684745549622338, 4684745549622338, 4684745549622338, 4684745549622338, 4684745549622338, 4684745549622338, 4684745549622338, 4684745549622338, 4684745549622338, 4684745549622338, 4684745549622338, 4684745549622338, 4684745549622338, 4684745549622338, 4684745549622338, 4684745549622338, 4684745549622338, 4684745549622338, 4684745549622338, 4684745549622338, 4684745549622338, 4684745549622338, 4684745549622338, 4684745549622338, 4684745549622338, 4684745549622338, 4684745549622338, 4684745549622338, 4684745549622338, 4684745549622338, 4684745549622338, 4684745549622338, 4684745549622338, 4684745549622338, 4684745549622338, 4684745549622338, 4684745549622338, 4684745549622338, 4684745549622338, 4684745549622338, 4684745549622338, 4684745549622338, 4684745549622338, 4684745549622338, 4684745549622338, 4684745549622338, 4684745549622338, 4684745549622338, 4684745549622338, 4684745549622338, 4684745549622338, 4684745549622338, 4684745549622338, 4684745549622338, 4684745549622338, 4684745549622338, 4684745549622338, 4684745549622338, 4684745549622338, 4684745549622338, 4684745549622338, 4684745549622338, 4684745549622338, 4684745549622338, 4684745549622338, 4684745549622338, 4684745549622338, 4684745549622338, 4684745549622338, 4684745549622338, 4684745549622338, 4684745549622338, 4684745549622338, 4684745549622338, 4684745549622338, 4684745549622338, 4684745549622338, 4684745549622338, 4684745549622338, 4684745549622338, 4684745549622338, 4684745549622338, 4684745549622338, 4684745549622338, 4684745549622338, 4684745549622338, 4684745549622338, 4684745549622338, 4684745549622338, 4684745549621314, 4684745549621314, 4684745549621314, 4684745549621314, 4684745549621314, 4684745549621314, 4684745549621314, 4684745549621314, 4684745549621314, 4684745549621314, 4684745549621314, 4684745549621314, 4684745549621314, 4684744475879490, 4684744475879490, 4684744475879490, 4684744475879490, 4684744475879490, 4684744475879490, 4684744475879490, 4684744475879490, 4684744475879490, 4684744475879490, 4684744475879490, 4684744475879490, 4684744475879490, 4684744475879490, 4684744475879490, 4684744475879490, 4684744475879490, 4684744475879490, 4684744475879490, 4684744475879490, 4684744475879490, 4684744475879490, 4684744475879490, 4684744475879490, 4684744475879490, 4684744475879490, 4684744475879490, 4684744475879490, 4684744475879490, 4684744475879490, 4684744475879490, 4684744475879490, 4684744475879490, 4684744475879490, 4684744475879490, 4684744475879490, 4684744475879490, 4684744475879490, 4684744475879490, 4684744475879490, 4684744475879490, 4684744475879490, 4684744475879490, 4684744475879490, 4684744475879490, 4684744475879490, 4684744475879490, 4684744442325058, 4684744442325058, 4684744442325058, 4684744442325058, 4684744442325058, 4684744442325058, 4702336628369474, 4702336628369474, 4702336628369474, 4702336628369474, 4702336628369474, 4702336628369474, 4702337165240386]
[4684745516066882, 4684745516066882, 4684745516066882, 4684745516066882, 4684745516066882, 4684745516066882, 4684745516066882, 4684745516066882, 4684745516066882, 4684745516066882, 4684745516066882, 4684745516066882, 4684745516066882, 4684745516066882, 4684745516066882, 4684745516066882, 4684745516066882, 4684745516066882, 4684745516066882, 4684745516066890, 4684745516066890, 4684745516066890, 4684745516066890, 4684745516066890, 4684745516066890, 4684745516066890, 4684745516067018, 4684745516067018, 4684745516067018, 4684745516067018, 4684745516067018, 4684745516067018, 4684745516067018, 4684745516067018, 4684745516067018, 4684745516067018, 4684745516067018, 4684745516068042]
[4684745516066882, 4684745516066882, 4684745516066882, 4684745516066882, 4684745516066882, 4684745516066882, 4684745516066882, 4684745516066882, 4684745516066882, 4684745516066882, 4684745516066882, 4684745516066882, 4684745516066882, 4684745516066882, 4684745516066882, 4684745516066882, 4684745516066882, 4684745516066882, 4684745516066882, 4684745516066882, 4684745516066882, 4684745516066882, 4684745516066882, 4684745516066882, 4684745516066882, 4684745516066882, 4684745516066882, 4684745516066882, 4684745516066882, 4684745516066882, 4684745516066882, 4684745516066882, 4684745516066882, 4684745516066882, 4684745516066882, 4684745516066882, 4684745516066882, 4684745516066882, 4684745516066882, 4684745516066882, 4684745516066882, 4684745516066882, 4684745516066882, 4684745516066882, 4684745516066882, 4684745516066882, 4684745516066882, 4684745516066882, 4684745516066882, 4684745516066882, 4684745516066882, 4684745516066882, 4684745516066882, 4684745516066882, 4684745516066882, 4684745516066882, 4684745516066882, 4684745516066882, 4684745516066882, 4684745516066882, 4684745516066882, 4684745516066882, 4684745516066882, 4684745516066882, 4684745516066882, 4684745516066882, 4684745516066882, 4684745516066882, 4684745516066882, 4684745516066882, 4684745516066882, 4684745516066882, 4684745516066882, 4684745516066882, 4684745516066882, 4684745516066882, 4684745516066882, 4684745516066882, 4684745516066882, 4684745516066882, 4684745516066882, 4684745516066882, 4684745516066882, 4684745516066882, 4684745516066882, 4684745516066882, 4684745516066882, 4684745516066882, 4684745516066882, 4684745516066882, 4684745516066882, 4684745516066882, 4684745516066882, 4684745516066882, 4684745516066882, 4684745516066882, 4684745516066882, 4684745516066882, 4684745516066882, 4684745516066882, 4684745516066882, 4684745516066882, 4684745516066882, 4684745516066882, 4684745516066882, 4684745516066882, 4684745516066882, 4684745516066882, 4684745516066882, 4684745516066882, 4684745516066882, 4684745516066882, 4684745516066882, 4684745516066882, 4684745516066882, 4684745516066882, 4684745516066882, 4684745516066882, 4684745516066882, 4684745516066882, 4684745516066882, 4684745516066882, 4684745516066882, 4684745516066882, 4684745516066882, 4684745516066882, 4684745516066882, 4684745516066882, 4684745516066882, 4684745516066882, 4684745516066882, 4684745516066882, 4684745516066882, 4684745516066882, 4684745516066882, 4684745516066882, 4684745516066882, 4684745516066882, 4684745516066882, 4684745516066882, 4684745516066882, 181145888696386, 181145888696386, 181145888696386, 181145888696386, 181145888696386, 181145888696386, 181145888696386, 181145888696386, 181145888696386, 181145888696386, 181145888696386, 181145888696386, 181145888696386, 181145888696386, 181145888696386, 181145888696386, 181145888696386, 181145888696386, 181145888696386, 181145888696386, 181145888696386, 181145888696386, 181145888696386, 181145888696386, 4684745516066882, 4684745516066882, 4684745516066882, 4684745516066882, 4684745516066882, 4684745516066882, 4684745516066882, 4684745516066882, 4684745516066882, 4684745516066882, 4684745516066882, 4684745516066882, 4684745516066882, 4684745516066882, 4684745516066882, 4684745516066882, 4684745516066882, 4684745516066882, 4684745516066882, 4684745516066882, 4684745516066882, 4684745516066882, 4684745516066882, 4684745516066882, 4684745516066882, 4684745516066882, 4684745516066882, 4684745516066882, 4684745516066882, 4684745516066882, 4684745516066882, 4684745516066882, 4684745516066882, 4684745516066882, 4684745516066882, 4684745516066882, 4684745516066882, 4684745516066882, 4684745516066882, 4684745516066882, 4684745516066882, 4684745516066882, 4684745516066882, 4684745516066882, 4684745516066882, 4684745516066882, 4684745516066882, 4684745516066882, 4684745516066882, 4684745516066882, 4684745516066882, 4684745516066882, 4684745516066882, 4684745516066882, 4684745516066882, 4684745516066882, 4684745516066882, 4684745516066882, 4684745516066882, 4684745516066882, 4684745516066882, 4684745516066882, 4684745516066882, 4684745516066882, 4684745516066882, 4684745516066882, 4684745516066882, 4684745516066882, 4684745516066882, 4684745516066882, 4684745516066882, 4684745516066882, 4684745516066882, 4684745516066882, 4684745516066882, 4684745516066882, 4684745516066882, 4684745516066882, 4684745516066882, 4684745516066882, 4684745516066882, 4684745516066882, 4684745516066882, 4684745516066882, 4684745516066882, 4684745516066882, 4684745516066882, 4684745516066882, 4684745516066882, 4684745516066882, 4684745516066882, 4684745516066882, 4684745516066882, 4684745516066882, 4684745516066882, 4684745516066882, 4684745516066882, 4684745516066882, 4684745516066882, 4684745516066882, 4684745516066882, 4684745516066882, 4684745516066882, 4684745516066882, 4684745516066882, 4684745516066882, 4684745516066882, 4684745516066882, 4684745516066882, 4684745516066882, 181145888696386, 181145888696386, 181145888696386, 181145888696386, 181145888696386, 181145888696386, 181145888696386, 181145888696386, 181145888696386, 181145888696386, 181145888696386, 181144814954562, 181144814954562, 181144814954562, 181144814954562, 181144814954562, 181144814954562, 181144848508994]
[4684745516066882, 4684745516066882, 4684745516066882, 4684745516066882, 4684745516066882, 4684745516066882, 4684745516066882, 4684745516066882, 4684745516066882, 4684745516066882, 4684745516066882, 4684745516066882, 4684745516066882, 4684745516066882, 4684745516066882, 4684745516066882, 4684745516066882, 4684745516066882, 4684745516066882, 4684745516066882, 4684745516066882, 4684745516066882, 4684745516066882, 4684745516066882, 4684745516066882, 4684745516066882, 4684745516066882, 4684745516066882, 4684745516066882, 4684745516066882, 4684745516066882, 4684745516066882, 4684745516066882, 181145888696386, 181145888696386, 181145888696386, 181145888696386, 181145888696386, 181145888696386, 181145888696386, 181145888696386, 181145888696386, 181145888696386, 181145888696386, 181145888696386, 181145888696386, 181145888696386, 181145888696386, 181145888696386, 181145888696386, 181145888696386, 181145888696386, 181145888696386, 181145888696386, 181145888696386, 181145888696386, 181145888696386, 181145888696386, 181145888696386, 181145888696386, 181145888696386, 181145888696386, 181145888696386, 181145888696386, 181145888696386, 181144814954562, 181144814954562, 181144814954562, 181144814954562, 181144814954562, 181144814954562, 181144814954562, 181144814954562, 181144814954562, 181144814954562, 181144814954562, 181144814954562, 181144814954562, 181144814954562, 181144814954562, 181144814954562, 181144814954562, 181144814954562, 181144814954562, 181144814954562, 181144814954562, 181144814954562, 181144814954562, 181144814954562, 181144814954562, 181144814954562, 181144814954562, 181144814954562, 181144814954562, 181144814954562, 181144814954562, 181144814954562, 181144814954562, 181144814954562, 181144814954562, 181144882063426]
[4684745516066882, 4684745516066882, 4684745516066882, 4684745516066882, 4684745516066882, 4684745516066882, 4684745516066882, 4684745516066882, 4684745516066882, 4684745516066882, 4684745516066882, 4684745516066882, 4684745516066882, 4684745516066882, 4684745516066882, 4684745516066882, 4684745516066882, 4684745516066882, 4684745516066882, 4684745516066882, 4684745516066882, 4684745516066882, 4684745516066882, 4684745516066882, 4684745516066882, 4684745516066882, 4684745516066882, 4684745516066882, 4684745516066882, 4684745516066882, 4684745516066882, 4684745516066882, 4684745516066882, 4684745516066882, 4684745516066882, 4684745516066882, 4684745516066882, 4684745516066882, 4684745516067010, 4684745516067010, 4684745516067010, 4684745516067010, 4684745516067010, 4684745516067010, 4684745516067010, 4684745516067010, 4684745516067010, 4684745516067010, 4684745516067010, 4684745516067010, 4684745516067010, 4684745516067010, 4684745516067010, 4684745516067010, 4684745516329154, 4684745516329154, 4684745516329154, 4684745516329154, 4684745516329154, 4684745516329154, 4684745516329154, 4684745516329154, 4684745516329154, 4684745516329154, 4684745516329154, 4684745516329154, 4684745516329154, 4684745516329154, 4684745516329154, 4684745516329154, 4684745516329154, 4684745516329154, 4684745516329154, 4684745516329154, 4684745516329154, 4684745516329154, 4684745516329154, 4684745516329154, 4684745516329154, 4684745516329154, 4684745516329154, 4684745516329154, 4684745516329154, 4684745516329154, 4684745516329154, 4684745516329154, 181145888958658]
[4684745516066882, 4684745516066882, 4684745516066882, 4684745516066882, 4684745516066882, 4684745516066882, 4684745516066882, 4684745516066882, 4684745516066882, 4684745516066882, 4684745516066882, 4684745516066882, 4684745516066882, 4684745516066882, 4684745516066882, 4684745516066882, 4684745516066882, 4684745516066882, 4684745516066882, 4684745516066882, 4684745516066882, 4684745516066882, 4684745516066882, 4684745549621314, 4684745549621314, 4684745549621314, 4684745549621314, 4684745549621314, 4684745549621314, 4684745549621314, 4684745549621314, 4684745549621314, 4684745549621314, 4684745549621314, 4684745549621314, 4684745549621314, 4684745549621314, 4684745549621314, 4684745549621314, 4684745549621314, 4684745549621314, 4684745549621314, 4684745549621314, 4684745549621314, 4684745549621314, 4684745549621314, 4684745549621314, 4684745549621314, 4684745549621314, 4684745549621314, 4684745549621314, 4684745549621314, 4684745549621314, 4684745549621314, 4684745549621314, 4684745549621314, 4684745549621314, 4684745549621314, 4684745549621314, 4684745549621314, 4684745549621314, 4684745549621314, 4684745549621314, 4684745549621314, 4684745549621314, 4684745549621314, 4684745549621314, 4684745549621314, 4684745549621314, 4684745549621314, 4684745549621314, 4684745549621314, 4684745549621314, 4684745549621314, 4684745549621314, 4684745549621314, 4684745549621314, 4684745549621314, 4684745549621314, 4684745549621314, 4684745549621314, 4684745549621314, 4684745549621314, 4684745549621314, 4684745549621314, 4684745549621314, 4684745549621314, 4684745549621314, 4684745549621314, 4684745549621314, 4684745549621314, 4684745549621314, 4684745549621314, 4684745549621314, 4684745549621314, 4684745549621314, 4684745549621314, 4684745549621314, 4684745549621314, 4684745551718466, 4684745551718466, 4684745551718466, 4684745551718466, 22699144061200450]
[4684745516066882, 4684745516066882, 4684745516066882, 4684745516066882, 4684745516066882, 4684745516066882, 4684745516066882, 4684745516066882, 4684745516066882, 4684745516066882, 4684745516066882, 4684745516066882, 4684745516066882, 4684745516066882, 4684745516066882, 4684745516066882, 4684745516066882, 4684745516066882, 4684745516066882, 4684745516066882, 4684745516066882, 4684745516066882, 4684745516066882, 4684745516066882, 4684745516066882, 4684745516066882, 4684745516066882, 4684745516066882, 4684745516066882, 4684745516066882, 4684745516066882, 4684745516066882, 4684745516066882, 4684745516066882, 4684745516066882, 4684745516066882, 4684745516066882, 4684745516066882, 4684745516066882, 4684745516066882, 4684745516066882, 4684745516066882, 4684745516066882, 4684745516066882, 4684745516066882, 4684745516066882, 4684745516066882, 4684745516066882, 4684745516066882, 4684745516066882, 4684745516066882, 4684745516066882, 4684745516066882, 4684745516066882, 4684745516066882, 4684745516066882, 4684745516066882, 4684745516066882, 4684745516066882, 4684745516066882, 4684745516066882, 4684745516066882, 4684745516066882, 4684745516066882, 4684745516066882, 4684745516066882, 4684745516066882, 4684745516066882, 4684745516066882, 4684745516066882, 4684745516066882, 4684745516066882, 4684745516066882, 4684745516066882, 4684745516066882, 4684745516066882, 4684745516066882, 4684745516066882, 4684745516066882, 4684745516066882, 4684745516066882, 4684745516066882, 4684745516066882, 4684745516066882, 5247695469488194, 4684745516066882, 4684745516066882, 4684745516066882, 4684745516066882, 4684745516066882, 4684745516066882, 4684745516066882, 4684745516066882, 4684745516066882, 4684745516066882, 4684745516066882, 4684745516066882, 4684745516066882, 4684745516066882, 4684745516066882, 4684745516066882, 4684745516066882, 4684745516066882, 4684745516066882, 4684745516066882, 4684745516066882, 4684745516066882, 4684745516066882, 4684745516066882, 4684745516066882, 4684745516066882, 4684745516066882, 4684745516066882, 4684745516066882, 4693541609089090, 4693541609089090, 4693541609089090, 4693541609089090, 4693540535347266, 4693540535347266, 4693540535347266, 4693540535347266, 4693540535347266, 4693540535347266, 4693540535347266, 4693540535347394]
[4684745516066882, 4684745516066882, 4684745516066882, 4684745516066882, 4684745516066882, 4684745516066882, 4684745516066882, 4684745516066882, 4684745516066882, 4684745516066882, 4684745516066882, 4684745516066882, 4684745516066882, 4684745516066882, 4684745516066882, 4684745516066882, 4684745516066882, 4684745516066882, 4684745516066882, 4684745516066882, 4684745516066882, 4684745516066882, 4684745516066882, 4684745516066882, 4684745516066882, 4684745516066882, 4693541609089090, 4693541609089090, 4693541609089090, 4693541609089218, 4693541609089218, 4693541608040642]
[4684745516066882, 4684745516066882, 4684745516066882, 4684745516066882, 4684745516066882, 4684746052937794, 4684746052937794, 4684746052937794, 4684746052937794, 4684746052937794, 4684746052937794, 4684746052937794, 22699144562419778, 22699144562419778, 23262094515841090]
[4684745516066882, 4684745516066882, 4684745516066882, 4684745516066882, 4684745516066882, 4684745516066882, 4684745516066882, 4684745516066882, 4684745516066882, 4684745516066882, 4684745516066882, 4684745516066882, 4684745516066882, 4684745516066882, 4684745516066882, 4684745516066882, 4684745516066882, 4684745516066882, 4684745516066882, 4684745516066882, 4684745516066882, 4684745516066882, 4684745516066882, 4684745516066882, 4684745516066882, 4684745516066882, 4684745516066882, 4684745516066882, 4684745516066882, 4684745516066882, 4684745516066882, 4684745516066882, 4684745516066882, 4684745516066882, 4684745516066882, 4684745516066882, 4684745516066882, 4684745516066882, 4684745516066882, 4684745516066882, 4684745516066882, 4684745516066882, 4684745516066882, 4684745516066882, 4684745516066882, 4684745516066882, 4684745516066882, 4684745516066882, 4684745516067906, 4684745516067906, 4684745516067906, 4684745516067906, 4684745516067906, 4684745516067906, 4684745516067906, 4684745516067906, 4684745516067906, 4684745516067906, 4684745516067906, 4684745516067906, 4684745516067906, 4684745516067906, 4684745516067906, 4684745516067906, 4684745516067906, 4684745516067906, 4684745516067906, 4684745516067906, 4684745516067906, 4684745516067906, 4684745516067906, 4684745516067906, 4684745516067906, 4684745516067906, 4684745516067906, 4684745516067906, 4684745516067906, 4684745516067906, 4684745516067906, 4684745516067906, 4684745516067906, 4684745516067906, 4684745516067906, 4684745516067906, 4684745516067906, 4684745516067906, 4684745516067906, 4684745516067906, 4684745516067906, 4684745516067906, 4684745516067906, 4684745516067906, 4684745516067906, 4684745516067906, 4684745516067906, 4684745516067906, 4684745516067906, 4684745516067906, 22699144025549890, 22699144025549890, 22699144025548866, 22699142951807042, 22699142951807042, 22699142951807042, 22699142951807042, 22699142951807042, 22699142951807042, 22699142951807042, 22699142951807042, 22699142951807042, 22699142951807042, 22699142951807042, 22699142951807042, 22699142951807042, 22699142951807042, 22699142951807042, 22699142951807042, 22699142951807042, 22699142951807042, 22699142951807042, 22699142960195650]
[22699144025548866, 22699144025548866, 22699144025548866, 22699144025548866, 22699144025548866, 22699144025548866, 22699144025548866, 22699144025548866, 22699144025548866, 22699144025548866, 22699144025548866, 22699144025548866, 22699144025548866, 22699144025548866, 22699144025548866, 22699144025548866, 22699144025548866, 22699144025548866, 22699144025548866, 22558406537193538, 22558406537193538, 22558406537193538, 22558406537193538, 22558406537193538, 22558406537193538, 22558406537193538, 22558406537193538, 22558406537193538, 22558406537193538, 22558406537193538, 22558406537193538, 22558406537193538, 22558406537193538, 22558406537193538, 22558406537193538, 22558406537193538, 22558406537193538, 22558406537193538, 22558406537193538, 22558406537193538, 22558406537193538, 22558406537193538, 22558406537193538, 23121356490614850]
[4684745516066882, 4684745516066882, 4684745516066882, 4684745516066882, 4684745516066882, 4684745516066882, 4684745516066882, 4684745516066882, 4684745516066882, 4684745516066882, 4684745516066882, 4684745516066882, 4684745516066882, 4684745516066882, 4684745516066882, 4684745516066882, 4684745516066882, 4684745516066882, 4684745516066882, 4684745516066882, 4684745516066882, 4684745516066882, 4684745516066882, 4684745516066882, 4684745516066882, 4684745516066882, 4684745516066882, 4684745516066882, 4684745516066882, 4684745516066882, 4684745516066882, 4684745516066882, 4684745516066882, 4684745516066882, 4684745516066882, 4684745516066882, 4684745516066882, 4684745516066882, 4684745516066882, 4684745516066882, 4684745516066882, 4684745516066882, 4684745516066882, 4684745516066882, 4684745516066882, 4684745516066882, 4684745516066882, 4684745516066882, 4684745516066882, 4684745516066882, 4684745516066882, 4684745516066882, 4684745516066882, 4684745516066882, 4684745516066882, 4684745516066882, 4684745516066882, 4684745516066882, 4684745516066882, 4684745516066882, 4684745516066882, 4684745516066882, 4684745516066882, 4684745516066882, 4684745516066882, 4684745516066882, 4684745516066882, 4684745516066882, 4684745516066882, 4684745516066882, 4684745516066882, 4684745516066882, 4684745516066882, 4684745516066882, 4684745516066890, 4684745516066890, 4684745516066890, 4684745516066890, 4684745516066890, 4684745516066890, 4684745516066890, 4684745516066890, 4684745516066890, 4684745516066890, 4684745516066890, 4684745516066890, 4684745516066890, 4684745516066890, 4684745516066890, 4684745516066890, 4684745516066890, 4684745516066890, 4684745516066890, 4684745516066890, 4684745516066890, 4684745516066890, 4684745516066890, 4684745516066890, 4684745516066890, 4684745516066890, 4684745516066890, 4684745516066890, 4684745516066890, 4684745516066890, 4684745516066890, 4684745516066890, 4684745516066890, 4684745516066890, 4684745516066890, 4684745516066890, 4684745516066890, 4684745516066890, 4684745516066890, 4684745516066890, 4684745516066890, 4684745516066890, 4684745516066890, 4684745516066890, 4684745516066890, 4684745516066890, 4684745516066890, 4684745516066890, 4684745516066890, 4684745516066890, 4684745516066890, 4684745516066890, 4684745516066890, 4684745516066890, 4684745516066890, 4684745516066890, 4684745516066890, 4684745516066890, 4684745516066890, 4684745516066890, 4684745516066890, 4684745516066890, 4684745516066890, 4684745516066890, 4684745516066890, 4684745516066890, 4684745516066890, 4684745516066890, 4684745516066890, 4684745516066890, 4684745516066890, 4684745516066890, 4684745516066890, 4684745516066890, 4684745516066890, 4684745516066890, 4684745516066890, 4684745516066890, 4684745516066890, 4684745516066890, 4684745516066890, 4684745516066890, 4684745516066890, 4684745516066890, 4684745516066890, 4684745516066890, 4684745516066890, 4684745516066890, 4684745516066890, 4684745516066890, 4684745516066890, 4684745516066890, 4684745516066890, 4684745516066890, 4684745516066890, 4684745516066890, 4684745516066890, 4684745516066890, 4684745516066890, 4684745516066890, 4684745516066890, 4684745516066890, 4684745516066890, 4684745516066890, 4684745516066890, 4684745516066890, 4684745516066890, 4684745516066890, 4684745516066890, 4684745516066890, 4684745516066890, 4684745516066890, 4684745516066890, 4684745516066890, 4684745516066890, 4684745516066890, 4684745516066890, 4684745516066890, 4684745516066890, 4684745516066890, 4684745516066890, 4684745516066890, 4684745516066890, 4684745516066890, 4684745516066890, 4684745516066890, 4684745516067018, 4684745516067018, 4684745516067018, 22699144025549002]
[4684745516066882, 4684745516066882, 4684745516066882, 4684745516066882, 4684745516066882, 4684745516066882, 4684745516066882, 4684745516066882, 4684745516066882, 4684745516066882, 4684745516066882, 4684745516066882, 4684745516066882, 4684745516066882, 4684745516066882, 4684745516066882, 4684745516066882, 4684745516066882, 4684745516066882, 4684745516066882, 4684745516066882, 4684745516066882, 4684745516066882, 4684745516066882, 4684745516066882, 4684745516066882, 4684745516066882, 4684745516066882, 4684745516066882, 4684745516066882, 4684745516066882, 4684745516066882, 4684745516066882, 4684745516066882, 4684745516066882, 4684745516066882, 4684745516066882, 4684745516066882, 4684745516066882, 4684745516066882, 4684745516066882, 4684745516066882, 4684745516066882, 4684745516066882, 4684745516066882, 4684745516066882, 4684745516066882, 4684745516066882, 4684745516066882, 4684745516066882, 4684745516066882, 4684745516066882, 4684745516066882, 4684745516066882, 4684745516066882, 4684745516066882, 4684745516066882, 4684745516064834, 4684745516064834, 4684745516064834, 4684745516064834, 4684745516064834, 4684745516064834, 4680347469553730, 4680347469553730, 4680347469553730, 4680347469553730, 4680347469553730, 4680347469553730, 4680347469553730, 4680347469553730, 4680347469553730, 4680347469553730, 4680347469553730, 4680347469553730, 4680347469553730, 4680347469553730, 4680347469553730, 4680347469553730, 4680347469553730, 4680347469553730, 4680347469553730, 4680347469553730, 4680347469553730, 4680347469553730, 4680347469553730, 4680347469553730, 4680347469553730, 4680347469553730, 4680347469553730, 4680347469553730, 4680347469553730, 4680347469553730, 4680347469553730, 4680347469553730, 4680347469553730, 4680347469553730, 4680347469553730, 4680347469553730, 4680347469553730, 4680347469553730, 4680347469553730, 4680347469553730, 4680347469553730, 4680347469553730, 4680347469553730, 4680347469553730, 4680347469553730, 4680347469553730, 4680347469553730, 4680347469553730, 4680347469553730, 4680347469553730, 4680347469553730, 4680347469553730, 4680347469553730, 4680347469553730, 4680347469553730, 4680347469553730, 4680347469553730, 4680347469553731]
[4684745516066882, 4684745516066882, 4684745516066882, 4684745516066882, 4684745516066882, 4684745516066882, 4684745516066882, 4684745516066882, 4684745516066882, 4684745516066882, 4684745516066882, 4684745516066882, 4684745516066882, 4684745516066882, 4684745516066882, 4684745516066882, 4684745516066882, 4684745516066882, 4684745516066882, 4684745516066882, 4684745516066882, 4684746052937794, 4684746052937794, 4684746052937794, 4684746052937794, 4684746052937794, 4684746052937794, 4684746052937794, 4684746052937794, 4684746052937794, 4684746052937794, 4684746052937794, 4684746052937794, 4684746052937794, 181146425567298, 181146425567298, 181146425567298, 181146425567298, 181146425567298, 181146425567298, 181146425567298, 181146425567298, 181146425567298, 181146425567298, 181146425567298, 181146425567298, 181146425567298, 181146425567298, 181146425567298, 181146425567298, 181146425567298, 181146425567298, 181146425567298, 181146425567298, 181146425567298, 181146425567298, 181146425567298, 181146425567298, 181146425567298, 181146425567298, 181146425567298, 181146425567298, 181146425567298, 181146425567298, 181215145044034]
[4684745516066882, 4684745516066882, 4684745516066882, 4684745516066882, 4684745516066882, 4684745516066882, 4684745516066882, 4684745516066882, 4684745516066882, 4684745516066882, 4684745516066882, 4684745516066882, 4684745516066882, 4684745516066882, 4684745516066882, 4684745516066882, 4684745516066882, 4684745516066882, 4684745516066882, 4684745516066882, 4684745516066882, 4684745516066882, 4684745516066882, 4684745516066882, 4684745516066882, 4684745516066882, 4684745516066882, 4684745516066882, 4684745516066882, 4684745516066882, 4684745516066882, 4684745516066882, 4684745516066882, 4684745516066882, 4684745516066882, 4684745516066882, 4684745516066882, 4684745516066882, 4684745516066882, 4684745516066882, 4684745516066882, 4684745516066882, 4684745516066882, 4684745516066882, 4684745516066882, 4684745516066882, 4684745516066882, 4684745516066882, 4684745516066882, 4684745516066882, 4684745516066882, 4684745516066882, 4684745516066882, 4684745516066882, 4684745516066882, 4684745516066882, 4684745516066882, 4684745516066882, 4684745516066882, 4684745516066882, 4684745516066882, 4684745516066882, 4684745516066882, 4684745516066882, 4684745516066882, 4684745516066882, 4684745516066882, 4684745516066882, 4684745516066882, 4684745516066882, 4684745516066882, 4684745516066882, 4684745516066882, 4684745516066882, 4684745516066882, 4684745516066882, 4684745516066882, 4684745516066882, 4684745516066882, 4684745516066882, 4684745516066882, 4684745516066882, 4684745516066882, 4684745516066882, 4684745516066882, 4684745516066882, 4684745516066882, 4684745516066882, 4684745516066882, 4684745516066882, 4684745516066882, 4684745516066882, 4684745516066882, 4684745516066882, 4684745516066882, 4684745516066882, 4684745516066882, 4684745516066882, 4684745516066882, 4684745516066882, 5247695469488194, 5247695469488194, 5247695469488194, 5247695469488194, 5247695469488194, 5247695469488194, 5247695469488194, 5247695469488194, 5247695469488194, 5247695469488194, 5247695469488194, 5247695469488194, 5247695469488194, 5247695469488194, 5247695469488194, 5247695469488194, 5247695469488194, 5247695469488194, 5247695469488194, 5247695469488194, 5247695469488194, 5247695469488194, 5247695469488194, 5247695469488194, 5247695469488194, 5247695469488194, 5247695469488194, 5247695469488194, 5247695469488194, 5247695469488194, 5247695469488194, 5247695469488194, 5247695469488194, 5247695469488194, 5247695469488194, 5247695469488194, 5247695469488194, 5247695469488194, 5247695469488194, 5247696006359106, 5247696006359106, 5247696006359106, 5247696006359106, 5247696006359106, 5247696006359114]
[4684745516066882, 4684745516066882, 4684745516066882, 4684745516066882, 4684745516066882, 4684745516067010, 4684745516067010, 4684745516067010, 4684745516067010, 4684745516067010, 4684745516067010, 4684745516067010, 4684745516067010, 4684745516067010, 4684745516067010, 4684745516067010, 4684745516067010, 4684745516067010, 4684745516067010, 4684745516067010, 4684745516067010, 4684745516067010, 4684745516067010, 4684745516067010, 4684745516067010, 4684745516067010, 4684745516067010, 4684745516067010, 4684745516067010, 4684745516067010, 4684745516067010, 4684745516067010, 4684745516067010, 4684745516067010, 4684745516067010, 4684745516067010, 4684745516067010, 4684745516067010, 4684745516067010, 4684745516067010, 4684745516067010, 4684745516067010, 4684745516067010, 4684745516067010, 4684745516067010, 4684745516067010, 4684745516067010, 4684745516067010, 4684745516067010, 4684745516067010, 4684745516067010, 4684882955020482, 4684882955020482, 4684882955020482, 4684882955020482, 4684882955020482, 4684882955020482, 4684882955020482, 4684882955021506]
[4684745516066882, 4684745516066882, 4684745516066882, 4684745516066882, 4684745516066882, 4684745516066882, 4684745516066882, 4684745516066882, 4684745516066882, 4684745516066882, 4684745516066882, 4684745516066882, 4684745516066882, 4684745516066882, 22699144025548866, 22699144025548866, 22699144025548866, 22699144025548866, 22699144025548866, 22699144025548866, 22699144025548866, 24950943839234114, 24950943839234114, 24950943839234114, 24950943839234114, 24950943839234114, 24950943839234114, 24950943839234114, 24950943839234114, 24950943839234114, 24950943839234114, 24950943839234114, 24950943839234114, 22699144025548866, 22699144025548866, 22699144025548866, 22699144025548866, 22699144025548866, 22699144025548866, 22699144025548866, 22699144025548866, 22699144025548866, 22699144025548866, 22699144025548866, 22699144025548866, 22699144025548866, 22699144025548866, 22699144025548866, 22699144025548866, 22699144025548866, 18195544398178370, 18195544398178370, 18195544398178370, 18195544398178370, 18195544398178370, 18195544398178370, 18195544398178370, 18195544398178370, 18195544398178370, 18195544398178370, 18195544398178370, 18195544398178370, 22699144025548866, 22699144025548866, 22699144025548866, 22699144025548866, 22699144025548866, 22699144025548866, 22699144025548866, 22699144025548866, 22699144025548866, 22699144025548866, 22699144025548866, 22699144025548866, 22699144025548994, 22699144025548994, 22699144025548994, 22699144025548994, 22699144025548994, 22699144025548994, 22699144025548994, 22699144025548994, 22699144025548994, 22699144025548994, 22699144025548994, 22699144025548994, 22699144025548994, 22699144025548994, 22699144025548994, 22699144025548994, 22699144025548994, 22699144025548994, 22699144025548994, 22699144025548994, 22699144025548994, 22699144025548994, 22699144025548994, 22699144025548994, 22699144025548994, 22699144025548994, 22699144025548994, 22699144025548994, 22699144025548994, 22699144027646146]
[4684745516066882, 4684745516066882, 4684745516066882, 4684745516066882, 4684745516066882, 4684745516066882, 4684745516066882, 4684745516066882, 4684745516066882, 4684745516066882, 4684745516066882, 4684745516066882, 4684745516066882, 4684745516066882, 181145888696386, 181145888696386, 181145888696386, 181144814954562, 181144814954562, 181144814954562, 181144814954562, 181144814954562, 181144814954562, 181144814954562, 181144814954562, 181144814954562, 181144814954562, 181282253908034]
[4684745516066882, 4684745516066882, 4684745516066882, 4684745516066882, 4684745516066882, 4684745516066882, 4684745516066882, 4684745516066882, 4684745516066882, 4684745516066882, 4684745516066882, 4684745516066882, 4684745516066882, 4684745516066882, 4684745516066882, 4684745516066882, 4684745516066882, 4684745516066882, 4684745516066882, 4684745516066882, 4684745516066882, 4684745516066882, 4684745516066882, 4684745516066882, 4684745516066882, 4684745516066882, 4684745516066882, 4684745516066882, 4684745516066882, 4684745516066882, 4684745516066882, 4684745516066882, 4684745516066882, 22699144025548866, 22699144025548866, 22699144025548866, 22699144025548866, 22699144025548866, 22699144025548866, 22699144025548866, 22699144025548866, 4684745516066882, 4684745516066882, 4684745516066882, 4684745516066882, 4684745516066882, 4684745516066882, 4684745516067010, 4684745516067010, 4684745516067010, 4684745516067010, 4684745516067010, 4684745516067010, 4684745516067010, 4684745516067010, 4684745516067010, 4684745516067010, 4684745516067010, 4684745516067010, 4684745516067010, 4684745516067010, 4684745516067010, 4684745516068034, 4684745516068034, 4684745516068034, 4684745516068034, 4684745516068034, 4684745516068034, 4684745516068034, 4684745516068034, 4684745516068034, 4684745516068034, 4684745516068034, 4684745516068034, 4684745516068034, 4684745516068034, 4684745516068034, 4684745516068034, 4684745516068034, 4684745516068034, 4684745516068034, 4684745516068034, 4684745516068034, 4684745516068034, 4684745516068034, 4684745516068034, 4684745516068034, 4684745516068034, 4684745516068034, 4684745516068034, 4684745516068034, 4684746052938946]
[4684745516066882, 4684745516066882, 4684745516066882, 4684745516066882, 4684745516066882, 4684745516066882, 4684745516066882, 4684745516066882, 4684745516066882, 4684745516066882, 4684745516066890, 4684745516066890, 4684745516066890, 4684745516066890, 4684745516066890, 4684745516066890, 4684745516066890, 4684745516066890, 4684745516066890, 4684745516066890, 4684745516066890, 4684745516066890, 4684745516066890, 4684745516066890, 4684745516066890, 4684745516066890, 4684745516066890, 4684745516066890, 4684745516066890, 4684745516066890, 4684745516066890, 4684745516066890, 4684745516066890, 4684745516066890, 4684745516066890, 4684745516066890, 4684745516066890, 4684745516066890, 4684745516066890, 4684745516066890, 4684745516066890, 4684745516066890, 4684745516066890, 4684745516066890, 4684745516066890, 4684745516066890, 4684745516066890, 4684745516066890, 4684745516066890, 4684745516066890, 4684745516066890, 4684745516066890, 4684745516066890, 76742339553994826, 76742339553994826, 76742339553994826, 76742339553994826, 76742339553994826, 76742339553994826, 76742339553994826, 76742339553994826, 76742339553994826, 76742339553994826, 76742339553994826, 76742339553994826, 76742339553994826, 76742339553994826, 76742339553994826, 76742339553994826, 76742339553994826, 76742339553994826, 76742339553994826, 76742339553994826, 76742339553994826, 76742339553994826, 76742339553994826, 76742339553994826, 76742339553994826, 76742339553994826, 76742339553994826, 76742339553994826, 76742339553994826, 76742339553994826, 76742339553994826, 76742339553994826, 76742339553994826, 76742339553994826, 76742339553994826, 76742339553994826, 76742339553994826, 76742339553994826, 76742339553994826, 76742339553994826, 76742339553994826, 76742339553994826, 76742339553994826, 76742339553994826, 76742339553994826, 76742339553994826, 76742339553994826, 76742339553994826, 76742339553994826, 76742339553994826, 76742339553994826, 76742339553994826, 76742339553994826, 76742339553994826, 76742339553994826, 76742339553994826, 76742339553994826, 76742339553994826, 76742339553994826, 76742339553994826, 76742339553994826, 76742339553994826, 76742339553994826, 76742339553994826, 76742339553994826, 76742339553994826, 76742339553994826, 76742339553994826, 76742339553994826, 76742339553994826, 76742339553994826, 76742339553994826, 76742339553994826, 76742339553994826, 76742339553994826, 76742339553994826, 76742339553994826, 76742340090865738]
[4684745516066882, 4684745516066882, 4684745516066882, 4684745516066882, 4684745516066882, 4684745516066882, 4684745516066882, 4684745516066882, 4684745516066882, 4684745516066880, 4684745516066880, 4684745516066880, 4684745516066880, 4684745516066880, 4684745516066880, 5247695469488192, 5247695469488192, 5247695469488192, 5247695469488192, 5247695469488192, 5247695469488192, 5247695469488192, 5247764188964928]
[4684745516066882, 4684745516066882, 4684745516066882, 4684745516066882, 4684744442325058, 4684744442325058, 5247694395746370, 5247694395746370, 5247694395746370, 5247694395746370, 5247694395746370, 5247694395746370, 5247694395746370, 5247694395746370, 5247694395746370, 5247694395746370, 5247694395746370, 5247694395746370, 5247694395746370, 5247694395746370, 5247694395746370, 5247694395746370, 5247694395746370, 5247694395746370, 5247694395746370, 5247694395746370, 5247694395746370, 5247694395746370, 5247694395746370, 5247694395746370, 5247694395746370, 5247694395746370, 5247694395746370, 5247694395746370, 5247694395746370, 5247694395746370, 5247694395746370, 5247694395746370, 5247694395746370, 5247694395746370, 5247694395746370, 5247694395746370, 5247694395746370, 4684744442325058, 4684744442325058, 4684744442325058, 4684744442325058, 4684744442325058, 4684744442325058, 4684744442325058, 4684744442325058, 4684744442325058, 4684744442325058, 4684744442325058, 4684744442325058, 4684744442325058, 4684744442325058, 4684744442325058, 4684744442325058, 4684744442325058, 4684744442325058, 4684744442325058, 4684744442325058, 4684744442325058, 4684744442325058, 4684744442325058, 4684744442325058, 4684744442325058, 4684744442325058, 4684744442325058, 4684744442325058, 4684744442325058, 4684744442325058, 4684744442325058, 4684744442325058, 4684744442325058, 4684744442325058, 4684744442325058, 4684744442325058, 22699142951807042, 22699142951807042, 22699142951807042, 22699142951807042, 22699142951807042, 22699142951807042, 22699142951807042, 22699142951807042, 22699142951807042, 22699142951807042, 22699142951807042, 22699142951807042, 22699142951807042, 22699142951807042, 22699142951807042, 22699142951807042, 22699142951807042, 22699142951807042, 22699142951807042, 22699142951807042, 22699142951807042, 22699142951807042, 22699142951807042, 22701341975062594]
[4684745516066882, 4684745516066882, 4684745516066882, 4684745516066882, 4684745516066882, 4684745516066882, 4684745516066882, 4684745516066882, 4684745516066882, 4684745516066882, 4684745516066882, 4684745516066914, 4684745516066914, 4684745516066914, 4684745516066914, 4684745516066914, 4684745516066914, 4684745516066914, 4684745516066914, 4684745516066914, 4684745516066914, 4684745516066914, 4684745516066914, 4684745516066914, 4684745516066914, 4684745516066914, 4684745516066914, 4684745516066914, 4684745516066914, 4684745516066914, 4684745516066914, 4684745516066914, 4684745516066914, 4684745516066914, 4684745516066914, 4684745516066914, 4684745516066914, 4684745516066914, 4684745516066914, 4684745516066882, 4684745516066882, 4684745516066882, 4684745516066882, 4684745516066882, 4684745516066882, 4684745516066882, 4684745516066882, 4684745516066882, 4684745516066882, 4684745516066882, 4684745516066882, 4684745516066882, 4684745516066882, 4684745516066882, 4684745516066882, 4684745516066882, 4684745516066882, 4684745516066882, 4684745516066882, 4684745516066882, 4684745516066882, 4684745516066882, 4684745516066882, 4684745516066882, 4684745516066882, 4684745516066882, 4684745516066882, 4684745516066882, 4684745516066882, 4684745516066882, 4684745516066882, 4684745516066882, 4684745516066882, 4684745516066882, 4684745516066882, 4684745516066882, 4684745516066882, 4684745516066882, 4684745516066882, 4684745516066882, 4684745516066882, 4684745516066882, 4684745516066882, 4684745516066882, 4684745516066882, 4684745549621314, 4684745549621314, 4684745549621314, 4684745549621314, 4684745549621314, 4684745549621314, 4684745549621314, 4684745549621314, 4684745549621314, 4684745549621314, 4684745549621314, 4684745549621314, 4684745549621314, 4684745549621314, 4684745549621314, 4684745549621314, 4684745549621314, 4684745549621314, 4684745549621314, 4684745549621314, 4684745549621314, 4684745549621314, 4684745549621314, 4684745549621314, 4684745549621314, 4684745549621314, 4684745549621314, 4684745549621314, 4684745549621314, 4684745549621314, 4684745549621314, 4684745549621314, 4684745549621314, 4684745549621314, 4684745549621314, 4684745549621314, 4684745549621314, 4684745549621314, 4684745549621314, 4684745549621314, 4684745549621314, 4684745549621314, 4684745549621314, 4684745549621314, 4684745549621314, 4684745549621314, 4684745549621314, 4684745549621314, 4684745549621314, 4684745549621314, 4684745549622338, 4684745549622338, 4684745549622338, 4684745549622338, 4684745549622338, 4684745549622338, 4684745549622338, 4684882988575810]
[4684745516066882, 4684745516066882, 4684745516066882, 4684745516066882, 4684745516066882, 4684745516066882, 4684745516066882, 4684745516066882, 4684745516066882, 4684745516066882, 4684745516066882, 4684745516066882, 4684745516066882, 4684745516066882, 4684745516066882, 4684745516066882, 4684745516066882, 4684745516066882, 4684745516066882, 4684745516066882, 4684745516066882, 4684745516066882, 4684745516066882, 4684745516066882, 4684745516066882, 4684745516066882, 4684745516066882, 4684745516066882, 4684745516066882, 4684745516066882, 4684745516066882, 4684745516066882, 4684745516066882, 4684745516066882, 4684745516066882, 4684745516066882, 4684745516066882, 4684745516066882, 4684745516066882, 4684745516066882, 4684745516066882, 4684745516066882, 4684745516066882, 4684745516066882, 4684745516066882, 4684745516066882, 4684745516066882, 4684745516066882, 4684745516066882, 4684745516066882, 4684745516066882, 4684745516066882, 4684745516066882, 4684745516066882, 4684745516066882, 4684745516066882, 181145888696386, 181145888696386, 181145888696386, 181145888696386, 181145888696386, 181145888696386, 181145888696386, 181145888696386, 181145888696386, 181145888696386, 181145888696386, 181145888696386, 181145888696386, 181145888696386, 181145888696386, 181145888696386, 181145888696386, 181145888696386, 181145888696386, 181145888696386, 181145888696386, 181145888696386, 744095842117698, 744095842117698, 744095842117698, 744095842117698, 744095842117698, 744095842117698, 744095842117698, 744095842117698, 744095842117698, 744095842117698, 744095842117698, 744095842117698, 744095842117698, 744095842117698, 744095842117698, 744095842117698, 744095842117698, 744095842117698, 744095842117698, 744095842117698, 744095842117698, 744095842117698, 744095842117698, 744095842117698, 744095842117698, 744095842117698, 744095842117698, 744095842117698, 744095842117698, 744094768375874]
[4684745516066882, 4684745516066882, 4684745516067906, 4684745516067906, 4684745516067906, 4684745516067906, 4684745516067906, 4684745516067906, 4684745516067906, 4684745516067906, 4684745516067906, 4684745516067906, 4684745516067906, 4684745516067906, 181145888697410, 181145888697410, 181145888697410, 181145888697410, 181145888697410, 181145888697410, 181145888697410, 181145888697410, 181145888697410, 181145888697410, 18195544398179394]
[4684745516066882, 4684745516066882, 4684745516066882, 22699144025548866, 22699144025548866, 22699144025548866, 22699144025548866, 22699144025548866, 22699144025548866, 22699144025548866, 23262093978970178, 23262093978970178, 23262093978970178, 23262093978970178, 23262093978970178, 23262093978970178, 23262093978970178, 23262093978970178, 23262093978970178, 23262093978970178, 23262093978970178, 23262093978970178, 23262093978970178, 23262093978970178, 23262093978970178, 23121356490614850]
[4684745516066882, 4684745516066882, 4684745516066882, 4684745516066882, 4684745516066882, 4684745516066882, 4684745516066882, 4684745516066882, 4684745516066882, 4684745516066882, 4684745516066882, 4684745516066882, 4684745516066882, 4684745516066882, 4684745516066882, 4684745516066882, 4684745516066882, 4684745516066882, 4684745516066882, 4684745516066882, 4684745516066882, 4684745516066882, 4684745516066882, 4684745516066882, 4684745516066882, 4684745516066882, 4684745516066882, 4684745516066882, 4684745516066882, 4684745516066882, 4684745516066882, 4684745516066882, 4684745516066882, 4684745516066882, 4684745516066882, 4684745516066882, 4684745516066882, 4684745516066882, 4684745516066882, 4684745516066882, 4684745516066882, 4684745516066882, 4684745516066882, 4684745516066882, 4684745516066882, 4684745516066882, 4684745516066882, 4684745516066882, 4684745516066882, 4684745516066882, 4684745516066882, 4684745516066882, 4684745516066882, 4684745516066882, 4684745516066882, 4684745516066882, 4684745516066898, 4684745516066898, 4684745516066898, 4684745516066898, 4684745516066898, 4684745516066898, 4684745516066898, 4684745516066898, 4684745516066898, 4684745516066898, 4684745516066898, 4684745516066898, 4684745516066898, 4684745516066898, 4684745516066898, 4684745516066898, 4684745516066898, 4684745516066898, 4684745516066898, 4684745516066898, 4684745516066898, 4684745516066898, 4684745516066898, 4684745516066898, 4684745516066898, 4684745516066898, 4684745516066898, 4684745516066898, 4684745516066898, 4684745516067026, 4684745516067026, 4684745516067026, 4684745516067026, 4684745516067026, 4684745516067026, 4684745516067026, 4684745516067026, 4684745516067026, 4684745516068050]
[4684745516066882, 4684745516066882, 4684745516066882, 4684745516066882, 4684745516066882, 4684745516066882, 4684745516066882, 4684745516066882, 4684745516066882, 4684745516066882, 4684745516066914, 4684745516066914, 4684745516066914, 4684745516066914, 4684745516066914, 22699144025548898, 22699144025548898, 22699144025548898, 22699144025548898, 22699144025548898, 22699144025548898, 22699144025548898, 22699144025548898, 22699144025548898, 22699144025548898, 22699144025548898, 22699281464502370]
[4684745516066882, 4684745516066882, 4684745516066882, 4684745516066882, 4684745516066882, 4684745516066882, 4684745516066882, 4684745516066882, 4684745516066882, 4684745516066882, 4684745524455490, 4684745524455490, 4684745524455490, 4684745524455490, 4684745524455490, 4684745524455490, 4684745524455490, 4684745524455490, 4684745524455490, 4684745524455490, 4684745524455490, 4684745524455490, 4684745524455490, 4684745524455490, 4684745524455490, 4684745524455490, 4684745524455490, 4684745524455490, 4684745524455490, 4684745524455490, 4684745524455490, 4684745524455490, 4684745524455490, 4684745524455490, 4684745524455490, 4684745524455490, 4684745524455490, 4684745524455490, 4684745524455490, 4684745524455490, 4684745524455490, 4684745524455490, 4684745524455490, 4684745524455490, 4684745524455490, 4684745524455490, 4684745524455490, 4684745524455490, 4684745524455490, 4684745524455490, 4684745524455490, 4684745524455490, 4684745524455490, 4684745524455490, 4684745524455490, 4684745524455490, 4684745524455490, 4684745524455490, 4684745524455490, 4684745524455490, 4684745524455490, 4684745524455490, 4684745524455490, 4684745524455490, 4684745524455490, 4684745524455490, 4684745516066882, 4684745516066882, 4684745516066882, 4684745516066882, 4684745516066882, 4684745516066882, 4684745516066882, 4684745516066882, 4684745516066882, 4684745516066882, 4684745516066882, 4684745516066882, 4684745516066882, 5247695469488194, 5247695469488194, 5247695469488194, 5247695469488194, 5247695469488194, 5247695469488194, 5247695469488194, 5247695469488194, 5247695469488194, 5247695469488194, 5247695469488194, 5247695469488194, 5247695469488194, 5247695469488194, 5247695469488194, 5247695469488194, 5247695469488194, 5247695469488194, 5247695469488194, 5247695469488194, 5247695469488194, 5247695469488194, 5247695469488194, 5247695469488194, 5247695469488194, 5247695469488194, 5247695469488194, 5247695469488194, 5247695469488194, 5247694395746370, 5247694395746370, 5247694395746370, 5247694395746370, 5247694395746370, 5247694395746370, 5247694395746370, 5247694395746370, 5247694395746370, 5247694395746370, 5247694395746370, 5247694395746370, 5247694395746370, 5247694395746370, 5247694395746370, 5247694395746370, 5247694395746378]
[4684745516066914, 4684745516066914, 4684745516066914, 4684745516066914, 4684745516066914, 4684745516066914, 4684745516066914, 4684745516066914, 4684745516066914, 4684745516066914, 4684745516066914, 4684745516066914, 4684745516066914, 4684745516066914, 4684745516066914, 4684745516066914, 4684745516066914, 4684745516066914, 4684745516066914, 4684745516066914, 4684745516066914, 4684745516066914, 4684745516066914, 4684745516066914, 4684745516066914, 4684745516066914, 4684745516066914, 4684745516066914, 4684745516066914, 4684745516066914, 4684745516066914, 4684745516066914, 4684745516066914, 4684745516066914, 4684745516066914, 4684745516066914, 4684745516066914, 4684745516066914, 4684745516066914, 4684745516066914, 4684745516066914, 4684745516066914, 4684745516066914, 4684745516066914, 4684745516066914, 4684745516066914, 4684745516066914, 4684745516066914, 4684745516066914, 4684745516066914, 4684745516066914, 4684745516066914, 4684745516066914, 4684745516066914, 4684745516066914, 4684745516066914, 4684745516066914, 4684745516066914, 4684745516066882, 4684745516066882, 4684745516066882, 4684745516066882, 4684745516066882, 4684745516066882, 4684745516066882, 4684745516066882, 4684745516066882, 4684745516066882, 4684745516066882, 4684745516066882, 4684745516066882, 4684745516066882, 4684745516066882, 4684745516066882, 4684745516066882, 4684745516066882, 4684745516066882, 4684745516066882, 4684745516066882, 4684814235543618, 4684814235543618, 4684814235543618, 4684814235543618, 4684814235543618, 4684814235543618, 4684814235543618, 4684814235543618, 4684814235543618, 4684814235543618, 4684814235543618, 4684814235543618, 4684814235543618, 4684814235543618, 4684814235543618, 4684814235543618, 4684814235543618, 4684814235543618, 4684814235543618, 4684814235543618, 4684814235543618, 4684814235543618, 4684814235543618, 4684814235543618, 4684814235543618, 4684814235543618, 4684814235543618, 4684814235543618, 22699212745025602, 22699212745025602, 22699212745025602, 22699212745025602, 22699212745025602, 22699212753414210]
[4684745516066882, 4684745516066882, 4684745516066882, 4684745516066882, 4684745516066882, 4684745516066882, 4684745516066882, 4684745516066882, 4684745516066882, 4684745516066882, 4684745516066882, 4684745516066882, 4684745516066882, 4684745516066882, 4684745516066882, 4684745516066882, 4684745516066882, 4684745516066882, 4684745516066882, 4684745516066882, 4684745516066882, 4684745516066882, 4684745516066882, 4684745516066882, 4684745516066882, 4684745516066882, 4684745516066882, 4684745516066882, 4684745516066882, 4684745516066882, 4684745516066882, 4684745516066882, 4684745516066882, 4684745516066882, 181145888696386, 181145888696386, 181145888696386, 181145888696386, 181145888696386, 181145888696386, 181145888696386, 181145888696386, 181145888696386, 181145888696386, 181145888696386, 181145888696386, 181145888696386, 181145888696386, 181145888696386, 181145888696386, 181145888696386, 181145888696386, 181145888696386, 181145888696386, 181145888696386, 181145888696386, 181145888696386, 181145888696386, 181145888696386, 181145888696386, 181145888696386, 181145888696386, 181145888696386, 181145888696386, 181145888696386, 181145888696386, 181145888696386, 181145888696386, 181145888696386, 181145888696386, 181145888696386, 181145888696386, 181145888696386, 181145888696386, 181145888696386, 181145888696386, 181145888696386, 181145888696386, 4684745516066882, 4684745516066882, 4684745516066882, 4684745516066882, 4684745516066882, 4684745516066882, 4684745516066882, 4684745516066882, 4684745516066882, 4684745516066882, 4684745516066882, 4684745516066882, 4684745516066882, 4684745516066882, 4684745516066882, 4684745516066882, 4684745516066882, 4684745516066882, 4684745516066882, 4684745516066882, 4684745516066882, 4684745516070978, 4684745516070978, 4684745516070978, 4684745516070978, 4684745516070978, 4684745516070978, 4684745516070978, 4684745516070978, 4684745516070978, 4684745516070978, 4684745516070978, 4684745516070978, 4684745516070978, 4684745516070978, 4684745516070978, 4684745516070978, 4684745516070978, 4684745516070978, 4684745516070978, 4684745516070978, 4684745516070978, 4684745516070978, 4684745516070978, 4684745516070978, 4684745516070978, 4684745516070978, 4684745516070978, 4684745516070978, 4684745516070978, 4684745516070978, 4684745516070978, 4684745516070978, 4684745516070978, 4684745516070978, 4684745516070978, 4684745516070978, 4684745516070978, 4684745516070978, 4684745516070978, 4684745516070978, 4684745516070978, 4684745516070978, 4684745516070978, 4684745516070978, 4684745516070978, 181145888700482, 181145888700482, 181145888700482, 181145888700482, 181145888700482, 181145888700482, 181145888700482, 181145888700482, 181145888700482, 181145888700482, 181145888700482, 181145888700482, 181145888700482, 181146425571394]
[4684745516066882, 4684745516066882, 4684745516066882, 4684745516066882, 4684745516066882, 4684745516066882, 4684745516066882, 4684745549621314, 4684745549621314, 4684745549621314, 4684745549621314, 4684745549621314, 4684745549621314, 4684745549621314, 4684745549621314, 4684745549621314, 4684745549621314, 4684745549621314, 4684745549621314, 4684745549621314, 4684745549621314, 4684745549621314, 4684745549621314, 4684745549621314, 4684745549621314, 4684745549621314, 4684745549621314, 4684745549621314, 4684745549621314, 4684745549621314, 4684745549621314, 4684745549621314, 4684745549621314, 4684745549621314, 4684745549621314, 4684745549621314, 4684745549621314, 4684745549621314, 4684745549621314, 4684745549621314, 4684744475879490, 4684744475879490, 4684744475879490, 4702336661923906]
[4684745516066882, 4684745516066882, 4684745516066882, 4684745516066882, 4684745516066882, 4684745516066882, 4684745516066882, 4684745516066882, 4684745516066882, 4684745516066882, 4684745516066882, 4684745516066882, 4684745516066882, 4684745516066882, 4684745516066882, 4684745516066882, 4684745516066882, 4684745516066882, 4684745516066882, 4684745516066882, 4684745516066882, 4684745516066882, 4684745516066882, 4684745516066882, 4684745516066882, 4684745516066882, 4684745516066882, 4684745516066882, 4684745516066882, 4684745516066882, 4684745516066882, 4684745516066882, 4684745516066882, 4684745516066882, 4684745516066882, 4684745516066882, 4684745516066882, 4684745516066882, 40713542535030850, 40713542535030850, 40713542535030850, 40713542535030850, 40713542535030850, 40713542535030850, 40713542535030850, 40713542535030850, 40713542535030850, 40713542535030850, 40713542535030850, 40713542535030850, 40713542535030850, 40713542535030850, 40713542535030850, 40713542535030850, 40713542535030850, 40713542535030850, 40713542535030850, 40713542535030850, 40713542535030850, 40713542535030850, 40713542535030850, 40713542535030850, 40713542535030850, 40713542535030850, 40713542535030850, 40713542535030850, 40713542535030850, 40713542535030850, 40713542535030850, 40713542535030850, 40713542535030850, 40713542535030850, 58727941044512834, 58727941044512834, 58727941044512834, 58727941044512834, 58727941044512834, 58727941044512834, 58727941044512834, 58727941044512834, 58727941044512834, 58727941044512834, 58727941044512834, 58727941044512834, 58727941044512834, 58727941044512834, 58727941044512834, 58727941044512834, 58727941044512834, 58727941044512834, 58727941044512834, 58727941044512834, 58727941581383746]
[4684745516066882, 4684745516066882, 4684745516066882, 4684745516066882, 4684745516066882, 4684745516066882, 4684745516066882, 4684745516066882, 4684745516066882, 4684745516066882, 4684745516066882, 4684745516066882, 4684745516066882, 4684745516066882, 4684745516066882, 4684745516066882, 4684745516066882, 4684745516066882, 4693541609089090, 4693541609089090, 4684745516066882, 4684745516066882, 4684745516066882, 4684745516066882, 4684745516066882, 4684745516066882, 4684745516066882, 4684745516066882, 4684745516066882, 4684745516066882, 4684745516066882, 4684745516066882, 4684745516066882, 4684745516066882, 4684745516066882, 4684745516066882, 4684745516066882, 4684745516066882, 4684745516066882, 4684745516066882, 4684745516066882, 4684745516066882, 4684745516066882, 4684745516066882, 4684745516066882, 4684745516066882, 4684745516066882, 4684745516066882, 4684745516066882, 4684745516066882, 4684745516066882, 4684745516066882, 4684745516066882, 4684745516066882, 4684745516067010, 4684745516067010, 4684745516067010, 4684745516067010, 4684745516067010, 5247695469488322, 5247695469488322, 5247695469488322, 5247695469488322, 5247695469488322, 5247695469488322, 5247695469488322, 5247695469488322, 5247695469488322, 5247695469488322, 5247695469488322, 5247695469488322, 5247695469488322, 5247695469488322, 5247695469488322, 5247695469488322, 5247695469488322, 5247695469488322, 5247695469488322, 5247695469488322, 5247695469488322, 5247695469488322, 5247695469488322, 5247695469488322, 5247695469488322, 5247695469488322, 5247695469488322, 5247695469488322, 5247695469488322, 5247695469488322, 5247695469488322, 5247695469488322, 5247695469488322, 5247695469488322, 5247695469488322, 5247695469488322, 5247695469488322, 5247695469488322, 5247695469488322, 5247695469488322, 5247695469488322, 5247695469488322, 5247695469488322, 5247695469488322, 5247695469488322, 5247695469488322, 5247695469488322, 5247695469488322, 5247695469488322, 5247695469488322, 5247695469488322, 5265287655532738]
[4684745516066882, 4684745516066882, 4684745516066882, 4684745516066882, 4684745516066882, 4684745516066882, 4684745516066882, 4684745516066882, 4684745516066882, 4684745516066882, 4684745516066882, 4684745516066882, 4684745516066882, 4684745516066882, 4684745516066882, 4684745516066882, 4684745516066882, 4684745516066882, 4684745516066882, 4684745516066882, 4684745516066882, 4684745516066882, 4684745516066882, 4684745516066882, 4684745516066882, 4684745516066882, 4684745516066882, 4684745516066882, 4684745516066882, 4684745516066882, 4684745516066882, 4684745516066882, 4684745516066882, 4684745516066882, 4684745516066882, 4684745516066882, 4684745516066882, 4684745516066882, 4684745516066882, 4684745516066882, 4684745516066882, 4684745516066882, 4684745516066882, 4684745516066882, 4684745516066882, 4684745516066882, 4684745516066882, 4684745516066882, 4684745516066882, 4684745516066882, 4684745516066882, 4684745516066882, 4684745516066882, 4684745516066882, 4684745516066882, 4684745516066882, 4684745516066882, 4684745516066882, 4684745516066882, 4684745516066882, 4684745516066882, 4684745516066882, 4684745516066882, 4684745516066882, 4684745516066882, 4684745516066882, 4684745516066882, 4684745516066882, 4684745516066882, 4684745516066882, 4684745516066882, 4684745516066882, 4684745516066882, 4684745516066882, 4684745516066882, 4684745516066882, 4684745516066882, 4684745516066882, 4684745516066882, 4684745516066882, 4684745516066882, 4684745516066882, 4684745516066882, 4684745516066882, 4684745516066882, 4684745516066882, 4684745516066882, 4684745516066882, 4684745516066882, 4684745516066882, 4684745516066882, 4684745516066882, 4684745516066882, 4684745516066882, 4684745516066882, 4684745516066882, 4684745516066882, 4684745516066882, 4684745516066882, 4684745516066882, 4684745516066882, 4684745516066882, 4684745516066882, 4684745516066882, 4684745516066882, 4684745516066882, 4684745516066882, 4684745516066882, 4684745516066882, 4684745516066882, 4684745516066882, 4684746052937794, 4684746052937794, 4684746052937794, 4684746052937794, 4693542145960002, 4693542145960002, 4693542145960002, 4693542145960002, 4693542145960002, 4693542145960002, 4693542145960002, 4693542145960002, 4693542145960002, 4693542145960002, 4693542145960002, 4693542145960002, 4693542145960002, 4693542145960002, 4693542145960002, 4693542145960002, 4693542145960002, 4693542145960002, 4693542145960002, 4693542145960002, 4693542145960002, 4684746052937794, 4684746052937794, 4684746052937794, 4684746052937794, 4684746052937794, 4684746052937794, 4684746052937794, 4684746052937794, 4684746052937794, 4684746052937794, 6936545866623042, 6936545866623042, 6936545866623042, 6936545866623042, 6936545866623042, 6936545866623042, 6936545866623042, 6936545866623042, 6936545866623042, 6936545866623042, 6936545866623042, 6936545866623042, 6936545866623042, 6936545866624066]
[4684745516066882, 4684745516066882, 4684745516066882, 4684745516066882, 4684745516066882, 4684745516066882, 4684745516066882, 4684745516066882, 4684745516066882, 4684745516066882, 4684745516066882, 4684745516066882, 4684745516066882, 4684745516066882, 4684745516066882, 4684745516066882, 4684745516066882, 4684745516066882, 4684745516066882, 4684745516066882, 4684745516066882, 4684745516066882, 4684745516066882, 4684745516066882, 4684745516066882, 4684745516066882, 4684745516066882, 4684745516066882, 4684745516066882, 4684745516066882, 4684745516066882, 4684745516066882, 4684745516066882, 4684745516066882, 4684745516066882, 4684745516066882, 4684745516066882, 4684745516066882, 4684745516066882, 4684745516066882, 4684745516066882, 4684745516066882, 4684745516066882, 4684745516066882, 181145888696386, 181145888696386, 181145888696386, 181145888696386, 181145888696386, 181145888696386, 181145888696386, 181145888696386, 181145888696386, 181145888696386, 181145888696386, 181145888696386, 181145888696386, 181145888696386, 181145888696386, 181145888696386, 181145888696386, 181145888696386, 181145888696386, 181145888696386, 181145888696386, 181145888696386, 181145888696386, 181145888696386, 181145888696386, 181145888696386, 181145888696642, 181144814954818]
[4684745516066882, 4684745516066882, 4684745516066882, 4684745516066882, 4684745516066882, 4684745516066882, 4684745516066882, 4684745516066882, 4684745516066882, 4684745516066882, 4684745516066882, 4684745516066882, 4684745516066882, 4684745516066882, 4684745516066882, 4684745516066882, 4684745516066882, 4684745516066882, 4684745516066882, 4684745516066882, 4684745516066882, 4684745516066882, 4684745516066882, 4684745516066882, 4684745516066882, 4684745516066882, 4684745516066882, 4684745516066882, 4684745516066882, 4684745516066882, 4684745516066882, 4684745516066882, 4684745516066882, 4684745516066882, 4684745516066882, 4684745516066882, 4684745516066882, 4684745516066882, 4684745516066882, 4684745516066882, 4684745516066882, 4684745516066882, 4684745516066882, 4684745516066882, 4684745516066882, 4684745516066882, 4684745516066882, 4684745516066882, 4684745516066882, 4684745516066882, 4684745516066882, 4684745516066882, 4684745516066882, 4684745516066882, 4684745516066882, 4684745516066882, 4684745516066882, 4684745516066882, 4684745516066882, 4684745516066882, 4684745516066882, 4684745516066882, 4684745516066882, 4684745516066882, 4684745516066882, 4684745516066882, 4684745516066882, 4684745516066882, 4684745516066882, 4684745516066882, 4684745516066882, 4684745516066882, 4684745516066882, 4684745516066882, 4684745516066882, 4684745516066882, 4684745516066882, 4684745516066882, 4684745516066882, 4684745516066882, 4684745516066882, 4684745516066882, 4684745516066882, 4684745516066882, 4684745516066882, 4684745516066882, 4684745516066882, 4684745516066882, 4684745516067138, 4684745516067138, 4684745516067138, 4684745516067138, 4684745524455746, 4684745524455746, 4684745524455746, 4684745524455746, 4684745524455746, 4684745524455746, 4684745524455746, 181145897085250]
[4684745516066882, 4684745516066882, 4684745516066882, 4684745516066882, 4684745516066882, 4684745516066882, 4684745516066882, 4684745516066882, 4684745516066882, 4684745516066882, 4684745516066882, 4684745516066882, 4684745516066882, 4684745516066882, 4684745516066882, 4684745516066882, 4684745516066882, 4684745516066882, 4684745516066882, 4684745516066882, 4684745516066882, 4684745516066882, 4684745516066882, 4684745516066882, 4684745516066882, 4684745516066882, 4684745516066882, 4684745516066882, 4684745516066882, 4684745516066882, 4684745516066882, 4684745516066882, 4684745516066882, 4684745516066882, 4684745516066882, 4684745516066882, 4684745516066882, 4684745516066882, 4684745516066882, 4684745516066882, 4684745516066882, 4684745516066882, 4684745516066882, 4684745516066882, 4684745516066882, 4684745516066882, 4684745516066882, 4684745516066882, 4684745516066882, 4684745516066882, 4684745516066882, 4684745516066882, 4684745516066882, 4684745516066882, 4684745516066882, 4684745516066882, 4684745516066882, 4684745516066882, 4684745516066882, 5247695469488194, 5247695469488194, 5247695469488194, 5247695469488194, 5247695469488194, 5247695469488194, 5247695469488194, 5247695469488194, 5247695469488194, 5247695469488194, 5247695469488194, 5247695469488194, 5247695469488194, 5247695469488194, 5247695469488194, 5247694395746370, 5247694395746370, 5247694395746370, 5247694395746370, 5247694395746370, 5247694395746370, 5247694395746370, 5247694395746370, 5247694395746370, 5247694395746370, 5247694395746370, 5247694932617282]
[4684745516066882, 4684745516066882, 4684745516066882, 4684745516066882, 4684745516066882, 4684745516066882, 4684745516066882, 4684745516066882, 4684745516066882, 4684745516066882, 4684745516066882, 4684745516066882, 4684745516066882, 4684745516066882, 4684745516066882, 4684745516066882, 4684745516066882, 4684745516066882, 4684745516066882, 4684745516066882, 4684745516066882, 4684745516066882, 4684745516066882, 4684745516066882, 4684745516066882, 4684745516066882, 4684745516066882, 4684745516066882, 4684745516066882, 4684745516066882, 4684745516066882, 4684745516066882, 4684745516066882, 4684745516066882, 4684745516066882, 4684745516066882, 4684745516066882, 4684745516066882, 4684745516066882, 4684745516066882, 4684745516066882, 4684745516066882, 4684745516066882, 4684745516066882, 4684745516066882, 4684745516066882, 4684745516066882, 4684745516066882, 4684745516066882, 4684745516066882, 4684745516067906, 4684745516067906, 4684745516067906, 4684745516067906, 4684745516067906, 4684745516067906, 4684745516067906, 4684745516067906, 4684745516067906, 4684745516067906, 4684745516067906, 4684745516067906, 4684745516067906, 4684745516067906, 4684745516067906, 4684745516067906, 4684745516067906, 4684745516067906, 4684745516067906, 4684745516067906, 4684745516067906, 4684745516067906, 4684745516067906, 4684745516067906, 4684745516067906, 4684745516067906, 4684745516067906, 4684745516067906, 4684745516067906, 4684745516067906, 4684745516067906, 4684745516067906, 4684745516067906, 4684745516067906, 4684745516067906, 4684745516067906, 4684745516067906, 4684745516067906, 4684745516067906, 4684745516067906, 4684745516067906, 4684745516067906, 4684745516067906, 4684745516067906, 4684745516067906, 4684745516067906, 4684745516067906, 4684745516067906, 4684745516067906, 4684745516067906, 4684745516067906, 4684745516067906, 4684745516067906, 4684745516067906, 4684745516067906, 4684745516067906, 4684745516067906, 4684745516067906, 4684745516067906, 4684745516067906, 4684745516067906, 4684745516067906, 4684745516067906, 4684745516067906, 4684745516067906, 4684745516067906, 4684745516067906, 4684745516067906, 4684745516067906, 4684745516067906, 4684745516067906, 4684745516067906, 4684745516067906, 4684745516067906, 4684745516067906, 4684745516067906, 4684745516067906, 4684745516067906, 4684745516067906, 4684745516067906, 4684745516067906, 4684745516067906, 4684745516067906, 4684745516067906, 4684745516067906, 4684745516067906, 4684745516067906, 4684745516067906, 4684745516067906, 4684745516067906, 4684745516067906, 4684745516067906, 4684745516067914, 4684745516067914, 4684745516067914, 4684745516067914, 4684745516067914, 4684745516068042]
[4684745516066882, 4684745516066882, 4684745516066882, 4684745516066882, 4684745516066882, 4684745516066882, 4684745516066882, 4684745516066882, 4684745516066882, 4684745516066882, 4684745516066882, 4684745516066882, 4684745516066882, 4684745516066882, 4684745516066882, 4684745516066882, 4684745516066882, 4684745516066882, 4684745516066882, 4684745516066882, 4684745516066882, 4684745516066882, 4684745516066882, 4684745516066882, 4684745516066882, 4684745516066882, 4684745516066882, 4684745516066882, 4684745516066882, 4684745516066882, 4684745516066882, 4684745516066882, 4684745516066882, 4684745516066882, 4684745516066882, 4684745516066882, 4684745516066882, 4684745516066882, 4684745516066882, 4684745516066882, 4684745516066882, 4684745516066882, 4684745516066882, 4684745516066882, 4684745516066882, 4684745516066882, 4684745516066882, 4684745516066882, 4684745516066882, 4684745516066882, 4684745516066882, 4684745516066882, 4684745516066882, 4684745516066882, 4684745516066882, 4684745516066882, 4684745516066882, 4684745516066882, 4684745516066882, 4684745516066882, 4684745516066882, 4684745516066882, 4684745516066882, 4684745516066882, 4684745516066882, 4684745516066882, 4684745516066882, 4684745516066882, 4684745516066882, 4684745516066882, 4684745516066882, 4684745516066882, 4684745516066882, 4684745516066882, 4684745516066882, 4684745516066882, 4684745516066882, 4684745516066882, 4684745516066882, 22699144025548866, 22699144025548866, 22699144025548866, 22699144025548866, 22699144025548866, 22699144025548866, 22699144025548866, 22699144025548866, 22699144025548874, 22699144025548874, 22699144025548874, 22699144025548874, 22699144025548874, 22699144025548874, 22699144025548874, 22699144025548874, 22699144025548874, 22699144025548874, 22699144025548874, 22699144025548874, 22699144025548874, 22699144025548874, 22699144025548874, 22699144025548874, 22699144025548874, 22699144025548874, 22699144025548874, 22699144025548874, 22699144025548874, 22699144025548874, 22699144025548874, 22699144025548874, 22699144025548874, 22699142951807050]
[4684745516066882, 4684745516066882, 4684745516066882, 4684745516066882, 4684745516066882, 4684745516066882, 4684745516066882, 4684745516066882, 4684745516066882, 4684745516066882, 4684745516066882, 4684745516066882, 4684745516066882, 4684745516066882, 4684745516066882, 4684745516066882, 4684745516066882, 4684745516066882, 4684745516066882, 4684745516066882, 4684745516066882, 4684745516066882, 4684745516066882, 4684745516066882, 4684745516066882, 4684745516066882, 4684745516066882, 4684745516066882, 4684745516066882, 4684745516066882, 4684745516066882, 4684745516066882, 4684745516066882, 4684745516066882, 4684744442325058, 4684744442325058, 4684744442325058, 4684744442325058, 4684744442325058, 22699142951807042, 22699142951807042, 22699142951807042, 22699142951807042, 22699142951807042, 22699142951807042, 22699142951807042, 22699142951807042, 22699142951807042, 22699142951807042, 22699142951807042, 22699142951807042, 22699142951807042, 22699142951807042, 22699142951807042, 22699142951807042, 22699142951807042, 4684744442325058, 4684744442325058, 4684744442325058, 4684744442325058, 4684744442325058, 4684744442325058, 4684744442325058, 4684744442325058, 4684744442325058, 4684744442325058, 4684744442325058, 4684744442325058, 4684744442325058, 4684744442325058, 4684744442325058, 4684744442325058, 4684744442325058, 4684744442325058, 4684744442325058, 4684744442325058, 4684744442325058, 4684744442325058, 4684744442325058, 4684744442325058, 4684744442325058, 4684744442325058, 4684744442325058, 4684744442325058, 4684744442325058, 4684744442325058, 4684744442325058, 4684744442325058, 4684744442325074, 4684744442325074, 4684744442325074, 4684744442325074, 4684744442325074, 4684744442325074, 4684744442325074, 4684744442325074, 4684744442325074, 4684744442325074, 4684744442325074, 4684744442325074, 4684744442325074, 4684744442325074, 4684744442325074, 4684744442325074, 4684744442325074, 4684744442325074, 4684744442325074, 4684744442325106]
[4684745516066882, 4684745516066882, 4684745516066882, 4684745516066882, 4684745516066882, 4684745516066882, 4684745516066882, 4684745516066882, 4684745516066882, 4684745516066882, 4684745516066882, 4684745516066882, 4684745516066882, 4684745516066882, 4684745516066882, 4684745516066882, 4684745516066882, 4684745516066882, 4684745516066882, 4684745516066882, 4684745516066882, 4684745516066882, 4684745516066882, 4684745516066882, 4684745516066882, 4684745516066882, 4684745516066882, 4684745516066882, 4684745516066882, 4684745516066882, 4684745516066882, 4684745516066882, 4684745516066882, 4684745516066882, 4684745516066882, 4684745516066882, 4684745516066882, 4684745516066882, 4684745516066882, 4684745516066882, 4684745516066882, 4684745516066882, 4684745516066882, 4684745516066882, 4684745516066882, 4684745516066882, 4684745516066882, 4684745516066882, 4684745516066882, 4684745516066882, 4684745516066882, 4684745516066882, 4684745516066882, 4684745516066882, 4684745516066882, 4684744442325058, 4684744442325058, 4684744442325058, 4684744442325058, 4684744442325058, 4684744442325058, 4684744442325058, 4684744442325058, 4684744442325058, 4684744442325058, 4684744442325058, 4684744442325058, 4684744442325058, 4684744442325058, 4684744442325058, 4684744444422210, 4684744444422210, 4684744444422210, 4684744444422210, 4684744444422210, 4684744444422210, 4684744444422210, 4684744444422210, 4684744444422210, 4684744444422210, 4684744444422210, 4684744444422210, 4684744444422210, 4684744444422210, 4684744444422210, 4684744444422210, 4684744444422210, 4684744444422210, 4684744444422210, 4684744444422210, 4684744444422210, 4684744444422210, 4684744444422210, 4684744444422210, 4684744444422210, 4684744444422210, 4684744444422210, 4684744444422210, 4684744444422210, 4684744444422210, 4684744444422210, 4684744444422210, 4684744444422210, 4684744444422210, 4684744444422210, 4684744444422210, 4684744444422210, 4684744444422210, 4684744444422210, 4684744444422210, 4684744444422210, 4684744444422210, 4684744444422210, 4684744444422210, 4684744511531074]
[4684745516066882, 4684745516066882, 4684745516066882, 4684745516066882, 4684745516066882, 4684745516066882, 4684745516066882, 4684745516066882, 4684745516066882, 4684745516066882, 4684745516066882, 4684745516066882, 4684745516066882, 4684745516066882, 4684745516066882, 4684745516066882, 4684745516066882, 4684745516066882, 4684745516066882, 4684745516066882, 4684745516066882, 4684745516066882, 4684745516066882, 4684745516066882, 4684745516066882, 4684745516066882, 4684745516066882, 4684745516066882, 4684745516066882, 4684745516066882, 4684745516066882, 4684745516066882, 4684745516066882, 4684745516066882, 4684745516066882, 4684745516066882, 4684745516066882, 4684745516066882, 4684745516066882, 4684745516066882, 4684745516066882, 4684745516066882, 4684745516066882, 4684745516066882, 4684745516066882, 4684745516066882, 4684745516066882, 4684745516066882, 4684745516066882, 4684745516066882, 4684745516066882, 4684745516066882, 4684745516066882, 4684745516066882, 4684745516066882, 4684745516066882, 4684745516066882, 4684745516066882, 4684745516066882, 4684745516066882, 4684745516066882, 4684745516066882, 4684745516066882, 4684745516066882, 4684745516066882, 4684745516066882, 4684745516066882, 4684745516066882, 4684745516066882, 4684745516066882, 4684745516066882, 4684745516066882, 4684745516066882, 4684745516066882, 4684745516066882, 4684745516066882, 4684745516066882, 4684745516066882, 4684745516066882, 4684745516066882, 4684745516066882, 4684745516066882, 4684745516066882, 4684745516066882, 4684745516066882, 4684745516066882, 4684745516066882, 4684745516066882, 4684745516066882, 4684745516066882, 4684745516066882, 4684745549621314, 4684745549621314, 4684745549621314, 4684745549621314, 4684745549621314, 4684745549621314, 4684745549621314, 4684745549621314, 4684745549621314, 4684745549621314, 4684745549621314, 4684745549621314, 4684745549621314, 4684745549621314, 4684745549621314, 4684745549621314, 4684745549621314, 4684745549621314, 4684745549621314, 4684745549621314, 4684745549621314, 4684745549621314, 4684745549621314, 4684745549621314, 4684745549621314, 4684745549621314, 4684745549621314, 4684745549621314, 4684745549621314, 4684745549621314, 4684745549621314, 4684745549621314, 4684745549621314, 4684745549621314, 4684745549621314, 4684745549621314, 4684745549621314, 4684745549621314, 4684745549621314, 4684745549621314, 4684745549621314, 4684745549621314, 4684745549621314, 4684745549621314, 4684745549621314, 4684745549621314, 4684745549621314, 4684745549621314, 4684745549621314, 4684745549621314, 4684745549621314, 4684745549621314, 4684745549621314, 4684745549621314, 4684745549621314, 4684745549621314, 4684745549621314, 4684745549621314, 4684745549621314, 4684745549621314, 4684745549621314, 4684745549621314, 4684745549621314, 4684745549621314, 4684745549621314, 4684745549621314, 4684745549621314, 4684745549621314, 4684745549621314, 4684745549621314, 4684745549621314, 4684745549621314, 4684745549621314, 4684745549621314, 4684745549621314, 4684745549621314, 4684745549621314, 4684745549621314, 4684745549621314, 4684745549621314, 4684745549621314, 4684745549621314, 4684745516066882, 4684745516066882, 4684745516066882, 4684745516066882, 4684745516066882, 4684745516066882, 4684745516066882, 4684745516066882, 4684745516066882, 4684745516066882, 4684745516066882, 4684745516066882, 4684745516066882, 22699144025548866, 22699144025548866, 22699144025548866, 22699144025548866, 4684745516066882, 4684745516066882, 4684745516066882, 4684745516066882, 4684745516066882, 4684745516066882, 4684745516066882, 4684745516066882, 4684745516066882, 4684745516066882, 4684745516066882, 4684745516066882, 4684745516066882, 4684745516066882, 4684745516066882, 4702337702111298, 4702337702111298, 4702337702111298, 4702337702111298, 4702337702111298, 4702337702111298, 4702337702111298, 4702337702111298, 4702337702111298, 4702337702111298, 4702337702111298, 4702337702111298, 4702337702111298, 4702337702111298, 4702337702111298, 4702337702111298, 4702337702111298, 4702337702111298, 4702337702111298, 4702337702111298, 4702337702111298, 4702337702111298, 4702337702111298, 4702337702111298, 4702337702111298, 4702337702111298, 4702337702111298, 4702337702111298, 4702337702111298, 4702337702111298, 4702337702111298, 4702337702111298, 4702337702111298, 4702337702111298, 4702337702111298, 4702337702111298, 4702337702111298, 4702337702111298, 4702337702111298, 4702337702111298, 4702337702111298, 4702337702111298, 4702337702111298, 4702337702111298, 4702337702111298, 4702337702111298, 4702337702111298, 4702337702111298, 4702337702111298, 4684745516066882, 4684745516066882, 4684745516066882, 4684745516066882, 4684745516066882, 4684745516066882, 4684745516066882, 4684745516066882, 5247695469488194, 5247695469488194, 5247695469488194, 5247695469488194, 5247695469488194, 5247695469488194, 5247695469488194, 5247695469488194, 5247695469488194, 5247695469488194, 5247695469488194, 5247695469488194, 5247695469488194, 5247695469488194, 5247695469488194, 5247695469488194, 5247695469488194, 5247695469488194, 5247695469488194, 5247695469488194, 5247695469488194, 5247695469488194, 5247695469488194, 5247695469488194, 5247695469488194, 5247695469488194, 5247695469488194, 5247695469488194, 5247695469488194, 5247695469488194, 5247695469488194, 5247695469488194, 5247695469488194, 5247695469488194, 5247695469488194, 5247695469488322, 5247695469488322, 5247695469488322, 5247695469488322, 5247695469488322, 5247695469488322, 5247695469488322, 5247695469488322, 5247695469488322, 5247695469488322, 5247695469488322, 5247695469488322, 5247695469488322, 5247695469488322, 23262093978970306]
[4684745516066882, 4684745516066882, 4684745516066882, 4684745516066882, 4684745516066882, 4684745516066882, 181145888696386, 181145888696386, 181145888696386, 181145888696386, 181145888696386, 181145888696386, 181145888696386, 181145888696386, 181145888696386, 181145888696386, 181145888696386, 181145888696386, 181145888696386, 181144814954562, 181144814954562, 181144814954562, 181144814954562, 181144814954562, 181144814954562, 181144814954562, 181144814954562, 181144814954562, 181144814954498]
[4684745516066882, 4684745516066882, 4684745516066882, 4684745516066882, 4684745516066882, 4684745516066882, 4684745516066882, 4684745516066882, 4684745516066882, 4684745516066882, 4684745516066882, 4684745516066882, 4684745516066882, 4684745516066882, 4684745516066882, 4684745516066882, 4684745516066882, 4684745516066882, 4684745516066882, 4684745516066882, 4684745516066882, 4684745516066882, 4684745516066882, 4684745516066882, 4684745516066882, 4684745516067010, 4684745516067010, 4684745516067010, 4684745516067010, 4684745516067010, 4684745516067010, 4684745516067010, 4684745516067010, 4684745516067010, 4684745516067010, 4684745516067010, 4684745516067010, 4684745516067010, 4684745516067010, 4684745516067010, 4684745516067010, 4684745516067010, 4684745516067010, 4684745516067010, 4684745516067010, 4684745516068034, 4684745516068034, 4684745516068034, 4684745516068034, 4684745516068034, 4684745516068034, 4684745516068034, 4684745516068034, 4684745516068034, 4684745516068034, 4684745516068034, 4684745516068034, 4684745516068034, 4684745516068034, 4684745516068034, 4684745516068034, 4684745516068034, 4684745516068034, 4684745516068034, 4684745516068034, 4684745516068034, 4684745516068034, 4684745516068034, 4684745516068034, 4684745516068034, 4684745516068034, 4684745516068034, 4684745516068034, 4684745516068034, 4684745516068034, 4684745516068034, 4684745516068034, 4684745516068034, 4684745516068034, 4684745516068034, 4684745516068034, 4684745516068034, 4684745516068034, 4684745516068034, 4684745516068034, 4684745516068034, 4684745516068034, 4684745516068034, 4684745516068034, 4684745516068034, 4684745516068034, 4684745516068034, 4684745516068034, 4684745516068034, 4684745516068034, 4684745516068034, 4684745516068034, 4684745516068034, 4684745516068034, 4684745516068034, 4684745516068034, 4684745516068034, 4684745516068034, 4684745516068034, 4684745516068034, 4684745516068034, 4684745516068034, 4684745516068034, 4684745516068034, 4684745516068034, 4684745549622466]
[4684745516066882, 4684745516066882, 4684745516066882, 4684745516066882, 4684745516066882, 4684745516066882, 4684745516066882, 4684745516066882, 4684745516066882, 4684745516066882, 4684745516066882, 4684745516066882, 4684745516066882, 4684745516066882, 4684745516066882, 4684745516066882, 4684745516067010, 4684745516067010, 4684745516067010, 4684745516067010, 4684745516067010, 4684745516067010, 4684745516067010, 4684745516067010, 4684745516067010, 4684745516067010, 4684745516067010, 4684745516067010, 4684745516067010, 4684745516067010, 4684745516067010, 4684745516067010, 4684745516067010, 4684745516067010, 4684745516067010, 4684745516067010, 4684745516067010, 4684745516067010, 4684745516067010, 4684745516067010, 4684745516067010, 4684745516067010, 4684745516067010, 4684745516067010, 4684745516067010, 4684745516067010, 4684745516067010, 4684745516067010, 4684745516067010, 4684745516067010, 4684745516067010, 4684745516067010, 4684745516067010, 4684745516067010, 4684745516067010, 4684745516067010, 4684745516067010, 4684745516067010, 4684745516067010, 4684745516067010, 4684745516067010, 4684745516067010, 4684745516067010, 4684745516067010, 4684745516067010, 4684745516067010, 4684745516067010, 4684745516067010, 4684745516067010, 4684745516067010, 4684745516067010, 4684745516067010, 4684745516067010, 4684745516067010, 4684745516067010, 4684745516067010, 6936545329752258, 6936545329752258, 6936545329752258, 6936545329752258, 6936545329752258, 4684745516067010, 4684745516067010, 4684745516067010, 4684745516067010, 4684745516067010, 4684745516067010, 4684745516067010, 4684745516067010, 4684745516067010, 4684745516067010, 4684745516067010, 4684745516067010, 4684745516067010, 4684745516067010, 4684745516067010, 4684745516067010, 4684745516067010, 4684745516067010, 4684745516067010, 4684745516067010, 4684745516067010, 4684745516067010, 4684745516067010, 4684745516067010, 4684745516067010, 4684745516067010, 4684745516067010, 4684745516067010, 4684745516067010, 4684745516067010, 4684745516067010, 4684745516067010, 4684745516067010, 4684745516067010, 4684745516067010, 4684745516067010, 4684745516067010, 4684745516067010, 4684745516067010, 4684745516067010, 4684745516067010, 4684745516067010, 4684745516067010, 4684745516067010, 4684745516067010, 4684745516067010, 4684745516067010, 4684745516067010, 4684745516067010, 4684745516067010, 4684745516067010, 4684745516067010, 4684745516067010, 4684745516067010, 4684745516067010, 4684745516067010, 4684745516067010, 4684745516067010, 4684745516067010, 4684745516067010, 4684745516067010, 4684745516067010, 4684745516067010, 4684745516067010, 4684745516067010, 4684745516067010, 4684745516067010, 4684745516067010, 4684745516067010, 181145888696514, 181145888696514, 181145888696514, 181145888696514, 181145888696514, 181145888696514, 181145888696514, 181145888696514, 181145888696514, 181145888696514, 181145888696514, 181145888696514, 181145888696514, 181145888696514, 181145888696514, 181145888696514, 181145888696514, 181145888696514, 181145888696514, 181145888696514, 181145888696514, 181145888696514, 181145888696514, 181145888696514, 181145888696514, 181145888696514, 181145888696514, 181145888696514, 181145888696514, 181145888696514, 181145888696514, 181145888696514, 181145888696514, 181145888696514, 181145888696514, 181145888696514, 181145888696514, 181145888696514, 181145888696514, 181145888696514, 181145888696514, 181145888696514, 181145888696514, 181145888696514, 181145888696514, 181145888696514, 181145888696514, 181145888696514, 181145888696514, 181145888696514, 181145888696514, 181145888696514, 181145888696514, 181145888696514, 181145888696514, 181145888696514, 181145888696514, 181145888696514, 181145888696514, 181145888696514, 181145888696514, 181145888696514, 181145888696514, 181145888696514, 181145888696514, 181145888696514, 181145888696514, 181145888696514, 181145888696514, 181145888696514, 181145888696514, 181145888696514, 181145888696514, 181145888696514, 181145888696514, 181145888696514, 181145888696514, 181145888696514, 181145888696514, 181145888696514, 181145888696514, 181145888696514, 181145888696514, 181145888696514, 181145888696514, 181145888696514, 181145888696514, 181145888696514, 181145888696514, 181145888696514, 181145888696514, 181145888696514, 181145888696514, 181145888696514, 181145888696514, 181145888696514, 181145888696514, 181145888696514, 181145888696514, 181145888696514, 181145888696514, 181145888696514, 181145888696386, 181145888696386, 4684745516066882, 4684745516066882, 4684745516066882, 4684745516066882, 4684745516066882, 4684745516066882, 4684745516066882, 4684745516066882, 4684745516066882, 4684745516066882, 4684745516066882, 4684745516066882, 4684745516066882, 4684745516066882, 4684745516066882, 4684745516067010, 4684745516067010, 4684745516067010, 4684745516067010, 4684745516067010, 4684745516067010, 4684745516067010, 4684745516067010, 4684745516067010, 4684745516067010, 4684745516067010, 4684745516067010, 4684745516067010, 4684745516067010, 4684745516067010, 4684745516067010, 4684745516067010, 4684745516067010, 4684745516067010, 4684745516066882, 4684745516066882, 4684745516066882, 4684745516066882, 4684745516066882, 4684745516066882, 4684745516066883, 4684745516066883, 4684745516066883, 4684745516066883, 4684745516066883, 4684745516066883, 4684745516066883, 4684745516066883, 4684745516066883, 4684745516066883, 4684745516066883, 4684745516066883, 4684745516066883, 4684745516066883, 4684745516066883, 4684745516066883, 4684745516066883, 4684745516066883, 4684745516066883, 4684745516066883, 4684745516066883, 4684745516066883, 4684745516066883, 4684745516066883, 4684745516066883, 4684745516066883, 4684745516066883, 4684745516066883, 4684745516066883, 181145888696387, 181145888696387, 181145888696387, 181145888696387, 181145888696387, 181145888696387, 18195544398178371]
[4684745516066882, 4684745516066882, 4684745516066882, 4684745516066882, 4684745516066882, 4684745516066882, 4684745516066882, 4684745516066882, 4684745516066882, 4684745516066882, 4684745516066882, 4684745516066882, 4684745516066882, 4684745516066882, 4684745516066882, 4684745516066882, 4684745516066882, 4684745516066882, 4684745516066882, 4684745516066882, 4684745516066882, 4684745516066882, 4684745516066882, 4684745516066882, 4684745516066882, 4684745516066882, 4684745516066882, 4684745516066882, 4684745516066882, 4684745516066882, 4684745516066882, 4684745516066882, 4684745516066882, 4684745516066882, 4684745516066882, 4684745516066882, 4684745516066882, 4684745532844098, 4684745532844098, 4684745532844098, 4684745532844098, 4684745532844098, 4684745532844098, 4684745532844098, 4684745532844098, 4684745532844098, 4684745532844098, 4684745532844098, 4684745532844098, 4684745541232706, 4684745541232706, 4684745541232706, 4684745541232706, 4684745541232706, 4684745541232706, 4684745541232706, 4684745541232706, 4684745541232706, 4684745541232706, 4684745541232706, 4684745541232706, 5247695494654018]
[4684745516066882, 4684745516066882, 4684745516066882, 4684745516066882, 4684745516066882, 4684745516066882, 4684745516066882, 4684745516066882, 4684745516066882, 4684745516066882, 4684745516066882, 4684745516066882, 4684745516066882, 4684745516066882, 4684745516066882, 4684745516066882, 4684745516066882, 4684745516066882, 4684745516066882, 4684745516066882, 4684745516066882, 4684745516066882, 4684745516066882, 4684745516066882, 4684745516066882, 4684745516066882, 4684745516066882, 4684745516066882, 4684745516066882, 4684745516066882, 4684745516066882, 4684745516066882, 4684745516066882, 4684745516066882, 4684745516066882, 4684745516066882, 4684745516066882, 4684745516066882, 4684745516066882, 4684745516066882, 4684745516066882, 4684745516066882, 4684745516066882, 4684745516066882, 4684745516066882, 4684745516066882, 4684745516066882, 4684745516066882, 4684745549621314, 4684745549621314, 4684745549621314, 4684745549621314, 4684745549621314, 4684745549621314, 4684745549621314, 4684745549621314, 4684745549621314, 4684745549621314, 4684745549621314, 4684745549621314, 4702337735665730, 4702337735665730, 4702337735665730, 4702337735665730, 4702337735665762]
[4684745516066882, 4684745516066882, 4684745516066882, 4684745516066882, 4684745516066882, 4684745516066882, 4684745516066882, 4684745516066882, 4684745516066882, 4684745516066882, 4684745516066882, 4684745516066882, 4684745516066882, 4684745516066882, 4684745516066882, 4684745516066882, 4684882955020354, 4684882955020354, 4684882955020354, 4684882955020354, 4684882955020354, 4684882955020354, 4684882955020354, 4684882955020354, 4684882955020354, 4684882955020354, 4684882955020354, 22699281464502338, 22699281464502338, 22699281464502338, 22699281464502338, 22699281464502338, 22699281464502338, 22699281464502338, 22699281464502338, 22699281464502338, 22699281464502338, 22699281464502338, 22699281464502338, 22699281464502338, 22699281464502338, 22699281464502338, 22699281464502338, 22699281464502338, 22699281464502338, 22699281464502338, 22699281464502338, 22699281464502338, 22699281464502338, 22699281464502338, 22699281464502338, 23262231417923650]
[4684745516066882, 4684745516066882, 4684745516066890, 4684745516066890, 4684745516066890, 4684745516066890, 4684745516066890, 4684745516066890, 4684745516066890, 4684745516066890, 4684745516066890, 4684745549621322, 4684745549621322, 22699144059103306]
[4684745516066882, 4684745516066882, 4684745516066882, 4684745516066882, 4684745516066882, 4684745516066882, 4684745516066882, 4684745516066882, 4684745516066882, 4684745516066882, 4684745516066882, 4684745516066882, 4684745516066882, 4684745516066882, 4684745516066882, 4684745516066882, 4684745516066882, 4684745516066882, 4684745516066882, 4684745516066882, 4684745516066882, 4684745516066882, 4684745516066882, 4684745516066882, 4684745516066882, 4684745516066882, 4684745516066882, 4684745516066882, 4684745516066882, 4684745516066882, 4684745516066882, 4684745516066882, 4684745516066882, 4684745516066882, 4684745516066882, 4684745516066882, 4684745516066882, 4684745516066882, 4684745516066882, 4684745516066882, 4684745516066882, 4684745516066882, 4684745516066882, 4684745516066882, 4684745516066882, 4684745516066882, 4684745516066882, 4684745516066882, 4684745516066882, 4684745516066882, 4684745516066882, 4684745516066882, 4684745516066882, 4684745516066882, 4684745516066882, 4684745516066882, 4684745516066882, 4684745516066882, 4684745516066882, 4684745516066882, 4684745516066882, 4684745516066882, 4684745516066882, 4684745516066882, 4684745516066882, 4684745516066882, 4684745516066882, 4684745516066882, 4684745516066882, 4684745516066882, 4684745516066882, 4684745516066882, 4684745516066882, 4684745516066882, 4684745516066882, 4684745516066882, 4684745516066882, 4684745516066882, 4684745516066882, 4684745516066882, 4684745516066882, 4684745516066882, 4684745516066882, 4684745516066882, 4684745516066882, 4684745516066882, 4684745516066882, 4684745516066882, 4684745516066882, 4684745516066882, 4684745516066882, 4684745516066882, 4684745516066882, 4684745516066882, 4684745516066882, 4684745516066882, 4684745516066882, 4684745516066882, 4684745516066882, 4684745516066882, 4684745516066882, 4684745516066882, 4684745516066882, 4684745516066882, 4684745516066882, 4684745516066882, 4684745516066882, 4684745516066882, 4684745516066882, 4684745516066882, 4684745516066882, 4684745516066882, 4684745516066882, 181145888696386, 181145888696386, 181145888696386, 181145888696386, 181145888696386, 181145888696386, 181145888696386, 181145888696386, 181145888696386, 181145888696386, 181145888696386, 181145888696386, 181145888696386, 181145888696386, 181145888696386, 181145888696386, 181145888696386, 181145888696386, 181145888696386, 181145888696386, 181145888696386, 181144814954562, 181144814954562, 181144814954562, 181144814954562, 181144814954562, 181144814954562, 181144814954562, 181144814954562, 181144814954562, 181144814954562, 181144814954562, 181144814954562, 181144813905986]
[4684745516066882, 4684745516066882, 4684745516066882, 4684745516066882, 4684745516066882, 4684745516066882, 4684745516066882, 4684745516066882, 4684745516066890, 4684745516066890, 4684745516064842, 4684745516064842, 4684745516064842, 4684745516064842, 4684745516064842, 4684745516064842, 4684745516064842, 4684745516064842, 4684745516064842, 4684779875803210]
[4684745516066882, 4684745516066882, 4684745516066882, 4684745516066882, 4684745516066882, 4684745516066882, 4684745516066882, 4684745516066882, 4684745516066882, 4684745516066882, 4684745516066882, 4684745516066882, 4684745516066882, 4684745516066882, 4684745516066882, 4684745516066882, 4684745516066882, 4684745516066882, 4684745516066882, 4684745516066882, 4684745516066882, 4684745516066882, 4684745516066882, 4684745516066882, 4684745516066882, 4684745516066882, 4684745516066882, 4684745516066882, 4684745516066882, 4684745516066882, 4684745516066882, 4684745516066882, 4684745516066882, 4684745516066882, 4684745516066882, 4684745516066882, 4684745516066882, 4684745516066882, 4684745516066882, 4684745516066882, 4684745516066882, 4684745516066882, 4684745516066882, 4684745516066882, 4684745516066882, 4684745516066882, 4684745516066882, 4684745516066882, 4684745516066882, 4684745516066882, 4684745516066882, 181145888696386, 181145888696386, 181145888696386, 181145888696386, 181145888696386, 181145888696386, 181145888696386, 181145888696386, 181145888696386, 181145888696514, 181145888696514, 181145888696514, 181145888696514, 181145888696514, 181145888696514, 181145888696514, 181145888696514, 181145888696514, 181145888696514, 181145888696514, 181145888696514, 181145888696514, 181145888696514, 181145888696514, 181145888696386, 181145888696386, 181145888696386, 181144814954562, 181144814954562, 181144814954562, 181144814954562, 181144814954562, 181144814954562, 181144814954562, 181144814954562, 181144814954562, 181144814954562, 181144814954562, 181144814954562, 181144814954562, 181144814954562, 181144814954562, 181144814954562, 181144814954562, 181144814954562, 181144814954562, 181144814954562, 181144814954562, 181144814954562, 181144814954562, 181144814954562, 181144814954562, 181144814954562, 181144814954562, 181144814954562, 181144814954562, 181144814954562, 181144814954562, 181144814954562, 181144814954562, 181144814954562, 181144814954562, 181144814954562, 181144814954562, 181144814954562, 181144814954562, 181144814954562, 181144814954562, 181144814954562, 181144814954562, 181144814954562, 181144814954562, 181144814954562, 181144814954562, 181144814954562, 181144814954562, 181144814954562, 181144814954562, 181144814954562, 181144814954562, 181144814954562, 181144814954562, 181144814954562, 181144814954562, 181144814954562, 181144814954562, 181144814954562, 181144814954562, 181144814954562, 181144814954562, 181144814954562, 181144814954562, 181144814954562, 181144814954562, 181144814954562, 181144814954562, 181144814954562, 181144814954562, 181144814954562, 181144814954562, 181144814954562, 181144814954562, 181144814954562, 181144814954562, 181144814954562, 181144814954562, 181144814954562, 181144814954562, 181144814954562, 181144814954562, 181144814954562, 181144814954562, 181144814954562, 181144814954562, 181144814954562, 181144814954562, 181144814954562, 181144814954562, 181144814954562, 181144814954562, 181144814954562, 181144814954562, 181144814954562, 181144814954562, 181144814954562, 181144814954562, 181144814954562, 181144814954562, 181144814954562, 181144814954562, 181144814954562, 181144814954562, 181144814954562, 181144814954562, 181144814954562, 181144814954562, 181144814954562, 181144814954562, 181144814954562, 181144814954562, 181144814954562, 181144814954562, 181144814954562, 181144814954562, 181145351825474]
[4684745516066882, 4684745516066882, 4684745516066882, 4684745516066882, 4684745516066882, 4684745516066882, 4684745516066882, 4684745516066882, 4684745516066882, 4684745516066882, 4684745516066882, 4684745516066882, 4684745516066882, 4684745516066882, 4684745516066882, 4684745516066882, 4684745516066882, 4684745516066882, 4684745516066882, 4684745516066882, 4684745516066882, 4684745516066882, 4684745516066882, 4684745516066882, 4684745516066882, 4684745516066882, 4684745516066882, 4684745516066882, 4684745516066882, 4684745516066882, 4684745516066882, 4684745516066882, 4684745516066882, 4684745516066882, 4684745516066882, 4684745516066882, 4684745516066882, 4684745516066882, 4684745516066882, 4684744442325058, 4684744442325058, 4684744442325058, 4684744442325058, 4684744442325058, 4684744442325058, 4684744442325058, 4684744442325058, 4684744442325058, 4684744442325058, 4684744442325058, 4684744442325058, 4684744442325058, 4684744442325058, 4684744442325058, 4684744442325058, 4684744442325058, 4684744442325058, 4684744442325058, 4684744442325058, 4684744442325058, 4684744442325058, 4684744442325058, 4684744442325058, 4684744442325058, 4684745516066882, 4684745516066882, 4684745516066882, 4684745516066882, 4684745516066882, 4684745516066882, 4684745516066882, 4684745516066882, 4684745516066882, 4684745516066882, 4684745516066882, 4684745516066882, 4684745516066882, 4684745516066882, 4684745516066882, 4684745516066882, 4684745516066882, 4684745516066882, 4684745516066882, 4684745516066882, 4684745516066882, 4684745516066882, 4684745516066882, 4684745516066882, 4684745516066882, 4684745516066882, 4684745516066882, 4684745516066882, 4684745516066882, 4684745516066882, 4684745516066882, 4684745516066882, 4684745516066882, 4684745516066882, 4684745516066882, 4684745516066882, 4684745516066882, 4684745516066882, 4684745516066882, 4684745516066882, 4684745516066882, 4684745516066882, 4684745516066882, 4684745516066882, 4684745516066882, 4684745516066882, 4684745516066882, 4684745516066882, 4684745516066882, 4684745516066882, 4684745516066882, 4684745516066882, 4684745516066882, 4684745516066882, 4684745516066882, 4684745516066882, 4684745516066882, 4684745516066882, 4684745516066882, 4684745516066882, 4684745516066882, 4684745516066882, 4684745516066882, 4684745516066882, 4684745516066882, 4684745516066882, 4684745516066882, 4684745516066882, 4684745516066882, 4684745516066882, 4684745516066882, 4684745516066882, 4684745516066882, 4684745516066882, 4684745516066882, 4684745516066882, 4684745516066882, 4684745516066882, 4684745516066882, 4684745516066882, 4684745516066882, 4684745516066882, 4684745516066882, 4684745516066882, 4684746052937794, 4684746052937794, 4684746052937794, 4684746187155522, 4684746187155522, 4684746187155522, 4684746187155522, 4684746187155522, 4684746187155522, 4684745650284610, 4684745650284610, 4684745650284610, 4684745650284610, 4684745650284610, 4684745650284610, 4684745650284610, 4684745650284610, 4684745650284610, 4684745650284610, 4684745650284610, 4684745650284610, 4684745650284610, 4684745650284610, 4684745650284610, 4684745650284610, 4684745650284610, 4684745650284610, 4684745650284610, 4684745650284610, 4684745650284610, 4684745650284610, 4684745650284610, 4684745650284610, 4684745650284610, 4684745650284610, 4684745650284610, 4684745650284610, 4684745650285634, 4684745650285634, 4684745650285634, 4684745650285634, 4684745650285634, 4684745650285634, 4684745650285634, 4684745650285634, 4684745650285634, 4684745650285634, 4684745650285634, 4684745650285634, 4684745650285634, 4684745650285634, 4684745650285634, 4684745650285634, 4544008161930306]
[4684745516066882, 4684745516066882, 4684745516066882, 4684745516066882, 4684745516066882, 4684745516066882, 4684745516066882, 4684745516066882, 4684745516066882, 4684745516066882, 4684745516066882, 4684745516066882, 4684745516066882, 4684745516066882, 4684745516066882, 4684745516066882, 4684745516066882, 4684745516066882, 4684745516066882, 4684745516066882, 4684745516066882, 4684745516067906, 4684745516067906, 4684745516067906, 4684745516067906, 4684745516067906, 4684745516067906, 4684745516067906, 4684745516067906, 4684745516067906, 4684745516067906, 4684745516067906, 4684745516067906, 4684745516067906, 4684745516067906, 4684745516067906, 4684745516067906, 4684745516067906, 4684745516067906, 4684745516067906, 4684745516067906, 4684745516067906, 4684745516067906, 4684745516067906, 4684745524456514, 4684745524456514, 4684745524456514, 4684745524456514, 4684745524456514, 4684745524456514, 4684745524456514, 4684745524456514, 4684745524456514, 4684745524456514, 4684745524456514, 4684745524456514, 4684745524456514, 4684745524456514, 4684745524456514, 4684745524456514, 4684745524456514, 4684745524456514, 4684745524456514, 4684745524456514, 4684745524456514, 4684745524456514, 4684745524456514, 4684745524456514, 4684745524456546]
[4684745516066882, 4684745516066882, 4684745516066882, 4684745516066882, 4684745516066882, 4684745516066882, 4684745516066882, 4684745516066882, 4684745516066882, 4684745516066882, 4684745516066882, 4684745516066882, 4684745516066882, 4684745516066882, 4684745516066882, 4684745516066882, 4684745516066882, 4684745516066882, 4684745516066882, 4684745516066882, 4684745516066882, 4684745516066882, 4684745516066882, 4684745516066882, 4684745516066882, 4684745516066882, 4684745516066882, 4684745516066882, 4684745516066882, 4684745516066882, 4684745516066882, 4684745516066882, 4684745516066882, 4684745516066882, 4684745516066882, 4684745516066882, 4684745516066882, 4684745516066882, 4684745516066882, 4684745516066882, 4684745516066882, 4684745516066882, 4684745516066882, 4684745516066882, 4684745516066882, 4684745516066882, 4684745516066882, 4684745516066882, 4684745516066882, 4684745516066882, 4684745516066882, 4684745516066882, 4684745516066882, 4684745516066882, 4684745516066882, 4684745516066882, 4684745516066882, 4684745516066882, 4684745516066882, 4684745516066882, 4684745516066882, 4684745516066882, 4684745516066882, 4684745516066882, 4684745516066882, 4684745516066882, 4684745516066882, 4684745516066882, 4684745516066882, 4684745516066882, 4684745516066882, 4684745516066882, 4684745516066882, 4684745516066882, 4684745516066882, 4684745516066882, 4684745516066882, 4684745516066882, 4684745516066882, 4684745516066882, 4684745516066882, 4684745516066882, 4684745516066882, 4684745516066882, 4684745516066882, 4684745516066882, 4684745516066882, 4684745516066882, 4684745516066882, 4684745516066882, 4684745516066882, 4684745516066882, 4684745516066882, 4684745516066882, 4684745516066882, 4684745516066882, 4684745516066882, 4684745516066882, 4684745516066882, 4684745516066882, 4684745516066882, 4684745516066882, 4684745516066882, 4684745516066882, 4684745516066882, 4684745516066882, 4684745516066882, 4684745516066882, 4684745516066882, 4684745516066882, 4684745516066882, 4684745516066882, 4684745516066882, 4684745516066882, 4684745516066882, 4684745516066882, 4684745516066882, 4684745516066882, 4684745516066882, 4684745516066882, 4684745516066882, 4684745516066882, 4684745516066882, 4684745516066882, 4684745516066882, 4684745516066882, 4684745516066882, 4684745516066882, 4684745516066882, 4684745516066882, 4684745516066882, 4684745516066882, 4684745516066882, 4684745516066880, 4684745516066880, 4684745516066880, 4684745516066880, 4684745516066880, 4684745516066880, 4684745516066880, 4684745516066880, 4684745516066880, 4684745516066880, 4684745516066880, 4684745516066880, 4684745516066880, 4684745516066880, 4684745516066880, 4684745516066880, 4684745516066880, 4684745516066880, 4684745516066880, 4684745516066880, 4684745516066880, 4684745516066880, 4684745516066880, 4684745516066880, 4684745516066880, 4684745516066880, 4684745516066880, 4684745516066880, 4684745516066880, 4684745516066880, 4684745516066880, 4684745516066880, 4684745516066880, 4684745516066880, 4684745516066880, 4684745516066880, 4684745516066880, 4684745516066880, 4684745516066880, 4684745516066880, 4684745516066880, 4684745516066880, 4684745516066880, 4684745516066880, 4684745516066880, 4684745516066880, 4684745516066880, 4684745516066880, 4684745516066880, 4684745516066880, 4684745516066880, 4684745516066880, 4684745516066880, 4684745516066880, 4684745516066880, 4684745516066880, 4684745516066880, 4684745516066880, 4684745516066880, 4684745516066880, 4684745516066880, 4684745516066880, 4684745516066880, 4702337702111296, 4702337702111296, 4702337702111296, 4702337702111296, 4702337702111296, 4702337702111296, 4702337702111296, 4702337702111296, 4702337702111296, 4702337702111296, 4702337702111296, 4702337702111296, 4702337702111296, 4702337702111296, 4702337702111296, 4702337702111296, 4702337702111296, 4702337702111296, 4702337702111296, 4702337702111296, 4702337702111296, 4702337702111296, 4702337702111296, 4702337702111296, 4702337702111296, 4702337702111296, 4702337702111296, 4702337702111296, 4702337702111296, 4702337702111296, 4702337702111296, 4702337702111296, 4702337702111296, 4702337702111296, 4702337702111296, 4702337702111296, 4702337702111296, 4702337702111296, 4702337702111296, 4702337702111296, 4702337702111296, 4702337702111296, 4702337702111296, 4702337702111296, 4702337702111296, 4702336628369472]
[4684745516066882, 4684745516066882, 4684745516066882, 4684745516066882, 4684745516066882, 4684745516066882, 4684745516066882, 4684745516066882, 4684745516066882, 4684745516066882, 4684745516066882, 4684745516066882, 4684745516066882, 4684745516066882, 4684745516066882, 4684745516066882, 4684745516066882, 4684745516066882, 4684745516066882, 4684745516066882, 4684745516066882, 4684745516066882, 4684745516066882, 4684745516066882, 4684745516066882, 4684745516066882, 4684745516066882, 4684745516066882, 4684745516066882, 4684745516066882, 4684745516066882, 4684745516066882, 4684745516066882, 4684745516066882, 4684745516066882, 4684745516066882, 4684745516066882, 4684745516066882, 4684745516066890, 4684745516066890, 4684745516066890, 4684745516066890, 4684745516066890, 4684745516066890, 4684745516066890, 4684745516066890, 4684745516066890, 4684745516066890, 4684745516066890, 4684745516066890, 4684745516066890, 4684745516066890, 4684745516066890, 4684745516066890, 4684745516066890, 4684745516066890, 4684745516066890, 4684745516066890, 4684745516066890, 4684745516066890, 4684745516066890, 4684745516066890, 4684745516066890, 4684745516066890, 4684745516066890, 4684745516066890, 4684745516066890, 4684745516066890, 4684745516066890, 4684745516066890, 4684745516066890, 4684745516066890, 4684745516066890, 4684745516066890, 4684745516066890, 4684745516066890, 4684745516066890, 4684745516066890, 4684745516066890, 4684745516066890, 4684745516066890, 4684745516066890, 4684745516066890, 4684745516066890, 4684745516066890, 4684745516066890, 4684745516066890, 4684745516066890, 4684745516066890, 4684745516066890, 4684745516066890, 4684745516066890, 4684745516066890, 4684745516066890, 4684745516066890, 4684745516066890, 4684745516066890, 4684745516066890, 4684745516066890, 4684745516066890, 4684745516066890, 4684745516066890, 4684745516067018, 4684745516067018, 4684745516067018, 4684745516067018, 4684745516067018, 4684745516067018, 4684745516067018, 4684745516067018, 4684745516067018, 4684745516067018, 4684745516067018, 4684745516067018, 4684745516067018, 4684745516067018, 4684745516067018, 4684745516067018, 4684745516067018, 4684745516067018, 4684745516067018, 4684745516067018, 4684745516067018, 4684745516067018, 4684745516067018, 4684745516067018, 4684745516066890, 4684745516066890, 4684745516066890, 4684745516066890, 4684745516066890, 4684745516066890, 4684745516066890, 4684745516066890, 4684745516066890, 4684745516066890, 4684745516066890, 4684745516066890, 4684745516066890, 4684745516066890, 4684745516066890, 4684745516066890, 4684745516066890, 4684745516066890, 4684745516066890, 4684745516066890, 4684745516066890, 4684745516066890, 4684745516066890, 4684745516066890, 4684745516066890, 4684745516066890, 4684745516066890, 4684745516066890, 4684745516066890, 4684745516066890, 4684745516066890, 4684745516066890, 4684745516066890, 4684745516066890, 4684745516066890, 4684745516066890, 4684745516066890, 4684745516066890, 4684745516066890, 4684745516066890, 4684745516066890, 4684745516066890, 4684745516066890, 4684745516066890, 4684745516066890, 4702337702111306, 4702337702111306, 4702337702111306, 4702337702111306, 4702337702111306, 4702337702111306, 4702337702111306, 4702338238982218]
[4684745516066882, 4684745516066882, 4684745516066882, 4684745516066882, 4684745524455490, 4684745524455490, 4684745524455490, 4684745524455490, 4684745524455490, 4684745524455490, 4684745524455490, 4684745524455490, 4684745524455490, 4684745524455490, 4684745524455490, 4684745524455490, 4684745524455490, 4684745524455490, 4684745524455490, 4684745524455490, 4684745524455490, 4684745524455490, 4684745524455490, 4684745524455490, 4684745524455490, 4684745524455490, 4684745524455490, 4684745524455490, 4684745524455490, 4684745524455490, 4684745524455490, 4684745524455490, 4684745524455490, 4684745524455490, 4684745524455490, 4684745524455490, 4684745524455490, 4684745524455490, 4684745524455490, 4684745524455490, 4684745524455490, 4684745524455490, 4684745524455490, 4684745524455490, 4684745524455490, 4684745524455490, 4684745524455490, 4684745524455490, 4684745524455490, 4684745524455490, 4684745524455490, 4684745524455490, 4684745524455490, 4684745524455490, 4684745524455490, 4684745524455490, 4684745524455490, 4684745524455490, 4684745524455490, 4684745524455490, 4684745524455490, 4684745524455490, 4684745524455490, 4684745524455490, 4684745524455490, 4684745524455490, 4684745524455490, 4684745524455490, 4684745524455490, 4684745524455490, 4684745524455490, 4684745524455490, 4684745524455490, 4684745524455490, 4684745524455490, 4684745524455490, 4684745524455490, 4684745524455490, 4684745524455490, 4684745524455490, 4684745524455490, 4684745524455490, 4684745524455490, 4684745524455490, 4684745524455490, 4684745524455490, 4684745524455490, 4684745524455490, 4684745524455618, 4684745524455618, 4684745524455618, 4684745524455618, 4684745524455618, 4684745524455618, 4684745524455618, 4684745524455618, 4684745524455618, 4684745524455618, 4684745516067010, 4684745516067010, 4684745516067010, 4684745516067010, 4684745516067010, 4684745516067010, 4684745516067010, 4684745516067010, 4684745516067010, 4684745516067010, 4684745516067010, 4684745516067010, 4684745516067010, 4684745516067010, 4684745516067010, 4684745516067010, 4684745516067010, 4684745516067010, 4684745516067010, 4684745516067010, 4684745516067010, 4684745516067010, 4684745516067010, 4684745516067010, 4684745516067010, 4684745516067010, 4684745516067010, 22699144025548994, 22699144025548994, 22699144025548994, 22699144025548994, 22699144025548994, 22699144025548994, 22699144025548994, 22699144025548994, 22699144025548994, 22699144025548994, 22699144025548994, 22699144025548994, 22699144025548994, 22699144025548994, 22699144025548994, 22699144025548994, 22699144025548994, 22699144025548994, 22699144025548994, 22699144025548994, 22699144025548994, 22699144025548994, 22699144025548994, 22699144025548994, 22699144025548994, 22699144025548994, 22699144025548994, 22699144025548994, 22699144025548994, 22699144025548994, 22699144025548994, 22699144025548994, 22699144025548994, 22699144025548994, 22699144025548994, 22699144025548994, 22699144025548994, 22699144025548994, 22699144025548994, 22699144025548994, 22699144025548994, 22699144025548994, 22699144025548994, 22699144025548994, 22699144025548994, 22699144025548994, 22699144025548994, 22699144025548994, 22699144025548994, 22699144025548994, 22699144025548994, 22699144025548994, 22699144025548994, 22699144025548994, 22699144025548994, 22699144025548994, 22699144025548994, 22699144025548994, 22699144025548994, 22699144025548994, 22699144025548994, 22699144025548994, 22699144025548994, 22699144025548994, 22699144025548994, 22699144025548994, 22699144025548994, 22699144025548994, 22699144025548994, 22699144025548994, 22699144025548994, 22699144025548994, 22699144025548994, 22699144025548994, 22699144025548994, 22699144025548994, 22699144025548994, 22699144025548994, 22699144025548994, 22699144025548994, 22699144025548994, 22699144025548994, 22699144025548994, 22699144025548994, 22699144025548994, 23262093978970306]
[4684745516066882, 4684745516066882, 4684745516066882, 4684745516066882, 4684745516066882, 4684745516066882, 4684745516066882, 4684745516066882, 4684745516066882, 4684745516066882, 4684745516066882, 4684745516066882, 4684745516066882, 4684745516066882, 4684745516066882, 4684745516066882, 5247695469488194, 5247695469488194, 5247695469488194, 5247695469488194, 5247695469488194, 5247695471585346, 5247695471585346, 5247695471585346, 5247695471585346, 5247695471585346, 5247695469488194, 5247695469488194, 5247695469488194, 77305289507416130, 77305289507416130, 77305289507416130, 77305289507416130, 77305289507416130, 77305289507416130, 77305289507416130, 77305289507416130, 77305289507416130, 77305289507416130, 77305289507416130, 77305289507416130, 77305289507416130, 77305289507416130, 77305289507416130, 77305289507416130, 77305289507416258]
[4684745516066882, 4684745516066882, 4684745516066882, 4684745516066882, 4684745516066882, 4684745516066882, 4684745516066882, 4684745516066882, 4684745516066882, 4684745516066882, 4684745516066882, 4684745516066882, 4684745516066882, 4684745516066882, 4684745516066882, 4684745516066882, 4684745516066882, 4684745516066882, 4684745516066882, 4684745516066882, 4684745516066882, 4684745516066882, 4684745516066882, 4684745516066882, 4684745516066882, 4684746052937794, 4684746052937794, 4684746052937794, 4684746052937794, 4684746052937794, 4684746052937794, 4684746052937794, 4684746052937794, 4684746052937794, 4684746052937794, 4684746052937794, 4684746052937794, 4684746052937794, 4684746052937794, 4684746052937794, 4684746052937794, 4684746052938818, 4684746052938818, 4684746052938818, 4684746052938818, 4684746052938818, 4684746052938818, 4684746052938818, 4684746052938818, 4684746052938818, 4684746052938818, 4684746052938818, 4684746052938818, 4684746052938818, 4684746052938818, 4684746052938818, 4684746052938818, 4684746052938818, 4684746052938818, 4684746052938818, 4684746052938818, 22699144562420802]
[4684745516066882, 4684745516066882, 4684745516066882, 4684745516066882, 4684745516066882, 4684745516066882, 4684745516066882, 4684745516066882, 4684745516066882, 4684745516066882, 4684745516066882, 4684745516066882, 4684745516066882, 4684745516066882, 4684745516066882, 4684745516066882, 4684745516066882, 4684745516066882, 4684745516066882, 4684745516066882, 4684745516066882, 4684745516066882, 4684745516066882, 4684745516066882, 4684745516066882, 4684745516066882, 4684745516066882, 4684745516066882, 4684745516066882, 4684745516066882, 4684745516066882, 4684745516066882, 4684745516066882, 4684745516066882, 4684745516066882, 4684745516066882, 4684745516066882, 4684745516066882, 4684745516066882, 4684745516066882, 4684745516066882, 4684745516066882, 4684745516066882, 4684745516066882, 4684745516066882, 4684745516066882, 4684745516066882, 4684745516066882, 4684745516066882, 4684745516066882, 4684745516066882, 4684745516066882, 4684745516066882, 4684745516066882, 4684745549621314, 4684745549621314, 4684745549621314, 4684745549621314, 4684745549621314, 4684745549621314, 4684745549621314, 4684745549621314, 4684745549621314, 4684745549621314, 4684745549621314, 4684745549621314, 4684745549621314, 4684745549621314, 4684745549621314, 4684745549621314, 4684745549621314, 4684745549621314, 4684745549621314, 4684745549621314, 4684745549621314, 4684745549621314, 4684745549621314, 4684745549621314, 4684745549621314, 4684745549621314, 4684745549621314, 4684745549621314, 4684745549621314, 4684746086492226, 181146459121730]
[4684745516066882, 4684745516066882, 4684745516066882, 4684745516066882, 4684745516066882, 4684745516066882, 4684745516066882, 4684745516066882, 4684745516066882, 4684745516066882, 4684745516066882, 4684745516066882, 4684745516066882, 4684745516066882, 4684745516066882, 4684745516066882, 4684745516066882, 4684745516066882, 4684745516066882, 4684745516066882, 4684745516066882, 4684745516066882, 4684745516066882, 4684745516066882, 4684745516066882, 4684745516066882, 4684745516066882, 4684745516066882, 4684745516066882, 4684745516066882, 4684745516066882, 4684745516066882, 4684745516066882, 4684745516066882, 4684745516066882, 4684745516066882, 4684745516066882, 4684745516066882, 4684745516066882, 4684745516066882, 4684745516066882, 4684745516066882, 4684745516066882, 4684745516066882, 4684745516066882, 4684745516066882, 4684745516066882, 4684745516066882, 4684745516066882, 4684745516066882, 4684745516066882, 4684745516066882, 4684745516066882, 4684745516066882, 4684745516066882, 4684745516066882, 4684745516066882, 4684745516066882, 4684745516066882, 4684745516066882, 4684745516066882, 4684745516066882, 4684745516066882, 4684745516066882, 4684745516066882, 4684745516066882, 4684745516066882, 4684745516066882, 4684745516066882, 4684745516066882, 4684745516066882, 4684745516066882, 4684745516066882, 4684745516066882, 4684745516066882, 4684745516066882, 4684745516066882, 4684745516066882, 4684745516066882, 4684745516066882, 4684745516066882, 4684745516066882, 4684745516066882, 4684745516066882, 4684745516066882, 4684745516066882, 4684745516066882, 4684745516066882, 4684745516066882, 4684745516066882, 4684745516066882, 4684745516066882, 4684745516066882, 4684745516066882, 4684745516066882, 4684745516066882, 4684745516066882, 4684745516066882, 4684745516066882, 4684745516066882, 4684745516066882, 4684745516066882, 4684745516066882, 4684745516066882, 4684745516066882, 4684745516066882, 4684745516066882, 4684745516066882, 4684745516066882, 4684745516066882, 4684745516066882, 4684745516066882, 4684745516066882, 4684745516066882, 4684745516066882, 4684745516066882, 4684745516066882, 4684745516066882, 4684745516066882, 4684745516066882, 4684745516066882, 4684745516066882, 4684745516066882, 4684745516066882, 4684745516066882, 4684745516066882, 4684745516066882, 4684745516066882, 4684745516066882, 4684745516066882, 4684745516066882, 4684745516066882, 4684745516066882, 4684745516066882, 4684745516066882, 4684745516066882, 4684745516066882, 4684745516066882, 4684745516066882, 4684745516066882, 4684745516066882, 4684745516066882, 4684745516066882, 4684745516066882, 4684745516066882, 4684745516066882, 4684745516066882, 4684745516066882, 4684745516066882, 4684745516066882, 4684745516066882, 4684745516066882, 4684745516066882, 4684745516066882, 4684745516066882, 4684745516066882, 4684745516066882, 4684745516066882, 4684745516066882, 4684745516066882, 4684745516066882, 4684745516066882, 4684745516066882, 4684745516066882, 4684745516066882, 4684745516066882, 4684745516066882, 4684745516066882, 4684745516066882, 4684745516066882, 4684745516066882, 4684745516066882, 4684745516066882, 4684745516066882, 4684745516066882, 4684745516066882, 4684745516066882, 4684745516066882, 4684745516066882, 4684745516066882, 4684745516066882, 4684745516066882, 4684745516066882, 4684745516066882, 4684745516066882, 4684745516066882, 4684745516066882, 4684745516066882, 4684745516066882, 4684745516066882, 4684745516066882, 4684745516066882, 4684745516066882, 4684745516066882, 4684745516066882, 4684745516066882, 4684745516066882, 4684745516066882, 4684745516066882, 4684745516066882, 4684745516066882, 4684745516066882, 4684745516066882, 4684745516066882, 4684745516066882, 4684745516066882, 4684745516066882, 4684745516066882, 4684745516066882, 4684745516066882, 4684745516066882, 4684745516066882, 4684745516066882, 4684745516066882, 4684745516066882, 4684745516066882, 4684745516066882, 4684745516066882, 4684745516066882, 4684745516066882, 4684745516066882, 4684745516066882, 4684745516066882, 4684745516066882, 22699144025548866, 22699144025548866, 22699144025548866, 22699144025548866, 22699144025548866, 22699144025548866, 22699144025548866, 22699144025548866, 22699144025548866, 22699144025548866, 22699144025548866, 22699144025548866, 22699144025548866, 22699144027646018, 22699144027646018, 22699144027646018, 22699144027646018, 22699144027646018, 22699144027646018, 22699144027646018, 22699144027646018, 22699144027646018, 22699144027646018, 22699144027646018, 22699144027646018, 22699144027646018, 22699144025548866, 22699144025548866, 22699144025548866, 22699144025548866, 22699144025548866, 22699144025548866, 22699144025548866, 22699144025548866, 22699144025548866, 22699144025548866, 22699144025548866, 22699144025548866, 22699144025548866, 22699144025548866, 22699144025548866, 22699144025548866, 22699144025548866, 22699144025548866, 22699144025548866, 22699144025548866, 22699144025548866, 22699144025548866, 22699144025548866, 22699144025548866, 22699144025548866, 22699144025548866, 22699144025548866, 22699144025548866, 22699144025548866, 22699144025548866, 22699144025548866, 22699144025548866, 22699144025548866, 22699144025548866, 22699144025548866, 22699144025548866, 22699144025548866, 22699144025548866, 22699144025548866, 22699144025548866, 22699144025548866, 22699144025548866, 22699144025548866, 22699144025548866, 22699144025548866, 22699144025548866, 22699144025548866, 22699144025548866, 22699144025548866, 22699144025548866, 22699144025548866, 22699144025548866, 22699144025548866, 22699144025548866, 22699144025548866, 22699144025548866, 22699144025548866, 22699144025548866, 22699144025548866, 22699144025548866, 22699144025548866, 22699144025548866, 22699144025548866, 22699144025548866, 22699144025548866, 22699144025548866, 22699144025548866, 22699144025548866, 22699144025548866, 22699144025548866, 22699144025548866, 22699144025548866, 22699144025548866, 22699144025548866, 22699144025548866, 22699144025548866, 22699144025548866, 22699144025548866, 22699144025548866, 22699144025548866, 22699144025548866, 22699144025548866, 22699144025548866, 22699144025548866, 22699144025548866, 22699144025548866, 22699144025548866, 22699144025548866, 22699144025548866, 22699144025548866, 22699144025548866, 22699144025548866, 22699144025548866, 22699144025548866, 22699144025548866, 22699144025548866, 22698869147641922, 22698869147641922, 22698869147641922, 22698869147641922, 22698869147641922, 22698869147641922, 22698869147641922, 22698869147641922, 22698869147641922, 22698869147641922, 22698869147641922, 22698869147641922, 22698869147641922, 22698869147641922, 22698869147641922, 22698869147641922, 22698869147641922, 22698869147641922, 22698869147641922, 22698869147641922, 22698869147641922, 22698869147641922, 22698869147641922, 22698869147641922, 22698869147641922, 22698869147641922, 22698869147641922, 22698869147641922, 22698869147641922, 22698869147641922, 22698869147641922, 22698869147641922, 22698869147641922, 22698869147641922, 22698869147642946]
[4684745516066882, 4684745516066882, 4684745516066882, 4684745516066882, 4684745516066882, 4684745516066882, 4684745516066882, 4684745516066882, 4684745516066882, 4684745516066882, 4684745516066882, 4684745516066882, 4684745516066882, 4684745516066883, 4684745516066883, 4684745516066883, 4684745516066883, 4684745516066883, 4684745516066883, 4684745516066883, 4684745516066883, 4684745516066883, 4684745516066883, 4684745516066883, 4684745516066883, 4684745516066883, 4684745516066883, 4684745516066883, 4684745516066883, 4684745516066883, 4684745516066883, 4684745516066883, 4684745516066883, 4684745516066883, 4684745516066883, 4684745516066883, 4684745516066883, 4684745516066883, 4684745516066883, 4684745516066883, 4684745516067139, 4684745516067139, 4684745516067139, 4684745516067139, 4684745516067139, 4684745516067139, 4684745516067139, 4684745516067139, 4684745516067139, 4684745516067139, 4684745516067139, 4684745516067139, 4684745516067139, 4684745516067139, 4684745516067139, 4684745516067139, 4684745516067139, 4684745516067139, 4684745516067139, 4684745516067139, 4684745516067139, 4684745516067139, 4684745516067139, 4684779875805507]
[4684745516066882, 4684745516066882, 4684745516066882, 4684745516066882, 4684745516066882, 4684745516066882, 4684745516066882, 4684745516066882, 4684745516066882, 4684745516066882, 4684745516066882, 4684745516066882, 4684745516066882, 4684745516066882, 4684745516066882, 4684745516066882, 4684745516066882, 4684745516066882, 4684745516066882, 4684745516066882, 4684745516066882, 4684745516066882, 4684745516066882, 4684745516066882, 4684745516066882, 4684745516066882, 4684745516066882, 4684745516066882, 4684745516066882, 4684745516066882, 4684745516066882, 4684745516066882, 4684745516066882, 4684745516066882, 4684745516066882, 4684745516066882, 4684745516066882, 4684745516066882, 4684745516066882, 4684745549621314, 4684745549621314, 4684745549621314, 4684745549621314, 4684745549621314, 4684745549621314, 4684745549621314, 4684745549621314, 4684745549621314, 4684745549621314, 4684745549621314, 4684745549621314, 4684745549621314, 4684745549621314, 4684745549621314, 4684745549621314, 4684745549621314, 4684745549621314, 4684745549621314, 4684745549621314, 4684745549621314, 4684745549621314, 4684745549621314, 4684745549621314, 4684745549621314, 4684745549621314, 4684745549621314, 4684745549621314, 4684745549621314, 4684745549621314, 4684745549621314, 4684745549621314, 4684745549621314, 4684745549621314, 4684745549621314, 4684745549621314, 4684745549621314, 4684745549621314, 4684745549621314, 4684745549621314, 4684745549621314, 4684745516066882, 4684745516066882, 4684745516066882, 4684745516066882, 4684745516066882, 4684745516066882, 4684745516066882, 4684745516066882, 4684745516066882, 4684745516066882, 4684745516066882, 4684745516066882, 4684745516066882, 4684745516066882, 4684745516066882, 4684745516066882, 4684745516066882, 4684745516066882, 4684745516066882, 4684745516066882, 4684745516066882, 4684745516066882, 4684745516066880, 4684745516066880, 4684745516066880, 4684745516066880, 4684745516066880, 4684745516066880, 4684745516066880, 4684745516066880, 4684745516066880, 4684745516066880, 4684745516066880, 4684745516066880, 4684745516066880, 4684745516066880, 4684745516066880, 4684745516066880, 4684745516066880, 4684745516066880, 4684745516066880, 181145888696384, 181145888696384, 181145888696384, 181145888696384, 181145888696384, 181145888696384, 181145888696384, 181145888696384, 181145888696384, 181145888696384, 181145888696384, 181145888696384, 181145888696384, 181145888696384, 181145888696384, 181145888696384, 181145888696384, 181145888696384, 181145888696384, 181145888696384, 181145888696384, 181145888696384, 181145888696384, 181145888696384, 181145888696384, 181145888696384, 181145888696384, 181145888696384, 181145888696384, 181145888696384, 181145888696384, 181145888696384, 181145888696384, 181145888696384, 181145888696384, 181145888696384, 181145888696416]
[4684745516066882, 4684745516066882, 4684745549621314, 4684745549621314, 4684745549621314, 4684745549621314, 4684745549621314, 4684745516066882, 4684745516066882, 4684745516066882, 4684745516066882, 4684745516066882, 4684745516066882, 4684745516066882, 4684745516066882, 4684745516066882, 4684745516066882, 4684745516066882, 4684745516066882, 4684745516066882, 4684745516066882, 4684745516066882, 4684745516066882, 4684745516066882, 4684745516066882, 4684745516066882, 4684745516066882, 4684745516066882, 4684745516066882, 4684745516066882, 4684745516066882, 4684745516066882, 4684745516066882, 4684745516066882, 4684745516066882, 4684745516066882, 4684745516066882, 4684745516066882, 4684745516066882, 4684745516066882, 4684745516066882, 4684745516066882, 4684745516066882, 4684745516066882, 4684745516066882, 4684745516066882, 4684746052937794, 4684746052937794, 4684746052937794, 4684746052937794, 4684746052937794, 4684746052937794, 4684746052937794, 4684746052937794, 4684746052937794, 4684746052937794, 4684746052937794, 4684746052937794, 4684746052937794, 4684746052937794, 4684746052937794, 4684746052937794, 4684746052937794, 4684746052937794, 4684746052937794, 4684746052937794, 4684746052937794, 4684746052937794, 4684746052937794, 4684746052937794, 4684746052937794, 4684746052937794, 4684746052937794, 4684746052937794, 4684746052937794, 4684746052937794, 4684746052937794, 4684746052937794, 4684746052937794, 4684746052937794, 4684746052937794, 4684746052937794, 4684746052937794, 4684746052937794, 4684746052937794, 4684746052937794, 4684746052937794, 4684746052937794, 4684746052937794, 4684746052937794, 4684746052937794, 4684746052937794, 4684746052937794, 4684746052937794, 4684746052937794, 4684746052937794, 4684746052937794, 4684746052937794, 4684746052937794, 4684746052937794, 4684746052937794, 4684746052937794, 4684746052937794, 4684746052937794, 4684746052937794, 4684746052937794, 4684746052937794, 4684746052937794, 4684746052937794, 4684746052937794, 4684746052937794, 4684746052937794, 4684746052937794, 4684746052937794, 4684746052937794, 4684746052937794, 4684746052937794, 4684746052937794, 4684746052937794, 4684746052937794, 4684746052937794, 4684746052937794, 4684746052937794, 4684746052937794, 4684746052937794, 4684746052937794, 4684746052937794, 4684746052937794, 4684746052937794, 4684746052937794, 4684746052937794, 4684746052937794, 4684746052937794, 4684746052937794, 4684746052937794, 4684746052937794, 4684746052937794, 4684746052937794, 4684746052937794, 4684746052937794, 4684746052937794, 4684746052937794, 4684746052937794, 4684746052937794, 4684746052937794, 4684746052937794, 4684746052937794, 4684746052937794, 4684746052937794, 4684746052937794, 4684746052937794, 4684746052937794, 4684746052937794, 4684746052937794, 4684746052937794, 4684746052937794, 4684746052937794, 4684746052937794, 4684746052937794, 76742340090865730, 76742340090865730, 76742340090865730, 76742340090865730, 76742340090865730, 76742340090865730, 76742340090865730, 76742340090865730, 76742340090865730, 76742340090865730, 76742340090865730, 76742340090865730, 76742340090865730, 76742340090865730, 76742340090865730, 76742340090865730, 76742340090865730, 76742340090865730, 76742340090865730, 76742340090865730, 4684746052937794, 4684746052937794, 4684746052937794, 4684746052937794, 4684746052937794, 4684746052937794, 4684746052937794, 4684746052937794, 5247696006359106, 5247696006359106, 5247833445312578]
[4684745516066882, 4684745516066882, 4684745516066882, 4684745516066882, 4684745516066882, 4684745516066882, 4684745516066882, 4684745516066882, 4684745516066882, 4684745516066882, 4684745516066882, 4684745516066882, 4684745516066882, 4684745516066882, 4684745516066882, 4684745516066882, 4684745516066882, 4684745516066882, 4684745516066882, 4684745516066882, 4684745516066882, 4684745516066882, 4684745516066882, 4684745516066882, 4684745516066882, 4684745516066882, 4684745516066882, 4684745516066882, 4684745516066882, 4684745516066882, 4684745516066882, 4684745516066882, 4684745516066882, 4684745516066882, 4684745516066882, 4684745516066882, 4684745516066882, 4684745516066882, 4684745516066882, 4684745516066882, 4684745516066882, 4684745516066882, 4684745516066882, 4684745516066882, 4684745516066882, 4684746052937794, 4684746052937794, 4684746052937794, 4684746052937794, 4684746052937794, 4684746052937794, 4684746052937794, 4684746052937794, 4684746052937794, 4684746052937794, 4684746052937794, 4684746052937794, 4684746052937794, 4684746052937794, 4684746052937794, 4684746052937794, 4684746052937794, 4684746052937794, 4684746052937794, 4684746052937794, 4684746052937794, 4684746052937794, 4684746052937794, 4684746052937794, 4684746052937794, 4684746052937794, 4684746052937794, 4684746052937794, 4684746052937794, 4684746052937794, 4684746052937794, 4684746052937794, 4684746052937794, 4684746052937794, 4684746052937794, 4684746052937794, 4684746052937794, 4684746052937794, 4684746052937794, 4684746052937794, 4684746052937794, 4684746052937794, 4684746052937794, 4684746052937794, 4684746052937794, 4684746052937794, 4684746052937794, 4684746052937794, 4684746052937794, 4684746052937794, 4684746052937794, 4684746052937794, 4684746052937794, 4684746052937794, 4684746052937794, 4684746052937794, 4684746052937794, 4684746052937794, 4684746052937794, 4684746052937794, 4684746052937794, 4684746052937794, 4684746052937794, 4684746052937794, 4684746052937794, 4684746052937794, 4684746052937794, 4684746052937794, 4684746052937794, 4684746052937794, 4684746052937794, 4684746052937794, 6936545866623042, 6936545866623042, 6936545866623042, 6936545866623042, 6936545866623042, 6936545866623042, 6936545866623042, 6936545866623042, 6936545866623042, 6936545866623042, 6936545866623042, 6936545866623042, 6936545866623042, 6936545866623042, 6936545866623042, 6936545866623042, 6936545866623042, 6936545866623042, 6936545866623042, 6936545866623042, 6936545866623042, 6936545866623042, 6936545866623042, 6936545866623042, 6936545866623042, 6936545866623042, 6936545866623042, 6936545866623042, 6936545866623042, 6936545866623042, 6936545866623042, 6936545866623042, 6936545866623042, 6936545866623042, 6936545866623042, 6936545866623042, 6936545866623042, 6936545866623042, 6936545866623042, 6936546000840770]
[4684745516066882, 4684745516066882, 4684745516066882, 4684745516066882, 4684745516066882, 4684745516066882, 4684745516066882, 4684745516066882, 4684745516066882, 4684745516066882, 4684745516066882, 4684745516066882, 4684745516066882, 4684745516066882, 4684745516066882, 4684745516066882, 4684882955020354, 4684882955020354, 4684745516066882, 4684745516066882, 4684745516066882, 4684745516066882, 4684745516066882, 4684745516066882, 4684745516066882, 4684745516066882, 4684745516066882, 4684745516066882, 4684745516066882, 4684745516066882, 4684745516066882, 4684745516066882, 4684745516066882, 4684745516066882, 4684745516066882, 4684745516066882, 4684745516066882, 4684745516066882, 4684745516066882, 4684745516066882, 4684745516066882, 4684745516066882, 4684745516066882, 4684745516066882, 4684745516066882, 4684745516066882, 4684745516066882, 4684745516066882, 4684745516066882, 4684745516066882, 4684745516066882, 4684745516066882, 4684745516066882, 4684745516066882, 4684745516066882, 4684745516066882, 4684745516066882, 6936545329752130, 6936545329752130, 6936545329752130, 6936545329752130, 6936545329752130, 6936614049228866, 4684814235543618, 4684814235543618, 4684814235543618, 4684814235543618, 4684814235543618, 4684814235543618, 4684814235543618, 4684814235543618, 4684814235543618, 4684814235543618, 4684814235543618, 4684814235543618, 4684814235543618, 4684814235543618, 4684814235543618, 4684814235543618, 4684814235543618, 4684814235543618, 4684814235543618, 4684814235543618, 4684814235543618, 4684814235543618, 4684814235543618, 4684814235543618, 4684814235543618, 4684814235543618, 4684814235543618, 4684814235544642, 4684814235544642, 4684814235544650]
[4684745516066882, 4684745516066882, 4684745516066882, 4684745516066882, 4684745516066882, 4684745516066882, 4684745516066882, 4684745516066882, 4684745516066882, 4684745516066882, 4684745516066882, 4684745516066882, 4684745516066882, 4684745516066882, 4684745516066882, 4684745516066882, 4684745516066882, 4684745516066882, 4684745516066882, 4684745516066882, 4684745516066882, 4684745516066882, 4684745516066882, 4684745516066882, 4684745516066882, 4684745516066882, 4684745516066882, 4684745516066882, 4684745516066882, 4684745516066882, 4684745516066882, 4684745516066882, 4684745516066882, 4684745516066882, 4684745516066882, 4684745516066882, 4684745516066882, 4684745516066882, 4684745516066882, 4684745516066882, 4684745516066882, 4684745516066882, 4684745516066882, 4684745516066882, 4684745516066882, 4684745516066882, 4684745516066882, 4684745516066882, 4684744442325058, 4684744442325058, 4684744442325058, 4684744442325058, 4684744442325058, 4684744442325058, 4684744442325058, 4684744442325058, 4684744442325058, 4684744442325058, 4684744442325058, 4684744442325058, 4684744442325058, 4684744442325058, 4684744442325058, 4684744442325058, 4684744442325058, 4684744442325058, 4684744442325058, 4684744442325058, 4684744442325058, 4684744442325058, 4684744442325058, 4684744442325058, 4684744442325058, 4684744442325058, 4684744442325058, 4684744442325058, 4684744442325058, 4684744442325058, 4684744442325058, 4684744442325058, 4684744442325090, 4684744442325090, 4684744442325090, 4684744442325090, 4684744442325090, 4684744442325090, 4684744442325090, 4684744442325090, 4684744442325090, 4684744442325090, 76742338480253026]
[4684745516066882, 4684745516066882, 4684745516066882, 4684745516066882, 4684745516066882, 4684745516066882, 4684745516066882, 4684745516066882, 4684745516066882, 4684745516066882, 4684745516066882, 4684745516066882, 4684745516066882, 4684745516066882, 4684745516066882, 4684745516066882, 4684745516066882, 4684745516066882, 4684745516066882, 4684745516066882, 4684745516066882, 4684745516066882, 4684745516066882, 4684745516066882, 4684745516066882, 4684744442325058, 4684744442325058, 4684744442325058, 4684744442325058, 4684744442325058, 4684744442325058, 4684744442325058, 4684744442325058, 4684744442325058, 4684744442325058, 4684744442325058, 4684744442325058, 4684744442325058, 4684744442325058, 4684744442325058, 4684744442325058, 4684744442325058, 4684744442325058, 4684744442325058, 4684744442325058, 4684744442325058, 4684744442325058, 4684744442325058, 4684744442325058, 4684744442325058, 4684744442325058, 4684744442325058, 4684744442325058, 4684744442325058, 4684744442325058, 4684744442325058, 4684744442325058, 4684744442325058, 4684744442325058, 4684744442325058, 4684744442325058, 4684744442325058, 4684744442325058, 4684744442325058, 4684744442325058, 4684744442325058, 4684744442325058, 4684744442325058, 4684744442325058, 4684744442325058, 4684744442325058, 4684744442325058, 4684744442325058, 4684744442325058, 4684744442325058, 4684194686511170, 4684194686511170, 4684194686511170, 4684194686511170, 4684194686511170, 4684194686511170, 4684194686511170, 4684194686511170, 4684194686511170, 4684194686511170, 4684194686511170, 4684194686511170, 4684194686511170, 4684194686511170, 4684194686511178]
[4684745516066882, 4684745516066882, 4684745516066882, 4684745516066882, 4684745516066882, 4684745516066882, 4684745516066882, 4684745516066882, 4684745516066882, 4684745516066882, 4684745516066882, 4684745516066882, 4684745516066882, 4684744442325058, 4684744442325058, 4684744442325058, 4684744442325058, 4684744442325058, 4684744442325058, 4684744442325058, 4684744442325058, 4684744442325058, 4684744442325058, 4684744442325058, 4684744442325058, 4684744442325058, 4684744442325058, 4684744442325058, 4684744442325058, 4684744442325058, 4684744442325058, 4684744442325058, 4684744442325058, 4684744442325058, 4684744442325058, 4684744442325058, 4684744442325058, 4684744442325058, 4684744442325058, 4684744442325058, 4684744442325058, 4684744442325058, 4684744442325058, 4684744442325058, 4684744442325058, 4684744442325058, 4684744442325058, 4684744442325058, 4684744442325058, 4684744442325058, 4684744442325058, 4684745516066882, 4684745516066882, 4684745516066882, 4684745516066882, 4684745516066882, 4684745516066882, 4684745516066882, 4684745516066882, 4684745516066882, 4684745516066882, 4684745516066882, 4684745516066882, 4684745516066882, 4684745516066882, 4684745516066882, 4684745516066882, 4684745516066882, 4684745516066882, 4684745516066914, 4684745516066914, 4684745516066914, 4684745516066914, 4684745516066914, 4684745516066914, 4684745516066914, 4684745516066914, 4684745516066914, 4684745516066914, 4684745516066914, 4684745516066914, 4684745516067938, 4684745516067938, 4684745516067938, 4684745516067938, 4684745516067938, 4684745516067938, 4684745516067938, 4684745516067938, 4684745516067938, 4684745516067938, 4684745516067938, 4684745516067938, 4684745516067938, 4684745516067938, 4684745516067938, 4684745516067938, 4684745516067938, 4684745516067938, 4684745516067938, 4684745516067938, 4684745516067938, 4684745516067938, 4684745516067954]
[4684745516066882, 4684745516066882, 4684745516067010, 4684745516068034, 4684745516068034, 4684745516068034, 4684745516068034, 4684745516068034, 4684745516068034, 4684745516068034, 4684745516068034, 4684745516068034, 4684745516068034, 4684745516068034, 4684745516068034, 4684745516068034, 4684745516068034, 4684745516068034, 4684745516068034, 4684745516068034, 4684745516068034, 4684745516068034, 4684745516068034, 4684745516068034, 4684745516068034, 4684745516068034, 4684745516068034, 4684745516068034, 4684745516068034, 4684745516068034, 4684745516068034, 4684745516068034, 4684745516068034, 4684745516068034, 4684745516068034, 4684745516068034, 4684745516068034, 4684745516068034, 4684745516068034, 4684745516068034, 4684745516068034, 4684745516068034, 4684745516068034, 4684745516068034, 4684745516068034, 4684745516068034, 4684745516068034, 4684745516068034, 4684745516068034, 4684745516068034, 4684745516068034, 4684745516068034, 4684745516068034, 4684745516068034, 4684745516068034, 4684745516068034, 4684745516068034, 4684745516068034, 4684745516068034, 4684745516068034, 4684745516068034, 4684745516068034, 4684745516068034, 4684745516068034, 4684745516068034, 4684745516068034, 4684745516068034, 4684745516068034, 4684745516068034, 4684745516068034, 4684745516068034, 4684745516068034, 4684745516068034, 4684745516068034, 4684745516068034, 4684745516068034, 4684745516068034, 4684745516068034, 4684745516068034, 4684745516068034, 4684745516068034, 4684745516068034, 4684745516068034, 4684745516068034, 4684745516068034, 4684745516068066]
[4684745516066882, 4684745516066882, 4684745516066882, 4684745516066882, 4684745516066882, 4684745516066882, 4684745516066882, 4684745516066882, 4684745516066882, 4684745516066882, 4684745516064834, 4684745516064834, 4684745516064834, 4684745516064834, 4684745516064834, 4684745516064834, 4684745516064834, 4684745516064834, 4684745516066882, 4684745516066882, 4684745516066882, 4684745516066882, 4684745516066882, 4684745516066882, 4684745516066882, 4684745516066882, 4684745516066882, 4684745516066882, 4684745516066882, 4684745516066882, 4684745516066882, 4684745516066882, 4684745516066882, 4684745516066882, 4684745516066882, 4684745516066882, 4684745516066882, 4684745516066882, 4684745516066882, 4684745516066882, 4684745516066882, 4684745516066882, 4684745516066882, 4684745516066882, 4684745516066890, 4684745516066890, 4684745516066890, 4684745516066890, 4684745516066890, 4684745516066890, 4684745516066890, 4684745516066890, 4684745516066890, 4684745516066890, 4684745516066890, 4684745516066890, 4684745516066890, 4684745516066890, 4684745516066890, 4684745516066882, 4684745516066882, 4684745516066882, 4684745516066882, 4684745516066882, 4684746052937794, 4684746052937794, 4684746052937794, 4684746052937794, 4684746052937794, 4684746052937794, 4684746052937794, 4684746052937794, 4684746052937794, 4684746052937794, 4684746052937794, 4684746052937794, 4684746052937794, 4684746052937794, 4684746052937794, 4684746052937794, 4684746052937794, 4684746052937794, 4684746052937794, 4684746052937794, 4684746052937794, 4684746052937794, 4684746052937794, 76742340090865730, 76742342238349378]
[4684745516066882, 4684745516066882, 4684745516066882, 4684745516066882, 4684745516066882, 4684745516066882, 4684745516066882, 4684745516066882, 4684745516066882, 4684745516066882, 4684745516066882, 4684745516066882, 4684745516066882, 4684745516066882, 4684745516066882, 4684745516066882, 4684745516066882, 4684745516066882, 4684745516066882, 4684745516066882, 4684745516066882, 4684745516066882, 4684745516066882, 4684745516066882, 4684745516066882, 4684745516066882, 4684745516066882, 4684745516066882, 4684745516066882, 4684745516066882, 4684745516066882, 4684745516066882, 4684745516066882, 4684745516066882, 4684745516066882, 4684745516066882, 4684745516066882, 4684745516066882, 4684745516066882, 4684745516066882, 4684745516066882, 4684745516066882, 4684745516066882, 4684745516066882, 4684745516066882, 4684745516066882, 4684745516066882, 4684745516066882, 4684745516066882, 4684745516066882, 4684745516066882, 4684745516066882, 4684745516066882, 4684745516066882, 4684745516066882, 4684745516066882, 4684745516066882, 4684745516066882, 4684745516066882, 4684745516066882, 4684745516066882, 4684745516066882, 4684745516066882, 4684745516066882, 4684745516066882, 4684745516066882, 4684745516066882, 4684745516066882, 4684745516066882, 4684745516066882, 4684745516066882, 4684745516066882, 4684745516066882, 4684745516066882, 4684745516066882, 4684745516066882, 4684745516066882, 4684745516066882, 4684745516066882, 4684745516066882, 4684745516066882, 4684745516066882, 4684745516066882, 4684745516066882, 4684745516066882, 4684745583175746, 4684745583175746, 4684745583175746, 4684745583175746, 4684745583175746, 4684745583175746, 4684745583175746, 4684745616730178, 4684745616730178, 4684745616730178, 4684745616730178, 4684745616730178, 4684745616730178, 4684745616730178, 4684745616730178, 4684745616730178, 4684745616730178, 4684745616730178, 4684745616730178, 4684745616730178, 4684745616730178, 4684745616730178, 4684745616730178, 4684745616730178, 4684745616730178, 4684745616730178, 4684745616730178, 4684745616730178, 4684745616730178, 4684745616730178, 4684745616730178, 4684745616730178, 4684745616730178, 4684745616730178, 4684745616730178, 4684745616730178, 4684745616730178, 4684745616730178, 4684745616730178, 4684745616730178, 4684745616730178, 4684745616730178, 4684745616730178, 22699144126212162]
[4684745516066882, 4684745516066882, 4684745516066882, 4684745516066882, 4684745516066882, 4684745516066882, 4684745516066882, 4684745516066882, 4684745516066882, 4684745516066882, 4684745516066882, 4684745516066882, 4684745516066882, 4684745516066882, 4684745516066882, 4684745516066882, 4684745516066882, 4684745516066882, 4684745516066882, 4684745516066882, 4684745516066882, 4684745516066882, 4684745516066882, 4684745516066882, 4684745516066882, 4684745516066882, 4684745516066882, 4684745516066882, 4684745516066882, 4684745516066882, 4684745516066882, 4684745516066882, 4684745516066882, 4684745516066882, 4684745516066882, 4684745516066882, 4684745516066882, 4684745516066882, 4684745516066882, 4684745516066882, 4684745516066882, 4684745516066882, 4684745516066882, 4684745516066882, 4684745516066882, 4684745516066882, 4684745516066882, 4684745516066882, 4684745516066882, 4684745516066882, 4684745516066882, 4684745516066882, 4684745516066882, 4684745516066882, 4684745516066882, 4684745516066882, 4684745516066882, 4684745516066882, 4684745516066882, 4684745516066882, 4684745516066882, 4684745516066882, 4684745516066882, 4684745516066882, 4684745516066882, 4684745516066882, 4684745516066882, 4684745516066882, 4684745516066882, 4684745516066882, 4684745516066882, 22699144025548866, 22699144025548866, 22699144025548866, 22699144025548866, 22699144025548866, 22699144025548866, 22699144025548866, 22699144025548866, 22699144025548866, 22699144025548866, 22699144025548866, 22699144025548866, 22699144025548866, 22699144025548866, 22699144025548866, 22699144025548866, 22699144025548866, 22699144025548866, 22699144025548866, 22699144025548866, 22699144025548866, 22699144025548866, 22699144025548866, 23262093978970178, 23262093978970178, 23262093978970178, 23262093978970178, 23262093978970178, 23262093978970178, 23262093978970178, 23262093978970178, 23262093978970178, 23262093978970178, 23262093978970178, 23262093978970178, 23262093978970178, 23262093978970178, 23262093978970178, 23262093978970178, 23262093978970178, 23262093978970178, 23262093978970178, 23262093978970178, 23262093978970178, 23262093978970178, 23262093978970306]
[4684745516066882, 4684745516066882, 4684745516066882, 4684745516066882, 4684745516066882, 4684745516066882, 4684745516066882, 4684745516066882, 4684745516066882, 4684745516066882, 4684745516066882, 4684745516066882, 4684745516066882, 4684745516066882, 4684745516066882, 4684745516066882, 4684745516066882, 4684745516066882, 4684745516066882, 4684745516066882, 181145888696386, 181145888696386, 181145888696386, 181145888696386, 181145888696386, 181145888696386, 181145888696386, 4684745516066882, 4684745516066882, 4684745516066882, 4684745516066882, 4684745516066882, 4684745516066882, 4684745516066882, 4684745516066882, 4684745516066882, 4684745516066882, 4684745516066882, 4684745516066882, 4684745516066882, 4684745516066882, 4684745516066882, 4684745516066882, 4684745516066882, 4684745516066882, 4684745516066882, 4684744442325058, 4684744442325058, 4684744442325058, 4684744442325058, 4684744442325058, 4684744442325058, 4684744442325058, 4684744442325058, 4684744442325058, 4684744442325058, 4684744442325058, 4684744442325058, 4684744442325058, 4684744442325058, 4684744442325058, 4684744442325058, 4684744442325058, 4684744442325058, 4684744442325058, 4684744442325058, 4684744442325058, 4684744442325058, 4684744442325058, 4684744442325058, 4684744442325058, 4684744442325058, 4684744442325058, 4684744442325058, 4684744442325058, 4684744442325058, 4684744442325058, 4684744442325058, 4684744442325090, 4684744442325090, 4684744442325090, 4684744442325090, 4684744442325090, 4684744442325090, 4684744442325090, 4684744442325090, 4684744442325090, 4684744442325090, 4684744442325218]
[4684745516066882, 4684745516066882, 4684745516066882, 4684745516066882, 4684745516066882, 4684745516066882, 4684745516066882, 4684745516066882, 4684745516066882, 4684745516066882, 4684745516066882, 4684882955020354, 4684882955020354, 4684882955020354, 4684882955020354, 4684882955020354, 4684882955020354, 4684882955020354, 4684882955020354, 4684882955020354, 4684882955020354, 4684882955020354, 76742476992948290, 76742476992948290, 76742476992948290, 76742476992948290, 76742476992948290, 76742476992948290, 76742476992948290, 76742476992948290, 76742476992948290, 76742476992948290, 76742476992948290, 76742475919206466]
[4684745516066882, 4684745516066882, 4684745516066882, 4684745516066882, 4684745516066882, 4684745516066882, 4684745516066882, 4684745516066882, 4684745516066882, 4684745516066882, 4684745516066882, 4684745516066882, 4684745516066882, 4684745516066882, 4684745516066882, 4684745516066882, 4684745516066882, 4684745516066882, 4684745516066882, 4684745516066882, 4684745516066882, 4684745516066882, 4684745516066882, 4684745516066882, 4684745516066882, 4684745516066882, 4684745516066882, 4684745516066882, 4684745516066882, 4684745516066882, 4684745516066882, 4684745516066882, 4684745516066882, 4684745516066882, 4684745516066882, 4684745516066882, 4684745516066882, 4684745516066882, 4684745516066882, 4684745516066882, 4684745516066882, 4684745516066882, 4684745516066882, 4684745516066882, 4684746052937794, 4684746052937794, 4684746052937794, 4684746052937794, 4684746052937794, 4684746052937794, 4684746052937794, 4684746052937794, 4684746052937794, 4684746052937794, 4684746052937794, 4684746052937794, 4684746052937794, 4684746052937794, 4684746052937794, 4684746052937794, 4684746052937794, 4684745516066882, 4684745516066882, 4684745516066882, 4684745516066882, 4684745516066882, 4684745516066882, 4684745516066882, 4684745516066882, 4684745516066882, 4684745516066882, 4684745516066882, 4684745516066882, 4684745516066882, 4684745516066882, 4684745516066882, 4684745516066882, 4684745516066882, 4684745516066882, 4684745516066882, 4684745516066882, 4684745516066882, 4684745516066882, 4684745516066882, 4684745516066882, 4684745516066882, 4684745516066882, 4684745516066882, 4684745516066882, 4684745516066882, 4684745516066882, 4684745516066882, 4684745516066882, 4684745516066882, 4684745516066882, 4684745516066882, 4684745516066882, 4684745516066882, 4684745516066882, 4684745516066882, 4684745516066882, 4684745516066882, 4684745516066882, 4684745516066882, 4684745516066882, 4684745516066882, 4684745516066882, 4684745516066882, 4684745516066882, 4684745516066882, 4684745516066882, 4684745516066882, 4684745516066882, 4684745516066882, 4684745516066882, 4684745516066882, 4684745516066882, 4684745516066882, 4684745516066882, 4684745516066882, 4684745516066882, 4684745516066882, 4684745516066882, 4684745516066882, 4684745516066882, 40713542535030850, 40713542535030850, 40713542535030850, 40713542535030850, 40713542535030850, 40713542535030850, 40713542535030850, 40713542535030850, 40713542535030850, 40713542535030850, 40713542535030850, 40713542535030850, 40713542535030850, 40713542535030850, 40713542535030850, 40713542535030850, 40713542535030850, 40713542535030850, 40713542535030850, 40713542535030850, 40713542535030850, 40713542535030850, 40713542535030850, 40713542535030851, 40713542535030851, 40713542535030851, 40713542535030851, 40713542535030851, 40713542535030851, 4684745516066883, 4684745516066883, 4684745516066883, 4684745516066883, 4684745516066883, 4684745516066883, 4684745516066883, 4684745516066883, 4684745516066883, 4684745516066883, 4684745516066883, 4684745516066883, 4684745516066883, 4684745516066883, 4686944539322435, 4686944539322435, 4686944539322435, 4686944539322435, 4686944539322435, 4686944539322435, 4686944539322435, 4686944539322435, 4686944539322435, 4686944539322435, 4686944539322435, 4686944539322435, 4686944539322435, 4686944539322435, 4686944539322435, 4686944539322435, 4686944539322435, 4686944539322435, 4686944539322435, 4686944539322435, 4686944539322435, 4686944539322435, 4686944539322435, 4686944539322435, 4686944539322435, 4686944539322435, 4686944539322435, 4686944539322435, 4686944539322435, 4686944539322435, 4686944539322435, 4686944539322435, 4686944539322435, 4686944539322435, 4686944539322435, 4686944539322435, 4686944539322435, 4686944539322435, 4686944539322435, 4686944539322435, 4686944539322435, 4686944539322435, 4686944539322435, 4686944539322435, 4686944539322435, 4686944539322435, 4686944539322435, 4686944539322435, 4686944539322435, 4686944539322435, 4686944539322435, 4686944539322435, 4686944539322435, 4686944539322435, 4686944539322435, 4686944539322435, 4686944539322435, 4686944539322435, 4686944539322435, 4686944539322435, 4686944539322435, 4684745516066883, 4684745516066883, 4684745516066883, 4684745516066883, 4684745516066883, 4684745516066883, 4684745516066883, 4684745516066883, 4684745516066883, 4684745516066883, 4684745511872579, 4684745511872579, 4684745511872579, 4684745511872579, 4684745511872579, 4684745511872579, 4684745511872579, 4684745511872579, 4680347465361475]
[4684745516066882, 4684745516066882, 4684745516066882, 4684745516066882, 4684745516066882, 4684745516066882, 4684745516066882, 22699144025548866, 22699144025548866, 22699144025548866, 22699144025548866, 22699144025548866, 22699144025548866, 22699144025548866, 22699144025548866, 22699144025548866, 22699144025548866, 22699144025548866, 22699144025548866, 22699144025548866, 22699144025548866, 22699144025548866, 4684745516066882, 4684745516066882, 4684745516066882, 4684745516066882, 4684745516066882, 4684745516066882, 4684745516066882, 4684745516066882, 4684745516066882, 4684745516066882, 4684745516066882, 4684745516066882, 4684745516066882, 4684745516066882, 4684745516066882, 4684745516066882, 4684745516066882, 4684745516066882, 4684745516066882, 4684745516066882, 4684745516066882, 4684745516066882, 4684745516066882, 4684745516066882, 4684745516066882, 4684745516066882, 4684745516066882, 4684745516066882, 4684745516066882, 4684745516066882, 4684745516066882, 4684745516066882, 4684745516066882, 4684745516066882, 4684745516066882, 4684745516066882, 4684745516066882, 4684745516066882, 4684745516066882, 4684745516066882, 4684745516066882, 4684745516066882, 4684745516066882, 4684745516066882, 4684745516066882, 4684745516066882, 4684745516066882, 4684745516066882, 4684745516066882, 4684745516066882, 4684745516066882, 4684745516066882, 4684745516066882, 4684745516066882, 4684745516066882, 4684745516066882, 4684745516066882, 4684745516066882, 4684745516066882, 4684745516066882, 4684745516066882, 4684745516066882, 4684745516066882, 4684745516066882, 4684745516067010, 4684745516067010, 4684745516067010, 4684745516067010, 4684745516067010, 4684745516067010, 4684745516067010, 4684745516067010, 4684745516067010, 4684745516067010, 4684745516067010, 4684745516067010, 4684745516067010, 4684745516067010, 4684745516067010, 4684745516067010, 4684745516067010, 4684745516067010, 4684745516067010, 4684745516067010, 4684745516067010, 4684745516067010, 4684745516067010, 4684745516067010, 4684745516067010, 4684745516067010, 4684745516067010, 4684745516067010, 4684745516067010, 4684745516067010, 4684745516067010, 4684745516067010, 4684745516067010, 4684745516067010, 4684745516067010, 4684745516067010, 4684745516067010, 4684745516067010, 4684745516067010, 4684745516067010, 4684745516067010, 4684745516067010, 4684745516067010, 4684745516067010, 4684745516067010, 4684745516067010, 4684745516067010, 4684745516067010, 4684745516067010, 4684745516067010, 4684745516067010, 4684745516067010, 4684745516067010, 4684745516067010, 4684745516067010, 4684745516067010, 4684745516067010, 4684745516067010, 4684745516067010, 4684745516067010, 4684745516067010, 4684745516067010, 4544008027711682, 4544008027711682, 4544008027711682, 4544008027711682, 4544008027711682, 4544008027711682, 4544008027711682, 4544008027711682, 4544008027711682, 4544008027711682, 4544008027711682, 4544008027711682, 4544008027711682, 4544008027711682, 4544008027711682, 4544008027711682, 4544008027711682, 4544008027711682, 4544008027711682, 4544008027711682, 4544008027711682, 4544008027711682, 4544008027711682, 4544008027711682, 4544008027711682, 4544008027711682, 4544008027711682, 4544008027711682, 4544008027711682, 4544008027711682, 4544008027711682, 4544008027711682, 4544008027711682, 4544008027711682, 4544008027711682, 4544008027711682, 4544008027711682, 4544008027711682, 4544008027711682, 4544008027711682, 4544008027711682, 4544008027711682, 4544008027711682, 4544008027711682, 4544008027711682, 4544008027711682, 4544008027711682, 4544008027711682, 4544008027711682, 4544008027711682, 4544008027711682, 4544008027711682, 4544008027711682, 4544008027711682, 4544008027711682, 4544008027711682, 4544008027711682, 4544008027711690]
[4684745516066882, 4684745516066882, 4684745516066882, 4684745516066882, 4684745516066882, 4684745516066882, 4684745516066882, 4684745516066882, 4684745516066882, 4684745516066882, 4684745516066882, 4684745516066882, 4684745516066882, 4684745516066882, 181145888696386, 181145888696386, 181145888696386, 181145888696386, 181145888696386, 181145888696386, 181145888696386, 181145888696386, 181145888696386, 181145888696386, 181145888696386, 181145888696386, 181145888696386, 181145888696386, 181145888696386, 181145888696386, 181145888696386, 181145888696386, 181145888696386, 181145888696386, 181145888696386, 181145888696386, 181145888696386, 181145888696386, 181145888696386, 181145888696386, 181145888696386, 181145888696386, 181145888696386, 181144814954562, 181144814954562, 181144814954562, 181144814954562, 181144814954562, 181144814954562, 181144814954562, 181144814954562, 181144814954562, 181144814954562, 181144814954562, 181144814954562, 181144814954562, 181144814954562, 181144814954562, 181144814954562, 181144814954562, 181144814954562, 181144814954562, 181144814954562, 181144814954562, 181144814954562, 181144814954562, 181144814954562, 181144814954562, 181144814954562, 181144814954562, 181144814954562, 181144814954562, 181144814954562, 181144814954562, 181144814954562, 181144814954562, 181144814954562, 181144814954562, 181144814954562, 181144814954562, 181144814954562, 181144814954562, 181144814954562, 181144814954562, 181144814954562, 181144814954562, 181144814954562, 181144814954562, 181144814954562, 181144814954562, 181144814954562, 181144814954562, 181144814954562, 181144814954562, 181144814954562, 181144814954562, 181144814954562, 181144814954562, 181144814954562, 181144814954562, 181144814954562, 181144814954562, 181144814954562, 181144814954562, 181144814954562, 181144814954562, 181144814954562, 181144814954562, 181144814954562, 181144814954562, 181144814954562, 181144814954562, 181144814954562, 181144814954562, 181144814954562, 181144814954562, 181144814954562, 181144814954562, 181144814954562, 181144814954562, 181144814954562, 181144814954562, 181144814954562, 181144814954562, 181144814954562, 181144814954562, 181144814954562, 181144814954562, 181144814954562, 181144814954562, 181144814954562, 181144814954562, 181144814954562, 181144814954562, 181144814954562, 181144814954562, 181144814954562, 181144814954562, 181144814954562, 181144814954562, 181144814954562, 181144814954562, 181144814954562, 181144814954562, 181144814954562, 181144814954562, 181144814954562, 181144814954562, 181144814954562, 181144814954562, 181144882063426]
[4684745516066882, 4684745516066882, 4684745516066882, 4684745516066882, 4684745516066882, 4684745516066882, 4684745516066882, 4684745516066882, 4684745516066882, 4684745516066882, 4684745516066882, 4684745516066882, 4684745516066882, 4684745516066882, 4684745516066882, 4684745516066882, 4684745516066882, 4684745516066882, 4684745516066882, 4684745516066882, 4684745516066882, 4684745516066882, 4684745516066882, 4684745516066882, 4684745516066882, 4684745516066882, 4684745516066882, 4684745516066882, 4684745516066882, 4684745516066882, 4684745516066882, 4684745516066882, 4684745516066882, 4684745516066882, 4684745516066882, 4684745516066882, 4684745516066882, 4684745516066882, 4684745516066882, 4684745516066882, 4684745516066882, 4684745516066882, 4684745516066882, 4684745516066882, 4684745516066882, 4684745516066882, 4684745516066882, 4684745516066882, 4684745516066882, 4684745516066882, 4684745516066882, 4684745516066882, 4684745516066882, 4684745516066882, 4684745516066882, 4684745516066882, 4684745516066882, 4684745516066882, 4684745516066882, 4684745516066882, 4684745516066882, 4684745516066882, 4684745516066882, 4684745516066882, 4684745516066882, 4684745516066882, 4684745516066882, 4684745516066882, 4684745516066882, 4684745516066882, 4684745516066882, 4684745516066882, 4684745516066882, 4684745516066882, 4684745516066882, 4684745516066882, 4684745516066882, 4684745516066882, 4684745516066882, 4684745516066882, 4684745516066882, 4684745516066882, 4684745516066882, 4684745516066882, 4684745516066882, 4684745516066882, 4684745516066882, 4684745516066882, 4684745516066882, 4684745516066882, 4684745516066882, 4684745516066882, 181145888696386, 181145888696386, 181145888696386, 181145888696386, 181145888696386, 181145888696386, 181145888696386, 181145888696386, 181145888696386, 181145888696386, 181145888696386, 181145888696386, 181145888696386, 181145888696386, 181145888696386, 181145888696386, 181145888696386, 181145888696386, 181145888696386, 181145888696386, 181145888696386, 181145888696386, 181145888696386, 181145888696386, 181145888696386, 181145888696386, 181145888696386, 181145888696386, 181145888696386, 181145888696386, 181145890793538, 181145890793538, 181145890793538, 181145890793538, 181145890793538, 181145890793538, 181145890793538, 181145890793538, 181145890793538, 181145890793538, 181145890793538, 181145890793538, 181145890793538, 181145890793538, 181145890793538, 181145890793538, 181145890793538, 181145890793538, 181145890793538, 181145890793538, 181145890793538, 181145890793538, 744095844214850]
[4684745516066882, 4684745516066882, 4684745516066882, 4684745516066882, 4684745516066882, 4684745516066882, 4684745516066882, 4684745516066882, 4684745516066882, 4684745516066882, 4684745516066882, 4684745516066882, 4684745516066882, 4684745516066882, 4684745516066882, 4684745516066882, 4684745516066882, 4684745516066882, 4684745516066882, 4684745516066882, 4684745516066882, 4684745516066882, 4684745516066882, 4684745516066882, 4684745516066882, 4684745516066882, 4684745516066882, 4684745516066882, 4684745516066882, 4684745516066882, 4684745516066882, 4684745516066882, 4684745516066882, 4684745516066882, 4684745516066882, 4684745516066882, 4684745516066882, 4684745516066882, 4684745516066882, 4684745516066882, 4684745516066882, 4684745516066882, 4684745516066882, 4684745516066882, 4684745516066882, 4684745516066882, 4684745516066882, 4684745516066882, 4684745516066882, 4684745516066882, 4684745516066882, 4684745516066882, 4684745516066882, 4684745516066882, 4684745516066882, 4684745516066882, 4684745516066882, 4684745516066882, 4684745516066882, 4684745516066882, 4684745516066882, 4684745516066882, 4684745516066882, 4684745516066882, 4684745516066882, 4684745516066882, 4684745516066882, 4684745516066882, 4684745516066882, 4684745516066882, 4684745516066882, 4684745516066882, 4684745516066882, 4684745516066882, 4684745516066882, 4684745516066882, 4684745516066882, 4684745516066882, 4684745516066882, 4684745516066882, 4684745516066882, 4684745516066882, 4684745516066882, 4684745516066882, 4684745516066882, 4684745516066882, 4684745516066882, 4684745516066882, 4684745516066882, 4684745516066882, 4684745516066882, 4684745516066882, 4684745516066882, 4684745516066882, 4684745516066882, 4684745516066882, 4684745516066882, 4684745516066882, 4684745516066882, 4684745516066882, 4684745516066882, 4684745516066882, 4684745516066882, 4684745516066882, 4684745516066882, 4684745516066882, 4684745516066882, 4684745516066882, 4684745516066882, 4684745516066882, 4684745516066882, 4684745516066882, 4684745516066882, 4684745516066882, 4684745516066882, 4684745516066882, 4684745516066882, 4684745516066882, 4684745516066882, 4684745516066882, 4684745516066882, 4684745516066882, 4684745516066882, 4684745516066882, 4684745516066882, 4684745516066882, 4684745516066882, 4684745516066882, 4684745516066882, 4684745516066882, 4684745516066882, 4684745516066882, 4684745516066882, 4684745516066882, 4684745516066882, 4684745516066882, 4684745516066882, 4684745516066882, 4684745516066882, 4684745516066882, 4684745516066882, 4684745516066882, 4684745516066882, 4684745516066882, 4684745516066882, 4684745516066882, 4684745516066882, 4684745516066882, 4684745516066882, 4684745516066882, 4684745516066882, 4684745516067906, 4684745516067906, 4684745516067906, 4684745516067906, 4684745516067906, 22699144025549890, 22699144025549890, 22699144025549890, 22699144025549890, 22699144092658754]
[4684745516066882, 4684745516066882, 4684745516066882, 4684745516066882, 4684745516066882, 4684745516066882, 4684745516066882, 4684745516066882, 4684745516066882, 4684745516066882, 4684745516066882, 4684745516066882, 4684745516066882, 4684745516066882, 4684745516066882, 4684745516066882, 4684745516066882, 4684745516066882, 4684745516066882, 4684745516066882, 4684745516066882, 4684745516066882, 4684745516066882, 4684745516066882, 4684745516066882, 4684745516066882, 4684745516066882, 4684745516066882, 4684745516066882, 4684745516066882, 4684745516066882, 4684745516066882, 4684745516066882, 4684745516066882, 4684745516066882, 4684745516066882, 4684745516066882, 4684745516066882, 4684745516066882, 4684745516066882, 4684745516066882, 4684745516066882, 4684745516066882, 4684745516066882, 4684745516066882, 4684745516066882, 4684745516066882, 4684745516066882, 4684745516066882, 4684745516066882, 4684745516066882, 4684745516066882, 4684745516066882, 4684745516066882, 4684745516066882, 4684745516066882, 4684745516066882, 4684745516066882, 4684745516066882, 4684745516066882, 4684745516066882, 4684745516066882, 4684745516066882, 4684745516066882, 4684745516066882, 4684745516066882, 4684745516066882, 4684745516066882, 4684745516066882, 4684745516066882, 4684745516066882, 4684745516066882, 4684745516066882, 4684745516066882, 4684745516066882, 4684745516066882, 4684745516066882, 4684745516066882, 4684745516066882, 4684745516066882, 4684745516066882, 4684745516066882, 4684745518164034, 4684745518164034, 4684745518164034, 4684745518164034, 4684745518164034, 4684745518164034, 4684745518164034, 4684745518164034, 4684745518164034, 4684745518164034, 4684745518164034, 4684745518164034, 4684745518164034, 4684745518164034, 4684745518164034, 4684745518164034, 4684745518164034, 4684745518164034, 4684745518164034, 4684745518164034, 4684745518164034, 4684745518164034, 4684745518164034, 4684745518164034, 4684745518164034, 4684745518164034, 4684745518164034, 4680347471652930, 4680347471652930, 4680347471652930, 4680347471652930, 4680347471652930, 4680347471652930, 4680347471652930, 4680347471652930, 4680347471652930, 4680347471652930, 4680347471652930, 4680347471652930, 4680347471652930, 4680347471652930, 4680347471652930, 4680347471652930, 4680347471652930, 4680347471652930, 4680347471652930, 4680347471652930, 4680347471652930, 4680347471652930, 4680347471652930, 4680347471652930, 4680347471652930, 4680347471652930, 4680347471652930, 4680347471652930, 4680347471652930, 4680347471652930, 4680347471652930, 4680347471652930, 4680347471652930, 4680347471652930, 4680347471652930, 4680347471652930, 4680347471652930, 4680347471652930, 4680347471652930, 4680347471652930, 4680347471652930, 4680347471652930, 4680347471652930, 4680347471652930, 4680347471652930, 4680347471652930, 4680347471652930, 4680347471652930, 4680347471652930, 4680347471652930, 4680347471652930, 4680347471652930, 4680347471652930, 4680347471652930, 4680347471652930, 4680347471652930, 4680347471652930, 4680347471652930, 4680347471652930, 4680347471652930, 4680347471652930, 4680347471652930, 4680347471652930, 4680347471652930, 4680347471652930, 4680347471652930, 176747844282434]
[4684745516066882, 4684745516066882, 4684745516066882, 4684745516066882, 4684745516066882, 4684745516066882, 4684745516066882, 4684745516066882, 4684745516066882, 4684745516066882, 4684745516066882, 4684745516066882, 4684745516066882, 4684745516066882, 4684745516066882, 4684745516066882, 4684745516066882, 4684745516066882, 4684745516066882, 4684745516066882, 4684745516066882, 4684745516066882, 4684745516066882, 4684745516066882, 4684745516066882, 4684745516066882, 4684745516066882, 4684745516066882, 4684745516066882, 4684745516066882, 4684745516066882, 4684745516066882, 4684745516066882, 4684745516066882, 4684745516066882, 4684745516066882, 4684745516066882, 4684745516066882, 4684745516066882, 4684745516066882, 4684745516066882, 4684745516066882, 4684745516066882, 4684745516066882, 4684745516066882, 4684745516066882, 4684745516066882, 4684745516066882, 4684745516066882, 4684745516066882, 4684745516066882, 4684745516066882, 4684745516066882, 4684745516066882, 4684745516066882, 4684745516066882, 4684745518164034, 4684745518164034, 4684745518164034, 4684745518164034, 4684745518164034, 4684745518164034, 4684745518164034, 4684745518164034, 4684745518164034, 4684745518164034, 4684745518164034, 4684745518164034, 4684745518164034, 4684745518164034, 4684745518164034, 4684745518164034, 4684745518164034, 4684745518164034, 4684745518164034, 4684745518164034, 4684745518164034, 4684745518164034, 4684745518164034, 4684745518164034, 4684745518164034, 4684745518164034, 4684745518164034, 4684745518164034, 4684745518164034, 4684745518163970, 181145890793474]
[4684745516066882, 4684745516066882, 4684745516066882, 4684745516066882, 4684745516066882, 4684745516066882, 4684745516066882, 4684745516066882, 4684745516066882, 4684745516066882, 4684745516066882, 4684745516066882, 4684745516066882, 4684745516066882, 4684745516066882, 4684745516066882, 4684745516066882, 4684745516066882, 4684745516066890, 4684745516066890, 4684745516066890, 4684745516066890, 4684745516066890, 4684745516066890, 4684745516066890, 4684745516066890, 4684745516066890, 4684745516066890, 4684745516066890, 4684745516066890, 4684745516066890, 4684745516066890, 4684745516066890, 22699144025548874, 22699144025548874, 22699144025548874, 22699144025548874, 22699144025548866, 22699144025548866, 22699144025548866, 22699144025548866, 22699144025548866, 23262093978970178, 23262093978970306]
[4684745516066882, 4684745516066882, 4684745516066882, 4684745516066882, 4684745516066882, 4684745516066882, 4684745516066882, 4684745516066882, 4684745516066882, 4684745516066882, 4684745516066882, 4684745516066882, 4684745516066882, 4684745516066882, 4684745516066882, 4684745516066882, 4684745516066882, 4684745516066882, 4684745516066882, 4684745516066882, 4684745549621314, 4684745549621314, 4684745549621314, 4684745549621314, 4684745549621314, 4684745549621314, 4684745549621314, 4684745549621314, 4684745549621314, 4684470671714370, 4684470671714370, 4684470671714370, 4684470671714370, 4684470671714370, 4684470671714370, 4684470671714370, 4684470671714370, 4684470671714370, 4702062857758786]
[4684745516066882, 4684745516066882, 4684745516066882, 4684745516066882, 4684745516066882, 4684745516066882, 4684745516066882, 4684745516066882, 4684745516066882, 4684745516066882, 4684745516066882, 4684745516066882, 4684745516066882, 4684745516066882, 4684745516066882, 4684745516066882, 4684745516066882, 4684745516066882, 4684745516066882, 4684745516066882, 4684745516066882, 4684745516066882, 4684745516066882, 4684745516066882, 4684745516066882, 4684745516066882, 4684745516066882, 4684745516066882, 4684745516066882, 4684745516066882, 4684745516066882, 4684745516066882, 4684745516066882, 4684745516066882, 4684745516066882, 4684745516066882, 4684745516066882, 4684745516066882, 4684745516066882, 4684745516066882, 4684745516066882, 4684745516066882, 4684745516066882, 4684745516066882, 4684745516066882, 4684745516066882, 4684745516066882, 4684745516066882, 4684745516066882, 4684745516066882, 4684745516066882, 4684745516066882, 4684745516066882, 4684745524455490, 4684745524455490, 4684745524455490, 4684745524455490, 4684745524455490, 4684745524455490, 4684745524455490, 4684745524455490, 4684745524455490, 4684745524455490, 4684745524455490, 4684745524455490, 4684745524455490, 4684744450713666, 4684744450713666, 4684744450713666, 4684744450713666, 4684744450713666, 4684744450713666, 4684744450713666, 4684744450713666, 4684744450713666, 4684744450713666, 4684744450713666, 4684744450713666, 4684744450713666, 4684744450713666, 4684744450713666, 4684744450713666, 4684744450713666, 4684744450713666, 4684744450713666, 4684744450713666, 4684744450713666, 4684744450713666, 4684744450713666, 4684744450713666, 4684744450713666, 4684744450713666, 4684744450713666, 4684744450713666, 4684744450713602]
[4684745516066882, 4684745516066882, 4684745516066882, 4684745516066882, 4684745516066882, 4684745516066882, 4684745516066882, 4684745516066882, 4684745516066882, 4684745516066882, 4684745516066882, 4684745516066882, 4684745516066882, 4684745516066882, 4684745516066882, 4684745516066882, 4684745516066882, 5247695469488194, 5247695469488194, 5247695469488194, 5247695469488194, 5247695469488194, 5247695469488194, 5247695469488194, 23262093978970178, 23262093978970178, 23262093978970178, 23262093978970178, 23262093978970178, 23262093978970178, 23262093978970178, 23262093978970178, 23262093978970178, 23262093978970178, 23262093978970178, 23262093978970178, 23262093978970178, 23262093978970178, 23262093978970178, 23262093978970178, 23262093978970178, 23262093978970178, 23262093978970178, 23262093978970178, 23262093978970178, 23262093978970178, 23262093978970178, 23262093978970178, 23262093978970178, 23262093978970178, 23262093978970178, 23262093978970178, 23262093978970178, 23262093978970178, 23262093978970178, 23262093978970178, 23262093978970178, 23262093978970178, 23262093978970178, 23262093978970178, 23262093978970178, 23262093978970178, 23262092905228354]
[4684745516066882, 4684745516066882, 4684745516066882, 4684745516066882, 4684745516066882, 4684745516066882, 4684745516066882, 4684745516066882, 4684745516066882, 4684745516066882, 4684745516066882, 4684745516066882, 4684745516066882, 4684745516066882, 4684745516066882, 4684745516066882, 4684745516066882, 4684745516066882, 4684745516066882, 4684745549621314, 4684745549621314, 4684745549621322, 4684745549621322, 4684745549621322, 4684745549621322, 4684745549621322, 4684745549621322, 4684745549621322, 4684745549621322, 4684745549621322, 4684745549621322, 4684745549621322, 4684745549621322, 4684745549621322, 4684745549621322, 4684745549621322, 4684745549621322, 4684745549621322, 4684745549621322, 22699144059103306]
[4684745516066882, 4684745516066882, 4684745516066882, 4684745516066882, 4684745516066882, 4684745516066882, 4684745516066882, 4684745516066882, 4684745516066882, 4684745516066882, 4684745516066882, 4684745516066882, 4684745516066882, 4684745516066882, 4684745516066882, 4684745516066882, 4684745516066882, 4684745516066882, 4684745516066882, 4684745516066882, 4684745516066882, 4684745516066882, 4684745516066882, 4684745516066882, 4684745516066882, 4684745516066882, 4684745516066882, 4684745516066882, 4684745516066882, 4684745516066882, 4684745516066882, 4684745516066882, 4684745516066882, 4684745516066882, 4684745516066882, 4684745516066882, 4684745516066882, 4684745516066882, 4684745516066882, 4684745516066882, 4684745516066882, 4684745516066882, 4684745516066882, 4684745516066882, 4684745516066882, 4684745516066882, 4684745516066882, 4684745516066882, 4684745516066882, 4684745516066882, 4684745516066882, 4684745516066882, 4684745516066882, 4684745516066882, 4684745516066882, 4684745516066882, 4684745516066882, 4684745516066882, 4684745516066882, 4684745516066882, 4684745516066882, 4684745516066882, 4684745516066882, 4684745516066882, 4684745516066882, 4684745516066882, 4684745516066882, 4684745516066882, 4684745516066882, 4684745516066882, 4684745516066882, 4684745524455490, 4684745524455490, 4684745524455490, 4684745524455490, 4684745524455490, 4684745524455490, 4684745524455490, 4684745524455490, 4684745524455490, 4684745524455490, 4684745524455490, 4684745524455490, 4684745524455490, 4684745524455490, 4684745524455490, 4684745524455490, 4684745524455490, 4684745524455490, 4684745524455490, 4684745524455490, 4684745524455490, 4684745524455490, 4684745524455490, 4684745524455490, 4684745524455490, 4684745524455490, 4684745524455490, 4684744450713666, 4684744450713666, 4684744450713666, 4684744450713666, 4684744450713666, 4684744450713666, 4684744450713666, 4684744450713666, 4684744450713666, 4684744450713666, 4684744450713666, 4684744450713666, 4684744450713666, 4684744450713666, 4684744450713666, 4684744450713666, 4684744450713666, 4684744450713666, 4684744450713666, 4684744450713666, 4684744450713666, 4684744450713666, 4684744450713666, 4684744450713666, 4684744450713666, 4684744450714690]
[4684745516067906, 4684745516067906, 4684745516067906, 4684745516067906, 4684745516067906, 4684745516067906, 4684745516067906, 4684745516067906, 4684745516067906, 4684745516067906, 4684745516067906, 4684745516067906, 5247695469489218, 5247695469489218, 5247695469489218, 5247695469489218, 5247695469489218, 5247695469489218, 5247695469489218, 5247695469489218, 5247695469489218, 5247695469489218, 5247695469489218, 5247695469489218, 5247695469489218, 5247695469489218, 5247695469489218, 5247695469489218, 5247695469489218, 5247695469489218, 5247695469489218, 5247695469489218, 5247695469489218, 6373595376331842]
[4684745516066882, 4684745516066882, 4684745516066882, 4684745516066882, 4684745516066882, 4684745516066882, 4684745516066882, 4684745516066882, 4684745516066882, 4684745516066882, 4684745516066882, 4684745516066882, 4684745516066882, 4684745516066882, 4684745516066882, 4684745516066882, 4684745516066882, 4684745516066882, 4684745516066882, 4684745516066882, 4684745516066882, 4684745516066882, 4702337702111298, 4702337702111298, 4702337702111298, 4702337702111298, 4702337702111298, 4702337702111298, 4702337702111298, 4702337702111298, 4702337702111298, 4702337702111298, 4702337702111298, 4702337702111298, 4702337702111298, 4702337702111298, 4702337702111298, 4702337702111298, 4702337702111298, 4702337702111298, 4702337702111298, 4702337702111298, 4702337702111298, 4702337702111426, 4702337702111426, 4702337702112450]
[4684745516066882, 4684745516066882, 4684745516066882, 4684745516066882, 4684745516066882, 4684745516066882, 4684745516066882, 4684745516066882, 4684745516066882, 4684745516066882, 4684745516066882, 4684745516066882, 4684745549621314, 4684745549621314, 4684745549621314, 4684745549621314, 4684745549621314, 4684745549621314, 4702337735665730, 4702337735665730, 4702337735665730, 4702337735665730, 4702337735665730, 4702337735665730, 4702337735665730, 4702337735665730, 4702337735665730, 4702337735665730, 4702337735665730, 4702337735665730, 4702337735665730, 4702337735665730, 4702337735665730, 4702337735665730, 4702337735665730, 4702337735665730, 4702337735665730, 4702337735665730, 4702337735666754]
[4684745516066882, 4684745516066882, 4684745516066882, 4684745516066882, 4684745516066882, 4684745516066882, 4684745516066882, 4684745516066882, 4684745516066882, 4684745516066882, 4684745516066882, 4684745516066882, 4684745516066882, 4684745516066882, 4684745516066882, 4684745516066882, 4684745516066882, 4684745516066882, 4684745516066882, 4684745516066882, 4684745516066882, 4684745516066882, 4684745516066882, 4684745516066882, 4684745516066882, 4684745516066882, 4684745516066882, 4684745516066882, 4684745516066882, 4684745516066882, 4684745516066882, 4684745516066882, 4684745516066882, 4684745516066882, 4684745516066882, 4684745516066882, 4684745516066882, 4684745516066882, 4684745516066882, 4684745516066882, 4684745516066882, 4684745516066882, 4684745516066882, 4684745516066882, 4684745516066882, 4684746052937794, 4684746052937794, 4684746052937794, 4684746052937794, 4684746052937794, 4684746052937794, 4684746052937794, 4684746052937794, 4684746052937794, 4684746052937794, 4684746052937794, 4684746052937794, 4684780412676162, 4684780412676162, 4684780412676162, 4684780412676162, 4684780412676162, 4684780412676162, 4684780412676162, 4684780412676162, 4684780412676162, 4684780412676162, 4684780412676162, 4684917851629634]
[4684745516066882, 4684745516066882, 4684745516066882, 4684745516066882, 4684745516066882, 4684745516066882, 4684745516066882, 4684745516066882, 4684745516066882, 4684745516066882, 4684745516066882, 4684745516066882, 4684745516066882, 4684745516066882, 22699144025548866, 22699144025548866, 22699144025548866, 22699144025548866, 22699144025548866, 22699144025548866, 22699144025548866, 22699144025548866, 22699144025548866, 22699144025548866, 22699144025548866, 22699144025548866, 22699144025548866, 22699144025548866, 22699144025548866, 22699144025548866, 22699144025548866, 22699144025548866, 22699144025548866, 22699144025548866, 22699144025548866, 22699144025548866, 22699144025548866, 22699144025546818, 94756738063474754]
[4684745516066882, 4684745516066882, 4684745516066882, 4684745516066882, 4684745516066882, 4684745516066882, 4684745516066882, 4684745516066882, 4684745516066882, 4684745516066882, 4684745516066882, 4684745516066882, 4684745516066882, 4684745516066882, 4684745516066882, 181145888696386, 4684745516066882, 4684745516066882, 4684745516066882, 4684745516066882, 4684745516066882, 4684745516066882, 4684745516066882, 4684745516066882, 4684745516066882, 4684745516066882, 4684745516066882, 4684745516066882, 4684745516066882, 4684745516066882, 4684745516066882, 4684745516066882, 4684745516066882, 4684745516066882, 4684745516066882, 4684745516066882, 4684745516066882, 4684745516066882, 4684745516066882, 4684745516066882, 4684745516066882, 4684745516066882, 4684745516066882, 4684745516066882, 4684745516066882, 4684745516066882, 4684745516066882, 4684745516066882, 4684745516066882, 4684745516066882, 4684745516066882, 4684745516066882, 4684745516066882, 4684745516066882, 4684745516066882, 4684745516066882, 4684745516066882, 4684745516066882, 4684745516066882, 4684745516066882, 4684745516066882, 4684745516066882, 4684745516066882, 4684745516066882, 4684745516066882, 4684745516066882, 4684745516066882, 4684745516066882, 4684745516066882, 4684745516066882, 4684745516066882, 4684745516066882, 4684745516066882, 4684745516066882, 4684745516066882, 4684745516066882, 4684745516066882, 4684745516066882, 4684745516066882, 4684745516066882, 4684745516066882, 4684745516066882, 4684745516066882, 4684745516066882, 4684745515018306, 4684745515018306, 4684745515018306, 4684745515018306, 4684745515018306, 4684745515018306, 4684745515018306, 4684745515018306, 4684745515018306, 4684745515018306, 4684745515018306, 4684745515018306, 4684745515018306, 4684745515018306, 4684745515018306, 4684745515018306, 4684745515018306, 4684745515018306, 4684745515018306, 4684745515018306, 4684745515018306, 4684745515018306, 4684745515018306, 4684745515018306, 4684745515018306, 4684745515018306, 4684745515018306, 4684745515018306, 4684745515018306, 4684745515018306, 4684745515018306, 4684745515018306, 4684745515018306, 4684745515018306, 4684745515018306, 4684745515018306, 4684745515018306, 4684745515018306, 4684745515018306, 4684745515018306, 4684745515018306, 4684745515018306, 4684745515018306, 4684745515018306, 4684745515018306, 4684745515018306, 4684745515018306, 4684745515018306, 4684745515018306, 4684745515018306, 4684745515018306, 4684745515018306, 4684745515018306, 4684745515018306, 4684745515018306, 4684745515018306, 4684745515018306, 4684745515018306, 4684745515018306, 4684745515018306, 4684745515018306, 4684745515018306, 4684745515018306, 4684745515018306, 4684745515018306, 4684745515018306, 4684745515018306, 4684745515018306, 4684745515018306, 4684745515018306, 4684745515018306, 4684745515018306, 4684745515018306, 4684745515018306, 4684745515018306, 4684745515018306, 4684745515018306, 4684745515018306, 4684745515018306, 4684745515018306, 4684745515018306, 4684745515018306, 4684745515018306, 4684745515018306, 4684745515018306, 4684745515018306, 4684745515018306, 4684745515018306, 4684745515018306, 4684745515018306, 4684745515018306, 4684745515018306, 4684745515018306, 4684745515018306, 4684745515018306, 4684745515018306, 4684745515018306, 4684745515018306, 4684745515018306, 4684745515018306, 4684745515018306, 4684745515018306, 4684745515018306, 4684745515018306, 4684745515018306, 4684745515018306, 4684745515018306, 4684745515018306, 4684745515018306, 4684745515018306, 4684745515018306, 4684745515018306, 4684745515018306, 4684745515018306, 4684745515018306, 4684745515018306, 4684745515018306, 4684745515018306, 4684745515018306, 4684745515018306, 4684745515018306, 4684745515018306, 4684745515018306, 4684745515018306, 4684745515018306, 4684745515018306, 4684745515018306, 4684745515018306, 4684745515018306, 4684745515018306, 4684745515018306, 4684745515018306, 4684745515018306, 4684745515018306, 4684745515018306, 4684745515018306, 4684745515018306, 4684745515018306, 4684745515018306, 4684745515018306, 4684745515018306, 4684745515018306, 4684745515018306, 4684745515018306, 4684745515018306, 4684745515018306, 4684745515018306, 4684745515018306, 4684745515018306, 4684745515018306, 4684745515018306, 4684745515018306, 4684745515018306, 4684745515018306, 4684745515018306, 4684745515018306, 4684745515019330, 4684745515019330, 4684745515019330, 4684744441277506]
[4684745516066882, 4684745516066882, 4684745516066882, 4684745516066882, 4684745516066882, 4684745516066882, 4684745516066882, 4684745516066882, 4684745516066882, 4684745516066882, 4684745516066882, 4684745516066882, 4684745516066882, 4684745516066882, 4684745516066882, 4684746052937794, 4684746052937794, 4684746052937794, 4684746052937794, 4684746052937794, 4684746052937794, 4684746052937794, 4684746052937794, 4684746187155522, 4684746187155522, 4684746187155522, 4684746187155522, 4684746187155522, 4684746187155522, 4684746052937794, 4684746052937794, 4684746052937794, 4684746052937794, 4684746052937794, 4684746052937794, 4684746052937794, 4684746052937794, 4684746052937794, 5247696006359106, 5247696006359106, 5247696006359106, 5247696006359106, 5247696006359106, 5247696006359106, 5247696006359106, 5247696006359106, 5247695469488194, 5247695469488194, 5247695469488194, 5247695469488194, 5247695469488194, 5247695469488194, 5247695469488194, 5247695469488194, 5247695469488194, 5247695469488194, 5247695469488194, 5247695469488194, 5247695469489218, 5247695469489218, 5247695469489218, 5247695469489218, 5247695469489218, 5247695469489218, 5247695469489218, 5247695469489218, 5247695469489218, 5247695469488194, 5247695469488194, 5247695469488194, 5247695469488194, 5247695469488194, 5247695469488194, 5247695469488194, 5247695469488194, 5247695503042626, 5247695503042626, 5247695503042626, 5247695503042626, 5247695503042626, 5247695503042626, 5247695503042626, 5247695503042626, 5247695503042626, 5247695503042626, 5247695503042626, 5247695503042626, 4684745549621314, 4684745549621314, 4684745549621314, 4684745549621314, 4684745549621314, 4684745549621314, 4684745549621314, 4684745549621314, 4684745549619266, 4684745549619266, 4684745549619266, 4684745549619266, 4684745549619266, 4684745549619266, 4684745281183810]
[4684744442325058, 4684744442325058, 4684744442325058, 4684744442325058, 181144814954562, 181144814954562, 181144814954562, 181144814954562, 181144814954562, 181144814954562, 181144814954562, 181144814954562, 181144814954562, 181144814954562, 181144814954562, 181144814954562, 4684744442325058, 4684744442325058, 4684744442325058, 4684744442325058, 4684744442325058, 4684744442325058, 4684744442325058, 4684744442325058, 4684744442325058, 4684744442325058, 4684744442325058, 4684744979195970, 4684744979195970, 4684744979195970, 4684744979195970, 4684744979195970, 4684882418149442]
[4684745516066882, 4684745516066882, 4684745516066882, 4684745516066882, 4684745516066882, 4684745516066882, 4684745516066882, 4684745516066882, 4684745516066882, 4684745516066882, 4684745516066882, 4684745516066882, 4684745516066882, 4684745516066882, 4684745516066882, 4684745516066882, 4684745516066882, 4684745516066882, 4684745516066882, 4684745516066882, 181145888696386, 181145888696386, 181145888696386, 181145888696386, 181145888696386, 181145888696386, 181145888696386, 181145888696386, 181145888696386, 181145888696386, 181145888696386, 181145888696386, 181145888696386, 181145888696386, 181145888696386, 181145888696386, 181145888696386, 181145888696386, 181145888696386, 181145888696386, 181145888696386, 181145888696386, 181145888696386, 181145888696386, 181145888696386, 181145888696386, 181145888696386, 181145888696386, 181145888696386, 181145888696386, 181145888696386, 181145888696386, 181145888696386, 181145888696386, 181145888696386, 181145888696386, 181145888696386, 181145888696386, 181145888696386, 181145888696386, 181145888696386, 181145888696386, 181145888696386, 181145888696386, 181145888696386, 181145888696394, 181145888696426]
