TCF7L2|PROX1,MEIS2,NFIA,TFDP1,EGR1|0.609331,0.565206,0.438165,0.470449,0.977465,0.990007,0.998261,0.992498,0.522248,0.520036,0.486511,0.464633,0.534206,0.554603,0.500139,0.505966,0.484174,0.500581,0.289387,0.405000,0.663584,0.693126,0.312813,0.364782,0.507721,0.481785,0.339529,0.370942,0.505319,0.460229,0.333912,0.357150
GRHL2|NFIB,NFIA,TCF4,RUNX1|0.027203,0.047981,0.150235,0.161730,0.175905,0.314716,0.253719,0.413202,0.172466,0.243021,0.685180,0.680378,0.369386,0.893267,0.776291,0.883062
MEIS2|EGR1,REST,ASCL1,RUNX1|0.416134,0.291495,0.529822,0.559220,0.252901,0.017697,0.472863,0.062278,0.769615,0.656095,0.935699,0.936821,0.631804,0.122440,0.835458,0.599529
ZEB1|ZEB1|0.302600,0.628493
JUNB|EGR1,TEAD1,PROX1|0.476440,0.630586,0.276271,0.036598,0.860258,0.855486,0.943877,0.447034
TFDP1|TFDP1|0.119660,0.881671
RORA_RORB|ASCL1,FOXO3,GRHL2,NFIA,LMX1B|0.113373,0.140698,0.011468,0.152645,0.150309,0.244244,0.046800,0.169599,0.229448,0.356036,0.012068,0.206603,0.283873,0.569674,0.313599,0.297916,0.350530,0.562109,0.826536,0.952284,0.903287,0.966687,0.948757,0.995450,0.853342,0.946225,0.958215,0.994072,0.992890,0.998036,0.745577,0.996927
ASCL1|SIX1,RORA_RORB,EGR1,JUN,JUND,HES1|0.061205,0.035517,0.150115,0.250584,0.145320,0.019878,0.035529,0.011562,0.290997,0.379951,0.502048,0.476061,0.392062,0.287070,0.401708,0.081091,0.101311,0.181330,0.493684,0.427132,0.192722,0.165430,0.434018,0.283696,0.333335,0.424952,0.520369,0.533853,0.569510,0.475163,0.673533,0.300131,0.165570,0.221510,0.471711,0.402921,0.249767,0.156065,0.309833,0.181607,0.520028,0.596167,0.593535,0.614390,0.593861,0.524616,0.735285,0.230296,0.831808,0.981069,0.986164,0.633953,0.394088,0.484811,0.574564,0.466067,0.978277,0.996845,0.999892,0.999614,0.866336,0.783058,0.991007,0.730460
NFIX|NFATC2,RORA_RORB,HSF2,RUNX1,STAT1|0.611195,0.770723,0.863954,0.998130,0.526821,0.576085,0.604658,0.995805,0.578609,0.596281,0.670895,0.993916,0.410528,0.308065,0.363237,0.744117,0.546328,0.550099,0.560095,0.768582,0.488541,0.474891,0.466076,0.602114,0.467536,0.327532,0.439502,0.377930,0.161542,0.105843,0.147209,0.109615
TEAD1|NFIB,TCF4,EHF,PBX1,RUNX1,EGR1|0.000914,0.007498,0.000993,0.017065,0.003897,0.029832,0.006722,0.051590,0.009993,0.030055,0.008636,0.048873,0.042669,0.089581,0.067010,0.170342,0.228886,0.262278,0.261452,0.343498,0.277810,0.314631,0.316349,0.393277,0.415784,0.272474,0.366919,0.389030,0.402983,0.385925,0.444946,0.553045,0.325805,0.252242,0.241186,0.361789,0.427028,0.283817,0.362355,0.354395,0.463912,0.291782,0.350706,0.443532,0.476687,0.366989,0.622882,0.705348,0.988384,0.974607,0.970640,0.972882,0.940585,0.968872,0.925199,0.974875,0.987930,0.981055,0.969310,0.979431,0.936284,0.984932,0.991150,0.990047
SIX4|TEAD1,SIX1,NFIX,NFYC,LMX1B,RUNX1,TCF7L1,REST|0.186262,0.264330,0.260449,0.331415,0.293888,0.412315,0.381041,0.426638,0.226837,0.276734,0.344327,0.401799,0.316627,0.431951,0.438214,0.524002,0.271421,0.363428,0.409319,0.480417,0.440273,0.558634,0.507489,0.542958,0.318301,0.387402,0.466322,0.542514,0.456534,0.579443,0.529505,0.614988,0.144903,0.184904,0.222760,0.260517,0.200443,0.073583,0.288402,0.015096,0.188357,0.230604,0.312739,0.389457,0.242651,0.282037,0.373931,0.269373,0.219676,0.239402,0.390737,0.277406,0.324793,0.058983,0.448738,0.014197,0.281867,0.368852,0.479440,0.592785,0.377604,0.397129,0.503631,0.310065,0.253417,0.291905,0.398925,0.468696,0.406751,0.515146,0.551288,0.651909,0.417143,0.398788,0.588003,0.592956,0.565447,0.580364,0.701487,0.721376,0.485039,0.508753,0.616362,0.825887,0.683298,0.753425,0.758853,0.918425,0.741872,0.656512,0.814811,0.830280,0.856937,0.805381,0.873530,0.903896,0.185597,0.210199,0.318441,0.402979,0.277526,0.246046,0.434464,0.149785,0.301261,0.313232,0.482139,0.550669,0.404103,0.429252,0.572338,0.603725,0.353463,0.398816,0.549615,0.751947,0.510783,0.394418,0.600245,0.295411,0.545891,0.560592,0.703967,0.816532,0.673538,0.659919,0.722699,0.807267,0.585471,0.684428,0.552313,0.597743,0.649374,0.799195,0.567819,0.661271,0.631930,0.681569,0.612816,0.637038,0.644048,0.754034,0.588664,0.658153,0.541955,0.613420,0.520264,0.549666,0.590463,0.735589,0.535873,0.602832,0.560504,0.602834,0.543330,0.567382,0.582946,0.681944,0.544300,0.598846,0.534820,0.587344,0.532959,0.570334,0.557827,0.392935,0.529304,0.081111,0.586809,0.628450,0.594424,0.647062,0.570901,0.633265,0.552803,0.480661,0.517856,0.556241,0.517149,0.558672,0.529039,0.348302,0.514501,0.221255,0.538175,0.585176,0.547625,0.622709,0.532349,0.585306,0.525405,0.351003,0.969032,0.866727,0.992475,0.910636,0.963038,0.918196,0.980983,0.907831,0.995081,0.964940,0.995726,0.963562,0.994793,0.968968,0.995008,0.968255,0.987208,0.926610,0.996853,0.980025,0.988894,0.965358,0.993904,0.972615,0.999187,0.988525,0.998940,0.988344,0.999155,0.991845,0.999107,0.992197,0.860182,0.725574,0.947379,0.779744,0.853363,0.768770,0.906776,0.452122,0.958076,0.864586,0.964051,0.868586,0.961723,0.906170,0.965032,0.871987,0.943132,0.890477,0.989889,0.983122,0.930000,0.820355,0.965918,0.439657,0.986439,0.934097,0.990443,0.968917,0.987808,0.948897,0.993948,0.890885
TCF7L1|NFIB,NFIA,EHF,REST,RUNX1,ASCL1|0.153438,0.214650,0.157786,0.245321,0.156913,0.217859,0.266958,0.263436,0.320136,0.416977,0.250121,0.356187,0.355091,0.520131,0.420327,0.452375,0.275226,0.331762,0.353910,0.372755,0.469589,0.357790,0.696454,0.486739,0.506349,0.493506,0.467529,0.438099,0.583459,0.628903,0.827586,0.656280,0.425246,0.537603,0.475794,0.505269,0.429255,0.480367,0.490361,0.463373,0.503588,0.471344,0.496043,0.471460,0.539169,0.520284,0.575898,0.499420,0.499006,0.585325,0.499723,0.527001,0.499438,0.532487,0.654439,0.503440,0.502120,0.540414,0.501389,0.518376,0.520014,0.712187,0.993124,0.916461
NR6A1|NR6A1|0.190851,0.828692
LMX1B|MEIS2,JUND,ASCL1,EGR1|0.225788,0.476370,0.376310,0.448027,0.012576,0.037875,0.049366,0.318268,0.507106,0.626795,0.627092,0.756868,0.523362,0.654053,0.832965,0.930484
ESR1|ESR1|0.325638,0.698438
FOS|JUN,RORA_RORB,TEAD1,EGR1,RUNX1,ASCL1,REST,TFDP1|0.448293,0.451857,0.318235,0.309254,0.658566,0.532992,0.589211,0.496417,0.322464,0.346652,0.450290,0.250846,0.548389,0.483749,0.454034,0.406399,0.687685,0.525240,0.592358,0.444510,0.743037,0.583626,0.701775,0.546945,0.548511,0.448227,0.424394,0.343748,0.603717,0.505525,0.560821,0.468723,0.480238,0.487915,0.418129,0.453907,0.496572,0.444614,0.489649,0.469419,0.463052,0.469331,0.124973,0.048414,0.491682,0.461226,0.067103,0.036121,0.495144,0.489282,0.480647,0.467646,0.498331,0.443417,0.494586,0.467043,0.488190,0.476333,0.464110,0.431766,0.487671,0.434969,0.449178,0.397275,0.351253,0.320033,0.187437,0.148651,0.466180,0.276551,0.374247,0.270609,0.216978,0.199214,0.103241,0.062719,0.316745,0.133960,0.210497,0.144987,0.486552,0.374785,0.334078,0.236871,0.528925,0.395996,0.484348,0.386769,0.360535,0.269195,0.188221,0.127719,0.397015,0.306250,0.332686,0.259899,0.451539,0.434465,0.325150,0.298315,0.301757,0.003256,0.330548,0.012132,0.384781,0.340491,0.062535,0.028733,0.211881,0.005819,0.045567,0.020451,0.464276,0.406588,0.390799,0.290178,0.291497,0.147516,0.335441,0.151272,0.416944,0.309192,0.293074,0.177788,0.217748,0.141161,0.206450,0.131648,0.783467,0.768257,0.692255,0.689267,0.888378,0.784491,0.865021,0.757476,0.683158,0.631699,0.905811,0.850102,0.824357,0.657769,0.797136,0.695677,0.923804,0.889757,0.916628,0.878104,0.960216,0.945409,0.951923,0.935482,0.865618,0.765981,0.930547,0.823404,0.917986,0.875198,0.911320,0.882518,0.517903,0.499347,0.498094,0.490376,0.516765,0.497112,0.514040,0.500221,0.495957,0.494138,0.875503,0.689919,0.503469,0.497633,0.531264,0.454472,0.573116,0.552204,0.649207,0.590833,0.681832,0.748418,0.732354,0.776332,0.518358,0.508866,0.980793,0.956828,0.570006,0.618972,0.906725,0.884795,0.695524,0.567373,0.532929,0.421201,0.798177,0.606331,0.749775,0.534200,0.529557,0.426761,0.497960,0.334235,0.665066,0.509502,0.624815,0.443322,0.838948,0.753653,0.777571,0.629948,0.939603,0.915009,0.909954,0.807532,0.677128,0.564141,0.592769,0.434727,0.856239,0.826905,0.784473,0.575698,0.490383,0.486512,0.445487,0.445579,0.498330,0.402195,0.484567,0.402848,0.476246,0.467947,0.595226,0.484464,0.486399,0.423127,0.432264,0.353367,0.523957,0.520737,0.531130,0.495727,0.790719,0.782171,0.752680,0.705561,0.479420,0.444328,0.945556,0.912944,0.689695,0.736781,0.835495,0.693804
JUN|TCF4,FOS,JUNB,EGR1,EHF,RUNX1|0.402421,0.379099,0.375331,0.448566,0.672202,0.608034,0.572761,0.517476,0.666861,0.612247,0.708180,0.716353,0.844625,0.781536,0.926169,0.932363,0.685546,0.773194,0.701479,0.954474,0.875417,0.834879,0.821892,0.919569,0.870461,0.869444,0.950907,0.985829,0.967721,0.958362,0.993959,0.996004,0.004634,0.010113,0.010616,0.052838,0.007739,0.010003,0.018152,0.024504,0.249885,0.218966,0.275127,0.392612,0.066675,0.060467,0.061859,0.090736,0.446877,0.423772,0.465236,0.639040,0.211386,0.179766,0.175049,0.267285,0.597322,0.510631,0.546344,0.877703,0.482436,0.396973,0.417212,0.733738
NCAM1|TFDP1,MEIS2,EGR1,NFIX,NFIA,NFYC,RUNX1|0.263896,0.229976,0.287678,0.311051,0.373250,0.247131,0.499265,0.482100,0.260967,0.118911,0.264743,0.106752,0.203065,0.008113,0.095548,0.013642,0.452832,0.468353,0.537837,0.609482,0.523989,0.607639,0.565401,0.722734,0.405610,0.378272,0.459140,0.480719,0.416641,0.069618,0.519423,0.032443,0.446020,0.441041,0.475658,0.523703,0.503545,0.537189,0.550085,0.589682,0.428188,0.418189,0.439080,0.459477,0.446134,0.481480,0.499465,0.519691,0.669052,0.694459,0.795829,0.866878,0.781581,0.818869,0.911959,0.937508,0.600178,0.601180,0.653442,0.677247,0.592777,0.613102,0.710584,0.729183,0.623290,0.536628,0.905605,0.807958,0.945964,0.857719,0.982940,0.973973,0.442234,0.394541,0.817115,0.671673,0.793382,0.097447,0.989009,0.078256,0.761036,0.717460,0.921646,0.893331,0.949718,0.927002,0.988271,0.989066,0.622009,0.640483,0.851360,0.835013,0.791405,0.418694,0.989194,0.284650,0.768936,0.842814,0.967756,0.971318,0.905257,0.899833,0.954651,0.966412,0.574647,0.640658,0.820189,0.851057,0.693871,0.700184,0.824442,0.840106,0.944628,0.963609,0.995823,0.996562,0.995137,0.995338,0.999143,0.999571,0.841980,0.874801,0.956583,0.972780,0.943191,0.968737,0.987862,0.991998
ZBTB20|CREB1,JUND,JUN,TBX15,ETS1,NFIA,FOS|0.001338,0.004883,0.061498,0.021330,0.015043,0.106718,0.226079,0.372821,0.018439,0.023919,0.281167,0.207492,0.068089,0.233725,0.363266,0.488723,0.001367,0.001787,0.014077,0.001645,0.017283,0.030902,0.148835,0.053437,0.007826,0.013693,0.124935,0.033013,0.041598,0.101357,0.207305,0.176555,0.334866,0.115833,0.086054,0.023246,0.498107,0.497218,0.525350,0.439652,0.524584,0.448161,0.172142,0.112202,0.614704,0.611292,0.610517,0.548005,0.145486,0.008603,0.047245,0.028827,0.426374,0.176654,0.317292,0.153013,0.357196,0.186128,0.249955,0.072655,0.048971,0.276949,0.204654,0.256841,0.422030,0.400270,0.580615,0.451983,0.705533,0.598500,0.968767,0.545135,0.912567,0.809663,0.950819,0.784018,0.981308,0.943914,0.997292,0.950595,0.241965,0.126676,0.375341,0.136472,0.294181,0.336263,0.496192,0.338944,0.458140,0.425383,0.553994,0.458508,0.509403,0.690678,0.741529,0.687832,0.664942,0.568032,0.972912,0.821957,0.893045,0.681959,0.998404,0.942762,0.990774,0.966633,0.982832,0.952541,0.999672,0.997622,0.999386,0.998286,0.504025,0.371181,0.886077,0.756745,0.517432,0.523441,0.968511,0.928855,0.796290,0.876929,0.919597,0.913211,0.663576,0.956715,0.931175,0.980149
CREB1|CREB1|0.033581,0.967675
TBX15|SIX1,NFATC2,NFIX,GRHL2,NFIA,ESR1|0.372328,0.383629,0.416226,0.356449,0.485818,0.495779,0.491785,0.438993,0.307439,0.224181,0.079174,0.069316,0.299583,0.228233,0.151567,0.221620,0.444262,0.453966,0.537714,0.529746,0.563186,0.554384,0.530304,0.514676,0.418552,0.417654,0.446124,0.380333,0.521843,0.503062,0.478534,0.402342,0.546994,0.695134,0.896568,0.935816,0.927595,0.955705,0.972356,0.940536,0.447339,0.497331,0.395239,0.367691,0.743369,0.789582,0.704462,0.449499,0.784385,0.907943,0.982234,0.988340,0.985608,0.990194,0.994471,0.993928,0.587771,0.708288,0.904496,0.929262,0.941701,0.962729,0.977355,0.967017
ICAM1|MEIS2,RUNX1,NFIA,RORA_RORB,STAT1,EGR1|0.201076,0.222203,0.391783,0.421838,0.330198,0.472303,0.320692,0.420686,0.626026,0.347287,0.801592,0.519598,0.226016,0.340466,0.258814,0.370358,0.446503,0.404528,0.955951,0.728907,0.512134,0.651881,0.453726,0.600039,0.964420,0.794152,0.994582,0.995513,0.784218,0.706335,0.975598,0.905324,0.132061,0.176286,0.281385,0.290279,0.225464,0.389918,0.343167,0.453289,0.243287,0.251477,0.493107,0.454176,0.367333,0.505311,0.375730,0.500925,0.152138,0.213882,0.404622,0.407070,0.324290,0.462138,0.374269,0.488382,0.363198,0.348125,0.498552,0.512533,0.442770,0.553030,0.473342,0.579448
RUNX1|TCF7L2,STAT1,JUND,TEAD1,FOS,NFIB,PBX1|0.350552,0.508696,0.487946,0.528287,0.202773,0.250561,0.328585,0.346967,0.564171,0.724685,0.419762,0.600222,0.316846,0.367222,0.393872,0.417824,0.714292,0.683795,0.507085,0.499178,0.555413,0.427521,0.407551,0.414286,0.517222,0.524565,0.483184,0.520314,0.410295,0.407205,0.456551,0.462719,0.483518,0.564804,0.517138,0.554641,0.374225,0.395267,0.449609,0.438611,0.513189,0.648047,0.311026,0.546746,0.447226,0.460026,0.413833,0.438760,0.721912,0.714818,0.536582,0.518106,0.768558,0.681173,0.495249,0.487142,0.517828,0.520817,0.449897,0.517958,0.485272,0.488154,0.460195,0.469032,0.412696,0.497868,0.523441,0.537726,0.348976,0.346684,0.409067,0.417685,0.553518,0.714667,0.499864,0.621371,0.363463,0.430413,0.422176,0.443328,0.777169,0.770405,0.603279,0.564160,0.915400,0.833815,0.553695,0.517700,0.549316,0.557921,0.538490,0.623896,0.483302,0.507542,0.494785,0.502348,0.929032,0.936617,0.608810,0.704284,0.970630,0.962376,0.712149,0.772549,0.545936,0.695659,0.377197,0.606508,0.607960,0.775309,0.465434,0.510603,0.895216,0.966703,0.693927,0.838859,0.995599,0.997770,0.948700,0.988096,0.608934,0.815207,0.614203,0.886296,0.873159,0.981821,0.775750,0.924380
KMT2A|JUND,STAT1,EGR1,NFATC2,JUN,LMX1B,EHF|0.677878,0.721473,0.777409,0.822567,0.583334,0.363276,0.800440,0.875823,0.764263,0.864781,0.740985,0.751621,0.794471,0.903973,0.837164,0.932549,0.673725,0.717389,0.678376,0.723339,0.890681,0.965861,0.923967,0.986174,0.611769,0.741126,0.562797,0.606562,0.904165,0.968387,0.929368,0.967630,0.121482,0.179106,0.351311,0.457069,0.025880,0.018871,0.460345,0.249300,0.226602,0.486628,0.423376,0.550024,0.582471,0.422028,0.673285,0.547622,0.324161,0.445402,0.447013,0.527686,0.724979,0.720654,0.840224,0.868822,0.397677,0.495587,0.494860,0.542054,0.797774,0.763341,0.866475,0.815711,0.009903,0.041887,0.435177,0.474387,0.016843,0.035428,0.447835,0.424290,0.440424,0.478069,0.448253,0.496182,0.534569,0.510477,0.613353,0.577537,0.428791,0.469258,0.467141,0.497318,0.579286,0.622129,0.669255,0.863692,0.464801,0.481710,0.490199,0.507820,0.634465,0.710115,0.582822,0.528276,0.028660,0.003107,0.458777,0.178078,0.005354,0.005208,0.286940,0.080962,0.462828,0.336584,0.490387,0.502207,0.447739,0.299537,0.499524,0.496917,0.448010,0.271664,0.496593,0.470848,0.392262,0.033584,0.493830,0.585388,0.498390,0.474506,0.530694,0.541553,0.518573,0.644009,0.503309,0.505807
BACH2|ASCL1,TEAD1,NFIB|0.509937,0.787518,0.822429,0.870260,0.481518,0.436693,0.633187,0.534163
REST|ASCL1,HES1,SOX9|0.570242,0.756833,0.805351,0.991186,0.265199,0.223237,0.164501,0.449222
THRB|SIX1|0.280629,0.652802
JUND|JUND|0.137931,0.856614
NFATC2|MEIS2,ASCL1,JUN|0.191595,0.114185,0.301677,0.264811,0.510069,0.493436,0.907121,0.703780
ETS1|TCF4,FOS,NFIX,BACH2|0.163433,0.389042,0.089277,0.223626,0.065108,0.152313,0.038191,0.099349,0.911354,0.951039,0.816504,0.832516,0.851780,0.844168,0.591187,0.554372
RBPJ|RBPJ|0.092313,0.914749
NFKB1|NFIB,ASCL1,EHF,RUNX1|0.078124,0.083053,0.182588,0.245912,0.135007,0.180246,0.314267,0.466537,0.314730,0.292713,0.382388,0.924111,0.751826,0.752343,0.745202,0.855251
FOXO3|RORA_RORB,SOX9,MEIS2,FOS|0.167395,0.064769,0.070010,0.032222,0.643396,0.533515,0.121290,0.039671,0.564643,0.130913,0.614270,0.263534,0.818231,0.797335,0.618720,0.376287
STAT1|STAT1|0.188633,0.791002
PKNOX2|RBPJ,REST,STAT1,TCF7L2,TCF7L1|0.441421,0.516301,0.449166,0.521123,0.649371,0.713184,0.618647,0.666094,0.384678,0.497892,0.394862,0.427326,0.544882,0.526156,0.329386,0.333658,0.852453,0.895813,0.843537,0.879859,0.919370,0.945047,0.909083,0.928430,0.534020,0.744466,0.553836,0.606865,0.876975,0.918044,0.727313,0.420168
HSF2|TCF4,TFDP1,EGR1,ZEB1,TEAD1,NFYC|0.160439,0.098547,0.212610,0.211319,0.256889,0.255643,0.428619,0.297983,0.315015,0.295366,0.365163,0.309804,0.349216,0.366146,0.609351,0.501666,0.362749,0.295775,0.452593,0.320337,0.446453,0.556915,0.694314,0.468424,0.549389,0.583500,0.641801,0.476054,0.577715,0.715915,0.752841,0.769571,0.518252,0.411079,0.468927,0.404717,0.616657,0.624690,0.586867,0.460382,0.693599,0.692220,0.753000,0.530441,0.654706,0.623904,0.874974,0.864200,0.763914,0.715819,0.938604,0.600667,0.782056,0.782232,0.907906,0.655862,0.850783,0.889862,0.986220,0.950100,0.810628,0.827897,0.983743,0.988862
TCF4|TCF4|0.028856,0.971337
CUX2|MEIS2,NFIB,RORA_RORB,TFDP1,RUNX1,EHF,JUND|0.279176,0.130812,0.321315,0.433904,0.143004,0.017683,0.079955,0.040184,0.417864,0.484165,0.435460,0.439435,0.359616,0.247499,0.286964,0.132692,0.302014,0.462283,0.243381,0.341157,0.259394,0.263065,0.187607,0.141840,0.501663,0.510014,0.316230,0.131976,0.460782,0.501737,0.259517,0.105272,0.482258,0.498033,0.531032,0.503457,0.364045,0.295216,0.153683,0.108045,0.543387,0.501908,0.590305,0.523358,0.517628,0.492144,0.481667,0.198745,0.513023,0.500677,0.531819,0.511361,0.464542,0.495167,0.407192,0.159755,0.991997,0.875856,0.955967,0.914461,0.952949,0.860466,0.584192,0.285174,0.520627,0.596811,0.802691,0.814447,0.509727,0.567637,0.751656,0.683087,0.742281,0.680002,0.846109,0.760988,0.725143,0.585547,0.749155,0.617316,0.636109,0.771047,0.778299,0.762008,0.625703,0.710715,0.652883,0.640344,0.844438,0.843347,0.812977,0.807589,0.808566,0.811278,0.681109,0.733689,0.605293,0.513600,0.649730,0.543611,0.545383,0.507136,0.557009,0.513738,0.715161,0.556629,0.699965,0.577500,0.613782,0.540817,0.583970,0.536493,0.771899,0.863672,0.744304,0.859640,0.750878,0.856164,0.692189,0.845177,0.970431,0.959730,0.923634,0.947870,0.951962,0.954036,0.840372,0.921849
SOX9|SOX9|0.313770,0.758031
BACH1|TEAD1,TCF4,EHF,JUND,RUNX1|0.082274,0.107536,0.154183,0.162530,0.271738,0.248052,0.334894,0.284490,0.254983,0.305560,0.350809,0.389901,0.403883,0.548241,0.449473,0.572606,0.238056,0.321629,0.418350,0.451446,0.508202,0.588731,0.470905,0.668724,0.635808,0.636746,0.677037,0.682480,0.743517,0.768808,0.727266,0.840110
EGR1|MEIS2,RORA_RORB,NFIB,TFDP1,JUND,EHF,RUNX1|0.102265,0.045697,0.271984,0.054931,0.104250,0.005680,0.512243,0.059810,0.250006,0.272286,0.521491,0.384970,0.483221,0.262248,0.674221,0.183400,0.438422,0.358005,0.529839,0.134896,0.502576,0.307994,0.507331,0.254988,0.489756,0.511218,0.553850,0.477091,0.501474,0.497849,0.521959,0.171191,0.177967,0.178138,0.357607,0.325885,0.522344,0.323166,0.759231,0.318866,0.473724,0.523622,0.615688,0.559976,0.531979,0.559785,0.924091,0.884936,0.521969,0.692844,0.526995,0.553353,0.555323,0.635699,0.555049,0.295310,0.460771,0.478439,0.532851,0.631049,0.586739,0.682258,0.671361,0.234528,0.446465,0.417870,0.794899,0.760772,0.719096,0.618661,0.834182,0.700031,0.747595,0.746252,0.902465,0.838500,0.745833,0.616165,0.785224,0.636803,0.605942,0.551297,0.660468,0.565206,0.521833,0.511949,0.547045,0.516156,0.730311,0.623762,0.708872,0.594045,0.566153,0.546387,0.581306,0.540625,0.688672,0.684344,0.864506,0.793647,0.907706,0.809132,0.804135,0.683511,0.932560,0.916103,0.931781,0.885861,0.956875,0.914647,0.873045,0.817481,0.853307,0.828480,0.797989,0.792733,0.943205,0.930116,0.920524,0.930524,0.894479,0.880567,0.898099,0.894927,0.971093,0.972136,0.982771,0.981093
SIX1|TCF4,RORA_RORB,REST,EHF,RUNX1|0.351087,0.321358,0.259193,0.248183,0.305248,0.131723,0.227033,0.067051,0.486570,0.470971,0.424704,0.420367,0.427640,0.380919,0.470236,0.443636,0.674067,0.657088,0.609137,0.587229,0.616105,0.561157,0.582384,0.506734,0.996435,0.997712,0.996442,0.996384,0.975052,0.980164,0.958427,0.666907
EHF|RUNX1,NFIB|0.162458,0.424577,0.602153,0.727490
NFIB|TCF4,STAT1,THRB,ASCL1,TCF7L1,HSF2,ZEB1,PKNOX2|0.001965,0.003650,0.002315,0.003291,0.002197,0.009875,0.003345,0.007676,0.007031,0.009504,0.009702,0.008608,0.017703,0.042142,0.010624,0.017728,0.010693,0.013802,0.007331,0.009932,0.024917,0.036840,0.017420,0.022674,0.053026,0.058776,0.028814,0.028488,0.073097,0.097972,0.048380,0.047176,0.020112,0.024184,0.033461,0.048481,0.046591,0.124152,0.042762,0.091744,0.031069,0.026267,0.104968,0.108527,0.170035,0.277232,0.144922,0.210612,0.143884,0.165204,0.086539,0.091738,0.188093,0.232445,0.102677,0.115590,0.338858,0.348909,0.218947,0.200043,0.346437,0.378407,0.200099,0.193920,0.017682,0.025356,0.079498,0.106362,0.098298,0.180982,0.210320,0.261084,0.056684,0.060737,0.104679,0.113069,0.134179,0.161766,0.187553,0.224525,0.344312,0.357176,0.247155,0.225485,0.369583,0.375824,0.226360,0.205827,0.381300,0.390179,0.291560,0.252226,0.396052,0.399618,0.313255,0.290241,0.062781,0.073847,0.226641,0.288514,0.273616,0.358346,0.409010,0.444876,0.301953,0.290943,0.377316,0.365968,0.584924,0.598204,0.558745,0.541588,0.468842,0.474489,0.451870,0.445847,0.472612,0.476173,0.424271,0.415755,0.796389,0.757732,0.577494,0.536025,0.774870,0.734429,0.533631,0.495933,0.355989,0.402970,0.244460,0.218087,0.146566,0.323211,0.072997,0.179153,0.438042,0.432220,0.282602,0.178720,0.316308,0.423421,0.182481,0.247556,0.354551,0.461556,0.223689,0.293897,0.574719,0.876756,0.460371,0.771627,0.454303,0.578403,0.279420,0.324565,0.685175,0.933086,0.515370,0.807625,0.476540,0.486114,0.448086,0.463503,0.341432,0.452995,0.232835,0.378125,0.888429,0.865506,0.702413,0.688684,0.834303,0.846058,0.574073,0.642075,0.533156,0.683911,0.485688,0.647919,0.877433,0.980353,0.852106,0.970362,0.869367,0.878474,0.705708,0.756372,0.930342,0.990994,0.887893,0.979639,0.485224,0.491631,0.482427,0.475409,0.480075,0.492614,0.437716,0.464889,0.677267,0.643391,0.593945,0.561120,0.659454,0.600399,0.506669,0.500381,0.509154,0.586657,0.464581,0.539938,0.853212,0.976331,0.806584,0.957276,0.610198,0.698059,0.495040,0.572102,0.888648,0.989169,0.831138,0.974982,0.573915,0.540987,0.507952,0.503385,0.552432,0.530755,0.487893,0.495386,0.991976,0.986329,0.979829,0.970465,0.996319,0.991686,0.975423,0.960410,0.597119,0.729213,0.581006,0.748102,0.965591,0.996386,0.967222,0.994857,0.995092,0.991643,0.965806,0.955581,0.995675,0.998851,0.980245,0.997413
NFYC|NFYC|0.234487,0.759891
PBX1|EHF,ASCL1,RUNX1,NFIB|0.257860,0.408377,0.248592,0.391238,0.367310,0.437480,0.457643,0.504183,0.484256,0.476378,0.510285,0.917238,0.608575,0.535613,0.728113,0.735985
NFIA|NFIB,STAT1,MEIS2,EHF,TCF4,NFIX,RUNX1|0.008580,0.016764,0.024973,0.375038,0.226520,0.241992,0.268063,0.339260,0.029405,0.044753,0.066720,0.561898,0.135512,0.116914,0.241152,0.253964,0.011742,0.019091,0.012265,0.020285,0.086579,0.130631,0.087344,0.147813,0.067552,0.077933,0.094946,0.110900,0.168504,0.175539,0.210635,0.239357,0.239271,0.393157,0.419930,0.817333,0.455247,0.451214,0.467494,0.525093,0.255447,0.412765,0.419963,0.928241,0.415635,0.376266,0.455327,0.793819,0.117686,0.241231,0.126953,0.256675,0.217015,0.278249,0.281879,0.348462,0.328901,0.380264,0.243742,0.351016,0.333699,0.346992,0.353567,0.398200,0.415517,0.451376,0.399501,0.517113,0.344118,0.366927,0.374474,0.427059,0.417780,0.421711,0.419260,0.769573,0.724406,0.676306,0.864755,0.926689,0.194332,0.324630,0.222677,0.356185,0.395805,0.431364,0.349414,0.406400,0.410326,0.447359,0.351435,0.430414,0.526521,0.576843,0.510077,0.572536,0.496611,0.497914,0.496755,0.685500,0.513632,0.473044,0.529456,0.511371,0.431115,0.427891,0.473286,0.994962,0.824831,0.845028,0.911882,0.996896,0.452647,0.478593,0.469232,0.485889,0.480743,0.485323,0.477807,0.480541,0.490498,0.493697,0.484546,0.492795,0.572724,0.639070,0.594258,0.644539
SMAD3|ASCL1,EHF,REST,RUNX1,PBX1|0.338063,0.470077,0.404571,0.563155,0.421027,0.557822,0.802884,0.793903,0.591128,0.776917,0.645650,0.875290,0.664898,0.828092,0.960769,0.989750,0.228853,0.309647,0.247976,0.321140,0.307488,0.422122,0.354676,0.474129,0.315025,0.364311,0.343593,0.485636,0.476204,0.571517,0.671249,0.916266
EPCAM|TCF4,JUN,NR6A1,FOS,HES1,STAT1|0.040980,0.198941,0.083943,0.290149,0.008436,0.131060,0.011616,0.033053,0.107308,0.406072,0.238140,0.627191,0.040973,0.371667,0.068680,0.189197,0.028736,0.097211,0.222173,0.105339,0.048034,0.051489,0.076379,0.018140,0.061970,0.301324,0.561612,0.512089,0.024617,0.090453,0.087411,0.051244,0.830406,0.967222,0.970659,0.983722,0.732199,0.821580,0.853314,0.828520,0.985139,0.998203,0.994575,0.989378,0.959853,0.986010,0.984391,0.974448,0.511330,0.616480,0.788446,0.870023,0.470176,0.516784,0.669662,0.589066,0.757960,0.882911,0.913898,0.919598,0.589479,0.807388,0.876121,0.756630
SOX11|CREB1,SMAD3,JUN,BACH1|0.159446,0.283613,0.212322,0.330752,0.270301,0.487229,0.248546,0.353908,0.986153,0.991048,0.737102,0.883987,0.873810,0.757396,0.525781,0.473465
STAT2|NFIA,TEAD1,TCF7L1,NFIB,RUNX1|0.157164,0.256126,0.354513,0.362447,0.357095,0.495309,0.481084,0.457008,0.604042,0.666072,0.435676,0.437109,0.707741,0.717328,0.514841,0.487760,0.424540,0.656203,0.367610,0.566488,0.610589,0.809947,0.475030,0.940785,0.570119,0.731061,0.482486,0.512152,0.680858,0.963517,0.648858,0.784314
PROX1|NFATC2,RBPJ|0.177536,0.331064,0.498492,0.986182
HES1|JUND,RUNX1,NFIB,ASCL1,RORA_RORB|0.099396,0.132278,0.084398,0.138408,0.307879,0.420529,0.278603,0.550109,0.521302,0.186905,0.139236,0.248298,0.815665,0.498932,0.451893,0.569324,0.573849,0.762722,0.185035,0.358860,0.492048,0.512445,0.439861,0.501361,0.961434,0.929675,0.560416,0.602861,0.999029,0.999275,0.996669,0.625640