CellID,ASCL1,BACH1,BACH2,CREB1,CUX2,EGR1,EHF,EPCAM,ESR1,ETS1,FOS,FOXO3,GRHL2,HES1,HSF2,ICAM1,JUN,JUNB,JUND,KMT2A,LMX1B,MEIS2,NCAM1,NFATC2,NFIA,NFIB,NFIX,NFKB1,NFYC,NR6A1,PBX1,PKNOX2,PROX1,RBPJ,REST,RORA_RORB,RUNX1,SIX1,SIX4,SMAD3,SOX11,SOX9,STAT1,STAT2,TBX15,TCF4,TCF7L1,TCF7L2,TEAD1,TFDP1,THRB,ZBTB20,ZEB1
gex_possorted_bam_SJSO3:AAAGCCGCACCCACCTx-M1,0.12788426565581854,0.0,0.332298495500816,0.0382260321219416,0.706862214052355,0.5851650175244422,0.0,0.010502417998198664,0.0,0.12149607610751655,0.9092265559891325,0.0,0.0,0.0,0.19453156358058427,0.0,1.0,1.0,0.0,1.0,0.929602201238555,0.9461052788217379,0.26802006181381566,0.8513667856506166,0.0,0.0,0.34495859038109833,0.0,0.0,0.16946591165153907,0.5243965928782762,0.1654288303565318,0.2504375720519378,0.0,0.178146312822431,0.14259018701252527,0.0,0.03180603440775158,0.14280905061743396,0.12438418192570984,0.0,0.0,0.0,0.0,0.2875858241944205,0.10073292469161495,0.0,0.00297702150491777,0.017453688374231335,0.22206233588967828,0.0,0.039578300619820164,1.0
gex_possorted_bam_SJSO3:AAACGTACAGGACCAAx-M1,0.0,0.04372469637324501,0.66918810833855,0.0,0.0,0.0,1.0,0.0,1.0,0.0,1.0,0.6183900402578513,0.41072631095031714,1.0,0.0,1.0,1.0,0.5506348880650411,0.9579325161166414,0.0,0.0,0.0,0.0,0.0,1.0,0.09115302322794401,1.0,0.07297068084923544,0.1091449817521268,0.0,0.2096410389710982,0.019867376073306214,0.0,0.0,1.0,0.0,1.0,0.0,0.0,1.0,0.0,1.0,1.0,1.0,0.0,0.0,1.0,1.0,0.000281393592173339,0.0,0.2764603770639128,0.018596585165508363,0.0
gex_possorted_bam_SJSO3:AAAGGACGTAACGAGGx-M1,0.07977626359862867,0.0,0.06620406222843979,0.0038510905275224282,0.43370072365197215,0.5164679658927647,0.0,0.024997575464780854,0.0,0.012776395067945473,1.0,0.0,0.0,0.0,0.01673884371780842,0.0,1.0,1.0,0.0,1.0,0.8065472930011454,0.7469423709529693,0.23269624271784142,0.656756160005129,0.0,0.0,0.346031745094353,0.0,0.0,0.11056043441812406,0.0,0.0,0.18844009346588186,0.0,0.2359058759140875,0.059169658318618756,0.0,0.12307133045153859,0.10532951662451577,0.06963770384363442,0.11941226480326422,0.0,0.0,0.0,0.1300640043270037,0.0,0.0,0.2731606899091869,0.0,0.038789143599588016,0.0,0.0,0.450309861216621
gex_possorted_bam_SJSO3:AAACATGCAATGAAGCx-M1,0.0798141349603015,0.0,0.2962993144750255,0.014225661763426416,0.3740868207007299,0.5290570199652779,0.0,0.07989779822683625,0.0,0.15198199472726778,0.7797032727628732,0.0,0.0,0.0,0.15276873052207074,0.0,0.7382440765244136,0.8339907140521465,0.0,1.0,0.7908440056773345,0.8885260240407316,0.1850536541498464,0.8829814032193187,0.0,0.0,0.2664429743913046,0.0,0.0,0.04009696338349552,0.9280321129534461,0.17298155097770293,0.2244453586932016,0.0,0.1535302008772199,0.15142240102369173,0.0,0.021226426783900965,0.10733990054572848,0.2408628052645966,0.0,0.0,0.0,0.0,0.2091224672794362,0.11094395214435686,0.0,0.0,0.051411325390066896,0.15029407498262717,0.0,0.0511407709031177,1.0
gex_possorted_bam_SJSO3:AAACCGGCACCTCACCx-M1,0.0,0.9033112256064836,1.0,0.077643434976409,0.0,0.32241065027620613,1.0,0.24456871893903287,0.0,0.668231153263818,0.0,1.0,0.0,0.11113634489500325,0.579334761369065,0.7181410278236392,0.8225787727862838,0.0,0.0,1.0,0.32750677523983207,0.18606806673982798,0.07884183154380889,0.4844440283168165,0.0,0.0,0.3132277725152005,0.37887815305689365,0.07855964539124706,0.012025489777548734,1.0,0.0,0.12231038230676551,0.2938872231713567,0.7939033139950432,0.26967711016743606,0.6228092439863402,0.0,0.3488952856319285,1.0,0.31548446784822093,1.0,0.0,0.6878952653145464,0.06913438545673187,0.08266658358789541,0.0,0.24770581500598252,0.24059914862728948,0.23076860486467685,0.0,0.0,0.6071631560899741
gex_possorted_bam_SJSO3:AAAGCACCAACAGGATx-M1,0.0,0.0,0.12132261774411125,0.0,0.0,0.0,0.0,0.0,0.0,0.0,0.34574956103941823,0.0,0.0,0.0,0.0,0.0,0.3809175098536825,0.0,0.0,0.9464170431553424,0.28509859194519804,0.38928346585231455,0.013258915951316747,0.42785574371577095,0.0,0.0,0.5265106136779826,0.0,0.0,0.0,0.33037298470964094,0.0,0.02004839769572946,0.0,0.4831915384183158,0.0,0.14627871268582682,0.0,0.0,0.45922472245963286,0.0,0.007252342491042529,0.0,0.0,0.0,0.0,0.0,0.26516194418956196,0.0,0.0,0.0,0.0,0.5689381551457584
gex_possorted_bam_SJSO3:AAAGGACGTTACGCGGx-M1,0.0,0.0,0.9020512679669859,0.0,0.0,0.0,1.0,0.0,0.976588496462196,0.0,0.9667921303113068,0.8054070934866256,0.06333781667756146,1.0,0.0,1.0,1.0,0.0,0.6299139328610817,0.0,0.0,0.0,0.0,0.0,1.0,0.05269539472801213,1.0,0.2265065252531233,0.0,0.0,0.0,0.0,0.0,0.0,1.0,0.0,1.0,0.0,0.0,1.0,0.01547466874559453,1.0,1.0,1.0,0.0,0.0,0.985804844928145,1.0,0.0,0.0,0.37787933875566715,0.0,0.0
gex_possorted_bam_SJSO3:AAACGCGCAACACCTAx-M1,0.0,0.033111889306691594,0.5844793802086479,0.0,0.2020264061671608,0.3358302120548529,0.0,0.011051703955642053,0.0,0.19529710519445445,0.5725663999093551,0.0,0.0,0.0,0.17627216764681128,0.0,0.7836019253347539,0.5433668129797605,0.0,1.0,0.6618091434798037,0.7214510589099944,0.11035540878439777,0.7617110447907556,0.0,0.0,0.3127762628825298,0.0,0.0,0.0,0.9000680188899516,0.0,0.15456268233361672,0.0,0.24721614278574647,0.10187827609320577,0.0,0.0,0.0830463575701422,0.37066288599754776,0.0,0.0,0.0,0.0,0.11372350882487674,0.029133004807083727,0.0,0.00505848291510804,0.0,0.07553169792415809,0.0,0.0,1.0
gex_possorted_bam_SJSO3:AAACCAACATTAGCGCx-M1,0.06914419831320909,0.0,0.21319813307822483,0.0,0.4665407064644132,0.5905922932216517,0.0,0.05200759721846529,0.0,0.05314105400182697,0.9876290684555721,0.0,0.0,0.0,0.08474758737433066,0.0,1.0,1.0,0.0,1.0,0.8347224057983543,0.7825595327128256,0.15577261667946762,1.0,0.0,0.0,0.38037323683913493,0.09093301718463496,0.0,0.1881154809807831,0.372898648430377,0.1369464590935193,0.23605837389468703,0.0,0.32045463815776615,0.05869790614265404,0.0,0.00461634235640521,0.11144666147865255,0.25779370121051054,0.0,0.0,0.0,0.0,0.21770515729895995,0.031212837938702775,0.0,0.23458243383863556,0.0,0.08059250866577526,0.0,0.011857013789572754,1.0
gex_possorted_bam_SJSO3:AAACGCGCACTGGCTGx-M1,0.09688526193227824,0.0,0.20264789529218874,0.0,0.5456428998775719,0.5700534288893236,0.0,0.0,0.0,0.0,1.0,0.0,0.0,0.0,0.09814183548032619,0.0,1.0,1.0,0.0,1.0,0.852706724090881,0.9592065243416451,0.2051293238398546,0.8147396179581692,0.0,0.0,0.3153405194074928,0.0,0.0,0.06848098136866974,0.16139796188200556,0.08915080876648737,0.2220234159197622,0.0,0.17403671310621305,0.05472543598693377,0.0,0.036472055820311794,0.06054121635192331,0.024674968522204115,0.0,0.0,0.0,0.0,0.19177246435350048,0.02856191626752751,0.0,0.11317855505768099,0.0,0.05133363511162159,0.0,0.014109704666906253,1.0
gex_possorted_bam_SJSO3:AAACGCGCACCTGCTCx-M1,0.24200148489872136,0.05138909280350623,1.0,0.13755354355117533,0.999116808358008,1.0,0.0,0.2146932110161144,0.0,0.3808108920181657,1.0,0.0,0.12942228761792984,0.0,0.28056224461611956,0.0,1.0,1.0,0.1708812394294366,1.0,1.0,1.0,0.38854428625476556,0.8664942099925222,0.0,0.11064793034289565,0.38384881098829765,0.2544644577408107,0.0,0.3108738234782186,0.7167897589479254,0.5502166758730233,0.43734504139104236,0.0,0.256826387179378,0.26786381300286605,0.0,0.1443675057254935,0.31122050066066115,0.20560716525109196,0.353960234945038,0.0,0.0,0.9561295522976371,0.4787996440236196,0.20827541056018214,0.4506109353084162,0.22387042341757543,0.2380950517654532,0.4870085528407902,0.0,0.13698800293320615,1.0
gex_possorted_bam_SJSO3:AAACGTACATTGTCAGx-M1,0.0,0.0,0.4025435468203784,0.0,0.44879872462075165,0.24276880698037745,0.2655504377652512,0.22986229289801896,0.19234061306176195,0.0,1.0,0.0,0.0,0.03420890621505026,0.0,0.0,1.0,1.0,0.0,1.0,0.5088143209081851,0.5702530865838064,0.06431914038100613,0.3719904595567261,0.0,0.0,0.825470340702603,0.0,0.0,0.0,0.0,0.4734679764518495,0.11571911638149113,0.0,0.44100633512905885,0.0,0.0,0.0,0.0,0.16866227984394255,0.5519472091362095,0.0,0.0,0.1800556635552545,0.0,0.0,0.15657368961274074,0.6556121771843876,0.0,0.0,0.0,0.0,1.0
gex_possorted_bam_SJSO3:AAACCGGCAGATTCATx-M1,0.03759652090214405,0.0,0.4927330659768047,0.0,0.48299981839258077,0.3439530570746184,0.0,0.06298258838412532,0.0,0.0,0.8485061835721586,0.0,0.0,0.0,0.033751633212143924,0.0,1.0,1.0,0.0,1.0,0.7345377407864133,0.825661472714953,0.13695890496205662,0.731651748957058,0.0,0.0,0.41987940695086123,0.0,0.0,0.0,0.22619569391097327,0.12419952265552489,0.20358986640231003,0.0,0.2326489521886076,0.014982845841445358,0.0,0.028428337594480706,0.04282888195328904,0.17904344100246264,0.0,0.0,0.0,0.0,0.20347231645434716,0.0,0.0,0.237837285478046,0.0,0.0,0.0,0.0,1.0
gex_possorted_bam_SJSO3:AAACGCGCATTCAGCAx-M1,0.010942807006901124,0.0,0.0,0.0,0.10185419716693421,0.0,0.0,0.0,0.0,0.0,0.7953542367085098,0.0,0.0,0.0,0.0,0.0,0.6418345584566714,0.7576897340865388,0.0,0.8589884970018019,0.44412549657084593,0.6655048266255118,0.09444399464857478,0.6609367490363681,0.0,0.0,0.4084991941612633,0.0,0.0,0.0,0.0,0.004115259031166861,0.08566690705262828,0.0,0.2471653877319994,0.0,0.0,0.020550984996395037,0.0,0.008789103818229612,0.0,0.0,0.0,0.0,0.01366908343359519,0.0,0.0,0.19990577248483077,0.0,0.0,0.0,0.0,0.6287837262900919
gex_possorted_bam_SJSO3:AAAGCGGGTTAACACGx-M1,0.0,0.0,1.0,0.0,0.0,0.0,0.9966158318233522,0.0,1.0,0.0,1.0,0.4065047432116958,0.399012575932027,1.0,0.0,1.0,1.0,0.0,0.377945304342526,0.0,0.0,0.0,0.0,0.0,1.0,0.09123853410870784,1.0,0.05847357369427234,0.02565277849815073,0.0,0.46260244422799807,0.08398798048915407,0.0,0.0,1.0,0.0,1.0,0.0,0.0,1.0,0.0,1.0,1.0,1.0,0.0,0.0,1.0,1.0,0.0,0.0,0.12198580803016898,0.0,0.0
gex_possorted_bam_SJSO3:AAAGCAAGTGTCCAGGx-M1,0.0,0.8168648325538973,1.0,0.16295395073071692,0.0,0.04228975295711096,1.0,0.0,1.0,0.30315983812819497,1.0,1.0,1.0,1.0,0.0,1.0,1.0,0.547346763440294,1.0,0.0,0.0,0.0,0.0,0.0,1.0,0.2827570196677721,1.0,0.7178001022503193,0.29355422380289664,0.2884300859826568,1.0,0.0,0.0,0.14046893358912857,1.0,0.0,1.0,0.0,0.0,1.0,0.04796396689443295,1.0,1.0,1.0,0.0,0.06125718058866771,1.0,1.0,0.3975952115709459,0.0,0.687592153605458,0.2388169859660903,0.0
gex_possorted_bam_SJSO3:AAAGGACGTGCATTAGx-M1,0.0,0.1792996422106643,1.0,0.034898605763457345,0.0,0.0,1.0,0.0,1.0,0.0,1.0,0.7395420064779198,0.6165501802332399,1.0,0.0,1.0,1.0,0.20006520494134186,0.9538347863811167,0.0,0.0,0.0,0.0,0.0,1.0,0.13967925795140892,1.0,0.3591521504511099,0.16839931640373065,0.11214188754853316,1.0,0.0,0.0,0.018434478986283483,1.0,0.0,1.0,0.0,0.0,1.0,0.0,1.0,1.0,1.0,0.0,0.0,1.0,1.0,0.15996850582082522,0.0,0.3838555825798091,0.09993698141267546,0.0
gex_possorted_bam_SJSO3:AAAGCCCGTCACGAACx-M1,0.0,0.33048320689381244,1.0,0.04933173918769033,0.0,0.0,1.0,0.0,1.0,0.05951502125644371,1.0,1.0,0.5860384245467153,1.0,0.0,1.0,1.0,0.0,0.8830202270087636,0.0,0.0,0.0,0.0,0.0,1.0,0.1580079949388418,1.0,0.4072564113436846,0.18177692453641,0.007964269152151312,1.0,0.0,0.0,0.05036479269813586,1.0,0.0,1.0,0.0,0.0,1.0,0.0,1.0,1.0,1.0,0.0,0.0,1.0,1.0,0.17785454591297364,0.0,0.4121006035505971,0.08144076430784607,0.0
gex_possorted_bam_SJSO3:AAAGGAGCAGGATGGCx-M1,0.0,0.0,0.4267922661001041,0.0,0.0,0.0,0.7882279673104019,0.0,0.9601387646615333,0.0,0.7900400895747627,0.7035607166736124,0.0,0.9887764783913305,0.0,1.0,0.8571065768624966,0.0,0.3669825434142315,0.0,0.0,0.0,0.0,0.0,0.8638430501363716,0.0,1.0,0.08001769582241723,0.0,0.0,0.0,0.0,0.0,0.0,1.0,0.0,1.0,0.0,0.0,1.0,0.010352997768160855,1.0,1.0,1.0,0.0,0.0,0.7004179787269392,1.0,0.0,0.0,0.23593496463801897,0.0,0.0
gex_possorted_bam_SJSO3:AAACATGCAACTGGCTx-M1,0.007501972977016904,0.0,0.4184429373840898,0.0,0.6296917800879848,0.4483307011580247,0.0,0.013584301026239604,0.0,0.0,1.0,0.0,0.0,0.0,0.019692838760382806,0.0,1.0,1.0,0.0,1.0,0.7339129432883214,0.7591292681626196,0.17263418584075893,0.5849966146616273,0.0,0.0,0.5661625396265897,0.0,0.0,0.0,0.0,0.29582290069517314,0.16185082081711907,0.0,0.2458840788510125,0.0,0.0,0.0013719686774992762,0.007747175498159427,0.004734950358413833,0.3100676294054553,0.0,0.0,0.0,0.086938585892643,0.0,0.0,0.40232721852833536,0.0,0.07538630933062028,0.0,0.0,1.0
gex_possorted_bam_SJSO3:AAAGGACGTTGAGGTCx-M1,0.0615201156742483,0.0,0.0,0.0,0.5549105039772726,0.4457905567961124,0.0,0.0,0.0,0.0,1.0,0.0,0.0,0.0,0.0,0.0,1.0,1.0,0.0,1.0,0.7091720686597297,0.8597821237857275,0.2002005233853984,0.7596667028536095,0.0,0.0,0.41772542917893435,0.0,0.0,0.09064161373115205,0.0,0.11393814408228155,0.1566709774501651,0.0,0.15275063177074652,0.0,0.0,0.0710627563369831,0.0,0.0,0.0,0.0,0.0,0.0,0.09620605748897493,0.0,0.0,0.3171426062197164,0.0,0.0,0.0,0.0,0.8822814771975829
gex_possorted_bam_SJSO3:AAACCGAAGCGGGCAAx-M1,0.0,0.0,0.6614036034984452,0.0,0.0,0.0,0.9094517167056138,0.0,1.0,0.0,0.93264854338245,0.639984873271422,0.2759054550873759,1.0,0.0,1.0,0.9287858561788639,0.0,0.4253731309507492,0.0,0.0,0.0,0.0,0.0,1.0,0.04754280844945626,1.0,0.03708248747131131,0.03557535306720591,0.0,0.16487791137684177,0.0,0.0,0.0,1.0,0.0,1.0,0.0,0.0,1.0,0.0,1.0,0.953498353831625,1.0,0.0,0.0,1.0,1.0,0.0,0.0,0.3314601014900927,0.0,0.0
gex_possorted_bam_SJSO3:AAACAGCCACCTATAGx-M1,0.227125125475275,0.21168113791262036,1.0,0.2096278025817254,1.0,1.0,0.4461985916313493,0.2563420174448242,0.09163740321111688,0.667989235887799,1.0,0.0,0.30039154770872944,0.0,0.3464197073672656,0.07233050331039237,1.0,1.0,0.2439019187112121,1.0,1.0,1.0,0.434511062436014,0.6919695707614462,0.14657797650680918,0.22291100916473447,0.48265790447197426,0.2110762229620521,0.03526215933415412,0.3751670004464226,1.0,0.742469645457383,0.41190374196100193,0.09188165556993066,0.3516613094284108,0.3268179916030419,0.0,0.17385600174081162,0.40982845836914206,0.4475915937651414,0.5930982468065784,0.0,0.22142224186199852,1.0,0.45092918345289357,0.3123985600433261,0.6433912787100802,0.13214336633056414,0.40927535646526064,0.7054796459855766,0.0,0.2610640820435342,1.0
gex_possorted_bam_SJSO3:AAACCGGCAATATGGAx-M1,0.12212372579197067,0.04703062284848541,0.8962950955439217,0.028781052166199857,0.7515639202670537,1.0,0.0,0.05681756669140532,0.0,0.37955431395529016,1.0,0.0,0.0,0.0,0.2762958286262288,0.0,1.0,1.0,0.0,1.0,0.9792675672805591,1.0,0.28207826534340397,0.8631844236741072,0.0,0.0,0.2567497403195968,0.04619499796239745,0.0,0.22309607655579408,1.0,0.34974608081713615,0.32994853774021216,0.0,0.1600152841603187,0.21493773540703093,0.0,0.06092454320188811,0.2158579892529161,0.21839430828435835,0.0,0.0,0.0,0.565964193574966,0.38298151927916285,0.14089713987090946,0.0,0.001675894791805111,0.14187952456103967,0.4039800564736715,0.0,0.0980073856412544,1.0
gex_possorted_bam_SJSO3:AAAGCCGCACCTGTAAx-M1,0.22659761995381122,0.0,0.43620492631411134,0.0581511913449535,0.7819061263941405,1.0,0.0,0.0733169405197325,0.0,0.04975993752526453,1.0,0.0,0.0,0.0,0.14955379138745092,0.0,1.0,1.0,0.2174930988938172,1.0,1.0,1.0,0.32744774897485923,0.9719810028528637,0.0,0.0,0.31269445022801795,0.056095486483134886,0.0,0.16778471641166712,0.49998146668177573,0.4778435277814951,0.36819654406803776,0.0,0.15219983026297973,0.1765677746742038,0.0,0.13278653314285277,0.20945698841858515,0.0,0.0,0.0,0.0,0.015077749129143322,0.3481794063943455,0.12142343137502613,0.0,0.2706918180529873,0.06080620176019362,0.17245100259913268,0.0,0.12426916654167873,1.0
gex_possorted_bam_SJSO3:AAACGGATCCCTGACTx-M1,0.001250569468761658,0.0,0.026899475895164997,0.0,0.2982022711656926,0.05688818180437185,0.0,0.0867554026547485,0.0,0.0,0.8924037440594352,0.0,0.0,0.0,0.0,0.0,1.0,1.0,0.0,1.0,0.41899696989658397,0.5739849997197188,0.08149907423236619,0.4931637499545444,0.0,0.0,0.6139060909321474,0.0,0.0,0.0,0.0,0.2697286182930664,0.12440299314993007,0.0,0.3004108703147579,0.0,0.0,0.01754935167490063,0.0,0.0,0.3281605366593288,0.0,0.0,0.0,0.059468875903550995,0.0,0.0,0.4951479257209117,0.0,0.0,0.0,0.0,0.9095419635458719
gex_possorted_bam_SJSO3:AAACCGGCATTAAACCx-M1,0.0,0.0,0.0,0.0,0.0,0.0,0.21772736072964685,0.0,0.3717778305215161,0.0,0.959691510086869,0.1647656841006375,0.0,0.7284235825318354,0.0,0.9613117824547641,1.0,0.45290728864358504,0.27116859213514455,0.0,0.0,0.0,0.0,0.0,0.3394107499688176,0.0,1.0,0.0,0.0,0.0,0.0,0.0,0.0,0.0,1.0,0.0,1.0,0.0,0.0,0.8386889989330509,0.0,1.0,0.2642909086846302,0.0,0.0,0.0,0.12092381439390808,1.0,0.0,0.0,0.0,0.0,0.0
gex_possorted_bam_SJSO3:AAAGCACCATAGACCCx-M1,0.0,0.0,0.0,0.0,0.0,0.0,0.31730974258755795,0.0,0.8729037336589482,0.0,1.0,0.3052874954305666,0.0,1.0,0.0,1.0,0.9775524715464191,0.43026336185610276,0.6204241005047779,0.0,0.0,0.0,0.0,0.0,0.9092893232413439,0.0,1.0,0.0,0.11802662881550355,0.0,0.0,0.0,0.0,0.0,1.0,0.0,1.0,0.0,0.0,0.9786586545258837,0.0,1.0,0.6549526889418138,0.050337999473217036,0.0,0.0,0.6628123901014119,1.0,0.0,0.0,0.2281422120552534,0.0,0.0
gex_possorted_bam_SJSO3:AAAGCTTGTCCTAAGAx-M1,0.0,0.0,0.7020989598538298,0.0,0.8978558698759584,0.6580867301457788,0.6729556103023399,0.3424957630799586,0.2232597442502848,0.0,1.0,0.0,0.0,0.0,0.0,0.0,1.0,1.0,0.0,1.0,0.6734471869759857,0.8174758834612179,0.15141182467961237,0.36411930065243603,0.0,0.019781416760048895,0.8924702566486282,0.0,0.0,0.0,0.0,0.6697053288543728,0.16402835288105566,0.0,0.382941395054673,0.0,0.0,0.0,0.07690016454496076,0.14632315501094498,0.8767955941548563,0.0,0.0,0.8613511609102322,0.0,0.03685480978938295,0.4274900071403868,0.44529354445922226,0.0,0.05480708918398426,0.0,0.0,1.0
gex_possorted_bam_SJSO3:AAACGCGCAATTGCGCx-M1,0.04237908664074315,0.0,0.0,0.0,0.3727465641985273,0.559615511319327,0.0,0.0,0.0,0.0,1.0,0.0,0.0,0.0,0.007307762247461152,0.0,1.0,1.0,0.0,1.0,0.7233191769796539,0.8395613123083954,0.13902779939499907,0.83390381527933,0.0,0.0,0.3509274204495622,0.0,0.0,0.028003301132429225,0.3129828217998611,0.04937166319385604,0.1687656840370664,0.0,0.15390604672912908,0.03558236227746747,0.0,0.04633364341015273,0.01722178795520741,0.10014909718585929,0.0,0.0,0.0,0.0,0.19055452322524546,0.0449243684640971,0.0,0.24068306529442576,0.0,0.0,0.0,0.03481490405835231,0.9234470809015781
gex_possorted_bam_SJSO3:AAAGCAAGTAATTAGCx-M1,0.08158331479110106,0.0,0.0,0.00033014969659170875,0.272510940120591,0.15286989060250547,0.0,0.0,0.0,0.0,0.8954652977904118,0.0,0.0,0.0,0.0,0.0,0.816252714758444,1.0,0.0,0.8000986146610991,0.5193900922054161,0.6386138797568058,0.14047369444288463,0.7212600846699058,0.0,0.0,0.5233668720628013,0.0,0.0,0.018066739530981077,0.0,0.1347078974649386,0.16889754644615065,0.0,0.3533558152465139,0.0,0.0,0.0658341033139818,0.0,0.0,0.0,0.0,0.0,0.0,0.08799365993279122,0.0,0.0,0.41012405395790213,0.0,0.0,0.0,0.008040603267698815,0.8877839295822172
gex_possorted_bam_SJSO3:AAAGCCCGTCACACCCx-M1,0.0,0.34161788984192804,1.0,0.0017649667053280002,0.0,0.0,1.0,0.0,1.0,0.0,1.0,0.41280489248675417,0.9144622360885974,1.0,0.0,1.0,0.9988328434914788,0.0,0.8386198253298579,0.0,0.0,0.0,0.0,0.0,1.0,0.11113929824963605,1.0,0.06024284048499627,0.6339949943914205,0.1607342100647313,1.0,0.0,0.0,0.1280966473405202,1.0,0.0,1.0,0.0,0.0,1.0,0.04827138447815646,1.0,1.0,1.0,0.0,0.007778608828891461,1.0,1.0,0.17329285969427252,0.0,0.5843927050688056,0.08078385690500818,0.0
gex_possorted_bam_SJSO3:AAAGGAGCATGAATAGx-M1,0.0,0.6289667237925659,0.8617758929967527,0.0651682392223846,0.0,0.0,0.0,0.0,0.0,0.0,0.5165328205371084,0.0,1.0,1.0,0.0,1.0,0.0023094987466132093,0.027973406979307367,1.0,0.0,0.0,0.0,0.0,0.0,1.0,0.0,1.0,0.0,1.0,0.30152349905286735,0.0,0.9012924103202333,0.0,0.6420711764781892,1.0,0.0,0.6964492107327683,0.0,0.0,1.0,1.0,0.0,0.4533482014316376,0.0,0.0,0.03103303458803292,0.962776933827252,0.0,0.0,0.0,1.0,0.0,0.0
gex_possorted_bam_SJSO3:AAACCGGCAGAGAGCCx-M1,0.0,0.7644752759270842,1.0,0.2745275383253393,0.41933557504056557,0.38004110123367135,1.0,0.5975918188972807,1.0,0.2515558381844961,1.0,0.23123838757812953,1.0,1.0,0.0,1.0,1.0,1.0,1.0,0.0,0.0,0.0,0.0,0.0,1.0,0.43590954470582327,1.0,0.4371753187949865,0.9450252702672646,0.0,0.807123591934017,0.4653977070966562,0.0,0.2087462105220942,1.0,0.0,1.0,0.0,0.0,1.0,1.0,1.0,1.0,1.0,0.0,0.23950473701575847,1.0,1.0,0.43528848737979614,0.27632993174551784,0.4261042360617912,0.1604360636751663,0.6190355350916076
gex_possorted_bam_SJSO3:AAAGGAGCAACCTAATx-M1,0.07405915204337149,0.0,0.30702821571793476,0.007205864124397514,0.43484347636671533,0.5310212158426431,0.0,0.0,0.0,0.13184949882122488,0.933365106930588,0.0,0.0,0.0,0.09373714738205959,0.0,0.8571318797122859,0.952878174197705,0.0,1.0,0.6734630811268829,0.8376024758714518,0.21460443029337686,0.7656976598507285,0.0,0.0,0.29652487526042576,0.0,0.0,0.09936685562725832,0.6561546189355643,0.06952153868335975,0.19182715650571194,0.0,0.23343411816492354,0.11039360015765552,0.0,0.02871103941032963,0.08470212352008334,0.2255904602463078,0.0,0.0,0.0,0.0,0.1976442667638068,0.08074686422269417,0.0,0.10439887074804285,0.03194347074352592,0.12862302088752553,0.0,0.04945161625218118,1.0
gex_possorted_bam_SJSO3:AAAGGACGTTGGATATx-M1,0.03029309917535665,0.0,0.0,0.0,0.20017643412285893,0.10322684275091067,0.0,0.0,0.0,0.0,0.9123456642098627,0.0,0.0,0.0,0.0,0.0,0.7550564100819598,0.9774407952985767,0.0,0.9692078666840834,0.5315296591095381,0.7133729511046503,0.11952884900494558,0.6653914866662837,0.0,0.0,0.40272191999770457,0.0,0.0,0.0023641097541441366,0.0,0.018505029690774246,0.10731295082034309,0.0,0.23814961469044735,0.0,0.0,0.017995757978088413,0.0,0.0052747648836430775,0.0,0.0,0.0,0.0,0.04291164990117049,0.0,0.0,0.2709798487268415,0.0,0.0,0.0,0.0,0.8175808548017773
gex_possorted_bam_SJSO3:AAAGCGGGTCAAGTATx-M1,0.23945636276678714,0.0,0.0,0.0657913609794651,0.7383277787346951,0.877113584885001,0.0,0.0280418775085266,0.0,0.0,1.0,0.0,0.0,0.0,0.09761382578833379,0.0,1.0,1.0,0.0748360797288871,1.0,0.8995184684439006,0.9893823729768,0.37418788160514693,0.722924427088832,0.0,0.0349142460515578,0.3143273050639368,0.0,0.0,0.1579617319949452,0.0,0.3279943194172067,0.30116938150467815,0.0,0.20123968403309792,0.16539949100786586,0.0,0.19866539240323763,0.15576893858991006,0.03314891809340841,0.0,0.0,0.0,0.0,0.2242675884995001,0.1229845556969742,0.0,0.20723218844601923,0.027297616228020637,0.24596066516544726,0.0,0.1692799273034006,1.0
gex_possorted_bam_SJSO3:AAAGCAAGTATTGCAGx-M1,0.0,0.09044254787637239,0.0,0.0,0.0,0.0,0.0,0.0026785461053858463,0.0,0.0,0.177476895379432,0.2343171074672294,0.0,0.0,0.1738573963676366,0.0,0.6343243071977444,0.07399667623396539,0.0,0.9628127096571666,0.20767731740170395,0.26068591563575505,0.006756473590260611,0.4603228297919725,0.0,0.0,0.3587476436526841,0.0,0.0,0.0,0.0,0.0,0.026570469885940362,0.030842737137038025,0.48629582266960314,0.0,0.0,0.0,0.07750658046621241,0.3223414575237028,0.10459220960251406,0.46484236344650576,0.0,0.0,0.0,0.0,0.0,0.12169777771876555,0.0,0.0,0.0,0.0,0.05416784979391419
gex_possorted_bam_SJSO3:AAAGGACGTTAAGCCAx-M1,0.5961625607638293,0.2824799938409781,0.25976392078498045,0.48781285895935705,0.8103880227391966,1.0,0.14331462116571292,0.5609002306703633,0.0,0.640621437586691,0.7268125035044036,0.0,0.40691737752196155,0.1250145379340196,0.6265039764907544,0.08349484427098558,0.6222905935853525,0.9671684195719714,0.3647620662979791,1.0,1.0,1.0,0.6685837537538771,0.977069195081092,0.17462709412674945,0.42481719993592143,0.21758256834927095,0.479212478648923,0.35667124638602005,0.4786626256286815,0.7064436699820469,0.7461274556671584,0.6490439003964341,0.47424692767000054,0.17530576769415296,0.6192463298468118,0.10925975262920733,0.44271917118569154,0.5209951686043619,0.18744577754564856,0.7648235422789056,0.21294392032527307,0.17263330371878333,0.4551208404851214,0.7343528465978983,0.5670923240211662,0.2016289338652475,0.08940460301137233,0.47416146820665284,0.7259825005770086,0.4651927704023621,0.5068360511645066,1.0
gex_possorted_bam_SJSO3:AAACGCGCAAGCTACCx-M1,0.0,0.0,1.0,0.017936379109631508,0.0,0.0,1.0,0.0,0.9061599887245805,0.3103481861180155,0.6908184179215189,1.0,0.6611893955705868,1.0,0.0,1.0,1.0,0.0,0.5762247883750281,0.0,0.0,0.0,0.0,0.0,1.0,0.20199170755332294,1.0,0.798985599343252,0.0,0.22648717123491385,1.0,0.0,0.0,0.049485566423215825,1.0,0.0,1.0,0.0,0.0,1.0,0.11493527787330246,1.0,1.0,1.0,0.0,0.005212319151376353,1.0,1.0,0.2924524753096191,0.0,0.39036389012900835,0.11350780315293292,0.0
gex_possorted_bam_SJSO3:AAACCAACAGCTTACAx-M1,0.1276142643630721,0.0,0.0,0.03975139792079357,0.32787165894899206,0.5704567937584019,0.0,0.0,0.0,0.0,1.0,0.0,0.0,0.0,0.0,0.0,1.0,1.0,0.1032619214637644,0.763039179974212,0.7627797113064805,0.7784616512931333,0.2205424986776097,0.741056283780706,0.0,0.0,0.4272142270709446,0.0,0.0,0.05587885362753237,0.0,0.1676089059584901,0.18526904703714311,0.0,0.2742526781325213,0.03931595024697095,0.0,0.14451717269718822,0.03153853660158332,0.03244262009641567,0.0,0.0,0.0,0.0,0.032427108504544784,0.06036029284711253,0.0,0.44819459360727587,0.0,0.0,0.0,0.08527887244099926,0.565252849038999
gex_possorted_bam_SJSO3:AAACGGATCAATTGGCx-M1,0.04135868720751197,0.0,0.1734411185725173,0.0,0.3793165051143915,0.3783682688688878,0.0,0.0,0.0,0.04819368735771007,0.8859808863183942,0.0,0.0,0.0,0.0,0.0,1.0,1.0,0.0,1.0,0.869547371674045,0.8135036274643233,0.18775937180019908,0.7654963678060207,0.0,0.0,0.5081076665173613,0.0,0.0,0.15820390498954856,0.0,0.21957467125587105,0.217317233647868,0.0,0.21787294843794905,0.016445109480002953,0.0,0.05287306331653813,0.017493321693164247,0.0,0.0,0.0,0.0,0.0,0.23601225096977643,0.0,0.0,0.12794340911952934,0.0,0.1497903817050909,0.0,0.0,1.0
gex_possorted_bam_SJSO3:AAACGTACACAATACTx-M1,0.0,0.7846014853683883,1.0,0.3395317091551379,0.0,0.0,1.0,0.0,1.0,0.44996739119795576,1.0,1.0,1.0,1.0,0.0,1.0,1.0,0.41294152723194016,1.0,0.0,0.0,0.0,0.0,0.0,1.0,0.48431783854207683,1.0,1.0,0.7354119659894489,0.5416038591002049,1.0,0.0,0.0,0.2258918490239159,1.0,0.0,1.0,0.0,0.0,1.0,0.0,1.0,1.0,1.0,0.0,0.18064779828403862,1.0,1.0,0.5902278520516826,0.10461484958723224,1.0,0.3967281684351143,0.0
gex_possorted_bam_SJSO3:AAACATGCATTAAGTCx-M1,0.0,0.0,0.0,0.0,0.0,0.0,0.1517910355382543,0.0,0.7808976170134936,0.0,1.0,0.10078093166257297,0.0,0.8178671187214904,0.0,0.9731827983165678,1.0,0.549164694178816,0.3920046866178464,0.0,0.0,0.0,0.0,0.0,0.584965103375403,0.0,1.0,0.0,0.04494362237204328,0.0,0.0,0.0,0.0,0.0,1.0,0.0,1.0,0.0,0.0,0.8409287265095519,0.0,1.0,0.6066847420362453,0.3248926856976966,0.0,0.0,0.4900333092085417,1.0,0.0,0.0,0.05949686430350463,0.0,0.0
gex_possorted_bam_SJSO3:AAAGGTTAGCCTGACAx-M1,0.06298606577279862,0.2082973224863599,1.0,0.03473772322747254,0.5989504540996536,0.9667314268773787,0.31131243994701374,0.11180506721417423,0.0,0.5562793520527454,0.8292702753134142,0.0,0.15021507263776854,0.0,0.3732146731264144,0.0,1.0,0.9785539280982034,0.0,1.0,0.9984020791790297,0.9259993143824071,0.17781000261611452,0.8622104415287632,0.0,0.0,0.33839579127704666,0.2334285828334865,0.0,0.2124936933921326,1.0,0.19550750366935374,0.3095082150617556,0.024282203221659943,0.337813361167102,0.234920613551117,0.08891207435342295,0.02531420456230216,0.2471059027412733,0.5612796155318824,0.0,0.0,0.0,1.0,0.3749630283626924,0.1562295127441084,0.07403688909486834,0.0,0.28337124473338404,0.4473738537858,0.04175262060576474,0.06583650912324011,1.0
gex_possorted_bam_SJSO3:AAAGGTTAGTATTGGCx-M1,0.0,0.0,0.0,0.0,0.0,0.0,0.0,0.0,0.5337427582065736,0.0,0.7036940221505286,0.231591586390052,0.0,0.6811275711424479,0.0,0.7152386238369588,0.6950796034605702,0.054137417748836035,0.08921108258971339,0.0,0.0,0.0,0.0,0.0,0.3418499395295458,0.0,1.0,0.0,0.0,0.0,0.0,0.0,0.0,0.0,1.0,0.0,1.0,0.0,0.0,0.6854146274412761,0.0007822477009041244,1.0,0.2192170938483305,0.0,0.0,0.0,0.18224679441107608,1.0,0.0,0.0,0.06651494991324826,0.0,0.0
gex_possorted_bam_SJSO3:AAATCCGGTCATTACCx-M1,0.0,0.13212343733654702,1.0,0.008278142252471487,0.0,0.0,1.0,0.0,1.0,0.0,1.0,0.5432259191834112,0.5335430717618991,1.0,0.0,1.0,1.0,0.22021930903541903,0.7949612251131037,0.0,0.0,0.0,0.0,0.0,1.0,0.11296490735940619,1.0,0.2185068904475351,0.1559078037982732,0.012233146719907953,0.8261914063563578,0.0,0.0,0.0008380187108258915,1.0,0.0,1.0,0.0,0.0,1.0,0.0,1.0,1.0,1.0,0.0,0.0,1.0,1.0,0.09845740958021602,0.0,0.3514600669409837,0.05194359505517681,0.0
gex_possorted_bam_SJSO3:AAATGGCCACTAGGTCx-M1,0.0,0.196966402973499,1.0,0.04137141566964539,0.33833092044094626,0.5087799066283328,1.0,0.20997327289300677,1.0,0.0176572994510864,1.0,0.0,0.4108848408534296,0.9679974871029119,0.0,1.0,1.0,1.0,0.6523487765133156,0.7945231604050549,0.0,0.0,0.0,0.0,1.0,0.08808987673153125,1.0,0.0683373045830217,0.12391871198197454,0.0,0.18238990250613937,0.4677257665657382,0.0,0.0,1.0,0.0,1.0,0.0,0.0,1.0,0.5579525061710824,1.0,0.6243861881093189,1.0,0.0,0.0,1.0,1.0,0.12032406068567443,0.10018682185012696,0.0,0.0,0.8099518216867431
gex_possorted_bam_SJSO3:AACAAAGGTTGGTTGAx-M1,0.0,0.0,0.5738332934489719,0.018890095251312113,0.0,0.0,1.0,0.0,1.0,0.0,1.0,0.3704227627600698,0.3045542458123824,1.0,0.0,1.0,1.0,0.6532078353557916,0.9617892482139568,0.0,0.0,0.0,0.0,0.0,1.0,0.06811272916525087,1.0,0.14993825232331645,0.1621889969668669,0.01839580377495355,0.40794464498131094,0.0,0.0,0.026122411787195442,1.0,0.0,1.0,0.0,0.0,1.0,0.0,1.0,1.0,1.0,0.0,0.0,1.0,1.0,0.0,0.0,0.30351659595491587,0.010168836847290108,0.0
gex_possorted_bam_SJSO3:AACCGCTCACACTAATx-M1,0.0,0.0,0.0,0.0,0.0,0.0,0.4734675233007005,0.0,1.0,0.0,1.0,0.2659143805370786,0.19597377037998798,1.0,0.0,1.0,1.0,0.6282211138265988,0.7633153936371203,0.0,0.0,0.0,0.0,0.0,1.0,0.00909967765348649,1.0,0.0,0.12068639338225198,0.0,0.0,0.0,0.0,0.0,1.0,0.0,1.0,0.0,0.0,1.0,0.0,1.0,0.781991852248368,0.2962592710723235,0.0,0.0,0.9795317278213498,1.0,0.0,0.0,0.3488840734578987,0.0,0.0
gex_possorted_bam_SJSO3:AAATGCCTCCCGTTACx-M1,0.19872212998710417,0.0,0.07852309046688416,0.03543031942992288,0.7216215518064913,1.0,0.0,0.0,0.0,0.03612393060711583,1.0,0.0,0.0,0.0,0.1508562405833214,0.0,1.0,1.0,0.10350091273247831,1.0,0.9774255374806595,1.0,0.3615340924715283,0.9112746960470015,0.0,0.023370139449755686,0.3162272728712682,0.0,0.0,0.25739500968772955,0.13638947167958015,0.39658047474140196,0.29148229100503614,0.0,0.16963053721772653,0.13219420921686592,0.0,0.13886353555127134,0.1089284395740865,0.0,0.0,0.0,0.0,0.0,0.2515925265258193,0.12268373086027655,0.0,0.18208917173139325,0.017390227417589964,0.21886377838246093,0.0,0.14040125905209047,1.0
gex_possorted_bam_SJSO3:AAAGGTTAGCTTTGGGx-M1,0.1278573059701168,0.0,0.0,0.02823913430630499,0.5462504851508366,0.48568424349957023,0.0,0.017954136814410437,0.0,0.0,1.0,0.0,0.0,0.0,0.09737007976689907,0.0,0.9049476481455936,1.0,0.0,1.0,0.7636761414170845,0.8496038293428226,0.2365122063581412,0.7469579287992086,0.0,0.0,0.3908160787214301,0.0,0.0,0.09805188809782489,0.0,0.13376016718416267,0.2242508492162589,0.018201294668230502,0.16702413820877599,0.09309426995651188,0.0,0.09965362751702388,0.0858267806292001,0.00826939742102851,0.0,0.0,0.0,0.0,0.17867782990861125,0.08037178066256735,0.0,0.14126640315815953,0.0,0.11853358311747685,0.0,0.0745994109541013,0.9864580832762461
gex_possorted_bam_SJSO3:AACAAAGGTTCCTGATx-M1,0.0,0.368993524591558,0.18001818097201486,0.0,0.0,0.0,0.5250787012106158,0.12081884206577036,0.0,0.24617819538821373,0.0,0.5576935150811543,0.0,0.0,0.30055755509534926,0.10785602609353011,0.20301531796790437,0.0,0.0,1.0,0.2250267666549762,0.22664021615037688,0.05953744472798685,0.4537474597595322,0.0,0.0,0.3254154143489651,0.0,0.06896378377173534,0.0,0.73557570736584,0.0,0.07056997918838624,0.1764393275965225,0.5664460913525091,0.10712293735388083,0.2908379722922936,0.0,0.18937807649649196,0.6557140884476357,0.17980508966892342,0.4784266970447772,0.0,0.0,0.0,0.0,0.0,0.0,0.011412477706222472,0.0,0.0,0.0,0.41037717746091773
gex_possorted_bam_SJSO3:AAAGGCTCAAGCCAGAx-M1,0.0,0.49809413082495635,1.0,0.12665067436829058,0.0,0.0020379219843885948,1.0,0.0,1.0,0.15152842263319186,1.0,0.7979742445680036,0.9215071410369402,1.0,0.0,1.0,1.0,0.4721477129213642,1.0,0.0,0.0,0.0,0.0,0.0,1.0,0.23310962261416315,1.0,0.5812256614269768,0.46515022197779715,0.259446406873978,1.0,0.0,0.0,0.1119254526641234,1.0,0.0,1.0,0.0,0.0,1.0,0.0,1.0,1.0,1.0,0.0,0.06567927397943699,1.0,1.0,0.3119660615513243,0.015107752322254704,0.5554079698033639,0.18672950729430318,0.0
gex_possorted_bam_SJSO3:AAAGGTTAGCACAGGGx-M1,0.0862390737511985,0.0,0.0,0.0,0.35704871951997363,0.17428382358414352,0.0,0.0,0.0,0.0,0.83250515230939,0.0,0.0,0.0,0.0,0.0,0.7382059673343229,1.0,0.0,1.0,0.6373506496865585,0.7465848482572766,0.1883858065449186,0.7323208814146518,0.0,0.0,0.4323853328477411,0.0,0.0,0.09237573233862317,0.0,0.0,0.18119263758565196,0.0,0.20817126919376114,0.010717693695900253,0.0,0.06092693822825391,0.0,0.0,0.0,0.0,0.0,0.0,0.12357943367787079,0.010348582753766688,0.0,0.18248603441464803,0.0,0.08871500530266595,0.0,0.0,0.9076501792759759
gex_possorted_bam_SJSO3:AACAGCAAGTCGCTAGx-M1,0.057388497330348495,0.0,0.0,0.0,0.1132733051963592,0.2724746238906079,0.0,0.0,0.0,0.0,1.0,0.0,0.0,0.0,0.0,0.0,0.8862528381743848,1.0,0.0,0.8115503719816137,0.5174227818755237,0.6857261349021432,0.1412974254863108,0.6793697873742588,0.0,0.0,0.39138746272972613,0.0,0.0,0.010378150293667947,0.0,0.052957958368904094,0.09489880612502943,0.0,0.2957081850956014,0.01870150245260288,0.0,0.06024770431566877,0.0,0.09485758415366914,0.0,0.0,0.0,0.0,0.008788660441463125,0.008470794351347647,0.0,0.24686692895040915,0.0,0.0,0.0,0.013654794378895187,0.7534788604996268
gex_possorted_bam_SJSO3:AACCCGCAGAACCTGTx-M1,0.026603771744799408,0.08500371321663375,0.9843910128304164,0.0,0.35769898401934547,0.27076345940939944,0.0,0.0322850922546528,0.0,0.16581197687666033,0.4556776305851535,0.0,0.0,0.0,0.18927844681554748,0.0,0.6302989375992757,0.3626494046799893,0.0,1.0,0.6455538570163669,0.7623922675599631,0.16064138416660126,0.6583585719518451,0.0,0.0,0.22957726061203376,0.0,0.0,0.0,0.836166214186026,0.0,0.193612248640051,0.0,0.191645731165059,0.12905825745201505,0.0,0.0,0.24636906295607894,0.3285501081894172,0.0,0.0,0.0,0.0,0.1181637029546641,0.05434397730565241,0.0,0.0,0.009137024969143934,0.20138081479597075,0.0,0.0,1.0
gex_possorted_bam_SJSO3:AACAGCAAGCACGATTx-M1,0.004686477471465443,0.0,0.0,0.0,0.1742838358439217,0.009730943838119208,0.0,0.0,0.0,0.0,0.7445396111710841,0.0,0.0,0.0,0.0,0.0,0.6409699279046338,0.7399718335813708,0.0,1.0,0.45720813741058125,0.6744747107729522,0.1091905906986504,0.6255521710036207,0.0,0.0,0.4019726367394958,0.0,0.0,0.0,0.0,0.034675127023985015,0.09359683678436473,0.0,0.21540043315066942,0.0,0.0,0.0,0.0,0.01371260114403184,0.0,0.0,0.0,0.0,0.0,0.0,0.0,0.2480015912631355,0.0,0.0,0.0,0.0,0.8111053497958193
gex_possorted_bam_SJSO3:AACCTAATCCTAACGGx-M1,0.0,0.0,0.10027258261863509,0.02560572199609492,0.0,0.0,0.7602740929759233,0.0,1.0,0.0,1.0,0.6829180461066346,0.2784542441233729,1.0,0.0,1.0,1.0,0.3261360456782441,0.7359132296145757,0.0,0.0,0.0,0.0,0.0,1.0,0.08875541379821718,1.0,0.0,0.0,0.0,0.0,0.0,0.0,0.0,1.0,0.0,1.0,0.0,0.0,1.0,0.0,1.0,1.0,1.0,0.0,0.0,1.0,1.0,0.0,0.0,0.35880346517437156,0.0,0.0
gex_possorted_bam_SJSO3:AACAGATAGCTTCTCAx-M1,0.0,0.0,0.3239554112150895,0.0,0.0,0.0,0.7507001317527008,0.0,1.0,0.0,1.0,0.3285093117535174,0.09349151435355477,1.0,0.0,1.0,1.0,0.2802012044170535,0.5510075980606209,0.0,0.0,0.0,0.0,0.0,0.9971644466852915,0.005052201973143885,1.0,0.011841060383897652,0.10470212381744226,0.0,0.0,0.010840562492546028,0.0,0.0,1.0,0.0,1.0,0.0,0.0,1.0,0.0,1.0,0.9243894237473542,1.0,0.0,0.0,0.9338637446331094,1.0,0.0,0.0,0.16150102386731385,0.0,0.0
gex_possorted_bam_SJSO3:AACAGATAGGTCGATTx-M1,0.0,0.0,0.37762917935538554,0.02466932075947558,0.0,0.0,1.0,0.0,0.9206761280192073,0.0,1.0,0.9302226725341273,0.0,1.0,0.0,1.0,1.0,0.3025481876428702,0.775007698509743,0.0,0.0,0.0,0.0,0.0,0.9528725385732696,0.00037371225251076734,1.0,0.15904019436261713,0.0,0.0,0.0,0.0,0.0,0.0,1.0,0.0,1.0,0.0,0.0,1.0,0.1389261426563529,1.0,1.0,1.0,0.0,0.0,0.7174987070112088,1.0,0.0,0.0,0.20524362103195481,0.0,0.0
gex_possorted_bam_SJSO3:AACATAGCAAATTGCTx-M1,0.025221677350320458,0.0,0.0,0.0,0.3009713023072373,0.06352755003437788,0.0,0.0,0.0,0.0,0.8389673694038737,0.0,0.0,0.0,0.0,0.0,0.8388806839113228,0.9407483634256188,0.0,1.0,0.4726506111602383,0.6819327050530037,0.1361805247858625,0.5964428679621311,0.0,0.0,0.47793037270400146,0.0,0.0,0.0,0.0,0.1443781498248487,0.12774184743992087,0.0,0.2219812558832639,0.0,0.0,0.01026578820618187,0.0,0.0,0.0,0.0,0.0,0.0,0.028965273193963234,0.0,0.0,0.28385681532043094,0.0,0.0,0.0,0.0,0.8747171750509198
gex_possorted_bam_SJSO3:AACATAGCAGTTTCTCx-M1,0.08685689785968466,0.0,0.0,0.0,0.21307756855158164,0.3851722820879367,0.0,0.0,0.0,0.0,1.0,0.0,0.0,0.0,0.0,0.0,1.0,1.0,0.0,0.8813481434756254,0.5784623406404241,0.7861637252288959,0.17961205359907195,0.757077581677303,0.0,0.0,0.32673799711088125,0.0,0.0,0.0,0.0,0.192374564796736,0.12812715733592872,0.0,0.1846766033066066,0.018198061281966476,0.0,0.03002508836688172,0.0,0.0,0.0,0.0,0.0,0.0,0.15505281344825333,0.0,0.0,0.28364224953494904,0.0,0.0,0.0,0.013066126026204211,0.8742855336512787
gex_possorted_bam_SJSO3:AACATAGCACTGACTAx-M1,0.0194621647532245,0.42007160648879827,0.5981002690986715,0.04039621701548181,0.0,0.0,0.6905929691914902,0.20605165532725822,0.0,0.34708034886476874,0.0,0.4858343987484245,0.0,0.0,0.34843134581896507,0.22706584705446323,0.22864134512904788,0.0,0.0,1.0,0.2920439818096702,0.31543212242406554,0.0890697738369531,0.4716182011073989,0.0,0.0,0.41722499486612313,0.06546526666006311,0.10305046679350671,0.0,1.0,0.0,0.13953006161071033,0.17340076314800024,0.620126485479663,0.2107037737995529,0.39073962547000596,0.0252527100427423,0.18021450167398978,0.8178066266560656,0.07336247380281447,0.46313814830026656,0.0,0.19333615738565085,0.07728280342833797,0.13314201056925112,0.0,0.05238701633497712,0.13384579221619114,0.12182859882099961,0.1327832683311206,0.01270575264418293,0.6438950771206922
gex_possorted_bam_SJSO3:AACCTAATCAATTGGCx-M1,0.0,0.029337162092754235,0.3038000069272762,0.0,0.11067387735478891,0.24116934435638798,0.0,0.0430795140602501,0.0,0.12719104598984082,0.5463532786059229,0.0,0.0,0.0,0.2100475803803538,0.0072440301509582635,0.9280791241483292,0.5279252121053986,0.0,1.0,0.45364891771084936,0.577211106369102,0.07944568583654195,0.6376463229423884,0.0,0.0,0.26602302906840203,0.0,0.0,0.012416721536662373,0.5181955681040878,0.0,0.13291411064490197,0.02546631557196463,0.3034255155264336,0.07818024868527505,0.0,0.0,0.11724631669140656,0.3836020819636397,0.0,0.11510030826740908,0.0,0.0,0.13225966858865634,0.0,0.0,0.15727744280412853,0.0,0.029758312565586222,0.0,0.0,0.6751080696243674
gex_possorted_bam_SJSO3:AAATGCCTCCCTGACTx-M1,0.06885931378563177,0.0,0.11338297619710387,0.0,0.5305119503047332,0.36811718577239994,0.0,0.0,0.0,0.044424042485955724,0.9729517092515112,0.0,0.0,0.0,0.07012624009729929,0.0,0.9743063185001422,0.9452484577335886,0.0,1.0,0.7000290291716199,0.7732906401871547,0.18896418516249852,0.6583459949511394,0.0,0.0,0.46161744740539384,0.0,0.0,0.02037927142687186,0.0,0.23045243636428397,0.1888952020695002,0.0,0.29025451223746335,0.04364406151076314,0.0,0.015529723515739153,0.0681978132694401,0.4329191289118723,0.0,0.0,0.0,0.0,0.16817770324958395,0.014462799899981196,0.0,0.36556326688470514,0.0,0.15100041834602443,0.0,0.02271466894599462,1.0
gex_possorted_bam_SJSO3:AACCGGCTCGCTAAGTx-M1,0.08276897475195669,0.0,0.2948357736002746,0.0,0.5378687533939696,0.37813785156376795,0.0,0.0,0.0,0.007160801615567826,0.8213640444929786,0.0,0.0,0.0,0.07718387876474511,0.0,0.8798631337474597,0.984630350816514,0.0,1.0,0.8118002390571574,0.7888279086709052,0.19132962826398792,0.7470272073615685,0.0,0.0,0.41658979495090076,0.013698594411600718,0.0,0.039508676797330416,0.23546165628185622,0.19014830384661485,0.21524145760623462,0.0,0.2077847242299954,0.07419308872020802,0.0,0.02387111247220558,0.06115371259270516,0.11529195177380126,0.0,0.0,0.0,0.0,0.20079536679521873,0.06465976421816481,0.0,0.13957878496654802,0.0,0.14682916746471117,0.0,0.006555614239244517,1.0
gex_possorted_bam_SJSO3:AACATTGTCCGCCTCAx-M1,0.0,0.187118883929399,1.0,0.034635337572978785,0.0,0.0,1.0,0.0,1.0,0.0,1.0,0.6870524833280357,0.6045749491882935,1.0,0.0,1.0,1.0,0.43941206744686795,0.9314716193459056,0.0,0.0,0.0,0.0,0.0,1.0,0.16020326599278373,1.0,0.347752240692699,0.15675004663868877,0.044544183231662024,1.0,0.0,0.0,0.0,1.0,0.0,1.0,0.0,0.0,1.0,0.0,1.0,1.0,1.0,0.0,0.0,1.0,1.0,0.15939918093443375,0.0,0.4219696905729674,0.07625236531539338,0.0
gex_possorted_bam_SJSO3:AACAAGCCAGAAATTGx-M1,0.0,0.2070952674294028,0.2025203997883528,0.0,0.0,0.0,0.4714578232447632,0.11188080192930118,0.0,0.17281709918353402,0.0,0.4574873219805346,0.0,0.0,0.23193930176402322,0.08395481718231185,0.2826303177498907,0.0,0.0,1.0,0.15540542863842657,0.18884479898308054,0.010303614042995067,0.3692309659464206,0.0,0.0,0.41327047049886234,0.0,0.05161406464723801,0.0,0.6624461654306391,0.0,0.03206365662299829,0.1258155223077368,0.6104248775331801,0.04133754781901727,0.3494580406127358,0.0,0.1094389238094613,0.619126638323038,0.08436092340755777,0.45310769299794024,0.0,0.0,0.0,0.0,0.0,0.18606436261758486,0.0,0.0,0.0,0.0,0.24267727833880498
gex_possorted_bam_SJSO3:AACAAGCCATAATCACx-M1,0.04222946968712033,0.0,0.0,0.0,0.35425525616505554,0.3299539262821805,0.0,0.0,0.0,0.0,0.9545454383043288,0.0,0.0,0.0,0.00023469415576177376,0.0,0.9198633642933627,1.0,0.0,1.0,0.6609583579084843,0.7706476895151951,0.17024968004064847,0.6740398826021572,0.0,0.0,0.406532209469624,0.0,0.0,0.03981393923014515,0.0,0.08684381883358222,0.16215690811768604,0.0,0.25045479647432,0.003396413352206586,0.0,0.02226156604968341,0.0,0.052099461111631565,0.0,0.0,0.0,0.0,0.10374409104353524,0.0,0.0,0.2813203337117087,0.0,0.04778199464126388,0.0,0.0,0.948933051656837
gex_possorted_bam_SJSO3:AAATCCGGTATTGTCCx-M1,0.0,0.0,0.0,0.0,0.0,0.0,0.0,0.0,0.09203211360975483,0.0,0.9781328314137905,0.0,0.0,0.188756088254378,0.0,0.36623615512839236,0.8907354147770048,0.7243139133255717,0.021864164277838855,0.0,0.08906393521182795,0.05243654179511182,0.0,0.11246773004265127,0.0,0.0,0.9644354637987086,0.0,0.0,0.0,0.0,0.0,0.0,0.0,0.8412983742718699,0.0,0.5326701704283442,0.0,0.0,0.4497360886558849,0.0,0.43814968788751424,0.06835667778521881,0.0,0.0,0.0,0.0,1.0,0.0,0.0,0.0,0.0,0.1421708206207169
gex_possorted_bam_SJSO3:AACAAAGGTAAATTGCx-M1,0.1276126466201557,0.0,0.0,0.0,0.33799009710200156,0.6813100785362551,0.0,0.0,0.0,0.0,1.0,0.0,0.0,0.0,0.0,0.0,1.0,1.0,0.0,1.0,0.801956409145527,0.9101359727586023,0.21614693195775828,0.8802556459876127,0.0,0.0,0.3467080231586788,0.0,0.0,0.17055505786244585,0.23637511962877122,0.2882664575002577,0.20746417541180445,0.0,0.19726902571949925,0.0681197719772592,0.0,0.10486489442270278,0.02718494701636832,0.03368814120310742,0.0,0.0,0.0,0.0,0.1375235635645489,0.06668493761436023,0.0,0.12188170250184192,0.0,0.0,0.0,0.0784857652489032,1.0
gex_possorted_bam_SJSO3:AACAGCAAGATGGACAx-M1,0.0,0.8002063423234383,1.0,0.30949570661246767,0.0,0.41207353089415244,1.0,0.0,1.0,0.28162313913090453,1.0,1.0,1.0,1.0,0.0,1.0,1.0,1.0,1.0,0.0,0.0,0.0,0.0,0.0,1.0,0.42393417763856484,1.0,0.9517876912374635,0.6409840276534279,0.49384730345163885,1.0,0.042001510537187765,0.0,0.2554148977223121,1.0,0.0,1.0,0.0,0.0,1.0,0.0,1.0,1.0,1.0,0.0,0.14898721859546918,1.0,1.0,0.4793904421136936,0.0011727706217669882,0.8850403489662542,0.35511091157052405,0.0
gex_possorted_bam_SJSO3:AACCGGCTCATGCGTGx-M1,0.0,0.0,0.0,0.0,0.005295970041646651,0.0,0.0,0.0,0.0,0.0,0.46868846345264226,0.0,0.0,0.0,0.0,0.0,0.5304436996914946,0.23081552112802994,0.0,1.0,0.37347672586200853,0.48671161882405906,0.060921750483053094,0.5091180025318662,0.0,0.0,0.44355065378003067,0.0,0.0,0.0,0.0,0.0,0.07941705450343339,0.0,0.35051805072873077,0.0,0.0,0.0,0.0,0.1321636618105262,0.0,0.0,0.0,0.0,0.0,0.0,0.0,0.31802153300251207,0.0,0.0,0.0,0.0,0.5662811980938643
gex_possorted_bam_SJSO3:AACCCGCAGACACCGCx-M1,0.14888675057607445,0.0,0.0,0.0,0.6021991334630507,0.9429895504588253,0.0,0.0,0.0,0.0,1.0,0.0,0.0,0.0,0.06152924371401513,0.0,1.0,1.0,0.10730440604853596,1.0,1.0,1.0,0.28975974099264884,0.8242388614993033,0.0,0.0,0.3794399896561728,0.0,0.0,0.20069997382859736,0.0,0.1420523042466736,0.24197460028883155,0.0,0.15492284558067138,0.09032328965340285,0.0,0.08318870829870184,0.028543948932361837,0.0,0.0,0.0,0.0,0.0,0.2992186772031005,0.016261739369145458,0.0,0.3698390914277455,0.0,0.07268791325738143,0.0,0.07758339030032191,1.0
gex_possorted_bam_SJSO3:AACCGCTCAAACTAAGx-M1,0.024817702677952674,0.0,0.013038821090604573,0.0,0.22094708251055914,0.046899786112401295,0.0,0.0,0.0,0.0,1.0,0.0,0.0,0.0,0.0,0.0,0.9897849098483096,1.0,0.0,0.8549391127414648,0.48026892160541995,0.5205862030419256,0.06854138279222856,0.4633249448520733,0.0,0.0,0.6892329607102516,0.0,0.0,0.0,0.0,0.22884139430974182,0.07852581830985893,0.0,0.47485868598800274,0.0,0.028069105325067078,0.0,0.0,0.19491210290720126,0.0,0.052141105308894424,0.0,0.0,0.024535282917407905,0.0,0.0,0.6998682871436918,0.0,0.0,0.0,0.0,0.7826505184010162
gex_possorted_bam_SJSO3:AACATTGTCAAATCGCx-M1,0.08945602833888275,0.0,0.0,0.0,0.2680369872690552,0.37928920640125807,0.0,0.0,0.0,0.0,1.0,0.0,0.0,0.0,0.0,0.0,0.9933758489796274,1.0,0.0,1.0,0.6835152345727485,0.8185480843488142,0.16104241262768637,0.7521704802492121,0.0,0.0,0.3792695360196529,0.0,0.0,0.06912355551940952,0.0,0.20971422081136118,0.16231360861095456,0.0,0.19501040354722063,0.021633837486952533,0.0,0.043526761214072875,0.0,0.0,0.0,0.0,0.0,0.0,0.13956295871838006,0.02351713977478684,0.0,0.25828772588383864,0.0,0.0,0.0,0.02971146544097229,0.8773803354237764
gex_possorted_bam_SJSO3:AACATAGCAGCCTGCAx-M1,0.0,0.021300338485282806,0.09573417514423958,0.032444443537405054,0.0,0.0,0.9475958066760374,0.0,1.0,0.0,1.0,0.5348260813408148,0.3555449646455372,1.0,0.0,1.0,1.0,0.267234895653826,0.8140092071736221,0.0,0.0,0.0,0.0,0.0,1.0,0.08622946919800417,1.0,0.13400911573416413,0.14833650353308947,0.0,0.1629365032588216,0.0,0.0,0.06485895942224212,1.0,0.0,1.0,0.0,0.0,1.0,0.0,1.0,1.0,1.0,0.0,0.0,1.0,1.0,0.0,0.0,0.3481497038508452,0.025750203621615342,0.0
gex_possorted_bam_SJSO3:AACTCACAGTAAAGGTx-M1,0.05099559793791068,0.0,0.007777171171006572,0.0,0.3346096568646707,0.05277408533290212,0.0,0.051874411619961106,0.0,0.0,0.7038139730156822,0.0,0.0,0.0,0.0,0.0,1.0,1.0,0.0,1.0,0.47028964913613147,0.5835181462726436,0.16680530284497788,0.4550865471325228,0.0,0.0,0.6480070511817065,0.0,0.0,0.0,0.0,0.045591597650708277,0.14890340902624408,0.0,0.26386896949840705,0.08671830767659496,0.11268533685227775,0.050116942373711955,0.0,0.0,0.478070993836633,0.07703381711478666,0.0,0.0,0.20834011889116594,0.0,0.0,0.5112488929017897,0.0,0.04451867258650962,0.0,0.0,0.8072467927077844
gex_possorted_bam_SJSO3:AACTTAGTCTTTGACTx-M1,0.0,0.21462190950070942,0.27116760446069754,0.0,0.0,0.0,0.3369535604067291,0.045800434597869234,0.0,0.07571781120135404,0.0,0.438160929986514,0.0,0.0,0.2060404062196607,0.06102828540880717,0.3175943675840481,0.0,0.0,1.0,0.16136494838573587,0.18156546885101246,0.0,0.39901477803826413,0.0,0.0,0.3769335861836497,0.0,0.0,0.0,0.44510698362726564,0.0,0.008590343691439862,0.06875797847293913,0.5792604635210677,0.004988514464482345,0.250523253748048,0.0,0.06967001821083985,0.5363606511399824,0.08533049439772739,0.4701256321689421,0.0,0.0,0.0,0.0,0.0,0.17276078504963058,0.0,0.0,0.0,0.0,0.22308907459833352
gex_possorted_bam_SJSO3:AAGAATCAGCAGGCCTx-M1,0.0559537211377971,0.0,0.28011712599077526,0.0,0.16645655164419343,0.26713162122435535,0.0,0.026136481953081582,0.0,0.08568313108849805,0.6498627698965268,0.0,0.0,0.0,0.14545883926062997,0.0,0.7487083461219642,0.5672660823632072,0.0,1.0,0.7342344772399375,0.7333018389937581,0.1528834906467527,0.7783525539140392,0.0,0.0,0.3047682829464648,0.0,0.0,0.004261439891095408,0.4674208200728553,0.0,0.1867425441000185,0.0,0.29166834572761957,0.09464492935875755,0.0,0.05701863219410013,0.09545041141573087,0.26235219165643514,0.0,0.0,0.0,0.0,0.12223587884189085,0.04106261285829247,0.0,0.0,0.0,0.03577828921350976,0.0,0.0,0.9846599432422042
gex_possorted_bam_SJSO3:AACCTTGCAAAGCTAAx-M1,0.0,0.44963746848146,1.0,0.011117271102218296,0.0,0.0,1.0,0.0,0.8710257341668047,0.28022240363588186,0.7923306466092227,1.0,0.37283432663479144,1.0,0.0,1.0,1.0,0.0,0.5499726706811882,0.0,0.0,0.0,0.0,0.0,1.0,0.10694700289959398,1.0,0.45044357563392484,0.0,0.05139836979831846,1.0,0.0,0.0,0.07101007648944625,1.0,0.0,1.0,0.0,0.0,1.0,0.22355328184098727,1.0,1.0,1.0,0.0,0.0,1.0,1.0,0.20350875652355374,0.0,0.2138340187236216,0.03631024677075614,0.0
gex_possorted_bam_SJSO3:AAGAATCAGTAGCTTAx-M1,0.0,0.0,1.0,0.015826710453755756,0.8883866497024728,0.8335777102113306,1.0,0.35988953790005374,0.3150116754969584,0.06173359982896139,1.0,0.0,0.06901895459419817,0.0,0.0,0.0,1.0,1.0,0.0,1.0,0.8394782740876424,0.8332298644392825,0.1522559252773341,0.43883828690242677,0.040417793708366616,0.013915944739859205,0.8022552000587143,0.0,0.0,0.0,0.0078052934452025055,0.7124475968843113,0.18039549983032593,0.0,0.4569426644675319,0.024636729961235997,0.0,0.0,0.14584174431576433,0.312368062587897,0.8381480622818158,0.0,0.0,1.0,0.036632959253150715,0.06595977505815673,0.6242985475908132,0.34883963357525366,0.0686661725115027,0.1718673612265156,0.0,0.0,1.0
gex_possorted_bam_SJSO3:AACGCCCAGGCTGTGCx-M1,0.0,0.0,0.11389004818668232,0.0,0.0,0.0,0.7720835244674438,0.0,1.0,0.0,1.0,0.6026867208815322,0.22401413856040361,1.0,0.0,1.0,1.0,0.24733580936789462,0.7405188041311783,0.0,0.0,0.0,0.0,0.0,1.0,0.039489894528889076,1.0,0.0,0.14773156423874464,0.0,0.0,0.0,0.0,0.0,1.0,0.0,1.0,0.0,0.0,1.0,0.0,1.0,1.0,1.0,0.0,0.0,1.0,1.0,0.0,0.0,0.33254023024092155,0.0,0.0
gex_possorted_bam_SJSO3:AACGCCCAGGCGCACTx-M1,0.03958672485889619,0.0,0.4725109331815155,0.0,0.5992357582189722,0.4267563237594928,0.0,0.14888884142925066,0.0,0.0,1.0,0.0,0.0,0.0,0.0,0.0,1.0,1.0,0.0,1.0,0.7682702198396653,0.7785714655382336,0.1446490868792274,0.5446728713531666,0.0,0.0,0.6511273550241307,0.0,0.0,0.0,0.0,0.37058943017636525,0.2139372016133833,0.0,0.3132839383189581,0.0,0.0,0.0,0.039956021877054326,0.039029362710614496,0.34820336944846386,0.0,0.0,0.0661483085758945,0.16240673924063206,0.0,0.023725422340247864,0.3432705591834724,0.0,0.0,0.0,0.0,1.0
gex_possorted_bam_SJSO3:AACTGTTCATTGACATx-M1,0.0,0.0,0.05233196940594131,0.0,0.36588193067278557,0.0927187968563541,0.0,0.1593709842000489,0.0,0.0,0.9628277526953778,0.0,0.0,0.0,0.0,0.0,1.0,1.0,0.0,1.0,0.5021121666311813,0.6249005127003329,0.08172835759745868,0.46311179020431326,0.0,0.0,0.6860428717426427,0.0,0.0,0.0,0.0,0.40197262281001434,0.11273811415613386,0.0,0.2808089477179563,0.0,0.0,0.0,0.0,0.0,0.4706150498593989,0.0,0.0,0.0,0.0,0.0,0.0,0.507847452816424,0.0,0.0,0.0,0.0,1.0
gex_possorted_bam_SJSO3:AACTCACAGACAGGTAx-M1,0.0,0.5416004698779598,0.9878612993894139,0.20709722705877123,0.0,0.0,1.0,0.0,1.0,0.025217657468627808,1.0,0.8982260808318077,1.0,1.0,0.0,1.0,1.0,0.7172221385789778,1.0,0.0,0.0,0.0,0.0,0.0,1.0,0.3465184626519052,1.0,0.6152067173734067,0.7733105638081345,0.271936570795762,1.0,0.0,0.0,0.13248838463183524,1.0,0.0,1.0,0.0,0.0,1.0,0.0,1.0,1.0,1.0,0.0,0.09959952034904422,1.0,1.0,0.34591557260981615,0.0036151080370665054,0.8280523456529351,0.27441372853767804,0.0
gex_possorted_bam_SJSO3:AACTGTTCATTATGACx-M1,0.09366158562277643,0.0,0.1915575648075446,0.044050779074056454,0.3528169152609494,0.3612282967327083,0.0,0.05235943982172519,0.0,0.04671360170240905,0.7977608670393251,0.0,0.0,0.0,0.09955398342546018,0.0,0.8060141926584167,0.6697436608146504,0.0,1.0,0.735142363728614,0.8129651402238919,0.2009816614619213,0.7468092020137749,0.0,0.0,0.36930291429721185,0.0,0.0,0.038684863783561535,0.4398784184268978,0.236432727962919,0.2335597022370497,0.0,0.21459641784359407,0.09329052083878481,0.0,0.07268594110408852,0.09255195743635734,0.2737199004536477,0.0,0.0,0.0,0.0,0.19340599603898148,0.06543858995107982,0.0,0.1942830829028936,0.0031947570658367335,0.09905276631731154,0.0,0.03278036755808657,1.0
gex_possorted_bam_SJSO3:AACCTTAAGCCACAATx-M1,0.2061958838655589,0.0,0.5625849000648504,0.11948266887564182,1.0,1.0,0.0,0.024392446720005626,0.0,0.39038149437624986,1.0,0.0,0.0,0.0,0.29759344130927246,0.0,1.0,1.0,0.0,1.0,0.9899648029378892,1.0,0.3736704010887687,0.8664790935783089,0.0,0.09619151631385423,0.28374979998505157,0.09322982937469917,0.0,0.3756927644524803,0.6814703037374239,0.48674569641399784,0.3543740702586992,0.10077963698392658,0.1276072019993532,0.2503209246178343,0.0,0.13451833679088288,0.1986702591672367,0.0848500571490741,0.0,0.0,0.0,0.0,0.5213506929300004,0.20302205130911485,0.0,0.02250442468743382,0.19016809533116447,0.49679708683404095,0.0,0.23550069849010394,1.0
gex_possorted_bam_SJSO3:AAGAACAGTGCTCCACx-M1,0.0,0.0,0.08163435259710558,0.0,0.0,0.0,0.734655322456642,0.0,1.0,0.0,1.0,0.45272499346185,0.018261646524670404,1.0,0.0,1.0,1.0,0.9617154741491125,0.996921757930746,0.0,0.0,0.0,0.0,0.0,1.0,0.027294669879402562,1.0,0.007810878714202091,0.12757402991236289,0.0,0.0,0.0,0.0,0.0034648054223583545,1.0,0.0,1.0,0.0,0.0,1.0,0.0,1.0,1.0,1.0,0.0,0.0,1.0,1.0,0.0,0.0,0.17121952442823798,0.0,0.0
gex_possorted_bam_SJSO3:AAGAATCAGGACAATGx-M1,0.0,0.222756982375605,1.0,0.04162426484156972,0.0,0.01761753321241329,1.0,0.0,1.0,0.0,1.0,0.7192271559389318,0.8376698972418759,1.0,0.0,1.0,1.0,0.7987704455720469,1.0,0.0,0.0,0.0,0.0,0.0,1.0,0.23043870097432978,1.0,0.3582062697990519,0.08225823350843865,0.13749871506972083,1.0,0.0,0.0,0.024998621263274373,1.0,0.0,1.0,0.0,0.0,1.0,0.0,1.0,1.0,1.0,0.0,0.0,1.0,1.0,0.18025297301019363,0.0,0.4477473467140544,0.1499050634869348,0.0
gex_possorted_bam_SJSO3:AACCTCCTCTCAATAGx-M1,0.0,0.0,0.15619745777340188,0.0,0.0,0.0,0.8652939242461087,0.0,1.0,0.0,1.0,0.7510623998395088,0.0716932135345838,1.0,0.0,1.0,1.0,0.352532134736632,0.6765974551778572,0.0,0.0,0.0,0.0,0.0,1.0,0.00962102453015652,1.0,0.0,0.05392873708523816,0.0,0.0,0.0,0.0,0.0,1.0,0.0,1.0,0.0,0.0,1.0,0.0,1.0,0.7759208216009371,0.6266231489762638,0.0,0.0,0.8629775440725904,1.0,0.0,0.0,0.19855732600379944,0.0,0.0
gex_possorted_bam_SJSO3:AAGAACAGTCCTAACTx-M1,0.03715477193267841,0.0,0.2556637348989002,0.0,0.5635400060166037,0.3704522470560748,0.0,0.0,0.0,0.0,1.0,0.0,0.0,0.0,0.030850816102268554,0.0,1.0,1.0,0.0,1.0,0.664852149484603,0.8398401679150528,0.17894159772993448,0.6499443243493964,0.0,0.0,0.41643913264570726,0.0,0.0,0.02323459175957004,0.0,0.2844446459515489,0.19392887794735222,0.0,0.14504813571866082,0.0,0.0,0.010131866315225542,0.0,0.0,0.0,0.0,0.0,0.0,0.11190481720760054,0.0,0.0,0.3190307431220138,0.0,0.12400598037437335,0.0,0.0,1.0
gex_possorted_bam_SJSO3:AACTAGCTCCCTCTAAx-M1,0.042997913749837476,0.0,0.0,0.0,0.2874623679345117,0.1418498525881616,0.0,0.0,0.0,0.0,0.9155127345053878,0.0,0.0,0.0,0.0,0.0,0.8964009095377479,1.0,0.0,1.0,0.5413950641507526,0.6808284282106524,0.14605815651940346,0.6383486959025635,0.0,0.0,0.48633058373534005,0.0,0.0,0.0,0.0,0.13738285571991576,0.14149561021386894,0.0,0.23780431099291766,0.0,0.0,0.04911009990091846,0.0,0.0,0.0,0.0,0.0,0.0,0.04638635236931841,0.0,0.0,0.36479640162570237,0.0,0.0,0.0,0.0,0.8337068525114565
gex_possorted_bam_SJSO3:AACCTCCTCCTAATAGx-M1,0.0,1.0,1.0,0.29762167748776625,0.0,0.7197948410233382,1.0,0.0,1.0,0.34079240952012996,1.0,1.0,1.0,1.0,0.0,1.0,1.0,1.0,1.0,0.0,0.0,0.0,0.0,0.0,1.0,0.36243797434232555,1.0,0.8919583867641109,0.3433046101190722,0.46311773751208174,1.0,0.0,0.0,0.22741402650220582,1.0,0.0,1.0,0.0,0.0,1.0,0.043831061634930335,1.0,1.0,1.0,0.0,0.11605409382898947,1.0,1.0,0.48881523031748325,0.0,0.8030149116188371,0.3105167612405083,0.0
gex_possorted_bam_SJSO3:AACTAGTGTCTAACAGx-M1,0.0,0.0,0.0,0.0,0.0,0.0,0.12951882929848255,0.0,0.8205096799648374,0.0,0.9308606238164876,0.238028529171332,0.0,1.0,0.0,1.0,0.8936819852595289,0.33020259163476895,0.4408887408717013,0.0,0.0,0.0,0.0,0.0,0.6763163354790088,0.0,1.0,0.0,0.018537801780232375,0.0,0.0,0.0,0.0,0.0,1.0,0.0,1.0,0.0,0.0,0.7972875461539203,0.0,1.0,0.38552435974698196,0.0,0.0,0.0,0.5233018777534585,1.0,0.0,0.0,0.10248638024234152,0.0,0.0
gex_possorted_bam_SJSO3:AAGACATAGGACAACAx-M1,0.0,0.0,0.301416109778758,0.0,0.0,0.0,0.8148984404614144,0.0,1.0,0.0,0.8582204374271556,0.6315633396460806,0.10394651023070506,1.0,0.0,1.0,0.9719151634453471,0.08772370931284737,0.5858694718623779,0.0,0.0,0.0,0.0,0.0,1.0,0.06493771232632511,1.0,0.034602367888866,0.0,0.0,0.0,0.0,0.0,0.0,1.0,0.0,1.0,0.0,0.0,1.0,0.0,1.0,1.0,1.0,0.0,0.0,1.0,1.0,0.0,0.0,0.3524841948622765,0.0,0.0
gex_possorted_bam_SJSO3:AACTTAGTCCTAATTCx-M1,0.0,0.10161209380579342,1.0,0.05914694876356323,0.0,0.0,1.0,0.0,1.0,0.0,1.0,0.678168606374423,0.6213028407110206,1.0,0.0,1.0,1.0,0.1137253452021829,0.8236757647544459,0.0,0.0,0.0,0.0,0.0,1.0,0.18827780415352302,1.0,0.29375466358238594,0.2845369498731083,0.0871416013163367,1.0,0.0,0.0,0.0,1.0,0.0,1.0,0.0,0.0,1.0,0.0,1.0,1.0,1.0,0.0,0.0071886158725533375,1.0,1.0,0.15242313889531053,0.0,0.455226350200402,0.09924295868517095,0.0
gex_possorted_bam_SJSO3:AACGCCCAGGGCTTTGx-M1,0.0,0.11060525499242449,0.36758526584397433,0.0,0.0,0.0,0.0,0.0,0.0,0.0,0.9784424583275398,0.0,0.6822484830153906,1.0,0.0,1.0,0.510301658072708,0.27486716201058814,0.8919613607016877,0.0,0.0,0.0,0.0,0.0,1.0,0.0,1.0,0.0,1.0,0.056488568695870406,0.0,0.4098552883214407,0.0,0.183135147143885,1.0,0.0,0.680103227259747,0.0,0.0,1.0,0.39920313135145324,0.0,0.2949210193677281,0.0,0.0,0.0,0.6975497760802903,0.3314601200257952,0.0,0.0,0.6839758149684343,0.0,0.0
gex_possorted_bam_SJSO3:AACTTAGTCTCACACCx-M1,0.10805544513269318,0.0,0.885073935150919,0.03244732219407775,0.6830466759162653,0.9685061306990359,0.0,0.019520862936940532,0.0,0.39909324145057984,1.0,0.0,0.04274558735509521,0.0,0.28025185903461786,0.0,1.0,1.0,0.0,1.0,0.9104673352624653,1.0,0.2589150999151242,0.8412221588713595,0.0,0.005187579447589965,0.3238386370730617,0.0,0.0,0.252721538705551,1.0,0.32037815319135016,0.2856365781223746,0.040869458004349636,0.2280362580414811,0.22747967709381894,0.0,0.045847186943847325,0.1794747510115718,0.3227542803492007,0.0,0.0,0.0,0.4866277857247279,0.35594544291215524,0.16118491603961904,0.0,0.0,0.1775295999596509,0.3663363074835845,0.01534191160905319,0.14187403925709824,1.0
gex_possorted_bam_SJSO3:AAGACATAGGAAGCTAx-M1,0.0,0.0,0.0,0.008365253840589854,0.0,0.0,0.7328600999461619,0.05507353145832937,0.9763045704077171,0.0,0.7431942876614692,0.5444450655781338,0.0,1.0,0.0,1.0,0.8669909583702222,0.17830995855625234,0.5484103014232818,0.0,0.0,0.0,0.0,0.0,0.9902037412870948,0.039431667658159565,1.0,0.0,0.1279509508845683,0.0,0.0,0.0,0.0,0.0,1.0,0.0,1.0,0.0,0.0,1.0,0.1052590215046864,1.0,0.7527713259349692,0.5468691351924051,0.0,0.0,0.8305542950416936,1.0,0.0,0.0,0.28130225599278497,0.0,0.0
gex_possorted_bam_SJSO3:AACTACTCATGTCAGCx-M1,0.0,0.0,0.07645521403305701,0.0,0.0,0.0,0.42236095731019996,0.0,0.7690900786136636,0.0,1.0,0.5396267839263249,0.0,0.933468691734993,0.0,1.0,0.9267091952887809,0.052912708116909624,0.4271745054752961,0.0,0.0,0.0,0.0,0.0,0.7821397970123598,0.0,1.0,0.0,0.0,0.0,0.0,0.0,0.0,0.0,1.0,0.0,1.0,0.0,0.0,1.0,0.0,1.0,0.8546661555080796,0.7658963079966549,0.0,0.0,0.852965660998204,1.0,0.0,0.0,0.14104075855189854,0.0,0.0
gex_possorted_bam_SJSO3:AAGAACAGTATTGTGGx-M1,0.23957664195262118,1.0,0.8597631090090434,0.33271282456585455,0.10903788507709106,0.5056110791622048,1.0,0.5822103449765839,0.2901727329570621,1.0,0.0,1.0,0.1435595174242307,0.0,0.8125682286153231,0.46932288905838165,0.06663351371034522,0.0,0.0,1.0,0.5760914054300489,0.5187462960372248,0.34955084388946384,0.738455095887732,0.014244981033123372,0.1510502773114717,0.0,0.5846807421946532,0.6068088428849049,0.3025243960466394,1.0,0.0,0.4105838160988751,0.6006721867524125,0.40918235941630837,0.6260728298779031,0.5159294377981531,0.2884552368895852,0.6259931159107089,1.0,0.6300829933314053,0.8228253104545401,0.0,0.5975961541528616,0.3927347545698885,0.43612463197596374,0.0,0.0,0.5220892111505061,0.6176195960807961,0.27386235852381846,0.3005666578746425,0.7701228278888752
gex_possorted_bam_SJSO3:AACCTCACAACTAGGGx-M1,0.0,0.0,0.0,0.0,0.1393336619486158,0.0,0.0,0.0,0.0,0.0,0.7938407667927624,0.0,0.0,0.0,0.0,0.0,0.7464635702379047,0.83422141273491,0.0,0.5009817219373431,0.263386638900561,0.44777979053973876,0.0744981041952825,0.4470943644630647,0.0,0.0,0.6258868592614883,0.0,0.0,0.0,0.0,0.09623747933997591,0.03890865091530737,0.0,0.3854747540209572,0.0,0.0,0.0,0.0,0.04056656256412801,0.012595416447133467,0.0,0.0,0.0,0.0,0.0,0.0,0.5999430421311671,0.0,0.0,0.0,0.0,0.5186089737088627
gex_possorted_bam_SJSO3:AAGAATCAGGCATGAAx-M1,0.0,0.9198586614708845,1.0,0.3545211837981469,0.3450167064080567,0.20010881225785804,1.0,0.6261087235718915,1.0,0.45284772373244775,1.0,0.7073703255003242,1.0,1.0,0.0,1.0,1.0,1.0,1.0,0.0,0.0,0.0,0.0,0.0,1.0,0.5895380960504519,1.0,0.7201782569376054,1.0,0.0,1.0,0.3464192790901145,0.0,0.2843430024391259,1.0,0.0,1.0,0.0,0.0,1.0,1.0,1.0,1.0,1.0,0.0,0.2718541290265373,1.0,1.0,0.5542081564024433,0.436439295703754,0.6271081341394772,0.2557331381432434,0.5301675820299273
gex_possorted_bam_SJSO3:AACCTCACAAAGGCCAx-M1,0.054440759430096276,0.0,0.0,0.0,0.2165942442060425,0.18496874465344043,0.0,0.0,0.0,0.0,1.0,0.0,0.0,0.0,0.0,0.0,1.0,1.0,0.0,1.0,0.5935850429581685,0.7272371075484257,0.15487544995973523,0.6539457556565015,0.0,0.0,0.40947155308774047,0.0,0.0,0.0,0.0,0.1634545830245842,0.16770809839820142,0.0,0.2503400071692695,0.0,0.0,0.027420098022973807,0.0,0.0,0.0,0.0,0.0,0.0,0.0757887938176618,0.0,0.0,0.3033137205668213,0.0,0.0,0.0,0.0,0.9624512311519255
gex_possorted_bam_SJSO3:AACGGTAAGGACAATGx-M1,0.0,0.0,0.0,0.0,0.0,0.0,0.47563752391311176,0.010510216162583455,0.9292560260095616,0.0,1.0,0.26553382760440297,0.12137590696770865,1.0,0.0,1.0,0.9878224096965224,0.6746772939595403,0.8457598271289647,0.0,0.0,0.0,0.0,0.0,1.0,0.015926699561557105,1.0,0.0,0.21828661630274274,0.0,0.0,0.0,0.0,0.0,1.0,0.0,1.0,0.0,0.0,0.9639546967956292,0.0,1.0,0.7192862378277232,0.05509482237649603,0.0,0.0,0.9575333582494929,1.0,0.0,0.0,0.31326118704990386,0.0,0.0
gex_possorted_bam_SJSO3:AACCTAATCGATTTGAx-M1,0.0,0.0,0.036352937095421145,0.0,0.0,0.0,0.2910056285352269,0.0,0.7002369419240675,0.0,0.9852067045340833,0.3351857211821756,0.0,0.7980064193188707,0.0,1.0,0.9357661458030682,0.1328761045982709,0.3262429215225884,0.0,0.0,0.0,0.0,0.0,0.5333058106231081,0.0,1.0,0.0,0.0,0.0,0.0,0.0,0.0,0.0,1.0,0.0,1.0,0.0,0.0,0.9676264853297545,0.0,1.0,0.5486462724797228,0.3927455463715126,0.0,0.0,0.4547979164637953,1.0,0.0,0.0,0.11411468704813924,0.0,0.0
gex_possorted_bam_SJSO3:AACTGTTCAGCAGGTAx-M1,0.0,0.0,0.0,0.0,0.0,0.0,0.5999957730186694,0.0,1.0,0.0,1.0,0.279955575648262,0.1349637347806051,1.0,0.0,1.0,1.0,0.962888976608579,0.9600817064581298,0.0,0.0,0.0,0.0,0.0,1.0,0.022865611483380816,1.0,0.0,0.0832261137749127,0.0,0.0,0.0,0.0,0.0,1.0,0.0,1.0,0.0,0.0,1.0,0.0,1.0,0.969099963490413,0.6134596676738827,0.0,0.0,1.0,1.0,0.0,0.0,0.17863598955967624,0.0,0.0
gex_possorted_bam_SJSO3:AACGACAAGCACAGCCx-M1,0.0,0.22778063633732604,1.0,0.03767459750901672,0.0,0.0,1.0,0.00037846209999043264,1.0,0.0,1.0,0.49967752912686403,0.6623376687917045,1.0,0.0,1.0,1.0,0.25927134305814187,0.7503314907349148,0.0,0.0,0.0,0.0,0.0,1.0,0.1620224819495177,1.0,0.26852134206733136,0.19754086999554019,0.0,0.9090232892933733,0.11348089179428658,0.0,0.04287366269519737,1.0,0.0,1.0,0.0,0.0,1.0,0.20568376671088312,1.0,1.0,1.0,0.0,0.0,1.0,1.0,0.14960943382463768,0.0,0.29593171136286395,0.021377088299194935,0.009134223983904517
gex_possorted_bam_SJSO3:AACCTAATCTTGCAAAx-M1,0.0,0.1547131193171022,0.7794034588438937,0.035426602955263314,0.0,0.0,1.0,0.0,1.0,0.0,1.0,0.6117041764091211,0.4554910715779253,1.0,0.0,1.0,1.0,0.10503710931077698,0.7345117338623842,0.0,0.0,0.0,0.0,0.0,1.0,0.11168169335322518,1.0,0.16923214610753523,0.2084601194580922,0.0,0.6084211602820625,0.0,0.0,0.0,1.0,0.0,1.0,0.0,0.0,1.0,0.0,1.0,1.0,1.0,0.0,0.0,1.0,1.0,0.05481376992135287,0.0,0.36599667902646155,0.03571054785889376,0.0
gex_possorted_bam_SJSO3:AACTAGTGTTTGCGCCx-M1,0.0,0.0,0.530146044624423,0.0,0.22526743844902575,0.0,0.0,0.0006563322851594911,0.0,0.12471883376921113,0.2860193593123933,0.0,0.0,0.0,0.09771859319118567,0.0,0.4010561949719869,0.0,0.0,1.0,0.34437990354324544,0.5927515068484346,0.10558753696373187,0.5646846504617435,0.0,0.0,0.34979034164525497,0.0,0.0,0.0,0.3744678710146737,0.026607893531727298,0.09667810960836073,0.0,0.25147805222427144,0.027774468211312592,0.0,0.0,0.01867466111657254,0.3044327890670263,0.0,0.0,0.0,0.0,0.01301547786164027,0.0,0.0,0.04703534339985151,0.0,0.061448666073384534,0.0,0.0,0.9814969049391209
gex_possorted_bam_SJSO3:AACGCCCAGTAACTCAx-M1,0.4441549390139757,0.07763760642443744,0.43932859647085915,0.2615726251780632,1.0,1.0,0.0,0.18814744438788086,0.0,0.47112195583733557,1.0,0.0,0.1645640342800408,0.0,0.4645663224602677,0.12112115526090722,1.0,1.0,0.5303158487983712,1.0,1.0,1.0,0.5410246153590169,1.0,0.0,0.1617974429626443,0.14782051183837103,0.4553461564297767,0.1948820617720806,0.5160943598727452,0.8720268324523306,0.5057550573898444,0.5145629324609567,0.16705045632741108,0.11598523047364596,0.4791757207544869,0.0,0.31982209442558657,0.4299746881146054,0.17255334307859962,0.0,0.0,0.049088740433853896,0.13953954141291092,0.6339443168111861,0.35634937369221775,0.0,0.24122354947138924,0.3510138582685156,0.4502054333137747,0.0,0.427314297051695,1.0
gex_possorted_bam_SJSO3:AAGAACAGTCACAAATx-M1,0.0,0.13093849416671693,0.0,0.0,0.0,0.0,0.12749136986132492,0.09006336636380974,0.0,0.0,0.0,0.48708754097610807,0.0,0.0,0.08595368090632459,0.0,0.22258633742476708,0.0,0.0,0.9212179876626468,0.0459290351435714,0.10057286229594357,0.0,0.3766557283741113,0.0,0.0,0.3925613305007208,0.0,0.0,0.0,0.0,0.0,0.0009637284694299419,0.12041184253109923,0.4804536486169184,0.0,0.17629884232000417,0.0,0.05486799542468277,0.40708057620834454,0.1526730184712405,0.45944764481309586,0.0,0.0,0.0,0.0,0.0,0.21731797502143133,0.0,0.0,0.0,0.0,0.018023308574614417
gex_possorted_bam_SJSO3:AACCTCACAGGGAGCTx-M1,0.0,0.07037149885995328,0.28812060622800567,0.0,0.022687788222551273,0.0,0.0,0.044438112902815276,0.0,0.16837242891334486,0.14938680238682592,0.0,0.0,0.0,0.15829898421376437,0.0,0.32994605102733165,0.0,0.0,1.0,0.3910424419481367,0.5165407231483177,0.06495750848034325,0.5737259350903072,0.0,0.0,0.2930990976281855,0.0,0.021600412916342623,0.0,0.8033191659235194,0.0,0.08420235133995653,0.06487934350012492,0.3912545113890207,0.10071304232645281,0.1123348468272884,0.0,0.06775550537431263,0.512870857162303,0.0,0.0018512589598203523,0.0,0.0,0.003342696282015359,0.037363537912558004,0.0,0.0,0.0,0.0019045297397619228,0.0,0.0,0.7575732352336804
gex_possorted_bam_SJSO3:AAGCATGAGACAAAGTx-M1,0.05557038077632795,0.0,0.0,0.0,0.24759043802811412,0.26862412469487906,0.0,0.0,0.0,0.0,1.0,0.0,0.0,0.0,0.0,0.0,0.9976640663294704,1.0,0.0,0.9111764379331513,0.5715956032177187,0.7800674578280468,0.13130499186024602,0.7152256457346439,0.0,0.0,0.4360002099688441,0.0,0.0,0.0002306427270155239,0.0,0.1366993125671045,0.13148848203480817,0.0,0.19046768809755196,0.0,0.0,0.05405301297277343,0.0,0.0,0.0,0.0,0.0,0.0,0.034800540110446976,0.0,0.0,0.3136098981895982,0.0,0.0,0.0,0.0,0.7312681974877678
gex_possorted_bam_SJSO3:AAGCTAGAGCTTGCTCx-M1,0.0,1.0,1.0,0.609052917658174,0.0,0.70539226195696,1.0,0.2086816853952398,1.0,0.6032795243134688,1.0,1.0,1.0,1.0,0.05009150729685165,1.0,1.0,1.0,1.0,0.0,0.0,0.0,0.0,0.0,1.0,0.8618049154766254,1.0,1.0,0.8534682240588453,0.8721387011830679,1.0,0.0,0.0,0.5362204806508964,1.0,0.004428140334437636,1.0,0.0592346746914302,0.0,1.0,0.04125292932411815,1.0,1.0,1.0,0.0,0.36143600565086853,1.0,1.0,0.8322642309054125,0.10696977809916991,1.0,0.6448764120607372,0.0
gex_possorted_bam_SJSO3:AAGCGTTTCCGCACAAx-M1,0.0,0.11724546358685256,1.0,0.0016941603441841969,0.0,0.0,1.0,0.0,1.0,0.0,0.9755676217150424,0.9289819319863077,0.5019262953157263,1.0,0.0,1.0,1.0,0.0,0.4666491487279854,0.0,0.0,0.0,0.0,0.0,1.0,0.09605163412542272,1.0,0.22882087280732316,0.09578503988820056,0.0,0.9427824948544223,0.0,0.0,0.0,1.0,0.0,1.0,0.0,0.0,1.0,0.0,1.0,1.0,1.0,0.0,0.0,1.0,1.0,0.11689190562285057,0.0,0.361148150883286,0.03356410132194332,0.0
gex_possorted_bam_SJSO3:AAGCGCTGTCGAAGTCx-M1,0.0,0.0,0.0,0.0,0.0,0.0,0.5316379103622191,0.0,0.8566498145924789,0.0,1.0,0.5013143748063116,0.06796073455534705,1.0,0.0,1.0,1.0,0.7455676395940634,0.8332897927822986,0.0,0.0,0.0,0.0,0.0,1.0,0.0,1.0,0.0,0.14036260013138113,0.0,0.0,0.0,0.0,0.0,1.0,0.0,1.0,0.0,0.0,1.0,0.0,1.0,0.870042516988601,0.5939339560779273,0.0,0.0,1.0,1.0,0.0,0.0,0.24225035562127636,0.0,0.0
gex_possorted_bam_SJSO3:AAGCCTTAGGGATTAGx-M1,0.0,0.21816284411593723,1.0,0.07200904456740556,0.03436044251898569,0.8541788400643946,1.0,0.7722088092448605,0.6152281540503627,0.503910894251613,1.0,0.5151704822888197,0.05912027718129439,1.0,0.17882770989932228,0.0025037814902904086,1.0,1.0,0.5471281379963022,1.0,0.5835168694671413,0.44164545535258665,0.1316451863041205,0.32438295910800935,0.0,0.0,0.5425844647851854,0.714018393063583,0.05731607893207509,0.0,0.0,0.5456016243221631,0.26258404160239207,0.0,0.6721673679366337,0.19356459533186132,0.008822301932996664,0.10594562789411634,0.3462260132379304,0.3436538997815867,1.0,0.27181803281754163,0.0,0.47246445549298616,0.5066526177545694,0.0,1.0,0.7340292501870892,0.0,0.29541367385172074,0.0,0.0,1.0
gex_possorted_bam_SJSO3:AAGCATGAGGTGCTGCx-M1,0.0,0.02969270791652799,0.25451126365333715,0.038450567342413394,0.0,0.0,0.7354199819032995,0.0,0.8792890251228369,0.0,1.0,0.1839848525217969,0.3935054988720763,1.0,0.0,1.0,0.9909595658513994,0.2760344419708372,0.6923050265999569,0.0,0.0,0.0,0.0,0.0,1.0,0.10018294863111972,1.0,0.025706902864496,0.2764827657993202,0.0,0.0,0.0,0.0,0.0,1.0,0.0,1.0,0.0,0.0,1.0,0.19458373601877227,1.0,1.0,1.0,0.0,0.0,0.9956131110040023,1.0,0.0,0.0,0.37970476029091005,0.021485012292906395,0.0
gex_possorted_bam_SJSO3:AAGCCTCCACCAACCGx-M1,0.0,0.0,0.0,0.0,0.0,0.0,0.36115607776250386,0.0,0.7020401479249767,0.0,1.0,0.38643325416899077,0.0,1.0,0.0,1.0,1.0,0.36334232849193726,0.46542432080881446,0.0,0.0,0.0,0.0,0.0,0.6632545486905664,0.0,1.0,0.0,0.017539501103144645,0.0,0.0,0.0,0.0,0.0,1.0,0.0,1.0,0.0,0.0,0.9823362463248997,0.0,1.0,0.4871680194914107,0.048216305571094215,0.0,0.0,0.5034466614418595,1.0,0.0,0.0,0.0961650474080045,0.0,0.0
gex_possorted_bam_SJSO3:AAGCATGAGCCTGGTAx-M1,0.0,1.0,1.0,0.14489650262548529,0.04582987071109987,0.5501116675474916,1.0,0.46703865048932325,0.235107740224965,0.9422050588351519,0.0,1.0,0.0,0.09046951598433124,0.7021538177037707,0.6212436472409806,0.8259064351697155,0.0,0.0,1.0,0.4215013333563849,0.35123940927573905,0.15087410277692068,0.5771900613185758,0.0,0.0,0.19186773610332528,0.4460974959397114,0.30598292204233973,0.01981440667005856,1.0,0.0,0.22076973635204578,0.4029041278427997,0.6883759466704291,0.42145283608166084,0.45494306855016076,0.05925443365894835,0.5285792258958556,1.0,0.6113729044085335,1.0,0.0,1.0,0.20065044687109407,0.2098788735280219,0.0,0.0,0.37766167954733637,0.37330293227171185,0.0,0.04519321874514371,0.9041478939999681
gex_possorted_bam_SJSO3:AAGCCACGTTAGGATTx-M1,0.0,0.0,1.0,0.0,0.0,0.0,1.0,0.0,1.0,0.0,1.0,0.732409508954255,0.23975295221012954,0.9623466131622535,0.0,1.0,1.0,0.0,0.5298303167124706,0.0,0.0,0.0,0.0,0.0,1.0,0.06260478193408424,1.0,0.22158335579740843,0.0,0.01960921649483328,0.9142254466328186,0.0,0.0,0.029575528203256,1.0,0.0,1.0,0.0,0.0,1.0,0.0,1.0,1.0,1.0,0.0,0.0,1.0,1.0,0.007335740311153804,0.0,0.1502391535492114,0.0,0.0
gex_possorted_bam_SJSO3:AAGCCTTAGGATCCGCx-M1,0.0,0.04457107986077902,0.0,0.0,0.0,0.0,0.03007378354783825,0.04718304473755146,0.0,0.0,0.43864029160340556,0.36169780451647154,0.0,0.3554775926615039,0.017777532264163717,0.2761120348505889,0.9103460965502169,0.4537391911192492,0.0,0.19950435318224422,0.05834472751177089,0.009354387365075564,0.0,0.22983758534351972,0.0,0.0,0.6112620263408937,0.0,0.0,0.0,0.0,0.0,0.0,0.009091317354733584,0.6186176611659134,0.0,0.14465711427478134,0.0,0.0,0.3391939169849183,0.17191812700144693,0.9878070660802685,0.0,0.0,0.0,0.0,0.0,0.851013105294574,0.0,0.0,0.0,0.0,0.0
gex_possorted_bam_SJSO3:AAGCTCCCAAGTGTTTx-M1,0.0,0.0,0.7385027051907698,0.0,0.0,0.0,0.8002171422295161,0.0,1.0,0.0,0.8279910075078686,0.8929186513899157,0.12965800387183746,0.9639484907031552,0.0,1.0,0.8339428705107516,0.0,0.3006980584077771,0.0,0.0,0.0,0.0,0.0,0.977160372805737,0.016345303551125685,1.0,0.02495500770534608,0.0,0.0,0.11587958039463685,0.0,0.0,0.0,1.0,0.0,1.0,0.0,0.0,1.0,0.0,1.0,1.0,1.0,0.0,0.0,0.7998399540821416,1.0,0.0,0.0,0.16918040474013185,0.0,0.0
gex_possorted_bam_SJSO3:AAGCTTGGTCCTAACTx-M1,0.0,0.2617880232864596,1.0,0.014494085756900857,0.0,0.0,1.0,0.0,1.0,0.0,0.9595337986040993,1.0,0.29826922314154863,1.0,0.0,1.0,1.0,0.0,0.6219045524957784,0.0,0.0,0.0,0.0,0.0,1.0,0.055165118923987067,1.0,0.17043419152350084,0.12810923439289446,0.0,0.6312304207672272,0.0,0.0,0.028571405696660883,1.0,0.0,1.0,0.0,0.0,1.0,0.06632163198875761,1.0,1.0,1.0,0.0,0.0,1.0,1.0,0.10223267857485542,0.0,0.38767183695572555,0.012590019515967223,0.0
gex_possorted_bam_SJSO3:AAGCGGGTCGCTAGTGx-M1,0.1518436287238043,0.0,0.12902096965475773,0.007780822088491182,0.7714308652237416,1.0,0.0,0.0,0.0,0.045471282815524684,1.0,0.0,0.0,0.0,0.13961448725258807,0.0,1.0,1.0,0.013228796630016082,1.0,1.0,1.0,0.2831974853808109,0.8431313655885124,0.0,0.0,0.33690516674824816,0.0,0.0,0.1944673440583634,0.23321109995648046,0.23550485911597124,0.2863599362346692,0.0,0.10502124764296034,0.11491370517714523,0.0,0.06385731951536477,0.1007217454424617,0.0,0.0,0.0,0.0,0.0,0.365204398510677,0.05024701874440727,0.0,0.19896719158252757,0.0,0.19113014583269325,0.0,0.11152007132078778,1.0
gex_possorted_bam_SJSO3:AAGCGTTTCACACAGTx-M1,0.01790174655707122,0.34901490910627675,1.0,0.053897718320866664,0.18462088260132434,0.3370248009399851,0.5485594077055252,0.1732116025187058,0.0,0.5710673769235434,0.14273313794595752,0.0,0.0,0.0,0.40147055945887955,0.19174871266282167,0.43006442268416134,0.0,0.0,1.0,0.556747673000708,0.6330521468019639,0.14904096876959388,0.653402321165865,0.0,0.0,0.20852363690091508,0.1493750795174783,0.0838708282560417,0.0519973955424097,1.0,0.0,0.19575313845308268,0.18158345855539748,0.3664979162283196,0.28906876292899863,0.22888094850312996,0.015428045776041352,0.2317516717995102,0.8539399125310626,0.0,0.023881876154331398,0.0,0.7485274073626543,0.19524301842374478,0.18214668298460096,0.0,0.0,0.2087308983934472,0.29965372808731877,0.10507935044279679,0.070367361441812,1.0
gex_possorted_bam_SJSO3:AAGCTTGGTTAAGCCAx-M1,0.0,0.07197429482285143,0.1731321102115798,0.0,0.0,0.0,0.0,0.047357864603533834,0.0,0.019120651327635664,0.0032393311247418907,0.0,0.0,0.0,0.17792327251734566,0.0,0.36010071233321556,0.0,0.0,1.0,0.28209089141320876,0.3461720045836174,0.03801055644140864,0.5009135897292586,0.0,0.0,0.33058757014816315,0.0,0.0,0.0,0.3379057467076509,0.0,0.04174426167289534,0.06538868478123779,0.4184792192037176,0.015085025256675454,0.1323061488524146,0.0,0.07092664451427828,0.4229433165650866,0.03203294673137255,0.2938880866987862,0.0,0.0,0.0,0.0,0.0,0.11851893782054077,0.0,0.0,0.0,0.0,0.353390957765017
gex_possorted_bam_SJSO3:AAGCTATGTTTATTCGx-M1,0.0,0.0,0.17790360266635938,0.0,0.0,0.0,0.0,0.004552638859726879,0.0,0.0,0.17783536747919473,0.0,0.0,0.0,0.10810386648379594,0.0,0.48398786608789685,0.0,0.0,1.0,0.3092391476417578,0.42347980321632894,0.030686511540914542,0.5381605244011123,0.0,0.0,0.39093833951160445,0.0,0.0,0.0,0.2578302839157627,0.0,0.05114319438572948,0.0,0.38921748693998953,0.0,0.1102297757990209,0.0,0.04945331938005719,0.3356982741737816,0.0,0.12414946874793456,0.0,0.0,0.0,0.0,0.0,0.02134586921944681,0.0,0.0,0.0,0.0,0.5778262185509536
gex_possorted_bam_SJSO3:AAGCGAATCTTAGGGTx-M1,0.040785925327962054,0.0,0.042760288408975805,0.0,0.29694703769267583,0.21863278193001523,0.0,0.0,0.0,0.0,0.91975047564624,0.0,0.0,0.0,0.0,0.0,0.8956937564550816,1.0,0.0,1.0,0.6008984925733931,0.7085665690843403,0.1601329921333811,0.7072036984974058,0.0,0.0,0.4059932806991943,0.0,0.0,0.0,0.0,0.14464594391867747,0.1444750099821821,0.0,0.20382059856861742,0.0,0.0,0.03667037730910507,0.0,0.0,0.0,0.0,0.0,0.0,0.0030751054370538656,0.0,0.0,0.23610030560303935,0.0,0.04216763079236283,0.0,0.0,0.9277254671687485
gex_possorted_bam_SJSO3:AAGCCTTAGGAGTCGGx-M1,0.0,0.09181674872740428,1.0,0.0,0.0,0.0,1.0,0.0,0.6945294353440077,0.0,0.974368899743041,0.9609539751187205,0.10792779918484059,0.857432070287129,0.0,1.0,1.0,0.0,0.3809117309732121,0.0,0.0,0.0,0.0,0.0,0.9392450515439245,0.0,1.0,0.11685743784888766,0.0,0.0,0.6071560557062639,0.0,0.0,0.013709312697228701,1.0,0.0,1.0,0.0,0.0,1.0,0.022559162389976677,1.0,1.0,1.0,0.0,0.0,0.9369101369848125,1.0,0.01167989557516898,0.0,0.1561355248964975,0.0,0.0
gex_possorted_bam_SJSO3:AAGCTAGAGCGATACTx-M1,0.10399139991041122,0.0,0.0,0.04305310971183573,0.16283645165322022,0.3142726596916976,0.0,0.0,0.0,0.0,1.0,0.0,0.0,0.0,0.0,0.0,0.9543878913128917,1.0,0.0,0.6326034571964,0.5534895451713889,0.711967181887572,0.13782057143946572,0.6664088429548729,0.0,0.0,0.439307570529277,0.0,0.0,0.0,0.0,0.14492122940314692,0.146646483318081,0.0,0.30244604547956555,0.02986052864884163,0.0,0.11399038839993997,0.038609342203298064,0.09417342727558992,0.0,0.0,0.0,0.0,0.15977299977631262,0.0,0.0,0.42169511520732683,0.0,0.0,0.0,0.08435393498502182,0.6259907991489958
gex_possorted_bam_SJSO3:AAGCGCTGTCTCAGCCx-M1,0.09354120128365284,0.0,1.0,0.057706481854043916,0.9212191303092959,0.9798769430257332,0.0,0.07957794131478177,0.0,0.4804691083962648,1.0,0.0,0.0,0.0,0.2602828696168605,0.0,1.0,1.0,0.0,1.0,0.873871485583119,0.9344110985170809,0.27964071630842247,0.7393594692869265,0.0,0.060353605215746016,0.40292458704874984,0.08792080599733272,0.0,0.2281017450745419,0.6174552307588426,0.3868111579888992,0.2951876182184552,0.0,0.26034156010458215,0.17527558708198296,0.0,0.07674812758224729,0.2390117753225457,0.28473275993271446,0.30835239715952184,0.0,0.0,0.8008104242052239,0.29405490274200313,0.11813034840886946,0.2139650683942637,0.1706632023236929,0.1898051512932176,0.44105757827672193,0.0,0.0657437521483894,1.0
gex_possorted_bam_SJSO3:AAGCCACGTGTTAGCAx-M1,0.0,0.8666014493841749,1.0,0.02173070639442024,0.0,0.3227374153616464,1.0,0.28135385870411234,0.0,0.7072681799358168,0.0,0.5332841734980471,0.0,0.0,0.5017637908777204,0.6365964354753392,0.6287399682492532,0.0,0.0,1.0,0.3240890842986094,0.34323967479984446,0.05247488539808388,0.5765766098545596,0.0,0.0,0.1740446558592502,0.29541903870000213,0.0,0.0,1.0,0.0,0.1172989049602587,0.26348587542408963,0.46712555865940625,0.27216977603857057,0.28232243002561785,0.0,0.3022002436155772,1.0,0.2056678070495982,0.6553453140948214,0.0,0.7074127984697295,0.11570929264886441,0.09778058930813938,0.0,0.0,0.21795319051044512,0.20061969405988184,0.0,0.0,0.6096785646362725
gex_possorted_bam_SJSO3:AAGCCTCCAAATGCCCx-M1,0.0,0.15500694498461223,1.0,0.04207780364510973,0.0,0.0,1.0,0.0,1.0,0.0,1.0,0.7673160437598029,0.5294224433666067,1.0,0.0,1.0,1.0,0.06791803663137719,0.8879355943073848,0.0,0.0,0.0,0.0,0.0,1.0,0.1336118999939569,1.0,0.2863605766040007,0.2991795741320916,0.08009415974068845,0.8853125958608427,0.0,0.0,0.012030177074481181,1.0,0.0,1.0,0.0,0.0,1.0,0.0,1.0,1.0,1.0,0.0,0.0,1.0,1.0,0.13649725516126351,0.0,0.41644269685520163,0.09828703538570288,0.0
gex_possorted_bam_SJSO3:AAGCCTTAGGACCTGCx-M1,0.07891417648719595,0.0,0.0,0.0,0.38509133580462024,0.3406661605482712,0.0,0.0,0.0,0.0,1.0,0.0,0.0,0.0,0.02134412855640759,0.0,0.8695155790063233,1.0,0.0,1.0,0.6651807571202075,0.8163530090450997,0.1836459119637705,0.6577799698859659,0.0,0.0,0.4378960604156069,0.0,0.0,0.0,0.0,0.02883557645877567,0.15935098782825308,0.0,0.23170710950555343,0.012905256373720305,0.0,0.00991141300871835,0.0,0.0,0.0,0.0,0.0,0.0,0.07685164952891066,0.01364130333493711,0.0,0.22498888564591105,0.0,0.0,0.0,0.0031899524762396556,0.9665648864781595
gex_possorted_bam_SJSO3:AAGCCTCCACATTAACx-M1,0.0,0.0,1.0,0.0,0.0,0.0,1.0,0.0,1.0,0.0,0.6781679766011015,0.8641479994259615,0.46576981089336017,1.0,0.0,1.0,0.7447954490810753,0.0,0.38499124940608553,0.0,0.0,0.0,0.0,0.0,1.0,0.07895413972779682,1.0,0.2018871439112625,0.08098503630000052,0.0,0.7554639414839837,0.0,0.0,0.01707626039531187,1.0,0.0,1.0,0.0,0.0,1.0,0.0318054999909524,1.0,1.0,1.0,0.0,0.0,1.0,1.0,0.08427759093039185,0.0,0.33294710556723006,0.0158189148799726,0.0
gex_possorted_bam_SJSO3:AAGCCTTAGACTATTGx-M1,0.0,0.2995204783968084,1.0,0.061918128426326456,0.0,0.0,1.0,0.0,1.0,0.038169633746024396,1.0,0.8960764420079744,0.6975398266181873,1.0,0.0,1.0,1.0,0.5094184429396442,1.0,0.0,0.0,0.0,0.0,0.0,1.0,0.1907276997394657,1.0,0.4170904948996121,0.013079255108663744,0.11701679249234687,1.0,0.0,0.0,0.023292004000999046,1.0,0.0,1.0,0.0,0.0,1.0,0.0,1.0,1.0,1.0,0.0,0.0,1.0,1.0,0.18662404675912245,0.0,0.39463753301133864,0.11775431773940843,0.0
gex_possorted_bam_SJSO3:AAGCGAATCAGCATTAx-M1,0.0,0.11063746683628774,0.0,0.0,0.0,0.0,0.0,0.045609842173413635,0.0,0.0,0.0032726000559884796,0.2512402617433511,0.0,0.0,0.15732413763672334,0.0,0.49593337325092907,0.0,0.0,1.0,0.2834035043571827,0.301473872193015,0.03503921064818679,0.5448684362099635,0.0,0.0,0.2754994176047574,0.0,0.0,0.0,0.04083510651030771,0.0,0.04566464582369278,0.059661295123278814,0.41919462928790385,0.01152558434169336,0.0,0.0,0.1054490019734233,0.2889204328411767,0.11352914544566042,0.44681273569095087,0.0,0.0,0.0,0.0,0.0,0.07206702063658531,0.0,0.0,0.0,0.0,0.2169076618756606
gex_possorted_bam_SJSO3:AAGCATGAGTTCCTCAx-M1,0.04870400038711943,0.0,0.07906508276564439,0.0,0.4249236623140793,0.2212286559043738,0.0,0.0,0.0,0.0,0.9905624695528376,0.0,0.0,0.0,0.0,0.0,1.0,1.0,0.0,1.0,0.7003916282586482,0.7663975499102721,0.164300282522285,0.7189842778930414,0.0,0.0,0.5049466090782124,0.0,0.0,0.0,0.0,0.3531289292445068,0.19748511723871923,0.0,0.2051864576155215,0.0,0.0,0.05688808108099197,0.0,0.0,0.10762786658156752,0.0,0.0,0.0,0.08701844666232608,0.0,0.0,0.2616107780405999,0.0,0.0,0.0,0.0,1.0
gex_possorted_bam_SJSO3:AAGCTATGTTCCTGTGx-M1,0.0071903228928878555,1.0,1.0,0.1310270918113174,0.131055877788185,0.38653607176315097,1.0,0.3665294898325209,0.08901691563660533,0.9941688061253766,0.0,0.6210335776999613,0.0,0.0,0.6405889924287236,0.4755606985791937,0.20882750570238645,0.0,0.0,1.0,0.4288374085314634,0.491692528598187,0.17762440622320094,0.6193028724715771,0.0,0.0,0.08746080137508613,0.41951645643823093,0.3495461411232704,0.10056679456605085,1.0,0.0,0.23117202323613853,0.4082837369801544,0.4647308692732411,0.45121929898803126,0.493199911075133,0.05396974145422052,0.40672409265184445,1.0,0.2082109143740229,0.45630670531254097,0.0,1.0,0.21545433633334385,0.2898150372383868,0.0,0.0,0.42003070970109957,0.5368617430604428,0.20803311907375746,0.12512601536422516,1.0
gex_possorted_bam_SJSO3:AAGCGGGTCCAGGGAGx-M1,0.0,0.0,0.21851557870016725,0.0,0.0,0.0,0.797944314333714,0.0,1.0,0.0,1.0,0.412121153980205,0.19926113603569343,1.0,0.0,1.0,1.0,0.6548872964576741,0.8956963108366169,0.0,0.0,0.0,0.0,0.0,1.0,0.03563806900269355,1.0,0.0,0.0,0.0,0.0,0.03153047707309725,0.0,0.0,1.0,0.0,1.0,0.0,0.0,1.0,0.0,1.0,1.0,1.0,0.0,0.0,1.0,1.0,0.0,0.0,0.26850665839513344,0.0,0.0
gex_possorted_bam_SJSO3:AAGGATGTCCTCCATAx-M1,0.0,0.0,1.0,0.0,0.0,0.0,0.6293001814836295,0.0,0.29004784148394425,0.13524994977370758,0.5380506526568496,0.18706508969859947,0.17745343028018046,0.28330276503243645,0.0,1.0,0.8204046144946187,0.0,0.19434221253086661,0.0,0.0,0.0,0.0,0.0,0.4470835757240118,0.09677612589872223,1.0,0.3391573819106544,0.0,0.21489831169847742,0.9713871400690185,0.0,0.0,0.0,1.0,0.0,0.8531829990356695,0.0,0.0,1.0,0.2483199155651446,1.0,1.0,1.0,0.0,0.022359214048147558,0.38567833504460075,1.0,0.07755379984551397,0.0,0.1647595856316868,0.05166267930336884,0.36957024459283044
gex_possorted_bam_SJSO3:AATAACCGTGGTTCTTx-M1,0.0671737712636099,0.0,0.182271046127052,0.0,0.504745236288276,0.35068008381475924,0.0,0.0,0.0,0.0,1.0,0.0,0.0,0.0,0.03092307929391656,0.0,1.0,1.0,0.0,1.0,0.7175756839218909,0.8522724623785555,0.22024093772547765,0.748911836398106,0.0,0.0,0.4138233550215744,0.0,0.0,0.06717938795296458,0.0,0.10115353103611122,0.22283978676064506,0.0,0.17862839225479069,0.0,0.0,0.0,0.0,0.0,0.0,0.0,0.0,0.0,0.09262663126397228,0.0,0.0,0.32413818074919115,0.0,0.07705320429971024,0.0,0.0,1.0
gex_possorted_bam_SJSO3:AATAGCTGTATTTGGGx-M1,0.0,1.0,1.0,0.5801797828504673,0.8558338649419367,0.2583215770073056,1.0,1.0,1.0,0.6525069021058025,0.9297615817544302,0.0121855579764121,1.0,1.0,0.0,1.0,1.0,0.8130450014949223,1.0,0.0,0.0,0.0,0.02681368709084878,0.0,1.0,0.7889490745998519,1.0,0.851649038042059,1.0,0.0,0.9721543068719728,0.2914311307360061,0.0,0.49443722461805284,1.0,0.031708712190785034,1.0,0.0,0.3020092973418522,1.0,1.0,1.0,1.0,1.0,0.0,0.5536582445008574,1.0,1.0,0.7539939016860135,0.5685413409216936,0.5303018172935595,0.3989279339374597,1.0
gex_possorted_bam_SJSO3:AATACCGGTGTAATACx-M1,0.09376791177595652,0.0,0.9820089950735381,0.05638260053976962,1.0,1.0,0.0,0.0,0.0,0.44011489953646077,1.0,0.0,0.0,0.0,0.28648246823371265,0.0,1.0,1.0,0.0,1.0,0.7370145058629114,0.9990593753268077,0.36276781000250163,0.6981522141914203,0.0,0.10513400305473516,0.3872825878821062,0.0,0.0,0.27020243972987107,0.3128608902986938,0.4788165958413872,0.28759787391256886,0.0,0.19135171725406394,0.1474573769998266,0.0,0.038928975876768905,0.15452610915769796,0.16231887514966217,0.32854667419398487,0.0,0.0,0.3076260252588529,0.3327644228485658,0.10771033051469141,0.17017660923377848,0.1156259493303607,0.13998264447873088,0.5675538463347931,0.0,0.11325896376580638,1.0
gex_possorted_bam_SJSO3:AATAACCGTCACAAATx-M1,0.0,0.0,0.0,0.0,0.0,0.0,0.0,0.00410572033136873,0.0,0.0,0.0,0.01231305308554253,0.0,0.0,0.0004360543064523633,0.0,0.24171620546913433,0.0,0.0,0.8166302058077676,0.12689567314930716,0.22212176388392493,0.0,0.40928328977530787,0.0,0.0,0.4633450206257055,0.0,0.0,0.0,0.0002160184882022014,0.0,0.0,0.024886296578353423,0.48808624618146446,0.0,0.16324034636982213,0.0,0.0,0.3904008914015954,0.0,0.21322850646232952,0.0,0.0,0.0,0.0,0.0,0.24032794999234028,0.0,0.0,0.0,0.0,0.2647457024017278
gex_possorted_bam_SJSO3:AATACCGGTTGTAAACx-M1,0.015034078842466022,0.0,0.0,0.0,0.07774295679765217,0.10823138090423927,0.0,0.0,0.0,0.0,1.0,0.0,0.0,0.0,0.0,0.0,0.8816259121900785,1.0,0.0,0.5636879239851588,0.474468477129739,0.5525858019045714,0.08602962930191971,0.568463393814587,0.0,0.0,0.47576799475286213,0.0,0.0,0.0,0.0,0.008622197560646494,0.06774131841303466,0.0,0.37088522050551387,0.0,0.0,0.021364628675677746,0.0,0.12057436439951988,0.0,0.0,0.0,0.0,0.0,0.0,0.0,0.47242172791709636,0.0,0.0,0.0,0.0,0.5361197065972456
gex_possorted_bam_SJSO3:AAGTTAGCACAGGAATx-M1,0.0,0.2698129324936472,0.7193019158592144,0.027481574986106174,0.0,0.0,1.0,0.0,1.0,0.0,1.0,0.8987654622960779,0.7029429736400863,1.0,0.0,1.0,1.0,0.14715712088348382,0.9998383659402672,0.0,0.0,0.0,0.0,0.0,1.0,0.14965369794852915,1.0,0.10267593351029194,0.5720633662699875,0.1055242863751693,0.7873161798051223,0.0,0.0,0.00721938574216051,1.0,0.0,1.0,0.0,0.0,1.0,0.0,1.0,1.0,1.0,0.0,0.0,1.0,1.0,0.11612861967509101,0.0,0.36188759861369324,0.13401694688983307,0.0
gex_possorted_bam_SJSO3:AAGTAGCCAAGTTATCx-M1,0.0,0.3903490758957463,0.4830642628699271,0.0,0.07406647890410062,0.3439826809652071,0.6400546598949924,0.1471793251893696,0.0,0.3249865017249532,0.3532598129100666,0.0,0.0,0.0,0.35198633922210376,0.15034485872342945,0.9795422209210563,0.38338083110972554,0.0,1.0,0.511622974739557,0.4816859323130915,0.06463896527058512,0.6641452049514838,0.0,0.0,0.2729001666968478,0.03613379812456492,0.0,0.0,0.9336775480287202,0.0,0.133152462626367,0.12686168650949034,0.40621015861964066,0.11818599459701053,0.0,0.0,0.2302330362453524,0.5879250423574761,0.13657834707868008,0.48158464934856243,0.0,0.0,0.05547885144693696,0.0,0.0,0.020707711924275753,0.03404786284447762,0.049593019245302766,0.0,0.0,0.5950129689036209
gex_possorted_bam_SJSO3:AAGGTGCAGGTCCTGAx-M1,0.0,0.0,0.05484829293528644,0.0,0.0,0.0,0.0,0.0,0.0,0.0,0.9479361628905668,0.0,0.28117710865408946,1.0,0.0,1.0,0.7289750746234467,0.30653734245469266,0.5501555349297662,0.0,0.0,0.0,0.0,0.0,0.8062146738612717,0.0,1.0,0.0,0.5043305980124303,0.0,0.0,0.14725593054494976,0.0,0.051366606449106664,1.0,0.0,1.0,0.0,0.0,1.0,0.18854175333005377,0.0,0.29125079559627465,0.0,0.0,0.0,0.7918416724412868,1.0,0.0,0.0,0.35311102292153196,0.0,0.0
gex_possorted_bam_SJSO3:AAGTTACGTTCCTCCTx-M1,0.0,0.2825458845612814,1.0,0.019678481976923894,0.0,0.0,1.0,0.030739535725269055,1.0,0.09719647524728156,0.6852207464084846,0.9419758264177294,0.4348287187558412,1.0,0.0,1.0,0.9716560733856366,0.0,0.41569485243929255,0.0,0.0,0.0,0.0,0.0,1.0,0.10891257288275613,1.0,0.41759982173881144,0.32453190434502116,0.0,0.9766990819766865,0.0,0.0,0.05749957371806437,1.0,0.0,1.0,0.0,0.0,1.0,0.17168170834333152,1.0,1.0,1.0,0.0,0.0,1.0,1.0,0.15253766410662303,0.0,0.2355046346363962,0.011239728656667667,0.0
gex_possorted_bam_SJSO3:AAGGATCCATGGCCCAx-M1,0.2530407846084853,0.0,0.0,0.06674069468859915,0.7047518531112685,1.0,0.0,0.0,0.0,0.02079659837636954,1.0,0.0,0.0,0.0,0.15799175184895853,0.0,1.0,1.0,0.2017928143257657,1.0,1.0,1.0,0.34433342744906614,0.9303129732775646,0.0,0.0,0.2656926220193779,0.0971006492502731,0.0,0.33064002229259815,0.29903750901798404,0.34496707070225824,0.3278137822767866,0.0,0.16816512429410915,0.2088004486702563,0.0,0.18340624477356182,0.16290741552194438,0.0,0.0,0.0,0.0,0.0,0.41125593680881933,0.1429876633596224,0.0,0.15075382373158436,0.031114138307242863,0.1505553469120382,0.0,0.20829348585615073,1.0
gex_possorted_bam_SJSO3:AATATCCCAAACAACAx-M1,0.0,0.0,0.7589087637395242,0.0,0.6570988200476641,0.34602982676912497,1.0,0.30542102063719223,0.6222885632188012,0.0,1.0,0.0,0.0,0.0,0.0,0.0,1.0,1.0,0.0,1.0,0.46280504233407915,0.5296770254187751,0.0466435626332153,0.17876831677912497,0.025823929284183044,0.0,0.9802117131022208,0.0,0.032305493646383,0.0,0.0,0.5506703674383063,0.05147596529685179,0.0,0.6163368208463141,0.0,0.049895218556519697,0.0,0.043755716573504494,0.36795920772295954,0.7618575901988694,0.0,0.0,1.0,0.0,0.021334615797693666,0.4442268770762262,0.613941227855622,0.0,0.009388489339932865,0.0,0.0,1.0
gex_possorted_bam_SJSO3:AATACCGGTTTGTCTAx-M1,0.0,0.07083083723853038,0.22425839329662894,0.0,0.0,0.0,0.12522145524984374,0.043989299905143324,0.0,0.09550872260958224,0.0,0.12428513526664259,0.0,0.0,0.18724704504476736,0.0,0.20189992703841833,0.0,0.0,1.0,0.25883969214326447,0.3174266052907278,0.0012373085231856746,0.4621686892482916,0.0,0.0,0.38610912739252795,0.0,0.0,0.0,0.33321522466489734,0.0,0.03920521349928615,0.055854008146853866,0.4583643407052381,0.0,0.15227666166334355,0.0,0.07233737964727134,0.40056417507877395,0.12433370673290155,0.15480929156587134,0.0,0.0,0.0,0.0,0.0,0.0,0.0,0.0,0.0,0.0,0.4390101005611674
gex_possorted_bam_SJSO3:AAGTAGCCACCTCACCx-M1,0.0,0.2640568206027792,0.04109829994385106,0.0,0.0,0.0,0.3033684418794457,0.05332824058861517,0.0,0.07294570444661265,0.0,0.5556546668876869,0.0,0.0,0.23220741053340335,0.03785422111197378,0.5573384006189404,0.0,0.0,1.0,0.2300332274778165,0.20006257467973484,0.030254745651268972,0.4472821669991397,0.0,0.0,0.30020902204117106,0.0,0.0,0.0,0.19289561353462523,0.0,0.034087487849211937,0.08697480510844209,0.5404646461809682,0.02879741286289131,0.12301204678017313,0.0,0.1449875018426045,0.47360811079441345,0.20051771062138934,0.5794176777002661,0.0,0.0,0.0,0.0,0.0,0.16610727648359908,0.0,0.0,0.0,0.0,0.0
gex_possorted_bam_SJSO3:AAGGATCCATAGCTGCx-M1,0.11000470401623133,0.0149802573567047,1.0,0.0329653729826041,0.9046063321113648,1.0,0.0,0.10912192591926675,0.0,0.29581009980377665,1.0,0.0,0.0,0.0,0.17001307992218906,0.0,1.0,1.0,0.0,1.0,0.9887684926891688,0.933962812749415,0.27575476379504893,0.7514140892210895,0.0,0.05937254145767468,0.48799726838390556,0.20166976949832166,0.0,0.15735409125351524,0.4362346390985467,0.4110389164818824,0.2761478519991488,0.0,0.3312149100769461,0.1584068475715374,0.0,0.05259244606067429,0.18090879740283014,0.27688787688294736,0.2905115231512911,0.0,0.0,0.6685316412974053,0.30258900115754833,0.08685104302394164,0.21077649671072604,0.36882573282634146,0.16290756301756676,0.4264938946254027,0.0,0.058515263771906335,1.0
gex_possorted_bam_SJSO3:AATAGAGGTGGCTTCCx-M1,0.0,0.0,0.16990561914446317,0.0,0.0,0.0,0.0,0.0,0.0,0.0,0.28031494299966764,0.0,0.0,0.0,0.012188799442378504,0.0,0.4160390292128312,0.0,0.0,1.0,0.35733080547721724,0.4801093937368937,0.05618608086788582,0.5721772830678487,0.0,0.0,0.3813320982049228,0.0,0.0,0.0,0.38692887580517443,0.0,0.05200999761066458,0.0,0.34447904599307305,0.03144048948050978,0.06780169947743689,0.0,0.0,0.4514150212412211,0.0,0.0,0.0,0.0,0.0,0.0,0.0,0.10851466366326734,0.0,0.0,0.0,0.0,0.7234589327501785
gex_possorted_bam_SJSO3:AAGTTTGTCGGCTATGx-M1,0.032742944338229725,0.0,0.0,0.0,0.2315621345821868,0.0,0.0,0.0,0.0,0.0,0.531848709754919,0.0,0.0,0.0,0.0,0.0,0.5424897032594984,0.4712688438969424,0.0,0.9803993066872732,0.4934791759532378,0.5930451584342215,0.13714010244672792,0.5699222778697173,0.0,0.0,0.45257480084992036,0.0,0.0,0.0,0.0,0.11084298586493202,0.10963464100027906,0.0,0.31006475781606274,0.0035043703960915525,0.0,0.059395230162621444,0.0,0.08227167025456787,0.0,0.0,0.0,0.0,0.023659653116830978,0.0,0.0,0.13179906858888224,0.0,0.0,0.0,0.0,0.8399799951281831
gex_possorted_bam_SJSO3:AAGTTTGTCATGCTTTx-M1,0.0616133461985202,0.15220585585543575,1.0,0.11611494132373955,1.0,1.0,1.0,0.51583635252448,0.6042377044159944,0.3056758156163291,1.0,0.0,0.19258985225512926,0.0,0.0,0.0,1.0,1.0,0.08827354811836073,1.0,0.8650291445458449,0.9118189775846229,0.2240632273711789,0.4360985178713665,0.09214604180049624,0.09281697408647943,0.7880446677951424,0.0,0.27630113012668756,0.0,0.44449206162623683,0.6301274300114577,0.25088672815781693,0.06848059265607925,0.44604276044921537,0.1339852161560466,0.0,0.0393431602048682,0.2986834756810541,0.41185075645062547,1.0,0.0,0.0,1.0,0.16215454733636978,0.23813523885465618,0.613317923758614,0.2069318042232091,0.22677317848361273,0.2940633351479236,0.0,0.0,1.0
gex_possorted_bam_SJSO3:AAGTTACGTATTGTGGx-M1,0.013747730562493937,0.0,0.0,0.0,0.07115587911927773,0.0,0.0,0.0,0.0,0.0,0.8721117261397648,0.0,0.0,0.0,0.0,0.0,0.7865622793162999,0.9681218415583485,0.0,0.6928443524964526,0.421482243851686,0.5369136632110634,0.09143811216160923,0.5866368296505602,0.0,0.0,0.5025068852100744,0.0,0.0,0.0,0.0,0.06516069383216172,0.07577067250204944,0.0,0.3031710272806481,0.0,0.0,0.03169963314383229,0.0,0.0,0.0,0.0,0.0,0.0,0.0,0.0,0.0,0.45795205934757305,0.0,0.0,0.0,0.0,0.5332778997256181
gex_possorted_bam_SJSO3:AAGTTAGCATTGTTGGx-M1,0.0,0.0,0.19561001818767135,0.0,0.0,0.0,0.0,0.0,0.12717991293941225,0.0,0.9332126179848517,0.0,0.0,0.3825992762146908,0.0,0.6855489659444655,0.8083558899765199,0.4056818020936218,0.0,0.0,0.06365804773601774,0.0,0.1060222324072537,0.0,0.1859494084718605,0.0,1.0,0.0,0.0,0.0,0.0,0.0,0.0,0.0,0.9030876168085454,0.0,0.9587276126449853,0.0,0.0,0.36713967583000773,0.0,1.0,0.15346026231874893,0.0,0.0,0.04792962715493735,0.3493884556982001,1.0,0.0,0.0,0.0,0.0,0.3937302562544642
gex_possorted_bam_SJSO3:AAGGTATAGCATTTCTx-M1,0.01355966794846291,0.0,1.0,0.017689931726427067,0.8881945193919251,0.7778650592810864,0.8432427547143332,0.2667419710876006,0.1654515897641759,0.20198909305435803,1.0,0.0,0.0,0.0,0.07601559538302695,0.0,1.0,1.0,0.0,1.0,0.8349122464808777,0.8064856245636375,0.18225469429252755,0.5259477044084306,0.0,0.0,0.6069440033095292,0.0,0.0,0.0,0.3854326156951818,0.5011202068334113,0.1796650458941987,0.0,0.3784382542873861,0.10321997466787967,0.0,0.0,0.1786412826268002,0.37006792197412336,0.6044300376610783,0.0,0.0,1.0,0.1224692193739093,0.0640355560793764,0.2755755763882784,0.27053375564126436,0.060649777081327814,0.23813049195336194,0.0,0.0,1.0
gex_possorted_bam_SJSO3:AAGGATTAGGCAAGTAx-M1,0.0,0.344953953357816,0.8845026405093848,0.014334685514277367,0.0,0.0,1.0,0.0,1.0,0.0,1.0,1.0,0.3160066626561237,1.0,0.0,1.0,1.0,0.09567659612623355,0.8283073054250978,0.0,0.0,0.0,0.0,0.0,1.0,0.06341637795859664,1.0,0.24583628261036028,0.24828035001114138,0.0,0.4068830872246838,0.0,0.0,0.07137364964328054,1.0,0.0,1.0,0.0,0.0,1.0,0.10483816092318075,1.0,1.0,1.0,0.0,0.0,1.0,1.0,0.07860218685348502,0.0,0.32048055844941575,0.0,0.0
gex_possorted_bam_SJSO3:AATATCCCAACCGCCAx-M1,0.039626966213941545,0.8304041495561332,1.0,0.10188161674811044,0.40053988067170143,0.6361388544010839,0.9261476015423503,0.2911496969229094,0.0,0.9769441523505427,0.0,0.04282695410760384,0.012801557552345869,0.0,0.4714692828091605,0.5893934027337089,0.4396483755516811,0.0,0.0,1.0,0.5559565691791687,0.6966028643598637,0.2034599953797731,0.614977764997384,0.0,0.0,0.08620160178359142,0.5999631215857059,0.392758104008255,0.17169550161715894,1.0,0.0,0.2155086826227108,0.139373689711362,0.4200916881000047,0.42443473752907196,0.39254913578141143,0.0,0.3149036592661819,1.0,0.0,0.3744710863923998,0.0,1.0,0.260621725545069,0.2353745447314008,0.0,0.0,0.4298348042043306,0.5120931421838765,0.21498643254999042,0.11885805053177372,1.0
gex_possorted_bam_SJSO3:AAGGTCAAGTTAGTGCx-M1,0.07982601728202242,0.0,0.0,0.0,0.2848068909049307,0.3622036256086002,0.0,0.0,0.0,0.0,1.0,0.0,0.0,0.0,0.0,0.0,0.9487614431790605,1.0,0.0,0.8933767029197133,0.602735053841177,0.7463420645997375,0.16483718048794901,0.6903741286943573,0.0,0.0,0.3636424026247065,0.0,0.0,0.0,0.0,0.11466757200276706,0.1462929884961968,0.0,0.18964551861234083,0.025288822898999423,0.0,0.09363851879922616,0.027272778343003994,0.0,0.0,0.0,0.0,0.0,0.05843257103489562,0.0,0.0,0.20633232233210255,0.0,0.0,0.0,0.029922888670000265,0.7629819976577358
gex_possorted_bam_SJSO3:AAGGTCAAGCACAGCCx-M1,0.0,0.0,0.0,0.0,0.0,0.0,0.0,0.0,0.0,0.0,0.4425010873789036,0.0,0.0,0.0,0.0,0.0,0.43722716690795266,0.17460899870054433,0.0,0.9653766232480296,0.3362739935957811,0.49609823118367913,0.06621252478348223,0.5781410206487854,0.0,0.0,0.4415704833525365,0.0,0.0,0.0,0.0,0.020650422928655227,0.040491356325998,0.0,0.3065332666286266,0.0,0.0,0.0,0.0,0.1449787640129848,0.0,0.0,0.0,0.0,0.0,0.0,0.0,0.17240443570546032,0.0,0.0,0.0,0.0,0.5866054266285982
gex_possorted_bam_SJSO3:AAGTCTATCCGTAAACx-M1,0.39505708455417354,0.13817371021665695,0.08490402925491759,0.2583177882292588,0.7796836067008877,1.0,0.0,0.261882877584779,0.0,0.4429258328610529,0.9289489976250177,0.0,0.12264341429093198,0.0,0.43542075029961486,0.0,0.8546091418942068,1.0,0.006401867793753704,1.0,1.0,1.0,0.4666236899587218,0.9997345112216186,0.0,0.12349616147911717,0.18512071215986298,0.3251754635853063,0.15319293647003018,0.4444323390131394,0.6059392175415566,0.2522484524607761,0.4601643051782357,0.16406754406083232,0.1616889309436026,0.44704182773283646,0.0,0.31996170228654475,0.41386045965240054,0.1681729278488312,0.21534233804942665,0.019000714895417343,0.03438630270755172,0.15004424687551604,0.516031778251396,0.3529117368649897,0.0,0.0,0.29675122216995525,0.4556902215959763,0.04133259576942296,0.3251194416523481,1.0
gex_possorted_bam_SJSO3:AAGTTTGTCTGGCATGx-M1,0.04535098553145173,0.0,0.0,0.0,0.2676107115594487,0.16671869929541214,0.0,0.0,0.0,0.0,0.9377195811635334,0.0,0.0,0.0,0.0,0.0,0.8910352197833934,1.0,0.0,0.9210360199222628,0.4913106118389028,0.636270175062742,0.12689962944462102,0.5456142853701915,0.0,0.0,0.46900524592846493,0.0,0.0,0.0,0.0,0.10777838281033462,0.12139145421505738,0.0,0.32726243267812255,0.0,0.0,0.02063924615321013,0.0,0.037446180299624675,0.0,0.0,0.0,0.0,0.0,0.0,0.0,0.5169085512338442,0.0,0.0,0.0,0.0,0.8236586613952767
gex_possorted_bam_SJSO3:AAGTTAGCACATGCTAx-M1,0.0,0.6623226330107879,1.0,0.036923203669900546,0.6206820156700543,0.7476830006078965,0.5963405489844249,0.1783099058154668,0.0,0.8897634767851448,0.20052036303325757,0.0,0.0,0.0,0.5642170408839439,0.19578141394270113,0.7099039036295245,0.007774898598000556,0.0,1.0,0.7248148008423003,0.7614704456602484,0.23310074086929866,0.7162024194338439,0.0,0.0,0.13578190954790662,0.32077890329736897,0.0,0.19905061608069793,1.0,0.0,0.26129984333029554,0.15628116889914026,0.3237880955134573,0.3296892203256269,0.13979508129133547,0.0,0.35412714808270573,0.8295951128176579,0.16804463093915406,0.005555739542475223,0.0,1.0,0.2898225395111542,0.18611082744839122,0.0234581840334091,0.0,0.330252074191588,0.5677250511838486,0.0,0.08521574755919542,1.0
gex_possorted_bam_SJSO3:AAGTAGCCAGGTTAAAx-M1,0.0,0.0,1.0,0.0,0.0,0.0,1.0,0.0,0.9732573180811815,0.0,0.8807786253157426,0.888659467354091,0.143941094363232,0.9591051788080133,0.0,1.0,0.9694979826021974,0.0,0.44217298065780963,0.0,0.0,0.0,0.0,0.0,1.0,0.05444406961770698,1.0,0.1458382328397472,0.0,0.0,0.5044522505941681,0.0,0.0,0.0,1.0,0.0,1.0,0.0,0.0,1.0,0.0,1.0,1.0,1.0,0.0,0.0,1.0,1.0,0.006863765317143882,0.0,0.23337620103387915,0.0,0.0
gex_possorted_bam_SJSO3:AATATCCCAAACCTATx-M1,0.0,0.07052373492620098,0.0,0.0,0.0,0.0,0.0,0.03370349905288105,0.0,0.0,0.008472267553854993,0.11211495628936054,0.0,0.0,0.09916608561338958,0.0,0.4177699904141921,0.0,0.0,1.0,0.2500036851611749,0.2903045430680239,0.018223502737341992,0.5043351642720846,0.0,0.0,0.3197009760714245,0.0,0.0,0.0,0.0,0.0,0.030758716435004562,0.023313229657544902,0.390813909396545,0.0,0.059408169725652646,0.0,0.07058293475744627,0.35919632948714925,0.06187897989766831,0.41062008329413446,0.0,0.0,0.0,0.0,0.0,0.07449776846922625,0.0,0.0,0.0,0.0,0.09390673540129202
gex_possorted_bam_SJSO3:AATAACCGTTGTTGCTx-M1,0.03721656971208476,0.0,0.0,0.0,0.11678933683860597,0.08107521271907782,0.0,0.0,0.0,0.0,0.9506168114666913,0.0,0.0,0.0,0.0,0.0,0.7824169217769231,1.0,0.0,0.8610252468266036,0.602220531850424,0.6916586745339401,0.13372767340930578,0.719466706426078,0.0,0.0,0.47105565330896526,0.0,0.0,0.0,0.0,0.18746869815485132,0.1241239135523543,0.0,0.21606782423053797,0.0,0.0,0.0619435825682113,0.0,0.0,0.0,0.0,0.0,0.0,0.002398757657304788,0.0,0.0,0.43036596750756434,0.0,0.0,0.0,0.0,0.6319820183557944
gex_possorted_bam_SJSO3:AAGTGCAAGGTGCTGCx-M1,0.1799113469925521,0.0,0.30311053290605683,0.02478674417270736,0.5833200629920692,0.9096439832750354,0.0,0.0018278412686283268,0.0,0.06448434934331794,1.0,0.0,0.0,0.0,0.15194641428288622,0.0,1.0,1.0,0.0,1.0,0.9777524298069099,1.0,0.27997434214321515,0.8795776646044625,0.0,0.0,0.33238251026025006,0.013610791073143799,0.0,0.20049112710714082,0.31487775344881686,0.35927880604269175,0.2975559398983758,0.0,0.1955918987169901,0.15528667398276516,0.0,0.12302269811061008,0.13490275659123657,0.00024093159797979573,0.0,0.0,0.0,0.0,0.32162856928093986,0.1060807758278428,0.0,0.11400911789323524,0.009160387096507015,0.17514154074292482,0.0,0.11383818093484369,1.0
gex_possorted_bam_SJSO3:AAGTAGCCATAGCGGAx-M1,0.0,0.0,0.0,0.0,0.0749263693791706,0.0,0.0,0.0,0.0,0.0,0.5561138551970738,0.0,0.0,0.0,0.0,0.0,0.5737558953207043,0.37726696873633725,0.0,0.544826747230177,0.30532492972121883,0.4136728986495562,0.06779466697375103,0.4508692836872927,0.0,0.0,0.5528889328062714,0.0,0.0,0.0,0.0,0.0,0.027641847458466144,0.0,0.4018302960404058,0.0,0.0,0.0,0.0,0.11540883026796557,0.0,0.0,0.0,0.0,0.0,0.0,0.0,0.42474923808633497,0.0,0.0,0.0,0.0,0.3721464853126546
gex_possorted_bam_SJSO3:AAGTAGCCATTTGCTCx-M1,0.0,0.0,0.006272889935543471,0.0,0.0,0.0,0.5494670006497246,0.0,0.6305505527198837,0.0,0.7890510354622161,0.6222046518397715,0.0,1.0,0.0,1.0,0.9457960047944174,0.07841339476113522,0.3229431902589847,0.0,0.0,0.0,0.0,0.0,0.6022072690123387,0.0,1.0,0.0,0.017202833489367835,0.0,0.0,0.0,0.0,0.0,1.0,0.0,1.0,0.0,0.0,1.0,0.042976400206012344,1.0,0.44017666818611595,0.12209630775335488,0.0,0.0,0.38955652804574065,1.0,0.0,0.0,0.0815920619609679,0.0,0.0
gex_possorted_bam_SJSO3:AAGTTTGTCCTTCTAGx-M1,0.0,0.0,0.6231923502204615,0.0,0.0,0.0,0.9406127496151533,0.0,1.0,0.0,1.0,0.5215217627280551,0.3564918404823547,1.0,0.0,1.0,1.0,0.0,0.5324646565298629,0.0,0.0,0.0,0.0,0.0,1.0,0.06327622037280356,1.0,0.0332220589226326,0.08667847827135805,0.0,0.31312967532700337,0.0,0.0,0.0,1.0,0.0,1.0,0.0,0.0,1.0,0.0,1.0,1.0,1.0,0.0,0.0,1.0,1.0,0.0,0.0,0.23925077070201603,0.0,0.0
gex_possorted_bam_SJSO3:AATCCTAAGGACCTTGx-M1,0.01751879445390202,0.0,0.7818023668753171,0.0,0.662250528669962,0.6306593445133787,0.07399391415682244,0.1273089414755143,0.07611933641350783,0.0,1.0,0.0,0.0,0.0,0.0,0.0,1.0,1.0,0.0,1.0,0.7324283037002552,0.7864944207624299,0.1191688114109877,0.5205547165225268,0.0,0.0,0.6376597740654975,0.0,0.0,0.0,0.0,0.5272148661172077,0.17490663072471954,0.0,0.3734456993363376,0.012536586978316994,0.0,0.0,0.08708096268458819,0.2477266408401025,0.3759200818598116,0.0,0.0,0.7697580481455422,0.06773963051293964,0.00798622522725482,0.12806280605784404,0.30231485539586095,0.0,0.12835944227559956,0.0,0.0,1.0
gex_possorted_bam_SJSO3:AATCCTAAGGAATAACx-M1,0.07513433634046641,0.5999233737448765,1.0,0.2961782674740368,0.0,0.9198399243842423,1.0,1.0,0.6443099843317681,1.0,0.22320801807167942,1.0,0.33479616691645125,1.0,0.6211338919821762,0.5434505492932139,1.0,1.0,1.0,1.0,0.44335948111571033,0.0,0.47769265910673164,0.27323973417746,0.12627910670323372,0.08821785781969543,0.17858419543471094,1.0,1.0,0.3531656738987919,0.0,0.0,0.4137652929025091,0.0,1.0,0.7300618240934638,0.27956262689932965,0.5667436777784928,0.877732888747103,0.5636711816530792,1.0,1.0,0.3732383719470211,0.2339431553967982,1.0,0.0,1.0,0.6231311523898394,0.14107406212445364,0.9751380731147045,0.0,0.0,1.0
gex_possorted_bam_SJSO3:AATCCCTGTTAGAGGGx-M1,0.0,0.0,0.0,0.0,0.0,0.0,0.23246788020522052,0.0,0.8309178008123526,0.0,1.0,0.14251546152669844,0.0,1.0,0.0,1.0,0.9683777853229084,0.3271706836482921,0.4701293972544552,0.0,0.0,0.0,0.0,0.0,0.7496707320716485,0.0,1.0,0.0,0.029647163594567788,0.0,0.0,0.0019350562605402587,0.0,0.0,1.0,0.0,1.0,0.0,0.0,0.8822181356164781,0.0,1.0,0.42534091538562485,0.0,0.0,0.0,0.6620794598917746,1.0,0.0,0.0,0.07128339709356513,0.0,0.0
gex_possorted_bam_SJSO3:AATGCAACATCCATCTx-M1,0.0,0.0,0.16715134038327986,0.0,0.0,0.0,0.374793192743722,0.026663056307472042,0.5612081814406873,0.0,0.6357118008075288,0.09489097825512886,0.0,0.6965258898158487,0.0,0.7695889421671185,0.8961678412942023,0.18088915593834226,0.008063794972404822,0.0,0.0,0.0,0.0,0.0,0.39603523923189193,0.0,1.0,0.0,0.0,0.0,0.0,0.0,0.0,0.016786675411637166,1.0,0.0,1.0,0.0,0.0,0.7871475124997743,0.0622886687162745,1.0,0.07690801620121435,0.0,0.0,0.0,0.34373111036271514,1.0,0.0,0.0,0.07257933119507118,0.0,0.0
gex_possorted_bam_SJSO3:AATCATCCATTAGCCAx-M1,0.04247061853495283,0.0,0.0,0.0,0.22245393692240353,0.19320122915565127,0.0,0.0,0.0,0.0,1.0,0.0,0.0,0.0,0.0,0.0,0.8957258994159129,1.0,0.0,0.9033840976604732,0.5378241284160277,0.7051970170372958,0.14889771816247532,0.6233015182281679,0.0,0.0,0.4253106382772708,0.0,0.0,0.0,0.0,0.0762053851588786,0.10943856507656292,0.0,0.2536354316554496,0.0,0.0,0.010343138687330392,0.0,0.0,0.0,0.0,0.0,0.0,0.026659596927137586,0.0,0.0,0.3502551717433634,0.0,0.0,0.0,0.0,0.8056022725066163
gex_possorted_bam_SJSO3:AATATCCCACAGGGACx-M1,0.0,0.6627792531875764,0.8310778331567026,0.08588279484909504,0.0,0.0,0.0,0.011119486305393566,0.0,0.0,0.4941363435085334,0.0,1.0,1.0,0.0,1.0,0.006892293700910352,0.04454874625965002,1.0,0.0,0.0,0.0,0.0,0.0,1.0,0.0,1.0,0.0,1.0,0.338522533064366,0.009807591287036559,0.9384627369061829,0.0,0.6164480517137428,1.0,0.0,0.966587357374474,0.0,0.0,1.0,0.9735663964769772,0.0,0.5416899755730867,0.0,0.0,0.04469386141410334,1.0,0.0,0.0,0.0,1.0,0.0,0.0
gex_possorted_bam_SJSO3:AATGCAACATCCAGGTx-M1,0.0,0.0,0.2171241822141776,0.0,0.0,0.0,0.2769296641726649,0.0,0.6118473918425065,0.0,0.6623435269792072,0.4549149699518206,0.0,0.6120853757629379,0.0,0.9152239212305731,0.6647154091364157,0.0,0.037624803239893076,0.0,0.0,0.0,0.0,0.0,0.4530159599802025,0.0,1.0,0.0,0.0,0.0,0.0,0.0,0.0,0.0,1.0,0.0,1.0,0.0,0.0,0.975725373957067,0.0005407823390849962,1.0,0.42324791179308774,0.38241855701925875,0.0,0.0,0.3866517842796462,1.0,0.0,0.0,0.07397182409958514,0.0,0.0
gex_possorted_bam_SJSO3:AATCCCTGTTGCACGGx-M1,0.0,0.0,0.3525755752409348,0.0,0.0,0.0,0.37266308470461185,0.004425048554312345,0.7517099993322416,0.0,0.9933377734405942,0.0,0.0,0.35837887011060515,0.0,0.4099074492631784,1.0,0.6236149087808256,0.06704797858903264,0.0,0.0,0.0,0.0,0.0,0.3361685167252949,0.0,1.0,0.0,0.06687817293946234,0.0,0.0,0.17409298201692378,0.0,0.0,1.0,0.0,0.9128134982928233,0.0,0.0,0.6555053668179718,0.171581766356312,0.7583886991551168,0.19022129362557658,0.4788082936574784,0.0,0.0,0.5216667547806497,1.0,0.0,0.0,0.0,0.0,0.2212042465831972
gex_possorted_bam_SJSO3:AATCCGTAGCTTTGGGx-M1,0.03575675894790211,0.1503770635240929,1.0,0.02546015649151044,0.5821227302421786,0.686367066974495,0.0,0.0700724855901102,0.0,0.41849570327262126,0.8016746992263779,0.0,0.0,0.0,0.27401701077428064,0.18480142623907758,1.0,0.7022313863164998,0.0,1.0,0.7722804793472596,0.7014605247078424,0.18721429168210738,0.6581401703835044,0.0,0.02814836235775317,0.4931270923708904,0.11261361825798376,0.0,0.1357491293339837,1.0,0.28319782652375836,0.2517243540609537,0.0,0.3917993773628462,0.1698581550375852,0.0,0.012263151490609116,0.1779131189121647,0.5836762998813609,0.10709761761893054,0.0,0.0,1.0,0.2651039900192506,0.08529935581101011,0.20584070845146585,0.3588550009831837,0.15831358073544569,0.39128805557208823,0.0,0.041544084146159344,1.0
gex_possorted_bam_SJSO3:AATCCTAAGGCATGTTx-M1,0.0,0.44732729036767266,0.9060605357564173,0.1348910654015758,0.0,0.13944709119875476,1.0,0.0,1.0,0.0,1.0,0.7296062197252975,1.0,1.0,0.0,1.0,1.0,1.0,1.0,0.0,0.0,0.0,0.0,0.0,1.0,0.2734303929499976,1.0,0.39231693899255865,0.5058281446623909,0.13840796169773428,0.8688968656688839,0.0,0.0,0.06292747680976,1.0,0.0,1.0,0.0,0.0,1.0,0.0,1.0,1.0,1.0,0.0,0.044096681155538255,1.0,1.0,0.2217828249299265,0.0,0.664647531851114,0.17632943232260084,0.0
gex_possorted_bam_SJSO3:AATCCATCATTCCTCGx-M1,0.0768269807538913,0.1752978917054785,1.0,0.028049765958767757,0.6637264101193833,0.8962063226412991,0.06270994826232341,0.08919488435570043,0.0,0.5247803436723061,0.8203598353798671,0.0,0.06639054929384038,0.0,0.3129840406930912,0.04084545023106828,1.0,0.9016748551204282,0.0,1.0,0.9180300791266387,0.9274337899589933,0.23528357892702778,0.7605449317000245,0.0,0.0,0.32521714466446205,0.15453295632182362,0.0,0.23432254557511126,1.0,0.18727933244698935,0.2844442726594489,0.0205214078806692,0.2642108419938835,0.24116336923746465,0.03185480798633279,0.025494807291222228,0.22154122957712333,0.4966079502724103,0.0,0.0,0.0,1.0,0.37245823447654103,0.1577812905532865,0.1299334590415374,0.0,0.229159878346939,0.43979122647475344,0.0,0.09014238386167418,1.0
gex_possorted_bam_SJSO3:AATCTTGAGGCGGATGx-M1,0.0,0.22027308664712505,1.0,0.033055191367295324,0.0,0.0,1.0,0.0,1.0,0.0,1.0,0.779989518519294,0.9099475591497377,1.0,0.0,1.0,1.0,0.2962523314391564,1.0,0.0,0.0,0.0,0.0,0.0,1.0,0.21630497396807435,1.0,0.6037773458415827,0.058305198713590356,0.09239037098196802,1.0,0.0,0.0,0.053264962142179684,1.0,0.0,1.0,0.0,0.0,1.0,0.0,1.0,1.0,1.0,0.0,0.0018276735786977956,1.0,1.0,0.22111021727888838,0.0,0.6007483016841901,0.1257022367336693,0.0
gex_possorted_bam_SJSO3:AATGCGCGTTGTCATCx-M1,0.0,0.0,0.0,0.013838912091195855,0.0,0.0,0.6185383149832288,0.02296965620790009,1.0,0.0,0.9427549696733619,0.47294698069724067,0.00976898150823561,1.0,0.0,1.0,0.9596649058994762,0.4524692713198428,0.6978602437945175,0.0,0.0,0.0,0.0,0.0,1.0,0.03174111765168273,1.0,0.0,0.07835594427073286,0.0,0.0,0.0,0.0,0.0,1.0,0.0,1.0,0.0,0.0,0.9915616336834423,0.06363506024964735,1.0,0.8870524580067961,0.6378276980665132,0.0,0.0,0.8905577535054151,1.0,0.0,0.0,0.39331069085991854,0.0,0.0
gex_possorted_bam_SJSO3:AATCTTGAGCGAGTAAx-M1,0.4493461433777705,0.2727768412812321,0.7675206414467949,0.3668085364630203,1.0,1.0,0.16893163516876747,0.4027447930538446,0.0,0.6126414299181545,1.0,0.0,0.2207273877021064,0.0,0.5949969119813937,0.2524334927947285,1.0,1.0,0.27300124735991527,1.0,1.0,1.0,0.5603823292102418,0.9584137149259464,0.0875196267681288,0.31937966374489685,0.33702528931098663,0.412636115986783,0.18875241423864195,0.4720459644430966,0.9719589324182457,0.7049731890412267,0.5908433915615869,0.2527333301978943,0.2254285890421603,0.4816574314709689,0.043294783460838676,0.33796055827558974,0.4635235540963292,0.29985869264379744,0.6415053444801423,0.0,0.24771443744040714,1.0,0.6522495746652288,0.4153835458610801,0.37887331923436823,0.08813558764868137,0.41465740886503943,0.6678411609632801,0.14542831669696946,0.348787399098336,1.0
gex_possorted_bam_SJSO3:AATCTTGAGGAGGCATx-M1,0.0,0.0,0.0,0.0,0.0,0.0,0.0,0.0,0.0,0.0,0.30231116255686236,0.0,0.0,0.0,0.0,0.0,0.3982190821548935,0.0,0.0,0.5280875381840069,0.14296392794599788,0.26216058434276635,0.022016267972884567,0.340886295140337,0.0,0.0,0.5568758360461331,0.0,0.0,0.0,0.0,0.0,0.0,0.0,0.5069974321561165,0.0,0.1631017603567888,0.0,0.0,0.315921871116433,0.0,0.17352860277313828,0.0,0.0,0.0,0.0,0.0,0.49836483713026586,0.0,0.0,0.0,0.0,0.36058861315965507
gex_possorted_bam_SJSO3:AATCCGTAGCTCCTACx-M1,0.03939854091414645,0.0,0.0,0.0,0.32682146286464775,0.30895367383461836,0.0,0.0,0.0,0.0,1.0,0.0,0.0,0.0,0.0,0.0,1.0,1.0,0.0,1.0,0.6665347735404296,0.7859321951554828,0.13466066994617254,0.6833564024342317,0.0,0.0,0.4330780612630246,0.0,0.0,0.0,0.0,0.15395829740288594,0.1589267778373702,0.0,0.22404590373687608,0.0,0.0,0.03502264352174988,0.0,0.0,0.0,0.0,0.0,0.0,0.09639641250823731,0.0,0.0,0.20260294212673324,0.0,0.0,0.0,0.0,0.9732538040151125
gex_possorted_bam_SJSO3:AATCCTAAGGTTTACAx-M1,0.13964325874551398,0.29632547006317267,1.0,0.1965960808593177,1.0,1.0,1.0,0.4458286071188628,0.4312456132131165,0.5724881661580064,1.0,0.0,0.2546295856850332,0.0,0.16217454832541672,0.0,1.0,1.0,0.24216250834223949,1.0,1.0,1.0,0.354364052845078,0.5584930140260143,0.14035077572446436,0.15783177996992467,0.6271857942461669,0.10315488764807113,0.24281277893653844,0.12446642300738253,0.8745246226417088,0.719573834254818,0.35223499536330855,0.09709274044191,0.3802490600306643,0.2689602834942146,0.0,0.12930576149117073,0.4359524461886016,0.4979358038136059,0.9886100853531271,0.0,0.1302074846690277,1.0,0.2823602347685235,0.3190664362403481,0.7461542719872907,0.012652174012531894,0.3774164002951301,0.5656438536441883,0.0,0.1442168422820265,1.0
gex_possorted_bam_SJSO3:AATCCTAAGGCGAATAx-M1,0.0,0.8054981488825765,1.0,0.017169303036402746,0.0,0.02557488782112394,1.0,0.17059492185077277,0.08616560458302402,0.601016176972115,0.0,1.0,0.0,0.011443056206481885,0.4783426408545454,0.7786581157028241,0.6975217336286064,0.0,0.0,1.0,0.211817074897153,0.012022078642136965,0.04974795136926835,0.26880931008112824,0.0,0.0,0.5080219910531661,0.294529981399643,0.10245666455146141,0.0,1.0,0.0,0.04791273101041007,0.23781222614946523,1.0,0.18870806924417688,0.8099793145696172,0.0,0.2396269885167389,1.0,0.2904620913355275,1.0,0.0,0.7986296874620935,0.0,0.06105877480870449,0.0,0.476880689556776,0.2198056686997004,0.18513805216022589,0.010392528362026369,0.0,0.475237700742591
gex_possorted_bam_SJSO3:AATCTTGAGGTATTGCx-M1,0.04362944822954005,0.0,0.0,0.0,0.36279658890719635,0.25165079926443445,0.0,0.0,0.0,0.0,1.0,0.0,0.0,0.0,0.0,0.0,0.9001273797891299,1.0,0.0,1.0,0.562964638650595,0.7774104671758915,0.15843858852309048,0.6649281787763247,0.0,0.0,0.40441900438573813,0.0,0.0,0.0,0.0,0.12836323294930765,0.13906907613092107,0.0,0.19519546565276205,0.0,0.0,0.03389873304724112,0.0,0.0,0.0,0.0,0.0,0.0,0.07221960980624162,0.0,0.0,0.3562907534275517,0.0,0.0,0.0,0.0,0.8629499476741495
gex_possorted_bam_SJSO3:AATCATCCAAGTGTTTx-M1,0.0,0.0,0.40092060120093626,0.0,0.0,0.0,0.5770581182586941,0.0,0.8506293321980795,0.0,0.6746242847476691,0.7480271516744945,0.0,0.8488603320425356,0.0,1.0,0.6989474916174776,0.0,0.1721012520618189,0.0,0.0,0.0,0.0,0.0,0.7600356103477317,0.0,1.0,0.0,0.009934102852700242,0.0,0.0,0.0,0.0,0.0,1.0,0.0,1.0,0.0,0.0,1.0,0.032433922437601605,1.0,0.7579878492459465,0.8817401829286171,0.0,0.0,0.7603931120227924,1.0,0.0,0.0,0.16089280318380764,0.0,0.0
gex_possorted_bam_SJSO3:AATCGCCCAATCGCACx-M1,0.7617876305770194,0.7713680237007917,0.09508532023265885,0.6196111772653149,0.9984426013628837,1.0,0.34311615114650446,0.6703652229536501,0.04001199523712485,0.9146719034795223,0.9360077157447458,0.0,0.6047153769672431,0.20344331124767037,0.843287007917419,0.32421661584069483,0.7002490273109864,1.0,0.7258570677396022,1.0,1.0,1.0,0.7513299184729187,1.0,0.49286227111561387,0.5017919289960138,0.0,0.6475320857563618,0.8119291229367178,0.7757928628727515,1.0,0.67005944735239,0.7723621165521276,0.6691940688961725,0.06217404516277553,0.9004367070324832,0.19057138646978278,0.6720954655380511,0.7855766166893424,0.3126057081333369,0.2837608883673019,0.1079908824948243,0.42663516407360563,0.5500367053535801,0.9446100705855384,0.766742216940253,0.0,0.0,0.6692975330800855,0.8998714873661225,0.5592027203372779,0.8106913624574659,1.0
gex_possorted_bam_SJSO3:AATCCCTGTTAGGACCx-M1,0.1213889469593437,0.1327724944637072,1.0,0.10002681662033248,0.8166762787502164,1.0,0.0,0.050410295242358655,0.0,0.5345173137841327,1.0,0.0,0.17168735517399522,0.0,0.3061459133244743,0.26389748854420475,1.0,1.0,0.010958846174791112,1.0,0.8597844052222023,0.8935583849422846,0.2712105702789733,0.6676737170186873,0.15144976294564044,0.09927335048837277,0.5507427442914324,0.20148942262196354,0.0,0.3001014950091383,1.0,0.29522738138239,0.2661642025165551,0.0,0.45052664638004564,0.2106096311244237,0.32562740224174264,0.052536872578518884,0.2129454151959625,0.6085543752820387,0.0,0.0,0.12649886787909695,1.0,0.36964766968857915,0.1835763974509158,0.4202209219943893,0.45971621440466176,0.2660153656451454,0.5453512054249658,0.026765157539246274,0.21058765414291403,1.0
gex_possorted_bam_SJSO3:AATCGCCCAGGAACATx-M1,0.07434410936938,0.0,0.05657127069040578,0.0,0.4078766590061549,0.49802081209866095,0.0,0.0,0.0,0.0,1.0,0.0,0.0,0.0,0.06386167573315249,0.0,0.9849336147163821,1.0,0.0,1.0,0.7721977668154617,0.8642121695368822,0.18326202597028912,0.7519775628660722,0.0,0.0,0.34038425369962705,0.0,0.0,0.04000794797353894,0.21003321551511042,0.06946448619445264,0.19550935072126227,0.0,0.1931443866436328,0.049305308227783944,0.0,0.032306373156510776,0.048196066864308315,0.07153736749024554,0.0,0.0,0.0,0.0,0.16012917563067003,0.029030857539089,0.0,0.16665584757465066,0.0,0.028322128094929955,0.0,0.01690565058343285,1.0
gex_possorted_bam_SJSO3:AATGAAGGTGCCGCAAx-M1,0.0,0.0,0.0,0.0,0.049914370593063855,0.0,0.0,0.0,0.0,0.0,0.3597994138939044,0.0,0.0,0.0,0.08096420150714277,0.0,0.48706423582043096,0.012653804196255558,0.0,1.0,0.3238672318519718,0.5139393956176462,0.060033637915769385,0.5672750083264249,0.0,0.0,0.3592462197440332,0.0,0.0,0.0,0.2643808733565687,0.0,0.05545609048666576,0.0,0.3503229623834237,0.036968736247035165,0.0,0.0,0.008398981711717943,0.26323319380106164,0.0,0.009094035761499315,0.0,0.0,0.0,0.0,0.0,0.13757858654045776,0.0,0.0,0.0,0.0,0.5886523244057028
gex_possorted_bam_SJSO3:AATGCATGTTAGAGCCx-M1,0.07633709584394836,0.0,0.0,0.0,0.2781339717651817,0.46588162042347914,0.0,0.0,0.0,0.0,1.0,0.0,0.0,0.0,0.0,0.0,1.0,1.0,0.0,0.9812668332258887,0.6839825304775188,0.8157074291557288,0.16083542133662065,0.7459218120680392,0.0,0.0,0.425563661857186,0.0,0.0,0.008147183672652731,0.0,0.13320379269963475,0.15819711972822448,0.0,0.20638390257100175,0.0,0.0,0.08776143456384476,0.0,0.0,0.0,0.0,0.0,0.0,0.09449088949758792,0.0,0.0,0.3295501116967595,0.0,0.0,0.0,0.0021849181190060777,0.8526685604628245
gex_possorted_bam_SJSO3:AATCCCTGTTCACCATx-M1,0.05016665837883492,0.0,0.760722645445334,0.0,0.8170611095904597,0.7196789840875314,0.0,0.0,0.0,0.16907456460953751,1.0,0.0,0.0,0.0,0.12177280955163865,0.0,1.0,1.0,0.0,1.0,0.7972814908683332,0.9451005562389594,0.23870768956053132,0.7449942357534615,0.0,0.018058432509939434,0.38537672085800967,0.0,0.0,0.0915057608792435,0.09740067629862405,0.5570050862079987,0.24216532868735546,0.0,0.1841016095963119,0.06919593140914844,0.0,0.014552020530396658,0.05309971326283719,0.05885590301953942,0.0984592999786911,0.0,0.0,0.0,0.2585902381034902,0.0,0.017574179731101293,0.2248986167802127,0.013367324489923213,0.31062984870156757,0.0,0.010645168982601077,1.0
gex_possorted_bam_SJSO3:AATGAAGGTTTAACCCx-M1,0.040725276146026376,0.0,0.4494573150039612,0.0,0.5068417254746085,0.1613364698060316,0.0,0.029213584750412015,0.0,0.0,0.7853369132943276,0.0,0.0,0.0,0.0,0.0,1.0,0.9249975909223215,0.0,1.0,0.6703789313027563,0.6884926589997951,0.19729987596657972,0.6201944707597925,0.0,0.0,0.4378975304469691,0.0,0.0,0.09433977731396741,0.0,0.2386447807045565,0.21743065879837697,0.0,0.25544585862967006,0.0,0.0,0.03568540053998487,0.026486780891441644,0.10820553696348845,0.296208345814058,0.0,0.0,0.0,0.13500691085004404,0.0,0.0,0.33864959669988387,0.0,0.1536426682459584,0.0,0.0,1.0
gex_possorted_bam_SJSO3:AATCCTAAGGATCCGCx-M1,0.0,0.13851079238757216,0.9909188776068218,0.002795418381597741,0.0,0.0,1.0,0.0,1.0,0.0,1.0,0.8867514780679628,0.4020675481674357,1.0,0.0,1.0,1.0,0.6836015186094972,1.0,0.0,0.0,0.0,0.0,0.0,1.0,0.12039402658480379,1.0,0.2117899519246105,0.05298128778902487,0.0,0.4687537544621465,0.0,0.0,0.0,1.0,0.0,1.0,0.0,0.0,1.0,0.0,1.0,1.0,1.0,0.0,0.0,1.0,1.0,0.07271403043885273,0.0,0.3189695710360285,0.0571613503766971,0.0
gex_possorted_bam_SJSO3:AATATCCCAGGGAGCTx-M1,0.027149743801653855,1.0,1.0,0.20532240632496723,0.03850472820149441,0.5960927074007194,1.0,0.4738157990083488,0.4218903212177199,1.0,0.0,1.0,0.0391245770011771,0.0,0.7684770129317446,0.6313224977682372,0.3172532359137337,0.0,0.0,1.0,0.4471565268837315,0.45379590909364265,0.1946905818356056,0.7274088032163535,0.0,0.0,0.0,0.5853652388027039,0.4239442065291285,0.17292828717993336,1.0,0.0,0.2783161906409872,0.5156289536276379,0.39634110355685803,0.5529445267034596,0.5222320234558001,0.12768741112913712,0.570643684421696,1.0,0.40573475644839346,0.8938023586788855,0.0,1.0,0.26023224742643086,0.34593186229419454,0.0,0.0,0.5114368359559133,0.6360140161127097,0.2066718246103758,0.15038486774143955,1.0
gex_possorted_bam_SJSO3:AATCAGGAGTAAGTCCx-M1,0.0,1.0,1.0,0.1421388999106113,0.0,0.0,1.0,0.4886058057311816,0.19901171045950128,1.0,0.0,1.0,0.0,0.0,0.6996078062265361,0.5726183217812553,0.0,0.0,0.0,1.0,0.19730647836195736,0.20611344974461251,0.10380066930922344,0.5337363677934377,0.0,0.0,0.08124698517090805,0.47036483734492285,0.6318477168050797,0.037117656856271476,1.0,0.0,0.17593617516582546,0.5196501058508598,0.5984408919103338,0.5050417621261737,0.6977671195207202,0.09521943578620855,0.4307581564764495,1.0,0.33607156822139184,0.8836060766945059,0.0,0.8753207461658618,0.1509018399210573,0.3201847714072412,0.0,0.0,0.4448730286730476,0.4400883533757851,0.27763678167246014,0.11931932846076093,0.6235211000856608
gex_possorted_bam_SJSO3:AATATCCCATCGCTCCx-M1,0.0,0.0,0.0,0.0,0.0,0.0,0.30119089003407473,0.0,0.9266222989427242,0.0,1.0,0.3733335160376754,0.054824599862052854,1.0,0.0,1.0,0.9180455908813042,0.17214416590651957,0.51682628945763,0.0,0.0,0.0,0.0,0.0,0.9658890006686623,0.0,1.0,0.0,0.053055013162561365,0.0,0.0,0.0,0.0,0.0,1.0,0.0,1.0,0.0,0.0,1.0,0.0,1.0,0.6980824648362244,0.2270762999399156,0.0,0.0,0.8533561158324342,1.0,0.0,0.0,0.2648843704611015,0.0,0.0
gex_possorted_bam_SJSO3:AATGCATGTTCATCTAx-M1,0.047027128967129406,0.0,0.03239594872720121,0.0,0.27343692905759626,0.07168346887312167,0.0,0.0,0.0,0.0,0.8252861748802733,0.0,0.0,0.0,0.0,0.0,0.8213830721209987,0.7549372106062139,0.0,1.0,0.5388774699905885,0.638911116937535,0.14148963168515757,0.5940807691527398,0.0,0.0,0.5369332887663958,0.0,0.0,0.0,0.0,0.1798987403987338,0.15100272498180464,0.0,0.3831289080188238,0.0,0.0,0.0,0.0,0.07897238479216602,0.0,0.0,0.0,0.0,0.04627494295137724,0.0,0.0,0.48666848122490386,0.0,0.0,0.0,0.0,0.9553758939678998
gex_possorted_bam_SJSO3:AATCCATCACCAAAGGx-M1,0.0,0.0,0.0,0.0,0.0,0.0,0.4572366685604051,0.0,1.0,0.0,1.0,0.2520158104699478,0.08783541479326828,1.0,0.0,1.0,1.0,0.37216417685507364,0.6361971742917271,0.0,0.0,0.0,0.0,0.0,1.0,0.005144833842828095,1.0,0.0,0.09792310180284926,0.0,0.0,0.0,0.0,0.0,1.0,0.0,1.0,0.0,0.0,1.0,0.0,1.0,0.8169474849812363,0.39775782770860446,0.0,0.0,0.8519365895586823,1.0,0.0,0.0,0.20709284720115956,0.0,0.0
gex_possorted_bam_SJSO3:AATGCAACAGTTATGTx-M1,0.0828897554380948,0.5869432790820844,1.0,0.2845607610308942,0.1875539087698121,1.0,1.0,1.0,0.92036814914918,1.0,0.6709932968427583,1.0,0.2746766653628352,1.0,0.3946891248401165,0.14293884938313908,1.0,1.0,0.7476090339688762,1.0,0.6096984229803026,0.39023659258787213,0.3626877279008388,0.3133678183766604,0.17848305805105172,0.10745792401900504,0.5504043061619794,1.0,1.0,0.0642237835695393,0.0,0.24706615581640745,0.3903944706027752,0.1221062084933683,0.8126298300015312,0.470171563648884,0.15330098276992654,0.3828132460028956,0.6853462863073833,0.577564660583611,1.0,0.6911743694112771,0.2348638640863915,1.0,0.8341333571664366,0.08295763912933915,1.0,0.49410148428914713,0.2395111591198211,0.6989929421260624,0.0,0.0,1.0
gex_possorted_bam_SJSO3:AATGGCGCAGCTAACCx-M1,0.0,0.0,0.0,0.02165856811750248,0.0,0.0,0.0,0.0703984003982263,0.0,0.0,0.1725166220766895,0.0,0.0,0.0,0.1766227674099644,0.046994786966988264,0.47573357996289806,0.22587048958243267,0.0,1.0,0.3644377727618254,0.4354410801042302,0.10665304775050374,0.5678560357423209,0.0,0.0,0.34502385086429826,0.0,0.0,0.0,0.0,0.0,0.11240287654147167,0.05708548722545035,0.4083386000948019,0.037952929737258695,0.0,0.048618343329970094,0.07329689851001123,0.21779723734310744,0.1313616082810517,0.19493474461888485,0.0,0.0,0.0,0.0,0.0,0.2969640489158161,0.0,0.0,0.0,0.0,0.23545184974648242
gex_possorted_bam_SJSO3:AATCTCAAGCATTTCTx-M1,0.0,0.0,0.06387535452689815,0.0,0.0,0.0,0.0,0.031952282459382926,0.0,0.0,0.03339207247787561,0.0,0.0,0.0,0.08032424550992613,0.0,0.3718561899304834,0.0,0.0,1.0,0.23533033881550477,0.3204381875227104,0.013021507651645732,0.48797071536816583,0.0,0.0,0.4031915281983149,0.0,0.0,0.0,0.12484269255293161,0.0,0.03257302190141243,0.02181991162455851,0.4259618955190742,0.0,0.08662540513837304,0.0,0.02696771194584402,0.35964404582893145,0.018268515289071408,0.20592308952800156,0.0,0.0,0.0,0.0,0.0,0.1233998368283915,0.0,0.0,0.0,0.0,0.4017450353389631
gex_possorted_bam_SJSO3:AATGCAACAAACGGGCx-M1,0.0,0.36208761543987666,1.0,0.1184597790437661,0.0,0.0,1.0,0.0,1.0,0.09245398049284834,1.0,0.9452549284818285,0.6933351173583078,1.0,0.0,1.0,1.0,0.30196973307876024,1.0,0.0,0.0,0.0,0.0,0.0,1.0,0.2229734063383675,1.0,0.5844009911429778,0.1885923571482166,0.2192431233353293,1.0,0.0,0.0,0.1556015978525296,1.0,0.0,1.0,0.0,0.0,1.0,0.004572796658734968,1.0,1.0,1.0,0.0,0.039151938018372634,1.0,1.0,0.25114804945085506,0.0,0.5136986472728221,0.12274905521004445,0.0
gex_possorted_bam_SJSO3:AATATCCCATTGTCCTx-M1,0.0,0.2994250374488882,0.46945900324328366,0.0,0.0,0.0,0.3192571449715769,0.08452735254070426,0.0,0.2471586004275158,0.0,0.15114778363043374,0.0,0.0,0.2803248097697559,0.0,0.11725675050737477,0.0,0.0,1.0,0.34962566733146583,0.3700639274426267,0.0,0.5400920815591373,0.0,0.0,0.2611349520571168,0.0,0.0,0.0,0.9163584449430681,0.0,0.06884049591450607,0.13016421247805707,0.4463446616688261,0.07042424995547737,0.16469021177155063,0.0,0.12779920614580603,0.54102087614615,0.0,0.20034408234035356,0.0,0.0,0.0,0.0,0.0,0.0,0.0,0.0,0.0,0.0,0.6217016370884093
gex_possorted_bam_SJSO3:AATGGCGCAGTAGGTGx-M1,0.04345872781957277,0.0,0.03330634220442544,0.0,0.6872289113601836,0.569975255786695,0.0,0.0,0.0,0.0,1.0,0.0,0.0,0.0,0.016414631399637024,0.0,1.0,1.0,0.0,1.0,0.6961937233497681,0.861895248805038,0.19679897718288356,0.7271890088727554,0.0,0.0,0.39718463640873747,0.0,0.0,0.07981948895785947,0.0,0.19755491922871635,0.18302596727804685,0.0,0.14636063734558538,0.009405965348166146,0.0,0.04085051883578135,0.03225150961759191,0.0,0.0,0.0,0.0,0.0,0.14450129487966126,0.0,0.0,0.22848566204638737,0.0,0.12092347519075922,0.0,0.0,1.0
gex_possorted_bam_SJSO3:AATCTCAAGCGGGCAAx-M1,0.02319397411276625,0.0,0.5639776303126491,0.0,0.7419132496522379,0.3979359438602784,0.0,0.02161297386336166,0.0,0.026434783743545357,0.9801526184281125,0.0,0.0,0.0,0.0,0.0,1.0,1.0,0.0,1.0,0.6480321013504731,0.7460130322638573,0.19263744519831758,0.5528347144603069,0.0,0.0041431742963601356,0.5730804435793047,0.0,0.0,0.014612144285794333,0.0,0.43001245866818866,0.19318900192390814,0.0,0.24487978829059123,0.0,0.0,0.01345303607102863,0.03434402835345516,0.017861787686863584,0.36640393971468127,0.0,0.0,0.07221501214545598,0.1282898983971043,0.0,0.0728046934925988,0.32599239462226154,0.0,0.24013063072608587,0.0,0.0,1.0
gex_possorted_bam_SJSO3:AATGCAACACCTGTAAx-M1,0.0,0.13548101383729225,0.11283965013653455,0.0,0.0,0.49252736601671404,0.8525874598833952,0.0,0.8977004672833834,0.0,1.0,0.47794031011362426,0.20321934812997153,1.0,0.0,1.0,1.0,1.0,1.0,0.0,0.0,0.0,0.0,0.0,1.0,0.09970920615551906,1.0,0.024053905912449314,0.043453152662419864,0.0,0.0,0.0,0.0,0.0,1.0,0.0,1.0,0.0,0.0,1.0,0.0,1.0,0.8956010032540159,0.6381934614929915,0.0,0.0,1.0,1.0,0.0,0.0,0.24593442987142178,0.0,0.0
gex_possorted_bam_SJSO3:AATCCATCATCCTAGAx-M1,0.0,0.0,0.025341197514948403,0.0,0.0,0.0,0.0,0.02122143551936337,0.0,0.0,0.19054526654630222,0.0,0.0,0.0,0.05919922995129109,0.0,0.386961184900122,0.0,0.0,1.0,0.2681148340568267,0.3878856022240851,0.04292350984036579,0.4908303711314902,0.0,0.0,0.3980574723028631,0.0,0.0,0.0,0.20702119610221506,0.0,0.04699054398920769,0.0,0.40781622854690397,0.006941940765606763,0.051670555893185206,0.0,0.01343239546128346,0.3763231392201503,0.0,0.08702991664304216,0.0,0.0,0.0,0.0,0.0,0.127045906064924,0.0,0.0,0.0,0.0,0.47250378135851145
gex_possorted_bam_SJSO3:AATCATGTCTGGCTTCx-M1,0.0,0.0961640273196255,1.0,0.0,0.0,0.0,0.9946341769844775,0.0,0.30409195431552527,0.06427214296222529,0.36049586889809154,0.6440208728746025,0.0,0.5739716907623434,0.0,1.0,0.7098346882201717,0.0,0.0,0.0,0.0,0.0,0.0,0.0,0.44343757500657277,0.0,1.0,0.1729777302511774,0.0,0.0,0.6218093309981154,0.0,0.0,0.0,1.0,0.0,1.0,0.0,0.0,1.0,0.09075884967714988,1.0,0.6831408914009196,1.0,0.0,0.0,0.3949052368687652,1.0,0.020862088862888595,0.0,0.023105185760209458,0.0,0.0
gex_possorted_bam_SJSO3:AATCCATCAACATAAGx-M1,0.36791711596409205,0.0,0.0,0.22307185964873086,0.720771603269977,1.0,0.0,0.19488199642524656,0.0,0.2474845334569157,1.0,0.0,0.0,0.0,0.3907260269588173,0.0,1.0,1.0,0.3036390228097756,1.0,1.0,1.0,0.4329166184081791,0.9504981048789235,0.0,0.11818811338996166,0.20792338045846218,0.06982772618936628,0.06842214570907908,0.36615694038450497,0.5114754027633913,0.31405102639115423,0.4106967191004596,0.15628174981184573,0.15947331019965227,0.3646973984326284,0.0,0.2791605431700698,0.32278286455985433,0.0,0.0,0.0,0.0,0.0,0.5201440242647412,0.31026855924017527,0.0,0.2063002372378956,0.17367159394478493,0.3322090875382466,0.0,0.33203695600328104,1.0
gex_possorted_bam_SJSO3:ACAACAACAAACCTTGx-M1,0.10989316064214583,0.0,0.0,0.0,0.42705212469430504,0.6360390718568943,0.0,0.0,0.0,0.0,1.0,0.0,0.0,0.0,0.017534947954143204,0.0,1.0,1.0,0.0,1.0,0.7108769130532464,0.9194897747645033,0.21149199443902011,0.758808044900894,0.0,0.0,0.3493167879059237,0.0,0.0,0.013889182180856581,0.0,0.1309306411932811,0.185610289364437,0.0,0.21639655121165502,0.06275250993917299,0.0,0.07796389175311991,0.039743271294688506,0.0,0.0,0.0,0.0,0.0,0.17968963347339972,0.048203227819544156,0.0,0.1612001212611764,0.0,0.02427525218292427,0.0,0.07030654294965316,1.0
gex_possorted_bam_SJSO3:AATTTCCTCTAAATCGx-M1,0.051636288842520084,0.0,1.0,0.032815618388085444,0.8771619864024899,0.9855536295898556,0.8490650116953606,0.3208968523469452,0.23103296511477348,0.05266641363371833,1.0,0.0,0.08434739097395569,0.0,0.0,0.0,1.0,1.0,0.15918508512696825,1.0,0.8685873098811113,0.8455912030028727,0.17973694872018492,0.47041460315155736,0.06573582387696154,0.03969557701549288,0.7716808087735326,0.0,0.0,0.0,0.17370707160738358,0.6391728021252355,0.21806111581392246,0.0,0.4612563404959937,0.06683112901187897,0.0,0.0,0.15166629853799649,0.3426489886906802,0.6849533742442343,0.0,0.0,1.0,0.11818585879710071,0.08847135689364127,0.6406111541578314,0.4397198752298908,0.08763342663248211,0.1969809235159168,0.0,0.0,1.0
gex_possorted_bam_SJSO3:AATTCGTCACAACAAAx-M1,0.015464026377356522,0.0,0.0,0.0,0.14610183451991043,0.016323810066338363,0.0,0.0,0.0,0.0,0.7190151592821316,0.0,0.0,0.0,0.0,0.0,0.6835465764431923,0.6708501144178696,0.0,1.0,0.5302758387871007,0.6669292366162961,0.10550871365475019,0.6647202350290958,0.0,0.0,0.3978016677545268,0.0,0.0,0.0,0.0,0.08076093680200666,0.1360685743440041,0.0,0.23594339633134387,0.0,0.0,0.05599843966693406,0.0,0.07622999097842922,0.0,0.0,0.0,0.0,0.04804658833879487,0.0,0.0,0.18866511943957925,0.0,0.0,0.0,0.0,0.9549000977259295
gex_possorted_bam_SJSO3:AATTGACGTTCCTGTGx-M1,0.1364134916339319,0.0,0.3089215108143648,0.013372505262678523,0.568816304168493,0.8906232011680049,0.0,0.0,0.0,0.06699236712193594,1.0,0.0,0.0,0.0,0.13667988093643424,0.0,1.0,1.0,0.0,1.0,0.9247695610530764,0.9959670156887664,0.2535345851400966,0.8385794518677027,0.0,0.0,0.3084203244968109,0.0,0.0,0.18696254766015238,0.49940918251516986,0.14329009469901594,0.2791342701692126,0.0,0.20423656720401545,0.10537696534061826,0.0,0.08511794638872304,0.11305192643581792,0.07988405183203558,0.0,0.0,0.0,0.0,0.25993628636225236,0.08683737809008575,0.0,0.13969391846744605,0.024665983389079577,0.17754737680853627,0.0,0.08969417965225039,1.0
gex_possorted_bam_SJSO3:AATTAGGCAGTCTATGx-M1,0.0,0.0,0.03475197833731562,0.0,0.0,0.0,0.6428109842254511,0.0,1.0,0.0,1.0,0.4267885952766372,0.038423415195167225,1.0,0.0,1.0,1.0,1.0,1.0,0.0,0.0,0.0,0.0,0.0,1.0,0.018565124312726503,1.0,0.0,0.03125386378989995,0.0,0.0,0.0,0.0,0.0,1.0,0.0,1.0,0.0,0.0,1.0,0.0,1.0,1.0,1.0,0.0,0.0,1.0,1.0,0.0,0.0,0.06700228594477763,0.0,0.0
gex_possorted_bam_SJSO3:AATGTCATCAATCTAGx-M1,0.15698582680143278,0.0,0.0,0.03398931545759147,0.3145091769788352,0.45147286560617067,0.0,0.03960380170206397,0.0,0.0,0.9735331415571719,0.0,0.0,0.0,0.10771135027614355,0.0,0.7955111664038182,1.0,0.0,1.0,0.7091744449139729,0.8171131119729288,0.25368847826715607,0.7181813909840282,0.0,0.0,0.3016767624453876,0.0,0.04412624445713652,0.05470495901547384,0.21461156398672385,0.13840499123242558,0.21718788475567546,0.0,0.24324918304059467,0.1344331066418924,0.0,0.1270308856146873,0.0999627559218358,0.1742240475953713,0.0,0.0,0.0,0.0,0.1914280103262447,0.1154789284583381,0.0,0.11730169971298557,0.009380088051165438,0.03445017239621252,0.0,0.10864926801861143,1.0
gex_possorted_bam_SJSO3:AATTTGGTCCCTGACTx-M1,0.0,0.033713948997375925,1.0,0.03795571766736864,0.0,0.0,1.0,0.0,1.0,0.2404263464199347,0.9037631935115793,1.0,0.6817823860707964,1.0,0.0,1.0,1.0,0.0,0.7062378489539068,0.0,0.0,0.0,0.0,0.0,1.0,0.20671186096051186,1.0,0.6876600164181953,0.0,0.19147880584201718,1.0,0.0,0.0,0.05945559244475364,1.0,0.0,1.0,0.0,0.0,1.0,0.08203775746932733,1.0,1.0,1.0,0.0,0.018285266933528332,1.0,1.0,0.2944090303911705,0.0,0.46358285638064933,0.12510315202339709,0.0
gex_possorted_bam_SJSO3:AATTACCCATAGACCCx-M1,0.0,0.05075594250099942,0.4123629437606029,0.0,0.04795600995143236,0.0,0.0,0.04808743354777149,0.0,0.167876583668928,0.17500175794961345,0.0,0.0,0.0,0.2003706712913845,0.0,0.3892504572556635,0.0,0.0,1.0,0.49361158131176414,0.5676563382466757,0.06489367624783746,0.6825702108182795,0.0,0.0,0.3313143129254851,0.0,0.0,0.0,0.7556296839406383,0.0,0.13072166132634658,0.03326920206016967,0.38259854221575273,0.08190923465766727,0.06125382604729122,0.0,0.09356070466685512,0.42441418177418916,0.0,0.016274722709879275,0.0,0.0,0.05501027976562563,0.010917059101547166,0.0,0.0,0.0,2.3611810579491577e-05,0.0,0.0,0.9121389297591719
gex_possorted_bam_SJSO3:AATTAGGCATTTGCTCx-M1,0.12148144949930323,0.0,0.0,0.0,0.38027638854839546,0.5984327672894291,0.0,0.0,0.0,0.0,1.0,0.0,0.0,0.0,0.0,0.0,1.0,1.0,0.0,1.0,0.7591041495695376,0.891446426321329,0.22629314427518427,0.7652222252106857,0.0,0.0,0.37298986750146673,0.0,0.0,0.09468398476728933,0.0,0.18474516146859,0.1821446231058213,0.0,0.20695459613846368,0.04221046959874712,0.0,0.09969154876781626,0.012083251339079806,0.0,0.0,0.0,0.0,0.0,0.15179840351290502,0.031467141602792625,0.0,0.25918142178733106,0.0,0.0,0.0,0.0685419041767503,0.9942378708080829
gex_possorted_bam_SJSO3:AATTGGACAGGTATTTx-M1,0.10794634455041144,0.0,0.0,0.012548113846145247,0.24650913481213543,0.5076199193876085,0.0,0.0,0.0,0.0,1.0,0.0,0.0,0.0,0.0,0.0,1.0,1.0,0.03757693033054112,0.8026545237064391,0.6400126760417078,0.8528295255927845,0.1972759131313579,0.7042151689994038,0.0,0.0,0.3120553747755681,0.0,0.0,0.10909985287727392,0.0,0.08745662152446385,0.16209302769805772,0.0,0.14941434033128162,0.0,0.0,0.10909495450817071,0.0,0.0,0.0,0.0,0.0,0.0,0.08232778684404876,0.0,0.0,0.38721821113398536,0.0,0.0,0.0,0.05068292748914516,0.8461989234631822
gex_possorted_bam_SJSO3:AATTGACGTGTGCACGx-M1,0.15836607696898705,0.2133396391982177,1.0,0.14381253801062052,1.0,1.0,0.9875992945377139,0.38519930428478183,0.16473090506904836,0.4702522827041466,1.0,0.0,0.3161630480873243,0.0,0.16176454954639913,0.0,1.0,1.0,0.296360007600501,1.0,1.0,1.0,0.33834570999277347,0.6340497629978582,0.1075381015387932,0.1469439059382358,0.5788699489128984,0.11109784248877638,0.1548881331956958,0.1898158684164617,0.8377767385008665,0.6504128476480118,0.372781804553273,0.05309655331458549,0.3708970113634783,0.23359154114752245,0.0,0.12503378844430074,0.369283364631795,0.39710703341865616,0.8755877885559223,0.0,0.014415041542773248,1.0,0.3217128250507798,0.2669561320426584,0.6599538894957727,0.20471998070766873,0.3199611725136843,0.5231827887551644,0.0,0.11100420465862829,1.0
gex_possorted_bam_SJSO3:AATTTGGTCCCGCCTAx-M1,0.0668116799553476,0.0,0.0,0.0,0.1406965662136818,0.0,0.0,0.0,0.0,0.0,0.670849283734578,0.0,0.0,0.0,0.0,0.0,0.6909372488967729,0.6353180359311084,0.0,0.5211032330395747,0.36107828746013104,0.47341290638269096,0.10000300622579404,0.4852466690888231,0.0,0.0,0.5838672918916672,0.0,0.0,0.0,0.0,0.21427765691192274,0.11107008240912632,0.0,0.3667989262266178,0.0,0.02238834153341645,0.0954217268094415,0.0,0.1398153663700336,0.0813363950571841,0.1808450252944617,0.0,0.0,0.011911905378364776,0.00297866869247531,0.0,0.6689792947916059,0.0,0.0,0.0,0.0,0.5474660226430665
gex_possorted_bam_SJSO3:AATGTCATCCGTCCATx-M1,0.04293334963004412,0.0,0.0,0.0,0.14786296642096572,0.10109408564711099,0.0,0.0,0.0,0.0,1.0,0.0,0.0,0.0,0.0,0.0,0.927527927186295,1.0,0.0,0.6010080575619855,0.49817048802419117,0.6020994552625926,0.11334680371195989,0.5966810325311034,0.0,0.0,0.499104379892516,0.0,0.0,0.0,0.0,0.06240820893268387,0.10041599370747889,0.0,0.31148327021810956,0.0,0.0,0.058267505386863365,0.0,0.0,0.0,0.0,0.0,0.0,0.0,0.0,0.0,0.5116940670198569,0.0,0.0,0.0,0.0,0.567792964178123
gex_possorted_bam_SJSO3:AATTGGACATGATTGTx-M1,0.0,0.0,0.0,0.0,0.0,0.0,0.5398802753567976,0.13734456223478742,1.0,0.0,1.0,0.20095084870446703,0.0541182781492241,1.0,0.0,1.0,1.0,1.0,1.0,0.0,0.0,0.0,0.0,0.0,1.0,0.07904517822703197,1.0,0.0,0.18560467985579873,0.0,0.0,0.0,0.0,0.0,1.0,0.0,1.0,0.0,0.0,0.7305194976570898,0.0,1.0,0.43271599691613305,0.0,0.0,0.0,0.9699628434575592,1.0,0.0,0.0,0.5246112811984598,0.0,0.0
gex_possorted_bam_SJSO3:ACAACAACACAGACTCx-M1,0.0,0.0,0.0,0.0,0.0,0.0,0.0,0.0,0.4572246463561289,0.0,0.6783204655468379,0.0,0.0,0.48402071796872964,0.0,0.5563636581185794,0.6765397486181337,0.16039207225436697,0.0,0.0,0.0,0.0,0.0,0.0,0.204522025534244,0.0,1.0,0.0,0.0,0.0,0.0,0.013787869791834086,0.0,0.0,1.0,0.0,0.9502278546622541,0.0,0.0,0.6181647630617284,0.0,0.9444497306928279,0.09869499369657529,0.0,0.0,0.0,0.11640194753415246,1.0,0.0,0.0,0.0,0.0,0.0
gex_possorted_bam_SJSO3:AATTCGTCACTGACTAx-M1,0.04492812371053505,0.0,1.0,0.009308593928741228,0.8486052773052261,0.9215617040297261,0.5752910054459696,0.2951896967920588,0.22441444007005631,0.06202908105878684,1.0,0.0,0.011207578167338816,0.0,0.03333090401300171,0.0,1.0,1.0,0.0,1.0,0.8557968302873984,0.8421136511081684,0.17381941925508107,0.5080307913601211,0.0,0.019280114877052328,0.7088780461892854,0.0,0.0,0.0,0.17057019205744609,0.7035783684051303,0.2251767993107447,0.0,0.388285559094037,0.06474358870276697,0.0,0.004161930455827885,0.1433698863626459,0.29036299881715716,0.6530638833007035,0.0,0.0,1.0,0.17868904757110635,0.053058507163233105,0.6628996902734865,0.32063757094138734,0.06720518540238521,0.22126968204316438,0.0,0.0,1.0
gex_possorted_bam_SJSO3:AATTTGGTCCTCGATCx-M1,0.0,0.5767080945838237,1.0,0.20887026474403905,0.0,0.0821185696334552,1.0,0.0,1.0,0.1776991594320832,1.0,0.9507554971970446,1.0,1.0,0.0,1.0,1.0,0.672093377373151,1.0,0.0,0.0,0.0,0.0,0.0,1.0,0.3589085486388104,1.0,0.6718006501667679,0.6172531531433736,0.24129128731245358,1.0,0.0,0.0,0.16130655161913965,1.0,0.0,1.0,0.0,0.0,1.0,0.0,1.0,1.0,1.0,0.0,0.09710652303499492,1.0,1.0,0.373393405027039,0.09411200868380627,0.7271896767381341,0.2544985302732543,0.0
gex_possorted_bam_SJSO3:AATTGTGTCGTTAACAx-M1,0.05530637322108673,0.0,0.0,0.0,0.5659285332749687,0.437404497404746,0.0,0.0,0.0,0.0,1.0,0.0,0.0,0.0,0.0,0.0,1.0,1.0,0.0,1.0,0.6401835066902869,0.8319052031077968,0.20594736971778976,0.6578561522911952,0.0,0.0,0.4254280562368537,0.0,0.0,0.038440952839386616,0.0,0.10542546186660313,0.16760258830518246,0.0,0.19943023740232124,0.0,0.0,0.01488038308038682,0.0,0.0,0.0,0.0,0.0,0.0,0.06964911011974023,0.0,0.0,0.2924290755349508,0.0,0.07253037444605398,0.0,0.0,1.0
gex_possorted_bam_SJSO3:AATGTCCAGCGCATTGx-M1,0.0,0.0,0.0,0.004226841153361724,0.0,0.0,0.6957497372547715,0.0,1.0,0.0,0.8876029180097884,0.40537032588394045,0.17283180054934544,1.0,0.0,1.0,0.9125857562536599,0.3142522519738453,0.7115648019575896,0.0,0.0,0.0,0.0,0.0,1.0,0.09622155429750422,1.0,0.0,0.27369229518708266,0.0,0.0,0.02387035673116676,0.0,0.0,1.0,0.0,1.0,0.0,0.0,1.0,0.1429029451748009,1.0,0.7356604001185559,0.24338217115563465,0.0,0.0,0.9228870028304486,1.0,0.0,0.0,0.3260321460695824,0.0,0.0
gex_possorted_bam_SJSO3:AATTAGCGTAGGTTGCx-M1,0.0,0.2276841789454062,0.4190400180872655,0.0,0.0,0.01866312689354874,0.0,0.06043606916694253,0.0,0.15876471802172124,0.3285320186964837,0.0,0.0,0.0,0.11899542783579091,0.005616687953598279,0.5019865696366065,0.17581420355663596,0.0,1.0,0.4248319251375299,0.5190684163828547,0.07009985968009112,0.5601104043100863,0.0,0.0,0.33537787416443277,0.0,0.0,0.0,0.9405296023964972,0.0,0.09719844001418929,0.007408323875813832,0.3357012736030252,0.08639294257136294,0.0,0.010407804399207972,0.10389207656654287,0.43905695756784013,0.0,0.0,0.0,0.0,0.02952385469768892,0.029858318357031486,0.0,0.0,0.0,0.0,0.0,0.0,0.7990841520573886
gex_possorted_bam_SJSO3:ACAAAGGTCTGGCAATx-M1,0.0,1.0,1.0,0.37524382114605337,0.0,0.0,1.0,0.10874085121392033,1.0,0.3001276564026572,1.0,1.0,1.0,1.0,0.0,1.0,1.0,0.07789686072440703,1.0,0.0,0.0,0.0,0.0,0.0,1.0,0.5827066736859685,1.0,1.0,1.0,0.5426269569981816,1.0,0.0,0.0,0.32451800164688754,1.0,0.0,1.0,0.0,0.0,1.0,0.016814115669597385,1.0,1.0,1.0,0.0,0.2373051658449379,1.0,1.0,0.6343559626724823,0.25304774018285214,1.0,0.4677723074532916,0.0
gex_possorted_bam_SJSO3:ACAAAGGTCTGTAAGCx-M1,0.0,0.24307404227633703,1.0,0.04470459934147508,0.0,0.0,1.0,0.0,1.0,0.028169790260708576,0.9173423988401531,1.0,0.5944546556072783,1.0,0.0,1.0,0.9977882528751236,0.0,0.6577574879074362,0.0,0.0,0.0,0.0,0.0,1.0,0.14961356861870206,1.0,0.2867989607073921,0.2777299156941834,0.0,0.9682193853169677,0.0,0.0,0.007952840166002515,1.0,0.0,1.0,0.0,0.0,1.0,0.020123200467259586,1.0,1.0,1.0,0.0,0.0,1.0,1.0,0.15548558598410314,0.0,0.38449493469108953,0.07735642401064331,0.0
gex_possorted_bam_SJSO3:AATTTCCTCGCTTGCTx-M1,0.10464817117960956,0.0,0.5270415624500642,0.004687103983308946,0.8828942988696652,0.9836688692614418,0.0,0.0,0.0,0.15765776673594734,1.0,0.0,0.0,0.0,0.15492104037184248,0.0,1.0,1.0,0.0,1.0,0.9196821580865332,1.0,0.2785734821200344,0.8407022094531628,0.0,0.0,0.3202024667704095,0.0,0.0,0.20223748611213216,0.32464466665706904,0.35229337328994476,0.24959008833720908,0.0,0.1552583681242963,0.11856631000512811,0.0,0.05891221100267438,0.11888408408752242,0.009770557890667834,0.0,0.0,0.0,0.0,0.3023754381262357,0.06914646783210482,0.0,0.1381999398583027,0.034738938580387686,0.26761956904275924,0.0,0.09391504818865232,1.0
gex_possorted_bam_SJSO3:AATTACCCATAGTCATx-M1,0.02378029267795556,0.0,0.0,0.0,0.24359907170415762,0.03290848779474676,0.0,0.0,0.0,0.0,0.6055420671764676,0.0,0.0,0.0,0.011525699308781693,0.0,0.5664515750982285,0.4552884316774915,0.0,1.0,0.5906382831186044,0.7377780870797417,0.15233140706392567,0.6760624864392769,0.0,0.0,0.3125795205033382,0.0,0.0,0.0,0.028283558140370407,0.0,0.12889874940525214,0.0,0.22852375609942072,0.024441670069113533,0.0,0.013516393388873033,0.0,0.0881835338218182,0.0,0.0,0.0,0.0,0.0647420266840133,0.0,0.0,0.020442130313880813,0.0,0.006541806533586113,0.0,0.0,0.932073964680211
gex_possorted_bam_SJSO3:AATTCGTCAGCTCAACx-M1,0.0,0.0,0.0,0.009507221239158568,0.0,0.0,0.5574063452311374,0.15582678457329674,0.9960947514474915,0.0,1.0,0.08635352957491622,0.30431814896960296,1.0,0.0,1.0,1.0,1.0,0.9068911387258789,0.0,0.0,0.0,0.0,0.0,1.0,0.07635409356608452,1.0,0.0,0.5776854528603587,0.0,0.0,0.0,0.0,0.0,1.0,0.0,1.0,0.0,0.0,0.7863611220545984,0.16807883637536752,1.0,0.7122861065748952,0.0,0.0,0.0,1.0,1.0,0.0,0.0,0.4839304126737688,0.0,0.0
gex_possorted_bam_SJSO3:AATTGCCAGGGCTTTGx-M1,0.0,1.0,1.0,0.16268413037393104,0.0,0.16336933063173875,1.0,0.0,1.0,0.5137382768386866,1.0,1.0,0.6531858209218127,1.0,0.0,1.0,1.0,0.8760819632163905,1.0,0.0,0.0,0.0,0.0,0.0,1.0,0.23144616353663053,1.0,0.5762420029777866,0.06408217292420956,0.14363342165979268,1.0,0.0,0.0,0.22418433804978596,1.0,0.0,1.0,0.0,0.0,1.0,0.3353185741482808,1.0,1.0,1.0,0.0,0.0,1.0,1.0,0.28052294663123534,0.0,0.3826390071860807,0.1286191928981971,0.0
gex_possorted_bam_SJSO3:AATTGCCAGCCTAACGx-M1,0.0,0.0,0.3108703995280167,0.0,0.0,0.0,0.6419164505637677,0.0,0.3819851898925605,0.0,0.8170665918378448,0.7903443486445214,0.0,0.8765416779173548,0.0,1.0,1.0,0.03697169269028746,0.28449023234705956,0.0,0.0,0.0,0.0,0.0,0.4176876279827264,0.0,1.0,0.0,0.0,0.0,0.0,0.0,0.0,0.0,1.0,0.0,1.0,0.0,0.0,1.0,0.10915097901300612,1.0,0.3344551843379145,0.24464646537643225,0.0,0.0,0.2618863725950843,1.0,0.0,0.0,0.05105362794609523,0.0,0.0
gex_possorted_bam_SJSO3:AATGTCATCTTGAGCGx-M1,0.0,0.0,0.0,0.0,0.0,0.0,0.3059827843852405,0.0,0.8868355196812449,0.0,0.7423955795439602,0.24381456984219455,0.018113363245027745,1.0,0.0,1.0,0.7725947884574309,0.25662969233528155,0.4129134410719225,0.0,0.0,0.0,0.0,0.0,0.896837442004283,0.004007580438272945,1.0,0.0,0.024651269724030575,0.0,0.0,0.0,0.0,0.0,1.0,0.0,1.0,0.0,0.0,0.804040801810659,0.0,1.0,0.528310330500782,0.0,0.0,0.0,0.6645129465017874,1.0,0.0,0.0,0.2194889856174591,0.0,0.0
gex_possorted_bam_SJSO3:ACAACAACAGCAACAGx-M1,0.0,0.6156276672158574,1.0,0.14963416999842533,0.0,0.0,1.0,0.0,1.0,0.13680582342225597,1.0,1.0,0.5996169667230431,1.0,0.0,1.0,1.0,0.6131003836408632,1.0,0.0,0.0,0.0,0.0,0.0,1.0,0.20463320101794977,1.0,0.5172294736674339,0.3094171768745072,0.13186202758466084,1.0,0.0,0.0,0.139777870897588,1.0,0.0,1.0,0.0,0.0,1.0,0.09682731677675739,1.0,1.0,1.0,0.0,0.0,1.0,1.0,0.254787508766367,0.0,0.5675556100299698,0.12954542143098657,0.0
gex_possorted_bam_SJSO3:AATTTCCTCATGGCTGx-M1,0.5623591430737149,0.5955460346072776,0.1635509716308774,0.4790382493986508,0.5318211097379921,0.8483175633757818,0.42310069846496573,0.6058372256325179,0.16210220708121345,0.7495240343271222,0.27481143448913803,0.30804373442670585,0.33178534299016416,0.034480734620279785,0.6129312989948826,0.22400877089491567,0.2563777570726937,0.4046479823727064,0.12454264282433414,0.9423159006896323,0.9244158296433062,0.8782062497973924,0.6098134699262241,0.9285188746327417,0.0618619360967716,0.3536653172858216,0.1078614002452445,0.5719829928189133,0.48011966351468266,0.5141146982680965,0.9117592010636524,0.4159163204636476,0.5855965582881336,0.4665729183412128,0.22025674264356884,0.6770871742053024,0.24475551855186278,0.4979199451038668,0.5985257976433341,0.3736809903387897,0.7124326025822403,0.4111882008661599,0.1701375552088083,0.300571542191078,0.6120493411981077,0.5821660748091894,0.0,0.0,0.5494591691754809,0.6107561383018566,0.4899229332979861,0.510766384800114,1.0
gex_possorted_bam_SJSO3:AATTCGTCAGTTTACGx-M1,0.0,0.0,0.19835101995630117,0.0,0.0,0.0,0.5248531819291445,0.0,0.7733081423070617,0.0,0.9386849130816258,0.3538714269925089,0.0,1.0,0.0,1.0,0.9710835219305936,0.131787072089956,0.29836371748968116,0.0,0.0,0.0,0.0,0.0,0.7360780077083969,0.0,1.0,0.0,0.03230036416874312,0.0,0.0,0.0,0.0,0.0,1.0,0.0,1.0,0.0,0.0,1.0,0.0,1.0,0.6307927057363284,0.5151638519808788,0.0,0.0,0.6221887403577211,1.0,0.0,0.0,0.14256438915216949,0.0,0.0
gex_possorted_bam_SJSO3:AATTGGACACCCACCTx-M1,0.02513882464685726,0.8273841791665091,1.0,0.12096906539684966,0.12200550035000123,0.5843154138960032,1.0,0.2681824506562062,0.09210666609081321,0.7090322249443963,0.2166608852657256,0.7332039235788907,0.0,0.005483346642770592,0.5786025133270822,0.5904288849866223,0.9390416930547518,0.046568651330572045,0.0,1.0,0.5466626611517996,0.41009032770298753,0.1753035266713394,0.6088100518780329,0.0,0.0,0.2856436203885047,0.4645087257886575,0.068909767763978,0.11898448778471238,1.0,0.0,0.23300672852087242,0.2555825319996323,0.6820065078192302,0.3211863395252111,0.4315908518255274,0.05904790698723509,0.4016768123396825,1.0,0.3464673465086402,0.8154792645615542,0.0,0.8566184355444247,0.21996003898167862,0.14209233085363313,0.0,0.025017144421968215,0.289988590394081,0.3566642313844891,0.0,0.06083786081798874,0.9278705364781336
gex_possorted_bam_SJSO3:AATTACCCATTGTTGGx-M1,0.0,0.08856559496129633,0.0,0.0,0.0,0.0,0.0,0.020381833153933385,0.0,0.0,0.21220212270337466,0.07422859726205104,0.0,0.0,0.11807067235826232,0.0053894238020027645,0.5280890292011133,0.08930360566998702,0.0,0.9488803063697674,0.20973124298559476,0.32861030703544547,0.029909035406736905,0.47873203486360943,0.0,0.0,0.39689822848022477,0.0,0.0,0.0,0.0,0.0,0.03632028667603621,0.019649629204537247,0.42179574781057777,0.0,0.0018004264559955561,0.0,0.0436212021291469,0.33348152309063067,0.0,0.3954397561550787,0.0,0.0,0.0,0.0,0.0,0.23055039824789555,0.0,0.0,0.0,0.0,0.2535627120236426
gex_possorted_bam_SJSO3:AATTGGGAGGTGAAGCx-M1,0.0,0.0,0.0,0.0,0.0,0.0,0.5092175150599904,0.0,1.0,0.0,1.0,0.16484084709806016,0.3621204717727251,1.0,0.0,1.0,1.0,0.5359137707751553,0.83196239738814,0.0,0.0,0.0,0.0,0.0,1.0,0.02690305483126658,1.0,0.0,0.36561733359900206,0.0,0.0,0.0,0.0,0.0,1.0,0.0,1.0,0.0,0.0,1.0,0.0,1.0,0.6600823695030246,0.1805641655035301,0.0,0.0,1.0,1.0,0.0,0.0,0.4346269874914802,0.0,0.0
gex_possorted_bam_SJSO3:AATTTGCCATAATCGTx-M1,0.0,0.0,0.09509964806784982,0.0,0.0,0.0,0.29685444690050294,0.0,0.6944715446997721,0.0,0.9413864213537723,0.3175002014056287,0.0,0.8363825328029394,0.0,1.0,0.9028473765586272,0.14456446044880547,0.3089897302950872,0.0,0.0,0.0,0.0,0.0,0.6014975941972265,0.0,1.0,0.0,0.0,0.0,0.0,0.0,0.0,0.0,1.0,0.0,1.0,0.0,0.0,0.9683675585599255,0.0,1.0,0.5557123505778703,0.3203263573149126,0.0,0.0,0.5425348775181467,1.0,0.0,0.0,0.0807045817226487,0.0,0.0
gex_possorted_bam_SJSO3:AATTTCCTCACAAGCTx-M1,0.0,0.1786041639812548,0.0,0.0,0.0,0.0,0.1917591211688632,0.0665180866692616,0.0,0.005902095709554226,0.0,0.40267038541858824,0.0,0.0,0.18527948524330148,0.0,0.4494618812746673,0.0,0.0,1.0,0.22212951473493958,0.21393741014844694,0.0,0.47321053344352554,0.0,0.0,0.35751717649235937,0.0,0.0,0.0,0.08898688316766415,0.0,0.04061906675087574,0.07023331055485246,0.4974229970348213,0.0,0.11654254231981219,0.0,0.09751549801231833,0.3898967170547573,0.15744685510110204,0.519480645615981,0.0,0.0,0.0,0.0,0.0,0.13947599188649887,0.0,0.0,0.0,0.0,0.10579827306250711
gex_possorted_bam_SJSO3:AATTGGACATAAGTCTx-M1,0.004644367623351689,0.0,0.0,0.0,0.09485006791222844,0.0,0.0,0.0,0.0,0.0,0.4960079962289893,0.0,0.0,0.0,0.0,0.0,0.6178914488598085,0.46895514552351514,0.0,1.0,0.5035593290703745,0.5802811100386776,0.11057892459029646,0.5857428840557692,0.0,0.0,0.4517318365021761,0.0,0.0,0.0,0.0,0.0,0.13230892203627506,0.0,0.26645752180057464,0.0,0.0,0.0,0.0,0.0,0.007434148256025174,0.0,0.0,0.0,0.03869318407730132,0.0,0.0,0.2841644725146777,0.0,0.0,0.0,0.0,0.6709849340385793
gex_possorted_bam_SJSO3:ACAACAACACCTGGTGx-M1,0.021285102181135888,0.5593666535342802,1.0,0.060287906484045244,0.6379562278288147,0.7669393635392409,0.8109551741797927,0.19295833906676485,0.0,0.8150623490351118,0.24377970817859798,0.0,0.0,0.0,0.5754912842008433,0.1176825790166863,0.7810743255562131,0.05490333699502996,0.0,1.0,0.7629352221967443,0.7761394169687841,0.2436426260571298,0.7023119776305599,0.0,0.0,0.20585235445625855,0.4314143317393089,0.12038102427610847,0.15624479354847204,1.0,0.0,0.29531351012466484,0.23005833368988715,0.38481915379905307,0.3137026754236169,0.24322744202318894,0.009740124271220936,0.37341537808114666,0.7858657745845493,0.13877198095518434,0.1389230018776725,0.0,1.0,0.3306076258420409,0.19907190396541785,0.033026598307685076,0.0,0.30139670732376306,0.5244769728362701,0.0,0.07899067656024923,1.0
gex_possorted_bam_SJSO3:ACACTTGCATCAGTATx-M1,0.1821831352813321,0.6114654296340603,1.0,0.37035193726075194,1.0,1.0,1.0,0.8148753201832123,1.0,0.7554599811313379,1.0,0.0,0.4824777282338164,0.13844625679671707,0.14035908262731706,0.0,1.0,1.0,0.4806168165874947,1.0,0.8672900166954526,0.9587092498430806,0.4113515761154342,0.36874924160535677,0.4236324421926171,0.31389673046265576,0.7654990557988576,0.3038281187757207,0.8932714490894136,0.0027332651932516997,0.7382279691969421,0.7776524529267316,0.38122490260810743,0.32312807118027653,0.4912419850952292,0.3565056969696501,0.0,0.23503222673187701,0.620994972054498,0.6287843142099871,1.0,0.041414509943818484,0.210167331432134,1.0,0.27146852017158074,0.47475828744000537,1.0,0.07792906187056019,0.4868344735032603,0.6742685163320051,0.0,0.2070336581167833,1.0
gex_possorted_bam_SJSO3:ACAGGCTGTCACAAATx-M1,0.0,0.0,0.0,0.0,0.0,0.0,0.6090534225726445,0.0,0.8102173404057935,0.0,1.0,0.3299599676235998,0.0,1.0,0.0,1.0,0.9952708219027776,0.13062114319222812,0.4791827663237489,0.0,0.0,0.0,0.0,0.0,0.8161182566401541,0.0,1.0,0.0,0.10306006500251431,0.0,0.0,0.0,0.0,0.0,1.0,0.0,1.0,0.0,0.0,1.0,0.0,1.0,0.801538506076552,0.704361373531845,0.0,0.0,0.6049494963727833,1.0,0.0,0.0,0.19869206752903332,0.0,0.0
gex_possorted_bam_SJSO3:ACACAATGTACCTTACx-M1,0.02182447384689141,0.0,0.0,0.0,0.4610256831145227,0.25023167311696504,0.0,0.0,0.0,0.0,1.0,0.0,0.0,0.0,0.0,0.0,1.0,1.0,0.0,1.0,0.552832007296127,0.7438658008926561,0.14126761498690643,0.6765330883893109,0.0,0.0,0.4950802613132342,0.0,0.0,0.0,0.0,0.24788813940582718,0.1513148908160582,0.0,0.15215914601006394,0.0,0.0,0.025557676733325454,0.0,0.0,0.06433737161462373,0.0,0.0,0.0,0.05815086906100156,0.0,0.0,0.4290302351036461,0.0,0.015776985980135723,0.0,0.0,0.9664604816904638
gex_possorted_bam_SJSO3:ACACTTAAGTACTGGTx-M1,0.11906552031667236,0.07609693929116358,0.9278146152404508,0.08634668822365188,0.5986257243576016,1.0,0.0,0.056788819221003706,0.0,0.46059582581589564,1.0,0.0,0.0,0.0,0.33640464068147413,0.04196321401956122,1.0,1.0,0.0,1.0,0.9337994373341547,1.0,0.27056536350230637,0.9298557947994055,0.0,0.0,0.2024276904841411,0.24139975113885448,0.0,0.3365430396483855,1.0,0.16319252308161625,0.32892529509647084,0.06222159339663121,0.23363424191064627,0.2587553451262714,0.0,0.0008745128308470662,0.22215665487548616,0.37443097915807916,0.0,0.0,0.0,0.8602754241088467,0.38792748783498077,0.20202914664558203,0.0,0.06290052977387327,0.23459752891622496,0.41262245653610236,0.03200962293951235,0.12125153145525897,1.0
gex_possorted_bam_SJSO3:ACAACATGTGCTAGCGx-M1,0.0,0.0,0.12351528174113173,0.0,0.0,0.0,0.4706707237400767,0.0,0.7015640403562867,0.0,0.9972940609457059,0.22778177716685113,0.0,1.0,0.0,1.0,1.0,0.22994276328288563,0.4149081456282519,0.0,0.0,0.0,0.0,0.0,0.8208364541759469,0.0,1.0,0.0,0.0,0.0,0.0,0.0,0.0,0.0,1.0,0.0,1.0,0.0,0.0,1.0,0.0,1.0,0.8790713045345976,0.913039126128141,0.0,0.0,0.7795674173205653,1.0,0.0,0.0,0.15483696238217062,0.0,0.0
gex_possorted_bam_SJSO3:ACACTAATCTTTAAGGx-M1,0.0,0.0,0.0,0.0,0.060214916616538716,0.0,0.0,0.0,0.0,0.0,0.5384825194194279,0.0,0.0,0.0,0.0,0.0,0.5501536584073728,0.48634995845577905,0.0,0.9893082641016199,0.40602104647753634,0.547825319819517,0.07712357953399476,0.6116804296095006,0.0,0.0,0.43684363887195393,0.0,0.0,0.0,0.0,0.0,0.07252321227898091,0.0,0.25925066065701174,0.0,0.0,0.037100528479643305,0.0,0.05668122375867116,0.0,0.0,0.0,0.0,0.0,0.0,0.0,0.17208896728737835,0.0,0.0,0.0,0.0,0.6874253197126086
gex_possorted_bam_SJSO3:ACAGGTAAGCATGCATx-M1,0.019533159401110518,0.20308847661943555,1.0,0.02284831262383323,0.6301792906256178,0.7012052999649994,0.0,0.057823265552488935,0.0,0.5661083181754283,0.6418110388898245,0.0,0.0,0.0,0.33005529509248055,0.011612887745139322,0.777112789049756,0.4473022249982646,0.0,1.0,0.6479617500617739,0.8172442237879878,0.20466064328265482,0.6563264167981991,0.0,0.0,0.3135995822657067,0.10087524813784345,0.0,0.1483560847128199,1.0,0.10402068739201666,0.21956967607733455,0.04587158187333401,0.26596258204467554,0.22985333861477478,0.0,0.008491450663988147,0.18284942935282095,0.674397202234316,0.0,0.0,0.0,0.8166546325768526,0.2683160720478514,0.1611627652573355,0.0,0.0,0.21324244376172086,0.4454834852178152,0.042757672057802044,0.09553942337390932,1.0
gex_possorted_bam_SJSO3:ACAGCGCTCATTATGGx-M1,0.0,0.0,1.0,0.004414018284625656,0.21008544755398725,0.07844160562684999,1.0,0.20515354470022926,1.0,0.0,1.0,0.0,0.2806545089000756,0.5816852860089832,0.0,0.7638094528799706,1.0,1.0,0.38702812504961986,0.5899170559504476,0.07458027218085073,0.0,0.0,0.0,0.8492225059496886,0.058016111095799315,1.0,0.0,0.08465039583492129,0.0,0.3123102051119734,0.3327216412488215,0.0,0.0,1.0,0.0,1.0,0.0,0.0,0.9608566478600866,0.4833697954872196,0.8969579814667568,0.5492064738029747,1.0,0.0,0.02795185624257667,0.9592611040208134,1.0,0.03094760235190965,0.0,0.0,0.0,0.6929675373660164
gex_possorted_bam_SJSO3:ACAGTATGTAAGCTTGx-M1,0.0,0.0,0.0557726909115054,0.0,0.0,0.0,0.0,0.0,0.0,0.0,0.6644394950244997,0.0,0.0,0.0,0.0,0.0,0.822300727436276,0.6330694587712046,0.0,1.0,0.3680162519235132,0.4860937192956435,0.03771577008261538,0.5481523961527048,0.0,0.0,0.4998468284594564,0.0,0.0,0.0,0.0,0.0,0.07965981774305368,0.0,0.4004646508866167,0.0,0.013667919261140053,0.0,0.0,0.13145097652580692,0.0,0.1250908132889418,0.0,0.0,0.07096477698090942,0.0,0.0,0.5468574398231817,0.0,0.0,0.0,0.0,0.6001598353470959
gex_possorted_bam_SJSO3:ACAGTATGTCCTTAGTx-M1,0.151035849242075,0.0,0.5727273179484121,0.06234373996363867,0.7776021927671342,0.7742232997085748,0.0,0.0329491918639989,0.0,0.2664389293073715,1.0,0.0,0.0,0.0,0.2258762492843028,0.0,1.0,1.0,0.0,1.0,0.8843331415979427,0.9419845878342198,0.305934240510125,0.7737153026920208,0.0,0.001312699227983996,0.35885404592270886,0.05366415215617817,0.0,0.2430629867434564,0.5795380234767223,0.21011154197423063,0.29045130255207685,0.0,0.25929577873595727,0.16712263636148847,0.0,0.09395262207187156,0.17675217178963926,0.19778843016045572,0.032233822792464256,0.0,0.0,0.2164324847915418,0.3182504417351912,0.14263072924755615,0.0,0.15846094167595867,0.11603708722944418,0.3263891501157549,0.0,0.11074484863610994,1.0
gex_possorted_bam_SJSO3:ACACGGACACAATACTx-M1,0.0,0.0,0.0,0.0,0.0,0.0,0.36257476953920575,0.0,1.0,0.0,1.0,0.2601465974177706,0.03687954179892779,1.0,0.0,1.0,0.9452783688650157,0.29414679564505747,0.5050930126535239,0.0,0.0,0.0,0.0,0.0,0.9390626539912889,0.0,1.0,0.0,0.06085645309317967,0.0,0.0,0.0,0.0,0.0,1.0,0.0,1.0,0.0,0.0,0.9793450292122015,0.0,1.0,0.6233884264555793,0.06453328283302207,0.0,0.0,0.8185418944806384,1.0,0.0,0.0,0.19231352017878692,0.0,0.0
gex_possorted_bam_SJSO3:ACAACAGAGAAGGTGCx-M1,0.041971083788513594,0.0,0.0,0.0,0.4352728245512602,0.3079395199953889,0.0,0.0,0.0,0.0,0.9568539620842675,0.0,0.0,0.0,0.0,0.0,0.9894537642634538,1.0,0.0,1.0,0.4647754370734526,0.7323376379538215,0.13805523328237781,0.5524729350839208,0.0,0.0,0.6371512832171689,0.0,0.0,0.001129991140443862,0.0,0.20649048350958912,0.14025129331652278,0.0,0.35345934842638743,0.006464205714149946,0.06426357330984178,0.004553783380682764,0.0,0.04586457377445667,0.0,0.0,0.0,0.0,0.0063005533077775625,0.0,0.0,0.4936637406798037,0.0,0.05384573911126713,0.0,0.0,1.0
gex_possorted_bam_SJSO3:ACAGGCTGTGTTTGCTx-M1,0.0,0.38707324454593706,0.5644683940328353,0.0026754170668679966,0.0,0.0,0.0,0.0,0.0,0.0,0.734625794482126,0.0,1.0,1.0,0.0,1.0,0.24318061683811548,0.11206586935963751,1.0,0.0,0.0,0.0,0.0,0.0,1.0,0.0,1.0,0.0,1.0,0.21051859779836546,0.002653656679834794,0.6648104334003245,0.0,0.3799516151849539,1.0,0.0,0.9168396745199844,0.0,0.0,1.0,0.6259759254694964,0.0,0.47084096255624147,0.0,0.0,0.0,0.950877429054121,0.03909073799467383,0.0,0.0,1.0,0.0,0.0
gex_possorted_bam_SJSO3:ACAGGAATCCAATTAGx-M1,0.16865591682915773,0.0,0.0,0.0241133103713918,0.44797508666656854,0.5656146069604066,0.0,0.033638272033831906,0.0,0.0,1.0,0.0,0.0,0.0,0.10780800940749162,0.0,0.9252745832885784,1.0,0.0,1.0,0.7422946450800623,0.8774943148016194,0.23812769511089157,0.7731774032823634,0.0,0.0,0.33788961684177354,0.009311421742847128,0.06307853411276432,0.010411663443112755,0.0,0.12960693096433126,0.20840753647215193,0.01861984972011736,0.24243135380317546,0.12480792356961984,0.0,0.09104865260329513,0.08840833077870695,0.09206045483260833,0.0,0.0,0.0,0.0,0.207726166961524,0.1269501497007094,0.0,0.23102353523448194,0.0,0.0025728339651277556,0.0,0.10725350117218244,1.0
gex_possorted_bam_SJSO3:ACAACACTCAAGCTTAx-M1,0.0,0.7939868577144071,1.0,0.026088455534099286,0.0,0.15843928818484346,1.0,0.0,0.41633460284640117,0.102720403318849,1.0,1.0,0.0,1.0,0.0,1.0,1.0,1.0,1.0,0.0,0.0,0.0,0.0,0.0,0.9588485924844758,0.017411681477559858,1.0,0.15598262233437146,0.0,0.0,0.19865741806636006,0.0,0.0,0.01761002980044941,1.0,0.0,1.0,0.0,0.0,1.0,0.30581364639128567,1.0,0.6348141019573433,1.0,0.0,0.0,0.5344393901700388,1.0,0.06549603340280033,0.0,0.02981017006932954,0.0,0.0
gex_possorted_bam_SJSO3:ACAACAGAGGTCCTGAx-M1,0.05936500709331337,0.0,0.1309498923582987,0.0,0.6242809638848699,0.7255677843806587,0.0,0.0,0.0,0.0,1.0,0.0,0.0,0.0,0.011672146072170753,0.0,1.0,1.0,0.0,1.0,0.7603015928666389,0.8886530318615794,0.18867429665159202,0.7572261643825376,0.0,0.0,0.3997033219614728,0.0,0.0,0.13251040735905906,0.0,0.2818982783417823,0.2117214176394435,0.0,0.20626425610979812,0.014342073593177797,0.0,0.029021638848106497,0.018452779954712843,0.0,0.0,0.0,0.0,0.0,0.17374863447084826,0.0,0.0,0.26966892844569373,0.0,0.15229423065412412,0.0,0.0,1.0
gex_possorted_bam_SJSO3:ACAACAGAGCTGGAAAx-M1,0.0,0.14168790292377184,0.0,0.0,0.0,0.0,0.0,0.007412120001810375,0.0,0.0,0.5212209585500707,0.16428687963219543,0.0,0.0,0.13822615676228658,0.07066935252938775,0.9912650272562338,0.6728181938722199,0.0,0.8067418447640956,0.3003592901136532,0.25521187544033713,0.058019111883084194,0.4408019559348075,0.0,0.0,0.43671915076153384,0.0,0.0,0.0,0.0,0.0,0.05972067880951844,0.018723572428438178,0.5173203862333573,0.0,0.0,0.0,0.05529396119854798,0.2859415984911429,0.08227176061114025,0.7384796839936459,0.0,0.0,0.0,0.0,0.0,0.5583429583255312,0.0,0.0,0.0,0.0,0.0
gex_possorted_bam_SJSO3:ACACGGACATCAGCACx-M1,0.679287489916295,0.5543340663920473,1.0,0.7515520341898483,1.0,1.0,0.0,0.604144863151412,0.4836182973383033,1.0,0.5106865379900266,0.10109772988366596,0.5889383485352863,0.1329378849624435,0.9867819147612032,0.09291128984638454,0.570708760111542,0.5958819100568377,0.12366326973846606,1.0,0.8195582921359701,1.0,1.0,0.788193777810878,0.508928432652357,0.9132554767550376,0.07105232403793663,0.6377789229717271,0.40820417834624817,0.9717217789163445,0.22577982133241872,1.0,0.8251474116889659,0.6621975674429411,0.036192181117217795,0.7814252081204569,0.0,0.615485169816007,0.8506193299341224,0.03253517662689872,1.0,0.0,0.7771328936972698,1.0,0.8285637630773895,0.7601051359173738,0.8127041848969908,0.0,0.8108058860713678,1.0,0.4566114641896028,0.7775096605386529,1.0
gex_possorted_bam_SJSO3:ACATAGCTCATCCTCAx-M1,0.0,0.04692358186440498,0.9031636859412536,0.00909757120862119,0.6987114613011606,0.7128485808118677,1.0,0.4871267146971178,0.4794592972053298,0.0075479955116065185,1.0,0.0,0.08364911286055081,0.0,0.0,0.0,1.0,1.0,0.03164376911478146,1.0,0.8657681674838257,0.7466308345924101,0.12151046333080273,0.3704740514821389,0.05088360870239577,0.0,0.8713522888374962,0.0,0.16498812683288308,0.0,0.08219597809398399,0.480231481381181,0.17799038105533657,0.0,0.5271156036103991,0.0304143655973102,0.0,0.0,0.18815198309328576,0.3617257397830573,0.9706107966096665,0.0,0.0,1.0,0.0493565943082408,0.07762449478380265,0.5002440477296017,0.3728493664284185,0.047180010124619615,0.05816707222031998,0.0,0.0,1.0
gex_possorted_bam_SJSO3:ACACGGACATATAACCx-M1,0.1237431916045724,0.0,0.0,0.0,0.4956146068780594,0.46800802359323396,0.0,0.0,0.0,0.0,1.0,0.0,0.0,0.0,0.04331858750117057,0.0,0.9734128935433757,1.0,0.0,1.0,0.6996007211468971,0.8584141113153911,0.2515953005790366,0.6756919301774342,0.0,0.0,0.37086019297530687,0.0,0.0,0.061862321229617094,0.0,0.2788518719675374,0.1814263370401484,0.0,0.21107297438460984,0.06553480534682965,0.0,0.1227766978562006,0.04153846038548505,0.0,0.0,0.0,0.0,0.0,0.13882688387290837,0.03452527830287412,0.0,0.1877135154548485,0.0,0.007516527760442398,0.0,0.06923454808435833,1.0
gex_possorted_bam_SJSO3:ACAGTATGTAGTTAACx-M1,0.0,0.0,0.25139329229704616,0.0,0.0,0.0,0.7047066640819492,0.0,1.0,0.0,1.0,0.3508301354419466,0.06047865009764532,1.0,0.0,1.0,1.0,0.34048120888964134,0.6468039730763319,0.0,0.0,0.0,0.0,0.0,1.0,0.02226166506948341,1.0,0.01959870885131763,0.0,0.0,0.0,0.0,0.0,0.0,1.0,0.0,1.0,0.0,0.0,1.0,0.0,1.0,1.0,1.0,0.0,0.0,1.0,1.0,0.0,0.0,0.1302677357888458,0.0,0.0
gex_possorted_bam_SJSO3:ACAGCGCTCCTAATGAx-M1,0.11073500170097988,0.0,0.0,0.0024513544616708146,0.8158513259377629,0.7007646569136637,0.0,0.0,0.0,0.02430021557047488,1.0,0.0,0.0,0.0,0.04994750249827225,0.0,1.0,1.0,0.0,1.0,0.7681387154119695,0.9558624602586481,0.2626558335273686,0.819187133568109,0.0,0.0,0.39619351708201916,0.0,0.0,0.1495561669234409,0.0,0.39065685412566925,0.2277850412194174,0.0,0.1552331732977918,0.08074118188843622,0.0,0.04228500657189694,0.06019964783718504,0.0,0.0,0.0,0.0,0.0,0.24143942403753113,0.0381346931632644,0.0,0.16755530671724148,0.0,0.22157408809066745,0.0,0.06858324370419054,1.0
gex_possorted_bam_SJSO3:ACAGCCGGTAATCCCTx-M1,0.009015023660578131,0.0,0.0,0.0,0.20024396819535484,0.039532881060864146,0.0,0.0,0.0,0.0,0.7676665683625156,0.0,0.0,0.0,0.0,0.0,0.7170994541698638,0.9037587643996627,0.0,1.0,0.5175279114547999,0.6540563243743113,0.11587848755235418,0.680118103907895,0.0,0.0,0.40625345715898437,0.0,0.0,0.0,0.0,0.03327742775167026,0.10266829209586284,0.0,0.23499388914500227,0.0,0.0,0.009641994718731822,0.0,0.0,0.0,0.0,0.0,0.0,0.0,0.0,0.0,0.2781040787077189,0.0,0.0,0.0,0.0,0.7678433894043438
gex_possorted_bam_SJSO3:ACAGGCTGTGAAACAAx-M1,0.0,0.0,0.4039771790969874,0.0,0.0,0.0,0.7869011100242533,0.0,1.0,0.0,0.9692765454842709,0.5334889772784365,0.35261681633261843,1.0,0.0,1.0,0.8285231152793983,0.0,0.46885285632803797,0.0,0.0,0.0,0.0,0.0,1.0,0.04615592700788863,1.0,0.0,0.18495271455373466,0.0,0.14767273232235045,0.011704789201411978,0.0,0.0,1.0,0.0,1.0,0.0,0.0,1.0,0.0,1.0,1.0,1.0,0.0,0.0,1.0,1.0,0.0,0.0,0.3328852075621865,0.0,0.0
gex_possorted_bam_SJSO3:ACACCTTGTCCTTCAGx-M1,0.0,0.12266589746655734,0.9614071039158961,0.015616310726497754,0.0,0.0,1.0,0.0,1.0,0.0,1.0,0.7516074210335418,0.44800335147731507,1.0,0.0,1.0,1.0,0.23861174177610153,0.900091725147555,0.0,0.0,0.0,0.0,0.0,1.0,0.11972168326903933,1.0,0.1990365971416554,0.17628271495419903,0.0,0.5261108633368552,0.0,0.0,0.012275813777707744,1.0,0.0,1.0,0.0,0.0,1.0,0.0,1.0,1.0,1.0,0.0,0.0,1.0,1.0,0.06566164595388992,0.0,0.3350050857926603,0.043757240496644256,0.0
gex_possorted_bam_SJSO3:ACACTAGGTAGTTGGCx-M1,0.0,0.2261462886952241,0.6299421691286993,0.0,0.0,0.0,0.0,0.0,0.0,0.0,0.8432715976537005,0.0,0.9269676398742034,1.0,0.0,1.0,0.5394387039039822,0.19062388489769383,0.9913346254632842,0.0,0.0,0.0,0.0,0.0,1.0,0.0,1.0,0.0,1.0,0.17265768407119134,0.06914250276579653,0.4428012335980483,0.0,0.15355458808764766,1.0,0.0,1.0,0.0,0.0,1.0,0.18958827576814852,0.0,0.7324695767795895,0.8715053156468637,0.0,0.0,1.0,1.0,0.0,0.0,0.8314961546767186,0.0,0.0
gex_possorted_bam_SJSO3:ACAACAACAGCACCATx-M1,0.0,0.10324469148760737,0.8431660680600529,0.0,0.0,0.0,0.7491479672721796,0.0,0.3761565033960907,0.044667141997051456,0.649603647808839,0.26577103979127953,0.0,0.472339082374704,0.0,1.0,0.9243405387176918,0.0,0.0,0.0,0.0,0.0,0.0,0.0,0.36752960580965444,0.0,1.0,0.10986598104961717,0.0,0.0,0.5921339720266899,0.0,0.0,0.005444987883315357,1.0,0.0,1.0,0.0,0.0,1.0,0.035341384515739274,1.0,0.5110906942945693,1.0,0.0,0.0,0.44439513879402015,1.0,0.012881752368426263,0.0,0.030224014784874288,0.0,0.0
gex_possorted_bam_SJSO3:ACAGCCGGTTTACCGTx-M1,0.0,0.0,0.0,0.0,0.0,0.0,0.6338515706187773,0.0,1.0,0.0,1.0,0.18721097834261624,0.23507056000211812,1.0,0.0,1.0,1.0,1.0,1.0,0.0,0.0,0.0,0.0,0.0,1.0,0.03329030649540874,1.0,0.0,0.16576902459833706,0.0,0.0,0.0,0.0,0.0,1.0,0.0,1.0,0.0,0.0,1.0,0.0,1.0,1.0,0.8372291643089458,0.0,0.0,1.0,1.0,0.0,0.0,0.2818974016255445,0.0,0.0
gex_possorted_bam_SJSO3:ACACTAATCTAAATCGx-M1,0.06798191473749539,0.0,0.6101827364926234,0.07054090818180822,0.6933128343708901,0.4780404115588662,0.0,0.06031504341798749,0.0,0.31309040324408555,0.7343199842329527,0.0,0.0,0.0,0.47436540091490703,0.10048944611878043,0.9838496239482123,0.5570131352962383,0.0,1.0,0.6913949880634066,0.7877767893535721,0.23441151024464418,0.6288164700025382,0.0,0.0,0.4835065643957755,0.0,0.0014455128810200346,0.038258137986244174,0.260362803242881,0.011090425804146887,0.2121821870576088,0.024659517195258128,0.2514650849541745,0.13042146924619466,0.05732835355169653,0.04161617328306708,0.10449408880122449,0.28981897045627486,0.0,0.0,0.0,0.1054862212695657,0.22252799592494713,0.012852723406142654,0.0,0.11326231238216548,0.013867394058044671,0.2247316238264182,0.0,0.04224636725831606,0.9990685355398014
gex_possorted_bam_SJSO3:ACAGGATCAACCGCCAx-M1,0.0,0.0,0.44761244960715746,0.0,0.0,0.0,0.677059882543679,0.0,0.986862342507081,0.0,1.0,0.5349976822857782,0.1978234030205684,1.0,0.0,1.0,1.0,0.48592272108863227,0.712484909010187,0.0,0.0,0.0,0.0,0.0,1.0,0.07421720675279296,1.0,0.0,0.0,0.0,0.0,0.2163617432909031,0.0,0.0,1.0,0.0,1.0,0.0,0.0,1.0,0.01070389464533099,1.0,0.9788166667388891,1.0,0.0,0.0,1.0,1.0,0.0,0.0,0.21874390876497646,0.0,0.0
gex_possorted_bam_SJSO3:ACAGGCTGTCTTGCATx-M1,0.0,0.0,0.25487915961899454,0.0,0.0,0.0,0.7202966125860363,0.0,0.8381290823508639,0.0,1.0,0.5133224773974734,0.0,1.0,0.0,1.0,1.0,1.0,0.9334333681167815,0.0,0.0,0.0,0.0,0.0,0.9460148919127386,0.0026355704542293827,1.0,0.0,0.0,0.0,0.0,0.0,0.0,0.0,1.0,0.0,1.0,0.0,0.0,1.0,0.0,1.0,1.0,1.0,0.0,0.0,0.8684967119027842,1.0,0.0,0.0,0.04274862525446656,0.0,0.0
gex_possorted_bam_SJSO3:ACAGGATCAGTTTGTGx-M1,0.03709643612311322,0.29427540730404295,1.0,0.0406804736206562,0.8613104106416558,0.6746715064435698,0.0,0.0883469771654878,0.0,0.6462392061676097,0.4779313034036006,0.0,0.0,0.0,0.3836964566616445,0.006419117488485901,0.7129271254609314,0.309307505863992,0.0,1.0,0.5895470316336364,0.7886151489710156,0.2619717140358554,0.6147556413572353,0.0,0.020892507415256015,0.3106009346551045,0.10314888227083949,0.0,0.16200189789076586,1.0,0.1375366604438105,0.2377297996097038,0.11873784575151543,0.29510948489839406,0.25068316950798636,0.05948227693877239,0.007290367117691328,0.2284247774976255,0.6119423272392734,0.13085801626618251,0.0,0.0,0.7348371520831828,0.2719579379633617,0.16989000738394144,0.02692794506743815,0.0,0.2511409715573279,0.5649071930370837,0.04031347151219707,0.11077538322945268,1.0
gex_possorted_bam_SJSO3:ACACTTAAGGACAATGx-M1,0.0,0.0,0.5722448983229373,0.0,0.7914516217642367,0.32049351748788235,0.23633812015986466,0.22149774827452676,0.13317438230216672,0.0,1.0,0.0,0.0,0.0,0.0,0.0,1.0,1.0,0.0,1.0,0.6098105318228689,0.7115792680347478,0.10796441219148034,0.4052928866067692,0.0,0.0,0.8290008125684282,0.0,0.0,0.0,0.0,0.5503110320190846,0.14890421025476616,0.0,0.33648022331068644,0.0,0.0,0.0,0.04987003337204587,0.1133992002961999,0.7867867364091271,0.0,0.0,0.42551432958774354,0.0,0.0,0.09233256069622947,0.39343653607159446,0.0,0.015034876363676045,0.0,0.0,1.0
gex_possorted_bam_SJSO3:ACAGCCGGTTTGTCTAx-M1,0.0,0.00548569587176091,0.0,0.0,0.0,0.0,0.0,0.011099374090468878,0.0,0.0,0.32418473623708166,0.14968490357452013,0.0,0.0,0.11638920651554144,0.0,0.701468723975577,0.30426369452194774,0.0,1.0,0.26778102541441867,0.3616504196303843,0.032144788531355065,0.523350694841228,0.0,0.0,0.31897419511146985,0.0,0.0,0.0,0.0,0.0,0.03089872436731099,0.016677180814255673,0.3684337603217422,0.0144725240149338,0.0,0.0,0.08287255335340503,0.3102157388340719,0.02827966573935291,0.5399608140572236,0.0,0.0,0.0,0.0,0.0,0.2114975761437673,0.0,0.0,0.0,0.0,0.1734123377317166
gex_possorted_bam_SJSO3:ACACTAGGTCTCACTGx-M1,0.0,0.6932652422038824,0.9398809966586453,0.007795988742304152,0.01569763939966045,0.0,0.9620208834941011,0.21107717575642773,0.06842124645449944,0.5686245005669758,0.0,0.4236965905317178,0.0,0.0,0.4756849106726902,0.2840031931715645,0.3223704691607933,0.0,0.0,1.0,0.4463315260314667,0.3647044242025276,0.07566003850143296,0.6292627284022803,0.0,0.0,0.2291873268384994,0.25974495557632693,0.0,0.0,1.0,0.0,0.1637619038859121,0.19202059424912063,0.5538550191399048,0.21328583067210022,0.30695640952797,0.0,0.287999000839878,0.9477156683077699,0.09905852055861089,0.4510580491612052,0.0,0.3428524667320259,0.048681232937504496,0.07983831976408176,0.0,0.0,0.19663470679164674,0.19951979517200027,0.0,0.0,0.8401775869044877
gex_possorted_bam_SJSO3:ACAGCCGGTTTATCGCx-M1,0.0,0.0,0.6550830477450388,0.0,0.0,0.0,0.9678653668923075,0.0,1.0,0.0,1.0,0.6720649873675638,0.0960141671806867,1.0,0.0,1.0,1.0,0.17891584349535333,0.6577988116534775,0.0,0.0,0.0,0.0,0.0,1.0,0.013572052120233364,1.0,0.14125128859833705,0.002635203932286178,0.0,0.24204203619422351,0.0,0.0,0.0,1.0,0.0,1.0,0.0,0.0,1.0,0.0,1.0,1.0,1.0,0.0,0.0,1.0,1.0,0.0,0.0,0.27256941023970965,0.0,0.0
gex_possorted_bam_SJSO3:ACACTAATCCTCATCAx-M1,0.10998375424546399,0.5108739021893963,1.0,0.15519360792137574,0.2707853093928394,0.5941901590898842,0.8797900774328444,0.2662352446035794,0.028281708632322607,0.6734089048995396,0.3648476227424559,0.0,0.18342325949406413,0.0,0.4518297879402501,0.5662148837574921,0.6527757609535153,0.06692222743702758,0.0,1.0,0.5895957448456189,0.5727763734245589,0.2137974068619009,0.5859814868686803,0.055756013205222825,0.05684018403318537,0.37167982137064803,0.34916255967605353,0.21938034265199285,0.19240787381604055,1.0,0.03675716714348487,0.2579696062980725,0.24381529612416164,0.5501489376973491,0.3406726906642239,0.5593903587396502,0.07842227318813691,0.2921900863104994,0.9799369474456451,0.11417749590180588,0.3198189004980203,0.15923586968546796,1.0,0.27851080647652815,0.2633229583166081,0.17514566769931486,0.20488704900099003,0.34861015160753284,0.4403497266978341,0.18409494982717334,0.17269330876954822,1.0
gex_possorted_bam_SJSO3:ACCAGGGAGTTCCTGCx-M1,0.01818123591202232,0.0,0.0,0.0,0.12684428612083953,0.08827504266717905,0.0,0.0,0.0,0.0,0.9318225806256131,0.0,0.0,0.0,0.0,0.0,0.8701275743072703,1.0,0.0,0.9086742967089565,0.5150473380767998,0.6792017129052319,0.09436537732385004,0.688329036339508,0.0,0.0,0.4629061494444864,0.0,0.0,0.0,0.0,0.04195437720440675,0.11685887745799069,0.0,0.19346642946490605,0.0,0.0,0.05365982947771533,0.0,0.0,0.0,0.0,0.0,0.0,0.0,0.0,0.0,0.25947910162004045,0.0,0.0,0.0,0.0,0.7830118656574672
gex_possorted_bam_SJSO3:ACCAGGACACCTGCCTx-M1,0.0,0.18873031442689162,0.26669511715328764,0.0,0.0,0.0,0.43355861230121806,0.10880198089236053,0.0,0.14791965321053518,0.0,0.3758943985164798,0.0,0.0,0.20408726112309045,0.0,0.21372692391519266,0.0,0.0,1.0,0.21206715598525538,0.24289363810395,0.002487083671343032,0.4737903421810716,0.0,0.0,0.3837544680664606,0.0,0.01257873980742592,0.0,0.48961778158301145,0.0,0.04985991437553469,0.09184598157173605,0.5583343286492953,0.05249020857082931,0.21150892343657585,0.0,0.10490575269393561,0.5524346783912509,0.13859953034486772,0.319378677018204,0.0,0.0,0.0,0.0,0.0,0.008668712418749749,0.0,0.0,0.0,0.0,0.3970050061562246
gex_possorted_bam_SJSO3:ACCACACCAAACTAAGx-M1,0.0,0.5809206482393614,0.42349387314637343,0.0,0.0,0.0,0.7569420826880053,0.11155237584790859,0.0,0.32276160792415937,0.0,0.7272689239035187,0.0,0.0,0.3925075948661839,0.1594280087108352,0.30240569048936855,0.0,0.0,1.0,0.15103804644431112,0.24723263782353055,0.0,0.47084101450388505,0.0,0.0,0.2367676867424723,0.0,0.0,0.0,1.0,0.0,0.034104592727773025,0.16505665965586958,0.5018429556609056,0.09572183298496062,0.22591587076414246,0.0,0.2174772126844847,0.7190955156721746,0.09455793921047921,0.6133869722409474,0.0,0.0,0.0,0.0,0.0,0.0,0.03741498716344597,0.0,0.0,0.0,0.2887364152224437
gex_possorted_bam_SJSO3:ACCCGCTGTTACTAGGx-M1,0.0,1.0,1.0,0.3328543728406047,0.0,0.23887709820047917,1.0,0.11702355916879809,1.0,0.6326717263063709,1.0,1.0,1.0,1.0,0.10561747213967089,1.0,1.0,0.5758778462130061,1.0,0.0,0.0,0.0,0.0,0.0,1.0,0.48708173039692426,1.0,1.0,0.710381975629024,0.49480797532226223,1.0,0.0,0.0,0.28855763583126176,1.0,0.0,1.0,0.0,0.014894520404525182,1.0,0.24188247835031731,1.0,1.0,1.0,0.0,0.15664107639284947,1.0,1.0,0.630154911981119,0.20195370854895744,0.8975193084471633,0.380854081957195,0.0
gex_possorted_bam_SJSO3:ACATCATCAGGTTCACx-M1,0.0,0.12555716718398602,0.43269038311326874,0.0,0.0,0.0,0.0,0.0,0.0,0.0,0.8558010679632467,0.0,0.7370652983712132,1.0,0.0,1.0,0.3527583258203002,0.11162349152918055,0.934804651677155,0.0,0.0,0.0,0.0,0.0,1.0,0.0,1.0,0.0,1.0,0.04120383169666443,0.0,0.4283609769771324,0.0,0.2307835287266733,1.0,0.0,0.4647539480787477,0.0,0.0,1.0,0.5171688642169148,0.0,0.3142672959667219,0.0,0.0,0.0,0.6975376750663393,0.16981458834062063,0.0,0.0,0.75766141012397,0.0,0.0
gex_possorted_bam_SJSO3:ACCAAGTTCCGCACAAx-M1,0.12944494269083845,0.0,0.0,0.0,0.7602611576326976,0.4217237198700458,0.0,0.0,0.0,0.0569126428290407,1.0,0.0,0.0,0.0,0.07967363970113198,0.0,0.9566168856863998,1.0,0.0,1.0,0.6997761233309571,0.8363515568359481,0.2797837082908629,0.6704667597033336,0.0,0.004757330083875395,0.4995895411522136,0.0,0.0,0.07431737732421323,0.0,0.36375727035126393,0.24053647611482054,0.0,0.26052296820274234,0.08693693046412067,0.0,0.021101131423095672,0.05936819949212446,0.05646037441429017,0.1951746748285117,0.0,0.0,0.0,0.203121187726105,0.06177314131219307,0.0,0.21969778579780275,0.0,0.30842623180310547,0.0,0.04577060584413665,1.0
gex_possorted_bam_SJSO3:ACATTAGTCGCTCACTx-M1,0.0,0.0,0.7601889628868141,0.0,0.0,0.0,0.8691166038631193,0.0,0.9420403304500167,0.0,0.8158404883427197,0.7956435045742233,0.12334947983817393,0.8906004944763847,0.0,1.0,0.8057169099926272,0.0,0.33725107772720697,0.0,0.0,0.0,0.0,0.0,1.0,0.013182128798746936,1.0,0.004167082340828849,0.047062479174646885,0.0,0.14143598248022998,0.0,0.0,0.0,1.0,0.0,1.0,0.0,0.0,1.0,0.036173443613540274,1.0,0.8973428376600391,1.0,0.0,0.0,0.889814355463785,1.0,0.0,0.0,0.16322004308184548,0.0,0.0
gex_possorted_bam_SJSO3:ACCAAACTCTTGTCTGx-M1,0.0,0.049829354246735014,0.8632322113492226,0.0,0.0,0.0,1.0,0.0,1.0,0.0,1.0,0.7889316822231458,0.2486952756595062,1.0,0.0,1.0,1.0,0.16143128671084256,0.7357733716628296,0.0,0.0,0.0,0.0,0.0,1.0,0.04327409033158181,1.0,0.21791465229065732,0.00019092089656403728,0.0,0.44928327822250935,0.0,0.0,0.0,1.0,0.0,1.0,0.0,0.0,1.0,0.0,1.0,1.0,1.0,0.0,0.0,1.0,1.0,0.02513463412781256,0.0,0.3283849850703918,0.014417758101221192,0.0
gex_possorted_bam_SJSO3:ACCACACCATAACGGGx-M1,0.0,0.05478133318827874,0.2241188939365118,0.0,0.0,0.0,0.0,0.0,0.0,0.0,0.7990736067901907,0.0,0.629925853170996,1.0,0.0,1.0,0.32182092065757584,0.13905616903519982,0.8349621064225694,0.0,0.0,0.0,0.0,0.0,1.0,0.0,1.0,0.0,1.0,0.024424769526395978,0.0,0.4293087650618485,0.0,0.2054421726909735,1.0,0.0,0.4172483832978744,0.0,0.0,1.0,0.432355644008542,0.0,0.24443715639129507,0.0,0.0,0.0,0.5653706888136129,0.10929696757643827,0.0,0.0,0.7265196138940493,0.0,0.0
gex_possorted_bam_SJSO3:ACCAGGCTCTTGCAAAx-M1,0.0,0.0,0.0,0.0,0.39717600697773286,0.12516821670748693,0.0,0.0,0.0,0.0,0.8130122282339676,0.0,0.0,0.0,0.0,0.0,0.7430603687187677,0.855142520731008,0.0,1.0,0.5255149740691889,0.7348863263587435,0.1587829346940989,0.6319415274957905,0.0,0.0,0.3806641184994554,0.0,0.0,0.0,0.0,0.11108412078157337,0.11068464647717115,0.0,0.1784894508521713,0.0,0.0,0.0,0.0,0.0,0.0,0.0,0.0,0.0,0.03868403239368296,0.0,0.0,0.24471300038800003,0.0,0.0211034792309179,0.0,0.0,1.0
gex_possorted_bam_SJSO3:ACATTGCAGGTAAGGCx-M1,0.06109165646284087,0.0,0.0,0.0,0.2826492889845539,0.37776539350370386,0.0,0.0,0.0,0.0,1.0,0.0,0.0,0.0,0.0,0.0,1.0,1.0,0.0,0.8158046522567988,0.573072972412008,0.8086699862824642,0.14693624451951706,0.6646980286684225,0.0,0.0,0.45994875816860725,0.0,0.0,0.010456576046736799,0.0,0.1620780168727806,0.11825135861394656,0.0,0.20977097134474662,0.0,0.0,0.050403813309531,0.0,0.0,0.0,0.0,0.0,0.0,0.09195196585959495,0.0,0.0,0.3727175602312673,0.0,0.0,0.0,0.0,0.8314142148231084
gex_possorted_bam_SJSO3:ACCAGGGAGCCTAACGx-M1,0.0,0.37491160735770074,0.6799620422301752,0.0,0.08474601269866773,0.090657771725146,0.41664887685781027,0.10053632316130716,0.0,0.3868320786423084,0.0036320364725989257,0.1910727045705119,0.0,0.0,0.3436101249076854,0.04286896527061898,0.5627358559760837,0.0,0.0,1.0,0.5248584905583924,0.48219117720041327,0.09438192472582267,0.5505732556699279,0.0,0.0,0.2632056853258025,0.034811628294929266,0.0,0.0,1.0,0.0,0.11970390490135491,0.05010978691563393,0.4401074225766281,0.131516685916728,0.1859862887481445,0.0,0.18448710382711012,0.5904643529493603,0.06158070676851884,0.2594719653260912,0.0,0.0,0.0,0.004389916623866655,0.0,0.0,0.0477968672444504,0.1238200516243996,0.0,0.0,0.7877531385527131
gex_possorted_bam_SJSO3:ACCAGGACACATTGCAx-M1,0.0,0.0,0.8971516333359782,0.0,0.39971874161907833,0.48400116750126077,0.2382014412740031,0.279301267288726,0.07313940626275572,0.04157241744505843,1.0,0.0,0.0,0.3449643063261818,0.05853359301929983,0.0,1.0,1.0,0.0,1.0,0.6047979493914156,0.6424744207112812,0.11429913759312363,0.4647872928353216,0.0,0.0,0.589235852790134,0.1000518704336961,0.0,0.0,0.0,0.5109308880854703,0.20456673501950193,0.0,0.361373955150849,0.036053736073208574,0.0,0.02137580546538501,0.1273969354377512,0.06345279851145924,0.8163351865937883,0.0,0.0,0.0,0.24394868964454042,0.0,0.4372747990688807,0.4399296623843206,0.0,0.12752998290148346,0.0,0.0,1.0
gex_possorted_bam_SJSO3:ACCCGCTGTACGCGCAx-M1,0.0,0.0,0.0,0.0,0.0,0.0,0.0,0.01784731958530909,0.0,0.0,0.0,0.0,0.0,0.0,0.028230089985217817,0.0,0.24695476925729493,0.0,0.0,1.0,0.19779778072929563,0.27990464157770895,0.0,0.4849631432705273,0.0,0.0,0.4318547215274862,0.0,0.0,0.0,0.06538888422284742,0.0,0.026113067428081286,0.0409429099473965,0.4089490599572277,0.0,0.08353878841301257,0.0,0.0,0.32453399753358436,0.006617876282630309,0.09287938613110228,0.0,0.0,0.0,0.0,0.0,0.1111299139157055,0.0,0.0,0.0,0.0,0.14914141008161294
gex_possorted_bam_SJSO3:ACCAGGGAGCCTTAAAx-M1,0.0,0.0,0.0,0.0,0.0,0.0,0.0,0.0,0.40334635559515436,0.0,1.0,0.021679642239133535,0.0,0.8072136028855135,0.0,0.6931064343837925,0.8983074415335649,0.5538894854073071,0.2834976860237324,0.0,0.0,0.0,0.0,0.0,0.3469311123155104,0.0,1.0,0.0,0.0,0.0,0.0,0.0,0.0,0.0,1.0,0.0,1.0,0.0,0.0,0.6040689800993051,0.0,1.0,0.16610939469004535,0.0,0.0,0.0,0.21548550468974037,1.0,0.0,0.0,0.07086985021516728,0.0,0.0
gex_possorted_bam_SJSO3:ACCCAGGGTCCTAATCx-M1,0.0635990690073939,0.49245488903643286,1.0,0.3241230849145716,0.0,0.9030728174754994,1.0,1.0,0.7145193656175144,0.9801950238113267,0.6328355329458152,1.0,0.2954806777543902,1.0,0.32921951722592796,0.10729881365539896,1.0,1.0,0.8128807036541257,1.0,0.38873765630538176,0.2598886964586005,0.2727483755022969,0.4072291023578958,0.09281300152609823,0.13268583702323677,0.6078909135112559,1.0,0.9002431916647595,0.0,0.0,0.5792572412885989,0.39440284584991797,0.08930599662407798,0.8134154148518641,0.34293515489411724,0.2617783163361433,0.31472638088920823,0.5575617456498794,0.36883119817344395,1.0,0.4046122250665653,0.287732884362343,0.09905600131078214,1.0,0.0,1.0,1.0,0.09579071046512427,0.548644712912998,0.0,0.0,1.0
gex_possorted_bam_SJSO3:ACCATAATCTTTGAGAx-M1,0.0,0.6368385481503722,0.6097929203537199,0.0,0.017855952416857057,0.37000657507066365,0.7623749539710789,0.14346583490358591,0.0,0.42533682403986117,0.20724434139838072,0.402101063287453,0.0,0.0,0.43919309421835195,0.2891847654925806,0.9818574515377239,0.21860606426886436,0.0,1.0,0.5213838639360349,0.45725440117523203,0.07893736246474077,0.6648246991767236,0.0,0.0,0.1766126351909096,0.15773827581210115,0.0,0.0,1.0,0.0,0.15796948080227927,0.10993258694243041,0.4105908678591224,0.16032895488079152,0.01966949862396431,0.0,0.27521973471816386,0.639645202075864,0.18305167298225622,0.6547623848369647,0.0,0.0,0.0788004813752703,0.0,0.0,0.0,0.05748261595131102,0.10503165782336975,0.0,0.0,0.6244104917026544
gex_possorted_bam_SJSO3:ACATTAGTCGAAGTAGx-M1,0.0,0.0,0.0,0.0,0.24163876560896266,0.0,0.0,0.0,0.0,0.0,0.49875968958003214,0.0,0.0,0.0,0.0,0.0,0.6651117542466155,0.5087863534769271,0.0,1.0,0.49352141741318417,0.6013656394976836,0.0948689172834627,0.6288183070250756,0.0,0.0,0.46620185793814795,0.0,0.0,0.0,0.0,0.07597957984715946,0.12936396609184334,0.0,0.1978770614599551,0.0,0.0,0.0,0.0,0.0,0.011192174012210503,0.0,0.0,0.0,0.0,0.0,0.0,0.26828070986884606,0.0,0.0,0.0,0.0,0.7979980221922817
gex_possorted_bam_SJSO3:ACCACACCAGCAACCTx-M1,0.0,0.1351874396610811,0.4574698284461709,0.0,0.0,0.30297035687700835,0.8062693622216991,0.0,0.6504342778425725,0.0,1.0,0.6749992786442099,0.1764995208682526,1.0,0.0,1.0,1.0,1.0,1.0,0.0,0.0,0.0,0.0,0.0,1.0,0.05861262178093468,1.0,0.0,0.0,0.0,0.0,0.0,0.0,0.0,1.0,0.0,1.0,0.0,0.0,1.0,0.0,1.0,0.7922649051186674,0.8131514756664294,0.0,0.0,0.9967903212972666,1.0,0.0,0.0,0.14881454635433858,0.0,0.0
gex_possorted_bam_SJSO3:ACCATTAAGTGGACAAx-M1,0.0,0.150315416719458,0.0,0.09286877901347575,0.0,0.0,1.0,0.005146709190600448,1.0,0.0,1.0,0.2543311199340725,0.6482624332531015,1.0,0.0,1.0,1.0,1.0,1.0,0.0,0.0,0.0,0.0,0.0,1.0,0.18043659211903365,1.0,0.19432499071557718,0.4457788018348083,0.0,0.0,0.018656036703966775,0.0,0.0,1.0,0.0,1.0,0.0,0.0,1.0,0.0,1.0,1.0,1.0,0.0,0.0,1.0,1.0,0.0,0.0,0.6014523343440585,0.050958415704451726,0.0
gex_possorted_bam_SJSO3:ACATCAATCCACCTTAx-M1,0.03102482047387159,0.0,0.0,0.0,0.1661851004959392,0.11208237294688088,0.0,0.0,0.0,0.0,1.0,0.0,0.0,0.0,0.0,0.0,0.9853252130596278,1.0,0.0,0.9376020034806273,0.5226586928638661,0.667231096190505,0.09750540133635037,0.6501122378146655,0.0,0.0,0.523133569812719,0.0,0.0,0.0,0.0,0.15369071140324161,0.11486419654587221,0.0,0.2408987205120625,0.0,0.0,0.03728986861956469,0.0,0.0,0.0,0.0,0.0,0.0,0.02340137835698996,0.0,0.0,0.4410097117707373,0.0,0.0,0.0,0.0,0.6856632869693772
gex_possorted_bam_SJSO3:ACATCAATCCATAATGx-M1,0.04012175288492118,0.0,0.0,0.0,0.6389265060224621,0.3495291005080187,0.0,0.0,0.0,0.0,1.0,0.0,0.0,0.0,0.0,0.0,1.0,1.0,0.0,1.0,0.6757418459988374,0.7885731586302455,0.21316386794903158,0.6779177471285818,0.0,0.0,0.4404666679851563,0.0,0.0,0.055606799112875756,0.0,0.28594080845547903,0.15210662162924535,0.0,0.16534677057651243,0.0,0.0,0.01563685659327021,0.0,0.0,0.13737158537876093,0.0,0.0,0.0,0.08151648735125397,0.0,0.0,0.28191733439053823,0.0,0.08995400221583466,0.0,0.0,1.0
gex_possorted_bam_SJSO3:ACCAAGCGTCATGCAAx-M1,0.0,1.0,1.0,0.32437344211504787,0.0,0.8332719176575946,1.0,0.008552017782193947,1.0,0.5190367728019238,1.0,1.0,1.0,1.0,0.0,1.0,1.0,1.0,1.0,0.0,0.0,0.0,0.0,0.0,1.0,0.5058106197507014,1.0,1.0,0.4991137801481506,0.6311710337851044,1.0,0.0,0.0,0.2923791328261742,1.0,0.0,1.0,0.0,0.0,1.0,0.018020234720541532,1.0,1.0,1.0,0.0,0.1971866111739089,1.0,1.0,0.5929476469107815,0.14901143276348303,0.8556160045828798,0.3968718377079043,0.0
gex_possorted_bam_SJSO3:ACCCAACCACCCTCACx-M1,0.10934811878746836,0.6709758513129791,1.0,0.30025513276300125,0.0,0.8993919334403726,1.0,1.0,0.7089054031203688,1.0,0.09893506450525516,1.0,0.27813828948867936,1.0,0.6440070319103159,0.4665995782835232,1.0,1.0,0.8389797913471845,1.0,0.5050974186421263,0.08318321282508753,0.4408042087710408,0.3708919825140862,0.16097509055889114,0.1299035564931333,0.25007643431249615,1.0,1.0,0.2867064013018251,0.0,0.0,0.4414194594745663,0.11993501001869612,0.9121690060192307,0.6750906195398665,0.32577427500384665,0.49475383112908156,0.8235777653364432,0.5926150303502031,1.0,1.0,0.3046125514667454,0.6606179505872944,1.0,0.027944125362870303,1.0,0.4653022240548419,0.22854022792927134,0.912780417816755,0.0,0.0,1.0
gex_possorted_bam_SJSO3:ACCCAACCATAATGTCx-M1,0.11812185042996581,0.0,0.7709651055688291,0.02589448992889074,0.5285191920315607,0.7818030956707871,0.0,0.13803340008877796,0.0,0.16220541410614683,1.0,0.0,0.0,0.0,0.17376815796430226,0.0,1.0,1.0,0.0,1.0,0.8449698605904674,0.8748522065284716,0.22512603747547114,0.7188348186999295,0.0,0.0,0.40584684393869547,0.13523201971458737,0.0,0.07534971936973199,0.5326237413139826,0.2190219037372072,0.2976699214075663,0.0,0.28455350318457273,0.14513111507175117,0.0,0.04780022006433649,0.18070849026508426,0.21274619386551408,0.05223766224700038,0.0,0.0,0.3628722385419833,0.307795700850851,0.08254995601982569,0.017408025834033152,0.14624090557095934,0.04935416541617533,0.18646076137016196,0.0,0.0037173886908028557,1.0
gex_possorted_bam_SJSO3:ACCAGCTCATAGTCATx-M1,0.0,0.314669130135713,1.0,0.09718341275060155,0.0,0.0,1.0,0.0,1.0,0.22204320026998497,1.0,0.8044243347903678,0.8367384938064978,1.0,0.0,1.0,1.0,0.42343884535380644,1.0,0.0,0.0,0.0,0.0,0.0,1.0,0.23103033319191754,1.0,0.6148056450498744,0.2502532601338443,0.226064170505137,1.0,0.0,0.0,0.06773470074226123,1.0,0.0,1.0,0.0,0.0,1.0,0.039374132117123935,1.0,1.0,1.0,0.0,0.0497892359105469,1.0,1.0,0.31740121892915263,0.009870146617472254,0.47407495170086683,0.14878731687053126,0.0
gex_possorted_bam_SJSO3:ACCATTAAGACTTACAx-M1,0.13002276001700208,0.0,0.0,0.07692924884891328,0.2612515471202693,0.327639263174,0.0,0.139243349176347,0.0,0.09606259229749471,0.712633614904988,0.0,0.0,0.0,0.1211037301605177,0.14651261801580445,0.6685994124678278,0.764877596019062,0.0,0.8005573497382088,0.4910268776402126,0.5953410407957417,0.19188934470789082,0.6059124189755847,0.0,0.0,0.40941971379996406,0.02334186385360767,0.018850873796865654,0.01268177441935316,0.41876408358341277,0.20892663056631802,0.18617899956889047,0.10731984267841276,0.3365014744828831,0.17062339203964266,0.11862819867882801,0.12381267981644509,0.11635491356772262,0.36623859512812945,0.0,0.0,0.0,0.0,0.16733949671094112,0.16613719376462344,0.0,0.30129046918433683,0.0857920893154259,0.08284179449827994,0.08411932928682855,0.12158048027836797,0.7646722425834421
gex_possorted_bam_SJSO3:ACCAGGACAATAAGCAx-M1,0.3224281272554142,0.09613691865336844,0.19829918512235928,0.19046583109718282,0.9339550756050955,1.0,0.0,0.13049539480393552,0.0,0.35386209492755877,1.0,0.0,0.0,0.13277057873515188,0.2919871358242165,0.032389059371226,1.0,1.0,0.2085752764148425,1.0,1.0,1.0,0.44070911270576235,1.0,0.0,0.09534742340067796,0.2936132267786219,0.2534526107189091,0.015469939450063742,0.4361789435735864,0.7273560591451602,0.29758938910550975,0.4040274729340819,0.04936631174762265,0.2657348304382652,0.32362750212333474,0.0,0.1956726295497648,0.3726991568412828,0.7692358943581408,0.0,0.0,0.0,0.24129543547105506,0.4693425791349851,0.287458417474157,0.03852546282011084,0.31688975887338855,0.2235014418230083,0.4230593415284947,0.0,0.2859037355680551,1.0
gex_possorted_bam_SJSO3:ACCAGCTCATTCCTCGx-M1,0.020427811677450308,0.27266445610705076,1.0,0.09355076285475955,1.0,1.0,1.0,0.6040096509113162,0.7845686518771259,0.12756568298439872,1.0,0.0,0.1911831738281347,0.0,0.0,0.0,1.0,1.0,0.28117883614453004,1.0,0.8780404741531143,0.8965920790630769,0.2146994576972363,0.2694601743701554,0.26684224234939086,0.06330594361661178,0.9628462326207454,0.0,0.48215318841383575,0.0,0.2626596081619357,0.639599132773498,0.17306900140600845,0.0,0.5452078106721386,0.08370206298799832,0.0,0.023908235380876077,0.2799677956381093,0.5017282041524302,1.0,0.0,0.0,1.0,0.0,0.21566107326900028,0.7810611243262542,0.16582620370660647,0.1463852755676847,0.1842993660560498,0.0,0.0,1.0
gex_possorted_bam_SJSO3:ACCATTAAGCAGCTCAx-M1,0.5646622670427855,0.05559568297161951,0.0,0.41778603804252207,0.7424175045074383,1.0,0.0,0.403474434692835,0.0,0.25388427125620333,1.0,0.0,0.07912092501674431,0.0,0.4253159345316347,0.1441767636765841,0.9749858013078269,1.0,0.5452058213849715,1.0,1.0,1.0,0.5382672139698889,1.0,0.0,0.24230474709179362,0.14314597120093026,0.363946516373532,0.36636738494637733,0.5207017158894475,0.14843100542770482,0.46940902308268334,0.5273207411742658,0.26977977785525764,0.041654164614094914,0.5473256543827766,0.0,0.4592421830990871,0.4501133002903184,0.0,0.07683477848777981,0.0,0.041337794972327695,0.0,0.6903403834186629,0.4436029684542678,0.0,0.16082741429532765,0.2999047169171667,0.4337295521044431,0.2681092989656667,0.46606887249003504,1.0
gex_possorted_bam_SJSO3:ACCAAACTCAGGTCCAx-M1,0.0,0.0,0.0,0.0,0.0,0.0,0.0,0.0,0.0,0.0,0.32689066006532036,0.0,0.0,0.0,0.0,0.0,0.3965125538937294,0.0,0.0,0.8407647924161739,0.2583232423965859,0.40885737984213444,0.040480101697631866,0.4869278088576178,0.0,0.0,0.4823859995801473,0.0,0.0,0.0,0.016025542776011887,0.0,0.04615276504242049,0.0005428889898535302,0.4310229809329476,0.0,0.023621015188067633,0.0,0.0,0.3184651427138311,0.0,0.00975969034827182,0.0,0.0,0.0,0.0,0.0,0.17741320247827633,0.0,0.0,0.0,0.0,0.5321171928347894
gex_possorted_bam_SJSO3:ACCATAATCATTGTTCx-M1,0.0,0.30023894712245597,0.5613755620657933,0.0,0.07506867595311083,0.0,0.4212815349723741,0.12351079484585833,0.016876062734370582,0.26794729163370595,0.0,0.09354434247688993,0.0,0.0,0.3138691652155152,0.0,0.3619971112725471,0.0,0.0,1.0,0.4429362521377223,0.4463242225929047,0.0825337789291586,0.5864442064311598,0.0,0.0,0.33889719288322173,0.06405380058218117,0.0,0.0,0.8850680123460483,0.0,0.15231982943922562,0.09368762380003827,0.5188849074230317,0.10909252789061123,0.19746162101868622,0.0,0.1941106861326878,0.5713565895051163,0.07993729350735125,0.2430932214764603,0.0,0.0,0.030528819159988955,0.02160142174380864,0.0,0.0,0.037486504822112736,0.09497380386006504,0.0,0.0,0.8091669720316187
gex_possorted_bam_SJSO3:ACCATAATCTTGCAAAx-M1,0.0,1.0,1.0,0.24967749163309844,0.0,0.506297463266518,1.0,0.0,1.0,0.402681341898163,1.0,1.0,0.969297758851269,1.0,0.025775251516448286,1.0,1.0,1.0,1.0,0.0,0.0,0.0,0.0,0.0,1.0,0.2747912099984177,1.0,0.773609852547392,0.319233571256416,0.3796360287585679,1.0,0.0,0.0,0.19349080983066658,1.0,0.0,1.0,0.0,0.0,1.0,0.1727126161938988,1.0,1.0,1.0,0.0,0.051813548642399954,1.0,1.0,0.46087954637415635,0.0,0.7295997377007815,0.24980626828371585,0.0
gex_possorted_bam_SJSO3:ACCATTAAGTGCTGTGx-M1,0.0,0.0,0.45697958004304734,0.0,0.0,0.0,0.8238341049743042,0.0,1.0,0.0,0.8467838172504344,0.39127257602074467,0.3847771102827171,1.0,0.0,1.0,0.8179026512298203,0.0,0.501300741008713,0.0,0.0,0.0,0.0,0.0,1.0,0.057402230705645686,1.0,0.0,0.2733334404090056,0.0,0.0,0.0,0.0,0.0,1.0,0.0,1.0,0.0,0.0,1.0,0.0,1.0,0.7382828331899249,0.7702021995958429,0.0,0.0,1.0,1.0,0.0,0.0,0.3888913237075644,0.0,0.0
gex_possorted_bam_SJSO3:ACATTGCAGTAAGTCCx-M1,0.0,0.0,0.0,0.0,0.0,0.0,0.0,0.0,0.0,0.0,0.3614855371282095,0.0,0.0,0.0,0.01960478577685891,0.0,0.4433791635735058,0.2591791377983299,0.0,1.0,0.3771976927817656,0.5109297120229855,0.060367446847679335,0.6291173154614238,0.0,0.0,0.34214297122074616,0.0,0.0,0.0,0.08865711961518066,0.0,0.05471751983553293,0.0,0.2861016615509495,0.0022596474613947697,0.0,0.0,0.0,0.23406501601843055,0.0,0.0,0.0,0.0,0.0,0.0,0.0,0.04833586622002879,0.0,0.0,0.0,0.0,0.628156200170529
gex_possorted_bam_SJSO3:ACATAGCTCGAAGTGAx-M1,0.007553700306768642,0.0,0.0,0.0,0.12394460100135396,0.0,0.0,0.0,0.0,0.0,0.8313325937760729,0.0,0.0,0.0,0.0,0.0,0.7401195062731584,0.5899262266582067,0.0,0.7716481789162342,0.3932841891852836,0.481187318616416,0.07705908357443886,0.49592335402633575,0.0,0.0,0.569274335105675,0.0,0.0,0.0,0.0,0.11766143459543482,0.07722012190618145,0.0,0.4467109669965849,0.0,0.022659989060102335,0.0005600547394807943,0.0,0.24720198133783566,0.0,0.0,0.0,0.0,0.0,0.0,0.0,0.5612673755045539,0.0,0.0,0.0,0.0,0.710718195504839
gex_possorted_bam_SJSO3:ACATTAGTCTATGACAx-M1,0.5434239313827482,0.4939257149402504,0.9503131965245823,0.4864097815035138,1.0,1.0,0.0,0.4407627455076653,0.20266108654199835,1.0,0.789110082105408,0.0,0.449226395773696,0.0,0.7499566017807378,0.1868467197111696,0.8159300219937375,0.882293520730399,0.10782531556121104,1.0,1.0,1.0,0.7334912927422053,0.9257938438053722,0.19617424718117607,0.5212353328701058,0.1588088689952511,0.5227249285828648,0.27567627280984597,0.7542059282867689,0.899445897228961,0.7787605544590008,0.6744368668412014,0.4594987974548428,0.13057020093596922,0.6406019239702525,0.01762259268203238,0.45457973204990554,0.6290593543884807,0.3129061324373121,1.0,0.0,0.48220835023809566,1.0,0.7038638701419497,0.582447074167265,0.49180735121494,0.0,0.6168873012984409,1.0,0.3054086734436234,0.552017241586263,1.0
gex_possorted_bam_SJSO3:ACCAGGCTCCTCGATCx-M1,0.0,0.041543051270787085,0.45274749319745894,0.0,0.0,0.0,0.8286672281251793,0.0,1.0,0.0,1.0,0.7020845102511781,0.20967742895219466,1.0,0.0,1.0,1.0,1.0,1.0,0.0,0.0,0.0,0.0,0.0,1.0,0.04979329667439063,1.0,0.013928300090711042,0.1208232113307595,0.0,0.0,0.0,0.0,0.0,1.0,0.0,1.0,0.0,0.0,1.0,0.0,1.0,1.0,1.0,0.0,0.0,1.0,1.0,0.0,0.0,0.28483069544184525,0.014572674783948195,0.0
gex_possorted_bam_SJSO3:ACCAGCTCAGGCTGTTx-M1,0.26131847582924284,0.12547448941948333,1.0,0.17354721394369738,1.0,1.0,0.0,0.09779998252462203,0.0,0.5950903387362879,1.0,0.0,0.22882975883057366,0.0,0.40308489573640055,0.0,1.0,1.0,0.0737580060733552,1.0,1.0,1.0,0.4494202830569286,0.8297318230332988,0.0,0.19321764597027502,0.4024296828539201,0.16692845135030665,0.0,0.4348306721961619,0.9435970947112428,0.5986193103463234,0.439494728513195,0.081408894287405,0.24542039422654294,0.3201090938209457,0.0,0.163717522491676,0.3468209007925511,0.3234362859532886,0.15545168176938695,0.0,0.062465662949733575,1.0,0.524343057831059,0.2640147814540781,0.48816159473239656,0.09308722089858885,0.3547305603490047,0.7035322778562502,0.0,0.27346263110784746,1.0
gex_possorted_bam_SJSO3:ACCATAATCCTAAATGx-M1,0.0,0.2968398640785935,0.5468298386956859,0.044213895791339504,0.0,0.0,1.0,0.0,1.0,0.0,1.0,0.7204746527112386,0.5669196128375097,1.0,0.0,1.0,1.0,1.0,1.0,0.0,0.0,0.0,0.0,0.0,1.0,0.11776234906899245,1.0,0.06184274214255811,0.4997165546290508,0.040986656521526166,0.21941523039347685,0.0,0.0,0.012582900618534235,1.0,0.0,1.0,0.0,0.0,1.0,0.0,1.0,1.0,1.0,0.0,0.0,1.0,1.0,0.053516964086747436,0.0,0.483757719250098,0.06971450275557906,0.0
gex_possorted_bam_SJSO3:ACATCAATCATCAGTAx-M1,0.40754370200844814,0.2199975674504117,0.8452313699294184,0.33505684595040675,1.0,1.0,0.0,0.21961108813944688,0.0,0.8261478811366229,1.0,0.0,0.2187705534229808,0.0,0.5278138606396763,0.1668142530329949,1.0,1.0,0.19940108190815437,1.0,1.0,1.0,0.6337752065653041,0.9157269302834592,0.02783140114361436,0.3289044014889564,0.24254032807991993,0.34527593351265357,0.01468387743085025,0.6671258466477401,0.7512064696980508,0.6610507899892243,0.5366842829931002,0.21545024104712052,0.1442377927402667,0.48549865674608716,0.0,0.289503227245914,0.46744992750309794,0.212541623233603,0.43607489210122685,0.0,0.28846551686961713,1.0,0.6518976020092758,0.4091671047209096,0.4331244697314457,0.025517456590636634,0.4653004536137932,0.8984655728226092,0.10036540746035298,0.44405029512812594,1.0
gex_possorted_bam_SJSO3:ACCCGTAAGAAACTGGx-M1,0.0,0.10143412179662831,0.6788195459062626,0.01846398961621275,0.0,0.0,1.0,0.0,1.0,0.0,1.0,0.5117984105678438,0.5360682935639152,1.0,0.0,1.0,1.0,0.4844402667857531,0.9621607531888691,0.0,0.0,0.0,0.0,0.0,1.0,0.12614680207039575,1.0,0.20324027685861915,0.1979097055199403,0.0606254742219657,0.7204002176488629,0.0,0.0,0.05412659346496298,1.0,0.0,1.0,0.0,0.0,1.0,0.0,1.0,1.0,1.0,0.0,0.0,1.0,1.0,0.07193735512956098,0.0,0.3717946003048572,0.07498961698479081,0.0
gex_possorted_bam_SJSO3:ACCCGTAAGCCACATGx-M1,0.0,0.0,0.07752196076962146,0.0,0.0,0.0,0.49437137931683584,0.0,0.9336237730894984,0.0,1.0,0.016337014585346147,0.0,0.9640143785836812,0.0,1.0,1.0,0.7902035959880067,0.5959894829470562,0.0,0.0,0.0,0.0,0.0,0.7745015698616049,0.0,1.0,0.0,0.02835753466962213,0.0,0.0,0.057834044420834355,0.0,0.0,1.0,0.0,1.0,0.0,0.0,0.9273074486467687,0.022353584698938833,1.0,0.5645189891882444,0.22569749721710256,0.0,0.0,0.7526171278370161,1.0,0.0,0.0,0.02201376153558645,0.0,0.0
gex_possorted_bam_SJSO3:ACCTAAATCGGGACCTx-M1,0.0,0.0,0.6142571565255747,0.0,0.0,0.0,0.6029523759352431,0.0,0.7451835080400034,0.0,0.8120299649421697,0.53372299600412,0.16622812984564891,1.0,0.0,1.0,0.8522043781167465,0.0,0.3273506241229921,0.0,0.0,0.0,0.0,0.0,1.0,0.01234161605127096,1.0,0.04503603606735775,0.0,0.0,0.03974626381843237,0.012228874404983912,0.0,0.0,1.0,0.0,1.0,0.0,0.0,1.0,0.0,1.0,1.0,1.0,0.0,0.0,0.8538323908149775,1.0,0.0,0.0,0.19676756302096282,0.0,0.0
gex_possorted_bam_SJSO3:ACCTACCTCTAAGTCAx-M1,0.056952855340392274,0.035379240548042666,0.5091376289299423,0.0,0.24668254851771004,0.5885462203075517,0.0,0.04006184473046259,0.0,0.12421934229482445,0.86919174934809,0.0,0.0,0.0,0.2068140348963884,0.0,0.9773905650852871,0.9263802416658854,0.0,1.0,0.789516820472241,0.8167474244887529,0.15657381304518667,0.7894373340085798,0.0,0.0,0.37359807865908295,0.0,0.0,0.0,1.0,0.0,0.23333265748057025,0.015427324785649751,0.2633451987330485,0.1380748166326607,0.0,0.0,0.12153443678958706,0.29329486738139554,0.0,0.0,0.0,0.3028362974651786,0.21603638889152316,0.08922987396795273,0.0,0.0,0.02074142301335621,0.10638922075262601,0.0,0.01508736318183255,1.0
gex_possorted_bam_SJSO3:ACCCGCTGTTTGGCTTx-M1,0.012704852591439412,0.0,0.06356879139594397,0.0,0.3855948661460797,0.1379593759255453,0.0,0.0,0.0,0.0,0.8440485578886174,0.0,0.0,0.0,0.0,0.0,0.9055533912196068,1.0,0.0,1.0,0.569789217231465,0.7062427147622763,0.1537224187509117,0.627672923472978,0.0,0.0,0.4730643652544655,0.0,0.0,0.0,0.0,0.1530551686423133,0.14341774843575306,0.0,0.1978343273980205,0.0,0.0,0.01824723574650125,0.0,0.0,0.0,0.0,0.0,0.0,0.07145084098204701,0.0,0.0,0.3159176225288626,0.0,0.0064886598924892664,0.0,0.0,0.8803362254831267
gex_possorted_bam_SJSO3:ACCCGTAAGACACCGCx-M1,0.049211106170407456,0.0,0.0,0.0,0.25035804697601927,0.3058637852793991,0.0,0.0,0.0,0.0,1.0,0.0,0.0,0.0,0.0,0.0,0.9965916544949168,1.0,0.0,1.0,0.6069641254489203,0.7684550334080682,0.14246809352495468,0.6995995838373126,0.0,0.0,0.4108194000250153,0.0,0.0,0.0,0.0,0.11645667331448203,0.13467097972961523,0.0,0.1983744520744635,0.0,0.0,0.047755512905507565,0.0,0.0,0.0,0.0,0.0,0.0,0.06637121816983817,0.0,0.0,0.31567672176016504,0.0,0.0,0.0,0.0,0.799208584274432
gex_possorted_bam_SJSO3:ACCTCACTCCTGTTCAx-M1,0.02722712853405964,0.0,0.0,0.0,0.02501676447649128,0.18961123367350308,0.0,0.0,0.0,0.0,0.8220731218971673,0.0,0.0,0.0,0.0,0.0802634399803878,0.7841999703047026,0.8229630848616453,0.0,0.731578009106353,0.3493697793704119,0.5016070442131679,0.12108435056465264,0.5394341753503834,0.0,0.0,0.47390703686869173,0.0,0.0,0.0014761732533148952,0.0,0.0,0.07644710743116716,0.0,0.23376583073743748,0.0030639358157597794,0.0,0.09166863178949587,0.0,0.05623248722509931,0.0,0.0,0.0,0.0,0.0,0.0,0.0,0.3212668011236039,0.0,0.0,0.0,0.0,0.7519918010081936
gex_possorted_bam_SJSO3:ACCCGGTAGCAAACCTx-M1,0.12363456825645101,0.0,1.0,0.011841145842843806,0.967575062397505,1.0,0.0,0.14535867409264863,0.0,0.2028327171843914,1.0,0.0,0.12467414868232571,0.0,0.11292008492347522,0.0,1.0,1.0,0.0,1.0,1.0,1.0,0.31496968272210574,0.7338136423265756,0.0,0.12649663540453526,0.5332262133146636,0.04074467952971578,0.0,0.12165916725853503,0.1703912115163455,0.6661050913689657,0.38599305945605555,0.0,0.2596848636804637,0.09775127601264051,0.0,0.046741064006385544,0.1691981625888472,0.059234704666660115,0.5632688203148628,0.0,0.0,0.64455255110001,0.33514497577953506,0.0538609483177511,0.5838760203383896,0.4164836504580154,0.12085975057249271,0.4153988742442995,0.0,0.0,1.0
gex_possorted_bam_SJSO3:ACCCTCCCAAGTAAGCx-M1,0.0,0.1792202967058716,0.9223582967222712,0.06031057053471475,0.0,0.0,1.0,0.0,1.0,0.0,1.0,1.0,0.7713488537226384,1.0,0.0,1.0,1.0,0.0925289724891702,1.0,0.0,0.0,0.0,0.0,0.0,1.0,0.22468120439111108,1.0,0.32318152652306653,0.280324344626247,0.0,0.45744098477664835,0.0,0.0,0.0026879091547857867,1.0,0.0,1.0,0.0,0.0,1.0,0.0,1.0,1.0,1.0,0.0,0.0,1.0,1.0,0.17004600877803308,0.0,0.5912462222522443,0.11671862344156872,0.0
gex_possorted_bam_SJSO3:ACCTTCATCACAGCCAx-M1,0.0,0.0,0.2661457891645777,0.0,0.0,0.0,0.5263592644667155,0.0,0.7606965939606454,0.0,0.7701527802100275,0.5749785567884016,0.0,0.8134282864321911,0.0,1.0,0.8352685690355426,0.0,0.23758317993822003,0.0,0.0,0.0,0.0,0.0,0.6154518997329697,0.0,1.0,0.0,0.05246068927872222,0.0,0.0,0.0,0.0,0.0,1.0,0.0,1.0,0.0,0.0,1.0,0.032162090585121476,1.0,0.5594044648306901,0.46539098883459856,0.0,0.0,0.4550137633717873,1.0,0.0,0.0,0.10545008323133531,0.0,0.0
gex_possorted_bam_SJSO3:ACCGCAATCATTTGTCx-M1,0.0,0.0,0.03789909036828271,0.0,0.04032151349138704,0.0,0.0,0.0,0.0,0.0,0.6761163062265825,0.0,0.0,0.047296904514596456,0.0,0.1574890402980759,0.674399163275671,0.25865214729884933,0.0,0.5898852243149677,0.2927534510690518,0.23430318982129275,0.03911026061482935,0.33915222018635716,0.0,0.0,0.8297908812422224,0.0,0.0,0.0,0.014538847147877376,0.04965548053988858,0.016999156007481052,0.0,0.7548574154985486,0.0,0.5400590305070565,0.0,0.0,0.6377435340480938,0.0,0.09992268666848957,0.0,0.0,0.0,0.0,0.0,0.7972792895612367,0.0,0.0,0.0,0.0,0.5549022117323609
gex_possorted_bam_SJSO3:ACCCGGTAGTATTGGCx-M1,0.0,0.0,0.7621760962099143,0.02250418425636889,0.0,0.0,0.6595663000623343,0.044561407609204344,0.5430248473778964,0.07794804825269432,0.7406392185156778,0.0,0.06311843646907145,0.4902623809709816,0.0,1.0,0.9116392827005142,0.20604058340630343,0.019805909134241243,0.008703739267418577,0.04028875177755046,0.0,0.0,0.0,0.5464526430174181,0.020492296035191437,1.0,0.1688415266828838,0.0,0.0,0.4996371262086484,0.008269396992464276,0.0,0.04000790115755424,1.0,0.0,1.0,0.0,0.0,0.9953758055064739,0.0,1.0,0.6142109287766503,1.0,0.0,0.01610993025866221,0.5920026700720478,1.0,0.06532589617091704,0.0,0.13004432069906674,0.02371371170404199,0.30793968689354734
gex_possorted_bam_SJSO3:ACCTAAGGTTATCCGTx-M1,0.0,0.0,0.40390493366566493,0.0,0.0,0.0,0.6602112545984349,0.0,1.0,0.0,0.9811844120784206,0.604361606108809,0.0,1.0,0.0,1.0,1.0,0.09811488339607342,0.4577710803608702,0.0,0.0,0.0,0.0,0.0,0.9123422160133408,0.0028464461482226775,1.0,0.0,0.0,0.0,0.0,0.0,0.0,0.0,1.0,0.0,1.0,0.0,0.0,1.0,0.007344687884390203,1.0,1.0,1.0,0.0,0.0,0.8420572838586947,1.0,0.0,0.0,0.17905757804103903,0.0,0.0
gex_possorted_bam_SJSO3:ACCTTGTGTTTCGCGCx-M1,0.0,0.41885930316141223,0.6770424477344651,0.0,0.09442757577437984,0.1474464136176545,0.49032220932358045,0.08963433515036807,0.0,0.41142511695216966,0.02823211453272812,0.2650669896691632,0.0,0.0,0.4068556168628339,0.07444786023993,0.5220141486306635,0.0,0.0,1.0,0.5245769122989823,0.5390239370343956,0.10959521244066181,0.6684518701602029,0.0,0.0,0.24635050936771302,0.11221171344746729,0.0,0.02724815892897253,1.0,0.0,0.16556871021345607,0.11436476469516439,0.47524638953947473,0.16651783815920773,0.19652095661700966,0.0,0.2205521777338081,0.6713575304472248,0.0,0.3175211173598288,0.0,0.4247751834705275,0.0674796678976768,0.06104369053365247,0.0,0.0,0.12268199650681254,0.16084264396580134,0.0,0.0,1.0
gex_possorted_bam_SJSO3:ACCTAAGGTGGTTCCCx-M1,0.0,1.0,1.0,0.09304177768650095,0.10026221239053497,0.2282440777022292,1.0,0.3205665978823776,0.1269085354814219,0.9529544810377365,0.0,0.818500198494154,0.0,0.0,0.6486662154168589,0.3593763683392418,0.19085588851674018,0.0,0.0,1.0,0.41315438231585083,0.43492415827337944,0.15811054715037431,0.5741311306333298,0.0,0.0,0.10454660043519089,0.38040816629347046,0.2863204866365693,0.05379717625179493,1.0,0.0,0.20248661253820047,0.3667595568425503,0.5195080939258,0.40538449822067746,0.48086449317245183,0.01740334377126481,0.4040647511770737,1.0,0.26566767917389045,0.5699582839644867,0.0,0.8950820957773495,0.13982597372153235,0.22788922615136828,0.0,0.0,0.3610631789282088,0.5031649542970994,0.1209493049754247,0.07558773652113553,1.0
gex_possorted_bam_SJSO3:ACCTGGTCAAGCTTATx-M1,0.02954685054545244,0.0,0.20344419150920406,0.0,0.7208895380066889,0.42590855124689125,0.0,0.0,0.0,0.0,1.0,0.0,0.0,0.0,0.0,0.0,1.0,1.0,0.0,1.0,0.6799122902212663,0.8327001467864811,0.20678291052527945,0.6882021857309584,0.0,0.0,0.4720736977555684,0.0,0.0,0.08543963166133489,0.0,0.312683593261891,0.17487099135985232,0.0,0.15260440017779092,0.0,0.0,0.027913695216036614,0.0,0.0,0.13378471620630164,0.0,0.0,0.0,0.15559268058098694,0.0,0.0,0.23986715342660278,0.0,0.1775972704358298,0.0,0.0,1.0
gex_possorted_bam_SJSO3:ACCTAAGGTAAGCACCx-M1,0.03126537884553964,0.1319809465581304,0.7104708190401604,0.0,0.44037465375672813,0.7278160761742067,0.0,0.05164002611415811,0.0,0.35926691106880315,0.9222508731021173,0.0,0.0,0.0,0.15966785011077747,0.0,1.0,0.9763205075763022,0.0,1.0,0.8318268455824972,0.8674071938301087,0.17290646498641266,0.8055122417458939,0.0,0.0,0.326314169886979,0.06124510589378669,0.0,0.06150576125299607,1.0,0.09817807321798049,0.2167446613418868,0.0,0.21975159840364167,0.13804827975247344,0.0,0.02709408614700943,0.1299213790646272,0.38368360120178957,0.0,0.0,0.0,0.13614296380407048,0.17414898500882714,0.07307102173614902,0.0,0.0,0.10449776609929963,0.26441271001330374,0.0,0.0522486150857196,1.0
gex_possorted_bam_SJSO3:ACCTTCCAGTCACCTCx-M1,0.0,0.4131959391658057,0.22790162430353061,0.0,0.0,0.1652747336635381,0.3949062047137237,0.07222453664447218,0.0,0.1167347722705304,0.35641935138347564,0.24328967418127462,0.0,0.09724745203912546,0.31674416388191795,0.30123508429687423,0.9418321167515277,0.39335334707281466,0.0,1.0,0.36917974413403926,0.34839385952955765,0.04188319779435723,0.577341039357119,0.0,0.0,0.24885850378326882,0.0,0.0,0.0,0.5941808339876805,0.0,0.07272884892955596,0.03895181303041566,0.4644844020192681,0.0794646750149526,0.06997290665543215,0.0,0.18413301106616342,0.7948403204386336,0.0464318394110793,0.6704541507750196,0.0,0.0,0.0,0.0,0.0,0.24328702537459793,0.0,0.0,0.0,0.0,0.3189919221787137
gex_possorted_bam_SJSO3:ACCCGGTAGCAGGTTTx-M1,0.0,0.06365700602312231,1.0,0.0,0.0,0.0,0.9723737015695714,0.0,0.5680734848381145,0.019010555147497166,0.8096165843934202,0.7379394930112542,0.09890348810967141,0.9096809826876638,0.0,1.0,0.9567227445477632,0.0,0.3798508561036325,0.0,0.0,0.0,0.0,0.0,0.9219068387619902,0.0710948891661254,1.0,0.19280981379718923,0.05882793595524798,0.0,0.42243500849875465,0.0,0.0,0.0,1.0,0.0,1.0,0.0,0.0,1.0,0.0952989851047364,1.0,1.0,1.0,0.0,0.0,0.7005103088568176,1.0,0.014372842455885087,0.0,0.07697916023059206,0.0,0.0
gex_possorted_bam_SJSO3:ACCCGGTAGAAAGGAAx-M1,0.09909515537707696,0.0,0.0,0.0,0.46900631380048724,0.435694273123802,0.0,0.0,0.0,0.0,1.0,0.0,0.0,0.0,0.011153643447058544,0.0,1.0,1.0,0.0,1.0,0.7801895189912046,0.8714841880792636,0.2330719259604694,0.7736009690507606,0.0,0.0,0.3635215227730845,0.0,0.0,0.06147810356088923,0.0,0.1458810060250458,0.21680352913183995,0.0,0.15230588559916772,0.0,0.0,0.053888332733952146,0.0,0.0,0.0,0.0,0.0,0.0,0.12796585755636256,0.0,0.0,0.21861799897353182,0.0,0.04939261669625129,0.0,0.0,1.0
gex_possorted_bam_SJSO3:ACCTTGCTCTTAGTCTx-M1,0.0,0.0,0.02745694791431486,0.0006683274080983637,0.0,0.0,0.8711957566172672,0.0,1.0,0.0,1.0,0.6224494075230567,0.14295119734587455,1.0,0.0,1.0,1.0,0.12863820205014417,0.6684488332361808,0.0,0.0,0.0,0.0,0.0,1.0,0.028105951164073124,1.0,0.0,0.20886376587820463,0.0,0.0,0.013174766520463782,0.0,0.03512715452981765,1.0,0.0,1.0,0.0,0.0,1.0,0.0,1.0,0.8848145816253459,0.728886855374698,0.0,0.0,0.969964822382773,1.0,0.0,0.0,0.41262552663005864,0.0,0.0
gex_possorted_bam_SJSO3:ACCGAAGCAGGTCCTGx-M1,0.06895569081987607,0.7882224675682847,1.0,0.1421184485587275,0.16089180310498122,0.2625178045212268,1.0,0.30726047324041716,0.0,0.788330297724292,0.0,0.7055784516655565,0.0,0.0,0.6645228839367318,0.43918920617453927,0.20430490928632422,0.0,0.0,1.0,0.49427258914769223,0.45193794451441316,0.21354331383741929,0.5668559390609054,0.0,0.0,0.16145441634541116,0.3831292769408911,0.5302823120345999,0.07981132246363609,1.0,0.0,0.24909502633829908,0.40168160077794646,0.5827531464764509,0.419552024178942,0.5171194938861539,0.06552219548217177,0.3963703453782895,1.0,0.23271119429160048,0.5250556724496656,0.0,0.876075841081994,0.19231422210350851,0.2796485529402029,0.0,0.0,0.35466593590301637,0.4421798384659808,0.1972955017015362,0.1381888673199117,1.0
gex_possorted_bam_SJSO3:ACCTTCCAGCTCCTTAx-M1,0.0,0.0,0.2747483103306728,0.0,0.0,0.0,0.5311687084426304,0.0,0.8372494434111004,0.0,1.0,0.5166708150171302,0.0,1.0,0.0,1.0,1.0,0.12731362796594384,0.45610790736674167,0.0,0.0,0.0,0.0,0.0,0.8559361711686322,0.0,1.0,0.0,0.0,0.0,0.0,0.0,0.0,0.0,1.0,0.0,1.0,0.0,0.0,1.0,0.024315846621031405,1.0,0.8841426026475171,0.8595925314070788,0.0,0.0,0.7904729002857405,1.0,0.0,0.0,0.07598185254437285,0.0,0.0
gex_possorted_bam_SJSO3:ACCTTCCAGAATCTCAx-M1,0.14015091456139356,0.0,0.23983507412809196,0.026912911398169977,0.42406862876445756,0.7746019198715008,0.0,0.03926220245032647,0.0,0.09240117845942471,1.0,0.0,0.0,0.0,0.13419392756847873,0.0,1.0,1.0,0.0,1.0,0.8185633812369355,0.9043656920979294,0.2325804475234564,0.8937988244945614,0.0,0.0,0.32715469690999716,0.0,0.0,0.13627188463164333,0.6707888363039874,0.2434619414199195,0.2644983097796245,0.005392653606631925,0.2045579505215175,0.15459751276808809,0.0,0.09353293805359887,0.13001908838544984,0.2132908727834796,0.0,0.0,0.0,0.01752535383146498,0.21971574382956846,0.12693113958830654,0.0,0.11515932388498822,0.04711636448712955,0.15362129129810864,0.0,0.090300434225984,1.0
gex_possorted_bam_SJSO3:ACCCGGTAGGAACGGTx-M1,0.03338217118549976,0.0,0.0,0.0,0.4114978618680448,0.328905208709844,0.0,0.0,0.0,0.0,1.0,0.0,0.0,0.0,0.0,0.0,1.0,1.0,0.0,1.0,0.6275111788638377,0.8083459435395459,0.15019965310191294,0.711319451439088,0.0,0.0,0.3827961794401643,0.0,0.0,0.0,0.0,0.1879018693213887,0.14727116428621345,0.0,0.16185255917657834,0.0,0.0,0.023985630214364683,0.0,0.0,0.0,0.0,0.0,0.0,0.09066760652448078,0.0,0.0,0.3470442992633608,0.0,0.0,0.0,0.0,0.8774350526774738
gex_possorted_bam_SJSO3:ACCCGTAAGCAAGGACx-M1,0.006600218809274149,0.0,0.0,0.0,0.1707338526827615,0.0,0.0,0.0,0.0,0.0,0.6624865148663176,0.0,0.0,0.0,0.0,0.0,0.6541104763494243,0.5509244959280879,0.0,1.0,0.4688180671438148,0.6163026016282024,0.09979379488218154,0.5939377095218008,0.0,0.0,0.4191216916945793,0.0,0.0,0.0,0.0,0.0,0.08990095866596554,0.0,0.28503819389537793,0.0,0.0,0.009164164782577446,0.0,0.09308466824788318,0.0,0.0,0.0,0.0,0.0014988786351641662,0.0,0.0,0.19268020664381305,0.0,0.0,0.0,0.0,0.7186963064085732
gex_possorted_bam_SJSO3:ACCTAAGGTTACTTGCx-M1,0.05136022910255173,0.0,1.0,0.028942901415246428,0.6331739608382265,0.8242674680802295,0.3838680811721186,0.2162523482470327,0.013842306977681717,0.20962236516342714,1.0,0.0,0.0,0.02399261496164203,0.17363861528741095,0.0,1.0,1.0,0.0,1.0,0.8510455492703741,0.8188683902970034,0.17862859320797353,0.6448445516751722,0.0,0.0,0.4450510212439612,0.2448988955185161,0.0,0.0,0.25637216014501757,0.2942978015388145,0.2845122042345259,0.0,0.3080382542346257,0.10837580300306589,0.0,0.02464732277643708,0.23146322022897345,0.2728391348752333,0.4446210750482105,0.0,0.0,0.6790135018812391,0.26873024875215906,0.028840922508178983,0.25776816098640626,0.23419016599293083,0.045909567481168985,0.23051685539385341,0.0,0.0,1.0
gex_possorted_bam_SJSO3:ACCTTGCTCATGCTAAx-M1,0.09004540443818405,0.0,0.0,0.0,0.3412290290721993,0.5138300748235255,0.0,0.0,0.0,0.0,1.0,0.0,0.0,0.0,0.0,0.0,1.0,1.0,0.0,1.0,0.7088063458212628,0.8715436743953546,0.19181697557229263,0.7445131279555826,0.0,0.0,0.37150802497820856,0.0,0.0,0.03230633968746382,0.0,0.10916105305821586,0.16613585397113606,0.0,0.19101124843215467,0.0,0.0,0.06049341627986751,0.0,0.0,0.0,0.0,0.0,0.0,0.12206523008268338,0.0,0.0,0.3332440985248857,0.0,0.0,0.0,0.02466203895935333,0.9472908481750455
gex_possorted_bam_SJSO3:ACCTGGTCATGTCAGCx-M1,0.05093005508365292,0.0,0.0,0.0,0.3197822550696538,0.23871328346892784,0.0,0.0,0.0,0.0,1.0,0.0,0.0,0.0,0.0,0.0,0.9817169551802597,1.0,0.0,0.9832031870559957,0.5457482675033251,0.8009231572098313,0.13971452802043327,0.706310263186653,0.0,0.0,0.4052766435920158,0.0,0.0,0.0,0.0,0.1450070104502981,0.12980912505767972,0.0,0.17310697320858268,0.0,0.0,0.0610844999164879,0.0,0.0,0.0,0.0,0.0,0.0,0.08054365790256963,0.0,0.0,0.27437884698425197,0.0,0.0,0.0,0.0,0.8553573724061468
gex_possorted_bam_SJSO3:ACCTTGTGTCACGAACx-M1,0.3077989476253927,0.10577525980963555,0.5431502323667198,0.18757507976993945,0.936454513841962,1.0,0.0,0.13782685887614557,0.0,0.3759373116185663,1.0,0.0,0.07777227907367305,0.0,0.35188422715962747,0.0,1.0,1.0,0.13296388885323315,1.0,1.0,1.0,0.43658705760403527,1.0,0.0,0.07487786535193128,0.2270603250966344,0.20259741472120155,0.0,0.4693145244083556,1.0,0.34886269788251156,0.4492905898358638,0.09179835417748665,0.1595039682128024,0.3541114018584905,0.0,0.19742169956379899,0.3559387843368295,0.2133960486428392,0.0,0.0,0.02665120913143792,0.7949561689684306,0.5087068748041927,0.2782679054010241,0.21646580813318916,0.12114994180172198,0.2885035462959071,0.4817600474274204,0.0,0.2879094171283064,1.0
gex_possorted_bam_SJSO3:ACCTCACTCGCGCTAAx-M1,0.0,0.0,0.32695328338303103,0.0,0.0,0.0,0.7113753828142997,0.0,0.9406453314175921,0.0,0.9642711624544622,0.5204580867923322,0.05018595341724105,0.9027357669340498,0.0,1.0,0.919712595852766,0.0,0.33142934000806745,0.0,0.0,0.0,0.0,0.0,0.9369047041509331,0.0,1.0,0.0,0.0979428285566882,0.0,0.0,0.0,0.0,0.0,1.0,0.0,1.0,0.0,0.0,1.0,0.0,1.0,0.8935288244314874,1.0,0.0,0.0,0.9056669051365062,1.0,0.0,0.0,0.1559599126687875,0.0,0.0
gex_possorted_bam_SJSO3:ACCCGTAAGCTACTGGx-M1,0.017447217418566092,0.05118329956940394,1.0,0.044955708429888254,0.7629568183410558,0.8169924410666269,1.0,0.3993309879876657,0.49296767655071927,0.11878643337022528,1.0,0.0,0.11532564175958648,0.018891632022258693,0.0,0.0,1.0,1.0,0.08204078461122821,1.0,0.7647905259731606,0.7315071623252571,0.1420301343753177,0.39007853988146585,0.11880595757846749,0.023304004740501438,0.8186534164496803,0.0,0.06567802297022872,0.0,0.268851568468601,0.5395727369510618,0.18500115943168688,0.0,0.5383641756867,0.06405866590508906,0.0,0.0,0.1856202087422984,0.4644255049567897,0.8152087623271417,0.0,0.0,1.0,0.07367557690932569,0.1124631304041483,0.5889768403455546,0.44958958628748297,0.10734667595675973,0.16711242672565282,0.0,0.0,1.0
gex_possorted_bam_SJSO3:ACCTTGTGTTCACTGTx-M1,0.019237541149282954,0.0,0.12804582810425885,0.0,0.5168983136337578,0.2868777526708503,0.0,0.0,0.0,0.0,0.9918851823700493,0.0,0.0,0.0,0.0,0.0,0.9723187935518598,1.0,0.0,1.0,0.6032847790156498,0.7855329197186848,0.16231916026993048,0.6522791259644158,0.0,0.0,0.4783936871339745,0.0,0.0,0.023312232632187107,0.0,0.21986757538129179,0.1639752809441644,0.0,0.14077116463995465,0.0,0.0,0.044551233742059285,0.0,0.0,0.0,0.0,0.0,0.0,0.12297005210998797,0.0,0.0,0.29556708701951623,0.0,0.05937290529146881,0.0,0.0,1.0
gex_possorted_bam_SJSO3:ACGAACAAGACCATACx-M1,0.1690684574502678,0.3183233720598847,1.0,0.18307324741903724,1.0,1.0,1.0,0.4021361287006407,0.309629757597107,0.5762930039790825,1.0,0.0,0.24531048657165253,0.0,0.21014642542583242,0.0,1.0,1.0,0.16998726184003327,1.0,1.0,1.0,0.36780168531512714,0.6679597342237578,0.050265750727597355,0.12163258687593215,0.5439095612370931,0.13312041268358546,0.17050940962419692,0.2228902323135257,0.9623849557522972,0.571786910935451,0.3949163343043221,0.10564682898186897,0.3548595462304623,0.28658185541844833,0.0,0.15092606366663552,0.43721507200998183,0.4805913162020048,0.7971579799522165,0.0,0.10028804618261816,1.0,0.3435402700068347,0.3180740751542946,0.5807944470939971,0.0,0.3901106138787025,0.5674384319398706,0.0,0.15002090942768756,1.0
gex_possorted_bam_SJSO3:ACCGGTTCAGGTATTTx-M1,0.0,0.0,0.08140910851947754,0.0,0.25506912378310426,0.04798304467106424,0.0,0.0,0.0,0.0,0.8305254402731187,0.0,0.0,0.0,0.0,0.0,0.9063833961921134,0.7481908321388167,0.0,1.0,0.46564531136263176,0.5713436474455047,0.09891559244636962,0.4933376847714641,0.0,0.0,0.5746525498464642,0.0,0.0,0.026693385492252236,0.0,0.18919442322660912,0.108170013267066,0.0,0.38653569060800125,0.0,0.0,0.0,0.0,0.06021009672991336,0.0,0.0,0.0,0.0,0.041728474210565185,0.0,0.0,0.5603232020285469,0.0,0.0,0.0,0.0,0.75355133418802
gex_possorted_bam_SJSO3:ACCTTCATCAACCAACx-M1,0.0,0.0,0.1622400050236747,0.0,0.0,0.0,0.4452011840737257,0.0,0.9031158052609506,0.0,1.0,0.3556854260310695,0.010287211809241179,0.9377514039691744,0.0,1.0,0.9397660417475809,0.07190726755939807,0.37120080929666527,0.0,0.0,0.0,0.0,0.0,0.8237334918102529,0.0,1.0,0.0,0.038245167932516595,0.0,0.0,0.0,0.0,0.0,1.0,0.0,1.0,0.0,0.0,1.0,0.0,1.0,0.762317450105261,0.7397126676268163,0.0,0.0,0.8167763322825125,1.0,0.0,0.0,0.12059487877067598,0.0,0.0
gex_possorted_bam_SJSO3:ACCTCACTCGGTACGCx-M1,0.0,0.5027320809646477,0.7727292258340546,0.0,0.0,0.19262718381841354,1.0,0.0,0.4171410871641262,0.0,1.0,1.0,0.0,1.0,0.0,1.0,1.0,1.0,1.0,0.0,0.0,0.0,0.0,0.0,1.0,0.02695856707086074,1.0,0.06976612890014902,0.0,0.0,0.0,0.0,0.0,0.0,1.0,0.0,1.0,0.0,0.0,1.0,0.19640335307635318,1.0,0.7783382373893785,1.0,0.0,0.0,0.8123576758502667,1.0,0.0,0.0,0.0,0.0,0.0
gex_possorted_bam_SJSO3:ACCTTCATCATCAGTAx-M1,0.0,0.0,0.047435204383674295,0.0,0.0,0.0,0.0,0.0359681608878506,0.0,0.0,0.15718276611340007,0.005302339371070718,0.0,0.0,0.06878330170238141,0.12865723956134836,0.41763777210052094,0.0,0.0,0.8177979875974082,0.19718990814139176,0.25465006325680695,0.015427472433899343,0.439326220499734,0.0,0.0,0.4492514735852116,0.0,0.0,0.0,0.32144705585780636,0.0,0.0,0.029596545327035793,0.5180798315625944,0.0,0.1494180489195622,0.0,0.005020566297003392,0.4933975767422863,0.0,0.39627187024515664,0.0,0.0,0.0,0.0,0.0,0.39358160165710443,0.0,0.0,0.0,0.0,0.26562585152773477
gex_possorted_bam_SJSO3:ACCTGGTCATAGACTTx-M1,0.05906868512331714,0.0,0.0,0.0,0.3046817317197023,0.314323923352888,0.0,0.0,0.0,0.0,1.0,0.0,0.0,0.0,0.0,0.0,0.9134399359740184,1.0,0.0,0.8064653233297219,0.5656474218226089,0.7585529593755377,0.15278318546848813,0.6760515243374685,0.0,0.0,0.3932168053939514,0.0,0.0,0.0,0.0,0.10024437910497722,0.10418165973040736,0.0,0.24678746533443208,0.012790027727603695,0.0,0.05988625491995798,0.0,0.0,0.0,0.0,0.0,0.0,0.05358050730188042,0.0,0.0,0.2659767270401584,0.0,0.0,0.0,0.02349946816158952,0.7909172437660359
gex_possorted_bam_SJSO3:ACCGCAATCTAGCTTTx-M1,0.03684267696924737,0.0,0.0,0.0,0.19437335410519602,0.10408979873955623,0.0,0.0,0.0,0.0,1.0,0.0,0.0,0.06657487951097596,0.0,0.0,0.9869172866404421,1.0,0.0,0.7058619651173286,0.5682020446333287,0.6129284055877083,0.12154641902720524,0.5915772976514063,0.0,0.0,0.5400360922354606,0.0,0.0,0.0,0.0,0.1017481139250642,0.09228208379761756,0.0,0.3780766011348785,0.0,0.0,0.0006677865736033008,0.0,0.5328338444267491,0.0,0.0,0.0,0.0,0.0,0.0,0.0,0.5778045896905445,0.0,0.0,0.0,0.0,0.787373989136842
gex_possorted_bam_SJSO3:ACCTGGATCCATAAGCx-M1,0.059396844273908025,0.0,0.0,0.0,0.2762388853235881,0.2527008361500452,0.0,0.016964496885068448,0.0,0.0,0.9199574231171139,0.0,0.0,0.0,0.0,0.0,0.9393642348762414,1.0,0.0,1.0,0.733496902085999,0.7705563216440751,0.1541787425414102,0.7238365748154318,0.0,0.0,0.3681172799115476,0.0,0.0,0.005004024007325242,0.0,0.06010839824914271,0.19393025534020478,0.0,0.18938412340138344,0.0,0.0,0.03461302748468171,0.006119690104172694,0.0,0.0,0.0,0.0,0.0,0.1030293719531898,0.0,0.0,0.23981063692473673,0.0,0.03727233085823759,0.0,0.0,0.9302511180533436
gex_possorted_bam_SJSO3:ACCGGCTAGTCAATCAx-M1,0.06231234864655106,0.0,0.0,0.0,0.5295155460114198,0.5233324665925333,0.0,0.0,0.0,0.0,1.0,0.0,0.0,0.0,0.08866447047889775,0.0,0.9912559309413174,1.0,0.0,1.0,0.7657955870972729,0.9091819021043762,0.2062941785450254,0.8114636544664732,0.0,0.0,0.3983915257933181,0.0,0.0,0.05899532735750273,0.2385754258796278,0.2848610886578129,0.19388992383707124,0.0,0.19845923395792203,0.029775345626462186,0.0,0.03844196500621213,0.03236612667079583,0.023024549558119792,0.0,0.0,0.0,0.0,0.08037247209845524,0.02212183678278979,0.0,0.012191508727867006,0.0,0.06765947211545291,0.0,0.04662046028939034,1.0
gex_possorted_bam_SJSO3:ACCTTCCAGCTGGACCx-M1,0.0,0.0,0.10190862335402051,0.0,0.20955944386963898,0.07914812821424576,0.0,0.0036267940830921577,0.0,0.0,0.5532661818675711,0.0,0.0,0.0,0.06755456191032773,0.0,0.7800394866661112,0.5321701829939973,0.0,1.0,0.5885502323206339,0.652867872450694,0.11179262960635303,0.6044406037225928,0.0,0.0,0.4100360833134517,0.0,0.0,0.0,0.0606239935179344,0.0,0.1402329460836241,0.0,0.275248306021785,0.0024196478427573878,0.0,0.0,0.05146748077552956,0.10433324377922239,0.0,0.0,0.0,0.0,0.07746968957590548,0.0,0.0,0.1867579205255027,0.0,0.0,0.0,0.0,0.7920836967305818
gex_possorted_bam_SJSO3:ACCTAAGGTCCGCTGTx-M1,0.0,0.20049333790642315,0.23996157941482715,0.0,0.0,0.0,0.2022532374182767,0.07265396437474687,0.0,0.1426908333395024,0.0,0.31261087776705376,0.0,0.0,0.19250094892855832,0.0,0.04770352626274345,0.0,0.0,1.0,0.16427283050273397,0.25827732346033877,0.0,0.47552551202449717,0.0,0.0,0.29326888306863164,0.0,0.0,0.0,0.6068220433980912,0.0,0.012999639286919407,0.10486933690639337,0.43219625596643274,0.030345169488439364,0.20577315141537844,0.0,0.07434384469144464,0.5017833610433196,0.01870015942549937,0.19999841519547268,0.0,0.0,0.0,0.0,0.0,0.0,0.0,0.0,0.0,0.0,0.35810949023059263
gex_possorted_bam_SJSO3:ACCTGGATCGCTCCATx-M1,0.05002634344698133,0.0,0.0,0.0,0.23205403245302866,0.28889752651545786,0.0,0.0,0.0,0.0,0.9385610237434522,0.0,0.0,0.0,0.00012179477300987331,0.0,0.8693454302511077,1.0,0.0,1.0,0.6151508799720325,0.7616494662077291,0.15027995034268857,0.717210170375832,0.0,0.0,0.38284909420543084,0.0,0.0,0.0,0.19517797405049653,0.10461773272881912,0.16229340504860362,0.0,0.2117113562107564,0.014466911142243463,0.0,0.02014857621459445,0.0038077748552943,0.060017295267054155,0.0,0.0,0.0,0.0,0.09263753656361334,0.006501564137402199,0.0,0.22691982017796056,0.0,0.0,0.0,0.0,1.0
gex_possorted_bam_SJSO3:ACCTGGTCATTAGCGCx-M1,0.0,0.04548070293117406,0.5258134002218388,0.0,0.03413966708183052,0.0407917258100339,0.0,0.005336310322973267,0.0,0.2065164917641779,0.3046485143351963,0.0,0.0,0.0,0.1329711480672323,0.0,0.49609543065527795,0.09223761871082299,0.0,1.0,0.5922026295129028,0.6206459451016557,0.07670760577071306,0.71472745842984,0.0,0.0,0.27877335563396005,0.0,0.0,0.0,0.8108903665918489,0.0,0.10922981353757621,0.0,0.23682726506801963,0.07194757243374157,0.011795903185314125,0.0,0.03695260663429563,0.3706556115865258,0.0,0.0,0.0,0.0,0.05047101729065672,0.02347434814766233,0.0,0.0,0.0,0.04289827036664621,0.0,0.0,0.9324562691020752
gex_possorted_bam_SJSO3:ACGTACCCAGGAACATx-M1,0.0,0.4740682029941779,1.0,0.13046876131188548,0.0,0.5121737566214505,1.0,0.0,1.0,0.0,1.0,0.7988216354359189,0.9748067827696789,1.0,0.0,1.0,1.0,1.0,1.0,0.0,0.0,0.0,0.0,0.0,1.0,0.22152159013319245,1.0,0.46880157945334816,0.38813003715464967,0.3340101307634504,0.9998071351810643,0.0,0.0,0.007459678793256637,1.0,0.0,1.0,0.0,0.0,1.0,0.0,1.0,1.0,1.0,0.0,0.054752702272001325,1.0,1.0,0.25981001987283664,0.0,0.5763430277388691,0.20497175830893666,0.0
gex_possorted_bam_SJSO3:ACGCTTGAGGCGAAACx-M1,0.08439739477160066,0.0,0.0,0.0,0.2836209625379988,0.49993358508737157,0.0,0.0,0.0,0.0,1.0,0.0,0.0,0.0,0.0,0.0,1.0,1.0,0.0,1.0,0.6776051991397919,0.8431761968093838,0.17941467490666252,0.7412819493924137,0.0,0.0,0.31940530249068955,0.0,0.0,0.07803163718549794,0.0,0.13637060468116796,0.17646491396985198,0.0,0.17938500350025396,0.005105142140060618,0.0,0.10208369223154552,0.0,0.0,0.0,0.0,0.0,0.0,0.07169168918266258,0.008257228799460307,0.0,0.24586184105659523,0.0,0.0,0.0,0.008891285004890346,0.9403761267067478
gex_possorted_bam_SJSO3:ACGTCAAGTTTAGTCCx-M1,0.0,0.0,1.0,0.0,0.0,0.0,1.0,0.0,0.8921295974056769,0.0,1.0,0.5461557516381763,0.1883074589513147,0.958814921957875,0.0,1.0,1.0,0.1385177420769127,0.7161533130015315,0.0,0.0,0.0,0.0,0.0,1.0,0.05393009945607874,1.0,0.3878117252362252,0.0,0.0,1.0,0.0,0.0,0.01914712109531241,1.0,0.0,1.0,0.0,0.0,1.0,0.0,1.0,1.0,1.0,0.0,0.0,1.0,1.0,0.04035651446653913,0.0,0.25275440910293967,0.0,0.0
gex_possorted_bam_SJSO3:ACGTCCAAGGTCCACAx-M1,0.04727021910646163,0.0,0.017979539627032935,0.0,0.29077885641728773,0.3161711022086363,0.0,0.0,0.0,0.0,1.0,0.0,0.0,0.0,0.0,0.0,0.963014312050529,1.0,0.0,1.0,0.676207363647121,0.8342910493424175,0.1967279377900995,0.6989999520657186,0.0,0.0,0.3888561769081721,0.0,0.0,0.0,0.0,0.12309438068499014,0.17218725391875156,0.0,0.18776818319808417,0.0,0.0,0.029442564731902245,0.0,0.0,0.0,0.0,0.0,0.0,0.08341587270582397,0.0,0.0,0.29727616966654014,0.0,0.0,0.0,0.0,0.9794075898592194
gex_possorted_bam_SJSO3:ACGTCCTTCCACCTGTx-M1,0.08504362644569873,0.0,0.0,0.0,0.3838377324875205,0.5914107223872918,0.0,0.0,0.0,0.0,1.0,0.0,0.0,0.0,0.0,0.0,1.0,1.0,0.0,0.9697329953961982,0.7621562514349493,0.8843571651211571,0.1706673703394045,0.7190629216683374,0.0,0.0,0.3616591330401847,0.0,0.0,0.04680267673137553,0.0,0.16323247716503328,0.16270018606848946,0.0,0.17436223169060505,0.014607986927475456,0.0,0.11169661842657048,0.0003746163644107919,0.0,0.0,0.0,0.0,0.0,0.16540772426045214,0.0,0.0,0.3748066359436838,0.0,0.0,0.0,0.05917299846668205,0.8774807316772875
gex_possorted_bam_SJSO3:ACGTCCTTCATCCTATx-M1,0.0,0.0,0.0,0.0,0.0,0.0,0.050914487328654404,0.0,0.5946761077100831,0.0,0.9432892215084098,0.0433477702685684,0.0,0.7472739716236455,0.0,0.8404119937190746,0.8878415155328176,0.323246427410113,0.2773241804063434,0.0,0.0,0.0,0.0,0.0,0.5116651238839338,0.0,1.0,0.0,0.0,0.0,0.0,0.002169347190670349,0.0,0.0,1.0,0.0,1.0,0.0,0.0,0.7613819626507609,0.0,1.0,0.3691683791575732,0.0,0.0,0.0,0.42077869078529573,1.0,0.0,0.0,0.031233384875540775,0.0,0.0
gex_possorted_bam_SJSO3:ACGACAAAGCTTGCTCx-M1,0.0,0.05102071044468619,0.22470140430234942,0.0,0.0,0.0,0.0,0.0,0.0,0.0,1.0,0.0,0.6624215908336278,1.0,0.0,1.0,0.5357715007122991,0.30085326068092944,0.8166120189940854,0.0,0.0,0.0,0.0,0.0,1.0,0.0,1.0,0.0,1.0,0.036868775002569174,0.0,0.35269978123220247,0.0,0.14146301673255743,1.0,0.0,0.8420344014427804,0.0,0.0,1.0,0.31646840253354697,0.0,0.28343380605060936,0.0,0.0,0.0,0.7511247483034591,0.4691146789231168,0.0,0.0,0.6261837079476845,0.0,0.0
gex_possorted_bam_SJSO3:ACGTCCTTCCCAGTAGx-M1,0.16542779172663577,0.0,0.026530630129431413,0.05177084217249212,0.525718510373076,0.5427544867446569,0.0,0.026908830657870916,0.0,0.03812841138241828,0.9137696556728451,0.0,0.0,0.0,0.1648846503544998,0.0,0.8309132415370041,1.0,0.0,1.0,0.8051757536729787,0.9126099900688525,0.2830695691572631,0.8259850774913199,0.0,0.0,0.32333481723347696,0.0,0.0,0.1251320016304085,0.266087370368244,0.09011719815913688,0.2703088748376133,0.0,0.1773396461319509,0.15108571383272745,0.0,0.10768594719144715,0.12075476206232022,0.06832431780484731,0.0,0.0,0.0,0.0,0.19734502862968592,0.12730244830482676,0.0,0.028004970359182115,0.03399003465372218,0.1280045849412938,0.0,0.07851250182016757,1.0
gex_possorted_bam_SJSO3:ACGCCTTTCCCTTGCGx-M1,0.0,0.13222535418541306,1.0,0.016387060309361073,0.0,0.0,1.0,0.0,1.0,0.0,1.0,0.7357459244142176,0.5041863857354596,1.0,0.0,1.0,1.0,0.03226940521584726,0.7511999454379482,0.0,0.0,0.0,0.0,0.0,1.0,0.14174639054726576,1.0,0.6960077606747728,0.20717799348094865,0.11057256268986553,1.0,0.0,0.0,0.020856810492087832,1.0,0.0,1.0,0.0,0.0,1.0,0.0,1.0,1.0,1.0,0.0,0.0,1.0,1.0,0.12888357940682857,0.0,0.32310190508403697,0.035745645092621015,0.0
gex_possorted_bam_SJSO3:ACGAAGTCAATGAATGx-M1,0.0,0.5342685386575188,0.7513829642316442,0.012244909664960911,0.11438372313118486,0.13538064923262172,0.7306135226842807,0.15459084160444506,0.0,0.41957259154991255,0.011317266172943076,0.3295887331276643,0.0,0.0,0.39965749902499226,0.1735800804829845,0.5971000217163596,0.0,0.0,1.0,0.49321981409732196,0.46898759102486376,0.08952000964830262,0.6328247391157549,0.0,0.0,0.25172942412343635,0.17861907366074428,0.0,0.035414653152420636,1.0,0.0,0.17258290596449155,0.0955423365642134,0.48207987351416404,0.15824408543341295,0.08536455653688095,0.0,0.2553718769582581,0.7114709718708936,0.1073588815875868,0.442175715036885,0.0,0.10323210713741406,0.08936000081696589,0.025853918961020312,0.0,0.0,0.13535816677146495,0.17186974395350918,0.0,0.0,0.7553033074918529
gex_possorted_bam_SJSO3:ACGAAGTCAATCCTGAx-M1,0.0,0.30785895533846713,1.0,0.09498577320610815,0.0,0.0,1.0,0.0,1.0,0.0715570372372392,1.0,0.5331730579390883,0.95130410251683,1.0,0.0,1.0,1.0,0.372924601463197,1.0,0.0,0.0,0.0,0.0,0.0,1.0,0.23783528396858328,1.0,0.36557013589735143,0.3770921750421969,0.15634492186895083,1.0,0.0,0.0,0.07525705107931906,1.0,0.0,1.0,0.0,0.0,1.0,0.0,1.0,1.0,1.0,0.0,0.03581730157379439,1.0,1.0,0.250747869136785,0.02450258292675729,0.5107231759935635,0.1748163279029857,0.0
gex_possorted_bam_SJSO3:ACGCCTAAGCGGGCAAx-M1,0.0,1.0,1.0,0.12042373181746996,0.0,0.0,1.0,0.3768539026128444,0.20773419006987975,1.0,0.0,1.0,0.0,0.0,0.7851240529977489,0.3698029607028877,0.0,0.0,0.0,1.0,0.2767439888938978,0.2494563266068841,0.13109088266874666,0.5547816761929434,0.0,0.0,0.02163760162446135,0.3881775809143147,0.43943907176291014,0.037264479334415394,1.0,0.0,0.17810514578791387,0.4917135837461818,0.6277757756193921,0.45399367651724204,0.628487087685461,0.08914403006203388,0.4711171560754575,1.0,0.36612020281756685,0.7965244337925854,0.0,0.44858485739001147,0.060671708533760575,0.22887314668711736,0.0,0.0,0.3826565346967101,0.42160017472655337,0.10075545498786462,0.06721567999200667,0.7785576220997228
gex_possorted_bam_SJSO3:ACGACTTAGGCTGTCAx-M1,0.49366493370351616,0.7989417183270837,1.0,0.38769898445718737,0.8796845688283018,1.0,0.0,0.45154555377579464,0.17698466577576483,0.8527212268729525,1.0,0.0,0.2519173776427253,0.05507390280825947,0.6613529670465147,0.15302160929004294,1.0,1.0,0.26395256759606983,1.0,1.0,1.0,0.5965237776382094,1.0,0.029912697313694406,0.30445388605830354,0.0,0.43319032927586265,0.5509047300500848,0.5075884671460442,1.0,0.49084252292473635,0.6019735432433467,0.35402426345761556,0.1908648876121087,0.6172548951824097,0.12933775641379894,0.503297120808188,0.6428071669304035,0.255857525047601,0.42197310792673803,0.014800157478944326,0.19189292029867813,0.8868200109804706,0.6376217920920572,0.5516877248003359,0.2435216433276423,0.0,0.48857148391632144,0.7617445078227293,0.10210303405063394,0.48038084564859335,1.0
gex_possorted_bam_SJSO3:ACGTCAAGTCACAGCGx-M1,0.12330204928870045,0.0,0.0,0.0,0.308334998339703,0.49800158348680185,0.0,0.0,0.0,0.0,1.0,0.0,0.0,0.0,0.00935171050151557,0.0,1.0,1.0,0.0,1.0,0.7635508608870916,0.8248610642439772,0.20736274247622763,0.7726983366206374,0.0,0.0,0.36843709764374627,0.0,0.0,0.05406646499724084,0.0,0.21405662620565816,0.1913083223266291,0.0,0.1939426758537753,0.05120738791368753,0.0,0.12177819362334741,0.017826385840719126,0.0,0.0,0.0,0.0,0.0,0.19892948098673205,0.03194757349829261,0.0,0.2618958548903146,0.0,0.0,0.0,0.0509594435520109,0.886139119791127
gex_possorted_bam_SJSO3:ACGTACCCAACATAAGx-M1,0.0,0.0002560495786592979,1.0,0.0501421240060847,0.0,0.0,1.0,0.0,1.0,0.0,0.6772338327200051,1.0,0.6578237779152452,1.0,0.0,1.0,0.7021471779860725,0.0,0.5321572713912386,0.0,0.0,0.0,0.0,0.0,1.0,0.18940701202087262,1.0,0.2636185251049591,0.22256118390068833,0.008160676141369718,0.7491229263575583,0.0,0.0,0.07304105529793695,1.0,0.0,1.0,0.0,0.0,1.0,0.0,1.0,1.0,1.0,0.0,0.0,1.0,1.0,0.15387537674921992,0.0,0.474286319278056,0.07305721343467152,0.0
gex_possorted_bam_SJSO3:ACGGTACGTTGGTTAGx-M1,0.13244328358951551,0.0,0.0,0.0,0.40960215556469515,0.6768800975227275,0.0,0.0,0.0,0.0,1.0,0.0,0.0,0.0,0.0,0.0,1.0,1.0,0.0,1.0,0.9356668426967488,0.9486739903984162,0.21699693743751167,0.8761880218357433,0.0,0.0,0.42207471742277675,0.0,0.0,0.12482278987849563,0.0,0.2809096228713951,0.24052642924930778,0.0,0.18088470616386992,0.026726718013411276,0.0,0.10165110168230133,0.020402643486183064,0.0,0.0,0.0,0.0,0.0,0.23566955603859338,0.027626238233070803,0.0,0.33066061829207966,0.0,0.0,0.0,0.027715435619995964,0.9520840643573669
gex_possorted_bam_SJSO3:ACGTACCCATCAGTATx-M1,0.0,0.0,0.0,0.0,0.0,0.004036681594860725,0.0,0.048908862225016586,0.0,0.0,0.4302401864169419,0.0,0.0,0.0,0.14378571403169577,0.006666851353255694,0.7299079195929773,0.4809233930043735,0.0,1.0,0.33064579607915534,0.45167810984092555,0.08021528879467729,0.5504044657167814,0.0,0.0,0.3074336852656725,0.0,0.0,0.0,0.0,0.0,0.08159830462781516,0.02193643675519592,0.3231608093926514,0.04326712639239261,0.0,0.0,0.08209037377689654,0.2651662206762726,0.0,0.3200457073033507,0.0,0.0,0.0,0.0,0.0,0.18994739419062917,0.0,0.0,0.0,0.0,0.39660436611982036
gex_possorted_bam_SJSO3:ACGTCCAAGTTGTCTTx-M1,0.0,0.0,0.0,0.07806515817896177,0.0,0.0,0.7273488069335484,0.030510106679880144,1.0,0.0,1.0,0.18306702228798602,0.4159751438227599,1.0,0.0,1.0,1.0,1.0,1.0,0.0,0.0,0.0,0.0,0.0,1.0,0.2170160106131377,1.0,0.0,0.03645967501232861,0.0,0.0,0.0,0.0,0.0,1.0,0.0,1.0,0.04691938258979008,0.0,1.0,0.0,1.0,1.0,0.5049291577468221,0.0,0.0,1.0,1.0,0.0,0.0,0.7148460321189665,0.0,0.0
gex_possorted_bam_SJSO3:ACGTCCAAGCGGATTTx-M1,0.0,0.0,0.0,0.0,0.0,0.0,0.2705880890129709,0.0,0.8175371729275009,0.0,1.0,0.3048043967516452,0.0047308704474507916,1.0,0.0,1.0,0.9232519997920637,0.2776026830351,0.5208912267168462,0.0,0.0,0.0,0.0,0.0,0.8385275402954052,0.0,1.0,0.0,0.16086093173574145,0.0,0.0,0.0,0.0,0.0,1.0,0.0,1.0,0.0,0.0,0.9566094489785054,0.0,1.0,0.7006459411629181,0.20450700608266018,0.0,0.0,0.7624736250970493,1.0,0.0,0.0,0.22154660843831314,0.0,0.0
gex_possorted_bam_SJSO3:ACGCACGGTTCTTTAGx-M1,0.0,0.9367651640372432,1.0,0.12878779767511953,0.21065147391405922,0.4989878990577189,1.0,0.36116878270995406,0.17422677026633693,0.9931694291315776,0.0,0.519788552102645,0.011285920922782765,0.0,0.6212648476794814,0.4772626210020127,0.48118406008328113,0.0,0.0,1.0,0.4595298400951327,0.49432732312165123,0.18516609866698547,0.5347057213623884,0.0,0.0,0.17950105590443655,0.4269976972971422,0.29528737866309757,0.061889044540233897,1.0,0.0,0.23478046841738753,0.35935843479476454,0.5699994932159131,0.40771185633441165,0.48101499631986316,0.02342772212814516,0.4121362749574468,1.0,0.3816158261670864,0.45964648825613535,0.0,1.0,0.19627856156544035,0.2521127901586953,0.0,0.0,0.40038561915255266,0.5429874591332748,0.09741432532045682,0.07987673129514737,1.0
gex_possorted_bam_SJSO3:ACGCTTGAGGTAAGGCx-M1,0.0,0.3384847693254219,1.0,0.12030624395670071,0.0,0.0,1.0,0.0,1.0,0.18407118273124057,1.0,0.8698647673247755,1.0,1.0,0.0,1.0,1.0,0.41977052031815365,1.0,0.0,0.0,0.0,0.0,0.0,1.0,0.2946810172586039,1.0,0.6764552476817385,0.258836762829923,0.2819051256194311,1.0,0.0,0.0,0.1260746242695721,1.0,0.0,1.0,0.0,0.0,1.0,0.0,1.0,1.0,1.0,0.0,0.03851084877897548,1.0,1.0,0.335108464874634,0.0,0.6201769012668815,0.22069286221240184,0.0
gex_possorted_bam_SJSO3:ACGACTTAGGTGCTGCx-M1,0.007146813697151393,0.0,0.9118091704044092,0.015372656069916118,0.7717960872337568,0.7946216647594566,1.0,0.4511747929138521,0.38455644712182147,0.0,1.0,0.0,0.08607241003510889,0.11452314643055637,0.0,0.0,1.0,1.0,0.12714537065723727,1.0,0.8421175686596519,0.7871237142747737,0.13185526735904005,0.39349906984284905,0.07520586909944739,0.020622499973488126,0.8947782504336613,0.0,0.0,0.0,0.0,0.6341339205245627,0.1905427691796945,0.0,0.4568716341289254,0.01993018681302258,0.0,0.0,0.15686250728787404,0.2200476103991527,0.9975683726350195,0.0,0.0,1.0,0.06711451024125323,0.05106948166941464,0.6206193844243926,0.51244525731876,0.015182691062628194,0.0562810212888376,0.0,0.0,1.0
gex_possorted_bam_SJSO3:ACGACAAAGCAAACCTx-M1,0.14062973410978838,0.0,0.0,0.03227114410920508,0.5241990775976744,0.6614504482368746,0.0,0.0,0.0,0.0,1.0,0.0,0.0,0.0,0.06180776995268986,0.0,1.0,1.0,0.0,1.0,0.8414895923313805,0.9698135133798507,0.2443411873337671,0.770720355621821,0.0,0.0,0.3607002398555361,0.0,0.0,0.15413043773742086,0.0,0.2596833917735408,0.24024716960037873,0.0,0.1747544136291724,0.05796981044070501,0.0,0.08311852072048082,0.03104172803505224,0.0,0.0,0.0,0.0,0.0,0.21666336690018362,0.036187024855999846,0.0,0.2664566906425335,0.0,0.08187907140025628,0.0,0.044048171494790844,1.0
gex_possorted_bam_SJSO3:ACGCCTAAGACAAAGTx-M1,0.0,0.0,0.061609414464430134,0.0,0.046568653347611254,0.0,0.0,0.0,0.0,0.0,0.47685663571870734,0.0,0.0,0.0,0.027245100956278148,0.0,0.5398365783073013,0.1271175716679678,0.0,1.0,0.4051322172331535,0.5026350299631323,0.050361601357775024,0.5040280453211999,0.0,0.0,0.4463102526543166,0.0,0.014164313510105418,0.0,0.33871700452876646,0.0,0.06695984152441646,0.0,0.4142696957539416,0.015779639195660663,0.06856052892807221,0.0,0.0,0.38627862165808385,0.0,0.0,0.0,0.0,0.004341819010939784,0.0,0.0,0.2708993734291786,0.0,0.0,0.0,0.0,0.6940394468417918
gex_possorted_bam_SJSO3:ACGACTTAGCATGTTAx-M1,0.08891518452707331,0.07165451315753744,0.46292314600028023,0.031221293724163247,0.3899818203267936,0.7200158639080743,0.0,0.07958054070291007,0.0,0.20213688620860748,0.9150353722890042,0.0,0.0,0.0,0.18186009438312534,0.0,0.868215600411263,1.0,0.0,1.0,0.7306063855091149,0.8398905390440013,0.22980666351976126,0.8214349647729978,0.0,0.0,0.30886521580646564,0.0,0.0,0.14981208155515863,1.0,0.05448124248154271,0.22079767131950637,0.043420875016147345,0.23272515161082663,0.16696224782624333,0.0,0.04016414419643875,0.12265190255733252,0.457727103090481,0.0,0.0,0.0,0.3923367728439897,0.19086329664648968,0.1551538333099699,0.0,0.0681227595711592,0.11196071919607295,0.19688612139936576,0.0,0.08414029310943329,1.0
gex_possorted_bam_SJSO3:ACGACAAAGAATCGCTx-M1,0.0701363196002617,0.0,0.0,0.0,0.24748859688829483,0.2833114252139064,0.0,0.0,0.0,0.0,1.0,0.0,0.0,0.0,0.0,0.0,1.0,1.0,0.0,0.8459213732142856,0.6072175584718158,0.7786058958896676,0.17006550722782166,0.7091664730318844,0.0,0.0,0.43487717600962916,0.0,0.0,0.0,0.0,0.14021598867666138,0.1320841639319822,0.0,0.1916287801356952,0.0,0.0,0.04276048583402559,0.0,0.0,0.0,0.0,0.0,0.0,0.027664364107635023,0.0,0.0,0.38267667369947705,0.0,0.0,0.0,0.0,0.7757119133849346
gex_possorted_bam_SJSO3:ACGCTTGAGGTGCTGCx-M1,0.3278727227365615,0.0,0.0,0.1354115222315003,0.48535593372373176,1.0,0.0,0.12897422405978898,0.0,0.04565017925712417,1.0,0.0,0.0,0.0,0.17082868194356693,0.0,1.0,1.0,0.3874301315068354,0.7239304459631866,0.9432247160265634,1.0,0.36831731655062105,0.8972518565475057,0.0,0.046507904507200326,0.23065490178464063,0.015122172458169008,0.05489736503828348,0.2341279450567737,0.03337489263046003,0.33210552061177645,0.3236358958825898,0.06194871337703809,0.2335085574250504,0.25516431434944387,0.0,0.2913547090308747,0.18709042192454306,0.0,0.0,0.0,0.0,0.0,0.36553523132547655,0.1991519608486268,0.0,0.20010487335992974,0.05651571936783768,0.10010080709553788,0.0,0.27439176769714585,0.910017485439495
gex_possorted_bam_SJSO3:ACGCTTGAGCCTTAAAx-M1,0.0,0.16123719132547412,0.8960526540223622,0.03553867722288685,0.0,0.0,1.0,0.0,1.0,0.0,1.0,0.7830554989173052,0.6227494168549609,1.0,0.0,1.0,1.0,1.0,1.0,0.0,0.0,0.0,0.0,0.0,1.0,0.14660144931913804,1.0,0.20756615588082447,0.2556429500886194,0.06460304901636975,0.634904282925248,0.0,0.0,0.0,1.0,0.0,1.0,0.0,0.0,1.0,0.0,1.0,1.0,1.0,0.0,0.0,1.0,1.0,0.07609401316191318,0.0,0.3434509580088193,0.09753084041559576,0.0
gex_possorted_bam_SJSO3:ACGGTTTAGCATGTCGx-M1,0.0,0.0,0.0,0.0,0.0,0.0,0.4929364119917279,0.10767781161302423,1.0,0.0,0.8998142398898622,0.33373848636644154,0.0,1.0,0.0,1.0,1.0,0.8852317867638195,0.9298203865832617,0.0,0.0,0.0,0.0,0.0,1.0,0.04494004765660857,1.0,0.0,0.18651195403985257,0.0,0.0,0.0,0.0,0.0,1.0,0.0,1.0,0.0,0.0,0.7237555373792537,0.0,1.0,0.46108212031060264,0.0,0.0,0.0,0.8674486412647925,1.0,0.0,0.0,0.4698321051795205,0.0,0.0
gex_possorted_bam_SJSO3:ACGATTCAGCGCATTGx-M1,0.0,0.3501211878935819,1.0,0.0,0.0,0.0,1.0,0.005870550669470815,0.4778324303164069,0.203132191403809,0.5366275290790304,0.854872404592427,0.08498853684249916,0.4359123959374169,0.07345855001819618,1.0,0.871282011863668,0.0,0.0,0.07611206234540205,0.0,0.0,0.0,0.0,0.5017896836190083,0.0,1.0,0.17216433058251465,0.018303793271493105,0.0,1.0,0.0,0.0,0.06299457967484007,1.0,0.0,1.0,0.0,0.0,1.0,0.07480091376100358,1.0,0.4772277648494383,1.0,0.0,0.0033762352211231077,0.36751330283570494,1.0,0.1281452946289645,0.0,0.1643581979548089,0.005329204080276027,0.0
gex_possorted_bam_SJSO3:ACGTCAAGTGATCAGCx-M1,0.003777702299465544,0.0,0.3773458155965035,0.04831091167701301,0.0,0.0,0.0,0.0,0.1377332665188858,0.0,1.0,0.0,0.0,0.0,0.0,0.1503113857088533,0.8741226837629297,0.8028766385534027,0.05605993273912242,0.04233991474169218,0.12703449518112894,0.23855651758171875,0.026967534443628958,0.2070876821194879,0.0,0.0,0.8631347117025356,0.0,0.1040638603064977,0.0,0.0,0.08972632791598589,0.00429890971181392,0.004631062154568749,0.6383742240287542,0.0,0.3936294910959975,0.1526812543036046,0.0,0.3065576341767775,0.0,0.3835291063704566,0.0,0.0,0.0,0.0,0.06162490334807942,1.0,0.0,0.0,0.0,0.0,0.2276391114539857
gex_possorted_bam_SJSO3:ACGACTTAGGCCTAATx-M1,0.043592094545600465,0.0,0.052243435913738936,0.0,0.5291418176734096,0.2822083087157881,0.0,0.0,0.0,0.0,1.0,0.0,0.0,0.0,0.0,0.0,0.9975861716851426,1.0,0.0,1.0,0.6592288461075109,0.8148669743412407,0.18642663992563785,0.6147606481441511,0.0,0.0,0.4037355034400441,0.0,0.0,0.0016410604402673555,0.0,0.3025087125046564,0.17208105963059014,0.0,0.18542601348386484,0.0,0.0,0.0716873481665551,0.0,0.0,0.0,0.0,0.0,0.0,0.14785650485601348,0.0,0.0,0.21698297197970792,0.0,0.007538749646942358,0.0,0.0,1.0
gex_possorted_bam_SJSO3:ACGCCTAAGCGCTCAAx-M1,0.0,0.5394878067430203,0.22251587391015606,0.0,0.0,0.0,0.7268894029717878,0.08188203454593437,0.0,0.19104136637918212,0.027117486065200334,0.7148227130766271,0.0,0.0015162790060084415,0.4133196534306642,0.2894071135573235,0.8482113341998453,0.024006183147142993,0.0,1.0,0.24849510992606444,0.20252765608258963,0.0,0.5476135482150706,0.0,0.0,0.19553298884461465,0.0,0.0,0.0,0.5901499807206222,0.0,0.045806814372238464,0.13515529528183817,0.5166156039633227,0.0600879005547307,0.11711993142650469,0.0,0.21436895738072348,0.5943292053869865,0.16081136737106452,0.9247275353706039,0.0,0.0,0.0,0.0,0.0,0.13791912964345585,0.0,0.0,0.0,0.0,0.0
gex_possorted_bam_SJSO3:ACGACTTAGCTTACTTx-M1,0.0,0.0,1.0,0.002132403598836417,0.0,0.0,1.0,0.0,1.0,0.0,0.7593275419901164,0.966464420518039,0.43106842751290053,1.0,0.0,1.0,0.8483053400464879,0.0,0.4418880155318009,0.0,0.0,0.0,0.0,0.0,1.0,0.1051144104995843,1.0,0.26434372501279146,0.0,0.0,1.0,0.0,0.0,0.01331040441094464,1.0,0.0,1.0,0.0,0.0,1.0,0.02032610383667668,1.0,1.0,1.0,0.0,0.0,1.0,1.0,0.10021972657912619,0.0,0.35785961925601145,0.039939263133978976,0.0
gex_possorted_bam_SJSO3:ACTAACTCAAGGTACGx-M1,0.0,0.0,0.5854478893254236,0.0,0.0,0.0,1.0,0.0,1.0,0.0,1.0,0.49242130824227315,0.2590193123696948,1.0,0.0,1.0,1.0,0.5818552902813012,0.8390730175390804,0.0,0.0,0.0,0.0,0.0,1.0,0.047633001085366646,1.0,0.12078874165722579,0.0,0.0,0.44744419544246666,0.0,0.0,0.0,1.0,0.0,1.0,0.0,0.0,1.0,0.0,1.0,1.0,1.0,0.0,0.0,1.0,1.0,0.0,0.0,0.17965911228059847,0.0,0.0
gex_possorted_bam_SJSO3:ACTAACTCATTAAGTCx-M1,0.0,0.5100010387638524,0.7646731266726067,0.0,0.0,0.06799513147622128,0.8457426401057279,0.1406862519033772,0.0,0.4571682908353235,0.0,0.5337327868040127,0.0,0.0,0.43331183297909037,0.1368408043793289,0.5940247753191348,0.0,0.0,1.0,0.4132656807140891,0.3557114756076211,0.08724777442306984,0.5103934905036749,0.0,0.0,0.3143894472987928,0.1610372943693258,0.0,0.0,1.0,0.0,0.1298861330214753,0.1537612589540153,0.5978487956630522,0.14711933545898428,0.2792901901584463,0.0,0.23312040020671235,0.7649755364810117,0.18096462376260342,0.5059701044785136,0.0,0.06263638305456937,0.05751216922523948,0.0067317390011585815,0.0,0.04125963259938892,0.07052235355177477,0.14848030432797515,0.0,0.0,0.6609402484846141
gex_possorted_bam_SJSO3:ACTCGCGCAAGACTCCx-M1,0.2630966583993722,0.45803903830272213,0.7197816251190252,0.25144424353521383,0.3723086761436848,0.8027896545564337,0.42236062325359786,0.37220068946126655,0.0,0.5653582965515508,0.5288571451256802,0.0,0.157473627004475,0.0,0.43913514378549595,0.41145651997532673,0.6034575144635678,0.5551207476924614,0.0,1.0,0.7879346443027281,0.7472171225654156,0.34880241840165394,0.8031278345190218,0.01972672796235762,0.1337164329639084,0.29736381770418346,0.3415747318057992,0.265170354916713,0.27966072882179815,1.0,0.1986352286265718,0.36612711409839677,0.287837028515329,0.34803207799963237,0.4199355341772874,0.2687318458636645,0.21014992082231335,0.3496842727422631,0.6654511921795658,0.17172902658233036,0.12162295282668842,0.1719729281383459,1.0,0.4059727405485721,0.3575339769935936,0.11093911310837759,0.08733180615199061,0.37277957205610607,0.4473177625335073,0.20328818613618418,0.286693874577067,1.0
gex_possorted_bam_SJSO3:ACTCACTGTCATTACCx-M1,0.0,0.287147284632204,1.0,0.10134122414660184,0.0,0.0,1.0,0.0,1.0,0.1261220596287952,1.0,0.9305610849479659,0.8501280055411518,1.0,0.0,1.0,1.0,0.0,1.0,0.0,0.0,0.0,0.0,0.0,1.0,0.2502099890128453,1.0,0.7254686737669761,0.44861088207413846,0.18459010322311653,1.0,0.0,0.0,0.1066733315228221,1.0,0.0,1.0,0.0,0.0,1.0,0.0,1.0,1.0,1.0,0.0,0.043860979920741776,1.0,1.0,0.2829929606424404,0.0,0.5688242078935452,0.1397774182573142,0.0
gex_possorted_bam_SJSO3:ACTCGCGCAAAGGCCAx-M1,0.0,0.03258247916496758,0.0,0.0,0.0,0.0,0.07435780279039977,0.025603387099657517,0.0,0.01095659006128392,0.05869204155538103,0.40207618406333945,0.0,0.0,0.1507395288904589,0.0,0.5947772403638734,0.030827526555419312,0.0,1.0,0.17574432375533094,0.25997722244332927,0.0,0.46980606242099104,0.0,0.0,0.4217184416400415,0.0,0.0,0.0,0.0,0.0,0.012028874410603494,0.037467339020990045,0.4101079150298765,0.0,0.0,0.0,0.08261578610573579,0.30735532805127513,0.10477941211596437,0.47000306661510316,0.0,0.0,0.0,0.0,0.0,0.10052647294190041,0.0,0.0,0.0,0.0,0.14647945379316932
gex_possorted_bam_SJSO3:ACTCGCGCAAGGACCAx-M1,0.0,0.0,0.0,0.0,0.0,0.0,0.0,0.0,0.0,0.0,0.2857364135232149,0.0,0.0,0.0,0.016216192123359546,0.0,0.4039297963256838,0.0,0.0,0.6947649855348228,0.20938069827439543,0.3329614092179548,0.03504083563510253,0.3871037340224201,0.0,0.0,0.4660186958486832,0.0,0.0,0.0,0.0,0.0,0.031040028669360963,0.0,0.47923390976030594,0.0,0.09971696916341907,0.0,0.0,0.37401556888963644,0.0,0.13798083191764052,0.0,0.0,0.0,0.0,0.0,0.3886057207930396,0.0,0.0,0.0,0.0,0.3465660213658226
gex_possorted_bam_SJSO3:ACTCACCTCATAGACCx-M1,0.0,0.0,0.32314405965644194,0.0,0.0,0.0,0.9423307094948156,0.0,1.0,0.0,1.0,0.5334464989483753,0.0847294802441305,1.0,0.0,1.0,1.0,0.002884604113562939,0.594025326532786,0.0,0.0,0.0,0.0,0.0,1.0,0.018585070950199463,1.0,0.0,0.18147909315418825,0.0,0.0,0.0,0.0,0.0,1.0,0.0,1.0,0.0,0.0,1.0,0.0,1.0,1.0,1.0,0.0,0.0,1.0,1.0,0.0,0.0,0.2629320479635155,0.0,0.0
gex_possorted_bam_SJSO3:ACTCACTGTAAGTCGCx-M1,0.0,0.0,0.06767853590832214,0.0,0.0,0.0,0.0,0.0,0.0,0.0,0.14069112596597116,0.0,0.0,0.0,0.15244027440097774,0.0,0.5225316574499878,0.0,0.0,1.0,0.30633072260574395,0.3372694540211991,0.041394671798360115,0.5089854487487722,0.0,0.0,0.41702983706619207,0.0,0.0,0.0,0.0,0.0,0.05498296954566583,0.0,0.39419542586151296,0.0,0.0,0.0,0.03838909727360434,0.2756554112740857,0.08867779611403392,0.3247638574762178,0.0,0.0,0.0,0.0,0.0,0.1566917979381014,0.0,0.0,0.0,0.0,0.1421447041822181
gex_possorted_bam_SJSO3:ACTCGCGCAATAGCAAx-M1,0.8582950306342148,0.7321379483844916,0.00495272845526338,0.7521012646969925,1.0,1.0,0.0731970415543341,0.6664280531165578,0.013802620635394332,1.0,1.0,0.0,0.6537933432273414,0.1010170594192585,0.8856690663515031,0.22875946414283868,0.8225506894035506,1.0,0.9364244450964058,1.0,1.0,1.0,0.896047179275045,1.0,0.4370936013332257,0.6227986281568282,0.0,0.7250044547331627,0.8390527661070715,0.9612402611130321,1.0,0.9043716955756234,0.8486293130700755,0.673156925039881,0.04597707815146073,0.9572510002592562,0.02434377754988933,0.7824961573742375,0.8552357266857427,0.12074228944663819,0.5524137919905855,0.03785025888213013,0.5036013643298148,0.628668141423907,1.0,0.8181792022838325,0.10018240352680448,0.0,0.7634985154164496,1.0,0.6070321318329669,0.9148934073446416,1.0
gex_possorted_bam_SJSO3:ACTAAAGCATAATCGTx-M1,0.0,0.15937580991331962,1.0,0.04022667702696634,0.0,0.0,1.0,0.0,1.0,0.0,1.0,0.7669630167162994,0.4720001971040492,1.0,0.0,1.0,1.0,0.377000324178889,0.8912490762009943,0.0,0.0,0.0,0.0,0.0,1.0,0.10863373305417832,1.0,0.39416884719636636,0.0,0.13333889228027837,1.0,0.0,0.0,0.0,1.0,0.0,1.0,0.0,0.0,1.0,0.0,1.0,1.0,1.0,0.0,0.0,1.0,1.0,0.09393215165892489,0.0,0.3544501731930455,0.059773913246998614,0.0
gex_possorted_bam_SJSO3:ACTCGCGCAGATTCATx-M1,0.06522076730522028,0.0,0.0,0.0,0.3661825904583347,0.34924503871200674,0.0,0.0,0.0,0.0,1.0,0.0,0.0,0.0,0.0,0.0,1.0,1.0,0.0,1.0,0.5201495336194255,0.7873596291420015,0.13206056500177107,0.6148468321165288,0.0,0.0,0.49782941087368143,0.0,0.0,0.0,0.0,0.1866562522155528,0.12151273680662326,0.0,0.20470069743914127,0.0,0.0,0.103161520624682,0.0,0.0,0.0,0.0,0.0,0.0,0.15471966476429383,0.0,0.0,0.25360086030167445,0.0,0.0,0.0,0.0,0.9668015424107945
gex_possorted_bam_SJSO3:ACTAGGCGTAATCACGx-M1,0.0,0.0,0.34043250251872104,0.0,0.0,0.0,0.7732651059754562,0.0,0.9553665543045098,0.0,1.0,0.2957696784979295,0.10612354444819816,1.0,0.0,1.0,1.0,0.44433070855503454,0.7036792379200215,0.0,0.0,0.0,0.0,0.0,1.0,0.03180843263534358,1.0,0.002768934367790576,0.0,0.0,0.0,0.0,0.0,0.0,1.0,0.0,1.0,0.0,0.0,1.0,0.0006163103577604464,1.0,1.0,1.0,0.0,0.0,1.0,1.0,0.0,0.0,0.20149243662669591,0.0,0.0
gex_possorted_bam_SJSO3:ACTCAGTAGTGTTGTAx-M1,0.0,0.16499471234304727,0.38794879759953294,0.0,0.0,0.0,0.0,0.0,0.0,0.0,1.0,0.0,0.805913949691932,1.0,0.0,1.0,0.5253737474210507,0.3778580490748534,0.96934966840988,0.0,0.0,0.0,0.0,0.0,1.0,0.0,1.0,0.0,1.0,0.10346573182670671,0.0,0.43902845135135665,0.0,0.18962621358156778,1.0,0.0,0.7189806762608518,0.0,0.0,1.0,0.3861321946396242,0.0,0.33768738964699224,0.0,0.0,0.0,0.8005235670491829,0.24059274391629829,0.0,0.0,0.75324555000402,0.0,0.0
gex_possorted_bam_SJSO3:ACTGAAACATGAGCAGx-M1,0.05264347131612431,0.1023431580539926,0.30914980637734374,0.004621969005460638,0.16648286893498532,0.14363359825510366,0.0,0.10311194230829879,0.0,0.2966635592976477,0.3286690785726566,0.0,0.0,0.0,0.21980702787988854,0.0,0.3810857122358373,0.03382948281783383,0.0,1.0,0.5681317562917618,0.6466606244063897,0.14740748157021663,0.7370654423682286,0.0,0.0,0.3386367873276349,0.0221422644480313,0.0,0.0691813314415472,0.9262624993781587,0.0,0.18508251383515054,0.04953535362111375,0.3437437438491917,0.1580545001865191,0.023430656723695993,0.050912335065040136,0.10562387681120725,0.5298391194806871,0.0,0.0,0.0,0.0,0.1791209467573433,0.12541280689348297,0.0,0.006954444169347905,0.11788172571667124,0.1574332108949634,0.031091793095929448,0.0415714474537403,1.0
gex_possorted_bam_SJSO3:ACTAACCAGGTTAGAGx-M1,0.12715053835608725,0.0,0.0,0.005857449780867607,0.35506810020619145,0.3326181770789936,0.0,0.0,0.0,0.0,0.9385219942878784,0.0,0.0,0.0,0.018947257116371474,0.0,0.7566015403223016,0.9985398058793372,0.0,1.0,0.8091361039730773,0.8108312576338612,0.2219581598140072,0.7108977467065949,0.0,0.0,0.3836263653334702,0.0,0.0,0.08673416115297491,0.0,0.011612672842422731,0.18693191131031162,0.0,0.2816082395520755,0.07028280277120635,0.0,0.0669525362744872,0.04906357291821078,0.0727820384371126,0.0,0.0,0.0,0.0,0.10035346350357482,0.07082556356644652,0.0,0.2684559701011139,0.0,0.05122296504722006,0.0,0.06530295596222732,0.9058175780412071
gex_possorted_bam_SJSO3:ACTCCTCAGGTCTTGGx-M1,0.0,0.5139131692968064,1.0,0.2008954620125806,0.0,0.027861128826956832,1.0,0.0,1.0,0.30578007993008954,1.0,0.96208060418007,1.0,1.0,0.0,1.0,1.0,0.5716115409054541,1.0,0.0,0.0,0.0,0.0,0.0,1.0,0.3441873518493747,1.0,0.8938853453142769,0.4006274443123781,0.4502693927732519,1.0,0.0,0.0,0.169605466805624,1.0,0.0,1.0,0.0,0.0,1.0,0.0,1.0,1.0,1.0,0.0,0.10263662362054972,1.0,1.0,0.4578491898913395,0.04652236010156429,0.7110915938428782,0.2536091914400574,0.0
gex_possorted_bam_SJSO3:ACTAACTCAGTGAACGx-M1,0.02902569466493551,0.0,0.0,0.0,0.17788205283653577,0.23747610502827038,0.0,0.0,0.0,0.0,0.9432999305007713,0.0,0.0,0.0,0.0,0.0,0.9645445426064817,1.0,0.0,1.0,0.5862748508570388,0.7049995933157738,0.11605293333082645,0.7453137936281944,0.0,0.0,0.4077543528160018,0.0,0.0,0.0,0.0,0.0,0.14248002298276305,0.0,0.1983845674363604,0.0,0.0,0.016940527102236997,0.0,0.0,0.0,0.0,0.0,0.0,0.07247373616817895,0.0,0.0,0.32941659884566116,0.0,0.0,0.0,0.0,0.7104087000860143
gex_possorted_bam_SJSO3:ACTCACCTCAATCATGx-M1,0.0,0.0,0.22656776145193958,0.001055657108165957,0.0,0.0,1.0,0.21453460428286425,1.0,0.0,0.6240084810428372,0.0,0.43556681963946003,1.0,0.0,1.0,0.7691183834502615,0.015191061553038388,0.4196176874125134,0.0,0.0,0.0,0.0,0.0,1.0,0.025735409360739512,1.0,0.0,0.47479284878413114,0.0,0.0,0.11976668877729038,0.0,0.031694667962399906,1.0,0.0,1.0,0.0,0.0,1.0,0.4214292285506793,1.0,0.5274542516805873,0.8787548002236533,0.0,0.0,1.0,1.0,0.0,0.0,0.2406123034351152,0.0,0.0
gex_possorted_bam_SJSO3:ACTGAAACATAAGTCTx-M1,0.0,0.0,0.4818176603742661,0.014172922195280746,0.0,0.14024411943498932,0.5800657230727791,0.0,0.5476374286617918,0.0,1.0,0.09063119302983694,0.0,0.6687507038943056,0.0,0.956077878137526,1.0,0.9013051682594236,0.4788878253419708,0.0,0.01883536194708866,0.0,0.0,0.0,0.5660315026023907,0.028266606182062254,1.0,0.13694776105037873,0.0,0.0,0.48520515507566186,0.0,0.0,0.10722959267629946,1.0,0.0,1.0,0.0,0.0,0.9833064856803457,0.07878164149344338,1.0,0.6113159202841121,1.0,0.0,0.0,0.4312118271391933,1.0,0.024554089879861383,0.0,0.0,0.03761779421326634,0.0
gex_possorted_bam_SJSO3:ACTAATCCAGCTTAGCx-M1,0.05513521602053208,0.0,0.0,0.00600065220907901,0.11179434456353918,0.18607339276811843,0.0,0.0017054497394702797,0.0,0.0,0.8556666726467845,0.0,0.0,0.0,0.041180184996615646,0.0,0.860938747087645,0.8316393609953808,0.0,0.8608150427127116,0.5161555223403476,0.589459714691705,0.13328448683697086,0.6063420060956323,0.0,0.0,0.4043692396876764,0.0,0.0,0.021507692806412407,0.007700317758017061,0.0,0.11542890961028295,0.0,0.37652638404726985,0.03220017504430439,0.0,0.03737954905126323,0.0169389419948688,0.16023997563391673,0.0,0.11858614452175492,0.0,0.0,0.10335431152214315,0.0,0.0,0.4196070897434934,0.0,0.0,0.0,0.0,0.5683677239655689
gex_possorted_bam_SJSO3:ACGTCCTTCTTGGACGx-M1,0.0,0.0,0.0,0.0,0.0,0.0,0.4626542431586044,0.0,1.0,0.0,1.0,0.2107458712375779,0.1058957473704294,1.0,0.0,1.0,1.0,0.5313828256205299,0.5765112792750483,0.0,0.0,0.0,0.0,0.0,0.9656999898312681,0.02302888277630468,1.0,0.0,0.0,0.0,0.0,0.0,0.0,0.0,1.0,0.0,1.0,0.0,0.0,1.0,0.0,1.0,0.6959418142221161,0.11576792765550431,0.0,0.0,0.7007891098492925,1.0,0.0,0.0,0.20982988867547372,0.0,0.0
gex_possorted_bam_SJSO3:ACTATCCGTTATCCTAx-M1,0.015312330624086101,0.0,0.0,0.0,0.22588211456510654,0.038612508406878465,0.0,0.0,0.0,0.0,0.8032351922768316,0.0,0.0,0.0,0.0,0.0,0.7693677535612381,0.8894872721537719,0.0,1.0,0.49843038886492713,0.6485635169222457,0.1208039968361276,0.6163384644002269,0.0,0.0,0.45148860040379774,0.0,0.0,0.0,0.0,0.06717895308412339,0.10906090736306921,0.0,0.2502000854232065,0.0,0.0,0.020241028667549767,0.0,0.0,0.0,0.0,0.0,0.0,0.004585681239094347,0.0,0.0,0.3094249857895132,0.0,0.0,0.0,0.0,0.7477002307787814
gex_possorted_bam_SJSO3:ACTCCTCAGGTACCGCx-M1,0.0,0.3698864549269907,0.25573935515176976,0.0,0.0,0.0,0.5543651871504337,0.07124450123397695,0.0,0.1907462003853771,0.017256310925424227,0.5257640189861704,0.0,0.0,0.35412663365667635,0.09636026873172684,0.7226172271596786,0.0,0.0,1.0,0.28966019751592104,0.2624031007438824,0.02974232548146904,0.5021681920755515,0.0,0.0,0.3085181038555986,0.0,0.0,0.0,0.6004736510109838,0.0,0.06761513842465976,0.09865044296641881,0.5623049334896153,0.05747145715765159,0.18850782810828953,0.0,0.18172727709294587,0.5531707430711502,0.15290758235790933,0.7011398367223954,0.0,0.0,0.0,0.0,0.0,0.13044267254409594,0.0,0.0,0.0,0.0,0.14487825014771383
gex_possorted_bam_SJSO3:ACTAATCCACATAACTx-M1,0.038036684483551596,0.0,0.6349776595250641,0.0,0.41802265216093026,0.42168445134448673,0.0,0.040093720278103255,0.0,0.04908204347904376,0.8312086283076218,0.0,0.0,0.0,0.07492700066264966,0.0,0.9441586085266179,0.9021426557611439,0.0,1.0,0.7262868195303472,0.8216894111177843,0.17008847218375436,0.6864701016051283,0.0,0.0,0.37951120663008714,0.0,0.0,0.0,0.5266518214687506,0.27009202010386824,0.2015697262288385,0.0,0.22836844296129072,0.05567623846959767,0.0,0.0,0.04859841837395155,0.23421736465902113,0.0,0.0,0.0,0.0,0.16415472177184356,0.04236629284626992,0.0,0.08021492791119327,0.0,0.09681853729155318,0.0,0.0,1.0
gex_possorted_bam_SJSO3:ACTAACTCAGGCTACTx-M1,0.0,0.43480767627310685,1.0,0.1006375214851978,0.0,0.0,1.0,0.0,1.0,0.06561037240832847,1.0,0.7132759670900528,0.8065426093178758,1.0,0.0,1.0,1.0,0.4285323796024421,1.0,0.0,0.0,0.0,0.0,0.0,1.0,0.19080980749569035,1.0,0.46657190181395136,0.30800216265037006,0.20314239098082162,1.0,0.0,0.0,0.12504287117147345,1.0,0.0,1.0,0.0,0.0,1.0,0.0,1.0,1.0,1.0,0.0,0.02618217936105084,1.0,1.0,0.24717434088426604,0.0,0.4896060792493122,0.15388386138842908,0.0
gex_possorted_bam_SJSO3:ACTATCCGTTAGCAGCx-M1,0.0,0.1441902727839145,0.6084910112017111,0.0,0.0,0.0,1.0,0.0,0.459320695788023,0.0,1.0,1.0,0.0,1.0,0.0,1.0,1.0,0.3406873125258035,0.5918958592700336,0.0,0.0,0.0,0.0,0.0,0.6623858254071167,0.0,1.0,0.05034424129642154,0.0,0.0,0.0,0.0,0.0,0.0,1.0,0.0,1.0,0.0,0.0,1.0,0.15903479826473335,1.0,0.6398725436625796,0.8706632965481369,0.0,0.0,0.46237151346586886,1.0,0.0,0.0,0.06078545671934082,0.0,0.0
gex_possorted_bam_SJSO3:ACTCGCGCAGGCAAGCx-M1,0.0,0.10403879622138935,0.9243456422347501,0.020962448783004944,0.0,0.0,1.0,0.0,1.0,0.0,1.0,0.2711533316358607,0.28754094981645684,1.0,0.0,1.0,1.0,0.3393738228629921,0.45488965380714946,0.0,0.0,0.0,0.0,0.0,1.0,0.07467560566110679,1.0,0.20402876939390402,0.02711524473747209,0.0,0.6046345626515462,0.030604827897450428,0.0,0.0,1.0,0.0,1.0,0.0,0.0,1.0,0.0,1.0,1.0,1.0,0.0,0.0,1.0,1.0,0.05644512511341454,0.0,0.18938649583442738,0.006216900864323517,0.006397980259661067
gex_possorted_bam_SJSO3:ACTATCCGTGGTTCTTx-M1,0.12136373443599169,1.0,1.0,0.2605790589757267,0.0,0.3295588109121964,1.0,0.5504727851938235,0.23099536752734312,1.0,0.0,1.0,0.06676225287922678,0.0,0.77830551824776,0.5642347997446231,0.012167242748736554,0.0,0.0,1.0,0.41259027136113763,0.4024205673216447,0.24449093788854853,0.7018921999707286,0.0,0.056643550317032706,0.0,0.5666304456387509,0.5579020261181074,0.19430373385944744,1.0,0.0,0.30572065299375534,0.5912633559185492,0.47748890288652984,0.6053748773380151,0.6017581390965658,0.19833592104474476,0.5636769916666879,1.0,0.4308328593971729,0.8393634060325421,0.0,0.8122397080147102,0.28830987581003675,0.3835024941667607,0.0,0.0,0.50750738615472,0.5511247721918658,0.3009924559190971,0.22737739360501727,0.8880808049770692
gex_possorted_bam_SJSO3:ACTCGCTTCTCACACCx-M1,0.12370261861222917,0.0,0.0,0.0,0.3904222039289659,0.6895138717658814,0.0,0.0,0.0,0.0,1.0,0.0,0.0,0.0,0.0,0.0,1.0,1.0,0.043927556380581025,0.9690692286339773,0.7920362164940663,0.9184222178703564,0.21751002133436165,0.804791180383238,0.0,0.0,0.33063065288548776,0.0,0.0,0.07424486932058166,0.0,0.149402768881334,0.191967281471398,0.0,0.19813627317869684,0.04330344251644134,0.0,0.12283244874771647,0.01820005278646573,0.0,0.0,0.0,0.0,0.0,0.14415219924999545,0.019878432128009296,0.0,0.23920707219226423,0.0,0.0,0.0,0.07167277798084593,0.9831228761437012
gex_possorted_bam_SJSO3:ACTAAAGCAGGTTACCx-M1,0.0989378622333158,0.21507118822733182,1.0,0.035502092504128384,1.0,1.0,0.0,0.06339467951730735,0.0,0.6931130370852745,1.0,0.0,0.052189461066271876,0.0,0.40556313829463136,0.0,1.0,1.0,0.0,1.0,0.9529183226070402,1.0,0.3313061613930825,0.8532726064830926,0.0,0.08304264961501157,0.22131880260490575,0.13506831414339504,0.0,0.289956989921674,1.0,0.5236931922789873,0.32996019786585024,0.03990058125901884,0.14419349904103523,0.2723179430322157,0.0,0.06699526975418138,0.2857831687798548,0.3682434494194885,0.14771404977047375,0.0,0.0,0.9841615616067971,0.34800326826898204,0.16450581205346923,0.30111731391361,0.0,0.283823470419134,0.6082333838505254,0.0,0.11349469182919046,1.0
gex_possorted_bam_SJSO3:ACTAACTCATGAAGTAx-M1,0.2269681558800971,0.0,0.0,0.1059133257958358,0.32358949427651523,0.6145101918106731,0.0,0.11836607705090875,0.0,0.048388240521658056,1.0,0.0,0.0,0.0,0.10900584767592517,0.0,0.9299819858406603,1.0,0.06651582407523307,0.9025513705443431,0.8033916273663726,0.7983630208210574,0.28243001092666375,0.9106402388906373,0.0,0.007278671613902318,0.3255044435210731,0.0,0.0,0.1480777885298094,0.05412136173619862,0.16747074298079417,0.270542588696218,0.08495039880588184,0.3100529936947377,0.18167804533234372,0.0,0.15152717093212031,0.15069053855597986,0.13035567496379682,0.0,0.0661893702556348,0.0,0.0,0.22174657914518892,0.15645020520072503,0.0,0.40865921974693364,0.0503700485947716,0.12489033541259216,0.007606931986847328,0.14901625111224387,0.9338416215645605
gex_possorted_bam_SJSO3:ACTTTGTTCAATCATGx-M1,0.03459293042770325,0.0,0.3845551821360425,0.0,0.6026065114392489,0.2816819406306677,0.0,0.0,0.0,0.0,0.9001876081472463,0.0,0.0,0.0,0.02561948735334874,0.0,0.9848600100371678,1.0,0.0,1.0,0.657285416345922,0.7750923152457839,0.1980524966670889,0.724780294115641,0.0,0.0,0.4833462609758041,0.0,0.0,0.04746312871462576,0.0,0.27719162719915763,0.2096866032806801,0.0,0.18808672797570591,0.0,0.0,0.02090411832833557,0.0,0.0,0.19082838458420756,0.0,0.0,0.0,0.1454770561551335,0.0,0.0,0.2124626889508955,0.0,0.14202896537566462,0.0,0.0,1.0
gex_possorted_bam_SJSO3:ACTTCGCTCGCACAATx-M1,0.0020118954626466854,0.0,0.559852850667151,0.0,0.742578058094112,0.439048676408246,0.0,0.05340038462353103,0.0,0.09071295296769469,1.0,0.0,0.0,0.0,0.03857354166691366,0.0,1.0,1.0,0.0,1.0,0.5677990649609514,0.7483545121610594,0.1669077914563658,0.5723806942921503,0.0,0.0,0.602162341295813,0.0,0.0,0.0,0.0,0.4518098504984558,0.16705737480233132,0.0,0.316344570550359,0.001134947850630215,0.0,0.0,0.05937076494255747,0.01962686733687374,0.4374357767324151,0.0,0.0,0.0,0.11385974286963904,0.0,0.0452916280066061,0.31531425471799923,0.0,0.20862793809249422,0.0,0.0,1.0
gex_possorted_bam_SJSO3:ACTTACTTCTCGACCTx-M1,0.0,0.0,0.2257072425829682,0.0,0.0,0.0,0.9894053365977242,0.0,1.0,0.0,1.0,0.2867433768967533,0.4078523672755541,1.0,0.0,1.0,1.0,1.0,1.0,0.0,0.0,0.0,0.0,0.0,1.0,0.07979536063991685,1.0,0.01092721403342085,0.1612175521481346,0.0,0.0,0.014661576346881143,0.0,0.0,1.0,0.0,1.0,0.0,0.0,1.0,0.0,1.0,1.0,1.0,0.0,0.0,1.0,1.0,0.0,0.0,0.3214464964381432,0.0,0.0
gex_possorted_bam_SJSO3:ACTTGTCGTCGTAATGx-M1,0.05758496411883018,0.0,1.0,0.038155934683709716,0.9936663451529608,1.0,0.7386870290583643,0.30260969426162054,0.1282214625153019,0.16819453071914342,1.0,0.0,0.07727487869437828,0.0,0.041977356110779844,0.0,1.0,1.0,0.042155418858957835,1.0,0.9216242816951277,0.9175125135535489,0.21276017084746238,0.5128028836383929,0.011104391847453177,0.06425110736147993,0.727623580658789,0.0,0.0,0.0,0.1240246909592411,0.7801254210933223,0.2622034058395152,0.0,0.3973130516958485,0.0811584528971432,0.0,0.023612383096185137,0.1917086569123003,0.262463562593474,0.8280706706103578,0.0,0.0,1.0,0.13243714001020207,0.07118636311836596,0.7182493232015114,0.34719560069983174,0.11733629391508299,0.2574276233156697,0.0,0.0,1.0
gex_possorted_bam_SJSO3:ACTTGAATCCAAGTTAx-M1,0.14993019475714972,0.0,0.12584065503815065,0.0,0.571651219101235,0.9890582260754074,0.0,0.0,0.0,0.0,1.0,0.0,0.0,0.0,0.059524651397669215,0.0,1.0,1.0,0.08145567127470488,1.0,0.9768304903709549,1.0,0.24866223352689254,0.8456833020667897,0.0,0.0,0.3280936078501555,0.0,0.0,0.09870795471728161,0.15224141521631113,0.22612234320923444,0.2770914327221473,0.0,0.1324062950839898,0.07158896711454463,0.0,0.07904546791899551,0.07643321216535871,0.0,0.0,0.0,0.0,0.0,0.2788016327337902,0.03991309748320872,0.0,0.24682951384464416,0.0,0.07566239303456908,0.0,0.0722133004496988,1.0
gex_possorted_bam_SJSO3:AGAAAGGCATAATTGCx-M1,0.004709578840311582,0.0,0.0,0.0,0.03796916496084271,0.0,0.0,0.0,0.0,0.0,0.9917708600700754,0.0,0.0,0.05383714546423221,0.0,0.0,0.8962861331100147,0.9918590110313686,0.0,0.46705152186887744,0.43689176163024507,0.4681710905765866,0.07603650906166515,0.5002944711107478,0.0,0.0,0.5768988341331462,0.0,0.0,0.0,0.0,0.0,0.04122367919517219,0.0,0.4524931663110446,0.0,0.0,0.0,0.0,0.4963389966673381,0.0,0.0,0.0,0.0,0.0,0.0,0.0,0.6433934013776876,0.0,0.0,0.0,0.0,0.6126117599906771
gex_possorted_bam_SJSO3:ACTTATGAGTCACTAAx-M1,0.1003503216623355,0.23070412837742207,1.0,0.09215528032637953,1.0,1.0,0.0,0.045288267021749,0.0,0.7666565603749825,1.0,0.0,0.16218001094943943,0.0,0.47455970070520626,0.10606568122117911,1.0,1.0,0.0,1.0,0.8516693396143498,1.0,0.3226538247231208,0.7058799196455606,0.0,0.10010448005431567,0.32268478336541806,0.19098901209791852,0.0,0.3149378347896666,1.0,0.3645083169453576,0.3175008656824053,0.08934593437257872,0.2631425350065851,0.28829738388043225,0.03749816302503477,0.04053756872397876,0.2759514234020951,0.5573148101732982,0.05691798388857615,0.0,0.003946336336259599,1.0,0.42847149657035594,0.20997437707126904,0.2612311284687436,0.0,0.315849899799905,0.6933577927863667,0.0,0.2028097937807882,1.0
gex_possorted_bam_SJSO3:ACTGAATGTCAGTAATx-M1,0.03481743270092608,0.0,0.0,0.0,0.13080372017251227,0.010844527646439138,0.0,0.0,0.0,0.0,0.8461389176701377,0.0,0.0,0.0,0.0,0.0,0.7647571334165526,1.0,0.0,0.6680375197343816,0.48642436036771225,0.6025568994173401,0.1167169121394407,0.5994904883517542,0.0,0.0,0.4619254667040623,0.0,0.0,0.0,0.0,0.004162507971828153,0.10540950192892891,0.0,0.25785206705129937,0.0,0.0,0.04738705584005969,0.0,0.0,0.0,0.0,0.0,0.0,0.0,0.0,0.0,0.4245406324615609,0.0,0.0,0.0,0.0,0.5708264643365897
gex_possorted_bam_SJSO3:ACTTGCACAGCGCTTGx-M1,0.0,0.1846329133977033,0.0,0.0,0.0,0.0,0.2504961614526945,0.03988618777338807,0.0,0.07158966416535467,0.0,0.42658593001306655,0.0,0.0,0.21217987086036585,0.03984414568777456,0.4609845845704438,0.0,0.0,1.0,0.048471233764060116,0.25615248412955216,0.0,0.46546044152846305,0.0,0.0,0.2489859065013247,0.0,0.0,0.0,0.18149856547663268,0.0,0.0,0.11552743168475894,0.33481107719503067,0.0,0.007741236325633005,0.0,0.13003678393331847,0.39181401966955803,0.07740501287206852,0.5110228153247187,0.0,0.0,0.0,0.0,0.0,0.0,0.0,0.0,0.0,0.0,0.0
gex_possorted_bam_SJSO3:ACTTGAATCATTTGTCx-M1,0.0,0.2626768144942651,0.0,0.0,0.0,0.0,0.3020738793210892,0.016750113450625315,0.0,0.0,0.24736844885487472,0.4504742858138952,0.0,0.0,0.11015763001388125,0.22024070777162832,0.6849161954719267,0.0,0.0,0.7097354359227726,0.09874152174714305,0.06323972335657604,0.0,0.3107013723592132,0.0,0.0,0.5169066951481287,0.0,0.0,0.0,0.18884109838700924,0.0,0.0,0.04141434295067834,0.7057309173706728,0.0,0.22478453221241554,0.0,0.04307847805998408,0.6241532474679994,0.08799554216121279,0.7789569489776127,0.0,0.0,0.0,0.0,0.0,0.5744346045502359,0.0,0.0,0.0,0.0,0.0
gex_possorted_bam_SJSO3:ACTTGCACACTTGTTCx-M1,0.0,0.0,0.0029898150341044257,0.0,0.048143981016430505,0.0,0.0,0.0,0.0,0.0,0.4175463965165433,0.0,0.0,0.0,0.08753934586164015,0.0,0.5760533146377712,0.32090238150839173,0.0,1.0,0.32412174835238156,0.4983059640695395,0.08067950864835778,0.5454820857842533,0.0,0.0,0.35727595770974646,0.0,0.0,0.0,0.07866654630620326,0.0,0.0701627030272789,0.0,0.33638736250603,0.0,0.010979224334022167,0.0,0.027529686993452984,0.1476442294516252,0.0,0.0,0.0,0.0,0.0,0.0,0.0,0.02204389068384172,0.0,0.0,0.0,0.0,0.642908398531456
gex_possorted_bam_SJSO3:AGAAAGGCACCCACCTx-M1,0.0,0.04218805310075303,1.0,0.023066510503122615,0.0805497163214078,0.0,1.0,0.0776258669165927,1.0,0.0,1.0,0.0,0.4277108358913426,1.0,0.0,1.0,1.0,0.9079991502387615,0.5761719881954739,0.0,0.0,0.0,0.0,0.0,1.0,0.12440753003347413,1.0,0.10253218401006878,0.1688746190182638,0.0,0.09224029611318883,0.23547422302770296,0.0,0.0,1.0,0.0,1.0,0.0,0.0,1.0,0.3485855817691282,1.0,0.9390736471417559,1.0,0.0,0.0,1.0,1.0,0.06060850091163891,0.048595691684860706,0.11960166634522594,0.0,0.26027957498807586
gex_possorted_bam_SJSO3:ACTTGAATCCTTGAGGx-M1,0.0,0.1747514639858644,0.2519355068894413,0.0,0.0,0.0,0.0,0.03568286702641691,0.0,0.08381851002759744,0.14197900664357263,0.23739269258267942,0.0,0.0,0.15153764834047154,0.015567267204446797,0.5591352644232609,0.0,0.0,1.0,0.27177060678906345,0.36675974554337354,0.021363252104166376,0.5074165114349606,0.0,0.0,0.28478867942161057,0.0,0.0,0.0,0.3333046109707184,0.0,0.032192303314913066,0.04608622167040481,0.377713022944336,0.04389194942555052,0.0,0.0,0.08306853760616931,0.475634189510614,0.01726853467402113,0.36755192887632077,0.0,0.0,0.0,0.0,0.0,0.05862076679864715,0.0,0.0,0.0,0.0,0.4949657017317082
gex_possorted_bam_SJSO3:ACTTATCTCGGGACTCx-M1,0.04140104780577777,0.0,0.0,0.0,0.26509436129350067,0.16682735308403196,0.0,0.0,0.0,0.0,0.982929241907345,0.0,0.0,0.0,0.0,0.0,0.9119014273742729,1.0,0.0,0.9298088831039365,0.5418590159891211,0.6871110817485926,0.1551688859772887,0.6912105382630083,0.0,0.0,0.45415904283053304,0.0,0.0,0.0,0.0,0.09054144439731833,0.118802855909027,0.0,0.19830056982765693,0.0,0.0,0.050077291381655335,0.0,0.0,0.0,0.0,0.0,0.0,0.01547711635348353,0.0,0.0,0.3198353123051417,0.0,0.0,0.0,0.0,0.7442576924761704
gex_possorted_bam_SJSO3:ACTTTGTTCGTGCTTCx-M1,0.0,0.3821266202732984,0.820005308392209,0.02234093864401095,0.0,0.0,1.0,0.0,0.9615750889054409,0.0,1.0,0.33578497825456205,0.8690523334092926,1.0,0.0,1.0,1.0,0.39041253114674845,1.0,0.0,0.0,0.0,0.0,0.0,1.0,0.09122944599577645,1.0,0.0,0.7828994354276081,0.17696791736369968,0.7865272910679377,0.05524922563009414,0.0,0.10169263811935025,1.0,0.0,1.0,0.0,0.0,1.0,0.0,1.0,1.0,1.0,0.0,0.0,1.0,1.0,0.11705597147183218,0.0,0.6417011550913824,0.08120074936805677,0.0
gex_possorted_bam_SJSO3:ACTTGCACACTGACCGx-M1,0.021149745631321087,0.0,0.10503871981766633,0.0,0.5787834397019461,0.32914264718790603,0.0,0.0,0.0,0.0,1.0,0.0,0.0,0.0,0.0,0.0,1.0,1.0,0.0,1.0,0.6309083805135076,0.7867045236660672,0.1712214222162421,0.6746919595661928,0.0,0.0,0.479948063931978,0.0,0.0,0.030588728486317784,0.0,0.22717779691283452,0.15331400099146722,0.0,0.1552612200324963,0.0,0.0,0.02290809011143889,0.0,0.0,0.10471988689279349,0.0,0.0,0.0,0.12358447532393597,0.0,0.0,0.23945374932816765,0.0,0.07529070452235159,0.0,0.0,1.0
gex_possorted_bam_SJSO3:ACTTACTTCTCATCATx-M1,0.06760154293427782,0.0,0.1857567719894146,0.0,0.4474498893391801,0.3458222472317179,0.0,0.0,0.0,0.0,0.915381409776783,0.0,0.0,0.0,0.0,0.0,0.9731264033175984,1.0,0.0,1.0,0.8215128478031871,0.8586453173892612,0.16308103881843128,0.6993552958598819,0.0,0.0,0.43553746191459064,0.0,0.0,0.0,0.02162335353510561,0.19321765838509083,0.22176013402792275,0.0,0.19851620082421728,0.0,0.0,0.02352299095469727,0.030394547712432017,0.05535110066037816,0.0,0.0,0.0,0.0,0.2328722754400084,0.0,0.0,0.1876637599282346,0.0,0.0,0.0,0.0,1.0
gex_possorted_bam_SJSO3:ACTTTGTTCTCCATGCx-M1,0.0,0.0,0.3440841200582098,0.0,0.4708797319144596,0.2176185181480129,0.0006964963623062363,0.17924026647825655,0.0,0.0,0.989374177428847,0.0,0.0,0.0,0.0,0.0,1.0,1.0,0.0,1.0,0.6849431430578597,0.630285169104952,0.12738849874771302,0.4277889265234775,0.0,0.0,0.7666191726049277,0.0,0.0,0.0,0.0,0.47990816775893735,0.1349567392323975,0.0,0.3389983468486334,0.0,0.0,0.004790602700689839,0.0028290454149024597,0.0,0.598386760945769,0.0,0.0,0.0,0.0900805452005367,0.0,0.0,0.4385288933369076,0.0,0.05986459199078593,0.0,0.0,1.0
gex_possorted_bam_SJSO3:ACTTATCTCACAAGCTx-M1,0.0,0.06413450416923844,0.6771860878187438,0.0,0.0,0.0,0.7726172070800019,0.018623325056448328,0.5512343448626821,0.0,0.6333640800854059,0.27546377423077345,0.0,0.6399569307788269,0.0,1.0,0.8844018771155461,0.0,0.01904848131990459,0.0,0.0,0.0,0.0,0.0,0.5549193986897412,0.0,1.0,0.08308423374391748,0.0,0.0,0.44637691074569524,0.0,0.0,0.05458538416930208,1.0,0.0,1.0,0.0,0.0,1.0,0.05268794036633401,1.0,0.5778048361289648,1.0,0.0,0.0,0.5376855250728217,1.0,0.003055138344204444,0.0,0.15500119723087105,0.0,0.0
gex_possorted_bam_SJSO3:ACTGAAACATTGACATx-M1,0.11154391360275065,0.0,0.0,0.0,0.3799039113382804,0.30394595871426733,0.0,0.0,0.0,0.0,1.0,0.0,0.0,0.0,0.014005640227458361,0.0,0.8966801942110106,1.0,0.0,0.9701214363182388,0.5647690418021822,0.8315840547607958,0.1980542360897029,0.7031659769901739,0.0,0.0,0.4239583939734537,0.0,0.0,0.0,0.0,0.3409363441531358,0.18285681983472646,0.0,0.18134428225808885,0.007218577199969497,0.0,0.045826208286976165,0.0,0.0,0.0,0.0,0.0,0.0,0.10462888896788079,0.02492923327114604,0.0,0.34998991833565046,0.0,0.0,0.0,0.02634150426683587,0.8100124221883311
gex_possorted_bam_SJSO3:ACTTATCTCATGAGCTx-M1,0.0,0.14719522704723528,0.0,0.0,0.0,0.0,0.17353143920494968,0.12576091773027998,0.0,0.12730820871077092,0.0,0.3058942959993617,0.0,0.0,0.18885286213686148,0.0,0.22661374078447472,0.0,0.0,1.0,0.25551053634357435,0.3206235411812579,0.04841802545802916,0.5991799835161927,0.0,0.0,0.31396390822018727,0.0,0.0,0.0,0.40154433443907456,0.0,0.0893205811338199,0.15278275618725098,0.4324700837146996,0.07718493137497093,0.21420622079844362,0.03597242670899432,0.14714039956543049,0.3739257994048397,0.0,0.32464998633610526,0.0,0.0,0.02192001122182738,0.008345243052991962,0.0,0.1981437966935515,0.0,0.0,0.0,0.0,0.37652096970922955
gex_possorted_bam_SJSO3:ACTTAGTCATTGTCAGx-M1,0.0,0.5629226985850482,1.0,0.1672196043393816,0.0,0.20518600741952225,1.0,0.0,1.0,0.0,1.0,1.0,0.9945543682814901,1.0,0.0,1.0,1.0,1.0,1.0,0.0,0.0,0.0,0.0,0.0,1.0,0.2708747644484566,1.0,0.4962894013959915,0.5401179584763152,0.2742369931075412,1.0,0.0,0.0,0.07714473808712823,1.0,0.0,1.0,0.0,0.0,1.0,0.0,1.0,1.0,1.0,0.0,0.054778280612279635,1.0,1.0,0.2892383590738153,0.0,0.6626270865521152,0.2242243333353155,0.0
gex_possorted_bam_SJSO3:ACTTGAATCCTAATAGx-M1,0.0,0.0,0.5092005582371139,0.0,0.7549641907138112,0.38412792924368244,0.42660790434943335,0.2922433784635209,0.2380537522103046,0.0,1.0,0.0,0.0,0.06013845331337005,0.0,0.0,1.0,1.0,0.0,1.0,0.6574605824782359,0.7101324156756198,0.07986834264460371,0.3589173252893744,0.0,0.0,0.899891891348118,0.0,0.0,0.0,0.0,0.7000198769252843,0.14128651657731103,0.0,0.3880223992648809,0.0,0.0,0.0,0.03759869613547196,0.1421534980980727,0.7335310030553388,0.0,0.0,0.3948954380083992,0.0,0.0,0.27037371746387645,0.5446670151225176,0.0,0.0,0.0,0.0,1.0
gex_possorted_bam_SJSO3:ACTTGCACATGAAGTAx-M1,0.0,0.8678373300208297,1.0,0.37106157983685756,0.0,0.8772777787295621,1.0,0.0,1.0,0.31888657965077205,1.0,1.0,1.0,1.0,0.0,1.0,1.0,1.0,1.0,0.0,0.0,0.0,0.0,0.0,1.0,0.539733580867826,1.0,0.9553495293937584,0.8221111621340541,0.5381260849648537,1.0,0.0,0.0,0.21580906635672745,1.0,0.0,1.0,0.0,0.0,1.0,0.0,1.0,1.0,1.0,0.0,0.18672846735930415,1.0,1.0,0.5457834916370243,0.1765645441706381,0.9472103835679315,0.4257256784267703,0.0
gex_possorted_bam_SJSO3:ACTTACTTCCTGATGGx-M1,0.0,0.0,0.004041506429036728,0.0,0.0,0.0,0.1954154095229796,0.0,0.6057730999095156,0.0,0.8698740542713747,0.19718932072108847,0.0,0.6909250751010199,0.0,0.8988903904475889,0.856706001370032,0.13896070029338234,0.20030572125173593,0.0,0.0,0.0,0.0,0.0,0.47440633080094424,0.0,1.0,0.0,0.0,0.0,0.0,0.0,0.0,0.0,1.0,0.0,1.0,0.0,0.0,0.8667033471942603,0.0,1.0,0.4410579129348933,0.1771965927549047,0.0,0.0,0.39827878119412424,1.0,0.0,0.0,0.04341820039022327,0.0,0.0
gex_possorted_bam_SJSO3:ACTTGCACAACTAGCCx-M1,0.08333844452467176,0.0,0.09828620711474458,0.0,0.39961405609198,0.5836542863004054,0.0,0.0,0.0,0.0,1.0,0.0,0.0,0.0,0.027130229034961564,0.0,1.0,1.0,0.0,1.0,0.8590906334039297,0.9547390458432916,0.18755791919693057,0.688076433733926,0.0,0.0,0.4466868606890093,0.0,0.0,0.0,0.0,0.0,0.24946598794196448,0.0,0.14576619273014524,0.0,0.0,0.0,0.08956118764218972,0.0,0.0,0.0,0.0,0.0,0.2233870156937592,0.0,0.0,0.4812291913017515,0.0,0.0,0.0,0.01718710532847305,0.9062007207496879
gex_possorted_bam_SJSO3:ACTTGTCGTTACGCGGx-M1,0.0,0.0,0.2983856008635197,0.028205621586831577,0.0,0.0,0.9991341757842045,0.0,0.9084549840229539,0.0,1.0,0.8849999125555608,0.01607955486659315,1.0,0.0,1.0,1.0,0.1049992129585088,0.6270640091080217,0.0,0.0,0.0,0.0,0.0,1.0,0.05581670908143399,1.0,0.13068127642693877,0.054115745668347905,0.0,0.0,0.0,0.0,0.0,1.0,0.0,1.0,0.0,0.0,1.0,0.0,1.0,1.0,1.0,0.0,0.0,1.0,1.0,0.0,0.0,0.4146217801068047,0.0,0.0
gex_possorted_bam_SJSO3:ACTTATCTCTGGCATGx-M1,0.09029174624077822,0.0,0.376476041228918,0.0,0.4316876266680623,0.6377475067244319,0.0,0.020464991545324957,0.0,0.1169714094432071,0.9688475767475875,0.0,0.0,0.0,0.1047437703225409,0.0,0.9708905132223895,1.0,0.0,1.0,0.7816921771958819,0.845852303434575,0.21836614912397356,0.7989492085804942,0.0,0.0,0.32454765038122757,0.0,0.0,0.11003575429459485,0.5740741783069754,0.23116801446071464,0.24260814698559927,0.0,0.1915585697206961,0.11916949415745118,0.0,0.074380577491108,0.0789438589210084,0.18295539599072555,0.0,0.0,0.0,0.0,0.23557178098522857,0.09328334633084974,0.0,0.156103527450617,0.024969460193738642,0.16716445804773136,0.0,0.05610798211473048,1.0
gex_possorted_bam_SJSO3:AGAAACTAGTTTGGTAx-M1,0.0,0.0,0.19826398189400582,0.0,0.0,0.0,0.9716568083326397,0.0,1.0,0.0,0.9755830761613651,0.7341959148276791,0.20521897670011732,1.0,0.0,1.0,1.0,0.0,0.5912868421406633,0.0,0.0,0.0,0.0,0.0,1.0,0.029094430979666453,1.0,0.12172078969880644,0.2726165046215125,0.0,0.0,0.0,0.0,0.0,1.0,0.0,1.0,0.0,0.0,1.0,0.0,1.0,1.0,1.0,0.0,0.0,1.0,1.0,0.0,0.0,0.321200281914773,0.0,0.0
gex_possorted_bam_SJSO3:ACTTGTAAGTTATTCCx-M1,0.0,0.22267722819745173,1.0,0.08930901928248838,0.0,0.0,1.0,0.0,1.0,0.0,1.0,0.8188741097146216,0.7009462360815624,1.0,0.0,1.0,1.0,0.0,0.7958055100626826,0.0,0.0,0.0,0.0,0.0,1.0,0.1913061915686591,1.0,0.3026749851330224,0.46924179763444596,0.0040812911398046894,0.8634840055674057,0.0,0.0,0.009893591315176312,1.0,0.0,1.0,0.0,0.0,1.0,0.0,1.0,1.0,1.0,0.0,0.0,1.0,1.0,0.17059446472851914,0.0,0.5609386172383286,0.12303497231765857,0.0
gex_possorted_bam_SJSO3:ACTTGTAAGCACAGAAx-M1,0.04039139018551145,0.0,0.0,0.0,0.18039361326164124,0.1726006148962806,0.0,0.0,0.0,0.0,1.0,0.0,0.0,0.0,0.0,0.0,0.866966346681479,1.0,0.0,0.7706217570613532,0.5626708486475251,0.7161849215381972,0.12812208879159667,0.694850322267243,0.0,0.0,0.4169168737471006,0.0,0.0,0.0,0.0,0.0,0.11203742630973001,0.0,0.18033617727045,0.0,0.0,0.06869070448332282,0.0,0.0,0.0,0.0,0.0,0.0,0.004785648266181076,0.0,0.0,0.3455425094303824,0.0,0.0,0.0,0.0,0.6266009346316596
gex_possorted_bam_SJSO3:ACTTAGTCAACATAAGx-M1,0.0,0.35788880054442,1.0,0.06123027985913485,0.0,0.0,1.0,0.0,1.0,0.0,1.0,1.0,0.42383188874862077,1.0,0.0,1.0,1.0,0.382699258125861,1.0,0.0,0.0,0.0,0.0,0.0,1.0,0.15204617318458694,1.0,0.26894908180826993,0.15999847527581268,0.015094534303081749,0.7355748466854272,0.0,0.0,0.04244773452051038,1.0,0.0,1.0,0.0,0.0,1.0,0.028009602389880057,1.0,1.0,1.0,0.0,0.0,1.0,1.0,0.1098479933718228,0.0,0.37390646671608085,0.06348004324661081,0.0
gex_possorted_bam_SJSO3:ACTTACAAGACAGGTAx-M1,0.0,0.0,0.0,0.0,0.0,0.0,0.0,0.0,0.0,0.0,0.4938331622916082,0.0,0.0,0.0,0.028710251391979233,0.22607793171699989,0.6924324089879234,0.07909843103202605,0.0,0.656448311478563,0.16611415214739544,0.20577878197668148,0.01910925792924097,0.3175764208009272,0.0,0.0,0.5737926769561686,0.0,0.0,0.0,0.17688534578670315,0.0,0.0,0.030385849294189186,0.6632062566174521,0.0,0.26399364058776364,0.0,0.0,0.4608020424641793,0.0,0.5171816335205748,0.0,0.0,0.0,0.0,0.0,0.7117648466851648,0.0,0.0,0.0,0.0,0.17951911855899821
gex_possorted_bam_SJSO3:ACTTATGAGACAGGTAx-M1,0.0,1.0,0.8972160782815691,0.027815713985266013,0.0,0.17907715408856084,1.0,0.29013769784992166,0.0,0.7286621348091187,0.0,1.0,0.0,0.0,0.6725319073523294,0.42455394850075506,0.5937821607115549,0.0,0.0,1.0,0.3866639251931625,0.2791362161816191,0.06791789133366903,0.5801392689289299,0.0,0.0,0.09267928543539544,0.2573688336080195,0.0,0.0,1.0,0.0,0.15069294842900902,0.2760997170917887,0.5694996829355412,0.2871819706418725,0.33814378695984837,0.0,0.4118794046877523,1.0,0.31944811442966375,0.951632453674802,0.0,0.19763502376491143,0.0719534054139481,0.04332166046497871,0.0,0.0,0.16178338760630231,0.15496706733319482,0.0,0.0,0.5139009198259937
gex_possorted_bam_SJSO3:AGAAAGGCATACTCCTx-M1,0.06470718246155209,0.0,0.0,0.0,0.5484679667902062,0.47954271510069413,0.0,0.0,0.0,0.0,1.0,0.0,0.0,0.0,0.0,0.0,1.0,1.0,0.0,1.0,0.7491315376936819,0.8722800821566074,0.19842802885459512,0.7119255848296625,0.0,0.0,0.396012238669105,0.0,0.0,0.005615296378146732,0.0,0.16347802830270047,0.1658380490328197,0.0,0.15424433651492936,0.0,0.0,0.026655641088870977,0.0,0.0,0.0,0.0,0.0,0.0,0.09399149253462782,0.0,0.0,0.22185237076557618,0.0,0.004170739693429805,0.0,0.0,1.0
gex_possorted_bam_SJSO3:ACTTACAAGAAGCTAGx-M1,0.0,0.0,0.05323551219751002,0.0,0.0,0.0,0.5301384934191743,0.0,1.0,0.0,1.0,0.25747936309083225,0.28493199846265815,1.0,0.0,1.0,0.7951151827629012,0.0,0.5576086656834245,0.0,0.0,0.0,0.0,0.0,1.0,0.023392289266120934,1.0,0.0,0.31549582522856306,0.0,0.0,0.0,0.0,0.0,1.0,0.0,1.0,0.0,0.0,1.0,0.0,1.0,0.8836348398049838,0.7475131541496409,0.0,0.0,1.0,1.0,0.0,0.0,0.3469569628747933,0.0,0.0
gex_possorted_bam_SJSO3:AGAAACCCAACTAGGGx-M1,0.05570779185964661,0.0,0.0,0.0,0.23003295441358607,0.11425560036448086,0.0,0.0,0.0,0.0,0.9613633614318278,0.0,0.0,0.0,0.0,0.0,0.833498708178297,1.0,0.0,1.0,0.621599679910056,0.7323580067250901,0.16766947546417954,0.6894758486869127,0.0,0.0,0.4451532616070125,0.0,0.0,0.0,0.0,0.10016841316685988,0.13620878033279912,0.0,0.23962391754665693,0.0,0.0,0.02344515259780763,0.0,0.0,0.0,0.0,0.0,0.0,0.09221429585648842,0.0,0.0,0.4051530436216404,0.0,0.0,0.0,0.0,0.8544980676578995
gex_possorted_bam_SJSO3:ACTTATCTCATGCCTCx-M1,0.0,1.0,0.8153729091064502,0.13539425029146396,0.04099041409420517,0.4017861200517228,1.0,0.42545714728585826,0.12446099680908966,0.8722556359852826,0.0,0.9438390700306631,0.0,0.02615813409490994,0.5958195269463705,0.6543539787678939,0.5800556713539395,0.0,0.0,1.0,0.20971623009454923,0.29095083359639234,0.1385334371783892,0.5071703203982347,0.0,0.0,0.27607925270244293,0.4116958611586204,0.04823104373326048,0.052959129493326866,1.0,0.0,0.1442128372066788,0.24708662037760595,0.4844886976703455,0.3657958334294183,0.5825935718238467,0.0099908480498519,0.43449375733290835,1.0,0.3797840883937728,1.0,0.0,0.7676226008257305,0.08371752206197607,0.24171489284805198,0.0,0.0,0.3542735029505501,0.5312930168828545,0.0,0.062435925612676614,0.8480644617411932
gex_possorted_bam_SJSO3:ACTTTGTTCGCCTGTTx-M1,0.020200923233425788,0.0,0.351969319873194,0.0,0.6244212243783381,0.31813278456674626,0.0,0.0,0.0,0.02865520119284892,0.8763391389396424,0.0,0.0,0.0,0.027626284550542137,0.0,0.8957429162775293,0.9206712984388266,0.0,1.0,0.6045789484498698,0.8008204277547374,0.18778263428894731,0.6566630661865402,0.0,0.0,0.4228944985486491,0.0,0.0,0.04203941791720856,0.0,0.37642150091172194,0.16860079300773742,0.0,0.21016851843561524,0.005773294595655969,0.0,0.017509035397742373,0.0,0.0,0.019076678029164816,0.0,0.0,0.0,0.17875096117680725,0.0,0.0,0.2063929741877637,0.0,0.1614734751620313,0.0,0.0,1.0
gex_possorted_bam_SJSO3:ACTTAGTCAACTCGCGx-M1,0.0,0.0,0.0,0.0,0.12154222077192463,0.0029954098020374773,0.0,0.0,0.0,0.0,0.880663216890477,0.0,0.0,0.0,0.0,0.0,0.8853767716875681,0.9756483063993631,0.0,0.8677786581420209,0.3204865199904382,0.486847482632415,0.054723409546631074,0.43126440507076014,0.0,0.0,0.5854717133937063,0.0,0.0,0.0,0.0,0.026643616366726956,0.04373530554767768,0.0,0.4082007459821838,0.0,0.0,0.013368256572912037,0.0,0.1706063809749573,0.0,0.0,0.0,0.0,0.021732374307400125,0.0,0.0,0.5156331556110121,0.0,0.0,0.0,0.0,0.6711047328168696
gex_possorted_bam_SJSO3:ACTTGAATCTTTGAGAx-M1,0.007624816285373415,0.0,0.0,0.0,0.17483804860494082,0.0,0.0,0.0,0.0,0.0,0.7776480902448879,0.0,0.0,0.0,0.0,0.0,0.7043083035226106,0.7365272140527553,0.0,0.9040768978589978,0.44411206522649865,0.6320752449799426,0.12106826090547315,0.5710045963180377,0.0,0.0,0.47192565096072064,0.0,0.0,0.0,0.0,0.019095046068457057,0.08480642363019314,0.0,0.26966034839238556,0.0,0.0,0.030803604992798855,0.0,0.0009274615308742034,0.0,0.0,0.0,0.0,0.05579773556056197,0.0,0.0,0.23441846377863373,0.0,0.0,0.0,0.0,0.7685715251594658
gex_possorted_bam_SJSO3:ACTTAGGGTGGACCTGx-M1,0.0,0.17460375476299633,1.0,0.0,0.0,0.0,1.0,0.0,1.0,0.0,1.0,0.9617215652418956,0.29295410193427257,1.0,0.0,1.0,1.0,0.002738004315483976,0.7012547176920773,0.0,0.0,0.0,0.0,0.0,1.0,0.07128916233346465,1.0,0.20742545124181008,0.10776205719234383,0.0,0.6205072718109376,0.0,0.0,0.0011536107094683229,1.0,0.0,1.0,0.0,0.0,1.0,0.0017132135644520382,1.0,1.0,1.0,0.0,0.0,1.0,1.0,0.06338009874880363,0.0,0.28781683301392536,0.02130513897005401,0.0
gex_possorted_bam_SJSO3:ACTTGCACACTGGCCAx-M1,0.0,0.14582797364333466,0.5512517440969139,0.0,0.12989224834416713,0.2122820627634403,0.0,0.06180662960064026,0.0,0.2542839800222535,0.395289765732296,0.0,0.0,0.0,0.18355266998031017,0.0,0.6654361987470767,0.2059069614200482,0.0,1.0,0.663027642592648,0.6869419755871271,0.10085143249291106,0.7873874629937965,0.0,0.0,0.30731761006200925,0.0,0.0,0.0,0.9386769809769439,0.0,0.18674759273996433,0.025881295776433205,0.29369373528241594,0.08571893709031543,0.10861898962247767,0.0,0.11753215231051749,0.3717531087786919,0.0,0.0,0.0,0.0,0.11199809313985717,0.029544659052071338,0.0,0.0,0.03127695756049562,0.0890566984928018,0.0,0.0,1.0
gex_possorted_bam_SJSO3:AGAAACCCACGCAACTx-M1,0.0,0.6441524181040329,1.0,0.10130678767909167,0.0,0.0,1.0,0.0,1.0,0.04930736367858665,1.0,1.0,0.8002214672993107,1.0,0.0,1.0,1.0,0.1869309362718652,1.0,0.0,0.0,0.0,0.0,0.0,1.0,0.24020311114078152,1.0,0.43989491122906205,1.0,0.10519007057458145,1.0,0.1570890281649907,0.0,0.04496334720113465,1.0,0.0,1.0,0.0,0.0,1.0,0.0,1.0,1.0,1.0,0.0,0.027820823871304145,1.0,1.0,0.228668396438283,0.0,0.4993277666677076,0.24111285897563467,0.0
gex_possorted_bam_SJSO3:AGAACCGCATTGCGTAx-M1,0.0,0.4051859622544884,1.0,0.0,0.5493939288933691,0.518670032437023,0.17734955079214504,0.049333399581016145,0.0,0.579147171923878,0.4381517463567993,0.0,0.0,0.0,0.44141370179342165,0.0,0.8239608525747967,0.20050091308991583,0.0,1.0,0.6738420622050837,0.7567833602716634,0.16482426069761216,0.6449029461791648,0.0,0.0,0.25633552239161184,0.07162278573791937,0.0,0.024708759207286126,1.0,0.05154328785976754,0.20608456792760768,0.06450718698868746,0.29149141156044817,0.1712650830118481,0.0,0.0,0.2304557961244864,0.564890085364563,0.02126129685375405,0.02347228489165222,0.0,0.6216277927370338,0.19473189415363298,0.06428046793257301,0.0,0.0,0.14989790531033825,0.3477392289164233,0.0,0.018022645116256487,1.0
gex_possorted_bam_SJSO3:AGAACAAGTACAAAGAx-M1,0.1560183922712844,0.0,0.0,0.011540584010694854,0.4126448113957168,0.5459684665702565,0.0,0.0,0.0,0.0,1.0,0.0,0.0,0.0,0.015640741930551007,0.0,1.0,1.0,0.0,0.9272408146112661,0.7225363664427905,0.8867805737027941,0.2410337530495254,0.7729881179209069,0.0,0.0,0.35276327961644927,0.0,0.0,0.07224893701958536,0.0,0.22700958744705965,0.19822661372434278,0.0,0.19619757717707428,0.07998724463231979,0.0,0.12934807362363385,0.033937071153270784,0.0,0.0,0.0,0.0,0.0,0.15948798785217577,0.06383817705687421,0.0,0.18210571314657342,0.0,0.0,0.0,0.07100420074779366,0.9904335432433505
gex_possorted_bam_SJSO3:AGAATCTGTTGGCCGAx-M1,0.0,0.05618797641686447,0.6974677973290211,0.024609255654573205,0.0,0.0,0.998988519336917,0.0,0.9281456760621436,0.025930484919846952,0.6670447238724284,0.7786517288146424,0.15304426784403544,0.6946424567634794,0.0,1.0,0.7864307124417754,0.0,0.2194452730828227,0.0,0.0,0.0,0.0,0.0,0.7572920792079312,0.03717852381581015,1.0,0.23952285145648308,0.15325313393304513,0.0,0.5572203344616654,0.0,0.0,0.06225985915920409,1.0,0.0,1.0,0.0,0.0,1.0,0.07365695112063139,1.0,0.7827823973250739,1.0,0.0,0.010575647146391273,0.6964188423086727,1.0,0.08626030143714315,0.0,0.28253197345061803,0.020315998645808346,0.0
gex_possorted_bam_SJSO3:AGCAACAAGCGCATTGx-M1,0.0,0.0,0.4875857962365871,0.0,0.42975590331079155,0.11469950378770112,0.0,0.11751609916167861,0.0,0.0,0.8539830261841727,0.0,0.0,0.0,0.0,0.0,1.0,1.0,0.0,1.0,0.46243300117721087,0.5670080367611438,0.09000034204830222,0.37462658089461975,0.0,0.0,0.723257027501156,0.0,0.0,0.0,0.0,0.2928007141718422,0.09910975714974157,0.0,0.3629951045427199,0.0,0.0,0.0,0.005676614593955084,0.06565311563556349,0.5376498544096507,0.0,0.0,0.0,0.0,0.0,0.004376037510304547,0.48068468992395863,0.0,0.000875985920888646,0.0,0.0,1.0
gex_possorted_bam_SJSO3:AGACAATAGGCGAATAx-M1,0.0,0.0,1.0,0.0,0.0,0.0,1.0,0.0,1.0,0.0,0.9250716318408646,0.8916605192896552,0.17175350444751003,1.0,0.0,1.0,1.0,0.0,0.4979258128828174,0.0,0.0,0.0,0.0,0.0,1.0,0.08117457029784109,1.0,0.1428020591851485,0.0,0.0,0.31861886685183033,0.0,0.0,0.0,1.0,0.0,1.0,0.0,0.0,1.0,0.021070298528971076,1.0,1.0,1.0,0.0,0.0,1.0,1.0,0.0,0.0,0.31233843544746925,0.0,0.0
gex_possorted_bam_SJSO3:AGACTATGTTTAGCGAx-M1,0.0,0.0,0.0,0.0,0.0,0.0,0.5669522845435716,0.028495184363640718,1.0,0.0,1.0,0.3004626779904082,0.051736121167897636,1.0,0.0,1.0,1.0,0.8095639508508575,0.8413743700098938,0.0,0.0,0.0,0.0,0.0,1.0,0.05162268266226218,1.0,0.0,0.04059133884083785,0.0,0.0,0.0,0.0,0.0,1.0,0.0,1.0,0.0,0.0,0.9284205148527684,0.0,1.0,0.7912473563440672,0.0903001236198507,0.0,0.0,0.9357705869273214,1.0,0.0,0.0,0.44662022670738166,0.0,0.0
gex_possorted_bam_SJSO3:AGAATCTGTAACTACGx-M1,0.09721816915832877,0.0,0.0,0.0,0.30417465931106513,0.3715524898775785,0.0,0.0064736748013674164,0.0,0.0,0.9827123010687174,0.0,0.0,0.0,0.0,0.0,0.9562300142491588,1.0,0.0,1.0,0.7580318136978155,0.8399646269394958,0.19527822287860502,0.7481485955571885,0.0,0.0,0.4015914595164132,0.0,0.0,0.022341784016572396,0.0,0.1586341043630579,0.22677738382081553,0.0,0.17456975257322163,0.007450638768501649,0.0,0.043938705748996665,0.008780789417499978,0.0,0.0,0.0,0.0,0.0,0.1226983512274733,0.01763042216402874,0.0,0.2952615434505425,0.0,0.003163446081608816,0.0,0.0,0.9836369744632596
gex_possorted_bam_SJSO3:AGAATCTGTCCTTCTCx-M1,0.0,0.4715632972634384,1.0,0.1604727205389361,0.0,0.0,1.0,0.0,1.0,0.1466702677828593,1.0,1.0,0.9504780050946551,1.0,0.0,1.0,1.0,0.565776202925176,1.0,0.0,0.0,0.0,0.0,0.0,1.0,0.29067075956455196,1.0,0.7548525544009539,0.22063861221109576,0.33085795120213846,1.0,0.0,0.0,0.14851278713612012,1.0,0.0,1.0,0.0,0.0,1.0,0.0,1.0,1.0,1.0,0.0,0.061792362815837935,1.0,1.0,0.33420255221591866,0.0,0.6655546693411252,0.20106330529161293,0.0
gex_possorted_bam_SJSO3:AGAACCAAGGCAAGTAx-M1,0.10943803293876164,0.0,0.0,0.0,0.3680073252739955,0.4758495857153495,0.0,0.0,0.0,0.0,1.0,0.0,0.0,0.0,0.0,0.0,1.0,1.0,0.0,1.0,0.7720665377814696,0.868024283359667,0.23080104107647648,0.7603420187530778,0.0,0.0,0.41119490712712947,0.0,0.0,0.051526753815057814,0.0,0.12430573161511758,0.212075697485228,0.0,0.17364818517502695,0.006860142221685378,0.0,0.0660250401381471,0.011841513186860638,0.0,0.0,0.0,0.0,0.0,0.09638895964014091,0.021045492976176538,0.0,0.37721559111823,0.0,0.0,0.0,0.013932338289320103,0.8869365285039246
gex_possorted_bam_SJSO3:AGACAATAGACACCGCx-M1,0.0,0.0,0.15881415698313261,0.0,0.0,0.0,0.8160107401838964,0.0,1.0,0.0,1.0,0.45984974938286277,0.26359743054586665,1.0,0.0,1.0,1.0,0.21764766618601827,0.700119163883494,0.0,0.0,0.0,0.0,0.0,1.0,0.04346250146936791,1.0,0.0,0.13203181549638257,0.0,0.0,0.001121003371706185,0.0,0.0,1.0,0.0,1.0,0.0,0.0,1.0,0.0,1.0,0.9662735377330739,0.9092735565910174,0.0,0.0,1.0,1.0,0.0,0.0,0.23793700360134257,0.0,0.0
gex_possorted_bam_SJSO3:AGAACAAGTTTCGCGCx-M1,0.064752115271055,0.0,0.0,0.0,0.10970984473792626,0.026039547681632837,0.0,0.0,0.0,0.0,0.9173576756491618,0.0,0.0,0.0,0.0,0.0,0.7747126449291724,0.8809173208346478,0.0,0.9120427349600074,0.5148910560841657,0.6680608806200443,0.1342892460002349,0.6342183548407311,0.0,0.0,0.42026042507964056,0.0,0.0,0.0,0.0,0.16348296475918744,0.11916403892369605,0.0,0.26717981211329345,0.0,0.0,0.028580155654670703,0.0,0.0,0.0,0.0,0.0,0.0,0.009029815524882648,0.0,0.0,0.34427866654196193,0.0,0.0,0.0,0.0,0.7823399103472278
gex_possorted_bam_SJSO3:AGAGAGGAGTTAGACCx-M1,0.0,0.26316053705002823,1.0,0.06110523015397159,0.40562829832281017,0.3524483844176805,1.0,0.3049678679830688,1.0,0.0,1.0,0.0,0.6368766040919792,0.9890264296503487,0.0,1.0,1.0,1.0,0.8719991507177907,0.553110688701201,0.0,0.0,0.0,0.0,1.0,0.12162715761366139,1.0,0.0,0.23266128186623433,0.0,0.25686926456063675,0.5576491588651561,0.0,0.0,1.0,0.0,1.0,0.0,0.0,1.0,0.645154175959185,1.0,1.0,1.0,0.0,0.044452331820778235,1.0,1.0,0.11962395867328311,0.08489820618510635,0.16760457073394716,0.0,0.9364271108720014
gex_possorted_bam_SJSO3:AGCAAATAGGACAACAx-M1,0.0,0.0,0.6875718081064874,0.0,0.0,0.0,0.7327670294461807,0.0,0.8102969862352345,0.0,0.9689048774697498,0.4623991926575117,0.012760527144365751,0.8957246721427335,0.0,1.0,0.9744037563188752,0.0,0.385354812890577,0.0,0.0,0.0,0.0,0.0,0.9746808717377056,0.0008517430584556733,1.0,0.07075676310781252,0.0,0.0,0.23137609652836305,0.0,0.0,0.0,1.0,0.0,1.0,0.0,0.0,1.0,0.0,1.0,1.0,1.0,0.0,0.0,1.0,1.0,0.0,0.0,0.15946806196221877,0.0,0.0
gex_possorted_bam_SJSO3:AGAATCGAGGGTCTATx-M1,0.024323142490981345,0.0,0.0,0.0,0.06366704346345456,0.0,0.0,0.015531947653125376,0.0,0.0,0.48407410576833043,0.0,0.0,0.0,0.05382935407659943,0.0,0.5889492378318882,0.5130632722368907,0.0,1.0,0.42510872256224436,0.5736445409999564,0.10553997748752283,0.6162028489129038,0.0,0.0,0.36731888106003435,0.0,0.0,0.0,0.0,0.0,0.13266870065038855,0.03533202307727859,0.2698180945646987,0.010531896439953857,0.0,0.004815462187320443,0.03291616328371255,0.03571226085536411,0.0,0.0,0.0,0.0,0.0753167149043051,0.0,0.0,0.3734894404272532,0.0,0.0,0.0,0.0,0.5076875851489632
gex_possorted_bam_SJSO3:AGATGCTTCATGAAGGx-M1,0.0,0.13179615284748353,1.0,0.0,0.0,0.0,1.0,0.0,1.0,0.0,1.0,0.7738322505095133,0.3718224140150073,1.0,0.0,1.0,1.0,0.0,0.6106516439424092,0.0,0.0,0.0,0.0,0.0,1.0,0.0752445766100863,1.0,0.24151736206598654,0.13306647460650448,0.0,0.8020248665216515,0.0,0.0,0.05751893747491327,1.0,0.0,1.0,0.0,0.0,1.0,0.0,1.0,1.0,1.0,0.0,0.0,1.0,1.0,0.07968069992490343,0.0,0.26137673493674857,0.005167305554982547,0.0
gex_possorted_bam_SJSO3:AGAACCAAGTTTGAGCx-M1,0.0,0.0,0.0,0.0,0.0,0.0,0.0,0.0,0.0,0.0,0.5072075365710212,0.0,0.0,0.0,0.0,0.0,0.5785482479208495,0.28901428990285144,0.0,0.5631517720641671,0.21784792161371155,0.32337596265880225,0.02599753169064932,0.42398840004554533,0.0,0.0,0.5505051337676177,0.0,0.0,0.0,0.0,0.0,0.00820836474546759,0.0,0.466024726550308,0.0,0.09000221592405477,0.0,0.0,0.22495894674311434,0.0,0.15774466504399684,0.0,0.0,0.0,0.0,0.0,0.486074040526995,0.0,0.0,0.0,0.0,0.28308840122555684
gex_possorted_bam_SJSO3:AGACAATAGAGGATATx-M1,0.0,0.1628054805864069,0.02943681627725835,0.0,0.0,0.0,0.20939890235681677,0.06610260311428508,0.0,0.0,0.0,0.4788224211046682,0.0,0.0,0.20503380935841523,0.0,0.49400537951297524,0.0,0.0,1.0,0.21526642037751406,0.21582631452403395,0.004118845180390072,0.4483730942393512,0.0,0.0,0.36759175960899726,0.0,0.0,0.0,0.0,0.0,0.05204062434585657,0.046546222609547,0.4756839524672748,0.0,0.05598479530233461,0.0,0.09330090735961936,0.33499823778871535,0.18659467465329185,0.5203581577524149,0.0,0.0,0.0,0.0,0.0,0.17190254816391767,0.0,0.0,0.0,0.0,0.05962485180235747
gex_possorted_bam_SJSO3:AGCAAATAGTTTGGTAx-M1,0.0,0.0,0.37350627910152734,0.0,0.0,0.0,0.8066359155393351,0.0,1.0,0.0,1.0,0.4874615452378028,0.3753442516917705,1.0,0.0,1.0,1.0,0.06219717170474713,0.5986687327793133,0.0,0.0,0.0,0.0,0.0,1.0,0.06141028522080523,1.0,0.0,0.22839859031312967,0.0,0.0933690853054976,0.0,0.0,0.0,1.0,0.0,1.0,0.0,0.0,1.0,0.0,1.0,0.9665784760606905,1.0,0.0,0.0,1.0,1.0,0.0,0.0,0.33618886187059216,0.0,0.0
gex_possorted_bam_SJSO3:AGAGGAACATTCCTCGx-M1,0.04487528822688558,0.5611191287352209,1.0,0.27259555153021015,0.0,0.8441868390077005,1.0,1.0,0.7191693516806993,1.0,0.38480435276952385,1.0,0.30167566920000755,1.0,0.45258283298738833,0.16213130279076177,1.0,1.0,0.7110147814233311,1.0,0.4145619856297712,0.19418540872983003,0.2470089352194274,0.4920559173043151,0.0,0.0867205223649028,0.35631038256436065,1.0,0.6989591331786501,0.037742010567954266,0.0,0.19847273019008166,0.4127380675228333,0.05616263664062949,0.8241667968384518,0.4646327787836944,0.22362888586341384,0.2807862937200504,0.6537085657559885,0.43299786849703,1.0,0.6215798063400051,0.11518402179026677,0.05277396865503394,1.0,0.0,1.0,0.9007704304590985,0.09320160039160096,0.633433573475037,0.0,0.0,1.0
gex_possorted_bam_SJSO3:AGAACCAAGTCATTGAx-M1,0.0,0.0,0.025997731661187278,0.0,0.0,0.0,0.7650071257769177,0.0,0.6890184966633591,0.0,0.8440909827545656,0.8821541822130328,0.0,1.0,0.0,1.0,1.0,0.24522454582986758,0.4605469858770672,0.0,0.0,0.0,0.0,0.0,0.6863006236810306,0.0,1.0,0.0,0.0,0.0,0.0,0.0,0.0,0.0,1.0,0.0,1.0,0.0,0.0,1.0,0.09427044963625195,1.0,0.3928574197500424,0.0919459750979561,0.0,0.0,0.4494205018520375,1.0,0.0,0.0,0.12169821648117303,0.0,0.0
gex_possorted_bam_SJSO3:AGAACAAGTGTCACGGx-M1,0.07172745064568276,0.0,0.07447738672985163,0.0044292064209510975,0.46909759246914884,0.4020263851963862,0.0,0.051298250632716966,0.0,0.07040642576263434,0.7413921824871417,0.0,0.0,0.0,0.10238137089059404,0.0,0.7338343260517836,0.8386300248869525,0.0,1.0,0.7500799857407124,0.8815095547378825,0.16175701778922383,0.8301506161451035,0.0,0.0,0.3318353149498227,0.0,0.0,0.030954102794995424,0.3518928535839144,0.24978317221822227,0.24556624667882007,0.0,0.17118952837915677,0.06599447867661422,0.0,0.028300514150289228,0.07847375527945712,0.09429507405746677,0.0,0.0,0.0,0.0,0.262844625655574,0.0627975130720306,0.0,0.0,0.01032950920932868,0.11866962246485027,0.0,0.03018200653271831,1.0
gex_possorted_bam_SJSO3:AGAGATTAGTAAGAACx-M1,0.6369405454006863,0.39679666311285017,0.3138526100989584,0.4475385251266985,0.8535316487371856,1.0,0.0,0.5002142259291456,0.0,0.7066319600914982,1.0,0.0,0.265789139391972,0.0,0.6362893657174221,0.0,0.8504626920026022,1.0,0.5619086701258997,1.0,1.0,1.0,0.6319140586990362,1.0,0.21309244427347357,0.3185442183088735,0.011738531343187218,0.48679497590343235,0.5343683322061437,0.4935597313521157,0.9496620636722245,0.7878302238809725,0.6498091726632574,0.5970390879402412,0.038802568341541735,0.6858033651115059,0.10008150720111893,0.6040130046117363,0.6236685754136366,0.19700475283402485,0.3317526682065903,0.09648169818114984,0.13707988065912327,0.18327827657284088,0.7319910217380462,0.5828296772158563,0.0,0.0,0.46028235637960796,0.6619280183582863,0.23457556888644843,0.6061237262323914,1.0
gex_possorted_bam_SJSO3:AGAGGATGTTTAGTCCx-M1,0.0,0.852214774365622,1.0,0.0619557872707091,0.0,0.12127681121799652,1.0,0.0,0.7006152636307487,0.18425307391503426,1.0,1.0,0.09865024281061352,1.0,0.035187034352280655,1.0,1.0,0.9671978384826452,1.0,0.0,0.0,0.0,0.0,0.0,1.0,0.024357793073264227,1.0,0.2863684460098394,0.0,0.020177856152866575,0.6407367725435911,0.0,0.0,0.051940071555784395,1.0,0.0,1.0,0.0,0.0,1.0,0.27690720593247564,1.0,0.8753876500590771,1.0,0.0,0.0,0.7786329695928269,1.0,0.13903823278858923,0.0,0.12126195952032792,0.0,0.0
gex_possorted_bam_SJSO3:AGAATCTGTAGGATCCx-M1,0.0,0.40181917488492214,0.03840009980418378,0.0,0.0,0.015148142711527287,0.4790072538526652,0.0838725049907977,0.0,0.09421741079118785,0.21002919709828172,0.5767650485460353,0.0,0.09565132233372768,0.28774648611932674,0.18114191970942786,0.9550351596603268,0.2934880575207067,0.0,1.0,0.263649521861688,0.2202193228074322,0.025408508264414566,0.509685660505962,0.0,0.0,0.25271215599848645,0.0,0.0,0.0,0.2529332090933416,0.0,0.05291648415386137,0.0963763559144901,0.4973934797849512,0.04269545810135506,0.05522643938021781,0.0,0.17658717292600248,0.4854204975361216,0.18416427704491448,0.8638770120517324,0.0,0.0,0.0,0.0,0.0,0.2384676971899184,0.0,0.0,0.0,0.0,0.0
gex_possorted_bam_SJSO3:AGAATCTGTTCACTGTx-M1,0.0,0.18840095513461247,0.7270052674366275,0.05986495877828094,0.0,0.0,0.0,0.1472351239192755,0.0,0.0,0.8283228289351713,0.2181742112351967,0.4761110546119614,1.0,0.0,1.0,1.0,0.6642796404849273,0.6691701818610173,0.0,0.0,0.0,0.0,0.0,0.7105664136309693,0.0,1.0,0.0,0.9409065605433036,0.0,0.0,0.3870670791534255,0.0,0.20866538918004657,1.0,0.0,0.7746648677676041,0.0,0.0,1.0,0.942299494939567,0.0,0.40134374520495175,0.0,0.06303085364912796,0.0,1.0,1.0,0.0,0.0,0.24416456985592325,0.0,0.36075839211018057
gex_possorted_bam_SJSO3:AGACACGCACTAAATCx-M1,0.0,0.0,0.43692661270387,0.0,0.0,0.0,0.8626615193775242,0.0,1.0,0.0,1.0,0.4261341790706441,0.03656701978309669,1.0,0.0,1.0,1.0,0.21767055813268094,0.6465074074018602,0.0,0.0,0.0,0.0,0.0,1.0,0.007821656854694757,1.0,0.026017714874307745,0.16328218428626332,0.0,0.0,0.0,0.0,0.0,1.0,0.0,1.0,0.0,0.0,1.0,0.0,1.0,1.0,1.0,0.0,0.0,1.0,1.0,0.0,0.0,0.221211712904469,0.0,0.0
gex_possorted_bam_SJSO3:AGAGAAGCATTGTGATx-M1,0.0,0.0,0.0,0.0,0.0,0.0,0.6643723879347115,0.0,1.0,0.0,1.0,0.3812071184256824,0.21877657697377773,1.0,0.0,1.0,1.0,0.06067827296608386,0.5565236303923415,0.0,0.0,0.0,0.0,0.0,1.0,0.021760658255088466,1.0,0.0,0.10647469740920161,0.0,0.0,0.02275107591687647,0.0,0.0,1.0,0.0,1.0,0.0,0.0,1.0,0.0,1.0,0.9265935080074932,0.8518055141937843,0.0,0.0,1.0,1.0,0.0,0.0,0.33594657135163164,0.0,0.0
gex_possorted_bam_SJSO3:AGCCGGTTCTAAGTCAx-M1,0.0,0.0,0.0,0.0,0.09278264111875044,0.0,0.0,0.0,0.0,0.0,0.7475443920164888,0.0,0.0,0.0,0.0,0.0,0.8009194976169621,0.6621350047511733,0.0,0.8902389210747167,0.41296030293080827,0.4903472608957678,0.09162404728418967,0.5045550606724901,0.0,0.0,0.5165064775188312,0.0,0.0,0.0,0.0,0.06454655008986908,0.0626648785382664,0.0,0.3881286417575445,0.0,0.0,0.0,0.0,0.11402188692260443,0.0,0.01762254026391711,0.0,0.0,0.0,0.0,0.0,0.4893642067750049,0.0,0.0,0.0,0.0,0.5896201796500041
gex_possorted_bam_SJSO3:AGCATCCCAAACTCATx-M1,0.0,0.0,0.18486181781555563,0.0,0.0,0.0,0.6692223669602297,0.0,1.0,0.0,0.9238569174352463,0.7922510639815405,0.20066233983814832,1.0,0.0,1.0,0.8555551189236125,0.0,0.479204332462835,0.0,0.0,0.0,0.0,0.0,1.0,0.09685349288608001,1.0,0.0,0.12775154461482377,0.0,0.06381688560267933,0.08484713201207665,0.0,0.01342552194541113,1.0,0.0,1.0,0.0,0.0,1.0,0.017123776232744862,1.0,0.7472937131304987,0.8011530973867937,0.0,0.0,0.9999471695206723,1.0,0.0,0.0,0.30049998219678453,0.03264242289481202,0.0
gex_possorted_bam_SJSO3:AGCAATTGTCAAAGAAx-M1,0.3326706586506093,0.203021244612205,0.5042257681490184,0.2026574791689447,0.6320158256234104,1.0,0.0,0.23971183711899155,0.0,0.4335757433532,1.0,0.0,0.016362874005535138,0.0,0.37499703716172567,0.0,1.0,1.0,0.05367743895314027,1.0,1.0,1.0,0.4205284619948575,1.0,0.0,0.1436254464164184,0.1645145316310235,0.2371122238726495,0.06652982054950234,0.3544462063557102,1.0,0.5284173591715497,0.4497181757896206,0.20407900517060723,0.13827209095756235,0.4308430129215941,0.0,0.20811002364372247,0.33392981133255334,0.24762036346931782,0.0,0.0,0.03851101680584403,0.5895237580424273,0.5173145428919396,0.3413454348618552,0.0,0.13222310645421906,0.3099321713643714,0.5008830665067773,0.006512976146476103,0.2999353714524255,1.0
gex_possorted_bam_SJSO3:AGCAAGGGTTTGGTTCx-M1,0.04699309165616844,0.0,0.0,0.0,0.3393844573386513,0.32690248357728896,0.0,0.0,0.0,0.0,1.0,0.0,0.0,0.0,0.0,0.0,1.0,1.0,0.0,0.6809406605707662,0.5041045063145412,0.6238044654463734,0.17925187868227613,0.5315470451560325,0.0,0.0,0.5750522711015355,0.0,0.0,0.0,0.0,0.17519262105235828,0.08713376742262197,0.0,0.3450446818795865,0.0,0.0,0.030232635142417485,0.0,0.048368109640916535,0.0,0.0,0.0,0.0,0.0273549604806326,0.0,0.0,0.5573330130320214,0.0,0.0,0.0,0.0,0.7486063424033811
gex_possorted_bam_SJSO3:AGCAATTGTGCTTAGAx-M1,0.05231102514680498,0.1162683779755363,0.518935422970563,0.0,0.18257207178591095,0.21265489766183618,0.061498099672406284,0.10898433457817229,0.0,0.1798473878327061,0.4088732394317589,0.0,0.0,0.0,0.2315653871640372,0.0,0.7291311737429158,0.2678384971069756,0.0,1.0,0.7492014640892384,0.6625867355416545,0.13868404600090778,0.7331869234775669,0.0,0.0,0.295783973090113,0.060283840679831925,0.0,0.007597680147536581,0.7726719758115909,0.0,0.24083586550504568,0.025370204309605196,0.3894847419310767,0.1173664495610815,0.0,0.03636993455721296,0.19632229630971496,0.36867031836382963,0.0,0.0,0.0,0.14130774019541392,0.15608843879069995,0.060216833690687054,0.0,0.0,0.03785224215789655,0.09858540962642655,0.0,0.0,0.9610367977646342
gex_possorted_bam_SJSO3:AGCGATTTCGGGATTTx-M1,0.0,0.06204143639800248,0.12052951447203271,0.0,0.0,0.0,0.1416557582295952,0.03953557877805348,0.0,0.0,0.07802700038044232,0.17091860064379905,0.0,0.0,0.1518238276494429,0.06913076835062783,0.5751700584871997,0.0,0.0,1.0,0.1697114627305399,0.23985167983481467,0.01876089277650859,0.3991395394839282,0.0,0.0,0.3938058552336821,0.0,0.0,0.0,0.21051797668068123,0.0,0.0160160396083305,0.03968823532237473,0.4554077763864983,0.0,0.10056134943303385,0.0,0.05672625015525777,0.42172324111158355,0.1459480485479663,0.4468023262399177,0.0,0.0,0.0,0.0,0.0,0.22000398577214078,0.0,0.0,0.0,0.0,0.2309609486770756
gex_possorted_bam_SJSO3:AGCCTGGGTAATAACCx-M1,0.0,0.0,0.4357818813185018,0.0,0.075004569903963,0.0,0.0,0.02395376693029131,0.0,0.11022286824123667,0.2379545340197778,0.0,0.0,0.0,0.09895441705202691,0.0,0.5159238956852242,0.0,0.0,1.0,0.5058397069625932,0.5641660207699779,0.07345962312044663,0.6280200246790892,0.0,0.0,0.3870770253147414,0.0,0.0,0.0,0.5788923082431433,0.0,0.10738237862216579,0.009426384824206675,0.3678431880629049,0.0521095078013031,0.08003767639126749,0.0,0.06481004507086348,0.3586634862724827,0.0,0.0,0.0,0.0,0.043061770392812414,0.0,0.0,0.05531896904758182,0.0,0.0,0.0,0.0,0.8736553402561177
gex_possorted_bam_SJSO3:AGCAATTGTTACTTGCx-M1,0.0,0.047488022648300425,1.0,0.0,0.0,0.0,1.0,0.0,1.0,0.0,1.0,0.7346868432837077,0.34333533696540575,1.0,0.0,1.0,1.0,0.0,0.6298553506046006,0.0,0.0,0.0,0.0,0.0,1.0,0.06442934846812855,1.0,0.2254988533179206,0.05546711959363041,0.0,0.7620365206262595,0.0,0.0,0.019445974615678787,1.0,0.0,1.0,0.0,0.0,1.0,0.0,1.0,1.0,1.0,0.0,0.0,1.0,1.0,0.05120605262671468,0.0,0.27258191939987725,0.02900624920285409,0.0
gex_possorted_bam_SJSO3:AGCAAGGGTGGGTACTx-M1,0.1284568981159351,0.0,0.07614406356982015,0.07029501934392834,0.6633113576643,0.4117556749644434,0.0,0.089669735292081,0.0,0.2901776412243055,0.9512404199460605,0.0,0.1716650175348309,0.0,0.0,0.0,1.0,1.0,0.0,1.0,0.9564928699334789,0.6742048623535895,0.32152558028654676,0.6021937390557058,0.0,0.09695082618215076,0.7706982837210767,0.0,0.0,0.1340821989848605,0.0,0.5165066041267496,0.17890837288000766,0.07095863220081798,0.320603739483348,0.19462412809445392,0.2824719071945731,0.1756306497493861,0.12020545266369943,0.0,0.5960162552014301,0.0,0.0,0.0,0.299206653973245,0.11568825108601162,0.0,0.5134569749067533,0.03704080067883324,0.5676825845672903,0.08266256312602482,0.09577161664446798,1.0
gex_possorted_bam_SJSO3:AGCCGGTTCCTCGATCx-M1,0.11066227606817329,0.0,0.0,0.021350337028397098,0.20142463042074427,0.11132482933062103,0.0,0.00451693031603267,0.0,0.0,0.8950113278706132,0.0,0.0,0.0,0.0,0.0,0.7817771211465373,1.0,0.0,0.5254093563140474,0.46632622622913905,0.6335919516405368,0.15893328489193934,0.6647531993779622,0.0,0.0,0.44764096831701566,0.0,0.13128174676094753,0.0,0.0,0.23249740103658514,0.14510377631552035,0.00913663599335867,0.29702146654117423,0.01919600770651839,0.0,0.10649748188591109,0.0,0.0,0.0,0.0,0.0,0.0,0.10736924280632938,0.020887281730936416,0.0,0.4317859035916148,0.0,0.0,0.0,0.0331584525084138,0.5997736443236459
gex_possorted_bam_SJSO3:AGCCTAGTCAACAAGGx-M1,0.0,0.05285757145520107,0.0,0.0,0.0,0.0,0.05944769132355806,0.04007074433049499,0.0,0.0,0.0,0.29977428742250645,0.0,0.0,0.08336496112415731,0.06268398319244974,0.42751051111959154,0.0,0.0,0.9062693293107076,0.05042075366069573,0.12987055768978634,0.0,0.3832506350812039,0.0,0.0,0.41276795523256427,0.0,0.0,0.0,0.0,0.0,0.0,0.08410304825377456,0.4777478516949844,0.0,0.10925770067229452,0.0,0.0306561832558048,0.3906536919699978,0.1298403506210597,0.4939200414206273,0.0,0.0,0.0,0.0,0.0,0.34816655551470205,0.0,0.0,0.0,0.0,0.005357666568541524
gex_possorted_bam_SJSO3:AGCGCCTAGAGGGACTx-M1,0.0,0.05415721561492289,0.0,0.0,0.0,0.0,0.0,0.028251678970675806,0.0,0.020025930369333353,0.0,0.20581772077925264,0.0,0.0,0.12340909193286256,0.0,0.19427701652898535,0.0,0.0,1.0,0.14921103740384872,0.24534366864803492,0.0,0.47126139850122056,0.0,0.0,0.33692703266928914,0.0,0.0,0.0,0.32413011802548763,0.0,0.0,0.08780349942558532,0.4459503764479612,0.0015230821858786664,0.15154687529516647,0.0,0.05161276203154695,0.4482576385426069,0.0,0.22896851355671424,0.0,0.0,0.0,0.0,0.0,0.023116719611251283,0.0,0.0,0.0,0.0,0.16025393561086976
gex_possorted_bam_SJSO3:AGCATTTCATAATTGCx-M1,0.14613103067128383,0.0,0.0,0.09758343861554662,0.5945511597057326,0.34326792404323764,0.0,0.032735777692925676,0.0,0.0,0.8480411087825556,0.0,0.0,0.0,0.07174350360308353,0.0,0.7639455554330841,1.0,0.0,0.8825467054562071,0.6395876884782119,0.7983605152245917,0.18327086040619708,0.7953700763367033,0.0,0.0,0.5647492285654067,0.0,0.0,0.015547547366320504,0.0,0.13905655724555757,0.2946002799009919,0.03422973377105849,0.10497815709250082,0.06068196029833947,0.0,0.10785382079875626,0.1293106806591882,0.0,0.0,0.0,0.0,0.0,0.24070236278304666,0.09491860858123154,0.0,0.04791046303153423,0.0,0.1178210717019332,0.0,0.07711340073653451,0.8434336597804317
gex_possorted_bam_SJSO3:AGCAATACATTAGCCAx-M1,0.0,0.6621658805799645,0.8229647419489846,0.08678783161748926,0.0,0.0,0.0,0.012944058513019852,0.0,0.0,0.49305541030180583,0.0,1.0,1.0,0.0,1.0,0.0065687588319409095,0.05023360822444662,1.0,0.0,0.0,0.0,0.0,0.0,1.0,0.0,1.0,0.0,1.0,0.33592005013367826,0.009497090581889299,0.9371344948483268,0.0,0.6114784887466597,1.0,0.0,0.9834105234275655,0.0,0.0,1.0,0.968823720007419,0.0,0.5481090142970043,0.0,0.0,0.04565318506891179,1.0,0.0,0.0,0.0,1.0,0.0,0.0
gex_possorted_bam_SJSO3:AGCAATTGTAACGTGCx-M1,0.018406458080842975,0.0521864564453694,1.0,0.06665598914187887,0.8114173756365691,0.6504574978470837,1.0,0.5259319596719911,0.7961340553869667,0.12067677243646013,1.0,0.0,0.13815863197851178,0.0,0.0,0.0,1.0,1.0,0.09038340895176664,1.0,0.7272958620605755,0.6843986007747098,0.12835457864495523,0.3717175872684792,0.3894329697471842,0.11467101368550017,1.0,0.0,0.3780864503834418,0.0,0.1363738974625849,0.5007296753213494,0.16831424127900071,0.0,0.6884460871245552,0.02849121669526301,0.17243950597413726,0.0,0.1929079948895339,0.41998243167639565,0.9969948384829247,0.007308837837619011,0.0,1.0,0.05957464086991915,0.14232516320728858,0.67872895383465,0.7505586662773519,0.14260852912625555,0.06764916386392066,0.0,0.0,1.0
gex_possorted_bam_SJSO3:AGCGCTCAGCCTAATAx-M1,0.0,0.5293432921931642,1.0,0.15982407755702588,0.0,0.44191663978976586,1.0,0.0,1.0,0.1020990993922308,1.0,1.0,0.4590210480013303,1.0,0.0,1.0,1.0,1.0,1.0,0.0,0.0,0.0,0.0,0.0,1.0,0.1975166184554407,1.0,0.5284807832339841,0.0,0.2659345837525436,1.0,0.0,0.0,0.02611708675406202,1.0,0.0,1.0,0.0,0.0,1.0,0.1312573528720634,1.0,1.0,1.0,0.0,0.0,1.0,1.0,0.2564842409788755,0.0,0.3688386634194674,0.11890114492090029,0.0
gex_possorted_bam_SJSO3:AGCGCTCAGCGCAATTx-M1,0.06635969067322123,0.0,0.5891233933264014,0.0,0.9669956191163054,0.6630229180145636,0.0,0.0,0.0,0.18298593019154022,1.0,0.0,0.0,0.0,0.1377061605082132,0.0,1.0,1.0,0.0,1.0,0.7095228730278497,0.8966430549911724,0.28055703498662055,0.6725236126044275,0.0,0.08373411337616421,0.46568063954555794,0.0,0.0,0.22468253174178016,0.0,0.5821560198679913,0.23476505602154724,0.0,0.16054290945785385,0.043703976832377076,0.0,0.018597730114205326,0.02703602968887108,0.0,0.35952774121717723,0.0,0.0,0.0,0.30272328430448536,0.0,0.043561713757848446,0.2942068838236168,0.0,0.3979522303456877,0.0,0.0,1.0
gex_possorted_bam_SJSO3:AGCCGCTAGTAACAGGx-M1,0.0,0.0,0.8181089072474449,0.0,0.44023153076313726,0.5123788302218626,0.0,0.09449016840367294,0.0,0.08743642129484679,0.9244928082660445,0.0,0.0,0.0,0.0428349836352795,0.0,1.0,1.0,0.0,1.0,0.784979591178488,0.7955006792585619,0.12723378168362584,0.7034492206514132,0.0,0.0,0.43392889759689457,0.0,0.0,0.0,0.49145127677116723,0.1391654598687603,0.19263240917553007,0.0,0.233250686994384,0.03733048728816503,0.0,0.0,0.08434665713213314,0.24662981638310214,0.13030973719971556,0.0,0.0,0.28748889095128466,0.1464352977105291,0.02310791652908186,0.0,0.07499729295145738,0.0,0.09692854830380762,0.0,0.0,1.0
gex_possorted_bam_SJSO3:AGCCGCTAGTTACCGGx-M1,0.017884800700021956,0.084999437864553,0.32158905505521124,0.030370586229838376,0.0,0.0,0.0,0.07877708745543334,0.0,0.20991193571786934,0.0,0.2525602591025834,0.0,0.0,0.12668990721719145,0.0,0.20958587620187893,0.0,0.0,1.0,0.20656464028659074,0.4069836472851467,0.11345052822888937,0.5220571188011013,0.0,0.0,0.3563649837292418,0.0,0.0,0.0,0.3527511432178847,0.020999408436788946,0.11638154331532409,0.09294763038446036,0.41124123661192213,0.1473641614260572,0.17550047323808793,0.042839654761118506,0.11827993061074711,0.3298890729498874,0.20742198949591084,0.16371400371708197,0.0,0.0,0.023254293813087305,0.024066002035187408,0.0,0.10319482638831022,0.0,0.0605642265413007,0.0,0.0,0.70736209217318
gex_possorted_bam_SJSO3:AGCGATTTCCTCACTAx-M1,0.0,0.0,0.0,0.0,0.24830668023713107,0.07126911351788827,0.0,0.0,0.0,0.0,0.7006851708729563,0.0,0.0,0.0,0.0,0.0,0.7755034721924997,0.710386066686315,0.0,1.0,0.6469431395674411,0.6809508568379595,0.1047325649746727,0.7471346671766675,0.0,0.0,0.4049737916763175,0.0,0.0,0.0,0.0,0.04488650518901695,0.11648307427343568,0.0,0.2275024610363569,0.0,0.0,0.0,0.0,0.10610786000465783,0.0,0.0,0.0,0.0,0.03575319201477024,0.0,0.0,0.16298134285773677,0.0,0.0,0.0,0.0,0.9552543424085024
gex_possorted_bam_SJSO3:AGCCGCTAGGTCCACAx-M1,0.16223505475041,0.0,0.06682236186948626,0.03089329872357358,0.5455278330077511,0.4396750469231017,0.0,0.029154327512572735,0.0,0.18271141215707404,0.8162453999117284,0.0,0.0,0.0,0.20804665812374123,0.0,0.7348620626663088,0.7575873007125695,0.0,1.0,0.7452340873155004,0.9056390751017462,0.2815513850787682,0.6738897750481497,0.0,0.0,0.3236558568099247,0.0,0.0,0.21690148857062694,0.19849458552919666,0.0,0.25337949413106686,0.0,0.22077211810416364,0.15467910285382694,0.0,0.10734638567557975,0.1557974009494385,0.1905159855951049,0.0,0.0,0.0,0.0,0.20787123484700054,0.11423644623491087,0.0,0.14773383393151981,0.1401918878803306,0.17707959342363294,0.0,0.12250056679525521,1.0
gex_possorted_bam_SJSO3:AGCCGGTTCTTTGACTx-M1,0.25707401991692447,0.0,0.1448270171003493,0.11613713275913444,0.8019249106472299,1.0,0.0,0.08575888976696569,0.0,0.14503608425290004,1.0,0.0,0.0,0.0,0.2088751243209026,0.0,1.0,1.0,0.12739649346243406,1.0,1.0,1.0,0.38742484878953176,0.9685490125123173,0.0,0.015767598571536826,0.32209750901811174,0.07385965380440876,0.0,0.35233930690895005,0.5131380255663998,0.2932552959178033,0.38306871038900614,0.02368365832606357,0.11357305086922283,0.20043225866332798,0.0,0.16279701184890286,0.20659503655679,0.0,0.0,0.0,0.0,0.0,0.3746219127819398,0.20360752955249947,0.05098162181707393,0.20632457674880372,0.1325314647860634,0.3126342797626344,0.0,0.1990700581798821,1.0
gex_possorted_bam_SJSO3:AGCACTTAGTAGGCGGx-M1,0.0,0.0,0.010184267691596924,0.0,0.0,0.0,0.3620484672469272,0.0,0.778259214349245,0.0,1.0,0.13989401779750438,0.017904507782644696,0.8373926927857434,0.0,1.0,1.0,0.7367973123827052,0.6116226707864059,0.0,0.0,0.0,0.0,0.0,0.6308428606908292,0.010074190888600716,1.0,0.0,0.0,0.0,0.0,0.0,0.0,0.0,1.0,0.0,1.0,0.0,0.0,0.8927399723515607,0.0,1.0,0.5242424952384306,0.15785364406332208,0.0,0.0,0.4729313768543379,1.0,0.0,0.0,0.0,0.0,0.0
gex_possorted_bam_SJSO3:AGCCAGTGTTCACTGTx-M1,0.07771464438083225,0.0,0.0,0.0,0.4679678756349731,0.6805074925032962,0.0,0.0,0.0,0.0,1.0,0.0,0.0,0.0,0.01030199043840381,0.0,1.0,1.0,0.0,1.0,0.7820399915752193,0.9864044715773086,0.1671392948740051,0.7909857759140814,0.0,0.0,0.32482602722931136,0.0,0.0,0.05223748175168518,0.01811560269677349,0.247051600784283,0.19286370314394674,0.0,0.087801515053416,0.04376270814502553,0.0,0.06928464884588013,0.0,0.0,0.0,0.0,0.0,0.0,0.2595221808985956,0.0,0.0,0.23799771094908065,0.0,0.0020107807750230104,0.0,0.04258045531922093,1.0
gex_possorted_bam_SJSO3:AGCAATACAAGGTGGCx-M1,0.09089573055861458,0.834100778242968,1.0,0.19868708121184572,0.4138946378495191,0.7995321639306948,0.9138869629058345,0.36791162415200335,0.05044146958621916,1.0,0.029276774199925668,0.045823339667780606,0.14547054929644596,0.0,0.6110530629469774,0.5112307677385584,0.36866773294279187,0.0,0.0,1.0,0.5878471758003518,0.709704239479588,0.265150518017792,0.7137066202031079,0.0,0.10752018349395734,0.07606987199322014,0.5362556111288554,0.3755569832427773,0.261053723684033,1.0,0.0,0.31444439133129587,0.39294337780555244,0.30615434606318936,0.5043230989824421,0.3590019289784002,0.12055639753422012,0.4112876158740483,1.0,0.04639853979347931,0.0,0.21132972036517123,1.0,0.3488239243992679,0.3913601240617754,0.11844025566852438,0.0,0.51932655417493,0.6982047537803147,0.3604968033809163,0.25902577259064286,1.0
gex_possorted_bam_SJSO3:AGCCTGGGTAGGATCCx-M1,0.08700088506795847,0.0,0.0,0.0,0.2658277905784821,0.33073204057035427,0.0,0.0,0.0,0.0,0.9898678569013647,0.0,0.0,0.0,0.005354380066928814,0.0,0.9032824107986461,1.0,0.0,1.0,0.6716843525368688,0.7897703153415842,0.18259675632699815,0.7633653015957508,0.0,0.0,0.3816745327832739,0.0,0.0,0.030688738451807845,0.0,0.1595303660155432,0.19380288701289827,0.0,0.21830773075525403,0.013612465766571167,0.0,0.061818375912086235,0.01609260595713791,0.03545070733711413,0.0,0.0,0.0,0.0,0.11949041759677619,0.010814594746689485,0.0,0.188710463922145,0.0,0.0,0.0,0.0,1.0
gex_possorted_bam_SJSO3:AGCAGGTAGATAGACGx-M1,0.005957085112861019,0.0,0.0,0.019157616979262264,0.02051957351756247,0.08119272258760743,0.0,0.06292665748194172,0.0,0.0,0.5853797447974645,0.0,0.0,0.0,0.12442965778115492,0.0064159295823356145,0.762104822763289,0.574563383214308,0.0,1.0,0.4082577957123813,0.5174093788830266,0.11195663884914121,0.5984554522220774,0.0,0.0,0.25932687711935226,0.0,0.0,0.0,0.1943711203173921,0.0,0.07692872679604168,0.0,0.31326018727097993,0.056452944162271666,0.0,0.039561528951390305,0.056518832477729014,0.262382205994595,0.0,0.07013478148026413,0.0,0.0,0.03633612686101099,0.0,0.0,0.15626290267306878,0.0,0.0,0.0,0.0,0.3802134393561667
gex_possorted_bam_SJSO3:AGCACAGCACTAAGCCx-M1,0.15046706701009938,0.0,0.0,0.0,0.4935505631612437,0.9599975457740199,0.0,0.0,0.0,0.0,1.0,0.0,0.0,0.0,0.027098725318077745,0.0,1.0,1.0,0.2526762391115203,1.0,0.9337790267265174,1.0,0.2625536287165124,0.8301868763285223,0.0,0.0,0.31887103836523173,0.0,0.0,0.1714469561407931,0.0,0.19211741818867897,0.23424317717408044,0.0,0.15694941600370682,0.047469351533141683,0.0,0.08925318117103989,0.009936999546903089,0.0,0.0,0.0,0.0,0.0,0.2662768522556225,0.007007589472554998,0.0,0.3815720747524354,0.0,0.0,0.0,0.08464852612325714,1.0
gex_possorted_bam_SJSO3:AGCACTTAGCGCATTGx-M1,0.0,0.0,0.0,0.0,0.0,0.0,0.6215605017564347,0.09795323628062502,1.0,0.0,1.0,0.22963797827459884,0.23719792005283274,1.0,0.0,1.0,1.0,0.9699956415864809,0.9946187257087272,0.0,0.0,0.0,0.0,0.0,1.0,0.09690568068609531,1.0,0.0,0.1611541031179377,0.0,0.0,0.0,0.0,0.0,1.0,0.0,1.0,0.0,0.0,0.8475047792880415,0.0,1.0,0.5840413685524596,0.0,0.0,0.0,1.0,1.0,0.0,0.0,0.5623615021898998,0.0,0.0
gex_possorted_bam_SJSO3:AGCATTTCATCAATCGx-M1,0.0,0.4406296264902576,1.0,0.17211886317121844,0.0,0.0,1.0,0.0,1.0,0.06713068217983757,1.0,0.7530052151726241,0.9192823063209602,1.0,0.0,1.0,1.0,0.7429070169087569,1.0,0.0,0.0,0.0,0.0,0.0,1.0,0.28597973926396786,1.0,0.5724865647860831,0.415166705249902,0.2058807454385894,1.0,0.048337203881310804,0.0,0.1604590148770627,1.0,0.0,1.0,0.0,0.0,1.0,0.0,1.0,1.0,1.0,0.0,0.06774115395486305,1.0,1.0,0.2767663996576349,0.009775006525461146,0.6936860133188901,0.17815111663503685,0.0
gex_possorted_bam_SJSO3:AGCCGCTAGGCTCATGx-M1,0.0,0.0545327130817401,0.11490025150594885,0.0,0.0,0.0,0.08010334328430987,0.058084856518786906,0.0,0.024476852820594565,0.015010518494106038,0.14860356411969242,0.0,0.0,0.18118783332523297,0.0,0.46361651788941866,0.0,0.0,1.0,0.36969233891965403,0.34286718764526,0.05817442401280241,0.5456480541668357,0.0,0.0,0.41991143581599494,0.0,0.0,0.0,0.16324712691831356,0.0,0.1051660184838955,0.011698609976438427,0.5499182940777797,0.03034736158050998,0.1769853797501733,0.0,0.11221855905303192,0.37999960732965876,0.11235071856375664,0.2640804631671939,0.0,0.0,0.0,0.0,0.0,0.1068868308722362,0.0,0.0,0.0,0.0,0.4870230884557905
gex_possorted_bam_SJSO3:AGCGCCTAGACAACAGx-M1,0.0,0.20058802438044676,1.0,0.008755569609892615,0.0,0.0,1.0,0.0,1.0,0.012037534375371608,1.0,0.8661350594410486,0.6063369322117127,1.0,0.0,1.0,1.0,0.0,0.7661198642557591,0.0,0.0,0.0,0.0,0.0,1.0,0.14548504742910087,1.0,0.23009150772841191,0.13984447072556955,0.0,0.9705296291458981,0.0,0.0,0.005427731796923497,1.0,0.0,1.0,0.0,0.0,1.0,0.0,1.0,1.0,1.0,0.0,0.0,1.0,1.0,0.1373274417464719,0.0,0.43669670250049625,0.07952636062473839,0.0
gex_possorted_bam_SJSO3:AGCAATACAGCCAGAAx-M1,0.0,0.2715374921604137,1.0,0.08187757373926116,0.0,0.0,1.0,0.0,1.0,0.0,1.0,0.4034984294368909,0.8344219810865294,1.0,0.0,1.0,1.0,0.7936199478634489,1.0,0.0,0.0,0.0,0.0,0.0,1.0,0.2509708332378705,1.0,0.2618548082274633,0.39271137359755237,0.0,0.7191813712298588,0.09481961805334417,0.0,0.009267825446009676,1.0,0.0,1.0,0.0,0.0,1.0,0.13984770526000864,1.0,1.0,1.0,0.0,0.0,1.0,1.0,0.14937297308295788,0.07182332978357704,0.38825325974194413,0.0891046965423479,0.0
gex_possorted_bam_SJSO3:AGCACTTAGCTTCTCAx-M1,0.0779235111687681,0.0,0.0,0.0,0.2935693613410972,0.5253905346422646,0.0,0.0,0.0,0.0,1.0,0.0,0.0,0.0,0.0,0.0,1.0,1.0,0.0,0.97704553778342,0.782327392444364,0.8728242501890258,0.18155828440701807,0.7841303199780968,0.0,0.0,0.41771916722715785,0.0,0.0,0.0,0.0,0.2424194820420604,0.14256536732421526,0.0,0.19839566314170112,0.0,0.0,0.08735428008165258,0.0,0.0,0.0,0.0,0.0,0.0,0.126987131573802,0.0,0.0,0.39873142994270827,0.0,0.0,0.0,0.015982956843468697,0.8759355408193914
gex_possorted_bam_SJSO3:AGCATCCCAGGCTAGAx-M1,0.05582050809734647,0.0,0.5074296660994306,0.0,0.539275484031899,0.2727729100067491,0.0,0.04068195300004472,0.0,0.24650137535636849,0.48606736138096057,0.0,0.0,0.0,0.23608849870137258,0.0,0.6168718790677583,0.37349749478756283,0.0,1.0,0.5692374777487597,0.7263286560298511,0.2011026886564321,0.6490659754361489,0.0,0.0,0.3743874409541706,0.0,0.0,0.10452923238031525,0.5292841783576053,0.03235441443569337,0.19378628627812633,0.014707812266738871,0.3153566071643828,0.1297075383684853,0.0,0.0211103788860082,0.12829546930161514,0.3268405181015321,0.0,0.0,0.0,0.0,0.1702722551073786,0.09174544484676952,0.0,0.0,0.09689429396175646,0.2264595233660517,0.0,0.03413815418373212,1.0
gex_possorted_bam_SJSO3:AGCCTAGTCCCGCATTx-M1,0.0,0.0,0.041209891348539904,0.0,0.0,0.0,0.6765594447780393,0.0,0.45051424823238345,0.0,1.0,0.5909906943113397,0.0,1.0,0.0,1.0,1.0,1.0,0.9544186165743581,0.0,0.0,0.0,0.0,0.0,0.7574937191529799,0.0,1.0,0.0,0.0,0.0,0.0,0.0,0.0,0.0,1.0,0.0,1.0,0.0,0.0,1.0,0.03669282275281571,1.0,0.7159043956801847,0.5437704189018027,0.0,0.0,0.6154846269871246,1.0,0.0,0.0,0.04008078624122241,0.0,0.0
gex_possorted_bam_SJSO3:AGCCTAGTCCTCACTAx-M1,0.0871735791242837,0.4835611717008955,1.0,0.09961731696738246,0.6633292558370844,0.9546032225796254,0.48986860707043545,0.16751682776135948,0.0,0.6922917999666262,0.6978830945042956,0.0,0.043328730015782496,0.0,0.49979385075327504,0.2769327948458396,1.0,0.6322090222356729,0.0,1.0,0.8381714680166201,0.8000860719905903,0.25654378626231256,0.7584163508731874,0.0,0.019945573258777743,0.30367615782848856,0.2793100697401253,0.0,0.2358864634795562,1.0,0.0828776708463717,0.3125584506334741,0.14785508968714983,0.3634990010728096,0.30630724232974627,0.14094764970496806,0.05193403557176989,0.3494249562044786,0.7698383545734111,0.14687720277428729,0.09441952631788499,0.0,1.0,0.33363820587226883,0.19639926939381744,0.018771952649575596,0.0,0.2967839106801786,0.5208526591926098,0.0,0.13220613018512611,1.0
gex_possorted_bam_SJSO3:AGCATTTCATGTCAGCx-M1,0.0,0.0,0.0,0.0,0.0,0.11424032211018435,0.0,0.027979712480577734,0.0,0.0,0.5912909512451573,0.0,0.0,0.0,0.12091542859445957,0.0,0.9667545101902739,0.6560875394890839,0.0,1.0,0.45294366197513386,0.477975057547503,0.07090837077564481,0.6241718826970533,0.0,0.0,0.3778283007263606,0.0,0.0,0.0,0.10147370290591419,0.0,0.09596249550477044,0.0,0.3552520668331284,0.027427243619802255,0.0,0.0,0.09071101444610596,0.31568512008698263,0.0,0.4513853736610936,0.0,0.0,0.04302217155100018,0.0,0.0,0.29125995194059867,0.0,0.0,0.0,0.0,0.4583465835964258
gex_possorted_bam_SJSO3:AGCGCTCAGTAAGGGCx-M1,0.0,0.6529354897468728,0.6002896795252185,0.0,0.0,0.0,0.9564030846910941,0.12642796918716154,0.0,0.48522667143247494,0.0,0.804114736528845,0.0,0.0,0.3904746397212841,0.24566261503025907,0.2532825075214707,0.0,0.0,1.0,0.215710252738732,0.1419265461240913,0.027886636198009424,0.36354251940007176,0.0,0.0,0.3751904853593392,0.09258290179932424,0.047623809215022524,0.0,1.0,0.0,0.029031339761957695,0.1916820487510135,0.7201269188805872,0.14604493109698852,0.4722412231678544,0.0,0.18520371695467794,0.9790146053554546,0.19844942478730132,0.7041800384166523,0.0,0.0,0.0,0.0,0.0,0.009791034310627602,0.07808914345574096,0.1238434141780773,0.0,0.0,0.4625062684786949
gex_possorted_bam_SJSO3:AGCGGATAGTGAGCAAx-M1,0.0,0.0,0.0,0.0,0.0,0.0,0.6173279502261257,0.0,1.0,0.0,1.0,0.46945590065844495,0.2675782730399796,1.0,0.0,1.0,0.9908011708061566,0.1679532080237434,0.6414617819296314,0.0,0.0,0.0,0.0,0.0,1.0,0.013877605492882241,1.0,0.0,0.20113792053755092,0.0,0.0,0.0,0.0,0.0,1.0,0.0,1.0,0.0,0.0,1.0,0.0,1.0,0.9534512093193896,0.6974825984462989,0.0,0.0,1.0,1.0,0.0,0.0,0.26195499320328186,0.0,0.0
gex_possorted_bam_SJSO3:AGGACGTAGGACCTTGx-M1,0.0,0.03167005825387265,0.4776105512498287,0.0,0.0,0.0,1.0,0.0,1.0,0.0,1.0,0.6272602902502097,0.5913307126173921,1.0,0.0,1.0,1.0,0.16256399088797768,0.7848061165601853,0.0,0.0,0.0,0.0,0.0,1.0,0.11773461262043552,1.0,0.134927643242455,0.21524685307720492,0.0,0.0,0.0,0.0,0.0,1.0,0.0,1.0,0.0,0.0,1.0,0.0,1.0,1.0,1.0,0.0,0.0,1.0,1.0,0.018430465383111175,0.0,0.5770308200837129,0.007336289529876473,0.0
gex_possorted_bam_SJSO3:AGCTTAATCATGCTAAx-M1,0.0,0.0,0.0,0.0,0.0,0.0,0.6530412936455343,0.0,0.8847952400040392,0.0,1.0,0.34291176447828936,0.0,1.0,0.0,1.0,1.0,0.6036435358927457,0.570301351052357,0.0,0.0,0.0,0.0,0.0,0.8788933891585861,0.0,1.0,0.0,0.05571456907259224,0.0,0.0,0.0,0.0,0.0,1.0,0.0,1.0,0.0,0.0,1.0,0.0,1.0,0.5350460669886453,0.17014289744157018,0.0,0.0,0.7219141516705787,1.0,0.0,0.0,0.13612820286807945,0.0,0.0
gex_possorted_bam_SJSO3:AGCTTTAAGGATAAACx-M1,0.0,0.38830191576535766,1.0,0.07350811577097835,0.1524804333693432,0.3209476721268887,1.0,0.09757777889708118,0.46280594394077634,0.5325703367874989,0.7893393357475754,0.002154826230092415,0.47435349520227454,0.3074239546528957,0.15867174184401536,1.0,1.0,0.2148934205767051,0.0,1.0,0.27616126368533433,0.05001415705203085,0.05507607748161909,0.12425135313249107,0.6253877591872058,0.08458416667509422,1.0,0.3612250599108494,0.04836275828621781,0.16085820871767711,1.0,0.05000611924070991,0.061057920210289635,0.11407281882267395,1.0,0.0762985121722815,1.0,0.0,0.07336703428877828,1.0,0.04064861890627521,1.0,0.6873160456895587,1.0,0.11146601863832438,0.11865311895026111,0.7546440886170779,1.0,0.2942992145415004,0.30594870691771886,0.17050605554296452,0.11618426805807074,0.9402625007662702
gex_possorted_bam_SJSO3:AGCTAACTCCAAATCAx-M1,0.2827473492499732,0.0,0.019266963317455144,0.14603172451513433,0.5022340213488895,0.6654597389167743,0.0,0.1489460940542114,0.0,0.08290768808587376,0.9492124819166992,0.0,0.0,0.0,0.21892329266948243,0.0,0.841208959199687,1.0,0.0,1.0,0.8460891156809024,0.9639123369038142,0.3963332783622384,0.69327890557334,0.0,0.07141680901054696,0.19758008706360702,0.008864097049757094,0.0,0.21916487200013865,0.0,0.1274348438668987,0.37394110084150006,0.014380453062011357,0.14640769383088556,0.22210825845822021,0.0,0.24198647407529328,0.22013926141647616,0.0,0.11032362590947162,0.0,0.0,0.0,0.3713597222715009,0.21171959296622406,0.0,0.33310383782664243,0.08767020120648353,0.1871024077811144,0.0,0.19406767452618406,0.8605649155590843
gex_possorted_bam_SJSO3:AGCTTCCTCGCCTAAGx-M1,0.0,0.0,0.1401534146789476,0.11959566689130212,0.0,0.0,1.0,0.003810910065940029,1.0,0.02719983529548408,1.0,0.9091730682680957,0.7435904287060131,1.0,0.0,1.0,1.0,1.0,0.7550403232908895,0.0,0.0,0.0,0.0,0.0,1.0,0.18740367325669677,1.0,0.241259797171994,0.0,0.049002677949808976,0.0,0.2711238897998957,0.0,0.02123430693185628,1.0,0.0,1.0,0.0,0.0,1.0,0.048613740779828114,1.0,1.0,1.0,0.0,0.0,1.0,1.0,0.15841473967033204,0.05804947788368011,0.7236465017962336,0.05666981361834641,0.0
gex_possorted_bam_SJSO3:AGCGGACCAACAGCCTx-M1,0.4673055357770532,0.15620276515311834,0.17976933335206952,0.34796865228813467,1.0,1.0,0.0,0.28410336149678583,0.0,0.5174663641458663,1.0,0.0,0.2282129852878549,0.0,0.4874162566101972,0.08440612402244575,1.0,1.0,0.3095629920536617,1.0,1.0,1.0,0.5914176338934003,1.0,0.0,0.24559228342415612,0.21568492331876726,0.3839947175892157,0.05668866557044347,0.5736940327445398,0.7721246923617404,0.5903507861933551,0.5387964402111763,0.22114285041873943,0.1669602376406695,0.5098540423014617,0.0,0.33508233977568,0.45166163244826807,0.16560936330605167,0.15998677049326976,0.0,0.15154803156520893,0.4462154276303931,0.6281593622344033,0.41675546143202813,0.14600503100109943,0.1610578650906256,0.4117860625929705,0.6147287060842714,0.1715650676400819,0.45795465214785697,1.0
gex_possorted_bam_SJSO3:AGCTTTAAGCCACAATx-M1,0.10091570663418667,0.0,0.0,0.029134503944081902,0.29857553661992386,0.35656534319237454,0.0,0.0,0.0,0.0,0.9931397078354232,0.0,0.0,0.0,0.027876313296972544,0.0,0.8487998737193159,1.0,0.0,1.0,0.6977444652951055,0.8513736876463313,0.2041003546602605,0.7765517855566703,0.0,0.0,0.2676875691257595,0.0,0.0180771399120478,0.0034239599907313874,0.0,0.13722816081534303,0.20689964239874695,0.0,0.186566928271493,0.026195634142893463,0.0,0.086694162027654,0.04396606330861421,0.0,0.0,0.0,0.0,0.0,0.15532061801516758,0.009776558052996025,0.0,0.2607333084777129,0.0,0.0,0.0,0.05262247583327322,0.912512927522745
gex_possorted_bam_SJSO3:AGCGGACCATACCCGGx-M1,0.0,0.865897420450604,1.0,0.277154535957322,0.0,0.0,1.0,0.12354456486281287,1.0,0.3112060641701064,0.8896402149879246,1.0,1.0,1.0,0.0,1.0,1.0,0.0,1.0,0.0,0.0,0.0,0.0,0.0,1.0,0.4447423701844557,1.0,0.8713953678376298,0.840480125853664,0.3045795307588482,1.0,0.0,0.0,0.28325560088288315,1.0,0.0,1.0,0.0,0.0,1.0,0.14624166318138943,1.0,1.0,1.0,0.0,0.1672049158284392,1.0,1.0,0.5082148638585071,0.10719909444883076,0.9634704005199284,0.34318055835066025,0.0
gex_possorted_bam_SJSO3:AGCTAGTTCTTTGTACx-M1,0.1801206748372191,0.6686808632736433,1.0,0.27294493022372535,0.9697764437315213,1.0,0.5352374324002478,0.2666303846421453,0.10212320967197641,1.0,0.4742619072661801,0.0,0.25995901557008333,0.0,0.6755073822018699,0.3615042956944352,0.6871014043959487,0.23619323520331556,0.0,1.0,0.7361343082440405,0.9477268317344403,0.3865093975339267,0.77435660966118,0.03262675366825732,0.20581121323201554,0.11536403303641349,0.47091427031998806,0.2682409819483893,0.4457890422491305,1.0,0.2795214381276256,0.3929737260440842,0.38208397815574596,0.22347797295548302,0.5487315575749403,0.19198392203998252,0.15644799653860147,0.46227971464426165,0.9701345750957974,0.21226449580351728,0.0,0.3929695054363159,1.0,0.48501278231269135,0.4320677657266769,0.30979971560251607,0.0,0.5412330640245633,0.9184202396671862,0.279119087368606,0.34816963764583037,1.0
gex_possorted_bam_SJSO3:AGCTATATCCGGGACTx-M1,0.0,0.0,1.0,0.0,0.7632098078058384,0.5980601901878799,0.6633088604761407,0.3011080850145748,0.2914655436749324,0.0,1.0,0.0,0.0,0.0,0.0,0.0,1.0,1.0,0.0,1.0,0.7144913137828011,0.7163554532976518,0.12096751171669926,0.39050561160137237,0.0,0.015474123340316158,0.8585435046611459,0.0,0.0,0.0,0.0,0.6739490744836579,0.1847133437424502,0.0,0.43843135612748074,0.0,0.0,0.0,0.09056831884091869,0.19377709518502956,0.79698329498932,0.0,0.0,1.0,0.023646939400666516,0.0050980168869682995,0.6242435319534522,0.48224325882094904,0.0,0.12003489545928953,0.0,0.0,1.0
gex_possorted_bam_SJSO3:AGCTATATCTTGGATAx-M1,0.13743930241721847,0.0,0.0,0.06831115228115284,0.2755191748404597,0.07420306910103076,0.0,0.12901834757183062,0.0,0.1299823033328239,0.31301964230792095,0.0,0.0,0.0,0.19215098455042362,0.0,0.32447169804553044,0.195538527051088,0.0,1.0,0.47376483048009205,0.6075197300169698,0.20900516023749938,0.6351384029649103,0.0,0.0,0.4013007242228517,0.0,0.04122987186670929,0.03757755942569722,0.2648009878600154,0.13915386439837046,0.16325154832505495,0.1945531353217901,0.3159817097929731,0.17751288050995837,0.02900014131353749,0.12047629720798493,0.16714129755388366,0.3158840574859681,0.002572749160194956,0.0,0.0,0.0,0.014166617179531214,0.13625648303531765,0.0,0.0,0.10756420691144575,0.0,0.05130410898659407,0.09603755339831022,0.7859295146055286
gex_possorted_bam_SJSO3:AGCTATATCTAATTGGx-M1,0.0,0.048232206359257186,0.0,0.0,0.0,0.0,0.029257597812491733,0.02349052512563614,0.0,0.0,0.07184923137927868,0.28008063737145417,0.0,0.0,0.12566936981897453,0.030429755472919696,0.48996244886287105,0.0,0.0,0.9112002650231082,0.1350774391121873,0.194673987080661,0.0,0.40213285364520585,0.0,0.0,0.3575731458682485,0.0,0.0,0.0,0.0,0.0,0.0,0.053695060972187944,0.5055174789567856,0.0,0.13812960257092438,0.0,0.04876648567790938,0.3878489777447616,0.026731362923615894,0.477753155120658,0.0,0.0,0.0,0.0,0.0,0.24360270384239635,0.0,0.0,0.0,0.0,0.00604413185803436
gex_possorted_bam_SJSO3:AGCGGATAGAGAAGGGx-M1,0.0,0.0,0.4700821731357845,0.0,0.0,0.0,0.9207910816147592,0.0,1.0,0.0,0.8610135050463179,0.791961977732074,0.17675231970728789,1.0,0.0,1.0,0.8707137106518391,0.0,0.46557797605032203,0.0,0.0,0.0,0.0,0.0,1.0,0.025772056881066808,1.0,0.027783278911373478,0.08551751229487545,0.0,0.0,0.0,0.0,0.0,1.0,0.0,1.0,0.0,0.0,1.0,0.0,1.0,1.0,1.0,0.0,0.0,1.0,1.0,0.0,0.0,0.264174572418663,0.0,0.0
gex_possorted_bam_SJSO3:AGCTTTAAGTAGAGGCx-M1,0.0,0.0,0.06693437765293259,0.0,0.0,0.1563098104085789,0.0,0.0,0.0,0.08609172951032464,0.5006454974567423,0.1787786519349369,0.0,0.0,0.14606614879626545,0.0,0.8750288991712378,0.3030387184833269,0.0,1.0,0.35998034076080726,0.42529069282196047,0.10178428941822598,0.4228458530723658,0.0,0.0,0.4699311684097046,0.019032246583231736,0.0,0.0,0.19765469806214966,0.0,0.06688407591495847,0.008742955921423842,0.5054096857390382,0.00039897178712289944,0.0,0.0,0.05112954833227108,0.3450507197663029,0.0,0.3602984583126112,0.0,0.0,0.0,0.0,0.0,0.4510340719321584,0.0,0.0,0.0,0.0,0.35684915068915246
gex_possorted_bam_SJSO3:AGCTACTAGCTCGCTTx-M1,0.0,0.0695197607035142,1.0,0.0,0.0,0.0,1.0,0.0,1.0,0.0,1.0,0.7230396705147346,0.5551220875195979,1.0,0.0,1.0,1.0,0.5434689590150809,0.8805761236813504,0.0,0.0,0.0,0.0,0.0,1.0,0.11782687073655755,1.0,0.18743344078893145,0.0,0.0033621911450260476,0.8976887566888635,0.0,0.0,0.0,1.0,0.0,1.0,0.0,0.0,1.0,0.0,1.0,1.0,1.0,0.0,0.0,1.0,1.0,0.05840431189706016,0.0,0.19338329908876278,0.05237416290465267,0.0
gex_possorted_bam_SJSO3:AGGAAACGTTTGTGGAx-M1,0.5170491487211504,0.6113553330306986,0.3971449438132077,0.4771439515234216,1.0,1.0,0.32906963814623735,0.4484212126064112,0.22532423741648938,0.9143885273128817,0.5842457944655193,0.0,0.5802499700829702,0.0,0.7388813951917002,0.29734550322468095,0.6030107237330431,0.49463365673329995,0.0,1.0,1.0,1.0,0.6216820768257422,1.0,0.43063012155253794,0.38453989123798893,0.2476547644658928,0.5940096419469095,0.4953548902395853,0.7876852967261105,1.0,0.5839596380612302,0.6344315807495309,0.3825865570171593,0.23213779220482095,0.6226340098762844,0.3589747800100156,0.49758842910249496,0.6484835916406256,0.4149826047837214,0.7140504248198501,0.2387916052574021,0.5163700671660507,1.0,0.7611440989879639,0.5505350143976235,0.4071115963634555,0.0,0.5674341100111819,0.9203901465350064,0.33873071577071967,0.5340028844310566,1.0
gex_possorted_bam_SJSO3:AGGAACCAGTTATCTCx-M1,0.10311414645913726,0.0,0.03788328731169698,0.011031212157211577,0.36449700253168854,0.34633616145446505,0.0,0.0,0.0,0.0,0.8563617674566814,0.0,0.0,0.0,0.0822172850804248,0.0,0.7499796494779932,0.8425072318000082,0.0,1.0,0.6720765682496284,0.8489546422585399,0.2353975111082446,0.7157881948650162,0.0,0.0,0.3587492345957168,0.0,0.0,0.09811551324809058,0.288281426057387,0.07265173764921537,0.21619574778372586,0.0,0.25551390337687974,0.07470141253158995,0.0,0.05261466658306844,0.05022657038104291,0.09477397278308104,0.0,0.0,0.0,0.0,0.14935435598178937,0.060467422908667946,0.0,0.18148357214229138,0.0,0.10368220630515526,0.0,0.05079541412324113,1.0
gex_possorted_bam_SJSO3:AGCTAACTCCCTGACTx-M1,0.3020164307240257,0.01336694067447053,1.0,0.1879696920417388,1.0,1.0,0.0,0.15721708273379897,0.0,0.49287016612029355,1.0,0.0,0.0,0.0,0.4122839511938956,0.0,1.0,1.0,0.0,1.0,1.0,1.0,0.5844814115744087,0.8378285058704344,0.0,0.1585322138165681,0.22212922898574594,0.12249924515697665,0.05904966849377104,0.3507374842620568,1.0,0.3166918456390913,0.3969555617217543,0.04302589161442458,0.2801943615008536,0.3528326843229843,0.0,0.13299358095456232,0.3292156547591178,0.17091350305981254,0.6963321727713513,0.0,0.27151821331382975,0.8599907348196926,0.41806348188095016,0.4041546756180027,0.08074602180834425,0.13787690965042418,0.20164012337705672,0.6270954394030785,0.0,0.19256567587409834,1.0
gex_possorted_bam_SJSO3:AGGAAACGTTTAGCTCx-M1,0.0,0.11197521192778798,0.4762394239016338,0.010788395318616813,0.0,0.0,0.7958459105967735,0.0,1.0,0.0,1.0,0.6212006368016411,0.5400954507961121,1.0,0.0,1.0,1.0,0.8831936233198112,1.0,0.0,0.0,0.0,0.0,0.0,1.0,0.06460355697055427,1.0,0.0,0.36541410195610236,0.03386015381339586,0.21270115402516174,0.0,0.0,0.0,1.0,0.0,1.0,0.0,0.0,1.0,0.0,1.0,1.0,1.0,0.0,0.0,1.0,1.0,0.0,0.0,0.38856943621110884,0.04331614347705025,0.0
gex_possorted_bam_SJSO3:AGCTCATAGTTATGGCx-M1,0.057440976910556364,0.0,0.0,0.005046399004586317,0.0727261955680558,0.0,0.0,0.035462227437495566,0.0,0.0,0.37963186378070773,0.0,0.0,0.0,0.10024031304566354,0.0,0.3821091866905787,0.13612061464134662,0.0,1.0,0.43998188356354556,0.5940317586425626,0.12854230811928488,0.6143178176524773,0.0,0.0,0.4009355073402728,0.0,0.0,0.0,0.04256583918948254,0.0,0.15335175776024892,0.009339545822338358,0.31545894610769765,0.07652571064738563,0.0,0.022038229841069172,0.034519165796401574,0.25485804758687863,0.0,0.0,0.0,0.0,0.059539869952219375,0.050663444391713636,0.0,0.0747923631967234,0.0,0.03418393222753845,0.0,0.0,0.8270097350072363
gex_possorted_bam_SJSO3:AGCTCATAGCTGAGGGx-M1,0.2860776914386676,0.9294064971959717,1.0,0.33948692670961594,0.2732658431878372,0.9153317778503461,1.0,0.5378052222742846,0.3696137037486211,0.8710512977849276,0.16151004153588763,0.4560420582074106,0.4001956364398251,0.17070956490771402,0.6831656209288238,0.8318694706685926,0.5403596402481333,0.21090408498891142,0.0,1.0,0.6818367414224769,0.6031710297510724,0.3479075220861756,0.695394243028551,0.348157763326497,0.25569393733107615,0.12179125197522132,0.7080675534291032,0.6634239204474842,0.38637610865765376,1.0,0.17178036198025015,0.4217005089419777,0.5503825142594521,0.46907572467932074,0.5978938186146399,0.6857068532557605,0.3299423382100868,0.522741573736137,1.0,0.35834034241757823,0.5373589098650589,0.403050762892706,1.0,0.5008874406784923,0.49681433926829405,0.22618349857454914,0.13635793512500818,0.5875176282775688,0.5932989622429701,0.41712910723568397,0.3636933572137585,1.0
gex_possorted_bam_SJSO3:AGCTTAATCAGTGAAGx-M1,0.0006183717144633537,0.0,0.0,0.0,0.06340588980216576,0.0,0.0,0.0,0.0,0.0,0.45131908231654055,0.0,0.0,0.0,0.0,0.0,0.4666322600872065,0.31704695334259725,0.0,1.0,0.4247637164118453,0.5894259539393265,0.10546447281379151,0.6520005769163276,0.0,0.0,0.3689851075170064,0.0,0.0,0.0,0.0,0.0,0.09751785111489865,0.0,0.2748542346940352,0.0,0.0,0.005592648243034298,0.0,0.14116416341369403,0.0,0.0,0.0,0.0,0.0,0.0,0.0,0.1291677232769116,0.0,0.0,0.0,0.0,0.7496861317733521
gex_possorted_bam_SJSO3:AGCTTAATCCTTCAATx-M1,0.1823032446041599,0.0,0.0,0.0036334511935576666,0.5405966885061003,0.997236641480155,0.0,0.0,0.0,0.0,1.0,0.0,0.0,0.0,0.07118908749939247,0.0,1.0,1.0,0.11517126419004253,1.0,1.0,1.0,0.28138827987799647,0.8472339051752764,0.0,0.0,0.3330185629209379,0.0,0.0,0.2179155541141994,0.052321091544299377,0.22268697412186278,0.26128236394491966,0.0,0.17187554598445667,0.11659435940901754,0.0,0.11988800776879137,0.08400799747457868,0.0,0.0,0.0,0.0,0.0,0.2633035798490109,0.07531326373909865,0.0,0.15019627301514918,0.0,0.06535568774001115,0.0,0.10834640396099758,1.0
gex_possorted_bam_SJSO3:AGCTAACTCAAGCTTAx-M1,0.09372496070152624,0.14921388483041892,1.0,0.09919873021165218,1.0,1.0,0.8616478673465274,0.3394955977654823,0.24139196808845342,0.42815901129038303,1.0,0.0,0.16819827741626858,0.0,0.14992442000372222,0.016745164970002845,1.0,1.0,0.0,1.0,0.9855592905184036,1.0,0.24725520084214603,0.6818950329956684,0.0,0.03590689617005472,0.5432933762729972,0.10200409036702056,0.04802311731421576,0.11384565121599598,0.935543366547938,0.43996180001182855,0.3144106064953674,0.06062147679702462,0.31702385943474953,0.2308678946745317,0.0,0.050821013596757655,0.31079395715543856,0.47682126397752955,0.5220089550082186,0.0,0.0,1.0,0.2986743602697094,0.20411080680150664,0.40769379464493194,0.028538234077138465,0.29974621457875283,0.44302142270972705,0.0,0.04904824875884399,1.0
gex_possorted_bam_SJSO3:AGCTAACTCGCTAGTGx-M1,0.12338222462763702,0.0,0.6074574367380182,0.03261570212691909,0.6136212401743476,0.8088807495516109,0.0,0.057531098732614416,0.0,0.22911935576013104,0.9975626993180753,0.0,0.0,0.0,0.222170242880665,0.0,1.0,1.0,0.0,1.0,0.9235623137401248,0.9490673258435929,0.26614095898648604,0.8277646180327006,0.0,0.0,0.317669112722913,0.08269185993940062,0.0,0.21846472126197913,0.9258379790106935,0.22101864836265292,0.29796943683373883,0.0,0.2410154081185087,0.1709906140957849,0.0,0.052741381218757245,0.17601329176433672,0.2584907583398432,0.0,0.0,0.0,0.3716162224322655,0.312932929949405,0.14568139175729655,0.0,0.08695351974054537,0.09828828809300075,0.2977326333253199,0.0,0.08499078682572987,1.0
gex_possorted_bam_SJSO3:AGCTAACTCTTTAAGGx-M1,0.131978700178785,0.37896641204814335,1.0,0.2505627838242696,1.0,1.0,1.0,0.6170655910545451,0.7106469587182993,0.5637121865921516,1.0,0.0,0.3017367097998209,0.0,0.09399466798169236,0.0,1.0,1.0,0.33555081489326966,1.0,0.9919268650506289,1.0,0.35735265096417396,0.4367983514180339,0.2522893761702841,0.1971491203476812,0.7521366145378585,0.1295080770645297,0.5325352325170393,0.0,0.749535943662997,0.7637071367627745,0.3391676963788557,0.16739825919081172,0.4256544241662603,0.27175963254043867,0.0,0.1386969481618254,0.4941482469530788,0.5429450835372662,1.0,0.0,0.05937781486804271,1.0,0.19552354218687357,0.36810524230152625,0.846200296480301,0.0076936878906209245,0.3900787264216604,0.547483953939082,0.0,0.13405056502585327,1.0
gex_possorted_bam_SJSO3:AGCTTAATCCAGGAAAx-M1,0.0,0.0,0.24605664858845855,0.0,0.0,0.0,0.5467885658888698,0.0,1.0,0.0,0.838446592627935,0.5173389970305163,0.018474410342005507,0.8253258195705784,0.0,1.0,0.8163567702455836,0.0,0.318344610039762,0.0,0.0,0.0,0.0,0.0,0.8536437580722294,0.006438571962468679,1.0,0.022724541438461743,0.07118951628387724,0.0,0.0,0.0,0.0,0.0,1.0,0.0,1.0,0.0,0.0,1.0,0.0,1.0,0.8994449255771931,1.0,0.0,0.0,0.8096226510794609,1.0,0.0,0.0,0.23690316618906251,0.0,0.0
gex_possorted_bam_SJSO3:AGCTAAACATCCTGAAx-M1,0.051960638208542846,0.0,1.0,0.0,0.5913339027716166,0.7831291192453002,0.39450910463888794,0.1988379567544864,0.0,0.21124846814339582,1.0,0.0,0.03525794044465267,0.0,0.10878342024436242,0.0,1.0,1.0,0.0,1.0,0.8853871126438261,0.8779197478015206,0.15983740472469982,0.7252044001847845,0.0,0.0,0.4835051707296788,0.08755880489423606,0.0,0.0,0.7829834736218272,0.4091785429119886,0.25889714624600774,0.0,0.3382074324948518,0.12419116939001414,0.0,0.0,0.18518501946711263,0.418304282716637,0.2032437501715151,0.0,0.0,0.948910932198102,0.22667230571125696,0.07889888198539288,0.19330994169931645,0.1506145345132801,0.1220530658764967,0.18209280877108505,0.0,0.0,1.0
gex_possorted_bam_SJSO3:AGCTACGTCTCAATTCx-M1,0.015129185948520934,0.0,0.0,0.0,0.4202951646439968,0.16532256256085937,0.0,0.0,0.0,0.0,0.9081719993858663,0.0,0.0,0.0,0.0,0.0,0.8594313407349716,1.0,0.0,1.0,0.5248470105751454,0.7712794022241265,0.16813284849369264,0.6778351111311048,0.0,0.0,0.4304129771324234,0.0,0.0,0.0,0.0,0.19003774803072443,0.13295363191694576,0.0,0.15162481427215224,0.0,0.0,0.0,0.0,0.0,0.0,0.0,0.0,0.0,0.06968431944144571,0.0,0.0,0.3389729419823373,0.0,0.040212189274233805,0.0,0.0,1.0
gex_possorted_bam_SJSO3:AGCTAACTCTTAAGTGx-M1,0.040485866371828945,0.14827813810135404,1.0,0.036317697573056106,0.8747955098539982,1.0,1.0,0.40190145241582675,0.4680916987804696,0.19522969722541714,1.0,0.0,0.13183694835270615,0.0,0.004710649693035558,0.0,1.0,1.0,0.054487032374353685,1.0,0.9075099609627226,0.8731195865724359,0.17414977222890266,0.47621659870241606,0.024473528126415692,0.01744901749129102,0.7226393406868372,0.0,0.01978991596616749,0.0,0.48057000852759424,0.5473336581159465,0.2309117409998446,0.0,0.45440933669399364,0.10219525958780067,0.0,0.0,0.23154788009326277,0.418832357643591,0.7829925943707962,0.0,0.0,1.0,0.12041549388914277,0.14409695400123412,0.5321844920829587,0.2229296632494628,0.15456257418730684,0.21149811019331619,0.0,0.0,1.0
gex_possorted_bam_SJSO3:AGCTACTAGGCGCACTx-M1,0.0,0.029195310521388913,0.37993650645095806,0.0,0.0,0.0,1.0,0.0,1.0,0.0,1.0,0.8237216721562853,0.10258477056664264,1.0,0.0,1.0,1.0,0.3429491148751756,0.7936350988643003,0.0,0.0,0.0,0.0,0.0,1.0,0.04032068968375005,1.0,0.05470562120734602,0.24163898057192612,0.0,0.0,0.0,0.0,0.0,1.0,0.0,1.0,0.0,0.0,1.0,0.0,1.0,1.0,1.0,0.0,0.0,1.0,1.0,0.0,0.0,0.2297171227662829,0.0,0.0
gex_possorted_bam_SJSO3:AGCTAAACACAGAACGx-M1,0.007383222558238875,0.0,0.0399880846974196,0.0,0.1992927755720114,0.09826027276551742,0.0,0.0,0.0,0.0,0.6930320986018078,0.0,0.0,0.0,0.0,0.0,0.717357610764943,0.6978635914758384,0.0,1.0,0.601800705951774,0.7217530264840512,0.12522678551988808,0.7042060679334994,0.0,0.0,0.39128708695190917,0.0,0.0,0.0,0.03478852605465547,0.06176767191132843,0.1445318071815726,0.0,0.20084759121666185,0.0,0.0,0.0,0.0,0.04075370861597926,0.0,0.0,0.0,0.0,0.061440543118556075,0.0,0.0,0.15663757885501028,0.0,0.0,0.0,0.0,0.984007192316271
gex_possorted_bam_SJSO3:AGCTATATCATGCAACx-M1,0.05773632823480273,0.0,0.10860335992039655,0.0,0.4308211149424159,0.3235565534686148,0.0,0.0,0.0,0.0,0.8956097423034975,0.0,0.0,0.0,0.023231364311514104,0.0,0.852999511233947,1.0,0.0,1.0,0.7213870383599152,0.7941890643086735,0.1738592703426533,0.7192535877983678,0.0,0.0,0.37713149949691344,0.0,0.0,0.05842943478105026,0.250976647535417,0.133652189424002,0.15850488150637693,0.0,0.23838688454047524,0.03445876988263412,0.0,0.020054682310585645,0.020871070494774175,0.13681212873668316,0.0,0.0,0.0,0.0,0.12112881008667006,0.015847110547395814,0.0,0.24841092564831194,0.0,0.0,0.0,0.0,1.0
gex_possorted_bam_SJSO3:AGCTAACTCGAGGTGGx-M1,0.06519891159841974,0.3198253304907412,0.9319643726071,0.06167088619016021,0.39990061804765425,0.8085315485582483,0.31084255437670444,0.11843727385116772,0.0,0.4307860726981865,0.7559710138861241,0.0,0.0,0.0,0.3701024463508629,0.14718782492762286,1.0,0.8049504719508767,0.0,1.0,0.8132890016823869,0.7820190150752582,0.20146858535814235,0.7698632825512948,0.0,0.0,0.27834898748942655,0.20569314451152018,0.0,0.18776888151084653,1.0,0.02091459849583191,0.28141200801330074,0.08817191351863186,0.3699759074003661,0.2235454582466123,0.007034100404916314,0.012026376522942125,0.25368795973490404,0.5586578704863152,0.003623326214940511,0.1524672109400232,0.0,0.6505565959065424,0.28310486397215584,0.13144083954949798,0.0,0.08663746055763566,0.1839566320057419,0.30890196183601387,0.0,0.05751949257743142,1.0
gex_possorted_bam_SJSO3:AGCTAGTTCAGGTCCAx-M1,0.0,0.0,0.0,0.0,0.0,0.0,0.658687612336729,0.0,1.0,0.0,1.0,0.4717511447084034,0.4277996667978097,1.0,0.0,1.0,1.0,0.5981615378684177,0.8585672441711969,0.0,0.0,0.0,0.0,0.0,1.0,0.09747150423665703,1.0,0.0,0.0,0.0,0.0,0.0,0.0,0.0,1.0,0.0,1.0,0.0,0.0,1.0,0.0,1.0,1.0,0.9107811248798163,0.0,0.0,1.0,1.0,0.0,0.0,0.3604441010977816,0.0,0.0
gex_possorted_bam_SJSO3:AGGAACGGTGCCTCACx-M1,0.0,0.5034291100570669,0.738866209038373,0.2095827107880237,0.0,0.0,1.0,0.0,1.0,0.0,1.0,0.706237884940793,0.9469306020923346,1.0,0.0,1.0,1.0,0.8048333766941945,1.0,0.0,0.0,0.0,0.0,0.0,1.0,0.2621290687936493,1.0,0.5087046104247605,0.7076811404650366,0.2264480767133682,0.9480540530906534,0.0,0.0,0.0878372370480951,1.0,0.0,1.0,0.0,0.0,1.0,0.0,1.0,1.0,1.0,0.0,0.07962609805651838,1.0,1.0,0.25779328191970863,0.0,0.8014095098298991,0.21154347716457148,0.0
gex_possorted_bam_SJSO3:AGGCGGATCGTTATAGx-M1,0.0,0.13713636100284962,1.0,0.05583692324019019,0.0,0.0,1.0,0.0,1.0,0.0,1.0,0.8049787316772804,0.4903189788011876,1.0,0.0,1.0,1.0,0.0,0.82526956868977,0.0,0.0,0.0,0.0,0.0,1.0,0.12882801176880734,1.0,0.3909345888728279,0.10177899969701837,0.07176059810681101,1.0,0.0,0.0,0.06465494734864183,1.0,0.0,1.0,0.0,0.0,1.0,0.0,1.0,1.0,1.0,0.0,0.0,1.0,1.0,0.09829082745467066,0.0,0.3583024286340872,0.06520421992291664,0.0
gex_possorted_bam_SJSO3:AGGGCCTTCAGCAAAGx-M1,0.0,0.0,0.517759388599707,0.0,0.0,0.0,0.8298561433409224,0.0,1.0,0.0,1.0,0.22584324173018028,0.30641541322338317,1.0,0.0,1.0,1.0,0.9283936102582716,0.8859648821974383,0.0,0.0,0.0,0.0,0.0,1.0,0.06307421640810056,1.0,0.0,0.0764387976557968,0.0,0.10579675034235343,0.04283114736828063,0.0,0.0,1.0,0.0,1.0,0.0,0.0,1.0,0.0,1.0,1.0,1.0,0.0,0.0,1.0,1.0,0.0,0.0,0.11001897952326432,0.0,0.0
gex_possorted_bam_SJSO3:AGGATGTCAAACTGTTx-M1,0.0,0.08245792967102411,0.0,0.0,0.0,0.0,0.00521023032651136,0.013123438322583156,0.0,0.0,0.305697620010597,0.4524290411992481,0.0,0.014850284665134614,0.10018410043824973,0.1530066764664978,0.7870856471157557,0.2785066580361047,0.0,0.7034653499196519,0.13837084880914172,0.15562224008549322,0.0,0.3993685069335302,0.0,0.0,0.37331342713167825,0.0,0.0,0.0,0.0,0.0,0.0,0.05143009722877457,0.5165847766181232,0.0,0.09309554097009187,0.0,0.047857104200797244,0.38329550693814995,0.0845922953619696,0.7298484606792711,0.0,0.0,0.0,0.0,0.0,0.45584814887392355,0.0,0.0,0.0,0.0,0.0
gex_possorted_bam_SJSO3:AGGTACGCAACAGCCTx-M1,0.0,0.0,0.0,0.0,0.0,0.0,0.0,0.0,0.0,0.0,0.3307658840510011,0.0,0.0,0.0,0.0,0.0,0.4733368916475448,0.06942640279108969,0.0,0.9738826399809668,0.3104670888244421,0.4171228241832293,0.041866375746708664,0.5228168416838262,0.0,0.0,0.43525373949791707,0.0,0.0,0.0,0.24719706103486735,0.0,0.043532963836867576,0.0,0.3933654760142437,0.0,0.07683007312947163,0.0,0.0,0.36947850247129493,0.0,0.09323266547365505,0.0,0.0,0.0,0.0,0.0,0.2785414547300582,0.0,0.0,0.0,0.0,0.5383742708316283
gex_possorted_bam_SJSO3:AGGGTTGCACGTGCTGx-M1,0.0,0.4092894305112618,1.0,0.1291346113566443,0.0,0.053728729802977236,1.0,0.0,1.0,0.2768118861464797,1.0,1.0,1.0,1.0,0.0,1.0,1.0,0.6325871199365983,1.0,0.0,0.0,0.0,0.0,0.0,1.0,0.31357695478340625,1.0,0.8213559163047512,0.20141472106144906,0.3115888682573303,1.0,0.0,0.0,0.1035394564288101,1.0,0.0,1.0,0.0,0.0,1.0,0.0,1.0,1.0,1.0,0.0,0.07414038963177724,1.0,1.0,0.3963354342465088,0.0,0.6452739864225874,0.23337522255030557,0.0
gex_possorted_bam_SJSO3:AGGTACGCAATTAACCx-M1,0.0,0.0,0.0,0.0,0.0,0.0,0.3984545461728025,0.0,0.8103424728890871,0.0,1.0,0.3766829200529345,0.0,0.9918929017447661,0.0,1.0,0.9713779406474508,0.1567233095505735,0.4067494120509169,0.0,0.0,0.0,0.0,0.0,0.7600146991825294,0.0,1.0,0.0,0.04977908530886959,0.0,0.0,0.0,0.0,0.0,1.0,0.0,1.0,0.0,0.0,1.0,0.0,1.0,0.6056244473376223,0.3057271883793172,0.0,0.0,0.6292823001447185,1.0,0.0,0.0,0.17168531194219294,0.0,0.0
gex_possorted_bam_SJSO3:AGGCAATCATGACTATx-M1,0.19729154374870625,0.5064699542244969,1.0,0.1631288398648406,0.6259447962739075,0.8789228259018548,0.5084418667048746,0.281877150780273,0.036030667805777274,0.797897837039044,0.4557989262409046,0.0,0.16149539012131658,0.0,0.5476131500990419,0.2799306430648088,0.7475955847822052,0.31745893226632643,0.0,1.0,0.8563917751080131,0.8189964133164194,0.35192665715393223,0.7711838436120287,0.0,0.12254379806036819,0.27192937325831495,0.2951445119891377,0.22203443871124764,0.3060559531805605,1.0,0.11708153390727452,0.3990140492324462,0.25737925403584455,0.3572204360483508,0.39698661444173255,0.32431233462490083,0.16430494706023743,0.37493867588695756,0.6693429081891145,0.32420271319754407,0.0,0.006445373998251012,1.0,0.4591162248173992,0.3294971897897433,0.0,0.0,0.36015990951414073,0.6166666277994888,0.06957589673068786,0.23345894198747147,1.0
gex_possorted_bam_SJSO3:AGGATATAGCGAAGTAx-M1,0.10326401416291217,0.6284155680365332,1.0,0.2742033758049766,1.0,1.0,1.0,0.7937489253430066,1.0,0.6892489895332659,1.0,0.0,0.329448088176686,0.30145045028397427,0.21870473444818114,0.07055249060130629,1.0,1.0,0.29959110236346465,1.0,0.9355816280164434,0.8133327717053256,0.3033798137190527,0.42587701830259306,0.3101683224567931,0.16668397571869473,0.7227439101904883,0.39936461185818994,0.7576821582751168,0.0,0.38287671591633915,0.43900683845814253,0.33989755614551703,0.21524133590111647,0.5683019037720687,0.31229490691468753,0.0,0.2348642067618456,0.5840536574421871,0.7053225494842402,1.0,0.3404493318870403,0.0,1.0,0.2736388885221061,0.32741725700225305,0.9061254304488371,0.002321666389202033,0.38967177986299534,0.5528486929153956,0.0,0.02519070357709703,1.0
gex_possorted_bam_SJSO3:AGGGCCTTCACGCCAAx-M1,0.0,0.992118545621208,1.0,0.018421969821796093,0.0,0.38913729274740033,1.0,0.24378992463283397,0.0,0.7343538367446978,0.0,0.6596422515579591,0.0,0.0,0.5916920848333833,0.5476411693766974,0.7103951086071997,0.0,0.0,1.0,0.4066351524052128,0.3487050157306532,0.05751250504675735,0.6429266461160038,0.0,0.0,0.07095686745597664,0.27468734627088287,0.0,0.0,1.0,0.0,0.1330210791538825,0.26239955376967106,0.44286194702382325,0.2568584963026187,0.2699915895652806,0.0,0.3635885272596068,1.0,0.1888013350641422,0.816161821895687,0.0,0.4127984878090133,0.07657797582837049,0.059315265143059626,0.0,0.0,0.19380555547648906,0.17985629841097117,0.0,0.0,0.6192348644074447
gex_possorted_bam_SJSO3:AGGCAATCATGTTGGCx-M1,0.0,0.0,0.1523834042123831,0.0,0.0,0.0,0.5218042473214936,0.0,0.9662386679425429,0.0,1.0,0.17793081733193863,0.18890093606367303,1.0,0.0,1.0,1.0,0.618884301323326,0.5897489972503547,0.0,0.0,0.0,0.0,0.0,0.9567841557267346,0.015685471144072094,1.0,0.0,0.07138869650884441,0.0,0.0,0.0077201092709962066,0.0,0.0,1.0,0.0,1.0,0.0,0.0,1.0,0.0,1.0,0.6414476200191995,0.6829828802803011,0.0,0.0,0.8290335812417616,1.0,0.0,0.0,0.15434599273744967,0.0076357065377492565,0.0
gex_possorted_bam_SJSO3:AGGTATTGTCCTAACTx-M1,0.03254614591245018,0.0,0.0,0.0,0.3004816383537632,0.21500065561908366,0.0,0.0,0.0,0.0,1.0,0.0,0.0,0.0,0.0,0.0,0.9446484391265807,1.0,0.0,1.0,0.5867160158335268,0.7300224236195703,0.1482998603003326,0.6359206804021228,0.0,0.0,0.46919331448624246,0.0,0.0,0.0,0.0,0.21300957719495284,0.12730570904688354,0.0,0.22249140878696738,0.0,0.0,0.033277112824456334,0.0,0.0,0.0,0.0,0.0,0.0,0.044164027664070904,0.0,0.0,0.3463801483157637,0.0,0.0,0.0,0.0,0.8072878382688449
gex_possorted_bam_SJSO3:AGGATGCAGCTTGCTCx-M1,0.0,0.0,0.029048044918438463,0.0,0.0,0.0,0.10957319522366499,0.006695547998213998,0.0,0.0,0.22737432363552232,0.09241235996647637,0.0,0.053308963595515194,0.0,0.2555507952128328,0.5243796592273362,0.0,0.0,0.32897358644389996,0.031010879532126213,0.0,0.0,0.19504154490704206,0.0,0.0,0.7099549937107299,0.0,0.0,0.0,0.0,0.0,0.0,0.0,0.7585125413625617,0.0,0.4526944394594174,0.0,0.0,0.6012455549652309,0.07212236498675544,0.6585364299007529,0.0,0.0,0.0,0.0,0.0,0.9362084038825239,0.0,0.0,0.0,0.0,0.0
gex_possorted_bam_SJSO3:AGGCGGATCTTCAATCx-M1,0.0,0.18899421262983643,0.3100900882441975,0.0,0.0,0.0,0.45016107005197253,0.03931092996337501,0.0,0.1027741458064003,0.02983607797160702,0.4119748201697018,0.0,0.0,0.14325248375085795,0.2696002331854022,0.47960977794111775,0.0,0.0,1.0,0.10126378186348645,0.07425460621942287,0.0,0.29241506589633387,0.0,0.0,0.5836830988711172,0.0,0.0,0.0,0.5060676725904059,0.0,0.0,0.08350832025255706,0.7565068700793045,0.0,0.4582940720315929,0.0,0.03674054286543154,0.7257947898763903,0.051420484454992046,0.6835614013483625,0.0,0.0,0.0,0.0,0.0,0.6017775638433085,0.0,0.0,0.0,0.0,0.1929263698723571
gex_possorted_bam_SJSO3:AGGCGGATCAAACACCx-M1,0.18768351781807976,0.011314771675712796,0.8196081464590995,0.14105802877754406,0.8366346600243892,1.0,0.0,0.04131100492708518,0.0,0.43657020708889216,1.0,0.0,0.08696291480480858,0.09280287191432188,0.30180889373067027,0.45255718726139077,1.0,1.0,0.2455881276267315,1.0,0.8144557110421592,0.8417022580884629,0.3102455436478981,0.6301209961377899,0.16696584752582763,0.12354211349601718,0.5730863809787025,0.26465819760366865,0.11057758399874795,0.38027489030018696,0.8927107997661804,0.301671642086863,0.27672255791366634,0.004827120192663446,0.5398605273581809,0.22763188368031645,0.3193300253977973,0.11758867157673834,0.19840234130036258,0.5207881442583601,0.0,0.19240318447026566,0.29027374124282873,0.9969815935957745,0.38049233147960326,0.16880170487278248,0.334575555995492,0.6470986783780798,0.21445452725697603,0.5221610086701859,0.0,0.2449204450501714,1.0
gex_possorted_bam_SJSO3:AGGCAATCAGGCTACTx-M1,0.0,0.0,0.0,0.0,0.13930847167919866,0.0,0.0,0.0,0.0,0.0,0.7695420123707885,0.0,0.0,0.0,0.0,0.0,0.7289594162507826,0.7408575597238141,0.0,0.807100302557991,0.3819097722132285,0.5840414055345551,0.08187911518638502,0.5763847430562041,0.0,0.0,0.4691513772279014,0.0,0.0,0.0,0.0,0.07794978090329799,0.07899281750484755,0.0,0.27589506532826913,0.0,0.0,0.00162686157610036,0.0,0.0409730498507581,0.0,0.0,0.0,0.0,0.0,0.0,0.0,0.27624986483464853,0.0,0.0,0.0,0.0,0.6632185438510321
gex_possorted_bam_SJSO3:AGGGCTACATCCCGCTx-M1,0.0,0.0,0.8630189206065951,0.0,0.0,0.0,1.0,0.0,1.0,0.0,0.8066960746898034,0.7067174194250164,0.14778972613851654,0.9099955484605732,0.0,1.0,0.9287196794947996,0.0,0.33726145952285097,0.0,0.0,0.0,0.0,0.0,1.0,0.03233440225343974,1.0,0.12510804175493584,0.07712513045804835,0.0,0.2985744793497591,0.0,0.0,0.0,1.0,0.0,1.0,0.0,0.0,1.0,0.0,1.0,1.0,1.0,0.0,0.0,1.0,1.0,0.0,0.0,0.17438920414206294,0.0,0.0
gex_possorted_bam_SJSO3:AGGTACGCATCGCTTTx-M1,0.0,0.32132838919603024,0.767448723393371,0.0011082892637492097,0.0,0.0,1.0,0.0,0.850695529659709,0.0,1.0,1.0,0.05141445038111124,1.0,0.0,1.0,1.0,0.5332800837095505,0.940051811832609,0.0,0.0,0.0,0.0,0.0,1.0,0.009426967746458388,1.0,0.12681963330758395,0.13488630894479034,0.0,0.15838010213773698,0.0,0.0,0.0,1.0,0.0,1.0,0.0,0.0,1.0,0.09082139429569895,1.0,1.0,1.0,0.0,0.0,0.7993009896300195,1.0,0.02211242437893485,0.0,0.23589646174086024,0.0,0.0
gex_possorted_bam_SJSO3:AGGTACGCACGAACAGx-M1,0.002684916959440212,0.0,0.0,0.0,0.0,0.0,0.0,0.0,0.08512636870482251,0.0,0.2315488005158117,0.0,0.0,0.0,0.03201506905663103,0.035387956243534094,0.38685091690794776,0.0,0.0,0.0,0.23863336368691287,0.059221567424426066,0.059375792860583386,0.1448913999522162,0.0,0.009077036056118386,0.8589382303550946,0.0,0.0,0.0,0.10877790138393231,0.07762437940273684,0.050486889197907885,0.05963844961399654,0.9677109208384509,0.0,0.5071915738921182,0.0094719700229275,0.0,0.7188524180148151,0.0,0.745571225687363,0.0,0.0,0.0,0.0,0.11329127423240175,0.9390876078600536,0.046812010448439016,0.0,0.10428151918567877,0.03206413329552322,0.17658450573813295
gex_possorted_bam_SJSO3:AGGACTAAGTGAGGTAx-M1,0.0,0.0,0.0,0.0,0.0,0.0,0.0,0.01142383500353022,0.0,0.0,0.44760748259851174,0.0,0.0,0.0,0.07280533628581892,0.0,0.7791544946685445,0.4451261960899415,0.0,0.947634480261278,0.30685529253248484,0.35990555897161486,0.04785877820048924,0.5032498621629763,0.0,0.0,0.4092185104165088,0.0,0.0,0.0,0.0,0.0,0.054333830401704544,0.0,0.3982935288227997,0.0,0.0,0.0,0.04294628666129418,0.25920060483001733,0.044151117545022774,0.39052200131940484,0.0,0.0,0.0,0.0,0.0,0.319339988817242,0.0,0.0,0.0,0.0,0.21713382093569925
gex_possorted_bam_SJSO3:AGGTAACCATTGTCCTx-M1,0.0,0.0,0.5453535866667247,0.0,0.03475000282392645,0.0,0.07367368594426792,0.094601215145661,0.025647306736993024,0.08268082322983066,0.16150541281501854,0.0,0.0,0.0,0.08642024317701995,0.0,0.5380977323089495,0.0,0.0,1.0,0.4546397370462867,0.4954263857313575,0.0682703532844001,0.6698466265200881,0.0,0.0,0.35294388346951755,0.0,0.047309911265548926,0.0,0.371489105287382,0.006662724915795841,0.13773548977262132,0.04285277218059701,0.3854175643493339,0.06686902846867171,0.16577767001391175,0.011480177454511126,0.09733577507922783,0.6344844056706247,0.1530869344433763,0.0,0.0,0.0,0.079045203971286,0.0,0.0,0.09043122100113518,0.0,0.05805089315591919,0.0,0.0,0.8158558895685717
gex_possorted_bam_SJSO3:AGGACGTAGTTTGGTAx-M1,0.0,0.2946223605084387,1.0,0.07321434241277401,0.6861710944646388,0.39889925728008163,1.0,0.3760217900098179,1.0,0.0,1.0,0.0,0.6864114446036471,1.0,0.0,1.0,1.0,1.0,0.8335910095012188,0.6203650243346865,0.0,0.0,0.0,0.0,1.0,0.16135049271607524,1.0,0.0,0.4601973113910764,0.0,0.2886568534873324,0.6290507888516428,0.0,0.0,1.0,0.0,1.0,0.0,0.0,1.0,0.8784169922192784,1.0,0.897919431229392,1.0,0.0,0.11695446952603718,1.0,1.0,0.15320611643856488,0.0765843478427212,0.12054603347859306,0.0,1.0
gex_possorted_bam_SJSO3:AGGTACGCACCTCACCx-M1,0.049867788463745406,0.0,0.0,0.0,0.36909500823597036,0.11108837654638454,0.0,0.0,0.0,0.0,0.9571210778510879,0.0,0.0,0.0,0.0,0.0,0.8968794551461485,1.0,0.0,0.8487284333547995,0.5765561913179199,0.6864345923028216,0.14035777108051756,0.7081775425658925,0.0,0.0,0.4684476585781482,0.0,0.0,0.0,0.0,0.11246114936489811,0.12241454201463493,0.0,0.2206327489153143,0.0,0.0,0.0730469913287383,0.0,0.0,0.0,0.0,0.0,0.0,0.018584414344678845,0.0,0.0,0.3468919475783071,0.0,0.0,0.0,0.0,0.8799474738751024
gex_possorted_bam_SJSO3:AGGTAACCAAGACTCCx-M1,0.11182860400117797,0.0,0.0,0.003921832441128757,0.22559548887905692,0.17734269690402793,0.0,0.01264920419016527,0.0,0.0,0.6646968559651024,0.0,0.0,0.0,0.06660720284785253,0.0,0.6068457142130346,0.5888399219641512,0.0,1.0,0.6004109670339908,0.7551379177926588,0.19179414565048392,0.7374262431999297,0.0,0.0,0.4195705539980437,0.0,0.0,0.02020429291982639,0.0,0.17583622168254054,0.22101629867522016,0.0,0.2621331823091088,0.06624395132038233,0.0,0.056621301755241896,0.046316561315973295,0.04595332306746373,0.0,0.0,0.0,0.0,0.1235283596112101,0.06259771814962012,0.0,0.2453187312581747,0.0,0.061111070835702094,0.0,0.02900762802275049,0.9074018940217331
gex_possorted_bam_SJSO3:AGGATTGAGTCTTGAAx-M1,0.0,0.1767675439832347,0.0,0.0317196665312552,0.0,0.0,0.3989000456111563,0.02781564262651567,0.8509797931284341,0.0,1.0,0.19084761637122186,0.7391083726248712,1.0,0.0,1.0,0.8401698343166615,0.28287541384377063,0.9622186299498438,0.0,0.0,0.0,0.0,0.0,1.0,0.12155309539464236,1.0,0.0,0.4651708442167156,0.0,0.0,0.11757004656609121,0.0,0.04812008642342589,1.0,0.0,1.0,0.0,0.0,1.0,0.15846059553223318,0.9668079200129347,0.8656549970337595,0.9945116605749703,0.0,0.019501159158590662,1.0,1.0,0.0,0.0,0.6808603341694068,0.037617079733865494,0.0
gex_possorted_bam_SJSO3:AGGCAGGTCAGTGAAGx-M1,0.0,0.5236936250424221,1.0,0.2130238440850802,0.0,0.0,1.0,0.036699822559818636,1.0,0.2333342399871544,1.0,0.7077557738329464,1.0,1.0,0.0,1.0,1.0,0.3679458837425544,1.0,0.0,0.0,0.0,0.0,0.0,1.0,0.3689731635677248,1.0,0.8339738295882883,0.7243252347349385,0.3424720016635479,1.0,0.0,0.0,0.1836087027128214,1.0,0.0,1.0,0.0,0.0,1.0,0.0,1.0,1.0,1.0,0.0,0.1305356773507571,1.0,1.0,0.4250423661906857,0.16684115917201015,0.7488617743907142,0.24770432002524112,0.07474371672935687
gex_possorted_bam_SJSO3:AGGATGCAGCTTTGGGx-M1,0.3300505161175416,0.0,0.5927819343021897,0.32346578448013075,1.0,0.9380647208158154,0.0,0.32834568540176023,0.0,0.7087878224577493,0.7909528916014131,0.0,0.0,0.0,0.7885819700017662,0.28609378846789485,1.0,0.8032102558509001,0.0,1.0,0.9962798638250216,1.0,0.5025420459928743,0.7256195912916139,0.0,0.15878280574434606,0.38616801137605294,0.15066083753038775,0.26472129957844237,0.35901568067804107,0.47160036612743667,0.15079809819210344,0.4559238329336407,0.3325035181525725,0.04840659201041197,0.4501171597745131,0.0011242277318101472,0.27638027237805474,0.35050010618035743,0.3784332506905043,0.0,0.0,0.0,0.7323047798374723,0.5425925013751296,0.24252633322972805,0.015849330317756656,0.0,0.26713647073729985,0.5330374113148169,0.0,0.3162463094381305,1.0
gex_possorted_bam_SJSO3:AGGATGCAGCCTCTCGx-M1,0.0,0.07183462284274297,0.9098616760781032,0.0,0.0,0.0,1.0,0.0,1.0,0.0,1.0,0.7019891930925726,0.20586392845737825,1.0,0.0,1.0,1.0,0.45393449576976624,0.8723338178155748,0.0,0.0,0.0,0.0,0.0,1.0,0.06409562587964014,1.0,0.2524665733238738,0.0,0.0,0.5571398813354506,0.0,0.0,0.0,1.0,0.0,1.0,0.0,0.0,1.0,0.0,1.0,1.0,1.0,0.0,0.0,1.0,1.0,0.012369678545137982,0.0,0.24582306856221547,0.005980032140843287,0.0
gex_possorted_bam_SJSO3:AGGCCCAGTTTCAGGAx-M1,0.0,0.6518271361563518,1.0,0.01482979297947196,0.30709318178781386,0.47953582282617535,0.7517200943459748,0.2223416682676952,0.0,0.7047743004927156,0.16106111144045637,0.0,0.0,0.0,0.42135440140448543,0.21973752195351479,0.6114211566437902,0.0,0.0,1.0,0.6541697536137044,0.6611801671257036,0.15949962258534525,0.6613603508248149,0.0,0.0,0.21885211543425007,0.22427352019614524,0.0,0.046585931371722664,1.0,0.0,0.21178634415743436,0.1435076283706296,0.3874928177365648,0.27275220066011385,0.21316706246495284,0.0,0.27845848256721795,0.8854228315575118,0.05394586361512456,0.12714069558006189,0.0,0.9643064046468669,0.177034384812552,0.16394595744848622,0.0,0.0,0.2660607740488244,0.3933244717857579,0.029908605246362633,0.04351110861040536,1.0
gex_possorted_bam_SJSO3:AGGATATAGCTTAACAx-M1,0.08228266505385899,0.0,0.0,0.0,0.44906961427085673,0.4999760229976929,0.0,0.0,0.0,0.0,1.0,0.0,0.0,0.0,0.0,0.0,1.0,1.0,0.0,1.0,0.783700426766922,0.8668360690357145,0.20365240756287678,0.7409388584185085,0.0,0.0,0.41914549220234804,0.0,0.0,0.06020647264496647,0.0,0.19727011921570167,0.1815293624244922,0.0,0.16800515006851466,0.0,0.0,0.03461646479104006,0.0,0.0,0.0,0.0,0.0,0.0,0.09307751334365477,0.0,0.0,0.24888209341880554,0.0,0.0,0.0,0.0,1.0
gex_possorted_bam_SJSO3:AGGTTGCGTTTCCGGCx-M1,0.012113470490921752,0.0,0.0,0.0,0.3973715049354836,0.15473790930040465,0.0,0.0,0.0,0.0,0.9163067732992133,0.0,0.0,0.0,0.0,0.0,0.7898092585780802,1.0,0.0,1.0,0.5754832417116582,0.7774836910726048,0.14860934020278624,0.6663544226630366,0.0,0.0,0.35200290430341674,0.0,0.0,0.0,0.0,0.19675998788327687,0.11027760438282302,0.0,0.15034172294854034,0.0,0.0,0.014918947440110806,0.0,0.0,0.0,0.0,0.0,0.0,0.05379958326356432,0.0,0.0,0.19266097396663903,0.0,0.0,0.0,0.0,0.9095056733561634
gex_possorted_bam_SJSO3:AGGTTAGAGGACCTTGx-M1,0.05664200603900682,0.0,0.5340352435382733,0.0,0.9645392827385613,0.9656907616653708,0.0,0.0,0.0,0.21910029338543574,1.0,0.0,0.0,0.0,0.1496779901918365,0.0,1.0,1.0,0.0,1.0,0.7529822576945474,0.9436396854996052,0.29191510532793274,0.7016441418947571,0.0,0.04690467342024538,0.44715701617402287,0.0,0.0,0.25654163907282396,0.0,0.39128922923067844,0.22391447727807112,0.0,0.16250224168896746,0.04056346705188006,0.0,0.044035127736391656,0.0328408158024911,0.0,0.17557927330021073,0.0,0.0,0.0,0.2750180965638473,0.0030436564000066333,0.0,0.2110765577431063,0.0,0.37353751258916346,0.0,0.051174953101822775,1.0
gex_possorted_bam_SJSO3:AGTAAGTAGTTTCCTGx-M1,0.02025755232421423,0.0,0.0,0.0,0.037297540723035615,0.156493884939376,0.0,0.0,0.0,0.0,1.0,0.0,0.0,0.0,0.0,0.0,1.0,1.0,0.0,0.6019434616291087,0.48815024877438473,0.6092175524220894,0.12474202674707865,0.5437409005925188,0.0,0.0,0.5100547898761809,0.0,0.0,0.0,0.0,0.08039087597730192,0.08925713103692585,0.0,0.3179982584323494,0.0,0.0,0.0354233003861162,0.0,0.0,0.0,0.0,0.0,0.0,0.0,0.0,0.0,0.4875097959803251,0.0,0.0,0.0,0.0,0.6392608610471651
gex_possorted_bam_SJSO3:AGGTTTATCTGGCATGx-M1,0.0,0.0,0.16193206771388685,0.0,0.0,0.0,0.5728039540431031,0.0,0.4736263849971104,0.0,0.6200633593117518,0.6407303338965936,0.0,0.77552763390103,0.0,1.0,0.7949141978973379,0.0,0.10965113513177122,0.0,0.0,0.0,0.0,0.0,0.39225033893238914,0.0,1.0,0.0,0.03380237955007121,0.0,0.0,0.0,0.0,0.0,1.0,0.0,1.0,0.0,0.0,1.0,0.06573832793590319,1.0,0.19062268111519814,0.0,0.0,0.0,0.22035454023795806,1.0,0.0,0.0,0.039278070454896064,0.0,0.0
gex_possorted_bam_SJSO3:AGGTCTTAGTCAGTACx-M1,0.1411419924042651,0.0,0.0,0.0,0.3354975350372129,0.16042259514903456,0.0,0.0,0.0,0.0,0.8075259962210677,0.0,0.0,0.0,0.0,0.0,0.8215656736916129,0.8856632514343339,0.0,1.0,0.9589266735922052,0.8243315409909016,0.3068413425371829,0.6878942083022214,0.0,0.0,0.37791398891809996,0.0,0.0,0.0,0.0,0.009705998316485703,0.244554952242882,0.0,0.19659245506011197,0.0,0.0,0.06056996841889408,0.1368548825671832,0.0,0.0,0.0,0.0,0.0,0.20227644348772758,0.0,0.0,0.22924874641049173,0.0,0.0,0.0,0.028789285624787726,0.9700339298794278
gex_possorted_bam_SJSO3:AGGTTAGAGAACCTGTx-M1,0.11986115054909956,0.0,0.0,0.01269037104380736,0.36475661324704767,0.4052782005003679,0.0,0.058121776641693476,0.0,0.0,0.8703451230514891,0.0,0.0,0.0,0.09673263211800144,0.0,0.7572043797254834,0.9095414356793768,0.0,1.0,0.7773010245909445,0.8098505974171414,0.2590875087381669,0.7591890169604572,0.0,0.0,0.3599621059261003,0.0,0.0,0.02014801200807285,0.19333852240741978,0.16236954526442626,0.21415293914487707,0.0,0.17378871295158257,0.10147027749433407,0.0,0.06020623487766769,0.09082940897356949,0.10053125511611401,0.0,0.0,0.0,0.0,0.1676129238092281,0.09292096134461555,0.0,0.23288103113437392,0.0,0.065566956200104,0.0,0.07976010820136213,0.9454758052344994
gex_possorted_bam_SJSO3:AGTAACACATCTTGAGx-M1,0.00881730312133623,0.0,0.0,0.0,0.17401444419306056,0.07827967129582744,0.0,0.0,0.0,0.0,0.8605119283263526,0.0,0.0,0.0,0.0,0.0,0.784208868010123,0.9120663622120222,0.0,0.9481628650597071,0.45575188697916713,0.6223743962635717,0.1005362079184033,0.5712525223204934,0.0,0.0,0.5033741337122694,0.0,0.0,0.0,0.0,0.046787191226756654,0.09659262122582593,0.0,0.29261877087191307,0.0,0.0,0.05967649052741681,0.0,0.006548230374138866,0.0,0.0,0.0,0.0,0.03194956598126741,0.0,0.0,0.3666051134789197,0.0,0.0,0.0,0.0,0.7597776089620948
gex_possorted_bam_SJSO3:AGTAACACATTGTGTGx-M1,0.11934941802107066,0.0,0.13450236693664955,0.01029809993621843,0.29430189840082366,0.7469233339587815,0.0,0.03252101977036238,0.0,0.0,1.0,0.0,0.0,0.0,0.14273146329406827,0.0,1.0,1.0,0.0,1.0,0.8469406330126344,0.8679395682791626,0.2100131327551714,0.8968962245929445,0.0,0.0,0.33252257052107387,0.06311390843831771,0.0,0.10635956113521668,0.42258296356020947,0.012499593378183179,0.22761033739133496,0.0,0.26557436604094886,0.15939464684378152,0.0,0.03834598654221823,0.1489938466014932,0.3997025344000688,0.0,0.025155956275499856,0.0,0.0,0.23410758284693806,0.030320646102594162,0.0,0.06167475839658231,0.0,0.12683639811170405,0.0,0.03093155809786992,1.0
gex_possorted_bam_SJSO3:AGGTTTATCGCGCTAAx-M1,0.10264258248772247,0.0,0.7889937013593682,0.017449477964205436,0.8450823560739804,1.0,0.0,0.0,0.0,0.412712803556329,1.0,0.0,0.0,0.0,0.24923806667512266,0.0,1.0,1.0,0.0,1.0,0.8302206393452418,1.0,0.3068184164893876,0.8688566810090943,0.0,0.017709208984243396,0.2739872007971195,0.0,0.0,0.2986148255370847,0.9717554566393622,0.2563771104452648,0.2730080354776356,0.0,0.19626022557923672,0.1940763477427904,0.0,0.02751738488100088,0.1457088176226196,0.2738759602266906,0.0,0.0,0.0,0.2161699430247691,0.37629559898631026,0.1555620448975883,0.0,0.0,0.13676368037064818,0.4215301715593854,0.0,0.13709607734363358,1.0
gex_possorted_bam_SJSO3:AGGTTGCGTCGCAAACx-M1,0.04479981243112112,0.0,0.43781936414989286,0.0,0.3147393576777008,0.567640965997995,0.0,0.0,0.0,0.1033804812759813,0.9612971027136854,0.0,0.0,0.0,0.12490545684301366,0.0,0.952715182276705,1.0,0.0,1.0,0.7734699677005208,0.8134643587197142,0.16705397161736057,0.8049365813174111,0.0,0.0,0.35465860187012527,0.0,0.0,0.06749713995169694,0.7618486600491529,0.11385494109086013,0.19547046142946847,0.0,0.24414343450556114,0.10134053077602014,0.0,0.01938014974605195,0.07144617852755845,0.33094445396360606,0.0,0.0,0.0,0.0,0.1546060194859237,0.05570471782958737,0.0,0.1746797992602645,0.028033430899533144,0.09881113498682417,0.0,0.030057687116965676,1.0
gex_possorted_bam_SJSO3:AGGTTACTCCGGTTGAx-M1,0.09319893541483096,0.0,0.0,0.0,0.33693570822980495,0.5605389623709526,0.0,0.0,0.0,0.0,1.0,0.0,0.0,0.0,0.0,0.0,1.0,1.0,0.0,1.0,0.7376726181307551,0.8851091032605033,0.17949762934435246,0.7883033628089123,0.0,0.0,0.3770436794415102,0.0,0.0,0.07882439758774594,0.0,0.022690011834524366,0.18320911551459787,0.0,0.1640097158024284,0.0,0.0,0.04673130649156173,0.0,0.0,0.0,0.0,0.0,0.0,0.07009606300352192,0.0,0.0,0.2091390329011991,0.0,0.0,0.0,0.0,0.9707464582619076
gex_possorted_bam_SJSO3:AGGTTTATCCTAACGGx-M1,0.04153169672370591,0.0,0.055747834441427925,0.0,0.43441761456912553,0.3365655093196955,0.0,0.0,0.0,0.0,1.0,0.0,0.0,0.0,0.0,0.0,1.0,1.0,0.0,1.0,0.6472146777592549,0.7746751982341524,0.1642267461425643,0.6216066368103921,0.0,0.0,0.4940642850925734,0.0,0.0,0.0,0.0,0.17317121726605364,0.15851040908292247,0.0,0.23056681857284408,0.0,0.0,0.016186359911039245,0.0,0.0,0.0,0.0,0.0,0.0,0.049902933380108136,0.0,0.0,0.40136545338856533,0.0,0.0,0.0,0.0,0.9859825004163237
gex_possorted_bam_SJSO3:AGGTTTGGTAATGACTx-M1,0.046687855922702894,0.0,0.0,0.0,0.22556954726205664,0.088673661041374,0.0,0.0,0.0,0.0,0.8560885866444241,0.0,0.0,0.0,0.0,0.0,0.8297945695786443,1.0,0.0,1.0,0.5938443772747141,0.681779431669205,0.13642287670769962,0.6682891375787566,0.0,0.0,0.4741343762642875,0.0,0.0,0.0,0.0,0.0723338159785069,0.15379195811181612,0.0,0.26172883519962575,0.0,0.0,0.0367927454154633,0.0,0.0,0.0,0.0,0.0,0.0,0.07843852406808813,0.0,0.0,0.2995652520934582,0.0,0.0,0.0,0.0,0.8857315600797427
gex_possorted_bam_SJSO3:AGGTTAGAGGCTAAGAx-M1,0.044232558966201554,0.0,0.23975444216418237,0.0,0.6639367740257435,0.31229036875037286,0.0,0.0,0.0,0.0,1.0,0.0,0.0,0.0,0.0,0.0,1.0,1.0,0.0,1.0,0.6925865221984664,0.7821611644747479,0.19952816788366934,0.7083020278578418,0.0,0.009297649013966677,0.5040274067403427,0.0,0.0,0.057995103118403536,0.0,0.41756372119653085,0.1959865138151432,0.0,0.1821059645528203,0.0,0.0,0.0,0.0,0.0,0.2491742750545248,0.0,0.0,0.0,0.14323960651169032,0.0,0.0,0.278004370732882,0.0,0.16314472156516974,0.0,0.0,1.0
gex_possorted_bam_SJSO3:AGGTCAAAGAGAGGAGx-M1,0.0,0.0,0.0,0.0,0.0,0.0,0.4222765497524754,0.049437353077433785,0.928991525375255,0.0,0.9199853375521797,0.1764096362117511,0.028156957189862605,1.0,0.0,1.0,0.9923761043874668,0.6875100283091367,0.7084111390592162,0.0,0.0,0.0,0.0,0.0,1.0,0.029340380494778207,1.0,0.0,0.13792166429716973,0.0,0.0,0.0,0.0,0.0,1.0,0.0,1.0,0.0,0.0,0.7835504345325068,0.0,1.0,0.4550158732910051,0.0,0.0,0.0,0.8121955707886934,1.0,0.0,0.0,0.36380586343353727,0.0,0.0
gex_possorted_bam_SJSO3:AGGTCCGGTAGGTTGCx-M1,0.07065106113011509,0.0,0.0,0.0,0.22385211427311405,0.2598785827653233,0.0,0.0,0.0,0.0,0.8306001951302248,0.0,0.0,0.0,0.07040293604778665,0.0,0.8677858491838375,0.9509944505202088,0.0,1.0,0.684370300549062,0.736072272685895,0.16203912467264667,0.7142445196127654,0.0,0.0,0.32980406252343564,0.0,0.0,0.008963309841363069,0.0,0.0,0.1738212469574225,0.0,0.19979813356012288,0.03520834669063813,0.0,0.07253951185322165,0.07636596504337849,0.025358201313517407,0.0,0.0,0.0,0.0,0.08524574910529487,0.0,0.0,0.11286544969891071,0.0,0.0,0.0,0.0,0.7119832157339143
gex_possorted_bam_SJSO3:AGGTCATTCTTAGTCTx-M1,0.0,0.43542109498745674,1.0,0.12466130778231943,0.46241044287325955,0.19717523578772536,1.0,0.4059840712359233,1.0,0.0,1.0,0.0,0.9453275617645733,1.0,0.0,1.0,1.0,1.0,1.0,0.0,0.0,0.0,0.0,0.0,1.0,0.24308492814584828,1.0,0.06294448426352557,0.643827377094312,0.0,0.5235224284722458,0.5510486768852674,0.0,0.07826338604408618,1.0,0.0,1.0,0.0,0.0,1.0,0.8875342838811838,1.0,1.0,1.0,0.0,0.13406814579907034,1.0,1.0,0.2371649759261934,0.08589709265735807,0.23707461614264536,0.0276259000698124,0.645816993984059
gex_possorted_bam_SJSO3:AGGTCAAAGTGAGGTAx-M1,0.0,0.0,0.0,0.06019570354046841,0.0,0.0,0.7551844197927419,0.07024155596201229,1.0,0.0,1.0,0.5105377162553306,0.07396005940679042,1.0,0.0,1.0,1.0,0.8811552886143564,0.9694656645625591,0.0,0.0,0.0,0.0,0.0,1.0,0.117209469194424,1.0,0.08032584252435657,0.09815037243841743,0.0,0.0,0.0,0.0,0.0048911323042465,1.0,0.0,1.0,0.0,0.0,1.0,0.019395526181105884,1.0,0.9065001370741055,0.5183901222453097,0.0,0.0,1.0,1.0,0.0,0.0,0.38543072411462737,0.0,0.0
gex_possorted_bam_SJSO3:AGGTTAGAGCGGATAAx-M1,0.0,0.3172333458977688,1.0,0.05223237247067583,0.0,0.0,1.0,0.0,1.0,0.04148880634457045,1.0,0.9289574549865759,0.5554775136117007,1.0,0.0,1.0,1.0,0.04343593695386628,0.9237652940938974,0.0,0.0,0.0,0.0,0.0,1.0,0.166011061936967,1.0,0.4583384031115911,0.47787404775616366,0.03302494134544774,1.0,0.0,0.0,0.048797631723166236,1.0,0.0,1.0,0.0,0.0,1.0,0.0,1.0,1.0,1.0,0.0,0.0,1.0,1.0,0.17635332146394134,0.0,0.4217971088382265,0.07653539943595132,0.0
gex_possorted_bam_SJSO3:AGGTCTTAGCAAACCTx-M1,0.0,0.027314061296623962,1.0,0.028758151807893043,0.38017641906907346,0.24632252134748409,1.0,0.3180935223941748,1.0,0.0,1.0,0.0,0.3260573121331193,0.5151287111433819,0.0,0.5493514978046807,1.0,1.0,0.3907507336791653,1.0,0.1417277406889867,0.06230949906871321,0.0,0.0,0.8583373635283538,0.05001636853725285,1.0,0.0,0.1997721319106973,0.0,0.05020254720034912,0.4888089664380591,0.0,0.0,1.0,0.0,0.9978751623129495,0.0,0.0,0.9393147215910801,0.658033286169213,0.8451770156496422,0.4172438193048479,1.0,0.0,0.03457468345599736,1.0,1.0,0.04746494958908843,0.008889468573132116,0.0,0.0,0.971360068823636
gex_possorted_bam_SJSO3:AGTAACACAGAAACGTx-M1,0.10477484853867794,0.0,0.48995991246517245,0.0,1.0,1.0,0.0,0.0,0.0,0.22844550198890554,1.0,0.0,0.0,0.0,0.1751542456403223,0.0,1.0,1.0,0.0,1.0,0.9494137095445494,1.0,0.3143277030321306,0.773159033056989,0.0,0.042050362155497435,0.36832178609273863,0.0,0.0,0.2701005734598207,0.3071177871227877,0.36160480191111116,0.2683718751770299,0.0,0.0908777882188514,0.07382678175778747,0.0,0.0008903022639255408,0.04149547394043428,0.0,0.0,0.0,0.0,0.0,0.41106857608891567,0.015586767133535387,0.012947680043950433,0.22582585499782076,0.05525054012857556,0.3472649521779933,0.0,0.11335694772153716,1.0
gex_possorted_bam_SJSO3:AGTAAACAGACAGGCGx-M1,0.0,0.0,0.0,0.0,0.0,0.0,0.42730381417049623,0.0,0.9489357601194234,0.0,1.0,0.27632109903893093,0.0,1.0,0.0,1.0,1.0,0.9617670428735146,0.889036190626995,0.0,0.0,0.0,0.0,0.0,1.0,0.015477880547177405,1.0,0.0,0.09791429475056239,0.0,0.0,0.0,0.0,0.0,1.0,0.0,1.0,0.0,0.0,0.908430729072108,0.0,1.0,0.5706359074219614,0.0,0.0,0.0,0.8523008027830853,1.0,0.0,0.0,0.2870297015563078,0.0,0.0
gex_possorted_bam_SJSO3:AGGTTGCGTCATGAGCx-M1,0.0,0.2033890506367985,1.0,0.08499808053750967,0.23942298791857644,0.8227955618195305,1.0,0.07420141537344449,0.8872650801513086,0.12684644048016358,1.0,0.0,0.4819354769197907,1.0,0.0,1.0,1.0,1.0,0.8440547956679945,0.8415624148517266,0.25238953884189724,0.0,0.0,0.0,1.0,0.09242756221723596,1.0,0.34354119764101165,0.004777152078299305,0.05261574429571619,0.8404976498410924,0.22546089272234043,0.0,0.0,1.0,0.0,1.0,0.0,0.0,1.0,0.15865892667436324,1.0,1.0,1.0,0.010223611552525373,0.0672403983013851,1.0,1.0,0.1790422053659856,0.20049088316266078,0.266490032857543,0.04351607236203247,0.961689990696238
gex_possorted_bam_SJSO3:AGGTGAATCAGGATGAx-M1,0.020009067012255834,0.0,0.1510921611131442,0.0,0.32896909601262675,0.18173319329758084,0.0,0.0,0.0,0.0,0.7812548078173469,0.0,0.0,0.0,0.0,0.0,0.7513346150981135,0.757404755039806,0.0,1.0,0.6218342130564886,0.752339922539399,0.15512931411282027,0.7030316342112752,0.0,0.0,0.35863335030521737,0.0,0.0,0.0,0.0,0.24237141228544928,0.14250191722732128,0.0,0.18702522100702187,0.001203385802816809,0.0,0.03645939322721096,0.0,0.0686297839262178,0.0,0.0,0.0,0.0,0.05251039052428762,0.0,0.0,0.18960934542801539,0.0,0.0,0.0,0.0,1.0
gex_possorted_bam_SJSO3:AGGTTACTCTAGCTAAx-M1,0.0,0.19924384530321712,0.3589460258111063,0.01998866797466527,0.0,0.0,1.0,0.0,0.9430038248636257,0.0,1.0,1.0,0.0,1.0,0.0,1.0,1.0,0.9457923840872086,1.0,0.0,0.0,0.0,0.0,0.0,1.0,0.04993640494620043,1.0,0.11559980895545507,0.07439561368942689,0.0,0.0,0.0,0.0,0.0,1.0,0.0,1.0,0.0,0.0,1.0,0.12969296099238234,1.0,0.9623491747595908,1.0,0.0,0.0,0.9191833570988351,1.0,0.0,0.0,0.24506353916218204,0.0,0.0
gex_possorted_bam_SJSO3:AGGTATTGTTAATGACx-M1,0.041163263863211355,0.0,0.45870037527884283,0.0,0.7176504114911347,0.43162928505606174,0.0,0.0,0.0,0.07004826510407818,0.9982808616020399,0.0,0.0,0.0,0.06822511122201373,0.0,1.0,1.0,0.0,1.0,0.613019852019507,0.8433664277410517,0.19986964400736468,0.643030059678847,0.0,0.0,0.4638746137424195,0.0,0.0,0.1744189122002951,0.0,0.31230324333584336,0.20394942895479962,0.0,0.15246572614156528,0.0,0.0,0.004557442448741662,0.008754993510390116,0.0,0.11964971868265223,0.0,0.0,0.0,0.19550898169383524,0.0,0.0,0.2009657621233145,0.0,0.2218708305446133,0.0,0.0,1.0
gex_possorted_bam_SJSO3:AGTAATCGTAACGTGCx-M1,0.0,0.12361466934914271,1.0,0.011988043263202238,0.0,0.0,1.0,0.0,1.0,0.0,1.0,0.9751601537965188,0.5493410011100293,1.0,0.0,1.0,1.0,0.1972945753203275,0.8052616228133321,0.0,0.0,0.0,0.0,0.0,1.0,0.1482214349560247,1.0,0.31127684456549154,0.0,0.03173624239430596,1.0,0.0,0.0,0.0,1.0,0.0,1.0,0.0,0.0,1.0,0.0,1.0,1.0,1.0,0.0,0.0,1.0,1.0,0.098352487773037,0.0,0.4006292867049027,0.07412776680643823,0.0
gex_possorted_bam_SJSO3:AGTAAGTAGACAAAGTx-M1,0.0,0.2134148979694037,1.0,0.03955676635769804,0.0,0.46503517101528197,1.0,0.0,1.0,0.005576929754470729,1.0,0.48815524344985706,0.6300185250974609,1.0,0.0,1.0,1.0,1.0,1.0,0.0,0.0,0.0,0.0,0.0,1.0,0.1902150868934051,1.0,0.3108244675957698,0.09787066810853333,0.2044315758103383,1.0,0.0,0.0,0.0,1.0,0.0,1.0,0.0,0.0,1.0,0.0,1.0,1.0,1.0,0.0,0.0,1.0,1.0,0.16854951677574917,0.0,0.2234385519003045,0.12443842295132856,0.0
gex_possorted_bam_SJSO3:AGTAACACAGGTCCTGx-M1,0.209746918542908,1.0,1.0,0.22027206527934032,0.42477780361027057,0.9548632941043746,1.0,0.5120980667193983,0.3468597241725304,1.0,0.0,0.45915645668741806,0.07642719017274925,0.0,0.7885768252797887,0.5043238838306535,0.6139733323613649,0.0,0.0,1.0,0.7140882160845511,0.734114149047946,0.3396336929318756,0.9110534488947302,0.03717082884158461,0.1183145207789169,0.0,0.4756003370237946,0.5248745098073379,0.2612490654783527,1.0,0.0,0.41394435217282727,0.4645897438446807,0.23010442621927765,0.6312128347989323,0.41817973497202376,0.28313160776547647,0.6080677279237522,1.0,0.353294889606335,0.3654454962106894,0.0,1.0,0.4111580762666734,0.4473409463342368,0.1398170607531194,0.0,0.5019905421289923,0.7016341231786037,0.1271360526490299,0.22727884558660155,1.0
gex_possorted_bam_SJSO3:AGGTTACTCCCTGGTTx-M1,0.1305769016755843,0.0,0.0,0.0,0.5287083303686969,0.9169841798150296,0.0,0.0,0.0,0.0,1.0,0.0,0.0,0.0,0.03721846457313622,0.0,1.0,1.0,0.12323420995489348,1.0,0.9529286380683404,1.0,0.2448304914925126,0.824062867536206,0.0,0.0,0.2930163049527655,0.0,0.0,0.08053138798595451,0.0,0.11905435926229496,0.22896418852944575,0.0,0.08984557569470934,0.012629068131430563,0.0,0.09261005456062997,0.01634157585152258,0.0,0.0,0.0,0.0,0.0,0.1850504924552466,0.0,0.0,0.22520417347729368,0.0,0.0,0.0,0.04528695342864823,1.0
gex_possorted_bam_SJSO3:AGTAACCTCTTTGTACx-M1,0.006132642574148289,0.9807383652501815,1.0,0.09793772821141541,0.08459612556429037,0.41729550552314404,1.0,0.3250892776924906,0.0,0.9190431762962857,0.0,0.5580532482500228,0.0,0.0,0.6438694473454301,0.4364205600185357,0.3170846363125868,0.0,0.0,1.0,0.5271302840354484,0.5020068380492347,0.18543067400143037,0.6471869535206897,0.0,0.0,0.10633272672287677,0.4308861115784819,0.3672608182348333,0.0721058832134515,1.0,0.0,0.24127399526605026,0.3696211700676686,0.47881786982720287,0.4084791262575231,0.48158930749118634,0.044773461142170845,0.3891179000278025,1.0,0.2641405121258011,0.5227193697569901,0.0,1.0,0.1828449860236666,0.24939309083700767,0.0,0.0,0.39079535044448027,0.4716126637647418,0.07332574086878596,0.07891581917459947,1.0
gex_possorted_bam_SJSO3:AGGTCAAAGCCGCTTTx-M1,0.03500843151835035,0.0,0.0,0.0,0.20190710961295447,0.20555382286166787,0.0,0.0,0.0,0.0,0.7927235600465047,0.0,0.0,0.0,0.0005879018424979764,0.0,0.7810447128803609,0.8176898878412596,0.0,1.0,0.6756484167177711,0.7313583385351821,0.14557118684890308,0.6912229651801732,0.0,0.0,0.34176967234756134,0.0,0.0,0.0,0.030377347676254586,0.0,0.15445053914874313,0.0,0.23569692907737097,0.0020553696126798973,0.0,0.010957352069317092,0.019497342489287254,0.10310154701055009,0.0,0.0,0.0,0.0,0.028278348917577356,0.0,0.0,0.12371176065750629,0.0,0.0,0.0,0.0,0.90824886833593
gex_possorted_bam_SJSO3:AGGTTACTCGCTATAAx-M1,0.0,0.0,0.0,0.0,0.0,0.0,0.10196183207547946,0.0,0.7234849441585854,0.0,1.0,0.016781465369953813,0.0,1.0,0.0,1.0,1.0,0.7845454127507422,0.6048722126237661,0.0,0.0,0.0,0.0,0.0,0.6481702848223423,0.0,1.0,0.0,0.0,0.0,0.0,0.0,0.0,0.0,1.0,0.0,1.0,0.0,0.0,0.899964290478138,0.0,1.0,0.4120605790797508,0.0,0.0,0.0,0.4901639940935407,1.0,0.0,0.0,0.02556877550407413,0.0,0.0
gex_possorted_bam_SJSO3:AGGTCATTCCCTCAGTx-M1,0.043535125728799584,0.0,0.0,0.0,0.19856414283633306,0.13051799412322526,0.0,0.0,0.0,0.0,1.0,0.0,0.0,0.0,0.0,0.0,0.89553876954879,1.0,0.0,0.8762911531300211,0.5790974142578584,0.6684839160233275,0.13859863119570465,0.6581369886124427,0.0,0.0,0.509879805233904,0.0,0.0,0.0,0.0,0.17236561531326636,0.09707930003372746,0.0,0.263385437375308,0.0,0.0,0.03500292890657181,0.0,0.0,0.0,0.0,0.0,0.0,0.019513611634698728,0.0,0.0,0.33533678446680576,0.0,0.0,0.0,0.0,0.741832392120362
gex_possorted_bam_SJSO3:AGGTGAATCGAGGTGGx-M1,0.5648201021304237,0.3072780209168876,0.17902331591355217,0.44790982242770006,1.0,1.0,0.0,0.41555483328301057,0.0,0.6073321302911033,0.9002727014960304,0.0,0.31882548681563566,0.0,0.6224947918580626,0.05386673813486934,0.7188722306145106,1.0,0.2927009028984682,1.0,1.0,1.0,0.6738901141964132,0.9928486783770083,0.0,0.31795892023060157,0.17606773720222138,0.30364591630527416,0.3198244523044155,0.6098621960474143,0.9194506374195042,0.6665739160057744,0.6239569672368277,0.4175570066208782,0.11710460444215078,0.6073707324887201,0.0,0.4255996801735014,0.553997375479566,0.21018183830446285,0.5942367745352698,0.07252473640954232,0.21961994970938795,0.561339957492409,0.6981401989651096,0.5356769702527814,0.1302383348378827,0.06135162316384537,0.4576804423828429,0.695617893833594,0.22255533073318529,0.5309108519834435,1.0
gex_possorted_bam_SJSO3:AGTAACCTCATGCTCCx-M1,0.09589839830970394,0.0,0.0,0.002512021076922636,0.3576187977902262,0.13649085893515406,0.0,0.0,0.0,0.0,0.9343317838169156,0.0,0.0,0.0,0.029809211423179455,0.0,0.779567459421369,1.0,0.0,0.7739260063191746,0.5092392691297232,0.7745254672453571,0.16400752167535146,0.590241716229925,0.0,0.0,0.37203561350670133,0.0,0.0,0.0,0.0,0.026643731974607232,0.13953517506914334,0.0,0.20055023522574492,0.0,0.0,0.09315323766993361,0.007330825113318714,0.0,0.0,0.0,0.0,0.0,0.08847810183910786,0.0,0.0,0.23444734561466296,0.0,0.0,0.0,0.039565076483540774,0.620861734864941
gex_possorted_bam_SJSO3:AGTAACGAGCCTGGTAx-M1,0.0,0.0,0.0,0.0,0.056446331559445985,0.31425139903410587,0.0,0.014141208918364142,0.0,0.0,0.796354385540157,0.0,0.0,0.11104040025620227,0.13820534553209346,0.0,1.0,1.0,0.0,1.0,0.494460958440999,0.5557379286583074,0.048875287621253635,0.6915479380690525,0.0,0.0,0.25822253992265726,0.0,0.0,0.0,0.0,0.0,0.11835017079662373,0.0,0.19897584821614114,0.027784833874708866,0.0,0.0,0.12446680723570873,0.15612579349778138,0.029154772788403626,0.3834830113035909,0.0,0.0,0.01609238897519253,0.0,0.0,0.2186563330468067,0.0,0.0,0.0,0.0,0.3359657087733158
gex_possorted_bam_SJSO3:AGTCTTGCACTAAGTTx-M1,0.0,0.0,0.2610566997311509,0.0,0.0,0.0,0.5854985943558527,0.0,1.0,0.0,1.0,0.5004549100499319,0.0,0.9135888741472042,0.0,1.0,0.9940080388941267,0.0005276565162164161,0.4816164691916156,0.0,0.0,0.0,0.0,0.0,0.9554302453389447,0.0,1.0,0.0,0.028651479820479477,0.0,0.0,0.0,0.0,0.0,1.0,0.0,1.0,0.0,0.0,1.0,0.0,1.0,0.928834888902104,0.9507635369317919,0.0,0.0,0.7679331779947302,1.0,0.0,0.0,0.15235277719960144,0.0,0.0
gex_possorted_bam_SJSO3:AGTCAGGCAAGATTCTx-M1,0.0,0.034472048560203375,0.871938390058094,0.057116786886386946,0.0,0.0,1.0,0.0,1.0,0.0,1.0,0.5202460816209692,0.5580238215010146,1.0,0.0,1.0,1.0,0.4787426734353251,0.9233534610921307,0.0,0.0,0.0,0.0,0.0,1.0,0.11754020175441542,1.0,0.2813636219797151,0.07027275691320445,0.12339828792158308,0.8189418542537616,0.0,0.0,0.0,1.0,0.0,1.0,0.0,0.0,1.0,0.0,1.0,1.0,1.0,0.0,0.0,1.0,1.0,0.07270445011982543,0.0,0.36568526795164635,0.06450083375484274,0.0
gex_possorted_bam_SJSO3:AGTAATCGTTGTTGGAx-M1,0.0,0.0,0.22318509900209288,0.0,0.0,0.1331346700284337,0.0,0.0,0.0,0.0,1.0,0.0,0.0,0.27220612645038084,0.0,0.4083679926048405,1.0,1.0,0.16000695006393167,0.17669426447614292,0.18016511659117432,0.1544221760182556,0.00138042180746631,0.1919396543091231,0.0,0.0,0.8452293415210389,0.0,0.0,0.0,0.0,0.12166398750413848,0.0,0.0,0.8634189907882585,0.0,0.5273951416554887,0.0,0.0,0.506936896832304,0.0,0.594418934767584,0.0,0.0,0.0,0.0,0.0,1.0,0.0,0.0,0.0,0.0,0.2923543749065883
gex_possorted_bam_SJSO3:AGTCTTGCAAGACTCCx-M1,0.12323915953282552,0.0,0.0,0.0,0.7074950097204186,0.6350869295326841,0.0,0.0,0.0,0.0,1.0,0.0,0.0,0.0,0.11986863651827977,0.0,1.0,1.0,0.0,1.0,0.8881873945066064,1.0,0.21457392173621292,0.8674283059361053,0.0,0.0,0.35677474701673534,0.0,0.0,0.12027509287409405,0.0,0.06154398222381792,0.25289786576362466,0.0,0.1343442558280296,0.06337864683133573,0.0,0.05004331748913252,0.09900909517425785,0.0,0.0,0.0,0.0,0.0,0.26236566379932824,0.015227356724063197,0.0,0.17289928658149753,0.0,0.033533498454624056,0.0,0.0663972751751179,1.0
gex_possorted_bam_SJSO3:AGTCAAGAGTCACTAAx-M1,0.0,0.0,0.0005339351649230723,0.0,0.0,0.0,0.0,0.00842927379362868,0.0,0.0,0.35183920670675506,0.0,0.0,0.0,0.010615557686676939,0.0,0.43131650461316834,0.02693782707130447,0.0,1.0,0.33966368958676746,0.4053312496159527,0.040748773830075524,0.55960478486835,0.0,0.0,0.4214408857185626,0.0,0.0,0.0,0.5023287880764299,0.0,0.03359493936719365,0.0,0.4173486425833145,0.006818827569220828,0.09502438046811813,0.0,0.019589739105669808,0.9532585181549251,0.0,0.0,0.0,0.0,0.0,0.0,0.0,0.27801139427027993,0.0,0.0,0.0,0.0,0.5994234386584074
gex_possorted_bam_SJSO3:AGTATAGCAAACTAAGx-M1,0.0,0.06704712968946264,0.6263535152508528,0.0,0.0,0.0,0.11359679046496192,0.03417101442784875,0.0,0.2307860086001956,0.0,0.0,0.0,0.0,0.20086998434060432,0.0,0.27609950524825394,0.0,0.0,1.0,0.3208933842877153,0.4041641168622635,0.04009445339439682,0.5058581219923852,0.0,0.0,0.393378337021944,0.0,0.0,0.0,0.8993820292776864,0.0,0.045355173557684245,0.053948242092986785,0.4540351173209798,0.0729714846775524,0.2235740354767064,0.0,0.04384892120577148,0.5206157540239884,0.0,0.08954350099956888,0.0,0.0,0.0,0.007402483411929216,0.0,0.05582566147639115,0.0,0.0,0.0,0.0,0.6871022288090212
gex_possorted_bam_SJSO3:AGTAGCTTCCTACCTAx-M1,0.30687291922518944,0.8118595688934059,1.0,0.561924768670935,1.0,1.0,1.0,1.0,1.0,0.7608372298825948,0.8833215034664379,0.0,0.7153644502604575,0.250276763364151,0.16028928985055413,0.010292507353127374,1.0,1.0,0.5445298661700688,1.0,0.7606446232639239,0.7880462921734223,0.5204475548118099,0.2762184422085625,0.7775165753106391,0.5539674340928232,0.8428206601333542,0.26056328943836116,1.0,0.0,0.42339160013131205,0.8003520602153172,0.4683855652016247,0.5482874749299862,0.47354324778685347,0.4168593252987825,0.0,0.37669775685134826,0.7630205098692142,0.4840385294739087,1.0,0.08425073078702629,0.19896929592255327,1.0,0.2112424465695598,0.6767340457174904,0.9955388065323737,0.008417703007442219,0.6173178523780829,0.6989352116927883,0.0,0.323032472391839,1.0
gex_possorted_bam_SJSO3:AGTGATGAGCCTGATGx-M1,0.04182666787836694,0.0,0.31786596000786577,0.0,0.38955085540325296,0.22683940713382497,0.0,0.07646363202127643,0.0,0.056281382698110255,0.5674158364404451,0.0,0.0,0.0,0.0,0.0,0.6895371393382139,0.7165412316118489,0.0,1.0,0.5934189412129008,0.6835494627724699,0.19129969188531543,0.6222026665770106,0.0,0.0,0.3609659909797127,0.0,0.0,0.024315882936750004,0.19278921704167878,0.0,0.19774413911554023,0.00876887356520616,0.17109158315691259,0.09704725981378078,0.0,0.08500103362019813,0.09301602115917262,0.15212590241286547,0.010965676224623603,0.0,0.0,0.0,0.14916478460968713,0.024059116720448893,0.0,0.21216435271282183,0.0,0.1250785708450809,0.0,0.0,1.0
gex_possorted_bam_SJSO3:AGTGCCGGTCAGGCATx-M1,0.0,0.45960126033606974,0.3374980244537329,0.0,0.0,0.0,0.6944941288037269,0.11742197047123727,0.0,0.23704346987559147,0.0,0.6719879062894603,0.0,0.0,0.2979003749482861,0.0866278429322657,0.39594336688354836,0.0,0.0,1.0,0.18969617793935659,0.14982048394921837,0.0,0.455483217930437,0.0,0.0,0.2584649041842537,0.0,0.0,0.0,0.7469625228900347,0.0,0.032384814221834396,0.13510565703591604,0.47688277435968285,0.054386625119510985,0.20137115138749698,0.0,0.1611329318381859,0.6130261132016402,0.21105056945880946,0.6737100619743865,0.0,0.0,0.0,0.0,0.0,0.0,0.0,0.0,0.0,0.0,0.02795645628385603
gex_possorted_bam_SJSO3:AGTCAGGCAATTAACCx-M1,0.0,0.0,0.0,0.0,0.0,0.0,0.4541525026343666,0.0,0.9173060023937779,0.0,1.0,0.16558692322673393,0.18502990809709,1.0,0.0,1.0,1.0,0.446234996926428,0.5631545229309908,0.0,0.0,0.0,0.0,0.0,0.9928779737181734,0.0,1.0,0.0,0.17488297614059303,0.0,0.0,0.0,0.0,0.0,1.0,0.0,1.0,0.0,0.0,1.0,0.0,1.0,0.6515166802035289,0.3912294225529309,0.0,0.0,0.7796054854727238,1.0,0.0,0.0,0.2579472891093718,0.0,0.0
gex_possorted_bam_SJSO3:AGTAATCGTTAGTTGGx-M1,0.0,0.13336573100132298,1.0,0.04742795893145121,0.0,0.0,1.0,0.0,1.0,0.037294139254324656,1.0,0.7574582398694846,0.49863070308517793,1.0,0.0,1.0,1.0,0.4431895764118338,0.9559461403267052,0.0,0.0,0.0,0.0,0.0,1.0,0.15730673490011374,1.0,0.3186208895451192,0.20318725987708877,0.02205732714493719,1.0,0.0,0.0,0.058503752081650415,1.0,0.0,1.0,0.0,0.0,1.0,0.0,1.0,1.0,1.0,0.0,0.02494107118069641,1.0,1.0,0.1636142212000876,0.0,0.3308291409404247,0.09735560494148592,0.0
gex_possorted_bam_SJSO3:AGTCAAGAGCTATTGAx-M1,0.0,0.0,0.4720662852863021,0.0,0.0,0.0,0.8074376436156917,0.0,0.8321997018029301,0.0,0.9946913443969332,0.6289535189132505,0.03118249233984576,1.0,0.0,1.0,1.0,0.0,0.4816196513869546,0.0,0.0,0.0,0.0,0.0,0.9457003179408414,0.0,1.0,0.0,0.1123738227398901,0.0,0.0,0.0,0.0,0.0,1.0,0.0,1.0,0.0,0.0,1.0,0.029004061824810176,1.0,0.7859459220075233,0.9150054774374203,0.0,0.0,0.7177409395887177,1.0,0.0,0.0,0.21392336242174725,0.0,0.0
gex_possorted_bam_SJSO3:AGTGCCGGTGAGCAAGx-M1,0.0,0.18313305072767072,0.8420990788213414,0.04864859529073252,0.0,0.13707426078147464,1.0,0.0,1.0,0.0,1.0,0.6644265030231229,0.6351806510421015,1.0,0.0,1.0,1.0,1.0,1.0,0.0,0.0,0.0,0.0,0.0,1.0,0.13715048069261987,1.0,0.20141268537188844,0.20661818489580522,0.02299715919372642,0.32631157854479154,0.11135823862645226,0.0,0.0354300111345326,1.0,0.0,1.0,0.0,0.0,1.0,0.0,1.0,1.0,1.0,0.0,0.0,1.0,1.0,0.08432449986596668,0.0,0.3140703361186021,0.07305710062213452,0.0
gex_possorted_bam_SJSO3:AGTCAAGAGGGACTAAx-M1,0.0,0.0,0.30311057332308133,0.0,0.0,0.0,0.8015697917928525,0.0,1.0,0.0,1.0,0.48428539543854143,0.1732248317495827,1.0,0.0,1.0,1.0,0.13723045541539353,0.5324490021818242,0.0,0.0,0.0,0.0,0.0,1.0,0.025382369614461813,1.0,0.02682223299490183,0.08905581727686426,0.0,0.0,0.0,0.0,0.0,1.0,0.0,1.0,0.0,0.0,1.0,0.0,1.0,0.9025996139266458,1.0,0.0,0.0,0.9944599662610387,1.0,0.0,0.0,0.18451609155281584,0.0,0.0
gex_possorted_bam_SJSO3:AGTAGGATCTTGGATAx-M1,0.0,0.0,0.23480992442744955,0.0,0.1160093709626933,0.0,0.0,0.0,0.0,0.0,0.4856356621049926,0.0,0.0,0.0,0.0,0.0,0.49985073900547783,0.3148018204406703,0.0,1.0,0.5361480508619568,0.6305343679534421,0.12204547310744497,0.625559975347734,0.0,0.0,0.3267207512884071,0.0,0.0,0.0,0.08882909175863342,0.13968800748752475,0.09550593928827175,0.0,0.2529249500251215,0.0009480419825156665,0.0,0.0386588035970005,0.0,0.23863804789370502,0.0,0.0,0.0,0.0,0.005375608536612657,0.0,0.0,0.09434707284239428,0.0,0.0,0.0,0.0,0.933911580393104
gex_possorted_bam_SJSO3:AGTAGGATCTCACTATx-M1,0.10934739889187053,0.48391848844256546,1.0,0.13944916045267094,0.9863956485092912,1.0,0.21364724777252425,0.14803342244792156,0.0,0.91868774768324,0.6435134996816709,0.0,0.15694698715320735,0.0,0.5262933748072212,0.05779465797313104,0.8604561260123866,0.4637300225425734,0.0,1.0,0.7739295525815884,0.9535363595397527,0.333933623335517,0.7232151929371282,0.0,0.1094892943003395,0.2177035182023864,0.35835090492372634,0.05884526315683503,0.3636004601691796,1.0,0.3158636192241376,0.32475194959740367,0.1879849117606634,0.2783200116779938,0.3988368518482847,0.05881270761384393,0.07692032554271692,0.3626529943483956,0.8237066323419345,0.15279707248706617,0.0,0.08992509634996548,1.0,0.4176279384614161,0.2917406604589888,0.07905950743668881,0.0,0.4128604457389094,0.7981245454441297,0.12219180709278621,0.23977341065461164,1.0
gex_possorted_bam_SJSO3:AGTCAATGTGTCCAGGx-M1,0.3287838234140037,0.14715606775624085,0.7420307517195032,0.2690680349022084,1.0,1.0,0.0,0.1498477953614514,0.0,0.562544134684716,1.0,0.0,0.002080939918789341,0.0,0.3980500858836653,0.0,1.0,1.0,0.17238223711066603,1.0,1.0,1.0,0.4970738597406733,0.8997220815429163,0.0,0.1497457986947303,0.23832951551764073,0.2939144133643625,0.06767893656323369,0.5041222874391433,0.8860198702363346,0.5773834283026251,0.4588567398415112,0.10982887912930721,0.1321639274480544,0.3511378177948148,0.0,0.3051961163680597,0.38075240956447365,0.12168678004843629,0.1987386397303162,0.0,0.04425535112402609,0.4897208428390867,0.6034263180100621,0.2922059929800624,0.1431980203614633,0.20955185936291376,0.30515881780793114,0.5121727227306444,0.0,0.34579819277123536,1.0
gex_possorted_bam_SJSO3:AGTGAGTCAAGGCCAAx-M1,0.16798334021166617,0.0,0.8822330831232225,0.046188417961184954,1.0,1.0,0.0,0.07228632718430088,0.0,0.2482494326447779,1.0,0.0,0.0,0.0,0.21528193906230925,0.0,1.0,1.0,0.0,1.0,1.0,1.0,0.33718285333489484,0.8922553653626091,0.0,0.051711734366246154,0.3837806231699175,0.06804793311944984,0.0,0.3073556716040755,0.3002893686785398,0.4280620265595741,0.37138254410376353,0.0,0.18602040462602618,0.15950519600163404,0.0,0.07434686971262588,0.2063464908707447,0.0,0.1538449320859712,0.0,0.0,0.3532797398073429,0.31104755160281616,0.14751166242839567,0.2640589898529693,0.266795920934803,0.17260432332003234,0.4051190126506581,0.0,0.07562441313038051,1.0
gex_possorted_bam_SJSO3:AGTCGCATCGGCTAGCx-M1,0.22711582345350573,0.0,0.0,0.06092735495061277,0.7895018814944298,0.9569569457012096,0.0,0.0,0.0,0.2549959510822839,1.0,0.0,0.0,0.0,0.10892806516963949,0.0,1.0,1.0,0.04135875019007438,1.0,1.0,0.9952791214590825,0.39816914898485406,0.76561841574127,0.0,0.04822121050717498,0.5923462291480343,0.0,0.0,0.3351592518076015,0.0,0.23176984596375982,0.2987916719471978,0.0,0.2576761399642111,0.26728337215483483,0.07668193762465184,0.17072286373089673,0.12729197417436602,0.0,0.0,0.0,0.0,0.0,0.4993040624112601,0.1382899308886987,0.0,0.371908474979233,0.03136331894237827,0.36255379175175617,0.0,0.1686468985542236,1.0
gex_possorted_bam_SJSO3:AGTCAAGAGAAAGGAAx-M1,0.08191250929715845,0.09375460445202265,0.29773745324986794,0.03813230391997851,0.16147168243611748,0.24240027122351315,0.0,0.1475621181343262,0.0,0.17663489635741048,0.36749506329155585,0.0,0.0,0.0,0.2936933959076937,0.0,0.5628386959731079,0.27851470732408334,0.0,1.0,0.6204063203081606,0.6785379674414848,0.17028517799425782,0.7543551502968575,0.0,0.0,0.25470416940591584,0.04217492928048377,0.0,0.0,0.7853572438621855,0.0029332493810487483,0.2295790188880406,0.08985229661417639,0.308846324598673,0.19391172302452472,0.025838154632341518,0.07965336109251688,0.19519552825910017,0.38884265194059353,0.0,0.05025612339625557,0.0,0.0,0.1598720900416944,0.09441662987842507,0.0,0.0,0.06257724492920581,0.051809115887628134,0.0,0.020500572491034885,0.9919467572772196
gex_possorted_bam_SJSO3:AGTCCTTGTAGGTTATx-M1,0.0,0.7381953678090111,0.8971234020443537,0.08545965380071832,0.0,0.23991661470006687,1.0,0.0,0.44238635679313565,0.14498858869248712,1.0,1.0,0.0,1.0,0.11834799895208888,1.0,1.0,1.0,1.0,0.0,0.0,0.0,0.0,0.0,0.850504418749307,0.0,1.0,0.1551548671150791,0.0,0.0942497153967419,0.34523746605664307,0.0,0.0,0.08243895678057883,1.0,0.0,1.0,0.0,0.0,1.0,0.2535978186862919,1.0,0.43072029087798613,1.0,0.0,0.0,0.3648855631070062,1.0,0.07378868829755421,0.0,0.0,0.0,0.0
gex_possorted_bam_SJSO3:AGTGAACCATAGACTTx-M1,0.10422021346850621,0.0,0.0,0.0,0.28398242781009825,0.3412783010563026,0.0,0.0,0.0,0.0,1.0,0.0,0.0,0.0,0.0,0.0,0.9644506797586762,1.0,0.0,0.9220560907129524,0.6260112509910224,0.8166892557708034,0.1752281822075857,0.7416684445262725,0.0,0.0,0.33855663561764926,0.0,0.0,0.0,0.0,0.19252402266433308,0.14330800713593211,0.0,0.18344669561481833,0.017617038203111415,0.0,0.07666405772157248,0.0,0.0,0.0,0.0,0.0,0.0,0.10197564052530897,0.003754882233614495,0.0,0.3854187414682976,0.0,0.0,0.0,0.018836750522013695,0.8653509834428029
gex_possorted_bam_SJSO3:AGTCAGGCAGGATTAAx-M1,0.06356717520579715,1.0,1.0,0.17374270480729218,0.04641487530610689,0.36439856861940373,1.0,0.39304259889380394,0.10698695569378208,0.9147569121263676,0.0,0.9689731984782911,0.0,0.0,0.7139376492888073,0.44277028182366984,0.24832847169726696,0.0,0.0,1.0,0.4517364343331609,0.4529053337098526,0.2099707801032345,0.6622789161236127,0.0,0.0,0.04713100641912052,0.43270542036796333,0.3854173433338812,0.12936705458822362,1.0,0.0,0.2607525628379088,0.459165792597854,0.5121809847466476,0.4798016969397726,0.48803647718976567,0.11243346602895603,0.48554564725852856,1.0,0.31187874902175744,0.7330863043733206,0.0,0.6965855915048315,0.20586151964435334,0.2822003321188943,0.0,0.0,0.40312772576668743,0.4409962357307184,0.149008378769507,0.13903003519981788,0.9487285859302768
gex_possorted_bam_SJSO3:AGTGATGAGCATTATGx-M1,0.0195165694475029,0.0,0.34730291168215616,0.0,0.8760544531057067,0.535726451856964,0.0,0.0,0.0,0.0,1.0,0.0,0.0,0.0,0.009257872669316458,0.0,1.0,1.0,0.0,1.0,0.6742616913939452,0.8158712649246286,0.24468274585116523,0.5982484690095087,0.0,0.037666173858169553,0.5731057459372961,0.0,0.0,0.059488680784273974,0.0,0.4527612917921881,0.19280911157363387,0.0,0.18335220387516013,0.0,0.0,0.0,0.0,0.0,0.5314699888742743,0.0,0.0,0.0,0.12686805008576157,0.0,0.17087552619242338,0.3025377706575767,0.0,0.2850402606507305,0.0,0.0,1.0
gex_possorted_bam_SJSO3:AGTACGCGTCAATACGx-M1,0.11170881822693345,0.12787258469983312,0.43495373648616775,0.08078664879035197,0.09864389690642279,0.4103767802895781,0.0,0.18676796232543774,0.0,0.2242461956752256,0.4841047634310604,0.0,0.0,0.0,0.20698654192889143,0.07963810702136512,0.5161184535474971,0.42075366567999783,0.0,1.0,0.6510972017986977,0.6708926582256521,0.1914627627553777,0.7455789011943826,0.0,0.0,0.30057901175284796,0.02693032978507138,0.0,0.07527785920393364,1.0,0.0,0.2604825650305922,0.11413009085735382,0.2906796248035277,0.21213283282818848,0.09046911504313496,0.08838396400960172,0.17417188416495177,0.5611124962884241,0.0,0.0,0.013794148838723213,0.6267950163327455,0.13722083463853288,0.21615462652087683,0.0,0.0346038134864752,0.16558220340915353,0.22128110561371495,0.044803917499646496,0.08579272101221945,1.0
gex_possorted_bam_SJSO3:AGTAATGCAGGCTAGAx-M1,0.0,0.05326079583771842,0.5051346864048478,0.014202546579994764,0.0,0.0,1.0,0.0,1.0,0.0,1.0,0.7010643346676105,0.4273999679733002,1.0,0.0,1.0,1.0,0.7865607127916622,1.0,0.0,0.0,0.0,0.0,0.0,1.0,0.11336734158960336,1.0,0.1347389630617361,0.09838724997702303,0.0,0.2532060133625635,0.0,0.0,0.0,1.0,0.0,1.0,0.0,0.0,1.0,0.0,1.0,1.0,1.0,0.0,0.0,1.0,1.0,0.012689915136818405,0.0,0.30059547623199256,0.042774768646806745,0.0
gex_possorted_bam_SJSO3:AGTCGCATCATGCTTTx-M1,0.0,0.6378372703964342,1.0,0.285845071557175,0.0,0.0,1.0,0.1611357043945862,1.0,0.14197227910057847,1.0,1.0,1.0,1.0,0.0,1.0,1.0,0.7515136562355,1.0,0.0,0.0,0.0,0.0,0.0,1.0,0.41152662949181296,1.0,0.72998109060218,0.6214265743974838,0.16533656838630356,0.7402071652835666,0.0,0.0,0.2678151497043695,1.0,0.0,1.0,0.0,0.0,1.0,0.12168509310711763,1.0,1.0,1.0,0.0,0.10833535401969883,1.0,1.0,0.3737063928954072,0.02310015375517607,0.9378077020715958,0.24766305570615887,0.0
gex_possorted_bam_SJSO3:ATAACGACAGCTTAATx-M1,0.0,0.0,0.34410362127253885,0.0,0.0,0.0,0.5856002951693062,0.0,0.7537362361498686,0.0,0.7889399360106546,0.5621204238212831,0.0,0.8849150539372862,0.0,1.0,0.8298437095401423,0.0,0.2592736672733789,0.0,0.0,0.0,0.0,0.0,0.7398694869557696,0.0,1.0,0.0,0.0,0.0,0.0,0.0,0.0,0.0,1.0,0.0,1.0,0.0,0.0,1.0,0.006046002797993437,1.0,0.7300666293443632,0.8434262606094026,0.0,0.0,0.6681459195823752,1.0,0.0,0.0,0.1261050893652169,0.0,0.0
gex_possorted_bam_SJSO3:AGTTTGCAGCTCATAAx-M1,0.01973582214496201,0.0,0.0,0.0,0.15851282198599848,0.08638594149480273,0.0,0.0,0.0,0.0,0.8666140542838399,0.0,0.0,0.0,0.0,0.0,0.8071534564493208,0.9106694967684109,0.0,1.0,0.5267816906853493,0.6805865301518641,0.1037601132977497,0.6212819520819108,0.0,0.0,0.4231941049405608,0.0,0.0,0.0,0.0,0.06770533888451245,0.10425917183799215,0.0,0.24174524707574438,0.0,0.0,0.025152739868138686,0.0,0.006521838456101711,0.0,0.0,0.0,0.0,0.06729477100828504,0.0,0.0,0.2140768553822419,0.0,0.0,0.0,0.0,0.7292009674498184
gex_possorted_bam_SJSO3:AGTTACATCCTCAGCTx-M1,0.0,0.47874039786573175,1.0,0.052270160210133365,0.0,0.0,1.0,0.0,1.0,0.23130824960739066,1.0,1.0,0.6381400947388023,1.0,0.0,1.0,1.0,0.0,0.9050978596689464,0.0,0.0,0.0,0.0,0.0,1.0,0.1730151250060394,1.0,0.3800629414478369,0.5695786490400149,0.15702550042949778,1.0,0.0,0.0,0.1075360241284327,1.0,0.0,1.0,0.0,0.0,1.0,0.10893927626277254,1.0,1.0,1.0,0.0,0.0,1.0,1.0,0.2719011673789564,0.0,0.34434676279539284,0.1329501915401447,0.0
gex_possorted_bam_SJSO3:AGTTGGCGTACGCGCAx-M1,0.0,0.27169024168806327,1.0,0.0,0.0,0.0,1.0,0.0,1.0,0.0,1.0,0.9203162152390784,0.4066950550687324,1.0,0.0,1.0,1.0,0.0,0.7945253250093449,0.0,0.0,0.0,0.0,0.0,1.0,0.09179168938063789,1.0,0.28314312827599974,0.12113242319811797,0.002704909829632191,1.0,0.0,0.0,0.05069715668924893,1.0,0.0,1.0,0.0,0.0,1.0,0.0,1.0,1.0,1.0,0.0,0.0,1.0,1.0,0.13574906687288682,0.0,0.34539908100263483,0.0363458829977157,0.0
gex_possorted_bam_SJSO3:ATACCTGCACCAGCATx-M1,0.0,0.0,1.0,0.0,0.6126196535952488,0.6519002882286272,1.0,0.3100172234796518,0.33583045583250754,0.10261051729605736,1.0,0.0,0.051348725610568725,0.0,0.005696890525295047,0.0,1.0,1.0,0.0,1.0,0.7275357693184253,0.7273574841786272,0.09261437381718547,0.5064028231881046,0.0,0.0,0.7151892408346069,0.022702814118589924,0.0,0.0,0.428197349931128,0.5108905062528962,0.18247958344139945,0.0,0.4717876665722045,0.044699182918443055,0.0,0.0,0.14266110290899803,0.4905435162837455,0.5988113526372779,0.0,0.0,1.0,0.10478524575650339,0.043918991717288074,0.3877635611453438,0.2919390032899655,0.058246594452253296,0.10460542852128263,0.0,0.0,1.0
gex_possorted_bam_SJSO3:AGTTGCGTCGGCTAGCx-M1,0.15601252795321244,0.0,0.0,0.0823519076148847,0.2188010728100366,0.22973282795395553,0.0,0.10502280098455576,0.0,0.08999288034193904,0.6106682588058893,0.0,0.0,0.0,0.10634697949105183,0.0,0.6444322395819677,0.732223204586336,0.0,1.0,0.6361564402983775,0.6956553600963754,0.23281456922987256,0.7270817951946631,0.0,0.012169964810059606,0.38551440743182874,0.0,0.0,0.15869938880611723,0.0,0.0,0.26592977025305087,0.01601030419977919,0.19402012298583188,0.1067401282665033,0.0,0.14099418870580832,0.0766280853962819,0.0,0.1344271572743497,0.0,0.0,0.0,0.208043116617474,0.09484918165761884,0.0,0.21543950040609647,0.0,0.18619031763170318,0.0,0.06072418338489131,0.7115530222838836
gex_possorted_bam_SJSO3:ATACCGGTCGTCAAGTx-M1,0.04540294743392641,0.31237176759936375,1.0,0.037580740411978744,0.6569235078477498,0.8475115691168645,0.11650836565907145,0.08889055768627671,0.0,0.6330738886594468,0.6519754561507478,0.0,0.0,0.0,0.4280124530721932,0.010845021824300381,0.8826170530188725,0.5587233397306461,0.0,1.0,0.7621247700004246,0.8768546965038394,0.231609094429237,0.7317815412030043,0.0,0.0,0.2589551310065673,0.1730454341318493,0.0,0.168380471820543,1.0,0.10334091305610181,0.2633412943819407,0.09224269281637766,0.26381464955940986,0.2664377412232656,0.058983572487543774,0.013526040022846509,0.2492300956998056,0.6565336321688982,0.0,0.0,0.0,0.8434667331080287,0.3078177032518856,0.17851472475819202,0.0,0.0,0.23664958708167066,0.5050202917086475,0.0,0.10813688601037198,1.0
gex_possorted_bam_SJSO3:ATAATGGCATTGTTGGx-M1,0.0,0.0,0.0,0.0,0.038187216763008916,0.0,0.0,0.0,0.0,0.0,0.49492964130099143,0.0,0.0,0.0,0.0,0.0,0.48320932878018147,0.12381561292416514,0.0,0.9296519295683117,0.3026968397387528,0.46309086414255085,0.051189864054853415,0.5818086241381135,0.0,0.0,0.49959230302931834,0.0,0.0,0.0,0.20333803039877865,0.0,0.0430603470396568,0.0,0.3791949234622347,0.0,0.052484472494786785,0.0,0.0,0.34540114086066603,0.0,0.0,0.0,0.0,0.0,0.0,0.0,0.13050056749722702,0.0,0.0,0.0,0.0,0.6709072629731637
gex_possorted_bam_SJSO3:AGTTATGTCTTAAGTGx-M1,0.0,0.0,0.31495850072376663,0.0,0.0,0.0,0.6880868913229428,0.0,0.9144214640706212,0.0,1.0,0.0,0.19254273242520137,1.0,0.0,1.0,1.0,1.0,0.7536437408109736,0.0,0.0,0.0,0.0,0.0,0.9844487551325489,0.0050826333815961145,1.0,0.07323480779868614,0.01375699820937595,0.0,0.10370879430704556,6.23242082468935e-05,0.0,0.0,1.0,0.0,1.0,0.0,0.0,1.0,0.0,1.0,0.9523004890446963,1.0,0.0,0.0,1.0,1.0,0.0,0.0,0.16628603079299545,0.0,0.0
gex_possorted_bam_SJSO3:AGTTTGCAGCTGTAACx-M1,0.0,0.45601519351149944,0.6609342405927402,0.02507774628680142,0.0,0.0,0.0,0.0,0.0,0.0,0.5924836843019993,0.0,1.0,1.0,0.0,1.0,0.07656466378218682,0.058535383147630154,1.0,0.0,0.0,0.0,0.0,0.0,1.0,0.0,1.0,0.0,1.0,0.24002968542452457,0.0,0.8244644073614391,0.0,0.5343963328321473,1.0,0.0,0.5071720803014466,0.0,0.0,1.0,0.8932551262655268,0.0,0.42093420218459243,0.0,0.0,0.0,0.8124210545317303,0.0,0.0,0.0,1.0,0.0,0.0
gex_possorted_bam_SJSO3:AGTTGGCGTTCGGTAAx-M1,0.009901409270615088,0.8553564141498771,1.0,0.10566372048329636,0.0,0.3391675438804639,1.0,0.293917538619115,0.10930017136144861,0.5987350870967441,0.0,0.7680043770715649,0.0,0.0,0.605673433438085,0.49152962518009996,0.4948315632387789,0.0,0.0,1.0,0.457996471558301,0.3796993001713553,0.13865780589529003,0.6622873268052302,0.0,0.0,0.16599212951827047,0.5347791486507669,0.2281652077745431,0.0,1.0,0.0,0.23347650050670146,0.35487542345650286,0.49702553460997745,0.33036443871774557,0.34265556668256414,0.04981035682271485,0.403858318874916,1.0,0.2797098518567691,0.7502421802346648,0.0,0.40254616078949906,0.0754853250848862,0.18564572141793406,0.0,0.0,0.27012767718869873,0.26786633337554644,0.0,0.04321280719317602,0.7651076486520703
gex_possorted_bam_SJSO3:ATAAGCCTCATTTGCTx-M1,0.06991778679840037,0.83711512151478,1.0,0.14938089117625133,0.31061964508623735,0.6355084842439743,1.0,0.3133532297403001,0.032018651745373446,0.9011805373554186,0.0,0.3070982208493385,0.06180375808280282,0.0,0.6209930735920473,0.40401099737722856,0.4959524119572148,0.0,0.0,1.0,0.6130342275708384,0.6362610166756605,0.22430827997549566,0.7044835844068279,0.0,0.000151879677775453,0.11634309937871629,0.43014947446345,0.2993643744316072,0.1745471093407364,1.0,0.0,0.28599450940960347,0.3501793735549099,0.41754288426837477,0.43659523285578233,0.4041943069471967,0.08510477374371092,0.42016899518899875,1.0,0.1923840202172918,0.3749428133649905,0.0,1.0,0.2905606967756529,0.2873012933838756,0.0,0.0,0.3946491018742938,0.5474732557483627,0.14095216689256873,0.15767740856947496,1.0
gex_possorted_bam_SJSO3:AGTTTGATCGCCTGTTx-M1,0.0,0.0,0.8004164295370373,0.0,0.0,0.0,0.894983212529273,0.0,0.6665625181360161,0.0,0.7214570125546481,0.6299740666617262,0.07434719879853251,0.8907719303024154,0.0,1.0,0.8550970658430083,0.0,0.2776538782401451,0.0,0.0,0.0,0.0,0.0,0.8453157028280157,0.0,1.0,0.04167622993469995,0.06563179681326008,0.0,0.11040380865345413,0.0,0.0,0.0,1.0,0.0,1.0,0.0,0.0,1.0,0.08226231421702829,1.0,0.7621455658080226,1.0,0.0,0.0,0.7839008283268396,1.0,0.0,0.0,0.16832859050014767,0.0,0.0
gex_possorted_bam_SJSO3:AGTTACTCATTATGCGx-M1,0.0,0.0,0.0,0.052957858399737545,0.0,0.1566465385839177,0.7428775383999814,0.12655135200840242,1.0,0.0,1.0,0.271216957521129,0.3422459013200553,1.0,0.0,1.0,1.0,1.0,1.0,0.0,0.0,0.0,0.0,0.0,1.0,0.22846042337005576,1.0,0.20708585222007186,0.25322065425450974,0.0,0.0,0.07492955971393148,0.0,0.12739940314198558,1.0,0.0,1.0,0.0,0.0,0.8223791632208334,0.0,1.0,0.8067243632658526,0.03748257019045098,0.0,0.012513017680296971,1.0,1.0,0.0,0.0,0.3436928911232036,0.05097922335016152,0.0
gex_possorted_bam_SJSO3:AGTTGGCGTTCCGCACx-M1,0.0,0.0,0.9935180459321687,0.0,0.0,0.0,1.0,0.0,1.0,0.0,0.9190223910494474,0.644303775460979,0.2277459954232154,0.9009671756350544,0.0,1.0,0.982027222934897,0.0,0.40146617457235284,0.0,0.0,0.0,0.0,0.0,1.0,0.04295394089877027,1.0,0.20096308335878077,0.0,0.0,0.5674792487971521,0.0,0.0,0.0,1.0,0.0,1.0,0.0,0.0,1.0,0.0,1.0,1.0,1.0,0.0,0.0,1.0,1.0,0.0,0.0,0.23928616120099022,0.0,0.0
gex_possorted_bam_SJSO3:ATAATGGCAATAAGCAx-M1,0.0,0.11729128739726696,1.0,0.0,0.0,0.0,1.0,0.0,1.0,0.0,1.0,0.8894910412134076,0.29440906391486055,1.0,0.0,1.0,1.0,0.22353591063288494,0.7837235915639592,0.0,0.0,0.0,0.0,0.0,1.0,0.07227752412161732,1.0,0.30366388182985754,0.0,0.05233471348954468,0.7778974944765289,0.0,0.0,0.0,1.0,0.0,1.0,0.0,0.0,1.0,0.0,1.0,1.0,1.0,0.0,0.0,1.0,1.0,0.05396296833640613,0.0,0.25751768880875886,0.01467962106900578,0.0
gex_possorted_bam_SJSO3:AGTGTGGCATAATGTCx-M1,0.0,0.0,0.6006823915439287,0.0,0.7122569098247351,0.47066679620705487,0.3164257822057697,0.24305216100737836,0.34074481399123874,0.0,1.0,0.0,0.0,0.0,0.0,0.0,1.0,1.0,0.0,1.0,0.5834108743647964,0.743308370478945,0.13874182458497406,0.4124874653078446,0.0,0.0,0.736344107705684,0.0,0.0,0.0,0.0,0.5110055823369047,0.14805024649183313,0.0,0.36923153707963,0.0,0.0,0.0,0.05628153841287419,0.1612002866011488,0.5803667073889502,0.0,0.0,0.6410327609482882,0.011016903600787187,0.05130164965059535,0.25816867725266207,0.326095844107675,0.0,0.17240298473564253,0.0,0.0,1.0
gex_possorted_bam_SJSO3:AGTGGACAGGCATTGTx-M1,0.0,0.0,0.45763079935056217,0.0,0.0,0.0,0.8164484397890283,0.0,1.0,0.0,1.0,0.5705169579846174,0.1527598508525788,1.0,0.0,1.0,1.0,0.09854746126598903,0.5563665736546431,0.0,0.0,0.0,0.0,0.0,1.0,0.013819614677034159,1.0,0.0,0.07001306624014597,0.0,0.027383300090076102,0.0,0.0,0.0,1.0,0.0,1.0,0.0,0.0,1.0,0.0,1.0,0.9934347285794372,1.0,0.0,0.0,0.9797695931156282,1.0,0.0,0.0,0.13944015194102483,0.0,0.0
gex_possorted_bam_SJSO3:AGTTTGCAGAGGAGGAx-M1,0.0,0.0569299491001521,0.5095201356499622,0.0,0.0,0.0,0.4914412834032034,0.0,0.30590422229904585,0.0,0.8334364286167023,0.25134617128780556,0.06394885211113714,0.3833746150100885,0.0,0.7510313602692887,0.889517167961735,0.0,0.0,0.0,0.0,0.0,0.0,0.0,0.4580740583769783,0.0,1.0,0.017979871699535133,0.03916412689275361,0.0,0.3145179268759747,0.015365639898438163,0.0,0.0,1.0,0.0,1.0,0.0,0.0,1.0,0.0,1.0,0.44690897827817927,0.8323667693966472,0.0,0.0,0.6163991178985594,1.0,0.0,0.0,0.0,0.0,0.28704521312583703
gex_possorted_bam_SJSO3:AGTTGCAGTAGCTAATx-M1,0.037983541628747994,0.0,0.22298586327974096,0.0,0.7088604363666566,0.44295774098173474,0.0,0.0,0.0,0.0,1.0,0.0,0.0,0.0,0.025983387526775672,0.0,1.0,1.0,0.0,1.0,0.5994095017648091,0.801601093853561,0.19628970628350054,0.5861038649877189,0.0,0.0,0.5208272242446675,0.0,0.0,0.05543897173883445,0.0,0.4029696251693561,0.1746499603185723,0.0,0.20043076700880375,0.0,0.0,0.03683676511302054,0.0,0.0,0.2031159003443569,0.0,0.0,0.0,0.1913663762030974,0.0,0.0,0.3163537382529023,0.0,0.15789372358278184,0.0,0.0,1.0
gex_possorted_bam_SJSO3:AGTTATGTCCCTGATCx-M1,0.16176459893289294,0.31347658983289634,0.0,0.08126646070665865,0.15855460898685048,0.07987173742499502,0.0,0.2197493513562864,0.0,0.26055181781665554,0.2890053309039154,0.0,0.0,0.0,0.1997724610382144,0.08176175587093591,0.31850443601657846,0.17716136512270547,0.0,1.0,0.5156505053665668,0.5623238241685067,0.19171271320758126,0.6948317179115452,0.0,0.0,0.4084075940252145,0.10666546080041384,0.26122393478324407,0.0409172880397014,0.5281713049221382,0.03318847904860009,0.201702701355286,0.1396407047469096,0.4145379533690053,0.23783930804821588,0.16803987358884753,0.1175024506275682,0.18148731657567246,0.31571439515572963,0.011343877062856757,0.18722991658984844,0.0,0.0,0.1489994898593989,0.15010950979846202,0.0,0.0,0.09346530155846694,0.1570009191580612,0.0,0.1266551516988179,0.6883525866430947
gex_possorted_bam_SJSO3:AGTGTGGCAGCAACAGx-M1,0.0,0.0,0.2113407080910527,0.0,0.0,0.0,0.7446285193863262,0.0,1.0,0.0,0.906752524986013,0.3694700821454125,0.13372436907684013,0.8037347210251828,0.0,1.0,0.9666405718946137,0.0,0.3645182130827209,0.0,0.0,0.0,0.0,0.0,0.8430353900511817,0.004577869360339925,1.0,0.2753568699215437,0.5828688933005758,0.0,0.0,0.0,0.0,0.0,1.0,0.0,1.0,0.0,0.0,1.0,0.0,1.0,0.8525776940778509,1.0,0.0,0.0,1.0,1.0,0.0,0.0,0.11073766055860762,0.0,0.0
gex_possorted_bam_SJSO3:ATAATGGCAACACCTAx-M1,0.06873191653096564,0.0,0.0,0.0,0.40526386791114144,0.44315902345204844,0.0,0.0,0.0,0.0,1.0,0.0,0.0,0.0,0.0,0.0,1.0,1.0,0.0,1.0,0.6903995814557055,0.8634601665976274,0.17765199895877246,0.768923405389726,0.0,0.0,0.45234734054265396,0.0,0.0,0.0,0.0,0.30678324451245415,0.21259158782468482,0.0,0.18059663669902928,0.0,0.0,0.027931702266120493,0.015326445295537935,0.0,0.0,0.0,0.0,0.0,0.09942987778482755,0.0,0.0,0.31326619121274424,0.0,0.01577090242185441,0.0,0.0,1.0
gex_possorted_bam_SJSO3:ATACCGGTCCTAAGACx-M1,0.1880288007774407,0.011124654732573206,1.0,0.1688509863373369,1.0,1.0,0.0,0.10935802966467999,0.0,0.7068010474389284,1.0,0.0,0.1325978186974784,0.0,0.4024806809051391,0.00988562985765373,1.0,1.0,0.011926989445885345,1.0,1.0,1.0,0.4858998180232082,0.7405226767603108,0.0,0.2235571110461904,0.39470574352313526,0.1475565129656322,0.0,0.45077981049771626,0.6569079192207553,0.7557823437397821,0.4021859761123025,0.03567306352097968,0.21579934381014618,0.28510303101298046,0.0,0.12507323985082686,0.3372925754795868,0.2409797724710904,0.6030049693109927,0.0,0.10533666611447214,1.0,0.4870070985746393,0.22917718769056789,0.6241510456325415,0.09459913250228487,0.34480471730476564,0.8296401191674435,0.0,0.23591652550141434,1.0
gex_possorted_bam_SJSO3:ATAAGCCTCCAATTAGx-M1,0.09150226282154425,0.3485300757972769,0.5826148903255903,0.08116630923346313,0.24742374620002439,0.4783971227809536,0.5010067533737251,0.23316450711299982,0.0,0.4462283399819851,0.40660237476239974,0.0,0.0,0.0,0.4066023099090427,0.36555364958933556,0.7995553681546967,0.26334005832632057,0.0,1.0,0.7030970015827541,0.6310872407735818,0.23469528788926203,0.6615897204983058,0.0,0.0,0.2650169166945438,0.199984856327954,0.0,0.13358297764233149,1.0,0.0,0.27586292973515925,0.11370840781397598,0.40563393948004123,0.20385794286736728,0.12859329066155328,0.05631693382125019,0.27236746894678304,0.5489799615348071,0.16787299987901158,0.3585939129987622,0.0,0.01440144257105735,0.2750661675630691,0.11072224802965364,0.0,0.16338823541495803,0.1956173807939198,0.22831534661732358,0.0,0.061222037645312914,1.0
gex_possorted_bam_SJSO3:ATAACGACAGGATTAAx-M1,0.0,0.9027343360032942,1.0,0.09790591261042816,0.14807508794399354,0.4447406412266649,1.0,0.29289291709360604,0.0,0.9435980657937402,0.0,0.5313812084381799,0.0,0.0,0.6399139574884748,0.3556232799856332,0.3863702302891803,0.0,0.0,1.0,0.4721432021954314,0.5135863009157076,0.13694717530298195,0.6562675120101683,0.0,0.0,0.11915849580704387,0.3236872686918678,0.20935584797044127,0.08051151680626512,1.0,0.0,0.20974666841213255,0.3303665488419301,0.472725614618123,0.38776911581501,0.4393994160143258,0.008031871715788242,0.3827173801649268,1.0,0.11283188078438751,0.44884632971331767,0.0,0.9579821053752978,0.18490189541752436,0.22270367819085005,0.0,0.0,0.34986969808090906,0.48752754373258816,0.1362101825427492,0.06071992157793872,1.0
gex_possorted_bam_SJSO3:ATACCGGTCGCCTGTTx-M1,0.0,0.5513937653022631,1.0,0.18846503581457072,0.0,0.0,1.0,0.119217795208462,1.0,0.1970563848851915,1.0,1.0,0.6376142402180334,1.0,0.0,1.0,1.0,0.3194100187793885,1.0,0.0,0.0,0.0,0.0,0.0,1.0,0.261232315970695,1.0,0.6575311906683807,0.23590718054065787,0.0,0.7276365726517947,0.0,0.0,0.1810201631448648,1.0,0.0,1.0,0.0,0.0,1.0,0.23853340813100338,1.0,1.0,1.0,0.0,0.012375462379272225,1.0,1.0,0.2602571783777998,0.0,0.6341925518047882,0.11339222044143311,0.0
gex_possorted_bam_SJSO3:AGTTTGATCCCTTGCGx-M1,0.0,0.0,0.0,0.0,0.0,0.0,0.5825774868954451,0.0,1.0,0.0,1.0,0.2428169245496084,0.14586753276573589,1.0,0.0,1.0,1.0,0.8526368991691766,0.9104271969861457,0.0,0.0,0.0,0.0,0.0,1.0,0.018752669915947724,1.0,0.0,0.14396092000175703,0.0,0.0,0.0,0.0,0.0,1.0,0.0,1.0,0.0,0.0,1.0,0.0,1.0,0.6739097426927706,0.019409287946669296,0.0,0.0,0.9969089506608484,1.0,0.0,0.0,0.328326512192537,0.0,0.0
gex_possorted_bam_SJSO3:AGTGTTTCAGGCCTTGx-M1,0.4335397144323158,0.40832182821767377,0.6912432340296915,0.31722150554173634,1.0,1.0,0.0,0.26925985297794663,0.0,0.7296668182759282,1.0,0.0,0.2890756598037075,0.0,0.5164505780699706,0.1652089745018842,1.0,1.0,0.24192533680399803,1.0,1.0,1.0,0.5542025497440822,1.0,0.0,0.2168371990405259,0.2035130318210261,0.5576079609817687,0.31455552242492607,0.5879793054682584,1.0,0.43598532824091113,0.5403244748289586,0.1659869764584754,0.20461665526937212,0.5463599442777959,0.0,0.31380671959374823,0.5147454081431959,0.43575024984053373,0.06597478972823827,0.0,0.12975715799097154,1.0,0.6453959062036713,0.45189594502268254,0.22409355641448425,0.0,0.5155110893935667,0.6711508828240095,0.22977524568549018,0.45445352007655526,1.0
gex_possorted_bam_SJSO3:AGTGTTTCAGTTAGCCx-M1,0.24661207647659306,0.0,0.20434472323244623,0.1258557354763715,0.6165412854716444,0.8959422325186454,0.0,0.0,0.0,0.06477208627490791,1.0,0.0,0.0,0.0,0.17877749077447033,0.0,1.0,1.0,0.06877303641715092,1.0,0.8417247785543104,1.0,0.3939010000066487,0.8539601691994773,0.0,0.0,0.31463855715884764,0.0,0.015603479749299628,0.35310675180202633,0.3569099905916156,0.26263188983399544,0.3136517224505581,0.0,0.18220339732280977,0.1933645894098338,0.0,0.1866296974536388,0.15461030441285376,0.10705319337358649,0.0,0.0,0.0,0.0,0.3336669240746653,0.16033861120239237,0.0,0.3623092029317318,0.14006505830747215,0.1621557631220578,0.0,0.19707127071911293,1.0
gex_possorted_bam_SJSO3:ATAACGACAGCAAGGCx-M1,0.0,0.0,0.7236866572001446,0.010925625608357878,0.7884383020312606,0.5881757889856382,1.0,0.4384694551573441,0.5449856740338018,0.0,1.0,0.0,0.0,0.0,0.0,0.0,1.0,1.0,0.033469378716440935,1.0,0.6777455319027881,0.738658998637163,0.09916309397462977,0.3212699815387761,0.0,0.0,0.9306922239081585,0.0,0.07497831365529221,0.0,0.0,0.6373273119138461,0.13534698253548508,0.0,0.4885236486894282,0.0,0.0,0.0,0.12595701073093374,0.251364023775756,0.9482455484177237,0.0,0.0,1.0,0.0,0.0920594816360903,0.3381309643062063,0.3730667678850741,0.0229952450060284,0.021979215894904758,0.0,0.0,1.0
gex_possorted_bam_SJSO3:ATAACGACACGTTACAx-M1,0.0,0.8054044788525526,1.0,0.05596916958703521,0.46514207884182956,0.6839853425660041,0.8093797399378676,0.2261176099546961,0.07574930545687535,0.9661081768446125,0.0972511642750516,0.0,0.01897396983124569,0.0,0.545744914252658,0.2954376252861118,0.5892080820924864,0.0,0.0,1.0,0.6582129974186062,0.7255844074796584,0.18307563310491548,0.6884654502712675,0.0,0.0,0.17263212754203922,0.34006146952312977,0.008587484561772128,0.1510677345476007,1.0,0.0,0.26176403732520015,0.2152060715208552,0.327109294119995,0.35256969931652116,0.2701998631919291,0.0,0.33118359966604144,0.9931616196881854,0.06998187246890794,0.03879582223148569,0.0,1.0,0.29030187949085484,0.21695490846485177,0.0,0.0,0.35028911521388384,0.6396938844726199,0.026319220871128746,0.09848094760204618,1.0
gex_possorted_bam_SJSO3:AGTTGTCAGCTGTAACx-M1,0.01771566567811281,0.0,0.0,0.0,0.07462020865595916,0.0,0.0,0.0,0.0,0.0,0.8544359252047351,0.0,0.0,0.0,0.0,0.0,0.705591781640744,0.8398210911591951,0.0,0.531132699636263,0.4259966910045934,0.5555091417810251,0.08862514537481977,0.5448001421956302,0.0,0.0,0.5087019982879605,0.0,0.0,0.0,0.0,0.06922576748250868,0.056241474489650015,0.0,0.3561149829567472,0.0,0.0,0.0007083911409722325,0.0,0.027926231043550277,0.0,0.0,0.0,0.0,0.0,0.0,0.0,0.3997123621191159,0.0,0.0,0.0,0.0,0.659492801846206
gex_possorted_bam_SJSO3:ATATGTCCAACTAGCCx-M1,0.0,0.0,0.0,0.0,0.0,0.0,0.4050789274368542,0.0,0.7924645629884598,0.0,1.0,0.35134861412100693,0.0,1.0,0.0,1.0,1.0,0.42621752902006194,0.6013783814424111,0.0,0.0,0.0,0.0,0.0,0.7857199327099446,0.0,1.0,0.0,0.08810247342837997,0.0,0.0,0.0,0.0,0.0,1.0,0.0,1.0,0.0,0.0,1.0,0.0,1.0,0.7040866356376073,0.2464742106462245,0.0,0.0,0.6433034932843134,1.0,0.0,0.0,0.21325317671983943,0.0,0.0
gex_possorted_bam_SJSO3:ATCCAACAGACACTTAx-M1,0.0,0.0,1.0,0.0,0.7774861229824589,0.5963082104000322,0.6214876152671047,0.26305136863457346,0.25217791255495303,0.0,1.0,0.0,0.015439360470228931,0.0,0.0,0.0,1.0,1.0,0.0,1.0,0.6148278038156759,0.7055659661168708,0.09879282582924485,0.3453823731614553,0.0,0.0,0.8292933507186343,0.0,0.0,0.0,0.0,0.7746634343042464,0.13188293853956243,0.0,0.4613062622578135,0.0,0.0,0.0,0.06307046767331162,0.28992508518778876,0.7291392881642802,0.0,0.0,0.9974815852132926,0.06557262143310771,0.0,0.4741420848165467,0.47340974927143836,0.0,0.13689311140783103,0.0,0.0,1.0
gex_possorted_bam_SJSO3:ATCACAATCGTTATCTx-M1,0.0,0.21909850701456912,1.0,0.0866814502156737,0.0,0.0,1.0,0.0,1.0,0.016579297339856202,1.0,0.6335765800310563,0.8183303908287692,1.0,0.0,1.0,1.0,0.08312983984847397,0.9166759461255823,0.0,0.0,0.0,0.0,0.0,1.0,0.22965116287647352,1.0,0.32528535692793425,0.3855662459839473,0.07643368910718362,1.0,0.0,0.0,0.002044027001567311,1.0,0.0,1.0,0.0,0.0,1.0,0.0,1.0,1.0,1.0,0.0,0.0013826648156022487,1.0,1.0,0.1900900676725803,0.06445835866881874,0.503462140900172,0.13435566026475407,0.0
gex_possorted_bam_SJSO3:ATCATGTCATTTAAGCx-M1,0.03420992979224658,0.0,0.0,0.0,0.3069695180257805,0.19881449769548776,0.0,0.0,0.0,0.0,1.0,0.0,0.0,0.0,0.0,0.0,0.999835861168133,1.0,0.0,0.8663796433477078,0.5104919957457372,0.661689580807145,0.11952875745638693,0.5992153431983679,0.0,0.0,0.5451213189073537,0.0,0.0,0.0,0.0,0.14793481470018668,0.12388750612550462,0.0,0.24288966436313061,0.0,0.0,0.017888824486087865,0.0,0.0,0.0,0.0,0.0,0.0,0.0,0.0,0.0,0.4892250488377736,0.0,0.0,0.0,0.0,0.8242258003952994
gex_possorted_bam_SJSO3:ATATGGTGTCAGTAATx-M1,0.0,0.0,0.1952266829186488,0.0,0.0,0.0,0.6757848490896582,0.0,1.0,0.0,1.0,0.3301990978911572,0.12317803918948945,1.0,0.0,1.0,0.952806046121121,0.00034608132498205514,0.44898487105480867,0.0,0.0,0.0,0.0,0.0,0.9738459084831999,0.003574045977459768,1.0,0.0,0.09726119922461157,0.0,0.0,0.0,0.0,0.0,1.0,0.0,1.0,0.0,0.0,1.0,0.0,1.0,0.8780963059011619,1.0,0.0,0.0,0.942861909998081,1.0,0.0,0.0,0.19449172236854223,0.0,0.0
gex_possorted_bam_SJSO3:ATCAAGACATCGTTCTx-M1,0.0,1.0,1.0,0.5063218254378297,0.0,0.0,1.0,0.3077922441681929,1.0,0.5636376926427681,1.0,1.0,1.0,1.0,0.1260039189978935,1.0,1.0,0.3272486932371063,1.0,0.0,0.0,0.0,0.0,0.0,1.0,0.7024040374008581,1.0,1.0,1.0,0.5227971859818209,1.0,0.0,0.0,0.4797534867143962,1.0,0.04332496550960596,1.0,0.0,0.0,1.0,0.23170862562336877,1.0,1.0,1.0,0.0,0.25717524801888925,1.0,1.0,0.7067374429240662,0.18492876085657445,1.0,0.5132203996774705,0.0
gex_possorted_bam_SJSO3:ATCACTAAGGATCCGCx-M1,0.025301545318102907,0.0,0.7894988717279433,0.0,0.578442039435393,0.6389289365969926,0.056856616248539625,0.12043499174259203,0.0,0.12678215860166225,1.0,0.0,0.0,0.0,0.09102357918545063,0.0,1.0,1.0,0.0,1.0,0.7884093443639312,0.8111376964016109,0.14445763595598937,0.725120953736188,0.0,0.0,0.48490072050284516,0.0274263975610571,0.0,0.0,0.4619323840341686,0.21826949297012646,0.21223411386789323,0.0,0.32411628776178686,0.06049703289803639,0.0,0.0,0.11269429860537693,0.3170840839529959,0.1624710427420386,0.0,0.0,0.4351745132170229,0.18152493512244075,0.03657865733049808,0.0047295144967660335,0.20322942853452702,0.022460155331968466,0.14720161642171387,0.0,0.0,1.0
gex_possorted_bam_SJSO3:ATCATGTCAAGACTCCx-M1,0.06044857129871525,0.0,0.0318053347479481,0.0,0.3975357045704739,0.3956017105973283,0.0,0.0,0.0,0.0,1.0,0.0,0.0,0.0,0.0,0.0,0.9960140583586754,1.0,0.0,1.0,0.6592777245557156,0.7907539347541299,0.17979123701545335,0.7047097122758409,0.0,0.0,0.3994865655189302,0.0,0.0,0.04125170940421704,0.0,0.07128062818935992,0.16209330497714178,0.0,0.20822191284484418,0.0,0.0,0.0247908469490268,0.0,0.010988873882968354,0.0,0.0,0.0,0.0,0.08555201266360661,0.0,0.0,0.2584996660478633,0.0,0.0,0.0,0.0,1.0
gex_possorted_bam_SJSO3:ATCACTAAGATAGACGx-M1,0.11226885655844591,0.0,0.0,0.0,0.2766944032127924,0.39642832329639865,0.0,0.0,0.0,0.0,1.0,0.0,0.0,0.0,0.04132381046085563,0.0,0.9258425031701749,1.0,0.0,1.0,0.6742750597911602,0.850704218190658,0.15397525298271214,0.6899838154352248,0.0,0.0,0.3558569638000508,0.0,0.0,0.03548722344815143,0.0,0.2343267916945699,0.1759858963470323,0.0,0.2064767678317647,0.09931216285082044,0.0,0.07323267240060079,0.038763067225307604,0.06159186518938483,0.0,0.0,0.0,0.0,0.17633346448828507,0.04738194264574201,0.0,0.258047875363724,0.0,0.036761185221806644,0.0,0.06555104326577389,0.9847938862019517
gex_possorted_bam_SJSO3:ATATGGTGTAAGCTCAx-M1,0.2209512765624318,0.0,0.0,0.06386852573465361,0.46484085635060834,0.561619927295906,0.0,0.043872591783926745,0.0,0.0,1.0,0.0,0.0,0.0,0.13088099689064384,0.0,0.910950663856014,1.0,0.0,1.0,0.7502396983520551,0.917453675236544,0.336982828889141,0.7618964880135716,0.0,0.0,0.2990632248690448,0.0,0.0,0.2645232503454315,0.042998870729919585,0.1609202501951525,0.24442963650100283,0.13656691315611996,0.17100415434615596,0.1800513007879304,0.0,0.1789929784768095,0.15102181496839046,0.015014417616508605,0.0,0.0,0.0,0.0,0.19865263433720082,0.16146668546579057,0.0,0.14326988361107137,0.03809521289949375,0.029201160019652565,0.0,0.16356483164523825,1.0
gex_possorted_bam_SJSO3:ATAGGTACAGTTAGCCx-M1,0.11331420158744795,0.0,0.16582770303889133,0.00756399909000076,0.7060691398445006,0.7654477585665506,0.0,0.0,0.0,0.013610562117365528,1.0,0.0,0.0,0.0,0.09051920676447962,0.0,1.0,1.0,0.0,1.0,0.8635285793333155,1.0,0.2492351444068082,0.8351222594990118,0.0,0.0,0.35428345750302254,0.0,0.0,0.19668598307291932,0.1821319579525541,0.20140762120303005,0.25041723705209895,0.0,0.14205635033365085,0.07950828508102484,0.0,0.03572598293118375,0.07920460564690834,0.018599171962664668,0.0,0.0,0.0,0.0,0.239819411635575,0.05658090432880394,0.0,0.2517136948793163,0.004726292259165211,0.171215575551761,0.0,0.053813951709956745,1.0
gex_possorted_bam_SJSO3:ATCCACCTCGTGCTAGx-M1,0.4578213804215351,0.06595771129798564,0.0,0.26538641561916143,0.89027666454788,1.0,0.0,0.19839297675286793,0.0,0.3656803196035105,1.0,0.0,0.022838008136818876,0.0,0.46099568151563036,0.0,1.0,1.0,0.6692963241775741,1.0,1.0,1.0,0.5362876022687517,1.0,0.0,0.16334863827286178,0.15517019136637944,0.334954140788657,0.12295440496178864,0.46092702404565983,0.7746980311651395,0.5995604012665362,0.5085304018951644,0.1850747997722376,0.13938317656786106,0.46615593650599396,0.0,0.3599170179248186,0.4107181020382377,0.0013271401462123659,0.0,0.0,0.0,0.0,0.6294176255710799,0.35552275843924314,0.0,0.12108180692490776,0.2568174975703907,0.4733277667085182,0.0,0.4539776592469543,1.0
gex_possorted_bam_SJSO3:ATATGTCCAAATTCGTx-M1,0.0,0.0,0.5563937192069198,0.0,0.0,0.0,1.0,0.0,1.0,0.0,1.0,0.6231064074123548,0.1837990836858888,1.0,0.0,1.0,1.0,0.030105773733335162,0.608895363738762,0.0,0.0,0.0,0.0,0.0,1.0,0.03699666320098116,1.0,0.007439549033551714,0.20344500308745006,0.0,0.06174414858292645,0.0,0.0,0.0,1.0,0.0,1.0,0.0,0.0,1.0,0.0,1.0,0.9451117340602606,1.0,0.0,0.0,1.0,1.0,0.0,0.0,0.19001444078298352,0.0,0.0
gex_possorted_bam_SJSO3:ATCACCCTCTTAGTCTx-M1,0.010547551968852747,0.0,0.0,0.0,0.1281946120223484,0.1913130606012792,0.0,0.0,0.0,0.0,1.0,0.0,0.0,0.0,0.0,0.0,0.887074882878292,1.0,0.0,0.8168542313297128,0.4396243753258393,0.6408919205434926,0.10160435072623585,0.5966000954793066,0.0,0.0,0.46452210846539826,0.0,0.0,0.0,0.0,0.044353969049398215,0.08212670133427041,0.0,0.24566140720608343,0.0,0.0,0.031978121487370885,0.0,0.0,0.0,0.0,0.0,0.0,0.0033554099981798215,0.0,0.0,0.29591235624113715,0.0,0.0,0.0,0.0,0.7872048076560504
gex_possorted_bam_SJSO3:ATACCTGCAGCAATAAx-M1,0.0,0.0,0.21196189754935224,0.0,0.0,0.0,0.5491957233825197,0.0,0.5056802884975359,0.0,0.7059797779021574,0.5848501379373409,0.0,0.941576897996056,0.0,1.0,0.7871906877059955,0.0,0.1361246207045957,0.0,0.0,0.0,0.0,0.0,0.5283652405288856,0.0,1.0,0.0,0.03727999150934097,0.0,0.0,0.0,0.0,0.0,1.0,0.0,1.0,0.0,0.0,1.0,0.03908146643653408,1.0,0.43949609434081577,0.38482934388699763,0.0,0.0,0.40978235686480946,1.0,0.0,0.0,0.0827869473644771,0.0,0.0
gex_possorted_bam_SJSO3:ATCACTAAGGCGAAACx-M1,0.01792929671893744,0.0,0.0,0.0,0.15799445923823238,0.17484723859258539,0.0,0.0,0.0,0.0,0.779212638501454,0.0,0.0,0.0,0.00618661115740836,0.0,0.7860597893470626,0.8818322470536943,0.0,1.0,0.527792125920879,0.6868833100698782,0.08204733566287033,0.678767892342872,0.0,0.0,0.3415422947693327,0.0,0.0,0.0,0.09171360068527866,0.05173965940517312,0.11907700209952304,0.0,0.21823007864229557,0.011962627462382176,0.0,0.0,0.0,0.11051442319355705,0.0,0.0,0.0,0.0,0.06083716768555095,0.0,0.0,0.13613895829547834,0.0,0.0,0.0,0.0,0.8618519141390878
gex_possorted_bam_SJSO3:ATCCAACAGGAACACAx-M1,0.10727333114233245,0.0,0.0,0.002148923650935816,0.37473505924501144,0.21022879807554362,0.0,0.014667144440078978,0.0,0.0,0.6775591779983726,0.0,0.0,0.0,0.0749073701105878,0.0,0.6318021532915835,0.684059547833246,0.0,1.0,0.6082659901700599,0.8673078771702009,0.21389082072241447,0.7276077179377773,0.0,0.0,0.39458980832245877,0.0,0.0,0.0,0.12362219308107107,0.31724138769789595,0.24640270224816066,0.0,0.18041117354389724,0.04303416285476649,0.0,0.0034657983016615356,0.01783072892609786,0.0,0.0,0.0,0.0,0.0,0.12769900651816066,0.07138843804631481,0.0,0.2599077343229273,0.0,0.06947064035906238,0.0,0.0,1.0
gex_possorted_bam_SJSO3:ATAGCATGTTCATTTGx-M1,0.05914319836204631,0.0,0.0,0.0,0.4421426993972405,0.3826435346213262,0.0,0.0,0.0,0.0,1.0,0.0,0.0,0.0,0.009767935105377884,0.0,0.9991853753468629,1.0,0.0,1.0,0.6449752391081838,0.8388979124441607,0.1668399539744199,0.767061589051366,0.0,0.0,0.37947826774553883,0.0,0.0,0.014120908790400653,0.0,0.13018792992735398,0.1604541462651454,0.0,0.16976479970845518,0.031092512317263073,0.0,0.04368607481974107,0.020526350718086665,0.0,0.0,0.0,0.0,0.0,0.07272414157611815,0.0,0.0,0.11212568085334634,0.0,0.0,0.0,0.0,1.0
gex_possorted_bam_SJSO3:ATCAATCCAGATTCATx-M1,0.0,0.0,0.40774396494783466,0.004503299606504791,0.47560156506721263,0.4476773150500879,1.0,0.4465816432510076,0.5017217284941321,0.0,1.0,0.0,0.0,0.07137352630283833,0.0,0.0,1.0,1.0,0.04368767857650875,1.0,0.7127954157504579,0.6119188662117242,0.03477937295165106,0.3155226530170947,0.09881914141916034,0.0,0.9347379729489124,0.0,0.02435193427463642,0.0,0.0,0.42319924697466155,0.11511029073552807,0.0,0.5386684252744691,0.0,0.03675353942994974,0.0,0.09934448236748042,0.3355584265789615,0.8359921449670075,0.16969865849873583,0.0,0.7972336445396424,0.0,0.02005243731889944,0.2616707834781163,0.630010477529297,0.0,0.0,0.0,0.0,1.0
gex_possorted_bam_SJSO3:ATAGATGCATACCCGGx-M1,0.0,0.0,0.0,0.0,0.0,0.0,0.750472641537277,0.0,1.0,0.0,1.0,0.5794018655487453,0.08742533028397043,1.0,0.0,1.0,1.0,0.07442633314476814,0.621336499365733,0.0,0.0,0.0,0.0,0.0,1.0,0.02686166654207244,1.0,0.0,0.06093036104134406,0.0,0.0,0.0,0.0,0.0,1.0,0.0,1.0,0.0,0.0,1.0,0.0,1.0,1.0,0.8113767036542517,0.0,0.0,0.9917704325074651,1.0,0.0,0.0,0.32184932117925463,0.0,0.0
gex_possorted_bam_SJSO3:ATCATCAAGCACAGCCx-M1,0.04971174907074442,0.0,0.1856996829422857,0.0,0.3760205545836316,0.36529455672459654,0.0,0.0,0.0,0.0,0.8513533341404227,0.0,0.0,0.0,0.08523730800644397,0.0,0.9214264210268127,0.8808767413863867,0.0,1.0,0.6545836939554874,0.7876898926761451,0.15603463780912671,0.7238380036107388,0.0,0.0,0.34515188995956725,0.0,0.0,0.06443031302490046,0.13641303792898088,0.0,0.17885086447777174,0.010676389804788383,0.1525012413108686,0.05984787485042105,0.0,0.04924535236207801,0.08268701270594678,0.17360519777721917,0.0,0.0,0.0,0.0,0.14202049265272015,0.0004451144587166437,0.0,0.10722594301154013,0.0,0.02416663531944273,0.0,0.0,0.9673622342246576
gex_possorted_bam_SJSO3:ATCACAATCTGTGCCTx-M1,0.0,1.0,1.0,0.4346819954418405,0.0,1.0,1.0,0.0,1.0,0.4312666920428161,1.0,1.0,1.0,1.0,0.07157856903232993,1.0,1.0,1.0,1.0,0.0,0.0,0.0,0.0,0.0,1.0,0.5832421307431703,1.0,1.0,0.6408594352497631,0.7476858952286008,1.0,0.0,0.0,0.21829459073824808,1.0,0.0,1.0,0.0,0.0,1.0,0.03533038528971862,1.0,1.0,1.0,0.0,0.20893498143387723,1.0,1.0,0.6346063899033465,0.18163856975274423,0.9640042512678667,0.4793271615115231,0.0
gex_possorted_bam_SJSO3:ATCACCCTCCTCCATAx-M1,0.04202363616715271,0.21167730267031262,1.0,0.0,0.6946336832966815,0.9693881750277269,0.0,0.06779918849966372,0.0,0.519213138949066,0.877967433615195,0.0,0.0056587387977316385,0.0,0.3438009348220626,0.02821080500791425,1.0,1.0,0.0,1.0,0.8915605739569253,0.9591253516561441,0.22422881582660356,0.8040832063053261,0.0,0.0,0.254839526839135,0.1380250346329346,0.0,0.2003150647175668,1.0,0.19151293926517593,0.2699234713149017,0.0,0.19357553723408932,0.23299994995090786,0.0,0.006721725765165636,0.21075914641711027,0.552634569447779,0.0,0.0,0.0,0.9745478064162735,0.35075403255855025,0.12922847920853822,0.049334291681069134,0.0,0.20220164549758973,0.43700079545904286,0.0,0.07393228774930354,1.0
gex_possorted_bam_SJSO3:ATCACCCTCCGGTTAGx-M1,0.07889546729036784,0.0,0.0,0.0,0.37587569879467714,0.5946858228123377,0.0,0.0,0.0,0.0,1.0,0.0,0.0,0.0,0.0,0.0,1.0,1.0,0.0,1.0,0.8640187093103152,0.8982713254943991,0.19077111339491706,0.7894682512179517,0.0,0.0,0.4178382461312668,0.0,0.0,0.057902101014089144,0.0,0.17975947914617543,0.1723640553450997,0.0,0.19602855259905133,0.0,0.0,0.08226529257765168,0.0,0.0,0.0,0.0,0.0,0.0,0.17350411463668522,0.0,0.0,0.40921947485346954,0.0,0.0,0.0,0.02625506479405608,0.9970797843707342
gex_possorted_bam_SJSO3:ATCACTAAGGACAACAx-M1,0.0,0.32370261376059584,1.0,0.08732732195347359,0.0,0.15550578753731276,1.0,0.0,1.0,0.14154466143885214,1.0,0.5734156645704251,0.628579873545732,1.0,0.0,1.0,1.0,0.7461644667055571,0.9391411440485905,0.0,0.0,0.0,0.0,0.0,1.0,0.16986670368374412,1.0,0.3910309363786102,0.24439113659440245,0.17331071083620028,1.0,0.0,0.0,0.03592438274208151,1.0,0.0,1.0,0.0,0.0,1.0,0.0,1.0,1.0,1.0,0.0,0.03677372614871307,1.0,1.0,0.22833927208075794,0.04938454753214203,0.3826128273008728,0.13698420491112784,0.014633186047899094
gex_possorted_bam_SJSO3:ATCACCCTCTGTTCATx-M1,0.02938345851089644,0.0,0.13964266474013817,0.0,0.14947158817956316,0.09083185283700379,0.0,0.04703342571918549,0.0,0.07871221188984216,0.4405574580489334,0.0,0.0,0.0,0.18776082969903377,0.0,0.5796434112676068,0.21464740350901768,0.0,1.0,0.6349980320916728,0.6711929410020853,0.11707207477265144,0.7047756649869403,0.0,0.0,0.3212281159247088,0.0,0.0,0.0,0.6276030899978781,0.0,0.17094991401134482,0.07001494695838764,0.3144675426074552,0.08297504238852979,0.0,0.0,0.10947001222061409,0.3205155064302423,0.0,0.0,0.0,0.0,0.0758108564992472,0.04937006217709495,0.0,0.0,0.0,0.0,0.0,0.0,1.0
gex_possorted_bam_SJSO3:ATCACACAGGCCTAATx-M1,0.024681731385829606,0.0,0.0,0.0,0.16108881717481938,0.09664400027067163,0.0,0.0,0.0,0.0,1.0,0.0,0.0,0.0,0.0,0.0,0.9618545358708789,1.0,0.0,0.49545772062857996,0.5062833976927635,0.5925217263725537,0.10455187100707389,0.5742261815412887,0.0,0.0,0.5438685658170274,0.0,0.0,0.0,0.0,0.041156613465900986,0.07973380084411429,0.0,0.3359315206291106,0.0,0.0,0.02701866499265564,0.0,0.24871480008611488,0.0,0.0,0.0,0.0,0.0,0.0,0.0,0.5658370727291907,0.0,0.0,0.0,0.0,0.5089155835927374
gex_possorted_bam_SJSO3:ATAGGTACACCTGCTCx-M1,0.0,0.0,0.7361802267631318,0.0,0.0,0.0,0.9663626249207578,0.0,1.0,0.0,0.9534524105341902,0.5402812459372298,0.28860318799551155,1.0,0.0,1.0,0.9474193395099006,0.0,0.4573505359827136,0.0,0.0,0.0,0.0,0.0,1.0,0.05314710541468809,1.0,0.08417815706615774,0.0428649406815991,0.0,0.05531330847690124,0.0,0.0,0.0,1.0,0.0,1.0,0.0,0.0,1.0,0.0,1.0,1.0,1.0,0.0,0.0,1.0,1.0,0.0,0.0,0.31233577725093364,0.0,0.0
gex_possorted_bam_SJSO3:ATCATCAAGGACAACAx-M1,0.03851858583220215,0.0,0.04882607544834531,0.0,0.46453889981963226,0.22936459548749907,0.0,0.0,0.0,0.0,0.9846972914708924,0.0,0.0,0.0,0.0,0.0,0.9729352377055172,1.0,0.0,1.0,0.6776498679985264,0.7677685647763733,0.15517913941585543,0.7226006308549114,0.0,0.0,0.46140381557496746,0.0,0.0,0.011201552179581234,0.0,0.145008779250866,0.17574757137327024,0.0,0.20838634317700117,0.0,0.0,0.013519608933530838,0.0,0.0,0.0061146293415186865,0.0,0.0,0.0,0.07637466597074054,0.0,0.0,0.2783725485017169,0.0,0.013161055919155206,0.0,0.0,1.0
gex_possorted_bam_SJSO3:ATATAGGCACCCACAGx-M1,0.0,0.14710977239964104,0.318188730365651,0.024116769055901585,0.0,0.0,1.0,0.0,1.0,0.0,1.0,0.3709228751009102,0.33265973128494913,1.0,0.0,1.0,1.0,0.4378915892970883,0.9364157663818449,0.0,0.0,0.0,0.0,0.0,1.0,0.07250850382300428,1.0,0.20686690898667445,0.4642810798088766,0.012412734842304563,0.12872970289828556,0.0,0.0,0.027530492052052925,1.0,0.0,1.0,0.0,0.0,1.0,0.0,1.0,1.0,1.0,0.0,0.0,1.0,1.0,0.02444575147698104,0.0,0.3310836353364773,0.028263666945542564,0.0
gex_possorted_bam_SJSO3:ATCAAGACATAATCGTx-M1,0.04998942655362917,0.0,0.0,0.0,0.4001404622839621,0.23073018708684914,0.0,0.0,0.0,0.0,1.0,0.0,0.0,0.0,0.0,0.0,0.9296409296419544,1.0,0.0,1.0,0.6246230070676304,0.7721466626008037,0.17881768675582682,0.6386478604257941,0.0,0.0,0.4654155693449994,0.0,0.0,0.17081471624933386,0.0,0.2700596845797602,0.1457072274285882,0.0,0.24987340825110813,0.0,0.0,0.0781851655779191,0.0,0.0,0.0,0.0,0.0,0.0,0.16389649085240315,0.0,0.0,0.38249642478644064,0.0,0.0921133908006527,0.0,0.03261005823142491,0.9542406100239145
gex_possorted_bam_SJSO3:ATCATGTCAGCAACCTx-M1,0.0,0.562877241532778,1.0,0.09291193738105401,0.0,0.0,1.0,0.0,1.0,0.19096880955514425,1.0,1.0,0.5871670044894258,1.0,0.0,1.0,1.0,0.44224107819203945,1.0,0.0,0.0,0.0,0.0,0.0,1.0,0.14930514324499686,1.0,0.4161476253706885,0.21307275440862827,0.05658543291034382,1.0,0.0,0.0,0.09181775517232947,1.0,0.0,1.0,0.0,0.0,1.0,0.13582582748198552,1.0,1.0,1.0,0.0,0.0,1.0,1.0,0.2406172565845065,0.0,0.37502107011665736,0.10256368345427855,0.0
gex_possorted_bam_SJSO3:ATCATCAAGAAACTGGx-M1,0.0,0.0,0.032435557411226994,0.0,0.0,0.0,0.31034703967312927,0.032671806310514764,0.4938555259038062,0.0,0.6878396888570585,0.15968881081937913,0.24627077084718205,1.0,0.0,1.0,0.6084942413514273,0.11700273744295857,0.3380484462924259,0.0,0.0,0.0,0.0,0.0,0.780925939926093,0.0,1.0,0.0,0.4870808384966873,0.0,0.0,0.0,0.0,0.0,1.0,0.0,1.0,0.0,0.0,0.9734189864576135,0.2278439720761122,1.0,0.6808040989934518,0.0,0.0,0.0,0.7788050252362856,1.0,0.0,0.0,0.3271480673995337,0.0,0.0
gex_possorted_bam_SJSO3:ATCATCAAGTAAAGGTx-M1,0.0,0.0,0.8227293208645835,0.0,0.0,0.0,1.0,0.0,1.0,0.0,1.0,0.4158404269324672,0.35854165555045264,1.0,0.0,1.0,1.0,0.28731961031855546,0.7300140087051147,0.0,0.0,0.0,0.0,0.0,1.0,0.10670288280981266,1.0,0.086451462252929,0.11828685851841572,0.0,0.36210124051452663,0.0,0.0,0.0,1.0,0.0,1.0,0.0,0.0,1.0,0.0,1.0,1.0,1.0,0.0,0.0,1.0,1.0,0.0,0.0,0.25113710127405653,0.003719331573384209,0.0
gex_possorted_bam_SJSO3:ATATGCATCTACCTGCx-M1,0.21605149726082515,0.0,0.044092231451902296,0.1208115126502997,0.8042553426371123,0.9927533268484033,0.0,0.05118894415905207,0.0,0.04853267115835619,1.0,0.0,0.0,0.0,0.15157003400969438,0.0,1.0,1.0,0.0,1.0,1.0,1.0,0.31762156295384125,1.0,0.0,0.011630795789848719,0.19569628323748747,0.11314173720458778,0.0,0.3486277567539866,0.29077869300772063,0.5397576136049334,0.3182211899293973,0.0,0.032035925965290174,0.19608305807757956,0.0,0.1827427692474171,0.17975396090043055,0.01496621725079383,0.0,0.0,0.0,0.0,0.37367704364472726,0.18900447156347128,0.0,0.12152816257263083,0.09512675972886996,0.17629447642987867,0.09086749253631288,0.18789341930778447,1.0
gex_possorted_bam_SJSO3:ATCACCCTCTGGCAATx-M1,0.04568779960664537,0.1654801953379025,1.0,0.15246719781462698,1.0,1.0,1.0,0.5383752460621004,0.6347283837812623,0.2606433360873228,1.0,0.0,0.14675745201409446,0.0,0.0,0.0,1.0,1.0,0.30079310433014533,1.0,0.8830227003300318,0.9867868558379326,0.22662917325964102,0.3165974618853755,0.1541954092377833,0.08528174819192148,0.926279966139083,0.0,0.31751643079928743,0.0,0.41063310730381136,0.8543966864154908,0.2227663168059413,0.03338977868454775,0.46563405523186535,0.1574265412050872,0.0,0.03271887209568599,0.34719980570126846,0.4945147089300564,1.0,0.0,0.0,1.0,0.07581624886851697,0.2119159603306397,0.7054773959792292,0.16372163682759266,0.1979514235302548,0.3150697858489472,0.0,0.0031817672999453926,1.0
gex_possorted_bam_SJSO3:ATCCACCTCTGTTGCCx-M1,0.0,0.7030886285620953,1.0,0.3120422436421967,0.0,0.1666101213293943,1.0,0.016960818090005544,1.0,0.34466845705665006,1.0,1.0,1.0,1.0,0.0,1.0,1.0,0.8968997720167627,1.0,0.0,0.0,0.0,0.0,0.0,1.0,0.4549191328203687,1.0,1.0,0.6077324618451674,0.6338659270451628,1.0,0.0,0.0,0.2649961590871151,1.0,0.0,1.0,0.0,0.0,1.0,0.041833170847374715,1.0,1.0,1.0,0.0,0.18233003468826103,1.0,1.0,0.5339321383619038,0.02822369274218309,0.8580838459520157,0.35463443528586025,0.0
gex_possorted_bam_SJSO3:ATATGCATCACGAATCx-M1,0.14702153343704302,0.0,0.0063451555753782805,0.027665723083110053,0.49701219589677853,0.30026474485082183,0.0,0.05827826861850027,0.0,0.0,0.8135490684984487,0.0,0.0,0.0,0.11857284938174428,0.0,0.8820462334386343,0.9153582926466882,0.0,1.0,0.771694890044178,0.7621190927452927,0.2528828143317758,0.7070766918019737,0.0,0.040626774179882086,0.4702760784954146,0.0,0.0,0.08667114646528275,0.0,0.27325645056306813,0.29098370720165606,0.0,0.258969814540909,0.039086459150733145,0.0,0.08163100976176599,0.06501802835951125,2.7134883797042103e-05,0.1947566179712858,0.0,0.0,0.0,0.21739911842270113,0.02660398038565295,0.0,0.37195048492254806,0.0,0.13774666843225047,0.0,0.013260752721948418,1.0
gex_possorted_bam_SJSO3:ATCACAATCATAACCAx-M1,0.031594993964755284,0.0,0.0,0.0,0.16070220859252662,0.018764387978476682,0.0,0.0,0.0,0.0,0.7648079525744672,0.0,0.0,0.0,0.0,0.0,0.6537040100993088,0.7262934958404021,0.0,1.0,0.4808974329843156,0.6644351097344118,0.134661642649608,0.6896424174036577,0.0,0.0,0.3821716070244002,0.0,0.0,0.0,0.0,0.07642221929908984,0.10058315338385915,0.0,0.2499259011864146,0.0,0.0,0.03822472724436274,0.0,0.14944605079145187,0.0,0.0,0.0,0.0,0.0,0.0,0.0,0.16070479777327673,0.0,0.0,0.0,0.0,0.8178148434588145
gex_possorted_bam_SJSO3:ATATGGTGTTTACCGTx-M1,0.0,0.30392152373296666,1.0,0.08460832331353148,0.0,0.0,1.0,0.0,1.0,0.0,1.0,0.8404248626576223,0.47645690743013663,1.0,0.0,1.0,1.0,0.2378574207356357,1.0,0.0,0.0,0.0,0.0,0.0,1.0,0.14642692607687052,1.0,0.45394602634487136,0.0,0.2080687305110602,1.0,0.0,0.0,0.16001707436498147,1.0,0.0,1.0,0.0,0.0,1.0,0.0,1.0,1.0,1.0,0.0,0.00828422648093471,1.0,1.0,0.1554021102404817,0.0,0.405470167879333,0.0688879002276697,0.0
gex_possorted_bam_SJSO3:ATACCTGCATCGCTCCx-M1,0.06654554506817133,0.3095660782751788,1.0,0.1592561228920016,1.0,1.0,1.0,0.5747583904531436,0.7353318154191116,0.40969312093900156,1.0,0.0,0.25002500926325877,0.0,0.010451476618186968,0.0,1.0,1.0,0.24632721815707662,1.0,0.8750945483630524,0.9345917390622767,0.247911306474718,0.3463420505443738,0.21680336918001736,0.11711630620125683,0.8151462232623092,0.04362742929127573,0.3981731979183927,0.0,0.6974251463990744,0.6937170162191545,0.2506104213510815,0.09759216152143718,0.5034852403662026,0.18158013421358488,0.0,0.061126479406400196,0.3689571746793768,0.5781494700023813,1.0,0.0,0.019383162089463692,1.0,0.11052565300626001,0.2783597835844715,0.7737023272973315,0.15411771743011207,0.273281273510377,0.340998625217221,0.0,0.024854096036199605,1.0
gex_possorted_bam_SJSO3:ATAGCATGTTACTTCAx-M1,0.0,0.0,0.8863220734935117,0.0,0.0,0.0,0.9526534780136103,0.0,1.0,0.0,1.0,0.5623497418178953,0.16905432425504238,1.0,0.0,1.0,1.0,0.17514733051358347,0.5950225574955859,0.0,0.0,0.0,0.0,0.0,1.0,0.04281276040849135,1.0,0.16438692003805302,0.0,0.0,0.4033703963540136,0.0,0.0,0.0,1.0,0.0,1.0,0.0,0.0,1.0,0.0,1.0,1.0,1.0,0.0,0.0,1.0,1.0,0.0,0.0,0.22801600356427673,0.0,0.0
gex_possorted_bam_SJSO3:ATCACTAAGTTAGACCx-M1,0.08795527250148616,0.0,0.0,0.007109751363548758,0.2820784392413365,0.42196422537235745,0.0,0.0,0.0,0.0,0.9980853336727837,0.0,0.0,0.0,0.0036232878092612043,0.0,0.8494742125410544,1.0,0.0,1.0,0.6796398629012093,0.8213781123568898,0.17098124457267244,0.7304153007158409,0.0,0.0,0.3597834112046712,0.0,0.0,0.011347726819892013,0.12013340453501037,0.0,0.1887820199883182,0.0,0.1950903728355916,0.05875067831583921,0.0,0.044828081049013944,0.0403920878494747,0.07517727133459667,0.0,0.0,0.0,0.0,0.11685924827593998,0.04853825273931768,0.0,0.18933811873148718,0.0,0.0,0.0,0.034859841052249506,0.9282659486543655
gex_possorted_bam_SJSO3:ATGAAGTAGTCGCTAGx-M1,0.0,0.6212041849786826,1.0,0.3109685584095551,0.0,0.15952258844593745,1.0,0.15243735868374128,1.0,0.3489983288760624,1.0,0.8939047023142077,1.0,1.0,0.01694754872964488,1.0,1.0,0.39546433944688497,1.0,0.0,0.0,0.0,0.0,0.0,1.0,0.46465289126047904,1.0,0.8391451678842933,0.9198490115478329,0.37297334679291183,1.0,0.12989650558280058,0.0,0.24319860887791764,1.0,0.006766901515650153,1.0,0.0,0.0,1.0,0.11348161153556313,1.0,1.0,1.0,0.0,0.23588058516592803,1.0,1.0,0.5708711637335181,0.24788727315213857,0.9367076777993577,0.3623423443542224,0.0
gex_possorted_bam_SJSO3:ATGAATGCACAAAGACx-M1,0.0,0.0,0.1808020489539915,0.0,0.0,0.0,0.4786244094491065,0.0,0.8867227911883342,0.0,1.0,0.4327059471783427,0.023042867416048645,1.0,0.0,1.0,1.0,0.3377513965800079,0.6274719492863702,0.0,0.0,0.0,0.0,0.0,0.9516631727520414,0.0,1.0,0.0,0.015165613627508009,0.0,0.0,0.0,0.0,0.0,1.0,0.0,1.0,0.0,0.0,1.0,0.0,1.0,0.9381893612325825,0.8914097395443363,0.0,0.0,0.879638722014525,1.0,0.0,0.0,0.19207959143772413,0.0,0.0
gex_possorted_bam_SJSO3:ATCGCTTGTGTCCTGCx-M1,0.0,0.42419906072820124,1.0,0.12926095001255652,0.0,0.06548733682743857,1.0,0.11511763492424226,1.0,0.022981162982281752,1.0,0.8681818662379375,0.5618357923213273,1.0,0.0,1.0,1.0,1.0,1.0,0.0,0.0,0.0,0.0,0.0,1.0,0.17154037213489456,1.0,0.3817853966604209,0.21567003498249854,0.0,0.6553686947642465,0.10884047240626148,0.0,0.119589612729704,1.0,0.0,1.0,0.0,0.0,1.0,0.4092875495872985,1.0,1.0,1.0,0.0,0.010038532199294485,1.0,1.0,0.20722292155088354,0.0,0.40425069601935143,0.030655117243362194,0.0
gex_possorted_bam_SJSO3:ATCGCCCGTATTACCCx-M1,0.0,0.2584718694983986,1.0,0.07327539571325056,0.4514006714892637,0.396763032429581,1.0,0.395866325231896,1.0,0.04753660939670558,1.0,0.0,0.5797025442240922,0.8292252838189872,0.0,0.8133540110780778,1.0,1.0,0.47806076717419754,1.0,0.21523843250883018,0.0,0.0,0.0,1.0,0.12963567354529745,1.0,0.13474433585007395,0.3057605548396341,0.0,0.4706373398841733,0.43857604303354447,0.0,0.046103034624668755,1.0,0.0,1.0,0.0,0.0,1.0,0.7603254023276083,1.0,0.6237290494721357,1.0,0.0,0.09562355307507804,1.0,1.0,0.18384180668805025,0.14806265115318745,0.05005743714917673,0.0,1.0
gex_possorted_bam_SJSO3:ATCGAGGCACAAAGGTx-M1,0.054311865763232436,0.0,1.0,0.03861273882914722,1.0,1.0,0.0,0.015088774005968952,0.0,0.4879460286931294,1.0,0.0,0.04053871350625444,0.0,0.263912648785004,0.0,1.0,1.0,0.0,1.0,0.7231432397449696,0.9483132709072327,0.2867710948105597,0.5887110622256603,0.0,0.08085365368666517,0.41669201622263574,0.03111848998784097,0.0,0.21385174213746938,0.7481356166312169,0.4253057381608358,0.25073141586048214,0.0,0.27977330399176115,0.16077489342732862,0.0,0.021205847298090816,0.16755742573435614,0.35735933370866146,0.22514256216542894,0.0,0.0,0.760567433315573,0.3204456347125377,0.12666519430653395,0.2799412067233016,0.16991587168833178,0.18910692840846205,0.5541640376400567,0.0,0.1013965249466775,1.0
gex_possorted_bam_SJSO3:ATCGCCCGTTGCTGGGx-M1,0.0,0.5110553594488116,0.5904937648762378,0.0,0.0,0.0,0.8091790884513596,0.13789563251797987,0.0,0.4028726323692995,0.0,0.7265456357184551,0.0,0.0,0.38055555505504496,0.2777964237895824,0.1383249240947277,0.0,0.0,1.0,0.15511917655444568,0.18483550983842342,0.024788381215384694,0.42648762418267866,0.0,0.0,0.3272788859231271,0.04269123990107047,0.015342571912055446,0.0,1.0,0.0,0.02414370173623325,0.21455701328647903,0.629673297196377,0.1389770454267613,0.42151321789827745,0.0,0.16571395769446592,0.9001143843470195,0.017253006354933115,0.6477379772239195,0.0,0.0,0.0,0.03774633725301673,0.0,0.055334538982822985,0.06660619615466817,0.017819371685369012,0.0,0.0,0.5059979956109752
gex_possorted_bam_SJSO3:ATCCTGACAGGACACAx-M1,0.0,0.9138638109857625,1.0,0.42989820726285083,0.0,0.37399939708141605,1.0,0.10668572649654458,1.0,0.3068682063715095,1.0,1.0,1.0,1.0,0.0,1.0,1.0,1.0,1.0,0.0,0.0,0.0,0.0,0.0,1.0,0.5994559438568959,1.0,1.0,1.0,0.5046607708689652,1.0,0.0,0.0,0.2700129956875052,1.0,0.0,1.0,0.0,0.0,1.0,0.049355519955820125,1.0,1.0,1.0,0.0,0.22180005612830064,1.0,1.0,0.5869987281884097,0.13178883702204816,1.0,0.45670137004257966,0.0
gex_possorted_bam_SJSO3:ATGACTCAGTCACCTCx-M1,0.0,0.20826175742517844,0.38440555831128403,0.0,0.0,0.0,0.0,0.0,0.0,0.0,0.8723670670903391,0.0,0.9208525281775506,1.0,0.0,1.0,0.3803860308424102,0.19648993195820796,1.0,0.0,0.0,0.0,0.0,0.0,1.0,0.0,1.0,0.0,1.0,0.1200155466129848,0.0,0.5237178826539738,0.0,0.2598832968717516,1.0,0.0,0.7787359502825875,0.0,0.0,1.0,0.4879567142894808,0.0,0.39861612453001044,0.0,0.0,0.0,0.8420533335903561,0.20843281949785766,0.0,0.0,0.8911537467965195,0.0,0.0
gex_possorted_bam_SJSO3:ATGACCAGTCCTAACTx-M1,0.0,1.0,1.0,0.35240493290044644,0.0,0.35067810863597804,1.0,0.21084259199220823,1.0,0.621154005620837,1.0,1.0,1.0,1.0,0.15784351273081607,1.0,1.0,0.5639044865779742,1.0,0.0,0.0,0.0,0.0,0.0,1.0,0.491177835349946,1.0,1.0,0.8321494977112036,0.46559481648006257,1.0,0.0,0.0,0.3617019893243885,1.0,0.0687169732540902,1.0,0.0,0.02956952309365251,1.0,0.3599005071437297,1.0,1.0,1.0,0.0,0.2020571408857686,1.0,1.0,0.63784256626653,0.32093989995318023,0.7953198421743088,0.3861396476412217,0.0
gex_possorted_bam_SJSO3:ATCCTCATCGGTTTGGx-M1,0.0,0.0,0.15412313482416445,0.0,0.0,0.0,0.05747947643635045,0.0,0.31339755001266456,0.0,0.9403430812780506,0.0,0.0,0.4520602765746849,0.0,0.7098472201774523,0.9688738721219949,0.42546758941826535,0.10838508798441168,0.0,0.0,0.0,0.0,0.0,0.1903351219146238,0.0,1.0,0.0,0.0,0.0,0.0,0.015990072742073688,0.0,0.0,1.0,0.0,0.8678316826718473,0.0,0.0,0.7545903536968859,0.0,1.0,0.15804826392030497,0.0,0.0,0.0,0.1590671808746381,1.0,0.0,0.0,0.0,0.0,0.0
gex_possorted_bam_SJSO3:ATCCCGCGTTGGATCAx-M1,0.0,0.0,0.05080319545362161,0.0,0.0,0.0,0.5092600878548666,0.0,0.959173197560412,0.0,1.0,0.0,0.17820927977945245,1.0,0.0,1.0,1.0,0.5994506655904852,0.48443839055888754,0.0,0.0,0.0,0.0,0.0,0.9873728365003744,0.02289012184855949,1.0,0.0,0.0,0.0,0.0,0.11429485219681651,0.0,0.0,1.0,0.0,1.0,0.0,0.0,0.9354343703702146,0.0,1.0,0.5589354852671313,0.3475392440601463,0.0,0.0,0.75819471262967,1.0,0.0,0.0,0.2198584898277669,0.0,0.0
gex_possorted_bam_SJSO3:ATGAAGCCACTTAGGCx-M1,0.0,0.7390172937677303,1.0,0.31470683781927583,0.0,0.39874504737663463,1.0,0.0,1.0,0.14795411901543662,1.0,1.0,1.0,1.0,0.0,1.0,1.0,1.0,1.0,0.0,0.0,0.0,0.0,0.0,1.0,0.4252267433522949,1.0,1.0,0.6512753229856885,0.6131907183127473,1.0,0.0,0.0,0.23320607621284242,1.0,0.0,1.0,0.0,0.0,1.0,0.0,1.0,1.0,1.0,0.0,0.1814954922637125,1.0,1.0,0.44675191160664857,0.05420604629986661,0.8437139407635571,0.3589320414168617,0.0
gex_possorted_bam_SJSO3:ATCCTTAGTTAACACGx-M1,0.0,0.0,0.17486959767850047,0.0,0.0,0.0,0.0,0.025982699507967794,0.0,0.0,0.2711758077126545,0.0,0.0,0.0,0.07712832525074592,0.0,0.5344320723130502,0.07229189222433453,0.0,0.9656071779013866,0.2864281534045347,0.3836678409734904,0.05333271827960029,0.4329677451968865,0.0,0.0,0.4769503199770184,0.0,0.0,0.0,0.09697902486586865,0.0,0.08941532415591305,0.0,0.38410748684437934,0.0,0.015101684693245234,0.0,0.09259338845083061,0.30560610573016955,0.0,0.09187787771451998,0.0,0.0,0.0,0.0,0.0,0.43352301474769445,0.0,0.0,0.0,0.0,0.1901485776150832
gex_possorted_bam_SJSO3:ATCCATAAGTTAGGCTx-M1,0.0,0.0,1.0,0.0,0.12654551141270887,0.18531720258530365,0.28577616664781846,0.12446432971467301,0.4718979885547806,0.13320735696353406,0.5525540440262288,0.0,0.0,0.0,0.18204656091931679,0.0,1.0,0.9160904258153264,0.0,1.0,0.2672976386489629,0.5655664763945513,0.028125143080384014,0.5068521312853924,0.0,0.0,0.3369785155858262,0.057887011968401375,0.0,0.0,0.1752541104955777,0.09174981264413519,0.10546873882415629,0.1488342776330027,0.26873365647164393,0.039900018518696144,0.007850226806270283,0.0,0.1275739515176289,0.23644401455960953,0.40939216732373224,0.15635649367097593,0.0,0.0,0.15514262050881505,0.0,0.0,0.007574747238609968,0.0,0.0,0.0,0.0,1.0
gex_possorted_bam_SJSO3:ATGACAACAATATACCx-M1,0.0,0.9365791967005349,1.0,0.024227941058000833,0.22464791211595733,0.11624158386652146,0.9673374953108748,0.23929747702837556,0.21430332409589564,0.8389792901440687,0.0,0.41983283171086194,0.0,0.0,0.5212026131394303,0.3056827167298697,0.23073536448908052,0.0,0.0,1.0,0.4475506310104591,0.4721623415866876,0.11973596388656545,0.6891975938025643,0.0,0.0,0.11980492778007677,0.4366775978533584,0.18760553259059445,0.04273970569798663,1.0,0.0,0.19001113154888027,0.19482787724108025,0.4578678056631897,0.2947898062874892,0.39006382135291917,0.016698740320137843,0.31203684718884195,1.0,0.06094822970521884,0.2868862405390817,0.0,0.7957591490233328,0.13956013649259358,0.15401544617383844,0.0,0.0,0.3150971868307346,0.4253920312551594,0.06431155070086962,0.05052722111865929,1.0
gex_possorted_bam_SJSO3:ATCTTTGGTTAGTACGx-M1,0.18814880494697894,0.18293939194873873,1.0,0.1564883804312357,1.0,1.0,0.6555991603867976,0.33835440910251974,0.11440621294669398,0.49917590579221977,1.0,0.0,0.21019312687339983,0.0,0.24588882421765257,0.014082256627462115,1.0,1.0,0.15631299052438824,1.0,1.0,1.0,0.3661708850659457,0.7205894273635389,0.01835400782695216,0.1389307279226934,0.4952336091302668,0.17439984069151207,0.043296503631714604,0.21682481945475948,0.8464703483971743,0.6163170432727858,0.3934961000327724,0.06153686116406044,0.3144399192028741,0.2757749252845698,0.0,0.13902786097137174,0.36916086134355924,0.37383331680129794,0.6504950981752979,0.0,0.054859277024547605,1.0,0.3669855956253681,0.25987863246650916,0.6102753224513818,0.11638173446681409,0.3199663897476606,0.5213786377270447,0.0,0.1343766433966324,1.0
gex_possorted_bam_SJSO3:ATCTTTGGTCCTAATCx-M1,0.0,0.5175284981818804,1.0,0.14804734273135967,0.0,0.0,1.0,0.0,1.0,0.2173317877871671,1.0,1.0,0.9428777917063793,1.0,0.0,1.0,1.0,0.3017333637392175,1.0,0.0,0.0,0.0,0.0,0.0,1.0,0.2662843035273216,1.0,0.6939184039037949,0.42613351975002695,0.31635686750025704,1.0,0.0,0.0,0.14157116331455835,1.0,0.0,1.0,0.0,0.0,1.0,0.0,1.0,1.0,1.0,0.0,0.0818308483127672,1.0,1.0,0.35426199271665365,0.0,0.6202356629723096,0.20547975316296016,0.0
gex_possorted_bam_SJSO3:ATCGCCCGTCACAGACx-M1,0.08605950428747858,0.0,0.0,0.08591555568063153,0.0,0.0,0.0,0.09834501694046578,0.0,0.0,0.5218409990571032,0.0,0.0,0.10347041246892909,0.0,0.1321090288376388,0.5105477709879502,0.42567813633750784,0.0,0.0,0.1488991973106016,0.20817150780159815,0.09809579799096457,0.29601332658754664,0.0,0.0,0.7269947636070136,0.0,0.0,0.0,0.0,0.05513876230050796,0.07159074432550656,0.08872834224308197,0.5689795216164982,0.0,0.2685062095246767,0.07442918765586648,0.0,0.2230121103152722,0.12125064524640992,0.35038820236291973,0.0,0.0,0.0,0.008299612743475269,0.0,1.0,0.0,0.0,0.0,0.008367070214994301,0.0
gex_possorted_bam_SJSO3:ATCTATGAGCCAGTATx-M1,0.12653010968150571,0.0,0.0,0.06746091740210258,0.0,0.0,0.0,0.20288308931375348,0.0,0.003316661218249893,0.05703925323189626,0.10439797377735807,0.0,0.0,0.2040735576700811,0.0,0.28154761794344485,0.0,0.0,1.0,0.4427028835132366,0.43664919664010937,0.1648569435330436,0.6134622934440905,0.0,0.0,0.33023457170807513,0.0,0.060493103501645294,0.0,0.0,0.04101974529646398,0.2117793041495213,0.1540136580769414,0.3739623848922617,0.13719854807287143,0.016610977924024856,0.1519326622015584,0.16591357801871007,0.2879059112479037,0.2615905464604458,0.17085974792675157,0.0,0.0,0.15631791040736837,0.07360892185071598,0.0,0.2719320303482929,0.0,0.0,0.009035612104703336,0.008819899738434302,0.2660001876542696
gex_possorted_bam_SJSO3:ATCTATGAGGAAGCACx-M1,0.0,0.0,0.28429248754245534,0.0,0.0,0.0,0.7768739349857955,0.0,1.0,0.0,1.0,0.4031668047384164,0.17140263078383447,1.0,0.0,1.0,1.0,0.11414162469112049,0.5716810053729037,0.0,0.0,0.0,0.0,0.0,1.0,0.028311122198434083,1.0,0.0,0.07381276592505331,0.0,0.0,0.0,0.0,0.0,1.0,0.0,1.0,0.0,0.0,1.0,0.0,1.0,1.0,1.0,0.0,0.0,1.0,1.0,0.0,0.0,0.19110410032251152,0.0,0.0
gex_possorted_bam_SJSO3:ATCGAGGCATGGAGGCx-M1,0.057005787888616766,0.0,0.0,0.0,0.35542436642135405,0.3066776195953599,0.0,0.0,0.0,0.0,1.0,0.0,0.0,0.0,0.0,0.0,1.0,1.0,0.0,0.8618893392116844,0.5656266414005695,0.7368635011698199,0.1673564480550789,0.5785503885142379,0.0,0.0,0.5296020259949334,0.0,0.0,0.0,0.0,0.17803999689995162,0.1292208072608546,0.0,0.26171477172731444,0.0,0.0,0.06069391103332611,0.0,0.0,0.0,0.0,0.0,0.0,0.08017634110641812,0.0,0.0,0.36875313439305013,0.0,0.0,0.0,0.0,0.8898879832649947
gex_possorted_bam_SJSO3:ATCCTGACACTTCACTx-M1,0.0,0.0,0.06363196320526254,0.0,0.0,0.0,0.5511936382322842,0.0,1.0,0.0,1.0,0.46296402204250314,0.08538515436095098,1.0,0.0,1.0,1.0,0.22582932023363417,0.5925371742823018,0.0,0.0,0.0,0.0,0.0,0.9638614829336235,0.0033677930248927094,1.0,0.0,0.07068578419157702,0.0,0.0,0.0,0.0,0.0,1.0,0.0,1.0,0.0,0.0,1.0,0.0,1.0,1.0,1.0,0.0,0.0,0.8874204716207325,1.0,0.0,0.0,0.2157390819119316,0.0,0.0
gex_possorted_bam_SJSO3:ATGACTCAGATAGACGx-M1,0.0,0.0,0.4630486206528903,0.0,0.0,0.0,0.8507974214652545,0.0,1.0,0.0,1.0,0.6532393260806926,0.1170172421901944,1.0,0.0,1.0,1.0,0.0,0.49555587057111966,0.0,0.0,0.0,0.0,0.0,0.9980263025910066,0.004039290477332392,1.0,0.09591425830079904,0.045415021367152184,0.0,0.0,0.0,0.0,0.0,1.0,0.0,1.0,0.0,0.0,1.0,0.0,1.0,1.0,1.0,0.0,0.0,0.9953722432025026,1.0,0.0,0.0,0.22017891792220295,0.0,0.0
gex_possorted_bam_SJSO3:ATCCTGACAGGCTGTTx-M1,0.0,0.0,0.5405466686899567,0.0,0.0,0.0,0.7659827885803699,0.0,1.0,0.0,1.0,0.5438962955383525,0.2999372270621088,1.0,0.0,1.0,1.0,0.0713203070101192,0.538244563778014,0.0,0.0,0.0,0.0,0.0,1.0,0.02982108658937826,1.0,0.0,0.013113509586462619,0.0,0.05743862897140385,0.10689379755375535,0.0,0.0,1.0,0.0,1.0,0.0,0.0,1.0,0.0,1.0,1.0,1.0,0.0,0.0,1.0,1.0,0.0,0.0,0.20984014171925397,0.0,0.0
gex_possorted_bam_SJSO3:ATCCCGCGTTTCCTCCx-M1,0.0,0.0,0.046200383450659806,0.0,0.260057857064465,0.02670945932566855,0.0,0.0,0.0,0.0,0.5377963826055114,0.0,0.0,0.0,0.06272234504488593,0.0,0.5135974317154635,0.33247232909782215,0.0,1.0,0.5102216378126536,0.6698925580363535,0.1339848561976412,0.6550280620981386,0.0,0.0,0.3869756822435606,0.0,0.0,0.0,0.30462248880812864,0.058112936871167864,0.09691215836248251,0.0,0.23607705279158012,0.025274406752101904,0.0,0.0,0.007657829141740493,0.2031675761888396,0.0,0.0,0.0,0.0,0.0,0.007911634317588316,0.0,0.0,0.0,0.0,0.0,0.0,0.9635685452791677
gex_possorted_bam_SJSO3:ATGACGAAGCACGATTx-M1,0.0,0.014618811966211662,0.0,0.0,0.0,0.0,0.0,0.07576803135240982,0.0,0.0,0.3265896206468675,0.0,0.0,0.0,0.18879029567926334,0.19256763541742264,0.6227130240667559,0.33342859592711366,0.0,0.8850780581839258,0.35736884521608486,0.394529061653087,0.13183313549499087,0.48288704365618157,0.0,0.0,0.2575496664764214,0.0,0.0,0.0,0.16794738462269632,0.0,0.07069079364643359,0.007532572166394384,0.3756848661473643,0.046131415817149184,0.0,0.0,0.08783993200481692,0.26241015777109306,0.0482659927006953,0.449579173408697,0.0,0.0,0.03442326606331666,0.0,0.0,0.21055025192201168,0.0,0.0,0.0,0.0,0.11441278068236481
gex_possorted_bam_SJSO3:ATCCTTAGTTAGAGCCx-M1,0.0,0.0,0.0,0.0,0.0,0.0,0.2954101259905352,0.0,0.8595201815172965,0.0,1.0,0.3061983833574359,0.0,1.0,0.0,1.0,1.0,0.41815746584209496,0.5464680144365099,0.0,0.0,0.0,0.0,0.0,0.8221587883609123,0.0,1.0,0.0,0.06001540133486022,0.0,0.0,0.0,0.0,0.0,1.0,0.0,1.0,0.0,0.0,0.9201273462237711,0.0,1.0,0.5505177112221641,0.0,0.0,0.0,0.6454192752034915,1.0,0.0,0.0,0.15184908990871013,0.0,0.0
gex_possorted_bam_SJSO3:ATCCTGACAACCTAATx-M1,0.0,0.0,0.08749480094342124,0.0,0.1280880749601344,0.022596121080218464,0.0,0.0,0.0,0.0,0.6707891002125763,0.0,0.0,0.0,0.013020063230292665,0.0,0.7891720398711423,0.6067065088026863,0.0,1.0,0.3482672469725025,0.4773460448347631,0.06412253985134508,0.5269139062230277,0.0,0.0,0.5297343097262136,0.0,0.0,0.0,0.22773227484907105,0.029144631005068405,0.07307951694519374,0.0,0.43933453762999847,0.0,0.2145810186207075,0.0,0.0,0.30832707551632327,0.0,0.10788522885966849,0.0,0.0,0.0,0.0,0.0,0.41514734041737644,0.0,0.0,0.0,0.0,0.709644441798507
gex_possorted_bam_SJSO3:ATCGCCCGTTTACTTGx-M1,0.0714452434826321,0.0,0.2537725616962573,0.0,0.31322020665764294,0.2027881062589015,0.0,0.0795856293356018,0.0,0.08059298879679033,0.38622347189474904,0.0,0.0,0.0,0.17176899961236775,0.0,0.6220997993730287,0.35321842692479605,0.0,1.0,0.7480017310902007,0.753065422316038,0.17919910093822508,0.9227901978931569,0.0,0.0,0.20956663369804254,0.004714988668030273,0.04208970272960881,0.0,0.5281298693079746,0.2121421019046517,0.1958431029122599,0.12724022933688853,0.19162830778839957,0.1299707094933392,0.1693799592957415,0.05052449602696508,0.13543810751545415,0.41480677694658014,0.04542914134018849,0.0,0.0,0.0,0.10265989053726025,0.0836934618438877,0.0,0.0,0.0,0.0002973296863076608,0.1065186484549378,0.0,1.0
gex_possorted_bam_SJSO3:ATCCGTGAGCTCCCTGx-M1,0.14582885247193025,0.0,0.027444256968616767,0.0,0.4538695949515636,0.9138796612887605,0.0,0.0,0.0,0.0,1.0,0.0,0.0,0.0,0.0075952028431108855,0.0,1.0,1.0,0.037711777024524544,1.0,0.9059902598219843,1.0,0.2691385677724653,0.8162767735814146,0.0,0.0,0.36246866849292664,0.0,0.0,0.10465638924269761,0.2193457570902436,0.24011556727877012,0.250687699391907,0.0,0.2012261374691479,0.036850479162892275,0.0,0.08422429108788537,0.02801490053204273,0.0,0.0,0.0,0.0,0.0,0.22945805628449287,0.04096446692452065,0.0,0.3517245351513456,0.0,0.12346505065052332,0.0,0.0878117645907398,1.0
gex_possorted_bam_SJSO3:ATCCTTAGTGATGATTx-M1,0.0,0.04510755271647955,0.945694136877765,0.0,0.0,0.0,1.0,0.0,1.0,0.0,1.0,0.9664052319835994,0.3380491039172979,1.0,0.0,1.0,1.0,0.0,0.6646319397048827,0.0,0.0,0.0,0.0,0.0,1.0,0.075170829130909,1.0,0.1848576400276719,0.18791344035346816,0.0,0.7921208257481547,0.0,0.0,0.0,1.0,0.0,1.0,0.0,0.0,1.0,0.0,1.0,1.0,1.0,0.0,0.0,1.0,1.0,0.04103119977712528,0.0,0.2750410639243252,0.02860185386195765,0.0
gex_possorted_bam_SJSO3:ATGAATGCAGCACGTTx-M1,0.0,1.0,1.0,0.37713378385026347,0.0,0.3158249454927428,1.0,0.04325695534307373,1.0,0.3413165314355803,1.0,1.0,1.0,1.0,0.0,1.0,1.0,0.9783274062918261,1.0,0.0,0.0,0.0,0.0,0.0,1.0,0.5352345971145804,1.0,1.0,0.8074894730990657,0.4769482558592167,1.0,0.03261591946083614,0.0,0.2967119968490699,1.0,0.0,1.0,0.0,0.0,1.0,0.0,1.0,1.0,1.0,0.0,0.14031895462537278,1.0,1.0,0.5469841733983817,0.1664774130831044,1.0,0.40438464250744904,0.0
gex_possorted_bam_SJSO3:ATCGCCCGTTCATCTAx-M1,0.49468073065815027,0.41618715571692594,0.5625955903678349,0.41704882266164467,1.0,1.0,0.09593941303970993,0.3993486836527796,0.10124304050982605,0.7519120102291569,0.6238769431494555,0.0,0.32519500753501207,0.0,0.7104707705110226,0.19101520901459,0.7230150975908076,0.5479332853699797,0.0,1.0,1.0,1.0,0.6684427003121656,0.9152315945659275,0.003077800751040975,0.4104608220313421,0.35417393698465377,0.4043064975106421,0.2588107589864975,0.6696849369020278,0.7269811440249845,0.7693925357804483,0.6495045077683814,0.2932921339615979,0.20966734013052865,0.5446323956115853,0.0,0.3701908383397941,0.5391659106146206,0.31999940766777574,0.8086875325771465,0.0,0.27345833007246123,0.9629190528512747,0.793754211024601,0.48808809823021254,0.35798120676745965,0.0,0.47736633894980807,0.8901851106803726,0.23625286111670676,0.43051424095829327,1.0
gex_possorted_bam_SJSO3:ATCCCGCGTTAGTTGGx-M1,0.2697629806108246,0.15504091726756758,0.9972787490208262,0.23014538505147963,1.0,1.0,0.0,0.20745591969177166,0.0,0.7719655552738806,0.9860938760339917,0.0,0.15511745253266138,0.0,0.5043702824736866,0.0,1.0,1.0,0.0,1.0,0.8962700423413418,1.0,0.49782911246224315,0.8449783296596907,0.0,0.24168014587577935,0.3083068266208604,0.26735737850277147,0.0,0.47163857598217734,0.848409434044239,0.5475747306043325,0.4519518388629406,0.15598660147187643,0.18015757651942424,0.3719587816057892,0.0,0.1614072667534883,0.38752291464871863,0.31376962868224334,0.5668188528637077,0.0,0.09951277869494084,0.9105947628416315,0.5082898594339483,0.30672457751886195,0.3291574558944731,0.0,0.3644075574921466,0.860493713031188,0.06471772610988305,0.28029578675057165,1.0
gex_possorted_bam_SJSO3:ATGAAGTAGCCTAATAx-M1,0.0,0.5733692290357142,1.0,0.2845518672707263,0.0,0.0,1.0,0.0,1.0,0.1678352877502503,1.0,1.0,1.0,1.0,0.0,1.0,1.0,0.1541766518432908,1.0,0.0,0.0,0.0,0.0,0.0,1.0,0.43998696001361526,1.0,0.6769542591047099,0.9683778344991357,0.3229788789542542,1.0,0.0,0.0,0.005465766683933906,1.0,0.0,1.0,0.0,0.0,1.0,0.0,1.0,1.0,1.0,0.0,0.12929126240740332,1.0,1.0,0.4104084935147092,0.31327126633693103,0.8290385216757908,0.31078025372271595,0.0
gex_possorted_bam_SJSO3:ATGACAACATGCTTAGx-M1,0.0,0.16212530141101186,0.1385669454241311,0.0,0.0,0.0,0.13250350073839331,0.06689642981420203,0.0,0.15671815323769014,0.0,0.2786374963697104,0.0,0.0,0.27271168812078955,0.0,0.3229561089816223,0.0,0.0,1.0,0.28992389878976754,0.35874708780570796,0.06778432198662572,0.5145746078289769,0.0,0.0,0.2974065822529015,0.0,0.0,0.0,0.4537928064150758,0.0,0.07628412494618292,0.11502553427863471,0.42858527675013447,0.07576509379352028,0.1819530095932082,0.0,0.1577053082561106,0.45666682811324955,0.09169943447168853,0.28580374934485814,0.0,0.0,0.0,0.0,0.0,0.0,0.0,0.0,0.0,0.0,0.3439108216675082
gex_possorted_bam_SJSO3:ATGACAACAACTAGGGx-M1,0.0,0.8757750450989393,1.0,0.378318759238823,0.0,0.0,1.0,0.0432622202054691,1.0,0.41961449167096265,1.0,1.0,1.0,1.0,0.0,1.0,1.0,0.33523929562678956,1.0,0.0,0.0,0.0,0.0,0.0,1.0,0.5451507480798525,1.0,1.0,1.0,0.5717256771559212,1.0,0.02475310382244994,0.0,0.2996183552477066,1.0,0.0,1.0,0.0,0.0,1.0,0.0,1.0,1.0,1.0,0.0,0.20660073894254735,1.0,1.0,0.585104350531601,0.1470611453711202,1.0,0.4662150410619083,0.0
gex_possorted_bam_SJSO3:ATCGCCCGTCATGCAAx-M1,0.0,0.043595146917915946,0.3335470380136537,0.0,0.0,0.0,0.0,0.07156303642325432,0.0,0.14424683833639257,0.17928820216662752,0.0,0.0,0.0,0.1634632371681269,0.0,0.38611784528605464,0.0,0.0,1.0,0.4323654174693393,0.4829106073856138,0.0745546583173771,0.6320750418135447,0.0,0.0,0.3626437040453806,0.0,0.0,0.0,0.6673577543303721,0.0,0.10186769375352689,0.1166304731984566,0.4531527592044287,0.09813787867591382,0.20949824242629692,0.0,0.09724497429421698,0.5072295957709154,0.0,0.13110738427288235,0.0,0.0,0.015485500830091987,0.02177228626481806,0.0,0.0,0.0,0.008442284792520408,0.0,0.0,0.8500585017367317
gex_possorted_bam_SJSO3:ATGAGCCGTAACTACGx-M1,0.010216812518310218,0.0,0.7240348611831172,0.0,0.5556519834149306,0.5069974006609329,0.8250115923467509,0.33924665128041837,0.15423459056452257,0.0,1.0,0.0,0.0,0.0,0.0,0.0,1.0,1.0,0.0,1.0,0.6746373834844849,0.7043262790655238,0.06787989868183697,0.5044249082260462,0.0,0.0,0.7825902168206291,0.0,0.0,0.0,0.0,0.5492688970369375,0.16301268319723305,0.0,0.4049743465866571,0.01615837601824004,0.0,0.0,0.08536322191631258,0.36260078341621654,0.5431916958210751,0.0,0.0,0.8587904424186747,0.05426318453946135,0.027868115112007708,0.2318611790725756,0.4705432270455469,0.0,0.0,0.0,0.0,1.0
gex_possorted_bam_SJSO3:ATGGTGCGTTGCATCTx-M1,0.0,0.0,0.12815127612122126,0.0,0.0,0.0,0.0,0.0,0.12258047474377258,0.0,0.452506450929512,0.10486297951612661,0.0,0.14026955864688861,0.0,0.42497990309776906,0.4733284427995853,0.0,0.0,0.0,0.0,0.0,0.0,0.023047140074266576,0.05614662965077724,0.0,1.0,0.0,0.0,0.0,0.0,0.0,0.0,0.0,1.0,0.0,0.8338150512643245,0.0,0.0,0.6186652839391285,0.0,0.5321163067865706,0.0,0.0,0.0,0.0,0.0,1.0,0.0,0.0,0.0,0.0,0.0
gex_possorted_bam_SJSO3:ATGGCCGGTCACGAACx-M1,0.0,0.21453734555146528,0.4359333845349002,0.0,0.0,0.07343803421169642,0.10676929501805625,0.029959983631344615,0.0,0.053330510850111236,0.31356841472455477,0.26403058196998397,0.0,0.0,0.23024570196412208,0.04657733904585911,0.7995853184666922,0.39943509792501164,0.0,1.0,0.3089816073184819,0.4344856875318687,0.05977096221391605,0.5052764222022271,0.0,0.0,0.2085701306201017,0.0,0.0,0.0,0.2290579207780403,0.0,0.07919177425021612,0.0,0.3253070663818496,0.07368110397544393,0.0,0.0,0.24222073162594154,0.5417800023353817,0.10796452916624022,0.514743070582067,0.0,0.0,0.0,0.0,0.0,0.08542022245008046,0.0,0.0,0.0,0.0,0.2814040898449381
gex_possorted_bam_SJSO3:ATGCGATTCATTTAGGx-M1,0.016203407688580605,0.35438548483598115,0.7735065098827375,0.003365156095158057,0.29960810286990647,0.25275265331623,0.32228752001591426,0.11506388486464081,0.07123389947587705,0.37816003029081907,0.35585804792317327,0.0,0.0,0.0,0.3201708521864476,0.0,0.7285562151407812,0.14417812316940545,0.0,1.0,0.6364019891929567,0.6183844930915695,0.14400435615506538,0.7330857071377584,0.0,0.0,0.3414703841442562,0.1905315659825279,0.0,0.06907175963880842,1.0,0.009485615014350584,0.2250486819698086,0.04173637712227243,0.473295105036813,0.13415779104771994,0.12724633879114333,0.006353446109078227,0.21782847738983596,0.5593864500634098,0.052749449763610484,0.21545548699085068,0.0,0.34396579620842743,0.17248566925121084,0.04553042715482495,0.0,0.07287723490584609,0.13420871316903193,0.21913673581340398,0.0,0.0,1.0
gex_possorted_bam_SJSO3:ATGGCCCAGGTAAGGCx-M1,0.0,0.3578844937559269,1.0,0.04350475805427729,0.0,0.0,1.0,0.0,1.0,0.0,1.0,0.9884647629841875,0.430708895452393,1.0,0.0,1.0,1.0,0.7831926756731413,1.0,0.0,0.0,0.0,0.0,0.0,1.0,0.11887452164240568,1.0,0.25003931286939307,0.038567281740243924,0.0,0.7650983980259305,0.0,0.0,0.0130410024199855,1.0,0.0,1.0,0.0,0.0,1.0,0.0,1.0,1.0,1.0,0.0,0.0,1.0,1.0,0.08891610438216047,0.0,0.27227508757119484,0.05793078201780992,0.0
gex_possorted_bam_SJSO3:ATGCATTCACACTAATx-M1,0.0,0.0,0.0,0.0,0.0,0.0,0.35881397584992963,0.0,1.0,0.0,1.0,0.18755651914585064,0.2750249041804756,1.0,0.0,1.0,1.0,0.6342853103805446,0.780814019845598,0.0,0.0,0.0,0.0,0.0,1.0,0.038278854302676364,1.0,0.0,0.1264434321823146,0.0,0.0,0.0,0.0,0.0,1.0,0.0,1.0,0.0,0.0,1.0,0.0,1.0,0.7030179418543709,0.16352747770525153,0.0,0.0,1.0,1.0,0.0,0.0,0.24699614484064683,0.0,0.0
gex_possorted_bam_SJSO3:ATGATGACAGCAACAGx-M1,0.0,0.11588319809371271,0.4871460590098525,0.0,0.0,0.0,0.0,0.027192956997518183,0.0,0.21639154381686906,0.0,0.0,0.0,0.0,0.11453007469330224,0.0,0.11894310798812598,0.0,0.0,1.0,0.32946013805889257,0.4392655707095567,0.0,0.5917967377978484,0.0,0.0,0.3379805551455207,0.0,0.0,0.0,0.8217382732232268,0.0,0.04595843561683109,0.07704287355470502,0.37670199920689873,0.059655911811937225,0.1994952681621047,0.0,0.04854171585926292,0.49002096369930515,0.0,0.002803700801048237,0.0,0.0,0.0,0.0,0.0,0.0,0.0,0.0,0.0,0.0,0.6712299575958051
gex_possorted_bam_SJSO3:ATGCAGGCACTCAACAx-M1,0.0,0.518494916370603,1.0,0.17164414261037017,0.0,0.0,1.0,0.0,1.0,0.05392672724343613,1.0,0.9221957911658685,1.0,1.0,0.0,1.0,1.0,0.49861371375651115,1.0,0.0,0.0,0.0,0.0,0.0,1.0,0.3290866653642078,1.0,0.5831618102285916,0.7013982954307623,0.26694809489643195,1.0,0.0,0.0,0.115643792968223,1.0,0.0,1.0,0.0,0.0,1.0,0.0,1.0,1.0,1.0,0.0,0.0925400947240834,1.0,1.0,0.332207244166774,0.060751380452317275,0.6827941237505304,0.25095734473743403,0.0
gex_possorted_bam_SJSO3:ATGCGATTCGGGCCATx-M1,0.0,0.38603240589035803,0.39043315126248584,0.0,0.0,0.1757318836365238,0.8508188710066146,0.28609708117680954,0.0,0.44332252586917426,0.0,0.6559903404540821,0.0,0.49764773059621226,0.46125029072420853,0.0,0.8074717202222667,0.1341047532434635,0.0,1.0,0.5643675728609794,0.34440530635565125,0.2703075009659231,0.4190669596359817,0.0,0.0,0.2355439969994667,0.0,0.0,0.025234940570409453,0.679058499619772,0.0,0.18619013574509052,0.06833111934840366,0.4252916970920712,0.19382484776291625,0.0996100306396946,0.12712298324892168,0.3188453991150324,0.4439548909573477,0.8823425685384237,0.4788370678698685,0.0,0.0,0.005580091124957779,0.0,0.0,0.0,0.0,0.12075928248756153,0.0,0.0,0.47123510315147304
gex_possorted_bam_SJSO3:ATGGCTGTCACTAATGx-M1,0.1100771222778838,0.0,0.0,0.0,0.44071553411758757,0.7691793906691745,0.0,0.0,0.0,0.0,1.0,0.0,0.0,0.0,0.0,0.0,1.0,1.0,0.13843726483628946,1.0,0.8243251683050135,1.0,0.2099237127005281,0.7687155396859382,0.0,0.0,0.36531722017405494,0.0,0.0,0.09083487496935382,0.0,0.15993206871707433,0.19290407065735093,0.0,0.1635241561508435,0.0,0.0,0.08023233654028772,0.0,0.0,0.0,0.0,0.0,0.0,0.1481779371929215,0.0,0.0,0.2752101712500288,0.0,0.0,0.0,0.031212035134256248,0.9549644781380793
gex_possorted_bam_SJSO3:ATGGCCCAGGCCATCAx-M1,0.0,0.0,0.1955356912795863,0.0250296684238646,0.0,0.0,0.9646876340426395,0.0,1.0,0.0,1.0,0.6136681192577945,0.20516124429588137,1.0,0.0,1.0,1.0,0.4263740334384549,0.8657347752261688,0.0,0.0,0.0,0.0,0.0,1.0,0.049573450894906716,1.0,0.06302099378159891,0.20948964909057421,0.0,0.0,0.0,0.0,0.00833110370844619,1.0,0.0,1.0,0.0,0.0,1.0,0.0,1.0,1.0,1.0,0.0,0.0,1.0,1.0,0.0,0.0,0.2213078919651148,0.0,0.0
gex_possorted_bam_SJSO3:ATGCAGGCACTAGCGTx-M1,0.0,0.0,0.33942191523772164,0.0,0.0,0.0,0.7086343132174211,0.0,1.0,0.0,0.9310680788225445,0.437946882918068,0.15734704460953824,1.0,0.0,1.0,0.8272127335189382,0.0,0.5604222396204009,0.0,0.0,0.0,0.0,0.0,1.0,0.025829005121189106,1.0,0.0,0.29944022984246876,0.0,0.0,0.0,0.0,0.008527496888486325,1.0,0.0,1.0,0.0,0.0,1.0,0.0,1.0,0.957013765571068,1.0,0.0,0.0,1.0,1.0,0.0,0.0,0.38372881564418204,0.0,0.0
gex_possorted_bam_SJSO3:ATGCATTCAGTTAAAGx-M1,0.0,0.23063436049959463,0.3811692256986977,0.0,0.0,0.0,0.0,0.0,0.0,0.0,1.0,0.0,0.5211379824200629,1.0,0.0,1.0,0.7714571850419133,0.4697220133678313,0.9324465796073081,0.0,0.0,0.0,0.0,0.0,1.0,0.0,1.0,0.0,1.0,0.17512696780586084,0.0,0.3991449581060049,0.0,0.27332219098078664,1.0,0.0,1.0,0.0,0.0,1.0,0.20459820780396976,0.0,0.33524349749003785,0.057330366166266106,0.0,0.0,0.4872785998184254,0.7029373760650058,0.0,0.0,0.4760207962405089,0.0,0.0
gex_possorted_bam_SJSO3:ATGGACAAGCAGGTTTx-M1,0.0,0.029563860541074922,1.0,0.007547479037901361,0.0,0.0,1.0,0.0,1.0,0.07542175729275814,0.7583716705278355,1.0,0.43429910006475053,1.0,0.0,1.0,0.95444743443979,0.0,0.4977889271575098,0.0,0.0,0.0,0.0,0.0,1.0,0.13185342882668658,1.0,0.3479352360078924,0.012041935625393034,0.0,0.9437852558434143,0.0,0.0,0.02171697091411044,1.0,0.0,1.0,0.0,0.0,1.0,0.06677242771872748,1.0,1.0,1.0,0.0,0.0,1.0,1.0,0.14405446474620234,0.0,0.35284082506191183,0.06054614013208328,0.0
gex_possorted_bam_SJSO3:ATGCAAACATGTGGGAx-M1,0.0,0.0,0.0,0.0,0.0,0.0,0.6108710478511147,0.0,1.0,0.0,1.0,0.4090336509992714,0.07617878274377238,1.0,0.0,1.0,1.0,0.33272332226197865,0.6673549941823917,0.0,0.0,0.0,0.0,0.0,1.0,0.0204455768399271,1.0,0.0,0.06272733008099769,0.0,0.0,0.0,0.0,0.0,1.0,0.0,1.0,0.0,0.0,1.0,0.0,1.0,1.0,0.9161542687776467,0.0,0.0,1.0,1.0,0.0,0.0,0.31533999353782743,0.0,0.0
gex_possorted_bam_SJSO3:ATGGCTTAGCTATTGAx-M1,0.01665966781200631,0.0,0.0,0.0,0.06676626503395026,0.0,0.0,0.0,0.0,0.0,0.7964626427946939,0.0,0.0,0.0,0.0,0.0,0.7481110558681004,0.8578313064097148,0.0,0.7780155998537381,0.3966468021726124,0.5962924114537762,0.0882692045788607,0.6028098740134286,0.0,0.0,0.4291089447662681,0.0,0.0,0.0,0.0,0.03567282303060842,0.07656360065673588,0.0,0.27721048124888553,0.0,0.0,0.009266175164826007,0.0,0.0,0.0,0.0,0.0,0.0,0.0,0.0,0.0,0.2899683431052685,0.0,0.0,0.0,0.0,0.6306288408578093
gex_possorted_bam_SJSO3:ATGTAACGTCATTGTCx-M1,0.06244165483785858,0.0,0.0,0.0,0.2777379243788757,0.19503643183141875,0.0,0.0,0.0,0.0,0.9862432436383527,0.0,0.0,0.0,0.006850996286079732,0.0,0.8658981850901396,0.8993593432785746,0.0,0.8175670513714361,0.5592936012387836,0.5955312717274095,0.1379928658268101,0.580149288506103,0.0,0.0,0.4933829160105432,0.0,0.0,0.022082399714921402,0.022760995440232665,0.10487841693801209,0.11270552486119109,0.0,0.438401651721135,0.040378870559743034,0.0,0.04790305096487711,0.0,0.22356693200958141,0.0,0.0,0.0,0.0,0.07849568647037755,0.05832900420427445,0.0,0.42346786917468787,0.0,0.0,0.0,0.021904085798336567,0.730900204904684
gex_possorted_bam_SJSO3:ATGGCCGGTCAGGCATx-M1,0.0,0.0,0.0023667057671404026,0.0,0.0,0.0,0.17435430607233887,0.0,0.30680897449913125,0.0,1.0,0.14793403944982966,0.0,0.7586103214746979,0.0,0.9105768097648483,1.0,0.7841399512764992,0.433962277444572,0.0,0.0,0.0,0.0,0.0,0.3677730543503524,0.0,1.0,0.0,0.0,0.0,0.0,0.012121035374279561,0.0,0.0,1.0,0.0,1.0,0.0,0.0,0.8180667385989606,0.0,1.0,0.30250645000099996,0.0,0.0,0.0,0.4086624519997663,1.0,0.0,0.0,0.0,0.0,0.0
gex_possorted_bam_SJSO3:ATGGCCCAGGACTTACx-M1,0.0,0.0,0.0,0.0,0.0,0.0,0.0,0.0,0.0,0.0,0.3331986778205008,0.0,0.0,0.0,0.07481045018688144,0.06841214719058107,0.6039872004283101,0.06101886441025784,0.0,0.8125585716242818,0.2674680207992246,0.32112699759110247,0.03334116798269059,0.37666216395633395,0.0,0.0,0.44098587542575296,0.0,0.0,0.0,0.18933645411861497,0.0,0.03425198276556373,0.04236748664356945,0.5094718858497508,0.0,0.0,0.0,0.04025470494872744,0.4332697126455062,0.0024705210595320545,0.482336294255059,0.0,0.0,0.0,0.0,0.0,0.38431164818087166,0.0,0.0,0.0,0.0,0.34938483937010967
gex_possorted_bam_SJSO3:ATGATGGAGGGTGAGTx-M1,0.0,0.19901729355815412,0.9388525854698344,0.0462856263301703,0.0,0.0,1.0,0.0,1.0,0.0,1.0,0.46633096647616684,0.5405499617371686,1.0,0.0,1.0,1.0,0.6829571188740163,0.8273776844483125,0.0,0.0,0.0,0.0,0.0,1.0,0.13092205462113646,1.0,0.38272100406884385,0.16747062013000769,0.12097687566525625,1.0,0.039392021024800564,0.0,0.06146026261052564,1.0,0.0,1.0,0.0,0.0,1.0,0.0,1.0,1.0,1.0,0.0,0.017900293283152253,1.0,1.0,0.15015800520065425,0.0,0.35800335546308015,0.09888647106831237,0.0
gex_possorted_bam_SJSO3:ATGCCTGAGCCATCAGx-M1,0.0,0.0,0.296630329905812,0.0,0.0,0.0,0.7028694421109469,0.0,0.8425708356221271,0.0,1.0,0.3765794195605589,0.11206055519091125,1.0,0.0,1.0,1.0,0.9877494974808585,0.9086440664260788,0.0,0.0,0.0,0.0,0.0,0.9417666084332038,0.007023181547336689,1.0,0.0,0.0,0.0,0.0,0.021667621984678014,0.0,0.0,1.0,0.0,1.0,0.0,0.0,1.0,0.0,1.0,0.8926764902847589,0.8955366300894546,0.0,0.0,0.869475382164275,1.0,0.0,0.0,0.09606486243773367,0.0,0.0
gex_possorted_bam_SJSO3:ATGGCCCAGCGATACTx-M1,0.0,0.46204585530969966,1.0,0.1241937194156155,0.0,0.0,1.0,0.0,1.0,0.16425723282385193,1.0,1.0,0.8060191825149675,1.0,0.0,1.0,1.0,0.2821461826051957,1.0,0.0,0.0,0.0,0.0,0.0,1.0,0.18885116178904734,1.0,0.5603204822528443,0.296120414525851,0.19259047064683527,1.0,0.0,0.0,0.04844509963453517,1.0,0.0,1.0,0.0,0.0,1.0,0.014983930728192721,1.0,1.0,1.0,0.0,0.04929288927440146,1.0,1.0,0.2915049240450492,0.0,0.5515587299634341,0.1711699133396152,0.0
gex_possorted_bam_SJSO3:ATGGCTTAGCAGCTATx-M1,0.0,0.0,0.0,0.0,0.0,0.0,0.29908842323660134,0.0,0.8937237511800666,0.0,1.0,0.22521863450193103,0.0,1.0,0.0,1.0,1.0,0.4104972933841019,0.5414339913791343,0.0,0.0,0.0,0.0,0.0,0.7983758025352395,0.0,1.0,0.0,0.11530310223348192,0.0,0.0,0.0,0.0,0.0,1.0,0.0,1.0,0.0,0.0,0.9409986664230352,0.0,1.0,0.4594206351895517,0.0,0.0,0.0,0.6034735593573054,1.0,0.0,0.0,0.14794739350129177,0.0,0.0
gex_possorted_bam_SJSO3:ATGCAAACAAGCTACCx-M1,0.08874847611953873,0.0,0.08090021776379593,0.0,0.3165588598941218,0.3383167308815235,0.0,0.008905182108230908,0.0,0.015179124015736643,0.8891094854470468,0.0,0.0,0.0,0.0,0.0,0.8557403024176746,0.9356514324916305,0.0,1.0,0.8561768106513238,0.7542894277895048,0.18474417424739276,0.7215906286598135,0.0,0.0,0.3810265735049296,0.006222827555250409,0.0,0.08543343982666048,0.02316018721268968,0.0037092094733379285,0.18201975749232532,0.0,0.15703555254356033,0.049014849047243444,0.0,0.14447500692744747,0.06582562003558454,0.1444440504467039,0.0,0.0,0.0,0.0,0.16544613941144906,0.03391456900482295,0.0,0.1758546335812861,0.0,0.01451346472264527,0.0,0.04479590552462449,0.633653622835464
gex_possorted_bam_SJSO3:ATGGTCTAGCTTCCCGx-M1,0.013882973870304606,0.16374951604953028,0.8683886476706004,0.0,0.4608113418960635,0.5423577449798606,0.0,0.04389669119589556,0.0,0.463536363176358,0.4757918801959385,0.0,0.0,0.0,0.2937316565174974,0.0,0.6861302953209204,0.28187940484440027,0.0,1.0,0.6462332532833083,0.7864222552642236,0.19321323985783012,0.6766070675681637,0.0,0.0,0.24498369838948877,0.19053161658963938,0.2191944469047101,0.11299414313486057,1.0,0.03935250625132853,0.20017702901125867,0.062090962513889326,0.28009427734745945,0.20699169262686493,0.029846257854386132,0.0,0.1597178859404495,0.5140139007429918,0.0,0.0,0.0,0.3756704200307452,0.23446627952432808,0.1233553359353895,0.0,0.0,0.14012669554073243,0.3494402382835146,0.0,0.05126382431151086,1.0
gex_possorted_bam_SJSO3:ATGCATTCACATTGCAx-M1,0.0,0.1503180992933126,1.0,0.0075965880614374155,0.4589999351144278,0.6102653506355004,0.0,0.0756704441540351,0.0,0.49745739820297297,0.5237927763569016,0.0,0.0,0.0,0.31259362030766386,0.0,0.7556115236232549,0.43173219992254425,0.0,1.0,0.686945507072033,0.8118447282043002,0.1631422848041557,0.7533830652074673,0.0,0.0,0.29313174377921575,0.09025652662162392,0.0,0.09635418545162784,1.0,0.03589883643651209,0.22311692180360548,0.06172891239400717,0.24775452958063007,0.2072682768419644,0.06704192296976494,0.0,0.16340636533056915,0.621295253356913,0.0,0.0,0.0,0.8281893721692933,0.24591420276331583,0.13222840782020584,0.0,0.0,0.18757598419384944,0.37838588885535046,0.04713420278251085,0.03783079681781198,1.0
gex_possorted_bam_SJSO3:ATGGCTAGTTATAGCGx-M1,0.0,0.0,0.24687681105845058,0.0,0.0,0.0,0.37745285818479196,0.0,0.9890418296618492,0.0,0.8985023071199378,0.4811849754724862,0.0,0.8737625198656582,0.0,1.0,0.8266883011725837,0.0,0.3251820186571554,0.0,0.0,0.0,0.0,0.0,0.7817598044001612,0.0,1.0,0.0,0.003928962521433466,0.0,0.0,0.0,0.0,0.0,1.0,0.0,1.0,0.0,0.0,1.0,0.0,1.0,0.6444851258019726,0.4364098477766308,0.0,0.0,0.6846581322228724,1.0,0.0,0.0,0.12280252216239723,0.0,0.0
gex_possorted_bam_SJSO3:ATGCATTCAGGCGAGTx-M1,0.0,0.14633946503001435,1.0,0.06966268158899268,0.0,0.0,1.0,0.0,1.0,0.07867490896075674,1.0,0.5551029324112715,0.8526661014936561,1.0,0.0,1.0,1.0,0.15774274330999513,0.793967610281371,0.0,0.0,0.0,0.0,0.0,1.0,0.18427323144786323,1.0,0.34171136257233764,0.21530181673422116,0.15657563311727568,1.0,0.0,0.0,0.0024736938708458884,1.0,0.0,1.0,0.0,0.0,1.0,0.0,1.0,1.0,1.0,0.0,0.007036972855188777,1.0,1.0,0.2541786529443071,0.0,0.5002922824840589,0.1359111445940949,0.030330316324558963
gex_possorted_bam_SJSO3:ATGGCTGTCGTTAGTAx-M1,0.0,0.30496956132697584,0.4831755107299075,0.07247598845873499,0.0,0.0,1.0,0.0,1.0,0.0,1.0,0.7167729573938716,0.7593798899517472,1.0,0.0,1.0,1.0,1.0,1.0,0.0,0.0,0.0,0.0,0.0,1.0,0.16850496208703875,1.0,0.20693101132791106,0.523233635988685,0.09979889494064938,0.41812254879755345,0.0,0.0,0.0,1.0,0.0,1.0,0.0,0.0,1.0,0.0,1.0,1.0,1.0,0.0,0.0,1.0,1.0,0.124397704676527,0.0,0.5223869440346578,0.11858254978174082,0.0
gex_possorted_bam_SJSO3:ATGGCCGGTAACAGGGx-M1,0.0,0.0,0.2347808645868225,0.0,0.0,0.0,0.47884923731109896,0.0,1.0,0.0,0.9162411490000495,0.10856192653878691,0.0776641040058982,0.7837407514242805,0.0,0.8882408627733304,0.8959214264925263,0.028267234534101925,0.2087728338204916,0.0,0.0,0.0,0.0,0.0,0.7245396250576165,0.003797707977525345,1.0,0.0172365375767478,0.1269729420732629,0.0,0.0,0.003886135773284214,0.0,0.0,1.0,0.0,1.0,0.0,0.0,1.0,0.0,1.0,0.6483618939626469,0.7785614493830414,0.0,0.0,0.8982241355627038,1.0,0.0,0.0,0.09701883481908652,0.0,0.0
gex_possorted_bam_SJSO3:ATGGCCGGTGGGAACAx-M1,0.0,0.0,0.0,0.0,0.0,0.0,0.0,0.0,0.0,0.0,0.02004575474337969,0.03460933822388955,0.0,0.0,0.0,0.0,0.20721588497497673,0.0,0.0,0.724299129903163,0.1252791671875347,0.21873928209511842,0.0,0.4498299311549871,0.0,0.0,0.44950125164134025,0.0,0.0,0.0,0.0,0.0,0.0,0.026942370070960377,0.46440817140430307,0.0,0.12457113942679796,0.0,0.0,0.3859984976921843,0.05452079962935942,0.08465766236618169,0.0,0.0,0.0,0.0,0.0,0.2155716216778225,0.0,0.0,0.0,0.0,0.24376086743338504
gex_possorted_bam_SJSO3:ATGCGATTCGTTATCTx-M1,0.0,0.0,0.013967604313983603,0.0,0.12957236211064213,0.0,0.0,0.0,0.0,0.0,0.5758159903502864,0.0,0.0,0.0,0.0,0.0,0.6268431462716951,0.3517411447175969,0.0,1.0,0.488013921022679,0.5510921640114372,0.09798699252903112,0.5537768188616188,0.0,0.0,0.4503185190772209,0.0,0.0,0.0,0.0,0.06208822944170676,0.09345288572742161,0.0,0.3458339697544728,0.0,0.0,0.0,0.0,0.09915699763387667,0.0,0.0,0.0,0.0,0.0,0.0,0.0,0.25505847405363585,0.0,0.0,0.0,0.0,0.704931304850427
gex_possorted_bam_SJSO3:ATGGCCGGTTCACCCAx-M1,0.0,0.0,0.6933575334578778,0.0,0.0,0.0,1.0,0.0,1.0,0.0,0.8379766353498714,0.8558603592833649,0.1479179553122253,0.9079946473361455,0.0,1.0,0.9133147524086953,0.0,0.3531891637402019,0.0,0.0,0.0,0.0,0.0,0.9978493302667814,0.017528135219018772,1.0,0.06810180438964433,0.12272136149036811,0.0,0.32172682767651045,0.0,0.0,0.011852700795362587,1.0,0.0,1.0,0.0,0.0,1.0,0.029126563008727017,1.0,0.882008778329062,1.0,0.0,0.0,1.0,1.0,0.0,0.0,0.13179954201879776,0.0,0.0
gex_possorted_bam_SJSO3:ATGGTGCGTTAGAGCCx-M1,0.0,0.0,0.5311111324400735,0.015775453178971464,0.0,0.0,0.6344110921210724,0.0,1.0,0.0,0.765955809370427,0.5676589605141537,0.06457730680461148,0.8118792005496891,0.0,1.0,0.7508661270745899,0.0,0.2621717980196416,0.0,0.0,0.0,0.0,0.0,0.8369696069824928,0.06353749378396199,1.0,0.1994522080448705,0.08785092906133608,0.0,0.18071846114429727,0.14327185177551133,0.0,0.04394174145638466,1.0,0.0,1.0,0.0,0.0,1.0,0.009551089489922414,1.0,0.9044654310906209,1.0,0.0,0.0,0.8228031558449616,1.0,0.0,0.0,0.3161776307296217,0.0,0.0
gex_possorted_bam_SJSO3:ATGGCTGTCGGGACTCx-M1,0.022494542962862542,0.0,0.011073543273511411,0.0,0.3437062287622969,0.05100106477300839,0.0,0.0,0.0,0.0,0.7607520866664481,0.0,0.0,0.0,0.0,0.0,0.7592075272967203,0.8432050270486525,0.0,1.0,0.6423781033780097,0.7166407456952298,0.1510954900788312,0.6936310075630255,0.0,0.0,0.4048059917327761,0.0,0.0,0.0,0.0,0.13766408344943043,0.14817485643240744,0.0,0.1987107989978025,0.0,0.0,0.03899519392055025,0.0,0.0,0.0,0.0,0.0,0.0,0.0435096000846054,0.0,0.0,0.2534681351370134,0.0,0.0,0.0,0.0,0.886736162760998
gex_possorted_bam_SJSO3:ATGGCTGTCTTAGTGAx-M1,0.0,0.1327422840714308,0.7599518402456809,0.04869012098736203,0.0,0.0,1.0,0.0,1.0,0.0,1.0,0.5802433733483041,0.6932119602632167,1.0,0.0,1.0,1.0,0.1499785866104909,0.9160633315290474,0.0,0.0,0.0,0.0,0.0,1.0,0.17051359241480452,1.0,0.21319196290716003,0.3758478594010805,0.0665423889451158,0.7290274595222208,0.0,0.0,0.028950674664940928,1.0,0.0,1.0,0.0,0.0,1.0,0.0,1.0,1.0,1.0,0.0,0.0,1.0,1.0,0.14774494214617323,0.0,0.426969802932031,0.11081346372804679,0.0
gex_possorted_bam_SJSO3:ATGGCCCAGTTAGGCTx-M1,0.0,0.0,0.4041862967818335,0.0,0.0,0.0,0.7533316688509956,0.0,1.0,0.0,1.0,0.7712171765258635,0.014557638520646322,1.0,0.0,1.0,1.0,0.0,0.5252827076103784,0.0,0.0,0.0,0.0,0.0,0.8766314397498148,0.0,1.0,0.0,0.0,0.0,0.0,0.0,0.0,0.0,1.0,0.0,1.0,0.0,0.0,1.0,0.0,1.0,0.9721886991210607,1.0,0.0,0.0,0.8853951849659091,1.0,0.0,0.0,0.21275563976603046,0.0,0.0
gex_possorted_bam_SJSO3:ATGCTTAAGCTTTGTTx-M1,0.0,0.0,0.6332118922660895,0.0,0.0,0.0,1.0,0.0,1.0,0.0,1.0,0.42621721335587537,0.1065229871071209,1.0,0.0,1.0,1.0,0.43353936021899553,0.7589134049666036,0.0,0.0,0.0,0.0,0.0,1.0,0.027487290662572453,1.0,0.15971544505139637,0.0,0.0,0.14081559584165895,0.0,0.0,0.0,1.0,0.0,1.0,0.0,0.0,1.0,0.0,1.0,1.0,1.0,0.0,0.0,1.0,1.0,0.0,0.0,0.2592266560195844,0.0,0.0
gex_possorted_bam_SJSO3:ATGTAAGCATAAACCTx-M1,0.0,0.08360332583410732,1.0,0.026158617419868642,0.7022335104325331,0.8803800984003741,0.45479136646404694,0.11054788856603734,0.17710163604777016,0.40881321314301566,1.0,0.0,0.1396496620737136,0.0,0.15963823832391122,0.2408430546202673,1.0,1.0,0.0,1.0,0.6215664752977856,0.6737094454524047,0.16055462817501415,0.43550652835366205,0.0,0.022814131848009532,0.6372471852631779,0.08228416061461703,0.0,0.07573421112369698,0.9995971428219117,0.3126744139961985,0.1672623632680346,0.0,0.5468239825929793,0.11493280011418862,0.19959005278719166,0.0,0.14380686943309506,0.6612261817301406,0.20460437599738526,0.053942077907468244,0.044255612167836876,1.0,0.19635101330742755,0.09612112276055201,0.4113558526187001,0.5224248506343359,0.18865942593541812,0.4051861430264155,0.0,0.02871333771794717,1.0
gex_possorted_bam_SJSO3:ATGTGAGAGGTGAAGCx-M1,0.0,0.0,0.0,0.0,0.0,0.0,0.0,0.0,0.36644811542575056,0.0,1.0,0.013038016012693063,0.10930951244565244,1.0,0.0,1.0,0.822855797283482,0.3462994074049492,0.5540889849974096,0.0,0.0,0.0,0.0,0.0,0.8751546101679502,0.0,1.0,0.0,0.2988029313688429,0.0,0.0,0.0,0.0,0.0,1.0,0.0,1.0,0.0,0.0,0.9422953671511752,0.0,0.9656376776050678,0.45012640524451664,0.0,0.0,0.0,0.6642293460470126,1.0,0.0,0.0,0.22326926871196504,0.0,0.0
gex_possorted_bam_SJSO3:ATTCAACCATCCATCTx-M1,0.0,0.4000261676696472,0.419831080299606,0.0,0.0,0.0,1.0,0.0,0.4092283053404837,0.0,1.0,1.0,0.0,1.0,0.0,1.0,1.0,0.8160694405794333,0.8869331421179217,0.0,0.0,0.0,0.0,0.0,0.5866555770785967,0.0,1.0,0.0,0.0,0.0,0.0,0.0,0.0,0.0,1.0,0.0,1.0,0.0,0.0,1.0,0.2235509094589044,1.0,0.21177158269766136,0.2381588943115868,0.0,0.0,0.21870358586343905,1.0,0.0,0.0,0.0,0.0,0.0
gex_possorted_bam_SJSO3:ATTAGCGGTGCATTTCx-M1,0.2632522286469274,0.0,0.0,0.10858433250289098,0.5038049281421972,1.0,0.0,0.02795378468543394,0.0,0.0,1.0,0.0,0.0,0.0,0.170594789131597,0.0,1.0,1.0,0.32135890491382435,1.0,1.0,1.0,0.30137641999109716,0.9455107687900058,0.0,0.0,0.293279765118975,0.0,0.01611181967744591,0.3531351943745849,0.06091912492999423,0.20768443545373783,0.2803714336262932,0.0,0.12488300581342242,0.21320101486004853,0.0,0.15679778126886382,0.1379677830451817,0.0,0.0,0.0,0.0,0.0,0.35810765420815005,0.1426265920189633,0.0,0.28241022917859,0.006126150007356407,0.1469847629171432,0.0,0.21604486034153877,1.0
gex_possorted_bam_SJSO3:ATGTGAGAGGCGAAACx-M1,0.0,0.16116996979704767,0.795743019096502,0.08396092631734527,0.0,0.0,1.0,0.024962263437919744,1.0,0.0,1.0,0.5736210280295801,0.6742388291912922,1.0,0.0,1.0,1.0,0.2781195120220969,0.9137836665126849,0.0,0.0,0.0,0.0,0.0,1.0,0.16498605262848703,1.0,0.28792154452378,0.42535223944725736,0.0,0.442890827195218,0.014508511513420067,0.0,0.0,1.0,0.0,1.0,0.0,0.0,1.0,0.04436769446208139,1.0,1.0,1.0,0.0,0.0,1.0,1.0,0.10559329289390637,0.0,0.5452286779466231,0.0672042984604979,0.0
gex_possorted_bam_SJSO3:ATTAGTCCAGTAGCCTx-M1,0.09049696501843763,0.0,0.9842864944050178,0.05552770395551057,1.0,0.713872204894083,0.0,0.0,0.0,0.36750760095779006,0.9283775079335921,0.0,0.0,0.0,0.24889914566794258,0.0,0.9859359372598004,0.9745198361857628,0.0,1.0,0.6712804522626823,0.9208051913090294,0.35342170462294703,0.7002769288662504,0.0,0.08045999282955765,0.4063552393304422,0.0,0.0,0.23761748616969006,0.19523070780277865,0.37653444981073375,0.26280558218900185,0.06612768766617688,0.18542433798779734,0.12280545304806732,0.0,0.06418129118368421,0.13715499986705113,0.13820338941541505,0.338525560247939,0.0,0.0,0.10875768797646351,0.26905209757287246,0.11570532847848793,0.00928938278629737,0.0,0.12556673444892427,0.5247776176393719,0.0,0.08888869813820909,1.0
gex_possorted_bam_SJSO3:ATTAGGTGTTAGGCGTx-M1,0.0,0.0,0.0600049192166795,0.0,0.0,0.0,0.8885057928638845,0.12380672857564759,1.0,0.0,1.0,0.0,0.02242894828986797,0.8179473585051291,0.0,0.5576748690857966,1.0,0.6858869930965654,0.33675629767772586,0.0,0.0,0.0,0.0,0.0,0.7108080972555895,0.0,1.0,0.0,0.18523779179409577,0.0,0.0,0.22927543253538107,0.0,0.0,1.0,0.0,1.0,0.0,0.0,0.7688061866192545,0.3520555140720107,1.0,0.23251095874970057,0.37317806829340794,0.0,0.0,0.80038175271911,1.0,0.0,0.0,0.0,0.0,0.0
gex_possorted_bam_SJSO3:ATTACTGAGTTATCTCx-M1,0.03880614772430608,0.0,0.0,0.0,0.3235087780790114,0.12263248142987913,0.0,0.0,0.0,0.0,0.8398119536265755,0.0,0.0,0.0,0.0,0.0,0.7625460774527223,0.9039531461412743,0.0,1.0,0.564197607735469,0.7254052573323603,0.1148920747202399,0.5441500523376728,0.0,0.0,0.4027095360971383,0.0,0.01884774394610227,0.0024624440621619716,0.0,0.0,0.12769105495316208,0.0,0.2285132396879332,0.0,0.0,0.0,0.0,0.05455833771286396,0.0,0.0,0.0,0.0,0.002683775061491737,0.0,0.0,0.28568267248176366,0.0,0.0,0.0,0.0,0.8157541520564741
gex_possorted_bam_SJSO3:ATTAGCGGTTAATGACx-M1,0.0002931649446949054,0.0,0.0,0.0,0.37958345823983775,0.10717642313176085,0.0,0.11058423594240717,0.0,0.0,1.0,0.0,0.0,0.0,0.0,0.0,1.0,1.0,0.0,1.0,0.4831174288399079,0.622953361846906,0.0929229840083321,0.47335290269017766,0.0,0.0,0.6925294455841132,0.0,0.0,0.0,0.0,0.3198814670553993,0.12474951998444259,0.0,0.25124798344244853,0.0,0.0,0.0,0.0,0.0,0.36938887085138045,0.0,0.0,0.0,0.03185055243658661,0.0,0.0,0.6522635383465261,0.0,0.0,0.0,0.0,0.9815938413551417
gex_possorted_bam_SJSO3:ATTAGCTCATGTGGGAx-M1,0.0,0.06789165842866746,0.17668405936861198,0.0,0.0,0.0,0.29677569499874007,0.12530219181177984,0.0,0.05991135174314148,0.0,0.26057223956047887,0.0,0.0,0.14267765945970937,0.0,0.4326383699746867,0.0,0.0,1.0,0.2655704244183171,0.28475372889778033,0.0,0.4980741051937963,0.0,0.0,0.37497036248133947,0.020828124280087495,0.0,0.0,0.0,0.0,0.06429227269483978,9.69640124206788e-05,0.5038798597950597,0.0047384344576246575,0.10211254993768637,0.0,0.09216172616498032,0.32275793234009986,0.27991223761555,0.30289826905870293,0.0,0.0,0.0,0.0,0.0,0.12357128990954638,0.0,0.0,0.0,0.0,0.47593284610895864
gex_possorted_bam_SJSO3:ATGTTCAAGCCGCTTTx-M1,0.0,0.01198965905502753,0.10357554269613616,0.0,0.0,0.0,0.26652063913169655,0.0,0.0,0.0,0.19647099357558112,0.43303053509724515,0.0,0.15680563925128674,0.0,0.5092758262381417,0.5047239169316736,0.0,0.0,0.0,0.0,0.0,0.0,0.053528716961253386,0.0,0.0,0.787996020957293,0.0,0.0,0.0,0.0,0.0,0.0,0.02604031690575508,0.8987247676441664,0.0,0.6117866839007484,0.0,0.0,0.7355497898422657,0.09133654628144482,0.9201419658357416,0.0,0.0,0.0,0.0,0.0,1.0,0.0,0.0,0.0,0.0,0.0
gex_possorted_bam_SJSO3:ATTCACTTCCTTGCGTx-M1,0.0,0.0,0.2088275775066444,0.0,0.0,0.0,0.2995024747418056,0.0,0.6429201589844517,0.0,0.6750150969892934,0.5389121414183595,0.0,0.7079397647036171,0.0,0.9298155884823681,0.6776383888227279,0.0,0.12072732126020565,0.0,0.0,0.0,0.0,0.0,0.5306596588995869,0.0,1.0,0.0,0.0,0.0,0.0,0.0,0.0,0.0,1.0,0.0,1.0,0.0,0.0,0.9426198842453136,0.013740888785194822,1.0,0.402736361726947,0.11146128704389753,0.0,0.0,0.5342947390772094,1.0,0.0,0.0,0.07585936701773177,0.0,0.0
gex_possorted_bam_SJSO3:ATTATCCTCGTTATAGx-M1,0.0,0.6036825776583912,0.47478067244428807,0.0,0.0,0.07788054111906915,0.9602212195845641,0.0909246670114968,0.0,0.2960724392199866,0.20309410947378392,0.7926587849525153,0.0,0.10812288738250779,0.3887610641750723,0.5261866197110957,0.9916508460631461,0.04297395920232661,0.0,1.0,0.23341810722634537,0.11624378059117303,0.0,0.4209599033006707,0.0,0.0,0.34253991787116855,0.0,0.0,0.0,0.8173647871822731,0.0,0.035553231900815316,0.13242103971979452,0.7115116705003088,0.07194947690099274,0.30682532104981036,0.0,0.21012819509352842,0.7888530439985832,0.18005992663884615,1.0,0.0,0.0,0.0,0.0,0.0,0.3935255446389933,0.0004977241213426687,0.0,0.0,0.0,0.0
gex_possorted_bam_SJSO3:ATGTAAGCATAATGTCx-M1,0.13124566041979316,0.0,0.0,0.0,0.5262506321734584,0.6856829158458098,0.0,0.0,0.0,0.0,1.0,0.0,0.0,0.0,0.033694116642938525,0.0,1.0,1.0,0.0,1.0,0.8415774665280241,0.9581858393813824,0.2461659332044093,0.7981990310109541,0.0,0.0,0.33681490300434686,0.0,0.0,0.08823315200227799,0.0,0.09678357628394886,0.2280564506293437,0.0,0.16042524596407048,0.04519262236881604,0.0,0.0726112517633465,0.03967434753974812,0.0,0.0,0.0,0.0,0.0,0.16711988918440032,0.02214354968321496,0.0,0.16061066924403633,0.0,0.036110223362235926,0.0,0.0303234358499129,1.0
gex_possorted_bam_SJSO3:ATGTAACGTTGGTGACx-M1,0.0,0.0,1.0,0.029981000865960068,0.0,0.0,1.0,0.022488218686347032,1.0,0.0,0.7489832847124441,0.7208920356557917,0.33757688095567207,1.0,0.0,1.0,0.9209070969166953,0.0,0.5610935008638798,0.0,0.0,0.0,0.0,0.0,1.0,0.15923888344632678,1.0,0.35370039815026894,0.0,0.0,0.4947096352136676,0.0,0.0,0.030248902847675074,1.0,0.0,1.0,0.0,0.0,1.0,0.060984462449757575,1.0,1.0,1.0,0.0,0.0,1.0,1.0,0.05576148278166545,0.0,0.588355657642216,0.0,0.0
gex_possorted_bam_SJSO3:ATGTTGTCAATGCCCGx-M1,0.15733500852122226,0.0,0.03138633145479027,0.012666439524901369,0.565439432832182,0.8467365863021521,0.0,0.0,0.0,0.0,1.0,0.0,0.0,0.0,0.03589288072424406,0.0,1.0,1.0,0.0,1.0,0.9623712980376462,1.0,0.28855549523141294,0.86292282806277,0.0,0.0,0.3659955728280953,0.0,0.0,0.24221364642737805,0.11747019976722996,0.24246433789960034,0.2939512847981132,0.0,0.15661293539717097,0.07986836901519138,0.0,0.09729153276371791,0.08257271885909662,0.0,0.0,0.0,0.0,0.0,0.25597331691283826,0.07331750392428599,0.0,0.2796118418295126,0.0,0.16727013452471035,0.0,0.051081970501898145,1.0
gex_possorted_bam_SJSO3:ATGTCATCAACGTGCTx-M1,0.07374635336177178,0.0,0.1193583301441187,0.01230198870062806,0.27218802166289113,0.15315866098209968,0.0,0.019090642172999505,0.0,0.08148429237491511,0.7034399195858009,0.0,0.0,0.0,0.10082206967186397,0.0,0.7061421801926042,0.43000305872943195,0.0,1.0,0.47423676086747535,0.5997335025999108,0.16359857426394472,0.5400792103946921,0.0,0.0,0.4762639871527261,0.0,0.0,0.025029189766290066,0.18008999367296072,0.07564586614000775,0.15035271438929348,0.0066756142118505985,0.43935791882113195,0.07681497185659102,0.09305576457455146,0.0390925916594276,0.05237771066932033,0.3195910500295312,0.0,0.09266248435406788,0.0,0.0,0.12962608804578896,0.03646877918279699,0.0,0.3017115663536415,0.0,0.0902431190984626,0.0,0.03833907997054114,0.9796747136999718
gex_possorted_bam_SJSO3:ATTAGGTGTAATTAGCx-M1,0.0,0.0,0.4482448749982724,0.0,0.759033744145639,0.45735013328153856,0.5925321871887569,0.31545353534793924,0.3498653942100618,0.0,1.0,0.0,0.0,0.0,0.0,0.0,1.0,1.0,0.0,1.0,0.7443418903995414,0.7529623472614316,0.08527620755152247,0.4247416063009356,0.0,0.0,0.8583150706967435,0.0,0.0,0.0,0.0,0.6281538497369791,0.15287418054825544,0.0,0.3767527096995802,0.0,0.0,0.0,0.0620207944382683,0.1396769381724861,0.6844083733784637,0.0,0.0,0.6010041257902718,0.0,0.0,0.23819219301052957,0.4384342396833758,0.0,0.0,0.0,0.0,1.0
gex_possorted_bam_SJSO3:ATTAGCGGTACCAGGTx-M1,0.1194679015122675,0.0,0.0,0.005187882831799034,0.3930875021448123,0.4502118390616293,0.0,0.0,0.0,0.0,1.0,0.0,0.0,0.0,0.08115453251191643,0.0,0.8345375987021172,0.9938130089890187,0.0,1.0,0.6788036731961842,0.8187012281327957,0.2488163555253486,0.716097667125818,0.0,0.0,0.4251993804491105,0.0,0.0,0.06145823238119983,0.0,0.0540614124643871,0.1977203093189343,0.0,0.23188161063854174,0.07207610442587652,0.0,0.08766239578838342,0.036356250510804954,0.04845046425350292,0.0,0.0,0.0,0.0,0.15332646067467165,0.09861191556593504,0.0,0.15990418015044186,0.0,0.04557691599893696,0.0,0.04456111756571518,1.0
gex_possorted_bam_SJSO3:ATTACGTCATCAATCGx-M1,0.3437081440616924,0.14320385055812784,0.6282862998010864,0.24389936173307164,0.9229605795870572,1.0,0.0,0.1873301791373836,0.0,0.5096503019049519,1.0,0.0,0.20699325274409358,0.018450728824966987,0.41308767436043636,0.25400306677695816,1.0,1.0,0.35161770982786,1.0,0.9809849538901798,1.0,0.44288191017532363,0.8301968178622545,0.14130122080295815,0.22918334144414637,0.4077039962871318,0.32170370608748616,0.14394498384495366,0.45537449194096585,0.8727482055926812,0.5487310325301177,0.41302472548186847,0.1566412454053436,0.37571029269141004,0.38808761422673643,0.17234740467732054,0.24254702112574922,0.33794423019016706,0.3609423803424739,0.13919793137461337,0.09403515619207024,0.1842528858262767,0.673841919808091,0.5523727357765446,0.3055203948586673,0.22264436142670363,0.41914537421024584,0.32065956622822483,0.5761093850141072,0.0644154958651195,0.3608162238747849,1.0
gex_possorted_bam_SJSO3:ATTAGCGGTACTTAGGx-M1,0.0,0.0,0.0,0.0,0.0,0.0,0.3387683034759111,0.0,0.9986606582508488,0.0,1.0,0.481587184108609,0.0,1.0,0.0,1.0,1.0,0.7491252726482228,0.6882760266845838,0.0,0.0,0.0,0.0,0.0,1.0,0.0,1.0,0.0,0.06635068006345045,0.0,0.0,0.0,0.0,0.0,1.0,0.0,1.0,0.0,0.0,1.0,0.007216191043936634,1.0,0.6315233608367355,0.0,0.0,0.0,0.5378231399871134,1.0,0.0,0.0,0.2564987655916071,0.0,0.0
gex_possorted_bam_SJSO3:ATGTTCAAGCCTGATGx-M1,0.8504835163009604,0.759689627043329,0.26224542504770487,0.7640839523698326,1.0,1.0,0.24935760332753323,0.75731095589117,0.24312418855890658,1.0,0.6353029659915556,0.32664958939317656,0.7133906870955562,0.1612802849771891,0.9620326440907415,0.2507040033729377,0.4571582931863767,1.0,0.6506264417485402,1.0,1.0,1.0,0.8974795480233928,1.0,0.49976923928303607,0.6954100066642425,0.0,0.7428401973791384,0.8204474377966199,0.9278063721354185,1.0,0.8557043040275089,0.8812389538157169,0.7894365306880357,0.009930740945927677,0.9652365124250839,0.09518561692861204,0.7839655504020182,0.8699408279665644,0.2426139866496461,0.8946568551206808,0.03177590856646381,0.6510293766696692,0.7749018392751539,1.0,0.8685891885764241,0.2544315717625491,0.0,0.7713718616782272,1.0,0.6952784443000828,0.8652801708380915,1.0
gex_possorted_bam_SJSO3:ATTACGTCAGTAGCCTx-M1,0.0,0.0,0.0,0.0,0.0,0.0,0.3222751909966681,0.0,0.8142956824665873,0.0,1.0,0.22115329112714185,0.056956117114289426,0.8313751069399167,0.0,1.0,1.0,0.07773194546609301,0.3367314280279359,0.0,0.0,0.0,0.0,0.0,0.7446578759593895,0.0,1.0,0.0,0.0,0.0,0.0,0.0,0.0,0.0,1.0,0.0,1.0,0.0,0.0,1.0,0.0,1.0,0.6767984991860396,0.6553340295653438,0.0,0.0,0.9111455012087731,1.0,0.0,0.0,0.16008845673910232,0.0,0.0
gex_possorted_bam_SJSO3:ATGTTTGAGGCTTAGTx-M1,0.18254558249303596,0.08268000696672814,1.0,0.12810695240699738,1.0,1.0,0.0,0.04863277636559657,0.0,0.6571326386921985,1.0,0.0,0.08627199962226857,0.0,0.4702914947314017,0.008512732906431902,1.0,1.0,0.0,1.0,0.8699797004468414,1.0,0.4043273227851923,0.7291533382727148,0.0,0.1539305796310498,0.36476233742689373,0.1913929580619323,0.0,0.3878761024097562,1.0,0.4747539453322104,0.3666044912733367,0.09351400165329246,0.267471731654204,0.29759904767277073,0.0,0.11064624413196086,0.29346835935948123,0.3872482030637525,0.17515513451800876,0.0,0.023506283820509986,0.8854335502513764,0.4673854504928181,0.2428517398479919,0.2316764035650667,0.0,0.2922465561632963,0.6815368011170225,0.0,0.23622555664438316,1.0
gex_possorted_bam_SJSO3:ATTAGCGGTTTCCGGCx-M1,0.15310059070370008,0.0,0.7450300890045835,0.06478918028962294,1.0,1.0,0.0,0.0,0.0,0.39435698836935135,1.0,0.0,0.0,0.0,0.283980013821995,0.0,1.0,1.0,0.0,1.0,0.9602490354732889,1.0,0.3952374311295928,0.7686727358601474,0.0,0.11350814832632015,0.366613838745678,0.04639414538067877,0.0,0.37789354432215555,0.2671373321640066,0.5111463869546645,0.323784524673691,0.0,0.13126464058267234,0.16451467677959372,0.0,0.07201568854037523,0.1584368050362693,0.02354750874073716,0.154221407555417,0.0,0.0,0.1565532939343676,0.4101516530150446,0.10056381169803899,0.1484029727781535,0.15601596297501957,0.16582907553367993,0.5301975399813985,0.0,0.1572966662571655,1.0
gex_possorted_bam_SJSO3:ATGTGAGAGTGAGAGCx-M1,0.08466132952841063,0.0,0.8470834881612715,0.037477409526935755,0.9668256334340788,0.7505898116995345,0.0,0.0,0.0,0.32220042476057265,1.0,0.0,0.0,0.0,0.15701515559227722,0.0,1.0,1.0,0.0,1.0,0.7014373532302046,0.9143636483952121,0.29418555077884423,0.7185133757759262,0.0,0.08729826668697191,0.4589080523294468,0.0,0.0,0.22237887024083533,0.10472449282541864,0.5135230398840552,0.2575447391197502,0.0,0.2595079562499316,0.09945176002108252,0.0,0.03776448301106126,0.10962725211172077,0.15150218080928293,0.27458736132916134,0.0,0.0,0.0,0.3194560253505363,0.03781289529548842,0.0,0.26652469423827474,0.07352674159875104,0.4389495788606083,0.0,0.07464944958161539,1.0
gex_possorted_bam_SJSO3:ATGTCAATCAAGCGCCx-M1,0.0,0.0,0.0,0.0,0.0,0.0,0.5244821460380332,0.0454099536320926,1.0,0.0,0.8330078659081652,0.046709908049302175,0.1597488531508767,1.0,0.0,1.0,0.8757254226736787,0.49532491074614593,0.833988014032623,0.0,0.0,0.0,0.0,0.0,1.0,0.0,1.0,0.0,0.3239667837076099,0.0,0.0,0.0,0.0,0.0,1.0,0.0,1.0,0.0,0.0,0.9837481030494722,0.0,1.0,0.5658725848813974,0.0,0.0,0.0,0.7848135762676687,1.0,0.0,0.0,0.5400289998073142,0.0,0.0
gex_possorted_bam_SJSO3:ATGTTGTCACATTAACx-M1,0.025476164488498668,0.0,0.0,0.0,0.3201978844523456,0.3266692911649371,0.0,0.0,0.0,0.0,1.0,0.0,0.0,0.0,0.0,0.0,1.0,1.0,0.0,1.0,0.5862612936184268,0.7516421355236694,0.14906500026623468,0.7085664390364015,0.0,0.0,0.3799422503715856,0.0,0.0,0.0,0.0,0.2216605495569954,0.11760452412730718,0.0,0.15908295526477553,0.0,0.0,0.053311109203615564,0.0,0.0,0.0,0.0,0.0,0.0,0.015807892175762346,0.0,0.0,0.39754110445508933,0.0,0.0,0.0,0.0,0.8691038097261305
gex_possorted_bam_SJSO3:ATGTTCAAGTGAGGTAx-M1,0.02373235895534275,0.0,0.8404452242824005,0.0,0.5853475878621135,0.4897145256668248,0.9800887310270322,0.40946656843769846,0.2740860588852774,0.0,1.0,0.0,0.021158696335357986,0.0,0.0,0.0,1.0,1.0,0.0,1.0,0.7529435924185529,0.6999148308881362,0.08906869814138917,0.5288593190935248,0.0,0.0,0.7307977156496662,0.017013410822132743,0.0,0.0,0.01623997515316743,0.5762851002605528,0.20401504867050058,0.0,0.3936955398273295,0.0321493569047834,0.0,0.0,0.13409110463534413,0.3763044430967005,0.6676719812593238,0.0,0.0,0.8387757587275619,0.11282454497109796,0.034711891471410315,0.32685454802021413,0.4425301566441692,0.007965594345713266,0.0,0.0,0.0,1.0
gex_possorted_bam_SJSO3:ATTACGTCATTAAGCTx-M1,0.0,0.6196619470726712,1.0,0.24451092375018502,0.0,0.0,1.0,0.04613476437433275,1.0,0.0724475264556445,1.0,1.0,1.0,1.0,0.0,1.0,1.0,0.09136427096514128,1.0,0.0,0.0,0.0,0.0,0.0,1.0,0.3913409667803527,1.0,0.8480304102721398,0.8680546761906565,0.32125700074430336,1.0,0.0,0.0,0.20066690640487173,1.0,0.0,1.0,0.0,0.0,1.0,0.0,1.0,1.0,1.0,0.0,0.14455508412070628,1.0,1.0,0.4122018322791831,0.0,0.9480666355814038,0.30458940252665384,0.0
gex_possorted_bam_SJSO3:ATGTTGTCATCCTGAAx-M1,0.09157036170960992,0.0,0.0,0.0,0.19859972451116353,0.5787206195331361,0.0,0.0,0.0,0.0,1.0,0.0,0.0,0.0,0.0,0.0,1.0,1.0,0.044853332593496276,1.0,0.7967558351035607,0.8817044944629083,0.16542551729999405,0.8052646639372524,0.0,0.0,0.3375652553762735,0.0,0.0,0.04747340691101686,0.0,0.10459222963043431,0.16379533041964756,0.0,0.23517409409439055,0.005815435820417159,0.0,0.129026807448061,0.0,0.0,0.0,0.0,0.0,0.0,0.12873418797655153,0.0,0.0,0.2500290961523806,0.0,0.0,0.0,0.04485070734814434,0.8480289793549516
gex_possorted_bam_SJSO3:ATTCACTTCACCGGTAx-M1,0.0,0.7258870587995147,0.6996827937529378,0.01747233535748725,0.0,0.14372231069940591,1.0,0.14810906904819676,0.0,0.46722583302024717,0.0,0.7541091421745729,0.0,0.0,0.5696273348324943,0.38192154264492717,0.8226778590638337,0.0,0.0,1.0,0.32015949154101436,0.2256976172399692,0.016649073513137835,0.5796483516708347,0.0,0.0,0.19250434241218847,0.12728821298750512,0.0,0.0,1.0,0.0,0.08638851686628267,0.23826083971006054,0.576154432476008,0.16729298006645557,0.21110531929611318,0.0,0.30319407891292816,0.9467034606277591,0.2047271359866202,0.9643421182466131,0.0,0.0,0.001583929012264386,0.0,0.0,0.0,0.053576685256202274,0.0,0.0,0.0,0.15122051330636743
gex_possorted_bam_SJSO3:ATTGTCCGTCAGGAAGx-M1,0.0,0.323887250289181,0.4282478650295376,0.0,0.0,0.0,0.5147623652236015,0.10838065972845189,0.0,0.1964808164512054,0.0,0.29006795464982804,0.0,0.0,0.3253421892095976,0.0227589821376366,0.2657467469383224,0.0,0.0,1.0,0.3214073287385298,0.28372792906473254,0.039005597725173945,0.4895969065510611,0.0,0.0,0.30003471832251216,0.0,0.0,0.0,0.8126585047150001,0.0,0.08760364743926297,0.07898975035388199,0.5565763500493158,0.07684539027560365,0.21253853227828015,0.0,0.15549916228650182,0.6436849789634088,0.12616242511083683,0.47216924127547466,0.0,0.0,0.0,0.0,0.0,0.0,0.0,0.0,0.0,0.0,0.4916596517318438
gex_possorted_bam_SJSO3:CAAACAACATGTCGCGx-M1,0.0,0.006775772883321599,0.029351334270406874,0.0,0.0,0.0,0.0,0.0,0.0,0.0,0.0,0.2443841968622738,0.0,0.0,0.013289912195954644,0.029715580603029642,0.1656600733570529,0.0,0.0,0.5035525038352755,0.0,0.060370685803525656,0.0,0.25941731623813624,0.0,0.0,0.568241825805019,0.0,0.0,0.0,0.11622480887136474,0.0,0.0,0.03107901220858801,0.6592233974840853,0.0,0.34032738480074015,0.0,0.0,0.5324608682226014,0.0,0.4049767392791758,0.0,0.0,0.0,0.0,0.0,0.44683622834639664,0.0,0.0,0.0,0.0,0.08198771718062944
gex_possorted_bam_SJSO3:ATTCACTTCGCCTGTTx-M1,0.0,0.006682679187524262,0.0785936181746647,0.0,0.0,0.0,0.6560330144566258,0.0,0.8147506132744938,0.0,1.0,0.5432034117948857,0.07923516754941663,1.0,0.0,1.0,1.0,1.0,1.0,0.0,0.0,0.0,0.0,0.0,1.0,0.0017574266244204037,1.0,0.0,0.16892600073496206,0.0,0.0,0.0,0.0,0.0,1.0,0.0,1.0,0.0,0.0,1.0,0.0,1.0,0.9293684820297182,0.8099374762916586,0.0,0.0,1.0,1.0,0.0,0.0,0.21603113357220174,0.0,0.0
gex_possorted_bam_SJSO3:ATTGAAGCAAGGAATCx-M1,0.8209726823749272,0.9786061067515387,0.5167711519332651,0.7693357177490022,1.0,1.0,0.69734541454991,0.8822876095858253,0.4636790595384472,1.0,0.1681423590469585,0.42238604616115394,0.7441761330225678,0.29307863060104106,0.9656237548646666,0.3879742354891388,0.19273962014241738,0.4929827810697189,0.4666650363748025,1.0,1.0,1.0,0.8682757180299359,1.0,0.595432394855645,0.7122277366850054,0.0,0.9080322259540863,0.9647497636584483,0.8819526345577555,1.0,0.7472919738449935,0.8594446377585805,0.9033880467454497,0.03541312000689256,1.0,0.33438144503882083,0.7789740493415749,0.9183728960703125,0.4735289941818552,0.9850735883224206,0.25989577213863946,0.6265717121545081,0.9064750653985344,0.9955810575043877,0.8817048373894539,0.35163411880094936,0.0,0.8660345553704337,1.0,0.6880367351145573,0.8510290268262095,1.0
gex_possorted_bam_SJSO3:ATTTAGGTCCTACCTAx-M1,0.0,0.29370104309264633,1.0,0.030939421677874467,0.0,0.0,1.0,0.0,1.0,0.009313685001425832,1.0,1.0,0.49636934647554437,1.0,0.0,1.0,1.0,0.23472243238750337,1.0,0.0,0.0,0.0,0.0,0.0,1.0,0.13528356197861593,1.0,0.22231719265227054,0.2523342979063909,0.0,0.658189089830928,0.0,0.0,0.0,1.0,0.0,1.0,0.0,0.0,1.0,0.004302172564406092,1.0,1.0,1.0,0.0,0.0,1.0,1.0,0.12167890247699005,0.0,0.33592086055993,0.07822219755833756,0.0
gex_possorted_bam_SJSO3:CAAACAACAAATATCCx-M1,0.0,0.1360196348478373,1.0,0.0,0.0,0.0,1.0,0.0,1.0,0.0,1.0,0.47998972206487056,0.2996022356648116,1.0,0.0,1.0,1.0,0.16460363859785446,0.4680508964428577,0.0,0.0,0.0,0.0,0.0,1.0,0.030276869222757304,1.0,0.20835159512038204,0.15666120234715933,0.0,0.891666097684052,0.03676586085608024,0.0,0.0,1.0,0.0,1.0,0.0,0.0,1.0,0.0,1.0,1.0,1.0,0.0,0.0,1.0,1.0,0.05816468849584598,0.0,0.3110420769280291,0.01941562925344003,0.0
gex_possorted_bam_SJSO3:ATTGCGCCATTGTCAGx-M1,0.0,0.05405865198337509,1.0,0.01257221722515113,0.0,0.0,1.0,0.0,1.0,0.0,1.0,0.7495525840630566,0.2687954548039324,1.0,0.0,1.0,1.0,0.39461462102353767,0.9069730592589678,0.0,0.0,0.0,0.0,0.0,1.0,0.09939838089052024,1.0,0.21644847992524108,0.0,0.04519706672484247,0.7340978917737115,0.0,0.0,0.0,1.0,0.0,1.0,0.0,0.0,1.0,0.0,1.0,1.0,1.0,0.0,0.0,1.0,1.0,0.04834338404602489,0.0,0.2561163948165555,0.01740480845539291,0.0
gex_possorted_bam_SJSO3:ATTGCGCCAATCCTGAx-M1,0.08498808124266428,0.0,0.0,0.0,0.3832409511899937,0.532093146504572,0.0,0.0,0.0,0.0,1.0,0.0,0.0,0.0,0.0012824630178654478,0.0,1.0,1.0,0.0,1.0,0.6556085204791315,0.8519849235841462,0.2117967504358484,0.7527406476201073,0.0,0.0,0.37765784708984074,0.0,0.0,0.029620989577024314,0.0,0.1426615230932672,0.1678789491273238,0.0,0.16357738434373278,0.01754228227855574,0.0,0.06137953168288684,0.0008542343930010134,0.0,0.0,0.0,0.0,0.0,0.08193004480990364,0.037579187178116265,0.0,0.15589833513373744,0.0,0.0,0.0,0.022442840870776776,1.0
gex_possorted_bam_SJSO3:ATTGCAGGTGAGCAAGx-M1,0.3412509066225629,0.2815243583416945,0.8336389731036822,0.4226438850350455,1.0,1.0,0.0,0.23630617606799087,0.13135115638931813,0.7807284546464606,0.9365179104121187,0.0,0.3051074902895879,0.0,0.5534696265809055,0.05813870016054072,0.9161449178656189,0.9846309026589523,0.0,1.0,0.8505085000746614,1.0,0.5023590770435935,1.0,0.09224266580522465,0.25139081421424697,0.2052519961934516,0.25258054897349624,0.0,0.5240606036844456,1.0,0.568201630450768,0.44389902408259413,0.7212412890557202,0.11733939669693003,0.5029483323498238,0.0,0.36642970224058685,0.4660688748336188,0.4791601497603697,0.4082500853353384,0.0,0.15311205597948796,0.7626429208998644,0.6136289985113417,0.46488134572594764,0.040259031635738456,0.0,0.4537589731028249,0.7572196374422329,0.2345863878208077,0.4364035016249367,1.0
gex_possorted_bam_SJSO3:ATTGCGCCACCTAATGx-M1,0.010367068480385041,0.0,0.0,0.0,0.2087614322348097,0.0,0.0,0.0,0.0,0.0,0.6574167103957289,0.0,0.0,0.0,0.0,0.0,0.5391513437686125,0.5984149239355607,0.0,0.8973257335823129,0.4747131054225089,0.6441731719150907,0.13319780408423068,0.6019397076548167,0.0,0.0,0.37552636525239574,0.0,0.0,0.0,0.0,0.11922390977948084,0.08372544932053783,0.0,0.26021273406385975,0.0,0.0,0.0028675517621137114,0.0,0.024352573131280402,0.0,0.0,0.0,0.0,0.005246246474639283,0.0,0.0,0.12076738875540885,0.0,0.0,0.0,0.0,0.8421318311481031
gex_possorted_bam_SJSO3:ATTTAGGTCATTAGCAx-M1,0.0,0.2554934370883042,0.39379847480881514,0.0,0.0,0.0,1.0,0.0,0.443013513472694,0.0,1.0,1.0,0.0,1.0,0.0,1.0,1.0,0.6039099901596979,0.7561209958948141,0.0,0.0,0.0,0.0,0.0,0.6243441581297398,0.0,1.0,0.04085015318460575,0.0,0.0,0.0,0.0,0.0,0.0,1.0,0.0,1.0,0.0,0.0,1.0,0.17061331685585443,1.0,0.4930133007564583,0.7146780252213197,0.0,0.0,0.363060402656963,1.0,0.0,0.0,0.01138618754319665,0.0,0.0
gex_possorted_bam_SJSO3:ATTGGTTCAATCATGTx-M1,0.883024868032278,0.8484259845965563,0.3412632138321118,0.7766585047440907,1.0,1.0,0.3959130280062723,0.7993034212562783,0.3731670292423755,1.0,0.4376423028414973,0.4544149205927339,0.6875312029354518,0.14566810260891278,0.9694033948052534,0.23523259147288852,0.3120502073365959,0.810228293030314,0.6281935657382044,1.0,1.0,1.0,0.9007401186004711,1.0,0.4985461249715829,0.6757922526547957,0.0,0.8848324162624664,1.0,0.9292132142821682,1.0,0.8214712037336889,0.9024821326804796,0.7834487729764474,0.03668961629279186,0.9811047457897084,0.17322287998630617,0.8141594703867554,0.908068673504341,0.2559745735737302,0.9312497000850748,0.20081814800018077,0.6319765067879486,0.8719846448528303,0.9885085596833996,0.8833397976523473,0.28172789565405465,0.0,0.8183684052307073,1.0,0.7260233539170075,0.8616313120030865,1.0
gex_possorted_bam_SJSO3:ATTGCGCCAGCCTAACx-M1,0.10383326554033352,0.0,0.0,0.0,0.39432053732182343,0.6129234143079928,0.0,0.0,0.0,0.0,1.0,0.0,0.0,0.0,0.0,0.0,1.0,1.0,0.04990537098254911,0.9368204494918604,0.7205756576933945,0.90709858504302,0.202441929633512,0.7393329645336495,0.0,0.0,0.3928608223447341,0.0,0.0,0.06300525666830378,0.0,0.1365080277684302,0.16694605805316926,0.0,0.19781668121603296,0.0,0.0,0.06614632161217263,0.0,0.0,0.0,0.0,0.0,0.0,0.09280716055345756,0.0,0.0,0.29451611639073777,0.0,0.0,0.0,0.024223975343531472,0.8619463814199838
gex_possorted_bam_SJSO3:CAAACACTCGATAACCx-M1,0.06614639935840899,0.0,0.0,0.0,0.20542671015622116,0.1779062863044543,0.0,0.0038599239522569156,0.0,0.0,0.8384681324211021,0.0,0.0,0.0,0.03099458381688585,0.0,0.8049181383494604,0.7588133328634428,0.0,1.0,0.5870120798017499,0.6160158620326658,0.14733959602527744,0.6137101113863969,0.0,0.0,0.43071159713965484,0.0,0.0,0.0,0.10185670568965247,0.021874617894279285,0.1326239578890998,0.0,0.3697152251664587,0.038124446281295424,0.0,0.024237595858518635,0.014930254907013302,0.2136609288734468,0.0,0.0,0.0,0.0,0.09873922159434338,0.01965683370892705,0.0,0.341840251894666,0.0,0.0,0.0,0.0,0.6842286737369894
gex_possorted_bam_SJSO3:CAAACACTCACTTTACx-M1,0.05829053460310161,0.7613574649433966,1.0,0.21859748194878184,0.596843527890376,1.0,1.0,0.8338816496602617,0.9799040091817812,0.8732013440466017,0.7387090774407312,0.07332127352987958,0.33999559642573574,0.6819697705289953,0.36818277276806194,0.2678590491815766,1.0,1.0,0.147302058502907,1.0,0.7602055040692344,0.5797827123416973,0.2529053261223433,0.3886705281432713,0.2190701532227138,0.1061155979362895,0.6215002029476947,0.5830038468776512,0.6683133124517688,0.0,0.7784135338612319,0.1735597291084474,0.3189758607725399,0.26374760266449765,0.7243349762713042,0.36189096906864,0.11960729781190953,0.17797626760834195,0.5839989143660181,0.8665045946126281,1.0,0.6263747571674552,0.0,1.0,0.3891469160844235,0.2582118200732634,0.8294862365008338,0.13935271895908363,0.37558383070136686,0.5391172603154927,0.0,0.0,1.0
gex_possorted_bam_SJSO3:ATTGTGATCCAAATCAx-M1,0.0,0.0,0.47246877822494526,0.0,0.0,0.0,0.6313369945056468,0.0,0.8740997386228582,0.0,1.0,0.41545066721252394,0.12277135070397012,1.0,0.0,1.0,1.0,1.0,0.956976527711908,0.0,0.0,0.0,0.0,0.0,0.9415606351728045,0.014598851511563447,1.0,0.0,0.014162235636959761,0.0,0.0,0.0,0.0,0.0,1.0,0.0,1.0,0.0,0.0,1.0,0.0,1.0,0.8595245593410799,1.0,0.0,0.0,0.9158902056625249,1.0,0.0,0.0,0.10916239988893063,0.0,0.0
gex_possorted_bam_SJSO3:ATTTGCAAGCAGGCCTx-M1,0.10895756329259211,0.9809932726391918,1.0,0.22611857401660038,0.48621047621404023,0.8545976462063636,1.0,0.5965639899911661,0.5446829652529527,0.9878528422985207,0.20069140238993327,0.0,0.2680758344376431,0.0,0.5139904431454878,0.48813862424055593,0.8386104319979377,0.1620723087900204,0.0,1.0,0.7123749053017445,0.6325234875476696,0.27841593849419943,0.5683861067944985,0.23655779327677945,0.13894768453166934,0.33353889674920173,0.5086937071225871,0.4383091260851043,0.12055811079823447,1.0,0.027479391976261477,0.3207817776463987,0.4014633004860713,0.5313213215451706,0.46614316093755703,0.44112037649280245,0.15304306738850426,0.5088112788868786,1.0,0.668597796897041,0.4612662813787973,0.18092059632012822,1.0,0.2948525678702215,0.39839507813060326,0.4313537638441817,0.0,0.527586966102008,0.5969627683191402,0.1756169037532261,0.19443456596589756,1.0
gex_possorted_bam_SJSO3:ATTGAAGCACTGACTAx-M1,0.0,0.29698520509173054,1.0,0.05989271418440891,0.0,0.0,1.0,0.0,1.0,0.03528125218514386,1.0,0.9441205125854766,0.6131773833543543,1.0,0.0,1.0,1.0,0.029995224469713668,0.9423923678301647,0.0,0.0,0.0,0.0,0.0,1.0,0.18555394720655013,1.0,0.2803829405039805,0.39768166355003953,0.11048703563747196,1.0,0.0,0.0,0.07112851192917276,1.0,0.0,1.0,0.0,0.0,1.0,0.0,1.0,1.0,1.0,0.0,0.0,1.0,1.0,0.18326936531233665,0.0,0.4363763414194183,0.11271845383167983,0.0
gex_possorted_bam_SJSO3:ATTGACTCAATTATGCx-M1,0.08045603108338362,0.844361214563396,1.0,0.19241824776168331,0.5449958822731129,0.8249890717831568,1.0,0.3342258538073057,0.1650724968249321,1.0,0.1075132972847605,0.15253428399595548,0.13486712375931778,0.0,0.690244426452406,0.47921487794988205,0.4839085533717678,0.0,0.0,1.0,0.7047204474658589,0.7416356904383606,0.268139715779947,0.7318801160724974,0.02074948652839852,0.07072345681034364,0.03091518591945482,0.42444103445854925,0.46058983814694904,0.2604213156039055,1.0,0.001898709142987299,0.27990427778662724,0.35508984727320886,0.33118541065150225,0.5166303298806376,0.42691838809225596,0.08578254402907254,0.43097258773185493,1.0,0.10265216180356136,0.13227681960436954,0.1885975489134758,1.0,0.31498085480117155,0.3893698287105676,0.01004804660580269,0.0,0.49138945973162096,0.7126515866410063,0.19451691194523682,0.23317494269298605,1.0
gex_possorted_bam_SJSO3:ATTTGCGCAACCTAATx-M1,0.0,0.03516552533802601,0.8174568897036958,0.0,0.0,0.0,1.0,0.0,1.0,0.0,1.0,0.5878788445883919,0.29106987230144776,1.0,0.0,1.0,1.0,0.6044068101010459,0.8162373598196878,0.0,0.0,0.0,0.0,0.0,1.0,0.09704247448982938,1.0,0.058919228352682845,0.11523541051669471,0.0,0.520107672103288,0.0,0.0,0.0,1.0,0.0,1.0,0.0,0.0,1.0,0.0,1.0,1.0,1.0,0.0,0.0,1.0,1.0,0.0014595419814762477,0.0,0.1848110471252677,0.035430208704497,0.0
gex_possorted_bam_SJSO3:ATTGCAGGTTGAAGCCx-M1,0.021750162826026778,0.0,0.0,0.0,0.12306783874796601,0.03082772604024647,0.0,0.0,0.0,0.0,0.8759362067578478,0.0,0.0,0.0,0.0,0.0,0.7079410420084545,0.9535364841684398,0.0,0.8394677507833639,0.5202213562973415,0.6581334914232225,0.10769159748675863,0.7247933513836768,0.0,0.0,0.4148854049524611,0.0,0.0,0.0,0.0,0.06796788438057748,0.09014973562078524,0.0,0.2217180782296815,0.0,0.0,0.06450107155586347,0.0,0.0,0.0,0.0,0.0,0.0,0.0,0.0,0.0,0.24011264903285037,0.0,0.0,0.0,0.0,0.5352402982117762
gex_possorted_bam_SJSO3:ATTCCGGAGGTCAAAGx-M1,0.0,0.043975653253102306,1.0,0.021003888549584564,0.0,0.0,1.0,0.0,1.0,0.19632156972154668,0.7922262263206694,1.0,0.6367891747772225,1.0,0.0,1.0,1.0,0.0,0.6022761548029409,0.0,0.0,0.0,0.0,0.0,1.0,0.18961310760351882,1.0,0.5983196978122517,0.04363881367089538,0.09666036980751279,1.0,0.0,0.0,0.05710654531102346,1.0,0.0,1.0,0.0,0.0,1.0,0.05161471784625166,1.0,1.0,1.0,0.0,0.0,1.0,1.0,0.25433761236782154,0.0,0.4442113868770362,0.09617142427552712,0.0
gex_possorted_bam_SJSO3:ATTGTCCGTTACTAGGx-M1,0.0,0.024219900973834012,0.8425913783884592,0.008341687524396058,0.0,0.0,1.0,0.0,1.0,0.0,1.0,0.6432362776779295,0.35727793215889636,1.0,0.0,1.0,1.0,0.13075135897860593,0.7472955037404259,0.0,0.0,0.0,0.0,0.0,1.0,0.10808470874267168,1.0,0.19782189151329554,0.0,0.0,0.6289166795702699,0.0,0.0,0.0,1.0,0.0,1.0,0.0,0.0,1.0,0.0,1.0,1.0,1.0,0.0,0.0,1.0,1.0,0.035415793890946366,0.0,0.29581229355883537,0.008136757153385304,0.0
gex_possorted_bam_SJSO3:ATTGGTTCACGAATTTx-M1,0.024125688879320643,0.0,0.0,0.0,0.27987513928759905,0.15746917590396692,0.0,0.0,0.0,0.0,0.9084899701780245,0.0,0.0,0.0,0.0,0.0,0.8024334342498635,0.9929041815803674,0.0,1.0,0.5053389546570235,0.7136739250801084,0.12816130590540042,0.6162035873239237,0.0,0.0,0.46079305890849903,0.0,0.0,0.0,0.0,0.10786474189688709,0.1282257714621173,0.0,0.23000496592080225,0.0,0.0,0.027575020746971334,0.0,0.011216376652064661,0.0,0.0,0.0,0.0,0.05724982278819585,0.0,0.0,0.2575312843420211,0.0,0.0,0.0,0.0,0.9504128256754937
gex_possorted_bam_SJSO3:ATTTGTGAGTAGCTTAx-M1,0.012520478431257757,0.0,0.6791208406780713,0.035049413001087645,1.0,0.5121759251478668,0.4634350033566086,0.35410203107266713,0.42193982470783653,0.0,1.0,0.0,0.015813728177717527,0.250435889979379,0.0,0.0,1.0,1.0,0.03263202274058385,1.0,0.8430140145070391,0.6701646312525779,0.13685114086497757,0.2573977260785127,0.0,0.03293295874754675,0.9352851300767069,0.19823967008778676,0.23509008952873778,0.0,0.0,1.0,0.11477069587811664,0.0,0.37752874065744296,0.0,0.0,0.0008044139573062141,0.08648852543813687,0.145477401231921,0.9425447604261408,0.0,0.0,0.7751814921014925,0.11953941472446,0.009816118413993222,0.7201531205288043,0.42565612773764977,0.0,0.17994674909347375,0.0,0.0,1.0
gex_possorted_bam_SJSO3:ATTTGCAAGGTTTGACx-M1,0.0,0.5195991067322472,1.0,0.1885674214690644,0.0,0.3922315259377123,1.0,0.0,1.0,0.11892781672539243,1.0,0.8762725309458487,0.9652059161489104,1.0,0.0,1.0,1.0,1.0,1.0,0.0,0.0,0.0,0.0,0.0,1.0,0.28807285756801176,1.0,0.6537599908917996,0.27922999230684425,0.31503036970323584,1.0,0.02315194624166978,0.0,0.17527074348969088,1.0,0.0,1.0,0.0,0.0,1.0,0.0,1.0,1.0,1.0,0.0,0.058265103651701754,1.0,1.0,0.33955696481817593,0.0,0.5958858474206209,0.19670320101512428,0.0
gex_possorted_bam_SJSO3:ATTGGCTAGGAACACAx-M1,0.012611557357450853,0.3964324408392655,0.2261884476768564,0.041802698590253096,0.0,0.0,0.7153496522676644,0.19748048137628177,0.0,0.4238569748115755,0.0,0.7792002426331983,0.0,0.0,0.47833732543211516,0.15055866655538072,0.17178155168745202,0.0,0.0,1.0,0.22876653446683076,0.2079146280039425,0.10753427128875044,0.4216361917414824,0.0,0.0,0.3548381238819313,0.0,0.16060216262985216,0.0,0.9527424935163511,0.0,0.12006357548465645,0.2898803517188109,0.6827795063965773,0.2044809368300711,0.42441444820870905,0.04305119324726399,0.26291966241670045,0.7241714281728145,0.2540113464504504,0.7041144634608048,0.0,0.0,0.0,0.07809965699762783,0.0,0.0860318609685338,0.1320042702182862,0.02360382168455275,0.0,0.0,0.3661250481595662
gex_possorted_bam_SJSO3:CAAACACTCAGCACCAx-M1,0.0,0.0,0.0,0.0,0.18824587306004859,0.0,0.0,0.0,0.0,0.0,0.6643033030334896,0.0,0.0,0.0,0.0,0.0,0.6749907653535697,0.7724154402317345,0.0,0.870471407606481,0.42206379116203696,0.5513605004329326,0.1020958291632488,0.5957422479777107,0.0,0.0,0.5183250208617507,0.0,0.0,0.0,0.0,0.11691827245877472,0.0870578757772167,0.0,0.24645346232314497,0.0,0.0,0.026290399568080974,0.0,0.0,0.0,0.0,0.0,0.0,0.0,0.0,0.0,0.3539330766400644,0.0,0.0,0.0,0.0,0.5764157632146969
gex_possorted_bam_SJSO3:ATTCCTAGTTAGCAGCx-M1,0.12250357182874042,0.0,0.3684364281717702,0.0014417193399970676,0.7269495587724065,0.6761519427469903,0.0,0.012940137402114485,0.0,0.061431761339390406,1.0,0.0,0.0,0.0,0.08387459680908692,0.0,1.0,1.0,0.0,1.0,0.9130650453852213,0.9076932322042344,0.27976683360279314,0.7007635057083502,0.0,0.02722389275748209,0.495000332335273,0.0,0.0,0.14330626978326996,0.0,0.3020210784657297,0.27632697968898123,0.0,0.23994636141752082,0.08402514245328124,0.0,0.06371789793423498,0.09681007994482901,0.01962317098980972,0.14147278698679203,0.0,0.0,0.0,0.2677492540288691,0.05051773542849864,0.0,0.31851738161470305,0.0014680142154112374,0.25554843751072015,0.0,0.025340067376059254,1.0
gex_possorted_bam_SJSO3:ATTGCGCCATCTAGCAx-M1,0.028113101619652952,0.0,0.1530480823890619,0.0,0.6753478587363342,0.4455312586619031,0.0,0.0,0.0,0.0,1.0,0.0,0.0,0.0,0.0,0.0,1.0,1.0,0.0,1.0,0.6480090705684552,0.8654014638593112,0.19328012523476626,0.7327651887283656,0.0,0.0,0.4163500652909666,0.0,0.0,0.05099322198421237,0.0,0.2821021759601927,0.16109358784321928,0.0,0.13574614695259823,0.0,0.0,0.04436819163443326,0.0,0.0,0.0,0.0,0.0,0.0,0.12236598619067389,0.0,0.0,0.21309875887700794,0.0,0.10292896039728605,0.0,0.0,1.0
gex_possorted_bam_SJSO3:ATTTGCGCATTCCTCGx-M1,0.0,0.4378611473995008,1.0,0.1686451194202128,0.0,0.05134626991524724,1.0,0.0374387977644866,1.0,0.17314541749882192,1.0,0.4824719159994489,1.0,1.0,0.0,1.0,1.0,0.518265992127454,1.0,0.0,0.0,0.0,0.0,0.0,1.0,0.26846468345249924,1.0,0.5507999920735768,0.5001559900232391,0.3416383963317628,1.0,0.08996089630502861,0.0,0.14140289971514053,1.0,0.0,1.0,0.0,0.0,1.0,0.0,1.0,1.0,1.0,0.0,0.11956253917259026,1.0,1.0,0.39817880766992214,0.14036428837053141,0.7237541848166762,0.22865772815666247,0.19534386654184435
gex_possorted_bam_SJSO3:ATTCGTTTCCCTCGCAx-M1,0.0,0.0,0.5799766892588172,0.0,0.583690551143627,0.19335961498890172,0.0,0.0,0.0,0.10401289727232,0.6599354755498793,0.0,0.0,0.0,0.06963225195386819,0.0,0.6601185923517016,0.5836680289436412,0.0,1.0,0.5584455617361093,0.7700689183315866,0.1887390329261143,0.6782471504835808,0.0,0.0,0.3548036322369831,0.0,0.0,0.0,0.290598752056572,0.19017134449715017,0.14898985168095127,0.0,0.18247648981349376,0.03596338697397484,0.0,0.036840402004909394,0.02873809494898909,0.1702425125699753,0.0,0.0,0.0,0.0,0.08900124933907516,0.0,0.0,0.0,0.0,0.11330052318263242,0.0,0.0,1.0
gex_possorted_bam_SJSO3:ATTGCGCCATCCCGCTx-M1,0.0,0.8778500998058938,1.0,0.3290253727806685,0.0,0.0,1.0,0.03785738736798923,1.0,0.4171113075113247,1.0,1.0,1.0,1.0,0.0,1.0,1.0,0.3285255234358731,1.0,0.0,0.0,0.0,0.0,0.0,1.0,0.43595113954303866,1.0,1.0,0.711339788208876,0.620290952442586,1.0,0.0,0.0,0.3032598139895175,1.0,0.0,1.0,0.0,0.0,1.0,0.06957757542776291,1.0,1.0,1.0,0.0,0.19243997182921802,1.0,1.0,0.5698329295552055,0.002354924287244412,0.8715408058260997,0.38629645205373414,0.0
gex_possorted_bam_SJSO3:ATTCCTAGTGTTTCACx-M1,0.0036171008714403837,0.0,0.6356120370584631,0.0,0.34215921750551753,0.47335164800482254,0.0,0.03219636059888452,0.0,0.11707922016219745,0.7614986353931987,0.0,0.0,0.0,0.10633190095106232,0.0,0.8007146676715565,0.8224930483076022,0.0,1.0,0.7618298390805824,0.8013573597973627,0.1583551099699024,0.8359044228727333,0.0,0.0,0.26388450889898046,0.0,0.0,0.05017691516841395,1.0,0.0,0.18844616119648722,0.006605755735218975,0.1781579432605592,0.09338336501351548,0.0,0.0,0.05933365681306584,0.4353900851753099,0.0,0.0,0.0,0.415059485107013,0.15632366445994275,0.09681335358113145,0.0,0.0,0.029856484812566086,0.13264615402346097,0.007566723972022984,0.0,1.0
gex_possorted_bam_SJSO3:ATTGCGCCACAATACTx-M1,0.0,0.65237655033514,1.0,0.1775080521827414,0.0,0.004147989174549421,1.0,0.0,1.0,0.16023356025895993,1.0,1.0,0.9226654339920082,1.0,0.0,1.0,1.0,0.5019852341425602,1.0,0.0,0.0,0.0,0.0,0.0,1.0,0.2632843017116661,1.0,0.6303887327409275,0.6023722046592096,0.15520964835848292,1.0,0.0,0.0,0.11715467243915155,1.0,0.0,1.0,0.0,0.0,1.0,0.0,1.0,1.0,1.0,0.0,0.033421423436055905,1.0,1.0,0.30564427450389764,0.0,0.6619946189464843,0.2054978658425087,0.0
gex_possorted_bam_SJSO3:ATTCCTAGTGACCTGGx-M1,0.0,0.0,0.0,0.0,0.0,0.0,0.0,0.0265609752516552,0.0,0.0,0.26002926926978476,0.0,0.0,0.0,0.08578710571455325,0.0,0.6568907193234357,0.16672754693933728,0.0,1.0,0.28543145638062206,0.3244167269507418,0.028400086289093924,0.4993397176686307,0.0,0.0,0.4061028903103728,0.0,0.0,0.0,0.0,0.0,0.047151023760381425,0.0,0.40906055174342193,0.0,0.0,0.0,0.04507595392744337,0.2972390619087509,0.0829434466801375,0.40076407571700784,0.0,0.0,0.0,0.0,0.0,0.28176065043008014,0.0,0.0,0.0,0.0,0.22130966188730516
gex_possorted_bam_SJSO3:CAACAGGCAAGTTATCx-M1,0.06319250594635989,0.0,0.0,0.0,0.22602576283115952,0.15779111867192203,0.0,0.0,0.0,0.0,0.7829302575867532,0.0,0.0,0.0,0.0,0.0,0.7147323785303626,0.8096745286580534,0.0,1.0,0.523815023815206,0.7206357248600721,0.16069944883991324,0.6418557100034057,0.0,0.0,0.3892134199842713,0.0,0.0,0.0,0.0,0.06268737884192993,0.14621610656834846,0.0,0.27171122687671956,0.027917444275084746,0.0,0.03649385499547495,0.006687482866149451,0.08291727423276936,0.0,0.0,0.0,0.0,0.09224703915566197,0.003849510013144963,0.0,0.19564276097450148,0.0,0.0005123243258478673,0.0,0.002390989019890539,0.9611870949341914
gex_possorted_bam_SJSO3:CAAAGCGCAGCACGTTx-M1,0.09283420718561497,0.5609432168589455,1.0,0.28582515726810326,0.0,0.9875452997870436,1.0,1.0,0.4319092427659514,1.0,0.2886874616187938,1.0,0.28921769264303343,1.0,0.6021865589989367,0.4239210652376927,1.0,1.0,1.0,1.0,0.4650862385390173,0.0,0.5520088631821553,0.18375401395577873,0.1331332990727642,0.09750260446727302,0.22691577837645852,1.0,1.0,0.3716178208775983,0.0,0.0,0.43611453983403303,0.0,1.0,0.7305682392488839,0.27255329992806443,0.6334447074555462,0.8811262928564734,0.48421995358050485,1.0,1.0,0.5292156245632413,0.0380991623791539,1.0,0.0,1.0,0.6742410401918227,0.12796645431208528,1.0,0.0,0.0,1.0
gex_possorted_bam_SJSO3:CAAGGGAGTAATCCCTx-M1,0.16791422214556315,0.0,0.0,0.009807310456032906,0.4742179450759255,0.6298931836584052,0.0,0.007817095860709047,0.0,0.0,1.0,0.0,0.0,0.0,0.05281925311439421,0.0,1.0,1.0,0.0,1.0,0.873918066460996,0.9695493241525054,0.21342526197106404,0.8333733900299963,0.0,0.0,0.29865320703066606,0.0,0.0,0.11833990782837393,0.0,0.21174458420838582,0.2466405770935395,0.0,0.1599261397485355,0.11367446372923827,0.0,0.13358562925458004,0.07516761688560329,0.0,0.0,0.0,0.0,0.0,0.2934077033485811,0.04003016293313678,0.0,0.2947972548082668,0.0,0.0,0.0,0.10639951026723941,1.0
gex_possorted_bam_SJSO3:CAAGAACCACTATGGCx-M1,0.0,0.3537410907766541,0.12369820919409137,0.0,0.0,0.04492908086465726,0.39742720558987643,0.07499561656148161,0.0,0.1355469021049618,0.24416377020228827,0.3925641886487088,0.0,0.0,0.3021447848048147,0.20231029607347092,0.8252784716652909,0.18308355739404933,0.0,1.0,0.31799104702623066,0.3101606088198518,0.03966609768856026,0.5351381240496583,0.0,0.0,0.2791175084307864,0.0,0.0,0.0,0.5005133945001325,0.0,0.061302303912089386,0.08421465052161309,0.4795365150447535,0.0646764169979045,0.06881347207828377,0.0,0.175471133306293,0.5308313336194287,0.10905047628113083,0.7234049187765211,0.0,0.0,0.0,0.0,0.0,0.1848378035538568,0.0,0.0,0.0,0.0,0.16110766194272355
gex_possorted_bam_SJSO3:CAACCCGCATCACTTCx-M1,0.0537557261921485,0.0,0.9893222131575713,0.013810619622255795,1.0,0.8783973373589172,0.0,0.0015839393588303141,0.0,0.2633251119604072,1.0,0.0,0.0,0.0,0.13392441052036375,0.0,1.0,1.0,0.0,1.0,0.7508121395728846,0.9569758738881113,0.24188205572608826,0.6464713672055965,0.0,0.06183048258082286,0.4915123488304554,0.0,0.0,0.09194516934798642,0.004798513253550738,0.678170854615694,0.23627248196143366,0.0,0.22933998113847745,0.09224130598828348,0.0,0.029088078653588388,0.13799634640669575,0.067542466473866,0.3606802012988283,0.0,0.0,0.30329356954681436,0.22664215447576697,0.019431218856247396,0.23570171942003112,0.25849213051428127,0.07329173521875486,0.392040503012933,0.0,0.011953857085207372,1.0
gex_possorted_bam_SJSO3:CAAACACTCTCGCCCAx-M1,0.0,0.0,0.8887191263835098,0.0074157697538684295,0.0,0.0,1.0,0.0,1.0,0.0,1.0,0.29119995863129405,0.36584727851396964,1.0,0.0,1.0,1.0,0.5645557748294086,0.6721584872511528,0.0,0.0,0.0,0.0,0.0,1.0,0.08363247207850906,1.0,0.0,0.17715985563062586,0.0,0.15173352497234302,0.14659056095091497,0.0,0.0,1.0,0.0,1.0,0.0,0.0,1.0,0.21299967544389675,1.0,1.0,1.0,0.0,0.0,1.0,1.0,0.0,0.0,0.13553188822451848,0.0,0.0
gex_possorted_bam_SJSO3:CAACCCGCAACAACAAx-M1,0.038676663581277755,0.0,0.0,0.0,0.4482915958610457,0.28887679661607985,0.0,0.0,0.0,0.0,1.0,0.0,0.0,0.0,0.0,0.0,1.0,1.0,0.0,1.0,0.5624327432513364,0.7503248397817941,0.17459937177776969,0.6272128934075467,0.0,0.0,0.47995818869343787,0.0,0.0,0.0,0.0,0.23072038074835713,0.1389390070333154,0.0,0.20769722857764036,0.0,0.0,0.02922958479470321,0.0,0.0,0.0,0.0,0.0,0.0,0.0656083294393696,0.0,0.0,0.38049084383636306,0.0,0.03531374194363669,0.0,0.0,0.9504738681827523
gex_possorted_bam_SJSO3:CAAACCGTCATTTGTCx-M1,0.0,0.41088905139651183,0.637311542626595,0.02277494984370399,0.0,0.0,0.0,0.0,0.0,0.0,1.0,0.0,1.0,1.0,0.0,1.0,0.6595699852574951,0.5820760244022444,1.0,0.0,0.0,0.0,0.0,0.0,1.0,0.0,1.0,0.0,1.0,0.2647253570617395,0.4970444562499439,0.568690121490911,0.0,0.2740028046912276,1.0,0.0,1.0,0.0,0.0,1.0,0.40028811225982275,0.0,0.6179563070612406,0.5798791926134793,0.0,0.0035724968899177377,1.0,0.8324254120315877,0.013118282365424342,0.0,1.0,0.018544891954118597,0.0
gex_possorted_bam_SJSO3:CAAGCTAGTCATTACCx-M1,0.0,0.0,0.03247023521826174,0.0,0.0,0.0,0.5754125088240469,0.09706823273780217,0.9549981943517631,0.0,0.8735778683996961,0.0,0.0,0.7409375223925173,0.0,0.5114366393620413,1.0,0.5200265783492956,0.18975830680481265,0.0,0.0,0.0,0.0,0.0,0.6129774461875733,0.0,1.0,0.0,0.12815656469166012,0.0,0.0,0.23699111402456333,0.0,0.0,1.0,0.0,1.0,0.0,0.0,0.6699821965887225,0.3215817054723609,0.887234077618865,0.1932933811871888,0.125820320015246,0.0,0.0,0.7771336297016216,1.0,0.0,0.0,0.0,0.0,0.0
gex_possorted_bam_SJSO3:CAACCCTTCTGGCAATx-M1,0.0,0.15133108528754213,0.7206140881062585,0.0,0.29088432683427207,0.2554079797927914,0.0,0.0660156557842659,0.0,0.23704766251466333,0.41600350783144757,0.0,0.0,0.0,0.16617710883220738,0.0,0.7794343275040161,0.31025740747619396,0.0,1.0,0.6785715005672115,0.6486260056341017,0.13113380521046106,0.6840320064940981,0.0,0.0,0.3579914366103971,0.0,0.0,0.0,0.8492822322908838,0.00486023621154702,0.16838324596014326,0.0,0.3211763491766318,0.07651048049432435,0.056800290332330916,0.0,0.10274790587381756,0.40436307359573687,0.0,0.0,0.0,0.07417856111516863,0.09563362789872012,0.012179714089208074,0.0,0.0,0.02533441263591536,0.1974543003946843,0.0,0.0,1.0
gex_possorted_bam_SJSO3:CAAGGTAAGGATTGAGx-M1,0.041829240089604,0.0,0.5410571559181068,0.031044084478691406,0.549405158856353,0.5514804019936933,0.0,0.0,0.0,0.18625308884671374,0.9693321916417366,0.0,0.0,0.0,0.10326327581281271,0.0,0.8549665595431925,0.8102301578771741,0.0,1.0,0.6444194788774049,0.8829296879346995,0.1600871583475023,0.6670360000478204,0.0,0.0,0.30729126404538826,0.0,0.0,0.08373968027035164,0.6776201660338859,0.1686090066090228,0.19766993995285573,0.09268554938310981,0.05821403694386126,0.14021872037611405,0.0,0.047309794063591405,0.0798052644549835,0.22718958869853187,0.0,0.0,0.0,0.0,0.3135411333065226,0.07999367722755528,0.0,0.01441160295099739,0.01535303606046624,0.18490478994706863,0.0,0.07705090259104726,1.0
gex_possorted_bam_SJSO3:CAACAATGTAGGTTATx-M1,0.0,0.0,0.04588266522093905,0.0,0.0,0.0,0.0,0.0,0.0,0.0,0.17680924299688086,0.0,0.0,0.0,0.034891817402674066,0.0,0.36040543888291465,0.0,0.0,0.9994123069460563,0.28603629963778565,0.36508848030079344,0.020124211024508624,0.47548009674509917,0.0,0.0,0.3982845826026623,0.0,0.0,0.0,0.0571449047035111,0.0,0.026432550549331923,0.0,0.3736333905447509,0.0,0.0016369801957494792,0.0,0.03342008239002647,0.30395683263367507,0.0,0.03113373256528163,0.0,0.0,0.0,0.0,0.0,0.1075374073568998,0.0,0.0,0.0,0.0,0.42675949273478336
gex_possorted_bam_SJSO3:CAAAGCGCATCGCTCCx-M1,0.0,0.0,0.4318744038053141,0.0,0.26652366590122734,0.2465310372940255,0.0,0.0,0.0,0.09419860170863494,0.8206835920731118,0.0,0.0,0.0,0.08720306596979785,0.16828365964829767,1.0,0.6837300122668867,0.0,1.0,0.450133658714614,0.47201985954766706,0.09626384267133017,0.4196716402178827,0.0,0.0,0.5837244442986502,0.0,0.0,0.0,0.4132605432865594,0.0,0.08310148135576434,0.0,0.5298275009422172,0.0,0.16047667609396735,0.0,0.010551233021836404,0.38786043642066004,0.0,0.16948120644235146,0.0,0.029602546297161504,0.08212194520328601,0.0,0.0,0.6424725959326497,0.0,0.030178648420588282,0.0,0.0,0.7662573511258601
gex_possorted_bam_SJSO3:CAAAGTGAGTCATTAGx-M1,0.0,0.0,0.3215255599096965,0.0,0.218681118826695,0.18212702726559168,0.0,0.03179094416572681,0.0,0.048308275651139876,0.6891087501300738,0.0,0.0,0.0,0.021282012558337445,0.0,0.873255773173878,0.8013260659616888,0.0,1.0,0.5915428412776623,0.6492475663573529,0.08220186962984026,0.6337995617289264,0.0,0.0,0.4456798892059135,0.0,0.0,0.0,0.2584306986702764,0.05062163871677761,0.13299171277816335,0.0,0.284085990764566,0.0028980684465751273,0.0,0.0,0.005117467601941532,0.2490788533084501,0.0,0.0,0.0,0.0,0.1301527263376514,0.0,0.0,0.15326575577968182,0.0,0.011090660497668168,0.0,0.0,1.0
gex_possorted_bam_SJSO3:CAACCCGCACTAAGAAx-M1,0.31408929829436016,0.4786204050797596,0.10343539666362674,0.3502149497234019,0.1353678951101708,0.2306540991057745,0.6882598433021275,0.5189822443837439,0.24179214138441035,0.5179261794893271,0.0,0.4179950914139648,0.07510866930267941,0.13549885517840052,0.4806131465427824,0.4178534395699358,0.1021138131796221,0.0,0.0,0.7930497813477795,0.4868955471920957,0.4681470152505463,0.3279545915487246,0.6657314979259351,0.0,0.19319939105945175,0.2837734350347449,0.3832378966712129,0.3334781219684516,0.1302847854001671,0.9412771784738628,0.17844653201087762,0.3834754788052973,0.48386293022125004,0.4008499748771844,0.4878023835488057,0.40862448192191925,0.31017136673108753,0.4154592200816964,0.6971401308059751,0.40723565475669227,0.481353128483469,0.0,0.04414340849016064,0.3554816059941051,0.3782506841115095,0.0,0.12717167333272353,0.352608231120621,0.331997050183982,0.40785236617689286,0.2850712041145911,0.5668758481364843
gex_possorted_bam_SJSO3:CAAGGTAAGCTTAACAx-M1,0.0,1.0,1.0,0.3135741293835872,0.0,0.8461186700074157,1.0,0.09082954702897268,1.0,0.5447849772214919,1.0,1.0,1.0,1.0,0.14277618681267878,1.0,1.0,1.0,1.0,0.0,0.0,0.0,0.0,0.0,1.0,0.37810715179821336,1.0,0.9045696283434481,0.3843006125815205,0.42711486131143733,1.0,0.0,0.0,0.27483978446202256,1.0,0.0,1.0,0.0,0.0,1.0,0.33303746407424717,1.0,1.0,1.0,0.0,0.04035825724004853,1.0,1.0,0.5073877314328344,0.06439021014198786,0.679148057243287,0.2800326201712486,0.0
gex_possorted_bam_SJSO3:CAAGAACCAAGTGTCCx-M1,0.00910607023191287,0.0,0.01602333543194362,0.0,0.11950437828953306,0.0,0.0,0.0,0.0,0.0,0.633357710518859,0.0,0.0,0.0,0.0,0.0,0.6489609055042274,0.4925311522668014,0.0,1.0,0.5284551323282566,0.614525204935327,0.12816000133843994,0.667064696020791,0.0,0.0,0.4223858104233843,0.0,0.0,0.0,0.131304995309606,0.08564332348341093,0.11036275066778664,0.0,0.3372902543616212,0.0,0.0,0.02046398788127304,0.0,0.1440266515435408,0.0,0.0,0.0,0.0,0.038437539741494386,0.0,0.0,0.22453155490049687,0.0,0.0,0.0,0.0,0.9111268587062421
gex_possorted_bam_SJSO3:CAAGGCCTCGCAAACTx-M1,0.0,0.0,0.0,0.0,0.0,0.0,0.25103272627454076,0.0,0.9148918998665065,0.0,0.8952303851309538,0.18858023029604618,0.0,1.0,0.0,1.0,0.8121497047358025,0.3180152560457575,0.5575378688360954,0.0,0.0,0.0,0.0,0.0,0.8739066496838523,0.018469148332223493,1.0,0.0,0.24111183545711015,0.0,0.0,0.07630917791377391,0.0,0.04701430419337424,1.0,0.0,1.0,0.0,0.0,0.8419284553218747,0.010935482270841266,1.0,0.36096366123968787,0.0,0.0,0.0,0.5486542601895603,1.0,0.0,0.0,0.24332457230474025,0.0,0.0
gex_possorted_bam_SJSO3:CAAAGGATCGATTCTTx-M1,0.02266925919783328,0.0,0.0,0.0,0.17442499527110555,0.0,0.0,0.0,0.0,0.0,0.7981747619810731,0.0,0.0,0.0,0.0,0.0,0.6917802667634567,0.8191834398858624,0.0,0.8134244870785232,0.4346227889715539,0.6245572675845007,0.11711201283135442,0.5174608643990445,0.0,0.0,0.4508850920737862,0.0,0.0,0.0,0.0,0.02336284969762379,0.09837489555648625,0.0,0.2349058810403925,0.0,0.0,0.02102746218617615,0.0,0.0,0.0,0.0,0.0,0.0,0.0,0.0,0.0,0.3537027571258392,0.0,0.0,0.0,0.0,0.6538990219450939
gex_possorted_bam_SJSO3:CAACCCGCAGCAACCTx-M1,0.08382592708638387,0.0,0.0,0.0,0.3381198051870029,0.4801613706657996,0.0,0.0,0.0,0.0,1.0,0.0,0.0,0.0,0.0,0.0,1.0,1.0,0.0,0.9373961577739375,0.7003567712841557,0.8770328746525083,0.1778202652095371,0.7318735484167588,0.0,0.0,0.3885853538576074,0.0,0.0,0.004081228847705382,0.0,0.11171974446801787,0.1520175232170774,0.0,0.15569252658668256,0.0,0.0,0.07989958310862683,0.0,0.0,0.0,0.0,0.0,0.0,0.06699851950145279,0.0,0.0,0.32465101713221034,0.0,0.0,0.0,0.006543919339577563,0.7900083124500896
gex_possorted_bam_SJSO3:CAAAGTGAGACAGGTAx-M1,0.0,0.29569001442375953,0.9288947804291546,0.05187099364568764,0.0,0.0,1.0,0.0,1.0,0.0,1.0,0.9533732335911914,0.5765828352854042,1.0,0.0,1.0,1.0,0.3620310366843541,1.0,0.0,0.0,0.0,0.0,0.0,1.0,0.1427773995839797,1.0,0.2697774358783817,0.3044154753919979,0.0,0.6110903761511393,0.0,0.0,0.0,1.0,0.0,1.0,0.0,0.0,1.0,0.0,1.0,1.0,1.0,0.0,0.0,1.0,1.0,0.10811051594706547,0.0,0.3947028710354284,0.06706240535842901,0.0
gex_possorted_bam_SJSO3:CAACTAATCCAATTAGx-M1,0.0,0.0,0.0,0.0,0.0,0.0,0.4790807696114086,0.0,1.0,0.0,1.0,0.3092499065801669,0.021976603777773645,1.0,0.0,1.0,1.0,0.8201768323909134,0.8175423631970843,0.0,0.0,0.0,0.0,0.0,1.0,0.0,1.0,0.0,0.18275701122086108,0.0,0.0,0.0,0.0,0.0,1.0,0.0,1.0,0.0,0.0,0.8893532091395417,0.0,1.0,0.7005393178183862,0.0,0.0,0.0,0.873143237403248,1.0,0.0,0.0,0.27594330943919937,0.0,0.0
gex_possorted_bam_SJSO3:CAACTAATCCCGTTGTx-M1,0.0,0.0,0.0,0.0,0.0,0.11115362189537781,0.0,0.0,0.0,0.0,0.8555188784014909,0.0,0.0,0.0,0.018675084727880955,0.08663002413121053,0.9657347298721579,0.9416166494441084,0.0,0.6862301388709767,0.35225964759183365,0.4213844549719433,0.08445879335864186,0.46286344396794377,0.0,0.0,0.4676562026020295,0.0,0.0,0.0,0.0,0.0,0.05542803848582554,0.0,0.4482664913071095,0.0,0.0010501205186904073,0.010295748211924865,0.0,0.21752268746858033,0.0,0.34908825911231206,0.0,0.0,0.0,0.0,0.0,0.5777814842217212,0.0,0.0,0.0,0.0,0.3093307494596329
gex_possorted_bam_SJSO3:CAAACGCGTAGCAGCTx-M1,0.0,0.12148231654126279,1.0,0.026980087214704164,0.0,0.0,1.0,0.0,1.0,0.02871399271066089,1.0,0.5919221085643,0.6372555278874035,1.0,0.0,1.0,1.0,0.3388294017540826,0.857614997878871,0.0,0.0,0.0,0.0,0.0,1.0,0.15170131667419556,1.0,0.25600097399121563,0.12149496424487183,0.04734464914168149,1.0,0.0,0.0,0.0,1.0,0.0,1.0,0.0,0.0,1.0,0.0,1.0,1.0,1.0,0.0,0.0,1.0,1.0,0.17202654928481198,0.0,0.3528161939298675,0.09277645632236002,0.0
gex_possorted_bam_SJSO3:CAAACTGGTCACACCCx-M1,0.0,1.0,1.0,0.2133169514853976,0.0,0.475487593449035,1.0,0.0,1.0,0.3990465655038201,1.0,1.0,0.9567744820267249,1.0,0.0,1.0,1.0,1.0,1.0,0.0,0.0,0.0,0.0,0.0,1.0,0.26953088433777234,1.0,0.7121014125489015,0.3110080452413947,0.31873771514149385,1.0,0.0,0.0,0.19026880730019594,1.0,0.0,1.0,0.0,0.0,1.0,0.263439667324294,1.0,1.0,1.0,0.0,0.02283229254830189,1.0,1.0,0.40824329524431646,0.0,0.5824211810103622,0.2119268643041368,0.0
gex_possorted_bam_SJSO3:CAAGAACCAGCTCATAx-M1,0.10472958409187717,0.9253178040530066,1.0,0.1977481450387534,0.4256969801055732,1.0,1.0,0.3247086039097199,0.014257326500470072,0.8764466988770281,0.3433739309575813,0.31903656971687805,0.02122947854648454,0.0,0.6809558751183938,0.47889365445912563,1.0,0.36865003469376334,0.0,1.0,0.7470063795612403,0.7070984839551626,0.26600076838993975,0.8357997606148317,0.0,0.0,0.12278616411012944,0.5276094342053916,0.12468964638916522,0.26952258375767646,1.0,0.0,0.3502160372269713,0.3135181365601396,0.408369543298772,0.4499345780523493,0.2537175192899107,0.10478319741222374,0.5240902431490086,0.9838928076443344,0.33031957689164265,0.6336421131134239,0.0,1.0,0.39276741347629096,0.23971036029669754,0.0,0.0,0.3779557145436046,0.541573081261772,0.001015423630676287,0.14643580221080282,1.0
gex_possorted_bam_SJSO3:CAAGGCTGTCAACAATx-M1,0.0,1.0,1.0,0.22074395014854084,0.0,0.23187730723201944,1.0,0.0,1.0,0.3310863082125935,1.0,1.0,0.9516774675190217,1.0,0.0,1.0,1.0,0.9167264813125602,1.0,0.0,0.0,0.0,0.0,0.0,1.0,0.2816835010811777,1.0,0.8096020351049354,0.4272305237485486,0.3660035398606708,1.0,0.0,0.0,0.17088053295612737,1.0,0.0,1.0,0.0,0.0,1.0,0.10781170462588205,1.0,1.0,1.0,0.0,0.0776543462470437,1.0,1.0,0.427842377176426,0.0,0.6810808304551469,0.24531749504143774,0.0
gex_possorted_bam_SJSO3:CAAGAACCAATTTAGCx-M1,0.0,0.6370246202751216,1.0,0.23242360550029656,0.0,0.0,1.0,0.0,1.0,0.27606590111984397,1.0,1.0,1.0,1.0,0.0,1.0,1.0,0.030704361031916455,1.0,0.0,0.0,0.0,0.0,0.0,1.0,0.41005195530562855,1.0,0.7668101545281234,0.7971522541620768,0.30617224630081796,1.0,0.0,0.0,0.21067055833493742,1.0,0.0,1.0,0.0,0.0,1.0,0.0,1.0,1.0,1.0,0.0,0.10934429421887255,1.0,1.0,0.4092879863268024,0.10541817500889804,0.8209635311667439,0.285580690601048,0.0
gex_possorted_bam_SJSO3:CAAAGCGCACTAGGTCx-M1,0.0,0.4012168637029389,0.38781709872514747,0.014970804191410062,0.0,0.19251608854201038,0.8056556419778976,0.05316736489793103,0.0,0.1871717128799433,0.3808372344636066,0.3453990799745659,0.0,0.0,0.49329573497806384,0.29585519065641497,1.0,0.27945573188464934,0.0,1.0,0.3755350368939204,0.21530853517439283,0.047261194984022446,0.46708704694193054,0.0,0.0,0.31658844875854414,0.0,0.0,0.0,0.5715316463977205,0.0,0.06940396662457926,0.17213197159947574,0.5381066884811979,0.024843276695056118,0.0,0.04233987041661062,0.18045791241908965,0.6877829790243719,0.160797435018105,1.0,0.0,0.0,0.01280879229316667,0.0,0.0,0.16722421585148942,0.0,0.0,0.0,0.0,0.0
gex_possorted_bam_SJSO3:CAAGGCCTCGTTAAGCx-M1,0.0303645791461176,0.0,0.5900991734658876,0.048935129042230095,0.11982041386669447,0.19617899124708063,0.0,0.08147628768208237,0.0,0.23672982579705504,0.4536012808555787,0.0,0.0,0.0,0.12639362338975538,0.0,0.55682288027789,0.3983789095562975,0.0,1.0,0.5772322907288089,0.6986173207183521,0.07395382512707882,0.8113903176451742,0.0,0.0,0.41294208076560357,0.14200363078697198,0.0,0.0,0.7488079719728141,0.0,0.16432092912807295,0.019673833900598344,0.35333408727091503,0.11844428866606657,0.06819701686882866,0.0,0.08035404864327941,0.40011722757718104,0.0,0.019126637153289727,0.0,0.0,0.14146327020141206,0.03642385854387838,0.0,0.1910995168860458,0.10107419869594128,0.040770465588572204,0.07581755068231437,0.018024049005605603,1.0
gex_possorted_bam_SJSO3:CAAACACTCGGTTTCCx-M1,0.0,0.0,0.0,0.0,0.20995484724373087,0.040568087045530006,0.0,0.0,0.0,0.0,0.7441623754956055,0.0,0.0,0.0,0.027459709358770873,0.0,0.7146313816294613,0.725823973070698,0.0,1.0,0.43366080807792523,0.6326086562275339,0.09322470517044172,0.6098342639827586,0.0,0.0,0.41387980168037347,0.0,0.0,0.0,0.0,0.04930738521243285,0.09339789804413152,0.0,0.2929484960209002,0.0,0.0,0.014017840946134962,0.0,0.0789296919835766,0.0,0.0,0.0,0.0,0.0,0.0,0.0,0.18603836896515866,0.0,0.0,0.0,0.0,0.74505340937416
gex_possorted_bam_SJSO3:CAAAGGATCAAGCCTGx-M1,0.10022985643606609,0.0,0.8194411736265675,0.021665915136771657,1.0,1.0,0.0,0.0,0.0,0.4349765576572277,1.0,0.0,0.02299097558719049,0.0,0.2643182994441567,0.0,1.0,1.0,0.0,1.0,0.9415913481017351,1.0,0.30719530588427557,0.7504567963654648,0.0,0.05450369314648432,0.38875310289097176,0.07169740592382996,0.0,0.27585736011240786,0.7491279948088786,0.39645372226148745,0.2926023220542438,0.0,0.2174125435079095,0.1583158598335052,0.0,0.030871863244225146,0.15058608230252243,0.16938274224288455,0.0,0.0,0.0,0.18181541657703598,0.399536629982216,0.08507257830649964,0.11380585544469633,0.10844666006752611,0.15124990763360485,0.49755559670970073,0.0,0.13347822942157178,1.0
gex_possorted_bam_SJSO3:CAACAATGTAACGGGAx-M1,0.07082323750870712,0.0,0.0,0.0,0.25396102697563366,0.35509427098029706,0.0,0.0,0.0,0.0,1.0,0.0,0.0,0.0,0.03601779552219524,0.0,0.9051223291695077,1.0,0.0,1.0,0.7167177538510592,0.7817961249896581,0.15864955073288683,0.7179384957818549,0.0,0.0,0.3885220597799958,0.0,0.0,0.018355463411421063,0.15336148831174007,0.014243561373445587,0.14500242720927556,0.0,0.2834459378984585,0.03722546234195436,0.0,0.04182815529261366,0.0019209365628082805,0.08705866148329602,0.0,0.0,0.0,0.0,0.11772455914223341,0.031618074949559184,0.0,0.11464837794941829,0.0,0.0,0.0,0.016320918134809806,0.9258604318627073
gex_possorted_bam_SJSO3:CAAGTGAAGGCGCTTAx-M1,0.0,0.2670456270289519,0.06633129502161624,0.0,0.0,0.0,0.2942515943880698,0.08311573058606501,0.0,0.0405476902212825,0.0,0.25465845328487463,0.0,0.0,0.2509604958848151,0.0,0.38040383816982076,0.0,0.0,1.0,0.28928429297881,0.30505489658176527,0.04322925913905517,0.5007013055660343,0.0,0.0,0.28312038473869605,0.0,0.0,0.0,0.3559112679697673,0.0,0.07228170939883354,0.1426871859929435,0.3917587822320617,0.049379202674118536,0.06464050201043817,0.0,0.15719000824606474,0.455961809052341,0.13423227686979472,0.5155079130216355,0.0,0.0,0.0,0.0,0.0,0.09523610826780027,0.0,0.0,0.0,0.0,0.2883426064598855
gex_possorted_bam_SJSO3:CAAGTTATCATGCTTTx-M1,0.05655674289859821,0.0,0.0,0.0,0.07161701869843444,0.017712955956989736,0.0,0.0,0.0,0.0,0.9587198136775816,0.0,0.0,0.0,0.0,0.0,0.8632531832663285,1.0,0.0,0.5741023973503528,0.40159800013435787,0.5645069330891006,0.10651142213030085,0.5171509118709127,0.0,0.0,0.5629424072907518,0.0,0.0,0.0,0.0,0.18883121794920366,0.11442730193715112,0.0,0.2910999247745046,0.0,0.0,0.05920642225078133,0.0,0.0,0.0,0.0,0.0,0.0,0.04024184622733451,0.0,0.0,0.6319760965207961,0.0,0.0,0.0,0.0,0.5063784862854329
gex_possorted_bam_SJSO3:CAATAAGCAGTTAGCCx-M1,0.1135980750257025,0.0,0.0,0.0,0.6291235600613084,0.5375529804270665,0.0,0.0,0.0,0.0,1.0,0.0,0.0,0.0,0.044554506195596616,0.0,1.0,1.0,0.0,1.0,0.7114143792737104,0.8306940928161405,0.25280073189410684,0.6399838080511145,0.0,0.0,0.4663256078510008,0.0,0.0,0.11988755503647133,0.0,0.21672964224824695,0.2104729415558367,0.0,0.21556704697504203,0.004690772511814265,0.0,0.10756342385189864,0.0,0.0,0.0,0.0,0.0,0.0,0.1320126279314607,0.0,0.0,0.15752372609681323,0.0,0.15555032848341926,0.0,0.026247631701341707,1.0
gex_possorted_bam_SJSO3:CAATGTGGTAATTAGCx-M1,0.0,0.6051464644981208,0.6516314176845578,0.023699986831219867,0.0,0.014226822275016983,1.0,0.22835748067611011,0.0,0.4516650159770285,0.0,0.654547686129526,0.0,0.0,0.4500523410263128,0.17980882963894887,0.5332187271801413,0.0,0.0,1.0,0.4588050668142189,0.3766626900546761,0.10301280241364114,0.606540428543043,0.0,0.0,0.21696222784197375,0.2436025690538212,0.0,0.0,1.0,0.0,0.18131607359140298,0.19295309319817136,0.5553507068515079,0.19787533126408463,0.24341543284496883,0.0,0.325155413320699,0.7032962711652981,0.2732641328717615,0.5596250466212717,0.0,0.016593543640540998,0.11912245415471627,0.032013527565787216,0.0,0.0,0.08958446437367802,0.11788490681695486,0.0,0.0,0.6814667632007052
gex_possorted_bam_SJSO3:CAATCCTGTCATCATCx-M1,0.25791250415920697,0.19444392428825108,1.0,0.25174094710812084,1.0,1.0,0.2553723856740029,0.29799183719432976,0.07275011055940157,0.7521377192197916,1.0,0.0,0.245593637373209,0.0,0.36816386769292414,0.012777480197132067,1.0,1.0,0.18434749688817934,1.0,1.0,1.0,0.5316258970228168,0.7343073271251602,0.09766844360592053,0.28258422749463447,0.4212222583270136,0.25164326309587515,0.004411915882277052,0.4412472754525861,0.7019683094357131,0.8215668692546021,0.476335714700334,0.07825597568329207,0.22455278585836272,0.355232524310093,0.0,0.18510974275813497,0.4620134269494343,0.28648944887488936,0.8914032931219447,0.0,0.24144590757180043,1.0,0.4648719022266784,0.33507320757292886,0.8023156903663641,0.024469702348143194,0.42933372812558357,0.8693271241495735,0.0,0.2711737900797749,1.0
gex_possorted_bam_SJSO3:CAATGTCAGTTTGTCTx-M1,0.0,0.013577669425313112,0.5908508553503908,0.0,0.0,0.0,1.0,0.0,1.0,0.0,1.0,0.7035222548617528,0.22190286570853676,1.0,0.0,1.0,1.0,0.5805139925168644,0.9021995329517098,0.0,0.0,0.0,0.0,0.0,1.0,0.07262619685259025,1.0,0.16321612451344028,0.0,0.0,0.0,0.0,0.0,0.0,1.0,0.0,1.0,0.0,0.0,1.0,0.0,1.0,1.0,1.0,0.0,0.0,1.0,1.0,0.0,0.0,0.36252732302140717,0.0,0.0
gex_possorted_bam_SJSO3:CAATAGCTCCAACTGGx-M1,0.255595823504497,0.0,0.8310213523857927,0.15104398136263145,1.0,1.0,0.0,0.1038683642536242,0.0,0.43756791333178274,1.0,0.0,0.07349207415587101,0.0,0.34528511835824094,0.0,1.0,1.0,0.0,1.0,1.0,1.0,0.43399641763623936,0.9385255506247832,0.0,0.1629528922643024,0.3407559234471464,0.1708442356444507,0.0,0.3906283106304171,0.6423541413169532,0.5752485299481139,0.4412037903625868,0.037372642802400366,0.18787167627299867,0.2700045263448026,0.0,0.1362397398151576,0.27661111989076487,0.14713287679878892,0.250291753284008,0.0,0.0,0.5164238032210484,0.47282439196810006,0.21856661569112834,0.2726368042070137,0.18533128910673627,0.24666000472058097,0.5893978707782599,0.0,0.194797972751691,1.0
gex_possorted_bam_SJSO3:CAATGACTCTTAGCCCx-M1,0.0,0.10892095489108507,1.0,0.003516672255700338,0.0,0.0,1.0,0.0,1.0,0.0,1.0,0.7504874909405401,0.5989461817642113,1.0,0.0,1.0,1.0,0.0624563093021302,0.7918035961354953,0.0,0.0,0.0,0.0,0.0,1.0,0.13538634420819753,1.0,0.1382360578533819,0.2246101580909704,0.0,0.7939865213130278,0.0,0.0,0.0,1.0,0.0,1.0,0.0,0.0,1.0,0.0,1.0,1.0,1.0,0.0,0.0,1.0,1.0,0.06330761151568107,0.0,0.3010459176869562,0.04928703529545285,0.0
gex_possorted_bam_SJSO3:CAAGTTATCGTTTCCAx-M1,0.14910901227535803,0.5327306096357612,1.0,0.1607810160755789,0.842963844353309,1.0,0.06191345632898635,0.2086987796764901,1.0,0.8297235717928682,1.0,0.0,0.22104959277711655,0.08168293249141471,0.37453063136644527,0.8876669054386845,1.0,1.0,0.0,1.0,0.674508711677741,0.7724856309226685,0.3365706635458983,0.5323705415368466,0.06707530590413062,0.18094047093448487,0.4597973003918974,0.2636732060889377,0.0,0.4372025404312789,1.0,0.24218428937046427,0.3028944895306737,0.05860932179447062,0.24709589475015686,0.33311470766025125,0.24871421696516083,0.17689599983649953,0.3252280539487077,0.45658511666505236,0.5702356006737137,0.0,0.4643236253054411,1.0,0.2907389902047092,0.2059837634041092,0.4747339578435128,0.465565048762707,0.37092328482434594,0.40974058625966847,0.0,0.12767570404724954,1.0
gex_possorted_bam_SJSO3:CAAGGTAAGTGAACCTx-M1,0.0,0.0,0.0,0.0,0.0,0.0,0.0,0.0,0.0,0.0,0.2743981993431281,0.0,0.0,0.0,0.0,0.0,0.4022141677774135,0.0,0.0,0.8957350421444127,0.21225179566097543,0.3741415740108615,0.02251440656753801,0.412675724097883,0.0,0.0,0.45058457566245974,0.0,0.0,0.0,0.0,0.0,0.02685558120385086,0.0,0.4029735547400859,0.0,0.015670944893706174,0.0,0.0,0.28994166700071794,0.0,0.02607969187731455,0.0,0.0,0.0,0.0,0.0,0.3038929326602782,0.0,0.0,0.0,0.0,0.4058006522723405
gex_possorted_bam_SJSO3:CACAAGCGTTAGCCAAx-M1,0.0,0.43436351120289474,0.5895831814389985,0.020099625151639683,0.0,0.0,0.0,0.0,0.0,0.0,0.7612263681442709,0.0,1.0,1.0,0.0,1.0,0.25755559082771934,0.20271119428750978,1.0,0.0,0.0,0.0,0.0,0.0,1.0,0.0,1.0,0.0,1.0,0.23740362493423667,0.011354288635384307,0.7090031525783395,0.0,0.4004753988496365,1.0,0.0,0.9423649136152666,0.0,0.0,1.0,0.674181577710269,0.0,0.498778197495619,0.0,0.0,0.001702771553442439,0.9897642269376724,0.03213888006246136,0.0,0.0,1.0,0.0,0.0
gex_possorted_bam_SJSO3:CAAGTATGTTACCTGTx-M1,0.0,0.0,0.33677908642164134,0.0,0.24163064166321988,0.0,0.0,0.0032403223430726514,0.0,0.018594306998241265,0.42476985040597415,0.0,0.0,0.0,0.007895398555921584,0.0,0.567885252044924,0.3022857770489568,0.0,1.0,0.5191511684965079,0.6248233360091953,0.10893887793669325,0.6479858962342548,0.0,0.0,0.3427888304542874,0.0,0.0,0.0,0.15019164333582932,0.011350173589509705,0.11437220622304907,0.0,0.24704859317899575,0.007365929070460961,0.0,0.0036424314961419906,0.01287159203670695,0.225327990033986,0.0,0.0,0.0,0.0,0.0,0.0,0.0,0.08184470366210281,0.0,0.008657575160588142,0.0,0.0,0.9789419597476716
gex_possorted_bam_SJSO3:CAATGTCAGATAACCCx-M1,0.7782610015413879,0.3936349878551184,0.0,0.606256708720117,0.9036611703940679,1.0,0.0,0.6328654585231992,0.0,0.7047876034527781,0.6728973049311313,0.0006610851148675682,0.38802979111797703,0.10329019571881283,0.7859526614452875,0.04318389684134227,0.48115211573194594,1.0,0.5676155548563748,1.0,1.0,1.0,0.8057772107005754,1.0,0.0,0.4999677185114154,0.019813394524345565,0.450497758981307,0.5787875806854009,0.7185368119085451,0.6533585415059455,0.7171641440614861,0.7855199093467363,0.6064170782675233,0.08641967640837878,0.7870931344352268,0.11741138822954109,0.7025787845419934,0.7260488542604436,0.0037222991167551963,0.9621857733723674,0.06304644974942065,0.35123635961249217,0.20361315015895434,0.8557581827511703,0.7071630600303429,0.0,0.10593394033299135,0.5875611252344636,0.6883207332702064,0.37883159857342563,0.6640037651710675,1.0
gex_possorted_bam_SJSO3:CAATGTGGTAATAGCTx-M1,0.16557921246361043,0.0,0.0,0.020429854333527595,0.6883477081622534,0.8405210853727964,0.0,0.0,0.0,0.0,1.0,0.0,0.0,0.0,0.0,0.0,1.0,1.0,0.13098750291699307,1.0,0.8303321108480939,0.9640201207517786,0.31328129614083117,0.7897433843646549,0.0,0.0,0.3090024187336028,0.0,0.0,0.23061932387382955,0.0,0.1308666637923465,0.23518113669382973,0.0,0.15287617811703896,0.08941498583216899,0.0,0.17145250407801474,0.08707286232534696,0.0,0.0,0.0,0.0,0.0,0.19717674725210907,0.05629697569208944,0.0,0.31336289285101276,0.0,0.11476336546770208,0.0,0.11860575156017979,0.9191474783622221
gex_possorted_bam_SJSO3:CAATGTGGTCATGCAAx-M1,0.005939184787491092,0.0,0.42653998303307494,0.0,0.5098376763323388,0.34809354360270295,0.0,0.0,0.0,0.0291572145553991,0.8624712475989704,0.0,0.0,0.0,0.046635989582530714,0.0,0.9685374435245457,1.0,0.0,1.0,0.6956870068034162,0.7863646913454211,0.1584396047120913,0.6918162153996191,0.0,0.0,0.41005148364200794,0.0,0.0,0.026962362777201525,0.0,0.12294028694139467,0.17277177263202256,0.0,0.17814582265070916,0.002630627629013243,0.0,0.011855686542036163,0.011961968154829453,0.06178451879836144,0.0,0.0,0.0,0.0,0.12972043258780938,0.0,0.0,0.1786738158523043,0.0,0.10471820670761645,0.0,0.0,1.0
gex_possorted_bam_SJSO3:CAATAGCTCGTTACTTx-M1,0.05623135817710891,0.0,0.0,0.0,0.37270082591440323,0.21923733828228478,0.0,0.012146508960614104,0.0,0.0,0.728993483692851,0.0,0.0,0.0,0.045620483105989575,0.0,0.8037150494109244,0.8300155931644003,0.0,1.0,0.6332576855155579,0.7781623189153596,0.13567325422248558,0.7293524691144373,0.0,0.0,0.3275273848610574,0.0,0.0,0.0,0.10493471743166673,0.09248762213593938,0.1787034384297104,0.0,0.23379831575427826,0.04463056437696419,0.0,0.022185435257887895,0.06220570887341612,0.05756994387596736,0.0,0.0,0.0,0.0,0.15072796341235806,0.004964961199522607,0.0,0.17909195919746973,0.0,0.0,0.0,0.0,1.0
gex_possorted_bam_SJSO3:CAATAGCTCACCTGCTx-M1,0.0,0.0,0.18391270482884509,0.0,0.5087912262523734,0.24174244191110106,0.0,0.0,0.0,0.0,0.9609681945383332,0.0,0.0,0.0,0.0,0.0,0.9973948710186039,1.0,0.0,1.0,0.5427399296316215,0.6823005957340719,0.1477757676893072,0.6343384216732438,0.0,0.0,0.5206443930713536,0.0,0.0,0.0,0.0,0.2420658375363523,0.13941643120165864,0.0,0.2044188709795947,0.0,0.0,0.04519092754343814,0.0,0.0,0.16373159717823027,0.0,0.0,0.0,0.061023127704656475,0.0,0.0,0.23968099686528768,0.0,0.0515093992496336,0.0,0.0,1.0
gex_possorted_bam_SJSO3:CAATAGCTCGTTTCCAx-M1,0.0,0.3049129967423389,1.0,0.1373947877839263,0.0,0.0,1.0,0.0,1.0,0.23377528670335151,1.0,1.0,0.8046931376956642,1.0,0.0,1.0,1.0,0.010488393497606288,1.0,0.0,0.0,0.0,0.0,0.0,1.0,0.2889782854078551,1.0,0.766019848571343,0.4659474732134896,0.2079644971412349,1.0,0.0,0.0,0.1292627178827609,1.0,0.0,1.0,0.0,0.0,1.0,0.0,1.0,1.0,1.0,0.0,0.0696319278192888,1.0,1.0,0.3157823527794856,0.0,0.632314475640354,0.17967878640664883,0.0
gex_possorted_bam_SJSO3:CACAATATCAAACCGTx-M1,0.06002782063230442,0.0,0.0,0.0,0.11178679754540491,0.08524594867421743,0.0,0.022328025885764394,0.0,0.0,0.6828205566991418,0.0,0.0,0.0,0.012176471076349357,0.0,0.6478501779257072,0.6288191873408411,0.0,1.0,0.5539312530668928,0.6548435136639335,0.128632140142442,0.6581927956761947,0.0,0.0,0.4465884767718693,0.0,0.0,0.0,0.017485297741063405,0.007324499104754578,0.16662829442234237,0.0,0.283883750368226,0.028624097965614506,0.0,0.05197421879190777,0.010768649895934715,0.12343929211842883,0.0,0.0,0.0,0.0,0.07586611732416204,0.007882870009305947,0.0,0.10654295322998758,0.0,0.0,0.0,0.0,0.8083397355568475
gex_possorted_bam_SJSO3:CAAGGTAAGGCTATGTx-M1,0.0,0.3383150546139029,1.0,0.08023931733731132,0.0,0.08395571336783303,1.0,0.0,1.0,0.0,1.0,0.5093008691250124,0.7243980638059339,1.0,0.0,1.0,1.0,1.0,1.0,0.0,0.0,0.0,0.0,0.0,1.0,0.1691788791020121,1.0,0.37463115365248373,0.22496806521978854,0.1479477413140177,1.0,0.0,0.0,0.04420747550494072,1.0,0.0,1.0,0.0,0.0,1.0,0.0,1.0,1.0,1.0,0.0,0.0,1.0,1.0,0.19903322853780164,0.0,0.5442491213543561,0.11410598536290927,0.0
gex_possorted_bam_SJSO3:CAATGTGGTATTGTCCx-M1,0.0,0.0,0.288179291747603,0.0,0.0,0.0,1.0,0.0,1.0,0.0,1.0,0.5304839861204592,0.2244852051173808,1.0,0.0,1.0,1.0,0.14641736658048288,0.7256048717600242,0.0,0.0,0.0,0.0,0.0,1.0,0.04302277056791977,1.0,0.051036226070071,0.21563224203453116,0.0,0.055040021953416285,0.0,0.0,0.026344871562993682,1.0,0.0,1.0,0.0,0.0,1.0,0.0,1.0,1.0,1.0,0.0,0.0,1.0,1.0,0.0,0.0,0.24554590131335907,0.0,0.0
gex_possorted_bam_SJSO3:CAAGGTAAGGTGTTACx-M1,0.06533686462561543,0.0,0.0,0.0,0.3074115049500275,0.1432953157164245,0.0,0.0,0.0,0.0,0.8124383277504227,0.0,0.0,0.0,0.0,0.0,0.727473578889374,1.0,0.0,0.7463550106579038,0.5633441311742452,0.6921454298473426,0.13493345032018478,0.5985232839791056,0.0,0.0,0.3893866227703516,0.0,0.02046613761164747,0.0,0.0,0.0,0.13809507033024626,0.0,0.23142606286465534,0.015444598168104487,0.0,0.10234193373182478,0.02119300422352124,0.0,0.0,0.0,0.0,0.0,0.036912935011272435,0.0,0.0,0.1677809788814873,0.0,0.0,0.0,0.009883370989823885,0.5671381556395854
gex_possorted_bam_SJSO3:CAATCCTGTTTGTGGAx-M1,0.0,0.0,0.2113427289422785,0.0,0.0,0.0,0.6845672841697779,0.0,0.9832887078891762,0.0,1.0,0.5211515516856171,0.046986555024024435,1.0,0.0,1.0,1.0,0.31280706225878785,0.6128292127473166,0.0,0.0,0.0,0.0,0.0,0.9558296726301327,0.0,1.0,0.0,0.01645645102260948,0.0,0.0,0.0,0.0,0.0,1.0,0.0,1.0,0.0,0.0,1.0,0.0,1.0,0.9365666345913438,0.977998442059335,0.0,0.0,0.8981851985031526,1.0,0.0,0.0,0.14688392129290037,0.0,0.0
gex_possorted_bam_SJSO3:CAATGCCCAATAAGCAx-M1,0.06301012969868001,0.0,0.0,0.0,0.3213441322750426,0.288077448208225,0.0,0.0,0.0,0.0,1.0,0.0,0.0,0.0,0.0,0.0,0.9745647094544265,1.0,0.0,0.8884725281667093,0.5823162788134266,0.8270726419244143,0.15138109869462169,0.6898672005241466,0.0,0.0,0.41006043746939586,0.0,0.0,0.001567929515642365,0.0,0.09608429889863448,0.14093430012003505,0.0,0.1818647555045911,0.0,0.0,0.05257486035782146,0.0,0.0,0.0,0.0,0.0,0.0,0.051348099304502466,0.0,0.0,0.24228075595112836,0.0,0.0,0.0,0.0,0.9040106283769043
gex_possorted_bam_SJSO3:CAATCCCTCAGGCCTAx-M1,0.1114797053863989,0.0,0.0,0.0,0.3971031262621676,0.4798348823328566,0.0,0.0,0.0,0.0,1.0,0.0,0.0,0.0,0.05392968800936008,0.0,0.9543059053129467,1.0,0.0,1.0,0.8186191917380811,0.8985647178805516,0.20544604981072395,0.821129694851334,0.0,0.0,0.3740437972591147,0.0,0.0,0.10164161982331942,0.18471080920907387,0.15653300050410354,0.21637991150990935,0.0,0.2562919574071219,0.0795308496669822,0.0,0.07945546095095458,0.07152675791163148,0.053563990781866355,0.0,0.0,0.0,0.0,0.19733657839247662,0.034471947312399984,0.0,0.07017704579926778,0.0,0.07089903027067065,0.0,0.0365018902016335,1.0
gex_possorted_bam_SJSO3:CAATGCCCACCACAACx-M1,0.08201939357164471,0.0,0.0,0.0,0.44729822245021517,0.36665917400351133,0.0,0.0,0.0,0.0,1.0,0.0,0.0,0.0,0.0,0.0,1.0,1.0,0.0,1.0,0.7608597844304016,0.8003749283831411,0.20446466070576452,0.7115159408104953,0.0,0.0,0.5032417036142302,0.0,0.0,0.03153964852878954,0.0,0.2826347005390234,0.209444236154037,0.0,0.22184743900319143,0.0,0.0,0.04147446755642176,0.0,0.0,0.0,0.0,0.0,0.0,0.1280257106632368,0.0,0.0,0.301946034349769,0.0,0.01599096669329577,0.0,0.0,1.0
gex_possorted_bam_SJSO3:CAATGAACATGCATATx-M1,0.0,0.0752973017488066,1.0,0.04817857940011804,0.0,0.0,1.0,0.0,1.0,0.0,1.0,0.8330133273370125,0.5893852447713014,1.0,0.0,1.0,1.0,0.0,0.7744011636793763,0.0,0.0,0.0,0.0,0.0,1.0,0.14494125566746385,1.0,0.4441873642541199,0.13880840318260412,0.11693877163792377,1.0,0.0,0.0,0.03928533512314027,1.0,0.0,1.0,0.0,0.0,1.0,0.0,1.0,1.0,1.0,0.0,0.0,1.0,1.0,0.18649659388839956,0.0,0.42828359981641917,0.08149586696479792,0.0
gex_possorted_bam_SJSO3:CAATCCTGTGGAAACGx-M1,0.14092262646480186,0.1548094719209808,1.0,0.10186262620707555,1.0,1.0,0.0,0.043049797326478706,0.0,0.6609681941618931,1.0,0.0,0.16529264239891647,0.0,0.43961142602446945,0.02704830986259938,1.0,1.0,0.0,1.0,0.9262410210853244,1.0,0.38859291135619706,0.7694125576653833,0.0,0.13253116206224155,0.32828524648409835,0.21394226394229765,0.0,0.3607548013410891,1.0,0.46259822759385355,0.36026189355186466,0.04653398992853771,0.26038768080750424,0.2762848142776152,0.0,0.0580671215142551,0.2986822333566318,0.42511704216841234,0.21197549653160097,0.0,0.03232310379211573,1.0,0.4091028454121524,0.2096395635427375,0.42859468717083504,0.06170574072977711,0.30757948971337945,0.7049764469971507,0.0,0.19149317961975032,1.0
gex_possorted_bam_SJSO3:CAATATGTCATTCATCx-M1,0.40897084245443416,0.16221673945575837,0.5952139135639235,0.24580197763713416,1.0,1.0,0.0,0.18709123368799965,0.0,0.5736905992820112,1.0,0.0,0.2180870524044229,0.0,0.3929029091387569,0.12033855785796384,1.0,1.0,0.46774938576747654,1.0,1.0,1.0,0.5586710898200189,1.0,0.0,0.1704335107963114,0.2261858155304384,0.38841366308947434,0.029895508558609202,0.5692309221818316,1.0,0.47501371623914934,0.5188292852870714,0.12463876446123534,0.1676137702291286,0.46372272128880404,0.0,0.2703358245872755,0.4367661222242845,0.18824410719184118,0.0,0.0,0.09508612827285653,0.7947276685246886,0.6536049335290615,0.3696795151587249,0.1902962584793079,0.16082754557640044,0.38396040457377906,0.5921956793757945,0.0,0.39932436972713575,1.0
gex_possorted_bam_SJSO3:CAATGTCAGTCATCCCx-M1,0.0,0.026012268982057614,1.0,0.0,0.0,0.0,1.0,0.0,1.0,0.0,0.7081929358212079,1.0,0.3587749492098114,1.0,0.0,1.0,0.8346849709203324,0.0,0.26533178331491286,0.0,0.0,0.0,0.0,0.0,1.0,0.05805049642351391,1.0,0.1556523265866311,0.00829588679898738,0.0,0.9159986805304777,0.0,0.0,0.0,1.0,0.0,1.0,0.0,0.0,1.0,0.0,1.0,1.0,1.0,0.0,0.0,1.0,1.0,0.08976845266921524,0.0,0.30166925360566493,0.009501099440902017,0.0
gex_possorted_bam_SJSO3:CACAAGCGTGATTACGx-M1,0.2063923910976135,0.0,0.2211341370930257,0.00650596386770294,0.5776247476849034,0.9659726700994872,0.0,0.030866773571276367,0.0,0.0,1.0,0.0,0.0,0.0,0.10138871930799932,0.0,1.0,1.0,0.0,1.0,1.0,1.0,0.3350904995838031,0.84150987502211,0.0,0.0,0.3363651115901514,0.0,0.0,0.15049019334857172,0.2622038983756986,0.3400224522989112,0.33338963419116,0.0,0.18829571937348807,0.09092897167369682,0.0,0.13771167201440943,0.10890286587134486,0.0,0.0,0.0,0.0,0.0,0.27816432483074616,0.1320200817512445,0.01596005914466108,0.2527080177251557,0.03633811313455987,0.24338328120568822,0.0,0.11777748191366844,1.0
gex_possorted_bam_SJSO3:CACAATATCAAACTCAx-M1,0.0,0.0,0.0,0.0,0.12966705873996098,0.0,0.0,0.0,0.0,0.0,0.5681868483630171,0.0,0.0,0.0,0.0,0.0,0.6363379612113191,0.5166475586823541,0.0,1.0,0.3632321313875856,0.5574293574724456,0.0819480741381742,0.5457630962024079,0.0,0.0,0.4801493627720152,0.0,0.0,0.0,0.0,0.05161947345285725,0.08855790160648358,0.0,0.26319651628148344,0.0,0.0,0.0,0.0,0.0016605506513869017,0.0,0.0,0.0,0.0,0.0,0.0,0.0,0.3421175175205457,0.0,0.0,0.0,0.0,0.6189142121558328
gex_possorted_bam_SJSO3:CAATGCCCAAGCCACTx-M1,0.0,0.0,0.0816424157934965,0.0,0.0,0.0,0.0,0.0319789372020541,0.0,0.0,0.18159912658798197,0.0,0.0,0.0,0.0879283342599365,0.0,0.6403675174979633,0.2200040143683026,0.0,1.0,0.26647298400592556,0.36146974668523424,0.0,0.6464270865577658,0.0,0.0,0.3433310874775413,0.0,0.0,0.0,0.0,0.0,0.06039779793377857,0.026535693939140414,0.3173477916452053,0.0,0.0,0.0,0.05590702305044895,0.1976752110498848,0.15004506613668753,0.35270318173079174,0.0,0.0,0.0,0.0,0.0,0.09630494625059481,0.0,0.0,0.0,0.0,0.3335000142813557
gex_possorted_bam_SJSO3:CAAGTAACATAATTGCx-M1,0.0,1.0,1.0,0.5753627655211689,0.0,0.26892938649040127,1.0,0.18539594799668518,1.0,0.6100153667577491,1.0,1.0,1.0,1.0,0.0317583735091864,1.0,1.0,0.8935764151066907,1.0,0.0,0.0,0.0,0.0,0.0,1.0,0.7960480514024614,1.0,1.0,1.0,0.8680347419483132,1.0,0.0,0.0,0.4623655744725807,1.0,0.0,1.0,0.0,0.0,1.0,0.0,1.0,1.0,1.0,0.0,0.3391568937840531,1.0,1.0,0.8123299186052171,0.3633895332447365,1.0,0.6627119738795556,0.0
gex_possorted_bam_SJSO3:CAATCGCCAGGCTAGAx-M1,0.0,0.28698636163734126,1.0,0.02504797152450004,0.0,0.0,1.0,0.0,1.0,0.044812098027116935,0.835547896786484,0.9303355243855232,0.37442480021076846,1.0,0.0,1.0,1.0,0.0,0.4859005906532494,0.0,0.0,0.0,0.0,0.0,1.0,0.10589783730825732,1.0,0.2848663425952563,0.25204462152421364,0.0,0.9433584676513692,0.0,0.0,0.03975836936016152,1.0,0.0,1.0,0.0,0.0,1.0,0.08148766676563345,1.0,1.0,1.0,0.0,0.0,1.0,1.0,0.12896668578875256,0.0,0.28007483188098264,0.027579045262786428,0.0
gex_possorted_bam_SJSO3:CAAGTATGTTGTTGTCx-M1,0.0278926032601482,0.135961896637139,1.0,0.060226788736031274,0.7983046697785848,0.8883101189610754,1.0,0.35252535458049694,0.46767844666563746,0.24971111902435256,1.0,0.0,0.13027795386783192,0.0,0.06171862638294036,0.09145408116671935,1.0,1.0,0.0013630807753208427,1.0,0.73701537138598,0.7107485764064881,0.15763964425191376,0.3478393271698683,0.15656554731538833,0.055094164760905576,0.7469062684062976,0.10543111961279102,0.020617065970679724,0.0,0.6837663804935261,0.5630126140983593,0.20921976613190946,0.00940448888376989,0.5552155442272536,0.10476692566468586,0.013303065537761475,0.012954892763104738,0.222147100087653,0.5961205231869959,0.8000948983889798,0.0,0.2626405440299204,1.0,0.07432531356593056,0.14900865970715468,0.778707636488307,0.3796417178571064,0.1797650000376633,0.2590130873223478,0.0,0.0,1.0
gex_possorted_bam_SJSO3:CACTAGCCATGTCAATx-M1,0.0,0.0,0.496321673375073,0.0,0.23896813416696802,0.11593980991068978,0.0,0.04294961073997567,0.0,0.08607021465192966,0.4362629501129316,0.0,0.0,0.0,0.08826340028189285,0.0,0.6499886103412335,0.3249510877309214,0.0,1.0,0.5489712629644482,0.6230972176439888,0.1018419650101638,0.7117314007414395,0.0,0.0,0.2386316355995441,0.0,0.0,0.009224998950689548,0.6180863280869964,0.0,0.09150332568443377,0.0,0.18086930585958985,0.036808099181606206,0.0,0.0,0.03638752072553169,0.33366293241183864,0.0,0.0,0.0,0.0,0.036583638802512745,0.0,0.0,0.0005953202810968952,0.0,0.07094121383278129,0.0,0.0,0.9369165635650337
gex_possorted_bam_SJSO3:CACCTCAGTGCAATATx-M1,0.003252704279522221,0.11657926313615288,1.0,0.043554554518212794,0.7460699459867897,0.7831642251100113,1.0,0.46787994355847223,0.5765249726067838,0.13136660977724804,1.0,0.0,0.11052473271311246,0.023976963163423032,0.0,0.0,1.0,1.0,0.052693478024862545,1.0,0.7596367924659917,0.7211341441570217,0.13029878165232767,0.3632705398087246,0.09787398422152242,0.00393652791899084,0.8337037356295717,0.006385495680656888,0.14423653813758894,0.0,0.22431648156513959,0.5444348668196873,0.17340575145203813,0.0,0.5487190889602072,0.07110753063883356,0.0,0.0,0.21263491489197986,0.46877271959722905,0.9524814137655974,0.0,0.0,1.0,0.0613754949242146,0.10618154905276478,0.5764038110296443,0.35191121683695203,0.10214887963974877,0.1473051383051348,0.0,0.0,1.0
gex_possorted_bam_SJSO3:CACATAATCGGTTTGGx-M1,0.0,0.696309282406569,0.9942786640207923,0.29503324955869553,0.0,0.38227950196879273,1.0,0.0,1.0,0.1705608499065738,1.0,0.8690903494069383,1.0,1.0,0.0,1.0,1.0,1.0,1.0,0.0,0.0,0.0,0.0,0.0,1.0,0.38487717432093743,1.0,0.7759096758605906,0.8008210391447774,0.4059687679124825,1.0,0.15028167779099258,0.0,0.2745713432113071,1.0,0.0,1.0,0.0,0.0,1.0,0.0,1.0,1.0,1.0,0.0,0.13731639872255497,1.0,1.0,0.4185078314225549,0.04705623458768528,0.8944535962353742,0.3056830699337752,0.0
gex_possorted_bam_SJSO3:CACATTAAGGAAGCTAx-M1,0.01830944203814669,0.0,1.0,0.0,0.7812134510070842,0.7282626144328452,0.586750545275542,0.25727488938089044,0.04449854426640339,0.035873055274182594,1.0,0.0,0.0,0.0,0.0,0.0,1.0,1.0,0.0,1.0,0.782645826249716,0.7880702249396636,0.14852375603274962,0.4949439148434541,0.0,0.002306450935927112,0.7683725585577558,0.0,0.0,0.0,0.0,0.5524439379873874,0.19066353682438997,0.0,0.40585964127743285,0.02765940823062402,0.0,0.0,0.09948333989721675,0.28096538386351355,0.629381630919262,0.0,0.0,0.9823411385790985,0.10851547199935677,0.016747214455703898,0.42510906440673996,0.40254409486069964,0.013417834702048125,0.13971119304086893,0.0,0.0,1.0
gex_possorted_bam_SJSO3:CACATTAAGTAAGTCCx-M1,0.040732733940870944,0.27173226169258236,1.0,0.10377996192869138,0.20375918811387342,0.4774248078534899,0.7869697314653377,0.1474677250993294,0.23247693741492756,0.4601936161774167,0.8055703312017675,0.0,0.3037504567533049,0.25775522792454963,0.15755354007845107,0.9197533486239987,1.0,0.5931250860113043,0.0,1.0,0.42460347819194827,0.28193548583308126,0.1013809035817561,0.34151280165115255,0.43124815807915734,0.06434155572351173,0.8399351985738682,0.3063075214240863,0.004157389462978031,0.15023674548398785,1.0,0.07320703698045689,0.12707513528387998,0.11597761668869852,0.9014128782791538,0.13262417132167184,0.9583190364550801,0.017771933893732998,0.0903492455342573,0.974548264841836,0.0,0.7320386642045824,0.5115416057107617,1.0,0.18970906110030875,0.14874734993333097,0.5142216590219599,1.0,0.2778518474949228,0.2656308369418128,0.233485149862196,0.11627664899113152,1.0
gex_possorted_bam_SJSO3:CACTTTGTCTTAGGACx-M1,0.0,0.0,0.38205827898697736,0.0,0.0,0.0,0.667885536919194,0.0,1.0,0.0,1.0,0.5101561956938936,0.12283824651719491,1.0,0.0,1.0,1.0,0.1596695772993486,0.5660861740457508,0.0,0.0,0.0,0.0,0.0,1.0,0.012361385647582792,1.0,0.004343616814787,0.005817827457110754,0.0,0.0009895106091115295,0.0,0.0,0.0,1.0,0.0,1.0,0.0,0.0,1.0,0.0,1.0,1.0,1.0,0.0,0.0,1.0,1.0,0.0,0.0,0.13053727840674287,0.0,0.0
gex_possorted_bam_SJSO3:CACTAAGGTTTCGCCAx-M1,0.00042108796580887466,0.09352486715050731,0.45172162828119244,0.0,0.2423004479082141,0.013106619153545279,0.0,0.03930868303465393,0.0,0.22167696431537187,0.24279137476601134,0.0,0.0,0.0,0.2102500074088738,0.0,0.3715223591452418,0.0,0.0,1.0,0.44706853466121477,0.6300425582471691,0.1242029979887125,0.6139316947257993,0.0,0.0,0.3400702270000672,0.0,0.0,0.0,0.8739622021458666,0.0,0.15048447596961992,0.04582976360613926,0.3393124578002254,0.11764461766741972,0.09040921368556552,0.0,0.09943081886472993,0.4455046214274082,0.0,0.0,0.0,0.0,0.05927398888288001,0.06637706136980537,0.0,0.0,0.04108117903181015,0.14690939438954653,0.0,0.0,1.0
gex_possorted_bam_SJSO3:CACTAAGGTAGCCTAAx-M1,0.08928851914860457,0.0,0.16923797031648247,0.0,0.35158416854774255,0.3968553729853874,0.0,0.0,0.0,0.0369489558119432,0.7559339181395976,0.0,0.0,0.0,0.1552290835637987,0.0,0.7211007602417981,0.7063838008593216,0.0,1.0,0.752426269280414,0.8767117479054769,0.2509081805835143,0.8384541681313171,0.0,0.0,0.2568745657099398,0.0,0.0,0.11834948212404248,0.4260327345942189,0.045672349755068245,0.23114863456534818,0.0,0.21182846269121938,0.1061710555800255,0.0,0.0193340898408497,0.09365233366814756,0.13373036590630466,0.0,0.0,0.0,0.0,0.04936712696447706,0.0878341330940973,0.0,0.0,0.036758077384549045,0.10195401103699421,0.0,0.029235058097303302,1.0
gex_possorted_bam_SJSO3:CACTAAGGTACTGATGx-M1,0.17276862375836485,0.0,0.7217633181085406,0.07920749078024268,1.0,1.0,0.0,0.0,0.0,0.49229623323586014,1.0,0.0,0.1011493942749157,0.0,0.3441971210894482,0.0,1.0,1.0,0.0,1.0,1.0,1.0,0.4002197275265425,0.8248967316880075,0.0,0.09703614035051354,0.3648816836094322,0.13457140291555097,0.0,0.4524592951965404,0.9180907077207545,0.4112404903818996,0.35627987836299535,0.0,0.27136721545009307,0.25725436523228357,0.0,0.06520469925550808,0.227599752878846,0.2331238816997666,0.0,0.0,0.0,0.6135872025349806,0.4667373797714348,0.18883881632663896,0.12792989203869623,0.019478133395871865,0.25016587052715017,0.5849093298024362,0.0,0.22487033552624525,1.0
gex_possorted_bam_SJSO3:CACTGACCATCTAGCAx-M1,0.02652989751452224,0.061353219979847815,0.6863833636882538,0.007263630600464172,0.3086240055292528,0.5204062373325313,0.0,0.04229914690394646,0.0,0.2637550413529502,0.6812980019036183,0.0,0.0,0.0,0.23900688373283957,0.0,0.6844934670762793,0.539972647073241,0.0,1.0,0.6023788989668144,0.7695917534046565,0.18439608374033628,0.7261274139597268,0.0,0.0,0.30025407754785616,0.0,0.0,0.08779330748883965,1.0,0.03905187951950655,0.17190203457002912,0.04073631355701677,0.23594054442314388,0.15941440010656396,0.005105971199667403,0.018015849588157384,0.12963954312414414,0.5021542599004173,0.0,0.0,0.0,0.25508853790402275,0.14737432621037616,0.1322834450399902,0.0,0.0,0.09740456714676965,0.20026972047097416,0.0,0.06254141786947978,1.0
gex_possorted_bam_SJSO3:CACCAACCAAATTCGTx-M1,0.10416566317736538,0.0,0.0,0.0,0.32072322399909803,0.24842948360209427,0.0,0.0,0.0,0.0,0.9733870729315005,0.0,0.0,0.0,0.0,0.0,0.871212458818172,1.0,0.0,1.0,0.6528671492637608,0.7662495901189782,0.19181776517861085,0.689328022402723,0.0,0.0,0.38482759096085456,0.0,0.0,0.025444646922836912,0.0,0.17409143287132833,0.19115209896944677,0.0,0.1558145169599381,0.01049014895402344,0.0,0.05667188559913513,0.0,0.0,0.0,0.0,0.0,0.0,0.07255094459362772,0.01801840058991569,0.0,0.25611318619299067,0.0,0.01663109221467779,0.0,0.0,0.8177883231185823
gex_possorted_bam_SJSO3:CACATTAAGCCTGACAx-M1,0.0,0.5323908008800142,1.0,0.19115905029249514,0.0,0.0,1.0,0.0,1.0,0.2184477443152583,1.0,1.0,1.0,1.0,0.0,1.0,1.0,0.4825149598776296,1.0,0.0,0.0,0.0,0.0,0.0,1.0,0.2967491137452262,1.0,0.7600194645747024,0.2736828013064338,0.3458092136767387,1.0,0.0,0.0,0.16416812388246455,1.0,0.0,1.0,0.0,0.0,1.0,0.014047918160941215,1.0,1.0,1.0,0.0,0.09857688501726575,1.0,1.0,0.3947978692234696,0.0,0.7231214893656279,0.2197989983429994,0.0
gex_possorted_bam_SJSO3:CACTAAGGTGCTTAGAx-M1,0.12705254357892656,0.7520315912471681,1.0,0.21996303933727307,0.0,0.29538898380467526,1.0,0.4538392891061175,0.2354318828441183,0.7331208908754877,0.0,0.5192544854395449,0.22862230130039254,0.25158780042854034,0.46394493013728344,1.0,0.21613629543295992,0.0,0.0,1.0,0.3259403626059171,0.24330649020159736,0.16954880716290568,0.477897462317496,0.36066126664199033,0.13749551424417228,0.37641968612900994,0.4919117259951632,0.49481356516200536,0.15519399435391887,1.0,0.0,0.21138270503366313,0.4631090407034735,0.6589833247430297,0.4410619601541054,0.9071071639611824,0.1637290984524442,0.3063346669723041,1.0,0.1460576526001961,0.6058111847194322,0.4927209499613997,1.0,0.24085349160390163,0.38562979369182665,0.1618420434571613,0.3543579021918383,0.4544909579552371,0.38378777598188885,0.41363088336517145,0.24523398869461946,0.7701222791921808
gex_possorted_bam_SJSO3:CACCAACCACTGGCCAx-M1,0.0,0.0,0.8025334470101224,0.0,0.4726578503085086,0.3383071810248056,0.6869457236719059,0.2485442716055717,0.2345030296264492,0.0,0.9007903061770753,0.0,0.0,0.0,0.0,0.0,1.0,1.0,0.0,1.0,0.5920472287801204,0.6039179998974262,0.07743562279609004,0.4397707439337462,0.0,0.0,0.6928762966203231,0.0,0.0,0.0,0.0,0.34833439299131025,0.13638137756004828,0.0,0.4672406376113833,0.004899819906078992,0.0,0.0,0.09994582798905736,0.33533295680075054,0.5913103937883764,0.0,0.0,0.6054384510654601,0.030662740623621343,0.0,0.08751867726297366,0.3191412292729325,0.0,0.062434413749625765,0.0,0.0,1.0
gex_possorted_bam_SJSO3:CACGCTAAGGCCTAATx-M1,0.0648127563642761,1.0,1.0,0.23887087269914237,0.0,0.47650512897631225,1.0,0.538171533336211,0.20989049204573257,1.0,0.0,1.0,0.0,0.16819042124857986,0.8050314242937565,0.6636794599580677,0.36889321430359057,0.0,0.0,1.0,0.41097265044828485,0.34313835798275794,0.21542946590376352,0.734377506188764,0.0,0.0007427643882390523,0.0,0.5813066496744181,0.4374286642892564,0.19887875217861947,1.0,0.0,0.2847881221303382,0.5544879323391609,0.5321919912942082,0.5609487749734244,0.527808216366318,0.16349857716473246,0.6117085060961356,1.0,0.6047455385975715,1.0,0.0,0.6760876785775717,0.2888226988956705,0.2904828901189548,0.0,0.0,0.4550208257782995,0.5275472475329228,0.06737569926763791,0.14813438297594037,0.7550294621165933
gex_possorted_bam_SJSO3:CACCTCAGTAACCAGCx-M1,0.0,0.0,0.08851163265470842,0.0,0.0,0.0,0.0,0.014568852322889804,0.0,0.0,0.17975946381011143,0.0,0.0,0.0,0.014130896426314913,0.0,0.4274500067227328,0.0,0.0,1.0,0.2955332987190203,0.38891816716759026,0.03649220070936633,0.5094834139299358,0.0,0.0,0.4231817528588552,0.0,0.0,0.0,0.04271917691891642,0.0,0.05460860677193707,0.0,0.35705119312110634,0.0,0.018000468439665386,0.0,0.0,0.265255043896221,0.0,0.11246171878525962,0.0,0.0,0.0,0.0,0.0,0.16415840895699674,0.0,0.0,0.0,0.0,0.4546804818739724
gex_possorted_bam_SJSO3:CAGAACCGTCCGGTTCx-M1,0.1465872099075637,0.20166504634665033,0.5395918569027895,0.10398002856744509,0.2838938828391165,0.6386933557726787,0.17090357905990594,0.1627344602657476,0.0,0.3351390350307027,0.6211087295282056,0.0,0.0,0.0,0.3358103186052825,0.03368443986764001,0.7699990020667263,0.6505603189283936,0.0,1.0,0.8326668986677652,0.7610542358473372,0.2590656744069333,0.7670828348773792,0.0,0.0,0.23914076282508578,0.16532132974483704,0.07889662599010035,0.1916745712226124,1.0,0.0,0.26619563048026923,0.09691090731750045,0.3655524462745236,0.27186133863132966,0.0,0.08929850926263032,0.2616979625998658,0.4791141450248109,0.0,0.15231533383948653,0.0,0.1961490606101909,0.23221061967449938,0.20110589539627827,0.0,0.0,0.17911016791831455,0.23526595559333668,0.00899228424576565,0.1331397166022721,1.0
gex_possorted_bam_SJSO3:CACGCTAAGTCTCACCx-M1,0.05698441750469115,0.0,0.0,0.0,0.21164647278488444,0.0,0.0,0.0,0.0,0.0,0.760656563469653,0.0,0.0,0.0,0.0,0.0,0.6932214964320658,0.859374771651405,0.0,0.9863427665319784,0.4901437451112999,0.65751152030055,0.1625517737138432,0.6619516139381828,0.0,0.0,0.45853044518252956,0.0,0.0,0.0,0.0,0.1798336762837248,0.16631086388651908,0.0,0.19364106428109118,0.0,0.0,0.044287403846926386,0.0,0.0,0.041935226411158946,0.0,0.0,0.0,0.037938772984292456,0.0,0.0,0.3956611594917385,0.0,0.0,0.0,0.0,0.7395434581347015
gex_possorted_bam_SJSO3:CACCTCAGTCACAAATx-M1,0.0,0.5952561214108617,1.0,0.14717128587230496,0.0,0.0,1.0,0.0,1.0,0.19042883652179945,1.0,1.0,0.9288432111101962,1.0,0.0,1.0,1.0,0.0,1.0,0.0,0.0,0.0,0.0,0.0,1.0,0.2673086636848779,1.0,0.6892163790908278,0.6973503203340529,0.1596528815122917,1.0,0.0,0.0,0.08018047244811104,1.0,0.0,1.0,0.0,0.0,1.0,0.0,1.0,1.0,1.0,0.0,0.07627882343554525,1.0,1.0,0.3553740530642421,0.0,0.6791586602457147,0.22721584605206108,0.0
gex_possorted_bam_SJSO3:CACTTAAAGGTTTACAx-M1,0.34504958134119657,0.19248308854619867,0.5620623079378578,0.2867945986089214,0.8512880577693018,1.0,0.06860429931934572,0.2557218430891032,0.0,0.6910297210351938,1.0,0.0,0.15078744902479577,0.0,0.47941572554212214,0.2571007048476523,0.9901199799568062,1.0,0.03107125391229814,1.0,1.0,1.0,0.4440861307607059,0.9249507645241754,0.0,0.1345661518517565,0.19055327351464788,0.35578523401928597,0.135663816038584,0.46122559381532147,1.0,0.3469655378851198,0.4407936837942059,0.245824118326258,0.18815967444013437,0.4703594769019852,0.0,0.20584404041143067,0.3928863301656371,0.4636481927400031,0.0,0.0,0.17910236091677142,0.6632386546423865,0.6003865342357402,0.3594398532523207,0.023705481446331195,0.16819989678498273,0.3842623069742028,0.5113711674554507,0.08373701063327757,0.37232518341137466,1.0
gex_possorted_bam_SJSO3:CACAGGGAGCTTCTCAx-M1,0.10961223149599914,0.0,0.0,0.0,0.49758656758179187,0.2961934616115532,0.0,0.0496676192139149,0.0,0.0,0.8246702301821677,0.0,0.0,0.0,0.007046856088849607,0.0,0.9127925881827851,1.0,0.0,1.0,0.6993860084787368,0.7111277854715911,0.22648544202258963,0.6506854728931315,0.0,0.0,0.4900461993692715,0.0,0.0,0.0,0.0,0.22602976441872413,0.21339535507083843,0.0,0.2286050622197605,0.035109696962512815,0.0,0.06192542028493706,0.025387111673550317,0.0,0.037897475240290364,0.0,0.0,0.0,0.10332701539274004,0.00703149178227202,0.0,0.3338879009061897,0.0,0.12440221435437879,0.0,0.0,0.8748097828596847
gex_possorted_bam_SJSO3:CACTTTGTCGCAAACTx-M1,0.4067964180230775,0.11394774201523768,0.2953262746098015,0.33629178966300166,0.9260590162676667,1.0,0.0,0.23579604835068993,0.0,0.5565390224706488,1.0,0.0,0.14732862808237226,0.0,0.495808369775114,0.21228084168389122,1.0,1.0,0.45462999226665884,1.0,1.0,1.0,0.46260537882799285,1.0,0.043927161078394485,0.20584386749060032,0.29776119709111076,0.15656441012272396,0.3153200754141715,0.5748960273226105,1.0,0.4539280527629002,0.42282530955153363,0.3031105939002007,0.21493111600750486,0.4941866632124583,0.0,0.34669350964908335,0.4284261903133994,0.1823015491585713,0.032335360745612135,0.0,0.0,0.16663157887858443,0.5633238869965561,0.381142606897905,0.0,0.11457486054861675,0.40536500728084623,0.4903659038932306,0.0453104714730762,0.45890083596496567,1.0
gex_possorted_bam_SJSO3:CACCAACCACATTGCAx-M1,0.0894021008787647,1.0,1.0,0.1387789490282278,0.24331748407199144,0.5339834039716282,1.0,0.340318158718573,0.0,0.9956089618847552,0.0,0.6587436737011304,0.10399182226349221,0.0,0.6632149106845444,0.2811592956519651,0.22581268910429378,0.0,0.0,1.0,0.6161334925751005,0.6467775882414052,0.27798757134479307,0.7491212929874246,0.0,0.0,0.026545374510491007,0.3384952722018287,0.4437410255550351,0.1943674898231217,1.0,0.0,0.298704896197487,0.42034975562380295,0.4584244001094878,0.4873204142690601,0.46129198108118513,0.11602090505859797,0.48005525204537464,1.0,0.27795109718316935,0.4949303084501934,0.0,0.9886144791781794,0.2416982577624793,0.34161342610886264,0.0,0.0,0.4530508536330886,0.6123936843269322,0.23319268122992032,0.20051463525064472,1.0
gex_possorted_bam_SJSO3:CACCAACCAAGCCACTx-M1,0.0,0.0,0.33670281949637954,0.0,0.0,0.0,0.7324724093912448,0.0,0.7577941244804066,0.0,1.0,0.4586858770634474,0.13464671156946406,1.0,0.0,1.0,1.0,1.0,1.0,0.0,0.0,0.0,0.0,0.0,0.9669153852101474,0.005824770257275455,1.0,0.0,0.0,0.0,0.0,0.0,0.0,0.0,1.0,0.0,1.0,0.0,0.0,1.0,0.0,1.0,0.8233401020253192,0.72839791814736,0.0,0.0,0.9426352510312582,1.0,0.0,0.0,0.06052362063761849,0.0,0.0
gex_possorted_bam_SJSO3:CACTTAAAGATTCCTTx-M1,0.0,0.0,0.873122990817296,0.0,0.0,0.0,0.8781611009094801,0.0,1.0,0.0,0.8649674071360693,0.7479926548503107,0.23420379080378476,1.0,0.0,1.0,0.8320008390536211,0.0,0.37527534446762967,0.0,0.0,0.0,0.0,0.0,1.0,0.05264838046414606,1.0,0.06423651755826136,0.03636351904165486,0.0,0.3450376843727381,0.0,0.0,0.0,1.0,0.0,1.0,0.0,0.0,1.0,0.0,1.0,1.0,1.0,0.0,0.0,1.0,1.0,0.0,0.0,0.23329861445712533,0.0,0.0
gex_possorted_bam_SJSO3:CACTAAGGTATGGTGCx-M1,0.0,0.13332814353094644,0.0,0.0,0.0,0.24509835027419413,0.0,0.0507966788675264,0.0,0.0,0.6098543246328899,0.0584942808430889,0.0,0.0,0.20761104005177913,0.06183318137634775,1.0,0.7594000650641266,0.0,1.0,0.44031265500682176,0.42836258432887314,0.11338832098329926,0.5524713682117566,0.0,0.0,0.3451626129156074,0.0,0.0,0.0,0.01676389727752494,0.0,0.120602433174737,0.08904527480950626,0.42149701042662646,0.060541832558022056,0.0,0.017158762791738842,0.1253917228181987,0.24392996013137802,0.0,0.6095107127879392,0.0,0.0,0.027825915983724813,0.0,0.0,0.5514249709101163,0.0,0.0,0.0,0.0,0.20040557830665442
gex_possorted_bam_SJSO3:CACCTGTTCGCATTAAx-M1,0.005361699098625322,0.0,1.0,0.0016069628260159436,0.6987576423436819,0.6359939194974225,1.0,0.37063158423773773,0.3804315097603661,0.0,1.0,0.0,0.045479679257528036,0.0,0.0,0.0,1.0,1.0,0.0,1.0,0.7133162088492628,0.7141401604224554,0.09503587896726678,0.41761975508198407,0.0,0.0,0.8424273026504135,0.0,0.0,0.0,0.0,0.6357702841731179,0.17228675029657117,0.0,0.4960368537908446,0.02931948123117993,0.0,0.0,0.14114538631222268,0.3378855505854441,0.8015737809915493,0.0,0.0,1.0,0.03474113636767855,0.06880267017578956,0.38063078679434004,0.32750009210351877,0.06201987812776897,0.0853886508246077,0.0,0.0,1.0
gex_possorted_bam_SJSO3:CACTTTGTCAAACCGTx-M1,0.0,0.04766215941515779,0.0,0.0,0.0,0.0,0.0,0.0684400478168461,0.0,0.0,0.04591063078098688,0.3483764765360033,0.0,0.0,0.14324003210116845,0.0,0.5337878268021442,0.0,0.0,0.982449911837694,0.27335684304860736,0.27946875959254663,0.029289755181874436,0.4704618794668593,0.0,0.0,0.3654555303975428,0.0,0.0,0.0,0.0,0.0,0.06423813125291009,0.0509157288184798,0.34761124329586807,0.016166550427307882,0.0,0.006467719913366678,0.10507256757327257,0.2859485254455409,0.138970657171072,0.4702980163465802,0.0,0.0,0.0,0.0,0.0,0.12655839380085956,0.0,0.0,0.0,0.0,0.08538414971933109
gex_possorted_bam_SJSO3:CACAATATCTCGCCTGx-M1,0.0,0.2764014491473539,0.8929094422342608,0.0,0.0,0.0,1.0,0.0,0.8443255343083131,0.0,1.0,0.9649679311081073,0.16525231461654577,1.0,0.0,1.0,1.0,0.34505457455307625,0.6903260977070309,0.0,0.0,0.0,0.0,0.0,1.0,0.008776990630700506,1.0,0.12311471197803413,0.0,0.0,0.34960358849850853,0.0,0.0,0.0007018766049808225,1.0,0.0,1.0,0.0,0.0,1.0,0.08023047679857745,1.0,0.8645645778793671,1.0,0.0,0.0,0.8866382184061118,1.0,0.01784281092248431,0.0,0.11180369416646191,0.0,0.0
gex_possorted_bam_SJSO3:CACCTGTTCGCTAAGTx-M1,0.21090762481927824,0.9851300215778488,0.3849164699181915,0.29907453980698817,0.0,0.49376982550159854,1.0,0.5031475869687254,0.007784275197887198,0.7201665082964684,0.0,1.0,0.0,0.29987471213038075,0.7165977787603591,0.7233086824175422,0.4827638476806735,0.0,0.0,1.0,0.4906420660838858,0.40630848407750486,0.27511662685582233,0.7213514195093983,0.0,0.04114273113676162,0.1442857227895324,0.5275636229611557,0.3862835903908456,0.2690138254947385,1.0,0.0,0.3472317391615923,0.5059604622620302,0.5306523975646446,0.5168010613206162,0.42337355360398443,0.2365457503380652,0.5583467654022216,0.8422033304749433,0.6106013151733144,0.9662949220891112,0.0,0.24128197907553234,0.33697650715412736,0.2894103347453852,0.0,0.0,0.3631843539012879,0.35352414363186474,0.0,0.23024439888511528,0.47404106183906247
gex_possorted_bam_SJSO3:CACTTAAAGCTTATGAx-M1,0.0,0.5410165353747609,1.0,0.15379193842940062,0.12201656930993152,0.30340423276111833,1.0,0.29082861741728605,1.0,0.19168287168077686,1.0,0.3208799883914324,0.9850485390934044,1.0,0.0,1.0,1.0,1.0,1.0,0.0,0.0,0.0,0.0,0.0,1.0,0.27480938622428064,1.0,0.44033278926133834,0.45859828367712946,0.0,0.9502328860482879,0.2891288691654036,0.0,0.10010997124370395,1.0,0.0,1.0,0.0,0.0,1.0,0.6294270081183748,1.0,1.0,1.0,0.0,0.09091232176341714,1.0,1.0,0.30784384649725843,0.20646992253298277,0.3462210668523622,0.07140986209604952,0.5349176340722845
gex_possorted_bam_SJSO3:CACGCAATCATGCTCCx-M1,0.08657827399719382,0.0,0.1849598291000071,0.07981009673790196,0.5350512670417725,0.940998297285948,0.0,0.0,0.0,0.29610137263272923,0.9944598829767197,0.14889127622180562,0.05670031747838085,0.0,0.09431620125109205,0.14227954005593763,1.0,1.0,0.010234313488225415,1.0,0.7229211779991173,0.8575778468949923,0.21576842444209648,0.558958182951877,0.0,0.09930096890948903,0.3055727273815021,1.0,1.0,0.33541446253859664,0.8486221723837565,0.0,0.2281422721068821,0.0,0.27944557963462063,0.16338537391510458,0.0,0.07809650525004307,0.11575069948975596,0.31065348243147534,0.0,0.0,0.0,0.5159699107351021,0.3381993145668453,0.10226883305827088,0.14082118712002295,0.41324914738489804,0.07967562120156367,0.3802416529609168,0.0,0.10921124993894332,1.0
gex_possorted_bam_SJSO3:CACCTGTTCTAATCTCx-M1,0.0,0.0,0.0,0.0,0.0,0.0,0.0,0.0,0.0,0.0,0.9319430187245423,0.0,0.23795913439139285,1.0,0.0,1.0,0.6463384696913508,0.24390436745612362,0.5995847477713354,0.0,0.0,0.0,0.0,0.0,0.8820561050353177,0.0,1.0,0.0,0.5134452537711081,0.0,0.0,0.08274816689890716,0.0,0.03351713262382293,1.0,0.0,1.0,0.0,0.0,1.0,0.11029658075372659,0.0,0.3025864925594946,0.0,0.0,0.0,0.6291696909597565,1.0,0.0,0.0,0.37506485217724395,0.0,0.0
gex_possorted_bam_SJSO3:CACTAGCCAGGCATCTx-M1,0.020227899096556676,0.0,0.0,0.0,0.2398478347260829,0.325417755714597,0.0,0.0,0.0,0.0,1.0,0.0,0.0,0.0,0.0,0.0,1.0,1.0,0.0,1.0,0.6194089938129252,0.7250095242905655,0.13904860380494807,0.6733608026074897,0.0,0.0,0.40327199173313494,0.0,0.0,0.0,0.0,0.1337571498184879,0.12374712008535632,0.0,0.23136436361319068,0.0,0.0,0.06332050096686662,0.0,0.0,0.0,0.0,0.0,0.0,0.057963686990730214,0.0,0.0,0.15161620909919962,0.0,0.0,0.0,0.0,0.9640334133119731
gex_possorted_bam_SJSO3:CAGCTCAAGGCTAATCx-M1,0.0,0.0,0.8819830917014831,0.0052428136162179445,0.5056299245878201,0.42338002290760046,1.0,0.2652124514612455,0.8159362226661526,0.0,1.0,0.0,0.1599000640372249,0.3133237098708862,0.0,0.15841818071320338,1.0,1.0,0.27406037715463155,1.0,0.33341915545346545,0.3213579207053715,0.0012191361342973669,0.0,0.5290207317336704,0.03073371410310234,1.0,0.0,0.0,0.0,0.0,0.53526499657966,0.0,0.0,0.8869330273706403,0.0,0.5526076151644094,0.0,0.0,0.6089433633223984,0.6181223486880593,0.4367418898843514,0.12621501536529994,1.0,0.0,0.01617144511007544,0.8982323484814453,1.0,0.0,0.010715000773794827,0.0,0.0,1.0
gex_possorted_bam_SJSO3:CAGCCTAAGCCTGGTAx-M1,0.2017316171344752,0.0,0.14849672125830896,0.03148247811093099,0.7380548315997351,1.0,0.0,0.0,0.0,0.01395495746969593,1.0,0.0,0.0,0.0,0.190920874413069,0.0,1.0,1.0,0.16150556809762026,1.0,1.0,1.0,0.32608424305231404,0.9700851835875359,0.0,0.0,0.23462608650733957,0.0,0.0,0.24214353666957109,0.21849387474379153,0.19592572673697373,0.31415929801852066,0.0,0.1297555355342094,0.1304610372061876,0.0,0.10380851038600859,0.10998411232707157,0.0,0.0,0.0,0.0,0.0,0.3691880156927482,0.05946790471913639,0.0,0.19605892197546668,0.0,0.1694335999385155,0.0,0.11282249206022858,1.0
gex_possorted_bam_SJSO3:CAGCATGTCTCCATATx-M1,0.0,0.07038096122007312,0.10461446231132131,0.0,0.0,0.0,0.24317517117934284,0.131732791667842,0.0,0.1374831080121706,0.0,0.3108671921308812,0.0,0.0,0.16723945835798018,0.0,0.0,0.0,0.0,0.945177271332344,0.10314118795171953,0.19631547892523823,0.0,0.4030937845258557,0.0,0.0,0.3791550835778829,0.0,0.08867671410315436,0.0,0.20396959222112346,0.0,0.04860558662294648,0.1742441292347559,0.39518918218602045,0.045171000242825346,0.1843208100277332,0.0,0.09167420978111997,0.4614975249496626,0.09899972861717471,0.24270486182535983,0.0,0.0,0.0,0.0,0.0,0.0,0.0,0.0,0.0,0.0,0.15580556005944102
gex_possorted_bam_SJSO3:CAGAATCTCCTGGCTTx-M1,0.0,0.7378787612213453,1.0,0.3146050429338753,0.0,0.0,1.0,0.1818742396858565,1.0,0.42681909533157053,1.0,1.0,1.0,1.0,0.0,1.0,1.0,0.11323917201408334,1.0,0.0,0.0,0.0,0.0,0.0,1.0,0.45903460607640406,1.0,0.9497044916650519,0.8131798286898093,0.2729202377948567,1.0,0.0,0.0,0.2644795154353906,1.0,0.0,1.0,0.0,0.0,1.0,0.23134849802318527,1.0,1.0,1.0,0.0,0.16576590014747764,1.0,1.0,0.5386526154828449,0.23604404269752138,0.7869298516528271,0.3099271151791635,0.0
gex_possorted_bam_SJSO3:CAGCTAAGTGTCCAAAx-M1,0.0,0.2798058135084926,1.0,0.05737726235024271,0.0,0.0,1.0,0.0,1.0,0.018242240902746856,1.0,1.0,0.6798317656369036,1.0,0.0,1.0,1.0,0.0,0.7458410165036816,0.0,0.0,0.0,0.0,0.0,1.0,0.16484973093451566,1.0,0.3644224172155839,0.4427211028255905,0.07248449459323889,1.0,0.0,0.0,0.03917529685104723,1.0,0.0,1.0,0.0,0.0,1.0,0.0,1.0,1.0,1.0,0.0,0.0034398790843304322,1.0,1.0,0.19808419751793138,0.0,0.4372117746163259,0.11685886195976193,0.0
gex_possorted_bam_SJSO3:CAGCTCAAGCCTTAAAx-M1,0.0,0.44227692593425116,1.0,0.27811596432098395,0.0,0.0,1.0,0.13441906103998857,1.0,0.7262776842965792,0.9295596639572199,1.0,1.0,1.0,0.07451603932274596,1.0,1.0,0.11330741970045537,1.0,0.0,0.0,0.0,0.0,0.0,1.0,0.5574078708436104,1.0,1.0,0.35769657680206124,0.5570558815321879,1.0,0.0,0.0,0.30233647931077545,1.0,0.0,1.0,0.0,0.0,1.0,0.15910834210930308,1.0,1.0,1.0,0.0,0.18066433209903557,1.0,1.0,0.6668985750254255,0.00838588513762041,0.8107432643645256,0.3708561260200873,0.0
gex_possorted_bam_SJSO3:CAGCATGTCCTCACTAx-M1,0.2455198411691593,0.992702414107941,1.0,0.3430153434548907,0.10555250439116039,0.6963302478601812,1.0,0.5863175059857796,0.0,1.0,0.0,0.5688346151451418,0.2974877717216355,0.04664253554950247,0.7041176505453524,0.9189421104010648,0.0776332225925181,0.0,0.0,1.0,0.5937248485389319,0.5553249372408566,0.3328431998972276,0.7680067251401987,0.20062492601731052,0.17137169125094004,0.06551698776324144,0.7448237515490016,0.7074188502770387,0.3256124705593523,1.0,0.0,0.34232835564502395,0.6739447432110763,0.41507831867520273,0.6839512232377025,0.8103391646749856,0.2883213305219479,0.5405253973401447,1.0,0.22426456512365903,0.4367557385813207,0.24730475528369658,1.0,0.36929692949588705,0.5288784799371585,0.00607169588122369,0.0,0.60151707606798,0.5455789687773877,0.5078119109572367,0.4021853871684654,1.0
gex_possorted_bam_SJSO3:CAGCCTAAGAATCGCTx-M1,0.0813161607258875,0.07000299075548372,1.0,0.13732015753556057,1.0,1.0,1.0,0.44987367579486237,0.5635370949044732,0.33415569304247683,1.0,0.0,0.14078608580669022,0.0,0.09722154192296434,0.0,1.0,1.0,0.25344045125433634,1.0,0.9651576528474128,1.0,0.24559929340075992,0.5130700563541004,0.08073452021861047,0.08916538211337696,0.6314805895092543,0.041851195588201585,0.06249313899763054,0.0,0.6372173137193249,0.7212573104267357,0.29847473295156896,0.0016790946609542073,0.38896449148990253,0.18101655153094248,0.0,0.060550497741586606,0.33598029708210947,0.42956767320700884,0.9323427656402405,0.0,0.022164322850005493,1.0,0.22266312847964514,0.21340089320923203,0.7063263260840031,0.10500609822244823,0.22088091292009646,0.35022387663463095,0.0,0.0012115590152113368,1.0
gex_possorted_bam_SJSO3:CAGCTATAGTAACGAGx-M1,0.0,0.8124449777643445,1.0,0.09455109604852813,0.0,0.02682817856469953,1.0,0.0,1.0,0.2562494450860928,1.0,1.0,0.36600966553891684,1.0,0.0,1.0,1.0,0.8157048154456209,1.0,0.0,0.0,0.0,0.0,0.0,1.0,0.1138912850699681,1.0,0.4143177734329773,0.0,0.09981551447275322,1.0,0.0,0.0,0.10913450225630592,1.0,0.0,1.0,0.0,0.0,1.0,0.30549531584998085,1.0,1.0,1.0,0.0,0.0,1.0,1.0,0.22189677301358668,0.0,0.2915964161911362,0.06386118667016284,0.0
gex_possorted_bam_SJSO3:CAGCATGTCCTTGCGTx-M1,0.1059287441173701,0.0,0.0,0.08729331513621309,0.6442837887102779,0.4840290247252237,0.0,0.02800359160541709,0.0,0.0,1.0,0.0,0.0,0.4337765886922937,0.015717367467101655,0.7960168016006409,1.0,1.0,0.17378930870366407,0.9177795944321844,0.5554104713331925,0.6780178401751554,0.16952711015451005,0.718715868488959,0.0,0.0,0.6965955332405969,0.0,0.30362667475336647,0.37043551683212883,0.0,0.13317509882375483,0.18606933209012438,0.23665610187540592,0.21714161222890832,0.132772123574068,0.1143677047565096,0.23379419768627016,0.12881775056890232,0.42239017301234444,0.0,0.31857027996810117,0.0,0.0,0.31032268345973946,0.031084010076096517,0.0,0.6007170753367478,0.0,0.0,0.0,0.11581354099209994,0.7493031262390448
gex_possorted_bam_SJSO3:CAGCAAGCATGAATAGx-M1,0.0,0.1004934185932149,0.6843430274149318,0.009435297787365644,0.0,0.0,0.947770106534768,0.0,1.0,0.0,1.0,0.677900790780864,0.3990439013237777,1.0,0.0,1.0,1.0,0.23258074139917412,0.889566679387516,0.0,0.0,0.0,0.0,0.0,1.0,0.08985348209247059,1.0,0.11530881806431512,0.19129083623010157,0.025149849562711293,0.5498514073519601,0.0,0.0,0.0,1.0,0.0,1.0,0.0,0.0,1.0,0.0,1.0,1.0,1.0,0.0,0.0,1.0,1.0,0.04810382990012901,0.0,0.37158591326198975,0.06092427522131588,0.0
gex_possorted_bam_SJSO3:CAGGACACACAGCCATx-M1,0.0,0.0,0.0,0.0,0.0,0.0,0.48802640920981316,0.0,1.0,0.0,1.0,0.3392448093236999,0.05268934991126648,1.0,0.0,1.0,0.9723381976996182,0.4033749008967098,0.6394145604184649,0.0,0.0,0.0,0.0,0.0,1.0,0.0,1.0,0.0,0.1338436165510425,0.0,0.0,0.0,0.0,0.0,1.0,0.0,1.0,0.0,0.0,0.9934650823894471,0.0,1.0,0.7103353000722102,0.16772146943188251,0.0,0.0,0.841597719800179,1.0,0.0,0.0,0.2782628353551338,0.0,0.0
gex_possorted_bam_SJSO3:CAGCCTAAGGAGCATAx-M1,0.0,0.0,0.026377449606515564,0.0,0.00357363987649246,0.0,0.0,0.0,0.0,0.0,0.38021707214813005,0.0,0.0,0.0,0.003239401457829253,0.0,0.502687367215401,0.21136706176555484,0.0,1.0,0.4869607840262981,0.6156100202051301,0.05087136661937458,0.7096032161351498,0.0,0.0,0.29916288154061105,0.0,0.0,0.0,0.11890112193844948,0.0,0.1344923147717607,0.0,0.23887264026074898,0.006423036270332112,0.0,0.0,0.03608590859627761,0.11296650590888586,0.0,0.0,0.0,0.0,0.06384864152120667,0.0,0.0,0.07040140515278516,0.0,0.0005031989884258377,0.0,0.0,0.743985005460599
gex_possorted_bam_SJSO3:CAGGCTATCCTCCATAx-M1,0.10283005462558902,0.0,0.0,0.0,0.16218539555550185,0.4077996549700081,0.0,0.0,0.0,0.0,1.0,0.0,0.0,0.0,0.0,0.0,1.0,1.0,0.0,0.7087631041059116,0.6496640529648253,0.7678946437985313,0.1797479345472207,0.6717237393729103,0.0,0.0,0.3727631772106282,0.0,0.0,0.0,0.0,0.09334029961756757,0.14694905961725915,0.0,0.25233979193575773,0.0217015968679631,0.0,0.09099303476879958,0.0,0.0,0.0,0.0,0.0,0.0,0.0563012425610752,0.014757735980652541,0.0,0.4360044895868884,0.0,0.0,0.0,0.044753387732909114,0.7373160543866945
gex_possorted_bam_SJSO3:CAGGACACATTATGGTx-M1,0.0,0.5001521784328251,1.0,0.15302000730835075,0.0,0.0,1.0,0.0,1.0,0.12506498918932218,1.0,1.0,1.0,1.0,0.0,1.0,1.0,0.0,1.0,0.0,0.0,0.0,0.0,0.0,1.0,0.28884497341362075,1.0,0.6397987624405375,0.5701403485766612,0.23770128150172198,1.0,0.0,0.0,0.10537439581820311,1.0,0.0,1.0,0.0,0.0,1.0,0.0,1.0,1.0,1.0,0.0,0.08434531693725089,1.0,1.0,0.36082417189932725,0.0,0.7648271857289067,0.2210670237933874,0.0
gex_possorted_bam_SJSO3:CAGCATTAGGACGTAAx-M1,0.0,0.0,0.5078246212630015,0.0,0.0,0.0,1.0,0.0,1.0,0.0,1.0,0.8058208549803412,0.31969759157719013,1.0,0.0,1.0,1.0,0.0,0.6409853704261781,0.0,0.0,0.0,0.0,0.0,1.0,0.042433243173023896,1.0,0.20132376867697835,0.046230808274587566,0.0,0.14230373959874212,0.0,0.0,0.0,1.0,0.0,1.0,0.0,0.0,1.0,0.0,1.0,1.0,1.0,0.0,0.0,1.0,1.0,0.0,0.0,0.29556791817984696,0.0,0.0
gex_possorted_bam_SJSO3:CAGGAAGGTATTGTCCx-M1,0.0,0.0,0.22132343022734663,0.0,0.0,0.0,0.45402475317470503,0.0,0.8738100925935393,0.0,1.0,0.39698698496660195,0.0,1.0,0.0,1.0,1.0,0.1329108801864056,0.4705873814205883,0.0,0.0,0.0,0.0,0.0,0.883773052479679,0.0,1.0,0.0,0.02186335515658299,0.0,0.0,0.0,0.0,0.0,1.0,0.0,1.0,0.0,0.0,1.0,0.0,1.0,0.804551271432154,0.8071039623115962,0.0,0.0,0.739578250427275,1.0,0.0,0.0,0.12097886531224927,0.0,0.0
gex_possorted_bam_SJSO3:CAGCCAATCTGTAAGCx-M1,0.1913767278316363,0.4017490088125381,0.8621345577140106,0.3060260230563214,1.0,1.0,1.0,0.9034172646755478,1.0,0.2823419980979815,1.0,0.0,0.4074815785672631,0.06115148721392623,0.0,0.0,1.0,1.0,0.4250810968717514,1.0,0.8345688384007991,0.8164412233206682,0.34043127541824275,0.33067877153096836,0.5055058002631194,0.2840313422734229,0.8775669068769629,0.004467941618711721,0.9439763616421396,0.0,0.2619969839736417,0.6758137949098494,0.3229601037368033,0.26590332875268774,0.45147176875752976,0.2269434913733482,0.0,0.18183323580882071,0.4654340975548243,0.35328241075093136,1.0,0.0,0.0,1.0,0.10661495227442205,0.448143921704622,0.7462701111421418,0.050746843123097095,0.3290122978030673,0.3272262899822012,0.0,0.11461033261157041,1.0
gex_possorted_bam_SJSO3:CAGCTATAGGTAAGGCx-M1,0.0,0.1400225275426721,0.0,0.0,0.0,0.0,0.03544564677285285,0.03931601859606674,0.0,0.0,0.04446928161474569,0.29206967223668434,0.0,0.02331322080504529,0.15589708659373175,0.0,0.6321230565847312,0.0,0.0,1.0,0.32600213813468404,0.2582329361709497,0.019736251120168146,0.5492884925353078,0.0,0.0,0.2886803488115368,0.0,0.0,0.0,0.0,0.0,0.04459060349113853,0.0,0.4126007501630812,0.0,0.005204544052901272,0.0,0.11118437952257225,0.27925787851537254,0.1798593956515119,0.6339928244856776,0.0,0.0,0.0,0.0,0.0,0.12788951823912037,0.0,0.0,0.0,0.0,0.0
gex_possorted_bam_SJSO3:CAGCTCAAGCATGTTAx-M1,0.010432109834338711,0.0,1.0,0.0,0.7597792889103987,0.672592958709047,0.0,0.011533934510861309,0.0,0.40053034992842756,0.774845602772729,0.0,0.0,0.0,0.2647821684410425,0.0,1.0,0.8422659434511452,0.0,1.0,0.7785174149748579,0.8809459251329158,0.19390925150710955,0.715400487056149,0.0,0.0,0.33399301552844596,0.07713562082234397,0.0,0.11709541758013355,0.8803069332258209,0.10373722843041296,0.23061130731177043,0.0,0.2089595321641381,0.12896677600458434,0.0,0.0,0.16507285769137586,0.2977196905247911,0.0170303906471181,0.0,0.0,0.27324081512996623,0.2588996800908431,0.04754024448722864,0.0,0.03895696258142989,0.08602573367416277,0.38200985607416427,0.0,0.009633428546780232,1.0
gex_possorted_bam_SJSO3:CAGCTCAAGTGAGCAAx-M1,0.0,0.694650990697054,0.8631329269284989,0.10746756409146481,0.0,0.0,0.0,0.031373962658269576,0.0,0.0,0.5101990808988527,0.0,1.0,1.0,0.0,1.0,0.03678600199001152,0.11462305964587091,1.0,0.0,0.0,0.0,0.0,0.0,1.0,0.0,1.0,0.0,1.0,0.3597213629546219,0.0986442911872881,0.9390212385757074,0.0,0.6143461010126017,1.0,0.0,1.0,0.0,0.0,1.0,0.9533977562659862,0.0,0.5936029230224094,0.0,0.0,0.060062653978418847,1.0,0.0,0.0,0.0,1.0,0.0,0.0
gex_possorted_bam_SJSO3:CAGCTATAGGGCCATCx-M1,0.2499481212090677,0.21696643713440045,0.884316823239172,0.14821877318097365,0.8584282748550053,1.0,0.0,0.13227324411139188,0.0,0.48596791215700313,1.0,0.0,0.05273670394973079,0.0,0.3644596441606813,0.007263660941461671,1.0,1.0,0.05624867145094351,1.0,1.0,1.0,0.39203205655174184,1.0,0.0,0.07298128240783949,0.24084336460355676,0.23844840343765272,0.0,0.36956187636809806,1.0,0.3490992662878828,0.40922540606049945,0.04884976491468239,0.17430740375545986,0.3264317896597844,0.0,0.183325869462818,0.32099511729535324,0.2775371032812716,0.0,0.0,0.0,0.4493859959074841,0.44863708675014347,0.24848173789475195,0.10528287475787816,0.09007649954226825,0.2737357869301405,0.4795669415657666,0.0,0.25257607929584197,1.0
gex_possorted_bam_SJSO3:CAGCAAGCAATGAGGTx-M1,0.0,0.3326162408239601,1.0,0.09964382638778643,0.0,0.027369798366205764,1.0,0.1839832906925373,0.5638822214762693,0.4245393084317508,0.5588998630018401,0.42366499802522156,0.4190167661715907,0.8146896268265287,0.1163697229555361,1.0,0.9998566357214138,0.06862803901533654,0.02662355267911857,0.5186431919938984,0.0,0.0,0.0,0.0,0.7933896605223689,0.06434484082061034,1.0,0.37815338330950915,0.012175075999253694,0.0,1.0,0.0715773704964052,0.0,0.16173905229975707,1.0,0.06570489912537594,1.0,0.0,0.023698176671554053,1.0,0.15621860819545746,1.0,0.5822433496870323,1.0,0.0,0.08717984700145148,0.844352172915689,1.0,0.23142691656284772,0.24572518076364,0.35445615971969713,0.04588954786229312,0.5102316935806968
gex_possorted_bam_SJSO3:CAGGACCTCCTGATGGx-M1,0.04126486620707559,0.0,0.8495580103830108,0.02110257921193123,0.5674650625621172,0.850866491786132,0.0,0.0,0.0,0.31288351909780465,0.9674706337960708,0.0,0.0,0.0,0.24459623297292618,0.0,1.0,1.0,0.0,1.0,0.7679573489871273,0.955070605375607,0.19524001051023226,0.8370094939858146,0.0,0.0,0.32799175567720423,0.023679413287330052,0.0,0.12769734601146987,1.0,0.14891429090488137,0.257858129303206,0.0,0.19377049189619958,0.16772531056617682,0.0,0.0,0.12306443506711938,0.30954497012505855,0.0,0.0,0.0,0.5075568276174083,0.27184873700559914,0.10318957781141982,0.0,0.12164901992830544,0.11210735578995662,0.315106029492347,0.0,0.04645581665903032,1.0
gex_possorted_bam_SJSO3:CAGGATGCACCAAAGGx-M1,0.022602511125102812,0.0,0.0,0.0,0.357005711579299,0.0,0.0,0.0,0.0,0.0,0.8501255811559529,0.0,0.0,0.0,0.0,0.0,0.7873646338747744,0.9628515845261251,0.0,0.9829881496889809,0.4635964844964545,0.6774223506151292,0.15443331619582462,0.6146622893949565,0.0,0.0,0.5173256222674903,0.0,0.0,0.0,0.0,0.2123607279670069,0.13083786646975007,0.0,0.2239566033613632,0.0,0.0,0.0,0.0,0.0,0.0,0.0,0.0,0.0,0.01196407545503963,0.0,0.0,0.3322447869982777,0.0,0.0,0.0,0.0,0.9442191678715894
gex_possorted_bam_SJSO3:CAGCCTAAGGACGTAAx-M1,0.20409285851781728,0.3618318487889285,1.0,0.16965267073817564,0.852870690951675,1.0,0.40530550326943926,0.19284282049604765,0.0,0.6978566141500445,1.0,0.0,0.2796688203173576,0.0,0.4480531637076613,0.4584303170970846,1.0,1.0,0.0,1.0,0.9073273355952352,0.8977928213693579,0.3724594974586063,0.7094388446414397,0.1154250788458574,0.16067055630162788,0.4300625432925041,0.31642244071077885,0.19433364236610376,0.40905061346442984,1.0,0.30629006129527503,0.37362554824129146,0.16446289984249451,0.45142145931443894,0.35571115434945855,0.3442749552938575,0.11334594889816958,0.3224203078325184,0.7276982533677834,0.19952661565559499,0.04423459989816716,0.28910230714174645,1.0,0.4677212844013124,0.3100351893487902,0.3670410600080608,0.21150860375388755,0.36512908710001063,0.6589204169860112,0.03794507052046491,0.25345283326380236,1.0
gex_possorted_bam_SJSO3:CAGATTCAGCGCCTTTx-M1,0.0833447618107603,0.0,0.0,0.0,0.3185001340866973,0.4481913695446487,0.0,0.0,0.0,0.0,1.0,0.0,0.0,0.0,0.0,0.0,1.0,1.0,0.0,1.0,0.7561085348869434,0.8249050849818834,0.17583819314088672,0.7357258567178829,0.0,0.0,0.425662472147059,0.0,0.0,0.003056212353068941,0.0,0.12826870038562102,0.18316590318981196,0.0,0.21427031996534884,0.0,0.0,0.04449703518244724,0.0,0.0,0.0,0.0,0.0,0.0,0.10583774965316833,0.0,0.0,0.32738331758921013,0.0,0.0,0.0,0.0,0.9998820088724866
gex_possorted_bam_SJSO3:CATAATCCAAGTGAACx-M1,0.0,0.0,0.0,0.0,0.3827497577075111,0.0,0.0,0.0,0.0,0.0,0.8228564009451127,0.0,0.0,0.0,0.0,0.0,0.8302001142806984,0.8882310123576171,0.0,0.8104198995143257,0.3625519718866654,0.5368593608876601,0.11514994412276508,0.4417290159620054,0.0,0.0,0.6583200148385869,0.0,0.0,0.0,0.0,0.15866163059934718,0.059129102083199055,0.0,0.35912243601243105,0.0,0.0,0.0,0.0,0.0,0.1147442795485195,0.0,0.0,0.0,0.0,0.0,0.0,0.5529624691949128,0.0,0.0,0.0,0.0,0.7103028016239838
gex_possorted_bam_SJSO3:CAGTACCCAACTAACTx-M1,0.0,0.0,0.0,0.0,0.0,0.0,0.29948911247772037,0.0,0.8373610632572023,0.0,1.0,0.20010612024704882,0.009368345849580226,1.0,0.0,1.0,1.0,0.4579512902761253,0.6032576777589832,0.0,0.0,0.0,0.0,0.0,0.921532477399534,0.0,1.0,0.0,0.13846814493447926,0.0,0.0,0.0,0.0,0.0,1.0,0.0,1.0,0.0,0.0,0.9708989722759422,0.0,1.0,0.6158766852270559,0.07629096984610058,0.0,0.0,0.7469751589779049,1.0,0.0,0.0,0.23016417632370112,0.0,0.0
gex_possorted_bam_SJSO3:CATAGACTCTAAGTCAx-M1,0.0,0.0,0.4745501943619853,0.1567488988601164,0.0,0.0,0.5950301770031536,0.0,0.9907159506125809,0.0,1.0,0.12974230382794785,0.3079971625313773,1.0,0.0,1.0,0.8809135793717567,0.3567217510714117,0.7092349123801879,0.0,0.0,0.0,0.0,0.0,1.0,0.12154105659569418,1.0,0.11350330814723673,0.19046006950915165,0.0,0.0768884078963499,0.12658506814306508,0.0,0.194022441774952,1.0,0.0,1.0,0.08923909930305554,0.0,1.0,0.23307930172242644,1.0,0.6530260159394399,0.6094484052752057,0.0,0.016917505200485086,0.968291644905566,1.0,0.0,0.0,0.24152474987226888,0.09151033615037432,0.0
gex_possorted_bam_SJSO3:CATAATGTCGGCTATGx-M1,0.031063646303865083,0.0,0.0,0.0,0.14097879114960152,0.2992481912262401,0.0,0.0,0.0,0.0,0.8460808556452011,0.0,0.0,0.0,0.10644027203013813,0.0,0.9040262629439816,0.9375025308635963,0.0,1.0,0.6204060842564144,0.7015079582409346,0.1264745008254762,0.7232362046328181,0.0,0.0,0.31215178592334764,0.0,0.0,0.0,0.19219757439657967,0.0,0.1306124961908561,0.0,0.2517974659426728,0.0369229354851293,0.0,0.045409052352089654,0.06340173398552362,0.12855240465592122,0.0,0.034075984535279456,0.0,0.0,0.05155550823958546,0.0,0.0,0.07926615959763623,0.0,0.0,0.0,0.0,0.7248545427925351
gex_possorted_bam_SJSO3:CAGGTTTAGTGGACAAx-M1,0.0,0.15660737273777947,1.0,0.039190790275038474,0.0,0.00944797388757552,1.0,0.0,1.0,0.14305409031372235,1.0,0.19835501278376458,0.5106452570114933,1.0,0.0,1.0,1.0,0.5041881482436036,0.515413581366143,0.0,0.0,0.0,0.0,0.0,1.0,0.10181890731497674,1.0,0.349307498443397,0.04688738141249764,0.0750054869995703,1.0,0.03082047127649499,0.0,0.0,1.0,0.0,1.0,0.0,0.0,1.0,0.0,1.0,1.0,1.0,0.0,0.026871103418630877,1.0,1.0,0.19090711883242348,0.06432069703923693,0.3575292434008708,0.0695217186646056,0.31983375820747384
gex_possorted_bam_SJSO3:CAGGGCTTCAAGCTTAx-M1,0.002447310968594599,0.7184888449514962,0.6923738053105205,0.053219558366804906,0.0,0.03698330815839719,1.0,0.22033759509258435,0.0,0.6104628285269622,0.0,0.9306883796606075,0.0,0.0,0.5934349601639674,0.40991189555333507,0.30634703238227334,0.0,0.0,1.0,0.36232062307828633,0.2566072561520689,0.1471371936057131,0.5421135027379568,0.0,0.0,0.19763927014442215,0.25730807133614203,0.17914913661162707,0.001108774451408741,1.0,0.0,0.1425764764927123,0.3373337551653287,0.6972438901592123,0.28012892836706094,0.5317570496021509,0.08279807506319996,0.3270580947846387,1.0,0.23716199875021102,0.7180928887867367,0.0,0.0,0.0,0.13263923159960003,0.0,0.0,0.24844118225116668,0.15421532541612298,0.006833865888489763,0.0475562026794652,0.6357930674550342
gex_possorted_bam_SJSO3:CATAATGTCATCCACCx-M1,0.08554608930681666,0.0,0.0,0.0,0.2759742499712667,0.4454428495080087,0.0,0.0,0.0,0.0,1.0,0.0,0.0,0.0,0.0,0.0,1.0,1.0,0.0,1.0,0.7024929372963524,0.875919741822649,0.1636308199550087,0.8163121932970059,0.0,0.0,0.33290449230549574,0.0,0.0,0.0,0.0,0.22122219915742253,0.171540986593875,0.0,0.1516012637489693,0.0,0.0,0.06384984614605656,0.0,0.0,0.0,0.0,0.0,0.0,0.13095682504465306,0.0,0.0,0.3373540625604752,0.0,0.0,0.0,0.0,1.0
gex_possorted_bam_SJSO3:CAGGGTGAGGTCATTAx-M1,0.0,0.022134608475254676,0.3637999487873864,0.0,0.0,0.0,0.0,0.0,0.0,0.0,0.9993708949145989,0.0,0.6392946081536133,1.0,0.0,1.0,0.5174330378848925,0.19198189302203236,0.8154508956393767,0.0,0.0,0.0,0.0,0.0,1.0,0.0,1.0,0.0,0.9313014310879205,0.02364393806117158,0.0,0.33135750294414545,0.0,0.17575645353984934,1.0,0.0,0.6313782949755878,0.0,0.0,1.0,0.4146280835954343,0.0,0.34279080267473866,0.0,0.0,0.0,0.7080109297692454,0.4245964269175262,0.0,0.0,0.5721274556542454,0.0,0.0
gex_possorted_bam_SJSO3:CATATCGCAACTGGGAx-M1,0.13787685334381605,0.2842420676264923,1.0,0.18998601918087607,1.0,1.0,1.0,0.5528598671952779,0.5102318460049096,0.4851543352736514,1.0,0.0,0.30413029176631634,0.0,0.14882691092637002,0.0,1.0,1.0,0.28605121581022164,1.0,1.0,1.0,0.31809718289178524,0.5011734143548163,0.20678626864717878,0.14426167333533843,0.7086187224749607,0.19339228478154707,0.37702087530300193,0.01545794641063018,0.8028449720007957,0.6345968688128182,0.35343849641938085,0.13172195224055985,0.4700401419982206,0.2499197773538607,0.0,0.11967875342816148,0.4308874127574393,0.5144268270662076,1.0,0.0,0.07962169713665761,1.0,0.27812492327073646,0.3007238369821226,0.8503508532804042,0.16859321487927034,0.34018791770378526,0.4669579474371778,0.0,0.08017050767617111,1.0
gex_possorted_bam_SJSO3:CAGTACCCATCCTGAAx-M1,0.0,0.0,0.0,0.0,0.0,0.0,0.0,0.0,0.0,0.0,0.06607891162303867,0.05544271467825311,0.0,0.0,0.06169918549804821,0.0,0.3041283061197079,0.0,0.0,1.0,0.1809795108516523,0.2865477770071678,0.0,0.4275274659873267,0.0,0.0,0.44476276145775845,0.0,0.0,0.0,0.21740302379761944,0.0,0.0,0.042132216997855784,0.45974028837739983,0.0,0.2076083901096136,0.0,0.0,0.3963503985673456,0.0,0.18925540316312858,0.0,0.0,0.0,0.0,0.0,0.21479955768833453,0.0,0.0,0.0,0.0,0.3615019066143223
gex_possorted_bam_SJSO3:CATAGCTAGAAGGTGCx-M1,0.0,0.0,0.0,0.0,0.0,0.0,0.0,0.0,0.0,0.0,0.6004497433698086,0.0,0.0,0.0,0.0,0.0,0.5938713490862626,0.42389366342543605,0.0,0.37419689441896675,0.22351638168981314,0.3200791355491747,0.026664256956022595,0.3893128136571154,0.0,0.0,0.6307145886216584,0.0,0.0,0.0,0.0,0.0,0.01197817194952134,0.0,0.49903636160852743,0.0,0.08974911493100342,0.0,0.0,0.18949408609309215,0.0,0.06931431496975649,0.0,0.0,0.0,0.0,0.0,0.6202871448679432,0.0,0.0,0.0,0.0,0.30429016800452646
gex_possorted_bam_SJSO3:CAGGCTGGTCAACAATx-M1,0.0,0.07884825410077259,0.0,0.0,0.0,0.0,0.11133134288943937,0.10335683551017959,0.0,0.08671826110094849,0.0,0.47827897445447776,0.0,0.0,0.09940122548700006,0.1068827919028107,0.0,0.0,0.0,0.7723915756435039,0.006760087670185123,0.13350810271881083,0.0,0.3535438464627515,0.0,0.0,0.40040004046188227,0.0,0.1652436443715904,0.0,0.3795600320311916,0.0,0.0,0.14495670766681518,0.5271215480565534,0.0703563788755075,0.23438161361497323,0.0,0.0,0.5907363937435003,0.0,0.22631506653212102,0.0,0.0,0.0,0.0,0.0,0.07071910534910547,0.0,0.0,0.0,0.0,0.42761328308125146
gex_possorted_bam_SJSO3:CAGGGCTTCGTTAACAx-M1,0.0,0.0,0.9169696969286681,0.04674814482392824,0.0,0.0,1.0,0.0,1.0,0.0,0.8939446208750655,0.7562960404313317,0.2216702673557706,1.0,0.0,1.0,0.9820443430734515,0.0,0.5583700082512646,0.0,0.0,0.0,0.0,0.0,1.0,0.058866400449610654,1.0,0.2992221462603856,0.1450189573582751,0.0,0.4413025849399557,0.0,0.0,0.05977408900692342,1.0,0.0,1.0,0.0,0.0,1.0,0.0,1.0,1.0,1.0,0.0,0.0,1.0,1.0,0.008432005829155481,0.0,0.33638527802300944,0.005683610932563678,0.0
gex_possorted_bam_SJSO3:CAGGGTGAGTAAGTGGx-M1,0.0,0.19545753901072774,0.5948768436628645,0.0,0.20273258568533203,0.21216722185049994,0.0178726769053255,0.08266105795074795,0.0,0.25753177267790467,0.276507870838362,0.0,0.0,0.0,0.2790327875265386,0.0,0.6247867137587788,0.10531673168004892,0.0,1.0,0.6050504460757188,0.6628238816071457,0.132800561156045,0.6867088725116051,0.0,0.0,0.2458216544485662,0.0,0.0,0.0,1.0,0.0,0.17408314065332822,0.059411353707952766,0.3289379287456299,0.15397954065095745,0.05343610697380497,0.0,0.13657217800962435,0.4860907709346284,0.0,0.00456734611706242,0.0,0.0,0.10647230657107684,0.04646230014692619,0.0,0.0,0.05944358028812559,0.11787909363904159,0.0,0.0,1.0
gex_possorted_bam_SJSO3:CAGGGCTTCTTTGACTx-M1,0.0,0.3555270352779525,1.0,0.11852800750341194,0.6269360048645142,0.5613480994767215,1.0,0.5445043895900366,1.0,0.0,1.0,0.0,0.7122766229587942,1.0,0.0,0.8084008857896234,1.0,1.0,0.8582997764535771,0.9233343589731058,0.10598096913999705,0.0,0.0,0.0,1.0,0.16024542146034224,1.0,0.0,0.5824034950987832,0.0,0.31369591560448756,0.5747446587824051,0.0,0.045526087765557645,1.0,0.0,1.0,0.0,0.0,1.0,1.0,1.0,0.6165105093888847,1.0,0.0,0.15418137319941042,1.0,1.0,0.1667046474374612,0.03520077364610663,0.040018612736817935,0.0,1.0
gex_possorted_bam_SJSO3:CAGTACCCACCAACCGx-M1,0.0,0.0,0.0,0.0,0.0,0.0,0.6114683332869669,0.0,1.0,0.0,1.0,0.4169454303498429,0.18332679485311204,1.0,0.0,1.0,0.9847941312673475,0.33857180550971677,0.7058709702937727,0.0,0.0,0.0,0.0,0.0,1.0,0.008593969412704907,1.0,0.0,0.2562800746816473,0.0,0.0,0.0,0.0,0.0,1.0,0.0,1.0,0.0,0.0,1.0,0.0,1.0,0.8743830099009222,0.4887957285609059,0.0,0.0,1.0,1.0,0.0,0.0,0.36041186022663535,0.0,0.0
gex_possorted_bam_SJSO3:CATAATGTCGAAGTGAx-M1,0.0,0.04976252043406099,0.5177047043655368,0.018747623228525162,0.0,0.0,0.0,0.0563147613182894,0.6149030473905062,0.14220211242914743,0.18587373508452817,0.0,0.0,0.0,0.18730702728717863,0.0,0.3909179945005746,0.0,0.0,1.0,0.3490731740568515,0.4072832518225365,0.10754878173529357,0.49770202408318065,0.27319154510786015,0.0,0.37517756690191395,0.0,0.011323191479681024,0.0,0.8885852033457343,0.0,0.06462268493323418,0.18521917147474337,0.489461012985387,0.11745959253052753,0.7111440160466321,0.008071744469545407,0.12068480808712718,0.5673689961668822,0.03096817851834936,0.4618815854050656,0.0,0.0,0.0,0.06716410116240838,0.0,0.15212702375369677,0.021490880982567833,0.04172306632156667,0.13641948759769634,0.024598826334465224,0.847262678696415
gex_possorted_bam_SJSO3:CATAATCCAACAGGTGx-M1,0.0,0.0,0.8283655759759085,0.028967907059776598,0.0,0.0,0.8346766267222241,0.0,1.0,0.0,1.0,0.3957671400469749,0.2550002499700391,0.9435526501294468,0.0,1.0,0.9740169047425838,0.0,0.5540317101472834,0.0,0.0,0.0,0.0,0.0,0.9971150015656012,0.06879913741769488,1.0,0.0,0.23871944708585016,0.00036394781960273013,0.2272724788801118,0.3140013843673716,0.0,0.0,1.0,0.0,1.0,0.0,0.0,1.0,0.12680982661414927,1.0,0.9763468007227576,0.8286139330706421,0.0,0.0,1.0,1.0,0.0564430936240786,0.0,0.007646991083098325,0.05649622019338591,0.0
gex_possorted_bam_SJSO3:CATAAGCTCCAAGTTAx-M1,0.0,0.2509365195408687,0.12508556397762943,0.0,0.0,0.0,0.31482030617592743,0.057695124529250595,0.0,0.12033760474813544,0.0,0.5349828472199757,0.0,0.0,0.22615099640462172,0.0,0.13892014086545335,0.0,0.0,1.0,0.1438606098451309,0.19260828263446103,0.0,0.43073810411712343,0.0,0.0,0.3919994539679879,0.0,0.0,0.0,0.615227161416953,0.0,0.01566859451191633,0.1275328641122669,0.5788213364998642,0.02223770998411049,0.23987462334910323,0.0,0.08770028665959331,0.5971675053609158,0.055717213480873495,0.4125456483088188,0.0,0.0,0.0,0.0,0.0,0.07548802160180698,0.0,0.0,0.0,0.0,0.33156816387399873
gex_possorted_bam_SJSO3:CATAAGCTCATTACAGx-M1,0.07167996180237195,0.0,0.6910782153602949,0.0,0.7784556229946811,0.9086659854435543,0.2344990997213417,0.2120849893739547,0.0,0.015160598645602118,1.0,0.0,0.0,0.0,0.04400992433465347,0.0,1.0,1.0,0.0,1.0,1.0,0.9325339315649375,0.17800044192777967,1.0,0.0,0.0,0.5628945008141523,0.0570791453439296,0.0,0.04859971035917985,0.19459030009841244,0.4144440309869906,0.28398055400011696,0.0,0.33631728577422787,0.052608105425829346,0.0,0.0,0.16173015657875234,0.20779239388648096,0.38121211143790706,0.0,0.0,0.5786364441223268,0.22102559635761243,0.04125180801985556,0.3941045227839893,0.2598399932893318,0.01169854834088968,0.09604041216512922,0.0,0.0,1.0
gex_possorted_bam_SJSO3:CAGGTCCAGCTTAGCGx-M1,0.0,0.0,1.0,0.003522494016583194,0.8277779625511433,0.8161840053199263,1.0,0.3513462104451191,0.6072367225726728,0.014397601381729939,1.0,0.0,0.11297499314542976,0.06566468765182584,0.0,0.0,1.0,1.0,0.14268103960716638,1.0,0.7039246934249234,0.7228436953455971,0.1030712561683273,0.3335577259364496,0.09871139226250174,0.00405758473063589,0.9074432133598587,0.0,0.03417636194017113,0.0,0.0,0.7779324783342915,0.1320588307065765,0.0,0.5944268444871359,0.02668107223381107,0.0,0.0,0.1314377622745072,0.4689598286856097,0.7930557474363347,0.0,0.0,1.0,0.0,0.0598686723151625,0.6956360416672304,0.44169788715466796,0.05749351212138552,0.19124400131580602,0.0,0.0,1.0
gex_possorted_bam_SJSO3:CAGTATGGTCCTAACTx-M1,0.009372205119089148,0.0,0.15159003822964523,0.0,0.3091574153540635,0.0,0.0,0.0,0.0,0.0,0.6731929390998852,0.0,0.0,0.0,0.020802486536594517,0.0,0.6306708259361392,0.686836209662982,0.0,1.0,0.4715376979933791,0.6823147653140847,0.14040631470373188,0.6339325357459343,0.0,0.0,0.39738559160507964,0.0,0.0,0.0,0.0,0.08163952200960051,0.10384559387952015,0.0,0.25266105939448913,0.0,0.0,0.04365247792210922,0.0,0.17334830904896403,0.0,0.0,0.0,0.0,0.024933381154807595,0.0,0.0,0.0681160117240143,0.0,0.0,0.0,0.0,0.9399319872157328
gex_possorted_bam_SJSO3:CATAATGTCATAAGCCx-M1,0.08525916642316472,0.0,0.4690830238727231,0.0,0.9469054233005141,0.8134088753411256,0.0,0.0,0.0,0.12507518182064978,1.0,0.0,0.0,0.0,0.0990115068701005,0.0,1.0,1.0,0.0,1.0,0.7708785522909914,0.9848967937039786,0.27991130867188346,0.7416264211348932,0.0,0.017841104649189643,0.38535750226617504,0.0,0.0,0.21369474735950333,0.0,0.45457657828878145,0.2371854683584837,0.0,0.13579039609076402,0.06571974950197658,0.0,0.053000154947117774,0.07179598880431777,0.0,0.14037044886841973,0.0,0.0,0.0,0.27125664499568997,0.01956095268131926,0.0,0.17996740703183478,0.0004133942287959677,0.3243916179787668,0.0,0.04688654745994847,1.0
gex_possorted_bam_SJSO3:CATAGCTAGAGAGGCTx-M1,0.018851580044289273,0.0,0.6359799633368889,0.0,0.49092147922805895,0.5606763225966774,0.0,0.0,0.0,0.1605013007189867,0.9135053313495314,0.0,0.0,0.0,0.13539021530780018,0.0,0.9706339494754681,0.9493800830397279,0.0,1.0,0.7375194992315175,0.904183237155293,0.17198110131062178,0.7538694859626848,0.0,0.0,0.31605112365869137,0.0,0.0,0.04944488956302228,0.5768019067825353,0.21262322721991983,0.18953041244077215,0.0,0.14761200119047208,0.09058817396104062,0.0,0.0,0.06629457225450046,0.19371835283748817,0.0,0.0,0.0,0.0,0.21941449451707157,0.023830149806646658,0.0,0.08045766661491098,0.0,0.1384894962465628,0.0,0.022632278189819825,1.0
gex_possorted_bam_SJSO3:CATAGTCAGTCACTCCx-M1,0.02119832645110043,0.0,0.03600145044171718,0.0,0.2884325924604747,0.0,0.0,0.0,0.0,0.0,0.8465810315680611,0.0,0.0,0.0,0.0,0.0,0.9896867173134916,1.0,0.0,1.0,0.4860383882236343,0.5811051488763214,0.08351765128877084,0.5581817287560416,0.0,0.0,0.5855402894021864,0.0,0.0,0.0,0.0,0.16470266257826952,0.11440998099696612,0.0,0.27426163490671196,0.0,0.0,0.04084393251327526,0.006032848596995466,0.0,0.1131455528299661,0.0,0.0,0.0,0.07972569466888867,0.0,0.0,0.3316604549429792,0.0,0.0,0.0,0.0,0.8143305127579755
gex_possorted_bam_SJSO3:CATAGTCAGGTGAAATx-M1,0.008382186897827826,0.4051941042852891,0.0,0.11904777689293697,0.0,0.4422953661043347,0.6199794584710971,0.1042726351937085,0.0,0.4663061687081501,0.3271956075046824,0.5465844025910271,0.0,0.06176173048799531,0.42275408726823566,0.4020440257257086,1.0,0.7712959327004932,0.0,1.0,0.3359647846926627,0.27478829351462486,0.09302258884012317,0.5162563179152262,0.0,0.0,0.263512202774248,0.0,0.0,0.0,0.42205748401415244,0.0,0.11698448128203512,0.2542489388940532,0.46376881369081935,0.16194839431328542,0.1318869182708469,0.1847394007182325,0.38062148190262696,0.6994915915615272,0.33512714448130093,1.0,0.0,0.0,0.0,0.0,0.0,0.11244101799035533,0.09932635605854956,0.0,0.0,0.0,0.0
gex_possorted_bam_SJSO3:CAGGCTGGTCAATAGTx-M1,0.0,0.0,0.32728155045615037,0.0,0.17953759356831658,0.10487460058122357,0.0,0.0,0.0,0.007677820212690909,0.6109801290251476,0.0,0.0,0.0,0.003730070425790926,0.0,0.7120279805506805,0.5576809217336713,0.0,1.0,0.6652117349776739,0.6924375694352621,0.11353411206291986,0.7611690991288425,0.0,0.0,0.41606263915891284,0.0,0.0,0.0,0.2855015772351091,0.0,0.1382305769787208,0.0,0.24040378075616348,0.007238754220678042,0.0,0.014035315768137518,0.0034584291876685546,0.18381753197993728,0.0,0.0,0.0,0.0,0.0608147926411115,0.0,0.0,0.12958238767364624,0.0,0.0,0.0,0.0,0.7764700902840783
gex_possorted_bam_SJSO3:CATAGTCAGGGACGCAx-M1,0.05180882112455367,0.0,0.029179481082164622,0.0,0.32232571422474016,0.6558943575211821,0.0,0.0,0.0,0.0,1.0,0.0,0.0,0.0,0.0,0.0,1.0,1.0,0.0,1.0,0.7294216181907737,0.8317416913384399,0.15748745850547274,0.7557004151083809,0.0,0.0,0.3517253483819378,0.0,0.0,0.04713711678352097,0.3845404480407686,0.04047396049376764,0.15882194473743955,0.0,0.2086879993107509,0.03580573087451445,0.0,0.04870813464251891,0.019864040298030766,0.09974382230106608,0.0,0.0,0.0,0.0,0.15195170791363813,0.03528338769407608,0.0,0.22203209455432107,0.0,0.0,0.0,0.026631169257622985,0.9403782300440765
gex_possorted_bam_SJSO3:CATAAGCTCCCGAACAx-M1,0.0,0.6912181135099063,0.9922115049891503,0.16329840133586856,0.0,0.0,1.0,0.009659775670381397,1.0,0.0,1.0,0.5219405584678559,1.0,1.0,0.0,1.0,1.0,0.28563724252934747,1.0,0.0,0.0,0.0,0.0,0.0,1.0,0.2622138715097691,1.0,0.18608202004884736,1.0,0.37087552330502543,1.0,0.1792542264662975,0.0,0.22063767979294782,1.0,0.0,1.0,0.0,0.0,1.0,0.0050937717641389,1.0,1.0,1.0,0.0,0.1069318973655115,1.0,1.0,0.32587494416203394,0.027059409529157225,1.0,0.2301158678013154,0.0
gex_possorted_bam_SJSO3:CATCAATCATGCAACCx-M1,0.06334968584811693,0.0,0.0,0.0,0.2917345034584456,0.4058851733189621,0.0,0.0,0.0,0.0,1.0,0.0,0.0,0.0,0.0,0.0,1.0,1.0,0.0,0.8737218296874172,0.6640828804495683,0.7991350685320378,0.15900680753937627,0.699839801549121,0.0,0.0,0.37929550020994607,0.0,0.0,0.018990531364190367,0.0,0.05465228434038385,0.12349290557966779,0.0,0.19023171943064032,0.0,0.0,0.0734436564824949,0.0,0.0,0.0,0.0,0.0,0.0,0.03144631106305742,0.0,0.0,0.2764256501912077,0.0,0.0,0.0,0.0,0.7260483543839297
gex_possorted_bam_SJSO3:CATGCAAGTAAATTGCx-M1,0.0,0.0,0.0,0.0,0.0,0.0,0.0,0.0,0.3400098132916665,0.0,1.0,0.0,0.0,0.6112288952158685,0.0,0.7405764878224008,1.0,0.8556365148584909,0.3606654097368357,0.0,0.0,0.0,0.0,0.0,0.2991601906430483,0.0,1.0,0.0,0.0,0.0,0.0,0.0,0.0,0.0,1.0,0.0,0.9828492342904966,0.0,0.0,0.6969253730415556,0.0,1.0,0.2474064971089661,0.0,0.0,0.0,0.2323737737775675,1.0,0.0,0.0,0.0,0.0,0.0
gex_possorted_bam_SJSO3:CATCATGCATAATCGTx-M1,0.0,0.707197021856805,0.650386561204356,0.0,0.0,0.0903984167239852,1.0,0.14547110864355262,0.0,0.4549530852882245,0.0,0.7284549991519366,0.0,0.0,0.507317496914945,0.3694397491324438,0.6721765681001236,0.0,0.0,1.0,0.3491848257458696,0.3338428456546358,0.0309665585817682,0.5610072195021742,0.0,0.0,0.14975334852875724,0.09703990384743283,0.0,0.0,1.0,0.0,0.09099628306847689,0.1571183385837043,0.5707938343156412,0.17275082297911573,0.192824908688549,0.0,0.30076963533190704,0.8317775987635253,0.11154950043303323,0.7763901250939959,0.0,0.0,0.02051295356562595,0.0,0.0,0.0,0.06141419419928577,0.029023722903113124,0.0,0.0,0.49910226514493566
gex_possorted_bam_SJSO3:CATGGATTCCTTGTTGx-M1,0.0,1.0,1.0,0.0642867043226467,0.0,0.16339006432224684,1.0,0.2622712437941123,0.0,0.7981091817750141,0.0,1.0,0.0,0.0,0.6620904973191731,0.37284703356103355,0.310378249044304,0.0,0.0,1.0,0.38888082483668646,0.3636021647973306,0.09798243798823919,0.6067465832944676,0.0,0.0,0.1292379472093617,0.35519225362477275,0.1609104181539218,0.0,1.0,0.0,0.1671728417351864,0.33790111696479974,0.5836894947801134,0.351290857934794,0.3961329574510261,0.0,0.41076875453399186,1.0,0.2142292595103517,0.7989498817399237,0.0,0.4856940862145477,0.05255669146733656,0.13966868496632437,0.0,0.0,0.295569149312617,0.2912801917280709,0.0,0.014786203846999746,0.851981165437266
gex_possorted_bam_SJSO3:CATGGATTCTGTAAGCx-M1,0.0,1.0,1.0,0.25554413807756005,0.0,1.0,1.0,0.0,1.0,0.383626658961738,1.0,1.0,0.5752024248095764,1.0,0.09310375386891391,1.0,1.0,1.0,1.0,0.0,0.0,0.0,0.0,0.0,1.0,0.24010097806212363,1.0,0.614914939541683,0.0,0.38588690388469854,1.0,0.0,0.0,0.14999039073566378,1.0,0.0,1.0,0.0,0.0,1.0,0.2968492340501974,1.0,1.0,1.0,0.0,0.0,1.0,1.0,0.39443397869617297,0.0,0.45584061697798917,0.19154135057304103,0.0
gex_possorted_bam_SJSO3:CATCGCTTCCAGGAAAx-M1,0.2557815970123013,0.0,0.0,0.08920033925183715,0.6910616024664241,1.0,0.0,0.02771294476673615,0.0,0.06463308820562874,1.0,0.0,0.0,0.0,0.1881330752279266,0.0,1.0,1.0,0.21392911010378615,1.0,1.0,1.0,0.35433057811461444,0.937331936226065,0.0,0.002936914181494581,0.26034520793570126,0.04296639076631015,0.0,0.2908104415163088,0.2846783036323498,0.30109586860002785,0.3299311429789723,0.0,0.160134975182588,0.21853374656119348,0.0,0.17688861517187154,0.17910512414524726,0.0,0.0,0.0,0.0,0.0,0.3782303898483783,0.15830875700012478,0.0,0.17805162233559313,0.06355277534235682,0.2108243983605892,0.0,0.2023547581455139,1.0
gex_possorted_bam_SJSO3:CATGCGGGTTGTAACGx-M1,0.013908348167948299,0.0,0.15162097746191225,0.0,0.249582951442476,0.07368588313300867,0.0,0.10990696316271609,0.0,0.0,0.8512935972493818,0.0,0.0,0.0,0.0,0.0,1.0,1.0,0.0,1.0,0.4296537344820628,0.5651293146111942,0.08981337700443708,0.469994345224396,0.0,0.0,0.618251147267523,0.0,0.0,0.0,0.0,0.31064726449824503,0.140661144211982,0.0,0.3692647573540537,0.0,0.0,0.017127693977493114,0.0,0.00866586760711515,0.43075471744478433,0.0,0.0,0.0,0.03677489254998678,0.0,0.0,0.4625056746407847,0.0,0.0,0.0,0.0,0.9927901498213276
gex_possorted_bam_SJSO3:CATGAGGCAATCCTGAx-M1,0.025977624349008428,0.0,0.008187100842160693,0.0,0.3443833606462268,0.2030896262090166,0.0,0.0,0.0,0.0,0.8600974040409778,0.0,0.0,0.0,0.0,0.0,0.9320182257261191,1.0,0.0,1.0,0.6896731715493527,0.7457776789958371,0.1562643560298727,0.7998627370756679,0.0,0.0,0.4385702193438132,0.0,0.0,0.0,0.0,0.10693948578803318,0.18983849831136052,0.0,0.19530169923321256,0.0,0.0,0.012555832582982335,0.0,0.0,0.0,0.0,0.0,0.0,0.0927947866003975,0.0,0.0,0.2219635658342883,0.0,0.0,0.0,0.0,0.9978613266041172
gex_possorted_bam_SJSO3:CATGCAAGTTAACACGx-M1,0.019184721843062642,0.0,0.0,0.0,0.09602387409092157,0.0,0.0,0.0,0.0,0.0,0.7522432187204053,0.0,0.0,0.0,0.0,0.0,0.7030661282352638,0.58108795622527,0.0,0.7366794653806886,0.4013725447512372,0.5082534088380718,0.09952793786791579,0.4988650934797076,0.0,0.0,0.532545951528984,0.0,0.0,0.0,0.0,0.0,0.06637890583307567,0.0,0.43383563529025093,0.0,0.0,0.0,0.0,0.18823961982650547,0.0,0.07432350789071694,0.0,0.0,0.0,0.0,0.0,0.5381359130288204,0.0,0.0,0.0,0.0,0.6624282986784121
gex_possorted_bam_SJSO3:CATCATAAGGGCCACTx-M1,0.0,0.0,0.39548552182913976,0.0,0.0,0.0,0.8695015380626308,0.0,1.0,0.0,0.7765811700845633,0.721021620614022,0.0,1.0,0.0,1.0,0.8424147174498489,0.0,0.30699936509603826,0.0,0.0,0.0,0.0,0.0,0.9666588131105982,0.0,1.0,0.0,0.012413466299061631,0.0,0.0,0.0,0.0,0.007173113810890489,1.0,0.0,1.0,0.0,0.0,1.0,0.0,1.0,0.9668033653037172,1.0,0.0,0.0,0.9050191657618,1.0,0.0,0.0,0.224922406349614,0.0,0.0
gex_possorted_bam_SJSO3:CATCATGCAACAACAAx-M1,0.0,0.02007133194413033,0.7999894600483473,0.01861219746983267,0.0,0.0,1.0,0.0,1.0,0.0,0.6300059989237534,0.8001968420278801,0.06548104435662087,0.8970491237709073,0.0,1.0,0.8698552409663671,0.0,0.24482566055877877,0.0,0.0,0.0,0.0,0.0,0.830518323664662,0.019994121879372453,1.0,0.19688120652468516,0.0,0.0,0.33619580656447623,0.0,0.0,0.07331089669722456,1.0,0.0,1.0,0.0,0.0,1.0,0.12182894572978042,1.0,1.0,1.0,0.0,0.0,0.8597220968481694,1.0,0.0030320763232205682,0.0,0.28635026056506174,0.0,0.0
gex_possorted_bam_SJSO3:CATGCGGGTTCGCTTGx-M1,0.0,0.0,1.0,0.0,0.0,0.0,1.0,0.0,1.0,0.0,0.9235665565570442,0.7450638029069385,0.35744142435537496,0.9587357344702748,0.0,1.0,0.9506058898464307,0.0,0.39107158015731003,0.0,0.0,0.0,0.0,0.0,1.0,0.0652099426182255,1.0,0.19687019104341477,0.11194811087189613,0.0,0.723108628630711,0.0,0.0,0.002966337635476013,1.0,0.0,1.0,0.0,0.0,1.0,0.0,1.0,1.0,1.0,0.0,0.0,1.0,1.0,0.06768780263030266,0.0,0.2469397047013192,0.02414595920684625,0.0
gex_possorted_bam_SJSO3:CATCATAAGCCTGGTAx-M1,0.0,0.0,1.0,0.0,0.6429135386808945,0.6174206423872056,1.0,0.344318947478669,0.40151022760422606,0.04137917776452891,1.0,0.0,0.07446188779122742,0.0,0.0,0.0,1.0,1.0,0.0,1.0,0.6313929160641273,0.6251151731975414,0.08460774286353523,0.3696481057379416,0.09923345031789987,0.0,0.8610239566709202,0.0,0.0018127052337694335,0.0,0.27165342202010184,0.508637039300314,0.13286758537521579,0.0,0.5749302687055787,0.014550733810925824,0.034679010991114895,0.0,0.10284987747843041,0.5208940519944383,0.7365564070303723,0.0,0.0,1.0,0.0191774105628497,0.06511576532584287,0.4592649344921467,0.4605612181582304,0.05020182742669381,0.10471345392770912,0.0,0.0,1.0
gex_possorted_bam_SJSO3:CATGGATTCCAGGTCAx-M1,0.0,0.1296428109949523,0.2671034301434611,0.0,0.0,0.0,0.7860342176042067,0.0,0.2714826669659052,0.0,0.6697638588414809,0.7093672478854787,0.0,1.0,0.0,1.0,1.0,0.02971113027378692,0.09187593788733586,0.0,0.0,0.0,0.0,0.0,0.31011111720026235,0.0,1.0,0.0,0.0,0.0,0.0,0.0,0.0,0.0,1.0,0.0,1.0,0.0,0.0,1.0,0.05947446282110435,1.0,0.15984801089575998,0.20882195040090912,0.0,0.0,0.25674415438229764,1.0,0.0,0.0,0.0,0.0,0.0
gex_possorted_bam_SJSO3:CATGCATAGACAGGCGx-M1,0.03253423932458549,0.0,0.0,0.0,0.17876457765754805,0.0,0.0,0.010761894208053319,0.0,0.0,0.5281071400843332,0.0,0.0,0.0,0.0,0.0,0.582455962842769,0.4291160861842403,0.0,0.7376196094276288,0.3941778873903472,0.4764761924617421,0.1336408533337276,0.4875661681860387,0.0,0.0,0.4996484951372321,0.0,0.0,0.0,0.0,0.07079576873955937,0.09483827286005851,0.01059882306341113,0.3337553364282385,0.0,0.0,0.027652105114079166,0.0,0.11034553709620208,0.007163049685279729,0.0,0.0,0.0,0.0,0.0,0.0,0.3309508807441725,0.0,0.0,0.0,0.0,0.5134729821290401
gex_possorted_bam_SJSO3:CATGGCGGTAACGTGCx-M1,0.0,0.14935017215679683,1.0,0.06383329441418156,0.0,0.0,1.0,0.0,1.0,0.05115617039912863,1.0,0.6594349127619835,0.832397694748905,1.0,0.0,1.0,1.0,0.29004428478479827,1.0,0.0,0.0,0.0,0.0,0.0,1.0,0.2298666022981726,1.0,0.4732473678089996,0.15388472042902793,0.17002029887724343,1.0,0.0,0.0,0.07301616542278734,1.0,0.0,1.0,0.0,0.0,1.0,0.0,1.0,1.0,1.0,0.0,0.0016838520372861128,1.0,1.0,0.2237847653300508,0.0,0.5759120380279661,0.1365791828339149,0.0
gex_possorted_bam_SJSO3:CATCACACAGAGGCTAx-M1,0.0,0.7217552768140102,0.9878686957049003,0.2748139732572795,0.0,0.42610052649281344,1.0,0.0,1.0,0.09275862458300123,1.0,0.8462991135687471,1.0,1.0,0.0,1.0,1.0,1.0,1.0,0.0,0.0,0.0,0.0,0.0,1.0,0.44053665904865774,1.0,0.7498475616804577,0.7002757831485193,0.3806491163161808,1.0,0.023520469481567025,0.0,0.22821838579030926,1.0,0.0,1.0,0.0,0.0,1.0,0.0,1.0,1.0,1.0,0.0,0.15497742731854597,1.0,1.0,0.4110102091134555,0.06110849377281903,0.9574584385759508,0.3177666087906597,0.0
gex_possorted_bam_SJSO3:CATCACACAATCTCTCx-M1,0.0,0.07231325269970407,0.23566983704105315,0.0,0.0,0.0,0.0,0.0,0.0,0.0,1.0,0.0,0.5557042713890891,1.0,0.0,1.0,0.6578098244880337,0.2404457425470064,0.7664972903536701,0.0,0.0,0.0,0.0,0.0,1.0,0.0,1.0,0.0,0.8075416025023351,0.0,0.0,0.26611447317966436,0.0,0.11399547550926033,1.0,0.0,1.0,0.0,0.0,1.0,0.2149700034650711,0.0,0.43585887955924135,0.08017104788523956,0.0,0.0,0.8873749244960419,1.0,0.0,0.0,0.5380716140782318,0.0,0.0
gex_possorted_bam_SJSO3:CATTATGAGCAGGTTTx-M1,0.0,0.0,0.0,0.0,0.0,0.0,0.001992364072038427,0.0,0.4149333696840951,0.0,1.0,0.0,0.0,0.6841946161674904,0.0,0.8226233851200098,1.0,0.7983818343212202,0.41261516858358716,0.0,0.0,0.0,0.0,0.0,0.48338339444536105,0.0,1.0,0.0,0.023019452476322658,0.0,0.0,0.009489880945132092,0.0,0.0,1.0,0.0,1.0,0.0,0.0,0.7252449138944528,0.001289506124446868,1.0,0.2301265258467571,0.0,0.0,0.0,0.22997053970243206,1.0,0.0,0.0,0.0,0.0,0.0
gex_possorted_bam_SJSO3:CATGCGCAGCTCCCTGx-M1,0.020495902476801397,0.0,0.4707247937213337,0.0,0.26810905626089226,0.48071883739111715,0.0,0.004012494818158343,0.0,0.0829757790662887,0.8073476483577567,0.0,0.0,0.0,0.1818134410010633,0.0,0.9682693445380972,0.9169454485862484,0.0,1.0,0.7186390340904819,0.7787193605296189,0.13926184328514038,0.8235362243920966,0.0,0.0,0.26620274199337196,0.0,0.0,0.01839190428953486,0.6841883324813464,0.0,0.1711371404110475,0.0,0.2595873195078101,0.10174079142950601,0.0,0.006175526696734637,0.12348353270596704,0.29786266522922733,0.0,0.0,0.0,0.0,0.10007935139902899,0.016471998158033394,0.0,0.0,0.0,0.019937632881389073,0.0,0.0,0.9703686501046229
gex_possorted_bam_SJSO3:CATCCTCAGGAGTAATx-M1,0.0,0.0,0.0,0.0,0.0,0.0,0.5067708456621909,0.0,0.9219781131911045,0.0,1.0,0.4080785298416583,0.0019417029438673417,1.0,0.0,1.0,1.0,1.0,0.9844472722433858,0.0,0.0,0.0,0.0,0.0,1.0,0.036073904998599735,1.0,0.0,0.01127628718838045,0.0,0.0,0.0,0.0,0.0,1.0,0.0,1.0,0.0,0.0,1.0,0.0,1.0,0.6024352392072353,0.0,0.0,0.0,0.9090316057133236,1.0,0.0,0.0,0.25527698549373756,0.0,0.0
gex_possorted_bam_SJSO3:CATCAATCAGCATGGAx-M1,0.009182217390987636,0.0,0.19795115412425157,0.0,0.3648146615563064,0.05517790444760646,0.0,0.0,0.0,0.0,0.7772287342245706,0.0,0.0,0.0,0.0,0.0,0.856161394271075,0.9686066541694021,0.0,1.0,0.5489887937407842,0.7112398245135533,0.1390256480038712,0.6685273141544125,0.0,0.0,0.4557052485451208,0.0,0.0,0.0,0.0,0.2354425117861483,0.1514404118164801,0.0,0.1755117289394726,0.0,0.0,0.013761484420310282,0.0,0.0,0.004222719331738973,0.0,0.0,0.0,0.0870628295878502,0.0,0.0,0.22869282357936008,0.0,0.0,0.0,0.0,1.0
gex_possorted_bam_SJSO3:CATCCTCAGCAAACCTx-M1,0.0,0.061651698236386845,0.0,0.0,0.0,0.0,0.0,0.05006885019161185,0.0,0.0,0.22180312008228228,0.11256554779495355,0.0,0.0,0.11200065909341465,0.15893349735314063,0.6519399208340166,0.08362949511821154,0.0,1.0,0.20212730022335287,0.24286222850825515,0.012867934944541432,0.4463706496234105,0.0,0.0,0.3926215254213047,0.0,0.0,0.0,0.1150111538580258,0.0,0.025651991922615438,0.0006990278984444048,0.4774651741190844,0.0,0.07796496314508619,0.0,0.05025515394295399,0.4354617277741047,0.088066541086821,0.584735669049673,0.0,0.0,0.0,0.0,0.0,0.3671960095878612,0.0,0.0,0.0,0.0,0.1860880544187628
gex_possorted_bam_SJSO3:CATCCCAGTTAGAGCCx-M1,0.0,0.0,0.0,0.0,0.2799820654405257,0.0,0.0,0.0,0.0,0.0,0.7309310906103396,0.0,0.0,0.0,0.0,0.0,0.7750927954210691,0.7978300013974936,0.0,1.0,0.47451058876122515,0.5662492730314256,0.11958178695897421,0.5719430506876411,0.0,0.0,0.5463517542488178,0.0,0.0,0.0,0.0,0.14893478818205108,0.1149538801249383,0.0,0.2666147332401003,0.0,0.0,0.03276147251835978,0.0,0.0,0.030739394617118828,0.0,0.0,0.0,0.0,0.0,0.0,0.3601496292831898,0.0,0.0,0.0,0.0,0.7472643522213331
gex_possorted_bam_SJSO3:CATCCCAGTCTTGCATx-M1,0.04346393695176361,0.0,0.18258730934389011,0.0,0.34364233067542654,0.1423077263257944,0.0,0.0,0.0,0.0,0.8329528998478449,0.0,0.0,0.0,0.0,0.0,0.8658701017074065,0.9700326911460422,0.0,1.0,0.6609076461250524,0.6073359358762225,0.12171161840125572,0.5476514893341446,0.0,0.0,0.523290443159512,0.0,0.0,0.0,0.0,0.07892745362506072,0.11938690648877946,0.0,0.36350187971764897,0.0,0.0,0.0,0.0,0.1452013876039566,0.0,0.0,0.0,0.0,0.1129796468282543,0.0187433215561284,0.0,0.37968477804900447,0.0,0.0,0.0,0.0,0.7467610144536159
gex_possorted_bam_SJSO3:CATGCGCAGCCGCAACx-M1,0.03627639415007762,0.0,0.0,0.0,0.13359531186693308,0.09050413238677872,0.0,0.0,0.0,0.0,1.0,0.0,0.0,0.0,0.0,0.0,0.9555423685911888,1.0,0.0,0.8886251572126977,0.5262354905502833,0.6825134202338701,0.10701780009523111,0.6904289211933746,0.0,0.0,0.46642176444789524,0.0,0.0,0.0,0.0,0.12823863077596595,0.12615388452971465,0.0,0.23856407716182726,0.0,0.0,0.05120998361950549,0.0,0.0,0.0,0.0,0.0,0.0,0.029261469900294768,0.0,0.0,0.46607644105392476,0.0,0.0,0.0,0.0,0.6330943484880617
gex_possorted_bam_SJSO3:CATGCGCAGGACCTGCx-M1,0.9174780521647625,0.12170300015601894,1.0,1.0,1.0,0.4965777335912299,0.30500908707761004,0.7412678958372748,0.5499419679631283,1.0,0.0,1.0,0.3161118149699749,0.0,1.0,0.0,0.0,0.0,0.33981703767261556,0.2442962212412588,0.5896570632208378,0.8486412915005399,0.9393707952247676,0.43717100284610405,0.7709983625294051,0.8888665224703132,0.0,1.0,0.8639294024741223,0.9258741335059972,0.0,0.28978441208961647,0.9027533980493234,0.826178961404793,0.0,0.9368621564373523,0.0,1.0,1.0,0.0,1.0,0.0,0.9312585110071475,0.0,0.6868051154371315,0.9841160877473147,0.440293077034788,0.0,0.7689944189424431,1.0,0.931877399627355,0.9161495122702887,0.5783092088162513
gex_possorted_bam_SJSO3:CATTATCTCAGGTCCAx-M1,0.01574714756515495,0.0,0.0,0.0,0.4788906749807356,0.20514885434455807,0.0,0.0,0.0,0.0,1.0,0.0,0.0,0.0,0.0,0.0,1.0,1.0,0.0,1.0,0.5385124553073594,0.7308120537057496,0.15267408476245306,0.612877087702423,0.0,0.0,0.5405087168640608,0.0,0.0,0.0,0.0,0.28022164037598196,0.1335749531268261,0.0,0.20811906590538126,0.0,0.0,0.026450666749061484,0.0,0.0,0.04426231756338106,0.0,0.0,0.0,0.08964811444944286,0.0,0.0,0.3785159826573345,0.0,0.029003824597901247,0.0,0.0,1.0
gex_possorted_bam_SJSO3:CATCAGCCACTGACCGx-M1,0.11667775603821594,0.0,0.0,0.0,0.4070813441724722,0.6098170570836261,0.0,0.0,0.0,0.0,1.0,0.0,0.0,0.0,0.0,0.0,1.0,1.0,0.0,1.0,0.6913446933047258,0.8784562262447855,0.23315093236656834,0.7325146392656194,0.0,0.0,0.445230333251287,0.0,0.0,0.0017871727884787405,0.0,0.32933804137022915,0.24061673400554276,0.0,0.2038088522717186,0.0006054291617755451,0.0,0.058069050841049775,0.001272079607227832,0.0,0.0,0.0,0.0,0.0,0.18869464903168656,0.02986552075863287,0.0,0.3126096020549437,0.0,0.1528391949600288,0.0,0.023648029738066623,1.0
gex_possorted_bam_SJSO3:CATGGATTCCCGAAGCx-M1,0.0,0.30422616352632803,1.0,0.01792959063568689,0.0,0.0,1.0,0.0,0.8693671021367068,0.0,1.0,1.0,0.030221359058371578,1.0,0.0,1.0,1.0,0.8485629223687849,1.0,0.0,0.0,0.0,0.0,0.0,1.0,0.061411839248774025,1.0,0.2471904276999469,0.0,0.0,0.47579659298811544,0.0,0.0,0.0,1.0,0.0,1.0,0.0,0.0,1.0,0.058816493433968275,1.0,1.0,1.0,0.0,0.0,1.0,1.0,0.036403490155006726,0.0,0.19533734904180058,0.0,0.0
gex_possorted_bam_SJSO3:CATGCGGGTGCTCACCx-M1,0.0,0.0,0.0,0.0,0.0,0.0,0.3981320960954059,0.0,0.949652974268019,0.0,1.0,0.22595473374825786,0.0,1.0,0.0,1.0,1.0,0.8060193146375713,0.831150107033047,0.0,0.0,0.0,0.0,0.0,1.0,0.0,1.0,0.0,0.12812928282583966,0.0,0.0,0.0,0.0,0.0,1.0,0.0,1.0,0.0,0.0,0.9288502891259017,0.0,1.0,0.7042000004385539,0.0,0.0,0.0,0.8376246142096669,1.0,0.0,0.0,0.1909020922776621,0.0,0.0
gex_possorted_bam_SJSO3:CATTATGAGGAACGCGx-M1,0.0,0.0,0.0,0.03858859248511639,0.0,0.0,0.2371358162507211,0.10893192827006085,0.0,0.0,0.0,0.22023062274952432,0.0,0.0,0.16744090860057634,0.0,0.21921937022207869,0.0,0.0,0.6672168503128845,0.09409051551181884,0.15811439273016237,0.021232383439602733,0.5144527820173678,0.0,0.0,0.6347406608789843,0.0,0.04689148499460959,0.0,0.0,0.0,0.12421053625841474,0.19637481798534037,0.5178471960633916,0.02580071130341107,0.07268622506550375,0.008176371639860382,0.12104611238984228,0.40212373043933064,0.26400804693713614,0.3682417407265481,0.0,0.0,0.0,0.0,0.0,0.13756296409278748,0.0,0.0,0.0,0.0,0.0
gex_possorted_bam_SJSO3:CATCATAAGCAGCTCAx-M1,0.014607043244825027,0.03957292082948072,0.0,0.044654673982464685,0.0,0.0,0.0,0.10581160513791975,0.0,0.2206910216299774,0.16204398377447377,0.0,0.0,0.0,0.10373127955399766,0.13021683875301882,0.3218940486739998,0.0,0.0,0.889150964276128,0.31538147609007733,0.396113613817981,0.14161047578255107,0.5601347478603783,0.0,0.0,0.4452645448902614,0.00880454934855567,0.0,0.0009557227633308374,0.395617928193772,0.0,0.12299992497440161,0.11885652323820257,0.4209183404284177,0.10031718121571472,0.1453758516441973,0.08225010190116465,0.10116080107365434,0.43726791819616095,0.070205739069094,0.26466041174523963,0.0,0.0,0.12159920114460493,0.042627406328226106,0.0,0.29686369766372234,0.015409663825704984,0.0,0.0,0.03880658765851501,0.2211347389052691
gex_possorted_bam_SJSO3:CATCACACAGTTGCGTx-M1,0.0,0.3341283427372042,0.21239005529856306,0.0,0.0,0.0,0.6228392626606346,0.054478976495770874,0.0,0.1012891529770478,0.18858570365679653,0.802400502019543,0.0,0.05436948346015973,0.13876335582864993,0.6106569464855591,0.620328597901685,0.0,0.0,0.3790819057473078,0.0,0.0,0.0,0.1704819043332526,0.0,0.0,0.7218486133626275,0.0,0.0,0.0,0.448578886443321,0.0,0.0,0.07128338474596967,0.9645464390436105,0.00898859381039638,0.5650437367986568,0.0,0.015002188521123115,0.8709911837154634,0.13439817107871874,1.0,0.0,0.0,0.0,0.0,0.0,0.8985137482009621,0.0,0.0,0.0,0.0,0.0
gex_possorted_bam_SJSO3:CATTATGAGGTTAGCTx-M1,0.0,0.2844899856531549,1.0,0.030764188823551027,0.0,0.05598824334161651,1.0,0.0,1.0,0.12133393971433704,1.0,0.3098839181293658,0.6853384840650328,1.0,0.0,1.0,1.0,0.5090270243331309,0.6931788891686764,0.0,0.0,0.0,0.0,0.0,1.0,0.1781926937595366,1.0,0.3569295367210271,0.18804567654821938,0.021340064767088968,1.0,0.12740325979401235,0.0,0.05503073195782886,1.0,0.0,1.0,0.0,0.0,1.0,0.06267234760040827,1.0,1.0,1.0,0.0,0.011719953237297881,1.0,1.0,0.21506369703647882,0.1253279713864568,0.2788895889551026,0.070040004528947,0.5073859391411844
gex_possorted_bam_SJSO3:CCAAGGCTCTTACTCGx-M1,0.01965981249403516,0.0,0.0,0.0,0.16500840297074307,0.02294323695202689,0.0,0.0,0.0,0.0,0.8608866212505644,0.0,0.0,0.0,0.0,0.0,0.8781202956982387,1.0,0.0,1.0,0.5043170787802044,0.6875452843361238,0.09562508549061884,0.6434764261387382,0.0,0.0,0.45922648275932104,0.0,0.0,0.0,0.0,0.14798414458269257,0.12883735189378545,0.0,0.21645759987156157,0.0,0.0,0.02279960428753451,0.0,0.0,0.0,0.0,0.0,0.0,0.019871842507832697,0.0,0.0,0.36942765654540316,0.0,0.0,0.0,0.0,0.730076504475277
gex_possorted_bam_SJSO3:CATTGCGAGTATTGGCx-M1,0.010924025011641778,0.0,0.26824106834102673,0.0,0.23387674802205974,0.0,0.0,0.03178499641322994,0.09158150491766814,0.0,0.46997934721592155,0.0,0.0,0.0,0.0,0.0,0.6878544799662779,0.43515475526815445,0.0,0.8840978405330221,0.35576326845015216,0.40097360696266915,0.100740658736967,0.36351150793823617,0.0,0.0,0.7020194462290561,0.0,0.0,0.0,0.0,0.1379100045323145,0.1100133790218924,0.0,0.41632008406655374,0.0,0.0982372714650355,0.0,0.0,0.11142061963977196,0.12659902968252906,0.08678339149434493,0.0,0.0,0.001988630709999518,0.0,0.0,0.6498805243119768,0.0,0.07923880710615033,0.0,0.0,0.7307161476468427
gex_possorted_bam_SJSO3:CCAACCCGTAGCTAGCx-M1,0.0,0.0,0.0,0.0,0.0,0.0,0.3297662160805045,0.0,0.7812559830776156,0.0,0.9426406422980363,0.26298560016388095,0.0,1.0,0.0,1.0,0.9128117738600977,0.1588252203107246,0.42112751778549745,0.0,0.0,0.0,0.0,0.0,0.695943884772121,0.0,1.0,0.0,0.06494001285426236,0.0,0.0,0.0,0.0,0.0,1.0,0.0,1.0,0.0,0.0,0.9056008575087542,0.0,1.0,0.6299525231789939,0.12076232954960074,0.0,0.0,0.5497169961039831,1.0,0.0,0.0,0.10317066108722384,0.0,0.0
gex_possorted_bam_SJSO3:CCACTTGGTTCCGGCTx-M1,0.02358330012302606,0.1399527282284323,1.0,0.0698476889864959,1.0,1.0,1.0,0.534456293970619,0.6318593022440493,0.0696787559487861,1.0,0.0,0.18696908158876357,0.03166146551958749,0.0,0.0,1.0,1.0,0.2503613553115528,1.0,0.8875341212995557,0.8283034729882532,0.17625437288842533,0.2905559708727327,0.24627849778658478,0.06278266895841082,0.9315656834519528,0.0,0.3391820663279261,0.0,0.2938086022777697,0.7879654619792978,0.18467908177043554,0.0,0.5358646029203727,0.05946333442917908,0.0,0.0030239159371647333,0.2471072359674826,0.4519617109719895,1.0,0.0,0.0,1.0,0.0340708166430074,0.1651541791913399,0.8510949382592925,0.24065694036092677,0.10350482951615678,0.18034847517470542,0.0,0.0,1.0
gex_possorted_bam_SJSO3:CCAACCAAGAGGGACTx-M1,0.0,0.0,0.12802727669000602,0.0,0.0,0.0,0.0,0.0,0.2598241210567765,0.0,0.9261488448147006,0.0,0.0,0.3337128741125861,0.0,0.5791676149006125,0.9029485283749354,0.2605145774698489,0.0,0.0,0.0,0.0,0.0,0.0,0.21569380695940876,0.0,1.0,0.0,0.0,0.0,0.0,0.01870401397427363,0.0,0.0,1.0,0.0,1.0,0.0,0.0,0.6842450322603569,0.0,0.8582731138948297,0.12979568805744948,0.11705476973290721,0.0,0.0,0.4043241626774669,1.0,0.0,0.0,0.0,0.0,0.05717766454507002
gex_possorted_bam_SJSO3:CCACAATAGCAGGCCTx-M1,0.0,0.17180443655171604,1.0,0.017001846851598158,0.0,0.0,1.0,0.0,1.0,0.0,1.0,0.9604465425804165,0.43179336148536057,1.0,0.0,1.0,1.0,0.0,0.6636522621421785,0.0,0.0,0.0,0.0,0.0,1.0,0.11185000048361751,1.0,0.21211274095081126,0.18674276314558932,0.0,0.7423883070505627,0.0,0.0,0.0,1.0,0.0,1.0,0.0,0.0,1.0,0.0004679717762499599,1.0,1.0,1.0,0.0,0.0,1.0,1.0,0.09313795475411082,0.0,0.397521423090906,0.04128783673577109,0.0
gex_possorted_bam_SJSO3:CATTATGAGGTCCTAGx-M1,0.5156822611100854,0.3050035860039518,0.13174687566473076,0.3112545228744719,0.9413822135491131,1.0,0.0,0.2539039896389271,0.0,0.41728816542665875,1.0,0.0,0.0,0.0,0.6398391148233192,0.0,1.0,1.0,0.7159339654899689,1.0,1.0,1.0,0.595029178757132,1.0,0.0,0.2107685624524666,0.09914035964193844,0.3982637469271552,0.5078075057552783,0.38418634826035175,1.0,0.5971167847846638,0.5299128684868204,0.22856784574444022,0.1652496720145151,0.5611417405100652,0.0,0.4543897066663295,0.5383031233734831,0.06624179586897909,0.0,0.006578158574348744,0.0,0.15689330683045016,0.7673257927497289,0.44475640665588706,0.0,0.18939489779549898,0.32079178386484464,0.49926174752847846,0.0,0.5371107996304041,1.0
gex_possorted_bam_SJSO3:CATTCCTCACGGTACTx-M1,0.0,0.0,0.0,0.0,0.0,0.0,0.0,0.03129291902332139,0.0,0.0,0.19067534781370868,0.0,0.0,0.0,0.049469707189452594,0.0,0.32656110966525603,0.0,0.0,0.8695547514738401,0.2589083595961754,0.36089494989601967,0.04317810638191984,0.4662259576358567,0.0,0.0,0.4782499295215429,0.0,0.0,0.0,0.23481456122729774,0.0,0.047441716670243446,0.062028924015985094,0.48577927079687594,0.026235708936912936,0.10413948876042842,0.0,0.00854545479116483,0.3986952058981824,0.0,0.07737425660584468,0.0,0.0,0.0,0.0,0.0,0.20338191150065366,0.0,0.0,0.0,0.0,0.5017666448437799
gex_possorted_bam_SJSO3:CATTCATTCCTAACGGx-M1,0.0346827798692799,0.0,0.0,0.0,0.3317325725488246,0.09350695763928858,0.0,0.0,0.0,0.0,0.8479615272658589,0.0,0.0,0.0,0.0,0.0,0.7930675268036127,1.0,0.0,1.0,0.5928039162570933,0.7548748517637291,0.1419958151094007,0.6948155268991808,0.0,0.0,0.4083537310579006,0.0,0.0,0.0,0.0,0.10253429375396823,0.14908001239610358,0.0,0.204808446095823,0.0,0.0,0.0,0.0,0.0,0.0,0.0,0.0,0.0,0.09108578366534024,0.0,0.0,0.11307983169089053,0.0,0.0,0.0,0.0,1.0
gex_possorted_bam_SJSO3:CCAATATCATGATTGTx-M1,0.0,0.0,0.02904729720348489,0.0,0.0,0.0,0.4894944326010159,0.0,1.0,0.0,1.0,0.38517342299278395,0.0770896343800766,1.0,0.0,1.0,0.9399657435958,0.025739272868046188,0.40887308883798656,0.0,0.0,0.0,0.0,0.0,0.9568523144507523,0.002462817623571941,1.0,0.0,0.10335242783993012,0.0,0.0,0.018591030392897872,0.0,0.0,1.0,0.0,1.0,0.0,0.0,1.0,0.0,1.0,0.8788708098356927,0.9209930827127623,0.0,0.0,1.0,1.0,0.0,0.0,0.16325063840275542,0.0,0.0
gex_possorted_bam_SJSO3:CATTCCTCACATTGCAx-M1,0.0,0.013425862990034293,0.22930316546267387,0.004958363668431193,0.0,0.0,0.9184698854304718,0.0,1.0,0.0,1.0,0.42489767261435735,0.4730376896874242,1.0,0.0,1.0,1.0,0.33982609579923845,0.8523941631575849,0.0,0.0,0.0,0.0,0.0,1.0,0.07956603332269921,1.0,0.011639340437448286,0.33362501629761115,0.0,0.0711009332297606,0.0,0.0,0.0,1.0,0.0,1.0,0.0,0.0,1.0,0.0,1.0,1.0,1.0,0.0,0.0,1.0,1.0,0.0,0.0,0.37597971109528705,0.0167366574030359,0.0
gex_possorted_bam_SJSO3:CCACATTGTTTAAAGCx-M1,0.0222959488424458,0.0,0.2689689183270242,0.0,0.5928203097956625,0.3018482885195282,0.0,0.0,0.0,0.0,0.9640000574611033,0.0,0.0,0.0,0.0024227894587728438,0.0,1.0,1.0,0.0,1.0,0.6925894256349422,0.8442690256678832,0.1652547449074369,0.83003601235347,0.0,0.0,0.429381867861636,0.0,0.0,0.04234950798772209,0.0,0.3598115271549189,0.1923686159378473,0.0,0.14917277033842083,0.0,0.0,0.0018902479478322249,0.0,0.0,0.0010296655850403156,0.0,0.0,0.0,0.1494265666015735,0.0,0.0,0.3035532560123611,0.0,0.08687079995783413,0.0,0.0,1.0
gex_possorted_bam_SJSO3:CCAAATCAGAGAAGGGx-M1,0.0,0.17101535116510733,0.5591118449396736,0.0831085431870467,0.0,0.0,1.0,0.0,1.0,0.0,0.9742266376312422,0.9252269312028576,0.7387198206628937,1.0,0.0,1.0,0.8326316903401174,0.0,0.8560742134239531,0.0,0.0,0.0,0.0,0.0,1.0,0.1973363708823008,1.0,0.21866254105347996,0.6153686413084661,0.051106095268216065,0.5055360658195046,0.0,0.0,0.037375323937964035,1.0,0.0,1.0,0.0,0.0,1.0,0.0,1.0,1.0,1.0,0.0,0.008504586751313969,1.0,1.0,0.10242019889162449,0.0,0.5932697129360696,0.12120818637160576,0.0
gex_possorted_bam_SJSO3:CCAAGTTAGTTCCCACx-M1,0.0,0.0,0.0,0.0,0.0,0.0,0.0,0.0,0.0,0.0,0.5653351401288095,0.0,0.0,0.0,0.0,0.0,0.7659358013314613,0.40842019650462247,0.0,0.5007861023767346,0.19988598102670538,0.22466130686174715,0.020942220283020348,0.40968464918303177,0.0,0.0,0.5723655692370063,0.0,0.0,0.0,0.0,0.0,0.0130354154908151,0.0,0.5901093406631369,0.0,0.11150443564896467,0.0,0.0,0.24657725432785174,0.0,0.4591800806505924,0.0,0.0,0.0,0.0,0.0,0.75596324548484,0.0,0.0,0.0,0.0,0.08060698291532256
gex_possorted_bam_SJSO3:CCACTTGGTCGCATAAx-M1,0.0,0.17406469364267826,1.0,0.06706772297612712,0.0,0.0,1.0,0.0,1.0,0.10457086502849823,1.0,1.0,0.7017917435361957,1.0,0.0,1.0,1.0,0.3231246034346065,0.9319601796499515,0.0,0.0,0.0,0.0,0.0,1.0,0.19658841131954846,1.0,0.5681636159156337,0.0,0.17708625989402543,1.0,0.0,0.0,0.09025212095511136,1.0,0.0,1.0,0.0,0.0,1.0,0.041897354566272055,1.0,1.0,1.0,0.0,0.0,1.0,1.0,0.26051700124684274,0.0,0.5322039318941157,0.0958542079562641,0.0
gex_possorted_bam_SJSO3:CCAAACTAGACTTATGx-M1,0.0,0.0,0.9891687497154837,0.0,0.0,0.0,1.0,0.0,1.0,0.0,1.0,0.7124466262201854,0.31309648984837785,1.0,0.0,1.0,1.0,0.18259775527241687,0.6422459070563891,0.0,0.0,0.0,0.0,0.0,1.0,0.07810538473071417,1.0,0.13633863698729617,0.0,0.0,0.3398447950585644,0.0,0.0,0.0,1.0,0.0,1.0,0.0,0.0,1.0,0.0,1.0,1.0,1.0,0.0,0.0,1.0,1.0,0.021692829490643106,0.0,0.2872557971804085,0.0,0.0
gex_possorted_bam_SJSO3:CCAAGGCTCAGTATTGx-M1,0.07806281501129893,0.0,0.0,0.0,0.4993938671084473,0.3112813177722558,0.0,0.0,0.0,0.0,1.0,0.0,0.0,0.0,0.03872807299341027,0.0,0.9134364166137494,0.9766352956292254,0.0,1.0,0.7304048602651644,0.8704171495843855,0.18126448219523006,0.759715029753696,0.0,0.0,0.39722962827770125,0.0,0.0,0.01639619001088622,0.0,0.12753276374147698,0.17965298605455637,0.0,0.1804660460401081,0.029612908811556433,0.0,0.04672897799370605,0.039780137019414824,0.027909198276279214,0.0,0.0,0.0,0.0,0.14904031623242703,0.013985327481868825,0.0,0.1867472211180646,0.0,0.0,0.0,0.017561392256721917,1.0
gex_possorted_bam_SJSO3:CCAAACTAGCTAAAGGx-M1,0.0,0.0,0.3950421874872232,0.0,0.0,0.0,0.9226278879571983,0.0,1.0,0.0,1.0,0.4652598229084204,0.15473617567334735,1.0,0.0,1.0,1.0,0.6131266722728785,0.8137261177697928,0.0,0.0,0.0,0.0,0.0,1.0,0.027258081372795458,1.0,0.0,0.11434928021335324,0.0,0.0,0.0,0.0,0.0,1.0,0.0,1.0,0.0,0.0,1.0,0.0,1.0,0.9913874663886518,1.0,0.0,0.0,0.9470442054224941,1.0,0.0,0.0,0.11573477220841676,0.0,0.0
gex_possorted_bam_SJSO3:CCAAGTTAGACAACAGx-M1,0.0,0.3088135534361429,0.20971202325412927,0.0,0.0,0.0,0.4777571441286667,0.06355326422184451,0.0,0.11233455027922323,0.0,0.32456185161340245,0.0,0.0,0.3091361490214952,0.06950118626681623,0.6595659097906373,0.0,0.0,1.0,0.14879999263014995,0.2658749619754138,0.0,0.49928842511778126,0.0,0.0,0.27383952310105536,0.0,0.0,0.0,0.4750378280653823,0.0,0.02602253760765479,0.14548891307620723,0.40972580389214047,0.020511751631828876,0.041484641778075315,0.0,0.1577662124533982,0.5222072384304841,0.17840055320740986,0.6938257070316962,0.0,0.0,0.0,0.0,0.0,0.0,0.0,0.0,0.0,0.0,0.09240984509408316
gex_possorted_bam_SJSO3:CCAATATCAGTTAAAGx-M1,0.0,0.31760282853102145,1.0,0.0681972949649932,0.0,0.0,1.0,0.0,1.0,0.0,1.0,0.8310217584009223,0.9574112877183272,1.0,0.0,1.0,1.0,0.398210588098106,1.0,0.0,0.0,0.0,0.0,0.0,1.0,0.23170399448076942,1.0,0.33165654766507296,0.38216865387586035,0.04651666255725687,1.0,0.031066380798591035,0.0,0.07391529168166894,1.0,0.0,1.0,0.0,0.0,1.0,0.0,1.0,1.0,1.0,0.0,0.028730712174240513,1.0,1.0,0.21181034997138565,0.0,0.49241833204913404,0.15410508677344803,0.0
gex_possorted_bam_SJSO3:CCAACCAAGGCGCACTx-M1,0.0,0.0,0.0,0.0,0.05480078643390527,0.0,0.0,0.0,0.0,0.0,0.9466198196399019,0.0,0.0,0.0,0.0,0.0,0.8743311045680228,0.8396028279603418,0.0,0.17514111978355573,0.1758208989417329,0.24171997351947433,0.038469969995760966,0.23326562548527652,0.0,0.0,0.9057297168035,0.0,0.0,0.0,0.0,0.17028265033072446,0.0,0.0,0.6573901106831991,0.0,0.4002403438190819,0.0,0.0,0.1800751653949715,0.0152388539665548,0.2970005584143129,0.0,0.0,0.0,0.0,0.0,1.0,0.0,0.0,0.0,0.0,0.4226523394643788
gex_possorted_bam_SJSO3:CCAAACCCAGGCAAGCx-M1,0.05313970586701417,0.0,0.0,0.0,0.2950780941218994,0.17269786496556444,0.0,0.0,0.0,0.0,1.0,0.0,0.0,0.0,0.0,0.0,0.9383564267385438,1.0,0.0,0.634267834545947,0.41775291660855696,0.6459073254689631,0.15207568905252838,0.5308269203146703,0.0,0.0,0.5326590993974674,0.0,0.0,0.0,0.0,0.14532588010562467,0.12130778435119065,0.0,0.2710755632755761,0.0,0.0,0.05757081882844571,0.0,0.0,0.02031415565782277,0.0,0.0,0.0,0.0,0.0,0.0,0.4137662635308924,0.0,0.0,0.0,0.0,0.7138184232779817
gex_possorted_bam_SJSO3:CCAAGGCTCATGCTTTx-M1,0.1597984265471639,0.0,0.1985659576926775,0.038868638517844126,0.4681837679836839,0.45391712849676463,0.0,0.13934020942719436,0.0,0.0,0.8741907932634629,0.0,0.0,0.0,0.11081549059191569,0.0,1.0,1.0,0.0,1.0,0.7883878085763046,0.8273584743212306,0.25904349676860483,0.6785543654879312,0.0,0.01629106994213885,0.4098381063624667,0.0,0.0,0.08020753136148687,0.0,0.26626439347878245,0.32536418361548425,1.8801463140388635e-05,0.20826632240284626,0.06362175961562508,0.0,0.08800874321228741,0.13218162169769743,0.0,0.23789316690815948,0.0,0.0,0.0,0.30479885326883444,0.02741492248797299,0.0,0.2514506076093055,0.008799566888320343,0.17325534194717868,0.0,0.0,1.0
gex_possorted_bam_SJSO3:CCAAACCCACAATTACx-M1,0.15528001396066843,0.0,0.3609734650119052,0.06312037575492233,0.6717578663163714,0.8438199561835591,0.0,0.011598588783373718,0.0,0.22704244950913263,1.0,0.0,0.0,0.0,0.3025831008922655,0.0,1.0,1.0,0.0,1.0,0.8380469349838227,0.9591689403946595,0.3189155125702522,0.8839472808534681,0.0,0.0,0.26508857276873515,0.0,0.0,0.22203343563315642,0.4449494791117059,0.2049300430242357,0.2779250668867821,0.02725921326619921,0.22549168751108556,0.2014449032746488,0.0,0.0682872090691896,0.1656469327768539,0.09140164750269414,0.0,0.0,0.0,0.0,0.20215879229275568,0.16560583167918308,0.0,0.0042214347945546465,0.09195066466279636,0.272991815721449,0.0,0.11680584006738107,1.0
gex_possorted_bam_SJSO3:CCAAGGCTCTTAGCCCx-M1,0.0,0.0,0.06131182391291843,0.0,0.2620522488477847,0.21060666001244996,0.0,0.03717200802193208,0.0,0.0,0.8814195661216117,0.0,0.0,0.0,0.0,0.0,1.0,1.0,0.0,1.0,0.5939029417128964,0.7200587896738737,0.09919113072071065,0.6402279099249547,0.0,0.0,0.5031116726582843,0.0,0.0,0.0,0.0,0.18348674657040964,0.14690898918858786,0.0,0.21733108587994668,0.0,0.0,0.0,0.0,0.0,0.02362267971062895,0.0,0.0,0.0,0.0,0.0,0.0,0.30917666764019897,0.0,0.0,0.0,0.0,1.0
gex_possorted_bam_SJSO3:CCACAGGGTGGATGTCx-M1,0.0,0.0,0.3292472122349765,0.0,0.0,0.0,0.7132842520023257,0.0,1.0,0.0,1.0,0.5319056789722623,0.05911156755134501,1.0,0.0,1.0,1.0,0.051704506185506795,0.5122613369243428,0.0,0.0,0.0,0.0,0.0,1.0,0.009269676510528378,1.0,0.0,0.06775966063083823,0.0,0.0,0.0,0.0,0.0,1.0,0.0,1.0,0.0,0.0,1.0,0.0,1.0,1.0,1.0,0.0,0.0,0.9722221998129371,1.0,0.0,0.0,0.22032956395107842,0.0,0.0
gex_possorted_bam_SJSO3:CCAGACTCAATCTCTCx-M1,0.012423931534007292,0.0,0.0,0.0,0.3657418781415948,0.1220563282243067,0.0,0.0,0.0,0.0,0.8602033773871911,0.0,0.0,0.0,0.0,0.0,0.8645117160317652,1.0,0.0,1.0,0.5870082400266815,0.7406740381948288,0.13452951519236314,0.7268023336386479,0.0,0.0,0.44497923789432736,0.0,0.0,0.0,0.0,0.16181462743918965,0.12958636552340824,0.0,0.16713803629251403,0.0,0.0,0.009469663701241863,0.0,0.0,0.0,0.0,0.0,0.0,0.014301234609522541,0.0,0.0,0.29270844165799625,0.0,0.0,0.0,0.0,0.8707064003548971
gex_possorted_bam_SJSO3:CCAAACTAGCACGTTGx-M1,0.10546310917374394,0.0,0.0,0.0,0.42535482178297634,0.30037187460514203,0.0,0.0,0.0,0.0,0.9202651924520936,0.0,0.0,0.0,0.03874789321264178,0.0,0.8695954756343705,1.0,0.0,1.0,0.6521204625124267,0.7651003421400615,0.23217218672623946,0.6646453613523409,0.0,0.0,0.4138930828728102,0.0,0.0,0.03951839436482742,0.0,0.15252888688901645,0.19123287000652578,0.0,0.18179760197869393,0.009989695730540347,0.0,0.0914827289559329,0.004367628861206677,0.0,0.0,0.0,0.0,0.0,0.07304314625084472,0.0010854034312692004,0.0,0.3040419366779741,0.0,0.045342867992835025,0.0,0.0,0.7690929546765252
gex_possorted_bam_SJSO3:CCACATTGTAGCCATAx-M1,0.013832152476586021,0.0,0.38997445845125317,0.0,0.4625330161750283,0.25208209718007757,0.0,0.07835492920043256,0.0,0.0,0.9471191327529509,0.0,0.0,0.0,0.04883941947621042,0.0,1.0,1.0,0.0,1.0,0.6821154398505858,0.7276906637086575,0.12407608879930965,0.5961252311567183,0.0,0.0,0.6305992070691574,0.0,0.0,0.0,0.0,0.22203503816351394,0.1689089689040024,0.0,0.26097882790408805,0.0,0.0,0.0,0.005064199154761637,0.028233146132969816,0.22088189334720756,0.0,0.0,0.0,0.06914745537615094,0.0,0.0,0.27505934242542024,0.0,0.0,0.0,0.0,1.0
gex_possorted_bam_SJSO3:CCAACCCGTCATAAGTx-M1,0.0,0.0,0.0,0.0,0.019529579158317885,0.0,0.0,0.0,0.0,0.0,0.4996303890255757,0.0,0.0,0.0,0.0,0.0,0.5564021355938886,0.359722165980809,0.0,1.0,0.44500674461998646,0.520157141247143,0.05663823919896661,0.6018628348653005,0.0,0.0,0.48721607717223364,0.0,0.0,0.0,0.07864508394225632,0.0,0.06995577000696025,0.0,0.3440800016503994,0.0,0.005237691049184946,0.0,0.0,0.21080875355190865,0.0,0.0,0.0,0.0,0.0,0.0,0.0,0.10519587814137417,0.0,0.0,0.0,0.0,0.6776409450154396
gex_possorted_bam_SJSO3:CATTGTGCATAACGGGx-M1,0.18201400834813747,0.0,0.0,0.031448836496382686,0.42612082399822543,0.39764507698573975,0.0,0.09478143204631644,0.0,0.05865143217844924,0.8562171656076889,0.0,0.0,0.0,0.23532881056161634,0.0,0.7940318235729286,0.9281466512526292,0.0,1.0,0.7338854589966957,0.8637244206248813,0.2404871761125001,0.7996679886733322,0.0,0.0,0.2868372731270536,0.0,0.08590998688656876,0.042223553362857005,0.039318478330035864,0.2855493948552908,0.2541050110590872,0.00670938907235428,0.24872713722339188,0.15168871507800513,0.0,0.1085245390620407,0.12627421756675702,0.08766294030132178,0.0,0.0,0.0,0.0,0.3228179401681503,0.08543358924966103,0.0,0.09968916225920126,0.04058284084664542,0.06756741604951501,0.0,0.1446186178651197,1.0
gex_possorted_bam_SJSO3:CCAAACCCAAGCTAAAx-M1,0.07385286555538725,0.0,0.0,0.0,0.20169813435793102,0.26665470843136846,0.0,0.0,0.0,0.0,1.0,0.0,0.0,0.0,0.0,0.0,0.9505244599530743,1.0,0.0,0.8298017533009143,0.580834141373868,0.732439093010713,0.16756126506787714,0.700407021279278,0.0,0.0,0.43132932850037853,0.0,0.0,0.0,0.0,0.12734192981353573,0.12744766153380532,0.0,0.2559567512470629,0.0,0.0,0.02814284158120503,0.0,0.0,0.0,0.0,0.0,0.0,0.05432431449800211,0.0,0.0,0.37405426411512477,0.0,0.0,0.0,0.0,0.802673603899941
gex_possorted_bam_SJSO3:CCAACATAGTGATTCAx-M1,0.0,1.0,1.0,0.08298209711857207,0.0,1.0,1.0,0.0,0.02867561566370776,0.16374119145839214,1.0,1.0,0.01165318918401007,1.0,0.019802371550872885,1.0,1.0,1.0,1.0,0.0,0.0,0.0,0.0,0.0,0.9889724822656482,0.06527011694172599,1.0,0.19173247273848465,0.0,0.16353569756517997,0.22640660979387042,0.0,0.0,0.0022264931718738888,1.0,0.0,1.0,0.0,0.0,1.0,0.38421625886947774,1.0,0.44302585696375896,0.929412227665445,0.0,0.0,0.5806970930719858,1.0,0.10626098341734727,0.0,0.0,0.0,0.0
gex_possorted_bam_SJSO3:CCATAATCACAAAGACx-M1,0.0,0.0,0.09359043595539583,0.0,0.24882741777993672,0.11691007383677018,0.0,0.0,0.0,0.0,0.6483961556288752,0.0,0.0,0.0,0.0,0.0,0.7674415989472171,0.6662192905391829,0.0,1.0,0.6038288074746526,0.6815830015462815,0.12493447097217784,0.6435920925218396,0.0,0.0,0.36485441484585235,0.0,0.0,0.0,0.0,0.02837334147114158,0.1392016839526079,0.0,0.23022903678319198,0.0009362158552303085,0.0,0.0,0.0,0.08463577990977297,0.0,0.0,0.0,0.0,0.06196531271334438,0.0,0.0,0.2120607719463354,0.0,0.0,0.0,0.0,0.8069334716536734
gex_possorted_bam_SJSO3:CCAGGATGTAACAGGGx-M1,0.03328881124179457,0.0,0.170096003538446,0.0,0.6237572477855738,0.3225216280275762,0.0,0.0,0.0,0.0,0.9204897767705772,0.0,0.0,0.0,0.0,0.0,0.9020546863382275,1.0,0.0,1.0,0.6204076264611551,0.8174574802871767,0.18792734051814813,0.6966648863036676,0.0,0.0,0.4009079394794028,0.0,0.0,0.02809209229082821,0.0,0.23350788327476502,0.15614409497559087,0.0,0.1766497739944745,0.008857383835719108,0.0,0.03375911188058089,0.0,0.0,0.0,0.0,0.0,0.0,0.11874595279464596,0.0,0.0,0.14794624670740686,0.0,0.11454372366558582,0.0,0.0,1.0
gex_possorted_bam_SJSO3:CCAGCCTGTAAATTGCx-M1,0.0,0.0,0.30188702873990675,0.0,0.0,0.0,0.9211530902088547,0.0,1.0,0.0,1.0,0.2897989796194396,0.51579408283887,1.0,0.0,1.0,1.0,0.6080968330104992,0.8651318611928447,0.0,0.0,0.0,0.0,0.0,1.0,0.0834858229834793,1.0,0.038499832408646135,0.24320729662525778,0.0,0.0,0.02264739876986145,0.0,0.0,1.0,0.0,1.0,0.0,0.0,1.0,0.0,1.0,0.9491990666848426,1.0,0.0,0.0,1.0,1.0,0.0,0.0,0.4260822631262825,0.006968595867677742,0.0
gex_possorted_bam_SJSO3:CCATAGCCACTGGCTGx-M1,0.0,0.0,0.0,0.0,0.0,0.0,0.7211792841308409,0.0,1.0,0.0,1.0,0.1925614214594759,0.28034956206659545,1.0,0.0,1.0,1.0,1.0,1.0,0.0,0.0,0.0,0.0,0.0,1.0,0.04270201132666477,1.0,0.0,0.2657315719346999,0.0,0.0,0.0,0.0,0.0,1.0,0.0,1.0,0.0,0.0,1.0,0.0,1.0,0.8290784127575664,0.15839630356069326,0.0,0.0,1.0,1.0,0.0,0.0,0.43156851272235947,0.0,0.0
gex_possorted_bam_SJSO3:CCATCACTCACGAATCx-M1,0.0,0.7889463328780538,1.0,0.09185693119301629,0.3331481248123955,0.5167753962147031,1.0,0.3064015847367983,0.1364811383186966,0.9239666900815227,0.0,0.30088269471738865,0.0,0.0,0.5812586171129575,0.345464933146065,0.5217053386697269,0.0,0.0,1.0,0.5425476576161142,0.5893544364402062,0.20612659890845053,0.6483412580384431,0.0,0.0,0.13730103741207833,0.39789234977035615,0.16224589069852052,0.12746159533230847,1.0,0.0,0.24473001617367102,0.2753611312723817,0.43059213781384387,0.3742142460807924,0.30787418671792693,0.016191460430151697,0.37868734438030704,1.0,0.3340788966744186,0.28267018358759016,0.0,1.0,0.253742810492835,0.2140531861844536,0.0,0.0,0.34365460346829846,0.5438295034461161,0.03243299844375627,0.07582558295326956,1.0
gex_possorted_bam_SJSO3:CCATCATGTAAGCTCAx-M1,0.23952634632535044,0.046769155728096284,1.0,0.12574003066413836,0.8856540253764078,1.0,0.0,0.19206148407637416,0.0,0.39729407914932346,1.0,0.0,0.18493344345613794,0.0,0.30157908824620694,0.0,1.0,1.0,0.0,1.0,1.0,1.0,0.351185745514072,0.9215052666649712,0.0,0.09100808553080389,0.35257945569468285,0.169239973340781,0.0,0.3106886975881907,1.0,0.5042592012467969,0.4343176813437574,0.029856042011606857,0.21623655024942126,0.2761077881824252,0.0,0.1377722683990821,0.30617605749427335,0.2570471204232142,0.0946344161819878,0.0,0.0,0.9265341603604752,0.4566422397727463,0.22853375804813464,0.4099183037195339,0.16679098831105235,0.2608601151786583,0.4352731705244707,0.0,0.15167452812947518,1.0
gex_possorted_bam_SJSO3:CCAGGAACATCGCTTTx-M1,0.14775163699264163,0.0,0.7794363663852546,0.01987607812674212,0.7478966262560139,1.0,0.0,0.08847963407488117,0.0,0.19900722299768242,1.0,0.0,0.0021724422663753967,0.0,0.15705375286130707,0.0,1.0,1.0,0.0,1.0,1.0,1.0,0.2847090276113772,0.8802824809246792,0.0,0.032588830073039476,0.3998882849984506,0.09628543616011488,0.0,0.15977355376713276,0.4749205706053208,0.4725380890913124,0.37750072977964383,0.0,0.21587061477850714,0.13667704657679983,0.0,0.05346476788592,0.1783114303423859,0.10716634594991017,0.09923381802742706,0.0,0.0,0.09425771153032125,0.3974218803038751,0.051942346306257374,0.14744107864665512,0.30687485094921346,0.09338928230411263,0.31051431601523416,0.0,0.027910287940814085,1.0
gex_possorted_bam_SJSO3:CCATCATGTTCGGTAAx-M1,0.0,0.7728014507527068,1.0,0.3373158825155764,0.0,0.019455473084111847,1.0,0.06540090049193095,1.0,0.2753181928029631,1.0,1.0,1.0,1.0,0.0,1.0,1.0,0.4385457414204867,1.0,0.0,0.0,0.0,0.0,0.0,1.0,0.5184473939077844,1.0,0.9797329129056453,0.9914554935056266,0.42769431487791604,1.0,0.0,0.0,0.2712000610107293,1.0,0.0,1.0,0.0,0.0,1.0,0.003283471698010818,1.0,1.0,1.0,0.0,0.19004747595135102,1.0,1.0,0.5263641734260377,0.20205200871152024,1.0,0.39779733671962136,0.0
gex_possorted_bam_SJSO3:CCCAAATAGCCTTAAAx-M1,0.0,0.0,0.0,0.0,0.029022547282199457,0.0,0.0,0.0,0.0,0.0,0.4891164891280514,0.0,0.0,0.0,0.0,0.0,0.5397677601169403,0.3837074932895961,0.0,0.6553331019158739,0.3054509302090371,0.3859856473040855,0.05119130594465186,0.4554979141107366,0.0,0.0,0.5641456056874967,0.0,0.0,0.0,0.0,0.024095768976093085,0.021499665618529576,0.0,0.43130407213491134,0.0,0.06896334385433744,0.0,0.0,0.13905414065566954,0.0,0.03511124341864748,0.0,0.0,0.0,0.0,0.0,0.37558106299248306,0.0,0.0,0.0,0.0,0.4772646854021592
gex_possorted_bam_SJSO3:CCAGCTGCACAATGTTx-M1,0.07582811347887733,0.0,0.0328648670456366,0.0,0.4172773341421376,0.5190759980213487,0.0,0.0,0.0,0.0,1.0,0.0,0.0,0.0,0.05933801890270428,0.0,1.0,1.0,0.0,1.0,0.8188395853849285,0.937403234296494,0.19676992424780185,0.8174379399186461,0.0,0.0,0.3652695237019356,0.0,0.0,0.05888180623566589,0.03928824522283368,0.11323235797330872,0.2185199586826077,0.0,0.16383445713132455,0.007007587640055005,0.0,0.027679603564946226,0.01814579451982739,0.0,0.0,0.0,0.0,0.0,0.16440403116976857,0.008135860027820718,0.0,0.13613081886896095,0.0,0.002206891035731499,0.0,0.0,1.0
gex_possorted_bam_SJSO3:CCAGTTTGTTAACAGTx-M1,0.0,0.0,0.17085590422488464,0.0,0.0,0.0,0.581345796897113,0.0,1.0,0.0,1.0,0.4784068975532526,0.17251156428984482,1.0,0.0,1.0,0.9861628684699197,0.16353789764624363,0.4844515019502403,0.0,0.0,0.0,0.0,0.0,1.0,0.017063303815188488,1.0,0.0,0.050899832703043185,0.0,0.0,0.0,0.0,0.0,1.0,0.0,1.0,0.0,0.0,1.0,0.0,1.0,0.8396563647989108,0.788078659455592,0.0,0.0,0.9965059626335976,1.0,0.0,0.0,0.14986684966972322,0.0,0.0
gex_possorted_bam_SJSO3:CCATTGTGTGTTCCCAx-M1,0.0,0.5075087495132726,1.0,0.07840413074343029,0.0,0.0,1.0,0.0,1.0,0.12696265749303234,1.0,1.0,0.5929646560296368,1.0,0.0,1.0,1.0,0.0,0.7798465391430348,0.0,0.0,0.0,0.0,0.0,1.0,0.14909139554994735,1.0,0.3960176768008909,0.4165970905188991,0.07511153929869634,1.0,0.0,0.0,0.08995794080298448,1.0,0.0,1.0,0.0,0.0,1.0,0.0950923290582063,1.0,1.0,1.0,0.0,0.0,1.0,1.0,0.2202807001617566,0.0,0.4158179611019027,0.09872602657127331,0.0
gex_possorted_bam_SJSO3:CCATAAGGTGTCCAAAx-M1,0.06220647546138754,0.0,0.0,0.0,0.35524041372423365,0.1612501381914311,0.0,0.0,0.0,0.0,1.0,0.0,0.0,0.0,0.0,0.0,0.8852992742622324,1.0,0.0,0.9999991147515332,0.58037280970988,0.7542066999061975,0.15446230504691527,0.6228381683148176,0.0,0.0,0.480782392640941,0.0,0.0,0.0,0.0,0.019986845256764457,0.13808444730040306,0.0,0.25388452801229444,0.0,0.0,0.006331092529663764,0.0,0.0,0.0,0.0,0.0,0.0,0.03947003597535053,0.0,0.0,0.2857536955421807,0.0,0.0,0.0,0.0,0.8100849111182992
gex_possorted_bam_SJSO3:CCAGGATGTGATGAAAx-M1,0.0,0.0,0.05622602846698963,0.0028709723780002815,0.0,0.0,0.2550807154165515,0.0,0.47206001166232203,0.0,0.9057210612335738,0.11230471745044084,0.0,1.0,0.0,0.9917555395470641,0.953095817375772,0.0,0.11995219073455497,0.0,0.04631387817346431,0.0,0.0,0.0,0.5951515877800698,0.0,1.0,0.0,0.0031987161741661926,0.0,0.0,0.0,0.0,0.0,1.0,0.0,1.0,0.0,0.05640037734907413,1.0,0.0,0.5912599277617117,0.4999652942253509,0.31979393862526645,0.0,0.0,1.0,1.0,0.0,0.0,0.09866121308980563,0.0,0.0
gex_possorted_bam_SJSO3:CCATAAGGTCCGGTTCx-M1,0.0,0.10509466148207573,0.4937261223734204,0.0,0.0,0.0,0.9235390622989228,0.0,0.42930467793038996,0.0,0.6832448155093268,0.8773313114816251,0.0,0.8448076393424087,0.0,1.0,0.993612670942647,0.0,0.11736189306057129,0.0,0.0,0.0,0.0,0.0,0.45317864815873954,0.0,1.0,0.0,0.0,0.0,0.030929194098452684,0.0,0.0,0.004872118584540661,1.0,0.0,1.0,0.0,0.0,1.0,0.07984533135097431,1.0,0.29188068778570286,0.5158269371783734,0.0,0.0,0.3459661433767682,1.0,0.0,0.0,0.05165670349288961,0.0,0.0
gex_possorted_bam_SJSO3:CCAGCTAAGGCAAGTAx-M1,0.15219526132411207,0.0,0.49431697885482057,0.07321670548914715,1.0,0.8879612212581207,0.0,0.012288968647270838,0.0,0.25036188175708085,1.0,0.0,0.0,0.0,0.290913036417282,0.0,1.0,1.0,0.0,1.0,0.8751406964793954,1.0,0.3405919454273549,0.7723620294227688,0.0,0.1131169463742265,0.35223114099088304,0.0,0.0,0.306633631422208,0.0,0.41772991908518914,0.30943490895378334,0.0,0.10837464607551878,0.1414597726037703,0.0,0.11170174112185298,0.11203584646116915,0.0,0.22623101106506138,0.0,0.0,0.0,0.35978628725371953,0.06663279947446572,0.055348298480371094,0.05002165960472742,0.062463181420015154,0.4710766220109831,0.0,0.11014964969100045,1.0
gex_possorted_bam_SJSO3:CCAGACTCAGGAACATx-M1,0.0,0.0,0.8166348700714272,0.0,0.6874377121952323,0.4871805798026234,0.33732548970503207,0.21037481227268506,0.15380848457364585,0.0,1.0,0.0,0.0,0.0,0.0,0.0,1.0,1.0,0.0,1.0,0.6245941064655287,0.6836721937993504,0.10905635762455705,0.4008319235115878,0.0,0.0,0.7873903729998156,0.0,0.0,0.0,0.0,0.5795129925095412,0.14311828702498655,0.0,0.4186693880073797,0.0,0.0,0.0,0.0484067368057718,0.2038316249388906,0.6259476725556002,0.0,0.0,0.6661598741024802,0.04002154821448476,0.0,0.3173935264537083,0.5042720390533045,0.0,0.11741199465444488,0.0,0.0,1.0
gex_possorted_bam_SJSO3:CCAGCTGCATCCAGGTx-M1,0.08167072144087395,0.0,0.2263442957233903,0.01060832889898469,0.328966600465297,0.11536985141169807,0.0,0.043057132887891515,0.0,0.08324005193009064,0.5600280528094581,0.0,0.0,0.0,0.1437471167626659,0.0,0.5804428625524691,0.44293682306058985,0.0,1.0,0.5324701522127285,0.6831012418047124,0.18033391398388096,0.6346058225159332,0.0,0.0,0.4024936960377825,0.0,0.0,0.02772282472594181,0.11316783598388795,0.09363503034749639,0.19629035047379428,0.0,0.2920128295015417,0.08232986082385527,0.0,0.058302166740657864,0.06720306491413976,0.21278956680196326,0.004978603397569163,0.0,0.0,0.0,0.1337928879575897,0.06034345704462704,0.0,0.17036839754647928,0.0,0.1388417258216665,0.0,0.019432024675481205,1.0
gex_possorted_bam_SJSO3:CCAGCTGCAAGGGTTGx-M1,0.08842423190680553,0.0,0.027313386643233815,0.0,0.3800937171672427,0.3368335725466923,0.0,0.0,0.0,0.0,0.9826797376113754,0.0,0.0,0.0,0.055138835182785825,0.0,0.8624057562688338,0.943482599989283,0.0,1.0,0.6830272684034203,0.8151307099692258,0.18381183228272016,0.6609870930592407,0.0,0.0,0.42076393945816304,0.0,0.0,0.04156628450588301,0.0,0.17876268488101812,0.1787107395120857,0.0,0.2390888282706296,0.06455639088149802,0.0,0.027567791315533708,0.007784687635593273,0.048205810434029564,0.0,0.0,0.0,0.0,0.17297954232369947,0.04654984631985062,0.0,0.08413025462816102,0.0,0.11646034025273871,0.0,0.027938115033269328,1.0
gex_possorted_bam_SJSO3:CCATCACTCGTTCACCx-M1,0.03948353712697387,0.0,0.12379179481435833,0.0,0.2781598530060369,0.21618964879619063,0.0,0.0,0.0,0.0015643429896308575,0.6902469840589636,0.0,0.0,0.0,0.05145670787581068,0.0,0.7364556973177617,0.589952382086875,0.0,1.0,0.6383615570255803,0.7402243916290822,0.14816084381405073,0.6768037610531862,0.0,0.0,0.3825223781442424,0.0,0.0,0.019211201126101564,0.3639711329210321,0.13152424141525193,0.16706734964730274,0.0,0.27280190351896183,0.061841008735237145,0.0,0.0,0.04638760611261027,0.20260590885976784,0.0,0.0,0.0,0.0,0.09668596739388292,0.015133257422637712,0.0,0.13747080477963985,0.0,0.04824485203383658,0.0,0.0,1.0
gex_possorted_bam_SJSO3:CCATAAATCGGTTAGTx-M1,0.0,0.06651077210060737,0.04620689059160683,0.05003310025523375,0.0,0.0,1.0,0.008263860188076556,1.0,0.0,1.0,0.21328041446070584,0.6151129200265978,1.0,0.0,1.0,1.0,1.0,1.0,0.0,0.0,0.0,0.0,0.0,1.0,0.1564904374492147,1.0,0.1268619998944302,0.21157404275866143,0.0,0.0,0.08520726211986719,0.0,0.0,1.0,0.0,1.0,0.0,0.0,1.0,0.0,1.0,1.0,1.0,0.0,0.0,1.0,1.0,0.0,0.0,0.5105610892952848,0.004488575193602097,0.0
gex_possorted_bam_SJSO3:CCAGCTAAGTTATGGCx-M1,0.0,0.14641910394132238,0.6668488497727587,0.009482215594628397,0.0,0.0,1.0,0.0,1.0,0.0,1.0,1.0,0.1593862983364455,1.0,0.0,1.0,1.0,0.0,0.6645158497660945,0.0,0.0,0.0,0.0,0.0,1.0,0.04164755417173811,1.0,0.07767111153819019,0.2490292276644804,0.0,0.1464018215691632,0.0,0.0,0.029628927486566124,1.0,0.0,1.0,0.0,0.0,1.0,0.09687653292142262,1.0,0.9718677849122214,1.0,0.0,0.0,1.0,1.0,0.0,0.0,0.2659673286648255,0.0,0.0
gex_possorted_bam_SJSO3:CCAGTTTGTCAATGTGx-M1,0.0,0.0,0.12141290937688012,0.0,0.0,0.0,0.6200807475403666,0.0,1.0,0.0,0.9561731543897728,0.5148762429867779,0.09203426152071958,1.0,0.0,1.0,0.8410896346144955,0.0,0.3966605930129266,0.0,0.0,0.0,0.0,0.0,1.0,0.011173990251983882,1.0,0.0,0.0694735495207849,0.0,0.0,0.0,0.0,0.0,1.0,0.0,1.0,0.0,0.0,1.0,0.0,1.0,0.9162572107479259,0.942157590864679,0.0,0.0,1.0,1.0,0.0,0.0,0.25310132981158784,0.0,0.0
gex_possorted_bam_SJSO3:CCAGACTCACTAAGAAx-M1,0.0,0.8371452375978194,1.0,0.028424227633858098,0.0,0.032907540012222194,1.0,0.2316412436411229,0.0,0.6872656821106696,0.0,0.9194009758455902,0.0,0.0,0.587552470829782,0.35616195223273345,0.3427029852306154,0.0,0.0,1.0,0.27242734995678053,0.26157109274867957,0.06494050333557745,0.49773900466759463,0.0,0.0,0.2194549810232765,0.22697284448206398,0.15624764473296293,0.0,1.0,0.0,0.1232409777261658,0.29040186982394217,0.6620826671721391,0.27031890306494183,0.48039491072510077,0.0,0.32181027402014434,1.0,0.21197040669367762,0.7174638736333366,0.0,0.27566615608384143,0.0,0.0941698004046763,0.0,0.0,0.211983497501103,0.1934237317986273,0.0,0.0,0.7560172228576435
gex_possorted_bam_SJSO3:CCATCATGTCTATCGTx-M1,0.0,0.0,1.0,0.0,0.0,0.0,1.0,0.0,1.0,0.0,1.0,0.6055340114538676,0.47635151358873223,1.0,0.0,1.0,1.0,0.0,0.7041955887745643,0.0,0.0,0.0,0.0,0.0,1.0,0.09858226048078221,1.0,0.14893262154161102,0.0032381349057245185,0.0,0.6621412933021603,0.009373070742919818,0.0,0.0,1.0,0.0,1.0,0.0,0.0,1.0,0.0,1.0,1.0,1.0,0.0,0.0,1.0,1.0,0.07251325927118808,0.0,0.3073534010939648,0.026838844603477897,0.0
gex_possorted_bam_SJSO3:CCATCACTCAATCATGx-M1,0.18918803490775699,0.0,0.8249362722797704,0.08304695282375812,0.9789229601180451,1.0,0.0,0.08421005095935213,0.0,0.34911121489498187,1.0,0.0,0.04166676428405276,0.0,0.24189065450583996,0.0,1.0,1.0,0.0,1.0,1.0,1.0,0.34966696408123193,0.8558119599573226,0.0,0.128417945097447,0.4380761997133097,0.14947351034935086,0.0,0.3150457247057231,0.5309047712671172,0.5709108618179263,0.3790775431898499,0.0,0.25914146376569724,0.20567586157636641,0.0,0.08395347569918545,0.20096522628293956,0.1600306145362107,0.23726422685087406,0.0,0.0,0.5307055073754466,0.4241870783438837,0.12523609891457052,0.2646990243088929,0.3612771236493379,0.16863569347678312,0.5344450182704464,0.0,0.1073782216991776,1.0
gex_possorted_bam_SJSO3:CCATCACTCACTCAAAx-M1,0.12652131724875507,0.0,0.0,0.01284104938636277,0.5042900437594091,0.6877848131506086,0.0,0.01886506815237708,0.0,0.03417290335301268,1.0,0.0,0.0,0.0,0.0903668329020381,0.0,1.0,1.0,0.0,1.0,0.7787121812704814,0.9636622092566342,0.2831816314591699,0.7219995762913521,0.0,0.0,0.4023047047330461,0.005925763810730108,0.0,0.13723071577073123,0.0,0.04128448734225395,0.2426038257531207,0.0,0.05568390419872835,0.007348252710197335,0.0,0.0,0.0,0.0,0.0,0.0,0.0,0.0,0.359283922295641,0.0,0.0,0.6313104227127536,0.010873278883278499,0.09791321868326991,0.0,0.07084107381931976,1.0
gex_possorted_bam_SJSO3:CCCAGCACATGTCAGCx-M1,0.09857718645010537,0.0,0.2444850123816395,0.0014507205127273967,0.4853441489710593,0.5502643628944645,0.0,0.0,0.0,0.037191792626355226,0.9538331126749687,0.0,0.0,0.0,0.11889467189357776,0.0,0.9537331552484075,1.0,0.0,1.0,0.8276437253813083,0.8788464728943192,0.22061177804935403,0.7746269101178745,0.0,0.0,0.361707656802681,0.0,0.0,0.10445248851392865,0.47395003731623386,0.0,0.2339793839363977,0.0,0.24991090638783173,0.07838682892878258,0.0,0.01531559041769736,0.08683486124659325,0.15073992011774096,0.0,0.0,0.0,0.010364808022396258,0.1812833197148153,0.08435100940140963,0.0,0.1775190150230013,0.002438142713737197,0.11787261295959466,0.0,0.02640373918307017,1.0
gex_possorted_bam_SJSO3:CCCGCAACAAGGCCAAx-M1,0.0,0.0,0.0498290239117111,0.0,0.0,0.0,0.5120824155548998,0.0,0.9821738912198327,0.0,0.7891249224341593,0.5371996632411437,0.0,1.0,0.0,1.0,0.787845511158658,0.0,0.3185952942432552,0.0,0.0,0.0,0.0,0.0,0.8286320747570052,0.0,1.0,0.0,0.03516261269182006,0.0,0.0,0.0,0.0,0.0,1.0,0.0,1.0,0.0,0.0,1.0,0.016940757738604345,1.0,0.7160339647756883,0.5013542351154788,0.0,0.0,0.6945944597809548,1.0,0.0,0.0,0.168205688001501,0.0,0.0
gex_possorted_bam_SJSO3:CCCGCTTCACATGCTAx-M1,0.0,0.0,0.011619577274723363,0.0,0.0,0.0,0.14480684423867468,0.0,0.7546565736746582,0.0,0.742576119959262,0.09066103779266811,0.0,0.8980446223517635,0.0,0.7649752617698364,0.8297771554980357,0.05322350958394279,0.12537992881055757,0.0,0.0,0.0,0.0,0.0,0.6406073790705825,0.0,1.0,0.0,0.0,0.0,0.0,0.09539284816681366,0.0,0.0,1.0,0.0,1.0,0.0,0.0,0.7870727501840574,0.01509538955186912,1.0,0.31835567929264247,0.0,0.0,0.0,0.7053057526497672,1.0,0.0,0.0,0.12954689543418785,0.0,0.0
gex_possorted_bam_SJSO3:CCCAACCGTTTACTTGx-M1,0.00045651653567797286,0.0,0.7343219269494641,0.0,0.8469441283004139,0.5270397103552343,0.4753657882891736,0.27848599343387953,0.20528874015240475,0.0,1.0,0.0,0.0,0.0,0.0,0.0,1.0,1.0,0.0,1.0,0.7553118995861561,0.7583340868842705,0.1189463598570831,0.42655535988624077,0.0,0.003910601224524131,0.8490166768668829,0.0,0.0,0.0,0.0,0.7060737760612794,0.1615877207771464,0.0,0.350083357533557,0.0,0.0,0.0,0.09327092997030768,0.14167374181993964,0.7940995265380573,0.0,0.0,0.7929329443713566,0.022148063505527383,0.003271294568859455,0.2787384751186594,0.4015564673495762,0.0,0.08227108068701082,0.0,0.0,1.0
gex_possorted_bam_SJSO3:CCCTGGACAGAGGGAGx-M1,0.07314227197936041,0.6460447119883399,1.0,0.24323343392161764,0.0,0.7160862210804115,1.0,1.0,0.5636821187609458,1.0,0.0,1.0,0.2125601115329742,1.0,0.5690006982122684,0.7170251264434762,1.0,1.0,0.7873767564790909,1.0,0.5612693464843996,0.0,0.3140712526322642,0.9877508207687626,0.2897440131315141,0.08176970399616867,0.10584303445742214,1.0,1.0,0.3915943053609291,0.0,0.0,0.4006744359989937,0.069376762218242,0.8881631712360762,0.6660778678974861,0.3256425551543293,0.44523229230991657,0.7831952726755959,0.5459891362348976,1.0,1.0,0.0,0.2687343948266736,1.0,0.0,1.0,0.5286809188803919,0.11903438814885077,0.7411528755273221,0.0,0.0,1.0
gex_possorted_bam_SJSO3:CCGATGCAGCCACATGx-M1,0.05692110713565801,0.0,0.0,0.0,0.23945552395231096,0.08842340854357944,0.0,0.0,0.0,0.0,0.9413741390023433,0.0,0.0,0.0,0.0,0.0,0.8155442429087244,1.0,0.0,0.7756794935934045,0.5546139619266698,0.6862386157792583,0.1365648227478577,0.6825603953547216,0.0,0.0,0.43598461872712396,0.0,0.0,0.0,0.0,0.07594783392324066,0.13504143538897792,0.0,0.2375348234924428,0.0,0.0,0.07418376398187841,0.0,0.0,0.0,0.0,0.0,0.0,0.0,0.0,0.0,0.42276224653617417,0.0,0.0,0.0,0.0,0.6458286995135408
gex_possorted_bam_SJSO3:CCCTCACCAGCATTATx-M1,0.0,1.0,1.0,0.15956740449787957,0.11150167455452159,0.41734868939172926,1.0,0.4050948822376397,0.21988447707443742,1.0,0.0,0.8054554606106575,0.0,0.0,0.775013631142401,0.5633897361595913,0.25327357009415113,0.0,0.0,1.0,0.35928394011292325,0.47923284537331773,0.12434378822831785,0.6840717426123183,0.0,0.0,0.0,0.5095461704206188,0.2191942469420224,0.12017283416381783,1.0,0.0,0.22700816464287535,0.4370875014285426,0.4127318042570849,0.48852217443315216,0.4635076999399041,0.026732171051727503,0.5054178747775081,1.0,0.24107271964409555,0.7100154757812933,0.0,1.0,0.24794953720004448,0.2638777168827222,0.0,0.0,0.44966042951654367,0.595511446772566,0.17617438787876682,0.08854717698458985,1.0
gex_possorted_bam_SJSO3:CCGATGCAGTAACCCGx-M1,0.0,0.5793080315412423,0.7977183829820632,0.008974240104456552,0.0,0.0,1.0,0.0,0.25074486604943663,0.04008066805700115,1.0,1.0,0.0,1.0,0.0,1.0,1.0,1.0,0.9954594411869948,0.0,0.0,0.0,0.0,0.0,0.718264304559484,0.0,1.0,0.12080325746370849,0.0,0.0,0.05271369842851806,0.0,0.0,0.020442351619534352,1.0,0.0,1.0,0.0,0.0,1.0,0.2844775634274348,1.0,0.4225903685379977,0.8425131757289469,0.0,0.0,0.41679603176271723,1.0,0.011036467498228633,0.0,0.0,0.0,0.0
gex_possorted_bam_SJSO3:CCCTGGACATATAACCx-M1,0.0,0.2767678719698036,0.3576872779995784,0.0,0.0,0.0,0.4202100212303848,0.04572588943324165,0.0,0.12274393789442697,0.0,0.3203456168393881,0.0,0.0,0.17796195513660185,0.25861131934455844,0.3678080517393944,0.0,0.0,1.0,0.13349176150844225,0.14798000670532194,0.0,0.302707058503478,0.0,0.0,0.5037280994457212,0.0,0.0,0.0,0.626051611091681,0.0,0.0058367463252684765,0.07000776002555721,0.6921363877113303,0.002119359153824092,0.42953644834872207,0.0,0.05363764983788486,0.6676577539124001,0.03533521632232376,0.6007050050630746,0.0,0.0,0.0,0.0,0.0,0.39150283150890747,0.0,0.0,0.0,0.0,0.32064289679054814
gex_possorted_bam_SJSO3:CCGACAGGTTAACGATx-M1,0.0,0.01781016319720969,0.0,0.0,0.0,0.0,0.0,0.04050788211030272,0.0,0.0,0.0,0.06846686897951886,0.0,0.0,0.11514021026976598,0.0,0.41003733226946437,0.0,0.0,1.0,0.23188954627674038,0.29208422719767263,0.013907766360617175,0.4890401686553824,0.0,0.0,0.3726041847277156,0.0,0.0,0.0,0.06328833219800478,0.0,0.04081238788888683,0.03295804138280611,0.4388599266322376,0.0,0.09064629363041281,0.0,0.05147346009307421,0.3582724792873566,0.0863720564005579,0.3839019206299261,0.0,0.0,0.0,0.0,0.0,0.1511102518443985,0.0,0.0,0.0,0.0,0.25026167802606003
gex_possorted_bam_SJSO3:CCCTCACCATAGCTTGx-M1,0.04471815685741606,0.0,0.17592238033309468,0.0,0.6694460301791719,0.5835665822967093,0.0,0.0173118236021733,0.0,0.0,1.0,0.0,0.0,0.0,0.0,0.0,1.0,1.0,0.0,1.0,0.7705386771187112,0.8128677459612723,0.23071468789854738,0.5964714558749523,0.0,0.026412119691808678,0.5515421931653472,0.0,0.0,0.0498539866962265,0.0,0.4610105730134875,0.20165013716321098,0.0,0.19107588425784403,0.0,0.0,0.0,0.0,0.0,0.3987043272349695,0.0,0.0,0.0,0.1469633991757605,0.0,0.2314456502702154,0.3007483046096407,0.0,0.1368267414768588,0.0,0.0,1.0
gex_possorted_bam_SJSO3:CCCAGTTTCCGGCTAAx-M1,0.0,0.0,0.7313300550929822,0.0,0.0,0.0,1.0,0.0,1.0,0.0,0.960570236201332,0.7110183145586302,0.25077865573848473,1.0,0.0,1.0,0.9946291146212303,0.0,0.5225924320778487,0.0,0.0,0.0,0.0,0.0,1.0,0.05246701163031981,1.0,0.10041775984985994,0.07095424714080273,0.0,0.15071559278337454,0.0,0.0,0.0,1.0,0.0,1.0,0.0,0.0,1.0,0.0,1.0,1.0,1.0,0.0,0.0,1.0,1.0,0.0,0.0,0.2970408792355105,0.0,0.0
gex_possorted_bam_SJSO3:CCCTCAGTCATAACCAx-M1,0.02775981083285584,0.0,0.8735696413760742,0.01043331086978609,0.9339223785683073,0.5887406484146476,0.0,0.084619036044008,0.0,0.28500353581855364,0.8443654882336505,0.0,0.0,0.0,0.31294822204809725,0.0,0.9700397893072611,0.9587884257404281,0.0,1.0,0.6887742314218495,0.8033253546213879,0.3837467366801053,0.48292276954219576,0.0,0.1444467206910655,0.3206763132432588,0.0,0.0,0.10461176941194049,0.5076277924547166,0.03058989135932114,0.26750100279151084,0.09300605679695238,0.27215124511923555,0.13844154386241453,0.0,0.14287222201917477,0.134511515300004,0.07046975156774506,0.5874202737978154,0.0,0.0,0.340113341230731,0.3053166796401829,0.09626210561957156,0.2834592959922449,0.1773847144854658,0.0006793577360588029,0.4179200317615819,0.0,0.09451640168439045,1.0
gex_possorted_bam_SJSO3:CCCTGGACAGGAAGCCx-M1,0.0,0.0016094080882975547,0.3226850233005008,0.0,0.0,0.0,0.0,0.0,0.0,0.0,0.9939398116746854,0.0,0.4754294858138292,0.9941120791331718,0.0,1.0,0.6701975555548396,0.2211768508110334,0.6776357019323108,0.0,0.0,0.0,0.0,0.0,0.9739999300310357,0.0,1.0,0.0,0.7518422740641544,0.0,0.0,0.2035976968866306,0.0,0.11294703978987644,1.0,0.0,0.9980044040298878,0.0,0.0,1.0,0.22647264896375918,0.0,0.3215625502998795,0.0,0.0,0.0,0.7952456797894106,0.9448327301705398,0.0,0.0,0.46410153977188445,0.0,0.0
gex_possorted_bam_SJSO3:CCGATGCAGCAAGACAx-M1,0.0,0.05520090450522244,0.7719265578731243,0.0,0.0,0.0,1.0,0.0,1.0,0.0,1.0,0.7474056649058601,0.33884896266437303,1.0,0.0,1.0,1.0,0.41563375716862366,0.7998349252498816,0.0,0.0,0.0,0.0,0.0,1.0,0.06767520144269512,1.0,0.080998191738743,0.02510492420411729,0.0,0.49240749270989354,0.0,0.0,0.0,1.0,0.0,1.0,0.0,0.0,1.0,0.0,1.0,1.0,1.0,0.0,0.0,1.0,1.0,0.01576822169349481,0.0,0.15249679635195965,0.023129493179198532,0.0
gex_possorted_bam_SJSO3:CCCAATTGTGCATCGGx-M1,0.0,1.0,1.0,0.31101963308298336,0.0,0.4029955633428065,1.0,0.05632086327177697,1.0,0.4924916585527981,1.0,1.0,1.0,1.0,0.06776713139074635,1.0,1.0,1.0,1.0,0.0,0.0,0.0,0.0,0.0,1.0,0.3952002555750464,1.0,0.9880359626482473,0.6777871446676299,0.45649283445883326,1.0,0.0,0.0,0.25924994189942,1.0,0.0,1.0,0.0,0.0,1.0,0.23374313736344038,1.0,1.0,1.0,0.0,0.1158043954740997,1.0,1.0,0.5405995232985613,0.08454903528791634,0.8094323788382478,0.33132418132518504,0.0
gex_possorted_bam_SJSO3:CCCGTTGTCATAATCGx-M1,0.09774636222053196,0.0,0.0,0.0,0.4542665238295877,0.5743665824377393,0.0,0.0,0.0,0.0,1.0,0.0,0.0,0.0,0.02446064465500136,0.0,1.0,1.0,0.0,1.0,0.7746674503395797,0.8992175337597156,0.21917566954238618,0.7669131564296721,0.0,0.0,0.3649654944883931,0.0,0.0,0.09267289679852367,0.0,0.14824160333202635,0.1981677459343896,0.0,0.17175732547735303,0.04828246550150531,0.0,0.05684312998429245,0.03987831094937092,0.0,0.0,0.0,0.0,0.0,0.16261459753982088,0.013539684545047283,0.0,0.2136371163005911,0.0,0.048634875714763166,0.0,0.018651951051713175,1.0
gex_possorted_bam_SJSO3:CCCAGTTTCATCGTTTx-M1,0.0,0.0630113021132803,0.913116054892136,0.0,0.0,0.0,1.0,0.0,1.0,0.0,1.0,0.825928896342646,0.20538997820779603,1.0,0.0,1.0,1.0,0.0,0.4923211223492845,0.0,0.0,0.0,0.0,0.0,1.0,0.03116612730322911,1.0,0.11713180430389905,0.16828553763445328,0.0,0.5454292040673179,0.0,0.0,0.004801924965963546,1.0,0.0,1.0,0.0,0.0,1.0,0.0,1.0,1.0,1.0,0.0,0.0,1.0,1.0,0.0,0.0,0.27931472169851285,0.0,0.0
gex_possorted_bam_SJSO3:CCCTCACCAAGTCGCTx-M1,0.27065501214363985,0.16930972669738475,0.747840072529806,0.16595391915142357,0.8299548982548651,1.0,0.0,0.14182222857285545,0.0,0.47891244140373157,1.0,0.0,0.10380089839218135,0.0,0.3810096756335773,0.0214401118064325,1.0,1.0,0.0714719113426568,1.0,1.0,1.0,0.383965771184059,0.9737437400410341,0.0,0.12185715375304286,0.1772909178434566,0.42496452285445074,0.24071269254448494,0.4290850171417268,1.0,0.43796855830515474,0.43580333187297887,0.11043959712512261,0.1853296011622782,0.37049437195098184,0.0,0.15673340384719694,0.326983343215132,0.2964454118379413,0.0,0.0,0.015267316954644238,0.8984739081175258,0.5211250792685819,0.30275329105096793,0.03359901569442673,0.0564913877968628,0.296795268552375,0.5398528157428428,0.016230732114533117,0.26257078121799415,1.0
gex_possorted_bam_SJSO3:CCCGCAACAGGTTAAAx-M1,0.09023226992245695,0.0,0.0536348930252654,0.0,0.4552254781418036,0.6114371396642208,0.0,0.0,0.0,0.0,1.0,0.0,0.0,0.0,0.0,0.0,1.0,1.0,0.0,1.0,0.7924697491307671,0.938012893436533,0.2014634128645797,0.7965621899000149,0.0,0.0,0.41030584361407063,0.0,0.0,0.03963494288269222,0.0,0.1662809413595467,0.21038639087031757,0.0,0.15815394616862147,0.004919668811095418,0.0,0.06471398496455226,0.0,0.0,0.0,0.0,0.0,0.0,0.17278758164976632,0.0,0.0,0.22866788017551656,0.0,0.008383561556332329,0.0,0.0,1.0
gex_possorted_bam_SJSO3:CCCTCACCAGGCATCTx-M1,0.015395563497134631,0.0,0.0,0.0,0.1795677548070115,0.004347819642035446,0.0,0.0,0.0,0.0,0.8656025874176113,0.0,0.0,0.0,0.0,0.0,0.8504222948311175,1.0,0.0,0.9065455030900323,0.4959057446259491,0.6288847134803787,0.10048333862579364,0.6067196883239847,0.0,0.0,0.48816753110726147,0.0,0.0,0.0,0.0,0.14267219370061499,0.1037648768578471,0.0,0.25138719221146166,0.0,0.0,0.034822503587012145,0.0,0.0,0.0,0.0,0.0,0.0,0.0,0.0,0.0,0.4937612562607239,0.0,0.0,0.0,0.0,0.7064939930362465
gex_possorted_bam_SJSO3:CCCTTAATCCATCAGGx-M1,0.0,0.6157168837541306,1.0,0.2648651102299939,0.0,0.0,1.0,0.016831443458841907,1.0,0.2109213845025213,1.0,1.0,1.0,1.0,0.0,1.0,1.0,0.030437354922525892,1.0,0.0,0.0,0.0,0.0,0.0,1.0,0.47862939588014486,1.0,0.8398535577965881,0.5451256762275141,0.22752467106625798,1.0,0.0,0.0,0.3190034718098891,1.0,0.0,1.0,0.0,0.0,1.0,0.08199164698847976,1.0,1.0,1.0,0.0,0.07473823426281712,1.0,1.0,0.3771057763416256,0.0503212465197399,0.8588914164838356,0.2780420805604053,0.0
gex_possorted_bam_SJSO3:CCCAATTGTCCGTAGGx-M1,0.009315891488169418,0.0,0.04807684485637885,0.0,0.11782638434024516,0.30689452531280903,0.0,0.0,0.0,0.0,0.9072642219575277,0.0,0.0,0.0,0.08103902520558141,0.059105105520717516,0.8730956939201092,0.9280723237849117,0.0,1.0,0.5192586979352017,0.5955804116580946,0.10330372084583227,0.6096269866064501,0.0,0.0,0.45423871725760895,0.0,0.0,0.0,0.5304015054726693,0.0,0.09727771662503613,0.0,0.40758571415442485,0.037263290590660456,0.05872463130943315,0.003747790480068733,0.02162496951532825,0.36362561042510394,0.0,0.032329031026208176,0.0,0.0,0.011618854220773873,0.001486442816035008,0.0,0.322050680409649,0.0,0.0,0.0,0.005199143759863744,0.8229986249965668
gex_possorted_bam_SJSO3:CCCGTAAAGAGGCTAAx-M1,0.040911761460713895,0.0,0.0,0.0,0.35681981342861513,0.27190421045600444,0.0,0.0,0.0,0.0,1.0,0.0,0.0,0.0,0.0,0.0,0.9644297065958995,1.0,0.0,1.0,0.566274509022637,0.7619216906237403,0.1636924687543911,0.6492572659137082,0.0,0.0,0.4351181275138126,0.0,0.0,0.0,0.0,0.17974937501744093,0.12806100646873558,0.0,0.21675733542338288,0.0,0.0,0.038097192090381995,0.0,0.0,0.0,0.0,0.0,0.0,0.05632662615300359,0.0,0.0,0.39274803248498164,0.0,0.0,0.0,0.0,0.9149966945596631
gex_possorted_bam_SJSO3:CCCAACCGTTCATCTAx-M1,0.025677330820152472,0.0,0.0381264765482101,0.0,0.2160982273404145,0.1269474698852624,0.0,0.0,0.0,0.0,0.7156444810972369,0.0,0.0,0.0,0.03702097363270716,0.0,0.7139692533195362,0.6062668140682221,0.0,1.0,0.612984735388094,0.6996842512133827,0.12478902319965213,0.6721388644429818,0.0,0.0,0.39927908109238197,0.0,0.0,0.0,0.16643260075759497,0.035087037901342974,0.1450165324322911,0.0,0.2584501211130551,0.019621371304805436,0.0,0.012231794386152713,0.01935274804677159,0.18673102969926753,0.0,0.0,0.0,0.0,0.07123067997044909,0.0,0.0,0.14901080492722607,0.0,0.0,0.0,0.0,0.9266142344298701
gex_possorted_bam_SJSO3:CCCTAATGTAATCACGx-M1,0.12928929155613741,0.0,0.0,0.0,0.44557440032343154,0.6740233900064697,0.0,0.0,0.0,0.0,1.0,0.0,0.0,0.0,0.026834329283544088,0.0,1.0,1.0,0.0,1.0,0.8538651322975858,0.9347685132129261,0.23745798078507901,0.7567747731257057,0.0,0.0,0.35574091405147595,0.0,0.0,0.09862889358479952,0.0,0.15573120205057675,0.2313925681387647,0.0,0.22726187584304644,0.060437695618535306,0.0,0.05617556073715569,0.04988566847940926,0.0,0.0,0.0,0.0,0.0,0.12209713493419608,0.030374188484310245,0.0,0.2789818239608589,0.0,0.035446418435182384,0.0,0.05598615710951776,1.0
gex_possorted_bam_SJSO3:CCCGCTTCATACCCGGx-M1,0.0,0.2165484900320952,0.12981253707990462,0.0,0.0,0.0,0.28357496670251986,0.07907965182782095,0.0,0.10111624601983658,0.0,0.5346535013158622,0.0,0.0,0.2308377480342776,0.0,0.38022844612391105,0.0,0.0,1.0,0.30997242665391916,0.2267803373127276,0.014109310512444328,0.48635407550179693,0.0,0.0,0.3513840592825702,0.0,0.0,0.0,0.31191402845328026,0.0,0.04703701524348792,0.06733664148223903,0.5286780928154808,0.017202725820581563,0.2236337789914367,0.0,0.11839331543972734,0.4879874701108941,0.14431295968221494,0.4466819526321555,0.0,0.0,0.0,0.0,0.0,0.11551102587917933,0.0,0.0,0.0,0.0,0.21998875537574167
gex_possorted_bam_SJSO3:CCCAGTTTCATCCTCAx-M1,0.07565064708094872,0.0,0.0,0.0,0.2516268047055327,0.19048741691506194,0.0,0.0,0.0,0.0,0.8996711403450114,0.0,0.0,0.0,0.0,0.0,0.8528325799525664,1.0,0.0,1.0,0.6117233299362187,0.75391769231386,0.17465268508088871,0.7057362836938256,0.0,0.0,0.4066156385222569,0.0,0.0,0.0,0.0,0.22179984549191784,0.19476176849989804,0.0,0.1638503208706871,0.0,0.0,0.14927949634582513,0.0,0.0,0.00886374569917802,0.0,0.0,0.0,0.08347460788248376,0.0,0.0,0.3897690811482931,0.0,0.0,0.0,0.0,0.7937698569142292
gex_possorted_bam_SJSO3:CCCTCAGTCATGTTTCx-M1,0.0,0.25469226964054564,1.0,0.10038909771084496,0.02071570207060621,0.824014053779933,1.0,0.8090063643925592,0.6576152563683086,0.7060525195083944,0.8055853339417773,0.7555870090250593,0.062279164816721175,1.0,0.2757400753689916,0.015305741450964498,1.0,1.0,0.32643758602338385,1.0,0.626772022163201,0.459441290090494,0.18294016412528058,0.42399816448069944,0.0,0.001792323404377953,0.4003717153121287,0.8664272592669006,0.06514440949716847,0.0,0.0,0.3542493198944476,0.3278462491368091,0.0,0.6164053958702048,0.2795657352345384,0.05823958026381642,0.12849220651656826,0.42767931497092065,0.38126826756897125,1.0,0.24345695612665857,0.0,0.5433872468770322,0.6539811499265281,0.0,1.0,0.5326075357696255,0.026062193690508547,0.4494664077233882,0.0,0.0,1.0
gex_possorted_bam_SJSO3:CCCATAACACCAACCGx-M1,0.6086763846096005,0.7847515837585956,0.05430060183606936,0.5974835664150133,0.4777681522996686,0.6115016646984953,0.8450715281608047,0.7270821008038971,0.14976979672044935,0.7511524437839737,0.0,0.783301170698826,0.29188171959798265,0.19510497049584305,0.7769735046818156,0.36334170412863365,0.0,0.0,0.036391632556402355,1.0,0.8502717401734249,0.7968250165905048,0.6147109516187725,0.8531679082051413,0.08862348906521766,0.3800762508018515,0.04777326375763578,0.6582193293015559,0.7380653665263117,0.4852248516174163,0.9790512532371592,0.2804983131550145,0.6229861123348351,0.7758778605714923,0.25063660562207085,0.8151116035771764,0.40528176518955783,0.5552003048921786,0.7136778280641303,0.43800978983729777,0.7242173329374286,0.4875080947238768,0.09676633676123901,0.15041668684372686,0.6547859062395383,0.6235942435223454,0.0,0.07517399727552662,0.5641772817120905,0.6050746145043453,0.47511009959659306,0.5648893839481839,0.8888875262920977
gex_possorted_bam_SJSO3:CCCGCTTCACTCGCTCx-M1,0.27319273310173153,0.5354445392159133,1.0,0.23566515551513026,0.7055952541902726,1.0,0.3236120000620569,0.2975029451563139,0.0,0.7565860304660168,0.6773995074297964,0.0,0.1136700801675254,0.0,0.6374551454925005,0.14721081140881045,0.7802672957302028,0.7129902587250477,0.0,1.0,0.9534340641984809,1.0,0.3717762064815487,0.9129615870170738,0.0,0.13992717459053178,0.09927247155137102,0.3060783133815724,0.3194709530487557,0.38447263651970753,1.0,0.18890236303871422,0.42597949417103825,0.26649999312959016,0.1975561326653224,0.47055578642621154,0.1077870789371791,0.21788434800440074,0.44036496033218736,0.6226065775733078,0.1044084146924192,0.0,0.09352371580410929,0.9680484965188655,0.45754338468645334,0.373133986278501,0.04625073192937393,0.0,0.4151889434327616,0.629840074743949,0.08797299945431775,0.3143850780641196,1.0
gex_possorted_bam_SJSO3:CCCTGGACAGTTGCGTx-M1,0.0,0.8203506696170649,1.0,0.14991861994621208,0.0,0.2009463600925842,1.0,0.0202023872582312,0.8294068758853513,0.280949479755225,1.0,1.0,0.5012333454465258,1.0,0.03280860804449593,1.0,1.0,0.8848006075290492,1.0,0.0,0.0,0.0,0.0,0.0,1.0,0.09357162187086959,1.0,0.3309656931169139,0.01821612267399997,0.13523363106589717,0.6803268010085328,0.0,0.0,0.1294017459331363,1.0,0.0,1.0,0.0,0.022300288991123133,1.0,0.4655165850921579,1.0,0.9739741408956823,1.0,0.0,0.0,0.967333996743875,1.0,0.2824149095859469,0.0,0.3402738249203945,0.09869679558946902,0.0
gex_possorted_bam_SJSO3:CCCAATTGTGAGCACTx-M1,0.0,0.0,0.0,0.0,0.0,0.0,0.0,0.0,0.0,0.0,0.5274262105813944,0.0,0.0,0.0,0.0,0.07471681884827812,0.5620661387973167,0.31007664101956744,0.0,0.197686778667482,0.1539623656312223,0.23663542925152908,0.01229321598059281,0.2812439895669272,0.0,0.0,0.6741078398436049,0.0,0.0,0.0,0.0,0.0,0.0,0.0,0.5920344589080635,0.0,0.12300628551653334,0.0,0.0,0.33332958844091126,0.0,0.3052847388854325,0.0,0.0,0.0,0.0,0.0,0.8217555428349156,0.0,0.0,0.0,0.0,0.27132457271997706
gex_possorted_bam_SJSO3:CCCGTTGTCCACCTTAx-M1,0.09996867184221399,0.0,0.0,0.029902095597610222,0.3714092527105123,0.22440385246906705,0.0,0.0,0.0,0.0,0.8728462006045115,0.0,0.0,0.0,0.0,0.0,0.8185632780519557,0.9728543186199708,0.0,1.0,0.5663478660369018,0.7582575797921883,0.21065972649250156,0.6951948360331137,0.0,0.0,0.4044019176575674,0.0,0.0,0.0,0.0,0.2503080319945919,0.1989477824121816,0.0,0.15597838582266818,0.0,0.0,0.17812642245577787,0.028495851786842205,0.0,0.0907707978560038,0.0,0.0,0.0,0.13139084501026746,0.0,0.0,0.29805696384737324,0.0,0.0,0.0,0.0,0.7879231125953966
gex_possorted_bam_SJSO3:CCGATGCAGGAACACAx-M1,0.0022537722947915803,0.0,0.15921584158128538,0.0,0.4838876321639015,0.1295094625299317,0.0,0.0,0.0,0.0,0.8700685925070238,0.0,0.0,0.0,0.0,0.0,0.9065483612394835,1.0,0.0,1.0,0.4631653674559544,0.6630137021393925,0.12082802375534042,0.5169107722025454,0.0,0.0,0.4856087283350145,0.0,0.0,0.0,0.0,0.11478930710067836,0.12091008692207747,0.0,0.20675518536979087,0.0,0.0,0.026404407258328794,0.00711494346940082,0.0,0.1010273388820961,0.0,0.0,0.0,0.0012492623544351571,0.0,0.0,0.2810798267862297,0.0,0.058360837776274196,0.0,0.0,0.9565577714061899
gex_possorted_bam_SJSO3:CCCAATTGTGGTTCTTx-M1,0.0,0.0,0.08418551560158344,0.0,0.3616779732335617,0.04829482721035567,0.0,0.0,0.0,0.0,0.724357088891797,0.0,0.0,0.0,0.015778411845663084,0.0,0.7920099868481189,0.7055773877955898,0.0,1.0,0.4936129779512613,0.6827681702745299,0.10625437666480338,0.5995866798946219,0.0,0.0,0.43592702658934146,0.0,0.0,0.0,0.0,0.1480632203727888,0.14068638741171113,0.0,0.20611847458360527,0.0,0.0,0.0,0.0,0.0,0.0,0.0,0.0,0.0,0.05400303560249612,0.0,0.0,0.29643419850575453,0.0,0.0,0.0,0.0,0.8679941621110361
gex_possorted_bam_SJSO3:CCCGCAACAAGCTTTGx-M1,0.0,0.03208999632896056,0.3644323135529647,0.0,0.0,0.0,1.0,0.0,1.0,0.0,1.0,0.6761257788792449,0.5336618667229986,1.0,0.0,1.0,1.0,0.4994592847984992,0.8455854829517783,0.0,0.0,0.0,0.0,0.0,1.0,0.12140322021623429,1.0,0.0,0.04769058805867036,0.029759589498055385,0.31556220408253405,0.05422207273558111,0.0,0.0,1.0,0.0,1.0,0.0,0.0,1.0,0.0,1.0,1.0,1.0,0.0,0.0,1.0,1.0,0.05193916634081461,0.0,0.3660674451325525,0.07682231932167195,0.0
gex_possorted_bam_SJSO3:CCGTTATGTCAAGTGCx-M1,0.0,0.0,1.0,0.002033412181314971,0.0,0.0,1.0,0.0,0.8453027663019449,0.19173412380376667,0.4435283969558698,0.9745465111190266,0.3512224118967375,0.8153367888901826,0.0,1.0,0.6575948654583326,0.0,0.31653687112453704,0.0,0.0,0.0,0.0,0.0,1.0,0.1826238766494904,1.0,0.28084854279884164,0.0,0.13276692622414032,1.0,0.0,0.0,0.0,1.0,0.0,1.0,0.0,0.0,1.0,0.23878056720982144,1.0,1.0,1.0,0.0,0.0,1.0,1.0,0.12195072960119974,0.0,0.29682732255529204,0.038211163088331536,0.0
gex_possorted_bam_SJSO3:CCGCACACAATGCCCGx-M1,0.012723796360990403,0.0,0.858320667841941,0.0,0.8006640890265635,0.617929203534254,0.3781485349431092,0.23065457758802932,0.1194401764220196,0.0,1.0,0.0,0.0,0.0,0.0,0.0,1.0,1.0,0.0,1.0,0.7320471116040337,0.7724838165252278,0.14504432489397906,0.4753026079499371,0.0,0.0034346358987909172,0.7421509880463263,0.0,0.0,0.0,0.0,0.594462807047796,0.1853207397806683,0.0,0.37818748689058024,0.010382890028632007,0.0,0.0,0.09751408398452058,0.1863950317511482,0.6545907354689892,0.0,0.0,0.7343499969888411,0.08000811452934198,0.007361413113489333,0.3119738341140116,0.3636235365207739,0.0,0.14249047509109028,0.0,0.0,1.0
gex_possorted_bam_SJSO3:CCGCACACATTGTGGCx-M1,0.0,0.0,0.34023779350311495,0.0,0.5969373255859792,0.18275071745146781,0.0,0.15753048523295868,0.09337502230950878,0.0,1.0,0.0,0.0,0.0,0.0,0.0,1.0,1.0,0.0,1.0,0.5166501923792621,0.6844842230539344,0.09260279292451859,0.42973064133553324,0.0,0.0,0.7438297174064035,0.0,0.0,0.0,0.0,0.4607057150332481,0.1284808142040309,0.0,0.3014456451001734,0.0,0.0,0.0,0.0,0.03335550693081643,0.4924300089302372,0.0,0.0,0.0,0.0,0.0,0.03105012969072153,0.4182350187386075,0.0,0.0050385761810374605,0.0,0.0,1.0
gex_possorted_bam_SJSO3:CCGCTAAAGGACCTGCx-M1,0.0,0.0,0.0,0.0,0.010095336898211954,0.0,0.0,0.0,0.0,0.0,0.37655725624482406,0.0,0.0,0.0,0.0,0.0,0.4768885974590243,0.14986374629618585,0.0,0.9580010789823803,0.3732436181533861,0.479939782136141,0.04536407997778211,0.555913750336657,0.0,0.0,0.4241192701329169,0.0,0.0,0.0,0.0,0.0,0.06844787593355527,0.0,0.32725690710598504,0.0,0.0,0.0,0.0,0.1529205431046881,0.0,0.0,0.0,0.0,0.0,0.0,0.0,0.17083995916019123,0.0,0.0,0.0,0.0,0.5697993803324366
gex_possorted_bam_SJSO3:CCGCAAATCATTTGCTx-M1,0.05312383580900433,0.0,0.0,0.0,0.37878733168242684,0.21383414384346017,0.0,0.0,0.0,0.0,0.9863484861339024,0.0,0.0,0.0,0.0,0.0,0.9725564893966621,1.0,0.0,1.0,0.6332346704703231,0.7128761518054154,0.16476379287463608,0.7098285635697514,0.0,0.0,0.46449633518826905,0.0,0.0,0.007092765307127819,0.0,0.17389048325386447,0.18401949064541667,0.0,0.19285072476505616,0.0,0.0,0.05341447233223745,0.0,0.0,0.04876069906630856,0.0,0.0,0.0,0.062189627602896064,0.0,0.0,0.2866520519237596,0.0,0.0,0.0,0.0,0.9470020203317122
gex_possorted_bam_SJSO3:CCGATGCAGTATTGTGx-M1,0.007611146357729882,0.0,0.0,0.0,0.3194388892241554,0.09896834592512342,0.0,0.0,0.0,0.0,1.0,0.0,0.0,0.0,0.0,0.0,0.993128540435219,1.0,0.0,0.8446069403496242,0.44886017528173505,0.6135155143595562,0.11867676079548325,0.5742628319419132,0.0,0.0,0.5624951995680415,0.0,0.0,0.0,0.0,0.22933649661773314,0.09337874058014309,0.0,0.2628112680447274,0.0,0.0,0.001525494302783398,0.0,0.0,0.017988099726873253,0.0,0.0,0.0,0.0,0.0,0.0,0.5418526902511951,0.0,0.0,0.0,0.0,0.7825463422369432
gex_possorted_bam_SJSO3:CCGCTAAAGACAGGTAx-M1,0.0,0.36071816148711083,1.0,0.117959709118188,0.0,0.0,1.0,0.0,1.0,0.36245129925287656,0.5834066966981462,1.0,0.7869509261821589,1.0,0.0,1.0,0.8248024642862489,0.0,0.6659656602955245,0.0,0.0,0.0,0.0,0.0,1.0,0.2650995440778976,1.0,0.6376043031334873,0.36739453241466724,0.1128118889106122,1.0,0.0,0.0,0.1252324125606286,1.0,0.0,1.0,0.0,0.0,1.0,0.12627487602156617,1.0,1.0,1.0,0.0,0.033402941801757964,1.0,1.0,0.3366667441633678,0.0,0.5571974796246257,0.1722953562779861,0.0
gex_possorted_bam_SJSO3:CCGTTATGTTGGCCGAx-M1,0.0,0.0,0.2125115892912828,0.0,0.0,0.0,0.1378946693275079,0.0,0.48131147647396877,0.0,0.9345622047900038,0.11803170557019547,0.0,0.46887092685970677,0.0,0.6666355717741508,0.943154577941534,0.356625397478788,0.07797578669432965,0.0,0.0,0.0,0.0,0.0,0.2714492227027688,0.0,1.0,0.0,0.0,0.0,0.0,0.0,0.0,0.0,1.0,0.0,1.0,0.0,0.0,0.7537129665796881,0.0,1.0,0.17253504682838836,0.0,0.0,0.0,0.3464568561730742,1.0,0.0,0.0,0.0,0.0,0.0
gex_possorted_bam_SJSO3:CCGGTAGGTAATCGGCx-M1,0.0,0.0,0.0641602137156874,0.0,0.15580992955715245,0.0,0.0,0.0,0.0,0.0,0.5177329331555113,0.0,0.0,0.0,0.0,0.0,0.5611315361337466,0.5264720406554885,0.0,0.8032332760900445,0.3347040519882635,0.519106151529627,0.09202363385547632,0.538956219306858,0.0,0.0,0.47759404098312364,0.0,0.0,0.0,0.0,0.0,0.057773495444393815,0.0,0.3216056014656927,0.0,0.0,0.0,0.0,0.39756766479708,0.0,0.0,0.0,0.0,0.0,0.0,0.0,0.29527761225386046,0.0,0.02744043461345925,0.0,0.0,0.8594088421070087
gex_possorted_bam_SJSO3:CCGTTAACATTAGCCAx-M1,0.0,0.0,0.0,0.0,0.0,0.0,0.3445258078574324,0.0,1.0,0.0,1.0,0.3489442484571555,0.10865172313298721,1.0,0.0,1.0,0.9401939061847946,0.14222063338115465,0.4832162315777429,0.0,0.0,0.0,0.0,0.0,0.9597395386022753,0.020898998924492717,1.0,0.0,0.083332728663554,0.0,0.0,0.0,0.0,0.0,1.0,0.0,1.0,0.0,0.0,1.0,0.0,1.0,0.8095449612201149,0.4835392188106794,0.0,0.0,0.9608178736864986,1.0,0.0,0.0,0.12388516019118821,0.0,0.0
gex_possorted_bam_SJSO3:CCGATGCAGTGATTCAx-M1,0.0,0.3072163636334487,0.6709036291526463,0.10917052582101329,0.0,0.0,1.0,0.0,1.0,0.0,1.0,0.6116641829955238,0.7096251773936626,1.0,0.0,1.0,1.0,1.0,1.0,0.0,0.0,0.0,0.0,0.0,1.0,0.17474721704032042,1.0,0.38379943318044574,0.3762573395152546,0.13186497400095962,0.5832247821793427,0.0,0.0,0.07848688848371471,1.0,0.0,1.0,0.0,0.0,1.0,0.0,1.0,1.0,1.0,0.0,0.01343321885596661,1.0,1.0,0.14914297617098324,0.0,0.5789307493042041,0.11331044388684856,0.0
gex_possorted_bam_SJSO3:CCGCAAGGTTATTGCCx-M1,0.0,0.2319186427324773,0.0,0.0,0.0,0.0,0.19598820006426174,0.06519433725058556,0.0,0.0,0.17002632964630612,0.4716885522964571,0.0,0.0801736393162496,0.20052233864361893,0.17369086861092728,0.7499721182059053,0.19174399184399718,0.0,1.0,0.19004833567082025,0.20037958447257354,0.010839951273737452,0.48036239836893446,0.0,0.0,0.3032624871849068,0.0,0.0,0.0,0.0,0.0,0.027289540975513567,0.07196789355057681,0.4961133651405231,0.018367983323363604,0.05069311410991765,0.0,0.12218232412610616,0.4051769500776807,0.1489108086957454,0.7488356662166514,0.0,0.0,0.0,0.0,0.0,0.3129363606452915,0.0,0.0,0.0,0.0,0.0
gex_possorted_bam_SJSO3:CCGTGCTGTGCACGCAx-M1,0.0,0.02953282232327302,1.0,0.0,0.0,0.0,1.0,0.0,1.0,0.0,0.8077453021736479,0.9365929333836811,0.49178204293333344,1.0,0.0,1.0,0.8749319221265354,0.0,0.45017935146887,0.0,0.0,0.0,0.0,0.0,1.0,0.09752491165355924,1.0,0.22933386022758787,0.035745634336791565,0.0,0.6454004581612228,0.0,0.0,0.001741580014785745,1.0,0.0,1.0,0.0,0.0,1.0,0.0,1.0,1.0,1.0,0.0,0.0,1.0,1.0,0.07414509925047758,0.0,0.42679457044668323,0.022965990208934743,0.0
gex_possorted_bam_SJSO3:CCGCTAAAGCAAGATGx-M1,0.43760068108982786,0.43139077926224134,1.0,0.36960151013469755,1.0,1.0,0.0,0.30897801894616905,0.12542198471687016,0.8689904212855684,0.9375158311643125,0.0,0.27960765529425924,0.0,0.6353214230253573,0.13147488719056977,0.8792064354211552,1.0,0.04204870799766377,1.0,0.9980656660990243,1.0,0.612967432206776,0.9309160449639099,0.0,0.3745733905533776,0.1674287256216796,0.44120744883847496,0.2179019924200475,0.5912373940568678,1.0,0.6260600800419484,0.5842779792101293,0.3435179693615468,0.12073677690126051,0.5423228981613969,0.0,0.36143001595577656,0.5129159026177883,0.3526338940512434,0.6417441139532308,0.0,0.3411153973924754,1.0,0.5956678823217008,0.502224922265514,0.30127823616930843,0.0,0.49592103604644894,0.9155489015510269,0.2637977860901148,0.4633588031117288,1.0
gex_possorted_bam_SJSO3:CCGTTATGTTGTGATGx-M1,0.0,0.0,0.0,0.0,0.0,0.0,0.0,0.0,0.0,0.0,1.0,0.0,0.18022841352927488,1.0,0.0,1.0,0.9384404464997279,0.47020582695378116,0.7500347626844932,0.0,0.0,0.0,0.0,0.0,0.9907982089733283,0.0,1.0,0.0,0.4316909610116873,0.0,0.0,0.09029107241104437,0.0,0.016066626665613575,1.0,0.0,1.0,0.0,0.0,1.0,0.0013556740174498212,0.804271541618329,0.45653840805460105,0.0,0.0,0.0,0.7951029399895615,1.0,0.0,0.0,0.39730409877078,0.0,0.0
gex_possorted_bam_SJSO3:CCGCTAAAGTGCACGCx-M1,0.06384340480877176,0.0,0.0,0.0,0.28224727777680664,0.3019979850825932,0.0,0.0,0.0,0.0,1.0,0.0,0.0,0.0,0.0,0.0,1.0,1.0,0.0,1.0,0.5840554923411607,0.7769506902244345,0.14190004387350239,0.7099705966292725,0.0,0.0,0.3901554873554064,0.0,0.0,0.0,0.0,0.20548124983651608,0.1330949182138604,0.0,0.21691203361880732,0.0,0.0,0.038649245667707256,0.0,0.0,0.0,0.0,0.0,0.0,0.09054642617726323,0.0,0.0,0.30928648425764627,0.0,0.0,0.0,0.0,0.9354029380086438
gex_possorted_bam_SJSO3:CCGCAAGGTGTAATACx-M1,0.0,0.0,0.3975879346104159,0.0,0.0,0.0,0.8146875109078221,0.0,1.0,0.0,1.0,0.38659646708948453,0.22072955413106857,1.0,0.0,1.0,1.0,0.35705902194643135,0.628953144567279,0.0,0.0,0.0,0.0,0.0,1.0,0.033556556730315275,1.0,0.041662296109999525,0.11947892303984402,0.0,0.11112040023595544,0.0,0.0,0.0,1.0,0.0,1.0,0.0,0.0,1.0,0.0,1.0,1.0,1.0,0.0,0.0,1.0,1.0,0.0,0.0,0.1733759845062734,0.0,0.0
gex_possorted_bam_SJSO3:CCGGTTAAGGATTGAGx-M1,0.0955387902368183,0.9858800210250919,1.0,0.2427430612021743,0.0,0.31311879133495224,1.0,0.4387654747991139,0.013061755354876773,0.9837455271095388,0.0,0.8847446646846712,0.01872750194171143,0.0,0.6859253256644575,0.529453543987587,0.035676847398699627,0.0,0.0,1.0,0.41861552601183344,0.4579286874241108,0.18078804060897233,0.6432059755985032,0.0,0.0,0.055740706465228516,0.6028698802044145,0.5928842407324506,0.1629064975281685,1.0,0.0,0.2646730262113017,0.5721772381049094,0.4703178911202624,0.566477340081983,0.6174665006353625,0.16785056183315744,0.4828528858427706,1.0,0.1474177608154299,0.6060819588448093,0.0,1.0,0.23085905848536586,0.3767714935250116,0.0,0.0,0.4579028004332123,0.49251441389292744,0.32183428040333883,0.2271476947449985,1.0
gex_possorted_bam_SJSO3:CCGGTTAAGGCGAATAx-M1,0.0,0.9146423337378189,0.7790965360014211,0.0042390861854770005,0.0,0.0,1.0,0.20349405566746082,0.0,0.6036528951100111,0.0,1.0,0.0,0.0,0.5937178724559409,0.2998886134097915,0.46529139176911166,0.0,0.0,1.0,0.30015739505530065,0.2982457265065082,0.0471360252172336,0.5350399994307873,0.0,0.0,0.11671792555721247,0.14632223081963952,0.009377910983994498,0.0,1.0,0.0,0.1116254868185728,0.23896238489689525,0.5654851186039821,0.23910406628556688,0.2839341632591979,0.0,0.3665741378723524,0.9471161799555391,0.20854943173014223,0.8366201717607112,0.0,0.04945858140958256,0.04239747872321926,0.024864456954856742,0.0,0.0,0.1307665391701651,0.11646300180948681,0.0,0.0,0.43247993926781125
gex_possorted_bam_SJSO3:CCTAAAGGTCATCCTGx-M1,0.07769900080683072,0.0,0.0,0.0,0.24419048958746362,0.34055667081546476,0.0,0.0,0.0,0.0,1.0,0.0,0.0,0.0,0.0,0.0,0.9356314250097474,1.0,0.0,1.0,0.6484765867881883,0.7262722585094031,0.16185022337676655,0.6814614116300484,0.0,0.0,0.4155426553381163,0.0,0.0,0.03587063131958796,0.0,0.1099735799230306,0.15570583917863903,0.0,0.3184570591640264,0.03446141575172575,0.0,0.08082080338884169,0.007638638764485704,0.08154452486013407,0.0,0.0,0.0,0.0,0.11187258355308358,0.016746987965087452,0.0,0.34932852429058325,0.0,0.0,0.0,0.024227021282029946,0.8189319442040086
gex_possorted_bam_SJSO3:CCGTGCTGTTCACCCAx-M1,0.0019087158194389421,0.034459830274600096,1.0,0.030180294134264388,0.690009957354598,0.8084942817493812,0.8685384295724121,0.2587976461923695,0.2407901817467378,0.20040776409715919,1.0,0.0,0.041885822455805216,0.02781156529887272,0.060818086661300653,0.11169967614948174,1.0,1.0,0.0,1.0,0.7040000175370715,0.6791676713532496,0.13399020263346526,0.4453125246418415,0.014708323008888963,0.0,0.7273570595181845,0.05962013684699387,0.0,0.0,0.43085971724320504,0.39039222768775955,0.16108487335772081,0.0,0.533355623313092,0.07322781172794057,0.07890247068997398,0.0,0.14189678048353505,0.5190588378552354,0.5034783863942704,0.08885189157013211,0.0,1.0,0.14109419430918776,0.05349865392776339,0.45811720336068756,0.5638911590267278,0.09215822285165148,0.2429163512088216,0.0,0.0,1.0
gex_possorted_bam_SJSO3:CCGCACACACAAGCCTx-M1,0.046940927535829284,0.0,1.0,0.05598665635219637,1.0,1.0,0.5209420161563602,0.25856785587608816,0.15771934062957926,0.3368857315502905,1.0,0.0,0.049249192461591616,0.0,0.11565906852082132,0.0,1.0,1.0,0.0,1.0,0.82269259508773,0.9120704228299443,0.245957042280752,0.5449810649022021,0.0,0.06281611006660003,0.6039990022979886,0.017510828121091858,0.0,0.013076581744968837,0.356758988994731,0.5909275839660093,0.2520059453749078,0.0,0.3473691207457935,0.12945796938436505,0.0,0.018428237646482267,0.2208098337989502,0.32390721535463285,0.7270544560435195,0.0,0.0,1.0,0.21024529117861085,0.11608273734227641,0.5395934212773966,0.20117507666588205,0.15597238161622287,0.413050143357361,0.0,0.0,1.0
gex_possorted_bam_SJSO3:CCGTTATGTTTGGGTAx-M1,0.0,0.0,0.4709585354783661,0.0,0.0,0.0,0.8274321431795187,0.0,0.5703171771037251,0.0,0.8383891599466252,0.7923358603244719,0.0,1.0,0.0,1.0,1.0,0.0,0.2705610354561279,0.0,0.0,0.0,0.0,0.0,0.5815699061602159,0.0,1.0,0.0,0.0,0.0,0.0411561129811298,0.0,0.0,0.0,1.0,0.0,1.0,0.0,0.0,1.0,0.04315639930477454,1.0,0.6641734611584825,1.0,0.0,0.0,0.5848022938160398,1.0,0.0,0.0,0.14699680157155562,0.0,0.0
gex_possorted_bam_SJSO3:CCGTTACTCCGTCCATx-M1,0.0,0.1591303124904086,0.8864175587139309,0.0,0.0,0.026131766921276146,1.0,0.0,0.9044041492568954,0.0,1.0,0.7874559195357942,0.2963456245175493,1.0,0.0,1.0,1.0,1.0,1.0,0.0,0.0,0.0,0.0,0.0,1.0,0.08763452686543464,1.0,0.13711822267095666,0.0,0.0,0.43830605094369557,0.0,0.0,0.0,1.0,0.0,1.0,0.0,0.0,1.0,0.0,1.0,1.0,1.0,0.0,0.0,1.0,1.0,0.010206327083232465,0.0,0.20986329855742133,0.024248242573708587,0.0
gex_possorted_bam_SJSO3:CCTAAAGGTGGTTCTTx-M1,0.0,0.0,0.0,0.0,0.0,0.0,0.0,0.0,0.0,0.0,0.42914828689751505,0.0,0.0,0.0,0.0,0.0,0.6814354607777448,0.4073494984855922,0.0,0.8139847204712152,0.28016568484641086,0.414064203697597,0.03924497431885558,0.543033358755204,0.0,0.0,0.46230613482537436,0.0,0.0,0.0,0.0,0.0,0.06195403579553786,0.0,0.3231658626174933,0.0,0.0,0.0,0.004442552134088813,0.12546866058351644,0.07111543976233517,0.18272771437647645,0.0,0.0,0.0,0.0,0.0,0.18814451121704684,0.0,0.0,0.0,0.0,0.3873913584355365
gex_possorted_bam_SJSO3:CCGCAAGGTACTGATGx-M1,0.03422458654306909,0.0,0.0,0.0,0.4202445083874333,0.3300306777110224,0.0,0.0,0.0,0.0,0.963434358746116,0.0,0.0,0.0,0.0395555718880063,0.0,0.8542443359719705,0.9816445026445814,0.0,1.0,0.6506984081106163,0.7938112376416208,0.16388604818161734,0.7394089068052139,0.0,0.0,0.3917874894458597,0.0,0.0,0.0,0.06651459955653867,0.09740865653171381,0.14124335826793108,0.0,0.2195768967458581,0.025369891210976225,0.0,0.03588252451559524,0.019187993607939848,0.12925800773966586,0.0,0.0,0.0,0.0,0.04588534427163752,0.004229802857448887,0.0,0.11247375948992644,0.0,0.0,0.0,0.015191075507496725,1.0
gex_possorted_bam_SJSO3:CCGCTAAAGTGAGGTAx-M1,0.0,0.3609145866703304,0.6153122025335418,0.0,0.0,0.0,0.5920477973469085,0.09167322470629867,0.0,0.16568924498603582,0.047773487916721126,0.49311995767901,0.0,0.0,0.36381205880156425,0.09008407849871286,0.7267213772008271,0.0,0.0,1.0,0.3799058861373972,0.28305661929165526,0.0293702263649115,0.49506346538858714,0.0,0.0,0.2990750614852078,0.0,0.0,0.0,0.49729149885163243,0.0,0.08936595407484513,0.10535883033673611,0.5776516397199488,0.07535869109352544,0.18298490715608454,0.0,0.2030283736414044,0.5897233980022955,0.23517467584647928,0.5959697136884622,0.0,0.0,0.0,0.0,0.0,0.0634357627079222,0.0,0.0,0.0,0.0,0.16114509525054552
gex_possorted_bam_SJSO3:CCGCAAATCTCACATTx-M1,0.0,0.0,0.0,0.0,0.0,0.0,0.44225203916501366,0.0,0.8512237918304497,0.0,1.0,0.2978653033109507,0.0,1.0,0.0,1.0,0.9584714217161664,0.09834722809162688,0.45301013818972563,0.0,0.0,0.0,0.0,0.0,0.8388213129801437,0.0,1.0,0.0,0.05355293764288963,0.0,0.0,0.0,0.0,0.0,1.0,0.0,1.0,0.0,0.0,1.0,0.0,1.0,0.7540089868508582,0.5533731592190085,0.0,0.0,0.7579789536739097,1.0,0.0,0.0,0.19392037392381578,0.0,0.0
gex_possorted_bam_SJSO3:CCGCCAACAACAGCCTx-M1,0.0,0.13183608756998283,0.0,0.0,0.0,0.0,0.05491889373722423,0.030006023641413037,0.0,0.0,0.0,0.37754286862369485,0.0,0.0,0.08294276200445007,0.0,0.3387226046551786,0.0,0.0,0.9985651309469058,0.15216044889135952,0.18551787879590106,0.0,0.41513163112351653,0.0,0.0,0.35454360850772415,0.0,0.0,0.0,0.0,0.0,0.0,0.04397616798178231,0.49089174403162833,0.0,0.10383942952264213,0.0,0.056760348425579976,0.3773945845582092,0.12515830361069644,0.4454487399240299,0.0,0.0,0.0,0.0,0.0,0.07308754718456739,0.0,0.0,0.0,0.0,0.044272379257692146
gex_possorted_bam_SJSO3:CCTAAAGGTAAGGTCCx-M1,0.00028010167064501564,0.5748652805646886,0.6854421461672824,0.061542227422899796,0.0,0.1713426041957325,1.0,0.27925077747864135,0.0,0.4908250214745345,0.0,0.7760411208098911,0.0,0.0,0.5343851215588744,0.33165198747447305,0.6580257725930249,0.0,0.0,1.0,0.42544511675811025,0.39547316824136797,0.14315760064914337,0.6041288021652402,0.0,0.0,0.26763840898605007,0.2728407939863759,0.0,0.018072657280418354,1.0,0.0,0.2077129253589211,0.24587622545117838,0.5540609447363719,0.23949001969864062,0.2684909776906703,0.0,0.36178637105184686,0.7521652321370421,0.4507633879319256,0.6238991420860628,0.0,0.046393054375814445,0.23773796257749985,0.045517381295320514,0.0,0.0,0.13977222373672063,0.20916789613689651,0.0,0.0,0.7356044255314792
gex_possorted_bam_SJSO3:CCGTTAACATAGGCGAx-M1,0.0,1.0,1.0,0.5811716411930614,0.0,0.12425904684294199,1.0,0.23123313970498513,1.0,0.5601204908777553,1.0,1.0,1.0,1.0,0.024884266278481174,1.0,1.0,0.943248447534018,1.0,0.0,0.0,0.0,0.0,0.0,1.0,0.8152729314044048,1.0,1.0,1.0,0.895406295296868,1.0,0.0,0.0,0.4488495265915212,1.0,0.0,1.0,0.03290419834882761,0.025438218678239425,1.0,0.057257234526430154,1.0,1.0,1.0,0.0,0.35850046832144233,1.0,1.0,0.8477242341134572,0.16459472078275658,1.0,0.6310743872933012,0.0
gex_possorted_bam_SJSO3:CCGCCAACACTGGCTGx-M1,0.12386004926413825,0.5033109510618157,1.0,0.2911633467949918,1.0,1.0,1.0,0.756679271532932,1.0,0.6627940149226114,1.0,0.0,0.3129420512756365,0.0,0.05844729445709554,0.0,1.0,1.0,0.38665883641310367,1.0,0.850517053016258,0.9553982337134674,0.33322074615302366,0.2836702400849301,0.37756566030504096,0.23403220377538356,0.8416718783520988,0.220060629984888,0.8306625751657786,0.0,0.8006413978966891,0.8259241880654522,0.30733878710922985,0.2696670361048046,0.517624568979528,0.3075838148263683,0.0,0.19309972812392512,0.5637507715970935,0.7326922252467082,1.0,0.0,0.0718357391740043,1.0,0.16634508682507765,0.3985876464924132,0.9388660126482103,0.0,0.39636587888442026,0.5037028675899684,0.0,0.15909003462281937,1.0
gex_possorted_bam_SJSO3:CCGATGCAGTAGGATGx-M1,0.0760812821565787,0.0,0.0,0.0,0.18138685451579872,0.27810020602100394,0.0,0.0,0.0,0.0,1.0,0.0,0.0,0.0,0.0,0.0,1.0,1.0,0.0,0.8769266496011685,0.6028461240560608,0.7474304870644523,0.15052343746665273,0.7366699062018814,0.0,0.0,0.4113069476992619,0.0,0.0,0.0,0.0,0.17204831792511127,0.1578798872488898,0.0,0.19407591343999464,0.0,0.0,0.08678503997253544,0.0,0.0,0.0,0.0,0.0,0.0,0.1136757995089596,0.0,0.0,0.41302820133927526,0.0,0.0,0.0,0.0,0.7133232092696576
gex_possorted_bam_SJSO3:CCGATGCAGTAAGTGGx-M1,0.06368365269577768,0.0,0.0,0.0,0.22746451295136005,0.1327275026558668,0.0,0.0,0.0,0.0,0.7874046623834446,0.0,0.0,0.0,0.0,0.0,0.7212198067736951,0.7618790745000995,0.0,1.0,0.577598383381678,0.6778838771641184,0.14884603900112786,0.6660524725892917,0.0,0.0,0.4152699677023172,0.0,0.0,0.0,0.0,0.06116100799888846,0.14671002344065165,0.0,0.3062593319338023,0.02797787760062114,0.0,0.052494626974565896,0.017214233006688145,0.10674991548967788,0.0,0.0,0.0,0.0,0.0731206122386468,0.017066581324197163,0.0,0.23652093016048178,0.0,0.0,0.0,0.0,0.8889086968395589
gex_possorted_bam_SJSO3:CCGGTTAAGGATCCGCx-M1,0.0,0.9514551794774466,1.0,0.10736807857615628,0.0,0.1643106606529083,1.0,0.16438676793809387,0.6551720719464866,0.5300756197097519,0.7743583182435174,1.0,0.207169787428446,1.0,0.3088571106814623,1.0,1.0,0.226845833033943,0.511954241076204,0.0,0.0,0.0,0.0,0.0,0.7998631735419272,0.04662410252253782,1.0,0.4454613223755307,0.27924858014276654,0.034336003160252586,1.0,0.0,0.0,0.261253223088018,1.0,0.07860767871430385,1.0,0.0,0.1224029124625508,1.0,0.4425537813011753,1.0,0.34554630935477143,1.0,0.0,0.0,0.3402332501070683,1.0,0.25941505679274296,0.04497950212632189,0.1441921063893351,0.05780275232306333,0.0
gex_possorted_bam_SJSO3:CCGCAAGGTTTGGGTAx-M1,0.0,0.5238305872037854,0.5665859733025611,0.0,0.0,0.0,0.7055034286986988,0.13685072254784272,0.0,0.4225039030028433,0.0,0.5525789057096073,0.0,0.0,0.3900180131652724,0.07481648286160242,0.10568570168808418,0.0,0.0,1.0,0.2881882496433981,0.3514091072763698,0.031100814543001204,0.46210336688806297,0.0,0.0,0.22918117943462113,0.019675462970429894,0.1414778181225395,0.0,1.0,0.0,0.07671381750077297,0.14732854445283666,0.5084080661617608,0.18788051818536067,0.27713310991458145,0.0,0.1775607431849724,0.8439559756134303,0.0,0.3338413023153216,0.0,0.015187531104516422,0.0,0.05444911424978358,0.0,0.0,0.09027803330104577,0.1160287878371554,0.009995511445278438,0.0,0.6762127637276368
gex_possorted_bam_SJSO3:CCGTGCTGTTCCAGGGx-M1,0.0,0.7887911627466526,0.6889947743303266,0.04208725595060227,0.0,0.6158872060850096,1.0,0.17179332789275523,0.0,0.5156572698083927,0.3422231558343193,0.6679094369446394,0.0,0.0,0.5457732220777327,0.5331065656449894,1.0,0.42155776671420386,0.0,1.0,0.5171888152532815,0.4034769440715619,0.08301537012183935,0.6326478806714634,0.0,0.0,0.1622831385711271,0.08908533467463776,0.0,0.0,1.0,0.0,0.15538345723060068,0.15674960796770934,0.5386580202656456,0.1895153860365681,0.14445302348337813,0.0,0.36227906681752625,0.7717142950645653,0.1415045337724832,0.9952224196573579,0.0,0.0,0.07817804084806856,0.0,0.0,0.17192447210308517,0.09367410634305093,0.09530586474958873,0.0,0.0,0.36575403164803283
gex_possorted_bam_SJSO3:CCGTGCTGTAGTTGGCx-M1,0.10116050349229569,0.0,0.0,0.0,0.4029159838611023,0.9088550491015609,0.0,0.0,0.0,0.0,1.0,0.0,0.0,0.0,0.047350645994525715,0.0,1.0,1.0,0.0,1.0,0.9324450510995304,0.9923666247673338,0.21612530361078156,0.8987416758220329,0.0,0.0,0.3123948183810178,0.0,0.0,0.04160349780602864,0.5064621716053734,0.13826394961851124,0.21501896814899307,0.0,0.19248595233795485,0.0898493150870249,0.0,0.07116407925795998,0.05970590973101468,0.053006877352377475,0.0,0.0,0.0,0.0,0.21178336039185694,0.03185309671250641,0.0,0.2068308622062872,0.0,0.0336934875880371,0.0,0.07124045526968364,1.0
gex_possorted_bam_SJSO3:CCGCACACACACTAATx-M1,0.02283161587692275,0.0,0.0,0.0,0.30867477515879976,0.13699733875177833,0.0,0.0,0.0,0.0,0.9199785873342456,0.0,0.0,0.0,0.0,0.0,0.8678032275147367,1.0,0.0,1.0,0.5628618145100379,0.738506114052816,0.12499219233839498,0.6952827129478297,0.0,0.0,0.4264149054724724,0.0,0.0,0.0,0.0,0.14944686172686425,0.1245907867113956,0.0,0.1801951414977463,0.0,0.0,0.03760736484622836,0.0,0.0,0.0,0.0,0.0,0.0,0.0386773467325965,0.0,0.0,0.35997765107774354,0.0,0.0,0.0,0.0,0.7792352472758048
gex_possorted_bam_SJSO3:CCTAAGCCACAGGGACx-M1,0.05948152502686673,0.0,0.0,0.0,0.33477136430656146,0.39166699027121343,0.0,0.0,0.0,0.0,1.0,0.0,0.0,0.0,0.0,0.0,1.0,1.0,0.0,1.0,0.6978623101950995,0.8117550667307731,0.16025445418354542,0.7022425369779761,0.0,0.0,0.40315438286038824,0.0,0.0,0.030912429380537072,0.0,0.170396859355631,0.1603041814930029,0.0,0.17914904374555543,0.0,0.0,0.06223768293546797,0.0,0.0,0.0,0.0,0.0,0.0,0.0718169631272831,0.0,0.0,0.40459509906198665,0.0,0.0,0.0,0.0,1.0
gex_possorted_bam_SJSO3:CCTAATAAGCTTTGTTx-M1,0.0,0.04392892826553352,0.0,0.0,0.0,0.0,0.0,0.05474644912842684,0.0,0.0,0.06335278789451608,0.23069246459989595,0.0,0.0,0.11517574915568475,0.016902882432165797,0.41553045782082665,0.0,0.0,0.7008147769482334,0.1586135685763348,0.1971276399396364,0.00790412632126459,0.4228176673834334,0.0,0.0,0.42793211784123275,0.0,0.0,0.0,0.0,0.0,0.030101096872304004,0.08234798436138312,0.4859706783981623,0.0,0.10052528234422044,0.03476262792786624,0.06752128176981852,0.35103049262181335,0.12451374896588353,0.46634994543842684,0.0,0.0,0.0,0.0,0.0,0.2954437615796717,0.0,0.0,0.0,0.0,0.0
gex_possorted_bam_SJSO3:CCTATTGTCAAGCGCCx-M1,0.0,0.03504740825799131,0.3529224543538439,0.015484236239752567,0.0,0.0,1.0,0.0,1.0,0.0,1.0,0.5802409542764008,0.397056466235561,1.0,0.0,1.0,1.0,0.961044605005645,1.0,0.0,0.0,0.0,0.0,0.0,1.0,0.10397033117471056,1.0,0.04164925634426904,0.24563770398926243,0.0,0.13850154042804294,0.0,0.0,0.0,1.0,0.0,1.0,0.0,0.0,1.0,0.0,1.0,1.0,1.0,0.0,0.0,1.0,1.0,0.0,0.0,0.30581373940926476,0.044105405055218996,0.0
gex_possorted_bam_SJSO3:CCTCAATGTTACTTGCx-M1,0.0,0.18463104817057008,0.5031440064878462,0.0,0.06348381528007505,0.0,0.36591727775006455,0.1003890171578011,0.0,0.21806262046908712,0.023011506133210485,0.08913151159011573,0.0,0.0,0.28529426031581956,0.0,0.6235600220677394,0.0,0.0,1.0,0.46082707820205066,0.43005499594162505,0.11046160511241027,0.5407914228317916,0.0,0.0,0.34604953820123036,0.0,0.0,0.0,0.6352456315093209,0.0,0.1302378453349621,0.06643887068633686,0.446420312989938,0.0743984151429006,0.12586766051000484,0.0,0.16924371448433098,0.4672850581870676,0.27795377150479006,0.2580395881786386,0.0,0.0,0.006603216473192764,0.0,0.0,0.0,0.0,0.06621171198528912,0.0,0.0,0.7475273608368771
gex_possorted_bam_SJSO3:CCTCAATGTACGCGCAx-M1,0.4925426649988396,0.4491012261594501,0.6795620430219447,0.3692312418460439,1.0,1.0,0.0,0.34859783552254864,0.0,0.7206700505537177,1.0,0.0,0.3679278920046113,0.0,0.6089220195286059,0.13293817805960034,1.0,1.0,0.283157069807096,1.0,1.0,1.0,0.6088381802439835,1.0,0.04531890385012519,0.315845363508082,0.18363184403217256,0.4505374686947994,0.2889077864641164,0.618094215330158,1.0,0.5723135672582799,0.6054209865044976,0.2967992827068656,0.15921047121016862,0.5765791886881799,0.0,0.38447148685962246,0.5419792300203726,0.3100305962023293,0.23901810735764878,0.0,0.3345810335591138,1.0,0.6741366261259049,0.5329835725314072,0.30885225776836267,0.0,0.5166114756030054,0.7759282098889795,0.26086937680302236,0.5030759428728945,1.0
gex_possorted_bam_SJSO3:CCTCCTGAGGCTTAGTx-M1,0.031638398007202195,0.0,0.0,0.0,0.511133154531124,0.3478112333087964,0.0,0.0,0.0,0.0,1.0,0.0,0.0,0.0,0.0,0.0,1.0,1.0,0.0,1.0,0.7297161163490814,0.7979194222467798,0.17594701004639007,0.6980697582941919,0.0,0.0,0.4625408052864649,0.005722744948418823,0.0,0.0933144369004144,0.0,0.15782027112919628,0.17473002915537358,0.0,0.21336354684094175,0.0,0.0,0.01166989458932341,0.0,0.0,0.0,0.0,0.0,0.0,0.14690262542047436,0.0,0.0,0.3401627423456647,0.0,0.0978870255851141,0.0,0.0,1.0
gex_possorted_bam_SJSO3:CCTCAAACACGTAATTx-M1,0.0888728239288075,0.0,0.0,0.0,0.5310360420778207,0.3019367848694149,0.0,0.0,0.0,0.0,1.0,0.0,0.0,0.0,0.03532677163954227,0.0,0.9031342679755864,1.0,0.0,1.0,0.6520329345250104,0.795488216076142,0.2237373373895906,0.651133634352169,0.0,0.0,0.4270569782615958,0.0,0.0,0.030094658700404165,0.0,0.24671255755385144,0.18275216318512202,0.0,0.14314742802548386,0.0,0.0,0.03782737462933446,0.0,0.0,0.0,0.0,0.0,0.0,0.17091283460031498,0.0,0.0,0.4033756291761929,0.0,0.10716593060681094,0.0,0.00985111913897377,0.9477735031256965
gex_possorted_bam_SJSO3:CCTCCTCTCTTGCTATx-M1,0.13248933264163068,0.0,0.0,0.0,0.36537027303135305,0.8259666525903271,0.0,0.0,0.0,0.0,1.0,0.0,0.0,0.0,0.0,0.0,1.0,1.0,0.25276696434051044,0.8109599519553816,0.7943653548086166,0.9492794375443966,0.20649428080705412,0.8050461423020789,0.0,0.0,0.3308802018458197,0.0,0.0,0.07380870004100434,0.0,0.17248128099746413,0.17807520324786427,0.0,0.1947067377094112,0.03786500031672456,0.0,0.15467867968130797,0.018344889633746645,0.0,0.0,0.0,0.0,0.0,0.19282905636751832,0.018325627561370215,0.0,0.3306698079671799,0.0,0.0,0.0,0.10606295286524742,0.8884534919652057
gex_possorted_bam_SJSO3:CCTAAGCCAAGGATTAx-M1,0.0,0.6398424084265429,1.0,0.10757184020705703,0.1172105342435657,0.5480735560065982,1.0,0.20663742083334913,0.0,0.5839015458223481,0.25783925495507976,0.5093152547301182,0.0,0.0,0.5568843042119151,0.4449666149334629,0.9504948075553229,0.11030350344593255,0.0,1.0,0.5518980528263008,0.5068965959519378,0.14801869178963573,0.7087381946403112,0.0,0.0,0.16036277487411688,0.28090028857035304,0.04119818212773048,0.08991578618964471,1.0,0.0,0.20813441657436954,0.19665980035296407,0.5271596299432367,0.31763013089885545,0.23992757962173722,0.02619304618154371,0.3792155686044241,0.9638613640322627,0.1335675785443871,0.7113881109340059,0.0,0.5139060044324851,0.19458608646139686,0.11087571807132383,0.0,0.0,0.17865045111563843,0.2511486307245312,0.014829259420041678,0.01539881352698326,0.9349370640318984
gex_possorted_bam_SJSO3:CCTACTTCACTGACCGx-M1,0.0,0.9646483396643999,1.0,0.43749494355362434,0.0,0.0,1.0,0.14815508702955224,1.0,0.3976637406686921,1.0,1.0,1.0,1.0,0.0,1.0,1.0,0.27514560457878523,1.0,0.0,0.0,0.0,0.0,0.0,1.0,0.5823121099189399,1.0,1.0,1.0,0.5438929691667439,1.0,0.0,0.0,0.34814283139012453,1.0,0.0,1.0,0.0,0.0,1.0,0.06738212991403168,1.0,1.0,1.0,0.0,0.23561759936154297,1.0,1.0,0.6236985272226346,0.11392930540263572,1.0,0.48144686019595545,0.0
gex_possorted_bam_SJSO3:CCTCAATGTACGGTACx-M1,0.0,0.13774321998582068,1.0,0.009455985446886746,0.0,0.0,1.0,0.0,1.0,0.0,0.8064703230403989,1.0,0.48444464811804305,1.0,0.0,1.0,0.9693352419811823,0.0,0.49378645331325405,0.0,0.0,0.0,0.0,0.0,1.0,0.1097481481489642,1.0,0.3025917870417121,0.1602806574042177,0.0,0.9879454973008285,0.0,0.0,0.046417565340483934,1.0,0.0,1.0,0.0,0.0,1.0,0.005190866892658877,1.0,1.0,1.0,0.0,0.0,1.0,1.0,0.1347619015662665,0.0,0.39533845550680113,0.03687694174818858,0.0
gex_possorted_bam_SJSO3:CCTCCTGAGTCATTGAx-M1,0.0,0.0,0.0796230397890886,0.0,0.04775120065041909,0.0,0.0,0.0,0.0,0.0,0.4709994731399074,0.0,0.0,0.0,0.0,0.0,0.44127499526822805,0.19344379975715895,0.0,1.0,0.4411281980524636,0.5619677054708335,0.06799987306792347,0.581073172765581,0.0,0.0,0.5146929615558948,0.0,0.0,0.0,0.19041649874404737,0.0,0.08744590444865902,0.0,0.3610154792023206,0.0,0.0,0.0,0.0,0.2908016073597736,0.0,0.0,0.0,0.0,0.014115049908364144,0.0,0.0,0.22605507175103376,0.0,0.0,0.0,0.0,0.8404187543432773
gex_possorted_bam_SJSO3:CCTACTTCATGCATATx-M1,0.033824834179713124,0.0,0.0,0.0,0.33847065096603,0.28691228986604667,0.0,0.0,0.0,0.0,1.0,0.0,0.0,0.0,0.0,0.0,1.0,1.0,0.0,1.0,0.6376983303032397,0.787739594206038,0.11777926450093981,0.8035221039802857,0.0,0.0,0.5146222727750674,0.0,0.0,0.0,0.0,0.14713367521157733,0.1459809414958364,0.0,0.1626202349346364,0.0,0.0,0.026853984753834298,0.0,0.0,0.0,0.0,0.0,0.0,0.06866944156856745,0.0,0.0,0.3795217269565127,0.0,0.0,0.0,0.0,0.8588538963668627
gex_possorted_bam_SJSO3:CCTCAGTTCCCGCAAAx-M1,0.0,0.1570219456651582,0.19542836387098392,0.0,0.0,0.0,0.22758070980362363,0.05217704207848754,0.0,0.06245326264789046,0.0,0.3927183966098275,0.0,0.0,0.19887552499279856,0.0,0.1634709756590994,0.0,0.0,1.0,0.19892164669716916,0.20086418410901666,0.0,0.4403884997937079,0.0,0.0,0.3791308057872045,0.0,0.0,0.0,0.4323245625181272,0.0,0.011812704755861877,0.08205399039922595,0.5565470288681345,0.00858929795666896,0.16383336191761963,0.0,0.08616853094751238,0.5472863063991149,0.043631048258232434,0.3417700940397144,0.0,0.0,0.0,0.0,0.0,0.050732349692653354,0.0,0.0,0.0,0.0,0.3155933407913408
gex_possorted_bam_SJSO3:CCTAAGTAGACAAGTGx-M1,0.10885478808511348,0.5136527311949818,1.0,0.28638239215939854,1.0,1.0,1.0,0.7627369913648657,1.0,0.5028437520212868,1.0,0.0,0.42060903290667495,0.17509958480934684,0.0,0.02349916361033017,1.0,1.0,0.4958505082644857,1.0,0.7939932034942668,0.8609010022074823,0.30953621168333784,0.1903381548703341,0.5611070845806001,0.2529287707798695,0.955820672734896,0.15014821279442217,0.888829451863689,0.0,0.6578056088914047,0.6986873226934948,0.26854603885105255,0.2324565200804207,0.6053929484245453,0.2421383196388302,0.02473033466369188,0.13591423799110441,0.5055490824168587,0.6876954243907359,1.0,0.10607902860727181,0.11366918455604273,1.0,0.09255434940353727,0.4073979714168632,1.0,0.2950092737409353,0.39573350857329703,0.4633227594330894,0.0,0.1475887087345653,1.0
gex_possorted_bam_SJSO3:CCTAAGGTCCACCCTGx-M1,0.0,0.1651792440835912,1.0,0.05655175384306037,0.0,0.0,1.0,0.0,1.0,0.0,1.0,0.926960604171596,0.4591514289659676,1.0,0.0,1.0,1.0,0.0,0.8094854412066946,0.0,0.0,0.0,0.0,0.0,1.0,0.1395238944970098,1.0,0.413761272331339,0.20006419045706664,0.0346349055697247,0.8250595979518071,0.0,0.0,0.058544095724285136,1.0,0.0,1.0,0.0,0.0,1.0,0.0,1.0,1.0,1.0,0.0,0.0,1.0,1.0,0.11712268742843225,0.0,0.42966761180817664,0.05500383567639621,0.0
gex_possorted_bam_SJSO3:CCTATATTCCTAACGGx-M1,0.35728038672584445,0.026871426131813297,0.0,0.1934855419468613,0.819096127810954,1.0,0.0,0.1176128492689612,0.0,0.28014766117543566,1.0,0.0,0.0,0.0,0.37989251087326326,0.0,1.0,1.0,0.41500783419631265,1.0,1.0,1.0,0.4345137974492031,1.0,0.0,0.08826493109728176,0.2456975863471068,0.2678307236856925,0.13274475203012254,0.41711475553945265,0.7024181037518107,0.41233520452163513,0.41459601563676146,0.043847287284755565,0.18808672797570591,0.37489102448849737,0.0,0.23805153446090452,0.3084358940993617,0.0,0.0,0.0,0.0,0.0,0.5521649213177563,0.27003326375576836,0.0,0.07092175081317181,0.19762348574718278,0.3872090593172957,0.0,0.34923485122417997,1.0
gex_possorted_bam_SJSO3:CCTCCTCTCATGCATAx-M1,0.0,0.930265884879418,1.0,0.11132917460535015,0.0,0.5164221690411761,1.0,0.02760161165147976,0.0,0.25995616359423374,1.0,1.0,0.00523123502853502,1.0,0.0670527310294304,1.0,1.0,1.0,1.0,0.0,0.0,0.0,0.0,0.0,1.0,0.06863862009838662,1.0,0.3707476904335527,0.0,0.22224641232079917,0.26832791274532364,0.0,0.0,0.0534782241334747,1.0,0.0,1.0,0.0,0.038044761304461897,1.0,0.5148611834635527,1.0,0.2702885077080757,1.0,0.0,0.0,0.7273033427828808,1.0,0.1293743225920897,0.0,0.0,0.0,0.0
gex_possorted_bam_SJSO3:CCTAAGGTCACAGCGCx-M1,0.0,1.0,1.0,0.6109809731535191,0.0,0.048272857611435495,1.0,0.275947052093952,1.0,0.5230300776301802,1.0,1.0,1.0,1.0,0.00995897736203786,1.0,1.0,0.36753742519300037,1.0,0.0,0.0,0.0,0.0,0.0,1.0,0.8879586357254559,1.0,1.0,1.0,0.6613793693375938,1.0,0.0,0.0,0.4354388160581998,1.0,0.0084867024628163,1.0,0.0,0.0,1.0,0.13503724767763103,1.0,1.0,1.0,0.0,0.32858188081138784,1.0,1.0,0.7658265883443498,0.4614225431051367,1.0,0.6440580824522064,0.0
gex_possorted_bam_SJSO3:CCTCAAACAGCTAATTx-M1,0.0,0.0,0.04793289962356497,0.0,0.07231726793746726,0.0,0.0,0.0,0.0,0.0,0.29363425478707544,0.0,0.0,0.0,0.04258376946903863,0.0,0.3629623534230639,0.04515977855666641,0.0,1.0,0.39321444612325,0.5722268269997269,0.08277265200576771,0.6138784330788966,0.0,0.0,0.3729692106971306,0.0,0.0,0.0,0.1977699062831329,0.0,0.08081175029103459,0.0,0.2578838390910901,0.0,0.0,0.0,0.0,0.18820838569381454,0.0,0.0,0.0,0.0,0.0,0.0,0.0,0.05275171515538125,0.0,0.0,0.0,0.0,0.8267866898009387
gex_possorted_bam_SJSO3:CCTACTGGTAATAGCTx-M1,0.0012255753407033432,0.0,1.0,0.0,0.7149668394287125,0.6057376304969061,0.8710014599749578,0.33945980991842145,0.307618286669586,0.0,1.0,0.0,0.03759976964360851,0.0,0.0,0.0,1.0,1.0,0.044142191256817585,1.0,0.7157537185204013,0.7434782110393747,0.09990301231262887,0.44806418028932055,0.03402756137859793,0.0,0.8398790128297264,0.0,0.036064618293755624,0.0,0.0,0.6844531371191381,0.14952789913994205,0.0,0.43371719197781916,0.0,0.0,0.0,0.06345278038902143,0.2681087495054436,0.6939150389355284,0.0,0.0,1.0,0.018856608431699822,0.03564486671784469,0.3650818785538844,0.4983033975881676,0.0,0.05034628205194497,0.0,0.0,1.0
gex_possorted_bam_SJSO3:CCTATTGTCCGCTAGAx-M1,0.0,0.5744008232902991,0.44692703749690194,0.05479938233480111,0.0,0.27776356125052726,1.0,0.013790379635900024,0.0,0.04014500247483918,1.0,1.0,0.0,1.0,0.11748046131797346,1.0,1.0,1.0,0.8486985658606162,0.0,0.0,0.0,0.0,0.0,0.17123502156843168,0.0,0.9012759226937277,0.05166172153372457,0.0,0.03646884726638778,0.0,0.0,0.0,0.046186354636109775,1.0,0.0,0.7168688969119079,0.0,0.07303706080198127,1.0,0.43184579753181784,1.0,0.0,0.0,0.0,0.0,0.0,1.0,0.0,0.0,0.0,0.0,0.0
gex_possorted_bam_SJSO3:CCTCCTCTCCGTAAACx-M1,0.0723103476846039,0.0,0.8115136167698906,0.0,0.6761564630303938,0.5445588864883749,0.0,0.0,0.0,0.04826288166419654,0.9808019081877422,0.0,0.0,0.0,0.06054352446647218,0.0,1.0,1.0,0.0,1.0,0.7597534020285149,0.8942948575034458,0.19714305328564402,0.6510605256578519,0.0,0.0,0.3603799766592882,0.0,0.0,0.0630023289396348,0.091134581352902,0.0,0.21955820680613095,0.0,0.10310610216452074,0.06536534825234971,0.0,0.018465116617282173,0.19590625903102946,0.0033844529951039155,0.0,0.0,0.0,0.0,0.20876662570813315,0.03859238540087817,0.0,0.022781033907948996,0.0,0.25183630516845257,0.0,0.0007314163230956778,1.0
gex_possorted_bam_SJSO3:CCTATAGCAGCGCTTGx-M1,0.024058900363017242,0.0,0.32734369163134386,0.0,0.24055584565398808,0.125964376774929,0.0,0.020411549887704845,0.0,0.15786267014923316,0.5190516009173143,0.0,0.0,0.0,0.09402733815166975,0.0,0.7172485503185042,0.42810579588314895,0.0,1.0,0.6507392765362402,0.6807639739015691,0.11980706507462656,0.6936101939776095,0.0,0.0,0.40763974127992847,0.0,0.0,0.02966212727942828,0.4112350835785028,0.04257822044785295,0.15534907642469287,0.0,0.2908792583775286,0.08687971406860383,0.0,0.01633811144271905,0.07754900130014405,0.2618856387300147,0.0,0.0,0.0,0.0,0.18939163468000259,0.04415064631973831,0.0,0.059582597578953594,0.0,0.07660720343320876,0.0,0.0,1.0
gex_possorted_bam_SJSO3:CCTATATTCACCAATAx-M1,0.0,0.0,0.5320198284022679,0.0,0.18821558436060296,0.28865900756531776,0.2858639769216298,0.18328755785139292,0.0,0.09002414124729934,0.5933905177148975,0.0,0.0,0.0047201225160509695,0.2281742330037471,0.0,1.0,0.8144831219180553,0.0,1.0,0.566040235533125,0.5936547311743825,0.08307792067452427,0.6477016199982558,0.0,0.0,0.40359505498912035,0.0730404090143675,0.0,0.0,0.2891654882881657,0.11737366345989754,0.1960347495726855,0.08353513160819392,0.33143519770486424,0.06888494056370428,0.05678608447678083,0.0035953958394573256,0.1833599337885928,0.276077726318844,0.2774166642012226,0.2881309724282624,0.0,0.0,0.22008571296995433,0.0,0.0,0.258390387682815,0.0,0.0,0.0,0.0,1.0
gex_possorted_bam_SJSO3:CCTAAGGTCAGTTCCCx-M1,0.08867732778607565,0.0,0.0,0.0,0.2995010693816108,0.28999212055311496,0.0,0.0,0.0,0.0,1.0,0.0,0.0,0.0,0.0,0.0,0.9837238644153506,1.0,0.0,0.7835124162335325,0.5802639741181917,0.7581700135157058,0.15771815858451005,0.7352581003517796,0.0,0.0,0.4031024862986626,0.0,0.0,0.03733019749921887,0.0,0.07483788266488722,0.148704092178169,0.0,0.1610884705843031,0.016508223580555384,0.0,0.14345340399586598,0.00347392289225214,0.0,0.0,0.0,0.0,0.0,0.06573812442529862,0.0,0.0,0.327474164091629,0.0,0.0,0.0,0.0,0.7041548228198933
gex_possorted_bam_SJSO3:CCTAAATCATTGCGTAx-M1,0.0,0.6325701959107788,1.0,0.09178427733579897,0.0,0.0,1.0,0.0,1.0,0.2959380015651364,1.0,1.0,0.5316901821588585,1.0,0.0,1.0,1.0,0.39869948244029757,1.0,0.0,0.0,0.0,0.0,0.0,1.0,0.1841234152831755,1.0,0.5107156923329254,0.14239318644842855,0.07128773878072259,1.0,0.0,0.0,0.09113754735602236,1.0,0.0,1.0,0.0,0.0,1.0,0.14771085783821677,1.0,1.0,1.0,0.0,0.0,1.0,1.0,0.24450930389681275,0.0,0.40683911675738865,0.10299595602653545,0.0
gex_possorted_bam_SJSO3:CCTATAGCATAATGTCx-M1,0.07356547352628955,0.0,0.0,0.0,0.2421284161455156,0.4052687484548066,0.0,0.0,0.0,0.0,1.0,0.0,0.0,0.0,0.0,0.0,1.0,1.0,0.005707990566685331,0.7545828524751356,0.6280568203431048,0.7995676943217931,0.1571037876511042,0.7049993494959116,0.0,0.0,0.4150236451744556,0.0,0.0,0.014463577628868868,0.0,0.0829559142597301,0.13917995175426764,0.0,0.22071790511172398,0.0,0.0,0.08570359686368016,0.0,0.0,0.0,0.0,0.0,0.0,0.05563152564191191,0.0,0.0,0.41383623634272676,0.0,0.0,0.0,0.010112693808052754,0.7085039909606488
gex_possorted_bam_SJSO3:CCTATTTAGGACTTACx-M1,0.0,0.469128840532794,1.0,0.14732297389294707,0.0,0.04764364754013612,1.0,0.0,1.0,0.2824002064291557,1.0,1.0,1.0,1.0,0.0,1.0,1.0,0.5260361441193235,1.0,0.0,0.0,0.0,0.0,0.0,1.0,0.3048366687196295,1.0,0.5381235988988912,0.3887237350683362,0.17951689761026451,1.0,0.05190789199252403,0.0,0.027999631194908017,1.0,0.0,1.0,0.0,0.0,1.0,0.0,1.0,1.0,1.0,0.0,0.03985741099032404,1.0,1.0,0.34037333035036826,0.1061625237127807,0.5390999936247959,0.20922207091749048,0.07437474868548287
gex_possorted_bam_SJSO3:CCTAGTTGTGGAAACGx-M1,0.0,0.0,0.39845930545046976,0.0,0.0,0.0,0.8300492902070197,0.0,0.8649681362053268,0.0,0.9755078594472424,0.7451522779568469,0.0,1.0,0.0,1.0,1.0,0.0,0.4828055790677954,0.0,0.0,0.0,0.0,0.0,0.7467815438500933,0.0,1.0,0.04890676316322731,0.0,0.0,0.0,0.0,0.0,0.0,1.0,0.0,1.0,0.0,0.0,1.0,0.08432205947561797,1.0,0.9086683473885416,1.0,0.0,0.0,0.6090483281621263,1.0,0.0,0.0,0.1829353953552089,0.0,0.0
gex_possorted_bam_SJSO3:CCTACTGGTTAGCAGCx-M1,0.0,0.3773281872485173,1.0,0.07488361956274925,0.0,0.0,1.0,0.0,1.0,0.0,1.0,0.9465088951979241,0.6102639374823116,1.0,0.0,1.0,1.0,0.1639306952879811,1.0,0.0,0.0,0.0,0.0,0.0,1.0,0.1524647575029155,1.0,0.4573043058296655,0.08216305996314331,0.09375419420491365,1.0,0.0,0.0,0.10573549264544038,1.0,0.0,1.0,0.0,0.0,1.0,0.0,1.0,1.0,1.0,0.0,0.0,1.0,1.0,0.15938015880701561,0.0,0.42794642582840164,0.0824747914870837,0.0
gex_possorted_bam_SJSO3:CCTCAAACAACTAGAAx-M1,0.01087544419186239,0.28797458621743643,1.0,0.0,0.46297971317652176,0.5696620705292671,0.08268999793591868,0.08137537414805196,0.0,0.5675525819855466,0.4742832486130906,0.0,0.0,0.0,0.3377794147108228,0.04167266154165959,0.6406798507913589,0.2645038179123946,0.0,1.0,0.7417357768346277,0.8402845656882031,0.16705740468830926,0.7550222176049324,0.0,0.0,0.2506843654641386,0.1269360802711514,0.0,0.1306333844464925,1.0,0.007928006922063495,0.21831601451475346,0.037460859610044465,0.27418744073244605,0.23423927782588433,0.021086453793668174,0.0,0.18358993551009087,0.682495092847921,0.0,0.0,0.0,0.9253339067014792,0.26306258368704344,0.1418896972488305,0.0,0.0,0.20405748026127046,0.3550256165120209,0.0,0.06762910033586146,1.0
gex_possorted_bam_SJSO3:CCTAATCGTCATAAGTx-M1,0.0,0.37652462015461535,1.0,0.1168579355004749,0.0,0.0,1.0,0.0,1.0,0.14443821287046785,1.0,1.0,0.9433726523868569,1.0,0.0,1.0,1.0,0.15215519590482682,1.0,0.0,0.0,0.0,0.0,0.0,1.0,0.23779570543347928,1.0,0.5682105371425151,0.4914331524569973,0.31711835103942654,1.0,0.0,0.0,0.1303789639891097,1.0,0.0,1.0,0.0,0.0,1.0,0.04002688226367775,1.0,1.0,1.0,0.0,0.05187146984269975,1.0,1.0,0.32415741226893835,0.0,0.5638211581156207,0.1921249925004732,0.0
gex_possorted_bam_SJSO3:CCTATATTCTGTTCATx-M1,0.03499707496307726,0.0,0.0,0.0,0.214545634644446,0.1580176386953007,0.0,0.0,0.0,0.0,0.9769407327759273,0.0,0.0,0.0,0.0,0.0,0.8886452484411945,1.0,0.0,1.0,0.627711964478984,0.7528845657711469,0.12152728537845127,0.7278721051029705,0.0,0.0,0.3823730840500571,0.0,0.0,0.003994119575988636,0.0,0.0386345119502005,0.14723996858874508,0.0,0.14679341441493732,0.0,0.0,0.031918689351626076,0.0,0.0,0.0,0.0,0.0,0.0,0.023615100309754604,0.0,0.0,0.32651817531906463,0.0,0.0,0.0,0.0,0.7693180879785767
gex_possorted_bam_SJSO3:CCTACTTCAGCATGGAx-M1,0.01665966781200631,0.7334261916053315,1.0,0.17100911954137413,0.0,0.7444373003967635,1.0,0.9705985169367265,0.5129386473570602,1.0,0.13074747128360353,1.0,0.06913313125571965,1.0,0.5441377173319045,0.3612770818781999,1.0,1.0,0.14180810556758536,1.0,0.5657794298273627,0.27886006057115315,0.27305191390329536,0.5056904366540979,0.0,0.0039646184498698545,0.28354208009893456,1.0,0.5486544516833314,0.0750470046837803,0.37788546489667535,0.0,0.3202971820326546,0.1684527795984054,0.7341871770022355,0.4779636893126189,0.23169023535958463,0.2502956854090113,0.6044690170783512,0.730618537580323,1.0,0.8022018676132622,0.0,0.8077861060009452,0.643411075908396,0.04472627977099683,0.9889740595386143,0.11704432316964423,0.21353025732189787,0.5815340466170228,0.0,0.0,1.0
gex_possorted_bam_SJSO3:CCTAATCGTTATTGCCx-M1,0.0,0.43015382978756633,0.3311234311385485,0.0,0.0,0.0,0.49744113419643365,0.05057244859839397,0.0,0.36904507533061215,0.0,1.0,0.0,0.0,0.2771420524121515,0.15572713490427456,0.3833757393074636,0.0,0.0,1.0,0.17341295081758504,0.36849178014023476,0.10904317463211413,0.4288877541612684,0.0,0.0,0.20518508749326977,0.019252556208639773,0.0,0.05398747861527796,0.28243718336985,0.0,0.06271239409039557,0.05410587052133525,0.3483008926280164,0.23525303384184731,0.1860412180562716,0.0,0.2856849504090251,0.5699876325845686,0.23749490865777084,0.8834012168639088,0.0,0.0,0.11936049656969554,0.014266055051204924,0.0,0.035392550172216146,0.007775534667274298,0.07841968133172603,0.0,0.0,0.1588608709115124
gex_possorted_bam_SJSO3:CCTAATAAGGGTTATCx-M1,0.0,0.0,0.0,0.0,0.0,0.0,0.38967149891453756,0.0,1.0,0.0,1.0,0.2518231292457415,0.03517201518784104,1.0,0.0,1.0,1.0,0.7974687063473603,0.7918982687798181,0.0,0.0,0.0,0.0,0.0,0.9359561269991832,0.0,1.0,0.0,0.04480652621457898,0.0,0.0,0.0,0.0,0.0,1.0,0.0,1.0,0.0,0.0,0.9980258054289984,0.0,1.0,0.7323713459935757,0.13489891874659304,0.0,0.0,0.7336261119573195,1.0,0.0,0.0,0.14738346864745056,0.0,0.0
gex_possorted_bam_SJSO3:CCTCCTGAGTCCTTCAx-M1,0.032079782984511605,0.0,0.18111136044261286,0.0,0.16428845769149486,0.0,0.0,0.0,0.0,0.0,0.6090479070559509,0.0,0.0,0.0,0.0,0.0,0.5439700669431976,0.5951737725197386,0.0,0.9208548153271088,0.44663743335749767,0.5867421793249517,0.1026701361586836,0.48564397023760797,0.0,0.0,0.4280522658590597,0.0,0.0,0.0,0.0,0.0,0.10407924652066473,0.0,0.2357200117093648,0.0,0.0,0.050809858983220435,0.1113507297927757,0.0,0.0,0.0,0.0,0.0,0.0,0.0,0.0,0.08361983381688244,0.0,0.0,0.0,0.0,0.6749946875490874
gex_possorted_bam_SJSO3:CCTATTTAGGCCGGAAx-M1,0.013769974527594346,0.0,0.0,0.0,0.2800505521144217,0.5263621861219611,0.0,0.0,0.0,0.0,1.0,0.0,0.0,0.0,0.0,0.0,1.0,1.0,0.0,1.0,0.6256005602949426,0.7633393182240914,0.16595548046234174,0.734740858440656,0.0,0.0,0.31758956557127965,0.0,0.0,0.027829630759469894,0.06938332934228085,0.009446481746883359,0.13954738255089533,0.0,0.16362756010362675,0.001263926638601235,0.0,0.0,0.0,0.05839770383748374,0.0,0.0,0.0,0.0,0.0363465170359454,0.0,0.0,0.20902922941185928,0.0,0.0002801351847763662,0.0,0.0,1.0
gex_possorted_bam_SJSO3:CCTACTGGTCCTTCAGx-M1,0.014002945684984499,0.08716882276619112,0.6437594221114831,0.0,0.11137809129401495,0.22096092250569555,0.0,0.06526780300827853,0.0,0.24364836327698125,0.41722477553134885,0.0,0.0,0.0,0.19692063969994653,0.0,0.6678115524303707,0.21237671459348476,0.0,1.0,0.7178503694703178,0.7278979586162556,0.12003758434526056,0.8086359604939636,0.0,0.0,0.27803468078389304,0.0,0.0,0.0,0.9557028106273004,0.05310256070553035,0.21540387292945606,0.017586793292230764,0.3167831405582422,0.10308677086678404,0.14892628955326928,0.0011673269802406011,0.1299087538164333,0.366669182597617,0.0,0.0,0.0,0.0,0.11588560777984516,0.048887410673554274,0.0,0.0,0.035113840703289205,0.06533834114952278,0.0,0.0,1.0
gex_possorted_bam_SJSO3:CCTATTTAGTTAGCCGx-M1,0.008004500547851508,0.08898471568966292,1.0,0.061972242875271026,0.9715925581753576,0.9673488124139009,1.0,0.48664913834193646,0.6883844149580817,0.12783323430281318,1.0,0.0,0.16410220432222009,0.1380722937759898,0.0,0.0,1.0,1.0,0.23067228687156904,1.0,0.781795001336439,0.7977425832962218,0.15747371248939424,0.30284503930740175,0.18013898884423954,0.03742382417999824,0.9483475805739576,0.0,0.14955998827856984,0.0,0.16100997261651004,0.7345486443728632,0.170657555626465,0.0,0.5784883004637013,0.07790265722481272,0.0,0.0,0.22455973451652342,0.4782162357887137,1.0,0.0,0.0,1.0,0.03592444357948557,0.12456615477064449,0.8381192332981957,0.41349188608861576,0.10938899220743542,0.23025522436551615,0.0,0.0,1.0
gex_possorted_bam_SJSO3:CCTGAGTCATTTAAGCx-M1,0.0,0.4295462477671109,1.0,0.0,0.0,0.0,1.0,0.0,0.8913834941706713,0.26966505474055114,0.8137219857353015,1.0,0.33874133652285554,1.0,0.0,1.0,1.0,0.0,0.46520089056862773,0.0,0.0,0.0,0.0,0.0,1.0,0.11197440140608148,1.0,0.47959463825143483,0.0,0.06009166830588322,1.0,0.0,0.0,0.05302663898096294,1.0,0.0,1.0,0.0,0.0,1.0,0.15851494464904134,1.0,1.0,1.0,0.0,0.0,1.0,1.0,0.19898420500650896,0.0,0.2414375952771726,0.02448382022037669,0.0
gex_possorted_bam_SJSO3:CCTTACTCAAGCTAAAx-M1,0.0,0.0,0.0,0.0,0.0,0.0,0.35403138847107435,0.0,1.0,0.0,1.0,0.24420710362210743,0.0,1.0,0.0,1.0,1.0,0.6858392587256567,0.7659594293517478,0.0,0.0,0.0,0.0,0.0,1.0,0.0,1.0,0.0,0.08140008928733934,0.0,0.0,0.0,0.0,0.0,1.0,0.0,1.0,0.0,0.0,0.8842442512961494,0.0,1.0,0.5925875670158199,0.0,0.0,0.0,0.7941688390665713,1.0,0.0,0.0,0.26184060140110643,0.0,0.0
gex_possorted_bam_SJSO3:CCTTAACGTTTCCTCCx-M1,0.035029332756830185,0.0,0.24123121961446226,0.0,0.4260702294594992,0.2820845207358156,0.0,0.0,0.0,0.011725209034187304,0.8292885973335211,0.0,0.0,0.0,0.03827043456304832,0.0,0.864457869025212,0.826649125942471,0.0,1.0,0.673995220446279,0.7279475305463313,0.16103572958290627,0.6569620145894722,0.0,0.0,0.3936457109080139,0.0,0.0,0.0,0.05845736036361286,0.14399218135582054,0.1701135124574102,0.0,0.2232894796478884,0.015032159535612082,0.0,0.0528199957415988,0.043811530270720295,0.14593052902580486,0.0,0.0,0.0,0.0,0.09558246067120821,0.00904647310072951,0.0,0.19854617318186657,0.0,0.06319419948264744,0.0,0.0,0.9815887506691433
gex_possorted_bam_SJSO3:CCTGAATAGTGCACGCx-M1,0.18773687906817707,0.0,0.0,0.000513524423146192,0.40661731995527306,0.8464742780106446,0.0,0.0,0.0,0.0,1.0,0.0,0.0,0.0,0.035534789107888605,0.0,1.0,1.0,0.20681597032603785,0.9904446721429184,0.9015765249333463,1.0,0.25099085122067244,0.8591587989002509,0.0,0.0,0.3382590974516799,0.0,0.0,0.12717216132193598,0.0,0.17959293443387633,0.23931398144149127,0.0,0.19975969964102117,0.09481658056985172,0.0,0.1835175602767651,0.06106846691689965,0.0,0.0,0.0,0.0,0.0,0.27584262489751316,0.07769029785755299,0.0,0.27508461403194573,0.0,0.0,0.0,0.12261917037580078,1.0
gex_possorted_bam_SJSO3:CCTTCGTAGAGAGGCTx-M1,0.6053045715812443,0.31780539429345495,0.4239696825674887,0.49048163685574214,1.0,1.0,0.0,0.4871326188988492,0.2909257612177868,0.639743852029389,0.7703096085815787,0.0,0.3831928725090232,0.0,0.5931374814333622,0.057457830520692574,0.7590362583839473,1.0,0.2740172168806057,1.0,1.0,1.0,0.6906629087203996,1.0,0.0,0.4536770415416404,0.20205264793739253,0.48067324448792703,0.2550169451598313,0.633657292116844,0.4707562572278883,0.7303166676257883,0.7087801140367129,0.40441857843734713,0.10624248820748441,0.5839615683624529,0.0,0.47265299352471585,0.5455379137788996,0.15543553764704646,0.9187826154037362,0.0,0.3330969342336145,0.7225952027133797,0.6953264508160616,0.5460564644458737,0.24769528000648405,0.048268072674004014,0.5046094412234142,0.8786616261344528,0.3560052107204516,0.45208014986799583,1.0
gex_possorted_bam_SJSO3:CCTGAATAGGCAGGTGx-M1,0.0,0.7307637999274805,1.0,0.04207236856945155,0.0,0.04768121384828106,1.0,0.0425442163355309,0.20901491814426815,0.2868694913786075,1.0,1.0,0.0,1.0,0.12030690044725889,1.0,1.0,0.5106504985458763,0.650780389966654,0.0,0.0,0.0,0.0,0.0,0.627325733183961,0.0,1.0,0.2158121629742445,0.0,0.0,0.5894670376437869,0.0,0.0,0.12767848328756973,1.0,0.0,1.0,0.0,0.0,1.0,0.32900130886950707,1.0,0.21326212980528814,0.8172781983294539,0.0,0.0,0.20568812649360335,1.0,0.1072258715965908,0.0,0.0,0.0,0.0
gex_possorted_bam_SJSO3:CCTGTATGTTGTCCATx-M1,0.025583275246993248,0.0,0.360579035269653,0.0,0.20660288442149338,0.2656492097421536,0.0,0.0,0.0,0.09011703079465559,0.6705412098784888,0.0,0.0,0.0,0.10185447549322357,0.0,0.6873150565751661,0.508801225630638,0.0,1.0,0.6145682570525589,0.715781779706853,0.1650537271598219,0.7323920210129157,0.0,0.0,0.2909669794135274,0.0,0.0,0.014136170354738912,0.6659100352295074,0.07648980366588849,0.14139589777442543,0.013894925478023215,0.24297700405175604,0.09745174408415427,0.0015267269723968618,0.06306283604700876,0.06886992088209445,0.33585231574132757,0.0,0.0,0.0,0.0,0.08948223333379707,0.06569841998620976,0.0,0.0,0.0,0.03510058504566061,0.0,0.016495739962950742,1.0
gex_possorted_bam_SJSO3:CCTGTAACATCCATCTx-M1,0.0,0.0,0.14583232995964937,0.0,0.0,0.0,0.3293441161418163,0.0,0.8991000455091487,0.0,0.9126365326232482,0.4603647603438207,0.021121918276117965,1.0,0.0,1.0,0.8549503530083196,0.0,0.34421781785545963,0.0,0.0,0.0,0.0,0.0,0.7931107007714044,0.0,1.0,0.0,0.020867158434730596,0.0,0.0,0.07889338398274884,0.0,0.0,1.0,0.0,1.0,0.0,0.0,1.0,0.0,1.0,0.5959971124377825,0.2219666792734067,0.0,0.0,0.8265274930972967,1.0,0.0,0.0,0.10375251573730535,0.0,0.0
gex_possorted_bam_SJSO3:CCTGGTAAGCTGCACAx-M1,0.1057467480392756,0.0,0.0,0.0,0.36072588167650266,0.48853992361957127,0.0,0.0,0.0,0.0,1.0,0.0,0.0,0.0,0.0,0.0,1.0,1.0,0.0,1.0,0.7213743781179381,0.8481871089411916,0.20494614890631685,0.725972707846034,0.0,0.0,0.39995793012064856,0.0,0.0,0.038115613662954684,0.0,0.1537697062678216,0.17484317342577138,0.0,0.20235462417557315,0.0,0.0,0.08188091302210501,0.004843348213154586,0.015302141271971808,0.0,0.0,0.0,0.0,0.112236025953835,0.0,0.0,0.34245378086056844,0.0,0.0,0.0,0.013044277998208991,0.8872063501034249
gex_possorted_bam_SJSO3:CCTGTTGGTACCCACCx-M1,0.010817011317722175,0.06177926719773736,1.0,0.029344774776265015,0.7433546294889793,0.7852418023152289,1.0,0.3942539644276158,0.6832598798586771,0.0876185541595895,1.0,0.0,0.1297271246661586,0.1078040151543823,0.0,0.003529280563418027,1.0,1.0,0.13591301871247982,1.0,0.7103758302752322,0.6648536091440932,0.12374845939510733,0.291034281113414,0.22215649012427918,0.041129433378446274,0.8585401700445494,0.0382808301336186,0.08780415518048391,0.0,0.2565618103909193,0.5832056712120811,0.17363387651663717,0.0,0.6061666666631019,0.03873574606110916,0.07937592028689143,0.0,0.17281173082632295,0.497761898076938,0.8628445683916026,0.009568835127126335,0.0022277544076856697,1.0,0.03312676841729547,0.10289366027141074,0.7954310655034377,0.4777049246446183,0.09632270673496818,0.18912016352469466,0.0,0.0,1.0
gex_possorted_bam_SJSO3:CCTTATGTCAATCATGx-M1,0.08697106197729469,0.0,0.1737211277183645,0.0,0.6839319780399511,0.7196537920280277,0.0,0.0,0.0,0.0,1.0,0.0,0.0,0.0,0.029566674529951403,0.0,1.0,1.0,0.0,1.0,0.7945719709018891,0.9973609697225105,0.23163708540103858,0.8296104954990446,0.0,0.0,0.31978614879762135,0.0,0.0,0.13939828149303843,0.0,0.22343811320226067,0.2114192554583779,0.0,0.07080048817396027,0.03485539473500445,0.0,0.07022469669447087,0.02162349488633919,0.0,0.0,0.0,0.0,0.0,0.20662948290118754,0.0,0.0,0.14129607268062588,0.0,0.1339275668568691,0.0,0.019048449515020882,1.0
gex_possorted_bam_SJSO3:CCTGGATCACCAAAGGx-M1,0.0,0.0,0.37310740348657834,0.0,0.11569840698171818,0.015064798507444315,0.0,0.012148359372502027,0.0,0.12335830137466185,0.3256172339897311,0.0,0.0,0.0,0.14831814296874166,0.0,0.47732440627607753,0.042411431952727584,0.0,1.0,0.4978192705655158,0.6226866670230952,0.0990672655208823,0.6592976746823441,0.0,0.0,0.30046259290548955,0.0,0.0,0.0,0.7475441106020563,0.0,0.10974566066470823,0.0,0.2883582160897832,0.07766640554908068,0.0036240637015314326,0.0,0.05785125067112539,0.3964400719471187,0.0,0.0,0.0,0.0,0.01968272597988632,0.01450894358822837,0.0,0.0,0.0,0.015351348135103714,0.0,0.0,0.9774146015323453
gex_possorted_bam_SJSO3:CCTGAATAGGCGTAAAx-M1,0.0476721230678964,0.0,0.0,0.0,0.24728832250662267,0.2123227946652174,0.0,0.0,0.0,0.0,0.946413049806342,0.0,0.0,0.0,0.0,0.0,0.8782631753696547,1.0,0.0,1.0,0.6163745564865057,0.7831098135366215,0.1569136504496825,0.697111943147846,0.0,0.0,0.3740970620318484,0.0,0.0,0.0,0.0,0.0,0.1611043369090098,0.0,0.19827327617496152,0.0,0.0,0.01289949669030973,0.0,0.0,0.0,0.0,0.0,0.0,0.03940367256899209,0.0,0.0,0.22170034728320467,0.0,0.0,0.0,0.0,0.925076771050421
gex_possorted_bam_SJSO3:CCTTACTCAGGGAGCTx-M1,0.039825390471352064,0.0,0.0,0.0,0.2444632958447518,0.11303703258147639,0.0,0.0,0.0,0.0,0.9440156566158575,0.0,0.0,0.0,0.0,0.0,0.8304675300504806,1.0,0.0,0.9366732048594388,0.5483367165292464,0.7161623927699754,0.14384373420894647,0.6680435108561436,0.0,0.0,0.4099172716877722,0.0,0.0,0.0,0.0,0.10719384624617602,0.12039290741493122,0.0,0.20576986891111282,0.0,0.0,0.057929030503328593,0.0,0.0,0.0,0.0,0.0,0.0,0.0010170178324309235,0.0,0.0,0.345675628438262,0.0,0.0,0.0,0.0,0.743434418810859
gex_possorted_bam_SJSO3:CCTGACTTCTCGACCTx-M1,0.5330425919832263,0.27771751359313096,0.2747590006336574,0.38908840891704727,1.0,1.0,0.0,0.37599097184039887,0.0,0.5468454402362708,1.0,0.0,0.3049481186995476,0.0,0.5432586194837971,0.04929553239242399,1.0,1.0,0.4090514504201392,1.0,1.0,1.0,0.606411067744686,1.0,0.018847703612305707,0.2922786080462899,0.17520188236612314,0.3935717507567843,0.2063579725809529,0.5970932625226648,0.8263716847488747,0.62577591124796,0.6047785632760133,0.3131068056790771,0.13963133714232775,0.5498417683786343,0.0,0.42570617457733495,0.5152510968042967,0.1481748770361358,0.20372857880081965,0.0,0.1794989321480832,0.46366983578039617,0.6786182494342281,0.4836020846576838,0.19394110511117843,0.12347440447777591,0.4445021849117967,0.6440175791852,0.16365697017627095,0.48221357932229025,1.0
gex_possorted_bam_SJSO3:CCTGAATAGCCTGAGCx-M1,0.0,0.0,0.0,0.0,0.040743140237822904,0.0,0.0,0.0,0.0,0.0,0.46574547653837517,0.0,0.0,0.0,0.0,0.0,0.47030770755906826,0.3408474895507684,0.0,1.0,0.4644875562324243,0.5478262270182374,0.07009757096612533,0.6244190042517312,0.0,0.0,0.42417369947595046,0.0,0.0,0.0,0.0,0.0,0.06270295939948399,0.0,0.28193656548360185,0.0,0.0,0.015687196499292847,0.0,0.13851916095240005,0.0,0.0,0.0,0.0,0.0,0.0,0.0,0.13381804020839158,0.0,0.0,0.0,0.0,0.5636262529298499
gex_possorted_bam_SJSO3:CCTGAATAGTTAGTTGx-M1,0.0,0.0,0.02405791656953915,0.0,0.0,0.0,0.8014993485779728,0.055360345300956695,1.0,0.0,0.940612582460231,0.5452615223851597,0.17363624831993166,1.0,0.0,1.0,1.0,0.5311341064277999,0.7957278355673629,0.0,0.0,0.0,0.0,0.0,1.0,0.0781806272241399,1.0,0.0,0.0057570561881225306,0.0,0.0,0.0,0.0,0.0,1.0,0.0,1.0,0.0,0.0,1.0,0.0,1.0,0.8191935124556796,0.4940377010132055,0.0,0.0,1.0,1.0,0.0,0.0,0.4232458333960653,0.0,0.0
gex_possorted_bam_SJSO3:CCTTCAATCGTTCACCx-M1,0.0,0.0,0.9888851232459424,0.024367727766727396,0.0,0.0,1.0,0.0,1.0,0.0,1.0,0.3930323477693727,0.595723842644849,1.0,0.0,1.0,1.0,0.7220477628383671,1.0,0.0,0.0,0.0,0.0,0.0,1.0,0.15400251735613688,1.0,0.16216332790381446,0.1317378616514954,0.0,0.5300693784644488,0.015358899959019082,0.0,0.0,1.0,0.0,1.0,0.0,0.0,1.0,0.0,1.0,1.0,1.0,0.0,0.0,1.0,1.0,0.09489260749779911,0.0,0.40606494121565895,0.06799116590593747,0.0
gex_possorted_bam_SJSO3:CCTTCAGGTAATGGAAx-M1,0.034726410395735076,0.0,0.0,0.0,0.29722543880607416,0.18214407597764412,0.0,0.0,0.0,0.0,0.8756817083156772,0.0,0.0,0.0,0.0,0.0,0.770361718617065,1.0,0.0,1.0,0.6458652092693389,0.7572689491867112,0.1480828444420967,0.6727150051387946,0.0,0.0,0.4153874238445329,0.0,0.0,0.0,0.0,0.04658851908453388,0.1401770401384323,0.0,0.2037984695434279,0.0,0.0,0.054775313007603556,0.0,0.0,0.0,0.0,0.0,0.0,0.13203043809419107,0.0,0.0,0.22708575945405532,0.0,0.0,0.0,0.0,0.9806730063692407
gex_possorted_bam_SJSO3:CCTGTTGGTGTAACCAx-M1,0.09348750839625765,0.4827367937020124,0.5263239985968061,0.12142861930388496,0.3707449138608776,0.6875360012822515,0.37560767712102505,0.18537332450848407,0.0,0.5018165465169969,0.5207210617715611,0.5029273446754942,0.1495371413909682,0.0,0.5985228056990243,0.1805792542739348,0.9016261903228167,0.48764555129744636,0.0,1.0,0.6790012721127595,0.6532097567684455,0.25859051450049636,0.7705605466677465,0.0,0.0,0.1943824824811117,0.4665195234535462,0.0,0.07253520036210143,1.0,0.0,0.26206883545807763,0.32738288436787377,0.44073371052956395,0.2813316385307994,0.23587117649082223,0.0757131657258253,0.31815260427569736,0.6578820884093594,0.12915197160904285,0.49328084609925643,0.0,0.0,0.27618621307685776,0.11319691470314927,0.0,0.0,0.29308662317391126,0.2998551403380572,0.0638075357891168,0.12948024085406445,1.0
gex_possorted_bam_SJSO3:CCTTCAGGTTCCATTAx-M1,0.0,0.0,0.0,0.0,0.0,0.0,0.4152881089421663,0.0,1.0,0.0,1.0,0.33014590693735363,0.016086507932519135,1.0,0.0,1.0,1.0,0.578624049194508,0.784835810828715,0.0,0.0,0.0,0.0,0.0,0.9922438263233884,0.0,1.0,0.0,0.10613661266855129,0.0,0.0,0.0,0.0,0.0,1.0,0.0,1.0,0.0,0.0,1.0,0.0,1.0,0.7537394199596085,0.16059948484837122,0.0,0.0,0.8025478584790119,1.0,0.0,0.0,0.17758528711895594,0.0,0.0
gex_possorted_bam_SJSO3:CCTTAACGTAATGACTx-M1,0.0,0.6304278987177895,0.4775870689585848,0.0,0.0,0.01663286299195896,0.617752272029656,0.14416128137146186,0.0,0.2966144665413979,0.0,0.6157634935752043,0.0,0.0,0.34635642728694155,0.19560943479512974,0.5805806709290144,0.0,0.0,1.0,0.30572943586155343,0.3292838264854059,0.05167710837102973,0.5532561250290603,0.0,0.0,0.10778800049748945,0.03981740542565354,0.0,0.0,1.0,0.0,0.10839648185921491,0.18743267231053154,0.4046659171709323,0.1390836592906644,0.13686654416967992,0.0,0.2504908630846516,0.7211849497770524,0.1937271335499682,0.6504985452952681,0.0,0.0,0.0,0.004063030266909049,0.0,0.03089433549175133,0.02408463116241523,0.0,0.0,0.0,0.3510817860162758
gex_possorted_bam_SJSO3:CCTGATGAGGTTTGACx-M1,0.0,0.0,0.07807777569076621,0.048321867758379336,0.0,0.0,0.99525793057948,0.0,1.0,0.0,1.0,0.4919504265921653,0.43567758563916936,1.0,0.0,1.0,1.0,0.3839336487867687,0.9375128305579482,0.0,0.0,0.0,0.0,0.0,1.0,0.10316430211114963,1.0,0.04366077094323737,0.3550938711535345,0.0,0.0,0.0,0.0,0.0,1.0,0.0,1.0,0.0,0.0,1.0,0.0,1.0,1.0,1.0,0.0,0.0,1.0,1.0,0.0,0.0,0.4537357646315737,0.03089203610574772,0.0
gex_possorted_bam_SJSO3:CCTTATGTCACAAGCTx-M1,0.1038968266595187,0.0,0.7944203699483628,0.04062253528448971,0.7959692668194246,0.9597113533628923,0.0,0.03553857895658513,0.0,0.3158356361280844,1.0,0.0,0.0,0.0,0.3019757676482338,0.0,1.0,1.0,0.0,1.0,1.0,0.9863298004826366,0.26038951233902347,0.8746142458285815,0.0,0.0,0.34807916150195195,0.1660876563652838,0.0,0.21896070964455244,0.80957877161216,0.21689556267799268,0.3111707930532724,0.0,0.265199607479041,0.1505442042606225,0.0,0.017385935477772382,0.18300747725981206,0.25162712975977286,0.0,0.0,0.0,0.4362357501711023,0.34873181736169134,0.1046344973477821,0.01206533718962826,0.13172240044233227,0.15746571095897238,0.3642836515490581,0.0,0.06407228399630618,1.0
gex_possorted_bam_SJSO3:CCTGGATCAAAGGCCAx-M1,0.0,0.0,0.622903853499466,0.0,0.0,0.0,0.9535112809865759,0.0,1.0,0.0,0.6678824259180484,0.8490062840531429,0.044949709253632675,0.9791012441581688,0.0,1.0,0.7579182418369244,0.0,0.22635259667816235,0.0,0.0,0.0,0.0,0.0,0.9608737478415741,0.0006719282525981667,1.0,0.03580745816604032,0.04457323061629135,0.0,0.08563624065867002,0.0,0.0,0.0,1.0,0.0,1.0,0.0,0.0,1.0,0.0,1.0,0.996187566086504,1.0,0.0,0.0,0.9378472831780051,1.0,0.0,0.0,0.23455886766843895,0.0,0.0
gex_possorted_bam_SJSO3:CCTGTAACATAGCTGCx-M1,0.0,0.0,1.0,0.0,0.0,0.0,1.0,0.0,1.0,0.0,0.8364175887746892,0.7502596115044385,0.3334713956060648,1.0,0.0,1.0,0.9126457522102088,0.0,0.4429279028432651,0.0,0.0,0.0,0.0,0.0,1.0,0.1001321968316325,1.0,0.20288268700874176,0.002342041244119737,0.0,0.4906454613191958,0.0,0.0,0.0,1.0,0.0,1.0,0.0,0.0,1.0,0.004155861291221,1.0,1.0,1.0,0.0,0.0,1.0,1.0,0.031358886602009015,0.0,0.34352575980825006,0.0,0.0
gex_possorted_bam_SJSO3:CCTTATGTCGTTTCGCx-M1,0.0,0.40186143590193596,1.0,0.0,0.14487428015517997,0.37423088348522365,1.0,0.27509501672293224,0.11866984363067004,0.4603426571409137,0.20035387626717352,0.06351392661269314,0.0,0.0,0.3671514338245318,0.12132920808333487,1.0,0.34246131470333563,0.0,1.0,0.5885228345813149,0.5395262443258609,0.09902114793447171,0.6337139840940529,0.0,0.0,0.24877946573340598,0.28066957918353125,0.0,0.0,0.9794049928868591,0.0,0.21103774464592412,0.0605240622048773,0.43303919982043837,0.17793610367694312,0.17069581612678061,0.0,0.3013484393303486,0.6270355701961916,0.4127428852702382,0.33410479441063673,0.0,0.2523212211249676,0.21913722042363482,0.0,0.0,0.0,0.07795488047872155,0.20029211134520414,0.0,0.0,1.0
gex_possorted_bam_SJSO3:CCTTCGGTCCGCATGAx-M1,0.2343012551006858,0.017456398770136255,0.8598457699075835,0.1247177638251246,1.0,1.0,0.0,0.10052883339890366,0.0,0.4389367206718685,1.0,0.0,0.002313406529253751,0.0,0.32566851631671095,0.05361162175059409,1.0,1.0,0.06971204067080818,1.0,1.0,1.0,0.41439797913880705,0.9654444444240333,0.0,0.11908199421185965,0.32673841711984186,0.23496720771353732,0.0,0.4422437335113592,0.5966586782500298,0.48568546810494323,0.4186667390665162,0.05128334229465657,0.1155051295526,0.28068217191480976,0.0,0.16213941300782242,0.2958458592376577,0.2061651140550173,0.12676798642105094,0.0,0.0,0.3801766207959151,0.5109695271979119,0.17310093465384394,0.08126888266176313,0.23851771527867785,0.2553342564190025,0.5518859917857769,0.0,0.20631141972030734,1.0
gex_possorted_bam_SJSO3:CCTGACTTCATTAGGCx-M1,0.0,0.0,0.03856330374917966,0.0,0.1962477382374896,0.0,0.0,0.0,0.0,0.0,0.5117389578701724,0.0,0.0,0.0,0.006457673992956242,0.0,0.6850347256191341,0.47757086836708235,0.0,1.0,0.39031452131060956,0.553488205431677,0.07589241163037923,0.5869486732313042,0.0,0.0,0.4193472110513458,0.0,0.0,0.0,0.0,0.0,0.09121128238942225,0.0,0.23895567980654148,0.0,0.0,0.0,0.0,0.11749748813996003,0.008554473344007902,0.0,0.0,0.0,0.0,0.0,0.0,0.242675452496681,0.0,0.0,0.0,0.0,0.6554716933624375
gex_possorted_bam_SJSO3:CCTGTATGTTGGCGTGx-M1,0.011791774223281877,0.0,0.0,0.0,0.24362179996854783,0.052401493066832575,0.0,0.0,0.0,0.0,0.9410853514832084,0.0,0.0,0.0,0.0,0.0,0.7948974749777754,1.0,0.0,0.877063040612542,0.5915273798882994,0.7209738507831251,0.10582789770441878,0.7374083532418851,0.0,0.0,0.4887446806931079,0.0,0.0,0.0,0.0,0.028120530158594257,0.08319051674995868,0.0,0.16769308892594142,0.0,0.0,0.020657075793933548,0.0,0.0,0.0,0.0,0.0,0.0,0.0,0.0,0.0,0.2828782462033348,0.0,0.0,0.0,0.0,0.6350410024274037
gex_possorted_bam_SJSO3:CCTGATGAGTGTTGTAx-M1,0.05223624498049462,0.0,0.0,0.0,0.4768856482748841,0.300832371804803,0.0,0.0,0.0,0.0,0.9985862455216593,0.0,0.0,0.0,0.06296213176415362,0.0,0.8555484456445472,1.0,0.0,1.0,0.6296174528565994,0.8397122960954237,0.15268032150800984,0.7110781171057372,0.0,0.0,0.32548248850722233,0.0,0.0,0.0,0.0,0.14993486571100775,0.15698452787932532,0.0,0.1440787542970504,0.045208176448858474,0.0,0.02036825335514979,0.015291135001389077,0.0,0.0,0.0,0.0,0.0,0.1565606766255087,0.0,0.0,0.11648486887765268,0.0,0.0,0.0,0.016989783666567664,0.9425722852263202
gex_possorted_bam_SJSO3:CCTTATGTCCCTCGCAx-M1,0.01481147741716994,0.0,0.015691269158519778,0.0,0.4791451403068423,0.19466164070989211,0.0,0.0,0.0,0.0,0.9349499413684191,0.0,0.0,0.0,0.0,0.0,0.9475481377680509,1.0,0.0,1.0,0.6237407164566118,0.7609495191950463,0.15739314975779856,0.7218513537866151,0.0,0.0,0.4494464786546117,0.0,0.0,0.0,0.0,0.12912468425262452,0.14584412047248294,0.0,0.1403467650509403,0.0,0.0,0.029280878276038223,0.0,0.0,0.05095243503714657,0.0,0.0,0.0,0.03139737421592436,0.0,0.0,0.3122844188374703,0.0,0.0097276054671856,0.0,0.0,0.8866198238201978
gex_possorted_bam_SJSO3:CCTTCAATCAAACCGTx-M1,0.019147966724002125,0.0,0.0,0.0,0.1167746654353529,0.0,0.0,0.0,0.0,0.0,0.9041916242609688,0.0,0.0,0.0,0.0,0.0,0.8100811987516249,0.9602612741790717,0.0,0.7116311734678638,0.4200836970564204,0.5823283119509765,0.10391194658223997,0.5556013544484836,0.0,0.0,0.5167191229645773,0.0,0.0,0.0,0.0,0.10421251554772816,0.086456054128896,0.0,0.3147957170313585,0.0,0.0,0.017258688614002312,0.0,0.0,0.0,0.0,0.0,0.0,0.0,0.0,0.0,0.44048569024031065,0.0,0.0,0.0,0.0,0.6565361039833887
gex_possorted_bam_SJSO3:CCTTACTCAAGGTATAx-M1,0.0,0.0,0.012721951618398763,0.023173622310362574,0.0,0.0,0.847874550496738,0.0,1.0,0.0,1.0,0.6441114091455411,0.4105101071951028,1.0,0.0,1.0,0.9552549012066912,0.05334590443093707,0.7382629495881515,0.0,0.0,0.0,0.0,0.0,1.0,0.08176647791279036,1.0,0.025885714658471854,0.17830572877120518,0.0,0.0,0.0,0.0,0.015326856677999292,1.0,0.0,1.0,0.0,0.0,1.0,0.0,1.0,1.0,1.0,0.0,0.0,1.0,1.0,0.0,0.0,0.43503739963390753,0.0018341463373544333,0.0
gex_possorted_bam_SJSO3:CCTTAACGTGATTACGx-M1,0.0,1.0,1.0,0.005833281954324308,0.0,0.014057358759619056,1.0,0.22661014994757667,0.22289035598745466,0.7955254653200212,0.0,1.0,0.0,0.0,0.6562359838925157,0.13405407105053682,0.2665635443793455,0.0,0.0,1.0,0.3699879683166125,0.39738801202036594,0.06924589472517689,0.6680368891703306,0.0,0.0,0.018303366854320668,0.17808713387722186,0.0,0.0,1.0,0.0,0.13879619029989793,0.31036065257796963,0.4805752468527965,0.30148987803671506,0.3494956861299435,0.0,0.39208373677482283,1.0,0.1687918450268269,0.7015233814291855,0.0,0.5242235898046818,0.05756696972594839,0.0932039991182389,0.0,0.0,0.22842484856903353,0.30282873292966217,0.0,0.0,0.8190764343335496
gex_possorted_bam_SJSO3:CCTGGATCAAACTGTTx-M1,0.0,0.06167202711637861,0.8536038050583487,0.007811842836516572,0.0,0.0,1.0,0.0,1.0,0.0,1.0,0.5940454095638602,0.45644526643150696,1.0,0.0,1.0,1.0,0.15220000931662273,0.7626481544645831,0.0,0.0,0.0,0.0,0.0,1.0,0.1466521224336648,1.0,0.17877163723288747,0.17100584742541253,0.0,0.33564907231069885,0.0,0.0,0.0,1.0,0.0,1.0,0.0,0.0,1.0,0.0,1.0,1.0,1.0,0.0,0.0,1.0,1.0,0.02279662075323013,0.0,0.3695930923583611,0.02649279841365312,0.0
gex_possorted_bam_SJSO3:CCTTACTCAAACAACAx-M1,0.015981024658578258,0.0,0.013821900940603213,0.0,0.2468000472044853,0.0,0.0,0.0,0.0,0.0,0.6687807834933903,0.0,0.0,0.0,0.0,0.0,0.7246052843814099,0.7737748660202678,0.0,1.0,0.3778955999905765,0.5942624463171639,0.11686371025320628,0.5256427466605311,0.0,0.0,0.4541489244328453,0.0,0.0,0.0,0.0,0.16244183487195132,0.12725939983882134,0.0,0.25981573953020487,0.0,0.0,0.043469169700442505,0.0,0.0,0.019235411957620272,0.0,0.0,0.0,0.0,0.0,0.0,0.32629112470355376,0.0,0.0,0.0,0.0,0.7814350485317654
gex_possorted_bam_SJSO3:CCTTCGGTCTTGCATTx-M1,0.0,0.09251607267792557,0.5772367787498494,0.0,0.0,0.0,1.0,0.0,1.0,0.0,1.0,0.708503324307218,0.4018756142718114,1.0,0.0,1.0,1.0,0.6929030131967222,0.9784120848058045,0.0,0.0,0.0,0.0,0.0,1.0,0.09660563526067754,1.0,0.13490910417060784,0.0,0.0,0.050031271798183015,0.0,0.0,0.0,1.0,0.0,1.0,0.0,0.0,1.0,0.0,1.0,1.0,1.0,0.0,0.0,1.0,1.0,0.0,0.0,0.32337201359251305,0.0,0.0
gex_possorted_bam_SJSO3:CCTTACTCAATGCCCGx-M1,0.18286283805637032,1.0,1.0,0.3144662573102305,0.34964018413709935,0.7333108643162084,1.0,0.5398081565649359,0.3149531903609557,1.0,0.0,0.7379492265550073,0.2119364142003965,0.0,0.7896357133797148,0.5661538185762641,0.15881531485291303,0.0,0.0,1.0,0.5948949649122381,0.6376366971351807,0.3430917154402103,0.7818139906452595,0.0325850000116299,0.1637464300903926,0.0,0.6966412942346366,0.6205869397660377,0.354247899457462,1.0,0.0,0.38194482263981133,0.5692953636872884,0.3450656924220288,0.6653915755309473,0.5137437880003485,0.2506125385267434,0.6051471949103371,1.0,0.399185687873011,0.5382029099890918,0.0016210233303730172,1.0,0.4109968784018182,0.47271165330293774,0.0,0.0,0.6167157674176392,0.7635267791645025,0.3746168753246704,0.327015193662675,1.0
gex_possorted_bam_SJSO3:CCTTCAGGTCATAACGx-M1,0.0,0.0,0.0,0.0,0.01601290350385695,0.0,0.0,0.013980399313818823,0.0,0.0,0.47930452612222585,0.0,0.0,0.0,0.0,0.0,0.6162117833274152,0.48990670285332233,0.0,0.5102685379932087,0.2199189766859703,0.3362075109591335,0.06852559066586461,0.4247618825872762,0.0,0.0,0.5334183865054655,0.0,0.0,0.0,0.0,0.03381910847461745,0.038441381643288884,0.0,0.3801983940990485,0.0,0.0,0.005089958820249319,0.0,0.13722163963521167,0.0,0.12439902043305547,0.0,0.0,0.0,0.0,0.0,0.5149094818249804,0.0,0.0,0.0,0.0,0.45591693939178624
gex_possorted_bam_SJSO3:CCTGAATAGCTCAATAx-M1,0.0,0.0,0.0,0.0,0.0,0.0,0.0,0.02304466397549959,0.0,0.0,0.21065726173655777,0.0,0.0,0.0,0.09524315212610972,0.0,0.5194934644347732,0.0,0.0,1.0,0.25397175041917186,0.34741284939333134,0.04512284952578821,0.47073322450499666,0.0,0.0,0.41693307591094525,0.0,0.0,0.0,0.010994428591637215,0.0,0.05901840651120577,0.0,0.44623968471042624,0.0,0.0,0.0,0.01844831566695146,0.30881264984473517,0.020324551004767856,0.2944793985454045,0.0,0.0,0.0,0.0,0.0,0.2288677162246237,0.0,0.0,0.0,0.0,0.24255199259357016
gex_possorted_bam_SJSO3:CCTGTAACAATTAGCTx-M1,0.0,0.0,0.0,0.0,0.0,0.0,0.0,0.0,0.0,0.0,1.0,0.0,0.15858271420983733,1.0,0.0,1.0,0.8427999404282733,0.4490397484877235,0.6173265165669919,0.0,0.0,0.0,0.0,0.0,0.8025183077955256,0.0,1.0,0.0,0.44640401560687565,0.0,0.0,0.05102884435340908,0.0,0.027355883098467707,1.0,0.0,1.0,0.0,0.0,0.979397081171557,0.08580182201626918,0.31329955761483963,0.3240824192579748,0.0,0.0,0.0,0.6709159296279759,1.0,0.0,0.0,0.3014047667733356,0.0,0.0
gex_possorted_bam_SJSO3:CCTTCAATCTCCATGCx-M1,0.0,0.0,0.0,0.0,0.05551574732695452,0.0,0.0,0.0,0.0,0.0,0.42392815253585825,0.0,0.0,0.0,0.0461044188894276,0.0,0.5013545346375139,0.26869890509893285,0.0,1.0,0.43671614463909625,0.5430265841884215,0.08648416789552488,0.6076184606054427,0.0,0.0,0.37498226273522384,0.0,0.0,0.0,0.03697972275472916,0.0,0.09153310617826542,0.0,0.32080350674054575,0.005964651667287123,0.0,0.0,0.006807331822204939,0.2241539193160417,0.0,0.0,0.0,0.0,0.0,0.0,0.0,0.13092179594760467,0.0,0.0,0.0,0.0,0.650856727397941
gex_possorted_bam_SJSO3:CCTTCAATCGTTAGTAx-M1,0.0,0.0,0.6351480617421262,0.0,0.0,0.0,0.6297432648381864,0.0,0.8580961005903212,0.0,0.643092615980453,0.5325031968894046,0.0,0.8591978937822585,0.0,1.0,0.6608998188319928,0.0,0.18529373806994623,0.0,0.0,0.0,0.0,0.0,0.7865551569248042,0.0,1.0,0.0698583181882696,0.018468901593289417,0.0,0.0,0.0,0.0,0.0,1.0,0.0,1.0,0.0,0.0,1.0,0.0,1.0,0.8760273379175066,1.0,0.0,0.0,0.6513084201621017,1.0,0.0,0.0,0.15547141507238543,0.0,0.0
gex_possorted_bam_SJSO3:CCTGATGAGTTCCCACx-M1,0.0,0.0,0.13656375643804192,0.0,0.0,0.0,0.0,0.015319216372153647,0.0,0.005493024433697016,0.007554928162668282,0.0,0.0,0.0,0.0,0.0,0.1738787090775213,0.0,0.0,1.0,0.24219511700871843,0.3455745451063698,0.0,0.5554065460127314,0.0,0.0,0.3879945857994014,0.0,0.0,0.0,0.4206949312893826,0.0,0.013789218486434952,0.04784838312444122,0.3908897968913047,0.002611707221593618,0.13024937773301745,0.0,0.0,0.48332760365039174,0.0,0.0,0.0,0.0,0.0,0.0,0.0,0.0,0.0,0.0,0.0,0.0,0.3909886231093551
gex_possorted_bam_SJSO3:CCTGTAACAATAACGAx-M1,0.1542555539927171,0.7603277442989883,0.9350941053175251,0.15909794715258965,0.2282309277369338,0.5342783728489333,1.0,0.3411036365362814,0.0,0.7409307424414061,0.047126482065415,0.4936465051795609,0.0714949779655255,0.0,0.6706682614514518,0.32739403545740864,0.5015935611659392,0.0,0.0,1.0,0.6538304213604401,0.6256273084751439,0.27053684612629264,0.7470960656900147,0.0,0.013807182453283804,0.13155658758516953,0.4183772313166773,0.235808042517729,0.2049036253391353,1.0,0.0,0.3416459970263835,0.32385082340466015,0.45661093407059167,0.44237000760226886,0.38739390972369525,0.1588606529596307,0.44955034148337014,0.8399787579214049,0.3781896750971883,0.5570803714814829,0.0,0.5836308834670442,0.2941136872391135,0.2853918415932844,0.0,0.0,0.34780415359648553,0.4135496837614317,0.047479135428203735,0.17041712781507015,1.0
gex_possorted_bam_SJSO3:CGAAGCCTCAGGAAGCx-M1,0.0,0.0,0.0,0.0,0.0788041950080845,0.0,0.0,0.0,0.0,0.0,0.552699194013219,0.0,0.0,0.0,0.0,0.0,0.6480755282042385,0.4505557452963235,0.0,1.0,0.4319998850459474,0.5287498251266468,0.07269008882373021,0.597611916686917,0.0,0.0,0.4384026294047521,0.0,0.0,0.0,0.0,0.0,0.07921660333183267,0.0,0.30684321557668925,0.0,0.0,0.0,0.0,0.14409026567651254,0.0,0.0,0.0,0.0,0.0,0.0,0.0,0.2808605873945541,0.0,0.0,0.0,0.0,0.6507856406928588
gex_possorted_bam_SJSO3:CGACCTGCACTCGCTCx-M1,0.0,0.0,0.0,0.0,0.0,0.0,0.25409869776890054,0.0,0.8306485121092193,0.0,0.9858559181634357,0.25700724327670293,0.0,1.0,0.0,1.0,0.9133271813909544,0.3319758707084166,0.5316913410687091,0.0,0.0,0.0,0.0,0.0,0.8555761694930195,0.0,1.0,0.0,0.12360756134594879,0.0,0.0,0.0,0.0,0.0,1.0,0.0,1.0,0.0,0.0,0.9170118874935571,0.0,1.0,0.5635891720175865,0.0,0.0,0.0,0.6762116548134759,1.0,0.0,0.0,0.18880482733256265,0.0,0.0
gex_possorted_bam_SJSO3:CGAGCTGGTTTATCTGx-M1,0.0,0.19252080176222466,0.22608354528972494,0.0,0.0,0.0,0.13984796819899242,0.04656815727293876,0.0,0.14616898997102346,0.062407016382376966,0.10038729570197039,0.0,0.0,0.2230297765602199,0.0,0.5196605148818512,0.0,0.0,1.0,0.3729764190647674,0.377383675437683,0.03066154167154787,0.5637493598531768,0.0,0.0,0.38335838688904794,0.0,0.0,0.0,0.40410988340165727,0.0,0.09092539685069262,0.08064486747053817,0.4598427298111656,0.03537141320842587,0.09126282776128783,0.0,0.10753954107036977,0.4805868288366691,0.022805458784400948,0.3887928401759762,0.0,0.0,0.0,0.0,0.0,0.12464595677197593,0.0,0.0,0.0,0.0,0.48607103872460455
gex_possorted_bam_SJSO3:CCTTTAGTCGCCTGTTx-M1,0.0,0.1286311453300418,0.5621709488997569,0.016619823332113863,0.0,0.0,1.0,0.0,1.0,0.0,1.0,0.7100123528117491,0.6620594166080684,1.0,0.0,1.0,1.0,0.1823948675456363,0.899040107573507,0.0,0.0,0.0,0.0,0.0,1.0,0.11920017902244838,1.0,0.01082686013131122,0.4358670078628267,0.0,0.40252374639800814,0.0,0.0,0.0,1.0,0.0,1.0,0.0,0.0,1.0,0.0,1.0,1.0,1.0,0.0,0.0,1.0,1.0,0.04159586147208657,0.0,0.41541696061331584,0.05727989128361104,0.0
gex_possorted_bam_SJSO3:CGAAGAATCTAAGTCAx-M1,0.07592762084566486,0.28883659360191255,1.0,0.18116865082732378,1.0,1.0,1.0,0.624412512674633,0.7924384214180541,0.3676625184461015,1.0,0.0,0.21822940728048645,0.0,0.0,0.0,1.0,1.0,0.3271507803893135,1.0,0.8817635609749181,0.9674688582871273,0.26833408710220535,0.3106966255169898,0.23077415642232416,0.13555663813384117,0.863719898732583,0.04556129571216186,0.5237179134502821,0.0,0.5937587863687033,0.7410602582283743,0.2607581102201032,0.10260091002954352,0.4983805163007624,0.1909257710936124,0.0,0.0758062834638822,0.39605567328829566,0.5628390489129861,1.0,0.0,0.007670126297694583,1.0,0.10498263716005678,0.28933193275361335,0.8316220609139203,0.11033822340582512,0.2699804634671628,0.34697609300165366,0.0,0.033301523874757814,1.0
gex_possorted_bam_SJSO3:CGAACAAAGTCACCTCx-M1,0.06281642925058539,0.0,0.06595434564246724,0.0,0.5474043537847342,0.5038006742684108,0.0,0.0,0.0,0.0,1.0,0.0,0.0,0.0,0.057372498023312436,0.0,0.9873776435911998,1.0,0.0,1.0,0.7018733722786301,0.8921341909511956,0.19846297751685268,0.76244546959187,0.0,0.0,0.3223917571138894,0.0,0.0,0.06468558604799494,0.009860543624820382,0.08756575536342705,0.19586494314141212,0.0,0.1465611621408987,0.045608282120039,0.0,0.03753522576504257,0.0433617078278678,0.0,0.0,0.0,0.0,0.0,0.16503639606764872,0.007957234428356089,0.0,0.1249036090055703,0.0,0.11210436888372143,0.0,0.004434738544009717,1.0
gex_possorted_bam_SJSO3:CGAACCGGTTAGGTGCx-M1,0.0,0.0,0.36471915317595505,0.0,0.0,0.0,0.6978377518313857,0.0,0.9837366172672934,0.0,1.0,0.21038830664500144,0.16507376720258324,1.0,0.0,1.0,1.0,0.2986329226306246,0.4600895429641002,0.0,0.0,0.0,0.0,0.0,0.9871980548696467,0.033302778061639296,1.0,0.04862704922343382,0.1167329310845655,0.0,0.0,0.0,0.0,0.0,1.0,0.0,1.0,0.0,0.0,1.0,0.0,1.0,0.7875577631218504,0.9667617964955421,0.0,0.0,0.7915952069897544,1.0,0.0,0.0,0.2668896260656111,0.0,0.0
gex_possorted_bam_SJSO3:CCTTGTTCATCAGTATx-M1,0.29099814549474573,0.11240023222287385,0.5250693531132665,0.17351011364463928,0.9080417683083977,1.0,0.0,0.11122359730710885,0.0,0.3744158669973836,1.0,0.0,0.0,0.0,0.3466045759575525,0.0,1.0,1.0,0.14060442384969934,1.0,1.0,1.0,0.43394423839089036,0.9742700169813044,0.0,0.04921043782989259,0.210825578738652,0.2798527466658049,0.0,0.41811031410031135,0.9363868743373565,0.2893948713370884,0.41970308764826236,0.04342418919760803,0.17766295894359452,0.327186468317741,0.0,0.20454092430671522,0.3420873376976117,0.1309507868411038,0.0,0.0,0.0,0.29062558707883956,0.525064325581239,0.22812367413808735,0.0,0.08476066634003325,0.21960899282985605,0.40417447263238643,0.0,0.2656681873027855,1.0
gex_possorted_bam_SJSO3:CGACCTGCATTAGGTTx-M1,0.012913557605083606,0.0,0.005503066869586269,0.0,0.2257921675258669,0.05538283777620491,0.0,0.0,0.0,0.0,0.7652872332738426,0.0,0.0,0.0,0.0,0.0,0.8586817726083416,0.8916247291785664,0.0,1.0,0.545499311595212,0.6630332717117884,0.12023293523709629,0.6523432656663442,0.0,0.0,0.40803615337349186,0.0,0.0,0.0,0.0,0.03384684280509126,0.12990791923522155,0.0,0.23509326032134645,0.0,0.0,0.0173284326688223,0.0,0.0,0.0,0.0,0.0,0.0,0.07672993761683622,0.0,0.0,0.27453184194656266,0.0,0.0,0.0,0.0,0.7309256888178266
gex_possorted_bam_SJSO3:CCTTCGTAGTAACCCGx-M1,0.0,0.0016180740593043788,0.5752856549747417,0.0007879420376034397,0.9657839034269662,0.6645498487375108,1.0,0.4506261281661139,0.7218664162217463,0.0,1.0,0.0,0.011072688688374695,0.0,0.0,0.0,1.0,1.0,0.06393264667996977,1.0,0.6433530285625497,0.774332385117711,0.08195061461067622,0.25592440398677274,0.05929703918660815,0.0,1.0,0.0,0.03307978394911441,0.0,0.0,0.7299771619638357,0.09069624549337994,0.0,0.4910266392894889,0.0,0.0,0.0,0.11583778340169855,0.3004451994251394,0.9019833973015323,0.0,0.0,1.0,0.0,0.08135115628661414,0.36442250977115936,0.370884745173073,0.003559432486740391,0.0,0.0,0.0,1.0
gex_possorted_bam_SJSO3:CGAACAAAGTTTAACGx-M1,0.0,0.9753369503999535,1.0,0.48071150725818906,0.0,0.41414217013105015,1.0,0.08784939259734136,1.0,0.31182521923785195,1.0,1.0,1.0,1.0,0.0,1.0,1.0,1.0,1.0,0.0,0.0,0.0,0.0,0.0,1.0,0.6620020936927044,1.0,1.0,1.0,0.7381014272602511,1.0,0.0,0.0,0.32760130009753,1.0,0.0,1.0,0.0,0.0,1.0,0.0,1.0,1.0,1.0,0.0,0.2903527108623374,1.0,1.0,0.6584184829202845,0.10457904953662377,1.0,0.5454878963729907,0.0
gex_possorted_bam_SJSO3:CGAACCGGTCGTAAATx-M1,0.07673039341306791,0.0,0.02147393494115428,0.0,0.5274099950365577,0.33532582873317307,0.0,0.0,0.0,0.0,0.9938325694905145,0.0,0.0,0.0,0.0,0.0,0.9411572218232003,1.0,0.0,1.0,0.6319285646861471,0.7630164202795583,0.19939284538172827,0.658787210543916,0.0,0.0,0.4203832967919395,0.0,0.0,0.03994736890693097,0.0,0.20061155690036403,0.17883980932468066,0.0,0.20691449117940094,0.011511035552282048,0.0,0.08019530233629746,0.0005585611804973247,0.0,0.010537396557331411,0.0,0.0,0.0,0.11227691808746397,0.0,0.0,0.24831797864872737,0.0,0.10776942803770738,0.0,0.0,1.0
gex_possorted_bam_SJSO3:CCTTGTTCACAATACTx-M1,0.0,0.4087746173436762,0.4160721757685393,0.0,0.0,0.0,0.6716604588721127,0.10836724424226445,0.0,0.3107881557778095,0.0,0.644022633500899,0.0,0.0,0.3182144163644834,0.0,0.20206973815749074,0.0,0.0,1.0,0.21279228334378822,0.22636986661172115,0.0,0.4560113018765366,0.0,0.0,0.2960322238409303,0.0,0.0,0.0,0.9024412699897434,0.0,0.03838164060427235,0.1289724477199977,0.5439139533950718,0.09568568161687643,0.27144058683139194,0.0,0.15636485030466435,0.6835348553167553,0.12677462909088302,0.4666881379554733,0.0,0.0,0.0,0.0,0.0,0.0,0.0,0.0,0.0,0.0,0.37678914521864637
gex_possorted_bam_SJSO3:CCTTGTTCAGGCATGAx-M1,0.012404817901450035,0.6610172642803755,0.9701429002203329,0.043475369977200584,0.20610866542329645,0.10586105263282415,0.9337574264764142,0.18880385597640692,0.0,0.6611827753210063,0.0,0.613566976286972,0.0,0.0,0.5515979245669959,0.1991068698539536,0.271100742565553,0.0,0.0,1.0,0.4287105700599469,0.4633680651915421,0.16473191108909266,0.5521768502749442,0.0,0.0,0.2245006632151498,0.22151604833910998,0.19205415466710146,0.042316057130376596,1.0,0.0,0.19569436248931968,0.2531132582786671,0.5694440439890016,0.30265789352641886,0.4062505256166558,0.005845833576541257,0.3246327179452711,0.9659131545386406,0.24386574663739827,0.49564177379283414,0.0,0.4916489312363752,0.08881993092237965,0.15952300339337458,0.0,0.0,0.24331201795456128,0.34896105245152703,0.013656749032189412,0.05392102334227765,1.0
gex_possorted_bam_SJSO3:CGACTAAGTGGTTATGx-M1,0.2067339856031251,0.33453235303003065,1.0,0.2230178955773737,1.0,1.0,0.0,0.17987130098946263,0.0,1.0,0.7280202545273109,0.0,0.22091121944617267,0.0,0.5766829013861113,0.0944139681348223,0.8090320202559124,0.6479915161646449,0.0,1.0,0.7435692222193643,1.0,0.4333350170639075,0.7251617164258262,0.0,0.2342821465522379,0.1965451468019969,0.35676643000065417,0.10231295223724458,0.402386106340263,1.0,0.4981729920204274,0.40387179513250004,0.26228527409006824,0.16357047737856087,0.44783306964878866,0.0,0.17534823622374793,0.40170244563359564,0.6715546522005325,0.28250939211724496,0.0,0.22887388754222204,1.0,0.5107442204192973,0.3636758997010948,0.31205523542088953,0.0,0.4720850573319418,0.8786695516589915,0.21261370547370023,0.3339946922353156,1.0
gex_possorted_bam_SJSO3:CGAGCTGGTAGACAAAx-M1,0.0,0.0,0.46167775601535477,0.0,0.0,0.0,0.7375363726460751,0.0,1.0,0.0,1.0,0.4783234939659202,0.1489777489396807,1.0,0.0,1.0,1.0,0.2580412482051801,0.6251444440224848,0.0,0.0,0.0,0.0,0.0,1.0,0.025966625117007786,1.0,0.021457339366436595,0.0,0.0,0.15741615373688844,0.0,0.0,0.0,1.0,0.0,1.0,0.0,0.0,1.0,0.0,1.0,1.0,1.0,0.0,0.0,1.0,1.0,0.0,0.0,0.17741045671375638,0.0,0.0
gex_possorted_bam_SJSO3:CCTTGCGTCATGCTTTx-M1,0.09967344184868637,0.0,0.0,0.001813216428364712,0.3873133020498766,0.3734600367934485,0.0,0.0,0.0,0.0,0.9467469876553578,0.0,0.0,0.0,0.09605056526743663,0.0,0.8700623509487868,1.0,0.0,1.0,0.6626123488875214,0.8223595285725435,0.2020561668945787,0.7443684174056965,0.0,0.0,0.35024895324762345,0.0,0.0,0.0687056689709884,0.0,0.024055410265095133,0.20483118364411063,0.0,0.19539082136446292,0.0455336085734656,0.0,0.07565484239858317,0.03185039033217237,0.0,0.0,0.0,0.0,0.0,0.1011708513319984,0.028883004464705406,0.0,0.23368027030594377,0.0,0.05131269753186994,0.0,0.03111101777475332,0.8668513031043522
gex_possorted_bam_SJSO3:CGAAGCCTCCCTGGTTx-M1,0.03858251094354351,0.0,0.3603579137285257,0.0,0.3991230101956298,0.33765442045333505,0.0,0.018144332722032936,0.0,0.0,0.7597838871745716,0.0,0.0,0.0,0.06578817259238272,0.0,0.8109587985037507,0.8131620967516044,0.0,1.0,0.70801779135858,0.7990738974183234,0.13602635701312712,0.7428587871038047,0.0,0.0,0.39707721593517187,0.0,0.0,0.0,0.44072096307394965,0.0565331436266593,0.19846468662621025,0.0,0.20225475837140053,0.03504514054915193,0.0,0.014184273102390512,0.03897902967081396,0.2387408285201671,0.0,0.0,0.0,0.0,0.1779165961532641,0.03333173315196296,0.0,0.059280716751912745,0.0,0.011435141985349584,0.0,0.0,1.0
gex_possorted_bam_SJSO3:CCTTGCGTCTGCAACGx-M1,0.0,0.29631524275035204,1.0,0.0,0.0,0.0,1.0,0.0,0.7792659299210539,0.046119749579237444,1.0,1.0,0.09938438410616286,1.0,0.0,1.0,1.0,0.08580467723382777,0.6110107280903531,0.0,0.0,0.0,0.0,0.0,1.0,0.05863571581682532,1.0,0.2715816974867097,0.0,0.0,0.6112881960301666,0.0,0.0,0.0,1.0,0.0,1.0,0.0,0.0,1.0,0.1608118418474811,1.0,1.0,1.0,0.0,0.0,0.9862837903224135,1.0,0.059348238799973925,0.0,0.20569478474199956,0.0,0.0
gex_possorted_bam_SJSO3:CGAATATGTTAAGCCAx-M1,0.0,0.13480563395418393,1.0,0.03133003820235195,0.0,0.0,1.0,0.0,1.0,0.0,1.0,0.7056503796910848,0.52786777442064,1.0,0.0,1.0,1.0,0.18373165827967652,0.7934513200845105,0.0,0.0,0.0,0.0,0.0,1.0,0.12408419385976449,1.0,0.20003679609339284,0.03062693729394261,0.0,0.7124408910990992,0.0,0.0,0.0,1.0,0.0,1.0,0.0,0.0,1.0,0.0,1.0,1.0,1.0,0.0,0.0,1.0,1.0,0.057042729254766215,0.0,0.3123426796268119,0.06343435416913366,0.0
gex_possorted_bam_SJSO3:CCTTGTTCAAGCGAGCx-M1,0.0,0.0,0.24112294240578375,0.0,0.0,0.0,0.8820586247428843,0.0,0.9550726182940611,0.0,0.8313301271550836,0.7755172128173813,0.0,1.0,0.0,1.0,0.9735467960655729,0.08724694598977248,0.5501448171838811,0.0,0.0,0.0,0.0,0.0,1.0,0.005606380149559664,1.0,0.0,0.07128460288887352,0.0,0.0,0.0,0.0,0.0,1.0,0.0,1.0,0.0,0.0,1.0,0.04367655486000433,1.0,0.7433072869909916,0.6375923209139267,0.0,0.0,0.7841992472162422,1.0,0.0,0.0,0.2745823872722512,0.0,0.0
gex_possorted_bam_SJSO3:CGAGCGAAGCGATACTx-M1,0.014139289057978366,0.0,0.0,0.0,0.16031293004292954,0.0,0.0,0.0,0.0,0.0,0.7902444739929625,0.0,0.0,0.0,0.0,0.0,0.7240160894506028,0.6133198076117418,0.0,0.6975754798288716,0.44894700298230483,0.5401526866422265,0.08834912647054595,0.5830327835390229,0.0,0.0,0.557582704763091,0.0,0.0,0.0,0.0,0.028926455813446248,0.08125446055846644,0.0,0.3318490586018583,0.0,0.0,0.023457371667507377,0.0,0.06535260261925874,0.0,0.0,0.0,0.0,0.0,0.0,0.0,0.413726669159318,0.0,0.0,0.0,0.0,0.5250980513372212
gex_possorted_bam_SJSO3:CGAAGCGAGCCTCTGTx-M1,0.0,0.0,0.1316897462005773,0.0,0.0,0.0,0.024760729822315104,0.0,0.1994058424337171,0.0,1.0,0.0,0.28770102403210657,1.0,0.0,1.0,0.8295282580776597,0.22540471553549882,0.598478496289334,0.0,0.0,0.0,0.0,0.0,1.0,0.0,1.0,0.0,0.37431222420613613,0.0,0.0,0.09178940834312345,0.0,0.00817835345730384,1.0,0.0,1.0,0.0,0.0,1.0,0.01144998724329178,0.5393577078898751,0.5970432585618587,0.36660311459871164,0.0,0.0,0.8412996587853744,1.0,0.0,0.0,0.34608733797342767,0.0,0.0
gex_possorted_bam_SJSO3:CGAGCTGGTCCTTCTCx-M1,0.04472956194497666,0.0,0.07548615524474775,0.0,0.3055529125339011,0.25430004476831813,0.0,0.0,0.0,0.0,0.8709487600214066,0.0,0.0,0.0,0.018611669509698527,0.0,0.845641009546527,0.9180004190957884,0.0,1.0,0.6936835254776453,0.8375437671542638,0.16595023930736008,0.7625362401172497,0.0,0.0,0.38158043804854985,0.0,0.0,0.0,0.08435270659276034,0.07918964073669706,0.17274613331931624,0.0,0.16454908294075576,0.0,0.0,0.01070305792730746,0.0016965909525011342,0.0,0.0,0.0,0.0,0.0,0.11961116502003814,0.0,0.0,0.19206976278312268,0.0,0.0,0.0,0.0,1.0
gex_possorted_bam_SJSO3:CCTTGTTCAATGAAGCx-M1,0.0,0.0,0.05748875735543249,0.0,0.0,0.0,0.5570712864591998,0.0,0.9267973526671058,0.0,0.9532801023395568,0.4894491992853393,0.0489943442978624,0.9865522959646243,0.0,1.0,0.8704391926064802,0.0,0.44053422004786524,0.0,0.0,0.0,0.0,0.0,0.8977642220991026,0.0,1.0,0.0,0.024707311440754144,0.0,0.0,0.0,0.0,0.0,1.0,0.0,1.0,0.0,0.0,1.0,0.0,1.0,0.8443488883423216,0.7023122821783104,0.0,0.0,0.9204547293546664,1.0,0.0,0.0,0.23932132832210423,0.0,0.0
gex_possorted_bam_SJSO3:CGACTAAGTTACATCCx-M1,0.05409561397888323,0.0,0.2549665816430228,0.0,0.5632730830792301,0.5093275581178255,0.0,0.0,0.0,0.0,1.0,0.0,0.0,0.0,0.06061032998531263,0.0,1.0,1.0,0.0,1.0,0.7017763864845908,0.8850690569169911,0.1702454916940911,0.7914899005237529,0.0,0.0,0.34619631224165204,0.0,0.0,0.03070559469388914,0.03950475416225526,0.3381719400812034,0.20320092847153368,0.0,0.13835288016954086,0.04499696907597387,0.0,0.03785740116358764,0.057437768742674346,0.00016005552421916145,0.0,0.0,0.0,0.0,0.20155829936608785,0.0,0.0,0.09304135129173177,0.0,0.07754020581421207,0.0,0.0,1.0
gex_possorted_bam_SJSO3:CCTTCGTAGTAACCACx-M1,0.06036410085233561,0.0,0.267049614875318,0.0,0.5425815475669589,0.5651790781435736,0.0,0.0,0.0,0.11447516047601884,1.0,0.0,0.0,0.0,0.1741427506244199,0.0,1.0,1.0,0.0,1.0,0.800721331331722,0.9192561278940763,0.19113678122523073,0.7381810433425214,0.0,0.0,0.3714374889279123,0.0,0.0,0.02301285680276009,0.25606753938986565,0.1418584991962097,0.2171789902188237,0.0,0.17334594974742404,0.06254940632576446,0.0,0.010835139196149287,0.09258664151819578,0.057616887483680414,0.0,0.0,0.0,0.0,0.24397313614790664,0.0,0.0,0.08266161326607956,0.0,0.10355145204903873,0.0,0.015283707135084059,1.0
gex_possorted_bam_SJSO3:CGAGCTGGTTAGAGGGx-M1,0.07364833431846736,0.0,0.058922248172455685,0.0,0.3011419387101385,0.30782469424696896,0.0,0.0,0.0,0.0,0.8642611719289056,0.0,0.0,0.0,0.0,0.0,0.7830079359707135,0.8772320599448556,0.0,1.0,0.619685536301754,0.7484063736879056,0.27452637896761584,0.688563424806598,0.0,0.0,0.3616483782652839,0.0,0.0,0.12177134287102613,0.26564311446229527,0.1189039071669277,0.15202106122616924,0.0,0.26139272890604115,0.0633258997904166,0.0,0.057450180463351715,0.03257552398724131,0.14917577389413078,0.0,0.026861271980438778,0.0,0.0,0.11439328054454076,0.03959578412963737,0.0,0.4279179168295203,0.0,0.09701879197634089,0.0,0.031098144610811226,1.0
gex_possorted_bam_SJSO3:CGACTAAGTGCAACTAx-M1,0.21152158252219416,0.1126332493900786,0.6723208480755993,0.09479827383715697,1.0,1.0,0.0,0.06769168838046082,0.0,0.4739629784400787,1.0,0.0,0.12282617013953394,0.0,0.3277501135039469,0.0,1.0,1.0,0.15273652024970646,1.0,1.0,1.0,0.3905347979561647,0.9011998641174841,0.0,0.06610632168761763,0.34446676625197986,0.23635180984972995,0.0,0.39399486222239694,1.0,0.4383203068416266,0.37348121979671184,0.0,0.2976544341978474,0.28569777212023917,0.0,0.11683572407489354,0.28197786847320655,0.22926004575758308,0.0,0.0,0.0,0.7468734071459934,0.5153754436145058,0.1923045908381107,0.10501105686931861,0.06027661497062639,0.2608922265612295,0.5497308802804062,0.0,0.23470152194340718,1.0
gex_possorted_bam_SJSO3:CGAGCTGGTTTAACGGx-M1,0.027739936861127915,0.0,0.007004256202673836,0.0,0.4539906363763626,0.2758058899080615,0.0,0.0,0.0,0.0,0.9925921027497102,0.0,0.0,0.0,0.0,0.0,0.9505169723750755,1.0,0.0,1.0,0.5684644004122229,0.7405783935297413,0.16163724938739424,0.6365553116553941,0.0,0.0,0.4531253116856278,0.0,0.0,0.0,0.0,0.18926025035362784,0.139394735013589,0.0,0.23049161731849502,0.0,0.0,0.004006519856089177,0.0,0.0,0.0,0.0,0.0,0.0,0.049357060112496846,0.0,0.0,0.2987731020998229,0.0,0.03770293271783942,0.0,0.0,1.0
gex_possorted_bam_SJSO3:CGACAAGCATAGTCATx-M1,0.0,0.0,0.7859728703006503,0.0,0.0,0.0,0.9965474123699809,0.0,1.0,0.0,1.0,0.5520597313684493,0.28136456331145404,1.0,0.0,1.0,1.0,0.0,0.5665637226474506,0.0,0.0,0.0,0.0,0.0,1.0,0.04097483710241152,1.0,0.04830930403934612,0.11835545441431229,0.0,0.25327687604989185,0.0,0.0,0.0,1.0,0.0,1.0,0.0,0.0,1.0,0.0,1.0,1.0,1.0,0.0,0.0,1.0,1.0,0.003631273336892443,0.0,0.22329977468173087,0.0,0.0
gex_possorted_bam_SJSO3:CGCAATCCATGACTATx-M1,0.1798380955932977,0.9991652270274306,1.0,0.3336672281479346,0.575221951530919,0.8874929787796688,1.0,0.4124977193398122,0.17890543654044638,0.8892754599019022,0.0,0.2236967376799969,0.23801609829886863,0.1838421310394774,0.668053784867642,0.5408499393482276,0.6625468039662586,0.0,0.0,1.0,0.8125778171136511,0.6551208356727541,0.3158500411264734,1.0,0.11301064618186311,0.11542509100392713,0.09183793112200025,0.7390451785220767,0.27734295311744556,0.4849707341127645,1.0,0.0,0.41023401052921954,0.6337783832179087,0.4180013953531252,0.5122604106738532,0.3137227374479086,0.2775553876292183,0.6236742113244303,0.9550647233623696,0.725184993081666,0.6607632728594366,0.0,0.8356015086670127,0.5142745453956649,0.3460676509684114,0.2087065106087558,0.0,0.44076261703372543,0.5968375357371026,0.03721648639998898,0.24644426666079972,1.0
gex_possorted_bam_SJSO3:CGAGGCAAGCGTGCGTx-M1,0.0,0.9430784339431436,1.0,0.10503477696533302,0.10328097268502831,0.3122926661752125,1.0,0.31995514689698534,0.27317198762505973,0.9340443653402852,0.0,0.5024151341123302,0.016461168400678246,0.0,0.5765967687826806,0.3869105318775702,0.18417436715735538,0.0,0.0,1.0,0.45766887107681264,0.48991745606203335,0.14108649760722394,0.598542584722432,0.0,0.0,0.07324521627644255,0.3470457738506412,0.28172925638764246,0.057874318737783606,1.0,0.0,0.22330417521101117,0.3701612997221711,0.37899979055586197,0.383765185647484,0.42194452345706274,0.04006628075799027,0.3614867405815493,1.0,0.22027952396925043,0.36655485937982674,0.0,1.0,0.16963074400593015,0.26362690117412485,0.0,0.0,0.37378032525617094,0.5451266228440925,0.21927631500275258,0.09151373306121009,1.0
gex_possorted_bam_SJSO3:CGCAATCCAACCCTAAx-M1,0.1377787048810783,0.0,0.0,0.06710342691187378,0.03634195405802289,0.0,0.11156526019851307,0.3427289920783317,0.47869399349298264,0.0,0.3880487815776439,0.0,0.0,0.7747426122135138,0.0,0.4866815413992915,0.7360149629852077,0.4789408457636161,0.05029656637436805,0.0,0.2820538234206954,0.0,0.1447936191661668,0.02368307405267076,0.49178869395433555,0.15078770559846588,1.0,0.04093835294543625,0.0,0.0,0.0,0.1387208319612894,0.10531103184382298,0.16918862470145835,0.6803054916294393,0.021996082795975994,0.73717166889987,0.04829186575443458,0.0,0.40997412843891723,0.1857306099644816,0.977192975328253,0.0,0.0,0.0,0.045289048555244106,0.5518111993980331,1.0,0.0,0.1921093621331686,0.3158314322760547,0.0,0.0
gex_possorted_bam_SJSO3:CGCAATAGTAACTACGx-M1,0.0,0.0,0.0,0.0,0.0,0.0,0.04573093880214347,0.0,0.5755051621487545,0.0,1.0,0.07401556148017292,0.0,0.9698357686966899,0.0,1.0,0.871999389363188,0.3274910281836971,0.3668245581473946,0.0,0.0,0.0,0.0,0.0,0.5752097529449256,0.0,1.0,0.0,0.051025235390294445,0.0,0.0,0.0,0.0,0.0,1.0,0.0,1.0,0.0,0.0,0.843893899160837,0.0,1.0,0.41994462425432205,0.0,0.0,0.0,0.45993582805006306,1.0,0.0,0.0,0.1367263343182362,0.0,0.0
gex_possorted_bam_SJSO3:CGATTCCTCAATCTCTx-M1,0.0,0.21547289318325186,0.0760780625687854,0.0,0.0,0.04397204798262015,0.10751921324604972,0.0835153754964295,0.0,0.06154377520531992,0.3625875837985505,0.0,0.0,0.0,0.20839216532338845,0.05176565630515059,0.8905656632407812,0.29010943073608636,0.0,1.0,0.4165734958622626,0.435610130105775,0.042158896278675834,0.6156103731245275,0.0,0.0,0.36604517206808174,0.0,0.0,0.0,0.37991963250465544,0.0,0.11750666621680242,0.0729423932329926,0.35460342704967496,0.04783143767114825,0.0,0.0,0.1378860118376792,0.42894069881800995,0.044658548505444304,0.4747866450026579,0.0,0.0,0.06495215920398154,0.0,0.0,0.27537618929476726,0.0,0.0,0.0,0.0,0.48971953642811084
gex_possorted_bam_SJSO3:CGCAATCCACCTAATGx-M1,0.04325266781559688,0.0,0.0,0.0,0.19218672467595954,0.12320639786869347,0.0,0.0,0.0,0.0,1.0,0.0,0.0,0.0,0.0,0.0,1.0,1.0,0.0,0.8945383880269058,0.5843781278675915,0.6554602359940097,0.12171280853251794,0.6494019944736192,0.0,0.0,0.4727568868764281,0.0,0.0,0.0,0.0,0.09455592803926456,0.11287326070190182,0.0,0.30587935972721625,0.0,0.0,0.007658535892928464,0.0,0.25909715146838963,0.0,0.0,0.0,0.0,0.022344221897814872,0.0,0.0,0.3511705290238776,0.0,0.0,0.0,0.0,0.8682380882748729
gex_possorted_bam_SJSO3:CGATTGAGTCATCCTGx-M1,0.24312736925881615,0.0,0.0,0.14227518496980313,0.39594007374575824,0.28912850869896234,0.0,0.22918768559259503,0.0,0.08475602195238503,0.5258888509845825,0.0,0.0,0.0,0.14353611203639713,0.0,0.5523512407029951,0.7326341654559119,0.0,1.0,0.6802125087002185,0.7701562470084043,0.29992927530538627,0.7248453763422046,0.0,0.06926845386427054,0.3424170207037811,0.045978222400276075,0.0,0.10863353422161615,0.0,0.3022259240687582,0.324424601833042,0.11616000838301721,0.21535769908873487,0.21278488639206883,0.0,0.19522091427146607,0.16587563359277804,0.022968771680923768,0.1877825047950878,0.0,0.0,0.0,0.3126595083311681,0.16733620488907697,0.0,0.14643526719932803,0.05315030334672006,0.243958921009288,0.007428601995172361,0.11056414802131971,1.0
gex_possorted_bam_SJSO3:CGAGGTGAGCATTTCTx-M1,0.024970927198279088,0.0,0.3751637004428817,0.0,0.5861860112633793,0.4056266572948921,0.0,0.0,0.0,0.0,1.0,0.0,0.0,0.0,0.0,0.0,1.0,1.0,0.0,1.0,0.6998222321053422,0.817028375292455,0.1832665690675112,0.6371054038518933,0.0,0.0,0.5155830432724946,0.0,0.0,0.0,0.0,0.4381307850631262,0.20775625471708667,0.0,0.19039093611811914,0.0,0.0,0.004196037405371018,0.0,0.0,0.1905319662265047,0.0,0.0,0.0,0.1310018600961356,0.0,0.0,0.4890181498669467,0.0,0.17132406567444508,0.0,0.0,1.0
gex_possorted_bam_SJSO3:CGATATTCATTTAAGCx-M1,0.009500815680942583,0.0,0.31986949253866337,0.0,0.2596128312075826,0.0,0.0,0.0,0.0,0.0,0.5903016179882602,0.0,0.0,0.0,0.0,0.0,0.8681738765283453,0.7353704286133579,0.0,1.0,0.6090076883611618,0.6355183017233044,0.11131719505424018,0.6548491985377441,0.0,0.0,0.5310950623933695,0.0,0.0,0.0,0.0,0.2754382834048063,0.1855227844067455,0.0,0.21998670258588018,0.0,0.0,0.020244599030928435,0.003569187965024365,0.0,0.14691550596137107,0.0,0.0,0.0,0.17201688384794675,0.0,0.0,0.15848339073941772,0.0,0.014136284109201572,0.0,0.0,0.9493018825265374
gex_possorted_bam_SJSO3:CGATTTGCAAAGCGCAx-M1,0.18155581502192672,0.06305865582909621,0.8365959978057967,0.1448357071151585,0.48156297548771854,0.534228765911596,0.0,0.05901017260631077,0.17789295279176254,0.29912550007794475,1.0,0.0,0.08217232557197213,0.0,0.3407825762254573,0.4651714802205444,1.0,0.750186579831278,0.04625004572072819,1.0,0.49065893591533316,0.5861518953575826,0.2799720396969656,0.3914356853060665,0.26912118165067794,0.16056995757969864,0.7128378843062754,0.0,0.0,0.35321461680124316,0.6103951103166464,0.2430712330278008,0.22235960780659675,0.04617023058473372,0.6688279737101693,0.16740186979664828,0.4843847830991893,0.1066795704182248,0.15679537126807794,0.5825418170404724,0.20057650256282553,0.4461619845032348,0.2641481046679177,0.6783938490728252,0.24990694532476504,0.16508987095565775,0.6863380046846149,0.6800422982890637,0.23828191184818806,0.31094974247452856,0.2201662300597472,0.20973826348253463,1.0
gex_possorted_bam_SJSO3:CGAGTCGGTTCCAGGGx-M1,0.0,0.42447719962594443,1.0,0.16714355624519198,0.0,0.0,1.0,0.0,1.0,0.06374133804314161,1.0,1.0,1.0,1.0,0.0,1.0,1.0,0.34094375751266887,1.0,0.0,0.0,0.0,0.0,0.0,1.0,0.29862350753047245,1.0,0.6155050041231216,0.4434182336129756,0.25654744469648244,1.0,0.0,0.0,0.12111262433905821,1.0,0.0,1.0,0.0,0.0,1.0,0.0,1.0,1.0,1.0,0.0,0.04078004316527631,1.0,1.0,0.29484657164093664,0.006268595621047906,0.6951485314595922,0.2553133877625913,0.0
gex_possorted_bam_SJSO3:CGCAATGTCATAACGCx-M1,0.0,0.13488460222202833,0.0,0.0,0.0,0.0,0.23882093758951803,0.1395667306824737,0.0,0.09103268635535935,0.0,0.2943566828537505,0.0,0.0,0.251508951697699,0.0,0.3276724489610239,0.0,0.0,1.0,0.29047649199295433,0.2786177931528859,0.05973221428647529,0.5285203704253412,0.0,0.0,0.3278508299433706,0.0,0.0,0.0,0.36950833128666727,0.0,0.09739491205088267,0.12583592872841598,0.48273476075901817,0.0722975755368573,0.10275283941589794,0.0,0.13549325459956532,0.4879462410557421,0.2603616094072862,0.36788809453109556,0.0,0.0,0.003393551146673208,0.0,0.0,0.0,0.0,0.0,0.0,0.0,0.2578453887941321
gex_possorted_bam_SJSO3:CGCAAATTCCGCAACAx-M1,0.0,0.0,0.04561332616956406,0.0,0.15151760156692143,0.0,0.0,0.0,0.0,0.0,0.4642001547296121,0.0,0.0,0.0,0.0,0.0,0.48533253579174496,0.24867459815214235,0.0,1.0,0.4481939113602627,0.6314530362576052,0.10716059295955652,0.6232661285292848,0.0,0.0,0.3847047065210114,0.0,0.0,0.0,0.0714718181797491,0.0,0.09259708364017166,0.0,0.2631617408258695,0.013030602153049516,0.001734448149107372,0.01976038235779847,0.0,0.12347448134247824,0.0,0.0,0.0,0.0,0.015826546266203643,0.0,0.0,0.09760927622188502,0.0,0.0,0.0,0.0,0.9037667631793669
gex_possorted_bam_SJSO3:CGATGTCCATATTGACx-M1,0.17932222973211742,0.0,0.0,0.027156995705001286,0.45587701724868257,0.9796928078368544,0.0,0.0,0.0,0.0,1.0,0.0,0.0,0.0,0.06071481288741001,0.0,1.0,1.0,0.2401019668706124,1.0,0.9092987610938996,1.0,0.25499146601501793,0.8274259395148901,0.0,0.0,0.3204274261152285,0.0,0.0,0.16885533072302028,0.0,0.184447656149535,0.22359024080109402,0.0,0.16409754566277568,0.0944920958060028,0.0,0.15819847252181704,0.061646521480608424,0.0,0.0,0.0,0.0,0.0,0.2968262407835525,0.06666864538935405,0.0,0.27709032626309626,0.0,0.0,0.0,0.1295336011840563,1.0
gex_possorted_bam_SJSO3:CGATCCTTCCTTAGGGx-M1,0.0,0.9668419201247499,1.0,0.5222060649858892,0.0,0.2885001592141953,1.0,0.2042190426394046,1.0,0.5231886665673429,1.0,1.0,1.0,1.0,0.019302759775860844,1.0,1.0,1.0,1.0,0.0,0.0,0.0,0.0,0.0,1.0,0.7312736202046802,1.0,1.0,0.8157966012787113,0.8982140493825103,1.0,0.0,0.0,0.41648185636464163,1.0,0.0,1.0,0.0,0.0,1.0,0.10124443340979083,1.0,1.0,1.0,0.0,0.3374770959288006,1.0,1.0,0.7547803073675223,0.12725823373281017,1.0,0.5309382666834023,0.0
gex_possorted_bam_SJSO3:CGATATTCAATACTGTx-M1,0.030380069034542063,0.0,0.0,0.0,0.3006604121193283,0.26010684291741715,0.0,0.0,0.0,0.0,1.0,0.0,0.0,0.0,0.0,0.0,0.8499819616897456,1.0,0.0,0.9409902326313081,0.5574256922991311,0.7754739435074743,0.1946483779500765,0.6148760083568294,0.0,0.0,0.3704774120816474,0.0,0.0,0.0058896930757384985,0.0,0.07754414753383808,0.11555154258699836,0.0,0.2004446967979182,0.0,0.0,0.02177091828723778,0.0,0.0,0.0,0.0,0.0,0.0,0.05587453846230547,0.0,0.0,0.2464575420528034,0.0,0.0,0.0,0.0,0.9121626761327821
gex_possorted_bam_SJSO3:CGCAATAGTCTATCGTx-M1,0.0,0.0,1.0,0.0,0.0,0.0,1.0,0.0,1.0,0.0,0.8212239140289485,0.7798220299965662,0.39533398687322496,1.0,0.0,1.0,0.941295751946654,0.0,0.45334922863235044,0.0,0.0,0.0,0.0,0.0,1.0,0.09170515559538825,1.0,0.2938027403383134,0.0,0.0,0.8123895079319857,0.0,0.0,0.0,1.0,0.0,1.0,0.0,0.0,1.0,0.0,1.0,1.0,1.0,0.0,0.0,1.0,1.0,0.08499112847452744,0.0,0.3449652811982513,0.014807086701067486,0.0
gex_possorted_bam_SJSO3:CGATATTCATGCTTAGx-M1,0.05119849525448506,0.0,0.18469352132547076,0.0,0.37446209869313035,0.4574987797015662,0.0,0.011073358180473261,0.0,0.026487585776968987,0.8234597080171613,0.0,0.0,0.0,0.1026201618572209,0.0,0.8551803825265765,0.8956572131363164,0.0,1.0,0.7682657348564914,0.8496367260964197,0.1838429244619454,0.7936953241233982,0.0,0.0,0.32518657310314636,0.0,0.0,0.0,0.42237059408372607,0.0061488132056865975,0.18543475549961597,0.0,0.19102989723811878,0.09861089863506303,0.0,0.013238193335545111,0.09024533469152188,0.2022077827101965,0.0,0.0,0.0,0.0,0.11695395998131515,0.029779303330658022,0.0,0.022112156841728906,0.0,0.06872063056622343,0.0,0.006127515730855918,1.0
gex_possorted_bam_SJSO3:CGAGGCAAGTAAGGGCx-M1,0.0,0.0,0.0,0.0,0.005682337119359038,0.0,0.0,0.03671244501233981,0.0,0.0,0.4324064866577558,0.0,0.0,0.0,0.03858174477200227,0.0,0.685541998105035,0.3518601428792384,0.0,1.0,0.4063730531358825,0.4746391798529586,0.07099806547596398,0.5653049877586043,0.0,0.0,0.3767179179461415,0.0,0.0,0.0,0.15330674630516117,0.0,0.09522138612955641,0.0,0.3407503988268848,0.0054507666439831005,0.03848318126459567,0.0,0.038177174907520005,0.27557890428255466,0.0,0.15584289961119016,0.0,0.0,0.0,0.0,0.0,0.247259984482551,0.0,0.0,0.0,0.0,0.5888187166782974
gex_possorted_bam_SJSO3:CGATATTCACTTGTTCx-M1,0.055704556373813816,0.0,0.3935137772881241,0.0,0.642838061791091,0.5722578952189343,0.0,0.0,0.0,0.12504604350449383,1.0,0.0,0.0,0.0,0.15519737121302823,0.0,1.0,1.0,0.0,1.0,0.7679297545380203,0.8513809020361549,0.21604698381887236,0.6824740252787534,0.0,0.0,0.4334991393373665,0.0,0.0,0.10239129278045407,0.3424475418088968,0.19815954844246375,0.20146296477891426,0.0,0.2548427691674987,0.046749599743430556,0.0,0.022826880976701023,0.07040040396915745,0.11561518993185564,0.0,0.0,0.0,0.0,0.2403517656196614,0.010734281174115276,0.0,0.2699628142553974,0.0,0.19123255239709602,0.0,0.03584817915401005,1.0
gex_possorted_bam_SJSO3:CGATTCCTCTTGCATTx-M1,0.17506460539245952,0.0,0.0,0.0,0.47338657629178876,0.5513104304668621,0.0,0.022844092544077058,0.0,0.0,1.0,0.0,0.0,0.0,0.04026907133026627,0.0,1.0,1.0,0.0,1.0,0.8160846962729035,0.9190735433516227,0.25523148344860996,0.8281762131378962,0.0,0.0,0.33622020849873613,0.0,0.0,0.138088789439137,0.0,0.05654451944207668,0.23744289678082822,0.0,0.16937984111862572,0.12960374629953447,0.0,0.1572932057783391,0.11297070063903737,0.0,0.0,0.0,0.0,0.0,0.26089100424545236,0.047198092662725906,0.0,0.2316502710763142,0.0,0.035159980008075534,0.0,0.07943706323435507,0.9598942588310218
gex_possorted_bam_SJSO3:CGATTGAGTCACGGATx-M1,0.060221601967544905,0.0,0.0,0.0,0.15140489942944935,0.0,0.0,0.05395519978792518,0.0,0.0,0.49452221591022144,0.0,0.0,0.0,0.025537100676519073,0.0,0.5422506608423134,0.5274050787239395,0.0,0.8043772816660767,0.43031684239169116,0.5727022207291557,0.1497963130397224,0.49839294266753414,0.0,0.0,0.3509043581393607,0.0,0.0,0.0,0.0,0.0,0.12523751316722304,0.01014962114251157,0.25349524254299277,0.05149972782545041,0.0,0.11595306815440268,0.039850010193019404,0.1361944617495915,0.0,0.0,0.0,0.0,0.059018141785220406,0.027236115696015254,0.0,0.2191050517538413,0.0,0.0,0.0,0.0,0.5893435450665477
gex_possorted_bam_SJSO3:CGAGTCGGTTGCTTCGx-M1,0.11514212975225643,0.0,1.0,0.016166542318723564,0.9378964303555486,1.0,0.0,0.1097134629481509,0.0,0.23230707493815375,1.0,0.0,0.0,0.0,0.1406207569379658,0.0,1.0,1.0,0.0,1.0,1.0,1.0,0.2759174066755996,0.7626546860475236,0.0,0.0354686996253351,0.405704263624108,0.05034742110992764,0.0,0.16469244939150024,0.47545736195109006,0.5041708051493943,0.30405167597714317,0.0,0.23075154201428674,0.15970377580720208,0.0,0.0558791096958733,0.18877559965267685,0.2320314115396076,0.15371272570262443,0.0,0.0,0.6202147226960639,0.33776196547081283,0.09585073826269802,0.18059523346944173,0.1752355120416797,0.12229744480956542,0.3367484570659802,0.0,0.054840621004838025,1.0
gex_possorted_bam_SJSO3:CGCAATTAGCAAGGTAx-M1,0.10613025017503636,0.0,0.1688829067561089,0.0,0.6272095624693855,0.6747172805483778,0.0,0.0,0.0,0.0,1.0,0.0,0.0,0.0,0.08599237300893924,0.0,1.0,1.0,0.0,1.0,0.7908408740575044,0.9369943252732846,0.21811967522828407,0.7678922414153979,0.0,0.0,0.3842873067069611,0.0,0.0,0.15179724978138898,0.13067995006753025,0.19343455032924214,0.23270063221773774,0.0,0.17421676654797819,0.06401298103085318,0.0,0.05455674467555095,0.0457452738852965,0.011641537884062195,0.0,0.0,0.0,0.0,0.21570022618002463,0.04047121566013267,0.0,0.22016816588185906,0.0,0.16687428076709748,0.0,0.04206896327655094,1.0
gex_possorted_bam_SJSO3:CGATGTCCATGACTATx-M1,0.0,0.0,0.0,0.0,0.0,0.0,0.3639216935277567,0.0,0.8477851229110126,0.0,0.9591610901424531,0.3078075242222745,0.0,0.9808153371337606,0.0,1.0,0.9051514055997208,0.10465183765815424,0.4183235884200248,0.0,0.0,0.0,0.0,0.0,0.7649729321722859,0.0,1.0,0.0,0.13414929864226227,0.0,0.0,0.0,0.0,0.0,1.0,0.0,1.0,0.0,0.0,0.9899757825098723,0.0,1.0,0.5953973381780283,0.17594118337107414,0.0,0.0,0.670756091610996,1.0,0.0,0.0,0.09557060169254002,0.0,0.0
gex_possorted_bam_SJSO3:CGCAATGTCTGTAAGCx-M1,0.1570066067091939,0.3005921666517152,1.0,0.16370203626291072,1.0,1.0,0.8032251898628179,0.33176233878052375,0.20872345650495808,0.5782833542997687,1.0,0.0,0.19225841058096266,0.0,0.23218438968068347,0.0,1.0,1.0,0.11972978234301813,1.0,1.0,1.0,0.3689153414888833,0.7144141380270563,0.004311250465984996,0.11705005346456193,0.49637791717971447,0.13838701043247553,0.08083553376187155,0.22427053179674672,1.0,0.5979310665771009,0.3843862964837972,0.07473951743953938,0.2946751036306796,0.2884621817320844,0.0,0.12634397874726344,0.4195423808906765,0.45639302490082945,0.6487450997482951,0.0,0.04298011295156869,1.0,0.34322793455304446,0.288044899825941,0.5801963567540989,0.0,0.375536095318994,0.5955438776303068,0.0,0.16445597547902682,1.0
gex_possorted_bam_SJSO3:CGAGGCAAGGTGAAGCx-M1,0.0,0.0,1.0,0.00949456803930615,0.4710539640522231,0.27541585844353933,1.0,0.3022735493192098,1.0,0.0,1.0,0.0,0.397580800596548,0.513574107338796,0.0,0.4268495429409903,1.0,1.0,0.3733118599538416,1.0,0.14307982935328317,0.06530001485041126,0.0,0.0,0.8660303442817882,0.054945902624186596,1.0,0.0,0.21640140285962262,0.0,0.09042693811437606,0.5295974786328256,0.0,0.0,1.0,0.0,1.0,0.0,0.0,0.9524755579198245,0.6725437368813014,0.8014177287111618,0.38324225601788237,1.0,0.0,0.04426531096913257,1.0,1.0,0.04898856659102804,0.017826469170030605,0.0,0.0,1.0
gex_possorted_bam_SJSO3:CGATTCCTCCATAATGx-M1,0.012201872052588186,0.0,0.0,0.0,0.14008988658259308,0.0,0.0,0.0,0.0,0.0,0.8596651363256048,0.0,0.0,0.0,0.0,0.0,0.8103824019688651,0.9643529670246362,0.0,0.7227771978504804,0.4512193079048104,0.5510287465008915,0.10229609163525516,0.5669486486656301,0.0,0.0,0.522085392905077,0.0,0.0,0.0,0.0,0.10570033116270372,0.08446007684703392,0.0,0.3071939111631595,0.0,0.0,0.03308872625984727,0.0,0.0,0.0,0.0,0.0,0.0,0.0,0.0,0.0,0.478089656956741,0.0,0.0,0.0,0.0,0.6289678902389573
gex_possorted_bam_SJSO3:CGAGTCGGTTTATTCGx-M1,0.0,0.8883530261324506,1.0,0.0092401936089955,0.0,0.01632652451548885,1.0,0.24177597157996442,0.0,0.7240518868191935,0.0,0.872225323453317,0.0,0.0,0.5737663561261903,0.274859145787465,0.274126534403838,0.0,0.0,1.0,0.2783386522007739,0.3071258476605645,0.08401183040826346,0.5176097472713604,0.0,0.0,0.16745163520135004,0.21868376230223674,0.09862028475441374,0.0,1.0,0.0,0.11590140037154645,0.3059807197307336,0.5739999272335625,0.28808712231848305,0.4370688664899101,0.0,0.33870576092074933,1.0,0.19084305021890188,0.7218701438133988,0.0,0.19597016286817898,0.006541209706640593,0.10404676929760798,0.0,0.0,0.21619112744770194,0.2689509811207922,0.0037526214694924404,0.0,0.7847937124479984
gex_possorted_bam_SJSO3:CGAGTCGGTCACAGACx-M1,0.0,0.008112711106904704,0.7810460026785238,0.0,0.0,0.0,1.0,0.0,0.9620282844400814,0.0,1.0,0.8793412596385667,0.2729434343648725,1.0,0.0,1.0,1.0,0.13217509344024514,0.6693795367192985,0.0,0.0,0.0,0.0,0.0,1.0,0.06892652836865577,1.0,0.10511764229510667,0.0,0.0,0.2641084242887871,0.0,0.0,0.0,1.0,0.0,1.0,0.0,0.0,1.0,0.0,1.0,1.0,1.0,0.0,0.0,1.0,1.0,0.0,0.0,0.3347845001557763,0.013834617562842277,0.0
gex_possorted_bam_SJSO3:CGATTCCTCCCGCAAAx-M1,0.0,0.0,0.0,0.0,0.0,0.0,0.22461319955055256,0.0,0.5803901492007238,0.0,0.8121033545296336,0.3313202160490582,0.0,0.784560799537077,0.0,0.9950812471351178,0.7710405261524634,0.004170558741610516,0.2485634336089279,0.0,0.0,0.0,0.0,0.0,0.5486898286620778,0.0,1.0,0.0,0.05033427736413709,0.0,0.0,0.0,0.0,0.0,1.0,0.0,1.0,0.0,0.0,0.9053974771005977,0.0,1.0,0.4284001139090775,0.0,0.0,0.0,0.40401651183656895,1.0,0.0,0.0,0.07341754916930167,0.0,0.0
gex_possorted_bam_SJSO3:CGCATATAGTGGACAAx-M1,0.0,0.1886643817913719,0.0,0.0,0.0,0.0,0.1798402146675693,0.0528393353333716,0.0,0.0,0.0,0.4775540215471517,0.0,0.0,0.18166689466241023,0.0,0.5132747111454274,0.0,0.0,1.0,0.141667413731101,0.18774773653055296,0.0,0.4640845536713073,0.0,0.0,0.29638111764799396,0.0,0.0,0.0,0.07957132634406376,0.0,0.009839395939377103,0.1132858310587436,0.47968854848845355,0.008864859288550997,0.07025931248760654,0.0,0.12216424477069242,0.4268035744433122,0.13807251644870738,0.6111356877078115,0.0,0.0,0.0,0.0,0.0,0.11798126305853665,0.0,0.0,0.0,0.0,0.0
gex_possorted_bam_SJSO3:CGCTAATAGCTAATCAx-M1,0.0,0.0,0.0027175861654765193,0.0,0.0,0.0,0.0,0.0,0.0,0.0,0.6799433397466359,0.0,0.0,0.5042050824100027,0.0,0.75960923552113,0.6408687085610969,0.15235481063507705,0.008771950084718625,0.0,0.0,0.0,0.0,0.0,0.2422279810510562,0.0,1.0,0.0,0.15432267349111853,0.0,0.0,0.043400550860913524,0.0,0.0,1.0,0.0,0.8276886971369187,0.0,0.0,0.7065749088330003,0.06395809242089832,0.2038234986689524,0.03815051530309314,0.0,0.0,0.0,0.2678903255444495,1.0,0.0,0.0,0.058652644910765106,0.0,0.0
gex_possorted_bam_SJSO3:CGCGATTCATAGACCCx-M1,0.0,0.0,0.0,0.0,0.0,0.0,0.4450721450002048,0.0,0.6273127416809878,0.0,1.0,0.28343238316282804,0.03436216598288279,1.0,0.0,1.0,1.0,1.0,1.0,0.0,0.0,0.0,0.0,0.0,1.0,0.0029023714838590678,1.0,0.0,0.005257410289874429,0.0,0.0,0.0,0.0,0.0,1.0,0.0,1.0,0.0,0.0,1.0,0.0,1.0,0.6838762844464932,0.20440910499392906,0.0,0.0,0.8993760671714366,1.0,0.0,0.0,0.08869421210540915,0.0,0.0
gex_possorted_bam_SJSO3:CGCTCAGCAGCTTAGCx-M1,0.0,0.6461657159789095,0.7426050756170252,0.11022585424673825,0.0,0.0,1.0,0.004950323214638681,0.8174419257060108,0.0,1.0,0.1340717840893188,1.0,1.0,0.0,1.0,0.8167954271228094,0.1339575920884215,1.0,0.0,0.0,0.0,0.0,0.0,1.0,0.1300780600641607,1.0,0.0,1.0,0.36352988944983755,0.958806028009978,0.44543960195892385,0.0,0.2611910765999314,1.0,0.0,1.0,0.0,0.0,1.0,0.03801932941091185,0.7436432302722172,1.0,1.0,0.0,0.07677054966311621,1.0,1.0,0.20015171116190433,0.0,0.9521382182973838,0.1528560012945464,0.0
gex_possorted_bam_SJSO3:CGCCACACAATTAGGAx-M1,0.18188455655996752,0.5664895577616675,1.0,0.2312623038404932,0.9929198276614194,1.0,0.34195964718992644,0.21381970646145218,0.0,1.0,1.0,0.0,0.28916502499839825,0.0,0.5593698782455313,0.5307259547812668,1.0,1.0,0.0,1.0,0.8617680896748755,1.0,0.3872849900565105,0.802355744752548,0.050771876466650795,0.18623852603366378,0.20183484147244837,0.4895259043304845,0.18095688624835443,0.5307187694728995,1.0,0.2514244457334518,0.3781306477214376,0.2263690166782645,0.2871404780250172,0.4825505442337771,0.13153950618122687,0.13349976312413078,0.4187437703111585,0.874486131613352,0.017030908257754336,0.0,0.4530304066963379,1.0,0.49797871778166575,0.3807590465489752,0.4232353634232921,0.0,0.5288238383841826,0.8496618530173791,0.2109007844747503,0.35287883405064224,1.0
gex_possorted_bam_SJSO3:CGCCACACACTCGCTCx-M1,0.042184739095481955,0.0,0.0,0.0,0.19480015307472656,0.16892939445177446,0.0,0.0,0.0,0.0,1.0,0.0,0.0,0.0,0.0,0.0,0.9652845615885445,1.0,0.0,0.9850581387282422,0.5497911650989994,0.6478613451127012,0.13118094356330037,0.6200549711104374,0.0,0.0,0.4659575399985075,0.0,0.0,0.0,0.0,0.04965871756053577,0.14618304913988725,0.0,0.28935299731880004,0.0,0.0,0.029694508199886154,0.0,0.0,0.0,0.0,0.0,0.0,0.014672371000573505,0.0,0.0,0.38979138580257205,0.0,0.0,0.0,0.0,0.7434954613181176
gex_possorted_bam_SJSO3:CGCCTGTGTTACGCGGx-M1,0.0,0.04245788230682952,0.5227955721480423,0.0,0.0,0.0,0.0,0.021404934698248557,0.0,0.0347954209383096,0.09358483161999576,0.0,0.0,0.0,0.0854981477815461,0.0,0.30106211313774844,0.0,0.0,1.0,0.30932433084849714,0.46624072289948604,0.06831312934842063,0.5248873942105098,0.0,0.0,0.3380589822732591,0.0,0.0,0.0,0.5930915814479896,0.0,0.07306104367634779,0.0,0.33852105327472193,0.042868200541466644,0.002843530860472571,0.0,0.07720712977944906,0.4500498789508436,0.0,0.0,0.0,0.0,0.0,0.0,0.0,0.0,0.0,0.0,0.0,0.0,0.7410614732646469
gex_possorted_bam_SJSO3:CGCCAAATCTAGCTAAx-M1,0.0,0.6449322234617135,0.7388894415524053,0.008767277579195803,0.0,0.0,1.0,0.18123710322116293,0.0,0.44845404814249834,0.0,0.7922245400748135,0.0,0.0,0.4668142838345486,0.36329191406810507,0.47005698690351905,0.0,0.0,1.0,0.29400555214793905,0.23598263065234068,0.0666237151345754,0.45079327537897046,0.0,0.0,0.3519464894634784,0.1526146684567617,0.05953284789939198,0.0,1.0,0.0,0.10984713760741387,0.19381504104390312,0.7258940298182263,0.19733864848324603,0.46837959810081536,0.0,0.2560532848337421,0.9728835040511433,0.18049148450683467,0.8128642728921874,0.0,0.21707699706385333,0.0,0.06726220179805686,0.0,0.05697844057717227,0.14516836728525678,0.11545868238171438,0.0,0.0,0.590873067585502
gex_possorted_bam_SJSO3:CGCACACAGTCATTAGx-M1,0.12321958484353716,0.0,0.9925257877717872,0.08963134289978256,0.7787677609562549,0.8777481821521703,1.0,0.47784387539603906,0.22508145983269803,0.10136685865608618,1.0,0.0,0.15111468226432287,0.0,0.0,0.0,1.0,1.0,0.10201983876693432,1.0,0.8695027972360089,0.8093086109816457,0.19855951547192957,0.537582900879918,0.2801567829753619,0.09263316601887936,0.8035473639898457,0.010389850854449087,0.09067054206179238,0.0,0.052447857473684356,0.6836712232210156,0.2608636113105545,0.04056113113832492,0.4036414805527419,0.13795353809167657,0.0013212945168582047,0.07213033933955458,0.1989506810799221,0.2868303407865214,0.8195782156474187,0.0,0.0,1.0,0.16719810045901204,0.13489630118823645,0.5701512868764146,0.4469298317513455,0.13109453235749172,0.20741519764788005,0.0,0.0,1.0
gex_possorted_bam_SJSO3:CGCATTTGTTACAACGx-M1,0.0,0.0,0.0,0.0,0.0,0.0,0.5370701601446376,0.0,1.0,0.0,1.0,0.5126812114953715,0.0,1.0,0.0,1.0,1.0,0.29793097904916865,0.5709341833210384,0.0,0.0,0.0,0.0,0.0,0.9129923575308704,0.0,1.0,0.0,0.0593283990923065,0.0,0.0,0.0,0.0,0.0,1.0,0.0,1.0,0.0,0.0,1.0,0.0,1.0,0.7203443984931928,0.3262198065636171,0.0,0.0,0.6861751944887701,1.0,0.0,0.0,0.1440140370051635,0.0,0.0
gex_possorted_bam_SJSO3:CGCCTGTGTTAACAGTx-M1,0.0766504526468542,0.0,0.17701410479081003,0.004443921942001924,0.20188241576961904,0.3763435263691733,0.0,0.04374469307653087,0.0,0.10201671771222254,0.69583520526689,0.0,0.0,0.0,0.08301787020364329,0.0,0.6739559979628862,0.6779292633900573,0.0,1.0,0.6036710776979765,0.7134633037772022,0.19152708706138613,0.7151085205395276,0.0,0.0,0.2927201986355256,0.0,0.0,0.04196641157678228,0.6129256063617147,0.000774041001476951,0.19584261677360607,0.01701332818555308,0.25884568969260996,0.13370703967228645,0.0,0.0449822719593997,0.0857576144694944,0.2817680086649946,0.0,0.0,0.0,0.0,0.1142847097925363,0.10899862424012838,0.0,0.17906327428305002,0.03646355760105293,0.11393541008438333,0.0,0.042121433640973246,1.0
gex_possorted_bam_SJSO3:CGCCTGTGTGTTTGTCx-M1,0.18521214049698945,0.017813495456919674,1.0,0.1245020579172833,1.0,1.0,0.0,0.017124447369808626,0.0,0.5876020646887538,1.0,0.0,0.12319537794020376,0.0,0.40253555702284183,0.0,1.0,1.0,0.0,1.0,1.0,1.0,0.4388893997171309,0.9040612368365134,0.0,0.1583312327563508,0.33479765087664726,0.1583478047320757,0.0,0.3834797004562311,0.7336872789087913,0.6268145162590912,0.41127587588443004,0.043144140864181384,0.1989277668263316,0.2702752511117597,0.0,0.07952689039469865,0.30741240057897334,0.23712613844680352,0.2627027191809073,0.0,0.0,0.7995734947657245,0.41465136870867686,0.19855461449694298,0.4259500393837963,0.06105287995444585,0.2907672048522843,0.6879705273231699,0.0,0.2065142942659774,1.0
gex_possorted_bam_SJSO3:CGCTCAGCAATCGCACx-M1,0.0,0.0,0.0,0.0,0.0,0.0,0.0,0.0,0.0,0.0,0.32359059017508646,0.0,0.0,0.0,0.0,0.0,0.5192982114392642,0.23304143468986613,0.0,0.9774882468107009,0.30999941130268255,0.4257721215828763,0.06246541939155707,0.5037985195608269,0.0,0.0,0.43974730718350585,0.0,0.0,0.0,0.0,0.0,0.05023271070248994,0.0,0.3021659078844062,0.0,0.0,0.0,0.0,0.16792701727135623,0.0,0.0,0.0,0.0,0.0,0.0,0.0,0.20805131670012741,0.0,0.0,0.0,0.0,0.5302802325096146
gex_possorted_bam_SJSO3:CGCACAATCTTGGACGx-M1,0.0,0.28329679566448285,1.0,0.03509136834796688,0.0,0.22725668924149436,1.0,0.0,1.0,0.0,1.0,0.43326391971118117,0.5869603103326931,1.0,0.0,1.0,1.0,1.0,1.0,0.0,0.0,0.0,0.0,0.0,1.0,0.1490617509910996,1.0,0.25141818796746734,0.2453087740620949,0.056048911058730076,0.7687599784110751,0.04947374495212354,0.0,0.0010639602390575085,1.0,0.0,1.0,0.0,0.0,1.0,0.0,1.0,1.0,1.0,0.0,0.0,1.0,1.0,0.14002350511651018,0.0,0.34395759388746444,0.09792779012905144,0.0
gex_possorted_bam_SJSO3:CGCTACTTCTAAATCGx-M1,0.0,0.0,0.11032235659860112,0.0,0.0,0.0,0.0,0.0,0.0,0.08066804123932336,0.36360033980414375,0.0,0.0,0.0,0.011884668135796915,0.0,0.6000035030742903,0.19372841725194953,0.0,1.0,0.4053255231553083,0.433699396800979,0.022723549249731512,0.5776261140375543,0.0,0.0,0.434372598881161,0.0,0.0,0.0,0.22538190965130597,0.0,0.06606653474027939,0.0,0.3881935850545867,0.0043042606039454595,0.05966079719018548,0.036442694571160256,0.026538594910029578,0.3766586344650689,0.0,0.0,0.0,0.0,0.0,0.0,0.0,0.2085608185438959,0.0,0.0,0.0,0.0,0.6974314135990636
gex_possorted_bam_SJSO3:CGCCACACACAGCCATx-M1,0.0,0.3717836004976049,0.34174629831764,0.0,0.0,0.0,0.5608497463045979,0.10745016689338437,0.0,0.22034026376396784,0.0,0.7110488750232079,0.0,0.0,0.33715305310799293,0.0,0.0587040693047995,0.0,0.0,1.0,0.2391211646200188,0.21529289895644863,0.0014392417563870604,0.45747894480709866,0.0,0.0,0.26107589625174427,0.0,0.0,0.0,0.6923234427592484,0.0,0.06816935449517465,0.143775406785053,0.5738741179769828,0.09660506178613361,0.27306502641354746,0.0,0.1720239557398149,0.5549877896645334,0.12229363067849014,0.4084687203195943,0.0,0.0,0.0,0.0,0.0,0.0,0.0,0.0,0.0,0.0,0.3589297841680215
gex_possorted_bam_SJSO3:CGCACAATCATCCTGCx-M1,0.0,0.921876260894852,1.0,0.45374356195954024,0.0,0.0,1.0,0.17077394920092884,1.0,0.27640883062467925,1.0,1.0,1.0,1.0,0.0,1.0,1.0,0.27889602093439037,1.0,0.0,0.0,0.0,0.0,0.0,1.0,0.6497288902802927,1.0,1.0,1.0,0.5885615684084173,1.0,0.0,0.0,0.36887754222388214,1.0,0.0,1.0,0.0,0.0,1.0,0.0,1.0,1.0,1.0,0.0,0.2661545742015444,1.0,1.0,0.6098732380895875,0.18980056727153122,1.0,0.507834933478057,0.0
gex_possorted_bam_SJSO3:CGCATGATCCTTAAGAx-M1,0.0,0.4536558593275875,1.0,0.021078089147700676,0.0,0.0,1.0,0.0,1.0,0.009032473455458951,1.0,1.0,0.19087103972019206,1.0,0.0,1.0,1.0,0.036497298483887136,0.9155119345319954,0.0,0.0,0.0,0.0,0.0,1.0,0.0685120159970302,1.0,0.2939546207144513,0.21881883873101923,0.0,0.6066685963759065,0.0,0.0,0.025116352904915425,1.0,0.0,1.0,0.0,0.0,1.0,0.1679483984950279,1.0,1.0,1.0,0.0,0.0,1.0,1.0,0.09202375210867725,0.0,0.22364630820208808,0.008922458869275991,0.0
gex_possorted_bam_SJSO3:CGCACCACACATTAACx-M1,0.0,0.0,0.0,0.0,0.0,0.0,0.0,0.0,0.0,0.0,0.21604101224530342,0.0,0.0,0.0,0.0,0.0,0.30212095597153593,0.0,0.0,0.909642092051395,0.24394312739818663,0.3876677881313249,0.006694243457530919,0.4818094618444039,0.0,0.0,0.46763623944885563,0.0,0.0,0.0,0.01527744755807984,0.0,0.011760309812058979,0.0,0.40158693023660036,0.0,0.05104707667737473,0.0,0.0,0.2571643315886142,0.0,0.0,0.0,0.0,0.0,0.0,0.0,0.17030800825296372,0.0,0.0,0.0,0.0,0.48712543563088195
gex_possorted_bam_SJSO3:CGCACAATCAGCATTAx-M1,0.018000938463990035,0.0,0.0,0.0,0.3866945136474702,0.33688515466281094,0.0,0.0,0.0,0.0,1.0,0.0,0.0,0.0,0.0019446385240100954,0.0,0.9075396450671147,1.0,0.0,1.0,0.5135252213398607,0.75973333291055,0.1582453066286798,0.6349138239580367,0.0,0.0,0.37095265858436544,0.0,0.0,0.0,0.0,0.023138269829435364,0.1213011224511195,0.0,0.21159195483541365,0.0,0.0,0.001148255473994133,0.0,0.0,0.0,0.0,0.0,0.0,0.06984104339342305,0.0,0.0,0.18435547689217016,0.0,0.02053251193805368,0.0,0.0,0.9565533970742088
gex_possorted_bam_SJSO3:CGCCTGTGTATCTGGAx-M1,0.0,0.01363635072838218,0.5253883747920279,0.0,0.0,0.0,1.0,0.0,1.0,0.0,1.0,0.7057297510147772,0.1515879298882958,1.0,0.0,1.0,1.0,0.34523664449960006,0.6994674484116794,0.0,0.0,0.0,0.0,0.0,1.0,0.05617262082876796,1.0,0.007603052176298013,0.0,0.0,0.0,0.0,0.0,0.0,1.0,0.0,1.0,0.0,0.0,1.0,0.0,1.0,0.8755601021266042,1.0,0.0,0.0,0.9720541655578115,1.0,0.0,0.0,0.25194190192041077,0.0,0.0
gex_possorted_bam_SJSO3:CGCATTTGTAACCACAx-M1,0.0,0.13944413947049364,1.0,0.018133760434324835,0.0,0.0,1.0,0.0,1.0,0.05328929374043879,1.0,0.9533362174968599,0.48470977950032607,1.0,0.0,1.0,1.0,0.0,0.7321174164943067,0.0,0.0,0.0,0.0,0.0,1.0,0.11544617857332644,1.0,0.2657355892694847,0.06624477808526079,0.02686808368485074,1.0,0.0,0.0,0.006492254329689515,1.0,0.0,1.0,0.0,0.0,1.0,0.0,1.0,1.0,1.0,0.0,0.0,1.0,1.0,0.15270452325344153,0.0,0.34773357323519843,0.063825688325193,0.0
gex_possorted_bam_SJSO3:CGCCTCATCTTAAGTGx-M1,0.08473946651127255,0.28370894798810997,0.3911556864097594,0.06317266419030584,0.5312155168775149,0.7385733320057808,0.12357599342160205,0.15127904489933028,0.0,0.296412578886041,0.7481173281831858,0.0,0.0,0.11430826581093793,0.24658396387788753,0.2880159280918723,1.0,0.9706489469171724,0.0,1.0,0.9946257233465454,0.7636951993220997,0.16287933445662653,1.0,0.03554731207130505,0.019832817710459773,0.2594153335519685,0.32171273945688933,0.0,0.4732249090756487,0.6666271049677936,0.0,0.3214520278115315,0.0,0.37428447227460065,0.13731012137055446,0.0,0.023481033640955076,0.2729999231799099,0.5113883854234194,0.20861158814071407,0.22152066598402081,0.0,0.021371674655732177,0.3288466610722115,0.09670053105541722,0.40538650432326473,0.1870798742285838,0.07717497325457717,0.19083779705972842,0.0,0.06745315038235075,1.0
gex_possorted_bam_SJSO3:CGCGGATTCATGCTCCx-M1,0.0,0.14085747865491174,0.216239049377276,0.0,0.0,0.0,0.0,0.0,0.0,0.0,0.8855118223022528,0.0,0.6730803415503782,1.0,0.0,1.0,0.4035364978851525,0.1020111193587241,0.8036202119292638,0.0,0.0,0.0,0.0,0.0,1.0,0.0,1.0,0.0,1.0,0.06664996740067564,0.0,0.3697039778606841,0.0,0.1776576616632581,1.0,0.0,0.8554668586481773,0.0,0.0,1.0,0.31369029998025655,0.0,0.3144215989633013,0.0,0.0,0.0,0.7890185927863715,0.25951861722297115,0.0,0.0,0.7039634127318024,0.0,0.0
gex_possorted_bam_SJSO3:CGCTAATAGTTTCCGCx-M1,0.024102134542457927,0.0,0.0,0.0,0.24626671788120133,0.16087320508139885,0.0,0.0,0.0,0.0,1.0,0.0,0.0,0.0,0.0,0.0,0.9716953980658429,1.0,0.0,0.9070055100758586,0.5023174372295017,0.6770363159596543,0.11717833976208294,0.645471396594355,0.0,0.0,0.45288733206302945,0.0,0.0,0.0,0.0,0.14339974877344033,0.11309902709377298,0.0,0.19184496368946927,0.0,0.0,0.036230424271403,0.0,0.0,0.0,0.0,0.0,0.0,0.0,0.0,0.0,0.4996418081259721,0.0,0.0,0.0,0.0,0.7293425464385637
gex_possorted_bam_SJSO3:CGCACCACAGGACCAAx-M1,0.023212254607721507,0.0,0.0,0.0,0.49189625007774607,0.28528945871613065,0.0,0.0,0.0,0.0,1.0,0.0,0.0,0.0,0.0,0.0,1.0,1.0,0.0,1.0,0.6085871070969248,0.7932986271646885,0.17375373316426299,0.6403778854054464,0.0,0.0,0.4779950604477096,0.0,0.0,0.010480060168187906,0.0,0.23047647124258955,0.1491213701919508,0.0,0.16111266724293757,0.0,0.0,0.05149102222260031,0.0,0.0,0.0,0.0,0.0,0.0,0.12899339434490456,0.0,0.0,0.31833135633446097,0.0,0.05122034573740445,0.0,0.0,1.0
gex_possorted_bam_SJSO3:CGCATTTGTTATCGAGx-M1,0.04221921319703035,0.0,0.8360041369613372,0.025054888893519547,0.6662975416742954,0.5920598927585591,0.8966676191423166,0.37868814542545637,0.18694200119039756,0.0,1.0,0.0,0.03895704470744468,0.0,0.0,0.0,1.0,1.0,0.0,1.0,0.6968813263490787,0.6984012346231546,0.12176985472811515,0.4534113926953288,0.06787343254446689,0.012003860858559782,0.8473229748237368,0.0,0.024508600693401463,0.0,0.0,0.5424314805215208,0.18387043333209466,0.0,0.4216508797862303,0.05847380144946715,0.0,0.0,0.10828800618410112,0.2750149969671621,0.7106517071136741,0.0,0.0,1.0,0.05706181871041388,0.07146201729789477,0.3608849345336359,0.43996004082458035,0.04141062658082043,0.13797351333635954,0.0,0.0,1.0
gex_possorted_bam_SJSO3:CGCGGATTCATGCATAx-M1,0.0,0.16023681133260032,0.8480890233142064,0.0,0.0,0.0,0.9493123526417092,0.0,0.9407492550054123,0.0,1.0,0.44123035677471567,0.1462203825639378,1.0,0.0,1.0,1.0,0.76970117465562,0.7041510940315254,0.0,0.0,0.0,0.0,0.0,1.0,0.036818028669530364,1.0,0.15929812194090875,0.016052526393540323,0.0,0.5186081755617109,0.0,0.0,0.0,1.0,0.0,1.0,0.0,0.0,1.0,0.0,1.0,0.9988124921262663,1.0,0.0,0.0,1.0,1.0,0.005283105018055868,0.0,0.10698063854527044,0.0,0.0
gex_possorted_bam_SJSO3:CGCTACTTCAAGCGCCx-M1,0.0,0.3453782191790052,1.0,0.0,0.5779723465690174,0.642060827082572,0.3471084615985739,0.10500048589833598,0.0,0.5988146999537062,0.4819226565145068,0.0,0.0,0.0,0.4107554680452309,0.039158410296434146,0.902818657625507,0.315090376948727,0.0,1.0,0.7635007707065906,0.7890886851030645,0.1812990188889738,0.7142068186273564,0.0,0.0,0.2754522302344085,0.15345382714517927,0.0,0.08932167529219139,1.0,0.05198567297436134,0.23459992372340482,0.041660508433418834,0.2902684598510041,0.21734579881112542,0.14233208924974636,0.0,0.24277359629445375,0.885643991395046,0.028138487438310864,0.0,0.0,0.6573414732455956,0.274135797542334,0.08863612126738245,0.0,0.0,0.18831271303556313,0.43551767887106196,0.0,0.011233235668428126,1.0
gex_possorted_bam_SJSO3:CGCCACACATAAGCAAx-M1,0.0,0.7261308062621377,0.5573443882490743,0.016893574988684074,0.0,0.24364592283994052,1.0,0.16305497803919058,0.0,0.4118477643926404,0.10188759967892025,0.8179071250848577,0.0,0.032935804864988476,0.4973617296697539,0.46182870894536077,0.9748658411722482,0.056565429331894665,0.0,1.0,0.29112373407789494,0.24014060318727093,0.027023585048651037,0.5528343362497845,0.0,0.0,0.19339100678315407,0.07637590686446687,0.0,0.0,1.0,0.0,0.08277933347448524,0.204516868122352,0.5397324454872544,0.15279984047277545,0.14150570306382834,0.0,0.30462584669939247,0.8215666839580797,0.22716361602895746,1.0,0.0,0.0,0.014854396343728158,0.0,0.0,0.0925949956440087,0.051075921883685385,0.0,0.0,0.0,0.0859441099376014
gex_possorted_bam_SJSO3:CGCATATAGGTCGATTx-M1,0.0,0.31514930037687966,0.0,0.0,0.0,0.0,0.33807700052845435,0.05574441591126448,0.0,0.04706291473665827,0.0,0.607517263935663,0.0,0.0,0.24419115131528255,0.0,0.4149314039146384,0.0,0.0,1.0,0.15374009143879855,0.19744141405703916,0.0,0.48726306547070175,0.0,0.0,0.2964659785493564,0.0,0.0,0.0,0.3743674391736046,0.0,0.004296749095574612,0.13500481654832622,0.5440078257359179,0.028795681529026604,0.10224340165158698,0.0,0.13232532732274024,0.5109464058122805,0.11463571071756229,0.6400971650259065,0.0,0.0,0.0,0.0,0.0,0.0909852271286032,0.0,0.0,0.0,0.0,0.1980245090010493
gex_possorted_bam_SJSO3:CGCTCCATCAAAGGCAx-M1,0.041518730514230995,0.926959644040054,1.0,0.19973663084171275,0.34465997730911524,0.7123517153011729,1.0,0.3426261290032051,0.18578073382649815,1.0,0.0,0.2248588082918355,0.1362758881060901,0.0,0.6416270598150982,0.5100687759468461,0.3699255229087136,0.0,0.0,1.0,0.5223898535303484,0.6538458326712224,0.21145083420705943,0.6981802197801038,0.0,0.043535285057779774,0.0817424430139131,0.4871009633686142,0.2953827521710806,0.21569633578311964,1.0,0.0,0.2778782157241465,0.41228721232765286,0.34857957753243635,0.4888545235157961,0.40309090657805163,0.07672289110072585,0.41745081359351716,1.0,0.11869977376244122,0.2225745426520562,0.07829866184243793,1.0,0.3219868330343743,0.3485527120512621,0.0,0.0,0.48558825406162986,0.703386699151516,0.28575900915299723,0.2000090972029821,1.0
gex_possorted_bam_SJSO3:CGCCTGTGTTTAACGGx-M1,0.14165153289064228,0.0,0.0,0.03448642079644694,0.26960979926516304,0.3669828948114826,0.0,0.040698122075351104,0.0,0.0,0.8796341385533979,0.0,0.0,0.0,0.07940885484890048,0.0,0.7661908357852635,0.9335190847666524,0.0,1.0,0.6506648100787692,0.7631392377063169,0.21975650852747933,0.7082433872168425,0.0,0.0,0.36103446516783866,0.0,0.0,0.07520398077411661,0.10437396365027486,0.07067041511499605,0.1933503999569836,0.020065614834842243,0.28546678222456107,0.11954351532922847,0.0,0.09321528659374477,0.07255208966815684,0.13176169146000832,0.0,0.0,0.0,0.0,0.15649775469059476,0.1043635239743255,0.0,0.1417745921911994,0.0,0.03783098317027536,0.0,0.0772423580010296,0.9187467316347939
gex_possorted_bam_SJSO3:CGCCTGTGTTAGGATTx-M1,0.10601791410692187,0.0,0.0,0.00030172833257681794,0.1411033873876533,0.2884903363961104,0.0,0.0,0.0,0.0,1.0,0.0,0.0,0.0,0.0,0.0,0.9472402930492646,1.0,0.0,0.45106136530407015,0.5897828945382382,0.6612148998767109,0.17134273321128463,0.6636879184131755,0.0,0.0,0.46582472807414055,0.0,0.0,0.0,0.0,0.08628838077288448,0.14015215704140974,0.0,0.2535727787971806,0.014130729389068397,0.0,0.12394684564527207,0.0,0.0,0.0,0.0,0.0,0.0,0.012867626110727715,0.005498301303012848,0.0,0.4941235395093876,0.0,0.0,0.0,0.026563744964687594,0.46185421866520454
gex_possorted_bam_SJSO3:CGCATGATCGGTTAGTx-M1,0.0,1.0,1.0,0.4881563836682206,0.0,0.03716128655199614,1.0,0.1582050705096697,1.0,0.5166456692331731,1.0,1.0,1.0,1.0,0.008628817792677152,1.0,1.0,0.33205158729675466,1.0,0.0,0.0,0.0,0.0,0.0,1.0,0.6281400642418246,1.0,1.0,1.0,0.53045453884592,1.0,0.0,0.0,0.37678896629302444,1.0,0.0,1.0,0.0,0.0,1.0,0.057824406381121005,1.0,1.0,1.0,0.0,0.21987736218633744,1.0,1.0,0.6588008161388365,0.29384431015102197,1.0,0.4864035234353606,0.0
gex_possorted_bam_SJSO3:CGCTATGAGTTCCTGCx-M1,0.15293737662086487,0.2466686074110483,0.36163577879264974,0.07723952077670454,0.8087158047744542,0.12582956039750023,0.0,0.14430127384226807,0.06147121994659356,0.0,0.3576342231250006,0.0,0.0,0.0,0.0,0.0,0.6844261861234174,0.8444696976847281,0.0,1.0,1.0,0.6476927357505348,0.23054946563735723,0.6649558841979272,0.0,0.0,0.48231681264954274,0.4830601373364659,0.40461640433413876,0.0,0.0,0.4140691839960433,0.21979411008919147,0.0,0.17192745962591002,0.11506730520815643,0.0,0.03621756209277166,0.0928974852289293,0.0825289360102236,0.48649745775686976,0.01110906702713395,0.0,0.29022520119900574,0.3659278254005851,0.11414219593974116,0.0,0.0,0.10542624906623918,0.3317564877008871,0.0,0.0,0.7737542550285538
gex_possorted_bam_SJSO3:CGCACCACATTAAGTCx-M1,0.23862743129642597,0.0,0.12655795618074933,0.18230569873053387,0.43836381886572046,0.7839877723012841,0.0,0.21631461240418987,0.0,0.2260254718375259,0.8812760859253737,0.0,0.0,0.0,0.27147508188287345,0.06270743947033323,0.8674024931346754,1.0,0.0,1.0,0.8200977175859259,0.8578633984922047,0.3048218797484735,0.8084314866781942,0.0,0.058483932528126475,0.3087343766514592,0.06039831396605084,0.14715136815349,0.20864671398399445,0.6991646361599105,0.1560573896847237,0.3284424729885565,0.14683087728282407,0.20318178895624087,0.27957854850137376,0.0,0.16068238097722992,0.22483041983780166,0.22280785017651453,0.0,0.0,0.0,0.1556605227872682,0.40704891990555836,0.24758906287866173,0.0,0.1727571879482343,0.14312519688565575,0.25704528857645986,0.06864072531922968,0.20437793818372357,1.0
gex_possorted_bam_SJSO3:CGCACACAGATGCCTGx-M1,0.0953781160103619,0.9660683748046504,1.0,0.19225455101656322,0.3840473316293764,0.6876475742410469,1.0,0.3554008439882822,0.16161962437246583,0.88959030713125,0.0,0.5168788623578349,0.025666076214503966,0.0,0.711092167575686,0.3897489260644474,0.4981753249079557,0.0,0.0,1.0,0.6150651538462775,0.6080283012995994,0.27859771960093205,0.6886328834692067,0.0,0.06338397942613333,0.15161990653240265,0.50557443153019,0.22557589962608948,0.19158468372326504,1.0,0.0,0.33198932620287724,0.351954527345032,0.4018789121630029,0.4469417587298132,0.3685279021817876,0.10438662096314731,0.48372961337795384,1.0,0.5170499431732322,0.4936208728808021,0.0,1.0,0.25361518012668394,0.3355457349459166,0.0,0.0,0.40259381112452747,0.6453074033828708,0.04653097087121435,0.1626693507961391,1.0
gex_possorted_bam_SJSO3:CGCTCAGCACTAAGCCx-M1,0.0,0.0,0.0,0.059959589245768316,0.0,0.0,0.9441337838891976,0.11925839412643141,1.0,0.0,1.0,0.24110409281572964,0.3502177011894493,1.0,0.0,1.0,1.0,0.940108882699458,1.0,0.0,0.0,0.0,0.0,0.0,1.0,0.09993993013078459,1.0,0.07700586418845129,0.3521680258017525,0.0,0.0,0.0,0.0,0.0,1.0,0.0,1.0,0.0,0.0,1.0,0.0,1.0,0.8079804930313575,0.0,0.0,0.0,1.0,1.0,0.0,0.0,0.7185081557713892,0.0,0.0
gex_possorted_bam_SJSO3:CGCCACACATTATGGTx-M1,0.02579087210673971,0.0,0.0,0.0,0.22797987701725408,0.12289549108045479,0.0,0.0,0.0,0.0,0.8641569242023145,0.0,0.0,0.0,0.0,0.0,0.7402141317814284,0.9368311574503145,0.0,1.0,0.5430740451412994,0.767115295297849,0.1560152066275572,0.6852156973691091,0.0,0.0,0.40502923922289197,0.0,0.0,0.0,0.0,0.016046142563998646,0.1301728828067006,0.0,0.16654225484510515,0.0,0.0,0.0,0.0,0.0,0.0,0.0,0.0,0.0,0.09096099196512594,0.0,0.0,0.3678283905158264,0.0,0.0,0.0,0.0,1.0
gex_possorted_bam_SJSO3:CGCATTACAGGTTACCx-M1,0.0,0.11375374791457389,0.8942919671833692,0.0,0.0,0.0,1.0,0.0,0.6050519331940362,0.0,0.5469932195674815,0.6207488858592186,0.0,0.6673276813086467,0.0,1.0,0.8381243948393483,0.0,0.07338847947208488,0.0,0.0,0.0,0.0,0.0,0.6366382132917,0.0,1.0,0.12936916054345501,0.0,0.0,0.3950700846185736,0.0,0.0,0.0263752763850458,1.0,0.0,1.0,0.0,0.0,1.0,0.040643183994594385,1.0,0.7500228804900193,1.0,0.0,0.0,0.5918951863792103,1.0,0.009587369218747513,0.0,0.16662036043626055,0.0,0.0
gex_possorted_bam_SJSO3:CGCATTTGTGTCCAAAx-M1,0.0,0.0,0.0960916637260841,0.0,0.022437133302044766,0.0,0.0,0.023001003066429954,0.0,0.030596161910032744,0.2568093493356524,0.0,0.0,0.0,0.09850092284932246,0.0,0.3417005395493095,0.0,0.0,1.0,0.39128530536068556,0.5678703075448591,0.0824883479569377,0.6278154908299036,0.0,0.0,0.3607280877223799,0.0,0.0,0.0,0.4889302345490468,0.0,0.09008077595248098,0.0,0.35019910490151845,0.05699016728682423,0.0,0.0,0.030696220442877453,0.3577309570497838,0.0,0.0,0.0,0.0,0.04424940684417536,0.0003691495059773039,0.0,0.03161585626818814,0.0,0.0,0.0,0.0,0.8662071484266322
gex_possorted_bam_SJSO3:CGCTCAGCAAAGCTCCx-M1,0.0,0.0,0.2371370154480104,0.0,0.2392604016683518,0.0008519806670108238,0.0,0.0,0.0,0.0,0.44569919954129217,0.0,0.0,0.0,0.0632090784190767,0.0,0.6839476206540672,0.40844628533161703,0.0,1.0,0.41242725953322507,0.6159896612696235,0.06841069722478214,0.5839363284770731,0.0,0.0,0.3623068377676438,0.0,0.0,0.0,0.03925354477444079,0.0,0.11280098808869736,0.0,0.2110986415584099,0.0,0.0,0.0,0.04793800679122403,0.1545302726802918,0.0023241666521271755,0.0,0.0,0.0,0.018918478197000214,0.0,0.0,0.06274903141579312,0.0,0.005279932906463478,0.0,0.0,0.7481978681975061
gex_possorted_bam_SJSO3:CGCATTACAATAAGCAx-M1,0.028441204149241752,0.5742357423059617,1.0,0.028389791166347926,0.5513314530564893,0.7398723248226925,0.6387885853729154,0.16873602890836814,0.0,0.7159900250706683,0.378412802336247,0.0,0.0,0.0,0.4358687360935438,0.22402814161939094,0.8549702139579187,0.2798623921890167,0.0,1.0,0.7624635042559323,0.8019630445430079,0.20561703963110783,0.7151056389355473,0.0,0.0,0.18004420385578881,0.2837803983275963,0.0,0.18260013227602712,1.0,0.0,0.2593471792019773,0.07554091630712452,0.3713651431822972,0.28700775796421263,0.1859952068685731,0.0,0.2964979947176891,0.7490487606077326,0.033884914453720195,0.13987663599082478,0.0,1.0,0.3066843192962244,0.14627490286787606,0.0,0.0,0.2752368844110893,0.4465089365612288,0.010542117069030583,0.04190141158968216,1.0
gex_possorted_bam_SJSO3:CGCTAACCAGCTACGTx-M1,0.0,0.23388565049015606,0.8037079030961708,0.05212968606100735,0.0,0.0,1.0,0.0,1.0,0.0,1.0,0.8460768595483734,0.6535460826882915,1.0,0.0,1.0,1.0,0.21118540094359733,0.9610585564396383,0.0,0.0,0.0,0.0,0.0,1.0,0.18000293963077987,1.0,0.21314999274268723,0.42756523520559847,0.0,0.4515582614776987,0.0,0.0,0.0,1.0,0.0,1.0,0.0,0.0,1.0,0.0,1.0,1.0,1.0,0.0,0.0,1.0,1.0,0.107175130533405,0.0,0.48189579032658003,0.07680505900351389,0.0
gex_possorted_bam_SJSO3:CGCTACTTCTTAGGACx-M1,0.050038767712579264,0.0,0.0,0.0,0.3782821980188926,0.10232407989623205,0.0,0.0,0.0,0.0,0.7266189143595466,0.0,0.0,0.0,0.049505435742541036,0.0,0.7379348018172562,0.8167961504689368,0.0,1.0,0.6111657285018209,0.6544706765898426,0.19337550967800438,0.6900476909901215,0.0,0.0,0.4323924602725274,0.0,0.0,0.0,0.0,0.0606901371025991,0.16165210714107744,0.0,0.18783201692459228,0.0,0.0,0.050850685312289916,0.018238312338592657,0.0,0.0,0.0,0.0,0.0,0.06250554700943273,0.0,0.0,0.13110721733491176,0.0,0.0,0.0,0.0,0.7549098919619257
gex_possorted_bam_SJSO3:CGCCACACAATAACGAx-M1,0.0,0.0,0.37495064209814527,0.004718704759171369,0.0,0.0,0.9632224229419013,0.0,1.0,0.0,1.0,0.558109123085376,0.2045796166716643,1.0,0.0,1.0,1.0,0.2906751072933933,0.7752152924288439,0.0,0.0,0.0,0.0,0.0,1.0,0.04292376521643957,1.0,0.13529791017376377,0.1543617009913314,0.0,0.08475687118538075,0.0,0.0,0.0,1.0,0.0,1.0,0.0,0.0,1.0,0.0,1.0,1.0,1.0,0.0,0.0,1.0,1.0,0.0,0.0,0.2624482636399622,0.0,0.0
gex_possorted_bam_SJSO3:CGCTTACTCGGCCATAx-M1,0.12919010773793319,0.3388335667993427,1.0,0.10064302100839341,0.5368077499796571,0.9848756617943608,0.44342679970333604,0.25028363675150195,0.0,0.5393882778823804,0.8556914708158267,0.0,0.10260606890542641,0.0,0.3198626477773971,0.12180710877214211,1.0,1.0,0.0,1.0,0.8974243353792746,0.914349349215382,0.248029243905375,0.8040941924205011,0.0,0.013753499639020015,0.3073567472606128,0.19248112060797984,0.035719161015751566,0.1703342012242366,1.0,0.2116300746029906,0.31692363004637425,0.12967047391640513,0.3050335015795188,0.30126422002987974,0.07088539611026783,0.07926461283146952,0.29658772084157375,0.6232859476819392,0.0366484807749754,0.0,0.0,1.0,0.3334314463231192,0.234040862286438,0.12835077379584942,0.0,0.30147256498237474,0.39594632909136956,0.03476826505290161,0.13805405633822,1.0
gex_possorted_bam_SJSO3:CGGCTAATCTGGCATGx-M1,0.0,0.0,0.20429777885847086,0.0,0.17032412674536587,0.03609110360104254,0.0,0.0022980882040020273,0.0,0.0,0.48325995081752643,0.0,0.0,0.0,0.04115273067380447,0.0,0.6429318163391734,0.46336154402621815,0.0,1.0,0.67008905975867,0.6788971965347705,0.10721055558542963,0.7979082891760242,0.0,0.0,0.33638127557136327,0.0,0.0,0.0,0.23046583545904778,0.024893775491147425,0.14124177381602224,0.0,0.22107679993426932,0.008418663834408195,0.0,0.0,0.004810946776189651,0.19029404213199294,0.0,0.0,0.0,0.0,0.039022644687563134,0.0,0.0,0.0,0.0,0.0,0.0,0.0,1.0
gex_possorted_bam_SJSO3:CGCTCCATCATTGTTCx-M1,0.20059396369466365,0.0,0.6040061178886261,0.13140847085542717,0.564692324996111,0.8767880405434525,0.0,0.15851190845236982,0.0,0.259577302437002,1.0,0.0,0.0,0.0,0.2866804855005376,0.0,1.0,1.0,0.0,1.0,0.8427631072378257,0.9131612212913077,0.29212865607322436,0.7986650704213526,0.0,0.04883930054271251,0.3140075255143709,0.01699838894453512,0.0,0.26800180936123424,0.7226659110202305,0.17226038902065582,0.3572691010237409,0.06994184877628318,0.19308083810794469,0.20926474494070701,0.0,0.11805862897252356,0.24644044105926824,0.15768310147932313,0.09254624547262319,0.0,0.0,0.48903766602916,0.3676116968260173,0.18274244390196995,0.04668702049125661,0.11916799144475909,0.19258524444942343,0.3460005268361471,0.03387926584513357,0.11641954487130692,1.0
gex_possorted_bam_SJSO3:CGGCTAATCGGTCAGCx-M1,0.0,0.8666324876019768,1.0,0.3416269501556301,0.0,0.0,1.0,0.0863207981769302,1.0,0.2860557095918425,1.0,1.0,1.0,1.0,0.0,1.0,1.0,0.24956366389278947,1.0,0.0,0.0,0.0,0.0,0.0,1.0,0.4602037760680398,1.0,1.0,1.0,0.4368082445237988,1.0,0.0,0.0,0.29605986275639434,1.0,0.0,1.0,0.0,0.0,1.0,0.048466609956468884,1.0,1.0,1.0,0.0,0.156176242151132,1.0,1.0,0.48781540052166195,0.05363947268798334,0.9401460364033538,0.36053241260119445,0.0
gex_possorted_bam_SJSO3:CGCTTCTAGGTGAAATx-M1,0.0,0.0,0.38301751643832915,0.0,0.0,0.0,0.957041723226787,0.0,1.0,0.0,1.0,0.3849888950428744,0.1621904405483284,1.0,0.0,1.0,1.0,0.29858630145911713,0.6884961986740297,0.0,0.0,0.0,0.0,0.0,1.0,0.016831065154434416,1.0,0.09568338022360555,0.018741329020148644,0.0,0.25108056035060045,0.0,0.0,0.0,1.0,0.0,1.0,0.0,0.0,1.0,0.0,1.0,1.0,1.0,0.0,0.0,1.0,1.0,0.0,0.0,0.23101409185187416,0.0,0.0
gex_possorted_bam_SJSO3:CGCTTAACACAGGAATx-M1,0.009304373158604681,0.0,0.0,0.0,0.2723047757105438,0.06475860579992644,0.0,0.0,0.0,0.0,0.8615243392080214,0.0,0.0,0.0,0.0,0.0,0.8137251586739922,0.9601468905619569,0.0,1.0,0.4551228405496472,0.6813800266325898,0.1191733201775003,0.6066112499642008,0.0,0.0,0.5003169139429765,0.0,0.0,0.0,0.0,0.172120457242392,0.1060245213414446,0.0,0.24584441950260605,0.0,0.0,0.0,0.0,0.0,0.0,0.0,0.0,0.0,0.0,0.0,0.0,0.3564697551703958,0.0,0.0,0.0,0.0,0.8792145065407542
gex_possorted_bam_SJSO3:CGGAGCAAGCGGATAAx-M1,0.0,0.0,0.019957750891971295,0.0,0.0,0.0,0.0,0.0,0.0,0.0,0.32356292950761223,0.0,0.0,0.0,0.0,0.2690452858384831,0.43160976345056895,0.0,0.0,0.22125664628512243,0.0,0.06676200878818107,0.0,0.23948669630499636,0.0,0.0,0.681979749603972,0.0,0.004416036852448789,0.0,0.03361901165106354,0.0,0.0,0.02911154279876219,0.7002511622969697,0.0,0.42524564860123004,0.0,0.0,0.5675891616870564,0.0,0.3989957530265205,0.0,0.0,0.0,0.0,0.0,0.7182636536349387,0.0,0.0,0.0,0.0,0.14270743836711045
gex_possorted_bam_SJSO3:CGGAGCAAGGTGAAGCx-M1,0.20137284219919155,0.13876402316792336,0.5714520415947083,0.11191465900056047,0.8168761036650308,0.857846682611983,0.0,0.12182046561495796,0.0,0.3860793685805699,0.8623711616608801,0.0,0.0,0.0,0.40868831662088967,0.0,0.9514172096375543,0.9255914685311282,0.0,1.0,0.8943215925459547,0.9066822672302611,0.3775614002164368,0.7514313428249215,0.0,0.083581739950262,0.31597122013581874,0.11891811725668076,0.0,0.21957576314580382,0.441099519008888,0.190197737776213,0.36309951602322277,0.0845202627378796,0.20285575346348758,0.19575464079829288,0.0,0.14263769793276826,0.23640759062807673,0.1990854044182786,0.4063647317269515,0.0,0.0,0.03447179854729355,0.26759337948465284,0.19426187744688483,0.0,0.037556718658308216,0.17650312071735932,0.4253986809223364,0.0,0.1395039982718523,1.0
gex_possorted_bam_SJSO3:CGGCTCACAACCTAATx-M1,0.09050542581389037,0.0,0.8840967727491944,0.01945222815545347,1.0,1.0,0.0,0.0,0.0,0.33614701271392583,1.0,0.0,0.0,0.0,0.26706274071431024,0.0,1.0,1.0,0.0,1.0,0.8224981120542018,1.0,0.36247628963853756,0.7071444875389522,0.0,0.13179181850265795,0.4069201768375699,0.0,0.0,0.292936022363661,0.004321614335243768,0.6138914974586765,0.2978988386981198,0.0,0.17155631051031778,0.1056112287748799,0.0,0.04435832323875923,0.11600928477316512,0.0,0.44549799373448806,0.0,0.0,0.012907382333810145,0.3699358129133265,0.04139739618807513,0.28465120037387825,0.19811097642533673,0.09355127049354607,0.5547574405888993,0.0,0.06714735319877542,1.0
gex_possorted_bam_SJSO3:CGCTTCTAGTCATTAGx-M1,0.0,0.0,0.6178395255561089,0.0,0.0,0.0,0.9303034443543002,0.0,0.8242393124358877,0.0,0.8493340546612835,0.624010682255086,0.16309627865814905,1.0,0.0,1.0,0.9395258791728386,0.0,0.399132038957182,0.0,0.0,0.0,0.0,0.0,1.0,0.019093218424754765,1.0,0.07385260254687274,0.04630066480481937,0.0,0.09506615581741258,0.0,0.0,0.0,1.0,0.0,1.0,0.0,0.0,1.0,0.08181225176879324,1.0,0.8733242292564019,1.0,0.0,0.0,0.8539785264808218,1.0,0.0,0.0,0.19276210759751145,0.0,0.0
gex_possorted_bam_SJSO3:CGCTTCTAGAACCTGTx-M1,0.0,0.0,0.0,0.0,0.0,0.0,0.46571052701150234,0.0,1.0,0.0,0.8682228393069571,0.37760922276402104,0.1850160239222883,1.0,0.0,1.0,0.8237961695529108,0.2853322449224407,0.6661596430972891,0.0,0.0,0.0,0.0,0.0,1.0,0.025301304433963077,1.0,0.0,0.19199845201754384,0.0,0.0,0.0,0.0,0.0,1.0,0.0,1.0,0.0,0.0,0.9746990979801303,0.0,1.0,0.6553092160525449,0.0,0.0,0.0,0.9791767647454557,1.0,0.0,0.0,0.3859140095609596,0.0,0.0
gex_possorted_bam_SJSO3:CGGCTCACAATGAAGCx-M1,0.0,0.0,0.0,0.0,0.0,0.0,0.0,0.0,0.0,0.0,0.5992469255888803,0.0,0.0,0.0,0.0,0.0,0.6439505956654296,0.5227067987673439,0.0,0.9840841958270069,0.37989210787566713,0.5152883569148554,0.04776484937933339,0.6070047870177864,0.0,0.0,0.4405520888984662,0.0,0.0,0.0,0.0,0.0,0.0680735131598265,0.0,0.30633152086011517,0.0,0.0,0.012011718074536427,0.0,0.16754077857394273,0.0,0.057161120390400534,0.0,0.0,0.0,0.0,0.0,0.24763098479445253,0.0,0.0,0.0,0.0,0.49787841240951963
gex_possorted_bam_SJSO3:CGCTTACTCACCATTTx-M1,0.0,0.007099704155066892,0.25988632374372733,0.0,0.0,0.0,0.10173242064615544,0.05051940345760702,0.0,0.03227907567481832,0.06264225893970392,0.0,0.0,0.0,0.13549327570612493,0.0,0.5323808413828339,0.0,0.0,1.0,0.37611646350314526,0.33524475711715557,0.02851337763040037,0.5111801143602241,0.0,0.0,0.4647766975332576,0.0,0.0,0.0,0.3113564141061564,0.0,0.07683549620531603,0.04548758367982358,0.4978481318814185,0.0043630002940158365,0.17280017686227053,0.0,0.0349612312867637,0.4754834746554257,0.06502324884189875,0.2562695229368769,0.0,0.0,0.0,0.0,0.0,0.2620109883912126,0.0,0.0,0.0,0.0,0.6072326271881224
gex_possorted_bam_SJSO3:CGGCTCACACCTGTAAx-M1,0.0,0.21602863655972812,0.7957193246158795,0.05679686931049085,0.0,0.0,1.0,0.0,1.0,0.0,1.0,0.9520988980033891,0.5811776364283885,1.0,0.0,1.0,1.0,0.0,0.9062581198181747,0.0,0.0,0.0,0.0,0.0,1.0,0.1400686501494123,1.0,0.33785686349022326,0.437026295891539,0.06607787676033892,0.7489145597280745,0.0,0.0,0.0507503921253857,1.0,0.0,1.0,0.0,0.0,1.0,0.0,1.0,1.0,1.0,0.0,0.0,1.0,1.0,0.126577077202059,0.0,0.45153252922962595,0.09679492663269246,0.0
gex_possorted_bam_SJSO3:CGCTCCATCTGGCTTCx-M1,0.0994460923479307,0.3370189313323652,1.0,0.21510270681805535,1.0,1.0,1.0,0.684340040191607,0.7372158080309608,0.42920442850496715,1.0,0.0,0.3328025984921862,0.0,0.0,0.0,1.0,1.0,0.3010227636477185,1.0,0.8078502986390572,0.9410880810987963,0.29441195494176775,0.364961242900729,0.1746940510596636,0.1659254133575224,0.8793178924149433,0.09361376022611367,0.5285706662043669,0.0,0.2992199213514611,0.7372525913038149,0.3002031629250324,0.15004144402535569,0.4656234987154187,0.18382878225961458,0.0,0.09149885103156213,0.40145440919956155,0.39493867491126733,1.0,0.0,0.0021677404355768103,1.0,0.2868210174464272,0.30919159635921056,0.9923070321060462,0.2380859318300424,0.28747248696856725,0.40345576781653697,0.0,0.026088189982409166,1.0
gex_possorted_bam_SJSO3:CGGCTCACAGCCTGCAx-M1,0.0,0.32358401465557163,1.0,0.03786910017703736,0.0,0.0,1.0,0.0,1.0,0.03318461741319964,1.0,1.0,0.4490456526547042,1.0,0.0,1.0,1.0,0.0,0.7391010054603441,0.0,0.0,0.0,0.0,0.0,1.0,0.10427391742334836,1.0,0.3189933578857784,0.20057298247476757,0.017007773842204418,0.9272898375744967,0.0,0.0,0.06714542438335652,1.0,0.0,1.0,0.0,0.0,1.0,0.037642810807246525,1.0,1.0,1.0,0.0,0.0,1.0,1.0,0.14048758500423733,0.0,0.3383486800624582,0.05332499710523025,0.0
gex_possorted_bam_SJSO3:CGGACCTAGTTTCCGCx-M1,0.01386158730894984,0.0,0.0,0.0,0.0749304481231934,0.0,0.0,0.0,0.0,0.0,0.5831936994078907,0.0,0.0,0.0,0.0,0.0,0.6242157511797036,0.45436219459136573,0.0,0.8016784948749085,0.39644971234096926,0.4491317974326519,0.09087737723999156,0.47281714047013895,0.0,0.0,0.5303078765083505,0.0,0.0,0.0,0.0,0.05727988960760743,0.07773699532602714,0.0,0.4129723448893297,0.0,0.0,0.0,0.0,0.16445081724577626,0.0,0.0743874320085155,0.0,0.0,0.0,0.0,0.0,0.4746936781640063,0.0,0.0,0.0,0.0,0.5933759018325526
gex_possorted_bam_SJSO3:CGGACAACAACCTGGTx-M1,0.09884780248516004,0.18923690173324345,0.8525879231471376,0.10735370677530517,0.24174854285762892,0.5091535111261387,0.16820479015259565,0.19302283913828655,0.0,0.46812791241633733,0.40429263289802175,0.0,0.0,0.0,0.2957477474060051,0.06953944114061746,0.4966712273894856,0.22135504834596462,0.0,1.0,0.6268158963143906,0.7531027902633283,0.19190542292350046,0.8267957087110303,0.0,0.0,0.2353811798895036,0.12512364561431577,0.05457050429023171,0.08071118790148893,1.0,0.10058521425755274,0.2466598966037459,0.1692899492829694,0.275494060298708,0.29583169089380534,0.10833637201845016,0.0524231310023117,0.20611889299650277,0.7059281146310443,0.0,0.0,0.0,0.7014631732896202,0.2693639453022064,0.21346814582292734,0.0,0.0,0.22101517589711586,0.2935997511081117,0.1992746667719819,0.118153573842509,1.0
gex_possorted_bam_SJSO3:CGGACAACATGAGTTTx-M1,0.0,0.3596848046976731,0.483898904738952,0.003921961336203706,0.0,0.0,0.007473766787519308,0.0,0.0,0.0,0.8852294297264239,0.0,1.0,1.0,0.0,1.0,0.46023676817956827,0.07745707084469494,1.0,0.0,0.0,0.0,0.0,0.0,1.0,0.0,1.0,0.0,1.0,0.2074247298712456,0.36529725427346754,0.46396800756308615,0.0,0.23135138579146364,1.0,0.0,1.0,0.0,0.0,1.0,0.27299260295881916,0.0,0.6417943318826436,0.7471722631010674,0.0,0.0,1.0,0.965938617588799,0.0,0.0,0.9605026022701653,0.0,0.0
gex_possorted_bam_SJSO3:CGGATAAAGTTTAACGx-M1,0.0,0.0,0.0,0.0,0.0,0.0,0.4704745859020766,0.0,0.9932250111491312,0.0,0.8219323823909175,0.5195240187172957,0.038343930673108054,1.0,0.0,1.0,0.7871659767125043,0.0,0.36740552343163585,0.0,0.0,0.0,0.0,0.0,0.8775080399155263,0.0,1.0,0.0,0.06434775814953897,0.0,0.0,0.0,0.0,0.0,1.0,0.0,1.0,0.0,0.0,1.0,0.0,1.0,0.7383116328483543,0.35367346205945144,0.0,0.0,0.721516501433943,1.0,0.0,0.0,0.20633254342454438,0.0,0.0
gex_possorted_bam_SJSO3:CGCTCCATCACTAATGx-M1,0.0,0.6267419479323523,0.6792887855400429,0.011752444548801703,0.0,0.40016617925939385,1.0,0.0,0.37316834676467003,0.0,1.0,1.0,0.0,1.0,0.0,1.0,1.0,1.0,1.0,0.0,0.0,0.0,0.0,0.0,0.9313232634991229,0.0,1.0,0.042917470558524295,0.0,0.0,0.0,0.0,0.0,0.0,1.0,0.0,1.0,0.0,0.0,1.0,0.2202952679594369,1.0,0.5475175166923162,0.8364477119040784,0.0,0.0,0.6200681513941539,1.0,0.0,0.0,0.0,0.0,0.0
gex_possorted_bam_SJSO3:CGGACCTAGCCGCAACx-M1,0.018721448804094373,0.4376757825940295,0.9454287991118171,0.0479456659997779,0.5186547361954973,0.7042766081916064,0.3534576656788096,0.11247496037502651,0.0,0.5739226182469885,0.6196789521641372,0.0,0.0,0.0,0.40814126126296996,0.26150584584735753,0.9810850035971556,0.39038544329465014,0.0,1.0,0.7274679437834085,0.6729682208979464,0.18576131306449772,0.6583771222774684,0.0,0.0,0.35545057331178653,0.140218903523684,0.0,0.12968812675585073,1.0,0.0,0.2326840584906688,0.03291639441038349,0.42405927170007524,0.23128932926193554,0.1306166780204077,0.007835523906129783,0.24272931702398792,0.7836239105194455,0.023549869147793914,0.08018664264929655,0.0,0.8139104318707204,0.2063274773417809,0.1245987392206567,0.050540374569023466,0.12445935385501299,0.19974091169903285,0.43491416876608574,0.0,0.07735809112924538,1.0
gex_possorted_bam_SJSO3:CGCTTACTCCAGGAAAx-M1,0.0589844088060875,0.0,0.0,0.0,0.24090438372258113,0.29824296549839224,0.0,0.0,0.0,0.0,1.0,0.0,0.0,0.0,0.0,0.0,0.938336549900185,1.0,0.0,0.8824368125430955,0.5682950254160775,0.7301501442394126,0.1551281010944184,0.6543547453114315,0.0,0.0,0.42140923867975677,0.0,0.0,0.0,0.0,0.10655143637716036,0.13434033342446158,0.0,0.22661193042037017,0.0,0.0,0.05318698917982307,0.0,0.0,0.0,0.0,0.0,0.0,0.0,0.0,0.0,0.32212603574547055,0.0,0.0,0.0,0.0,0.8524133098088771
gex_possorted_bam_SJSO3:CGGATAAAGGACGTAAx-M1,0.056268501554469386,0.0,0.0,0.0,0.25934803485220764,0.2703916367427398,0.0,0.0,0.0,0.0,1.0,0.0,0.0,0.0,0.0,0.0,0.9776197207217616,1.0,0.0,1.0,0.6055409065251629,0.7748209980284931,0.13797731630412655,0.713828608104941,0.0,0.0,0.3634161705254614,0.0,0.0,0.0,0.0,0.07659091431796178,0.14978303190753234,0.0,0.23951607976784395,0.007929282770237371,0.0,0.05913226513812063,0.0,0.05117075391179683,0.0,0.0,0.0,0.0,0.16594079065104775,0.0,0.0,0.2567737925516206,0.0,0.0,0.0,0.0,0.8105432405154958
gex_possorted_bam_SJSO3:CGCTTCTAGCTCCTTAx-M1,0.0,0.18526881962569353,1.0,0.0697799975896621,0.4518329874967619,0.7450491129720413,1.0,0.19124977006154065,0.5725893728394646,0.27656609662134296,1.0,0.0,0.3415472572558122,0.33058295660995146,0.06334272739019157,0.6299145506278178,1.0,1.0,0.20391436809395086,1.0,0.5141481146872016,0.36717055104390767,0.08043134339304751,0.18902481582957584,0.6073154992665784,0.06865931424298369,1.0,0.20726554963849902,0.0936062029733294,0.008572956400850177,1.0,0.30222956571698634,0.09894657660826875,0.016671535534374327,0.9350916637874874,0.04560827374261708,0.8745813581722243,0.0,0.0929923058929651,0.9626932296477032,0.3172620721758247,0.6458429985697599,0.465012441609068,1.0,0.08739534258600151,0.12050255072750733,0.931814563783195,1.0,0.2024492009412564,0.26521339500168767,0.040851588777263984,0.039416464768158306,1.0
gex_possorted_bam_SJSO3:CGCTTAACAATAATCCx-M1,0.0,0.5779549370974679,1.0,0.13937682883314081,0.0,0.3301909932294929,1.0,0.0,1.0,0.22901356780560517,1.0,1.0,0.9117989044402408,1.0,0.0,1.0,1.0,1.0,1.0,0.0,0.0,0.0,0.0,0.0,1.0,0.24533966535864665,1.0,0.6044714476793966,0.18299768805053224,0.3008081178964192,1.0,0.0,0.0,0.09536339310813362,1.0,0.0,1.0,0.0,0.0,1.0,0.0,1.0,1.0,1.0,0.0,0.03319031241108507,1.0,1.0,0.3552846860015465,0.0,0.49970448598289785,0.18629067906017507,0.0
gex_possorted_bam_SJSO3:CGCTGTGCAACTAACTx-M1,0.06157934933113212,0.0,0.04020605371063466,0.0,0.6121072479604635,0.5152662345185272,0.0,0.0,0.0,0.058654269302633164,1.0,0.0,0.0,0.0,0.010003335771346739,0.0,0.973437004736189,1.0,0.0,1.0,0.6058881229067438,0.8788545728828937,0.22909185237396684,0.7331967449444664,0.0,0.0,0.3216290590240292,0.0,0.0,0.11408561907028268,0.0,0.1019458496434569,0.17986653416159432,0.0,0.1081487214727991,0.044712126956834665,0.0,0.08240311747453749,0.025044593740147853,0.0,0.0,0.0,0.0,0.0,0.2063542747866275,0.02027756899159737,0.0,0.12929698262124933,0.0,0.17830188589968743,0.0,0.007976275052167267,1.0
gex_possorted_bam_SJSO3:CGCTTGCGTGGAGCAAx-M1,0.0,0.0,0.10984895199044457,0.0,0.0,0.0,0.703908314638529,0.0,1.0,0.0,1.0,0.15438985528616622,0.12083832518637848,1.0,0.0,1.0,1.0,0.6425948396414379,0.7285477818738356,0.0,0.0,0.0,0.0,0.0,1.0,0.021242458776836226,1.0,0.0,0.08537652990604666,0.0,0.0,0.0,0.0,0.0,1.0,0.0,1.0,0.0,0.0,1.0,0.0,1.0,1.0,0.9517576055515212,0.0,0.0,1.0,1.0,0.0,0.0,0.1693379605908142,0.0,0.0
gex_possorted_bam_SJSO3:CGGAGCAAGGAGCAACx-M1,0.07358992571047088,0.7997486386383038,0.5775894981228009,0.14324022239556225,0.0,0.19466742976555232,1.0,0.3117539892374538,0.0,0.5731564528611108,0.0,0.8759367236863673,0.0,0.0,0.6240218733663434,0.34341427056887813,0.3254998994062763,0.0,0.0,1.0,0.3544461909808222,0.3854969479934252,0.178105109394863,0.5531924115643875,0.0,0.0,0.18179366845222997,0.27748498330541405,0.2623251206101468,0.10241338155887995,1.0,0.0,0.22034596748697846,0.4125692826841504,0.5897016782103713,0.38454664552710066,0.38235888098821685,0.09558108476744985,0.40939095210840776,0.9119004530976318,0.3118548526640497,0.7433026990679341,0.0,0.13538664205725245,0.13763447977798368,0.20964743031681365,0.0,0.0,0.2856975655017319,0.20523103123714528,0.048062300561731296,0.10842255242345947,0.7743193211743976
gex_possorted_bam_SJSO3:CGCTTCTAGCACCACAx-M1,0.0,0.0,0.3115068262045588,0.0,0.0,0.0,0.6662324663691818,0.0,0.8790131327408858,0.0,1.0,0.2708389811147409,0.09998641714911854,1.0,0.0,1.0,1.0,0.9333962141934182,0.8192439744979614,0.0,0.0,0.0,0.0,0.0,0.9507191486717298,0.0012870282596387087,1.0,0.0,0.0,0.0,0.0,0.0,0.0,0.0,1.0,0.0,1.0,0.0,0.0,1.0,0.0,1.0,0.9966428917535377,1.0,0.0,0.0,0.9498552648976251,1.0,0.0,0.0,0.06765782550498929,0.0,0.0
gex_possorted_bam_SJSO3:CGCTTACTCGAAGCGGx-M1,0.0,0.11851383899508182,0.6344371404268474,0.0,0.0,0.0,1.0,0.0,1.0,0.0,1.0,0.8123631419016959,0.30998568815309185,1.0,0.0,1.0,1.0,0.0,0.6098331151779787,0.0,0.0,0.0,0.0,0.0,1.0,0.03470093112379079,1.0,0.03963067361872754,0.12667466729551638,0.0,0.28267633093644956,0.0,0.0,0.0,1.0,0.0,1.0,0.0,0.0,1.0,0.0,1.0,1.0,1.0,0.0,0.0,1.0,1.0,0.0,0.0,0.23575134059105876,0.0,0.0
gex_possorted_bam_SJSO3:CGCTCCATCCCTGATCx-M1,0.13466645061494323,1.0,1.0,0.24031358453121612,0.40775791254571475,0.8780061306440645,1.0,0.5786812966985998,0.4161377778694691,1.0,0.0,0.08730287931364515,0.2603989177536785,0.0,0.6206188412995521,0.5575556581742362,0.46692655963836616,0.0,0.0,1.0,0.7337187907272376,0.6832818607499386,0.313209528937006,0.6973960392835961,0.17811338710758842,0.155728452292263,0.11822276675295086,0.6059945403934754,0.46151019684599964,0.213156960978273,1.0,0.0,0.35598355830818945,0.4865501702092847,0.40983546867464404,0.5657176014611829,0.4663000186911183,0.19122680641775613,0.5457842596416996,1.0,0.37838019894555464,0.4065831881276057,0.16972355277702858,1.0,0.3627638231392863,0.46867487631834404,0.27107703203410743,0.0,0.6079256169440929,0.7070920719845821,0.3197854884538888,0.27934051525687276,1.0
gex_possorted_bam_SJSO3:CGCTTACTCTTGCAGGx-M1,0.036028628733717004,0.0,0.0,0.0,0.07340750682291697,0.19640529517604371,0.0,0.0,0.0,0.0,1.0,0.0,0.0,0.0,0.0,0.0,0.906639944050275,1.0,0.0,0.8222280795747892,0.5369644594306673,0.6793779686566126,0.11660966300300399,0.6840507909500448,0.0,0.0,0.40030218473782897,0.0,0.0,0.0,0.0,0.06028081584175899,0.10831070539451486,0.0,0.2523891923331098,0.0,0.0,0.04582906901291317,0.0,0.0,0.0,0.0,0.0,0.0,0.015275779313879039,0.0,0.0,0.2755855826059785,0.0,0.0,0.0,0.0,0.6207392688110527
gex_possorted_bam_SJSO3:CGGACAACAGGACCAAx-M1,0.02298150784684144,0.0,0.0,0.0,0.4480854019337721,0.32031809431596975,0.0,0.0,0.0,0.0,1.0,0.0,0.0,0.0,0.0,0.0,1.0,1.0,0.0,1.0,0.5932840061664966,0.8101011138637729,0.16097288149740577,0.6809104549523552,0.0,0.0,0.439674550176736,0.0,0.0,0.0,0.0,0.24970629297785094,0.1424451110253631,0.0,0.17104122915275616,0.0,0.0,0.02828969217930289,0.0,0.0,0.0,0.0,0.0,0.0,0.07682830451560868,0.0,0.0,0.33260935453760904,0.0,0.023069144506714094,0.0,0.0,1.0
gex_possorted_bam_SJSO3:CGGAGTCTCACTCGCTx-M1,0.0,0.0,0.6898211569803916,0.0,0.5049625830312371,0.16447215142170934,0.0,0.0,0.0,0.07080488409247013,0.575407607240626,0.0,0.0,0.0,0.0818638403097265,0.0,0.7522544471734669,0.675719648209199,0.0,1.0,0.5220244218223681,0.7193796218318808,0.10091588267818762,0.5844346058320014,0.0,0.0,0.3661338830515832,0.0,0.0,0.0,0.0,0.0,0.15551830489112223,0.0,0.14719620188712343,0.018812274310255016,0.0,0.0012394438852562934,0.19839809921696944,0.12235515352455216,0.012055591687725423,0.0,0.0,0.0,0.07526449550717959,0.0,0.0,0.08323197701522585,0.0,0.15839756049988868,0.0,0.0,0.9685068612540237
gex_possorted_bam_SJSO3:CGCTCCATCAAGCGCCx-M1,0.00328395907266697,0.011022769320119532,0.25912690806158284,0.0,0.13494949513326615,0.0,0.0,0.07202936224772265,0.0,0.1505690018049837,0.3450276023922846,0.07051317478518519,0.0,0.0,0.0606378554333124,0.0,0.5467549136853259,0.1719072542390634,0.0,1.0,0.4965835554119966,0.4703058911653223,0.14802880790536452,0.5919957365660552,0.0,0.0,0.4251816700712708,0.0,0.0,0.0,0.0,0.21039843448987794,0.08194040219903709,0.18044738321727558,0.34024812431958384,0.07257209527594656,0.15994032612553083,0.05855843456180231,0.12307792893238909,0.13150405606964619,0.4610561832696665,0.1427821109576127,0.0,0.0,0.0,0.025058634909980535,0.0,0.345144202655326,0.008438169552481533,0.26533808259829583,0.0,0.0,0.6940078053324114
gex_possorted_bam_SJSO3:CGGCCATAGCCATCAGx-M1,0.0,0.0,0.3083056766118137,0.0,0.0,0.0,0.8227835280356345,0.0,1.0,0.0,1.0,0.595435939330215,0.18111950382031566,1.0,0.0,1.0,1.0,0.3322140763512453,0.7349012868308025,0.0,0.0,0.0,0.0,0.0,1.0,0.025731435770237045,1.0,0.0,0.08419511557124357,0.0,0.0,0.0,0.0,0.0,1.0,0.0,1.0,0.0,0.0,1.0,0.0,1.0,1.0,1.0,0.0,0.0,1.0,1.0,0.0,0.0,0.23603536554022128,0.0,0.0
gex_possorted_bam_SJSO3:CGGATAAAGTAGGCGGx-M1,0.03448134661004485,0.0,0.0,0.0,0.31853004711235133,0.09732035683587453,0.0,0.0,0.0,0.0,0.808233652526744,0.0,0.0,0.0,0.0,0.0,0.7436128804756652,0.7730525994138446,0.0,1.0,0.517565184025493,0.7356431244912345,0.16421794603736584,0.6089110040708097,0.0,0.0,0.43052401859233136,0.0,0.0,0.017686408889251957,0.0,0.1238145021711149,0.13304877105201612,0.0,0.2622847790543657,0.0,0.0,0.004431171336453951,0.0,0.01270816318554954,0.0,0.0,0.0,0.0,0.04664159118142015,0.0,0.0,0.2355277888442982,0.0,0.024159411093983563,0.0,0.0,0.978046623916488
gex_possorted_bam_SJSO3:CGGATTAGTGGTGAGAx-M1,0.14157277307675756,0.041134692274251206,0.07557816460105864,0.08682641420990861,0.2136207056442099,0.3426845752727385,0.009639618883057546,0.1621111137753616,0.0,0.17846644390583336,0.49629413441446885,0.0,0.0,0.0,0.3491149300068873,0.0,0.7786325806905993,0.5155271484786504,0.0,1.0,0.6869629827696283,0.6595572966148598,0.21779367081099743,0.6396851538119221,0.0,0.0,0.2836764511474736,0.0,0.0,0.054083159279863936,0.40164498623180483,0.007215631163915994,0.2471465394013768,0.16889943444051947,0.42035192472325583,0.21553063208522896,0.0,0.13853499559192073,0.2353313740712305,0.29462562625138355,0.035852740690152596,0.3508545641118503,0.0,0.0,0.19007359403102428,0.11152773925780571,0.0,0.27933090033359276,0.08392217263703027,0.04839257265804885,0.08849175730483952,0.07141711970259527,0.668221255479613
gex_possorted_bam_SJSO3:CGGTTCCGTCCTAACTx-M1,0.08906175203529876,0.0,0.0,0.0,0.33047054340525667,0.47235498264873693,0.0,0.0,0.0,0.0,1.0,0.0,0.0,0.0,0.0,0.0,1.0,1.0,0.0,0.8960923976174202,0.6718242525383306,0.8294024578380691,0.17573169928005872,0.7283617976793741,0.0,0.0,0.4042909334716086,0.0,0.0,0.007454470611154372,0.0,0.13317806994627743,0.15143251116309842,0.0,0.14966871717440305,0.0,0.0,0.10855940000136564,0.0,0.0,0.0,0.0,0.0,0.0,0.07316837087501459,0.0,0.0,0.3596444597148255,0.0,0.0,0.0,0.005951302548092256,0.7369664126597253
gex_possorted_bam_SJSO3:CGTAATGGTAGCCTAAx-M1,0.0,1.0,1.0,0.08026412963922913,0.04873629783345211,0.235689227887867,1.0,0.30737150896804877,0.0,0.9642714541715208,0.0,0.8437832215331342,0.0,0.0,0.6580798712159918,0.43539748543192747,0.13665919022404024,0.0,0.0,1.0,0.4041796131017151,0.4212274879933547,0.15609674435130233,0.5558017459919475,0.0,0.0,0.07990662202965879,0.45859497273239075,0.4950211090437346,0.0036036976141665066,1.0,0.0,0.1888095876510181,0.3373706952553173,0.5725542013887384,0.42184578464204264,0.5297909591940153,0.011012127209350605,0.3811904937585693,1.0,0.2348025569332222,0.6768774699116653,0.0,0.7464082058639249,0.09782977440477897,0.2264827043241724,0.0,0.0,0.3827702750144156,0.42973843791865657,0.13454679186132,0.060484018028385975,1.0
gex_possorted_bam_SJSO3:CGGTTTCTCAATTACGx-M1,0.051191700734236185,0.0,0.2961748704565405,0.0,0.6208905884174439,0.3891553445924768,0.0,0.0,0.0,0.02577695972395918,0.9191916540329824,0.0,0.0,0.0,0.011381813052183345,0.0,1.0,1.0,0.0,1.0,0.6653421535673383,0.7870283936092292,0.2342808246771978,0.6945713289718746,0.0,0.0062350729835171734,0.5016822676173829,0.0,0.0,0.07517470348742693,0.0,0.3127366110357771,0.22980296676124365,0.0,0.12997308265659163,0.0,0.0,0.10565421084343621,0.0,0.0,0.30970120420919717,0.0,0.0,0.0,0.17180346877798605,0.0,0.0,0.27609022705005115,0.0,0.07047573713039297,0.0,0.0,1.0
gex_possorted_bam_SJSO3:CGGTTATAGTTAGAGGx-M1,0.03439625333264246,0.47373080645913906,1.0,0.1290292396329154,0.3359198125043234,0.6546762484649196,0.9820842686367908,0.1933105561581449,0.17856456781509,0.6834722894587089,0.5310596701826464,0.0,0.22897637337439403,0.0,0.39273168283381715,0.5844646649273028,0.8571959511356926,0.2418626646088907,0.0,1.0,0.5262447831206841,0.5126039235014098,0.15474991399871182,0.4908191748993584,0.12269900534253768,0.030684299947942754,0.5581533569375919,0.4234201962398374,0.20111580292548997,0.12634716475827967,1.0,0.05314827206138422,0.2061326668461215,0.19004473139546074,0.6979278887026287,0.2543161687950598,0.8029494759213661,0.002728462823534803,0.2218044003506765,1.0,0.08145742967763143,0.4482320895604589,0.17389342745459382,1.0,0.25459025091584725,0.2108971904387144,0.32855455851018583,0.4178269183955159,0.32223324328272057,0.4800381047052707,0.18602451012081156,0.12440865297629203,1.0
gex_possorted_bam_SJSO3:CGGTTATAGTAACAGGx-M1,0.08127909823567285,0.24746366571600514,1.0,0.18222084280622622,1.0,1.0,1.0,0.5629214818358337,0.8542467181965708,0.3154127680223993,1.0,0.0,0.1808700351339081,0.0,0.0,0.0,1.0,1.0,0.31284282293145776,1.0,0.7322910632151317,0.8673119163645033,0.23596662272297705,0.29560583476635216,0.2230286470965965,0.15954282377728662,0.9449267094100301,0.09709396911155477,0.5680447839495578,0.0,0.5560878839622034,1.0,0.2427475517458722,0.14888013994633933,0.5419867586044871,0.21886694455592592,0.0,0.08690802901165516,0.3847584363691118,0.8658729110774698,1.0,0.0,0.04993409818473801,1.0,0.15245128023820048,0.2446178230784043,0.5741807880444748,0.19864213964612695,0.23294763638397306,0.38120249184575056,0.0,0.04345688338429664,1.0
gex_possorted_bam_SJSO3:CGGTTGGGTACCTTACx-M1,0.0,0.07816519325424467,0.6415569771945298,0.0,0.22864059329818434,0.30672156258433025,0.0,0.021092082916912672,0.0,0.24491583274436304,0.4793279082681073,0.0,0.0,0.0,0.18200040067189593,0.0,0.5399457102531584,0.37410023993348057,0.0,1.0,0.5233585312120109,0.7060671718098903,0.10770217134528058,0.7448933495974425,0.0,0.0,0.3296538138634307,0.0,0.0,0.0,1.0,0.0,0.13618897468393895,0.042684664980753725,0.29094823890711635,0.13289799154603052,0.03932314193470588,0.0,0.0954550575070662,0.47140103674787603,0.0,0.0,0.0,0.0,0.08346672757048182,0.08178166965026036,0.0,0.0,0.07771597271579617,0.10438097056886032,0.0,0.01964581696778571,1.0
gex_possorted_bam_SJSO3:CGTAGTTAGTCAATCAx-M1,0.025209034689428835,0.2703560279535513,1.0,0.05948901480982928,0.3526308426902908,0.5091666056894985,0.38384893895194067,0.1697508476566136,0.0,0.5310942249449321,0.42984401967913677,0.0,0.0,0.0,0.2944389301349126,0.2876901744186921,0.6812250459333118,0.3278274998386337,0.0,1.0,0.6627693469037851,0.7146919532441186,0.1460944784100405,0.7335943102402829,0.0,0.0,0.3426264269895128,0.3085966413332022,0.0,0.08866440020600745,1.0,0.0,0.20352042959791963,0.04951922956973769,0.4016180739653658,0.22548189521146775,0.1815013423081344,0.0,0.18324949821759073,0.7494235554146358,0.0,0.03270331269727683,0.0,0.9077516408401979,0.2428612339885233,0.13035927135933317,0.0,0.05440697256253292,0.2426553851969375,0.2743167006484093,0.08459254783759733,0.06540882426082037,1.0
gex_possorted_bam_SJSO3:CGGTTATAGTCAGGCCx-M1,0.0010967221174123971,0.0,0.0,0.0,0.224603099599391,0.11467292796571141,0.0,0.0,0.0,0.0,0.7411277566567914,0.0,0.0,0.0,0.0,0.0,0.7240734558174249,0.8932330263922263,0.0,1.0,0.47012181241053075,0.6694890274055576,0.11310914365375264,0.6187644627778816,0.0,0.0,0.37839617193244046,0.0,0.0,0.0,0.0,0.005799977987797213,0.08997670627028821,0.0,0.2545284354105785,0.0027383808222977324,0.0,0.0,0.0,0.07062739337733134,0.0,0.0,0.0,0.0,0.0,0.0,0.0,0.23160524166832333,0.0,0.0,0.0,0.0,0.9404454453891478
gex_possorted_bam_SJSO3:CGTATTGCAATGAAGCx-M1,0.0,0.13830577458497467,0.016675807667218524,0.0,0.0,0.0,0.1649639439113994,0.03017121695983564,0.0,0.08091466088598064,0.1545084921791742,0.16488815498350715,0.0,0.0,0.24311675792423507,0.03160743511858114,0.7012771412835541,0.12233305967022809,0.0,1.0,0.22238033545184607,0.3733850890779289,0.008258510791726932,0.5533010780511531,0.0,0.0,0.29823383444725526,0.0,0.0,0.0,0.30447237658100407,0.0,0.03344616293398276,0.06713661387399028,0.34328966659047094,0.0247470131359424,0.0,0.0,0.13991079864203157,0.42453279755147355,0.05651972563818751,0.5418557927113832,0.0,0.0,0.004440021508210135,0.0,0.0,0.0,0.0,0.0,0.0,0.0,0.29878319954126525
gex_possorted_bam_SJSO3:CGGTTCCGTGATTACGx-M1,0.005222548941671503,0.0,0.0,0.0,0.029274020634894597,0.0,0.0,0.0,0.0,0.0,0.8343291830036238,0.0,0.0,0.0,0.0,0.0,0.7136973926692337,0.7839678620664879,0.0,0.5398252629809639,0.33789950807902003,0.4601654161090708,0.07116770495510809,0.4960413497059878,0.0,0.0,0.5774146178643367,0.0,0.0,0.0,0.0,0.0797578072250112,0.04923443397939369,0.0,0.4007564189199042,0.0,0.0,0.012546562943899702,0.0,0.025327373779003407,0.0,0.009676231313556523,0.0,0.0,0.0,0.0,0.0,0.5567162020392975,0.0,0.0,0.0,0.0,0.43573866417777857
gex_possorted_bam_SJSO3:CGGTTTGAGGCCAATTx-M1,0.0,0.03677801419473474,0.13921705326347186,0.0,0.046004988365657716,0.012615705717105024,0.0,0.04173840601576838,0.0,0.032079767700895316,0.3651259499614689,0.0,0.0,0.0,0.16172232963442837,0.0,0.6019806216794205,0.2963051751098814,0.0,1.0,0.38600697429990893,0.5247411083811823,0.09294488700098472,0.6215834459016921,0.0,0.0,0.27700044053721734,0.0,0.0,0.0,0.3697895319714727,0.0,0.09183759102178828,0.0,0.2819761802709427,0.05024331978340399,0.0,0.0,0.076363682398505,0.3100198176542906,0.0,0.18947001210953912,0.0,0.0,0.007115765556322953,0.0,0.0,0.052330565473647464,0.0,0.0,0.0,0.0,0.543493047052662
gex_possorted_bam_SJSO3:CGTAACCCAATTTGGTx-M1,0.02670148341694974,0.0,0.11239514370090699,0.0,0.3879914670367333,0.09583487832942315,0.0,0.0,0.0,0.0038076150504163,0.5745755591369449,0.0,0.0,0.0,0.0,0.0,0.600047412058883,0.5435902340025065,0.0,1.0,0.5131097623985117,0.7149878512267367,0.15661388842672763,0.6621038046517344,0.0,0.0,0.40356263793388675,0.0,0.0,0.0,0.0,0.10691576305100428,0.16005630119392253,0.0,0.15254475519145158,0.033613881749142246,0.0,0.038346917941360505,0.0,0.09372598446349041,0.0,0.0,0.0,0.0,0.10912681542516496,0.026205507894539626,0.0,0.11693424399005138,0.0,0.10085881845739411,0.0,0.0,1.0
gex_possorted_bam_SJSO3:CGGTAACGTGTCCTGCx-M1,0.3327840082346609,0.03157451251791127,0.2451222676071841,0.09892798610682954,0.9417063663635569,1.0,0.0,0.022433279076246218,0.0,0.18675583775997825,1.0,0.0,0.00810533972166684,0.0,0.30496596541182075,0.0,1.0,1.0,0.43565841555610507,1.0,1.0,1.0,0.42924441118078427,1.0,0.0,0.03982829887252391,0.1888091544867965,0.17518998639243938,0.049574393068946974,0.39124811701884815,0.5369461603171044,0.4154331488888989,0.40160769797893603,0.0,0.13853419914556983,0.3434054894706687,0.0,0.2490936704635722,0.2835859412855703,0.0003822059827666119,0.0,0.0,0.0,0.12269350310321409,0.5579295558688764,0.24992816736855686,0.0,0.08465669173032843,0.14870163511275478,0.326960772236073,0.0,0.2999066669291271,1.0
gex_possorted_bam_SJSO3:CGGTTATAGACACTTAx-M1,0.12035460258217315,0.0,0.0,0.031812728775331374,0.19661799830138832,0.19472313284008796,0.0,0.0,0.0,0.0,1.0,0.0,0.0,0.0,0.0,0.0,0.8534606229007895,1.0,0.0,0.823684465931611,0.5832544900830724,0.7663423403881484,0.1744228753115841,0.7821719699063965,0.0,0.0,0.3744995069813916,0.0,0.0,0.047223927053160954,0.0,0.25002850370091695,0.17961647884216642,0.0,0.23795359056276208,0.043999655146777415,0.0,0.049662086949733536,0.0,0.0,0.0,0.0,0.0,0.0,0.1903751611864253,0.020135695269486678,0.0,0.42754657518682954,0.0,0.03668592231154123,0.01622254159299478,0.04216511716223743,0.8157332558573601
gex_possorted_bam_SJSO3:CGGGACAAGCATGTTAx-M1,0.09433363647382013,0.0,0.041063783804914426,0.033907918217793605,0.2762884205963913,0.34500297453963097,0.0,0.06224711574481668,0.0,0.041600210754193886,0.748186880804666,0.0,0.0,0.0,0.09443891590987492,0.0,0.6842516004320615,0.7124672928695565,0.0,1.0,0.6341299596641549,0.7856251299886167,0.20063309032493204,0.7951714257623108,0.0,0.0,0.37661686124470656,0.0,0.0,0.019228923228363747,0.2583160273499317,0.2365143124440168,0.22748187075077347,0.0,0.23622613629273578,0.054759434357583014,0.0,0.051364440643931884,0.06730194585799473,0.1537493380433824,0.0,0.0,0.0,0.0,0.16220372530570593,0.0631202018028977,0.0,0.11463131140994659,0.003377406425220805,0.12942364250551075,0.0,0.049990308650989766,0.9834437112942113
gex_possorted_bam_SJSO3:CGGGTCTAGGCTTAGTx-M1,0.0,0.18385296552828675,1.0,0.07341853369392448,1.0,0.9729012636446992,1.0,0.5405257330778429,0.8479310786734985,0.08529166049044873,1.0,0.0,0.31874616331194533,0.0,0.0,0.0,1.0,1.0,0.23300679109880998,1.0,0.8096100958790422,0.7822640451296287,0.16489736222167936,0.19122777805915459,0.3100730719276117,0.057016733413184376,1.0,0.0,0.45386339762518024,0.0,0.3231841415879719,0.807294336546364,0.133309107303716,0.019698336500610907,0.6443076903365852,0.05116695847547319,0.09668409792488962,0.0,0.213193043783979,0.540101158462375,1.0,0.08277992579831482,0.0,1.0,0.0017755663632433379,0.17395296215397824,0.8631032369102302,0.4988337731225207,0.14745393129880272,0.2052296370883725,0.0,0.0,1.0
gex_possorted_bam_SJSO3:CGGTTTCTCAAGCCTGx-M1,0.0,0.03908492292163687,0.778681263199626,0.016532389506308243,0.0,0.0,1.0,0.0,1.0,0.0,1.0,0.5980326126219611,0.420105557743466,1.0,0.0,1.0,1.0,0.0,0.6942365491810881,0.0,0.0,0.0,0.0,0.0,1.0,0.12787244193792027,1.0,0.22014651025310797,0.15658062607806306,0.0,0.4928965777699196,0.0,0.0,0.019389149436926163,1.0,0.0,1.0,0.0,0.0,1.0,0.0,1.0,1.0,1.0,0.0,0.0,1.0,1.0,0.030237781509854504,0.0,0.34914252164207565,0.015232502778021233,0.0
gex_possorted_bam_SJSO3:CGGTGAGAGCATTATGx-M1,0.3208223200462556,0.5707894438664978,1.0,0.32537652507041426,0.8771460605171115,1.0,1.0,0.5191251699776795,0.2187837032646727,0.8560160107113839,0.6781184411672392,0.0,0.21978616214623087,0.0,0.5890458958988031,0.3727406581663406,0.9803684364243793,0.8851180786779654,0.0,1.0,0.9842920073780528,0.9832599912127868,0.46142245701477613,0.7792892252911799,0.19175165591997717,0.23761699221706803,0.26924277957791204,0.47353875512251303,0.3849793641897009,0.3659422070596608,1.0,0.37686010564863137,0.4693787140621798,0.39827222038576854,0.29724262310987215,0.557845050452604,0.2067086070033532,0.29613096153192253,0.5345050729893577,0.7834599997052386,0.4345515208644701,0.14496433543235265,0.23032751000280746,1.0,0.5060462063738249,0.4400778227495701,0.36981674145618987,0.0,0.4985193155241112,0.6699066472912095,0.16635517368663616,0.34768839189779754,1.0
gex_possorted_bam_SJSO3:CGGTGAGAGCACTTGGx-M1,0.14919700131258082,0.02433256907572662,0.40020916052689237,0.07723260340768504,0.27436629235026505,0.0,0.0,0.13272637473680235,0.0,0.16561138168898723,0.2746263567093002,0.0,0.0,0.0,0.14368476368063368,0.0,0.3652783069782968,0.11240539517703414,0.0,1.0,0.4217527324000691,0.5699423494221197,0.20784670477657696,0.48407705604992435,0.0,0.013221766347571218,0.3607192038964855,0.027493451983797986,0.0,0.017108624751035553,0.1256380090700251,0.22627426352468097,0.2110204777211451,0.21650068761817715,0.3863123059860221,0.20222150913637818,0.17468908212191725,0.1585594783941268,0.1363821730744047,0.254898951363489,0.09828154385935274,0.07980493220700584,0.0,0.0,0.19033586922741702,0.15093831446072847,0.0,0.3781570602041361,0.06381841565813437,0.19170014144610975,0.0,0.08938531146072386,1.0
gex_possorted_bam_SJSO3:CGGGTCTAGCCTAACGx-M1,0.47606251892713713,0.0,0.0,0.3165709506162151,0.5695927145603068,0.5128225137595371,0.0,0.45326595660561636,0.0,0.17814742505314843,0.4414761596645513,0.0,0.10969215796110136,0.0,0.3894232482162395,0.0,0.4424135798146559,0.6133575327025635,0.0,1.0,0.9034122600200191,0.8621110973005707,0.49419949591303775,0.824962888512722,0.0,0.29539175883506563,0.2917573217295233,0.0650696708694473,0.0,0.2790746847512093,0.0,0.48212672228776055,0.552371051888616,0.34329447436951704,0.13907766590193474,0.3824677296342374,0.0,0.34735903868857515,0.358560462575196,0.0,0.6834184559768667,0.0,0.0,0.0,0.5436237700777699,0.344684992192559,0.0,0.19061246410573635,0.23554157124466918,0.4182240533619991,0.08304766655689881,0.2796747411997672,0.6897700226206309
gex_possorted_bam_SJSO3:CGTATTGCAATCGCACx-M1,0.11677139908693152,0.0,0.0,0.0,0.6207197239268836,0.6952549317190744,0.0,0.0,0.0,0.0,1.0,0.0,0.0,0.0,0.08295120219350079,0.0,1.0,1.0,0.0,1.0,0.8836030807579184,0.9723704097731948,0.24672064880829697,0.7752843360592985,0.0,0.0,0.3886292575215368,0.0,0.0,0.08109793462944996,0.0,0.1342709459207169,0.2116313559525355,0.0,0.166740462465006,0.03794124323367203,0.0,0.09341411813444933,0.045438874261927276,0.0,0.0,0.0,0.0,0.0,0.1345137337439144,0.008351328100885793,0.0,0.29175114007470326,0.0,0.0,0.0,0.05342216630374958,0.9593587460988047
gex_possorted_bam_SJSO3:CGTAACTAGCCTTAAAx-M1,0.1167585461194608,0.0,0.36424829484034305,0.0,0.7763597187861097,0.8292316875649618,0.0,0.0,0.0,0.03907028407215525,1.0,0.0,0.0,0.0,0.1768222261472789,0.0,1.0,1.0,0.0,1.0,0.8082759707526164,1.0,0.26981941440300744,0.7467647412656955,0.0,0.0,0.3545805820238033,0.0,0.0,0.188537914852456,0.1218538090492305,0.22964122742930423,0.2585804665243276,0.0,0.15694124350427113,0.07994765014382404,0.0,0.06538184250189975,0.04921651012473298,0.0,0.0,0.0,0.0,0.0,0.2824528695349218,0.04931054044310596,0.0,0.00430256649758187,0.0,0.154792181931379,0.0,0.06627848357367733,1.0
gex_possorted_bam_SJSO3:CGTAGTTAGTACTGGTx-M1,0.0,0.04827877416476412,0.0,0.012246606783447066,0.0,0.0,0.5720752367562076,0.0,0.850083813698749,0.0,1.0,0.6760858570358224,0.21026264289462618,1.0,0.0,1.0,1.0,0.37720827363286186,0.6258462394100961,0.0,0.0,0.0,0.0,0.0,0.953916283845668,0.008172749148201479,1.0,0.0,0.24175178560985497,0.0,0.0,0.16152633606819117,0.0,0.08081415139098992,1.0,0.0,1.0,0.053156297360468306,0.0,1.0,0.0202516110392737,1.0,0.8238281691123255,0.5617723920639593,0.0,0.0,0.9444106274853102,1.0,0.0,0.0,0.4111642482364802,0.0,0.0
gex_possorted_bam_SJSO3:CGGTTTCTCAACCAACx-M1,0.0,0.0,0.00865700937769662,0.0,0.0,0.0,0.35906894649369575,0.0,0.7750049342816671,0.0,1.0,0.5279302635219272,0.0,0.9773159929790352,0.0,1.0,1.0,0.5280482177848848,0.4829733675493056,0.0,0.0,0.0,0.0,0.0,0.5798495318943648,0.0,1.0,0.0,0.0,0.0,0.0,0.0,0.0,0.0,1.0,0.0,1.0,0.0,0.0,1.0,0.0,1.0,0.566991160873835,0.4195732663944207,0.0,0.0,0.47231293618772013,1.0,0.0,0.0,0.07901477288629406,0.0,0.0
gex_possorted_bam_SJSO3:CGGGCTTAGCTACTGGx-M1,0.0,0.020078122209199738,0.05439715810763815,0.0,0.0,0.0,0.0,0.0,0.0,0.0,1.0,0.0,0.4260676873517137,1.0,0.0,1.0,0.7561826689230665,0.3317197872734935,0.7615566241355062,0.0,0.0,0.0,0.0,0.0,0.995820109422064,0.0,1.0,0.0,0.7072108716938146,0.0,0.0,0.23838728727285868,0.0,0.08154818672753739,1.0,0.0,1.0,0.0,0.0,1.0,0.16348163437513244,0.0,0.3751429997995708,0.0,0.0,0.0,0.8045688030231403,1.0,0.0,0.0,0.499013466572568,0.0,0.0
gex_possorted_bam_SJSO3:CGGTGAACACAAAGACx-M1,0.02784185466486086,0.0,0.0,0.0,0.4489874738671752,0.13570931746537135,0.0,0.0,0.0,0.0,0.890166884247338,0.0,0.0,0.0,0.0,0.0,0.8290744155183704,1.0,0.0,1.0,0.5535918499981046,0.7302693112713203,0.1760864499447556,0.6919472683473069,0.0,0.0,0.4562514829259564,0.0,0.0,0.0,0.0,0.2307579764310169,0.15012115034384688,0.0,0.16932814582639394,0.0,0.0,0.013663842743562346,0.0,0.0,0.01617482339958664,0.0,0.0,0.0,0.06342388284021208,0.0,0.0,0.31905274582982496,0.0,0.028822754245166036,0.0,0.0,0.9588210995461091
gex_possorted_bam_SJSO3:CGGCTCACATGTGGGAx-M1,0.11311486330528969,0.0,0.12536084433160832,0.01330277302715884,0.5689128724583091,0.49995306770494713,0.0,0.020119427125256207,0.0,0.07621365119183732,0.9126378319133166,0.0,0.0,0.0,0.17566713885889118,0.0,0.916174884066374,1.0,0.0,1.0,0.7962928825509168,0.8650303547827828,0.2340424780048008,0.7368575466477325,0.0,0.0,0.34039503392961634,0.0,0.001042544595239658,0.10795529784400439,0.2568083953292137,0.008561179721446467,0.213029587948715,0.0,0.2689214368021885,0.10552370705554641,0.0,0.0692119110081029,0.11564349598229155,0.23164896529428186,0.0,0.0,0.0,0.0,0.200203384386311,0.07263398544275057,0.0,0.18993899220196603,0.026649848151135413,0.1106960166922024,0.0,0.055456702804015254,1.0
gex_possorted_bam_SJSO3:CGGGTCTAGTTGCCTCx-M1,0.0,0.0,0.06944528530099246,0.0,0.11801174581408397,0.05135866691066896,0.0,0.0047252999118400545,0.0,0.0471394330266863,0.5336289807656732,0.0,0.0,0.0,0.058831607559659244,0.0,0.4613027172611223,0.2947162780122834,0.0,1.0,0.4806769763903361,0.6495753674949697,0.08757714324988616,0.6817604981098379,0.0,0.0,0.3375875031236424,0.0,0.0,0.0,0.6149881928172329,0.0,0.06635807389150175,0.0,0.2504117950459917,0.0760201583664239,0.0,0.0,0.015225221105618109,0.38829017373032293,0.0,0.0,0.0,0.0,0.05817903651836593,0.015298595572607123,0.0,0.0,0.0,0.0,0.0,0.0,0.8996612773372507
gex_possorted_bam_SJSO3:CGGTGAACACCGGCTAx-M1,0.0,0.0,0.23164907060814702,0.0,0.0,0.0,0.0,0.0,0.0,0.0,1.0,0.0,0.516432579223345,1.0,0.0,1.0,0.6297751686086379,0.2747861553464627,0.7481351927040679,0.0,0.0,0.0,0.0,0.0,0.9732675997367762,0.0,1.0,0.0,0.8303698819552267,0.0,0.0,0.2490266689321804,0.0,0.11076268140814582,1.0,0.0,0.8927422028289083,0.0,0.0,1.0,0.2953972930812457,0.0,0.3261731387171672,0.0,0.0,0.0,0.7102815440102839,0.7970148369680681,0.0,0.0,0.4935827859421642,0.0,0.0
gex_possorted_bam_SJSO3:CGGTTATAGGACCGCTx-M1,0.0,0.0,0.708811750705057,0.0,0.2925867328715517,0.016915302184288893,1.0,0.18470418032387212,1.0,0.0,1.0,0.0,0.2626923828898565,0.6214392175631762,0.0,0.3438017689506498,1.0,1.0,0.4262784048670083,0.5764568699725537,0.0,0.0,0.0,0.0,0.8630758404305974,0.021121579006352195,1.0,0.0,0.13806961060394696,0.0,0.0,0.540404455880078,0.0,0.0,1.0,0.0,1.0,0.0,0.0,0.8640364771437357,0.5545844784622153,0.9924094833345561,0.3990433945134754,1.0,0.0,0.0,1.0,1.0,0.0,0.0,0.0,0.0,0.7672781860843263
gex_possorted_bam_SJSO3:CGTAACTAGTTGGATCx-M1,0.0,0.0,0.0,0.0,0.06130607456108565,0.060362980007350395,0.0,0.0019388880106163782,0.0,0.0,0.5740308165496643,0.0,0.0,0.0,0.14237022794437534,0.0,0.827506079744517,0.4994328934096161,0.0,1.0,0.4397918461712337,0.5005568104945856,0.0907982563981943,0.579871603939209,0.0,0.0,0.35942703996535397,0.0,0.0,0.0,0.18103341552904142,0.0,0.08375407748570847,0.0,0.37260830779110893,0.01325452505618057,0.0,0.0,0.06777431194402235,0.3300253942296084,0.0,0.3568768763436733,0.0,0.0,0.012552906835156592,0.0,0.0,0.31681256560254706,0.0,0.0,0.0,0.0,0.5884423564706233
gex_possorted_bam_SJSO3:CGGTTTCTCATCCTGCx-M1,0.04859269967447139,0.0,0.12548720815875777,0.0,0.2749758834532385,0.29361310852381745,0.0,0.011771029548357374,0.0,0.04037039622945361,0.7524296516191817,0.0,0.0,0.0,0.09637503837796633,0.0,0.7924146417796311,0.6982317655274002,0.0,1.0,0.7257511394347612,0.7729889750126715,0.16563863090091827,0.7449429071825622,0.0,0.0,0.3892540081229206,0.0,0.0,0.0,0.5018879625966982,0.04748713913777642,0.18172669870768127,0.0,0.32908515850645553,0.06338105813261337,0.0,0.01708050308761809,0.06374770618683198,0.22846744544933967,0.0,0.0,0.0,0.0,0.13928066489907837,0.006877900945606386,0.0,0.11659343832490753,0.0,0.033498602488371325,0.0,0.0,1.0
gex_possorted_bam_SJSO3:CGTATTGCACCAAAGGx-M1,0.5206058697648507,0.3489644746220497,0.9762343520702701,0.4609972268224636,1.0,1.0,0.0,0.41639228124031397,0.1007486483024627,0.9647088441498808,1.0,0.0,0.42095722049119805,0.0,0.6597642484497672,0.07380344179014028,1.0,1.0,0.2164165230164434,1.0,1.0,1.0,0.6718938063268957,0.9550209324095571,0.20526459508870598,0.45217283688980087,0.1529755172716769,0.478913179756978,0.18628611791921765,0.6894390261322957,1.0,0.8196903799462003,0.6552315452030725,0.47068928346019023,0.057572446720989746,0.622625223356921,0.0,0.3857355928635958,0.6109158101928914,0.34606815408106234,0.7821309451982884,0.0,0.5705949816259096,1.0,0.6761306903055495,0.5631059004304098,0.5338382063378525,0.0,0.5869002101896601,0.9998086551932787,0.2822686779668761,0.5325946543062365,1.0
gex_possorted_bam_SJSO3:CGGGACAAGGTAACGAx-M1,0.0,0.7885811675120984,1.0,0.22538312020174658,0.0,0.1404370690013468,1.0,0.0,1.0,0.32970052015887336,1.0,1.0,1.0,1.0,0.0,1.0,1.0,0.6482723944511902,1.0,0.0,0.0,0.0,0.0,0.0,1.0,0.34176220268349206,1.0,0.8650548871826544,0.3756693970493607,0.4144433277132155,1.0,0.0,0.0,0.21962421054987377,1.0,0.0,1.0,0.0,0.0,1.0,0.0,1.0,1.0,1.0,0.0,0.10944328571761218,1.0,1.0,0.44505302093672067,0.02106786506681248,0.7421117645509195,0.2716943572643086,0.0
gex_possorted_bam_SJSO3:CGTGTGTCATCCCGCTx-M1,0.15492896374781057,0.584549643790344,1.0,0.24178233316841924,0.575341885388879,1.0,1.0,0.2307258955462095,0.7264525185209897,0.7430933403506275,1.0,0.0,0.561938756249166,0.5841790153923649,0.3947454095210548,1.0,1.0,0.8642749422125824,0.25367412331090006,1.0,0.49343593520756657,0.39193005827913713,0.23551061935243378,0.3768075048570908,0.857229882123199,0.2425988321314577,0.7459822677842414,0.6669275480133664,0.4030672499227027,0.41013106369826874,1.0,0.18010718140683832,0.2169649811803214,0.2503936223530443,0.8989396544709307,0.3213103379358471,1.0,0.09512159452393011,0.2870184594238654,1.0,0.17170469888242573,1.0,0.8640677919290791,1.0,0.2595179667400911,0.30154940433851213,0.9469301556406333,1.0,0.48140670128172125,0.6106055744590864,0.2419812672050282,0.30934834926027416,1.0
gex_possorted_bam_SJSO3:CGTCATTGTCCTCCAAx-M1,0.0,0.8907997849791311,1.0,0.0006349650662123117,0.0,0.0,1.0,0.21367519810449095,0.09734301384446026,0.7611650438202501,0.0,0.7847424365619938,0.0,0.0,0.5436746970956029,0.23830162228049886,0.13850868157260857,0.0,0.0,1.0,0.30229042157927555,0.3357136838157063,0.05525791580620084,0.5404972650954768,0.0,0.0,0.1055489963661247,0.19391644793893528,0.033351037681937395,0.0,1.0,0.0,0.11076439122153652,0.24606036733121225,0.4662109962607279,0.2679197965211228,0.3942550222687208,0.0,0.30523026278133014,1.0,0.18527450872549003,0.506754665261449,0.0,0.41619945618030835,0.02863099013963907,0.08593568874746293,0.0,0.0,0.20894968979492573,0.30671611822205846,0.0,0.0,0.7987716083235947
gex_possorted_bam_SJSO3:CGTGCACAGGTGTCCAx-M1,0.06227738922212774,0.0,0.32414791750285943,0.12014175235861875,0.0,0.0,0.6993431693632558,0.08599067588464039,0.8728166165140563,0.0,0.6313857840722951,0.28238038747960886,0.11427455776208037,0.8237412120646606,0.0,1.0,0.6147820928705232,0.10567874031954194,0.3756542403478453,0.0,0.0,0.0,0.0,0.0,0.8043436224605418,0.12194351049713148,1.0,0.22639927191481207,0.37110066694981036,0.0,0.0,0.05135075449598643,0.0,0.13374261984852853,1.0,0.0,1.0,0.047923009517925705,0.0,0.9092963026640893,0.08465251073265549,1.0,0.8903373484829938,1.0,0.0,0.09444060768501424,0.5812985650235519,1.0,0.0701285216418795,0.0,0.3904823474082383,0.11755255878438178,0.0
gex_possorted_bam_SJSO3:CGTCCTAGTAATCGGCx-M1,0.011934871672951689,0.0,0.4269646851266896,0.0,0.5413900243439167,0.5432970050439964,0.0,0.06642312088772812,0.0,0.0,1.0,0.0,0.0,0.0,0.0,0.0,1.0,1.0,0.0,1.0,0.6867225325927627,0.7523960176602734,0.11422612761761504,0.5684313719903559,0.0,0.0,0.6294554208490243,0.0,0.0,0.0,0.0,0.4186689094102177,0.1623016676052054,0.0,0.3086154091566033,0.0,0.0,0.0004299471497737221,0.0,0.02769732366256966,0.24463599439838501,0.0,0.0,0.0,0.07542740643568696,0.0,0.0919597190546108,0.5079412662710895,0.0,0.02532014556467875,0.0,0.0,1.0
gex_possorted_bam_SJSO3:CGTTAACAGTAAACCCx-M1,0.0,0.0,0.5658988131559953,0.0,0.0,0.0,0.8008216759167589,0.0,0.8878569047390895,0.0,1.0,0.4487176770375659,0.20749767937948194,1.0,0.0,1.0,1.0,0.47378753746439295,0.6143988889229662,0.0,0.0,0.0,0.0,0.0,1.0,0.02342195349620879,1.0,0.023921197197052293,0.04770840212593175,0.0,0.16409406376778995,0.0,0.0,0.0,1.0,0.0,1.0,0.0,0.0,1.0,0.0,1.0,0.9810777955977887,1.0,0.0,0.0,1.0,1.0,0.0,0.0,0.08249919945097893,0.0,0.0
gex_possorted_bam_SJSO3:CGTGGTTCACATTGCAx-M1,0.01425905056607915,0.33414257295319855,1.0,0.13886846665774424,0.027421009657957345,0.7967865137795392,1.0,0.9193439800819903,0.6118959312919198,0.7821350850550655,0.7324216148604629,0.9620946748764071,0.15339784954391367,1.0,0.2955666152589609,0.14005920536852492,1.0,1.0,0.4383012894428156,1.0,0.5647931190802741,0.3603115995188703,0.21348994102773716,0.3933792611540261,0.022698723024638857,0.02545706131316445,0.5108817302457002,0.8913586671892493,0.4218026235323711,0.0,0.0,0.22341732690539035,0.3017503532062896,0.0,0.7293366751530188,0.32262618239022073,0.09559419311851729,0.18462020380419206,0.4627946530671992,0.4685923378605049,1.0,0.4894148126708315,0.0,0.7506065754390032,0.6346051012487339,0.0,1.0,0.573992975021136,0.0679158373082596,0.500382706512216,0.0,0.0,1.0
gex_possorted_bam_SJSO3:CGTGCTTTCAGCAAAGx-M1,0.6366152820099158,0.17561596532572105,0.0,0.496453323548765,0.9794619849243478,1.0,0.0,0.4422357042106464,0.0,0.5169752910494055,1.0,0.0,0.10205560565459132,0.0767592481702761,0.6306241922845767,0.15612428089676367,1.0,1.0,0.6698936787010064,0.8817892075009663,1.0,1.0,0.6439913848686643,1.0,0.0,0.33857596536920676,0.18020546184157984,0.46468943534931473,0.6073182608727586,0.6998923879067065,0.8005860821031683,0.46364291820380166,0.5829447079416978,0.39648836407646265,0.11583898105626399,0.708240470443209,0.019124940827876545,0.49922538305358694,0.5741562506736202,0.0,0.14581075232669616,0.055578608693685666,0.00997726412825245,0.005410452464687519,0.8228935552690411,0.5612442004114421,0.0,0.08847421404801563,0.5035526558538477,0.5848203155156388,0.3867566429708922,0.6184866014655662,1.0
gex_possorted_bam_SJSO3:CGTTAGGTCTTCAATCx-M1,0.0,0.0,0.2727305105902211,0.0,0.3053200752846522,0.015754287547308055,0.0,0.0,0.0,0.0,0.6158515126159371,0.0,0.0,0.0,0.0,0.0,0.6839697139744013,0.5874144491988315,0.0,1.0,0.4720125711591958,0.629318030469159,0.10642266580270768,0.5812145874809146,0.0,0.0,0.4809459415846991,0.0,0.0,0.0,0.0,0.10104607351141176,0.09887497018507141,0.0,0.28499744725697035,0.0,0.0,0.0,0.0,0.12765822873035854,0.0,0.0,0.0,0.0,0.0,0.0,0.0,0.20056717965800525,0.0,0.011385670827381112,0.0,0.0,1.0
gex_possorted_bam_SJSO3:CGTTAACAGCTAATTGx-M1,0.0,0.3324456144564828,1.0,0.0,0.49878661323313433,0.6530456265426513,1.0,0.43606228737542063,0.5678306590522879,0.23212459005985492,0.9159785502963581,0.0,0.1002902588110674,0.0,0.07088334402186859,0.0007377653754008501,1.0,1.0,0.0,1.0,0.749795480439652,0.6396329015194147,0.07158363294411042,0.399341167715767,0.0,0.0,0.6726809866753278,0.04861705431891205,0.021871527544687318,0.0,0.5335852852743126,0.24717196014841922,0.1494282947313105,0.04975492745238165,0.5314034030280522,0.08466685995398973,0.0,0.0,0.23778436889352733,0.5145893110904476,0.8005806155832098,0.05798608084893149,0.0,1.0,0.06928319073635679,0.051303431376777654,0.22534191703037748,0.05876241907626272,0.08306197541390492,0.11660060006866983,0.0,0.0,1.0
gex_possorted_bam_SJSO3:CGTTAGTAGCCTGATGx-M1,0.13381333388798192,0.0,0.0,0.007376993818836661,0.30702407793554604,0.5341520865142259,0.0,0.0,0.0,0.0,1.0,0.0,0.0,0.0,0.022008627485380777,0.0,1.0,1.0,0.07793313967761654,0.899332763140104,0.6407366860886429,0.8395173779703674,0.21665408808543687,0.6978475506072606,0.0,0.0,0.3928209724036519,0.0,0.0,0.03623743834655035,0.0,0.17736898564136025,0.2083156922768465,0.0,0.22228329078607148,0.025020089165986727,0.0,0.09253871382156613,0.012527680275903822,0.0,0.0,0.0,0.0,0.0,0.13501162917315507,0.032462613159977935,0.0,0.42689627439241895,0.0,0.0,0.0,0.03363840717963452,0.862770752478684
gex_possorted_bam_SJSO3:CGTCAATAGTGTTGTAx-M1,0.03183800321694169,0.0,0.0,0.0,0.14341678659616416,0.0,0.0,0.0,0.0,0.0,0.8040739449202803,0.0,0.0,0.0,0.0,0.0,0.6795873120293692,0.7516453277441717,0.0,0.8949375977760801,0.5403139471540794,0.650010261281526,0.10981774409955522,0.6316657820082415,0.0,0.0,0.4191606888901961,0.0,0.0,0.0,0.0,0.0,0.09252383874965948,0.0,0.32357785640583764,0.0,0.0,0.029102981039864737,0.0,0.04252226283222962,0.0,0.0,0.0,0.0,0.0,0.0,0.0,0.20416789128386453,0.0,0.0,0.0,0.0,0.7422544160862752
gex_possorted_bam_SJSO3:CGTTAAATCCAATTAGx-M1,0.0,0.0,0.18698088241093236,0.0,0.217889500354783,0.09309336051007483,0.0,0.0,0.0,0.0017919959357250836,0.5839823177259613,0.0,0.0,0.0,0.05580840770854791,0.0,0.6216765128846977,0.43916041778050047,0.0,1.0,0.505362024780999,0.6791043186426124,0.1002342807720368,0.6187141427683754,0.0,0.0,0.3571508459496577,0.0,0.0,0.0,0.31679841848580653,0.0,0.11438461176128967,0.0,0.17317065097136108,0.03235996738635577,0.0,0.0,0.027914767163566907,0.2292621896388802,0.0,0.0,0.0,0.0,0.09141183020440789,0.0,0.0,0.154279902067523,0.0,0.0,0.0,0.0,0.8202361962467379
gex_possorted_bam_SJSO3:CGTGCTTTCCTTGTTGx-M1,0.029950938459824362,0.0,0.0,0.0,0.29864279564553664,0.04582573999987748,0.0,0.0,0.0,0.0,0.8162674269386712,0.0,0.0,0.0,0.0,0.0,0.7558903117727777,0.9502548294205551,0.0,1.0,0.5039386720945858,0.7476504395541961,0.12789307778346612,0.6651276217918117,0.0,0.0,0.396328028133545,0.0,0.0,0.0,0.0,0.05958434772793491,0.12979185813290067,0.0,0.16134490169254986,0.0,0.0,0.02098705720433766,0.0,0.0,0.0,0.0,0.0,0.0,0.05914955338592032,0.0,0.0,0.17171179676505255,0.0,0.0,0.0,0.0,0.8486897168661042
gex_possorted_bam_SJSO3:CGTGCTTTCCGTGACAx-M1,0.0,0.0,0.34130710672073616,0.0,0.0,0.0,1.0,0.0,1.0,0.0,0.9427428598838954,0.8947760835046675,0.2899435854066896,1.0,0.0,1.0,1.0,0.0,0.6347453737237164,0.0,0.0,0.0,0.0,0.0,1.0,0.08875745960718877,1.0,0.08832460014001202,0.0923644607650629,0.0,0.0,0.0,0.0,0.0,1.0,0.0,1.0,0.0,0.0,1.0,0.0,1.0,0.9467508150962475,1.0,0.0,0.0,1.0,1.0,0.0,0.0,0.37828074877033097,0.0,0.0
gex_possorted_bam_SJSO3:CGTGCTGCAACCTGGTx-M1,0.0,0.0,0.0,0.0,0.015919756528928422,0.0,0.0,0.0,0.0,0.0,0.3606022584231549,0.0,0.0,0.0,0.0,0.0,0.44923881897752976,0.2709224210005201,0.0,0.9480532774046875,0.29525592218068897,0.47996514914035937,0.04277604799955016,0.5768209458587232,0.0,0.0,0.4446871152984413,0.0,0.0,0.0,0.0,0.0,0.04828801204604055,0.0,0.29867962835415346,0.0,0.0,0.0,0.0,0.11688086352274038,0.0,0.0,0.0,0.0,0.0,0.0,0.0,0.24896847636474712,0.0,0.0,0.0,0.0,0.6083370469430447
gex_possorted_bam_SJSO3:CGTCATTGTTAGAGCCx-M1,0.0,0.0,0.5947707752445758,0.0,0.5364821548461922,0.3763445408755876,0.8899287496888322,0.349058667386007,0.3297290904230978,0.0,1.0,0.0,0.0,0.0,0.0,0.0,1.0,1.0,0.0,1.0,0.6762156333266225,0.6638040018246273,0.054634378573361966,0.42649572269053165,0.0,0.0,0.7814077500916358,0.0,0.0,0.0,0.0,0.4728481609869514,0.143082132713249,0.0,0.42061617184241323,0.0,0.0,0.0,0.0943860726923855,0.2894724748824938,0.6587826914752459,0.0,0.0,0.702665828953959,0.0,0.001103054599973704,0.19227739766305948,0.46403352376672585,0.0,0.0,0.0,0.0,1.0
gex_possorted_bam_SJSO3:CGTGTGTCATAATCACx-M1,0.0,0.27143131043827107,1.0,0.055142930674428416,0.0,0.0,1.0,0.0,1.0,0.0,1.0,0.8579576659954904,0.8968014339985602,1.0,0.0,1.0,1.0,0.03818603149018471,1.0,0.0,0.0,0.0,0.0,0.0,1.0,0.21842154039033088,1.0,0.31104497964962374,0.461492834868293,0.0,0.9362425395982733,0.0,0.0,0.04381150157257909,1.0,0.0,1.0,0.0,0.0,1.0,0.0,1.0,1.0,1.0,0.0,0.020126514849835464,1.0,1.0,0.21116917038377847,0.0,0.5368213905328383,0.12623967565984479,0.0
gex_possorted_bam_SJSO3:CGTTAGTAGCTCGCTTx-M1,0.1086607883545793,0.0,0.0,0.001612977929511164,0.26106481712047547,0.449274870735638,0.0,0.0,0.0,0.0,1.0,0.0,0.0,0.0,0.0,0.0,1.0,1.0,0.0,0.7710401641527562,0.6302754470985704,0.8263829548972592,0.22151609471151557,0.6685518678216612,0.0,0.0,0.3361003786695157,0.0,0.0,0.0876799047219915,0.0,0.06356061140466794,0.17173194725864463,0.0,0.21501012277685835,0.0,0.0,0.09749717238862898,0.0,0.0,0.0,0.0,0.0,0.0,0.08326286970784476,0.0,0.0,0.48229288306648993,0.0,0.0,0.0,0.05242217090650106,0.7827959992329221
gex_possorted_bam_SJSO3:CGTGGTTCAGGAACTGx-M1,0.0977389367805457,0.0,0.0,0.00040871124474188943,0.49576469325371547,0.31694784031658435,0.0,0.0050479764991522335,0.0,0.02988719610006392,1.0,0.0,0.0,0.0,0.0,0.0,0.8939731865025511,0.9856926475101481,0.0,0.9877193957328799,0.6382879560911779,0.776287830359438,0.2261949721783358,0.6251037934242848,0.0,0.0,0.41319999172251515,0.0,0.0,0.0,0.0,0.43050563032457967,0.17212943042664738,0.0,0.16417503735589786,0.03613875294338646,0.0,0.17260154015319473,0.05355410099543662,0.0,0.08298433792040272,0.0,0.0,0.0,0.12956028908458778,0.03201222901958656,0.0,0.12468415956417803,0.0,0.018993963149927254,0.0,0.06864299674461125,1.0
gex_possorted_bam_SJSO3:CGTGTTACATAGCTGCx-M1,0.11208666635120142,0.0,0.11128367552671549,0.0,0.38447490207187174,0.5374647039627255,0.0,0.0,0.0,0.0,1.0,0.0,0.0,0.0,0.11434522032805307,0.0,0.9858614984207029,1.0,0.0,1.0,0.7732238680185342,0.9066739296420219,0.22749566663480394,0.8084349085829209,0.0,0.0,0.36577623905783985,0.0,0.0,0.12276269048596941,0.2988609465789958,0.14811923239077365,0.2224949704139887,0.0,0.24118482929001567,0.07012973470648744,0.0,0.060208053323612155,0.05486514716869026,0.0436288752162556,0.0,0.0,0.0,0.0,0.1602652452739302,0.0794312104307965,0.0,0.06632848863595668,0.0,0.0,0.0,0.0485367692509004,1.0
gex_possorted_bam_SJSO3:CGTGACATCTCATCATx-M1,0.0,0.0,0.040315220093852557,0.0,0.0,0.0,0.0,0.011993167089759355,0.0,0.0,0.41504147692218546,0.0,0.0,0.0,0.07365357528541945,0.0,0.6278734787123331,0.18721231882822464,0.0,1.0,0.4376082793947622,0.47218271467795014,0.04081326978963136,0.5845489754933114,0.0,0.0,0.3980196078586856,0.0,0.0,0.0,0.3005305627518988,0.0,0.060641605471247854,0.0,0.38283355727586005,0.03387805397591633,0.05937439135801131,0.0,0.05026093125652758,0.335487781993874,0.0,0.2189979103049979,0.0,0.0,0.0,0.0,0.0,0.22988486884903325,0.0,0.0,0.0,0.0,0.5279085520141148
gex_possorted_bam_SJSO3:CGTTAGTAGTCGCTAGx-M1,0.0,0.0,0.0,0.0,0.0,0.0,0.42152894661442225,0.0,0.9165054951284136,0.0,1.0,0.287127436767987,0.0,1.0,0.0,1.0,1.0,0.7494697555330389,0.849292166606702,0.0,0.0,0.0,0.0,0.0,1.0,0.0,1.0,0.0,0.19159276250040533,0.0,0.0,0.0,0.0,0.0,1.0,0.0,1.0,0.0,0.0,0.9447612963826059,0.0,1.0,0.7041241150027467,0.0,0.0,0.0,0.8226181149643396,1.0,0.0,0.0,0.2584370376217907,0.0,0.0
gex_possorted_bam_SJSO3:CGTGTGTCAATCATGTx-M1,0.15934105826984044,0.187896065394528,0.9857633526893468,0.13900002556418986,0.67717074872534,1.0,0.04463942827657539,0.14828800828350103,0.0,0.6339007579949937,0.8748203399044733,0.0,0.02767028648914419,0.0,0.42378653576470837,0.0,0.936727415763665,0.8623528654856276,0.0,1.0,0.8382033271339383,0.9705843514925371,0.3038111424643309,0.8349100653859117,0.0,0.05069020686726586,0.19714432776695964,0.19017137830092667,0.0,0.3177498994885831,1.0,0.2610353565684256,0.3248227637946466,0.13734455418357136,0.2286338664925806,0.37561367486619457,0.04169283648330413,0.12135136887831732,0.3088226913032299,0.5486671396827792,0.0,0.0,0.03603638674016488,0.6817275742085283,0.4110537821457443,0.2635507625785796,0.0,0.0,0.29922850798957856,0.5308752031697231,0.11692932254513583,0.22894190293731653,1.0
gex_possorted_bam_SJSO3:CGTTAAATCAATGTGCx-M1,0.013791571395528265,0.0668809358561278,1.0,0.026114148619028905,0.9531712596363298,1.0,0.9842050075535249,0.331808444876731,0.36077087972377564,0.11462458234970727,1.0,0.0,0.11920215898874256,0.0,0.0,0.0,1.0,1.0,0.04895099233938745,1.0,0.8599090248073064,0.8592560349278074,0.17292271485556973,0.45512278330257516,0.015094956375357205,0.02927245570267379,0.7372560107969198,0.0,0.0,0.0,0.25341144684784644,0.700889826224223,0.19203200993290023,0.0,0.4355586557342475,0.06727706197346811,0.0,0.0,0.18050625398941433,0.3814044262094215,0.735868200555234,0.0,0.0,1.0,0.06329153963100012,0.1081396208290091,0.6654565677989362,0.3501129287009199,0.1417999502003474,0.25369781063214697,0.0,0.0,1.0
gex_possorted_bam_SJSO3:CGTTAAATCATCACTTx-M1,0.0,0.6206880871097119,1.0,0.2212368234324372,0.0,0.16451006272269322,1.0,0.0,1.0,0.21491140562223132,1.0,1.0,1.0,1.0,0.0,1.0,1.0,0.6665750386213591,1.0,0.0,0.0,0.0,0.0,0.0,1.0,0.31479775194471415,1.0,0.6614213930676601,0.5776497847332984,0.15301937716596636,1.0,0.12565205474544586,0.0,0.14748624735717306,1.0,0.0,1.0,0.0,0.0,1.0,0.0,1.0,1.0,1.0,0.0,0.03231848963107772,1.0,1.0,0.3541573525477689,0.03774277157519578,0.6785852381098535,0.24418562178845896,0.0
gex_possorted_bam_SJSO3:CGTGCACAGTTATCTCx-M1,0.04450927389205102,0.0,0.0,0.0,0.19307570974449476,0.10320193123503417,0.0,0.0,0.0,0.0,0.8676715545911674,0.0,0.0,0.0,0.0,0.0,0.8185869562760678,1.0,0.0,0.7765800049647364,0.6240394005992153,0.6558160522921095,0.17068497054980142,0.5794025628579976,0.0,0.0,0.389753036042091,0.0,0.0,0.009518170487022389,0.0,0.055208739750427886,0.11172476713476845,0.0,0.30534707779832326,0.0,0.0,0.07510737928845913,0.0,0.0402013265107323,0.0,0.0,0.0,0.0,0.0667538023854872,0.0,0.0,0.29564750980475,0.0,0.0,0.0,0.0,0.5713607577428191
gex_possorted_bam_SJSO3:CGTCAATAGTAAACCCx-M1,0.1483800654059447,1.0,0.9832025906415464,0.2776454758150948,0.0006945430224772034,0.7949430388578971,1.0,0.5783392392496328,0.2170967927072766,0.9617458567308296,0.0,1.0,0.04310231623218214,0.5265738896275886,0.7782371906498828,0.7013371886020212,0.879168493063041,0.1954601273667571,0.0,1.0,0.5196036088780632,0.3922366568866614,0.27594473392035107,0.7611495282351428,0.0,0.04617233282214145,0.09224311249355971,0.6511949567935122,0.3697064227631,0.25128698903301494,1.0,0.0,0.35026404882057877,0.4929556495864554,0.5459395702113029,0.5408550328200451,0.3975281303088865,0.23074916559998,0.626085977136225,0.9475868358272007,0.832973823630847,1.0,0.0,0.5111302780519287,0.39660701823052924,0.27323388570262486,0.0,0.0,0.4142019050942247,0.47307688329981123,0.0,0.1548282652743988,0.6802222428897978
gex_possorted_bam_SJSO3:CGTGCACAGCTCGCTTx-M1,0.0,0.13349420113982774,1.0,0.001171361920399107,0.35635601729907507,0.44663137637611355,0.059625673573670275,0.08994245075841945,0.0,0.4906309621803519,0.4367809176816324,0.0,0.0,0.0,0.25093060908055287,0.08121779841100783,0.6167650255700391,0.21484833124369,0.0,1.0,0.558036263745331,0.6972601298327513,0.150276645439722,0.6669815917626672,0.0,0.0,0.2686744310889223,0.09852053297770166,0.0,0.10102867802423564,1.0,0.0,0.172870764866053,0.04222957200921284,0.306585251567785,0.21758348819208367,0.030228395368684335,0.0,0.14463276266895025,0.8004731171952446,0.0,0.0,0.0,0.774474682658354,0.19273722716848046,0.13713892067554675,0.0,0.0,0.17734388028115688,0.32606449933819337,0.12424360719741932,0.05290522165512555,1.0
gex_possorted_bam_SJSO3:CTAATAGTCGCTAAGTx-M1,0.0,0.0,0.39029118646387323,0.0,0.0,0.0,0.6341334211658777,0.0,1.0,0.0,1.0,0.48704044350697456,0.08681148434795735,1.0,0.0,1.0,1.0,0.28776860074374666,0.6392260587382028,0.0,0.0,0.0,0.0,0.0,1.0,0.022135611762850095,1.0,0.0032747524472591496,0.031613970508282206,0.0,0.0,0.0,0.0,0.0,1.0,0.0,1.0,0.0,0.0,1.0,0.0,1.0,1.0,1.0,0.0,0.0,1.0,1.0,0.0,0.0,0.13246603454008457,0.0,0.0
gex_possorted_bam_SJSO3:CTACGAAGTTCATTTGx-M1,0.0809079799219371,0.0,0.3636796475139144,0.0010168596906217173,0.802965003789965,0.32337322958157716,0.0,0.00759925391833259,0.0,0.0,0.898552735815722,0.0,0.0,0.0,0.0,0.0,0.9954040888745875,1.0,0.0,1.0,0.7772599122451832,0.7409729385732118,0.20500194775280273,0.6128533624963184,0.0,0.0,0.4812233065930141,0.02930346593380019,0.0,0.0027187760509451942,0.0,0.3964084502155786,0.17993426948069627,0.0,0.1581436971235277,0.031225399172562826,0.0,0.04788504391479323,0.0009551353765670208,0.0,0.3151777404120123,0.0,0.0,0.0,0.2000769760713258,0.031095712091276956,0.0,0.20510445045764567,0.0,0.2688901877849112,0.0,0.0,0.9634588973897247
gex_possorted_bam_SJSO3:CTACGAAGTTTGTGGAx-M1,0.0,0.40306255834532645,0.8732410428833537,0.1648106628021059,0.0,0.04397159683813847,1.0,0.0,1.0,0.005063536371582691,1.0,0.6274631415962344,0.9012879766369785,1.0,0.0,1.0,1.0,0.8275855264439853,1.0,0.0,0.0,0.0,0.0,0.0,1.0,0.2653447067434049,1.0,0.33729778986041686,0.471123855144713,0.2107232460323265,0.9897219963194192,0.0,0.0,0.1364738181712697,1.0,0.0,1.0,0.0,0.0,1.0,0.0,1.0,1.0,1.0,0.0,0.054292080755748776,1.0,1.0,0.24502874186894372,0.0,0.6073836851750564,0.2086895205345842,0.0
gex_possorted_bam_SJSO3:CGTTTCTCAGGCAAGCx-M1,0.0,0.0,0.09334629691880653,0.0,0.0,0.0,0.0,0.031688136162382585,0.0,0.0,0.0,0.0,0.0,0.0,0.025645666164443835,0.0,0.16655776444579315,0.0,0.0,1.0,0.2702886031121609,0.3309123345882975,0.0,0.4861014969095814,0.0,0.0,0.4111914006886855,0.0,0.0,0.0,0.16928307182314933,0.0,0.019004694016201976,0.0360584395202659,0.3941310083850452,0.0,0.049628385236436784,0.0,0.0,0.3244181614092922,0.0,0.0,0.0,0.0,0.0,0.0,0.0,0.1089578685652418,0.0,0.0,0.0,0.0,0.43159642175376334
gex_possorted_bam_SJSO3:CTAATAGTCAATGTCAx-M1,0.11858782509960443,0.0,0.6030014335140572,0.03583618853826328,0.6642119819119136,1.0,0.0,0.0021536899906055506,0.0,0.23631426065917677,1.0,0.0,0.0,0.0,0.2310474772488303,0.0,1.0,1.0,0.0,1.0,0.9562046035412655,1.0,0.25769605075195756,0.9209371464335704,0.0,0.0,0.27637020436425697,0.0,0.0,0.18824115529120117,1.0,0.2635577702254027,0.2689142438684993,0.05079537562206535,0.14507616462893916,0.19424357085809008,0.0,0.06466965480061425,0.1660130144734856,0.25861532523590064,0.0,0.0,0.0,0.26463599258148146,0.3054159754074424,0.14812585968193936,0.0,0.0,0.11091129335832796,0.280552411257192,0.0,0.12274233659673094,1.0
gex_possorted_bam_SJSO3:CTAAAGCTCTTTAAGGx-M1,0.0,0.0,0.9358307965276353,0.0,0.764861538132019,0.5082252946239794,0.7797580942322557,0.33078171740626405,0.521478826870437,0.0,1.0,0.0,0.0,0.0,0.0,0.0,1.0,1.0,0.0033772424497785693,1.0,0.7048189990698134,0.7375916361427418,0.07020120393449616,0.4502254313012844,0.0,0.0,0.8372193124503478,0.0,0.0,0.0,0.0,0.718954528620672,0.15338630961494235,0.0,0.3534594375485187,0.0,0.0,0.0,0.10265272160263379,0.2230184384614458,0.8454903173962155,0.0,0.0,1.0,0.01925528207435703,0.027196812024383257,0.30767536592283384,0.41542158657858047,0.0,0.01993906927709446,0.0,0.0,1.0
gex_possorted_bam_SJSO3:CTAACCACAAGCCAGAx-M1,0.07661489465755182,1.0,1.0,0.23019790979450044,0.0,0.5296977702365967,1.0,0.5450577310335342,0.17437404355111738,1.0,0.0,1.0,0.0,0.14626198665885454,0.7815555790005252,0.5637541725571349,0.4554045077817365,0.0,0.0,1.0,0.4303516545163519,0.3668403199097185,0.20487648960805419,0.6844346866369797,0.0,0.0,0.03236300771690244,0.6275004077625838,0.46394200394881796,0.15996251685048005,1.0,0.0,0.29859313472148236,0.5451038275332738,0.5498357892647747,0.5501032905476058,0.5066284695623957,0.16013196843648864,0.6008803983513463,1.0,0.6709430820631278,1.0,0.0,0.6773561827647229,0.2875054099396804,0.27492102940353585,0.0,0.0,0.4344331010927799,0.5253821260393633,0.029798703339175846,0.12829850445974028,0.7919770819145332
gex_possorted_bam_SJSO3:CTAACCTGTGGGTACTx-M1,0.018553963879959934,0.0,0.0,0.0,0.186091974209903,0.160129726557804,0.0,0.0,0.0,0.0,0.951567374110958,0.0,0.0,0.0,0.0,0.0,0.8908665764881574,1.0,0.0,1.0,0.6016057272095793,0.6783327677309313,0.13017298020048426,0.6972347114840902,0.0,0.0,0.45617284579373774,0.0,0.0,0.0,0.0,0.12035120221987294,0.1064792410341399,0.0,0.25120991046797836,0.0,0.0,0.04312801150033119,0.0,0.0,0.0,0.0,0.0,0.0,0.018978813548280654,0.0,0.0,0.40307454916369645,0.0,0.0,0.0,0.0,0.6647752573395118
gex_possorted_bam_SJSO3:CGTTATTTCTTGATGAx-M1,0.0,0.0,0.0,0.0,0.0,0.0,0.5737041045169573,0.0,0.9621477290832253,0.0,1.0,0.4362279933414661,0.0788382206752105,1.0,0.0,1.0,1.0,0.781587917862706,0.8150671331466413,0.0,0.0,0.0,0.0,0.0,1.0,0.02944831658926893,1.0,0.0,0.0030734352033335685,0.0,0.0,0.0,0.0,0.0,1.0,0.0,1.0,0.0,0.0,0.960780628786368,0.0,1.0,0.7338079418715999,0.15249498968159206,0.0,0.0,1.0,1.0,0.0,0.0,0.1656772591107676,0.0,0.0
gex_possorted_bam_SJSO3:CTACAACAGACAGGCGx-M1,0.03334314313764173,0.0,0.034072103359418814,0.0,0.41720569449177664,0.20907781097767303,0.0,0.0,0.0,0.0,0.9764792310340127,0.0,0.0,0.0,0.0,0.0,0.9362601472024468,1.0,0.0,1.0,0.534934076074244,0.7288040557381512,0.15483409289837347,0.5816040782822447,0.0,0.0,0.52036174613217,0.0,0.0,0.039059893367636773,0.0,0.20677468236162644,0.14063523482224577,0.0,0.2528161319028648,0.0,0.0,0.0037064319229179296,0.0,0.0,0.0,0.0,0.0,0.0,0.07350448974611255,0.0,0.0,0.38116846422203554,0.0,0.02124475297322924,0.0,0.0,1.0
gex_possorted_bam_SJSO3:CTAAGGTTCAGGCTATx-M1,0.0,0.6623236913700038,1.0,0.056649671134957634,0.0,0.0,1.0,0.0,1.0,0.13677416847187018,1.0,1.0,0.45160988481607356,1.0,0.0,1.0,1.0,0.0,0.9313449707709994,0.0,0.0,0.0,0.0,0.0,1.0,0.12566290923489765,1.0,0.3941431219146858,0.11414804819733008,0.02465876979756597,1.0,0.0,0.0,0.09940845957106376,1.0,0.0,1.0,0.0,0.0,1.0,0.20573621792202498,1.0,1.0,1.0,0.0,0.0,1.0,1.0,0.18674335058739552,0.0,0.3117351588606008,0.05604751459490885,0.0
gex_possorted_bam_SJSO3:CGTTATCGTCTTTGACx-M1,0.0,0.038593802330165405,1.0,0.007049170678346824,0.0,0.0,1.0,0.0,1.0,0.04253288906000133,0.8970808330314634,0.8039392178325211,0.47100300302697784,1.0,0.0,1.0,1.0,0.0,0.4878795755378822,0.0,0.0,0.0,0.0,0.0,1.0,0.11714524259546058,1.0,0.32839955831395135,0.08168056738588438,0.01596749578322972,1.0,0.0,0.0,0.00380966648423776,1.0,0.0,1.0,0.0,0.0,1.0,0.0,1.0,1.0,1.0,0.0,0.0,1.0,1.0,0.1463131346111535,0.0,0.30583357536324485,0.0478352883612288,0.0
gex_possorted_bam_SJSO3:CTAATCGCAACTAACTx-M1,0.03197860934252022,0.0,0.0,0.0,0.4093867133536882,0.18814818349271376,0.0,0.0,0.0,0.0,1.0,0.0,0.0,0.0,0.0,0.0,1.0,1.0,0.0,0.8202810077938972,0.5323138466149198,0.6598730017695388,0.15003366412154426,0.5759388748736678,0.0,0.0,0.46669020108391096,0.0,0.0,0.0,0.0,0.1027601106264755,0.11505800382253709,0.0,0.2495588071277942,0.0,0.0,0.03031570707543989,0.0,0.0,0.0,0.0,0.0,0.0,0.0,0.0,0.0,0.46441510533309976,0.0,0.0,0.0,0.0,0.8248298240064498
gex_possorted_bam_SJSO3:CGTTGCGCAAAGCGCAx-M1,0.0,0.0,0.39963295521687925,0.0,0.0,0.0,1.0,0.0,0.9677830772166403,0.0,1.0,0.7970556127482367,0.1479987133432014,1.0,0.0,1.0,1.0,0.0,0.5516476485935097,0.0,0.0,0.0,0.0,0.0,1.0,0.007967971538642756,1.0,0.017665095465988996,0.13365382587836533,0.0,0.0,0.0,0.0,0.0,1.0,0.0,1.0,0.0,0.0,1.0,0.0005622631804901903,1.0,0.8710055076067387,1.0,0.0,0.0,0.906759652475378,1.0,0.0,0.0,0.1911020154624836,0.0,0.0
gex_possorted_bam_SJSO3:CTAACCACAATCGCACx-M1,0.042797564378356426,0.0,0.0,0.0,0.3129763339907665,0.2383737688129667,0.0,0.0,0.0,0.0,0.8771634978853009,0.0,0.0,0.0,0.02680915096676912,0.0,0.8293502404142129,0.9252427992554012,0.0,1.0,0.6129307424853926,0.7643654895766151,0.1456573340425753,0.6854504280266716,0.0,0.0,0.397259665282158,0.0,0.0,0.0,0.04289028838195625,0.04940831089189775,0.14835158763872777,0.0,0.25523866749893914,0.01052388203964471,0.0,0.021906436862438018,0.007317432250034617,0.0640595464893237,0.0,0.0,0.0,0.0,0.10182361297624239,0.0,0.0,0.23335548093168876,0.0,0.0,0.0,0.0,0.9805429804942289
gex_possorted_bam_SJSO3:CTAACCTGTGGGTGAAx-M1,0.0,0.0,0.0,0.0,0.0,0.0,0.4592326334518642,0.0,0.9043270742026632,0.0,1.0,0.3209536054730825,0.05259464183433777,1.0,0.0,1.0,1.0,1.0,0.9500901076871234,0.0,0.0,0.0,0.0,0.0,1.0,0.0,1.0,0.0,0.13692040764991661,0.0,0.0,0.0,0.0,0.0,1.0,0.0,1.0,0.0,0.0,1.0,0.0,1.0,0.8802916060370665,0.3085585328061668,0.0,0.0,1.0,1.0,0.0,0.0,0.22307323974783863,0.0,0.0
gex_possorted_bam_SJSO3:CTAAATGTCGCAATCGx-M1,0.20726124037443674,0.08022397437840181,1.0,0.18738547511476497,1.0,1.0,0.0,0.11868855537980441,0.1389110029114673,0.7794357137581069,0.8799103595014015,0.0,0.07560241017359207,0.0,0.477874314679172,0.00892430836886368,1.0,0.8572742500118743,0.0,1.0,0.722234865416018,1.0,0.45856619233718193,0.7022420206905963,0.0,0.25169351525707984,0.21478944512340073,0.2528303541103917,0.0,0.3720747209678359,1.0,0.7161106441310624,0.400407949193066,0.26348916353895446,0.1840249868439693,0.36720698781304284,0.0,0.2043272347320745,0.3314773780812962,0.4188392180637418,0.43082556540062356,0.0,0.08329399620640707,0.7102268768689266,0.3768648457634839,0.26919122449181715,0.4280829719881605,0.0,0.3816184297949916,0.7365311329305815,0.040937589253416326,0.2833498477517098,1.0
gex_possorted_bam_SJSO3:CGTTATTTCCCGAAGCx-M1,0.0,0.0,0.2179546510254212,0.0,0.0,0.0,0.3444553063768664,0.0,0.3288774086637312,0.0,0.3860867977453152,0.4221481368807762,0.0,0.1980612149380121,0.0,0.6920718162212303,0.5441733517067242,0.0,0.0,0.0,0.0,0.0,0.0,0.0,0.13100763964251738,0.0,1.0,0.0,0.0,0.0,0.0,0.0,0.0,0.0021552941274603516,1.0,0.0,0.9719198488330297,0.0,0.0,0.8572746681398907,0.0,0.9734726925569372,0.13578664351590947,0.18995591599594314,0.0,0.0,0.09841251650514614,1.0,0.0,0.0,0.010629681190203777,0.0,0.0
gex_possorted_bam_SJSO3:CTACCTCAGTTCCCGTx-M1,0.0,0.0,0.0,0.0,0.0,0.0,0.6786163361555965,0.0,1.0,0.0,1.0,0.5265563595071446,0.003641068851262034,1.0,0.0,1.0,1.0,0.6048360198291832,0.7569074927369542,0.0,0.0,0.0,0.0,0.0,1.0,0.02395421791114064,1.0,0.0,0.021243557765142144,0.0,0.0,0.0,0.0,0.0,1.0,0.0,1.0,0.0,0.0,1.0,0.0,1.0,0.822636667268286,0.4982792886048447,0.0,0.0,0.9278667065488589,1.0,0.0,0.0,0.3095949011233539,0.0,0.0
gex_possorted_bam_SJSO3:CTAAATGTCAAATCGCx-M1,0.018235883267738187,0.0,0.6635667549841641,0.0,0.30421201201948445,0.37395520766898926,0.0,0.0,0.0,0.15030204943500805,0.7636295472358418,0.0,0.0,0.0,0.16516312443470293,0.0,0.7371551403797936,0.5602048777847874,0.0,1.0,0.6815727962284929,0.749417425061757,0.162173495069578,0.6531717268106827,0.0,0.0,0.32855118852143883,0.0,0.0,0.0,0.809383000972211,0.05279793394105148,0.15216006987346495,0.0,0.2925060937613732,0.08371816858165085,0.0,0.02541978530792945,0.04502290768463168,0.3811868296504568,0.0,0.0,0.0,0.0,0.1366117818736543,0.05839168170751849,0.0,0.0,0.01020637325344462,0.13332894894667752,0.0,0.02090289960208658,1.0
gex_possorted_bam_SJSO3:CTAATGTCATTGTGGCx-M1,0.011081989518713255,0.0,0.0,0.0,0.20091058792158126,0.025688432167570663,0.0,0.0,0.0,0.0,0.7911536217662951,0.0,0.0,0.0,0.0,0.0,0.733110537437733,0.853784864644087,0.0,0.9508946706011574,0.47708808498613225,0.6319389491721961,0.11179944997397104,0.6103201444372299,0.0,0.0,0.4490740707095251,0.0,0.0,0.0,0.0,0.023512804679105968,0.09943952120326423,0.0,0.25949289460975034,0.0,0.0,0.020280125255355018,0.0,0.01598803543317113,0.0,0.0,0.0,0.0,0.0,0.0,0.0,0.2738107937819881,0.0,0.0,0.0,0.0,0.7558257124697024
gex_possorted_bam_SJSO3:CTAACCACAGGCCATTx-M1,0.0,0.0,0.6399107776400322,0.0,0.0,0.0,0.7572518075394883,0.0,0.8723873934582389,0.0,1.0,0.7002140094225343,0.08856954876980097,1.0,0.0,1.0,1.0,0.004555630589212488,0.5570332902379165,0.0,0.0,0.0,0.0,0.0,1.0,0.03832974380084429,1.0,0.030318813280913997,0.0,0.0,0.0,0.0,0.0,0.0,1.0,0.0,1.0,0.0,0.0,1.0,0.0,1.0,1.0,1.0,0.0,0.0,1.0,1.0,0.0,0.0,0.19118599064603725,0.0,0.0
gex_possorted_bam_SJSO3:CTAATCGCACGTTACAx-M1,0.06890111626259149,0.0,0.07740264971325005,0.0,0.5730408029139632,0.6159756455679448,0.0,0.0,0.0,0.0,1.0,0.0,0.0,0.0,0.0,0.0,1.0,1.0,0.0,1.0,0.7721580786485679,0.9094674537015885,0.20192948657657242,0.7474623895960113,0.0,0.0,0.3954482175451642,0.0,0.0,0.07093164599484662,0.0,0.19959269309086553,0.19961568290715412,0.0,0.14380488198771788,0.0,0.0,0.04381569453370696,0.0,0.0,0.0,0.0,0.0,0.0,0.1617391047404957,0.0,0.0,0.2805426902766242,0.0,0.06722914486091243,0.0,0.0,1.0
gex_possorted_bam_SJSO3:CGTTTCTCAAGCTAAAx-M1,0.10258805646272537,0.0,0.1662046928350648,0.02315089381215565,0.3102746625017431,0.5596833156811367,0.0,0.035474893947442625,0.0,0.06723930200461373,0.8879679576148194,0.0,0.0,0.0,0.12698402883889315,0.0,0.8458274244194642,1.0,0.0,1.0,0.7568768046362532,0.8330516862906134,0.2573150828687826,0.8317750003221694,0.0,0.0,0.2889547864846718,0.0,0.0,0.13692658082491455,0.520403172378382,0.015716290160047518,0.23178821298245056,0.0,0.21842069305661393,0.127189120581598,0.0,0.017872901995989073,0.11084220499592065,0.19588715490652464,0.0,0.0,0.0,0.0,0.07904213514324629,0.11545319912431547,0.0,0.05719571075275494,0.06602821435349297,0.12140464240388152,0.0,0.054506746034280816,1.0
gex_possorted_bam_SJSO3:CTAAGTCAGTCACTAAx-M1,0.0,0.025920338433517508,0.8720640667958267,0.04284423524296399,0.9134936000393998,0.775290806121679,1.0,0.4890706930806943,0.6880170190460385,0.0,1.0,0.0,0.11194389006368993,0.0,0.0,0.0,1.0,1.0,0.1729825615275487,1.0,0.7522333913987586,0.7571757885181198,0.12700862715852762,0.27952760417944833,0.1708162488741646,0.021694405518393505,1.0,0.0,0.2465326761210104,0.0,0.0,0.6767251896338605,0.14143590518512306,0.0,0.5525000820101854,0.01995136353941453,0.0,0.0,0.17484484019428478,0.4077984068081769,1.0,0.0,0.0,1.0,0.0,0.12798567989824805,0.5699197753726691,0.4337368716153829,0.05846262487504349,0.07150387960340739,0.0,0.0,1.0
gex_possorted_bam_SJSO3:CTAAATGTCAATGACCx-M1,0.15493079179730607,0.0,0.4572184850749617,0.10041775538249723,0.37449499698373534,0.7003701519156253,0.0,0.13027894067047494,0.0,0.17663040424411924,0.9365679330797566,0.0,0.0,0.0,0.20959115581987783,0.0,0.9153340747372856,1.0,0.0,1.0,0.9532562385498285,0.9808715529818222,0.2431332956511837,0.877621289632157,0.0,0.0,0.18513511973996682,0.038448204720394855,0.17468518696040955,0.14811920654666041,0.7994444373510415,0.08028752253235161,0.31458378888951466,0.0,0.12453449371916779,0.22214108678227382,0.0,0.09265300980202462,0.20770672501096196,0.13864850352886413,0.0,0.0,0.0,0.0,0.31635408136826026,0.1381895049493885,0.0,0.1022727737730801,0.03451150411518908,0.20175533385266642,0.0,0.09881993674094645,1.0
gex_possorted_bam_SJSO3:CTAACCCTCAGGGCCTx-M1,0.0011298211374818543,0.0,0.29823365305985156,0.0,0.3693773337987986,0.13394756414413006,0.0,0.0,0.0,0.015574324906694517,0.6120270979774279,0.0,0.0,0.0,0.029924955813476567,0.0,0.6223537772243122,0.5209560440942661,0.0,1.0,0.5422978361849324,0.7501148664779741,0.14805448727606066,0.6743762438301003,0.0,0.0,0.40395969913220753,0.0,0.0,0.0,0.07958280208290235,0.07923167576195866,0.13448025133109132,0.0,0.21800581171121713,0.028231067027250353,0.0,0.016458882864833366,0.0,0.08457456840239283,0.0,0.0,0.0,0.0,0.09707178483907379,0.01937172732100733,0.0,0.06937210902913592,0.0,0.06834182344587811,0.0,0.0,1.0
gex_possorted_bam_SJSO3:CTAACCCTCGTTAGTAx-M1,0.0,1.0,1.0,0.25238496275684225,0.0,0.5533785601758746,1.0,0.0,1.0,0.3884739381693653,1.0,1.0,1.0,1.0,0.0,1.0,1.0,1.0,1.0,0.0,0.0,0.0,0.0,0.0,1.0,0.30566746387449056,1.0,0.8853335194460467,0.19550811886504807,0.44016084704597347,1.0,0.0,0.0,0.2188730829741078,1.0,0.0,1.0,0.0,0.0,1.0,0.12585241947393191,1.0,1.0,1.0,0.0,0.07180715879853396,1.0,1.0,0.47920429813094967,0.0,0.7427108565258748,0.2728033295722803,0.0
gex_possorted_bam_SJSO3:CTAACCTGTCCTTTAAx-M1,0.0,0.0,0.11846105199135004,0.0,0.0,0.0,0.5458147132060756,0.0,1.0,0.0,0.9276592695193501,0.42827351178932704,0.015084168586662488,1.0,0.0,1.0,0.9435980729460821,0.1774680658295509,0.4901287017441366,0.0,0.0,0.0,0.0,0.0,1.0,0.0024397039164410885,1.0,0.0,0.0,0.0,0.0,0.0,0.0,0.0,1.0,0.0,1.0,0.0,0.0,1.0,0.0,1.0,0.7818740562287327,0.5345895287066901,0.0,0.0,0.8610506168247719,1.0,0.0,0.0,0.2722090719675961,0.0,0.0
gex_possorted_bam_SJSO3:CTAACCACATAGACCCx-M1,0.02961265223857682,0.3003800023047082,0.8169340146575316,0.012049032116141313,0.29240763039141887,0.6983641133353644,0.2428078642921624,0.10576953029618257,0.0,0.43261490396289987,0.6112946790301724,0.0,0.0,0.0,0.3871868095966846,0.15847625094049544,0.9726579391272143,0.661102892887459,0.0,1.0,0.7803484919737431,0.770520789694195,0.1917585195288925,0.8112552184452307,0.0,0.0,0.17878831342580206,0.1504137483084763,0.0,0.10608329567464465,1.0,0.0,0.2426171603563442,0.05992985553557488,0.26741157421561,0.20379876554077553,0.0,0.0024442752042923032,0.2515864720227238,0.5041285380088627,0.0,0.16735511046128831,0.0,0.18346173295940127,0.2445144609739591,0.07647549278744943,0.0,0.0,0.12766653261376412,0.2280109574685935,0.0,0.013551608511736993,1.0
gex_possorted_bam_SJSO3:CGTTATTTCCAAGTTAx-M1,0.0,0.04879570405078187,0.45469589690681667,0.01539304297426244,0.0,0.0,1.0,0.08750347571786539,1.0,0.0,1.0,0.29084695305884317,0.43567296733959116,1.0,0.0,1.0,1.0,0.6197330349933567,0.7475890355975816,0.0,0.0,0.0,0.0,0.0,1.0,0.10736560688916268,1.0,0.15551671639684128,0.13876093377936008,0.0,0.0,0.0,0.0,0.029169835154476055,1.0,0.0,1.0,0.0,0.0,1.0,0.0,1.0,0.8671118694897897,1.0,0.0,0.0,1.0,1.0,0.0020145771871979495,0.0,0.42567043625740764,0.0,0.0
gex_possorted_bam_SJSO3:CTAAGTCAGGGACTAAx-M1,0.0,0.0,0.0,0.0,0.0,0.0,0.624003465456578,0.0,1.0,0.0,1.0,0.25891331448215027,0.1839985122546796,1.0,0.0,1.0,1.0,1.0,1.0,0.0,0.0,0.0,0.0,0.0,1.0,0.034466587640344715,1.0,0.0,0.0,0.0,0.0,0.0,0.0,0.0,1.0,0.0,1.0,0.0,0.0,1.0,0.0,1.0,1.0,1.0,0.0,0.0,1.0,1.0,0.0,0.0,0.23863808990723584,0.0,0.0
gex_possorted_bam_SJSO3:CTATGACAGTAAGAACx-M1,0.13466288349181257,0.1693836546604476,1.0,0.12195629425800368,1.0,1.0,0.5608042990691917,0.26511283762127924,0.10255285047876533,0.5054355752959387,1.0,0.0,0.18153039342145763,0.0,0.2285531785254089,0.0,1.0,1.0,0.042290872129765476,1.0,1.0,1.0,0.3274453366703393,0.6969698020281756,0.0,0.09277192694662455,0.4775369070369346,0.11760912214507298,0.0,0.21476837037925461,0.9288081461308124,0.5639109920687007,0.34698140476256684,0.03781711549806954,0.306643626563754,0.2503724038755686,0.0,0.09708855427921327,0.3388246099571479,0.42286240352785526,0.49366966915041144,0.0,0.0,1.0,0.35033375107846365,0.23707101984570733,0.45029179002068265,0.04426982883141818,0.3160560405632462,0.5525576415457281,0.0,0.130362071386189,1.0
gex_possorted_bam_SJSO3:CTATGAGGTACCTTACx-M1,0.23846694311040492,0.05889165458294634,1.0,0.1426356830117795,1.0,1.0,0.005798278708876844,0.1797163069651365,0.0,0.5396839535077519,1.0,0.0,0.22162945651829347,0.0,0.3679614691144796,0.0425847047127504,1.0,1.0,0.18433887416532532,1.0,1.0,1.0,0.4422584370264758,0.8394797489979335,0.0,0.1940844591657799,0.4092762107384176,0.2068926764409478,0.0,0.4091701956075324,0.9132490935047493,0.7636626046072992,0.4559304876316577,0.03145355195163767,0.26145130888291207,0.29788066588070544,0.0,0.13386161169090255,0.3441065734328382,0.30921185532764917,0.3896489448245571,0.0,0.09967181963668673,1.0,0.46690150179100787,0.2440656389556299,0.6559096108363652,0.17207518277472822,0.3436658274468794,0.6130642867854266,0.0,0.1993064756532144,1.0
gex_possorted_bam_SJSO3:CTAGCGGGTCAAAGGGx-M1,0.09940190370016935,0.0,0.0,0.0,0.2989159641596953,0.47139565992412047,0.0,0.0,0.0,0.0,1.0,0.0,0.0,0.0,0.0,0.0,1.0,1.0,0.0,1.0,0.6285890934251569,0.8158690833277058,0.1753974669360651,0.7254662659464949,0.0,0.0,0.39432429902162314,0.0,0.0,0.025216128356408882,0.0,0.08270867524701116,0.15427934632204954,0.0,0.20651943950820736,0.03477848720925082,0.0,0.0802130432723407,0.025532352528773505,0.0,0.0,0.0,0.0,0.0,0.1728178370062077,0.022297382109871373,0.0,0.2057233094351063,0.0,0.0,0.0,0.018900301584512703,0.9128629198059358
gex_possorted_bam_SJSO3:CTATGGCCAGCACGTTx-M1,0.0,0.3683067961635883,1.0,0.05923747607116644,0.0,0.04266825938613404,1.0,0.0,1.0,0.0,1.0,0.8994894948109579,0.6490454926609978,1.0,0.0,1.0,1.0,0.9680998630060664,1.0,0.0,0.0,0.0,0.0,0.0,1.0,0.20536217783399469,1.0,0.4528844578359184,0.04627593028975905,0.11285488291757655,1.0,0.0,0.0,0.07648121289210634,1.0,0.0,1.0,0.0,0.0,1.0,0.0,1.0,1.0,1.0,0.0,0.0,1.0,1.0,0.16090705389402002,0.0,0.4114701716618648,0.115820735925014,0.0
gex_possorted_bam_SJSO3:CTAGCTTGTTTAGCTCx-M1,0.06220544010592106,0.0,0.0,0.0,0.22356020232014018,0.0,0.0,0.0,0.0,0.0,0.6626121298241135,0.0,0.0,0.0,0.017484804696159113,0.0,0.6140195368745123,0.5353742544037788,0.0,0.9834774105752884,0.5473502877562848,0.5577672457958339,0.16265874820460402,0.6031058567655976,0.0,0.0,0.5313060532583617,0.0,0.0,0.0,0.0,0.1755689478241729,0.12428469941082859,0.05002895812598754,0.31052618765061163,0.0,0.0,0.07359307951631903,0.0,0.0,0.0,0.0,0.0,0.0,0.0,0.0,0.0,0.23853294388312957,0.0,0.0,0.0,0.0,0.5174046149476748
gex_possorted_bam_SJSO3:CTATGATCAGTTTACGx-M1,0.0,0.0,0.0,0.0,0.0,0.0,0.4842765383945509,0.0,1.0,0.0,1.0,0.25016758943667405,0.14324890567177498,1.0,0.0,1.0,1.0,0.9417877015709167,1.0,0.0,0.0,0.0,0.0,0.0,1.0,0.02213883784622829,1.0,0.0,0.20424701865152667,0.0,0.0,0.0,0.0,0.0,1.0,0.0,1.0,0.0,0.0,1.0,0.0,1.0,0.7322622753633172,0.017435252803094454,0.0,0.0,0.9962507950123539,1.0,0.0,0.0,0.3883958641678547,0.0,0.0
gex_possorted_bam_SJSO3:CTACTTAGTTCACCCAx-M1,0.25331411845163954,0.05719579636066311,0.0,0.14359648838257952,0.5544077987764625,0.8587559851660815,0.0,0.1498326396069408,0.0,0.24620029343324654,1.0,0.0,0.0,0.0,0.2761857458009467,0.07373980950553886,0.9139733613583513,1.0,0.0,1.0,0.985798174885354,1.0,0.32735120873106843,0.9818410112056492,0.0,0.0,0.1332110410636998,0.08181483869706047,0.07096415833488662,0.24013323358125713,0.71172958655342,0.2159283177870292,0.3277612919057664,0.05443129335037792,0.15433858316872662,0.28583959768473355,0.0,0.16114836883857542,0.2739706653832843,0.17615107160295032,0.0,0.0,0.0,0.0,0.3566063895591851,0.20027225893419537,0.0,0.024226438520134317,0.14477455846046758,0.13612251046008697,0.03574234144166674,0.22371620059930228,1.0
gex_possorted_bam_SJSO3:CTATGTTTCTTGCAAAx-M1,0.21331328942310454,0.0,0.23702805114991513,0.08341754764660149,0.7383778372674223,0.9320310614416287,0.0,0.012721788799340107,0.0,0.18704133651582314,1.0,0.0,0.0,0.0,0.2346629507707007,0.0,1.0,1.0,0.0,1.0,0.9019699445100104,1.0,0.3624352735955567,0.8667940528933564,0.0,0.02506820023864413,0.3234476087307208,0.0,0.0,0.31960756824588477,0.2568521383865795,0.39148951988322483,0.3438963562616926,0.015381447577115495,0.17356523920747222,0.19236568544595586,0.0,0.13341250876543617,0.17418588304014923,0.0,0.0,0.0,0.0,0.0,0.2833953230660632,0.16336192874504654,0.0,0.1996771596245528,0.12956572120668183,0.3025919811198796,0.0,0.16183451295303017,1.0
gex_possorted_bam_SJSO3:CTATTACTCAAGCCTGx-M1,0.01758038192672921,0.0,1.0,0.0,0.5979295605710522,0.6690353622247197,0.7907920148756805,0.2985915248470059,0.16237800305909422,0.014774150808145106,1.0,0.0,0.0,0.0,0.0,0.0,1.0,1.0,0.0,1.0,0.7914467008636095,0.7744330193757603,0.11022758410940861,0.5442673756430627,0.0,0.0,0.6590611397409243,0.0,0.0,0.0,0.22586212697076044,0.4939756467699625,0.2006644280245733,0.0,0.4143489030480904,0.041835472876186566,0.0,0.0,0.1410801794303506,0.3499455556169708,0.4977397235384051,0.0,0.0,0.8858521061393679,0.11916135155011946,0.03281695017964283,0.28493880417161443,0.36542752225536823,0.021836257254780226,0.058508068336069384,0.0,0.0,1.0
gex_possorted_bam_SJSO3:CTAGCGGGTTGTCATCx-M1,0.0332249265740261,0.0,1.0,0.03800480520839217,0.9565640635664797,0.935247835330111,0.716834928050928,0.23975545397063533,0.2186586993201395,0.11805329946535605,1.0,0.0,0.08669803958811231,0.0,0.0,0.0,1.0,1.0,0.0,1.0,0.7781366477717793,0.8600949561444587,0.16720845981005117,0.4852930088828314,0.0,0.01570258512296888,0.7655276208628204,0.0,0.0,0.0,0.10393254389121057,0.7130574284526704,0.1874070668316036,0.0,0.4246267568708121,0.0738587737358852,0.0,0.007246524829494488,0.20028052372268687,0.37227826359146526,0.6130255661553862,0.0,0.0,1.0,0.0677767030516692,0.10615127480703976,0.4122371036522146,0.3187500116758104,0.12507841519980267,0.23242238216122263,0.0,0.0,1.0
gex_possorted_bam_SJSO3:CTATGACAGCGCCTAAx-M1,0.0,0.0,0.13335777701086718,0.0,0.19101322037799176,0.0,0.0,0.027283495007748446,0.0,0.0,0.5196846343250321,0.0,0.0,0.0,0.0,0.0,0.7182164776694068,0.5095893337001121,0.0,1.0,0.46698417326076075,0.6282335823988382,0.046518575963543744,0.6300792669101501,0.0,0.0,0.4635487504266966,0.0,0.0,0.0,0.0,0.16611623481254373,0.12924187326918776,0.0,0.2531516767270225,0.0,0.0,0.0,0.00791805065731557,0.08922649510940174,0.0505197988136658,0.0,0.0,0.0,0.0,0.0,0.0,0.18656900706165755,0.0,0.0,0.0,0.0,0.947758002444078
gex_possorted_bam_SJSO3:CTATGATCAGGCTACTx-M1,0.0,0.0,0.0,0.0,0.22405236182094398,0.0,0.0,0.05978756588636601,0.0,0.0,0.8121661366317724,0.0,0.0,0.0,0.0,0.0,0.98872171349437,1.0,0.0,1.0,0.3315876378246545,0.5132733173571896,0.06726068711839343,0.42655155977099174,0.0,0.0,0.6682053330082868,0.0,0.0,0.0,0.0,0.22381001219226143,0.07289238957373534,0.0,0.35322001094291455,0.0,0.0,0.0,0.0,0.009532040007320802,0.17026056520723767,0.0,0.0,0.0,0.0,0.0,0.0,0.642397188084399,0.0,0.0,0.0,0.0,0.7152479610659458
gex_possorted_bam_SJSO3:CTAGCTTGTAACCAGCx-M1,0.04098482681953289,0.0,0.0,0.0,0.3360394310646368,0.2866024521764957,0.0,0.0,0.0,0.0,1.0,0.0,0.0,0.0,0.0,0.0,1.0,1.0,0.0,0.8560949046716039,0.608757426300054,0.7361034198419601,0.1317394813195109,0.6626649670101911,0.0,0.0,0.4804093801375021,0.0,0.0,0.013493814226346882,0.0,0.08397062774632738,0.11706482019586628,0.0,0.21711603417723943,0.0,0.0,0.09242636934407235,0.0,0.0,0.0,0.0,0.0,0.0,0.09876427090321742,0.0,0.0,0.47197904813941344,0.0,0.0,0.0,0.0,0.7495077443813535
gex_possorted_bam_SJSO3:CTAGTCGAGTAAGAACx-M1,0.09897770724134662,0.07513875744247894,1.0,0.0689956280938846,0.9299011528863813,1.0,0.0,0.046412524415937045,0.0,0.5972072536922138,1.0,0.0,0.0,0.0,0.37190701756673616,0.0,1.0,1.0,0.0,1.0,0.8894302541596381,1.0,0.29667795799887164,0.8370081132172408,0.0,0.022920022133528666,0.2836894332426201,0.15611471532991184,0.0,0.28944308010212066,1.0,0.3442866489622139,0.30925031310435197,0.06208368248607404,0.2134945118128142,0.24436230874342083,0.0,0.04983869796804389,0.2534311036054875,0.32170033351814287,0.02438166944027679,0.0,0.0,0.6861896478110291,0.4004440106448987,0.16564385190398886,0.025441719157266254,0.0,0.2296999082337022,0.5377044176975172,0.0,0.1392161006774779,1.0
gex_possorted_bam_SJSO3:CTATGACAGATAAAGCx-M1,0.0,0.0,0.0,0.0,0.02837931324949848,0.0,0.0,0.0,0.0,0.0,0.5243343417739366,0.0,0.0,0.0,0.0,0.0,0.5490736994119717,0.46347250907457327,0.0,0.7910584810611166,0.3360053226458422,0.5117560706973571,0.06399892641005298,0.5296391411640123,0.0,0.0,0.42910369465426035,0.0,0.0,0.0,0.0,0.0030945223740081276,0.054402393957031545,0.0,0.28961298885619025,0.0,0.0,0.0,0.0,0.04791308931733587,0.0,0.0,0.0,0.0,0.0,0.0,0.0,0.28342129036121894,0.0,0.0,0.0,0.0,0.4887849840248482
gex_possorted_bam_SJSO3:CTAGCTGAGGATCCGCx-M1,0.043631785868054225,0.0,0.0,0.0,0.33903067325389735,0.26249310909976586,0.0,0.0,0.0,0.0,0.9776814042452587,0.0,0.0,0.0,0.0,0.0,0.8876008008236764,1.0,0.0,1.0,0.5977117389236724,0.7858837032238837,0.11486225277726572,0.6872790819058917,0.0,0.0,0.4006121004405924,0.0,0.0,0.0,0.0,0.04414017539643776,0.14844678078920412,0.0,0.16514383948365524,0.0,0.0,0.0,0.0,0.0,0.0,0.0,0.0,0.0,0.05956970882485536,0.0,0.0,0.1726190802595859,0.0,0.0,0.0,0.0,0.92595523445825
gex_possorted_bam_SJSO3:CTAGTAGGTGCAATATx-M1,0.045087827291241674,0.0,0.12841885703202977,0.0,0.42437572196368734,0.4393551324097492,0.0,0.0,0.0,0.0,1.0,0.0,0.0,0.0,0.0648673859003797,0.0,1.0,1.0,0.0,1.0,0.700537209238797,0.8521423225621255,0.15881128270527914,0.7691562149779684,0.0,0.0,0.3699451461806385,0.0,0.0,0.0501600651555425,0.0,0.11644469633808739,0.17199920828539147,0.0,0.19537620533493788,0.03499199558069102,0.0,0.01879285823451084,0.023803339938910338,0.007938027299433367,0.0,0.0,0.0,0.0,0.11218786727381205,0.0,0.0,0.1520714918598772,0.0,0.004777067668804406,0.0,0.0,1.0
gex_possorted_bam_SJSO3:CTAGTAGGTTACGCGGx-M1,0.0,0.5136591630849503,1.0,0.04502266942129761,0.0,0.0,1.0,0.0,1.0,0.14440196072811726,1.0,1.0,0.5842411228759989,1.0,0.0,1.0,1.0,0.0,0.9894874590544898,0.0,0.0,0.0,0.0,0.0,1.0,0.1562712604918945,1.0,0.36928237838903194,0.07407030917272693,0.008915095756474024,1.0,0.0,0.0,0.09629072342362544,1.0,0.0,1.0,0.0,0.0,1.0,0.03243448318245751,1.0,1.0,1.0,0.0,0.0,1.0,1.0,0.19119538255216922,0.0,0.37431838293609976,0.0950987023961052,0.0
gex_possorted_bam_SJSO3:CTACTAAAGTTTGCGGx-M1,0.03517495388544955,0.0,0.0,0.0,0.1966131212505584,0.2626914610265136,0.0,0.0,0.0,0.0,1.0,0.0,0.0,0.0,0.0,0.0,1.0,1.0,0.0,0.7541143660978654,0.4973169249106606,0.6788878869479024,0.12603666984382125,0.5753969532251212,0.0,0.0,0.44973163928378673,0.0,0.0,0.0,0.0,0.0,0.11339911868427593,0.0,0.280148775530719,0.0,0.0,0.027069537126759604,0.0,0.0,0.0,0.01479933205991985,0.0,0.0,0.039347611656766895,0.0,0.0,0.59059760203804,0.0,0.0,0.0,0.0,0.5819207304591808
gex_possorted_bam_SJSO3:CTAGTGAGTTGTCATCx-M1,0.0,0.0,0.0,0.0,0.0,0.0,0.21683651722810307,0.0,0.6475451442587299,0.0,0.7995883997263217,0.16553346030626662,0.13595377817829787,1.0,0.0,1.0,0.7607976942263731,0.29885710386390185,0.6451766189102669,0.0,0.0,0.0,0.0,0.0,0.9916971693209444,0.0,1.0,0.0,0.2367821737916998,0.0,0.0,0.0,0.0,0.0,1.0,0.0,1.0,0.0,0.0,0.9047898124286613,0.013846740160311607,1.0,0.41009182581507164,0.0,0.0,0.0,0.6680094723097806,1.0,0.0,0.0,0.43933237510188083,0.0,0.0
gex_possorted_bam_SJSO3:CTAGTAATCGCTTGCTx-M1,0.0,0.0,0.0,0.0,0.05912114237237187,0.020012807119875888,0.0,0.0,0.0,0.0,0.5596739201355102,0.0,0.0,0.0,0.0421068703375957,0.0,0.6919388683625753,0.5011411654440376,0.0,1.0,0.4377209028301347,0.557411991096942,0.08105234015338438,0.6135340814032498,0.0,0.0,0.3685351506447356,0.0,0.0,0.0,0.13438850584314704,0.0,0.09127912573933612,0.0,0.29642249452146663,0.0013557990323885092,0.0,0.0,0.01684141447762018,0.22202185893682158,0.0,0.0,0.0,0.0,0.0,0.0,0.0,0.11971419947649915,0.0,0.0,0.0,0.0,0.7086056979895967
gex_possorted_bam_SJSO3:CTAGATTCAGCATGAGx-M1,0.10720307256747341,0.0,0.0,0.0,0.3681392337340618,0.5070067723345361,0.0,0.0,0.0,0.0,1.0,0.0,0.0,0.0,0.0,0.0,1.0,1.0,0.0,1.0,0.6749209209733869,0.8692890047757015,0.18624346499210012,0.7781485303488918,0.0,0.0,0.42690063310788956,0.0,0.0,0.012822467354922068,0.0,0.1648641321046254,0.18549265281277497,0.0,0.17456683382342317,0.01880851005533628,0.0,0.0696447676713877,0.0,0.0,0.0,0.0,0.0,0.0,0.19511189726569864,0.0,0.0,0.3033764729196482,0.0,0.0,0.0,0.014561055092639188,1.0
gex_possorted_bam_SJSO3:CTAGCTTGTTAAGGTTx-M1,0.0,0.11356903803435994,0.26360814565480045,0.0,0.0,0.0,0.12057795194884778,0.0561867965247547,0.0,0.12549804992633493,0.0,0.20973155009429714,0.0,0.0,0.17389333829629094,0.0,0.2358195292550576,0.0,0.0,1.0,0.22099807150601947,0.3209448839279847,0.022754858856783505,0.470481336297068,0.0,0.0,0.32058900228962606,0.0,0.0,0.0,0.4815587800444783,0.0,0.030516331303226153,0.04455600078542376,0.4141046415668659,0.04301373032268922,0.1131739393617819,0.0,0.08417648898687582,0.4563430133250533,0.014402308909906115,0.2027912663220078,0.0,0.0,0.0,0.0,0.0,0.0,0.0,0.0,0.0,0.0,0.3318853532398056
gex_possorted_bam_SJSO3:CTATGAGGTGAACAAAx-M1,0.021336497873589808,0.0,0.0,0.0,0.23859506325809304,0.057318854183548755,0.0,0.0,0.0,0.0,0.6708862576726607,0.0,0.0,0.0,0.0024579964271446834,0.0,0.7114851013543384,0.7436357058194185,0.0,1.0,0.649193184810299,0.7087750087903237,0.09668009108028776,0.6838770002133241,0.0,0.0,0.41724782808052796,0.0,0.0,0.0,0.0005637197134179186,0.08199383704101411,0.1514264074222224,0.0,0.318427310196615,0.0,0.0,0.004549680789222772,0.0,0.06827663492772143,0.0,0.0,0.0,0.0,0.08709802794945551,0.0,0.0,0.10142522316669782,0.0,0.0,0.0,0.0,0.9865488773376042
gex_possorted_bam_SJSO3:CTACTAAAGGCTGGCTx-M1,0.0,0.27775496483905393,0.6446597921666272,0.03525729927438515,0.0,0.0,1.0,0.0,0.8763860414875565,0.0,1.0,0.9738907279226976,0.07231328063484642,1.0,0.0,1.0,1.0,0.48214166035155953,0.8852605578510679,0.0,0.0,0.0,0.0,0.0,1.0,0.07771479258706397,1.0,0.07021901194098581,0.0,0.004243312890187557,0.0,0.0,0.0,0.014713859716954767,1.0,0.0,1.0,0.0,0.0,1.0,0.08577805506122048,1.0,1.0,1.0,0.0,0.001234902337465248,1.0,1.0,0.0,0.0,0.21849834203740062,0.005134050926025978,0.0
gex_possorted_bam_SJSO3:CTAGTGAGTGCTGGTGx-M1,0.008978600178815478,0.0,0.0,0.0,0.31099442665255606,0.17399200513595023,0.0,0.00890511602209209,0.0,0.0,0.6736460309838171,0.0,0.0,0.018379720949430522,0.031868949469109766,0.0,0.8842512119518873,0.9132274577311529,0.0,1.0,0.7016637111178342,0.5725633329250652,0.09165082523758938,1.0,0.0,0.0,0.41929379991185317,0.0821505325366944,0.0,0.16015676230385137,0.0,0.04824165396827787,0.19629080060217746,0.0,0.350250283285389,0.0,0.0,0.0,0.06931103695379238,0.1043130617242529,0.19126076200237022,0.1448535458565989,0.0,0.0,0.08642655741426954,0.0,0.0,0.2816975567464638,0.0,0.0,0.0,0.0,1.0
gex_possorted_bam_SJSO3:CTATAACCAATTAGGAx-M1,0.0,0.07651609145594251,0.1276539042175267,0.0,0.0,0.0,0.0,0.0,0.0,0.010997518204604376,0.0,0.0,0.0,0.0,0.13195330394282484,0.0,0.14336712664639176,0.0,0.0,1.0,0.3378169135730952,0.3773880947914492,0.018539207941782574,0.592301072524477,0.0,0.0,0.3404757265602332,0.0,0.0,0.0,0.5563725096085884,0.0,0.0336750622194009,0.024810569393876825,0.41611314247779035,0.004726245308722469,0.15202861164115464,0.0,0.03913851180599988,0.4053814615680387,0.0,0.0,0.0,0.0,0.0,0.0,0.0,0.0,0.0,0.0,0.0,0.0,0.41179511945873887
gex_possorted_bam_SJSO3:CTAGGACGTACCCACCx-M1,0.0,0.6345068926796615,0.7181883676228562,0.2632198505289747,0.0,0.0,1.0,0.07108959532450262,1.0,0.020313320541300806,1.0,1.0,1.0,1.0,0.0,1.0,1.0,0.17072874713955333,1.0,0.0,0.0,0.0,0.0,0.0,1.0,0.4230390358901757,1.0,0.6734814388575482,0.8628237739979415,0.32552243355896654,1.0,0.0,0.0,0.24176295760234695,1.0,0.0,1.0,0.0,0.0,1.0,0.0,1.0,1.0,1.0,0.0,0.1583494347148296,1.0,1.0,0.3588402147968471,0.07573812066109215,0.9236068641395453,0.29007015325327434,0.0
gex_possorted_bam_SJSO3:CTATGAGGTTTACCGTx-M1,0.0,0.0,0.22237176700924405,0.0,0.0,0.0,0.7641391869051429,0.0,1.0,0.0,1.0,0.18597373041932005,0.12301913601652195,0.9935757441808627,0.0,1.0,1.0,0.1998053156964998,0.4376513703715955,0.0,0.0,0.0,0.0,0.0,0.9700699632442633,0.014854931715332434,1.0,0.0,0.1683058555823253,0.0,0.0,0.020634573088271907,0.0,0.0,1.0,0.0,1.0,0.0,0.0,1.0,0.04012496947925053,1.0,0.7885526010849089,0.978489213075698,0.0,0.0,1.0,1.0,0.0,0.0,0.09153341916702076,0.0,0.0
gex_possorted_bam_SJSO3:CTATGTTTCCATTACTx-M1,0.17303401448379957,0.0,0.08651747687359845,0.08796967055922633,0.3110254398657426,0.33580508823569083,0.0,0.20907751933826368,0.0,0.2253443256063609,0.5992456872030337,0.0,0.0,0.0,0.18046710756380818,0.0,0.7257944269611374,0.7420397108863216,0.0,1.0,0.5868313979269709,0.7161057576498626,0.23427338635680897,0.7081573113046141,0.0,0.0034192136465436875,0.3157564173713203,0.0,0.0,0.0,0.11856670661325819,0.38053371945563796,0.24796516088417556,0.15177863368065586,0.2617525238621121,0.21013033158942226,0.0,0.17413845961878993,0.16919505980785107,0.180963212777102,0.05898946165492115,0.0,0.0,0.0,0.3230632957099491,0.12894821971980935,0.0,0.06801085558465364,0.03055328565478647,0.16349537110499757,0.0,0.08833649330441544,0.9582316773636612
gex_possorted_bam_SJSO3:CTATGACAGTAGCGGGx-M1,0.25795893338090753,0.0,0.48908819808041015,0.128051334182179,0.7889515663489982,1.0,0.0,0.1021978388356671,0.0,0.32015699657494495,1.0,0.0,0.03833983202372013,0.0,0.17931824610026517,0.0,1.0,1.0,0.0,1.0,1.0,1.0,0.3771179069564305,0.8519409452436928,0.0,0.09221633244092074,0.31717490217924554,0.14209735515747474,0.0,0.40672133745223643,0.4574864368994055,0.35324801692196023,0.40204714931687363,0.02749988242103414,0.2640518481117328,0.2610171191962221,0.0,0.15217483928425055,0.26459989104754217,0.07973922895406732,0.12566508755782263,0.0,0.0,0.22820016724620823,0.46072326046078754,0.21446946083801569,0.0,0.3043457210805715,0.20610791323524744,0.4234474345246056,0.0,0.1768363617248862,1.0
gex_possorted_bam_SJSO3:CTAGATTCAATGAAGCx-M1,0.0,0.0,0.0,0.0,0.0,0.0,0.0,0.03169022889011297,0.0,0.0,0.0,0.0377114043039619,0.0,0.0,0.03440617461470889,0.0,0.22117311169509277,0.0,0.0,0.9869616773134617,0.16992257167537791,0.26021437600401,0.0,0.4470259323718741,0.0,0.0,0.38725691642533105,0.0,0.0,0.0,0.14144318214019183,0.0,0.0,0.005980045723043269,0.4252856367871462,0.0,0.0782654169899711,0.0,0.0,0.4454209287371847,0.0,0.23148622500836408,0.0,0.0,0.0,0.0,0.0,0.12955534377263717,0.0,0.0,0.0,0.0,0.2757121496293448
gex_possorted_bam_SJSO3:CTATAACCAGAAATTGx-M1,0.046369799576624876,0.0,0.0,0.0,0.21175038683901792,0.13405737043629978,0.0,0.0,0.0,0.0,0.9900377796806378,0.0,0.0,0.0,0.0,0.0,0.8689565329970075,1.0,0.0,0.8501380473884175,0.5196618428438011,0.6820633200687634,0.13121761791588815,0.6315470719309362,0.0,0.0,0.4510901137205198,0.0,0.0,0.0,0.0,0.09450821666708224,0.11656699620919703,0.0,0.26797424679125936,0.0,0.0,0.04183498555299028,0.0,0.0,0.0,0.0,0.0,0.0,0.029883099380086077,0.0,0.0,0.3712905349692823,0.0,0.0,0.0,0.0,0.7278149138748904
gex_possorted_bam_SJSO3:CTACTTAGTAATGGCCx-M1,0.04848847658708263,0.0,0.0,0.0,0.1826595501116631,0.08940957626042263,0.0,0.0,0.0,0.0,0.9461498928139493,0.0,0.0,0.0,0.0,0.0,0.8827561034992057,1.0,0.0,0.8141614649064699,0.5432490381689996,0.6681127421468905,0.13602917213130503,0.637958556740338,0.0,0.0,0.4230310523710289,0.0,0.0,0.0,0.0,0.0474123986431899,0.12501187281129914,0.0,0.2385750391839711,0.0,0.0,0.05308548884948573,0.0,0.0,0.0,0.0,0.0,0.0,0.0,0.0,0.0,0.37133700846907475,0.0,0.0,0.0,0.0,0.5569576371705919
gex_possorted_bam_SJSO3:CTATTGAAGGGTGGATx-M1,0.0,0.25428334478858733,1.0,0.07185984851821146,0.0,0.20656878421160832,1.0,0.030152867041947116,1.0,0.029694849588258947,1.0,0.2543449759198857,0.7159544362018192,1.0,0.0,1.0,1.0,1.0,1.0,0.0,0.0,0.0,0.0,0.0,1.0,0.1906441756539531,1.0,0.2570735664159575,0.2487282142673159,0.0,1.0,0.13327445223604825,0.0,0.0,1.0,0.0,1.0,0.0,0.0,1.0,0.08460661592290636,1.0,1.0,1.0,0.0,0.029777717896343245,1.0,1.0,0.17974422344218235,0.05979748696318806,0.29060585451629306,0.07898962364323742,0.16936028885101062
gex_possorted_bam_SJSO3:CTCAATAAGGCCTAATx-M1,0.1507567481454238,0.001101458537410195,0.9258980197293872,0.09056589664032838,0.8058950782358048,1.0,0.6240582118955367,0.34641616906649486,0.1379771688168311,0.15888382469811071,1.0,0.0,0.10280822014845353,0.0,0.09442856008241039,0.0,1.0,1.0,0.10788501671863379,1.0,1.0,0.9559537633298596,0.28025510784025404,0.6436365772832855,0.0,0.04698910238280313,0.5284215144458344,0.02980447633767597,0.0,0.013715947852592572,0.47979770496535035,0.5021085617233098,0.3370734668740251,0.0,0.34053392117007764,0.1614398163867715,0.0,0.07536728400149244,0.2537508435711084,0.24098882112870312,0.6255225632534551,0.0,0.0,1.0,0.2542666265589109,0.18686594716345672,0.38991303786777887,0.190291875725813,0.15584010395832718,0.2548511941365854,0.0,0.014219095223598384,1.0
gex_possorted_bam_SJSO3:CTATTCAGTGCTCACCx-M1,0.043990382851617105,1.0,1.0,0.18752208241164406,0.28770078662294973,0.6964269785446414,1.0,0.41246369158691626,0.3535533319206926,1.0,0.0,0.6531272758152527,0.0,0.0,0.7649208957506256,0.528408128890248,0.3604023922132462,0.0,0.0,1.0,0.5772412213531991,0.5702668241644285,0.26047929858790125,0.688846386310781,0.0,0.03554950907971242,0.02897996281451955,0.614328175387366,0.3404668439841885,0.24244014050057755,1.0,0.0,0.29352260053110146,0.45062027810599975,0.42800756035873,0.5591593464801583,0.46225829494427173,0.10571987448296624,0.5056024862066993,1.0,0.25066184488893967,0.5502985453484617,0.0,1.0,0.3816553263378175,0.37941198756820793,0.0,0.0,0.47578141490088055,0.6787310724870502,0.24789320054323716,0.2032713725432074,1.0
gex_possorted_bam_SJSO3:CTCACAACACATAGCCx-M1,0.0,0.982803758499738,1.0,0.401400872490762,0.0,0.0,1.0,0.14108303308105796,1.0,0.5000917415628485,1.0,1.0,1.0,1.0,0.03974653827779838,1.0,1.0,0.2850664471576994,1.0,0.0,0.0,0.0,0.0,0.0,1.0,0.5724280946783633,1.0,1.0,0.9695842180878065,0.559795425769053,1.0,0.0,0.0,0.308822723428243,1.0,0.0,1.0,0.0,0.0,1.0,0.16908895353204478,1.0,1.0,1.0,0.0,0.2423993323914274,1.0,1.0,0.6574497718474726,0.17684906036231574,1.0,0.47178724510170217,0.0
gex_possorted_bam_SJSO3:CTCACTCAGCAAGACAx-M1,0.0,0.04859877588496457,0.6332190966007095,0.010677889274404483,0.0,0.0,1.0,0.0,1.0,0.0,1.0,0.8602119976708089,0.17314810649684367,1.0,0.0,1.0,1.0,0.2151982088640663,0.821729959622094,0.0,0.0,0.0,0.0,0.0,1.0,0.044647103548870956,1.0,0.18613971215596034,0.12426242175996897,0.0,0.24924825372111015,0.0,0.0,0.0,1.0,0.0,1.0,0.0,0.0,1.0,0.03661108340650508,1.0,1.0,1.0,0.0,0.0,1.0,1.0,0.019789601004159656,0.0,0.22158438163446212,0.0,0.0
gex_possorted_bam_SJSO3:CTCCATCAGCAGCTCAx-M1,0.0,0.0,0.038495079811796576,0.0,0.08613265149720856,0.0,0.0,0.027386567355648126,0.0,0.0,0.41564539811180556,0.0,0.0,0.0,0.03521154883396177,0.0,0.5830563081079002,0.23409820344459292,0.0,1.0,0.503490165908797,0.5862986455505826,0.07113676154229068,0.626120717472277,0.0,0.0,0.41130351126231135,0.0,0.0,0.0,0.13151155860870078,0.04128921570455648,0.11323941313392129,0.0,0.3262751377081307,0.0069991934632852625,0.0,0.0,0.03411899592964623,0.1951986954804629,0.0,0.0,0.0,0.0,0.016378365388141837,0.0,0.0,0.14428271708818394,0.0,0.0,0.0,0.0,0.8483620534900631
gex_possorted_bam_SJSO3:CTCATCATCTAAGTGCx-M1,0.0,0.0,0.5312748213893635,0.0,0.1665056575755206,0.15845602981535792,0.0,0.03324642528785227,0.0,0.19606773117002127,0.46722226028848884,0.0,0.0,0.0,0.12546599919628537,0.0,0.5598088668009884,0.32354637280435217,0.0,1.0,0.5145207302366517,0.6367637991664556,0.09438144409588986,0.6918084110555057,0.0,0.0,0.4132787943128092,0.0,0.0,0.0,0.8977406707455142,0.0,0.12320282484440688,0.006935364114780477,0.32930974627720655,0.0896181452950568,0.06890454739664398,0.0,0.042655986754421865,0.44775972580769535,0.0,0.0,0.0,0.0,0.12922132606750303,0.042530121058796645,0.0,0.06785954102007559,0.03496542655623665,0.04158251077710797,0.0,0.0,1.0
gex_possorted_bam_SJSO3:CTCACTCAGGAACGCGx-M1,0.0,0.29581524661179137,0.26395185203128496,0.0,0.0,0.0,0.5178153240479945,0.08440819923235007,0.0,0.16059550374976142,0.0,0.5330740907015753,0.0,0.0,0.2968772533348823,0.0,0.6205294636015506,0.0,0.0,1.0,0.2520907760153785,0.22467607908091008,0.016039177015535106,0.48054182624344166,0.0,0.0,0.3253587767770022,0.0,0.0,0.0,0.46307165166896447,0.0,0.05391965827376671,0.13558114898053733,0.5554051203687428,0.05082087321334475,0.15303138720015325,0.0,0.1698089417958747,0.549037343626629,0.17417956787130243,0.613037783308228,0.0,0.0,0.0,0.0,0.0,0.10360724587869888,0.0,0.0,0.0,0.0,0.16781694222367086
gex_possorted_bam_SJSO3:CTCATTAGTGCCGCAAx-M1,0.03550525654540465,0.0,0.3527235823847127,0.0,0.24515571631030664,0.1988814111417243,0.0,0.07683411091569319,0.0,0.09547173491651732,0.5111854095474665,0.0,0.0,0.0,0.16509804488710655,0.0,0.8102125987941726,0.4276101081702519,0.0,1.0,0.7041940284671077,0.6384642999677972,0.14370517546545777,0.6638462265318437,0.0,0.0,0.37779517729242046,0.0,0.0,0.0,0.4036920749752534,0.06584127742323842,0.2012042849996645,0.0,0.3510503994992222,0.07097327267881254,0.0038464642623105526,0.0,0.1035687894111894,0.33489231526724883,0.04143702617375092,0.06275526026016714,0.0,0.0,0.1493738539999416,0.0,0.0,0.12958133742506336,0.0,0.06505030156367385,0.0,0.0,0.9380598645773882
gex_possorted_bam_SJSO3:CTCATGACATTGACATx-M1,0.0,0.9543487754893898,1.0,0.15647491089590887,0.0,0.0,1.0,0.05778238026125112,0.7889628779417144,0.4525448239482746,0.9527302894757979,1.0,0.2588987681635884,1.0,0.27120895513541643,1.0,1.0,0.8063874220874595,0.9781692487732206,0.0,0.0,0.0,0.0,0.0,1.0,0.04959861041100905,1.0,0.381370367738988,0.0,0.371174288671879,0.7853832691984802,0.0,0.0,0.22267295958973862,1.0,0.0,1.0,0.0,0.0,1.0,0.23257765074744333,1.0,0.5378961343744946,1.0,0.0,0.0,0.6994543058373751,1.0,0.19345368305542293,0.0,0.04140254282336009,0.03648955603092364,0.0
gex_possorted_bam_SJSO3:CTCCAACTCCCTGATCx-M1,0.0,0.0,0.25057175564822054,0.0,0.0,0.0,0.5376966094987318,0.0,0.9262023949470389,0.0,1.0,0.44300855211770335,0.05447610487882568,1.0,0.0,1.0,1.0,0.6648183909370576,0.7728175595666491,0.0,0.0,0.0,0.0,0.0,0.9844914770894369,0.013361471494841801,1.0,0.0,0.0,0.0,0.0,0.0,0.0,0.0,1.0,0.0,1.0,0.0,0.0,1.0,0.0,1.0,0.9482049400661686,0.9663281570471179,0.0,0.0,0.8988197844699627,1.0,0.0,0.0,0.0985749594520786,0.0,0.0
gex_possorted_bam_SJSO3:CTCCGGACATCTAGCAx-M1,0.0346944923279946,0.0,0.0,0.0,0.2583159851536885,0.08750356664780752,0.0,0.0,0.0,0.0,0.8770727099917635,0.0,0.0,0.0,0.0,0.0,0.8279496541928636,1.0,0.0,1.0,0.5319642225055299,0.6781697527608737,0.1319713509313847,0.645573645508923,0.0,0.0,0.44001946026244587,0.0,0.0,0.0,0.0,0.12131539506279768,0.1267775824174582,0.0,0.23002038404950856,0.0,0.0,0.05791153350515593,0.0,0.0,0.0,0.0,0.0,0.0,0.05026030936543108,0.0,0.0,0.23372183389361112,0.0,0.0,0.0,0.0,0.7284481555850206
gex_possorted_bam_SJSO3:CTCAGGATCCGCAACAx-M1,0.0026429203533305913,0.0,0.5204651669314712,0.0,0.16581006400811904,0.13513272827983763,0.0,0.019893060070967517,0.0,0.09005781896214964,0.5083905401784047,0.0,0.0,0.0,0.09243043541655058,0.0,0.5447725009454706,0.2728037945903914,0.0,1.0,0.6240684664375392,0.7315088687228503,0.12522069754073908,0.7416670937744068,0.0,0.0,0.3463281377813387,0.0,0.0,0.0,0.8639527894989624,0.0007101445260585792,0.15360590024539617,0.0,0.242030749823205,0.08511336956145446,0.0,0.0,0.0402562199785107,0.31665644616846544,0.0,0.0,0.0,0.0,0.13277943489772992,0.05636138962339261,0.0,0.0,0.0,0.04368042585043155,0.0,0.0,1.0
gex_possorted_bam_SJSO3:CTCCGGACAAAGCTCCx-M1,0.08939626891555111,0.0,0.8248387864166377,0.024492841919428132,0.7955928282633467,0.8164537973022479,0.0,0.03796341156342438,0.0,0.32410164997738006,0.9848407919685377,0.0,0.0,0.0,0.22774258845898981,0.0,1.0,1.0,0.0,1.0,0.9084513667993309,0.9546939019069697,0.2459939592370201,0.7988004457750109,0.0,0.0,0.3471819332692494,0.09884703319207933,0.0,0.1867828038075074,0.8101960024225505,0.23828566794611225,0.2760948754894748,0.0,0.22102626768585035,0.1590824056681149,0.0,0.028235160977139965,0.1794771144580337,0.2483131845849151,0.0,0.0,0.0,0.3667373750747693,0.3314917195799523,0.10171294958876202,0.0,0.056918838970094,0.13002670769019292,0.36887927286742805,0.0,0.07070311662131881,1.0
gex_possorted_bam_SJSO3:CTCCGGACAAGTAAGCx-M1,0.0,0.4322397510143928,1.0,0.13486938954648053,0.0,0.0,1.0,0.0,1.0,0.11922356065190158,1.0,1.0,0.977077434530603,1.0,0.0,1.0,1.0,0.0,1.0,0.0,0.0,0.0,0.0,0.0,1.0,0.24789358246229795,1.0,0.49842592399488983,0.5564082544159286,0.21946828435760296,1.0,0.0,0.0,0.09510043329012613,1.0,0.0,1.0,0.0,0.0,1.0,0.0,1.0,1.0,1.0,0.0,0.03521601428538538,1.0,1.0,0.2890822575864347,0.0,0.6043584832827956,0.195173513152573,0.0
gex_possorted_bam_SJSO3:CTCATGACATGATTGTx-M1,0.0,0.4909416030183232,0.9394074101738784,0.0,0.0,0.0,1.0,0.0,0.1578278916127754,0.01780898051625462,1.0,1.0,0.0,1.0,0.0,1.0,1.0,0.7409421533637881,0.9027729860152828,0.0,0.0,0.0,0.0,0.0,0.7104700162497062,0.0,1.0,0.10295228207717047,0.0,0.0,0.1493322334511629,0.0,0.0,0.030224214057692753,1.0,0.0,1.0,0.0,0.0,1.0,0.297024747190112,1.0,0.47534236287355586,0.9467040962463812,0.0,0.0,0.3929960972016039,1.0,0.0025439186698415555,0.0,0.0,0.0,0.0
gex_possorted_bam_SJSO3:CTCATGACAAGGTGGCx-M1,0.0,0.0,0.1723673796907115,0.0,0.18653516194859093,0.06524877617486743,0.0,0.0,0.0,0.0,0.6507016595744749,0.0,0.0,0.0,0.0,0.0,0.6475213679885242,0.6091781539964659,0.0,1.0,0.6156331022155414,0.6710524548002496,0.1152231371953909,0.6623932377581898,0.0,0.0,0.3639598593974447,0.0,0.0,0.0,0.05743141564984812,0.0,0.1087580609868612,0.0,0.20219217681083654,0.0,0.0,0.04187374949824477,0.0,0.17747062314864026,0.0,0.0,0.0,0.0,0.0,0.0,0.0,0.03916688101693246,0.0,0.0,0.0,0.0,0.8474519790560033
gex_possorted_bam_SJSO3:CTCCAAACAATTGACTx-M1,0.20027402267808805,0.8358669911561095,1.0,0.30940973359751095,0.1236305645454406,0.8298959314695006,1.0,0.8139420297016,0.4701521269083751,1.0,0.021378029523439368,1.0,0.20588764207169422,1.0,0.6785805261604372,0.46145756955567513,1.0,0.7220849265722259,0.0,1.0,0.6152007104956128,0.43192300234668995,0.3662438904640263,0.6646177399775213,0.10242396533970176,0.17780757022063737,0.20435597707745398,0.8079781119384469,0.42926090140887857,0.23267301963854364,0.891931815684541,0.0,0.4364999937711235,0.3987169611949941,0.5629060444404729,0.5515430845443212,0.33689083050032836,0.31193837504907834,0.6367101537920268,0.7176846126051445,1.0,0.7290896254559375,0.0,0.8409674594628218,0.6211486026575136,0.26666233596475625,0.6038729458923087,0.011002102207758177,0.40158624089263417,0.657405340593587,0.0,0.08336465677878652,1.0
gex_possorted_bam_SJSO3:CTCCAACTCGGCCATAx-M1,0.0,0.0,0.24386077143798904,0.0,0.2809314937387409,0.10623717064988523,0.0,0.0,0.0,0.04504658108698733,0.622360666564146,0.0,0.0,0.0,0.08644202645145765,0.0,0.6693482695724623,0.4885666714721361,0.0,1.0,0.6097095331491477,0.7167523095378623,0.13591098294211185,0.7149572723506111,0.0,0.0,0.3182160789375436,0.0,0.0,0.0,0.3409466080676461,0.0,0.14062374754590684,0.0,0.21953409584232503,0.014375248184004302,0.0,0.0,0.04094452830964757,0.18818574926439444,0.0,0.0,0.0,0.0,0.045696140062889974,0.0,0.0,0.05312310931050134,0.0,0.0,0.0,0.0,0.9757261703540456
gex_possorted_bam_SJSO3:CTCACACTCGCTAAGTx-M1,0.0,0.07992156657031793,1.0,0.01820035622302199,0.0,0.0,1.0,0.0,1.0,0.0,1.0,0.560270523751712,0.42310178755032524,1.0,0.0,1.0,1.0,0.0,0.5164840261516174,0.0,0.0,0.0,0.0,0.0,1.0,0.1032237092562858,1.0,0.2796449876040496,0.14582413754923473,0.0,0.8365157460648184,0.0,0.0,0.020971689703393075,1.0,0.0,1.0,0.0,0.0,1.0,0.0,1.0,1.0,1.0,0.0,0.0,1.0,1.0,0.11125544611991758,0.0,0.3235123991316797,0.03864216965322897,0.0
gex_possorted_bam_SJSO3:CTATTACTCATAACGCx-M1,0.0,0.24570682085374654,1.0,0.08574986106185051,0.44437545418877555,0.34392444920689585,1.0,0.3848494112226181,1.0,0.0,1.0,0.0,0.6517667396890094,1.0,0.0,0.9622236158951871,1.0,1.0,0.7471629480404474,0.7009652013524464,0.0,0.0,0.0,0.0,1.0,0.1520535105571484,1.0,0.029944573691352228,0.4194808132958245,0.0,0.3263629765074112,0.5129134129416443,0.0,0.01627320816079574,1.0,0.0,1.0,0.0,0.0,1.0,0.7958788260404949,1.0,0.8131882322181005,1.0,0.0,0.09653205223556717,1.0,1.0,0.15845072935072638,0.08734470069856483,0.08837038866749915,0.0,0.9779901843648329
gex_possorted_bam_SJSO3:CTCAATAAGTCACGATx-M1,0.0,0.8174106420240682,0.9968544510974566,0.0,0.0,0.13508486526234548,1.0,0.21431429512463723,0.0,0.6551136097745528,0.0,0.6179053026219302,0.0,0.0,0.5368955467333979,0.30928718154306983,0.5278228606989659,0.0,0.0,1.0,0.3897846897904502,0.3772107309616315,0.06967823279331392,0.5842492706693345,0.0,0.0,0.16867689043229972,0.2039777911635837,0.0,0.0,1.0,0.0,0.13189763072998964,0.19871410876465828,0.48102728767081815,0.22933415068339194,0.25797019999167653,0.0,0.323120320273741,0.9507266091284018,0.19531598253221286,0.6415556804424731,0.0,0.2857848747846626,0.07151250798549474,0.04238675249861777,0.0,0.0,0.15246300687352798,0.2133439631685159,0.0,0.0,0.750164641015645
gex_possorted_bam_SJSO3:CTATTGAAGCAAGGACx-M1,0.04854931989816826,0.0,0.0,0.0,0.3597045252641223,0.36296690899582906,0.0,0.0,0.0,0.0,1.0,0.0,0.0,0.0,0.0,0.0,1.0,1.0,0.0,1.0,0.6439683053068863,0.8354491101089033,0.15864624354120627,0.7446866245285635,0.0,0.0,0.37665294383268744,0.0,0.0,0.0,0.0,0.28995538458372944,0.13091339801244878,0.0,0.15785124284982954,0.0,0.0,0.06091250154154876,0.0,0.0,0.0,0.0,0.0,0.0,0.11101154164579537,0.0,0.0,0.29676830883618244,0.0,0.0,0.0,0.0,0.9965671187592114
gex_possorted_bam_SJSO3:CTATTGAAGCCTGAGCx-M1,0.0,0.19125476312731396,1.0,0.016324374337935845,0.0,0.0,1.0,0.0,1.0,0.0,1.0,0.9155734315331098,0.2934081225012059,1.0,0.0,1.0,1.0,0.0,0.5701833625281093,0.0,0.0,0.0,0.0,0.0,1.0,0.06915361316450071,1.0,0.29777228625391033,0.10668509293273738,0.0,0.932101300652863,0.0,0.0,0.0,1.0,0.0,1.0,0.0,0.0,1.0,0.032519457595244904,1.0,1.0,1.0,0.0,0.0,1.0,1.0,0.1153215643661848,0.0,0.41920232927710416,0.03393803727785489,0.0
gex_possorted_bam_SJSO3:CTCAGGATCTTCAATCx-M1,0.05309099562780149,0.17080868819026307,0.8951816671440411,0.11026108556721029,1.0,1.0,1.0,0.5899203063947249,0.5746203655912282,0.08073760332116704,1.0,0.0,0.13875425356278195,0.0,0.0,0.0,1.0,1.0,0.2928831559042465,1.0,0.9322221395673925,0.9288186504055645,0.25765349211576377,0.3199686803986456,0.16133954229527608,0.08549095183050527,0.9366563956954227,0.0,0.4869921985148604,0.0,0.23971871412149534,0.5857917640016618,0.20946065683745566,0.0057987562733452,0.4833124682382095,0.08894139620832853,0.0,0.009538631590109939,0.29353442475823055,0.40317798776354175,1.0,0.0,0.0,1.0,0.0,0.25193458734171464,0.6752289053881345,0.057817983038109956,0.1476720624662471,0.15923113472523115,0.0,0.0,1.0
gex_possorted_bam_SJSO3:CTCACACTCATTTGCTx-M1,0.0,0.0,0.3304744347673819,0.0,0.0,0.0,0.7778394517910527,0.0,1.0,0.0,1.0,0.5053746180904548,0.2438827074193268,1.0,0.0,1.0,1.0,0.04051014446245525,0.5468704828253069,0.0,0.0,0.0,0.0,0.0,1.0,0.05157865842689309,1.0,0.0,0.11216732214174865,0.0,0.0,0.0,0.0,0.0,1.0,0.0,1.0,0.0,0.0,1.0,0.0,1.0,1.0,1.0,0.0,0.0,1.0,1.0,0.0,0.0,0.24016366389488994,0.0,0.0
gex_possorted_bam_SJSO3:CTCACAACAACCGCCAx-M1,0.018007449879228515,0.0,0.29471136999881414,0.0,0.6369568550417019,0.3578974401573053,0.0,0.0,0.0,0.020725334020015508,1.0,0.0,0.0,0.0,0.0,0.0,1.0,1.0,0.0,1.0,0.6722363752816695,0.8141237193896463,0.1998421565526356,0.6766243151686541,0.0,0.0,0.4160011014824094,0.0,0.0,0.06156450270267353,0.0,0.3121284789032579,0.15222590565078986,0.0,0.17856899681041882,0.0,0.0,0.026178476437818243,0.0,0.0,0.10103902825563177,0.0,0.0,0.0,0.15765988698892786,0.0,0.0,0.28587368644277455,0.0,0.17095163784090864,0.0,0.0,1.0
gex_possorted_bam_SJSO3:CTCATTTAGTTTGGTAx-M1,0.0,0.6075017863479354,0.609169400853957,0.007216777240738833,0.0,0.1778312863777179,1.0,0.0,0.025905733914868615,0.0,1.0,1.0,0.0,1.0,0.005804128343032023,1.0,1.0,1.0,1.0,0.0,0.0,0.0,0.0,0.0,0.5416347311569164,0.0,1.0,0.008391224199876698,0.0,0.0,0.012063079447794122,0.0,0.0,0.0,1.0,0.0,1.0,0.0,0.0,1.0,0.26409146851801474,1.0,0.15087734475424386,0.427761134391809,0.0,0.0,0.17343099344932997,1.0,0.0,0.0,0.0,0.0,0.0
gex_possorted_bam_SJSO3:CTCATTGTCCGTAAACx-M1,0.0,0.3678998832420209,1.0,0.150272157654144,0.0,0.0,1.0,0.0,1.0,0.09063759054307491,1.0,0.9383324607927062,0.9675684069321916,1.0,0.0,1.0,1.0,0.42153150662576294,1.0,0.0,0.0,0.0,0.0,0.0,1.0,0.2705612638948027,1.0,0.7994732410351726,0.3347770187292687,0.32543354896241855,1.0,0.0,0.0,0.12719139170783608,1.0,0.0,1.0,0.0,0.0,1.0,0.0,1.0,1.0,1.0,0.0,0.07405026146582595,1.0,1.0,0.29834448693696836,0.0,0.6049422120731236,0.18905804580066662,0.0
gex_possorted_bam_SJSO3:CTCATGCTCATTGACAx-M1,0.0,0.0,0.17959069010370857,0.0,0.04660279270342051,0.0,0.0,0.027290037535495054,0.0,0.0,0.3132196416221394,0.0,0.0,0.0,0.005177496464485417,0.0,0.5466465761774527,0.2522804032453512,0.0,1.0,0.4723639656566807,0.5178687432750656,0.04824174870838433,0.6327456570965202,0.0,0.0,0.4068485780373278,0.0,0.0,0.0,0.0028442768989002626,0.0,0.09617634249705478,0.0,0.33669108181711827,0.0,0.012959836283386747,0.0,0.0,0.2202896472049046,0.0,0.0,0.0,0.0,0.001416897086103702,0.0,0.0,0.12362256829660535,0.0,0.0,0.0,0.0,0.6909666691449469
gex_possorted_bam_SJSO3:CTCCAACTCGGTTCCTx-M1,0.16879916796440456,0.0,0.0,0.0006911418363552339,0.5450370453871325,1.0,0.0,0.0,0.0,0.0,1.0,0.0,0.0,0.0,0.07184394185278745,0.0,1.0,1.0,0.22207571681061372,1.0,0.9451754791290614,1.0,0.2770860080055324,0.8987985274672278,0.0,0.0,0.27179547949268573,0.0,0.0,0.18755167518965857,0.08265282179251116,0.2416328975855755,0.2417882111279216,0.0,0.1730698271042775,0.12300045010952533,0.0,0.09635135185810685,0.07059838806123565,0.0,0.0,0.0,0.0,0.0,0.28981069164290096,0.0685871719039756,0.0,0.20591156649358713,0.0,0.043476356267638266,0.0,0.14883682903953943,1.0
gex_possorted_bam_SJSO3:CTCCGTCCAATTAGCTx-M1,0.0,0.0,0.2723836516858243,0.0,0.0,0.0,0.7738425500028935,0.0,1.0,0.0,1.0,0.46147316377391345,0.1732682115619441,1.0,0.0,1.0,1.0,0.6539795870056864,0.8617172302808209,0.0,0.0,0.0,0.0,0.0,1.0,0.03792658173476304,1.0,0.018549370394311107,0.056073580343207426,0.0,0.0,0.0,0.0,0.0,1.0,0.0,1.0,0.0,0.0,1.0,0.0,1.0,1.0,1.0,0.0,0.0,1.0,1.0,0.0,0.0,0.213245939277171,0.0,0.0
gex_possorted_bam_SJSO3:CTCATTGTCTATTGTCx-M1,0.0,0.4359222647520788,1.0,0.15766003666205583,0.0,0.0,1.0,0.0,1.0,6.76181263844459e-06,1.0,1.0,1.0,1.0,0.0,1.0,1.0,0.15469743887260345,1.0,0.0,0.0,0.0,0.0,0.0,1.0,0.3005780026054519,1.0,0.5027549086068377,0.6390234734860162,0.2428585689902629,1.0,0.0,0.0,0.09744642690835317,1.0,0.0,1.0,0.0,0.0,1.0,0.0,1.0,1.0,1.0,0.0,0.057298668191538435,1.0,1.0,0.29375643752711245,0.006942180712977445,0.71542921959028,0.2266202710651616,0.0
gex_possorted_bam_SJSO3:CTCATGACACTTGTTCx-M1,0.0,0.0,0.018775007295045675,0.0,0.004773817013662033,0.0,0.0,0.0,0.08001896139524724,0.0,1.0,0.0,0.0,0.42659674629339805,0.0,0.505873910914647,1.0,0.8537724291601767,0.027672277348312874,0.25498287459240754,0.19733447409903276,0.09549733385528095,0.0,0.5703372468529065,0.19200300194507014,0.0,0.890224996929259,0.017860396743796098,0.0,0.0,0.0,0.06054562725227708,0.0,0.0,0.8923464170254531,0.0,0.6602469926645768,0.0,0.0,0.6092243773686711,0.0,0.7584838057694022,0.0,0.0,0.0,0.0,0.3116374926485582,1.0,0.0,0.0,0.0,0.0,0.561858032107231
gex_possorted_bam_SJSO3:CTCCGTCCAAGGCCAAx-M1,0.0,0.0,0.2315291937134324,0.0,0.0,0.0,0.65921338091532,0.0,0.995122693138968,0.0,1.0,0.4648447044441934,0.06077386263882906,1.0,0.0,1.0,1.0,0.18390221565119544,0.5239922060850547,0.0,0.0,0.0,0.0,0.0,0.9570864439598642,0.0,1.0,0.0,0.06312722068019411,0.0,0.0,0.0,0.0,0.0,1.0,0.0,1.0,0.0,0.0,1.0,0.0,1.0,0.930017939452768,1.0,0.0,0.0,0.9179348372590741,1.0,0.0,0.0,0.17521830085367127,0.0,0.0
gex_possorted_bam_SJSO3:CTCACAACAACAACAAx-M1,0.0,0.0,0.2266676925450555,0.0,0.19357412153054404,0.0,0.0,0.0,0.0,0.0,0.3992584370958733,0.0,0.0,0.0,0.0,0.0,0.552007078251772,0.30561234035388557,0.0,1.0,0.5594153645977611,0.5594612450063464,0.0887003525157355,0.6150400796834582,0.0,0.0,0.37094037650415324,0.0,0.0,0.0,0.0,0.0,0.09624274543614253,0.0,0.2799033153568292,0.0,0.0,0.00014210046247226246,0.0,0.15463298677250675,0.0,0.0,0.0,0.0,0.024188258746668863,0.0,0.0,0.2892751790405694,0.0,0.0,0.0,0.0,0.6297365381000201
gex_possorted_bam_SJSO3:CTCCTCACATGACTATx-M1,0.0,0.0,0.6198657744755357,0.0,0.0,0.0,1.0,0.0,1.0,0.0,1.0,0.5271569463533762,0.29830586945848697,1.0,0.0,1.0,1.0,0.209021170046023,0.6596658597841774,0.0,0.0,0.0,0.0,0.0,1.0,0.05361980531456291,1.0,0.07926213164768338,0.032444302527737306,0.0,0.4395219191352391,0.0,0.0,0.0034277536183879623,1.0,0.0,1.0,0.0,0.0,1.0,0.0,1.0,1.0,1.0,0.0,0.0,1.0,1.0,0.0,0.0,0.17649040798342944,0.0,0.0
gex_possorted_bam_SJSO3:CTCTAAGCAGCAACCTx-M1,0.0424503886597833,0.2510124489555184,0.2800016747602451,0.08585499647794206,0.07327249905407016,0.5039567058098703,0.3162445215397018,0.12829080526918446,0.0,0.2497724639539301,0.6223768061829659,0.12645717555514288,0.0,0.0,0.38334000092462744,0.23319786842645218,1.0,0.6990533352291343,0.0,1.0,0.532150207676202,0.5525850243056682,0.14698071423187228,0.6357627444906354,0.0,0.0,0.28157806092510806,0.0,0.0,0.04212544330639685,0.7396548407055836,0.0,0.16962722976248584,0.09488080360186735,0.4420204558605571,0.2040488871834202,0.022170518414981254,0.05042241911620633,0.2525764631845046,0.5071242794503673,0.0025436335619048746,0.5339147114148455,0.0,0.0,0.11639874322833296,0.05926460674185898,0.0,0.22067372929344184,0.0590961263563651,0.05682803457096901,0.0,0.02723861463035806,0.6299058262718357
gex_possorted_bam_SJSO3:CTCGACAAGCGGATAAx-M1,0.0,0.9239144511689144,1.0,0.08424821195677976,0.07590620712912156,0.30351146108482113,1.0,0.31070048806926565,0.04528312879281742,0.8859461261956306,0.0,0.5069978325144376,0.0,0.0,0.6001809804133085,0.39770104050670363,0.2855293808409737,0.0,0.0,1.0,0.45498295628496854,0.48741247303546215,0.13276828113427155,0.6595198463492259,0.0,0.0,0.08712606696101316,0.33375959365971236,0.17906876030521846,0.061249055511616746,1.0,0.0,0.20317826900872404,0.32098128965823086,0.4138772018879149,0.3794300038395861,0.40018628264657197,0.022230940758838778,0.36963662816644033,1.0,0.13123427606452984,0.44731981811176436,0.0,0.889174647744819,0.1650111330368219,0.21646606621779627,0.0,0.0,0.3380427573054786,0.4282471169763823,0.10806453493600701,0.06952760998598122,1.0
gex_possorted_bam_SJSO3:CTGAAACTCAGTATTGx-M1,0.0,0.022803271444922373,0.8809952713303937,0.0,0.0,0.0,1.0,0.0,1.0,0.0,0.9386705295345392,0.6434080890392063,0.18007271608565015,1.0,0.0,1.0,1.0,0.0,0.43173111057828795,0.0,0.0,0.0,0.0,0.0,1.0,0.026238953765108788,1.0,0.16263738158629648,0.08732919163311677,0.0,0.49542574864038397,0.0,0.0,0.006010446821295944,1.0,0.0,1.0,0.0,0.0,1.0,0.0,1.0,1.0,1.0,0.0,0.0,1.0,1.0,0.0,0.0,0.2680515557888216,0.0,0.0
gex_possorted_bam_SJSO3:CTCCGTCCATAATCCGx-M1,0.1617431233956778,0.0,0.0,0.0,0.47896594256656955,0.918250682646998,0.0,0.0,0.0,0.0,1.0,0.0,0.0,0.0,0.0,0.0,1.0,1.0,0.17282751115934555,1.0,0.8788486681210638,1.0,0.2561181312389556,0.8499868575445468,0.0,0.0,0.29925000158107984,0.0,0.0,0.13023873908033515,0.0,0.1664186303449336,0.22014482311766762,0.0,0.1733120610570161,0.07755762472537296,0.0,0.1366079085903948,0.05621019061028055,0.0,0.0,0.0,0.0,0.0,0.21876720196279834,0.047766100929899157,0.0,0.2191780440303513,0.0,0.0,0.0,0.10422054865018597,1.0
gex_possorted_bam_SJSO3:CTCCTGAGTTAGTGATx-M1,0.0,0.0,0.0,0.0,0.0,0.0,0.3101553067210224,0.0,0.9777249076432943,0.0,1.0,0.13528653034970348,0.01911336050551976,1.0,0.0,1.0,1.0,0.7224423492107666,0.5620363638793338,0.0,0.0,0.0,0.0,0.0,0.7719264886302608,0.0014545288691864657,1.0,0.0,0.011117795023336666,0.0,0.0,0.0,0.0,0.0,1.0,0.0,1.0,0.0,0.0,0.8475973875673836,0.0015808777784461318,1.0,0.5801092773769568,0.016785678239952872,0.0,0.0,0.696011634090717,1.0,0.0,0.0,0.10828005734139454,0.0,0.0
gex_possorted_bam_SJSO3:CTCTCACAGGACCTTGx-M1,0.0,0.25222632410352236,1.0,0.05037050459629095,0.0,0.0,1.0,0.0,1.0,0.0,1.0,0.9443505534408526,0.8037863261566138,1.0,0.0,1.0,1.0,0.0,0.8386930904782637,0.0,0.0,0.0,0.0,0.0,1.0,0.1712525032071056,1.0,0.29340617457806045,0.4265434867298753,0.10123709493020674,1.0,0.0,0.0,0.05324751241821933,1.0,0.0,1.0,0.0,0.0,1.0,0.0,1.0,1.0,1.0,0.0,0.0,1.0,1.0,0.18574665113196007,0.0,0.5909880421214995,0.13034779433289778,0.0
gex_possorted_bam_SJSO3:CTCTATGTCCAGCACAx-M1,0.0,0.5028247974234968,1.0,0.12302586558950486,0.15330148185774864,0.5759959570782051,1.0,0.08278895665814383,1.0,0.4636101809444776,1.0,0.2406555339030968,0.7975567596758024,1.0,0.0879374572507981,1.0,1.0,0.8441247581027217,0.6643179806732774,0.5604048732059469,0.10330668383083912,0.0,0.0,0.0,1.0,0.19670781574702412,1.0,0.5281860069309037,0.2531080317912088,0.20052992262660965,1.0,0.11396802871932814,0.0,0.11156768491354438,1.0,0.01791429705778179,1.0,0.0,0.021093820273709603,1.0,0.1627682806499156,1.0,1.0,1.0,0.03679607294351072,0.12853890587785782,1.0,1.0,0.36788198369273184,0.3245360010953109,0.3210276629503888,0.1664863253806979,0.7728548344553114
gex_possorted_bam_SJSO3:CTCCTAATCACAGCGCx-M1,0.0,0.0,0.0756960610615719,0.0,0.0,0.0,0.5576901301990268,0.0,1.0,0.0,1.0,0.33867931047129474,0.16420401184541009,1.0,0.0,1.0,0.9511117085108208,0.11894555583397172,0.5704831281286271,0.0,0.0,0.0,0.0,0.0,1.0,0.00962639477870692,1.0,0.0,0.19467263997989337,0.0,0.0,0.0,0.0,0.0,1.0,0.0,1.0,0.0,0.0,1.0,0.0,1.0,1.0,1.0,0.0,0.0,1.0,1.0,0.0,0.0,0.26057970039399836,0.0,0.0
gex_possorted_bam_SJSO3:CTCCGTCCACCGGCTAx-M1,0.0,0.0,0.20938042177648733,0.03837084573858921,0.0,0.0,0.9676099767355991,0.0,1.0,0.0,1.0,0.360796091885993,0.3056678488510883,1.0,0.0,1.0,1.0,1.0,1.0,0.0,0.0,0.0,0.0,0.0,1.0,0.11422038491703032,1.0,0.037801218103389864,0.14919514331389297,0.0,0.0,0.0,0.0,0.06258862968390197,1.0,0.0,1.0,0.0,0.0,1.0,0.0,1.0,1.0,1.0,0.0,0.0,1.0,1.0,0.0,0.0,0.41657224856815167,0.013641281943910196,0.0
gex_possorted_bam_SJSO3:CTCTAGCTCAATTACGx-M1,0.2076083594720078,0.0,0.19501449353993952,0.033695327274262304,0.794735963303991,1.0,0.0,0.0,0.0,0.03944129585247803,1.0,0.0,0.0,0.0,0.1859834681353228,0.0,1.0,1.0,0.0898900753547123,1.0,1.0,1.0,0.3585568303527049,0.9013957531547289,0.0,0.00524942582649991,0.30539772364790885,0.010161410353126364,0.0,0.22800103743753924,0.11317836224195357,0.15770285976600656,0.3445123371484349,0.0,0.11688701275870295,0.15633820812252666,0.0,0.1010276408374021,0.14811280628152684,0.0,0.0,0.0,0.0,0.0,0.34808132445817674,0.09557819455430105,0.0,0.18657517727208198,0.0,0.2284708153289581,0.0,0.1255194804237608,1.0
gex_possorted_bam_SJSO3:CTCTAAGCAATAGTCTx-M1,0.0,0.0,0.16534172873611022,0.0,0.0,0.0,0.43092610643877716,0.0,0.852352731696097,0.0,0.9974351049730655,0.49108019052450014,0.0,1.0,0.0,1.0,0.9365838608199628,0.06764628277411275,0.42492564522964926,0.0,0.0,0.0,0.0,0.0,0.8337858219908709,0.0,1.0,0.0,0.04682334118826774,0.0,0.0,0.0,0.0,0.0,1.0,0.0,1.0,0.0,0.0,1.0,0.0,1.0,0.6642590443718618,0.4384413282985202,0.0,0.0,0.8336568342784276,1.0,0.0,0.0,0.16833512057959235,0.0,0.0
gex_possorted_bam_SJSO3:CTCTATGTCATGTGGTx-M1,0.0,0.6998884856144411,1.0,0.0,0.4064365806107627,0.43616891123872986,0.8478994260604594,0.16415123693921746,0.01973050692023787,0.7857755724753119,0.0,0.28750598573577235,0.0,0.0,0.5286496906647005,0.1613021116226667,0.6003850823629011,0.0,0.0,1.0,0.6487564576066358,0.5806169247649907,0.18365119889303144,0.6103689215879382,0.0,0.0,0.24754562577385192,0.263783841669201,0.0,0.05702586919872583,1.0,0.0,0.19722497904350794,0.16690166819882396,0.4798791940955178,0.25082181905220496,0.3682787472597225,0.0,0.2939595764560922,0.9667671585643115,0.20573181823161663,0.2807204521381284,0.0,0.596470744914107,0.1326533005852483,0.10904439044401489,0.0,0.0,0.23129160321350123,0.5127613006573251,0.0,0.0,1.0
gex_possorted_bam_SJSO3:CTCTAGCTCAGGCTATx-M1,0.2480490770656545,0.0,0.05621814714720908,0.08215196987120588,0.704002846780858,1.0,0.0,0.02779984803932951,0.0,0.06152459834740988,1.0,0.0,0.0,0.0,0.1772889354100308,0.0,1.0,1.0,0.30180753407889754,1.0,1.0,1.0,0.3471147504765646,0.9846474533488038,0.0,0.0,0.24895768317192524,0.07102807626709656,0.0,0.3074871390797322,0.4619148698708459,0.2540090217476435,0.33956671538490185,0.0,0.13713333292551053,0.20783123121796232,0.0,0.1856000800541998,0.18814552906640902,0.0,0.0,0.0,0.0,0.0,0.38363567724016484,0.1490693591923489,0.0,0.18538813381128466,0.046361250666925785,0.16850839211656013,0.0,0.19976802934618093,1.0
gex_possorted_bam_SJSO3:CTCGACAAGAGAGCCGx-M1,0.10728061098545626,0.0,0.0,0.0009354194857989053,0.2237789920529685,0.12361764449724624,0.0,0.05835845313364338,0.0,0.0,0.7538224296684085,0.0,0.0,0.0,0.0,0.0,0.7943606335101115,0.8291723684042271,0.0,1.0,0.5240350240424766,0.6255767429464696,0.1699548250204362,0.5778904591793561,0.0,0.0,0.47726176298509315,0.0,0.0,0.0,0.0,0.3341095947768305,0.1953441265969297,0.0,0.2970801089035371,0.04297603192402271,0.0,0.09419487455354185,0.026843600705998255,0.07015723281617633,0.0659198798665742,0.0,0.0,0.0,0.17394528606764212,0.0,0.0,0.19573145446732546,0.0,0.035876090862268964,0.0,0.0,0.8533674781189666
gex_possorted_bam_SJSO3:CTCCTAATCAAACACCx-M1,0.09879093882164874,0.5897078281392714,1.0,0.31372372285926226,0.0,0.9224760108755544,1.0,1.0,0.6003078406908602,1.0,0.1452249631325936,1.0,0.3246939037332346,1.0,0.6514032454423572,0.5950422298148361,1.0,1.0,1.0,1.0,0.43464985466475003,0.0,0.5271576224377003,0.24088887279513083,0.1557809494091895,0.11837949488500459,0.15111468666294917,1.0,1.0,0.41813736132984464,0.0,0.0,0.4334599707121627,0.0,1.0,0.7682285695139237,0.3199968324730356,0.6224411358126024,0.9113390975961038,0.5349623193493172,1.0,1.0,0.4694508324765443,0.17944254523449366,1.0,0.0,1.0,0.6136805561573518,0.16428147310651275,1.0,0.0,0.0,1.0
gex_possorted_bam_SJSO3:CTCTAGCTCTCCTCAAx-M1,0.0,0.0,0.5023967159130566,0.0,0.0,0.0,0.35830267502971425,0.0,0.5657659409432524,0.0,0.5959228391337862,0.3765341585821071,0.0,0.45844948209291786,0.0,0.9440181801777697,0.616635972297296,0.0,0.0,0.0,0.0,0.0,0.0,0.0,0.49586077425595143,0.0,1.0,0.0,0.0,0.0,0.08326348137625707,0.0,0.0,0.0,1.0,0.0,1.0,0.0,0.0,0.9532584885841486,0.0,1.0,0.3952083933625333,0.647004766102909,0.0,0.0,0.4077896929058665,1.0,0.0,0.0,0.09086310688432547,0.0,0.0
gex_possorted_bam_SJSO3:CTCGCTCCAAACTGTTx-M1,0.0,0.0960287250008349,0.6973165143854062,0.06409877530344585,0.0,0.0,1.0,0.0,1.0,0.0,1.0,0.7058506902959093,0.6719650273255529,1.0,0.0,1.0,1.0,0.3642003007655464,1.0,0.0,0.0,0.0,0.0,0.0,1.0,0.17118086055062026,1.0,0.16178772192224214,0.14177089387040695,0.07908639815756913,0.46210371408271006,0.09255105617983672,0.0,0.0,1.0,0.0,1.0,0.0,0.0,1.0,0.0,1.0,1.0,1.0,0.0,0.01650015849133869,1.0,1.0,0.11257699918825147,0.0,0.44070528521398955,0.11389916237844484,0.0
gex_possorted_bam_SJSO3:CTCTATGTCTAGCTAAx-M1,0.0,0.0448519746840056,0.5488903895438195,0.0,0.0,0.2313326469441743,0.8847320952672564,0.0,0.9202767580905031,0.0,1.0,0.35316243852834134,0.3344375350950057,1.0,0.0,1.0,1.0,1.0,1.0,0.0,0.0,0.0,0.0,0.0,1.0,0.054056841256115803,1.0,0.0,0.019280671858911788,0.0,0.11853844077557123,0.026132722022292453,0.0,0.0,1.0,0.0,1.0,0.0,0.0,1.0,0.0,1.0,0.8271742613099715,1.0,0.0,0.0,1.0,1.0,0.0,0.0,0.15403834185661344,0.01956857798413303,0.0
gex_possorted_bam_SJSO3:CTCCTGAGTCAAGTATx-M1,0.22840703305094162,0.27727101174960017,1.0,0.17484860306740205,0.8916676571373269,1.0,0.27733854168491523,0.24201890422639255,0.0,0.5625364282148029,1.0,0.0,0.1783072740949083,0.0,0.38863474489172967,0.13922594542547517,1.0,1.0,0.0,1.0,1.0,0.9967272266164433,0.3722206518465647,0.8027119230111973,0.0,0.12837268157395082,0.3402700494449701,0.2910487603719718,0.0571809910955173,0.3372424802566126,1.0,0.3981325220946487,0.40070771489061946,0.13050002470740898,0.30627773565390554,0.3374039881771796,0.04225325748475616,0.1548507135381192,0.36114694970175665,0.486669751953348,0.296059532756131,0.0,0.09049956241226008,1.0,0.4338095892321883,0.2800047169841734,0.30161803506731916,0.09442347842679867,0.33073035141956053,0.5500377315803628,0.0019721510056374767,0.20697680059814508,1.0
gex_possorted_bam_SJSO3:CTCTAAGCACACTAATx-M1,0.17002248898035385,0.0,0.0,0.06244374105924682,0.6675825137529916,0.8793659331877544,0.0,0.04434675983020581,0.0,0.12060576552285607,1.0,0.0,0.0,0.0,0.11312907917774541,0.0,1.0,1.0,0.0,1.0,0.9960244873094173,0.9921540810671395,0.31745114302323485,0.8359182665785219,0.0,0.0057104410097485354,0.3501935502474539,0.0,0.0,0.3427006697310144,0.48290773948336185,0.12035551439380661,0.29916069259727485,0.0,0.22190545751063545,0.17173031755355475,0.0,0.10682988049885112,0.13001523010960178,0.06018969289411994,0.0,0.0,0.0,0.0,0.29640012853019043,0.1451771481483261,0.0,0.23958765602248439,0.0942555970803518,0.34409541831340984,0.0,0.1320431411386419,1.0
gex_possorted_bam_SJSO3:CTCCTAATCCCTGGTTx-M1,0.07635126727189598,0.0,0.0,0.0,0.3769453091638931,0.49682805053823614,0.0,0.0,0.0,0.0,1.0,0.0,0.0,0.0,0.0,0.0,1.0,1.0,0.0,0.9118721720011154,0.6572696716944639,0.801307593467561,0.19094040956696628,0.6460162118535653,0.0,0.0,0.34998135662952906,0.0,0.0,0.024145514045055674,0.0,0.18184074469287756,0.14258524499361677,0.0,0.21913986409473896,0.0,0.0,0.07996302913115147,0.0,0.0,0.0,0.0,0.0,0.0,0.09106581984293197,0.0,0.0,0.3508813168203678,0.0,0.0,0.0,0.02109188567098174,0.8086848505360874
gex_possorted_bam_SJSO3:CTCTATGTCTGGCAATx-M1,0.0,0.0,0.004404208807043738,0.0,0.0,0.0,0.3927659662139349,0.0,0.9930785412316036,0.0,0.952919600099062,0.4032422354082923,0.0,0.9257814923175535,0.0,1.0,0.9062453665645894,0.0,0.39718852015285955,0.0,0.0,0.0,0.0,0.0,0.7725363873142645,0.0,1.0,0.0,0.05034058922984316,0.0,0.0,0.0,0.0,0.0,1.0,0.0,1.0,0.0,0.0,1.0,0.0,1.0,0.6233765424360914,0.203221674944102,0.0,0.0,0.6463237122649897,1.0,0.0,0.0,0.12300095616148438,0.0,0.0
gex_possorted_bam_SJSO3:CTCCTCACAATTGAAGx-M1,0.2725635119943994,0.0,0.1627350327399473,0.12338251826174679,0.8650345387305922,1.0,0.0,0.054013245446552165,0.0,0.13313119594099582,1.0,0.0,0.0,0.0,0.2571486338629394,0.0,1.0,1.0,0.3718203108731421,1.0,1.0,1.0,0.38020888611735804,1.0,0.0,0.005570519478836732,0.27036439441594173,0.19551729426257852,0.0,0.3853551100034247,0.6235448452351396,0.4075091766818565,0.3926236936097235,0.0,0.13328570771410309,0.24398824987324516,0.0,0.18308491428709583,0.23547718053757272,0.0,0.0,0.0,0.0,0.0,0.457760739912415,0.18667421530699,0.0,0.20027829565717742,0.12013884887951437,0.3133021150470494,0.0,0.235299115021246,1.0
gex_possorted_bam_SJSO3:CTCGCTCCAGTTTACGx-M1,0.20009430761750566,1.0,1.0,0.2835622860744554,0.10105233487574126,0.4479682804940091,1.0,0.5427543801700081,0.2184689439750319,1.0,0.0,1.0,0.16880645843330613,0.017208312073674084,0.8502346585931675,0.5608613322889046,0.118225587489769,0.0,0.0,1.0,0.5401039712576222,0.5057456199754584,0.30688380504739016,0.7689996778450798,0.0,0.10653697557071384,0.0,0.5902094695989932,0.7018279109181806,0.3053293719046511,1.0,0.0,0.40036268788387974,0.5783176976582479,0.42852011955997726,0.617193698115241,0.6332330272604946,0.2440040842029798,0.6455403533808587,1.0,0.6150532626887467,0.7984802183148946,0.0,0.831200272952523,0.378254562349241,0.4182476661693442,0.0,0.0,0.4968166689074225,0.5529783200233528,0.16335360070442062,0.2606266200945762,0.9541819452023319
gex_possorted_bam_SJSO3:CTCTGTTCACCGGTATx-M1,0.09649874270597839,0.0,0.0,0.0,0.3335826921792589,0.6498908376312776,0.0,0.0,0.0,0.0,1.0,0.0,0.0,0.0,0.0,0.0,1.0,1.0,0.05267696047134349,1.0,0.7917401367890602,0.9130103239041575,0.19178379150850272,0.7164433035165727,0.0,0.0,0.3664308802969213,0.0,0.0,0.04852682860295226,0.0,0.1414002758020205,0.16170075701673225,0.0,0.18481734943238376,0.0,0.0,0.08896045572632653,0.0,0.0,0.0,0.0,0.0,0.0,0.11392457186197764,0.0,0.0,0.2903381618875143,0.0,0.0,0.0,0.024140694621787143,0.8592149692749665
gex_possorted_bam_SJSO3:CTCGACAAGGCTAGAAx-M1,0.22618918839970878,0.0,0.0,0.10080093895765559,0.41018572454914154,0.8515882092229621,0.0,0.047970262823582986,0.0,0.0,1.0,0.0,0.0,0.0,0.03370715626085399,0.0,1.0,1.0,0.11156661142291581,1.0,0.8868618852689094,0.983507570063562,0.30547059054622205,0.9040013835205059,0.0,0.0,0.26729298343479757,0.0,0.06248768784088442,0.25759877337388004,0.09873591949727674,0.12072831512527338,0.247985227607498,0.0,0.1614625607302266,0.18686966913480593,0.0,0.18785277976062922,0.13341681537980182,0.029787386146448415,0.0,0.0,0.0,0.0,0.22774565023834153,0.14044092737198946,0.0,0.10660229227492009,0.027770122179470672,0.06825019407395855,0.0,0.1741874857524033,1.0
gex_possorted_bam_SJSO3:CTCCGTCCAGGCCAAAx-M1,0.0,0.1173717960493169,0.0,0.0,0.0,0.0,0.4333936815648635,0.14558365333802137,0.0,0.004592447662637628,0.0,0.457586914741374,0.0,0.0,0.2303026779818939,0.0,0.17643644188879398,0.0,0.0,1.0,0.16286797640481532,0.26031294748656897,0.01609937019283524,0.5036712487183632,0.0,0.0,0.3730919933166196,0.0,0.0,0.0,0.2515500628819941,0.0,0.08667803944234836,0.12994927477703475,0.5123339094116601,0.061395511399588154,0.1582173926115613,0.0,0.11472126705261723,0.5483291087437747,0.21185786951450894,0.3661017043352906,0.0,0.0,0.0,0.0,0.0,0.0,0.0,0.0,0.0,0.0,0.28612754381503147
gex_possorted_bam_SJSO3:CTCTTGATCAGGGCCTx-M1,0.0,0.0,0.0,0.0,0.0,0.0,0.6007235502858239,0.0,1.0,0.0,1.0,0.4461920473071298,0.11371648273381046,1.0,0.0,1.0,1.0,0.20747079725932976,0.6256835867678963,0.0,0.0,0.0,0.0,0.0,1.0,0.0,1.0,0.0,0.16782197196028262,0.0,0.0,0.0,0.0,0.0,1.0,0.0,1.0,0.0,0.0,1.0,0.0,1.0,0.9557555605072668,0.8817779563997342,0.0,0.0,1.0,1.0,0.0,0.0,0.17954602351594043,0.0,0.0
gex_possorted_bam_SJSO3:CTCGACAAGCATTTCTx-M1,0.0729170498105398,0.0,0.06813543016196387,0.0,0.5290875328105272,0.612055632210732,0.0,0.0,0.0,0.0,1.0,0.0,0.0,0.0,0.0,0.0,1.0,1.0,0.0,1.0,0.7505058624324515,0.9114327485294222,0.19295250956284773,0.8364886680797405,0.0,0.0,0.39032579462516725,0.0,0.0,0.055705806175566454,0.0,0.31053789944352134,0.1924153842768604,0.0,0.16836760977631002,0.03668395975103438,0.0,0.07927439252246338,0.008730672232269315,0.0,0.0,0.0,0.0,0.0,0.1811818127473522,0.0,0.0,0.1411230967390259,0.0,0.061630792599432445,0.0,0.0,1.0
gex_possorted_bam_SJSO3:CTCTAGCTCGATATTGx-M1,0.0,0.44243493582156873,1.0,0.1910377815095289,0.0,0.0,1.0,0.0,1.0,0.2267018895283843,1.0,0.9521956179374179,1.0,1.0,0.0,1.0,1.0,0.1369097873861454,1.0,0.0,0.0,0.0,0.0,0.0,1.0,0.3215881066612173,1.0,0.8769570640882101,0.2658546098458189,0.4228692373843642,1.0,0.0,0.0,0.2239586758065089,1.0,0.0,1.0,0.0,0.0,1.0,0.0,1.0,1.0,1.0,0.0,0.11590581797212199,1.0,1.0,0.3918872528774309,0.0,0.6311563761028518,0.23157865782943723,0.0
gex_possorted_bam_SJSO3:CTCGACAAGGCCTGGTx-M1,0.08435310097054977,0.0,0.604668613545981,0.0,0.8550128902465974,0.8045746512963082,0.0,0.0,0.0,0.2786788609696664,1.0,0.0,0.0,0.0,0.17779948623905412,0.0,1.0,1.0,0.0,1.0,0.8337996952600291,0.9875928155010781,0.25089924544419184,0.6736548462803136,0.0,0.0,0.4314981593750051,0.1084771110470212,0.0,0.22830055030958488,0.4755029506897858,0.210288075207384,0.2555665869218623,0.0,0.20898208006334437,0.0785815746675828,0.0,0.04205943057010725,0.10530662957458978,0.1412912733965315,0.0,0.0,0.0,0.0,0.3558370508097831,0.05266930568801759,0.0,0.20282194521247784,0.029131173864324574,0.2907629709827451,0.0,0.07444451934082702,1.0
gex_possorted_bam_SJSO3:CTCGACAAGTCACTCCx-M1,0.0,1.0,1.0,0.5686524814772407,0.0,0.1512216588809303,1.0,0.22673443594604847,1.0,0.6094121048393675,1.0,1.0,1.0,1.0,0.046939049269603586,1.0,1.0,0.9034605411344115,1.0,0.0,0.0,0.0,0.0,0.0,1.0,0.8049690178066605,1.0,1.0,1.0,0.9054271007334634,1.0,0.0,0.0,0.44080173847808996,1.0,0.0,1.0,0.04860834187727576,0.0328977809223422,1.0,0.10183869355444637,1.0,1.0,1.0,0.0,0.3603050881752658,1.0,1.0,0.8523897340542452,0.14673107008742445,1.0,0.6184301701276232,0.0
gex_possorted_bam_SJSO3:CTCGTTATCCTTGAGGx-M1,0.0,0.0,0.0,0.0,0.0,0.0,0.0,0.0,0.28349369829086535,0.0,1.0,0.0,0.0,0.59440064771138,0.0,0.7605483507268167,1.0,0.7972038695496237,0.32126381233170037,0.0,0.0,0.0,0.0,0.0,0.3628179666195984,0.0,1.0,0.0,0.0,0.0,0.0,0.03764159054903179,0.0,0.0,1.0,0.0,1.0,0.0,0.0,0.6421854899819118,0.0,1.0,0.22992768224995558,0.0,0.0,0.0,0.32435646201241825,1.0,0.0,0.0,0.0,0.0,0.0
gex_possorted_bam_SJSO3:CTCTAAGCACTAGCGTx-M1,0.0,0.06593927908153951,1.0,0.0,0.0,0.0,1.0,0.0,0.8344664828433858,0.0,0.973989009658555,0.5661245961677946,0.09816832947079186,1.0,0.0,1.0,1.0,0.0,0.42192297330073264,0.0,0.0,0.0,0.0,0.0,1.0,0.014655839094165945,1.0,0.24444378576477319,0.0,0.0,0.7827606120412629,0.0,0.0,0.010839343266270328,1.0,0.0,1.0,0.0,0.0,1.0,0.0,1.0,1.0,1.0,0.0,0.0,1.0,1.0,0.0,0.0,0.20873126423782562,0.0,0.0
gex_possorted_bam_SJSO3:CTGACATAGTGAGAGCx-M1,0.009430735057804342,0.0,0.0,0.0,0.12457264707933843,0.0,0.0,0.0,0.0,0.0,0.744740615404965,0.0,0.0,0.0,0.0,0.0,0.7333370714288605,0.7482860344739397,0.0,0.7874706470358487,0.46085191084572974,0.5420702671373642,0.1236007915700348,0.5361814447907786,0.0,0.0,0.4961149597515032,0.0,0.0,0.0,0.0,0.03323508058513196,0.07085662094279957,0.0,0.34996794437358775,0.0,0.0,0.042241718687951464,0.0,0.02116496170637669,0.0,0.0,0.0,0.0,0.0,0.0,0.0,0.4920247489975795,0.0,0.0,0.0,0.0,0.514811725855646
gex_possorted_bam_SJSO3:CTCCTCACACCTGTAAx-M1,0.052469741904332595,0.0,0.16580072467502682,0.0,0.3797458633616272,0.3549707673350818,0.0,0.0,0.0,0.0,0.9013694291976534,0.0,0.0,0.0,0.025097641844370973,0.0,0.9653009667329133,1.0,0.0,1.0,0.7012910247528603,0.7867314588280735,0.14768618742468628,0.7385832972481475,0.0,0.0,0.38419617749005,0.0,0.0,0.0,0.10280688320389471,0.1760428938900771,0.21792456486759892,0.0,0.20971573344779762,0.01714937560528354,0.0,0.01867277427366821,0.026115315788980086,0.025886734587507256,0.0,0.0,0.0,0.0,0.16075500830886566,0.0,0.0,0.1613302733168095,0.0,0.01581640236816698,0.0,0.0,1.0
gex_possorted_bam_SJSO3:CTCCTCACATTTGCTCx-M1,0.02596528097055636,0.12767445147154213,1.0,0.0500660114643576,0.9630067349227576,1.0,1.0,0.47620709444172943,0.5138644317118236,0.11767433322945087,1.0,0.0,0.16219344134520178,0.0,0.0,0.0,1.0,1.0,0.16098047787083405,1.0,0.8880566218393233,0.8996967074838124,0.17567134589278094,0.40710573969083047,0.11426387394468318,0.03184026070184374,0.8407150088469876,0.0,0.15685729619151265,0.0,0.28079795741247854,0.6565221807625904,0.20153841529850403,0.0,0.46669181015882377,0.07686849520527553,0.0,0.0020851543064371305,0.22560304462647696,0.38165828393308415,0.9635760280937419,0.0,0.0,1.0,0.07133918496185264,0.14141347807879548,0.6187660944243756,0.27017745880952304,0.11555631681001399,0.16264922841723353,0.0,0.0,1.0
gex_possorted_bam_SJSO3:CTCTCACAGTCACGATx-M1,0.0,0.03754329173838403,0.0,0.0,0.0,0.0,0.0,0.020421066291699857,0.0,0.0,0.08994275914668795,0.1167370297387561,0.0,0.0,0.13053658976058077,0.0,0.5148356228963207,0.0,0.0,1.0,0.22442979178934597,0.2916300727182848,0.01622831633766768,0.4993368780880418,0.0,0.0,0.3878236294248832,0.0,0.0,0.0,0.0,0.0,0.03919205174536176,0.024486881855351788,0.4327157265889585,0.0,0.038272697838194786,0.0,0.05485514797212065,0.3270851275648406,0.13072792345960044,0.38072418578351663,0.0,0.0,0.0,0.0,0.0,0.19666425900242276,0.0,0.0,0.0,0.0,0.2162411874357359
gex_possorted_bam_SJSO3:CTGGACCAGGAACCGGx-M1,0.0,0.789776233206708,1.0,0.033880184294178106,0.08712744911421681,0.2749279399998768,1.0,0.19765552152939367,0.012208257985518849,0.7201799163352044,0.0,0.7063843747742768,0.0,0.0,0.6002808781115789,0.2201181411693836,0.4632880336718091,0.0,0.0,1.0,0.5333827833414995,0.49079635666229127,0.12644389156489777,0.6183133776914725,0.0,0.0,0.1485059855534256,0.38280538299275585,0.2362522726694061,0.017947138700248673,1.0,0.0,0.20028212498616513,0.2653160260074619,0.5352526190695026,0.28050729742081776,0.3199241458454708,0.0,0.3593245345157349,0.9048370073879747,0.22723741867884542,0.47416587486818185,0.0,0.5626917311981116,0.1596259097523599,0.10804609530381182,0.0,0.0,0.21294436887188686,0.33703870194170615,0.0,0.0,0.9535353213894865
gex_possorted_bam_SJSO3:CTGTACCTCCAACTGGx-M1,0.08966727320890569,0.0,0.0,0.0,0.2963882900123156,0.4537181358690303,0.0,0.0,0.0,0.0,1.0,0.0,0.0,0.0,0.0,0.0,1.0,1.0,0.0,0.9637534133439423,0.7103626113774564,0.8452157955324076,0.18159500453388516,0.7835922104514824,0.0,0.0,0.39415707181757353,0.0,0.0,0.03182693969094469,0.0,0.0827294268615174,0.16467342286443296,0.0,0.17165782061781196,0.0,0.0,0.09372831011177497,0.0,0.0,0.0,0.0,0.0,0.0,0.05238275467808654,0.0,0.0,0.33703588975229243,0.0,0.0,0.0,0.010557789405346454,0.7641922853915388
gex_possorted_bam_SJSO3:CTGGCTAAGTATCGCGx-M1,0.0,0.12543764594419932,0.7309564152618857,0.041698981019985384,0.0,0.0,1.0,0.0,1.0,0.0,0.7538512069132854,0.8264628814157471,0.42741232247359817,1.0,0.0,1.0,0.7209709292142689,0.0,0.49629286141245815,0.0,0.0,0.0,0.0,0.0,1.0,0.12065331320071092,1.0,0.24295769950098067,0.43408141930830985,0.0,0.6042099329913304,0.0,0.0,0.023776589463740484,1.0,0.0,1.0,0.0,0.0,1.0,0.0,1.0,1.0,1.0,0.0,0.0,1.0,1.0,0.07581075891018894,0.0,0.36559656460338646,0.05037093815076221,0.0
gex_possorted_bam_SJSO3:CTGGTAAGTTGTTCACx-M1,0.06590715944721783,0.0,0.0,0.0,0.389103776757438,0.3670374681292489,0.0,0.0,0.0,0.0,1.0,0.0,0.0,0.0,0.0,0.0,1.0,1.0,0.0,1.0,0.7037265358525492,0.780002053120304,0.1840908150715797,0.6756583594910636,0.0,0.0,0.4044575497535336,0.0,0.0,0.00930548034303657,0.0,0.11204130778695448,0.1680014992804167,0.0,0.20258975063834447,0.0,0.0,0.05953773423138872,0.0,0.0,0.0,0.0,0.0,0.0,0.06233636690364424,0.0,0.0,0.30301387459640977,0.0,0.0,0.0,0.0,0.8201257100706786
gex_possorted_bam_SJSO3:CTGTTAAAGCGAGCGAx-M1,0.051716593600889954,0.0,0.0,0.0,0.23785781015059024,0.2721595316947406,0.0,0.0,0.0,0.0,1.0,0.0,0.0,0.0,0.0,0.0,1.0,1.0,0.0,0.6883396418743662,0.5551017471229927,0.6763270377601337,0.14619382232843942,0.6230280420037534,0.0,0.0,0.4742163798319634,0.0,0.0,0.0,0.0,0.11186784972341594,0.1107288490844001,0.0,0.28763169247583,0.0,0.0,0.06514524494359317,0.0,0.0,0.0,0.0,0.0,0.0,0.013663329381020743,0.0,0.0,0.44320545335485223,0.0,0.0,0.0,0.0,0.7952474513876829
gex_possorted_bam_SJSO3:CTGCAATAGGTCGATTx-M1,0.0,0.10427492559341756,0.23688453029585865,0.0,0.0,0.0,0.0,0.0,0.0,0.0,0.8012320524165122,0.0,0.6771899760505892,1.0,0.0,1.0,0.3417697033201935,0.11773044635756595,0.8730126519374044,0.0,0.0,0.0,0.0,0.0,1.0,0.0,1.0,0.0,1.0,0.03796862922535248,0.0,0.47446965746210534,0.0,0.22495911175170394,1.0,0.0,0.5342235018113294,0.0,0.0,1.0,0.42778384806370373,0.0,0.30027898274150633,0.0,0.0,0.0,0.6456905926741808,0.1815501316462312,0.0,0.0,0.7279800248369376,0.0,0.0
gex_possorted_bam_SJSO3:CTGGATGTCCCTCACGx-M1,0.0,0.03211212756326088,1.0,0.025547719212390952,0.7162420171549855,0.576226798989896,1.0,0.403022643413172,0.7249303464524496,0.040859931499527984,1.0,0.0,0.09784029113942061,0.037299650008017673,0.0,0.0,1.0,1.0,0.016879922513823555,1.0,0.5753940456252369,0.5800036152301006,0.08917063746142533,0.21661095703714944,0.17529398517857395,0.007385722502588063,0.9550556391406638,0.0,0.15506458722650912,0.0,0.04692666093293215,0.5336854368630697,0.09207466463864507,0.0,0.6476204401650804,0.005678314597205251,0.10212525628626185,0.0,0.1305176745869266,0.5278719346622575,0.884106926347161,0.07516937896453937,0.0,1.0,0.0,0.08640848035950315,0.5937576810352024,0.5612975176388825,0.07023425142777169,0.1180662728982176,0.0,0.0,1.0
gex_possorted_bam_SJSO3:CTGCTCCCAAGGTCCTx-M1,0.0,0.3429805011356038,1.0,0.14012884566511902,0.005243442795431969,0.19625004839851473,1.0,0.07186811206891834,1.0,0.2845285486908225,1.0,0.20346362028046497,0.5451611399120644,1.0,0.03010305328580587,1.0,1.0,0.5533637441649324,0.5427326536957306,0.0,0.0,0.0,0.0,0.0,1.0,0.17919799248542503,1.0,0.44148587229692515,0.2680033132530629,0.16700275123023467,1.0,0.0913044910893828,0.0,0.14595375495456167,1.0,0.006403419140655668,1.0,0.0,0.0,1.0,0.025653438773587535,1.0,0.999254439297995,1.0,0.021190452155889918,0.08562680084482154,1.0,1.0,0.2712504905787039,0.2394160661096223,0.3222272318430322,0.17580565624812633,0.49442401616167825
gex_possorted_bam_SJSO3:CTGTTCATCAATGTGCx-M1,0.004713914391327532,0.0,0.0,0.0,0.0,0.0,0.0,0.05006644906190012,0.0,0.08969629578604206,0.09355440488577409,0.15556559580136392,0.0,0.0,0.11417060798996662,0.0,0.39044035852366554,0.0,0.0,1.0,0.4429236705796606,0.4380743626298272,0.1136762869744745,0.557319030554412,0.0,0.0,0.3471712039494371,0.0,0.0,0.0,0.13195379123259948,0.0,0.09604292444427824,0.03152667247653849,0.4215167732592312,0.09296698480400716,0.07184168695304961,0.0,0.08708017486910091,0.34825333836028655,0.07382025727637398,0.24427092016951657,0.0,0.0,0.011874969840886956,0.0,0.0,0.0805013832121732,0.0,0.0,0.0,0.0,0.529163680461115
gex_possorted_bam_SJSO3:CTGCAATAGCAGCTCAx-M1,0.0,0.42719012009725965,0.12383178746011694,0.0,0.0,0.0,0.6533801730927491,0.1026764346532494,0.0,0.19042476472320213,0.0,0.823623807099462,0.0,0.0,0.2949496801144641,0.12011692287749133,0.3664045578750236,0.0,0.0,1.0,0.12666077805686407,0.09252663388563151,0.0,0.47068423723733144,0.0,0.0,0.25862571670599555,0.0,0.0,0.0,0.4287445295528651,0.0,0.007450168496827798,0.16140055893484148,0.567722632199474,0.05999529513652518,0.16785148815996903,0.0,0.18162566909548097,0.5967556465427322,0.1385976755734211,0.7482567723406929,0.0,0.0,0.0,0.0,0.0,0.019748309843817025,0.0,0.0,0.0,0.0,0.0
gex_possorted_bam_SJSO3:CTGTGTGAGGGTCCACx-M1,0.0,0.06866558098571535,1.0,0.02778589625793969,0.5101819572118581,0.3690291648643478,1.0,0.36348536622134997,1.0,0.0,1.0,0.0,0.46842749957979163,0.603781203682477,0.0,0.4889937800653209,1.0,1.0,0.6156587536526948,1.0,0.10012919127795303,0.0,0.0,0.0,1.0,0.06145806666303556,1.0,0.0,0.39438452226339626,0.0,0.16481092858216836,0.6260251849593714,0.0,0.0007772649237125876,1.0,0.0,1.0,0.0,0.0,1.0,0.7690251732906386,0.9721615878068517,0.5556304657026808,1.0,0.0,0.0814868996627077,1.0,1.0,0.06456134054232257,0.008001353557919963,0.0,0.0,1.0
gex_possorted_bam_SJSO3:CTGCAATAGGGACGCAx-M1,0.0005656656502471728,0.0,0.0,0.0,0.08644666111927962,0.0,0.0,0.0,0.0,0.0,0.7011618834443057,0.0,0.0,0.0,0.0,0.0,0.7436075974630719,0.6650907727529586,0.0,0.7763343569946095,0.4026191828058829,0.4516319291060662,0.06568568571569788,0.5354228325262546,0.0,0.0,0.6160542776714354,0.0,0.0,0.0,0.0,0.14563248376485596,0.07206075037809483,0.0,0.38078065571914665,0.0,0.0,0.018678650958732515,0.0,0.04559854767625923,0.0,0.0,0.0,0.0,0.0,0.0,0.0,0.5451383929427277,0.0,0.0,0.0,0.0,0.41944650281912743
gex_possorted_bam_SJSO3:CTGCTCCCAAAGGTACx-M1,0.12836695969849812,0.0,0.437472343577398,0.07230120673717369,0.26586421751934364,0.5767560597072815,0.0,0.09437511243592771,0.0,0.20886426456573912,0.7516008669667273,0.0,0.0,0.0,0.2565795659703906,0.0,0.7896436579803228,0.7628094903655162,0.0,1.0,0.810574792154589,0.8314429637598131,0.20387777722708778,0.8199675679794425,0.0,0.0,0.25784408639404666,0.0,0.0,0.07025045074251618,0.7720730515369667,0.10694577485671918,0.27264133749001573,0.06940636642342436,0.1975403580480911,0.19643681703026736,0.0,0.0922596932499462,0.17895881266897726,0.30775419347025923,0.0,0.0,0.0,0.055283108601756545,0.18328988388867173,0.14577446430126104,0.0,0.0,0.10373150217285443,0.17379884873391177,0.027690582230073826,0.07314066964258452,1.0
gex_possorted_bam_SJSO3:CTGACCAAGATACTTGx-M1,0.02347419145202975,0.0,0.0,0.0,0.25037132972793563,0.08092512187848262,0.0,0.0,0.0,0.0,0.9905166391258116,0.0,0.0,0.0,0.0,0.0,0.8717037392674557,1.0,0.0,0.9129727546135639,0.4776475669661064,0.6917659615826054,0.1181315662416933,0.6209671548570871,0.0,0.0,0.4797461159871834,0.0,0.0,0.0,0.0,0.17710847484398776,0.10639173607644838,0.0,0.21176826069155977,0.0,0.0,0.05001899023058324,0.0,0.0,0.0,0.0,0.0,0.0,0.010904705055635852,0.0,0.0,0.4010699396935581,0.0,0.0,0.0,0.0,0.7669825909817615
gex_possorted_bam_SJSO3:CTGCTATGTCCGTAGGx-M1,0.40244952096719266,0.34411454875382547,1.0,0.39190267820334873,1.0,1.0,0.0,0.30435515254955314,0.11113474081990654,1.0,0.8216332919075675,0.0,0.3491635651619525,0.0,0.6497130738765481,0.15311779177428222,0.7947790401631261,0.8352635386359736,0.0,1.0,0.8637423871364494,1.0,0.6231231289548763,0.8202676750273082,0.10034527877316089,0.4067713530854053,0.18414349131147809,0.4132196834585567,0.09649645496670833,0.649790067527252,1.0,0.7082774472315982,0.5434286033717393,0.3218521597273107,0.16431678610565165,0.5513953147800994,0.0,0.27916249467303444,0.48617137071933825,0.4469986035910492,0.6353555046750916,0.0,0.48172707029017076,1.0,0.6651978917732254,0.47067322567587083,0.47164809313677925,0.0,0.550815289881674,1.0,0.28244312862971344,0.4684974844910087,1.0
gex_possorted_bam_SJSO3:CTGGATGTCCGTCCATx-M1,0.0,0.9882805054727808,1.0,0.08062870935857727,0.0,0.12993745837125908,1.0,0.26784708553023395,0.025690206548291638,0.8207995185127057,0.0,0.7511933160029879,0.0,0.0,0.6484640302139801,0.3590242724941897,0.29866509513063183,0.0,0.0,1.0,0.42568238023640487,0.4003001847125716,0.126585091484303,0.5155651411871828,0.0,0.0,0.06375921208039768,0.13081104149535003,0.07156903677102221,0.0,1.0,0.0,0.1920924171619239,0.25843539801997395,0.4523753022924659,0.3271960674470311,0.26673829080146516,0.0,0.44175663639050683,1.0,0.19689555765722447,0.5686373383853626,0.0,0.4958002318379399,0.16929569374459605,0.11865473458332476,0.0,0.0,0.2541254048385999,0.3213278957813464,0.0,0.019690866774219967,0.6028109396342491
gex_possorted_bam_SJSO3:CTGTATTTCGGGACCTx-M1,0.0377301707331821,0.0,0.13901371521313155,0.009891199667278855,0.17787031303054915,0.2823941688688616,0.0,0.050155004487964824,0.0,0.1358312975347351,0.6116463603091864,0.0,0.0,0.0,0.13195876161563236,0.0,0.5634285105655426,0.5211317564353203,0.0,1.0,0.5884720677191422,0.6978976961334258,0.13481505514673464,0.781262313566571,0.0,0.0,0.28728470994556066,0.0,0.0,0.0,0.881224582485093,0.04361123466189508,0.13158986895183716,0.02047219414787796,0.2773433445221536,0.13685513241586342,0.0,0.0224466261887844,0.08778264367861206,0.426718225789604,0.0,0.0,0.0,0.0,0.08531295643936423,0.07536600585397019,0.0,0.0,0.023638534572332216,0.012676103380880061,0.0,0.04606389337083345,1.0
gex_possorted_bam_SJSO3:CTGTTAAAGCTCGCTTx-M1,0.0,0.5462400861475062,1.0,0.1354239391237154,0.0,0.2680139802168445,1.0,0.0,1.0,0.10947409862975362,1.0,0.9180374781342023,1.0,1.0,0.0,1.0,1.0,1.0,1.0,0.0,0.0,0.0,0.0,0.0,1.0,0.268016297205402,1.0,0.535114681391096,0.605938548757023,0.3014560180216525,1.0,0.0,0.0,0.0823619486091107,1.0,0.0,1.0,0.0,0.0,1.0,0.0,1.0,1.0,1.0,0.0,0.06641355655779402,1.0,1.0,0.33077218163179556,0.036791311509379115,0.5842942415972435,0.2216571461743328,0.0
gex_possorted_bam_SJSO3:CTGTGTGAGGGACTAAx-M1,0.0,0.015914861896120507,1.0,0.012279088342321243,0.0,0.0,1.0,0.0,1.0,0.0,1.0,0.9796838468838335,0.49891560313174094,1.0,0.0,1.0,1.0,0.0,0.7665498059087144,0.0,0.0,0.0,0.0,0.0,1.0,0.11630508393030653,1.0,0.5904122581989472,0.22965494718565502,0.060245180955496254,1.0,0.0,0.0,0.0,1.0,0.0,1.0,0.0,0.0,1.0,0.0,1.0,1.0,1.0,0.0,0.0,1.0,1.0,0.07555352157302814,0.0,0.3423334134664177,0.04964026388346537,0.0
gex_possorted_bam_SJSO3:CTGCTACTCCTCCATAx-M1,0.0,0.0,0.0,0.0,0.010356363098750062,0.02529385134693041,0.0,0.0,0.0,0.0,0.7855630202183606,0.0,0.0,0.0,0.0,0.0,0.925568978172296,0.8105733467866177,0.0,0.9443429840081881,0.4585815572843244,0.4710587905033126,0.07695776220717353,0.5808661475296208,0.0,0.0,0.4946038693315325,0.0,0.0,0.0,0.0,0.0,0.0752655564355726,0.0,0.3787539917178734,0.0,0.0,0.009543443819011656,0.0,0.17380547325384182,0.0,0.23752104692407194,0.0,0.0,0.0,0.0,0.0,0.49984686916177906,0.0,0.0,0.0,0.0,0.40951663204847777
gex_possorted_bam_SJSO3:CTGCTACTCCCTCATAx-M1,0.0,0.674345069765101,1.0,0.3116215601932481,0.0,0.0,1.0,0.033872591453496026,1.0,0.24009512793325877,1.0,0.9779540243904917,1.0,1.0,0.0,1.0,1.0,0.2649595826792415,1.0,0.0,0.0,0.0,0.0,0.0,1.0,0.45675847442286066,1.0,0.9487677118585457,0.8908818688898107,0.43716174471250024,1.0,0.0,0.0,0.24453526667039796,1.0,0.0,1.0,0.0,0.0,1.0,0.0,1.0,1.0,1.0,0.0,0.17572730474220186,1.0,1.0,0.48566103378304665,0.13308252258935027,0.9173499013585708,0.3596041785121919,0.0
gex_possorted_bam_SJSO3:CTGTATTTCGCAAACTx-M1,0.0,0.0,0.1478095105904625,0.0,0.34064387689105996,0.195836451269301,0.0,0.11730001951633826,0.1862431520172008,0.0,0.8670911881093911,0.0,0.0,0.0,0.0,0.0,1.0,1.0,0.0,1.0,0.692137960933937,0.6457971008244415,0.08184709607800368,0.636582350706076,0.0,0.0,0.5212658981489507,0.0,0.0,0.0,0.0,0.22739422642546483,0.14324705975284863,0.0,0.29772398956518176,0.0,0.0,0.027344078112028564,0.04353349200489393,0.08150216472278045,0.2856201026385573,0.0,0.0,0.0,0.008934922977855198,0.0,0.0,0.25190654677534713,0.0,0.0,0.0,0.0,0.9173788612586572
gex_possorted_bam_SJSO3:CTGGTTTGTAATAGCTx-M1,0.24963298488895383,0.0,0.3351587679087927,0.15615479997740042,0.8588613999028474,1.0,0.0,0.1365883605765915,0.0,0.37448011209834925,1.0,0.0,0.0,0.0,0.3139629603726012,0.0,1.0,1.0,0.0,1.0,1.0,1.0,0.37588249577712246,1.0,0.0,0.08655976899071316,0.27221895034534865,0.0924997964877184,0.0,0.4354778123577833,0.59409770318907,0.1786515625865145,0.4044013351650486,0.023062141312005482,0.11620393618373433,0.21483381069556629,0.0,0.15893324886991958,0.26728789728982044,0.10896801943585425,0.1151072971414222,0.0,0.0,0.3014175000620067,0.4929896418367781,0.22251528329613154,0.06990277026359071,0.1862930542465065,0.20142136891174794,0.4223094838246128,0.0,0.207542643214187,1.0
gex_possorted_bam_SJSO3:CTGTATTTCTGGTCCTx-M1,0.0,0.05278762543770354,1.0,0.008907515420684508,0.0,0.0,1.0,0.0,1.0,0.0,1.0,0.4206618533777504,0.6067839989808183,1.0,0.0,1.0,1.0,0.49662349685731455,0.8600604216773704,0.0,0.0,0.0,0.0,0.0,1.0,0.15048939124217792,1.0,0.1538818114871568,0.22594282246391204,0.0,0.7264851871832491,0.0,0.0,0.0,1.0,0.0,1.0,0.0,0.0,1.0,0.0,1.0,1.0,1.0,0.0,0.0,1.0,1.0,0.08725106802031353,0.0,0.37843901198423713,0.060997039307668324,0.0
gex_possorted_bam_SJSO3:CTGCAATAGGAGCATAx-M1,0.12138402902087787,0.19564537157456932,1.0,0.1126846352129744,0.6583073089674721,1.0,0.43262131162570355,0.03576007766531156,0.41517428345586,0.45284471322845254,1.0,0.0,0.366469555957295,0.4059743967867046,0.24326517248450952,0.8076248571511948,1.0,1.0,0.3552194230303774,1.0,0.5982313675005304,0.5241163724624098,0.213227791730096,0.3680299338187899,0.647445021059772,0.17546490256454145,0.8836583541068403,0.3199953871280485,0.0954111444383997,0.32215808087809333,1.0,0.31435238145262184,0.17354248244971493,0.017370589499414477,0.9053687467750715,0.1651511888295645,1.0,0.0333161650599215,0.14610669272426324,0.967384988190674,0.003287008704025251,0.6606722016270496,0.5158980797251818,1.0,0.326050503883891,0.16754563321237145,0.7736813552393188,1.0,0.29010988184998837,0.46588875784453715,0.09204785837891324,0.23974684956951586,1.0
gex_possorted_bam_SJSO3:CTGGTAAGTAGTTAACx-M1,0.06607977261639723,0.0,0.0,0.0,0.005758853820549962,0.0,0.0,0.0869329540811369,0.0,0.0,0.383179712347289,0.0,0.0,0.0,0.03070415596331365,0.0,0.4946500619647725,0.19826083240065623,0.0,1.0,0.4820236673380407,0.541050942975182,0.15379772659524193,0.5476715224851494,0.0,0.0,0.3926609744447427,0.0,0.0,0.0,0.030637519069638266,0.0,0.1461916285868708,0.03388094782461785,0.36171780615763927,0.07156844382706318,0.0,0.07076723669484297,0.05368413095163568,0.21361402962189852,0.0076199704744454345,0.0,0.0,0.0,0.10754995841751709,0.04020431911777119,0.0,0.10701700918408386,0.0,0.0,0.0,0.0,0.6569988991620153
gex_possorted_bam_SJSO3:CTGCTACTCCATAAGCx-M1,0.05996256897177164,0.0,0.7831664879323122,0.034108973052121495,0.6222542708639354,0.5893262453252951,0.7896053759060868,0.3952240560770848,0.18164130371980272,0.002716761817419497,1.0,0.0,0.01128674065266033,0.08814066989450552,0.04804599428864734,0.0,1.0,1.0,0.0,1.0,0.804171487256411,0.7073172268466126,0.15196175687131155,0.5216617627350032,0.0,0.0,0.6377778474936098,0.10351010739822651,0.0,0.0,0.0,0.5615948324886788,0.24791614190324648,0.0,0.3851484155129577,0.08163327679448049,0.0,0.022701541263555586,0.1828314025184397,0.31283627147780213,0.7158949863966771,0.0,0.0,0.6503586758318962,0.21619052625986707,0.04272354404519918,0.3408301273127358,0.4171432065680626,0.026652018151107886,0.10017871043908522,0.0,0.0,1.0
gex_possorted_bam_SJSO3:CTGCTATGTCAATAGTx-M1,0.016507098477561,0.0,0.0,0.0,0.2738211561363888,0.07940135295803753,0.0,0.0,0.0,0.0,0.7661477896287537,0.0,0.0,0.0,0.0,0.0,0.8265394632162879,0.981246814537098,0.0,1.0,0.6477087340636297,0.6810344487200481,0.13054693546406806,0.7640825448331324,0.0,0.0,0.41553006779684176,0.0,0.0,0.0,0.0,0.030963767244074306,0.14673781616754314,0.0,0.2412524016899297,0.0,0.0,0.0,0.0,0.0,0.0,0.0,0.0,0.0,0.04368408487886253,0.0,0.0,0.1456301860200159,0.0,0.0,0.0,0.0,0.8489534265940912
gex_possorted_bam_SJSO3:CTGATCACAGTTAGCCx-M1,0.051594826091572864,0.0,0.0,0.0,0.1303233407284585,0.2440931852044279,0.0,0.0,0.0,0.0,1.0,0.0,0.0,0.0,0.0,0.0,1.0,1.0,0.0,0.7431188848309419,0.5332468726145451,0.7242102390180053,0.1272394485394051,0.6818966959212988,0.0,0.0,0.44132523630216497,0.0,0.0,0.0,0.0,0.16267011419230806,0.10923798786901488,0.0,0.22357168487649276,0.0,0.0,0.06583456901355295,0.0,0.0,0.0,0.0,0.0,0.0,0.00947788633887878,0.0,0.0,0.3872607462015919,0.0,0.0,0.0,0.0,0.6991599301192083
gex_possorted_bam_SJSO3:CTGTTAAAGACCATACx-M1,0.0,0.017051110063207368,0.8304874697630015,0.0,0.0,0.0,1.0,0.0,1.0,0.0,1.0,0.7594668281931077,0.37530611961442906,1.0,0.0,1.0,1.0,0.0,0.6452415692902063,0.0,0.0,0.0,0.0,0.0,1.0,0.08625002564392048,1.0,0.20053984765076588,0.07945226144089267,0.0,0.4446235408055019,0.0,0.0,0.0,1.0,0.0,1.0,0.0,0.0,1.0,0.0,1.0,1.0,1.0,0.0,0.0,1.0,1.0,0.01876826974052606,0.0,0.4027325828522258,0.014463434643971958,0.0
gex_possorted_bam_SJSO3:CTGCTCCCATGTTGTGx-M1,0.0,0.0,0.0,0.0,0.0,0.0,0.41659327585545086,0.0,1.0,0.0,0.9489150713748047,0.16062411848984073,0.13117702188714567,1.0,0.0,1.0,0.9010618970506168,0.4539364681307568,0.7672245339720419,0.0,0.0,0.0,0.0,0.0,1.0,0.0,1.0,0.0,0.26675748485074424,0.0,0.0,0.0,0.0,0.0,1.0,0.0,1.0,0.0,0.0,0.9816458426202822,0.0,1.0,0.6259650920208152,0.0,0.0,0.0,0.9053328034201263,1.0,0.0,0.0,0.44242941233558963,0.0,0.0
gex_possorted_bam_SJSO3:CTGCTATGTTGCCTCAx-M1,0.20943393382087294,0.38997309640393957,1.0,0.2645431625566682,0.28754797459976655,0.6515976044015719,1.0,0.27235601061198,0.7026749847954719,0.47948475765277354,0.9644738111023358,0.03413903629219654,0.5710996035820713,0.7271642671441599,0.3138582498699002,1.0,1.0,0.7267284999141411,0.43294133865989914,0.8068741571881848,0.4765825644352933,0.2751292187937293,0.22695586429111736,0.3375577438168023,0.8789628938886398,0.2395444786793747,0.8392370291334128,0.46509081721967904,0.3427681363101755,0.33730861577848165,1.0,0.30718379113518274,0.2164689577071849,0.23076025125666133,1.0,0.27100688487823543,1.0,0.12563225674554906,0.23235547176933605,1.0,0.20343957952890324,0.9855514435115917,0.7971673535686493,1.0,0.3157752675196729,0.28987217327121645,0.8734506607814776,1.0,0.405892351901813,0.38900909971888215,0.41067273503896634,0.29420800429718497,1.0
gex_possorted_bam_SJSO3:CTGTACCTCCTTAGTTx-M1,0.0,0.35283455895347426,0.6945759693291534,0.12547729953647183,0.0,0.0,1.0,0.0,1.0,0.0,1.0,1.0,1.0,1.0,0.0,1.0,1.0,0.34434512401155515,1.0,0.0,0.0,0.0,0.0,0.0,1.0,0.2871623545482197,1.0,0.36811273839346526,0.8424420641106354,0.2457628197669924,1.0,0.0,0.0,0.061669927411606075,1.0,0.0,1.0,0.0,0.0,1.0,0.0,1.0,1.0,1.0,0.0,0.06336585352544123,1.0,1.0,0.22838844335672961,0.0,0.5469585905548008,0.24187772797636295,0.0
gex_possorted_bam_SJSO3:CTGCTACTCTCGCCTGx-M1,0.05509675418269476,0.0,0.5547357320272223,0.0,0.5349012725720261,0.5111220288918159,0.0,0.0,0.0,0.07101737418598117,1.0,0.0,0.0,0.0,0.05518945735037337,0.0,1.0,1.0,0.0,1.0,0.7523824187343989,0.8554407891094405,0.19858814728364155,0.7460238088422588,0.0,0.0,0.35149141611841456,0.0,0.0,0.0645250593079963,0.0,0.31795281547142534,0.19031961353244586,0.0,0.21079660665560238,0.008983212713046024,0.0,0.04603723672121043,0.0,0.1292718320776853,0.0,0.0,0.0,0.0,0.22097252207267587,0.0,0.0,0.3341113412921968,0.0,0.10374659063029955,0.0,0.022218669825070023,1.0
gex_possorted_bam_SJSO3:CTGGTTACAATTGAAGx-M1,0.0,0.17690942699101236,0.9628934804094985,0.0,0.0,0.0,1.0,0.0,0.9908500968764508,0.0,1.0,1.0,0.19027076324125983,1.0,0.0,1.0,1.0,0.7746638651592413,1.0,0.0,0.0,0.0,0.0,0.0,1.0,0.06809067770508612,1.0,0.12330440430098305,0.0,0.0,0.3126900425044154,0.0,0.0,0.0,1.0,0.0,1.0,0.0,0.0,1.0,0.00283867162457769,1.0,1.0,1.0,0.0,0.0,1.0,1.0,0.011230682495763792,0.0,0.30133070956677194,0.0,0.0
gex_possorted_bam_SJSO3:CTGTACCTCGTTAACAx-M1,0.0,0.0,0.2799014405394453,0.0,0.06658811515521758,0.0,0.09683313098178369,0.07449770156264095,0.0,0.01722224221927758,0.2430255565748058,0.0,0.0,0.0,0.09771247642496349,0.0,0.5791098957145627,0.0,0.0,1.0,0.4267269800279721,0.46883318148266767,0.060729544284206384,0.5109679022370994,0.0,0.0,0.4474180899256834,0.0,0.0,0.0,0.20983062090903062,0.0,0.07904649081325872,0.019518886607813493,0.3971590040919822,0.00738654450958363,0.0,0.0,0.07446225941930532,0.39968371999351293,0.09159306548593539,0.09681406690841114,0.0,0.0,0.0,0.0,0.0,0.1398477798848377,0.0,0.0,0.0,0.0,0.7999882517941086
gex_possorted_bam_SJSO3:CTGCAATAGGCGCATCx-M1,0.11906546369567028,0.47196622823944034,1.0,0.23491933638800339,0.8426006013391599,1.0,1.0,0.5417485337165477,0.9230323399022429,0.5825118856195103,1.0,0.0,0.4873173329219228,0.40129291741088946,0.20927918651750926,0.5992886634236265,1.0,1.0,0.38263211349380877,1.0,0.7742057173876237,0.5868895127171291,0.2560677795317083,0.225227811416122,0.716270498781745,0.23004480406234096,0.8626446185194366,0.44888364515993145,0.48177480684460733,0.14698366518016537,1.0,0.4888497401813471,0.2892321748390539,0.2402183479565074,0.800942781495585,0.24383605166416925,0.5332401409215827,0.14263961838909495,0.3988192267937228,0.9384529182731041,1.0,0.5344918168829172,0.8331328799663654,1.0,0.2333075886974395,0.3332485689684908,1.0,0.7731993475903065,0.42090287655173264,0.5110736054110142,0.0,0.13232972258675152,1.0
gex_possorted_bam_SJSO3:CTGTGTGAGCTGAGGGx-M1,0.1674114680907203,0.0,0.0,0.043627165410405115,0.3004409381235225,0.6407468593017716,0.0,0.08537325511803832,0.0,0.0,1.0,0.0,0.0,0.0,0.1021079656655006,0.0,0.9988160014062188,1.0,0.0,1.0,0.7871649582429423,0.8311617321565071,0.24793030280063405,0.8601871953340896,0.0,0.0,0.4149916799470433,0.0,0.0,0.1027890091471089,0.3731681670862767,0.2598199940448532,0.28067289360708103,0.008953775100316379,0.21628091524635765,0.14877013018550958,0.0,0.1423863088690357,0.10841272343586021,0.04818824539278136,0.0,0.0,0.0,0.0,0.18979698850369617,0.13428997070876894,0.0,0.08269167663176445,0.004850166938444146,0.07101725831129813,0.0,0.07977399667813707,1.0
gex_possorted_bam_SJSO3:CTGGTAAGTGCAATGCx-M1,0.046868654871039264,0.0,0.0,0.01049438565277517,0.2351910897411043,0.30738730019412763,0.0,0.0,0.0,0.0,1.0,0.0,0.0,0.0,0.0,0.0,0.9630645840861543,1.0,0.0,1.0,0.6479985111870176,0.7863083802248513,0.1347822807627446,0.7278715648022243,0.0,0.0,0.37399867811470827,0.0,0.0,0.03090767026414751,0.0,0.0,0.15777287552758448,0.0,0.13760019921006572,0.0,0.0,0.003263108107367635,0.0,0.0,0.0,0.0,0.0,0.0,0.03036276268274091,0.0,0.0,0.4401452259059563,0.0,0.0,0.0,0.0,0.7362112993171257
gex_possorted_bam_SJSO3:CTGCTCCCACCTACGGx-M1,0.03346083393480949,0.0,0.0,0.0,0.16153454071160045,0.038090393969728485,0.0,0.0,0.0,0.0,0.9614778106155975,0.0,0.0,0.0,0.0,0.0,0.8613859362288184,1.0,0.0,0.9089375394163293,0.5173564355981151,0.6570254993861118,0.11897763513342556,0.6054871782748741,0.0,0.0,0.4608707223835817,0.0,0.0,0.0,0.0,0.10262703439551095,0.1088913890139611,0.0,0.24599323563736797,0.0,0.0,0.04940710534645222,0.0,0.0,0.0,0.0,0.0,0.0,0.0,0.0,0.0,0.31073451449128864,0.0,0.0,0.0,0.0,0.7194437532390252
gex_possorted_bam_SJSO3:CTGGTCAAGGCATGAAx-M1,0.0,0.4557783934960075,1.0,0.012328992218819166,0.0,0.0,1.0,0.0,1.0,0.18010997943773235,0.8119373397712696,1.0,0.3258076092381752,1.0,0.0,1.0,1.0,0.0,0.5395241235906253,0.0,0.0,0.0,0.0,0.0,1.0,0.08965706475995913,1.0,0.3754147204289157,0.12819568782620194,0.0,1.0,0.0,0.0,0.08466887957169456,1.0,0.0,1.0,0.0,0.0,1.0,0.15357633529996784,1.0,1.0,1.0,0.0,0.0,1.0,1.0,0.19051882734798975,0.0,0.3476702232740639,0.034121019212837445,0.0
gex_possorted_bam_SJSO3:CTGCTCCCATAGACTTx-M1,0.0,0.2841854506478348,0.0,0.0,0.0,0.0,0.2998612049199453,0.09422461226904372,0.0,0.08258984611433175,0.0,0.5541304941341989,0.0,0.0,0.1919697717948323,0.0,0.19465425540567086,0.0,0.0,1.0,0.14994652743403092,0.19390164777009192,0.0,0.4842751783302537,0.0,0.0,0.28830946817176173,0.0,0.0,0.0,0.13820105367119173,0.0,0.020477081962741193,0.12074024439965708,0.44018912974655844,0.027369153179931143,0.07854156303758145,0.0,0.11045750863335178,0.4145789858624129,0.14870398011233651,0.5336265484620156,0.0,0.0,0.0,0.0,0.0,0.0,0.0,0.0,0.0,0.0,0.170279706370451
gex_possorted_bam_SJSO3:CTGGCTAAGCTCCCTGx-M1,0.0,0.39595580195508706,1.0,0.11858573101445365,0.0,0.0,1.0,0.0,1.0,0.05799849957111353,1.0,0.9169031194939904,1.0,1.0,0.0,1.0,1.0,0.3252706901333922,1.0,0.0,0.0,0.0,0.0,0.0,1.0,0.2517433031658015,1.0,0.49763132486815026,0.5941184604313478,0.22878484023590215,1.0,0.0,0.0,0.09213878391808714,1.0,0.0,1.0,0.0,0.0,1.0,0.0,1.0,1.0,1.0,0.0,0.048423950474909626,1.0,1.0,0.29033178512376784,0.0,0.6377149853677823,0.20171951074977626,0.0
gex_possorted_bam_SJSO3:CTGTAACAGTTGTCTTx-M1,0.0,0.0,0.5834695891430314,0.0,0.6686426853181944,0.41613876728091415,0.0,0.0,0.0,0.11155332186550226,0.8027243073616097,0.0,0.0,0.0,0.051971791750189365,0.0,0.8934731275135447,0.8876304365233532,0.0,1.0,0.6451108036259107,0.8747339898952232,0.16973508559258105,0.7212280568423329,0.0,0.0,0.3413672273980181,0.0,0.0,0.048855855471665065,0.2926774742205929,0.23836210787653858,0.17274426078524222,0.0,0.11259203900948414,0.0471053330031436,0.0,0.0,0.02926861797829731,0.08642422047322786,0.0,0.0,0.0,0.0,0.22357431284508206,0.0,0.0,0.0713340258943804,0.0,0.23845477940730395,0.0,0.0,1.0
gex_possorted_bam_SJSO3:CTGTACCTCGCGCTAAx-M1,0.017013452010392886,0.0,0.0,0.0,0.15750633823068802,0.0,0.0,0.0,0.0,0.0,0.44218345155996613,0.0,0.0,0.0,0.0,0.0,0.4275940303848457,0.21065858170556312,0.0,1.0,0.38717617557927986,0.609318683479438,0.11712034375018988,0.6217779721803878,0.0,0.0,0.4929243680458959,0.0,0.0,0.0,0.0,0.0,0.0890532228793423,0.0,0.2883354453852487,0.037379291355831255,0.0,0.0131787611998003,0.0,0.04567938678654934,0.0,0.0,0.0,0.0,0.1058160870152381,0.0,0.0,0.1750680761613544,0.0,0.0,0.0,0.0,0.7866368456109859
gex_possorted_bam_SJSO3:CTGTTCATCCTTCGTAx-M1,0.004451953280875558,0.0,0.0,0.0,0.1715475889491524,0.016089935250568843,0.0,0.0,0.0,0.0,0.7354158846522274,0.0,0.0,0.0,0.0,0.0,0.7189807548153101,0.6192910567729413,0.0,1.0,0.630735417530823,0.6169846422661431,0.09163922145778286,0.6995319742039245,0.0,0.0,0.4647211863489618,0.0,0.0,0.0,0.0,0.009209554957083418,0.09907372887395133,0.0,0.3213112756272383,0.0,0.0,0.010241549652312823,0.0,0.20769885412767888,0.0,0.0,0.0,0.0,0.045022641909177784,0.0,0.0,0.27158807393740064,0.0,0.0,0.0,0.0,0.7362525887433837
gex_possorted_bam_SJSO3:CTTCAAGCAAACCCTAx-M1,0.0,0.3819580267938201,0.03190922670946662,0.0,0.0,0.0,0.47068082312572246,0.11048942436186426,0.0,0.10447663572805516,0.0,0.63579201331645,0.0,0.0,0.2661402327927424,0.02622457169186626,0.44501052211262715,0.0,0.0,1.0,0.08377930314311147,0.17322454341638824,0.0,0.45742485469905164,0.0,0.0,0.23256250611852877,0.0,0.0,0.0,0.3023478074741635,0.0,0.02051318225907276,0.13605611959324349,0.4240814185496909,0.01777779394868461,0.12301725559387473,0.0,0.149851927150104,0.45180136343635235,0.1261558687094441,0.623843105305611,0.0,0.0,0.0,0.0,0.0,0.0029971075090652988,0.0,0.0,0.0,0.0,0.0
gex_possorted_bam_SJSO3:CTGTTGGAGACAACAGx-M1,0.1500591126901573,0.45296590342794907,1.0,0.16642666332112338,1.0,1.0,0.1587870353502814,0.17948218580388894,0.0,0.9834455800360903,0.7867188808441563,0.0,0.17160416722945337,0.0,0.5744429937540231,0.18777867890647182,1.0,0.7360519349955489,0.0,1.0,0.8412844633641078,1.0,0.4038104440403771,0.7568026286308487,0.0,0.16734193935793779,0.1995657112438171,0.36504155305222535,0.0,0.41141354589789647,1.0,0.3600336445752579,0.38135255451629535,0.21781206081277216,0.22022423980230188,0.421006721609263,0.044245628725659396,0.10725823539961493,0.40067215629561154,0.7023745944175793,0.2793212988058105,0.0,0.21476684506574747,1.0,0.4463765496557517,0.3155603614985322,0.3466335643379492,0.0,0.44034779614537317,0.8269353691555551,0.05734782037042579,0.25535480249838954,1.0
gex_possorted_bam_SJSO3:CTTCATCCATTGACATx-M1,0.05712757157536301,0.0,0.0,0.0,0.24856518405649716,0.29548039553360755,0.0,0.0,0.0,0.0,1.0,0.0,0.0,0.0,0.0,0.0,1.0,1.0,0.0,0.7838675331471991,0.5600055726466727,0.7733269713359074,0.16142224759744825,0.659083271339526,0.0,0.0,0.4317807108576066,0.0,0.0,0.0,0.0,0.1589697834041739,0.11286676084804863,0.0,0.19208728676433903,0.0,0.0,0.05295367369468454,0.0,0.0,0.0,0.0,0.0,0.0,0.038009219027953685,0.0,0.0,0.3924995174140582,0.0,0.0,0.0,0.0,0.7649975282738073
gex_possorted_bam_SJSO3:CTTCAGGAGTACTGGTx-M1,0.0,0.0,0.0,0.0,0.0,0.0,0.5242980730815008,0.0,0.6249459896195958,0.0,0.8668276758423703,0.5028534556271804,0.0,1.0,0.0,1.0,1.0,0.3052211411523141,0.43455019969838865,0.0,0.0,0.0,0.0,0.0,0.6583495653477653,0.0,1.0,0.0,0.015044192805950072,0.0,0.0,0.0,0.0,0.0,1.0,0.0,1.0,0.0,0.0,0.98459984491074,0.04155836273373605,1.0,0.4151487599923005,0.07127036543135574,0.0,0.0,0.3874480855886581,1.0,0.0,0.0,0.08903222003743785,0.0,0.0
gex_possorted_bam_SJSO3:CTTAACAAGGGCTTATx-M1,0.0,0.0,1.0,0.007728125485370514,0.5104108720242154,0.24189675227949572,1.0,0.29022433677795956,1.0,0.0,1.0,0.0,0.35759707056588236,0.5874921915765212,0.0,0.46806564598659495,1.0,1.0,0.5013678097415614,0.8985469270586581,0.057149101813113806,0.0,0.0,0.0,0.9620383520947269,0.05137612333870707,1.0,0.0,0.28410511740806604,0.0,0.0,0.5588614802078304,0.0,0.0,1.0,0.0,1.0,0.0,0.0,1.0,0.7015536951539432,0.9126521961479181,0.4769997952894438,1.0,0.0,0.04425049848282025,1.0,1.0,0.030882225331462787,0.0,0.0,0.0,1.0
gex_possorted_bam_SJSO3:CTTACCGGTATTGTCCx-M1,0.29486198694240906,0.1272511077851154,0.21401770950136131,0.33014729699509066,0.19281206724433678,0.5719942221205915,0.34495045594880663,0.3860004313001709,0.2124130009500944,0.7743492124424352,0.31243437811162844,0.0,0.0,0.0,0.7264152833805329,0.21818710896509272,0.5946734017583034,0.2757384736479633,0.0,1.0,0.8774781516837964,0.7905983501735913,0.41696884942423795,0.6107678316322788,0.06302355304060968,0.2552547965668313,0.2992324375699992,0.0,0.09801207650482714,0.017005842787124862,1.0,0.0,0.5343155021822287,0.15148296400877134,0.18846260056425443,0.3524213407591613,0.0,0.08627906847658247,0.6475358496094011,0.47771172877063983,0.30180971244865334,0.0,0.0,0.0,0.6422228804919259,0.23598425747073984,0.6179349913271215,0.77290624946704,0.2789033879283857,0.415842298047918,0.0,0.35605667547430075,0.0
gex_possorted_bam_SJSO3:CTGTTTAGTTACTTCAx-M1,0.0,0.0,0.30014865209844677,0.0,0.0,0.0,0.9498083800833249,0.0,1.0,0.0,1.0,0.48985765742911297,0.17632181514121792,1.0,0.0,1.0,1.0,0.7967424246114726,1.0,0.0,0.0,0.0,0.0,0.0,1.0,0.06566704322469202,1.0,0.027149036851948524,0.04427410382361476,0.0,0.0,0.0,0.0,0.0,1.0,0.0,1.0,0.0,0.0,1.0,0.0,1.0,1.0,1.0,0.0,0.0,1.0,1.0,0.0,0.0,0.26997556141967116,0.0,0.0
gex_possorted_bam_SJSO3:CTTAGGAGTTGGCCGAx-M1,0.0,0.3994430955720273,1.0,0.14004285116764978,0.0,0.3185682072319364,1.0,0.0,1.0,0.07831669576286379,1.0,0.8698363396514025,1.0,1.0,0.0,1.0,1.0,1.0,1.0,0.0,0.0,0.0,0.0,0.0,1.0,0.2655379570062584,1.0,0.6544191864744546,0.1932786740021397,0.37045807903050965,1.0,0.0,0.0,0.07775631628060364,1.0,0.0,1.0,0.0,0.0,1.0,0.0,1.0,1.0,1.0,0.0,0.03842863268522362,1.0,1.0,0.3338686030712208,0.0,0.5484283275233497,0.20076761109746047,0.0
gex_possorted_bam_SJSO3:CTGTTGGAGTAACGAGx-M1,0.04713946503524394,0.0,0.0,0.0,0.20761527162209997,0.0,0.0,0.039606885721877136,0.0,0.0,0.6641047755713021,0.0,0.0,0.0,0.0,0.0,0.7618286920088226,0.8000685026756368,0.0,0.6773134652104161,0.515965445606078,0.4920949576305367,0.13890276695104817,0.48833669708368976,0.0,0.0,0.6357098442831682,0.0,0.0,0.0,0.0,0.06289154235846495,0.1159743751850287,0.0,0.3012034111474348,0.0,0.0,0.029773189251237897,0.0,0.03351175152121244,0.0,0.006351260055793426,0.0,0.0,0.0,0.0,0.0,0.5664651213817514,0.0,0.0,0.0,0.0,0.49914478913875626
gex_possorted_bam_SJSO3:CTTACCTCATCACTTCx-M1,0.0,0.0,0.2514021234169029,0.0,0.0,0.0,0.5665462814718513,0.0,0.8620100255091602,0.0,1.0,0.3617965899657409,0.0,1.0,0.0,1.0,1.0,0.17885837576557675,0.45885955914192406,0.0,0.0,0.0,0.0,0.0,0.8944093363912184,0.0,1.0,0.0,0.012463196150079193,0.0,0.0,0.0,0.0,0.0,1.0,0.0,1.0,0.0,0.0,1.0,0.0,1.0,0.9926919936766839,1.0,0.0,0.0,0.8457536932446221,1.0,0.0,0.0,0.13599521858201194,0.0,0.0
gex_possorted_bam_SJSO3:CTTAACAAGGAGTCGGx-M1,0.0103371078815734,0.0,0.0,0.0,0.2604421780617055,0.21857368958517165,0.0,0.0,0.0,0.0,0.9155580066437128,0.0,0.0,0.0,0.0,0.0,0.844514019822475,0.9796309818197985,0.0,1.0,0.4717325193677432,0.7070046320875463,0.13877851266984562,0.6217171763397449,0.0,0.0,0.4149643284544256,0.0,0.0,0.0,0.0,0.09539357649645923,0.11011165105050973,0.0,0.238381804578994,0.0,0.0,0.0,0.0,0.03682851331253301,0.0,0.0,0.0,0.0,0.11031034183897477,0.0,0.0,0.2708527686483133,0.0,0.0,0.0,0.0,0.9241501747492281
gex_possorted_bam_SJSO3:CTTACCTCAGAAACGTx-M1,0.030038320843453464,0.0,0.4659810172411159,0.0,0.29695504759458896,0.3005960100076889,0.0,0.0,0.0,0.0,0.7506996012147867,0.0,0.0,0.0,0.07895363467495192,0.0,0.9049339679235098,0.8987827345322754,0.0,1.0,0.6590493838334197,0.7843385710033853,0.16638962661451176,0.6310607172124764,0.0,0.0,0.32380652547889033,0.0,0.0,0.0,0.17246330644118715,0.0,0.22553724411486534,0.0,0.15160164251802716,0.00945433658236628,0.0,0.0,0.11619252257535277,0.0027434324872617597,0.0,0.0,0.0,0.0,0.08602613015558969,0.0,0.0,0.012675016919209484,0.0,0.07314510956099793,0.0,0.0,0.9915274463116288
gex_possorted_bam_SJSO3:CTGTTGGAGCACAGCCx-M1,0.04165003461804025,0.0,0.0,0.0,0.24528757110268845,0.18517164593630614,0.0,0.0,0.0,0.0,1.0,0.0,0.0,0.0,0.0,0.0,0.9456119732354319,1.0,0.0,1.0,0.5498206951724238,0.7435981772701552,0.11709775414334758,0.6787141024019063,0.0,0.0,0.4307346339947679,0.0,0.0,0.0,0.0,0.13781150661833502,0.13838860805148998,0.0,0.19419560446226392,0.0,0.0,0.020513218978793005,0.0,0.0,0.0,0.0,0.0,0.0,0.08585692812960094,0.0,0.0,0.38169587280414213,0.0,0.0,0.0,0.0,0.7638741784829262
gex_possorted_bam_SJSO3:CTTACCGGTTCCGCACx-M1,0.0,1.0,1.0,0.051690519058318375,0.0,0.08039157718408596,1.0,0.32629597093628543,0.09569860141473635,0.9582172413203034,0.0,1.0,0.0,0.0,0.6842551829517665,0.3215823147612379,0.17359640553991956,0.0,0.0,1.0,0.263904481352541,0.34500708150681125,0.09658069223275369,0.578430934022571,0.0,0.0,0.044206496753840585,0.2736898463650922,0.07592978828734841,0.0,1.0,0.0,0.13763529119452397,0.3600648656064042,0.4985822442448477,0.3833758686995068,0.45935509159834703,0.0,0.4172089471687764,1.0,0.2393202194323507,0.7866647118298479,0.0,0.6362434696480579,0.06576987035535926,0.1638809244428316,0.0,0.0,0.312849011455012,0.42321649166804304,0.05938465415842985,0.0,0.9217944674241668
gex_possorted_bam_SJSO3:CTTCAATTCGATTTGAx-M1,0.0,0.0,0.09086414598368982,0.0,0.07979973055575482,0.0,0.0,0.021305761432541363,0.0,0.0,0.18632415733339752,0.0,0.0,0.0,0.12206555134468097,0.0,0.538833008496248,0.0,0.0,1.0,0.41587446559792823,0.4806578385632794,0.04894198074621668,0.5537123549792426,0.0,0.0,0.4147778953860857,0.0,0.0,0.0,0.021553911653538184,0.0,0.096493106842871,0.025518054040745024,0.3183781593412305,0.0,0.0,0.0,0.04677078744539582,0.2446446562289002,0.046127311820074866,0.12838230921959393,0.0,0.0,0.0,0.0,0.0,0.1493426309669863,0.0,0.0,0.0,0.0,0.6152466320006192
gex_possorted_bam_SJSO3:CTTATGTTCTCGACCTx-M1,0.020739073503279446,0.0,0.04437818190035347,0.0,0.33033778967915933,0.1457144358322059,0.0,0.0,0.0,0.0,1.0,0.0,0.0,0.0,0.0,0.0,0.9853015388077055,1.0,0.0,0.7722185451817016,0.4228871734861634,0.5371774420389874,0.1184965932320966,0.4867715838984938,0.0,0.0,0.5898377447220244,0.0,0.0,0.0,0.0,0.21909786967532452,0.08321617406780032,0.0,0.4172502517504141,0.0,0.0,0.046546091119270445,0.0,0.0777413533659652,0.06317490439400487,0.0,0.0,0.0,0.009006930835786646,0.0,0.0,0.5678055667761854,0.0,0.0032722319328204216,0.0,0.0,0.7332755128949973
gex_possorted_bam_SJSO3:CTTCAATTCGTTAAGCx-M1,0.061470418611856606,0.0,0.0,0.0,0.21704153752259553,0.2772119631946021,0.0,0.0,0.0,0.0,1.0,0.0,0.0,0.0,0.0,0.0,0.935618022840958,1.0,0.0,0.80946474694453,0.5941014297577148,0.7192633923958294,0.13767922046493877,0.6799493319647734,0.0,0.0,0.39491208247069987,0.0,0.0,0.0,0.0,0.11788913587639024,0.12453208997022805,0.0,0.271928863121233,0.0022903004482215904,0.0,0.06961088248354512,0.0,0.010413751850583616,0.0,0.0,0.0,0.0,0.03976179384112462,0.0044308208291878514,0.0,0.31425468517894867,0.0,0.0,0.0,0.011547518861729722,0.7541004119218502
gex_possorted_bam_SJSO3:CTTATGTTCGTTATCTx-M1,0.027901589822048763,0.0,0.3838884022740889,0.0,0.27804882798370567,0.2594093280551351,0.0,0.0,0.0,0.05408679358674808,0.6790385567758771,0.0,0.0,0.0,0.1263750075570513,0.0,0.6901957721210095,0.576565607443799,0.0,1.0,0.7114278971703646,0.7678100583178442,0.14638444931464975,0.7516155613660459,0.0,0.0,0.3032410412728264,0.0,0.0,0.0,0.5413282121774055,0.027183042736009026,0.16045357730286905,0.0,0.22149233187122427,0.07278804426964121,0.0,0.0,0.04399270763240271,0.23749527784269883,0.0,0.0,0.0,0.0,0.10041530038857474,0.04278851665335608,0.0,0.0,0.0,0.0775069997252597,0.0,0.0,1.0
gex_possorted_bam_SJSO3:CTTACCGGTTCGCTCAx-M1,0.008277227737412086,0.0,0.4913528043810692,0.0,0.6410840475666939,0.4511361582820474,0.0,0.0,0.0,0.0,1.0,0.0,0.0,0.0,0.0,0.0,1.0,1.0,0.0,1.0,0.6604141799500424,0.8016947945213907,0.17377466574219405,0.6407462264342293,0.0,0.0,0.45371837706557305,0.0,0.0,0.02424823371686697,0.0,0.3382109114976382,0.1619468512063881,0.0,0.1940896382482072,0.005614968302441551,0.0,0.011163856564860311,0.006083349589771247,0.036569074104803666,0.12721149246789323,0.0,0.0,0.0,0.14936646689244606,0.0,0.0,0.31047877896135795,0.0,0.16044809986309627,0.0,0.0,1.0
gex_possorted_bam_SJSO3:CTTATGTTCCTAATAGx-M1,0.07872481967883185,0.0,0.15066087104453335,0.0,0.5183141006934484,0.537986723621623,0.0,0.0,0.0,0.0,1.0,0.0,0.0,0.0,0.006937655215906425,0.0,1.0,1.0,0.0,1.0,0.7957216215888173,0.8766719391616294,0.20701590160699648,0.7430153842701095,0.0,0.0,0.3933835807701797,0.0,0.0,0.009249043701034677,0.0,0.2296728577453427,0.20459818999091903,0.0,0.18287664818280802,0.01090085206393991,0.0,0.04501875175913854,0.0316425080455101,0.0,0.0,0.0,0.0,0.0,0.17318858979375368,0.0,0.0,0.25128650626823085,0.0,0.08168777728985385,0.0,0.0011096516901388748,1.0
gex_possorted_bam_SJSO3:CTTCTAAGTTTATCTGx-M1,0.22655730580033467,0.0,0.0,0.09668282724472382,0.5879680802698541,0.8165823924351852,0.0,0.03412587759501135,0.0,0.1517274941800995,1.0,0.0,0.0,0.0,0.08414764640823727,0.0,1.0,1.0,0.004921727023323743,1.0,0.8716315118814236,0.931398010767222,0.3216211409607602,0.7924622977869078,0.0,0.037965176707861426,0.2906968691054413,0.06549876856787788,0.0,0.3063839522296342,0.03995800486159842,0.343451150811592,0.2825097415029189,0.017350499601683816,0.2968976759008675,0.20737689640030002,0.0,0.22762127225428289,0.16488145892875566,0.05833952333469603,0.0,0.0,0.0,0.0,0.26749489750482885,0.17925334085700942,0.0,0.17968352483988298,0.1202479029206835,0.2278914408965245,0.0,0.200160604440147,1.0
gex_possorted_bam_SJSO3:CTTCTAAGTTAGCGTAx-M1,0.0,0.694961310002248,1.0,0.08216739431516863,0.0,0.0,1.0,0.0,1.0,0.20270037059514343,1.0,1.0,0.33321405897663575,1.0,0.0,1.0,1.0,0.44594605888592687,1.0,0.0,0.0,0.0,0.0,0.0,1.0,0.06083600303699562,1.0,0.3434266147060511,0.03025396341131083,0.12004469931547583,0.9649005196752815,0.0,0.0,0.12966343593555044,1.0,0.0,1.0,0.0,0.0,1.0,0.19820123048721078,1.0,1.0,1.0,0.0,0.0,1.0,1.0,0.1812945729969742,0.0,0.2519282237494418,0.04212444197529275,0.0
gex_possorted_bam_SJSO3:CTTAGTTTCATTAGTGx-M1,0.0,0.12715543630350462,0.44749955475342795,0.0,0.010059379549589928,0.0,0.11737248463244469,0.05810882375847802,0.0,0.14197319853897145,0.12446908850775927,0.0,0.0,0.0,0.21316378352811757,0.0,0.48188061139105137,0.0,0.0,1.0,0.4301468819872156,0.4262727980766421,0.07458381653330119,0.5383587787549574,0.0,0.0,0.4152715586453499,0.0,0.0,0.0,0.7307834798116222,0.0,0.12135092465543525,0.08786505382956834,0.5162397893041595,0.04954729564506122,0.1892999623980477,0.0,0.10534844439660815,0.5042864829189082,0.0,0.20783842851810255,0.0,0.057346508675290425,0.001693913617187106,0.014446386879979678,0.0,0.14843080514733184,0.0,0.02202670144704528,0.0,0.0,0.8044151519665793
gex_possorted_bam_SJSO3:CTTACCGGTTTGTGGAx-M1,0.0,0.11492679764172838,0.0,0.0,0.0,0.0,0.010153056111774975,0.01798475672541292,0.0,0.0,0.058622255467716655,0.31564707781539114,0.0,0.0,0.10422944037516169,0.0,0.4747879922081046,0.0,0.0,1.0,0.19125282117834383,0.2713831740937501,0.011097568917726333,0.45979971060939734,0.0,0.0,0.37969476327342405,0.0,0.0,0.0,0.07456211169463937,0.0,0.01855362936597818,0.02652312983998502,0.45447422651775704,0.0,0.028208559473717334,0.0,0.057787781023404775,0.3951178442461545,0.08391806437401071,0.43864543455372257,0.0,0.0,0.0,0.0,0.0,0.18762634482246962,0.0,0.0,0.0,0.0,0.1821347709430594
gex_possorted_bam_SJSO3:CTTCTAAGTACTGAATx-M1,0.09139801546801171,0.0,0.0,0.0,0.17593040065546814,0.4317866491797507,0.0,0.0,0.0,0.0,1.0,0.0,0.0,0.0,0.0,0.0,1.0,1.0,0.0,0.6369381136230811,0.6516896287340217,0.8039017066084088,0.1577629029425412,0.7925700577690881,0.0,0.0,0.39692190807632294,0.0,0.0,0.008213375257411204,0.0,0.11852136069115521,0.14472133823859723,0.0,0.16938476066027075,0.0,0.0,0.13050156710899471,0.0,0.0,0.0,0.0,0.0,0.0,0.026321149034759458,0.0,0.0,0.32390161225589803,0.0,0.0,0.0,0.014773982488826881,0.6555880627863874
gex_possorted_bam_SJSO3:CTGTTCATCTATTGTCx-M1,0.03571583005211729,0.15102229588774943,1.0,0.08022773826308302,1.0,0.9840831260472929,1.0,0.5657458205721457,0.6658772940714264,0.03505010011922285,1.0,0.0,0.18061363533862476,0.0,0.0,0.0,1.0,1.0,0.2586281762129751,1.0,0.8583414051621303,0.8550929216001286,0.2027619833944876,0.2918333979238864,0.2414122739237188,0.06652169959380806,0.9705899378277681,0.0,0.4376108216036829,0.0,0.21259620566116397,0.6109428676052383,0.18301082495923643,0.0,0.54136665572746,0.05339808374730796,0.0,0.0,0.23467239671669782,0.4110033393154226,1.0,0.0,0.0,1.0,0.0,0.209404889065402,0.7082361162943956,0.23285254314156323,0.1269219686870435,0.13260424506641166,0.0,0.0,1.0
gex_possorted_bam_SJSO3:CTTACCTCAGTTAAAGx-M1,0.028283102134022364,0.0,0.4908290603688779,0.0,0.6392416024151447,0.4752435659868619,0.0,0.0,0.0,0.0,1.0,0.0,0.0,0.0,0.011873335522408589,0.0,1.0,1.0,0.0,1.0,0.7429505778034514,0.8818569254478953,0.1678846054221076,0.7221958015157279,0.0,0.0,0.4028279022587687,0.0,0.0,0.06398560972771358,0.010347934647208333,0.22750994991360268,0.20649394348749425,0.0,0.13289593207307945,0.0,0.0,0.020599794746684014,0.012366460906566375,0.0,0.0,0.0,0.0,0.0,0.24896303410030485,0.0,0.0,0.24852776580315716,0.0,0.1454441862762563,0.0,0.0,1.0
gex_possorted_bam_SJSO3:CTTATTGGTTAATGACx-M1,0.031488603101858526,0.19537810967550212,1.0,0.1019870314368643,1.0,1.0,1.0,0.5646456493726988,0.7234853619095568,0.1854109883574459,1.0,0.0,0.17749656124597185,0.0,0.0,0.0,1.0,1.0,0.26814690635577876,1.0,0.8321313365980523,0.958058442761083,0.2096048261836751,0.307288316558154,0.14787714702667518,0.05602691595326353,0.9415567229680595,0.0,0.4213290510297876,0.0,0.2982999441565958,0.7258248043638942,0.1788480376715253,0.03608916086526649,0.4897893389169135,0.12355154764102415,0.0,0.004493442021965723,0.28797748741695556,0.45205435621480206,1.0,0.0,0.0,1.0,0.06087061791118365,0.2276256061732573,0.6525800577910459,0.23902944890068506,0.17281222778547883,0.21661708651161232,0.0,0.0,1.0
gex_possorted_bam_SJSO3:CTTCACTCATAATCCGx-M1,0.0,0.0,0.0003085496277092963,0.0,0.0,0.0,0.47338895008037607,0.0,0.9071787066031458,0.0,1.0,0.26797727630923,0.05404241654046322,1.0,0.0,1.0,1.0,0.16629330402758213,0.40813481951934183,0.0,0.0,0.0,0.0,0.0,0.9012958329056133,0.0,1.0,0.0,0.039356047602755774,0.0,0.0,0.07420787752142324,0.0,0.0,1.0,0.0,1.0,0.0,0.0,1.0,0.0,1.0,0.7594295093739009,0.6347163818373468,0.0,0.0,0.9890264138627567,1.0,0.0,0.0,0.1261983570677522,0.0,0.0
gex_possorted_bam_SJSO3:CTTACCGGTTGTCATCx-M1,0.14722766623945016,0.2109983075997831,0.9461025509104998,0.15626292146272708,0.5677917344035025,0.9250028749087321,0.3738980764251743,0.050021929033025346,0.24490477173797728,0.4442505229200782,1.0,0.0,0.3452829273263582,1.0,0.21989045772615143,0.9468102826116567,1.0,1.0,0.45757492274789224,0.9234218662928059,0.6114627602822025,0.39521275684869384,0.24419814271090548,0.31126457825515935,0.6436844450122059,0.22085331876413108,0.9384357509295616,0.3334659290261814,0.18587562060354543,0.35449546071865823,1.0,0.263834304274979,0.15688965882128486,0.0698333372619417,1.0,0.18379825493411667,1.0,0.03155167373723176,0.23286777404045075,1.0,0.013542643911504079,0.6916199581147537,0.5241889434058588,1.0,0.24817930473941668,0.20241685328272932,0.8942774611342424,1.0,0.28860440512441426,0.4826555429817419,0.15331992887470233,0.2787846878871695,1.0
gex_possorted_bam_SJSO3:CTTACCGGTTCAAGCAx-M1,0.17011075303387244,0.0,0.0,0.05291669790582024,0.4376963753405368,0.6420204325913735,0.0,0.0,0.0,0.0,1.0,0.0,0.0,0.0,0.013598737764985772,0.0,1.0,1.0,0.0,1.0,0.8603033885909546,0.9101329487628678,0.2958681377589295,0.7634546313191403,0.0,0.0,0.3508045105546306,0.0,0.0,0.2647588203775048,0.030477664759935345,0.10655623410419109,0.23160574894104197,0.0,0.2153937222541863,0.08172153293446971,0.0,0.09178532279632023,0.06593280334265185,0.0,0.0,0.0,0.0,0.0,0.20156708936640155,0.08685422899194561,0.0,0.34322040981363994,0.0,0.06196758514539716,0.0,0.10096311171432443,1.0
gex_possorted_bam_SJSO3:CTTAGGAGTCGACTAAx-M1,0.07241370527953243,0.13138824443952477,1.0,0.008371848971922165,0.7943699228617869,0.8186121824455127,0.0,0.05525806598672334,0.0,0.5559574698062081,0.777676562968655,0.0,0.05990311921439276,0.0,0.34570788647945727,0.0,0.9455958461443574,0.6771015758488784,0.0,1.0,0.8322303288319325,0.9166196356130067,0.2646369992652885,0.7347008701820874,0.0,0.010209961787849033,0.32825830227289715,0.0626347940446854,0.0,0.22670814622811186,1.0,0.22676674153379048,0.26779308209679303,0.06645614911552507,0.2860301232161948,0.24161616610008507,0.10574664455166455,0.036399872386785916,0.21324817874785187,0.5346812786893457,0.0,0.0,0.0,0.9101057093882284,0.3587824566137792,0.16647030106384475,0.07196253570966757,0.0,0.21596346213144244,0.47961411026591333,0.0635188571345348,0.11458526315890803,1.0
gex_possorted_bam_SJSO3:CTTCACTCAATTATGCx-M1,0.0,0.0,0.0,0.0,0.0,0.0,0.3971903050776581,0.0,0.8115424304198807,0.0,0.9979919725758682,0.41274991657279464,0.0,1.0,0.0,1.0,0.9877366501161533,0.1576305194900093,0.4476534395917818,0.0,0.0,0.0,0.0,0.0,0.7338473048683188,0.0,1.0,0.0,0.016244316693094084,0.0,0.0,0.0,0.0,0.0,1.0,0.0,1.0,0.0,0.0,0.985529786690494,0.0,1.0,0.532091689106428,0.07104168419151262,0.0,0.0,0.6909436748570252,1.0,0.0,0.0,0.10252085489208908,0.0,0.0
gex_possorted_bam_SJSO3:CTTCTAAGTTACAAACx-M1,0.0,1.0,1.0,0.05001052213461413,0.0,0.23207327074680512,1.0,0.29854006577355147,0.033741713829144766,0.8476603647536098,0.0,0.745172832911008,0.0,0.0,0.668202621437369,0.5361640528766456,0.5817183156553073,0.0,0.0,1.0,0.27564732395555486,0.3347350323961529,0.054357741716317375,0.543801642403087,0.0,0.0,0.11382317289041549,0.28193835007601303,0.0,0.0,1.0,0.0,0.13916133444433904,0.2987008594864144,0.47576646173638637,0.30477910562634863,0.35057083263082794,0.0,0.42003702599467707,1.0,0.23796149151214685,0.8878272695865952,0.0,0.43698672035332853,0.14006024586206284,0.07285185431634944,0.0,0.0,0.22462245457473842,0.27982897478490143,0.0,0.0,0.6759315414301518
gex_possorted_bam_SJSO3:CTTCACTCATTGTGTGx-M1,0.0,1.0,1.0,0.04914795629339871,0.0,0.19232328303859664,1.0,0.25303778760260826,0.0,0.6471601997249262,0.0,0.9979009040335083,0.0,0.0,0.6233188767436043,0.3771897167678768,0.6503791044156814,0.0,0.0,1.0,0.32198270801675777,0.2989259959469473,0.07051871722296972,0.49534467391701537,0.0,0.0,0.05444777888144127,0.1772985654312697,0.0,0.0,1.0,0.0,0.14899645956561647,0.2207019525704885,0.47689492616227874,0.28364145900041493,0.2638623942667646,0.0,0.4687930317065656,1.0,0.3136446639758255,0.9415634329613791,0.0,0.3439532954494389,0.0831176757812166,0.042611929469439036,0.0,0.0,0.1509436837013211,0.21166608399697345,0.0,0.0,0.3934931385021111
gex_possorted_bam_SJSO3:CTTAGTTTCTGGTCCTx-M1,0.047611991563693966,0.0,0.0,0.0,0.3114742224605408,0.2988529128376617,0.0,0.0,0.0,0.0,1.0,0.0,0.0,0.0,0.0,0.0,1.0,1.0,0.0,0.9751722706256548,0.5949317496426563,0.7614718280582984,0.14959173863060451,0.6926509380292731,0.0,0.0,0.4319919053633069,0.0,0.0,0.0,0.0,0.12523710338083713,0.1340787188081534,0.0,0.17957149155989544,0.0,0.0,0.05216182919056498,0.0,0.0,0.0,0.0,0.0,0.0,0.04660264994561638,0.0,0.0,0.38557226155489965,0.0,0.0,0.0,0.0,0.7955790166068847
gex_possorted_bam_SJSO3:CTTACTAGTTCCATTAx-M1,0.009207729196779195,0.0,0.3133962008496108,0.0,0.26452653706599755,0.21159752873061516,0.0,0.027033887661296087,0.0,0.0,0.7135646374447088,0.0,0.0,0.0,0.07172115132713675,0.0,0.9567936243046924,0.7412705186435973,0.0,1.0,0.648774373934157,0.6899082562030102,0.10918056613148026,0.6565519263230247,0.0,0.0,0.43479029142872927,0.0,0.0,0.0,0.14899062529680668,0.11009493351493702,0.19154264835983492,0.0,0.299285079552803,0.0006549020269588557,0.0,0.0,0.05826374278011799,0.12163503118953999,0.0,0.0,0.0,0.0,0.12837316227788134,0.0,0.0,0.21803813047471038,0.0,0.0037530442717095985,0.0,0.0,0.9740133678975671
gex_possorted_bam_SJSO3:CTTACTAGTGTTGCTTx-M1,0.06899877131373969,0.0,0.6836529491591959,0.04714342305361457,0.44684859928530835,0.6455922268579193,0.0,0.0,0.08167028278334501,0.22126891755658104,1.0,0.0,0.046396898438416996,0.2084511350377664,0.10336102553038644,0.48711677448104745,1.0,1.0,0.137151788566655,1.0,0.49602081985212343,0.49772723608587,0.17277282697795038,0.3450776159251663,0.12050467213494297,0.05688963753082517,0.8126864401480381,0.12945789167895624,0.0,0.18085574170137486,0.6487838611722823,0.19883669847949675,0.12457902935802675,0.0,0.7639907272629001,0.061028865151579924,0.6366720281249176,0.008845382338050635,0.06268550870558036,0.5673808725299989,0.0,0.42126055994097134,0.21076775830141523,0.7614837725258481,0.17662944199261377,0.08006198679746038,0.2181376587448314,1.0,0.09912572340152136,0.26408290933466927,0.0,0.12382776868865272,1.0
gex_possorted_bam_SJSO3:CTTCGCGTCAAGTGAGx-M1,0.0,0.7028193232962249,1.0,0.04915749452894112,0.0,0.0,1.0,0.15964493327431256,0.4295673950893955,0.47741655716987286,0.009322673205105774,1.0,0.14093330782890204,0.4557533051002543,0.33181208725163974,1.0,0.6225032527170902,0.0,0.0,0.554477948174557,0.0,0.0,0.0,0.0,0.46875736322386796,0.0,0.8967681765238318,0.40354818368284995,0.2866680739518983,0.020577983223765837,1.0,0.0,0.0,0.24946314170326514,1.0,0.10111786727865159,1.0,0.0,0.10711779717950058,1.0,0.2100784966838979,1.0,0.3671802760204166,1.0,0.0,0.06829336827638623,0.4991632664434977,1.0,0.24704792684331722,0.05690154423353533,0.23083293240730407,0.027541766986677513,0.3922102353332688
gex_possorted_bam_SJSO3:CTTATGTTCGTTCACCx-M1,0.0,0.0,0.20436549758304748,0.0,0.0,0.0,0.4457687695470211,0.0,0.8200291538762571,0.0,1.0,0.4305727609062592,0.0,1.0,0.0,1.0,1.0,0.3430665431402256,0.5061998707123494,0.0,0.0,0.0,0.0,0.0,0.7919641233848053,0.0,1.0,0.0,0.021905434261290206,0.0,0.0,0.030389577585198772,0.0,0.0,1.0,0.0,1.0,0.0,0.0,1.0,0.0,1.0,0.7074641966666484,0.650407555349222,0.0,0.0,0.8177196836572951,1.0,0.0,0.0,0.12888480345674558,0.0,0.0
gex_possorted_bam_SJSO3:CTTATGTTCCGTTAAAx-M1,0.034966022387797044,0.0,0.1329404106072021,0.0369868133893626,0.16274367364362266,0.03502905641528012,0.0,0.050125331811619246,0.0,0.0,0.7170765474449807,0.0,0.0,0.0,0.031580920905234004,0.28457335857573707,0.780308852781144,0.3790321985220062,0.0,0.6602837522133815,0.4453876101779593,0.31410302661883494,0.11702726175320137,0.4063604968681067,0.01101731349777605,0.0,0.6953765845078286,0.03988440080676443,0.0,0.0,0.3373615558328016,0.0,0.11408648273053741,0.03380933916227103,0.6148433077147135,0.0,0.44530573722354455,0.025173075416078244,0.02295859973255122,0.40338812509413124,0.0,0.25920994064237546,0.1407661520988472,0.47025976584926493,0.0687060647431912,0.056731611184954046,0.021025425303934704,0.8846218476330944,0.0,0.0,0.0,0.032115939319449976,0.5499638728951424
gex_possorted_bam_SJSO3:CTTCAAGCAGGCTAGAx-M1,0.07739666083318548,0.13526627170447192,0.812090468752296,0.006279409291057736,0.34836281274422204,0.571087421712358,0.16602068147531304,0.18515528430769104,0.0,0.2917179264516432,0.61717974741594,0.0,0.0,0.0,0.2421321055545216,0.0,1.0,0.7956242776572776,0.0,1.0,0.8749016940865718,0.7931861777233052,0.19168967959022956,0.7926255886791252,0.0,0.0,0.2773809622917705,0.2098760500092121,0.0,0.07418033470566562,0.8752082487982369,0.05776990516886741,0.29215286526260476,0.0,0.2996125142630169,0.17436730797414382,0.0,0.04575972412915419,0.227612972018715,0.3515948361061595,0.10751438044956572,0.0,0.0,0.4337068982837598,0.2999571084701027,0.08181932749007986,0.0,0.0,0.08065906980610346,0.24811642473876272,0.0,0.0,1.0
gex_possorted_bam_SJSO3:CTTCGCGTCACAAGCTx-M1,0.00938297928691233,0.4992116952842982,1.0,0.02310814361231454,0.2787624740184845,0.5679781832291165,0.49286653978057504,0.16338236877107445,0.0,0.6168421442860591,0.2846112790773987,0.0,0.0,0.0,0.4000753585598572,0.14855753397269442,0.585613017524162,0.04380629934613143,0.0,1.0,0.617439488201795,0.7436617459804877,0.15238510029356303,0.7223194343331665,0.0,0.0,0.1667784117476469,0.14435445763404664,0.0,0.07211011907620662,1.0,0.0,0.23222753828444082,0.16555428586408888,0.28369806440776585,0.2809502452277273,0.1509322352783649,0.006795816349316207,0.27338605377067354,0.7755661991984262,0.0,0.0,0.0,0.900595679503692,0.20412281483791184,0.18082438546795568,0.0,0.0,0.2533621419759464,0.3808035794102241,0.021600586953622068,0.06511423312258512,1.0
gex_possorted_bam_SJSO3:CTTGCATGTAGGATTTx-M1,0.0,0.0,0.0,0.0,0.0,0.0,0.3268534911101829,0.0,0.7044012121462191,0.0,1.0,0.1196715500399611,0.0,1.0,0.0,1.0,1.0,0.7748519197418628,0.6593172670823035,0.0,0.0,0.0,0.0,0.0,0.7863650335722168,0.0,1.0,0.0,0.12720787214917137,0.0,0.0,0.0,0.0,0.0,1.0,0.0,1.0,0.0,0.0,0.9361601850797053,0.0,1.0,0.4709124689821221,0.0,0.0,0.0,0.5453165791448955,1.0,0.0,0.0,0.0,0.0,0.0
gex_possorted_bam_SJSO3:CTTGTTTAGCAGGCCTx-M1,0.0,0.04360950287955963,0.11088950849512268,0.0,0.0,0.09715853244762483,0.0,0.0,0.0,0.0,0.7977736569259372,0.0,0.0,0.0,0.09515289426173834,0.12473062005322696,0.8624543758734523,0.7650433580700831,0.0,0.825350581556404,0.2420169451508387,0.36485652902797455,0.03253597552238725,0.4247588298880596,0.0,0.0,0.5887500487894513,0.0,0.0,0.0,0.46862032167496004,0.0,0.04666650556871921,0.07041512133646567,0.5549699771068063,0.0,0.3516430590391825,0.0,0.0,0.3861807867439934,0.0,0.3539415395508377,0.0,0.0,0.0,0.0,0.0,0.6082143273580487,0.0,0.0,0.0,0.0,0.43423851217355264
gex_possorted_bam_SJSO3:CTTGTAAAGTACCGCAx-M1,0.26138339585247783,0.0,0.02434966686100827,0.10827953861578292,0.7265104095269781,1.0,0.0,0.08090684545228842,0.0,0.08356132997425537,1.0,0.0,0.0,0.0,0.2100503352959934,0.0,1.0,1.0,0.07942116594676041,1.0,1.0,1.0,0.38015788212663043,0.9285148884139023,0.0,0.02948828854917504,0.2805613210517917,0.0,0.0,0.2938405410213345,0.21740679439752358,0.2925142262837758,0.3755122305706374,0.0,0.11673247498311486,0.19227154430668736,0.0,0.17782201016944607,0.1999434093955114,0.0,0.0,0.0,0.0,0.0,0.3302964548988907,0.15068757424900328,0.0,0.16235578854556035,0.09709060970394573,0.23598329160857287,0.0,0.1611111840353634,1.0
gex_possorted_bam_SJSO3:CTTGGACCACCAGGTTx-M1,0.0,0.7903004982556092,1.0,0.21151976745609885,0.0,0.329468938382084,1.0,0.31274572189452615,1.0,0.3382712463994596,1.0,1.0,1.0,1.0,0.0,1.0,1.0,1.0,1.0,0.0,0.0,0.0,0.0,0.0,1.0,0.3078342706439914,1.0,0.6012683776752255,0.4869272975816706,0.0,1.0,0.19554048659759118,0.0,0.17399657105104205,1.0,0.0,1.0,0.0,0.0,1.0,0.6651466711139428,1.0,1.0,1.0,0.0,0.09605852075418007,1.0,1.0,0.3847881441377419,0.17052572539081534,0.43575854527164093,0.11975591297887579,0.010641097522637574
gex_possorted_bam_SJSO3:CTTGCTCAGTAAGTGGx-M1,0.0,0.0,0.01143790274952369,0.0,0.0,0.16371475945065336,0.0,0.0,0.0,0.0,0.7956095472069732,0.0,0.0,0.0,0.0,0.0,0.7184910116035255,0.82877978959656,0.0,1.0,0.439396058208718,0.6118236103460883,0.08222784653335193,0.6482825033339529,0.0,0.0,0.3727740974436044,0.0,0.0,0.0,0.13858856478090234,0.0,0.09093079839129087,0.0,0.20405059605273526,0.0,0.0,0.039426764365971936,0.0,0.1662174123980827,0.0,0.0,0.0,0.0,0.0,0.009643170179312958,0.0,0.08441106484300787,0.0,0.0,0.0,0.0,0.653231974421955
gex_possorted_bam_SJSO3:CTTTAGGCACAAAGCGx-M1,0.0,0.407540371400464,1.0,0.020433957493411824,0.0,0.0,1.0,0.0,0.5966662412033699,0.0,1.0,1.0,0.06077317465125328,1.0,0.0,1.0,1.0,0.9532178617620232,1.0,0.0,0.0,0.0,0.0,0.0,1.0,0.034957444094842215,1.0,0.21056624666492182,0.0,0.005993160252741912,0.4817768054208178,0.0,0.0,0.006942107915482996,1.0,0.0,1.0,0.0,0.0,1.0,0.2104360362309001,1.0,1.0,1.0,0.0,0.0,0.9541447255671401,1.0,0.0575990341413229,0.0,0.11915304914278675,0.0,0.0
gex_possorted_bam_SJSO3:CTTTGGGAGTTATGGCx-M1,0.055282713730934456,0.0,0.0,0.0,0.3040037948205047,0.5012102291923533,0.0,0.0,0.0,0.0,1.0,0.0,0.0,0.0,0.0,0.0,1.0,1.0,0.0,1.0,0.6914499487782665,0.8500200607557031,0.1510888756954701,0.7749849494124277,0.0,0.0,0.3678370193869131,0.0,0.0,0.048733949833257094,0.0,0.059772279898081704,0.16750202962437855,0.0,0.14069688134355746,0.014719434563829566,0.0,0.08005608034069817,0.0,0.0,0.0,0.0,0.0,0.0,0.06755920534440568,0.0,0.0,0.19441127887054102,0.0,0.0,0.0,0.0,0.982739657227346
gex_possorted_bam_SJSO3:CTTTATCAGGAGTCTTx-M1,0.0,0.0,0.0,0.0,0.0,0.0,0.0,0.0,0.0,0.0,0.7458213405222675,0.0,0.0,0.0,0.008510631437570446,0.0,0.9206577466666682,0.7996729648507576,0.0,0.8594633429226549,0.3151193170209714,0.41712199258440236,0.07249769952776622,0.4861309252902303,0.0,0.0,0.45715911592609243,0.0,0.0,0.0,0.0,0.0,0.06487761964433583,0.0,0.3620084334276468,0.0,0.0,0.0,0.0,0.11652512708129922,0.007039815219628202,0.3086859238331389,0.0,0.0,0.0,0.0,0.0,0.5603219417302474,0.0,0.0,0.0,0.0,0.2636672893459655
gex_possorted_bam_SJSO3:CTTTGAGCAGCATGGAx-M1,0.0,0.0,1.0,0.0,0.0,0.0,1.0,0.0,0.8738795356588699,0.0,1.0,0.8600118445203687,0.055968854942967106,0.9991064087740688,0.0,1.0,1.0,0.0,0.5706513085520852,0.0,0.0,0.0,0.0,0.0,1.0,0.03247005512524734,1.0,0.21475088123892339,0.0,0.0,0.4955810809625207,0.0,0.0,0.0,1.0,0.0,1.0,0.0,0.0,1.0,0.021275876220008923,1.0,1.0,1.0,0.0,0.0,1.0,1.0,0.018597855487369783,0.0,0.21878249356735055,0.0,0.0
gex_possorted_bam_SJSO3:CTTTGAGCAATAACCTx-M1,0.0,0.0,0.07651173724184268,0.0,0.0,0.0,0.5809648014580033,0.0,0.7726653038987288,0.0,1.0,0.4396401895925992,0.00850283552213031,1.0,0.0,1.0,1.0,0.9449910327506691,0.8978556310110686,0.0,0.0,0.0,0.0,0.0,0.9730450142896366,0.0,1.0,0.0,0.0,0.0,0.0,0.0,0.0,0.0,1.0,0.0,1.0,0.0,0.0,1.0,0.0,1.0,0.9764252835444824,1.0,0.0,0.0,0.9239097583898818,1.0,0.0,0.0,0.07718831636696585,0.0,0.0
gex_possorted_bam_SJSO3:CTTGTCCAGGTCGATTx-M1,0.020363328444802768,0.19583571905139957,1.0,0.08796760823802799,0.8554332625109078,1.0,1.0,0.48313371747076406,0.604462647246774,0.37483986469880864,1.0,0.0,0.14390175464812444,0.03791210398804998,0.07055118939096688,0.0,1.0,1.0,0.09842850736006095,1.0,0.7638798698106644,0.799131504537065,0.1827677896329474,0.34069332210622016,0.08967323642575616,0.05305742423102066,0.7139766622377415,0.09411477062998946,0.15780883168177812,0.0,0.5789165302490491,0.5917745342332495,0.2194693514632899,0.04418179618431959,0.517888780449833,0.14718844639739864,0.0,0.010357176202974596,0.3016535117876277,0.5635690515837003,1.0,0.0,0.0,1.0,0.11074219718481115,0.16966102537076472,0.6506852482719844,0.2155806800718498,0.184197017215457,0.3017325982434672,0.0,0.0,1.0
gex_possorted_bam_SJSO3:CTTGTAAAGGCTATGTx-M1,0.11605045195623977,0.0,0.0,0.0,0.43421998265006956,0.3306153647504463,0.0,0.0028050570038657785,0.0,0.0,0.9933469598274067,0.0,0.0,0.0,0.03261413281206471,0.0,0.9031116264930434,1.0,0.0,1.0,0.7071449900277506,0.822615164211954,0.20591014607385025,0.6838659480613913,0.0,0.0,0.3874095896825178,0.0,0.0,0.02807433904251629,0.0,0.15256945369419891,0.23425662701017008,0.0,0.2170581047919267,0.030502120488220937,0.0,0.057089218943382106,0.03521882675071447,0.0,0.0,0.0,0.0,0.0,0.1407232935602899,0.024595159611961466,0.0,0.24832887497777464,0.0,0.026362208401954947,0.0,0.0,0.9575707721951852
gex_possorted_bam_SJSO3:CTTGTCCAGCCTGAGCx-M1,0.0,0.2909502941384598,1.0,0.0,0.0,0.0,1.0,0.0,0.6155019898121468,0.04684410941487106,0.8739518964528182,1.0,0.01544550844431087,1.0,0.0,1.0,1.0,0.0,0.466120857641958,0.0,0.0,0.0,0.0,0.0,0.9132170169260859,0.042735983558336924,1.0,0.25138999137184176,0.0,0.0,0.45598900325850067,0.0,0.0,0.0,1.0,0.0,1.0,0.0,0.0,1.0,0.1717092279754931,1.0,1.0,1.0,0.0,0.0,0.8373004617103963,1.0,0.04807001021970722,0.0,0.16402128457429493,0.0,0.0
gex_possorted_bam_SJSO3:CTTGTTCCAGTTAGCCx-M1,0.36970380462647573,1.0,1.0,0.4663861977864849,0.6784440883334184,1.0,1.0,0.6244681660150335,0.35192166089559795,1.0,0.0,0.4484017337279348,0.46477967966746625,0.027860466114777736,0.8805864603720086,0.6743607911907868,0.2358103336353932,0.0,0.0,1.0,0.8231121770662423,0.877968736532419,0.5258255405579053,0.8756570863023716,0.37184424189286275,0.3967063565344327,0.0,0.9254352187550846,0.8568484541892255,0.6385421015044527,1.0,0.215039744058581,0.54815136837327,0.7101229177770572,0.1751498708060632,0.8489353468663708,0.4928508416356988,0.40941471669589047,0.6992371903822767,1.0,0.340295788623976,0.2828560404379752,0.6331145338073404,1.0,0.6591023882389753,0.6763042118256933,0.40103916198676887,0.0,0.7914053014239731,0.9971509217925799,0.5856844902988559,0.5707218234468955,1.0
gex_possorted_bam_SJSO3:CTTGAATCACTGACCGx-M1,0.035949828476259396,0.0,0.20714230883539855,0.0,0.3721808464276413,0.2617733061836355,0.0,0.0,0.0,0.0,0.8890139165720854,0.0,0.0,0.0,0.0,0.0,0.988318734827004,1.0,0.0,1.0,0.6398963103993219,0.7547614951236256,0.12971612085091777,0.7114819018634778,0.0,0.0,0.43638282540442813,0.0,0.0,0.0,0.0,0.18056491924793036,0.1865603213274233,0.0,0.21039457672153186,0.0,0.0,0.008486793668276787,0.0,0.0,0.0,0.0,0.0,0.0,0.1113281405785408,0.0,0.0,0.30473313152658044,0.0,0.0,0.0,0.0,1.0
gex_possorted_bam_SJSO3:CTTTCTTGTGCAACTAx-M1,0.1926671123801848,0.0,0.0,0.060957215642964094,0.39162826438604986,0.5844625931486828,0.0,0.0,0.0,0.0,1.0,0.0,0.0,0.0,0.08874847406834895,0.0,0.9598479444109815,1.0,0.0,1.0,0.8420699963644417,0.9000222190246588,0.2548871922067367,0.7211468316301382,0.0,0.0,0.393688621823491,0.0,0.03941599293890374,0.21152220449845885,0.0,0.12087536834896109,0.23655464043715044,0.0,0.22052912215720288,0.11470131239905812,0.0,0.11776151264613953,0.06678416927926313,0.0,0.0,0.0,0.0,0.0,0.20812197453799405,0.12779305717869016,0.0,0.14479786401808553,0.0,0.08380335158096638,0.0,0.12568769645112512,0.9559500440923521
gex_possorted_bam_SJSO3:CTTGTCCAGTCGCTAGx-M1,0.032789187519494896,0.0,0.0,0.0,0.3511943130705369,0.2909578123762967,0.0,0.0,0.0,0.0,1.0,0.0,0.0,0.0,0.0,0.0,1.0,1.0,0.0,1.0,0.6168364389379011,0.7983067961003657,0.14603310425633395,0.7091853835580051,0.0,0.0,0.5065736410626317,0.0,0.0,0.0,0.0,0.20542422046918496,0.14438057304738952,0.0,0.16970234737498152,0.0,0.0,0.05985800247930911,0.0,0.0,0.0,0.0,0.0,0.0,0.09717434945620056,0.0,0.0,0.31241163019707124,0.0,0.0,0.0,0.0,0.9301273107408689
gex_possorted_bam_SJSO3:CTTGTTCCATAATGTCx-M1,0.0,0.0,0.0,0.0,0.0,0.0,0.327264986693943,0.0,0.7750097223504937,0.0,1.0,0.2072854676070428,0.22273759957049324,1.0,0.0,1.0,1.0,0.47770447703300284,0.754324856594857,0.0,0.0,0.0,0.0,0.0,1.0,0.0,1.0,0.0,0.27928320846385096,0.0,0.0,0.0,0.0,0.0,1.0,0.0,1.0,0.0,0.0,1.0,0.0,1.0,0.691098289886333,0.23838274571272983,0.0,0.0,0.9354717540558627,1.0,0.0,0.0,0.33618035117412093,0.0,0.0
gex_possorted_bam_SJSO3:CTTTAGGCAGGCTAGAx-M1,0.1175121878344929,0.0,0.21692662379834307,0.10161755370467,0.6388318496439068,0.3629185948338552,0.0,0.0854524042836727,0.0,0.13128034018632104,0.8340321734145241,0.0,0.0,0.0,0.48472889567475874,0.0,1.0,0.6955042747618173,0.0,1.0,0.7929232045348302,0.852696318580681,0.24372553472054043,0.6653957250254713,0.0,0.0,0.5486177535015607,0.0,0.02169860329001256,0.0,0.0,0.0,0.21894903906259666,0.0,0.15884214726613702,0.0856459934813697,0.0,0.07439426018803134,0.07030340166223376,0.08490687000344813,0.0,0.0,0.0,0.0,0.20167429010588828,0.0,0.0,0.09962037097702273,0.0,0.02766784985115724,0.0,0.028831389770534177,0.742242146618524
gex_possorted_bam_SJSO3:CTTGCGCGTAGGTTGCx-M1,0.0,0.7514009977728665,0.956322995880741,0.29080166721482875,0.0,0.0,1.0,0.10175600894000074,1.0,0.04410782923385267,1.0,1.0,1.0,1.0,0.0,1.0,1.0,0.2767343018713625,1.0,0.0,0.0,0.0,0.0,0.0,1.0,0.5081398775224134,1.0,0.745786863922526,1.0,0.27983411888031046,1.0,0.0,0.0,0.23618046470260828,1.0,0.0,1.0,0.0,0.0,1.0,0.0,1.0,1.0,1.0,0.0,0.17955777444419502,1.0,1.0,0.4130320858111991,0.15609231438058205,1.0,0.34217031080074545,0.0
gex_possorted_bam_SJSO3:CTTTAGTTCGGGCCATx-M1,0.0,0.0,1.0,0.003019523951819866,0.6986700768079424,0.36804527561669365,1.0,0.33908470499428484,0.8115746293793723,0.0,1.0,0.0,0.0,0.0,0.0,0.0,1.0,1.0,0.0,1.0,0.5027592710192701,0.5411878435820755,0.03860269251863693,0.2047788329503161,0.1102062151363104,0.0,0.9740599436763167,0.0,0.0,0.0,0.0,0.6008679726354021,0.07330661571707914,0.0,0.6043999006209811,0.0,0.027121890445553454,0.0,0.0813459487425872,0.35629219091858516,0.8920541259524333,0.008353910036058123,0.0,1.0,0.0,0.05142677816646715,0.5976406355881977,0.579884081884642,0.020864674394770657,0.034086468554239316,0.0,0.0,1.0
gex_possorted_bam_SJSO3:CTTGCAACAGCTAATTx-M1,0.0,0.0,0.0,0.0,0.0,0.0,0.0,0.025830459072760648,0.0,0.0,0.0,0.11959332383906313,0.0,0.0,0.019251578090122706,0.0,0.09631382006819385,0.0,0.0,0.8921681013396622,0.1307662057600534,0.24926976054204675,0.0,0.41680850251641544,0.0,0.0,0.3885340045802851,0.0,0.0,0.0,0.2039650702335573,0.0,0.0,0.027784998845436004,0.45469774927903955,0.017304260174323394,0.07269695837858611,0.0,0.0,0.48271175526605564,0.0,0.061300596799048854,0.0,0.0,0.0,0.0,0.0,0.018264308596211233,0.0,0.0,0.0,0.0,0.42826648210948526
gex_possorted_bam_SJSO3:CTTGCAACATTAGCCAx-M1,0.05937468928466798,0.0,0.33693574280866556,0.0,0.544069551204619,0.5019160011359896,0.0,0.0,0.0,0.0,1.0,0.0,0.0,0.0,0.0810092237515455,0.0,1.0,1.0,0.0,1.0,0.8303611845548093,0.8776867057302404,0.18301958249989336,0.706667137832931,0.0,0.0,0.40090483395860294,0.0,0.0,0.0,0.09036136246386979,0.13070617693297287,0.2050491826206015,0.0,0.2621700343103808,0.03239471274379344,0.0,0.03835756250298644,0.059447243646017126,0.02619468465410479,0.0,0.0,0.0,0.0,0.15356824048379922,0.0,0.0,0.18740014753393228,0.0,0.00011418923387952527,0.0,0.0,1.0
gex_possorted_bam_SJSO3:CTTTGGTGTTCCTGTGx-M1,0.06975801850797717,0.0,0.0,0.0,0.2523765556750659,0.32310700884380816,0.0,0.0,0.0,0.0,1.0,0.0,0.0,0.0,0.0,0.0,1.0,1.0,0.0,0.9533662860161545,0.6643206868468788,0.7766956809841403,0.1604950300633451,0.720995337304215,0.0,0.0,0.44317383574085756,0.0,0.0,0.008159990928276996,0.0,0.06075927061499319,0.14577379241389385,0.0,0.21844493427631403,0.0,0.0,0.03166488308535762,0.0042142876467423105,0.2950436609262417,0.0,0.0,0.0,0.0,0.03363778308640578,0.0,0.0,0.438684723970392,0.0,0.0,0.0,0.0,0.9514191811378562
gex_possorted_bam_SJSO3:CTTGTCCAGTCTGGGCx-M1,0.0,0.0,0.6039932935667471,0.0,0.681323795657345,0.45028221949634084,0.0,0.0,0.0,0.09807337779320592,0.9779393082485072,0.0,0.0,0.0,0.028404157030191435,0.0,1.0,1.0,0.0,1.0,0.6365132718544119,0.7960742016495742,0.17472719645275883,0.6160059273008994,0.0,0.0,0.5555857085220833,0.0,0.0,0.06078971357108503,0.0,0.30551428617559423,0.15530465955635353,0.0,0.25027762167739426,0.02399629420608248,0.0,0.0,0.0,0.053096476805209326,0.12677169596394416,0.0,0.0,0.0,0.15715796920293515,0.0,0.0,0.29852498087211804,0.0,0.2208931942794138,0.0,0.0,1.0
gex_possorted_bam_SJSO3:CTTTGAGCAGGGAGCTx-M1,0.1698122794657974,0.0,0.0,0.10829788468144336,0.2659143230112948,0.7150509999312252,0.0,0.09993007095217146,0.0,0.12561339478621375,1.0,0.0,0.0,0.0,0.10276947733655138,0.0,0.9366638210030487,1.0,0.0,1.0,0.7183052805268146,0.8060092156356408,0.26920981314950626,0.8327250291344271,0.0,0.0,0.29313915120997586,0.0,0.0,0.0952819453164819,0.4941014483784094,0.1702611125826325,0.2482243628123498,0.04376193780264485,0.2903798892517064,0.19938869996886363,0.0038940538784033533,0.10158778871679708,0.1718270826695778,0.2190117460979321,0.0,0.0,0.0,0.0,0.20779249748758205,0.17865332191605215,0.0,0.2836963898493963,0.12067276121316375,0.1579455816924371,0.1959165827249898,0.138245386400939,1.0
gex_possorted_bam_SJSO3:CTTGAATCACGAACAGx-M1,0.0,0.012442217647339349,0.21136637290162041,0.0,0.0,0.0,0.0,0.030989936105387677,0.0,0.08882740023503688,0.0,0.0,0.0,0.0,0.15217281524165374,0.0,0.25401625044346027,0.0,0.0,1.0,0.3303837660516705,0.4548687147803858,0.0376630609999833,0.5091674880768864,0.0,0.0,0.30886146118090857,0.0,0.0,0.0,0.564760810205414,0.0,0.07372026569609245,0.025937674099258574,0.4123673393013364,0.05327911597853838,0.12985532308434125,0.0,0.049763153070935214,0.4210643746401163,0.0,0.027995397720315708,0.0,0.0,0.0,0.0,0.0,0.0,0.0,0.0,0.0,0.0,0.6707416175377364
gex_possorted_bam_SJSO3:CTTGCGCGTGGGTGAAx-M1,0.0,0.6756059004343643,1.0,0.06123986105970228,0.4344124980262536,0.5155476918081614,1.0,0.3662501547379406,0.03114956905131146,0.719344047011274,0.2886358300646258,0.0,0.0,0.0,0.37221486587567554,0.04300570966600493,0.9385148217837866,0.12306206256020798,0.0,1.0,0.592309191139438,0.6434177345806804,0.17560301633733236,0.5414549901916986,0.0,0.0,0.3254397875962255,0.12994641899532805,0.0,0.0,1.0,0.0,0.1674515702326233,0.12131437979022575,0.45520366888150865,0.255634661910999,0.10645993634311968,0.0,0.3026283506315361,0.8766593101573122,0.4629915510057829,0.1525882723969726,0.0,1.0,0.04619455061683734,0.16244995672843934,0.009367220511372704,0.0,0.23953981927903184,0.36316476688970684,0.033940277784665324,0.0,1.0
gex_possorted_bam_SJSO3:CTTTGAGCACCTGGTGx-M1,0.0,0.0,0.0960618561705035,0.0,0.06573862279402153,0.0,0.0,0.0391854323856908,0.0,0.0,0.7665219242642642,0.0,0.0,0.0,0.0,0.0,0.9926868329161349,0.942624437425178,0.0,1.0,0.4281130931909368,0.4583501244296486,0.05064016073455088,0.45764157533173727,0.0,0.0,0.6519328112989368,0.0,0.0,0.0,0.0,0.24605612444896058,0.10394856524845793,0.0,0.3952363545300913,0.0,0.0,0.0018427244154063816,0.0,0.09196301912400079,0.17327599223725698,0.0,0.0,0.0,0.0,0.0,0.0,0.6053175579729703,0.0,0.0,0.0,0.0,0.7670794511899083
gex_possorted_bam_SJSO3:CTTTAGGCACCTCACCx-M1,0.0,0.5418998545510553,0.8553150113550777,0.25991594966991044,0.0,0.0,1.0,0.0,1.0,0.04455307909698899,1.0,0.9594764804331425,1.0,1.0,0.0,1.0,1.0,0.37435748414042896,1.0,0.0,0.0,0.0,0.0,0.0,1.0,0.3388387023206295,1.0,0.6437638296267665,0.7811118559402446,0.4000493365885191,1.0,0.04286944825900996,0.0,0.2062541173584425,1.0,0.0,1.0,0.0,0.0,1.0,0.0,1.0,1.0,1.0,0.0,0.0719300979051139,1.0,1.0,0.373967231509118,0.018544709269622504,0.8338297161681982,0.30882971242359547,0.0
gex_possorted_bam_SJSO3:CTTTAGGCATTAGGTTx-M1,0.0,0.0,0.5267397483194907,0.0,0.0,0.0,0.7967583512460829,0.0,0.9288817854085246,0.0,1.0,0.47159135713646855,0.11438558724639317,1.0,0.0,1.0,1.0,0.3137591046390692,0.6130497127548451,0.0,0.0,0.0,0.0,0.0,0.9516338284469806,0.001093010818420887,1.0,0.0,0.04580743510063618,0.0,0.0077680656019463515,0.0,0.0,0.0,1.0,0.0,1.0,0.0,0.0,1.0,0.0,1.0,1.0,1.0,0.0,0.0,1.0,1.0,0.0,0.0,0.19348002170220158,0.0,0.0
gex_possorted_bam_SJSO3:CTTGTAAAGTAAAGGTx-M1,0.0,0.0,0.0,0.0,0.0,0.0,0.36708739257098993,0.0,1.0,0.0,1.0,0.2607310680920733,0.3058631421754073,1.0,0.0,1.0,1.0,0.6714307287791086,0.8945163322746283,0.0,0.0,0.0,0.0,0.0,1.0,0.011755413095953899,1.0,0.0,0.32204915022699954,0.0,0.0,0.0,0.0,0.0,1.0,0.0,1.0,0.0,0.0,1.0,0.0,1.0,0.7354077814967243,0.2191656698495158,0.0,0.0,1.0,1.0,0.0,0.0,0.3660870279249578,0.0,0.0
gex_possorted_bam_SJSO3:CTTTGAGCAGGCTTGTx-M1,0.0463760440642822,0.0,0.0,0.0,0.2829586496434543,0.277852868902255,0.0,0.0,0.0,0.0,0.9260003146433916,0.0,0.0,0.0,0.03178189223822669,0.0,0.8587274289592799,0.9896426024798051,0.0,1.0,0.6632294904406515,0.8300653177030655,0.14630009647272674,0.7649126628997598,0.0,0.0,0.37323945464443137,0.0,0.0,0.0,0.032354439877425235,0.13463744602270963,0.16522843116090222,0.0,0.19090436871625263,0.012110251599086205,0.0,0.012555433411921326,0.009460613581850555,0.027639143159782057,0.0,0.0,0.0,0.0,0.11798564516776076,0.0,0.0,0.2037227828063337,0.0,0.0,0.0,0.0,1.0
gex_possorted_bam_SJSO3:GAAGTATAGACTCGCAx-M1,0.0,0.0,0.0,0.0,0.0,0.0,0.0,0.014461396261112838,0.0,0.0,0.2673752573784506,0.0,0.0,0.0,0.129877448929151,0.0,0.5755361899292123,0.08863559088395877,0.0,1.0,0.29282440035550744,0.4012522811295825,0.04420864561929449,0.5294120167402895,0.0,0.0,0.33950363491218566,0.0,0.0,0.0,0.08050888054558351,0.0,0.05353938981565055,0.03308398027831158,0.3807809854710323,0.006729810480073302,0.0,0.0,0.05982733431804479,0.32382869015760485,0.0081742883316689,0.263437920313112,0.0,0.0,0.0,0.0,0.0,0.1264094554237001,0.0,0.0,0.0,0.0,0.36078018908636794
gex_possorted_bam_SJSO3:GAACCGCTCGACCTGAx-M1,0.0,0.0,0.0,0.0,0.0,0.0,0.0,0.0,0.0,0.0,0.8088763443289946,0.0,0.0,0.0,0.0,0.0,0.8069964238652205,0.7629010105795427,0.0,0.520827991993309,0.2506606250386803,0.41754101255334947,0.037307875479632914,0.45019228084882756,0.0,0.0,0.5953927068699706,0.0,0.0,0.0,0.0,0.005556114725181776,0.03397461365584402,0.0,0.4345802284163151,0.0,0.1194567946644982,0.0,0.0,0.1357651680015763,0.0,0.09644253663409116,0.0,0.0,0.0,0.0,0.0,0.6437623011924234,0.0,0.0,0.0,0.0,0.5348740431682247
gex_possorted_bam_SJSO3:GAACTTATCACTCGCTx-M1,0.03773600269639569,0.0,0.2643007519954198,0.0,0.4863134403501579,0.30122853352669426,0.0,0.0,0.0,0.07973368167474018,0.8414996908227625,0.0,0.0,0.0,0.05160154246825739,0.0,0.8289765606196956,0.8714042993321262,0.0,1.0,0.5937265009011539,0.7688052553140592,0.17518284278392346,0.6366240559203494,0.0,0.0,0.42432397995481613,0.0,0.0,0.04903257815749208,0.0752361474122809,0.22055055205548976,0.16157209231968214,0.0,0.254711715073495,0.049040405769065355,0.0,0.03104505913234719,0.036522176572669034,0.1253834228202201,0.0,0.0,0.0,0.0,0.1230183313511125,0.0,0.0,0.1972377603692104,0.0,0.13468822287670043,0.0,0.0015761566000062268,1.0
gex_possorted_bam_SJSO3:GAACCAGCATAGACCCx-M1,0.01959754556918308,0.0,0.0,0.0,0.4322668036233776,0.14563881795126346,0.0,0.0,0.0,0.0,0.9398086974838552,0.0,0.0,0.0,0.0,0.0,0.9112013686228034,1.0,0.0,1.0,0.5383696518694219,0.6972456362531955,0.15293283531985505,0.6249238732757644,0.0,0.0,0.4886644780729451,0.0,0.0,0.0,0.0,0.11897137592584607,0.11642209088008156,0.0,0.19485726944519965,0.0,0.0,0.0077185002567546,0.0,0.0,0.0,0.0,0.0,0.0,0.0,0.0,0.0,0.2589707813059276,0.0,0.0,0.0,0.0,0.9661480751308434
gex_possorted_bam_SJSO3:GAAGGCCCACAATGTTx-M1,0.0,0.366825292358373,1.0,0.05351807936026798,0.0,0.0,1.0,0.0,1.0,0.07768946014512763,1.0,1.0,0.8830692751750738,1.0,0.0,1.0,1.0,0.22912813918425362,1.0,0.0,0.0,0.0,0.0,0.0,1.0,0.2192578434924231,1.0,0.49287121996021543,0.18689076161654591,0.12783160417317696,1.0,0.0,0.0,0.03289767859462917,1.0,0.0,1.0,0.0,0.0,1.0,0.0,1.0,1.0,1.0,0.0,0.0016074039045651301,1.0,1.0,0.2262568108305917,0.0,0.351637280043358,0.12540925004040443,0.0
gex_possorted_bam_SJSO3:GAACTTATCCCGTTACx-M1,0.055946295697810844,0.0,0.027101621643281934,0.0,0.6087938453695467,0.4304971190235646,0.0,0.0,0.0,0.0,1.0,0.0,0.0,0.0,0.0,0.0,1.0,1.0,0.0,1.0,0.7872509361572265,0.8637909269310701,0.19719457223701384,0.7351048110267103,0.0,0.0,0.4695983940374478,0.0,0.0,0.07760910987567603,0.0,0.230408459126634,0.2044476310493107,0.0,0.18389715897111686,0.005428971384605909,0.0,0.003099070977477892,0.0,0.0,0.0,0.0,0.0,0.0,0.21474461504866305,0.0,0.0,0.3451166336300254,0.0,0.12016428091479277,0.0,0.0,1.0
gex_possorted_bam_SJSO3:GAAGGCTAGACAAAGTx-M1,0.06537535881831105,0.0,0.08380620182650024,0.0,0.42172633822883654,0.5046821233896764,0.0,0.0,0.0,0.0,1.0,0.0,0.0,0.0,0.055045850852850284,0.0,1.0,1.0,0.0,1.0,0.7678946143014326,0.8681584839703689,0.19009463820804956,0.7035764494704855,0.0,0.0,0.3570586348914843,0.0,0.0,0.02502900288999206,0.0,0.005073613676138523,0.22563672248754962,0.0,0.16799396524104276,0.0032143300866473174,0.0,0.01870654858066046,0.06318007502803219,0.0,0.0,0.0,0.0,0.0,0.1382402883532203,0.0,0.0,0.22639482716759457,0.0,0.06199028864692771,0.0,0.0,1.0
gex_possorted_bam_SJSO3:GAAGTATAGCTGTACGx-M1,0.01425738429087524,0.0,0.0,0.0,0.3021142093165735,0.29408431945713637,0.0,0.0,0.0,0.0,1.0,0.0,0.0,0.0,0.0,0.0,0.9145766972852731,1.0,0.0,1.0,0.5852882253742887,0.7219357838262609,0.1474456664740218,0.6470736704642139,0.0,0.0,0.44772880109996316,0.0,0.0,0.0,0.0,0.30507155423735965,0.11907113242540628,0.0,0.27628359325945523,0.0,0.0,0.0659358254060197,0.0,0.0,0.0,0.0,0.0,0.0,0.0809350869190331,0.0,0.0,0.3784403647593674,0.0,0.0,0.0,0.0,0.9082820187612203
gex_possorted_bam_SJSO3:GAACACAAGTCCTGAGx-M1,0.003735252725339347,0.0,0.0,0.0,0.17265448494218208,0.11155711187174921,0.0,0.0,0.0,0.0,0.8637044058331393,0.0,0.0,0.0,0.0,0.0,0.734353157610351,0.9174212223987444,0.0,1.0,0.5337097150097073,0.6820510296860997,0.0932102862724573,0.7125127116406501,0.0,0.0,0.4081795546146843,0.0,0.0,0.0,0.0,0.0993264409749436,0.09662929768648797,0.0,0.21803263747272347,0.0,0.0,0.03996258498681763,0.0,0.05220329150065978,0.0,0.0,0.0,0.0,0.039153042478999964,0.0,0.0,0.19454748298363286,0.0,0.0,0.0,0.0,0.7847185714840073
gex_possorted_bam_SJSO3:GAACCTGTCCTAACGGx-M1,0.5545857508522855,0.42029449065241953,0.9244091980058016,0.5260953643101138,1.0,1.0,0.0,0.4572399364220504,0.2997912723338509,1.0,0.6376220465033009,0.0,0.39275888597196074,0.0,0.76236238046523,0.1324706884011412,0.6088289055021142,0.7230504320050957,0.044696182536286606,1.0,0.8925135148555214,1.0,0.7437064182371411,0.9119961536302046,0.23186730561014648,0.541492205470769,0.09886219916210705,0.4893669558277734,0.21865359130474468,0.7403042814568344,0.8730099344077644,0.869336450004636,0.6551465249540562,0.5320584868869943,0.07542516924773988,0.684981995193834,0.0,0.45774565974486237,0.6196958239151424,0.30188270140564216,0.9488105139570775,0.0,0.5091261373091492,0.8871308382202371,0.7588159599958976,0.5931318218435744,0.4167410464537121,0.0,0.6187727888808943,1.0,0.38976278775331186,0.5958823534307681,1.0
gex_possorted_bam_SJSO3:GAAGGCTAGGCTGGCTx-M1,0.0,0.0,0.7104357035167501,0.0,0.0,0.0,0.8625484062582911,0.0,1.0,0.0,1.0,0.44374092685214117,0.18734688923413137,0.9006488251335361,0.0,1.0,1.0,0.0,0.47920428580307933,0.0,0.0,0.0,0.0,0.0,1.0,0.006642936475985063,1.0,0.07996371490348109,0.03966759816415694,0.0,0.14543663679407076,0.0,0.0,0.0,1.0,0.0,1.0,0.0,0.0,1.0,0.0021699618167389588,1.0,1.0,1.0,0.0,0.0,0.8665189270351804,1.0,0.0,0.0,0.22849961663147053,0.0,0.0
gex_possorted_bam_SJSO3:GAACACAAGAGCAAGCx-M1,0.1254185019026481,0.0,0.0,0.04550205168735467,0.6461988797812727,0.744389153044514,0.0,0.0,0.0,0.0,1.0,0.0,0.0,0.0,0.023057866268049485,0.07109175009427623,1.0,1.0,0.0,1.0,0.8377393202168291,0.906025347356886,0.3127056685574381,0.5889947981609129,0.0,0.00026337626672641597,0.5088888322739447,0.0,0.0,0.306685994160913,0.10857188454859172,0.0,0.2564506354654141,0.0,0.302363536210454,0.05325834276463615,0.0,0.08158237742083753,0.04513005059090474,0.012179282454935653,0.0,0.0,0.0,0.0,0.20945751754077035,0.07429037171795494,0.0,0.45977870419534284,0.0,0.27666117304455085,0.0,0.10246473432462028,1.0
gex_possorted_bam_SJSO3:GAACACAAGGGCTTATx-M1,0.0,0.6466362090444718,0.5022185576689899,0.0,0.0,0.0,0.9747898319789293,0.14068338817069354,0.0,0.35797179540242874,0.0,0.7071897682637046,0.0,0.0,0.3715829380155835,0.247479268517575,0.6242946428437013,0.0,0.0,1.0,0.2507695314458925,0.1796478559559205,0.0,0.47525126136901297,0.0,0.0,0.28586838882015986,0.0,0.0,0.0,1.0,0.0,0.058869918160160115,0.12079477571798301,0.5735527569400137,0.10040021542937018,0.26021204184032354,0.0,0.22886015665654408,0.9508621319971571,0.15733134166077486,0.726183829492862,0.0,0.0,0.0,0.0,0.0,0.08032809219599835,0.0,0.0,0.0,0.0,0.21427736843480222
gex_possorted_bam_SJSO3:GAAGGCTAGGAAACTGx-M1,0.0,0.0,0.0,0.0,0.0,0.0,0.0,0.000511449440078094,0.0,0.0,0.3447941159066909,0.0,0.0,0.0,0.060254870000936475,0.0,0.5627981331613036,0.20539660230991355,0.0,0.9109034863225752,0.24447318159382633,0.3635920581715866,0.031057374751930576,0.4770737318063586,0.0,0.0,0.3753924714867665,0.0,0.0,0.0,0.0,0.0,0.024230612524458933,0.0,0.3997271474260935,0.0,0.0,0.0,0.0161250275945,0.3253937974314517,0.0,0.22862829417739614,0.0,0.0,0.0,0.0,0.0,0.21138428057788944,0.0,0.0,0.0,0.0,0.292805568198442
gex_possorted_bam_SJSO3:GAACCAAAGTCCTTCAx-M1,0.0,0.06424352564729743,0.2949945518810859,0.0,0.0,0.15329188129375707,0.0,0.016118616336447317,0.0,0.04072380207803484,0.636850466141324,0.0,0.0,0.0,0.12244413649872034,0.0360868627208105,0.9667899977350175,0.6386488760149336,0.0,1.0,0.3981643568161406,0.48020395840350455,0.058259838818005574,0.6282082894724693,0.0,0.0,0.27811884167032114,0.0,0.0,0.0,0.4897225796694768,0.0,0.08212086767042429,0.0,0.32503734716383337,0.008487554167379015,0.0,0.0,0.05325467050907043,0.432551091027402,0.0,0.32463485365398664,0.0,0.0,0.0,0.0,0.0,0.1771487236288932,0.0,0.0,0.0,0.0,0.6002222343545158
gex_possorted_bam_SJSO3:GAACCGCTCCCGTTGTx-M1,0.0,1.0,1.0,0.740350545193943,0.0,0.039150943659102044,1.0,0.36861074721207093,1.0,0.9831353877919776,0.6877319594391118,1.0,1.0,1.0,0.15771989715297724,1.0,1.0,0.7116294723594683,1.0,0.0,0.0,0.0,0.0,0.0,1.0,1.0,1.0,1.0,0.9043390360900884,1.0,1.0,0.0,0.0,0.6164928155062583,1.0,0.12042582121775232,1.0,0.20951787779960318,0.20927283351836867,1.0,0.22661697606283865,1.0,1.0,1.0,0.0,0.49981546677029115,1.0,1.0,1.0,0.2444474053911209,1.0,0.8208316050870491,0.10930414010860365
gex_possorted_bam_SJSO3:GAAAGGCTCCATTACTx-M1,0.0,0.02562174491013307,0.04835042769532803,0.03396044296081438,0.0,0.0,0.8820726162763829,0.0,0.9528586184821133,0.0,1.0,0.5646682862539144,0.14782247141951957,1.0,0.0,1.0,1.0,1.0,1.0,0.0,0.0,0.0,0.0,0.0,1.0,0.04184224043511969,1.0,0.17337894343117002,0.18043541833506194,0.0,0.0,0.0,0.0,0.0,1.0,0.0,1.0,0.0,0.0,1.0,0.0,1.0,1.0,1.0,0.0,0.0,1.0,1.0,0.0,0.0,0.368695284616975,0.0,0.0
gex_possorted_bam_SJSO3:GAACCTGTCACTTCATx-M1,0.06712256970030599,0.0,0.0,0.0,0.2302723525372664,0.40996765062807233,0.0,0.0,0.0,0.0,1.0,0.0,0.0,0.0,0.0,0.0,1.0,1.0,0.0,0.9131524244388666,0.6915435118219889,0.8162947755272415,0.16256470494774988,0.7241017063949867,0.0,0.0,0.3984222628127092,0.0,0.0,0.0,0.0,0.12874005683500744,0.11772380814885171,0.0,0.21510539433516504,0.0,0.0,0.05784205556437664,0.0,0.0,0.0,0.0,0.0,0.0,0.06838741079166916,0.0,0.0,0.4226521542284741,0.0,0.0,0.0,0.0,0.8035555119036852
gex_possorted_bam_SJSO3:GAACCAGCATTATGGTx-M1,0.007486984588896484,0.0,0.0,0.0,0.24422378367724187,0.08168035290538252,0.0,0.0,0.0,0.0,0.827832783414564,0.0,0.0,0.0,0.0,0.0,0.7656740141547954,0.8495906337647805,0.0,1.0,0.5475189309920176,0.6747071696450548,0.11548601888150112,0.6680682206102747,0.0,0.0,0.44321271838857595,0.0,0.0,0.0,0.0,0.05043925572488315,0.10738733003438085,0.0,0.2388964804308584,0.0,0.0,0.04017691767038986,0.0,0.009735553483971534,0.0,0.0,0.0,0.0,0.05949532810524321,0.0,0.0,0.2549672862204274,0.0,0.0,0.0,0.0,0.8279282837569104
gex_possorted_bam_SJSO3:GAACCGCTCACCAATAx-M1,0.0,0.0,0.0886362383412913,0.0,0.1626529752567999,0.0,0.0,0.0,0.0,0.0,0.5233797239235575,0.0,0.0,0.0,0.0,0.0,0.6903639030037458,0.44592556840532316,0.0,1.0,0.4238994286806548,0.5340911087924457,0.07770669807819777,0.5599531047528112,0.0,0.0,0.4588383053868947,0.0,0.0,0.0,0.0,0.077273532607731,0.10114963095153205,0.0,0.30618489267367544,0.0,0.0,0.0,0.0,0.07724611678632805,0.029089855787771592,0.0,0.0,0.0,0.0,0.0,0.0,0.24002810402192878,0.0,0.0,0.0,0.0,0.7361355334485657
gex_possorted_bam_SJSO3:GAAGGCTAGCGGTTATx-M1,0.0,0.3874566430310604,0.7339350644867121,0.13285308388985573,0.0,0.0,1.0,0.0,1.0,0.0,1.0,1.0,0.8856905810291704,1.0,0.0,1.0,1.0,0.3590040857652967,1.0,0.0,0.0,0.0,0.0,0.0,1.0,0.2750474082296274,1.0,0.30204816544995117,0.8376738494950715,0.27883451133299475,0.9290971571488252,0.0,0.0,0.0759926131736181,1.0,0.0,1.0,0.0,0.0,1.0,0.0,1.0,1.0,1.0,0.0,0.07182038585053153,1.0,1.0,0.19857399421384278,0.03640443100023127,0.5319643814769063,0.21942685485295316,0.0
gex_possorted_bam_SJSO3:GAACCTGTCATTAGTGx-M1,0.0,0.26099601431350156,0.06313410629727376,0.0,0.0,0.0,0.4150787797527611,0.147997868105218,0.0,0.24537042410157175,0.0,0.45605180377495297,0.0,0.0,0.303223113789633,0.0,0.09034979140183667,0.0,0.0,1.0,0.22932660657616993,0.2783587965582161,0.04520306895028904,0.5056452795183898,0.0,0.0,0.4278460860057983,0.0,0.1540823618107031,0.0,0.6031291643014236,0.0,0.11880854553179049,0.190504062050712,0.5497158620688575,0.12536194901008174,0.22826828152182152,0.002256309986914228,0.17031643637247712,0.5699372735521685,0.14875479222313023,0.44600033994423977,0.0,0.0,0.0,0.03706932660185916,0.0,0.0,0.028152780898018388,0.0,0.0,0.0,0.4802715966333069
gex_possorted_bam_SJSO3:CTTTGTCCATTTAAGCx-M1,0.03584577525187681,0.6269066663500671,1.0,0.02531886600691009,0.20300423137894266,0.6346767520028191,0.5808045319765623,0.16847719153118912,0.0,0.597869202049734,0.45408112801497197,0.08919227466839784,0.0,0.0,0.433481765279765,0.40903396297805034,0.9252245694452979,0.25436434106815997,0.0,1.0,0.656633811237876,0.5167523596497917,0.21051423523441049,0.6130015669910306,0.0,0.0,0.28053707507997383,0.2899682985413912,0.0,0.12688901881359685,1.0,0.0,0.2116759366676063,0.15920441100422938,0.5612492461961018,0.25716105192192534,0.30152543202974214,0.06801821212643412,0.283037565145296,0.7818559772895018,0.2467492260893889,0.4237210881968575,0.0,0.5820857509140451,0.16293057722690835,0.13874599239387445,0.0,0.0727844191873343,0.2263756760418491,0.3185370845432432,0.0,0.05062746132512975,1.0
gex_possorted_bam_SJSO3:GAACCTGTCGATATTGx-M1,0.04247760718435166,0.0,0.0961097301360428,0.0,0.553032061226338,0.3413615656466535,0.0,0.0,0.0,0.0,0.9879495261701272,0.0,0.0,0.0,0.026401195851504834,0.0,1.0,1.0,0.0,1.0,0.6367622041573504,0.8248195491025369,0.1929169978769546,0.6653427995656996,0.0,0.0,0.4315947868910371,0.0,0.0,0.05977634569902514,0.0,0.23272164564192088,0.18334193939790863,0.0,0.1701217739490721,0.0,0.0,0.024120483504463285,0.0,0.0,0.0,0.0,0.0,0.0,0.12179233454925326,0.0,0.0,0.29073751891115357,0.0,0.11597002235403489,0.0,0.0,1.0
gex_possorted_bam_SJSO3:GACATTATCTAGCTAAx-M1,0.07543016489887312,0.0,0.060578739922246196,0.0,0.48146456035870916,0.39683176152384425,0.0,0.0,0.0,0.0,0.9934881561153213,0.0,0.0,0.0,0.06830131000743257,0.0,0.9459906659336281,1.0,0.0,1.0,0.7194574490990333,0.8388672620873948,0.19571345388119485,0.719480994379147,0.0,0.0,0.40559647405175875,0.0,0.0,0.06435973607634844,0.0,0.18123582645942946,0.19698311606065402,0.0,0.2342529723068521,0.040347805683004875,0.0,0.02896076526130813,0.02884723769457614,0.037846117659257286,0.0,0.0,0.0,0.0,0.1610417135684744,0.019533773807351756,0.0,0.20293319279361907,0.0,0.08893384441306454,0.0,0.017426017212345227,1.0
gex_possorted_bam_SJSO3:GACGCAACAGGCATGAx-M1,0.1260210868728618,0.0,0.0,0.0,0.49003217684933903,0.3439293246002024,0.0,0.04829866687626257,0.0,0.0,1.0,0.0,0.0,0.0,0.1493965288537109,0.002684821002709321,0.9443961097341139,1.0,0.0,1.0,0.646422047469758,0.7983150688886965,0.26783707226610914,0.6910689434474259,0.0,0.0038510563807071995,0.5266800172921009,0.0,0.0,0.18576015441264587,0.0,0.4510675785424737,0.23859271372540813,0.0,0.23010068308976514,0.07028728888064767,0.0,0.10478097979521833,0.011925607440030907,0.0,0.0,0.0,0.0,0.0,0.30162363005701043,0.027229471971267603,0.0,0.1852416897745095,0.0,0.014209033326982768,0.0,0.03887621806328471,0.9661731170383158
gex_possorted_bam_SJSO3:GACCTGATCCATAATGx-M1,0.08175432639479328,0.0,0.0,0.0,0.37005310386523405,0.2848673050062849,0.0,0.0,0.0,0.0,1.0,0.0,0.0,0.0,0.006294399009937382,0.0,0.912814534532092,1.0,0.0,1.0,0.6729846514480932,0.8068472080536022,0.1905153724963801,0.7251189366134018,0.0,0.0,0.371444832720951,0.0,0.0,0.02839728620233362,0.0,0.15234331311962693,0.17908140223050464,0.0,0.2079610523666743,0.0017131379646373969,0.0,0.036572070347255556,0.0,0.0,0.0,0.0,0.0,0.0,0.04207338856202691,0.013373863215096312,0.0,0.24337340832053966,0.0,0.0,0.0,0.0,0.9217190673534033
gex_possorted_bam_SJSO3:GACCTAGTCGTTTCGCx-M1,0.0,0.02366664107393405,0.7209025743188276,0.0,0.15932320402210745,0.2023646104890009,0.0,0.043241182784600506,0.0,0.21003554501541744,0.36620858848641136,0.0,0.0,0.0,0.18160624858490512,0.0,0.6033369493634643,0.20773676628551738,0.0,1.0,0.5622631951505773,0.6596510404826283,0.11047350642503231,0.657840903803466,0.0,0.0,0.3271574333320134,0.0,0.0,0.0,1.0,0.0,0.15517337331159975,0.007474182991896325,0.30638218679173096,0.08587853675166257,0.10086535474180637,0.0,0.08033952455775711,0.4154728069386574,0.0,0.0,0.0,0.0017644924624310874,0.09606908911750313,0.024774917664507984,0.0,0.0,0.019287499946702254,0.09003501070892143,0.0,0.0,1.0
gex_possorted_bam_SJSO3:GACCTGATCCCTGGAAx-M1,0.0,0.0,0.2246505798940205,0.0,0.28034954149329044,0.05601000442838128,0.0,0.0,0.0,0.06947624307532198,0.5454506425089881,0.0,0.0,0.0,0.017141957578566677,0.0,0.5118495410406643,0.2637989153137267,0.0,1.0,0.4935382400342823,0.701094815623697,0.133216983507264,0.6606046021542462,0.0,0.0,0.3824065320363758,0.0,0.0,0.0,0.31548778528232513,0.10723540727912859,0.11282509696490085,0.0,0.21851188727741588,0.033491110630818374,0.0,0.0,0.0076387195660741584,0.19048632610626318,0.0,0.0,0.0,0.0,0.070284615086311,0.030687681696151707,0.0,0.017370284490036473,0.0,0.04771452629004638,0.0,0.0,1.0
gex_possorted_bam_SJSO3:GACTATTCAGCAACCTx-M1,0.0030952736276131437,0.04388813428109643,0.7766766272840592,0.02698124727037823,0.23377000970602888,0.17510275317895652,0.26525451022831215,0.13934441691136806,0.0,0.3120602802304265,0.2923042689906911,0.0,0.0,0.0,0.32039097990357795,0.0,0.6179643989221241,0.1345160471214072,0.0,1.0,0.5908200350946318,0.5795657838476881,0.14354806440656237,0.6805000965355344,0.0,0.0,0.23671391286796814,0.0,0.0,0.0,1.0,0.057352884423202105,0.1504840798566427,0.08567631625975035,0.31899969708457065,0.15613571312882157,0.1021721356095773,0.0,0.14164629555936714,0.5716066769547736,0.08343586693210726,0.0,0.0,0.0,0.09790972833531324,0.11031560677697559,0.0,0.0,0.017247353695998967,0.15434502349892673,0.0,0.0,1.0
gex_possorted_bam_SJSO3:GACCTAGTCCTTAATCx-M1,0.0,0.5921157322718781,1.0,0.21314474766533426,0.0,0.03317889394014438,1.0,0.0,1.0,0.13960535571077562,1.0,0.8775977242997609,1.0,1.0,0.0,1.0,1.0,0.6288934006342611,1.0,0.0,0.0,0.0,0.0,0.0,1.0,0.30905484355316204,1.0,0.748909094970235,0.533569216970441,0.4268629769785469,1.0,0.0,0.0,0.2197748382353615,1.0,0.0,1.0,0.0,0.0,1.0,0.0,1.0,1.0,1.0,0.0,0.09716177164602122,1.0,1.0,0.3722214965419122,0.0,0.701865016005545,0.26398053681900874,0.0
gex_possorted_bam_SJSO3:GACATTATCGAGGAACx-M1,0.09110467823369624,0.0,0.0,0.0,0.37348584326112044,0.6250198489355215,0.0,0.012246365116422861,0.0,0.0,1.0,0.0,0.0,0.0,0.005831440415465951,0.0,1.0,1.0,0.0,1.0,0.7044378541839411,0.8539267392450987,0.1901424608863647,0.7723638304252566,0.0,0.0,0.36919069553945966,0.0,0.0,0.012155593056229918,0.07940278326066874,0.12176728314514869,0.19798856602966478,0.0,0.16878051261039312,0.04708662761622008,0.0,0.04018545549586073,0.026411716215779698,0.048939091764589694,0.0,0.0,0.0,0.0,0.09634159008732814,0.0377535396546182,0.0,0.22076746397946367,0.0,0.019653311025601004,0.0,0.0,1.0
gex_possorted_bam_SJSO3:GACCTTTGTGATTACGx-M1,0.0,0.00614014958304259,1.0,0.01670571041702069,0.14517439655542344,0.049109366676514735,1.0,0.16076385971996643,1.0,0.0,1.0,0.0,0.4113404789230678,1.0,0.0,1.0,1.0,1.0,0.7062143277710566,0.0,0.0,0.0,0.0,0.0,1.0,0.0860590572449199,1.0,0.0,0.15949267400439665,0.0,0.0,0.40613870306534233,0.0,0.0,1.0,0.0,1.0,0.0,0.0,1.0,0.42576529598491714,1.0,0.8950236787619928,1.0,0.0,0.0,1.0,1.0,0.022670275967599587,0.0,0.09437560460010072,0.0,0.45234199752848725
gex_possorted_bam_SJSO3:GACACCGGTTGCATCTx-M1,0.0,0.0,0.0,0.0,0.0,0.0,0.4132480641167423,0.0,1.0,0.0,1.0,0.5003469478728684,0.042749393243812626,1.0,0.0,1.0,1.0,0.3019415225127358,0.6206892445665637,0.0,0.0,0.0,0.0,0.0,0.9765194404417498,0.0,1.0,0.0,0.062432219930134064,0.0,0.0,0.0,0.0,0.0,1.0,0.0,1.0,0.0,0.0,1.0,0.0,1.0,0.9733587627421363,0.8115724670896923,0.0,0.0,0.8301387844363468,1.0,0.0,0.0,0.15783191593379742,0.0,0.0
gex_possorted_bam_SJSO3:GACCTTTGTTGTGATGx-M1,0.4047081262689469,0.29605022331536646,0.8065925611158893,0.31628018480975845,1.0,1.0,0.0,0.2638362957344581,0.0,0.7150442697239462,1.0,0.0,0.2654953979731578,0.0,0.5342990079221606,0.16502085448212128,1.0,1.0,0.2510322946027173,1.0,1.0,1.0,0.5482137977890771,0.962111809387391,0.03246351609950152,0.27697934039219924,0.23488560113482812,0.38926564224613924,0.1572370253353752,0.5674832799595939,1.0,0.596550021776016,0.5203641690583324,0.24446329307571052,0.19324850357346604,0.4992358526910996,0.0,0.303759912196382,0.4691116869108617,0.34193960794023615,0.2808141310150275,0.0,0.22747882373450026,0.959308554712843,0.6374881391508782,0.4135630852535459,0.24757939535909926,0.07344791372956724,0.4454006918684784,0.7487580838237949,0.12093195596162076,0.4281615254717822,1.0
gex_possorted_bam_SJSO3:GACCGAACAGCATTATx-M1,0.0,0.0,0.6699244479205471,0.0,0.5506165257057429,0.40329219463065974,0.8064817833768635,0.3202354270233514,0.3760871406674854,0.0,1.0,0.0,0.0,0.030426653596807764,0.0,0.0,1.0,1.0,0.0,1.0,0.6195578008336027,0.6202608392448707,0.0604987961421758,0.37071128793449604,0.0,0.0,0.8391693313254868,0.0,0.0,0.0,0.0,0.5615619509508645,0.12985381380356248,0.0,0.4756288571657357,0.0,0.0,0.0,0.061602141208157046,0.28710877182546574,0.7061735900671565,0.0,0.0,0.7830029122300198,0.0,0.0,0.3005420456614262,0.5630681579809703,0.0,0.0,0.0,0.0,1.0
gex_possorted_bam_SJSO3:GACCGAACACAATGTTx-M1,0.0,0.8916353752984221,1.0,0.08938732304048873,0.1777841093123041,0.2925289590495814,1.0,0.30823124557711634,0.0,0.7606248133441552,0.0,0.1782339885917773,0.0,0.0,0.5409928033163305,0.5562575931252748,0.3754817864188515,0.0,0.0,1.0,0.6455762189851045,0.4748331043794164,0.0798199134570877,1.0,0.0,0.0,0.1040156136523803,0.49477807905259635,0.0,0.28646867596311465,1.0,0.0,0.2513084804477276,0.189849060632503,0.4612020071886768,0.3020794008478565,0.2910447464119675,0.0,0.400023663553191,1.0,0.28631577133370173,0.582203833761379,0.0,0.5404005818111515,0.21762159749547907,0.12833299570880466,0.1827742500103936,0.0,0.23924499938915653,0.33413280161006104,0.0,0.03623180445337567,1.0
gex_possorted_bam_SJSO3:GACGCAACACAAAGACx-M1,0.0,0.0,1.0,0.0,0.0,0.0,1.0,0.0,0.8721218966485387,0.0,0.5979818839945145,0.7609897985676617,0.1686858410370322,0.9275044988595886,0.0,1.0,0.8095997018061138,0.0,0.24329524856755377,0.0,0.0,0.0,0.0,0.0,1.0,0.06266747417631896,1.0,0.19984122491099102,0.0,0.0,0.438352705286712,0.0,0.0,0.0,1.0,0.0,1.0,0.0,0.0,1.0,0.03486768451511464,1.0,1.0,1.0,0.0,0.0,0.8913971468587182,1.0,0.039171001928393546,0.0,0.22917208078755175,0.0,0.0
gex_possorted_bam_SJSO3:GACACCGGTGCTGTAAx-M1,0.0,0.0,0.06230899274177853,0.01990735666491729,0.0,0.0,0.8827490265143911,0.0,1.0,0.0,1.0,0.23206303344453955,0.24626749924668845,1.0,0.0,1.0,0.9377973449795187,0.0,0.5044864311634014,0.0,0.0,0.0,0.0,0.0,1.0,0.01916533319100287,1.0,0.027820542614476498,0.10434019135278126,0.0,0.004564886337028257,0.0,0.0,0.0,1.0,0.0,1.0,0.0,0.0,1.0,0.0,1.0,1.0,1.0,0.0,0.0,1.0,1.0,0.0,0.0,0.3459612709550957,0.0,0.0
gex_possorted_bam_SJSO3:GACTAATGTTACCTGTx-M1,0.19130633983734394,0.365324434201949,1.0,0.09076080747608621,0.7431521413153213,1.0,0.0,0.1519248827056397,0.0,0.5951210637404134,1.0,0.0,0.09232749060836036,0.0,0.4611581646382158,0.0,1.0,1.0,0.0,1.0,1.0,1.0,0.3146509747249421,0.9346772585592065,0.0,0.07863306574670004,0.19631353731530135,0.2119414105748192,0.00522811140911756,0.2673471754600623,1.0,0.3608375586529934,0.38499934343373776,0.0962737652411851,0.21791610137390047,0.33937655549116763,0.020057318480482415,0.14456399768025732,0.3291917879899319,0.4612844231487278,0.0,0.0,0.0,0.9681075910159019,0.40571766558996747,0.26800901897110024,0.06917555694901548,0.0,0.31285386856133335,0.5270441372630551,0.0,0.19135744106831004,1.0
gex_possorted_bam_SJSO3:GACACCGGTAAAGCGGx-M1,0.0,0.028612102199315478,0.7735611638041393,0.0,0.0,0.0,1.0,0.0,1.0,0.0,1.0,0.7310839004933296,0.15785308142861468,1.0,0.0,1.0,1.0,0.030064718558834164,0.57757041373574,0.0,0.0,0.0,0.0,0.0,1.0,0.030249585212722866,1.0,0.09686181742205516,0.12007989785655535,0.0,0.1440633802105152,0.0,0.0,0.0,1.0,0.0,1.0,0.0,0.0,1.0,0.0024655606242677953,1.0,1.0,1.0,0.0,0.0,0.9713456875850113,1.0,0.004613429175491238,0.0,0.35796147956023333,0.0,0.0
gex_possorted_bam_SJSO3:GAAGTGATCGGTTTGGx-M1,0.0,0.26947442520537174,1.0,0.06022176182811023,0.03847615015949252,0.34538373479549755,1.0,0.0,1.0,0.14595856992738,1.0,0.12060785969286784,0.5443465845793268,1.0,0.0,1.0,1.0,0.9451915323317256,0.7296157956860378,0.0,0.0,0.0,0.0,0.0,1.0,0.15298215046032315,1.0,0.336428545244211,0.1695256279770391,0.1299293466813342,1.0,0.15906146045321823,0.0,0.03555792364371684,1.0,0.0,1.0,0.0,0.0,1.0,0.0,1.0,1.0,1.0,0.0,0.040015773229308424,1.0,1.0,0.21292489427638936,0.1464581971503464,0.28306479666039974,0.13880240456964374,0.4263606451075811
gex_possorted_bam_SJSO3:GACACCGGTGCGCAATx-M1,0.07280621015462295,0.0,0.0,0.0,0.2988533138464898,0.4775827728712995,0.0,0.0,0.0,0.0,1.0,0.0,0.0,0.0,0.0,0.0,1.0,1.0,0.0,0.7918702471215978,0.5789487488682287,0.8331597725381513,0.1609842564058157,0.7272634262955467,0.0,0.0,0.3835385452780671,0.0,0.0,0.0,0.0,0.20200043529141512,0.10514398019825467,0.0,0.18258713493944115,0.0014398245743052216,0.0,0.06341714471596209,0.0,0.0,0.0,0.0,0.0,0.0,0.11568564075275843,0.0,0.0,0.3486172434378294,0.0,0.0,0.0,0.03535568975645814,0.9078941206813874
gex_possorted_bam_SJSO3:GAATTTGTCGTCAAGTx-M1,0.0,0.0,0.25350928519855964,0.0,0.0,0.0,0.8031623794528591,0.0,1.0,0.0,1.0,0.5537577051340697,0.1600483034027669,1.0,0.0,1.0,1.0,0.9856807258105768,1.0,0.0,0.0,0.0,0.0,0.0,1.0,0.037615028633880096,1.0,0.0,0.0,0.0,0.0,0.0,0.0,0.0,1.0,0.0,1.0,0.0,0.0,1.0,0.0,1.0,1.0,1.0,0.0,0.0,1.0,1.0,0.0,0.0,0.2308093809349171,0.0,0.0
gex_possorted_bam_SJSO3:GACACCGGTAAGCTTGx-M1,0.0,0.03813960904441093,0.2117927725102648,0.0,0.0,0.0,0.0,0.0,0.0,0.0,0.8100484460806469,0.0,0.6211233727111294,1.0,0.0,1.0,0.3449592208825937,0.13509776516752267,0.8161166976914382,0.0,0.0,0.0,0.0,0.0,1.0,0.0,1.0,0.0,0.9809383950900444,0.018329549898095685,0.0,0.4016998402361524,0.0,0.20367599698119035,1.0,0.0,0.45631716938895533,0.0,0.0,1.0,0.4200525567950849,0.0,0.2589021682455555,0.0,0.0,0.0,0.5825352113120303,0.18608195428134808,0.0,0.0,0.6860745020859099,0.0,0.0
gex_possorted_bam_SJSO3:GACACCGGTACCGTAAx-M1,0.01009858786598001,0.0,0.008741784086619015,0.0,0.39335089643192944,0.07006698407499037,0.0,0.0,0.0,0.0,0.7644386445985469,0.0,0.0,0.0,0.0,0.0,0.7672274462720697,0.8248491491122417,0.0,1.0,0.5960949890417624,0.7630842657838581,0.13806859937193797,0.7180024914035842,0.0,0.0,0.44219182297205833,0.0,0.0,0.0,0.0,0.05937524775491294,0.14486446105931527,0.0,0.18673327472947185,0.0,0.0,0.007106437963263118,0.0,0.0,0.0,0.0,0.0,0.0,0.04869560162879037,0.0,0.0,0.26940815172256527,0.0,0.0,0.0,0.0,0.8692247973472588
gex_possorted_bam_SJSO3:GACACCGGTGTTAGCAx-M1,0.17397220022201956,0.0,0.43559733718456145,0.08903608396139251,0.9745913742165947,1.0,0.0,0.018710558759735908,0.0,0.40705518914242667,1.0,0.0,0.05708610285202157,0.0,0.3649568803543931,0.016486147595307036,1.0,1.0,0.0,1.0,0.920141404626765,1.0,0.3160032178860616,0.7617568262739928,0.0,0.049187304451521634,0.3783436389935018,0.1253932971734388,0.0,0.24589177687104566,0.7124609189956915,0.3410023446919749,0.30432328704458517,0.0,0.24724831587512788,0.246413421369149,0.0,0.08914010487993435,0.21258209893369523,0.31460375375340394,0.0,0.0,0.0,0.3106505761477136,0.393713781955203,0.15088249207347398,0.00951037035059177,0.15819286572517927,0.15697632979497061,0.4599425063185357,0.0,0.20100430433477207,1.0
gex_possorted_bam_SJSO3:GACACCGGTTGTTGGAx-M1,0.0,0.18468742413673284,0.5263024361142269,0.11541834937396739,0.0,0.0,1.0,0.32018024950315066,1.0,0.0,0.785103066458754,0.5314985305626849,0.5201157207105743,1.0,0.0,1.0,1.0,0.5320238248648482,0.9534392516320171,0.0,0.0,0.0,0.0,0.0,1.0,0.25435414883833496,1.0,0.2909472931134091,0.26912330426663533,0.0,0.0,0.0,0.0,0.23518126133501266,1.0,0.0,1.0,0.0,0.0,1.0,0.09788725395717544,1.0,0.7497066846480608,0.8817807974813224,0.0,0.04162148600393768,1.0,1.0,0.1066677660717591,0.1304517638550589,0.799808888327168,0.0,0.0
gex_possorted_bam_SJSO3:GACCTGCAGGAAACTGx-M1,0.0,0.29743305870099274,0.05358639259584614,0.0,0.0,0.0,0.3861031529031217,0.04505874986150826,0.0,0.08100373607748955,0.0,0.5840569185346219,0.0,0.0,0.24539468434048578,0.026197138920521962,0.38266432009282336,0.0,0.0,1.0,0.14796971995555785,0.18271496522957884,0.0,0.4427353921387614,0.0,0.0,0.33680526825334095,0.0,0.0,0.0,0.3894718722086205,0.0,0.019146484456905834,0.08718866290764016,0.5870140265543599,0.029673621384490055,0.15115945004574702,0.0,0.12231920201692566,0.5540537745103148,0.1656486544380887,0.5848511359998997,0.0,0.0,0.0,0.0,0.0,0.1477690172590463,0.0,0.0,0.0,0.0,0.1045773314678866
gex_possorted_bam_SJSO3:GACACCGGTGTCACGGx-M1,0.0,0.732692381910453,1.0,0.2626951723853473,0.0,0.0,1.0,0.0,1.0,0.2576054223201467,1.0,1.0,1.0,1.0,0.0,1.0,1.0,0.21503802232457658,1.0,0.0,0.0,0.0,0.0,0.0,1.0,0.39003534723168487,1.0,0.7971603273491319,0.8402092372700967,0.2964498200200603,1.0,0.0,0.0,0.19201354137306842,1.0,0.0,1.0,0.0,0.0,1.0,0.0,1.0,1.0,1.0,0.0,0.10275104667995316,1.0,1.0,0.3998978539459772,0.13780067691077041,0.8683224818602658,0.28698567047133045,0.0
gex_possorted_bam_SJSO3:GACTCACCACCTAAGCx-M1,0.15082294618556272,0.27091296591369723,0.9246575606214528,0.10411564766874995,0.7009039136741664,0.6514232124170461,0.0,0.07922731029073424,0.0,0.41311475575205786,0.6911624912481396,0.0,0.0,0.0,0.5437953775739909,0.01510070875015265,0.764078778710805,0.8192588329803574,0.0,1.0,0.613514765978559,0.9079636206228353,0.2749404920064433,0.7346409328192971,0.0,0.0455636259681371,0.32694191782503623,0.058380608430442064,0.17456260113884528,0.17040811080010326,0.7733728702227521,0.19663436836058895,0.3271265892793107,0.0,0.19622634134493536,0.1968929082023612,0.0,0.06191763644924807,0.20819888748615767,0.26458837073975455,0.2801306693040551,0.0,0.0,0.5425397199542265,0.3521901218760123,0.16045558605607388,0.012907707271049848,0.010715646906778236,0.1253203009414136,0.4049675362741457,0.0,0.08981493920572489,1.0
gex_possorted_bam_SJSO3:GACCGAACAGTATGTTx-M1,0.19726392887712335,0.0,0.2768876844808689,0.06015331854333956,0.6691063674039047,0.7186958530658971,0.0,0.03224715881095045,0.0,0.08189044771758326,1.0,0.0,0.0,0.0,0.2369849036787133,0.0,1.0,1.0,0.0,1.0,0.8836168819166678,0.9824516555529929,0.3127484812408821,0.7555839502808435,0.0,0.0,0.3302501629497953,0.0,0.0,0.17306505571324385,0.11232872722769073,0.1561565350028326,0.30136669978273184,0.0,0.19551922407506192,0.13934057806628738,0.0,0.1346339189892045,0.13902097114932224,0.03352180558522661,0.0,0.0,0.0,0.0,0.25011477622370354,0.12045346266124704,0.0,0.11288697979485966,0.05171159336497941,0.20312588771366932,0.0,0.10617501331864808,1.0
gex_possorted_bam_SJSO3:GACGCCTAGCACTTGGx-M1,0.028088244999742502,1.0,1.0,0.20042598318477817,0.007322696604883908,0.6863680678328409,1.0,0.42488955987369487,0.03477564748347802,0.9622784269716277,0.0,0.9862168869386229,0.0,0.186156474898185,0.7367159651154658,0.6973932788976489,0.7570712160306113,0.0,0.0,1.0,0.48098822242002237,0.40087776789785584,0.18249817683906377,0.7538600907330407,0.0,0.0,0.0891730124494744,0.5173806236142624,0.19716232323974378,0.16931173870567306,1.0,0.0,0.259488634747164,0.42951055162762997,0.5541128360972924,0.46558147881270223,0.4682842610257902,0.09589982285963651,0.522420912632408,1.0,0.42067683835664393,0.9906520286612266,0.0,0.8313651073406728,0.2822799629950851,0.22661349510545406,0.0,0.0,0.3865979241147731,0.436862964841731,0.05983793251221723,0.10482318068800983,0.8875309194397721
gex_possorted_bam_SJSO3:GACGTAAAGGCATTACx-M1,0.0,0.04511693124616648,0.5762894036951929,0.02949008249069971,0.0,0.0,1.0,0.0,1.0,0.0,1.0,0.8800891536496768,0.06205908198262187,1.0,0.0,1.0,1.0,0.8849207950062904,1.0,0.0,0.0,0.0,0.0,0.0,1.0,0.05387775428614247,1.0,0.17113990769340465,0.0,0.0,0.0,0.0,0.0,0.0,1.0,0.0,1.0,0.0,0.0,1.0,0.07978149270583454,1.0,1.0,1.0,0.0,0.0,1.0,1.0,0.0,0.0,0.30561578194961253,0.0,0.0
gex_possorted_bam_SJSO3:GACCTTTGTGCTGTAAx-M1,0.0,0.0,0.283761852427584,0.0,0.0,0.0,0.5554356365725511,0.0,0.9361087165411203,0.0,1.0,0.46598118442438224,0.027748190103582315,1.0,0.0,1.0,1.0,0.15356191839612823,0.49996301514464164,0.0,0.0,0.0,0.0,0.0,0.9094516337141054,0.0,1.0,0.0,0.0,0.0,0.0,0.0,0.0,0.0,1.0,0.0,1.0,0.0,0.0,1.0,0.0,1.0,0.96013082445519,1.0,0.0,0.0,0.8578692708719957,1.0,0.0,0.0,0.14580768676276654,0.0,0.0
gex_possorted_bam_SJSO3:GACCGTTCATTGTGTGx-M1,0.0,0.0,0.5472515095124619,0.0,0.24898808541044012,0.0,0.0,0.0,0.0,0.11638181300631145,0.4169691386877628,0.0,0.0,0.0,0.08787513261884129,0.0,0.533380844167339,0.052480139761518815,0.0,1.0,0.5298768955995802,0.5656661602539411,0.09956897450932234,0.5438949223252663,0.0,0.0,0.4294057892810752,0.0,0.0,0.0,0.5018160957822215,0.0,0.1094495482091127,0.0,0.35711032565519096,0.03833190196539414,0.0,0.0,0.03169680671294264,0.4359982747285294,0.0,0.0,0.0,0.0,0.04053837173667028,0.003990024791557239,0.0,0.17209742178847062,0.0,0.0935485190979962,0.0,0.0,0.8923471961248357
gex_possorted_bam_SJSO3:GACCTAGTCATTGTCTx-M1,0.0,0.9895881554388499,1.0,0.10762135739833027,0.0,0.17419041772077942,1.0,0.3406919991945862,0.04687178753519802,0.8376627384283045,0.0,1.0,0.0,0.0,0.6297931513555868,0.5436811859139471,0.2661620552831995,0.0,0.0,1.0,0.3114833938800557,0.2732274365163073,0.13411001680957418,0.5043846017903717,0.0,0.0,0.19623351288075824,0.4042516225327361,0.366697158194445,0.026450471221666747,1.0,0.0,0.16819050098646268,0.41310840318901715,0.6752137392902027,0.3892807629595832,0.6454527463618621,0.03731574821001773,0.3826990745650654,1.0,0.2976131842151095,0.8559376641351464,0.0,0.7934834297571028,0.08830498705736846,0.2228212419201342,0.0,0.0,0.34963308266901844,0.371699306308748,0.1388164809555259,0.06976969315561525,0.8399395135053919
gex_possorted_bam_SJSO3:GACGCAACATTGACATx-M1,0.0825977771078291,0.0,0.07144057275878885,0.0,0.4539854809244193,0.38325787815505774,0.0,0.0,0.0,0.0,1.0,0.0,0.0,0.0,0.06569675301659708,0.0,1.0,1.0,0.0,1.0,0.5226624618234106,0.7989794407515601,0.18511691420386073,0.602673075867805,0.0,0.0,0.39408936128210326,0.0,0.0,0.06074617139364651,0.0,0.2524500494823694,0.18177554663982468,0.0,0.19582573736496484,0.0220649815063685,0.0,0.09843041215301314,0.02401089901921879,0.0,0.0,0.0,0.0,0.0,0.18300052628482869,0.0,0.0,0.19627619215104952,0.0,0.05480005506972146,0.0,0.0,1.0
gex_possorted_bam_SJSO3:GACACCGGTGTAACCAx-M1,0.0,0.33056138925134787,0.17046967913860916,0.0,0.0,0.0,0.30768589039924515,0.08104765298547387,0.0,0.1423961927390648,0.0,0.32210402446048725,0.0,0.0,0.26502564418676056,0.029659037214998955,0.44910240205911334,0.0,0.0,1.0,0.27236005160399634,0.3053386618614973,0.008286890844902675,0.5536126094581325,0.0,0.0,0.2821168178736902,0.0,0.0,0.0,0.5571282689806734,0.0,0.04712957964420645,0.0722910634809861,0.4558549065750881,0.05763543122948102,0.15555726723838295,0.0,0.1510179768929395,0.4811655806818707,0.0814878824367319,0.500326943890005,0.0,0.0,0.0,0.0,0.0,0.0,0.0,0.0,0.0,0.0,0.2757344602466045
gex_possorted_bam_SJSO3:GACCTGCAGCATGTTAx-M1,0.0,0.05948633719553059,0.4260776122726112,0.0,0.053573849247546663,0.0,0.0,0.05958965992921054,0.0,0.1018226899416419,0.16646231608414586,0.0,0.0,0.0,0.17282702946835107,0.0,0.5687111656618131,0.0,0.0,1.0,0.4528207458967966,0.49392408625044104,0.08939550360856383,0.5569243108425261,0.0,0.0,0.361604060956166,0.0,0.0,0.0,0.465260881099523,0.0,0.12606281455522825,0.023568518448800726,0.38850560163609427,0.03355736626459323,0.11952190483576945,0.0,0.10310716993642452,0.32607113824554484,0.044349189881834734,0.1061446035631193,0.0,0.0,0.029697977808641404,0.0,0.0,0.05876957389473345,0.0,0.02739776521162484,0.0,0.0,0.8268491802578076
gex_possorted_bam_SJSO3:GACCGAACACCATATGx-M1,0.006525859256122004,0.0,0.15896238642054517,0.0,0.21307691783090696,0.15181595643515358,0.0,0.0,0.0,0.0,0.6943156347782427,0.0,0.0,0.0,0.0489246748689815,0.0,0.7140900436428081,0.6090286142102246,0.0,1.0,0.5947043059169951,0.7024607760969277,0.1192914292617047,0.6343443169547203,0.0,0.0,0.4001720265064405,0.0,0.0,0.0,0.2643721914136736,0.0,0.127227602769833,0.0,0.2499304464151084,0.02722789728012772,0.0,0.0,0.000691701997851413,0.18271692246354332,0.0,0.0,0.0,0.0,0.08332251457281632,0.0,0.0,0.19318089952759257,0.0,0.0,0.0,0.0,0.9543116357626971
gex_possorted_bam_SJSO3:GACGTAAAGGTTAGCTx-M1,0.04593994101759478,0.0,0.0,0.0,0.24315721894912187,0.1839711087680496,0.0,0.0,0.0,0.0,0.7759632459992438,0.0,0.0,0.0,0.0,0.0,0.7858941093055067,0.9308850837217292,0.0,1.0,0.6182800842060788,0.7532884420014553,0.14085929697184033,0.7086994730868257,0.0,0.0,0.3482666382289213,0.0,0.0,0.0,0.0,0.02089215900627392,0.16571256044164137,0.0,0.1775775799418567,0.015424981038428045,0.0,0.03771738082586647,0.00662633626409653,0.0,0.0,0.0,0.0,0.0,0.0881952161743985,0.0,0.0,0.15202567476544904,0.0,0.0,0.0,0.0,0.8522122277119326
gex_possorted_bam_SJSO3:GACACCGGTGGGTGAAx-M1,0.0,0.3543625467337636,0.7126835015894236,0.0,0.0,0.0,1.0,0.0,0.8774144158405003,0.0,1.0,0.9720732462794384,0.13765662061865555,1.0,0.0,1.0,1.0,0.6942042576661192,0.9683870543198366,0.0,0.0,0.0,0.0,0.0,1.0,0.043262307258755114,1.0,0.05842811163910583,0.9412441497242499,0.0,0.10699869736975821,0.0,0.0,0.0,1.0,0.0,1.0,0.0,0.0,1.0,0.0,1.0,0.9783258391135833,1.0,0.0,0.0,1.0,1.0,0.0,0.0,0.21068148698352643,0.04441938741508859,0.0
gex_possorted_bam_SJSO3:GAGCTAGCAGCTACGTx-M1,0.5216359190345781,1.0,1.0,0.6628515564832183,0.5473949216891815,1.0,1.0,0.9329012210372402,0.5473173350135924,1.0,0.0,0.7838484391963432,0.7051940689882165,0.5478608215609255,0.9484454096395969,1.0,0.0,0.0,0.0,1.0,0.7317049152562513,0.7507847031331292,0.6096808389519067,0.8782817472611019,0.7383843959184899,0.6138370917870234,0.0,1.0,1.0,0.6635426119882067,1.0,0.45252443436711626,0.6376251696076995,0.9987222117521396,0.10792186108770116,1.0,0.6864986718598399,0.5867602769522445,0.8026013699711357,1.0,0.5848548660818116,0.3346446184527615,0.9053453118854868,1.0,0.7830465219890886,0.8500873211167486,0.637107364708632,0.0,0.9310545415665099,1.0,0.8873397113073471,0.7284900185322419,1.0
gex_possorted_bam_SJSO3:GAGCCACTCGGGCCATx-M1,0.31331529728472524,0.26138713567726085,1.0,0.2573326861368406,1.0,1.0,0.0,0.20803553918694911,0.0,0.7723517193989192,1.0,0.0,0.24720057873690546,0.0,0.5072799428153484,0.09624013500522827,1.0,1.0,0.022467801537376545,1.0,1.0,1.0,0.5138423743695437,0.891174583769745,0.0,0.2464466053821903,0.26119617154501384,0.3287440577909867,0.031204568640377187,0.5278395725785245,1.0,0.6010622828923028,0.47981746314582424,0.19873924441056784,0.19348088953070144,0.4365451735710639,0.0,0.23244666271293646,0.43361915891958047,0.36893073340718385,0.347712502028403,0.0,0.2043000063224813,1.0,0.5635327317047577,0.3641177602446225,0.36344893922269084,0.0,0.43125241209059434,0.7971468246850653,0.06023880642001677,0.3575018918161062,1.0
gex_possorted_bam_SJSO3:GAGCTTAGTGCTCCGTx-M1,0.0,0.0,1.0,0.0,0.0,0.0,1.0,0.0,1.0,0.0,0.5455680556982265,0.8690754484965753,0.345591548306254,0.8977927433571455,0.0,1.0,0.5986193374888504,0.0,0.28989784140445163,0.0,0.0,0.0,0.0,0.0,1.0,0.07435285962460056,1.0,0.13814662665283822,0.04103812503730512,0.0,0.7258144029249451,0.0,0.0,0.011109058056378556,1.0,0.0,1.0,0.0,0.0,1.0,0.07421040629346105,1.0,1.0,1.0,0.0,0.0,1.0,1.0,0.04143385019754698,0.0,0.3119051121825207,0.0019556955785878754,0.0
gex_possorted_bam_SJSO3:GACTCACCAGGAATCGx-M1,0.027688274241092846,0.005936179660857075,1.0,0.07853029753924262,1.0,1.0,1.0,0.33985559980401936,0.3142219654874716,0.20128194510544045,1.0,0.0,0.07264450273851003,0.0,0.0,0.0,1.0,1.0,0.14481047420808987,1.0,0.8105245603430405,0.9099038810859816,0.17930199007455705,0.37686626256325173,0.026660101197169987,0.05703758492770236,0.7913779957277544,0.0,0.0,0.0,0.18920075350684853,0.9071896492176912,0.21716222743783384,0.0,0.4449589016500137,0.0970126764198337,0.0,0.0430024500254852,0.24677940372277932,0.399189133970959,0.9393994403009764,0.0,0.0,1.0,0.0771000711587242,0.10865158021831146,0.7479094664369977,0.35200941507945116,0.14646828960918432,0.2703079272448339,0.0,0.0,1.0
gex_possorted_bam_SJSO3:GAGAAACGTTACAACGx-M1,0.1375918960178075,0.0,0.0,0.10117284421376042,0.024369263862871728,0.1294429054499244,0.0,0.1741991717490304,0.0,0.0,0.6743878291812547,0.0,0.0,0.0,0.04919089645002329,0.0,0.6557857911421985,0.8061176187077784,0.0,0.5755039559620991,0.48526942605586953,0.6613150805354001,0.2004777553080741,0.5064823974813525,0.0,0.0,0.5227343512956459,0.0,0.0,0.0,0.0,0.32322488163481405,0.21049040653710435,0.14213349053724855,0.3162076343956928,0.10548380260243914,0.0,0.11312930989291164,0.0015971039967328333,0.02924335778556615,0.008922882714371654,0.015147842314774325,0.0,0.0,0.20599123790958135,0.012776456465914778,0.0,0.5554818186236269,0.0,0.22305733564413913,0.0,0.02267800487147596,1.0
gex_possorted_bam_SJSO3:GAGCAAATCAGTTCCCx-M1,0.059950492520900726,0.0,0.2670859699888702,0.0,0.30538819970167774,0.3989744284142533,0.0,0.0,0.0,0.09937377891685635,0.8100303067732059,0.0,0.0,0.0,0.10640971190742343,0.0,0.8071349301555347,0.8426649445630506,0.0,1.0,0.7205323343296123,0.8708950489102798,0.1575808357465629,0.8069832405444246,0.0,0.0,0.3441186679164325,0.0,0.0,0.034804402372028295,0.4516539472810624,0.10377275473201612,0.19769676760449365,0.0,0.2316852478467577,0.08389225001303417,0.0,0.024911197023910123,0.05358496720222114,0.13542018793009142,0.0,0.0,0.0,0.0,0.1568650934069466,0.04038344299659188,0.0,0.03606746616778789,0.010317135592464421,0.053032511008621136,0.0,0.030625648101757597,1.0
gex_possorted_bam_SJSO3:GAGCAAATCCCGAACAx-M1,0.08335288288020058,0.0,1.0,0.0454519115032195,1.0,0.9633073160838154,0.0,0.0,0.0,0.4697855652680183,1.0,0.0,0.0,0.0,0.28117087233858434,0.0,1.0,1.0,0.0,1.0,0.7759740360956392,0.9813927170466891,0.381216324220319,0.673213102393474,0.0,0.09749286720341792,0.30526624811568936,0.0,0.0,0.2521498591930699,0.6185924628161541,0.5396564174030287,0.24067482757467681,0.0009966898030047042,0.1716363199036478,0.16689691650135452,0.0,0.05064693066183343,0.1564540956590977,0.1523790282598094,0.3869984591736386,0.0,0.0,0.41863108625569945,0.34487574176896,0.14421315878681987,0.12088919457580034,0.063205942061774,0.11460523352421231,0.5532209103592082,0.0,0.10501392161859134,1.0
gex_possorted_bam_SJSO3:GACTTAGGTCTTACTAx-M1,0.0,0.0,0.0,0.0,0.0,0.0,0.0,0.0,0.0,0.0,0.9557773784540584,0.0,0.0,0.9620986161673066,0.0,0.20863328980230436,0.9922889386518663,0.591431881178352,0.0,0.07210489697506366,0.31246301649434105,0.13032713352575873,0.0,0.26399413782335085,0.0,0.0,0.8463303441011374,0.0,0.0,0.0,0.0,0.07078910972565658,0.0,0.0,0.7837270772263732,0.0,0.298556566062608,0.0,0.000481436064330146,1.0,0.0,0.3235936792676084,0.0,0.0,0.0,0.0,0.022879064080042942,1.0,0.0,0.0,0.0,0.0,0.20381394499846053
gex_possorted_bam_SJSO3:GAGCGATAGAACAAGTx-M1,0.0,0.0,0.34541972084185507,0.0,0.0,0.0,0.7216375204482457,0.0,1.0,0.0,1.0,0.36330195694013667,0.1544963607700518,1.0,0.0,1.0,1.0,0.051086870808280956,0.41445890083436193,0.0,0.0,0.0,0.0,0.0,1.0,0.024878962908773353,1.0,0.059138264365784704,0.0,0.0,0.010609595154322284,0.0,0.0,0.0,1.0,0.0,1.0,0.0,0.0,1.0,0.0,1.0,1.0,1.0,0.0,0.0,1.0,1.0,0.0,0.0,0.08723134028309516,0.0,0.0
gex_possorted_bam_SJSO3:GAGCATGCAATAAGCAx-M1,0.0,0.0,0.0,0.0,0.053059672579172414,0.0,0.0,0.0,0.0,0.0,0.5846071290637143,0.0,0.0,0.0,0.0,0.0,0.6332117961059501,0.568680583929983,0.0,0.9817450709033192,0.34797165117357587,0.536002749295962,0.05999949030339985,0.5836344384367446,0.0,0.0,0.40886807657658947,0.0,0.0,0.0,0.0,0.0,0.06410109416793272,0.0,0.3131202655249168,0.0,0.0,0.024546798197582098,0.0,0.12890700262246663,0.0,0.0,0.0,0.0,0.0,0.0,0.0,0.16557585070066308,0.0,0.0,0.0,0.0,0.5420015675045236
gex_possorted_bam_SJSO3:GAGCGAAGTCATGAGCx-M1,0.21445192968609514,0.0,0.8185809073639995,0.0883231438196208,0.8440471265651539,1.0,0.0,0.1335535308794148,0.0,0.34025348727351995,1.0,0.0,0.0,0.0,0.3074781924244562,0.0,1.0,1.0,0.0,1.0,1.0,1.0,0.3315628566853432,0.8147666930289008,0.0,0.012920343935345616,0.35927933681420116,0.23671038653828166,0.08096067562822587,0.25345631139252356,0.7583703362839854,0.4096048007272865,0.3864073360137783,0.055176686275077144,0.27177321131900417,0.2442015851112986,0.009744893329556796,0.12552596636248012,0.2538110407544972,0.2435290247580381,0.08155461107459075,0.0,0.0,0.5570581918415084,0.467376786533656,0.17772646191626054,0.0,0.07384031285634496,0.16762410412791956,0.3935249926262204,0.0,0.1424438052424818,1.0
gex_possorted_bam_SJSO3:GAGCCTTCATACTCCTx-M1,0.0,0.27888105904494903,0.6999537939440205,0.07905193590735364,0.0,0.0,1.0,0.0,1.0,0.0,1.0,0.5891968880818561,0.925051960426343,1.0,0.0,1.0,1.0,1.0,1.0,0.0,0.0,0.0,0.0,0.0,1.0,0.1610219633349763,1.0,0.5756805626220656,0.44150677289359297,0.25093777952411606,0.7386687878458768,0.0,0.0,0.024710160867016693,1.0,0.0,1.0,0.0,0.0,1.0,0.0,1.0,1.0,1.0,0.0,0.07610540712025776,1.0,1.0,0.2084284373334561,0.0,0.5636870055633447,0.1595111763580942,0.0
gex_possorted_bam_SJSO3:GACTTACAGTTCCCGTx-M1,0.0,0.0,0.9747262918430148,0.017095660983611195,0.17526722907797154,0.0,1.0,0.23519639153821184,1.0,0.0,1.0,0.0,0.3347262849443867,0.7737292246000036,0.0,0.8097543113456493,1.0,1.0,0.5203970532441892,0.3390032565459828,0.0,0.0,0.0,0.0,1.0,0.04846385525394803,1.0,0.0,0.29044756871132227,0.0,0.0,0.37462143997295855,0.0,0.0,1.0,0.0,1.0,0.0,0.0,1.0,0.5200279728347811,1.0,0.6069142452286285,1.0,0.0,0.0,1.0,1.0,0.01125035100615243,0.0,0.0,0.0,0.5051741580073946
gex_possorted_bam_SJSO3:GACTCACCAGGCAAGCx-M1,0.22776194997431418,1.0,1.0,0.3815184505780837,0.2731744269957341,0.8912611346296607,1.0,0.5946213659108333,0.15323022082509183,1.0,0.0,1.0,0.23474743273099571,0.19382590023968094,0.8800690198830465,0.6121396164682915,0.31093447479877667,0.0,0.0,1.0,0.6490942791287257,0.6368262662783419,0.3837903938990026,0.916193269860939,0.11244807059782976,0.1733379693987462,0.0,0.6171854933884922,0.6399219753939027,0.4491977693298894,1.0,0.0,0.4043600133794721,0.6486887738954812,0.37761175792270274,0.7421229324789194,0.5646627041842351,0.32068870366942637,0.6708802567263622,1.0,0.3450771737422831,0.8159647026612766,0.0,1.0,0.40960752349936586,0.486471059414826,0.012736109434121599,0.0,0.6682460896040682,0.710025982032481,0.4295504426746068,0.3839904885894932,1.0
gex_possorted_bam_SJSO3:GAGAAACGTTCACCATx-M1,0.0,0.0,0.492077239128495,0.0,0.0,0.0,0.8428518308022578,0.0,1.0,0.0,1.0,0.4769351513841028,0.26834059255007114,1.0,0.0,1.0,1.0,0.17757645529604332,0.6473866503070098,0.0,0.0,0.0,0.0,0.0,1.0,0.07102462349644778,1.0,0.010111815383853815,0.0263779040618079,0.0,0.13855076315070425,0.07716384385094253,0.0,0.0,1.0,0.0,1.0,0.0,0.0,1.0,0.0,1.0,1.0,1.0,0.0,0.0,1.0,1.0,0.0,0.0,0.19619379464941827,0.0,0.0
gex_possorted_bam_SJSO3:GAGAGGCGTTCCGCACx-M1,0.0,0.8061751529803235,1.0,0.1337373900337039,0.0,0.3957706663135963,1.0,0.03497431347433484,1.0,0.43627259801592877,1.0,1.0,0.5667825049645643,1.0,0.19958105367225276,1.0,1.0,0.5610369572306128,0.8387849402073663,0.0,0.0,0.0,0.0,0.0,1.0,0.13286828777526916,1.0,0.5183256237025803,0.2434185354696937,0.17433278091453794,1.0,0.0,0.0,0.16311918172636308,1.0,0.0,1.0,0.0,0.0238971101822964,1.0,0.17154380824298576,1.0,1.0,1.0,0.0,0.04098077424890124,1.0,1.0,0.32502846872596847,0.1213329071124806,0.3996910996923328,0.1267564698917528,0.0
gex_possorted_bam_SJSO3:GAGCAAATCCGCAACAx-M1,0.0,0.23453599651022294,1.0,0.01611640213458839,0.0,0.0,1.0,0.0,1.0,0.0,1.0,1.0,0.25057321093791374,1.0,0.0,1.0,1.0,0.08926635630540504,0.8466352108057201,0.0,0.0,0.0,0.0,0.0,1.0,0.08237811578157134,1.0,0.40488414395037003,0.0,0.008598215847132485,0.9735386635005361,0.0,0.0,0.0406182840114242,1.0,0.0,1.0,0.0,0.0,1.0,0.0,1.0,1.0,1.0,0.0,0.0,1.0,1.0,0.08255952807985617,0.0,0.28145669944528284,0.013587006578896247,0.0
gex_possorted_bam_SJSO3:GAGCTTAGTAGGTTGCx-M1,0.0037974468517601788,0.0,0.0,0.0,0.0,0.0,0.0,0.0,0.0,0.0,0.9273431766073689,0.0,0.0,0.0,0.0,0.021768046678557428,0.8450248434461641,0.966594075282574,0.0,0.2080410907503823,0.31926689333708713,0.39271109589743675,0.05755056636000836,0.4580965385768365,0.0,0.0,0.5675894818876767,0.0,0.0,0.0,0.0,0.0,0.030659094021237683,0.0,0.48965480905979103,0.0,0.0,0.0,0.0,0.17305073832492224,0.0,0.1464820975922445,0.0,0.0,0.0,0.0,0.0,0.7566636300085465,0.0,0.0,0.0,0.0,0.29269072902860666
gex_possorted_bam_SJSO3:GAGCGATAGCGCAATTx-M1,0.0,0.5138690231429315,0.46361027583407766,0.0,0.0,0.0,0.7818020389742907,0.14239010676402977,0.0,0.34868499477961273,0.0,0.6943281927711852,0.0,0.0,0.3733886861162446,0.23847058130645432,0.32936873294438473,0.0,0.0,1.0,0.23648529279832634,0.22198479847712285,0.04512049215040342,0.44350640130374247,0.0,0.0,0.3263902169639404,0.051512649852275105,0.05118753554043355,0.0,1.0,0.0,0.0706306925047105,0.18620594107616245,0.6423269999867175,0.15333722137210762,0.3622508081427111,0.0,0.2047652845865377,0.826076826184407,0.12753465404180334,0.6735068254678712,0.0,0.0,0.0,0.024069520189428754,0.0,0.07285649249633425,0.07412568467625592,0.02501571416901613,0.0,0.0,0.42265683572895846
gex_possorted_bam_SJSO3:GAGATAAGTCATGCCCx-M1,0.0,0.04877539612839833,1.0,0.010174081391654342,0.0,0.32857793561297055,1.0,0.5837717401505798,0.2568724694333224,0.33569643536204413,0.5357316635014371,0.4657806963255247,0.0,1.0,0.15642537130312015,0.0,1.0,1.0,0.0,1.0,0.5100399487837587,0.3757487737438099,0.10601131524163686,0.44708541948404257,0.0,0.0,0.43017665845435116,0.5370401116064946,0.0,0.0,0.0,0.17739193380559143,0.23463372656446863,0.0,0.5518739099160201,0.15241865381277758,0.007268970550011433,0.07737334034458085,0.2791893187943912,0.2747067511927994,1.0,0.19439372830483542,0.0,0.0,0.41214317554746643,0.0,0.6929455874480593,0.46806949778965157,0.0,0.1662788525003103,0.0,0.0,1.0
gex_possorted_bam_SJSO3:GAGCTAGCATGCATATx-M1,0.0,1.0,1.0,0.3760434668564575,0.0,0.0,1.0,0.2922528067526641,1.0,0.0,0.586475289942111,0.6534196686067882,1.0,1.0,0.0,1.0,0.44897395335367607,0.1803402344592036,1.0,0.0,0.0,0.0,0.0,0.0,1.0,0.43994706673866957,1.0,0.29411739005408083,1.0,0.6516607989377852,1.0,0.6199858420115797,0.0,0.4960289999070168,1.0,0.04083712252027419,1.0,0.0,0.0,1.0,0.2431234929849898,1.0,1.0,1.0,0.0,0.24015375342672948,1.0,1.0,0.5541748215092493,0.23427102343396788,1.0,0.39525162906567984,0.0
gex_possorted_bam_SJSO3:GACTCACCAGCTTAGCx-M1,0.0,0.0,0.4549140073796175,0.0,0.0,0.0,0.865582712294272,0.0,1.0,0.0,1.0,0.39532521998374304,0.3197439502293746,1.0,0.0,1.0,1.0,0.2533536797006016,0.626298330449084,0.0,0.0,0.0,0.0,0.0,1.0,0.05965665317860232,1.0,0.02650253100250267,0.0,0.0,0.23657339580503334,0.0,0.0,0.0,1.0,0.0,1.0,0.0,0.0,1.0,0.0,1.0,1.0,1.0,0.0,0.0,1.0,1.0,0.0,0.0,0.18996931100930742,0.0,0.0
gex_possorted_bam_SJSO3:GAGCTAGCAATGAATGx-M1,0.0,0.0,0.0,0.0,0.0005046533377578786,0.0,0.0,0.0,0.0,0.0,0.6306727022155123,0.0,0.0,0.0,0.0,0.0,0.7718483543886476,0.7040152360271974,0.0,1.0,0.4068897106080977,0.5209043489931616,0.06879350752269958,0.5623867513876969,0.0,0.0,0.40019552791691904,0.0,0.0,0.0,0.0,0.0,0.08325976450042813,0.0,0.30115432713364865,0.0,0.0,0.0,0.0,0.08480814057336815,0.0,0.12438957397088429,0.0,0.0,0.02212737631650979,0.0,0.0,0.297514510454317,0.0,0.0,0.0,0.0,0.447388836259731
gex_possorted_bam_SJSO3:GACTTACAGCCTAATAx-M1,0.07577002033074955,0.0,0.0,0.0,0.3433370890113124,0.37319023874531865,0.0,0.03778500101723091,0.0,0.0,1.0,0.0,0.0,0.0,0.01265966715782563,0.0,0.9136952286201654,1.0,0.0,1.0,0.6635717654723493,0.8120800166724117,0.2311176617665034,0.6337452915206306,0.0,0.0,0.3876122121871582,0.0,0.0,0.07196294776230643,0.0,0.09463018298075401,0.17717641390001995,0.0,0.20243623776726571,0.005985740430748548,0.0,0.051889417117621135,0.003053209221635597,0.0,0.0,0.0,0.0,0.0,0.22234665010800128,0.0070694214108311835,0.0,0.3674837776995696,0.0,0.04293483508673306,0.0,0.023074666286226026,1.0
gex_possorted_bam_SJSO3:GAGAACCAGTGTTGTAx-M1,0.00744406586932451,0.0,0.5804640983659685,0.0,0.27503475019468593,0.28748224836503833,0.0,0.02955324547540978,0.0,0.20555772242374534,0.5369670954932259,0.0,0.0,0.0,0.16584092377394993,0.0,0.5971595441878701,0.32661982120609473,0.0,1.0,0.634335584340094,0.7489376033385744,0.1320258909851894,0.7132129774279147,0.0,0.0,0.32213272613308275,0.0,0.0,0.0,1.0,0.019616472290783022,0.1577169047639055,0.0,0.2532960100185825,0.12157414934705912,0.0,0.0,0.09145210641489207,0.4218991133048896,0.0,0.0,0.0,0.0,0.13675668535762875,0.05967399608068265,0.0,0.0,0.023863037229057395,0.12271236240216324,0.0,0.005904197046539654,1.0
gex_possorted_bam_SJSO3:GAGCAAATCATTGTCTx-M1,0.05084999298672047,0.0,0.0,0.0,0.4084914894168286,0.2588332089697336,0.0,0.0,0.0,0.0,1.0,0.0,0.0,0.0,0.0,0.0,0.956691245081699,1.0,0.0,1.0,0.6369674511504961,0.7618652715033227,0.15602749702155347,0.6769357145021178,0.0,0.0,0.46651150636248184,0.0,0.0,0.0,0.0,0.17013355084755621,0.16243117134156176,0.0,0.22789767312738676,0.0,0.0,0.030460340056532347,0.0,0.0,0.0,0.0,0.0,0.0,0.08089918163096864,0.0,0.0,0.30604607353625024,0.0,0.0,0.0,0.0,0.9562595090280269
gex_possorted_bam_SJSO3:GACTTACAGTGACCTGx-M1,0.0,1.0,1.0,0.21438394491540078,0.0,0.766382958330351,1.0,0.0,1.0,0.39257948803663284,1.0,1.0,0.6332819978229396,1.0,0.06450756831278015,1.0,1.0,1.0,1.0,0.0,0.0,0.0,0.0,0.0,1.0,0.2284447257204469,1.0,0.624603732610842,0.08086316338888794,0.3122246899445016,1.0,0.0,0.0,0.1480870637703998,1.0,0.0,1.0,0.0,0.0,1.0,0.29995748592098753,1.0,1.0,1.0,0.0,0.0,1.0,1.0,0.3884966325374842,0.0,0.4949273270660356,0.1774812357904462,0.0
gex_possorted_bam_SJSO3:GAGAACCAGCTGGACCx-M1,0.28189506566061384,0.0,0.2240294914782823,0.1724742268927114,0.6331411832999118,1.0,0.0,0.14730151846011108,0.0,0.24205049493657663,1.0,0.0,0.0,0.0,0.2646039382016944,0.0,1.0,1.0,0.09339123678368844,1.0,0.9878953372807203,1.0,0.3768720830555073,0.9129459723255053,0.0,0.08009479625689123,0.2693583456798049,0.1199353455014388,0.0,0.34570489309797436,0.7339698963008796,0.3309842629027337,0.3811610871870177,0.08290011209753319,0.1868073575010737,0.2880747622701736,0.0,0.19181044994932336,0.2600808198091995,0.16849051798857176,0.0,0.0,0.0,0.33844576839248236,0.3937157542252235,0.25508697433696587,0.0,0.19113252094776267,0.18905460832401969,0.35991209106194494,0.012869639912357934,0.23215113131570833,1.0
gex_possorted_bam_SJSO3:GAGCAAATCATGGTTAx-M1,0.0,0.2714484328042023,0.4023726434322123,0.0,0.0,0.0,0.5213079091295503,0.0514589941511234,0.0,0.1830920071124182,0.0,0.46366831550321336,0.0,0.0,0.16542400688491826,0.31902175498456886,0.34212053507829204,0.0,0.0,0.9706731903194871,0.08213266124176656,0.05940562076480779,0.0,0.27633114894424227,0.0,0.0,0.5759359508633718,0.0,0.0,0.0,0.6993256107203096,0.0,0.0,0.10088267451315885,0.8019904344289662,0.04162672246152915,0.4829623823515246,0.0,0.05394364545331193,0.888416820930508,0.03313412022581326,0.6159981394688332,0.0,0.0,0.0,0.0,0.0,0.4453028654153953,0.0,0.0,0.0,0.0,0.3736941757888255
gex_possorted_bam_SJSO3:GACTTGGTCGTCATTTx-M1,0.41654205321052984,0.3740533304274911,0.8564482865348468,0.3596425503265449,1.0,1.0,0.0,0.2799583397386406,0.0,0.9308092031411862,1.0,0.0,0.2581360534265916,0.0,0.5387611604311608,0.3731085760929692,1.0,1.0,0.09060040481164179,1.0,1.0,1.0,0.6123534617983142,0.9723273716512967,0.0016446476915694165,0.2797644535808788,0.13888182386442402,0.4657753374443818,0.20519552861938758,0.6909220764333777,1.0,0.4864320337375981,0.5322570938941322,0.20157273550266253,0.1743200769225236,0.555344025589872,0.0,0.25481343694859027,0.46010878200689553,0.4243256099058412,0.14200640041856477,0.0,0.3350030108793143,1.0,0.7088374594653369,0.4520553927556944,0.3565343015705394,0.0,0.5475709021462544,0.9131513458841873,0.22960066844186544,0.47130726227748615,1.0
gex_possorted_bam_SJSO3:GAGATAAGTGCCTCACx-M1,0.07893254595801165,0.0,0.0,0.0,0.10964194840855991,0.5246170569062012,0.0,0.0,0.0,0.0,1.0,0.0,0.0,0.0,0.0,0.0,1.0,1.0,0.031074240136663153,0.8047669436204852,0.5619721905581103,0.7689483551122083,0.14766215592804555,0.6880562144793309,0.0,0.0,0.45286260244452975,0.0,0.0,0.050288013127586455,0.0,0.13076146062131208,0.10829613924003491,0.0,0.3085894300553438,0.0027014894486101265,0.0,0.10744464828508918,0.0,0.002093318965642184,0.0,0.0,0.0,0.0,0.0903548545868851,0.004724458363658537,0.0,0.3923149362256175,0.0,0.0,0.0,0.04087485510733786,0.8510736515877805
gex_possorted_bam_SJSO3:GAGCCACTCCTAATGAx-M1,0.1898161883047643,0.0,0.0,0.06502325374563715,0.6107312219465345,0.8712233060511355,0.0,0.0,0.0,0.0,1.0,0.0,0.0,0.0,0.04137257389018036,0.0,1.0,1.0,0.08257897689741589,1.0,0.9055316899634244,1.0,0.3472036876125611,0.8329051654032461,0.0,0.0,0.3226933108200731,0.0,0.0,0.29992618012475636,0.02128481923936688,0.04049833063492596,0.28030852368345904,0.0,0.164095718659085,0.12414581682018104,0.0,0.1395151157797991,0.06684729552023289,0.0,0.0,0.0,0.0,0.0,0.2170918520152264,0.1055875849609525,0.0,0.30605670730315193,0.00659627819287914,0.1732607495545399,0.0,0.12369379753362508,1.0
gex_possorted_bam_SJSO3:GAGCGAAGTTGTAAACx-M1,0.0,0.0,0.15441520845182968,0.0,0.0,0.0,0.0,0.02744879846973587,0.0,0.0,0.0,0.0,0.0,0.0,0.06934019296263674,0.0,0.2961888319346147,0.0,0.0,1.0,0.22647648632141765,0.24671001144072643,0.013438534223351646,0.4131771832238728,0.0,0.0,0.5681919211039703,0.0,0.0,0.0,0.0,0.0,0.05157223875544777,0.04708401371803013,0.5676985825923562,0.0,0.1662433063902766,0.0,0.0,0.4097503072314968,0.08481422092226959,0.15084526255657466,0.0,0.0,0.0,0.0,0.0,0.1633533934182212,0.0,0.0,0.0,0.0,0.43279670491783745
gex_possorted_bam_SJSO3:GAGTGAGGTCAATACGx-M1,0.017443917223016633,0.0,0.0,0.0,0.18598998548395132,0.0,0.0,0.0,0.0,0.0,0.7126107504449933,0.0,0.0,0.0,0.0,0.0,0.7112368911228184,0.8293097295987278,0.0,0.8336613179043905,0.43320776497757846,0.5711401757325139,0.10332800410100926,0.5771907096794713,0.0,0.0,0.45394579282643455,0.0,0.0,0.0,0.0,0.0,0.08508932031645838,0.0,0.253434104760955,0.0,0.0,0.06048057627740621,0.0,0.0,0.0,0.0,0.0,0.0,0.0,0.0,0.0,0.2276742925036853,0.0,0.0,0.0,0.0,0.6255422243597007
gex_possorted_bam_SJSO3:GAGGCCTTCACACAGTx-M1,0.0,0.10947784045721035,0.4548888780946247,0.05637881961757259,0.0,0.0,1.0,0.0,1.0,0.0,1.0,0.9600264542832614,0.08785422466635232,1.0,0.0,1.0,1.0,0.0,0.6545776172507985,0.0,0.0,0.0,0.0,0.0,1.0,0.09860175467973253,1.0,0.06699078429823477,0.34787898264402645,0.0,0.0,0.0,0.0,0.07789061882954806,1.0,0.0,1.0,0.0,0.0,1.0,0.0,1.0,1.0,1.0,0.0,0.0,1.0,1.0,0.0,0.0,0.23675973526506938,0.011693310263687631,0.0
gex_possorted_bam_SJSO3:GAGGAGGCAAGTGTTTx-M1,0.0,0.0,0.0,0.0,0.0,0.0,0.1362991217706312,0.0,0.4487777217134554,0.0,1.0,0.08524001216956362,0.25422026235347883,1.0,0.0,1.0,0.8372836013990196,0.1964805125786585,0.6186685897205022,0.0,0.0,0.0,0.0,0.0,1.0,0.0,1.0,0.0,0.2893822196756598,0.0,0.0,0.06386250982317274,0.0,0.0,1.0,0.0,1.0,0.0,0.0,1.0,0.0,0.8875141331226082,0.6106222191981749,0.2991298353390987,0.0,0.0,0.859379895944382,1.0,0.0,0.0,0.38757279865847005,0.0,0.0
gex_possorted_bam_SJSO3:GAGTGAGGTCATGCAAx-M1,0.0097226244122096,0.0,0.12321876224076969,0.0,0.500442033212625,0.1400874130723725,0.0,0.0,0.0,0.0,0.6693771018059689,0.0,0.0,0.0,0.03454209959185998,0.0,0.7279873816555029,0.7177820873923566,0.0,1.0,0.5287029630563803,0.8225707762745658,0.14051404447010143,0.7447117184965588,0.0,0.0,0.2904792853725218,0.0,0.0,0.0,0.06731557880428525,0.21575353023286767,0.1299922552890954,0.0,0.10873617000093605,0.04708557624976839,0.0,0.0,0.017367432818372757,0.0,0.0,0.0,0.0,0.0,0.13646677426872852,0.0,0.0,0.08309004904735723,0.0,0.10875475324462351,0.0,0.0,0.9849901672028195
gex_possorted_bam_SJSO3:GAGGTACAGCCGCAACx-M1,0.02479555577742724,0.06366145951487308,0.8420086558332429,0.022661779967943805,0.25460741398479964,0.3299759375835318,0.1889368090063463,0.10662342929631802,0.0,0.39302489026384574,0.4158901924812768,0.0,0.0,0.0,0.332151463460027,0.0,0.6202891262504518,0.14391320074094555,0.0,1.0,0.6531706173884165,0.7067159268947824,0.14855484592326085,0.6511966754425798,0.0,0.0,0.33073062774566053,0.07181642541556553,0.0,0.003160613911562478,1.0,0.0,0.19870406490038897,0.04720153682690512,0.3332078770003936,0.19867258434329024,0.06518332353529185,0.003998957782100729,0.15600607105158806,0.5319804392093026,0.0,0.0,0.0,0.212235264563106,0.1884651719349681,0.11348709448087628,0.0,0.0,0.08512601474941134,0.2682750724475747,0.0,0.03071784101392336,1.0
gex_possorted_bam_SJSO3:GAGTAATAGTGAACCTx-M1,0.0,0.0,0.23277870623485844,0.0,0.09821970081959104,0.0,0.0,0.014544444508939651,0.0,0.0,0.5284052154973172,0.0,0.0,0.0,0.043790289752164244,0.0,0.8268313556203561,0.5827686589726384,0.0,1.0,0.4901109653921722,0.5450170861806991,0.044159323833331765,0.6305372258227205,0.0,0.0,0.41986203385294457,0.0,0.0,0.0,0.012076413163397064,0.0,0.1126743939822099,0.0,0.2934895564797213,0.0,0.008419881613829849,0.0,0.04154916659595349,0.11347490148407097,0.005832531544752587,0.1184199601581244,0.0,0.0,0.04407749767345164,0.0,0.0,0.22288975380331352,0.0,0.0,0.0,0.0,0.6552930163805168
gex_possorted_bam_SJSO3:GAGTGATCAAGGTGGCx-M1,0.0,0.0,0.489887747867899,0.0,0.0,0.0,0.9504763845249725,0.0,1.0,0.0,1.0,0.4840136234457275,0.26014415009913366,1.0,0.0,1.0,1.0,0.16655324084504816,0.5605343956751858,0.0,0.0,0.0,0.0,0.0,1.0,0.009879327584058116,1.0,0.09684186135108598,0.17600995715420364,0.0,0.11188028540938472,0.0,0.0,0.0,1.0,0.0,1.0,0.0,0.0,1.0,0.0,1.0,1.0,1.0,0.0,0.0,0.9573583788008968,1.0,0.0,0.0,0.22544141736171067,0.0,0.0
gex_possorted_bam_SJSO3:GAGGTACAGAAGGTGCx-M1,0.0,0.4018712440625917,0.519962742899712,0.0,0.0,0.0,1.0,0.0,0.20996851507332293,0.0,1.0,1.0,0.0,1.0,0.0,1.0,1.0,1.0,1.0,0.0,0.0,0.0,0.0,0.0,0.7109903780628037,0.0,1.0,0.024950157857160392,0.0,0.0,0.0,0.0,0.0,0.0,1.0,0.0,1.0,0.0,0.0,1.0,0.25485272253970426,1.0,0.4588572700153125,0.5750670241494596,0.0,0.0,0.45950510474146367,1.0,0.0,0.0,0.0,0.0,0.0
gex_possorted_bam_SJSO3:GAGTAATAGAAAGGAAx-M1,0.0,0.10088093524835713,1.0,0.0831207667366495,0.652391882360747,0.7264431184090755,1.0,0.37090578003358654,1.0,0.14840222701849162,1.0,0.0,0.30249635786879353,0.4599796443323751,0.0,0.4136009405502335,1.0,1.0,0.5003786555824737,1.0,0.2736075929499901,0.28408214480509,0.008369490531927943,0.0,0.7595714442866379,0.07487639000892295,1.0,0.0,0.3006591589162825,0.0,0.4729184913489884,0.6008031108341836,0.0,0.043341334661091274,1.0,0.0,0.8077005374965397,0.0,0.10929447076972545,1.0,0.8636267470777553,0.7099177553400966,0.43707637484074396,1.0,0.0,0.14416579204924418,1.0,1.0,0.18474713529358155,0.12452232238350298,0.006691380597437846,0.0,1.0
gex_possorted_bam_SJSO3:GAGGCTTGTCATAACGx-M1,0.0,0.0,0.07618623873490261,0.0,0.0,0.005939904726853517,0.13874962116621797,0.0,0.23654326110161977,0.0,1.0,0.04967002184496379,0.0,0.9931337444734134,0.0,1.0,1.0,1.0,0.7624994778190091,0.0,0.0,0.0,0.0,0.0,0.5595328343781898,0.0,1.0,0.0,0.0,0.0,0.0,0.0,0.0,0.0,1.0,0.0,1.0,0.0,0.0,0.842936707910527,0.0,1.0,0.44730015569174986,0.2497130307428713,0.0,0.0,0.5523130427009056,1.0,0.0,0.0,0.0,0.0,0.0
gex_possorted_bam_SJSO3:GAGCTTAGTTCCGGGAx-M1,0.027760296155730772,0.0,0.0,0.0,0.0,0.0,0.0,0.0,0.006596737724821749,0.0,0.7786482593779422,0.0,0.0,0.0,0.0,0.0,0.6886563022513034,0.47994265576875544,0.0,0.28605938634680983,0.2156388313487844,0.27932462839585237,0.07543549277424963,0.3941564777742481,0.0,0.0,0.7013572066460506,0.0,0.0,0.0,0.0,0.05048658559106066,0.035962236554914144,0.0,0.550884449278239,0.0,0.21451227806412895,0.013457049957808392,0.0,0.3698897284748611,0.028526695415511984,0.29245360014715943,0.0,0.0,0.0,0.025763473708206027,0.0,0.7491091919519078,0.0,0.0,0.0,0.0,0.3277357567559272
gex_possorted_bam_SJSO3:GAGTAATAGTTTGTCTx-M1,0.1504584929726425,0.3822676649767464,1.0,0.20936496404149652,1.0,1.0,1.0,0.6271935936273225,0.7611827918220303,0.5397616912357857,1.0,0.0,0.49415166975795966,0.0,0.16876519322935624,0.09353553220593482,1.0,1.0,0.2746911004023551,1.0,0.965976831089943,0.9296287140629211,0.33737443929225686,0.37880320772038584,0.3563586484698179,0.2035577546498244,0.759027119906042,0.20566970498437595,0.5714651170316493,0.0,0.748843901964654,0.7936162942407747,0.3379894745327831,0.21972627989126364,0.5532663407263565,0.262430823108586,0.10967669448960317,0.12357317717986148,0.43283156159656705,0.615638502053519,1.0,0.1296270411087748,0.11464189905613363,1.0,0.20528443749158834,0.3403781462870368,0.9563387773904631,0.27798618830429084,0.37864370841785167,0.5586619122306796,0.0,0.09251466856293344,1.0
gex_possorted_bam_SJSO3:GAGGAGGCATGAATCTx-M1,0.006409859000301882,0.0,0.0,0.0,0.18734744918750007,0.13599689743011467,0.0,0.0,0.0,0.0,0.9244912349069772,0.0,0.0,0.0,0.0,0.0,0.7488498553878579,0.9866179350466989,0.0,0.9103894656132518,0.44885873536608445,0.6888816312511263,0.11875814746410666,0.6148061114502821,0.0,0.0,0.38731226215155146,0.0,0.0,0.0,0.0,0.13813372890218908,0.08823517756087401,0.0,0.22142112328835523,0.0,0.0,0.03817478650940105,0.0,0.023571904631359667,0.0,0.0,0.0,0.0,0.03813986342164373,0.0,0.0,0.17295660389790815,0.0,0.0,0.0,0.0,0.7682907448676511
gex_possorted_bam_SJSO3:GAGGTAGGTTTGCTGTx-M1,0.0,0.0,0.0,0.0,0.0,0.0,0.640398963489175,0.08846884000553498,1.0,0.0,1.0,0.0873761671724919,0.2471118356586396,1.0,0.0,1.0,1.0,1.0,1.0,0.0,0.0,0.0,0.0,0.0,1.0,0.06292908199855926,1.0,0.0,0.2870774845138332,0.0,0.0,0.0,0.0,0.0,1.0,0.0,1.0,0.0,0.0,0.8693722576283643,0.0,1.0,0.5799619090092121,0.0,0.0,0.0,1.0,1.0,0.0,0.0,0.575464070110507,0.0,0.0
gex_possorted_bam_SJSO3:GAGCTTAGTTTCGCGCx-M1,0.0,1.0,1.0,0.3959158371015451,0.0,1.0,1.0,0.005858919509032479,1.0,0.33499282856442275,1.0,1.0,1.0,1.0,0.0,1.0,1.0,1.0,1.0,0.0,0.0,0.0,0.0,0.0,1.0,0.5918612498363575,1.0,1.0,0.580468776110617,0.6930928751156407,1.0,0.0,0.0,0.2916646474364453,1.0,0.0,1.0,0.0,0.0,1.0,0.0,1.0,1.0,1.0,0.0,0.21570614490166315,1.0,1.0,0.5962658561984556,0.014356221639845353,0.7724891356827056,0.45586618373407867,0.0
gex_possorted_bam_SJSO3:GAGCTTGTCTCACTATx-M1,0.0,0.0,0.0,0.0,0.0,0.0,0.2950921196428227,0.0,0.8260869285785308,0.0,1.0,0.1543989733264173,0.0,1.0,0.0,1.0,0.9248253603861658,0.22133341231657525,0.39932180418362856,0.0,0.0,0.0,0.0,0.0,0.8036662861271826,0.0,1.0,0.0,0.09587928317229674,0.0,0.0,0.0,0.0,0.0,1.0,0.0,1.0,0.0,0.0,0.9340278289927201,0.0,1.0,0.5215696343762959,0.031707813582101056,0.0,0.0,0.7081954929782639,1.0,0.0,0.0,0.05364436436794917,0.0,0.0
gex_possorted_bam_SJSO3:GAGTAACCAATTTGGTx-M1,0.10495251715447111,0.0,0.0,0.0,0.37439895195384315,0.6275036608953019,0.0,0.0,0.0,0.0,1.0,0.0,0.0,0.0,0.0384540039332229,0.0,1.0,1.0,0.0,1.0,0.8426411314322767,0.918258965300634,0.23417029123622013,0.8197142269628402,0.0,0.0,0.32598236280808607,0.0,0.0,0.1583838419477015,0.32972883208916703,0.09702754359365656,0.2173420087140786,0.0,0.21100261246198765,0.0824988320278635,0.0,0.07920285219786903,0.05456840333513972,0.056210057791114855,0.0,0.0,0.0,0.0,0.1462606813950703,0.0626059926068058,0.0,0.10003147765668292,0.0,0.08105428453687577,0.0,0.058944452801485726,1.0
gex_possorted_bam_SJSO3:GAGGTTAAGGTTTGCGx-M1,0.0,0.2789296597384551,1.0,0.041875567272595254,0.0,0.0,1.0,0.0,1.0,0.013467812739443133,1.0,0.920181663310727,0.6250677677459896,1.0,0.0,1.0,1.0,0.15921095817506245,1.0,0.0,0.0,0.0,0.0,0.0,1.0,0.13877774468834775,1.0,0.5626544185041219,0.0,0.10973138886801062,1.0,0.0,0.0,0.08557281325559382,1.0,0.0,1.0,0.0,0.0,1.0,0.0,1.0,1.0,1.0,0.0,0.0,1.0,1.0,0.16726314540909643,0.0,0.3733753709617509,0.0825222354262472,0.0
gex_possorted_bam_SJSO3:GAGTAACCAGCTTACAx-M1,0.015463492522194122,0.07711359286683495,0.0,0.04098696462625048,0.16663548641281214,0.14961645648597183,0.0,0.0,0.0,0.0,1.0,0.04561369631218113,0.0,1.0,0.0,0.4685329259143862,1.0,0.9297177276452817,0.08110777613617882,0.19844485322134095,0.6224494661956507,0.13814097434386743,0.05087768346992019,0.37460246186930457,0.004553874921354815,0.0,0.8977510293105523,0.06447207679326879,0.0,0.0,0.21623230717376832,0.019041773957234387,0.012859757390560304,0.0,0.9284865419058076,0.0,0.4064920251610079,0.0,0.2933417937713866,1.0,0.0,0.2975166287311726,0.02851192941500668,0.053426410127778184,0.0,0.029867785664796816,0.5216331206341044,1.0,0.0,0.08617664060977256,0.0,0.035209948493405606,0.7521655244782893
gex_possorted_bam_SJSO3:GAGTCAAAGACTATTGx-M1,0.0,0.0,0.21659087957568823,0.0,0.0,0.0,0.5953201886307318,0.0,0.7359281388635083,0.0,1.0,0.629843515506138,0.024720488524636982,1.0,0.0,1.0,1.0,1.0,1.0,0.0,0.0,0.0,0.0,0.0,1.0,0.028602649976883773,1.0,0.0,0.0,0.0,0.0,0.0,0.0,0.0,1.0,0.0,1.0,0.0,0.0,1.0,0.0,1.0,1.0,1.0,0.0,0.0,1.0,1.0,0.0,0.0,0.1273377926404471,0.005800910901570792,0.0
gex_possorted_bam_SJSO3:GAGTAACCAAACTGTTx-M1,0.10764330894731215,0.0,0.0,0.0,0.290271039369528,0.7692230644879079,0.0,0.0,0.0,0.0,1.0,0.0,0.0,0.0,0.0,0.0,1.0,1.0,0.18391384578464556,0.9168663639736867,0.7858145062040848,0.9133159634730346,0.1833118512733243,0.771785264379427,0.0,0.0,0.3491197655207583,0.0,0.0,0.09350369898583852,0.0,0.08535114768763583,0.17162054228431942,0.0,0.2117569867419566,0.0002965494266570036,0.0,0.12273283339183372,0.0,0.0,0.0,0.0,0.0,0.0,0.13750841670615296,0.0,0.0,0.3385448344037418,0.0,0.0,0.0,0.053393737544430414,0.8491131278153284
gex_possorted_bam_SJSO3:GAGTCATTCCGGCTAAx-M1,0.0,0.0,0.0,0.0,0.0,0.0,0.3134723334050209,0.0,0.6982415383416024,0.0,0.7601049539313462,0.31956222402164924,0.0,1.0,0.0,1.0,0.8524088267319198,0.2103431466649536,0.3107663471532578,0.0,0.0,0.0,0.0,0.0,0.6364879138625966,0.0,1.0,0.0,0.013827550261999659,0.0,0.0,0.0,0.0,0.0,1.0,0.0,1.0,0.0,0.0,0.8164784034801635,0.005062844528621876,1.0,0.3365006192220239,0.0,0.0,0.0,0.47139835429121796,1.0,0.0,0.0,0.12481299736290531,0.0,0.0
gex_possorted_bam_SJSO3:GAGTAATAGCACTTGGx-M1,0.4266957947857585,1.0,0.8707389320006799,0.4782926966546787,0.30991942268104683,0.8218550203534214,1.0,0.7077855959026241,0.41517871804309536,1.0,0.0,1.0,0.45825295378701175,0.16763889432489193,0.8807467955138972,0.46392945520601114,0.12472123022185569,0.0,0.0,1.0,0.7849365746819755,0.7266167996234073,0.4909502704910878,0.9537369677193731,0.12173688572189481,0.3086003277476461,0.0,0.9651217879284669,0.7081151116614339,0.49105424843267786,1.0,0.12062790968126962,0.5714378060052647,0.769808681986154,0.28032456893461044,0.8070994372472545,0.5784086846216229,0.45293571055341736,0.7512449913797129,1.0,0.5140611040762291,0.7760677072516429,0.15490487876786085,0.916305130209985,0.5940654060799715,0.5787861402413319,0.19367254752086377,0.0,0.705363232728741,0.7180888091018955,0.5178236470810895,0.49722274461390575,1.0
gex_possorted_bam_SJSO3:GAGTAATAGGACGTAAx-M1,0.0,0.4723161469454019,0.9700414736973099,0.0,0.0,0.3030786050147076,1.0,0.0,0.5538101009485585,0.0,1.0,1.0,0.0,1.0,0.0,1.0,1.0,1.0,1.0,0.0,0.0,0.0,0.0,0.0,1.0,0.03785411288619301,1.0,0.0,0.0,0.0,0.277168835608175,0.0,0.0,0.0,1.0,0.0,1.0,0.0,0.0,1.0,0.11986974633728584,1.0,0.8409343569835723,1.0,0.0,0.0,0.990276306060616,1.0,0.0,0.0,0.0,0.0,0.0
gex_possorted_bam_SJSO3:GAGGACTAGTAGCTTAx-M1,0.02340818754104079,0.0506134831589952,1.0,0.021759321101047495,0.6284806279093329,0.8255426905114245,0.7776997073687473,0.3021387424074324,0.21610849031290155,0.25424101860660125,1.0,0.0,0.012228434625608778,0.011184138324077258,0.1131752014917323,0.0,1.0,1.0,0.0,1.0,0.7962264575895929,0.7692933930255116,0.15225272107778198,0.5485336563726662,0.0,0.0,0.5587978734152136,0.14944249662451833,0.0,0.0,0.43985808997524084,0.43463735191789515,0.23465559380132386,0.0,0.4029864328880515,0.12384434412228199,0.0,0.008205156308590514,0.21498759454222685,0.418069054582177,0.6054126783198136,0.0,0.0,1.0,0.23457838490862826,0.05722623649241495,0.3715131428718253,0.2297837167823949,0.10598887927186453,0.258228599807888,0.0,0.0,1.0
gex_possorted_bam_SJSO3:GAGGCCTTCAAGCTTAx-M1,0.0,0.0,0.0,0.0,0.1285711780391771,0.0,0.0,0.0,0.0,0.0,0.6174924093900839,0.0,0.0,0.0,0.0,0.0,0.615252306016129,0.5300472432311388,0.0,0.9000832740767951,0.4108758094326498,0.5438619846100391,0.09051408967220224,0.5542486815133942,0.0,0.0,0.4462359556146911,0.0,0.0,0.0,0.0,0.03404494846870074,0.07285041960328702,0.0,0.3139969599300269,0.0,0.0,0.00019867187228013084,0.0,0.022515192932698033,0.0,0.0,0.0,0.0,0.0,0.0,0.0,0.28647792070871847,0.0,0.0,0.0,0.0,0.6499728379894668
gex_possorted_bam_SJSO3:GAGGAGGCAGAATGACx-M1,0.0,0.0220946004011265,0.08441629681157008,0.014133931435124201,0.0,0.0,0.929270634565609,0.0,1.0,0.0,1.0,0.7144660502682514,0.40795356000133576,1.0,0.0,1.0,0.9709752797552784,0.0,0.6650580403267484,0.0,0.0,0.0,0.0,0.0,1.0,0.08142323444408812,1.0,0.07110257836974698,0.22095116258593514,0.0,0.0,0.023621510768912196,0.0,0.0,1.0,0.0,1.0,0.0,0.0,1.0,0.0,1.0,1.0,1.0,0.0,0.0,1.0,1.0,0.0,0.0,0.3675855061781775,0.006749012531808219,0.0
gex_possorted_bam_SJSO3:GAGTAACCAATCCCTTx-M1,0.0,0.4330474467571177,0.03207887716987279,0.0,0.0,0.0,0.5450943084904425,0.13256234894016616,0.0,0.2330217149964905,0.0,0.70470641202949,0.0,0.0,0.33139429789362757,0.09606672968911611,0.21963940944515023,0.0,0.0,1.0,0.242953275874908,0.24127325158960242,0.05559964368843238,0.510073980655675,0.0,0.0,0.35050095862399777,0.0,0.02175389732016504,0.0,0.7374886173990777,0.0,0.06718609405494146,0.1649872480351652,0.6333621112260028,0.14543988436452399,0.2450327694993491,0.0,0.18283627889430212,0.6690590509126803,0.051764566125451314,0.6428771304443345,0.0,0.0,0.0,0.008369990927676837,0.0,0.03749934882946848,0.04693676236174936,0.0,0.0,0.0,0.49059687195940116
gex_possorted_bam_SJSO3:GAGGGAGCAACCCTAAx-M1,0.0,0.0,0.0,0.0,0.0,0.0,0.4408819487395428,0.04040604337032835,1.0,0.0,0.9865425371357759,0.28505612434329625,0.08977005049454811,1.0,0.0,1.0,1.0,0.7143167071706332,0.8489612789491299,0.0,0.0,0.0,0.0,0.0,1.0,0.025097234989048426,1.0,0.0,0.16144070181353104,0.0,0.0,0.0,0.0,0.0,1.0,0.0,1.0,0.0,0.0,0.8322762877313203,0.0,1.0,0.5515326952413231,0.0,0.0,0.0,0.889534688596753,1.0,0.0,0.0,0.44263261917495506,0.0,0.0
gex_possorted_bam_SJSO3:GAGTAATAGCAACAAGx-M1,0.1021007437640195,0.0,0.0,0.0,0.38209336167518393,0.4028932540104064,0.0,0.0,0.0,0.0,1.0,0.0,0.0,0.0,0.0,0.0,0.9813690866758413,1.0,0.0,0.8884017252481534,0.601191369843045,0.8370840766026849,0.19974170489667722,0.6936283841027352,0.0,0.0,0.4127766799641554,0.0,0.0,0.10281389484079514,0.0,0.03764827268451069,0.1425802755762664,0.0,0.1914697595169051,0.027791806682225233,0.0,0.05193862603897106,0.0,0.0,0.0,0.0,0.0,0.0,0.19212817440360186,0.0,0.0,0.3490470576703721,0.0,0.0,0.0,0.047756545210416404,0.959786013166465
gex_possorted_bam_SJSO3:GAGGTGAGTATTTGGGx-M1,0.0,0.0,0.0,0.0,0.0,0.0,0.555815326860285,0.0,0.991797748887835,0.0,1.0,0.36132458609529455,0.043517524053214886,1.0,0.0,1.0,1.0,0.937824911507308,0.9391967531454382,0.0,0.0,0.0,0.0,0.0,1.0,0.018584126730674073,1.0,0.0,0.06289496836549426,0.0,0.0,0.0,0.0,0.0,1.0,0.0,1.0,0.0,0.0,1.0,0.0,1.0,0.8604387804492599,0.4034414566250099,0.0,0.0,0.9343588777872684,1.0,0.0,0.0,0.23167617638338772,0.0,0.0
gex_possorted_bam_SJSO3:GAGTAACCAGGTTACCx-M1,0.4240834069033606,0.11129398487198103,0.0,0.2429757511843846,0.8431252700398559,1.0,0.0,0.16643927123862842,0.0,0.3207764721326446,1.0,0.0,0.0,0.0,0.41386320587304387,0.048548891215163134,1.0,1.0,0.5978311481706532,1.0,1.0,1.0,0.4956717226150997,1.0,0.0,0.1176465444784572,0.10944706134704237,0.32035022732486756,0.24064911310383963,0.48649469574676146,0.8249135828366797,0.3600003148233796,0.4518412657258675,0.1413474151041698,0.11230167910587033,0.44491304383972236,0.0,0.29628605944766356,0.3779046529257358,0.03890309549490759,0.0,0.0,0.0,0.0,0.5922384395870882,0.30942692010964634,0.0,0.07055973012665388,0.2411287071099303,0.36668053126497757,0.0,0.41597609307802424,1.0
gex_possorted_bam_SJSO3:GAGGCAAGTGTAATACx-M1,0.0,0.05494473965971782,0.9520558472663848,0.0,0.0,0.0,1.0,0.0,1.0,0.0,0.7998720103865898,1.0,0.34423672511303377,1.0,0.0,1.0,0.8625450212474226,0.0,0.3783840320274804,0.0,0.0,0.0,0.0,0.0,1.0,0.04602910652289105,1.0,0.1015407906957328,0.07697867083038369,0.0,0.5716976347630645,0.0,0.0,0.0,1.0,0.0,1.0,0.0,0.0,1.0,0.0,1.0,1.0,1.0,0.0,0.0,1.0,1.0,0.03832661800293985,0.0,0.3277260203829915,0.0,0.0
gex_possorted_bam_SJSO3:GAGGCTACATCGTTCTx-M1,0.0,0.41651057352726933,0.2718534005326859,0.0,0.0,0.0,0.5937530708444481,0.08959208407892731,0.0,0.19568342693750326,0.0,0.7290570904032394,0.0,0.0,0.28010942373186754,0.02329186581830643,0.15636921646714708,0.0,0.0,1.0,0.10235130373086775,0.17857060715544457,0.0,0.4283634343103681,0.0,0.0,0.3307717377136246,0.0,0.0,0.0,0.7794956687105241,0.0,0.011403339999056543,0.15612944641663068,0.5500661566057372,0.06749539155122669,0.2165835707247551,0.0,0.14824593699868238,0.7064066806854228,0.059264528573877935,0.5463780434357319,0.0,0.0,0.0,0.0,0.0,0.0,0.0,0.0,0.0,0.0,0.2445283218791375
gex_possorted_bam_SJSO3:GAGGCCTTCACGCCAAx-M1,0.0,0.4769325631426278,1.0,0.10595519521266504,0.0,0.2672066211510917,1.0,0.05356123828550222,1.0,0.36485322960274924,1.0,0.49369540049148175,0.6401768519490914,1.0,0.030809326408901088,1.0,1.0,0.7057279836940836,0.663843102875994,0.0,0.0,0.0,0.0,0.0,1.0,0.17750225290286975,1.0,0.4875811067735138,0.1577291335097015,0.21164395440661846,1.0,0.0,0.0,0.09317608547728295,1.0,0.0,1.0,0.0,0.0,1.0,0.035639312571131294,1.0,1.0,1.0,0.0,0.08579032706985973,1.0,1.0,0.31520896491442235,0.1673152331251641,0.33842403286061074,0.14265015190734562,0.32458082331268384
gex_possorted_bam_SJSO3:GAGTAACCATTGTCAGx-M1,0.03863023435957721,0.0,1.0,0.016250882662731655,0.8141092997323934,0.8296003181000787,0.5335506873909893,0.2421427716793183,0.22483474574936813,0.0726566067462011,1.0,0.0,0.0,0.0,0.011354927730881237,0.0,1.0,1.0,0.0,1.0,0.8305203463787446,0.8379171226276235,0.1581212903737297,0.4990108786277446,0.0,0.010032605887005457,0.6879615172211776,0.0,0.0,0.0,0.16179014525681473,0.5840490561322942,0.22475582124165316,0.0,0.38979381748225306,0.055073220888347256,0.0,0.01504865585875687,0.15824667889866703,0.2790315511846426,0.5919170593346144,0.0,0.0,1.0,0.11998420846851375,0.06892266490435635,0.48104498539501644,0.3238263882011493,0.059121335292215374,0.2140330528846763,0.0,0.0,1.0
gex_possorted_bam_SJSO3:GAGGCAAGTGGATGTCx-M1,0.03018480746453309,0.0,0.0,0.0,0.23440595835055753,0.08515518901966203,0.0,0.0,0.0,0.0,0.928729940364677,0.0,0.0,0.0,0.0,0.0,0.7887010175904499,0.9559791290906369,0.0,0.8671151457615432,0.5199258824584835,0.6816994253820586,0.11663369449964474,0.6569173917511688,0.0,0.0,0.44000910004141724,0.0,0.0,0.0,0.0,0.15125237935757582,0.09432384813861737,0.0,0.2741692419932447,0.0,0.0,0.029097481349691336,0.0,0.0,0.0,0.0,0.0,0.0,0.034145948129479284,0.0,0.0,0.25951593908908477,0.0,0.0,0.0,0.0,0.7128147960575169
gex_possorted_bam_SJSO3:GAGGCTACAACTAGGGx-M1,0.0,0.0732099973198363,0.9026753270340261,0.002827985870521865,0.0,0.0,1.0,0.0,1.0,0.0,1.0,0.8817482791244944,0.5515623666120631,1.0,0.0,1.0,1.0,0.0,0.6474621621226528,0.0,0.0,0.0,0.0,0.0,1.0,0.1171018281685349,1.0,0.11153453968845096,0.33822099348686235,0.0,0.6583383017590175,0.0,0.0,0.0,1.0,0.0,1.0,0.0,0.0,1.0,0.0,1.0,1.0,1.0,0.0,0.0,1.0,1.0,0.09063871499859585,0.0,0.40352380212468386,0.07402085812555963,0.0
gex_possorted_bam_SJSO3:GAGTATCTCCCTCTAAx-M1,0.0,0.0,0.0,0.0,0.00959472473709777,0.0,0.0,0.0,0.0,0.0,0.49869443578155204,0.0,0.0,0.0,0.004878268054240037,0.0,0.520951397161995,0.277223529221922,0.0,0.8631276271411803,0.3500937917778645,0.480738017650182,0.06016203476925001,0.5254014723605966,0.0,0.0,0.4386476409955548,0.0,0.0,0.0,0.020800898261818194,0.0,0.04690836855157314,0.0,0.39446827326633604,0.0,0.0,0.0,0.0,0.27799295158659465,0.0,0.0003989800425510871,0.0,0.0,0.0,0.0,0.0,0.23991874688823664,0.0,0.0,0.0,0.0,0.5688482450957414
gex_possorted_bam_SJSO3:GATAGACCAAGGACCAx-M1,0.0,0.0,0.0,0.0,0.01830126002908311,0.0,0.0,0.0,0.0,0.0,0.7510452834279376,0.0,0.0,0.0,0.0,0.0,0.7437694244804055,0.7248969348615844,0.0,0.517213142626901,0.33393498831824786,0.42830569000912605,0.059421200945664575,0.4706383356872618,0.0,0.0,0.5965354557952461,0.0,0.0,0.0,0.0,0.07006829459225022,0.0503245008823894,0.0,0.4715791163289721,0.0,0.0,0.01039611755758949,0.0,0.06861610744208095,0.0,0.137569498103687,0.0,0.0,0.0,0.0,0.0,0.627736558066294,0.0,0.0,0.0,0.0,0.526294591170513
gex_possorted_bam_SJSO3:GATCGCTCAGGCCATTx-M1,0.051993761494756034,0.0,0.0,0.0,0.31089117002755784,0.3383788182191448,0.0,0.0,0.0,0.0,1.0,0.0,0.0,0.0,0.0,0.0,1.0,1.0,0.0,1.0,0.636988680070853,0.7420400202680292,0.1766049580937045,0.6759672974544607,0.0,0.0,0.46907082460027144,0.0,0.0,0.02998110020330766,0.0,0.0,0.14938177846419198,0.0,0.20324370210082052,0.0,0.0,0.027782944517398003,0.0,0.0,0.0,0.0,0.0,0.0,0.08164515892691844,0.0,0.0,0.35827262501587087,0.0,0.013771735328578212,0.0,0.0,0.8507132797921195
gex_possorted_bam_SJSO3:GAGTTTGGTTATTGCCx-M1,0.0,0.0,0.2757703558381226,0.0,0.0,0.0,0.9436052208882859,0.0,1.0,0.0,1.0,0.5716754357736883,0.10934970116670471,1.0,0.0,1.0,1.0,0.11658832280088129,0.6759501322554445,0.0,0.0,0.0,0.0,0.0,1.0,0.020386425420912298,1.0,0.05776462710375095,0.25295249559633043,0.0,0.0,0.0,0.0,0.009033635702120324,1.0,0.0,1.0,0.0,0.0,1.0,0.0,1.0,1.0,1.0,0.0,0.0,1.0,1.0,0.0,0.0,0.25469231628261835,0.0,0.0
gex_possorted_bam_SJSO3:GATCACTAGAAGGTGCx-M1,0.15873864316263303,0.3579976019675925,1.0,0.24522921303756498,1.0,1.0,1.0,0.5521663702684981,0.6209390347728843,0.539216178454775,1.0,0.0,0.2269349385804911,0.0,0.09525239840063161,0.0,1.0,1.0,0.42768519650147213,1.0,1.0,1.0,0.37199703304853754,0.5189407481431814,0.21678723084234053,0.1699133245228079,0.678866318635449,0.14828682419172629,0.48175937494153814,0.07765629614092591,0.8771769391191865,0.7319789355320726,0.3598664440638971,0.14680768173639874,0.3921147360242757,0.2989846565044695,0.0,0.16180331984495142,0.4921524497386194,0.5035701826067603,1.0,0.0,0.13393545133143583,1.0,0.26330503206227973,0.37221208189339605,0.7999245709529397,0.0,0.39231365787201916,0.5462886348620267,0.0,0.17363762491243365,1.0
gex_possorted_bam_SJSO3:GATCAAGAGGGTTAGAx-M1,0.13606314513924264,0.0,0.0,0.0,0.4820490685276345,0.7199470169854876,0.0,0.0,0.0,0.0,1.0,0.0,0.0,0.0,0.12373040234333788,0.0,1.0,1.0,0.0,1.0,0.8617205252480568,0.9857669268766036,0.26400452002698527,0.7879798427287066,0.0,0.0,0.34582358610795894,0.0,0.0,0.17626260883971484,0.3611512324040482,0.1496739618468423,0.22319474720054494,0.0,0.20798073053325442,0.11226164377451121,0.0,0.07047063042037016,0.05258171447973739,0.0,0.0,0.0,0.0,0.0,0.22531794969658733,0.08859974687438918,0.0,0.0,0.0,0.04174459535837344,0.0,0.09497981051685396,1.0
gex_possorted_bam_SJSO3:GATAAAGGTGTCACGGx-M1,0.0,0.1559576554459597,0.3571041815868852,0.0,0.0,0.0,0.2833533240313849,0.036691936280582024,0.0,0.04629312939047929,0.0,0.22711631768290877,0.0,0.0,0.12928177073269612,0.08267945338082984,0.32364532365461063,0.0,0.0,1.0,0.0,0.17526707973526817,0.0,0.3635059764592623,0.0,0.0,0.3873362853913447,0.0,0.0,0.0,0.4789040181417005,0.0,0.0,0.10724549329971189,0.505246480836186,0.0,0.2648178169739295,0.0,0.05289025534520036,0.5946103569373699,0.04817118368581896,0.3936723505968409,0.0,0.0,0.0,0.0,0.0,0.11635017449689847,0.0,0.0,0.0,0.0,0.24872355011394764
gex_possorted_bam_SJSO3:GATGCGACACCTGGTGx-M1,0.08724243835152008,1.0,1.0,0.2878402384215165,0.3054013684097645,0.866076278273059,1.0,0.4993670602254108,0.2976470047994448,1.0,0.0,0.6389746602561663,0.12264670784847587,0.0,0.7965370852660615,0.6532621125222571,0.4653393082961145,0.0,0.0,1.0,0.5643278689573025,0.6123913007453269,0.2583388337805347,0.8776244413865104,0.0,0.0513289713761603,0.0026855563855456926,0.7191002242483769,0.3569528025442724,0.29871547088198797,1.0,0.0,0.3492891877759759,0.5115784653127902,0.3315059829576099,0.6017598061527342,0.4595103300309418,0.15634634097507374,0.6257333388038704,1.0,0.38945059642873914,0.7835049160902408,0.0,1.0,0.4346234999688419,0.40041478404331887,0.0,0.0,0.5663915681520729,0.7523807963087132,0.24128787254345227,0.22755063605764045,1.0
gex_possorted_bam_SJSO3:GAGTGTTTCCTTAATCx-M1,0.0,0.0,0.01662815599531422,0.0,0.0,0.0,0.697588081811332,0.0,0.7574993529680151,0.0,0.9329059652272745,0.4116537764058483,0.03973443407305375,1.0,0.0,1.0,1.0,0.4189338700946156,0.614003242190453,0.0,0.0,0.0,0.0,0.0,1.0,0.03415540829302391,1.0,0.0,0.0,0.0,0.0,0.0,0.0,0.0,1.0,0.0,1.0,0.0,0.0,0.9955862902936874,0.0,1.0,0.8310011309462064,0.43248831964851925,0.0,0.0,0.9371158769682452,1.0,0.0,0.0,0.21282662924998164,0.0,0.0
gex_possorted_bam_SJSO3:GATAAAGGTAAGGTCCx-M1,0.0841644397916397,0.0,0.0,0.0,0.3214787039939528,0.5087233315938746,0.0,0.0,0.0,0.0,1.0,0.0,0.0,0.0,0.0,0.0,1.0,1.0,0.0,1.0,0.6914277599141427,0.8596654407503159,0.18030759377327443,0.7530640176167726,0.0,0.0,0.37733679478584864,0.0,0.0,0.033264105631653045,0.0,0.18216982252403088,0.15812897029101,0.0,0.19016788570413218,0.0,0.0,0.06530389326415979,0.0,0.0,0.0,0.0,0.0,0.0,0.12096712120932851,0.0,0.0,0.32753547235265446,0.0,0.0,0.0,0.020416702637152954,0.9271721522771111
gex_possorted_bam_SJSO3:GATGCAGCAGCAGGTAx-M1,0.03310006108702408,0.0,0.073496081583114,0.0,0.4301556618174815,0.041803654255895654,0.0,0.0,0.0,0.0,0.6336921762044652,0.0,0.0,0.0,0.0,0.0,0.5940067197298542,0.6500601736606291,0.0,1.0,0.554441911677403,0.7301834729924005,0.17111085444455493,0.7163718037178113,0.0,0.0,0.4103410543652696,0.0,0.0,0.0,0.0,0.14934101115170031,0.1576507719018477,0.0,0.21923452962255313,0.012568545446727006,0.0,0.0788305586550018,0.00266649281935576,0.014142552841824385,0.0,0.0,0.0,0.0,0.07971755131448331,0.0,0.0,0.2069747462621415,0.0,0.004635920667290649,0.0,0.0,0.9022830111096755
gex_possorted_bam_SJSO3:GAGTTGCGTTAGAGCCx-M1,0.21840450433272285,0.4754456941897033,0.959938995917375,0.3424333177441901,1.0,1.0,1.0,0.8781737474421497,0.9702435340343971,0.35446753197448155,1.0,0.0,0.4591448638079301,0.011825331481630662,0.022202751833548074,0.0,1.0,1.0,0.4684126028690721,1.0,0.8744073623884931,0.8604051533069069,0.38439869516297126,0.3272405527234853,0.4262200289188162,0.31524837087756397,0.8358135424591395,0.042943094625981754,1.0,0.0,0.4037134116525369,0.6501983025438297,0.3833108380473494,0.2774306104428071,0.446345976220262,0.25728091467860376,0.0,0.1920203340931828,0.5298472048224699,0.39174914138589034,1.0,0.0,0.07507662418979195,1.0,0.1322543255398372,0.4836721095165238,0.8119640410879344,0.07420088945106146,0.37438690950379166,0.4088616261547312,0.0,0.15188267979493064,1.0
gex_possorted_bam_SJSO3:GATCGCTCACGAACAGx-M1,0.05796449469573121,0.0,0.0,0.0,0.16318716997149654,0.0,0.0,0.0,0.0,0.0,0.8393180508385771,0.0,0.0,0.0,0.0,0.0,0.7338425961511966,0.8592733468170644,0.0,0.43359969514810526,0.4093567818262266,0.5425692048335825,0.13418063279027453,0.5501198412869681,0.0,0.0,0.47010702488876344,0.0,0.0,0.0,0.0,0.05678305318141224,0.10395288648093655,0.0,0.3765797236428232,0.0,0.0,0.08791589158827115,0.0,0.018535040341103946,0.0,0.0,0.0,0.0,0.0,0.0,0.0,0.5365144604979303,0.0,0.0,0.0,0.0,0.5236349363598711
gex_possorted_bam_SJSO3:GATGACTTCTTCAATCx-M1,0.0,0.0,0.0,0.0,0.22497769332881395,0.0,0.0,0.0,0.0,0.0,0.6431108161921159,0.0,0.0,0.0,0.0,0.0,0.660513773610255,0.6664179157588543,0.0,0.9962885839320734,0.4461565723457241,0.579659462915548,0.08771059816123118,0.5877773564992828,0.0,0.0,0.5076985077882201,0.0,0.0,0.0,0.0,0.12369650120773588,0.0692361947735979,0.0,0.24775100925644566,0.0,0.0,0.0,0.0,0.04602366455209202,0.0,0.0,0.0,0.0,0.0,0.0,0.0,0.41058059701687905,0.0,0.0,0.0,0.0,0.6349144668730315
gex_possorted_bam_SJSO3:GATGACTTCAAACACCx-M1,0.1500619032966881,0.0,0.2063232578335807,0.023359274183240245,0.4687632179733441,0.27022335985106266,0.0,0.24154625616130712,0.0,0.0,0.6559642817364425,0.0,0.0,0.0,0.01297020447306314,0.0,0.9520386190286113,0.9981990146301424,0.0,1.0,0.7683328837098363,0.6784271379978163,0.22840695471970524,0.627361818303254,0.0,0.036034975614419415,0.543849748142837,0.04327167816644956,0.0,0.0,0.0,0.32993167627456405,0.2820743233152947,0.0,0.24948193928959078,0.08111623767182136,0.0,0.08276580873577133,0.08228718624594235,0.00011614292109854626,0.3371131302242223,0.0,0.0,0.0,0.20900001008055213,0.03787140537139086,0.034849787414603414,0.3854011498045344,0.0,0.1758891424606107,0.0,0.0,1.0
gex_possorted_bam_SJSO3:GATCGAGCAAGGTGGCx-M1,0.0,0.8547708690544851,0.9789857208056882,0.047937223372372065,0.0,0.15826258361095757,1.0,0.28988916991040387,0.0,0.7900955458836826,0.0,0.8578135093497002,0.0,0.0,0.564347029278684,0.23967602929252854,0.325147526438489,0.0,0.0,1.0,0.38605136461758316,0.39179585766843517,0.12398717226173886,0.5408506037735372,0.0,0.0,0.16356139766015312,0.29666480022578734,0.045231168716895497,0.0,1.0,0.0,0.1504301184660663,0.296434138109687,0.5317310159825287,0.32767070983356056,0.3496212501087226,0.0,0.3305044299945573,1.0,0.20173068801326402,0.6023837697893868,0.0,0.4358745699257862,0.030114275292326517,0.15758795816313054,0.0,0.0,0.2580266838848315,0.3480630178565617,0.11490187062725739,0.0,0.9425642224332267
gex_possorted_bam_SJSO3:GATAAGCCAGTTTACGx-M1,0.005783679249652545,0.0,0.0,0.0,0.1242595632248251,0.15249604726350344,0.0,0.0,0.0,0.0,0.8130625452720115,0.0,0.0,0.0,0.011147858598383329,0.0,0.9982637279807164,0.982600997822468,0.0,1.0,0.49592963306264426,0.5503374826759605,0.11555305531355903,0.5485683676939456,0.0,0.0,0.45693800666341255,0.0,0.0,0.0,0.0,0.0,0.11029609565680436,0.0,0.2979913381345066,0.0,0.0,0.010021805983247355,0.0,0.05107475977854421,0.0,0.19180383854514074,0.0,0.0,0.017807891249633872,0.0,0.0,0.48120640090750305,0.0,0.0,0.0,0.0,0.4957989433869688
gex_possorted_bam_SJSO3:GATCCGTCAAGTGTCCx-M1,0.4135622742940755,0.22056255313212136,0.576972350366953,0.290013280489217,0.9601991770921948,1.0,0.0,0.2819422235983315,0.0,0.588800371373251,1.0,0.0,0.2602600320915612,0.0,0.48382774427649683,0.044025084603633746,1.0,1.0,0.19243219543113932,1.0,1.0,1.0,0.5319482990043213,1.0,0.0,0.2867963907971889,0.24555774881830753,0.3139250809723484,0.07973212226331483,0.5005183101334508,0.8285624306163512,0.6296950669440032,0.5350503817806194,0.2421861152702848,0.17755209101231909,0.4440007719129696,0.0,0.30137967511835473,0.40307612536013354,0.198344759964367,0.3580005310348682,0.0,0.12383821146772783,0.5606352749862595,0.5797598011305174,0.3959349899031164,0.1905104069993769,0.17594935287535426,0.37328450103905947,0.6648640829997432,0.10788374034194184,0.3654338164995685,1.0
gex_possorted_bam_SJSO3:GATAAGCCACGGTACTx-M1,0.04802319754689801,0.43219405294962776,1.0,0.12335321611472008,0.27131544548889497,0.5522826202870327,1.0,0.14191054168307762,0.4813938537520693,0.4913682808433924,0.9216356389532676,0.0,0.4730567484070782,0.3855713493115562,0.2626166245645064,1.0,1.0,0.43426725942409883,0.13325551232638075,1.0,0.3541970289208509,0.16132461044195767,0.1330828099397337,0.16214355097563524,0.6450333696837602,0.12933783129877213,0.981103035754386,0.42992023268286184,0.1833143072313639,0.14186985757696366,1.0,0.1483666101329489,0.1274730127643464,0.1587348399006446,1.0,0.13467062610080924,1.0,0.002809893719973213,0.15041159127228354,1.0,0.2624552150283318,1.0,0.5472707467570661,1.0,0.1745016262308888,0.16257144629507436,0.852686224626676,1.0,0.300427848506272,0.4114524192908686,0.1505390532183009,0.15269248578955621,0.9750443080201563
gex_possorted_bam_SJSO3:GATAACGAGTTTCCGCx-M1,0.042900913884570395,0.38838918324606464,1.0,0.16388987935206162,0.2619992385924094,1.0,1.0,0.943075666745533,0.7018309189576617,0.8587014643380401,0.9148842029347435,0.7450596518368086,0.1689686332067672,1.0,0.30730172134810685,0.12237908624928416,1.0,1.0,0.5528664760680971,1.0,0.7114022619507492,0.4914429409502453,0.27061708843793314,0.3762524496980697,0.0568015714653434,0.05102003455021209,0.48809548684297016,0.9727356025504776,0.5753803273365897,0.0,0.0,0.342616496598496,0.34125887221273465,0.0,0.6894680697648616,0.36403767505972756,0.0433339284850212,0.2249495205504273,0.5195835769745314,0.48989553185803475,1.0,0.3921011196267963,0.06129326298655125,1.0,0.6660833801838798,0.003635642473769085,1.0,0.47487786550922845,0.1279562276100874,0.5816699423248257,0.0,0.0,1.0
gex_possorted_bam_SJSO3:GATAACGAGTTGCCTCx-M1,0.08375610530211224,0.0,0.0,0.0,0.28519353973798683,0.30745990033551174,0.0,0.0,0.0,0.0,1.0,0.0,0.0,0.0,0.0,0.0,0.9946838911202247,1.0,0.0,1.0,0.5931737227907661,0.7812274841917599,0.2138855337931535,0.7103667811565151,0.0,0.0,0.419002447332395,0.0,0.0,0.04429152647673973,0.0,0.1319605108729802,0.16881109298836228,0.0,0.2220404329784142,0.0,0.0,0.03180397202393653,0.0,0.0,0.0,0.0,0.0,0.0,0.016724814153623434,0.0007085834430833707,0.0,0.28521399905165457,0.0,0.0,0.0,0.0,1.0
gex_possorted_bam_SJSO3:GATAAGCCAAGGATTAx-M1,0.051369506858177226,0.0,0.0,0.0,0.2520628009744963,0.0,0.0,0.0509152153719179,0.0,0.0,0.7895973361825087,0.0,0.0,0.04424922527379121,0.032643882107628995,0.0968123222130381,0.9080697735338141,0.8939610968587759,0.0,0.5656528533644314,0.4244812781372406,0.42162331823501237,0.15228146732519224,0.3041930116259983,0.0,0.0,0.5892026593547004,0.0,0.0,0.0,0.0,0.23939329548607258,0.0808916390764826,0.0,0.47254546759812,0.0,0.21821645489882094,0.0464703151461958,0.0,0.22908667968758648,0.06006505655708634,0.3112986501858492,0.0,0.0,0.03199488599535368,0.0,0.0,0.7141436597253827,0.0,0.0,0.0,0.0,0.36802748476612224
gex_possorted_bam_SJSO3:GATAAAGGTGCATTAGx-M1,0.0,0.0,0.0,0.0,0.14354283857015826,0.0,0.0,0.0,0.0,0.0,0.640361213886027,0.0,0.0,0.0,0.008624934357377963,0.0,0.6687746019320517,0.5384629469771519,0.0,1.0,0.39489330908792375,0.611275381519398,0.07920889548964169,0.5875032139039478,0.0,0.0,0.4369724352561064,0.0,0.0,0.0,0.0,0.0870889191005164,0.10049680075482863,0.0,0.27620922084092675,0.0,0.0,0.0,0.0,0.07621875408335467,0.0,0.0,0.0,0.0,0.02563164913484025,0.0,0.0,0.23665570330987967,0.0,0.0,0.0,0.0,0.80369070467257
gex_possorted_bam_SJSO3:GATAATCGTTTACCGTx-M1,0.0,0.04673753069726371,0.15174960464243462,0.0,0.0,0.0,0.0,0.0,0.0,0.0,1.0,0.0,0.4841656106039081,1.0,0.0,1.0,0.6352045484561669,0.23652884103649563,0.722333448970206,0.0,0.0,0.0,0.0,0.0,0.953275557503013,0.0,1.0,0.0,0.845900549204129,0.0,0.0,0.2888238146517678,0.0,0.09325633335422387,1.0,0.0,0.8292200094438011,0.0,0.0,1.0,0.2229984032389079,0.0,0.30030095610428265,0.0,0.0,0.0,0.8585786132029354,0.7955208583589247,0.0,0.0,0.525551180774624,0.0,0.0
gex_possorted_bam_SJSO3:GATCACTAGACAGGCGx-M1,0.0,0.0,0.7235719755097612,0.047980746942662515,0.0,0.0,1.0,0.0,1.0,0.0,0.9382384851346468,0.8054548737352253,0.36191136746377206,1.0,0.0,1.0,0.9440671488537139,0.0,0.6113375563491791,0.0,0.0,0.0,0.0,0.0,1.0,0.11949520828163784,1.0,0.2778787825435715,0.03414288992506316,0.0,0.37898628607404317,0.04802860020575108,0.0,0.0,1.0,0.0,1.0,0.0,0.0,1.0,0.0,1.0,1.0,1.0,0.0,0.0,1.0,1.0,0.0,0.0,0.21016657123219892,0.016195019343539507,0.0
gex_possorted_bam_SJSO3:GATAATCGTTGCACAAx-M1,0.10837806351379536,0.0,0.0,0.0,0.3332491542284865,0.7168751400893657,0.0,0.0,0.0,0.0,1.0,0.0,0.0,0.0,0.0,0.0,1.0,1.0,0.07225254771948052,0.9941391853919409,0.805724967402002,0.877562678705188,0.2081781792202418,0.7378799397399458,0.0,0.0,0.3851798257482869,0.0,0.0,0.09119791332430614,0.0,0.09518410657822046,0.18019513508337479,0.0,0.2567913621817966,0.011777730779293075,0.0,0.10675818494106641,0.0036661902719481152,0.0,0.0,0.0,0.0,0.0,0.1135116500891362,0.010958325691854573,0.0,0.3414793602253746,0.0,0.0,0.0,0.05307560619014522,0.8340218653803754
gex_possorted_bam_SJSO3:GATCAGGCAATCCCTTx-M1,0.13342746175884862,0.0,0.0,0.018770437656782032,0.6844006780541633,0.8245670280160838,0.0,0.0,0.0,0.022900725257732943,1.0,0.0,0.0,0.0,0.034613623081546224,0.0,1.0,1.0,0.0,1.0,0.8760636981482072,1.0,0.3014574473316279,0.7788224654797862,0.0,0.0,0.39075323010786767,0.0,0.0,0.2846985400638053,0.0,0.11090037361669194,0.2633572217246513,0.0,0.14794447130110167,0.04800984883343,0.0,0.07920959375356548,0.05471738126382826,0.0,0.0,0.0,0.0,0.0,0.23334918227747756,0.0390332871341298,0.0,0.3033943271455572,0.0,0.24383429255838532,0.0,0.05778490287276774,1.0
gex_possorted_bam_SJSO3:GATCAAGAGCGAGCGAx-M1,0.0,0.2043115311998481,0.943608729559554,0.07555898679018826,0.0,0.24529918160002617,1.0,0.0,1.0,0.0,1.0,0.6377590980957907,0.5568345471479839,1.0,0.0,1.0,1.0,1.0,1.0,0.0,0.0,0.0,0.0,0.0,1.0,0.17865435809370894,1.0,0.19496478268823028,0.0,0.0,0.6390731182902466,0.0,0.0,0.10775654752854603,1.0,0.0,1.0,0.0,0.0,1.0,0.0,1.0,1.0,1.0,0.0,0.0,1.0,1.0,0.125356567643081,0.0,0.16604542305391462,0.08922706054079278,0.0
gex_possorted_bam_SJSO3:GATGCATTCCGCCTATx-M1,0.0,0.753440078745279,1.0,0.44968708572317334,0.0,0.0,1.0,0.27257907335932596,1.0,0.25825042148763466,0.8766206687056602,1.0,1.0,1.0,0.0,1.0,0.9393477105661748,0.04056394910018477,1.0,0.0,0.0,0.0,0.0,0.0,1.0,0.610734766081681,1.0,1.0,1.0,0.4113690163906834,1.0,0.0,0.0,0.4049396422389523,1.0,0.0,1.0,0.0,0.0,1.0,0.10284799116094948,1.0,1.0,1.0,0.0,0.24012740501835536,1.0,1.0,0.5762627248884954,0.1055740661898576,1.0,0.4523827469359388,0.0
gex_possorted_bam_SJSO3:GATCAGGCAAGGATTAx-M1,0.002842015974051423,0.0,0.0,0.0,0.1822039315955504,0.0,0.0,0.0,0.0,0.0,0.6821636082336003,0.0,0.0,0.0,0.0,0.0,0.7444212687906282,0.7193626592807569,0.0,1.0,0.6105402385852741,0.6376660514937744,0.13694010317682767,0.6004625254144116,0.0,0.0,0.4398238824535542,0.0,0.0,0.0,0.0,0.04020509124665248,0.13335143737687088,0.0,0.21564507340095174,0.0,0.0,0.01555110134367126,0.0,0.0,0.0,0.0,0.0,0.0,0.024848769181713116,0.0,0.0,0.2648055685891771,0.0,0.0,0.0,0.0,0.8345803166827359
gex_possorted_bam_SJSO3:GATCGCTCAGGATAACx-M1,0.0,0.23930193476342954,0.7838653973079047,0.0,0.0,0.0,0.7249875573626654,0.0,0.44597339157681676,0.0,1.0,0.0825058740433578,0.7798706850208785,1.0,0.0,1.0,0.8379514456902393,0.0,0.8074777372424262,0.0,0.0,0.0,0.0,0.0,1.0,0.017345900850627538,1.0,0.0,0.7217786316613446,0.0871618836238817,0.5764340683679766,0.08560920759794689,0.0,0.10619141974804551,1.0,0.0,1.0,0.0,0.0,1.0,0.09633416324305294,0.6628972194925565,1.0,1.0,0.0,0.0,1.0,1.0,0.05154856634577189,0.0,0.5731350804192313,0.009904880580208202,0.0
gex_possorted_bam_SJSO3:GATCGCTCAGGTTATTx-M1,0.18683900748343366,0.7380265647534505,1.0,0.22155317491126114,0.6094517373885796,0.7011306147020611,0.9323492924420915,0.3176433105732305,0.16557370158659904,0.8422710161931019,0.07847738710184882,0.12992548053295988,0.11614065819038019,0.0,0.6454697688312828,0.27534098102359966,0.5459932184628706,0.0,0.0,1.0,0.728289561227314,0.7432476313646212,0.3252458436410812,0.7707476107928015,0.0,0.076681127932935,0.17776682617847622,0.5008133566526181,0.3786026323265562,0.3030251746916519,1.0,0.02755652555396936,0.393005274642205,0.37964954802571055,0.39853081649725386,0.45483089075073896,0.35314193464255894,0.1643773300792938,0.5019897966864978,0.8386607884122584,0.4187030164636748,0.3155945893562824,0.0,1.0,0.39841119812721265,0.3182894073329898,0.0,0.0,0.4019820765897381,0.6097336695918781,0.09586237040752059,0.227392184582088,1.0
gex_possorted_bam_SJSO3:GATCAGTTCATTGCAAx-M1,0.0741325328620592,0.0,0.26455964324595743,0.0,0.7256673841217655,0.684978012070966,0.0,0.0,0.0,0.024953195463213555,1.0,0.0,0.0,0.0,0.038023127540502834,0.0,1.0,1.0,0.0,1.0,0.7958360280017113,0.8931028847847948,0.2358054652177902,0.6819508040393706,0.0,0.001273140364120118,0.41457679382298457,0.0,0.0,0.1391494370145958,0.0,0.2833539665268343,0.22263766111145886,0.0,0.15318476349649343,0.02239687401951752,0.0,0.03541915344231606,0.02232541828512837,0.0,0.04276732864317973,0.0,0.0,0.0,0.21266205354042353,0.0,0.0,0.28242926493415466,0.0,0.23377510781670657,0.0,0.007779379570957128,1.0
gex_possorted_bam_SJSO3:GATCCGTCACCCACCTx-M1,0.44810386565032695,1.0,1.0,0.5954749729803699,1.0,0.33836093924960076,0.04542399516609232,0.7715300385126888,0.8490328165239667,0.36765736959110096,0.0,0.2537665958674461,0.6573809430016326,1.0,0.10518550516072514,0.0,0.5466883874485488,0.8513080530633422,0.06349656460316375,1.0,1.0,0.5551427846977938,0.6097697875314732,0.5846047705503802,0.0,0.448138210463499,0.4601698547037429,1.0,1.0,0.061729016137029975,0.0,1.0,0.4970748506046853,0.13173111278706912,0.02871104661473194,0.4817198209245249,0.0,0.3486892252440756,0.5038459485557336,0.0,1.0,0.4012986721053099,0.3970367898962264,1.0,0.8209937315104653,0.540781241300637,1.0,0.0,0.5932784403214768,1.0,0.4089443935217383,0.2640966209195617,0.7292756664081391
gex_possorted_bam_SJSO3:GATAGACCAACACCTAx-M1,0.0,0.0,0.0,0.0,0.0,0.0,0.1479946764739885,0.0,0.656520266802764,0.0,1.0,0.19449855412072353,0.0,0.8502562955872055,0.0,0.9502394209758279,0.9692159968397892,0.34239797651175913,0.4029330499742362,0.0,0.0,0.0,0.0,0.0,0.567324080439631,0.0,1.0,0.0,0.05054356874587583,0.0,0.0,0.0,0.0,0.0,1.0,0.0,1.0,0.0,0.0,0.8073795420816222,0.0,1.0,0.28837422332287593,0.0,0.0,0.0,0.38074774809835454,1.0,0.0,0.0,0.044220916176549614,0.0,0.0
gex_possorted_bam_SJSO3:GATGCAGCACTTCATCx-M1,0.0,1.0,1.0,0.12524750110044172,0.0,0.6077171311664785,1.0,0.27314188494652153,0.06779018541009238,0.7315743954985474,0.43862201830667635,1.0,0.0,0.6555154372063179,0.57323664417135,1.0,1.0,0.33174461066869,0.0,1.0,0.2024607941300996,0.0,0.047166144693023306,0.30487268294981607,0.045438121527600954,0.0,0.5078811480483703,0.3981344457572661,0.0,0.05267735118196324,1.0,0.0,0.08267951300422971,0.2665401952678479,1.0,0.2483773292213397,0.7912865079754333,0.0,0.3598545242545593,1.0,0.40911540091651966,1.0,0.0,0.7997775231657857,0.1228790284783105,0.03315026887010615,0.012874285422994906,0.8645052943799059,0.26575773586118107,0.17209838857694315,0.0,0.0033828619144764915,0.14920521131391865
gex_possorted_bam_SJSO3:GATCCGTCAATTAACCx-M1,0.11192568475359088,0.0,0.0,0.05162113054299842,0.2568135516173556,0.2590100993089942,0.0,0.09677762995654718,0.0,0.045153603715926555,0.6947281796764037,0.0,0.0,0.0,0.10019918371991847,0.0,0.6520681550411982,0.621522764680379,0.0,1.0,0.7020415512792625,0.7055792932980721,0.1781709877376542,0.8140566778148363,0.0,0.0,0.3795748379876216,0.0,0.0023192628857865655,0.0,0.21985804773359258,0.14659008695860593,0.20416191475885323,0.10146448093047918,0.2772588121806626,0.12955192635997514,0.0,0.11102971446453536,0.10613789611607634,0.22165626064141364,0.0,0.0,0.0,0.0,0.12123005949177978,0.116130843949199,0.0,0.0,0.0,0.031293270364449365,0.0,0.06539954856333531,0.8932993373054707
gex_possorted_bam_SJSO3:GAGTTGCGTTAACACGx-M1,0.0,0.0,0.0,0.0,0.0,0.0,0.6545156648890531,0.0,1.0,0.0,1.0,0.22167293353724207,0.21984464109017676,1.0,0.0,1.0,1.0,0.9418886792225921,1.0,0.0,0.0,0.0,0.0,0.0,1.0,0.058264126091122706,1.0,0.0,0.21358655418755057,0.0,0.0,0.0,0.0,0.0,1.0,0.0,1.0,0.0,0.0,1.0,0.0,1.0,1.0,0.7945948350464286,0.0,0.0,1.0,1.0,0.0,0.0,0.15140801543201485,0.00876627617918958,0.0
gex_possorted_bam_SJSO3:GATTGGTTCAAGGACAx-M1,0.018231830821732638,0.0,0.0,0.0,0.13476950713633892,0.06489743698412942,0.0,0.0,0.0,0.0,0.8042408732419736,0.0,0.0,0.0,0.0,0.0,0.7559864983516861,0.8994202362372781,0.0,0.8495974013899604,0.4062412166620641,0.6274185939484282,0.14237512596366447,0.5214250629813874,0.0,0.0,0.44403588504122177,0.0,0.0,0.0,0.0,0.0,0.1007337483357381,0.0,0.23501465460158355,0.0,0.0,0.013773126909588618,0.0,0.0,0.0,0.0,0.0,0.0,0.06464726017813745,0.0,0.0,0.27996643200730653,0.0,0.0,0.0,0.0,0.8191762666487913
gex_possorted_bam_SJSO3:GATGCGACAGTGAACGx-M1,0.03381603365824794,0.0,0.0,0.0,0.27407388397120946,0.11131425207764652,0.0,0.0,0.0,0.0,1.0,0.0,0.0,0.0,0.0,0.0,0.9515283515115109,1.0,0.0,0.9482469806228297,0.5470941480067019,0.6649203746499165,0.146579765875776,0.6628107581615698,0.0,0.0,0.5166991661751755,0.0,0.0,0.0,0.0,0.31351936887142545,0.11270176178790768,0.0,0.266894398487964,0.0,0.0,0.04195125521258365,0.0,0.0,0.0,0.0,0.0,0.0,0.05071613993032757,0.0,0.0,0.42532004819112895,0.0,0.0,0.0,0.0,0.7924292232323424
gex_possorted_bam_SJSO3:GATTATGTCTTACTCGx-M1,0.0,0.0,0.22386865192922067,0.0,0.0,0.0,0.6955458298817065,0.0,1.0,0.0,1.0,0.307112327330763,0.25956688460890803,1.0,0.0,1.0,1.0,1.0,1.0,0.0,0.0,0.0,0.0,0.0,1.0,0.035298149973570066,1.0,0.0,0.0874852842459086,0.0,0.0,0.0,0.0,0.0,1.0,0.0,1.0,0.0,0.0,1.0,0.0,1.0,1.0,1.0,0.0,0.0,1.0,1.0,0.0,0.0,0.20156186991155475,0.0,0.0
gex_possorted_bam_SJSO3:GATTGGCGTACAAAGAx-M1,0.0,0.0,0.0,0.0,0.0,0.0,0.6884365242852432,0.0,1.0,0.0,1.0,0.6018395160960709,0.11115222129637403,1.0,0.0,1.0,1.0,0.3405797983955924,0.6883347470539417,0.0,0.0,0.0,0.0,0.0,1.0,0.0071578901996189,1.0,0.025442143326151495,0.02007021149008465,0.0,0.0,0.0,0.0,0.0,1.0,0.0,1.0,0.0,0.0,1.0,0.0,1.0,1.0,1.0,0.0,0.0,1.0,1.0,0.0,0.0,0.19764553480836886,0.0,0.0
gex_possorted_bam_SJSO3:GATTGGTTCCTCATCAx-M1,0.0,0.0,0.2318929873511014,0.0,0.0,0.0,0.5629287126085494,0.0,0.810231624275548,0.0,0.7765286706452323,0.6916646800933289,0.0,0.9565056185087635,0.0,1.0,0.8250714609876192,0.0,0.27417700787998833,0.0,0.0,0.0,0.0,0.0,0.7373880149503282,0.0,1.0,0.0,0.006656018879593768,0.0,0.0,0.0,0.0,0.0,1.0,0.0,1.0,0.0,0.0,1.0,0.048404194740578936,1.0,0.7118473245593727,0.6883609185868675,0.0,0.0,0.6843363711144539,1.0,0.0,0.0,0.18290322894334934,0.0,0.0
gex_possorted_bam_SJSO3:GATTGTTCAACCGCCAx-M1,0.0,0.0,1.0,0.0,0.6068327678013868,0.6620089575229692,1.0,0.40151501592174793,0.36176764960899505,0.05895742127562269,1.0,0.0,0.01303242861715561,0.16577907161220917,0.0,0.0,1.0,1.0,0.0,1.0,0.7585165380898319,0.6999847715894807,0.10952870241281606,0.4513308506081802,0.0,0.0,0.7296392418434557,0.06432395821241926,0.0,0.0,0.0,0.5417549940737205,0.18441758418750703,0.0,0.474550122889081,0.04417427133692672,0.0,0.0,0.16215183986843018,0.3451251641961723,0.8864268658457587,0.0,0.0,1.0,0.11858334874894254,0.014067347283753159,0.514178213652324,0.3884912436975059,0.013786734697366205,0.11258536710911372,0.0,0.0,1.0
gex_possorted_bam_SJSO3:GATTCATCACATGCTAx-M1,0.0,0.0,0.2191794485363557,0.0,0.0,0.0,0.7396242668069374,0.0,1.0,0.0,1.0,0.30199154574735376,0.13724609696835188,1.0,0.0,1.0,1.0,0.44044548280047946,0.6719866039094821,0.0,0.0,0.0,0.0,0.0,1.0,0.020968163004724146,1.0,0.010452401244266272,0.04562286084589791,0.0,0.03294783120653787,0.0,0.0,0.0,1.0,0.0,1.0,0.0,0.0,1.0,0.0,1.0,1.0,1.0,0.0,0.0,1.0,1.0,0.0,0.0,0.16694001415411477,0.0,0.0
gex_possorted_bam_SJSO3:GATGCTTAGGAACCAAx-M1,0.010776826583678907,1.0,1.0,0.719350701801459,0.0,0.0,1.0,0.48956636291311095,1.0,0.42384039865083406,0.4651258050094206,1.0,1.0,1.0,0.024024836915869582,1.0,0.45576428093934457,0.0,1.0,0.0,0.0,0.0,0.0,0.0,1.0,1.0,1.0,1.0,1.0,0.8054927578520095,1.0,0.05978319328197806,0.0,0.6017086318377476,1.0,0.1053660537485598,1.0,0.0,0.02013680626021136,1.0,0.10534938769493496,1.0,1.0,1.0,0.0,0.43433915254214445,1.0,1.0,0.9058702144393279,0.5226290455366843,1.0,0.77644606394,0.0
gex_possorted_bam_SJSO3:GATGCGACATATAACCx-M1,0.16889590899080503,0.0,0.0,0.0,0.4717529219125973,0.7223119618521631,0.0,0.0,0.0,0.0,1.0,0.0,0.0,0.0,0.0366941296825564,0.0,1.0,1.0,0.16543226649861323,1.0,0.8409040817122143,0.8454179280472874,0.2650718366090762,0.7434173980420705,0.0,0.0,0.41385097379262153,0.0,0.010861668902536498,0.12081490374855287,0.0,0.20682033591354018,0.19559307280002144,0.0,0.2957881053668001,0.10682068974445362,0.0,0.10863632913528311,0.04307999308976739,0.0,0.0,0.0,0.0,0.0,0.09479539395982692,0.037575110347021094,0.0,0.21688390728212803,0.0,0.016670466355776556,0.0,0.0790853764176813,0.741236156953958
gex_possorted_bam_SJSO3:GATTCGCCACCTCACCx-M1,0.0,0.0,0.0,0.0,0.0,0.0,0.0,0.0,0.0,0.0,0.26956477938402806,0.0,0.0,0.0,0.0,0.0,0.4495855911575303,0.0,0.0,0.9358988329152249,0.27859622399761597,0.36639702373501437,0.03656015262701053,0.5068195031236571,0.0,0.0,0.47500297388617424,0.0,0.0,0.0,0.0,0.0,0.04922274864656617,0.0,0.4063304734968287,0.0,0.0,0.0,0.0,0.1728682866338423,0.08287279282828686,0.013459768696128555,0.0,0.0,0.0,0.0,0.0,0.15502374062634608,0.0,0.0,0.0,0.0,0.4572700864066217
gex_possorted_bam_SJSO3:GATTATGTCTCACTCAx-M1,0.0,0.0,0.0,0.0,0.0,0.0,0.0,0.0,0.0,0.0,0.36534861579696076,0.0,0.0,0.0,0.0,0.0,0.43831773165043986,0.07591283492649616,0.0,0.596600003522967,0.21523876298127456,0.3023141844477042,0.03495098072480573,0.42762366053186524,0.0,0.0,0.5359599052726056,0.0,0.0,0.0,0.0,0.0,0.015057140116195444,0.0,0.47852684150760466,0.0,0.0910373492651396,0.010585435521340825,0.0,0.22184342887134725,0.0,0.1160927370747201,0.0,0.0,0.0,0.0,0.0,0.5079398221792881,0.0,0.0,0.0,0.0,0.3734070138496229
gex_possorted_bam_SJSO3:GATTAAGCAACCCTAAx-M1,0.0,0.3546205872852057,1.0,0.09752545731435514,0.0,0.0,1.0,0.0,1.0,0.0,1.0,0.9506427169158231,0.973120554497376,1.0,0.0,1.0,1.0,0.4097942366032447,1.0,0.0,0.0,0.0,0.0,0.0,1.0,0.21072078101023622,1.0,0.38682198508753163,0.6609452786056045,0.21353377211638938,1.0,0.0,0.0,0.05432941019895776,1.0,0.0,1.0,0.0,0.0,1.0,0.0,1.0,1.0,1.0,0.0,0.03887124064778537,1.0,1.0,0.24522997473873018,0.0,0.5671778050983792,0.1687687736983416,0.0
gex_possorted_bam_SJSO3:GATTGCAGTCAACAATx-M1,0.0,0.837336685349082,1.0,0.29453316674360985,0.0,0.45036272035285,1.0,0.0,1.0,0.26587666383344793,1.0,1.0,1.0,1.0,0.0,1.0,1.0,1.0,1.0,0.0,0.0,0.0,0.0,0.0,1.0,0.3759677942771638,1.0,0.8085313404468748,0.6362907138442426,0.3563525439302261,1.0,0.022476911828845494,0.0,0.18786470751622475,1.0,0.0,1.0,0.0,0.0,1.0,0.0,1.0,1.0,1.0,0.0,0.11339827996050007,1.0,1.0,0.4447550014511413,0.0680327660111058,0.8425852124362914,0.31091552848928194,0.0
gex_possorted_bam_SJSO3:GATTATGTCGGGACCTx-M1,0.0,0.0,0.07295841390597696,0.0,0.3125115114667603,0.0,0.0,0.0,0.0,0.0,0.6284670507418186,0.0,0.0,0.0,0.0,0.0,0.7170613489519628,0.6026675454535492,0.0,1.0,0.4894002450585368,0.6431910213004731,0.11234727654882165,0.5731459642625373,0.0,0.0,0.4691301349565293,0.0,0.0,0.0,0.0,0.10449095712732867,0.11201715252735125,0.0,0.2548064296184813,0.0,0.0,0.0,0.0,0.035367022039584785,0.0,0.0,0.0,0.0,0.023475742636451944,0.0,0.0,0.25402995248831645,0.0,0.0,0.0,0.0,0.9085319805886961
gex_possorted_bam_SJSO3:GATGGACAGTTGCCTCx-M1,0.0,0.27028081109758173,1.0,0.07976919403413443,0.007269532054915719,0.30561128464145615,1.0,0.0,1.0,0.20047448905481893,1.0,0.27248098700378115,0.7306485736532161,1.0,0.0,1.0,1.0,0.8808496535342883,0.8964313652980936,0.0,0.0,0.0,0.0,0.0,1.0,0.2173583098623146,1.0,0.37177740176581475,0.23142712085203904,0.18747224030458043,1.0,0.07500612681302607,0.0,0.0,1.0,0.0,1.0,0.0,0.0,1.0,0.0,1.0,1.0,1.0,0.0,0.048319009822645975,1.0,1.0,0.2542989355810784,0.14435752757702316,0.3212004457252038,0.17215046737632403,0.3989492305885361
gex_possorted_bam_SJSO3:GATTGCGTCACAGACTx-M1,0.11530094357435902,0.0,0.0,0.0,0.10887339362406628,0.16344686682451098,0.0,0.0,0.0,0.0,1.0,0.0,0.0,0.0,0.0,0.0,0.9175430095516987,1.0,0.0,0.4428046511589723,0.5178275712779534,0.5586308989775993,0.1533083446202216,0.5553893764556822,0.0,0.0,0.5416488184601301,0.0,0.0,0.0,0.0,0.14072894084136445,0.13681159226356285,0.0,0.3796632157008899,0.0,0.0,0.11253175081463551,0.0,0.0,0.0,0.07408239382229266,0.0,0.0,0.014808769446837922,0.0,0.0,0.5200787265812602,0.0,0.0,0.0,0.0021978790260325097,0.37348204659843265
gex_possorted_bam_SJSO3:GATTGGCGTTGCGCGAx-M1,0.177963131553195,0.0,0.0,0.0,0.574815445654594,0.8713157717142351,0.0,0.0,0.0,0.0,1.0,0.0,0.0,0.0,0.10727146469286364,0.0,1.0,1.0,0.10561170676099825,1.0,0.8743607028267009,1.0,0.2673312092618212,0.8615336247938885,0.0,0.0,0.2929638038326875,0.0,0.0,0.09125783832387105,0.19183891657309182,0.3880478386055911,0.2513252360266633,0.0,0.1261570512407124,0.11119545626718805,0.0,0.1586969262961217,0.09839825536603908,0.0,0.0,0.0,0.0,0.0,0.2510803062456934,0.06511304743844612,0.0,0.10824264928030203,0.0,0.023127698755172107,0.0,0.14643062536882806,1.0
gex_possorted_bam_SJSO3:GATTCATCATGTCAATx-M1,0.0551506492879545,0.0714733451131159,1.0,0.06770549580672097,0.9878602731618864,1.0,1.0,0.4191883262977112,0.4541182179977533,0.28846188512012383,1.0,0.0,0.12596405219684748,0.07622859031088042,0.0870826747338436,0.0,1.0,1.0,0.2185674910946241,1.0,0.894732039321897,0.8534021407850763,0.20779087388809553,0.41078963024598886,0.10944743857039449,0.06490877593212138,0.7028204033169659,0.1003909043426892,0.06760421137625888,0.0,0.4401124278680482,0.7363899657640905,0.24800174731916097,0.0,0.4894120136376256,0.13614693309098838,0.0,0.021509638651661108,0.26133754711462354,0.42397150724980226,0.9757885205055862,0.0,0.02842487130409616,1.0,0.1426917111056029,0.12311456131078573,0.8816613867829924,0.276075392288818,0.13170291724338745,0.30357483488124404,0.0,0.0,1.0
gex_possorted_bam_SJSO3:GATTCGCCATAAGTTCx-M1,0.02879268306397247,0.0,0.8622612671067197,0.0,0.5092608922849068,0.4511352294551733,0.0,0.044563213963666325,0.0,0.2917298738968178,0.6000067666620741,0.0,0.0,0.0,0.20628981854778963,0.0,0.7363725673271196,0.4482310899961395,0.0,1.0,0.7753491520452404,0.8421984525885507,0.19159097651174106,0.7846109475086456,0.0,0.0,0.29011563397788703,0.020265035819435204,0.0,0.02441442903790557,1.0,0.020925997432825326,0.20405886416731997,0.03730479517744148,0.26937382074041555,0.1614520250829915,0.015300882356625562,0.004499606997240764,0.15552930935914924,0.4180177492849284,0.0,0.0,0.0,0.04982044480588059,0.18480306819454595,0.0733747758514854,0.0,0.0,0.09205694849123468,0.23348827226843416,0.0,0.030344957975023543,1.0
gex_possorted_bam_SJSO3:GATGGCTGTAACGGGAx-M1,0.0,0.00046075301713322566,1.0,0.0,0.0,0.0,1.0,0.0,0.7569922032886776,0.0,0.68163630963056,0.5865666984773192,0.15733269933668045,0.9250723155302211,0.0,1.0,0.8352206048422607,0.0,0.23152604375155586,0.0,0.0,0.0,0.0,0.0,1.0,0.04080727747914346,1.0,0.18447914100622537,0.0,0.0,0.720982693364485,0.0,0.0,0.0,1.0,0.0,1.0,0.0,0.0,1.0,0.031580511901054535,1.0,1.0,1.0,0.0,0.0,1.0,1.0,0.0,0.0,0.2283369603196484,0.0,0.0
gex_possorted_bam_SJSO3:GATTATGTCGCGACACx-M1,0.047576554905110334,0.0,0.12050021212925857,0.0,0.5300385510138961,0.45425641568491987,0.0,0.0,0.0,0.0,1.0,0.0,0.0,0.0,0.006361275653966486,0.0,1.0,1.0,0.0,1.0,0.7493049727798585,0.9110047235331772,0.17366222122505498,0.7412436480728422,0.0,0.0,0.40130979259813787,0.0,0.0,0.022894626398213134,0.0,0.1712057561330056,0.19281501725802128,0.0,0.13497911732999165,0.0,0.0,0.017583081629552796,0.0,0.0,0.0,0.0,0.0,0.0,0.09996582668176048,0.0,0.0,0.22368334788875044,0.0,0.01835180977578468,0.0,0.0,1.0
gex_possorted_bam_SJSO3:GATTAAGCAGGTTATTx-M1,0.0,0.0,0.5202407109858213,0.0,0.0,0.0,0.9540635464687223,0.0,1.0,0.0,1.0,0.4877980295511364,0.19260918909742028,1.0,0.0,1.0,1.0,0.03327524271933343,0.5206175719156201,0.0,0.0,0.0,0.0,0.0,1.0,0.029263111863620923,1.0,0.10951773664633065,0.07408042032949849,0.0,0.0,0.0,0.0,0.0,1.0,0.0,1.0,0.0,0.0,1.0,0.0,1.0,1.0,1.0,0.0,0.0,0.9632194851946005,1.0,0.0,0.0,0.2714219702936932,0.0,0.0
gex_possorted_bam_SJSO3:GATTAGTGTCACCAAAx-M1,0.0,0.0,0.38713774916856936,0.0,0.0,0.0,0.8146915584308387,0.0,0.9964190547400955,0.0,1.0,0.36819813700144355,0.2943882413121664,1.0,0.0,1.0,0.9767315390556894,0.024105324495532286,0.610777993894879,0.0,0.0,0.0,0.0,0.0,1.0,0.017167758100179595,1.0,0.0,0.22433840010441328,0.0,0.0,0.0,0.0,7.033884675350805e-05,1.0,0.0,1.0,0.0,0.0,1.0,0.0017319769500168183,1.0,1.0,1.0,0.0,0.0,1.0,1.0,0.0,0.0,0.3511386410921057,0.0,0.0
gex_possorted_bam_SJSO3:GATTGATGTCATTAGGx-M1,0.0,0.3320368258289779,0.566974653723076,0.06818341726192918,0.0,0.0,1.0,0.0,0.9840638287493524,0.002326478608380518,1.0,0.7381591561913053,0.34178882872313127,1.0,0.0,1.0,1.0,0.6826529775743413,0.8432464247323807,0.0,0.0,0.0,0.0,0.0,1.0,0.11271299745854078,1.0,0.3078283832079997,0.12820685096059117,0.0,0.7283024523979046,0.0,0.0,0.017969972249874528,1.0,0.0,1.0,0.0,0.0,1.0,0.0,1.0,1.0,1.0,0.0,0.012555507319932945,1.0,1.0,0.059832241134256746,0.0,0.27019847763222926,0.07233764493490409,0.0
gex_possorted_bam_SJSO3:GATTGGCGTAGTTAACx-M1,0.16198426415479575,0.23307822719633825,0.8776866023481799,0.22374432673698466,0.44046956706932316,0.7830880802619851,0.017368872936762546,0.24750671922556033,0.0,0.5346438532004908,0.41185210553071877,0.0,0.16038663227170868,0.0,0.41764883645118506,0.18619345062719986,0.5988151736018394,0.3924286874949003,0.0,1.0,0.7243167316582436,0.8848678316008315,0.2767085693192926,0.8042870797869329,0.0,0.08787254887078151,0.32611966755557725,0.06461525274622826,0.1024190802602116,0.11494169939150958,1.0,0.10422280464907105,0.357214810679342,0.21360852434283045,0.2440959546901375,0.4084524008853425,0.2511652005760738,0.14615317529058483,0.2695010224966309,0.5266906782456208,0.0,0.0,0.045638948582357355,1.0,0.35874142802690345,0.2947922802690679,0.19383298452286996,0.01931980842200296,0.25181001486798565,0.5712806569512917,0.19698963784358103,0.17979024519318565,1.0
gex_possorted_bam_SJSO3:GATTAAGCAGTCTATGx-M1,0.0,0.0,0.22431503775648823,0.0,0.0,0.0,0.5909084235021375,0.0,1.0,0.0,1.0,0.5691274230436904,0.0,1.0,0.0,1.0,0.9845535754458031,0.07684157623554859,0.523049525042648,0.0,0.0,0.0,0.0,0.0,0.9814157022148277,0.0,1.0,0.05666281750663486,0.08482651949259845,0.0,0.0,0.0,0.0,0.0,1.0,0.0,1.0,0.0,0.0,1.0,0.0,1.0,1.0,1.0,0.0,0.0,0.9195021763567442,1.0,0.0,0.0,0.2281562699685846,0.0,0.0
gex_possorted_bam_SJSO3:GATTATGTCCTTGTTGx-M1,0.07127580108956882,0.0,0.0,0.0,0.21979781588060837,0.41852654347038115,0.0,0.0,0.0,0.0,1.0,0.0,0.0,0.0,0.0,0.0,1.0,1.0,0.0,1.0,0.6866547070577458,0.8248363970787718,0.1534893590077757,0.7769162844468127,0.0,0.0,0.3783196157537086,0.0,0.0,0.016535101392413997,0.0,0.09122079098407629,0.15187562474556157,0.0,0.2118768827451277,0.0,0.0,0.08047693969598373,0.0,0.0,0.0,0.0,0.0,0.0,0.0883559186427273,0.0,0.0,0.1900423104063067,0.0,0.0,0.0,0.023968592829260102,0.974579516195225
gex_possorted_bam_SJSO3:GATTGATGTTGGTTGAx-M1,0.10010639029668678,0.0,0.6337865112078904,0.0,0.7851649959091339,0.6243629484499835,0.0,0.0,0.0,0.24584906796714,0.9178124525499014,0.0,0.08357223390845973,0.0,0.15060130894055476,0.0,1.0,0.9894111140914834,0.0,1.0,0.7419362634508958,0.8531070852012699,0.25316321841200806,0.7949073747842487,0.0,0.0583717671170118,0.42688187907142056,0.0,0.0,0.271507733296277,0.18752175728360432,0.4329676504249103,0.2523482049923476,0.09446407321168353,0.28270662525867085,0.1470566053236032,0.14906716428747444,0.0838717565125363,0.08947329571436274,0.08680076734863935,0.024575126415581936,0.0,0.0,0.0,0.31167730525683757,0.11025945220348374,0.0,0.2022392410424827,0.054866288537707635,0.35278356757905505,0.2809277332265528,0.09182315278069518,1.0
gex_possorted_bam_SJSO3:GATTGTTCAACAGCCTx-M1,0.0,0.0,0.18282546666085098,0.0,0.17920663837486128,0.0,0.0,0.0,0.0,0.0,0.5087122768816208,0.0,0.0,0.0,0.02119523982820894,0.0,0.6485621929688353,0.3659711155772714,0.0,1.0,0.5368626739177927,0.6230264129438631,0.11058734705769058,0.6195040924761853,0.0,0.0,0.41967064340611476,0.0,0.0,0.0,0.15612378061975427,0.0,0.11778128054081698,0.0,0.2667796983050448,0.0,0.0,0.0,0.0033612652775678944,0.17564472380403867,0.0,0.0,0.0,0.0,0.040054099711905815,0.0,0.0,0.1718000701584434,0.0,0.0,0.0,0.0,0.8619333803566401
gex_possorted_bam_SJSO3:GATTACTCAGGTTTGCx-M1,0.06095251439460167,0.0,1.0,0.01560080035248506,0.9888418215692812,0.9073751814676552,0.0,0.0,0.0,0.3642431533323924,1.0,0.0,0.0,0.0,0.23007465062714635,0.0,1.0,1.0,0.0,1.0,0.8026069284155414,0.9522796733123841,0.26669747123083687,0.7187263143033876,0.0,0.038536862287976335,0.39694801226960297,0.003801024234293244,0.0,0.1521351221282081,0.5139305277951589,0.4016901580761808,0.2580031588677552,0.0,0.23476377580211372,0.13198229883865803,0.0,0.009103646014499945,0.19153216604274748,0.21512811991356776,0.11526085496351507,0.0,0.0,0.2560998467233901,0.24320213146328312,0.08238923827843081,0.12368606038043235,0.10231977239716392,0.12870538547291996,0.44341112531396654,0.0,0.06330319079280426,1.0
gex_possorted_bam_SJSO3:GATTCCTGTTGAGCCGx-M1,0.020755776698891195,0.0,0.0,0.0,0.33320297989442577,0.189493784463055,0.0,0.0,0.0,0.0,0.9377854084767703,0.0,0.0,0.0,0.0,0.0,0.8807602131189525,1.0,0.0,1.0,0.5694495781109308,0.7682044305615585,0.14222932115176007,0.6681335729872114,0.0,0.0,0.4250227412260795,0.0,0.0,0.0,0.0,0.12543835357878966,0.13218167974491582,0.0,0.17164997787026193,0.0,0.0,0.0433594198348451,0.0,0.0,0.0,0.0,0.0,0.0,0.06678150951864559,0.0,0.0,0.3071127322532354,0.0,0.0,0.0,0.0,0.9505958312646706
gex_possorted_bam_SJSO3:GATTACTCACAGCCTGx-M1,0.011986218833118048,0.0,0.0,0.0,0.3477588768735039,0.5339241675638409,0.0,0.0,0.0,0.011864606402425705,1.0,0.0,0.0,0.0,0.12070983886588514,0.0,1.0,1.0,0.0,1.0,0.6724043339673389,0.7886490393232112,0.15613884295598898,0.7040196881893898,0.0,0.0,0.3509772869679781,0.0,0.0,0.06150074673899926,0.0,0.0,0.16509579813202593,0.0,0.16310456470081006,0.03421449124046012,0.0,0.01408232924865208,0.1056858718299388,0.051779727090593884,0.0,0.09732032391020003,0.0,0.0,0.1860259961683655,0.0,0.0,0.13562223599270254,0.0,0.0,0.0,0.0,0.9464960762546963
gex_possorted_bam_SJSO3:GATTCATCATAAGTTCx-M1,0.0,0.0,0.10837981335779827,0.0,0.09312524219974452,0.0,0.0,0.0,0.0,0.0,0.47652044187580306,0.0,0.0,0.0,0.07925714956323206,0.0,0.5669387959694141,0.3340652984120335,0.0,1.0,0.4140655609395448,0.6025648050061888,0.0838230572803654,0.612766452119604,0.0,0.0,0.3963900176378698,0.0,0.0,0.0,0.19473184104155208,0.0,0.09597162410838146,0.0,0.2580457740035721,0.021931840535937594,0.0,0.0,0.0,0.21385720490254617,0.0,0.0,0.0,0.0,0.05262646894488919,0.0,0.0,0.01639355330796028,0.0,0.0,0.0,0.0,0.9183799431361229
gex_possorted_bam_SJSO3:GATTCGCCAGTCTAGCx-M1,0.0,0.0,0.0,0.0,0.0,0.0,0.24801091240172787,0.0,0.613896540694183,0.0,1.0,0.15006704536507315,0.23996666749964407,1.0,0.0,1.0,0.9183667861304109,0.24295925164989476,0.6261354319099716,0.0,0.0,0.0,0.0,0.0,1.0,0.0,1.0,0.0,0.2680195971710622,0.0,0.0,0.03834294887619076,0.0,0.0,1.0,0.0,1.0,0.0,0.0,1.0,0.0,1.0,0.649816691120381,0.27745914976020597,0.0,0.0,0.945999848491666,1.0,0.0,0.0,0.2982513489677285,0.0,0.0
gex_possorted_bam_SJSO3:GATTCATCAACACCTAx-M1,0.0,0.26609803925123204,0.8833708789471837,0.0,0.0,0.0,1.0,0.0060656589800813995,0.5232990963917952,0.12281656827353625,0.4513422294736323,0.9345480876095777,0.0,0.5072160639318197,0.0,1.0,0.766472166136335,0.0,0.0,0.0,0.0,0.0,0.0,0.0,0.5178780679901012,0.0,1.0,0.1603238184423249,0.1387617684062303,0.0,0.7431534109528447,0.0,0.0,0.09386843660341385,1.0,0.0,1.0,0.0,0.0,1.0,0.09472931146530358,1.0,0.5459412433845628,1.0,0.0,0.0,0.4260565828976049,1.0,0.06912293442059932,0.0,0.13158648421580024,0.0,0.0
gex_possorted_bam_SJSO3:GATTGGCGTGAGAAACx-M1,0.16635797772613417,0.0,0.0,0.03785679069738467,0.5002965360948407,0.48233485967137635,0.0,0.022862640720382105,0.0,0.0,1.0,0.0,0.0,0.0,0.03066939945446983,0.0,0.9440737426889809,1.0,0.0,1.0,0.7689100695707604,0.8025412973273477,0.29985054583367715,0.7196363008270024,0.0,0.016790070290042404,0.40829389250855597,0.006598028679930688,0.0,0.17911411689593335,0.0,0.16641313897062135,0.26196174631469044,0.0,0.211919344984562,0.0988417566473118,0.0,0.137334776916256,0.09345990468527467,0.0030098651836362377,0.042440155586838516,0.0,0.0,0.0,0.17993061319521694,0.04516876693856323,0.0,0.25078259699816613,0.0,0.15171529981448184,0.0,0.07573778973004602,0.8632425554280445
gex_possorted_bam_SJSO3:GATTCGCCAATTAAGGx-M1,0.0,0.0,0.3940941657601746,0.0,0.0,0.0,0.8429904254483512,0.0,1.0,0.0,1.0,0.7352841965894483,0.27145953299199893,1.0,0.0,1.0,1.0,0.49696072586842505,0.8117099170640107,0.0,0.0,0.0,0.0,0.0,1.0,0.09950161555862437,1.0,0.0918994358894444,0.0,0.0,0.0,0.0,0.0,0.0,1.0,0.0,1.0,0.0,0.0,1.0,0.0,1.0,1.0,1.0,0.0,0.0,1.0,1.0,0.0,0.0,0.40403145064962825,0.0,0.0
gex_possorted_bam_SJSO3:GATTCCTGTAAACAAGx-M1,0.054613874099579816,0.0,0.056839760984265957,0.0,0.5496521777912338,0.47206658379989236,0.0,0.0,0.0,0.0,1.0,0.0,0.0,0.0,0.0,0.0,1.0,1.0,0.0,1.0,0.7125715600113358,0.8272233665118082,0.1991933748047541,0.7398908850876283,0.0,0.0,0.4180190090786383,0.0,0.0,0.026093886328205997,0.0,0.23180752257193576,0.17746571141189407,0.0,0.1605097560250287,0.0,0.0,0.0506543596788015,0.0,0.0,0.011187041040067578,0.0,0.0,0.0,0.09499974502697034,0.0,0.0,0.2500209567258634,0.0,0.06721017598821573,0.0,0.0,1.0
gex_possorted_bam_SJSO3:GATTATGTCCGTCCATx-M1,0.01757692804560268,0.0,0.0,0.0,0.04946044931747379,0.022719674010124927,0.0,0.0,0.0,0.0,0.9485036379786945,0.0,0.0,0.0,0.0,0.0,0.8766625814414624,1.0,0.0,0.6054184858306084,0.45704165011412845,0.583702588412477,0.08835022505324952,0.6305863751806097,0.0,0.0,0.5199453645216606,0.0,0.0,0.0,0.0,0.11768077579380193,0.087992594372607,0.0,0.2723547956109048,0.0,0.0,0.02648506198881529,0.0,0.0,0.0,0.0,0.0,0.0,0.0,0.0,0.0,0.37108862467922415,0.0,0.0,0.0,0.0,0.5187057653299226
gex_possorted_bam_SJSO3:GCAAGTGCACTTGTTCx-M1,0.0,0.0,0.023131154197386122,0.0,0.0,0.0,0.5006195817718552,0.0,0.9025271941421807,0.0,1.0,0.28613643318760895,0.0,0.9840804171989824,0.0,1.0,1.0,0.17946169178298238,0.43695827702842294,0.0,0.0,0.0,0.0,0.0,0.8306767540690035,0.0,1.0,0.0,0.013881801008564185,0.0,0.0,0.0,0.0,0.0,1.0,0.0,1.0,0.0,0.0,1.0,0.0,1.0,0.7066960491489114,0.5362012937918796,0.0,0.0,0.7810034558676143,1.0,0.0,0.0,0.08664903887729342,0.0,0.0
gex_possorted_bam_SJSO3:GCAATGTTCTGTAAGCx-M1,0.0,0.0,0.35658742971993523,0.0,0.0,0.0,0.7236436740660697,0.0,1.0,0.0,0.9975913750559156,0.5260240992752528,0.07605706749498388,1.0,0.0,1.0,0.9702007027209131,0.0,0.45662959609733705,0.0,0.0,0.0,0.0,0.0,1.0,0.014656724299970924,1.0,0.010055852353050478,0.024625239798515386,0.0,0.0,0.0,0.0,0.0,1.0,0.0,1.0,0.0,0.0,1.0,0.0,1.0,1.0,1.0,0.0,0.0,1.0,1.0,0.0,0.0,0.15295212978206021,0.0,0.0
gex_possorted_bam_SJSO3:GCAAACCGTGTGCAACx-M1,0.0,0.0,0.0,0.0,0.0,0.0,0.21842689079202585,0.0,0.614812700709258,0.0,1.0,0.19410685055483662,0.0,1.0,0.0,1.0,1.0,0.4839249325306018,0.599061136658805,0.0,0.0,0.0,0.0,0.0,0.8237214464297062,0.0,1.0,0.0,0.16863036894230451,0.0,0.0,0.0,0.0,0.0,1.0,0.0,1.0,0.0,0.0,0.9834806723393905,0.0,1.0,0.6314510190706603,0.15485856293893635,0.0,0.0,0.729221496037376,1.0,0.0,0.0,0.19601724423469566,0.0,0.0
gex_possorted_bam_SJSO3:GCACTAAGTTATGTGGx-M1,0.0,0.0,0.6375514782926345,0.0,0.0,0.0,1.0,0.0,1.0,0.0,1.0,0.567641053656455,0.32088557046425376,1.0,0.0,1.0,1.0,0.0,0.5063987392571339,0.0,0.0,0.0,0.0,0.0,1.0,0.07458594414867946,1.0,0.049716544423417594,0.0453800974490512,0.0,0.2953510126179656,0.0,0.0,0.0,1.0,0.0,1.0,0.0,0.0,1.0,0.0,1.0,1.0,1.0,0.0,0.0,1.0,1.0,0.0,0.0,0.2637542869748176,0.0,0.0
gex_possorted_bam_SJSO3:GCAAACAAGCTGGAAAx-M1,0.0,0.0,0.32078354375660617,0.0,0.09759586765484064,0.0,0.0,0.0,0.10212802987549303,0.0,1.0,0.0,0.0,0.07368265289547278,0.0,0.3699749817965926,0.9885014555633159,0.7132071423178055,0.0,0.4041442395323635,0.19561599378298894,0.253743551631496,0.05108192830422695,0.20645838183358006,0.0,0.0,0.8582496511192405,0.0,0.0,0.0,0.02747055669003103,0.09409682602518549,0.0025607299575706077,0.0,0.7686950835220177,0.0,0.5126092925918326,0.0,0.0,0.40479020128437243,0.0,0.43408972684490765,0.0,0.021037705515028305,0.025702067778251216,0.0,0.0,1.0,0.0,0.0,0.0,0.0,0.6357948812024408
gex_possorted_bam_SJSO3:GCAAGTGCACACAATTx-M1,0.0,0.0,0.0,0.0,0.0,0.0,0.5540168360332346,0.0,1.0,0.0,1.0,0.28993884205475046,0.16792728350155744,1.0,0.0,1.0,0.9855421343511492,0.24700891883942896,0.5955082715545337,0.0,0.0,0.0,0.0,0.0,1.0,0.0024075217676189998,1.0,0.0,0.17681392018097747,0.0,0.0,0.020081898055912227,0.0,0.0,1.0,0.0,1.0,0.0,0.0,1.0,0.0,1.0,0.8386725037280975,0.6245647027158993,0.0,0.0,1.0,1.0,0.0,0.0,0.256031600580848,0.0,0.0
gex_possorted_bam_SJSO3:GCACATTAGTGAACCTx-M1,0.0,0.5899728020124166,1.0,0.0824455498867979,0.5128465195095806,0.864832181019972,1.0,0.6602581762955033,0.916994424438458,0.47150834588152213,0.8960679958202409,0.0,0.2617112320975323,0.20946014545346958,0.1637148591187826,0.1471630431519192,1.0,1.0,0.0,1.0,0.8168693952237348,0.5791265268672864,0.11773067510344613,0.3173016502560582,0.08088210016613082,0.0,0.7169556203373714,0.285936548051239,0.38309934108243004,0.0,0.7082823429142739,0.15638970453652423,0.2002045048477684,0.15337080369235567,0.7078085529924724,0.17975141421524932,0.007721821656381327,0.023322540553578817,0.3985465244627931,0.7653675266944567,1.0,0.4752231999534759,0.0,1.0,0.1451523083879326,0.15703500397226045,0.3939482104383674,0.11246911213994729,0.22056210760499367,0.24683082523434288,0.0,0.0,1.0
gex_possorted_bam_SJSO3:GCAAACAAGGAGTAATx-M1,0.04397274945382838,0.0,0.0,0.0,0.23186579975806854,0.09524171811422937,0.0,0.0,0.0,0.0,0.9440033742644286,0.0,0.0,0.0,0.0,0.0,0.8407267750653198,1.0,0.0,1.0,0.5126050601603923,0.7003605894593671,0.12756173150778335,0.6237416352094268,0.0,0.0,0.47227525751026295,0.0,0.0,0.0,0.0,0.1682224369790173,0.13629626728535535,0.0,0.22145775248429916,0.0,0.0,0.018762499057706838,0.0,0.0,0.0,0.0,0.0,0.0,0.036519029012176976,0.0,0.0,0.2950906680061083,0.0,0.0,0.0,0.0,0.8189039759141661
gex_possorted_bam_SJSO3:GCAATAGAGCACAGAAx-M1,0.0,0.0,0.0,0.0,0.06968844362170634,0.0,0.0,0.0,0.0,0.0,0.29100816624312487,0.0,0.0,0.0,0.09110572403663895,0.0,0.43245533940756115,0.08417191817691352,0.0,1.0,0.4503312025524487,0.5127119773489933,0.10394277555935914,0.5904774074221478,0.0,0.0,0.36671629547698165,0.0,0.0,0.0,0.035828596856466735,0.0,0.10632540515790201,0.0,0.34734285199760745,0.0,0.0,0.0016413426151456578,0.014107088724767972,0.26764569332334576,0.0,0.0,0.0,0.0,0.0,0.0,0.0,0.07010654786314224,0.0,0.0,0.0,0.0,0.6674729398793947
gex_possorted_bam_SJSO3:GATTGTTCATAAGGACx-M1,0.0,0.9305235377151077,1.0,0.3080121887479326,0.0,0.3551123319240857,1.0,0.0,1.0,0.30371005633220405,1.0,1.0,1.0,1.0,0.0,1.0,1.0,1.0,1.0,0.0,0.0,0.0,0.0,0.0,1.0,0.41267990512143876,1.0,0.8601721528090303,0.6642206413473529,0.4063726636553918,1.0,0.0,0.0,0.2140128544810322,1.0,0.0,1.0,0.0,0.0,1.0,0.0,1.0,1.0,1.0,0.0,0.09417815035873413,1.0,1.0,0.4435153912753844,0.059647155478546675,0.7860782161151311,0.31118402232729575,0.0
gex_possorted_bam_SJSO3:GCAATAGAGGATGATGx-M1,0.3337076181092042,0.20362245551975566,0.34143658265877336,0.18187860489986035,0.546869045465584,0.6972136190844065,0.0,0.26341315499885964,0.8916187040349414,0.25954841630966236,0.8293844199760741,0.0,0.0,0.0,0.3595460648211261,0.0,0.7138697976283237,0.9075610634589881,0.0,1.0,0.8316501215086597,0.88514940880365,0.3956156260069269,0.8433030971790555,0.0,0.18343380061859335,0.30119636128724375,0.21305954939991348,0.0722038400580673,0.2913282072168113,0.6422521985036036,0.3922865206097209,0.4240507102537048,0.1877987590289568,0.23968514445082592,0.3090687896557668,0.1193212076654143,0.24078684085051796,0.24896406455002157,0.2121584968604175,0.31403416597961736,0.15383162858777902,0.09957605571468511,0.3284348170819081,0.3959070722591649,0.3144002614619756,0.028101258166986498,0.2015403006105777,0.2574690146685049,0.4512969799830992,0.1937714702422493,0.23600334101598408,1.0
gex_possorted_bam_SJSO3:GCAAACAAGTACTGGTx-M1,0.023998113672933696,0.0,0.644768770610681,0.0,0.6732307557923811,0.37330653772689487,0.0,0.0,0.0,0.13601749694414145,0.8377886240166759,0.0,0.0,0.0,0.10041136438263926,0.0,0.978615151515669,0.9586142813930606,0.0,1.0,0.601533086218944,0.8208187163459515,0.1762764589781952,0.6823802530825609,0.0,0.0,0.43250501631020244,0.0,0.0,0.0315479333780017,0.10053909960866719,0.39551658166254305,0.19994310629308418,0.0,0.2044888986942247,0.04842599168265066,0.0,0.0,0.047302785103693096,0.09287050189899392,0.13433752436583596,0.0,0.0,0.0,0.20568166988107683,0.0,0.0,0.22294588959006828,0.0,0.2517372149882518,0.0,0.0,1.0
gex_possorted_bam_SJSO3:GCAAACTTCCAAACACx-M1,0.0738899280456019,0.0,0.0,0.0,0.30599400723289316,0.3171967659188445,0.0,0.0,0.0,0.0,1.0,0.0,0.0,0.0,0.0,0.0,0.9776959073244239,1.0,0.0,0.8274032387195542,0.6016457615857006,0.8084479601956454,0.15594211425834584,0.7136472231410639,0.0,0.0,0.44300447030937207,0.0,0.0,0.0018121768371537161,0.0,0.09399892927218327,0.15617847398098514,0.0,0.2017378589223614,0.0,0.0,0.04968632550360259,0.0,0.0,0.0,0.0,0.0,0.0,0.06927424729464109,0.0,0.0,0.26482703304458965,0.0,0.0,0.0,0.003174935874094949,0.9304853963003028
gex_possorted_bam_SJSO3:GCAAGTCGTGTCCAGGx-M1,0.07971700567560112,0.0,0.0,0.009281869683212431,0.23635972369670274,0.26027033161178,0.0,0.04124804686547005,0.0,0.03899480606099464,0.6625929805216585,0.0,0.0,0.0,0.14230851024736155,0.0,0.625035460235938,0.5651031882563667,0.0,1.0,0.6218963733496016,0.7594294645391746,0.16857102278244243,0.7832620566787802,0.0,0.0,0.3214073515667689,0.0,0.0,0.0,0.49643342780316385,0.04280484657552198,0.17433045919218634,0.04295432019007168,0.2193714479527931,0.10618272532876825,0.0,0.039704121724837754,0.06653350255152125,0.2822499605732837,0.0,0.0,0.0,0.0,0.08797489076129841,0.08303016142470927,0.0,0.0,0.0,0.02082959236745955,0.0,0.013084113358489443,1.0
gex_possorted_bam_SJSO3:GCACATTAGTTATTCCx-M1,0.05940625953768144,0.0,0.8973623070762682,0.0,0.3133599036404239,0.5300654605714491,0.0,0.0,0.0,0.1435949827854601,0.8659867407976346,0.0,0.0,0.0,0.1292843075310906,0.021149811005332066,0.828365240591035,0.7970484878451567,0.0,1.0,0.6165611947336753,0.8428215685096084,0.2065958539328557,0.6110447237580783,0.0,0.0,0.38246058591685367,0.0,0.0,0.07184388264362832,0.7560897790985031,0.06563149536372287,0.20997931276569876,0.0,0.25580903131451543,0.09178259885449436,0.07370581088690326,0.0,0.012315717509025286,0.3028497766880014,0.0,0.0,0.0,0.0879147386043127,0.216319543078686,0.13044055129187063,0.0,0.0032520553525587333,0.0,0.23919619617407048,0.0,0.02262790357033025,1.0
gex_possorted_bam_SJSO3:GCAAGTCGTCGTTACTx-M1,0.052488661407739855,0.0,0.03549573242246009,0.0,0.4502208605675198,0.34574955231208127,0.0,0.0,0.0,0.0,1.0,0.0,0.0,0.0,0.0,0.0,1.0,1.0,0.0,1.0,0.7863394066032702,0.7884432564134803,0.16078539004932857,0.6995212402290979,0.0,0.0,0.4724031502387729,0.0,0.0,0.0,0.0,0.16726823265694687,0.16199925695327225,0.0,0.20894975546633987,0.0,0.0,0.0498221545451836,0.0,0.0,0.0,0.0,0.0,0.0,0.053375750711031705,0.0,0.0,0.23822824051302227,0.0,0.0,0.0,0.0,1.0
gex_possorted_bam_SJSO3:GCAATAGAGCCTAATAx-M1,0.0,0.855591631865947,1.0,0.351986440667771,0.0,0.4653539823097758,1.0,0.0,1.0,0.3416663383395949,1.0,1.0,1.0,1.0,0.0,1.0,1.0,1.0,1.0,0.0,0.0,0.0,0.0,0.0,1.0,0.5060236219057507,1.0,0.9899624066927799,0.8588677817375547,0.5036316480791403,1.0,0.0,0.0,0.24891439890076422,1.0,0.0,1.0,0.0,0.0,1.0,0.0,1.0,1.0,1.0,0.0,0.16557135980736756,1.0,1.0,0.5327747157808486,0.17678541113379714,0.9652529483978826,0.41685188563247505,0.0
gex_possorted_bam_SJSO3:GCAAACCGTTAGGTTGx-M1,0.2434448593948734,0.3302435671224042,0.6684288017823719,0.22744857784693237,0.5571744819568099,1.0,0.15466609756887523,0.2454424525923098,0.0,0.5444940832011572,1.0,0.0,0.14900804966908457,0.03393813894868298,0.4154913757152527,0.4338135574827957,1.0,1.0,0.12053797597156041,1.0,0.9049654805086894,0.901389410696153,0.36262391855547266,0.8590691630064385,0.0,0.1292220857219572,0.30126152631386177,0.3593117990188634,0.11828205941391193,0.37011233919154396,1.0,0.19515620600361486,0.3722517121231726,0.23339017713108295,0.3272299476612817,0.38585384448204674,0.10011236547623052,0.1621286886119843,0.33448221947209084,0.5949919641119121,0.0,0.06722582141092746,0.15653055520416176,1.0,0.46143579849120475,0.3155116569563824,0.1978989252103839,0.19986625688190002,0.34105047884177425,0.4863263535993221,0.1299446569438028,0.2847578986299434,1.0
gex_possorted_bam_SJSO3:GCACATTAGCGATAGAx-M1,0.03919727751791766,0.0,0.01370741971866145,0.0,0.24336826711845952,0.1562746666325668,0.0,0.0,0.0,0.0,0.9218280962946667,0.0,0.0,0.0,0.0,0.0,0.9512989178217421,1.0,0.0,1.0,0.65444176390901,0.7076349191984885,0.1609876894767644,0.6787390462863608,0.0,0.0,0.41105555960878426,0.0,0.0,0.0,0.0,0.14873186166983482,0.15890987101529772,0.0,0.24280006988458464,0.0,0.0,0.08327477401468156,0.0,0.0,0.0,0.0,0.0,0.0,0.07184448941878917,0.0,0.0,0.20688252130845747,0.0,0.0,0.0,0.0,0.8471567497512347
gex_possorted_bam_SJSO3:GCAAACAAGTAACTCAx-M1,0.04784153310610137,0.0,0.0,0.0,0.20105227060868905,0.03545485340115049,0.0,0.0,0.0,0.0,0.8775431951064173,0.0,0.0,0.0,0.0,0.0,0.7830130561235202,0.9145883677855547,0.0,0.9667753836605995,0.5288167399979516,0.6884993333903804,0.14237634813692218,0.6159380295071134,0.0,0.0,0.4634225122789406,0.0,0.0,0.0,0.0,0.14436832315502676,0.1271039435004039,0.0,0.2691601504307427,0.0,0.0,0.0011818301954559414,0.0,0.0,0.0,0.0,0.0,0.0,0.0010993281844956962,0.0,0.0,0.32471117011979467,0.0,0.0,0.0,0.0,0.8460421333827405
gex_possorted_bam_SJSO3:GCAACAGCACAAAGGTx-M1,0.052277270940854416,0.0,0.0,0.0,0.2623134763021397,0.2920168986894523,0.0,0.0,0.0,0.0,1.0,0.0,0.0,0.0,0.0,0.0,1.0,1.0,0.0,0.722439904617629,0.5827327291721087,0.745876585256324,0.14609109111337112,0.6495932309211041,0.0,0.0,0.44850702679382215,0.0,0.0,0.0,0.0,0.09005153288315061,0.11344663423640511,0.0,0.22188268680610096,0.0,0.0,0.05743419144474274,0.0,0.0,0.0,0.0,0.0,0.0,0.0008562879638517905,0.0,0.0,0.394025462964443,0.0,0.0,0.0,0.0,0.7496872139251661
gex_possorted_bam_SJSO3:GCACGAACATTGTGCAx-M1,0.0,0.0,0.3600108729475186,0.0,0.0,0.0,0.0,0.02021879864937998,0.0,0.04254136890895121,0.030261696976082438,0.0,0.0,0.0,0.10531367275063626,0.0,0.27589431780575563,0.0,0.0,1.0,0.3173110315168756,0.38504060543712376,0.03785858583408043,0.4588897420958076,0.0,0.0,0.4379711592905209,0.0,0.0,0.0,0.2898870390292365,0.0,0.047767087470746164,0.022232530940211336,0.41049720049917826,0.018538296311116684,0.11633766231421173,0.0,0.019308367774320264,0.3789885898734025,0.0,0.02629980361722296,0.0,0.0,0.0,0.0,0.0,0.053276655653318114,0.0,0.0,0.0,0.0,0.5388867840274026
gex_possorted_bam_SJSO3:GCAAGTGCAGCAAGATx-M1,0.0,0.34268161420570403,0.5926082825563566,0.10174440794088184,0.0,0.0,1.0,0.0,1.0,0.0,1.0,0.7909867625322248,0.8114205510157929,1.0,0.0,1.0,1.0,0.8598059128280762,1.0,0.0,0.0,0.0,0.0,0.0,1.0,0.23118894240093504,1.0,0.2598875748510598,0.33449048089188466,0.10414823521312325,0.5858865114949867,0.01790944101326298,0.0,0.053653205466999275,1.0,0.0,1.0,0.0,0.0,1.0,0.0,1.0,1.0,1.0,0.0,0.006704560127191074,1.0,1.0,0.14808463948228745,0.030261051062447773,0.47434777797330785,0.13023040662080632,0.0
gex_possorted_bam_SJSO3:GCACTTACACAGAAACx-M1,0.0028651092541829406,0.0,0.40799341882314777,0.0031803635227797295,0.4413076147967973,0.26793172406709975,0.0,0.0,0.0,0.10121806725443859,0.6386002850410976,0.0,0.0,0.0,0.19901074820142178,0.0,0.8121250096310709,0.5991292268847286,0.0,1.0,0.6494566185588334,0.7630834449850159,0.14325731991663268,0.7351077226473989,0.0,0.0,0.33800632842265,0.0,0.0,0.0,0.18076209627507167,0.0,0.17707498197015267,0.0,0.1674713976244561,0.046306862768306124,0.0,0.01371387218320427,0.1080108163349534,0.2060144139852173,0.0,0.0,0.0,0.0,0.08806640759748226,0.0,0.0,0.03845691297490705,0.0,0.07359833465295845,0.0,0.0,0.7891053558314829
gex_possorted_bam_SJSO3:GCACGGTTCCTGCGAAx-M1,0.04509085247049532,0.0,0.0,0.0,0.3617433404732956,0.2290915545066831,0.0,0.0,0.0,0.0,1.0,0.0,0.0,0.0,0.0,0.0,1.0,1.0,0.0,0.9502915314877597,0.5912787859261969,0.7590858090239214,0.15517950561008995,0.6898786368899434,0.0,0.0,0.41309596313949515,0.0,0.0,0.0067344362348856065,0.0,0.08650892592605194,0.12877957341451965,0.0,0.17022923741493384,0.0,0.0,0.06220231194423181,0.0,0.0,0.0,0.0,0.0,0.0,0.033173294042397314,0.0,0.0,0.3722994300142091,0.0,0.0,0.0,0.0,0.7040981546446154
gex_possorted_bam_SJSO3:GCAGGCTTCCCAGTAGx-M1,0.12083634215653206,0.0,0.1407980258029541,0.0,0.4701915444875206,0.792541888698782,0.0,0.0,0.0,0.0,1.0,0.0,0.0,0.0,0.0,0.0,1.0,1.0,0.0034518980589042913,1.0,0.8370336592589495,0.964801758849231,0.18304045557126133,0.8064443445800573,0.0,0.0,0.35408252139799673,0.0,0.0,0.09209921770965376,0.0,0.17456087022990244,0.24898743845266333,0.0,0.14367217913428612,0.04094391510251148,0.0,0.06650171691345866,0.06250610897884361,0.0,0.0,0.0,0.0,0.0,0.19809174025234522,0.0,0.0,0.2806412167218055,0.0,0.0,0.0,0.025226527824951533,1.0
gex_possorted_bam_SJSO3:GCCAATAGTGATGAGGx-M1,0.2172030309348594,0.0,0.6567897839188563,0.07267483059427722,0.8700395333203595,1.0,0.0,0.04712786281160818,0.0,0.21781211291151104,1.0,0.0,0.0,0.0,0.22242838464027842,0.0,1.0,1.0,0.058256300759602676,1.0,1.0,1.0,0.3436015539406568,0.8945890443527446,0.0,0.06526478603565584,0.3781283207634608,0.13100931172369865,0.0,0.28440660191103934,0.5448192412248585,0.5268410179783457,0.39402987667366357,0.0,0.22234781520909677,0.19680002772546884,0.0,0.09728286188122671,0.20011994066585842,0.022248168820793317,0.030495427470557737,0.0,0.0,0.23584784232160427,0.41724609405252666,0.1264766635174456,0.11869998770731083,0.27572053954887826,0.10089621252798743,0.3989336392619603,0.0,0.1248065803984015,1.0
gex_possorted_bam_SJSO3:GCCAATTAGACAACGAx-M1,0.13305439406489858,0.0,0.0,0.00663548193546269,0.7122534683844658,0.6361381340863651,0.0,0.0,0.0,0.09134697666773765,1.0,0.0,0.0,0.0,0.0934948949895861,0.0,1.0,1.0,0.0,1.0,0.7647982684704291,0.9218575418246259,0.2732290603642472,0.8086224829920141,0.0,0.0,0.35838777233869507,0.0,0.0,0.12149259818490041,0.0,0.3546021551449939,0.23740326927848596,0.0,0.19361216643003323,0.11785309120828279,0.0,0.07960259983926318,0.09428767655806114,0.007558663807559028,0.0,0.0,0.0,0.0,0.2121757867774333,0.06687389118593245,0.0,0.1388356028130893,0.0,0.21423550018526125,0.0,0.08278888665949029,1.0
gex_possorted_bam_SJSO3:GCAGGATAGGGTGAGTx-M1,0.03882310167006987,0.0,0.0,0.0,0.24297480919793113,0.13187010067281535,0.0,0.0,0.0,0.0,0.9928671360653855,0.0,0.0,0.0,0.0,0.0,0.887920760721718,1.0,0.0,1.0,0.5974059260183398,0.6909953178696445,0.1506914061846018,0.6032799536727412,0.0,0.0,0.45357215030955456,0.0,0.0,0.0,0.0,0.08933598946908404,0.12248584235053171,0.0,0.28578031388229996,0.0,0.0,0.05976446339402123,0.0,0.0,0.0,0.0,0.0,0.0,0.025042872555223965,0.0,0.0,0.2551140059474554,0.0,0.0,0.0,0.0,0.7794397434855148
gex_possorted_bam_SJSO3:GCAGGAAGTTGGCGTGx-M1,0.28387844597774464,0.10611261442945788,1.0,0.1977884247496589,1.0,1.0,0.20406961192667844,0.2703135964619773,0.056763648518729205,0.5284028037953303,1.0,0.0,0.03980319623555333,0.0,0.4202217839856896,0.08840833046323145,1.0,1.0,0.164265772606023,1.0,1.0,1.0,0.43554919333761316,0.8412962100903119,0.0,0.1547714267896077,0.37411878794990244,0.2762254313417443,0.03951280096181987,0.38383370022756924,0.7280663937176757,0.5733746730311458,0.47048613971614467,0.1108169148225202,0.18454697516670285,0.34316396839654495,0.0,0.22370177834233676,0.38959291458789524,0.3072075259175733,0.3086052930895585,0.0,0.04412482921861298,1.0,0.49440994477400085,0.26696302490708407,0.4616959493411644,0.007302864136717437,0.3398029366235648,0.5773180401803478,0.0,0.21411645536911914,1.0
gex_possorted_bam_SJSO3:GCAGGAAGTACTTAGGx-M1,0.0,0.5071949826815233,0.8180103301246502,0.19058129960177866,0.0,0.0,1.0,0.0,1.0,0.0,1.0,0.9299899835822889,1.0,1.0,0.0,1.0,1.0,0.19093658926968646,1.0,0.0,0.0,0.0,0.0,0.0,1.0,0.3177721024632645,1.0,0.5375604100674677,0.8264690098443944,0.29498432363257227,1.0,0.0,0.0,0.14830607903175858,1.0,0.0,1.0,0.0,0.0,1.0,0.0,1.0,1.0,1.0,0.0,0.09473942430491318,1.0,1.0,0.32696903737155253,0.0,0.8962715643960173,0.25687512692037145,0.0
gex_possorted_bam_SJSO3:GCCAACATCAGGTCCAx-M1,0.0,0.0,0.42120871478874794,0.0,0.0,0.0,0.8969014587638084,0.0,1.0,0.0,1.0,0.4703008438263871,0.3200067761213768,1.0,0.0,1.0,1.0,0.3551990084647303,0.7111172835746608,0.0,0.0,0.0,0.0,0.0,1.0,0.060043448772911,1.0,0.019403112365360017,0.09830991658107882,0.0,0.0,0.0,0.0,0.0,1.0,0.0,1.0,0.0,0.0,1.0,0.0,1.0,1.0,1.0,0.0,0.0,1.0,1.0,0.0,0.0,0.32832095008381956,0.0,0.0
gex_possorted_bam_SJSO3:GCATTAGGTTGTTGTCx-M1,0.0,0.7179173728900365,1.0,0.3539325844386265,0.0,0.7415385454565846,1.0,0.0,1.0,0.3217537826050127,1.0,1.0,1.0,1.0,0.0,1.0,1.0,1.0,1.0,0.0,0.0,0.0,0.0,0.0,1.0,0.4645046507621242,1.0,0.8751834872584899,0.7086267814030311,0.382249998352374,1.0,0.17013010573272458,0.0,0.22518890741230838,1.0,0.0,1.0,0.0,0.0,1.0,0.0,1.0,1.0,1.0,0.0,0.13207729328094622,1.0,1.0,0.49254977718497994,0.10109399023190084,0.8877766681854872,0.35956855481995875,0.0
gex_possorted_bam_SJSO3:GCAGGCAAGTCACTCCx-M1,0.0,0.10711755270212364,0.9192943225107336,0.0,0.0,0.0,1.0,0.0,1.0,0.0,0.69638199829631,0.8840352897415605,0.23862199578267576,0.9857377392454404,0.0,1.0,0.8759600599322426,0.0,0.2752783834175186,0.0,0.0,0.0,0.0,0.0,1.0,0.03568459148555676,1.0,0.15681864338187584,0.2342419695241111,0.0,0.542489270054401,0.0,0.0,0.02101881810852368,1.0,0.0,1.0,0.0,0.0,1.0,0.05583751481958616,1.0,0.7299332946918885,1.0,0.0,0.0,1.0,1.0,0.007807923071118556,0.0,0.1933492711947355,0.0,0.0
gex_possorted_bam_SJSO3:GCAGGTGAGCAGGTGGx-M1,0.0,0.1003223206795521,0.13394317719395768,0.0,0.0,0.0,0.2549512879051211,0.05434209007349079,0.0,0.015072731858838256,0.0,0.35152367476821306,0.0,0.0,0.14577292335194048,0.03921042350204106,0.2890535077378399,0.0,0.0,1.0,0.0869300195596098,0.14994575513251585,0.0,0.38417809252961754,0.0,0.0,0.39959908337397243,0.0,0.0,0.0,0.1609793979694615,0.0,0.0005643385575960236,0.08990841427104411,0.5331581732313068,0.0,0.18249070122577996,0.0,0.05672730057590746,0.4588306548991379,0.1101825338768689,0.4876763884916816,0.0,0.0,0.0,0.0,0.0,0.23020486646412888,0.0,0.0,0.0,0.0,0.02661620364134035
gex_possorted_bam_SJSO3:GCATTAGGTGGATTGCx-M1,0.0,0.0,0.027305323446842902,0.0,0.09909718758671987,0.0,0.0,0.0,0.0,0.08828939742681982,0.3802845895535264,0.0,0.0,0.0,0.07048267212592006,0.0,0.42724706753972913,0.11983896019792652,0.0,1.0,0.4575156734936596,0.5758541746831355,0.07343952821182699,0.6223140405708494,0.0,0.0,0.35958508424621904,0.0,0.0,0.0,0.4677882213164106,0.0,0.07800628012998477,0.0,0.3411162451756677,0.053151871316906,0.0037865629047408957,0.014810927315777565,0.03032568455868293,0.421866459774926,0.0,0.0,0.0,0.0,0.0,0.003551236970725374,0.0,0.04712198890793886,0.0,0.0,0.0,0.0,0.9031509425892856
gex_possorted_bam_SJSO3:GCATGAGCACACAATTx-M1,0.0,0.34584779534920707,1.0,0.0029015419932635293,0.0,0.0,1.0,0.0,0.7279671871393889,0.20702842980743827,0.7581572115362528,1.0,0.23322702410250232,0.7787245976941152,0.0,1.0,1.0,0.0,0.24322042498330743,0.0,0.0,0.0,0.0,0.0,0.8466830114697661,0.01752787949289735,1.0,0.25159298493059734,0.08545989695874029,0.0,1.0,0.0,0.0,0.08896826663803813,1.0,0.0,1.0,0.0,0.0,1.0,0.10999709986642575,1.0,0.8374507208020022,1.0,0.0,0.0,0.7750111156456722,1.0,0.14647639248142194,0.0,0.17368451400669283,0.02131509154276094,0.0
gex_possorted_bam_SJSO3:GCATGAGCAGGGAGCTx-M1,0.0,0.0,0.9474596939682121,0.0,0.6512227318536851,0.4149787459200191,0.8827803734536842,0.3081184365380922,0.3187963386248245,0.0,1.0,0.0,0.0,0.0,0.0,0.0,1.0,1.0,0.0,1.0,0.6087637288816723,0.6492868135019924,0.0831207196256845,0.338794977505221,0.0,0.0,0.8286744274233907,0.0,0.0,0.0,0.0,0.6006340944254046,0.11572934329835714,0.0,0.5014900498455804,0.0,0.0,0.0,0.08900543431689077,0.3214085734516858,0.7695686126976565,0.0,0.0,0.9969695189990243,0.0,0.0,0.32217310851659176,0.3988097522307763,0.0,0.054886450046703096,0.0,0.0,1.0
gex_possorted_bam_SJSO3:GCATGAAAGGACCTGCx-M1,0.0,0.0,0.0,0.0,0.09805143921172937,0.0,0.0,0.0,0.0,0.0,0.5987279048846748,0.0,0.0,0.0,0.0,0.0,0.6154126831841419,0.5757606786459356,0.0,1.0,0.47871327765215743,0.5871469843539499,0.07470436309787917,0.6561115451947342,0.0,0.0,0.4137424523864773,0.0,0.0,0.0,0.0,0.0,0.0955829112417967,0.0,0.26160909961629086,0.0,0.0,0.043685786529530396,0.0,0.09326298003025146,0.0,0.0,0.0,0.0,0.0,0.0,0.0,0.173481268705592,0.0,0.0,0.0,0.0,0.5910721073114171
gex_possorted_bam_SJSO3:GCATATATCAAGGACAx-M1,0.017167202297167127,0.3654024279410103,1.0,0.24004742694280862,0.0,0.0,1.0,0.22924128145120581,1.0,0.32015909814841453,0.6288164379618054,0.9713985685570005,0.6278340776674577,1.0,0.1293967232625598,1.0,0.8008435096237959,0.0,0.5834528184692453,0.0,0.0,0.0,0.0,0.0,1.0,0.2155675975325019,1.0,0.62432622514111,0.48967622811905465,0.2594349451276995,1.0,0.0,0.0,0.22123019213352593,1.0,0.02076759809744554,1.0,0.0,0.025720862634606923,1.0,0.30069249302448825,1.0,1.0,1.0,0.0,0.203550786103405,1.0,1.0,0.3975917972837551,0.2049429916512964,0.4855031193899116,0.2113213743487094,0.1992852006228684
gex_possorted_bam_SJSO3:GCAGGCAAGAACCTACx-M1,0.0,0.5767127251673642,0.8060766862983714,0.0,0.0,0.0,1.0,0.12628973901339144,0.0,0.3452058083770915,0.07226886146859458,0.8507870931389091,0.0,0.07852498323716718,0.3346039690226095,0.6475382857543354,0.7212132486881375,0.0,0.0,1.0,0.1460102701488072,0.0262734058997848,6.338135585451214e-05,0.2893988387810737,0.0,0.0,0.5630264981756865,0.14308438782570293,0.0,0.0,1.0,0.0,0.03453419525668648,0.14215568438163687,0.8936225479106144,0.09519246648593756,0.6067749369840882,0.0,0.1621111764690471,1.0,0.16710447748681245,1.0,0.0,0.34591451989785205,0.0,0.0,0.0,0.60075160225891,0.1043886889730244,0.03151863240122737,0.0,0.0,0.2922801164297807
gex_possorted_bam_SJSO3:GCCAACATCAAACCTAx-M1,0.0,0.0,0.20438142189070685,0.0,0.0,0.0,0.43777098836651,0.0,0.8460032061423022,0.0,0.8596279339966899,0.20076287679775312,0.1669896003497958,1.0,0.0,1.0,0.7887053472774624,0.0,0.38315429215183894,0.0,0.0,0.0,0.0,0.0,1.0,0.0,1.0,0.0,0.18519587787595665,0.0,0.0,0.0,0.0,0.0,1.0,0.0,1.0,0.0,0.0,1.0,0.0,1.0,0.5945210206311802,0.35036807025558797,0.0,0.0,0.8263148473472558,1.0,0.0,0.0,0.2870824038394425,0.0,0.0
gex_possorted_bam_SJSO3:GCCAACATCAGGTTTAx-M1,0.0,0.0,0.2139976020316646,0.0,0.0,0.0,0.0,0.046179835121031326,0.0,0.0,0.4441619510946853,0.0,0.0,0.0,0.14634388317450686,0.0,0.9560075120308,0.6513415803458235,0.0,1.0,0.422003401257019,0.44216314182235883,0.06947396507186752,0.5378222781238987,0.0,0.0,0.3490719099543356,0.0,0.0,0.0,0.0,0.0,0.09745135815013427,0.0,0.2846871195398499,0.0,0.0,0.0,0.0725781077796349,0.12204310790540769,0.11099207691199223,0.4219389168094008,0.0,0.0,0.0674453518241329,0.0,0.0,0.3029309049583624,0.0,0.0,0.0,0.0,0.29759786683795764
gex_possorted_bam_SJSO3:GCAGCTATCAGGTCCAx-M1,0.06255956403032008,0.6164414301861675,1.0,0.20566743695795592,0.8853473816440359,1.0,1.0,0.6893644701994855,0.8403432267689172,0.6845247732140843,1.0,0.0,0.4011196476682712,0.025343533161606643,0.2166651106055954,0.13053638439843307,1.0,1.0,0.1326332578243174,1.0,0.8842728697187976,0.7741852893251984,0.23897316893699272,0.354327276541556,0.2994671280909043,0.13553132124781792,0.7322718070984693,0.3032911857571966,0.5243194716363996,0.0,1.0,0.4770917875401199,0.2911405211272772,0.25654081081188773,0.6341018026348483,0.29114218881802645,0.07057120993835116,0.07922873178832207,0.49159252705135686,0.873078984034939,1.0,0.3241396480958057,0.08991687346992444,1.0,0.1601664509312522,0.3384705366201256,0.7780293511518813,0.1390708059832248,0.40453434514245235,0.44559501289494674,0.0,0.058524338913770055,1.0
gex_possorted_bam_SJSO3:GCATTAGGTGTTGCAAx-M1,0.18376959104972476,0.0,0.5001516916607756,0.0316495046454859,0.8042413554968366,1.0,0.0,0.0,0.0,0.18839991970097936,1.0,0.0,0.0,0.0,0.23276098261818934,0.0,1.0,1.0,0.0,1.0,1.0,1.0,0.32970166533350986,0.8649484455773857,0.0,0.03079925867515323,0.2595025808678799,0.0,0.0,0.25926500605149055,0.6654588474308365,0.4281405589926332,0.30495106309548037,0.0,0.16565455385678562,0.21581603130292654,0.0,0.10036663573660133,0.16718013281732824,0.07359542700124405,0.0,0.0,0.0,0.1405021127690318,0.40157798754197754,0.15256297695026294,0.0,0.015100959864583745,0.12122578801465567,0.31525222500229566,0.0,0.16495420578123837,1.0
gex_possorted_bam_SJSO3:GCATTGCCATTAGGTTx-M1,0.08252037619799417,0.0,0.0,0.0,0.202136277334275,0.15155880408057998,0.0,0.0,0.0,0.0,1.0,0.0,0.0,0.0,0.0,0.0,0.8682739359924255,1.0,0.0,0.6933339695172007,0.5239633272588252,0.6790576195084844,0.1578676459371854,0.6531329632338059,0.0,0.0,0.47580232093973496,0.0,0.0,0.0,0.0,0.11789800300080608,0.14693950789296792,0.0,0.20776861094866533,0.0,0.0,0.07553792963005826,0.0,0.0,0.0,0.0,0.0,0.0,0.013889381446444938,0.0,0.0,0.4568877636898994,0.0,0.0,0.0,0.0,0.6113313000462827
gex_possorted_bam_SJSO3:GCAGCCAGTGGGTGAAx-M1,0.022001155639505568,1.0,1.0,0.12273254336406267,0.39687941251928543,0.7556013065765937,1.0,0.3860077272099004,0.16417208280801177,0.9547870005638891,0.11742076470857923,0.1071835851731758,0.07361910301083036,0.0,0.5707212023001886,0.475334776703872,0.757575326653336,0.0,0.0,1.0,0.6681431514537481,0.633160038649776,0.21697964620350016,0.6510242894877994,0.0,0.0,0.2044044053833683,0.43789528086677826,0.14098464058253568,0.13796032444266854,1.0,0.0,0.27231879889730004,0.27126263573574627,0.4250827948164203,0.40062185985524795,0.3517452622777237,0.04931252398117173,0.44330431607562987,1.0,0.33415149156615526,0.4958310698891552,0.0,1.0,0.25914061049220966,0.28876297322585126,0.027902137347199887,0.0,0.4336204614967105,0.5918205097163383,0.07047294498734946,0.12273626978918664,1.0
gex_possorted_bam_SJSO3:GCAGCTATCTATGACAx-M1,0.0,0.1501775785300705,0.4656526491254352,0.024677247806581794,0.0,0.0,1.0,0.0,1.0,0.0,1.0,0.5032131902274524,0.6573165012547288,1.0,0.0,1.0,1.0,0.41387698579549964,1.0,0.0,0.0,0.0,0.0,0.0,1.0,0.08533912919932615,1.0,0.02946093839575911,0.427913970132874,0.03037279292395634,0.44175513889801227,0.0,0.0,0.04356625214448956,1.0,0.0,1.0,0.0,0.0,1.0,0.0,1.0,1.0,1.0,0.0,0.0,1.0,1.0,0.03403795933396503,0.0,0.4948398299582204,0.03661304815473836,0.0
gex_possorted_bam_SJSO3:GCATCCTTCCTAAGGTx-M1,0.0,0.0,0.0,0.0,0.0,0.0,0.4420948849556064,0.0,1.0,0.0,1.0,0.32098964821303877,0.06736053858559914,1.0,0.0,1.0,1.0,0.9183184230580932,0.8451516965349529,0.0,0.0,0.0,0.0,0.0,0.9478893014611807,0.018660451142305964,1.0,0.0,0.136851898694319,0.0,0.0,0.0,0.0,0.0,1.0,0.0,1.0,0.0,0.0,0.9878713412359146,0.0,1.0,0.5513395841666072,0.0,0.0,0.0,0.8290495021121214,1.0,0.0,0.0,0.14838092525224317,0.0,0.0
gex_possorted_bam_SJSO3:GCCAATAGTAATGACTx-M1,0.04902768647854651,0.0,0.0,0.0,0.258714776300365,0.19227876379785128,0.0,0.0,0.0,0.0,1.0,0.0,0.0,0.0,0.0,0.0,0.9258771009443767,1.0,0.0,0.9352220418077463,0.555780773575532,0.6931676052055029,0.15286605980118928,0.6392935378276566,0.0,0.0,0.45200138043454247,0.0,0.0,0.0,0.0,0.09109749517978152,0.13237053560936565,0.0,0.24362425352996198,0.0,0.0,0.041043695453122093,0.0,0.0,0.0,0.0,0.0,0.0,0.02274284073997125,0.0,0.0,0.3638300941608114,0.0,0.0,0.0,0.0,0.773796916196548
gex_possorted_bam_SJSO3:GCAGGAAGTTAAGCGCx-M1,0.028210611073938706,0.0,0.0,0.0,0.15455006053788609,0.18453389444889512,0.0,0.0,0.0,0.0,0.9877625502087046,0.0,0.0,0.0,0.0,0.0,0.8710872792250387,1.0,0.0,0.9280707774457856,0.5042248140210851,0.6828005702288278,0.10990897223823148,0.6716163696079358,0.0,0.0,0.42770802396942353,0.0,0.0,0.0,0.0,0.12409142928748404,0.10413747512831376,0.0,0.24556586828138302,0.0,0.0,0.04435909940471109,0.0,0.008741864502751386,0.0,0.0,0.0,0.0,0.05644897375088623,0.0,0.0,0.29823983838186674,0.0,0.0,0.0,0.0,0.7307970651677006
gex_possorted_bam_SJSO3:GCAGGATAGAGGATATx-M1,0.07163298254807984,0.0,0.13587872828951927,0.010505191356554072,0.38246067672489514,0.22545294536328328,0.0,0.02757491285138264,0.0,0.02566298088683553,0.6673321918000875,0.0,0.0,0.0,0.0813455747685764,0.0,0.6503363596799542,0.5964505932039806,0.0,1.0,0.7052561039562704,0.7198921675089043,0.18591179829646212,0.7175211434720402,0.0,0.0,0.3288196506125431,0.0,0.0,0.0,0.0,0.0,0.2050137845245477,0.0,0.20812140090522002,0.07640881489430572,0.0,0.124468007817712,0.07544824080225976,0.17745558640878384,0.045100242915059784,0.0,0.0,0.0,0.09287057021282782,0.06123287059584114,0.0,0.11599217101121012,0.0,0.10974124446687698,0.0,0.02141363956117668,0.9197639848231713
gex_possorted_bam_SJSO3:GCCAACATCGTTAACAx-M1,0.036722575735134134,1.0,1.0,0.21936707147597104,0.0,0.535446818100907,1.0,0.6086000425792992,0.22856293215936332,1.0,0.0,1.0,0.0,0.5257247132530215,0.8089457943083254,0.7221087209857368,0.6889000000750743,0.0,0.0,1.0,0.3970218152209628,0.2530380335546716,0.21489152657324512,0.6858790606154007,0.0,0.0,0.030867966730245232,0.6593696879876402,0.3429064670198853,0.16514374319279723,1.0,0.0,0.2828849415154404,0.4962154989520671,0.5981005790521541,0.5327180177711617,0.5174039266828351,0.1592735643755689,0.609577121796232,1.0,0.9892347810031952,1.0,0.0,0.5708377578121087,0.33986660884081304,0.21301181252901194,0.0,0.0,0.4032186764676608,0.5166063524110004,0.0,0.05501059189388871,0.8052900640874691
gex_possorted_bam_SJSO3:GCCAATAGTCCTTCTCx-M1,0.13962554446057948,0.0,1.0,0.07268486292760672,1.0,1.0,0.0,0.0,0.0,0.5385543314981747,1.0,0.0,0.008736312156908154,0.0,0.26492074401688986,0.0,1.0,1.0,0.0,1.0,1.0,1.0,0.3845038775906969,0.8957819083337595,0.0,0.1411256448943133,0.37957467889331836,0.18441038281073052,0.0,0.3937461610157828,0.9316257542323476,0.6722984714124915,0.30492363227180896,0.00973199704047319,0.2192482366063394,0.18275910094847725,0.0,0.04296000483600177,0.1918116183363716,0.16483313042260767,0.17161277986026846,0.0,0.057317683217383945,0.6127655049180144,0.2908105432184848,0.11591292977747683,0.2934516703517843,0.23133394933125873,0.22317617267820025,0.6390924022204042,0.0,0.16565846938015544,1.0
gex_possorted_bam_SJSO3:GCAGCCAGTAGGATCCx-M1,0.07032307184253042,0.0,0.17860421157783296,0.0,0.31095999883294256,0.15100325187596217,0.0,0.03348847678576236,0.0,0.0,0.6685253258097239,0.0,0.0,0.0,0.10620738445416752,0.0,0.7753512817079117,0.694525315790884,0.0,1.0,0.6268505723158777,0.7268186945386224,0.1696710839952418,0.6643452122810837,0.0,0.0,0.4137873360713149,0.0,0.0,0.0,0.0,0.18066526688799403,0.19811113778892006,0.0,0.28722538467945946,0.06240655452708445,0.0,0.029090895027185246,0.020759039092400355,0.10117168420842591,0.0,0.0,0.0,0.0,0.21317786873339598,0.01344948088222386,0.0,0.2085205152545279,0.0,0.09602300642893538,0.0,0.0,1.0
gex_possorted_bam_SJSO3:GCAGGACCACCTCACCx-M1,0.7073000350628792,0.49276741936929613,0.7249350698530825,0.6322845277144818,1.0,1.0,0.0,0.6104420945706526,0.3145805886291144,1.0,0.45716055916523496,0.14298421754261892,0.5059197704327743,0.0,0.8423917314597378,0.03876906628478603,0.40029460699865943,0.5549684258591693,0.16313054074975414,1.0,0.9735680191895094,1.0,0.8751210784044857,0.9650230698753295,0.32505260828538046,0.6835570694611888,0.07812584767433481,0.4891910202046346,0.34917842712872715,0.8154926954353259,0.3271232246010813,0.9220082904306903,0.7884845088938104,0.6078869251929292,0.036430493696181315,0.7220372591790913,0.0,0.6188930151324663,0.694012903080416,0.06974198518700452,1.0,0.0,0.570145911221193,0.5440727340028506,0.8132103067937807,0.6830504160275523,0.44727052471173234,0.0,0.6529645896703536,1.0,0.4458156792226022,0.655294975753778,1.0
gex_possorted_bam_SJSO3:GCATATATCCGGTATGx-M1,0.0,0.0,0.0,0.0,0.0,0.0,0.5501102538277818,0.0,1.0,0.0,1.0,0.44122615245637575,0.0,1.0,0.0,1.0,1.0,0.5781894609055028,0.7385159994412589,0.0,0.0,0.0,0.0,0.0,1.0,0.03408728678851848,1.0,0.0,0.0,0.0,0.0,0.0,0.0,0.0,1.0,0.0,1.0,0.0,0.0,0.9875735783018255,0.0,1.0,0.7405967124768973,0.26795853418693244,0.0,0.0,0.8201404156772901,1.0,0.0,0.0,0.19790111631000745,0.0,0.0
gex_possorted_bam_SJSO3:GCCATTACAAAGGTACx-M1,0.0,0.10892488444262984,0.1880597542548517,0.0,0.0,0.0,0.2967593495315102,0.07129521133119107,0.0,0.09955125679636387,0.0,0.22061326553129992,0.0,0.0,0.24724033556863997,0.0,0.28384259039152127,0.0,0.0,1.0,0.32146987300914953,0.33306638506988,0.0,0.5373132067607277,0.0,0.0,0.36326490366191544,0.0,0.0,0.0,0.5538035835000047,0.0,0.06359181891519522,0.07128452422858425,0.5217177880480223,0.039413175813368846,0.1258364076277946,0.0,0.1073197809502066,0.4699069215157408,0.0,0.26125569583837227,0.0,0.0,0.0,0.0,0.0,0.0,0.0,0.0,0.0,0.0,0.4285575809474706
gex_possorted_bam_SJSO3:GCCTACTTCGTAACGTx-M1,0.0,0.48768802864846367,0.6966922997128216,0.03879907814242434,0.0,0.0,0.0,0.0,0.0,0.0,0.6950870324275537,0.0,1.0,1.0,0.0,1.0,0.2088332653777702,0.14189273431306051,1.0,0.0,0.0,0.0,0.0,0.0,1.0,0.0,1.0,0.0,1.0,0.28237501984159097,0.10625573891111587,0.7553356117688907,0.0,0.45486986121734807,1.0,0.0,1.0,0.0,0.0,1.0,0.7046064850450572,0.0,0.5302119811486692,0.03994634322981147,0.0,0.015094255738494334,1.0,0.01901116661970975,0.0,0.0,1.0,0.0,0.0
gex_possorted_bam_SJSO3:GCCACACAGCCGCTTTx-M1,0.0,0.0,0.2452428922168523,0.0,0.1415978411819699,0.002386175195226518,0.0,0.004160087194932804,0.0,0.013518092884703263,0.507360284359701,0.0,0.0,0.0,0.05728781163205043,0.0,0.6273417315782414,0.3271893226023702,0.0,1.0,0.47617602824994315,0.596513703141631,0.09638889800242073,0.5985780164447065,0.0,0.0,0.4104912202962369,0.0,0.0,0.0,0.32095803036232956,0.01525642513395875,0.11252073815732527,0.0,0.3201569925199226,0.01921773315404616,0.026719627969226004,0.0,0.022607941039113268,0.2616372516000068,0.0,0.0,0.0,0.0,0.0457313767848458,0.0,0.0,0.18931645735446542,0.0,0.0,0.0,0.0,0.8842120665170371
gex_possorted_bam_SJSO3:GCCACACAGTCATTTCx-M1,0.0,1.0,1.0,0.31051859644434343,0.0,0.15591310655508356,1.0,0.15436762465610843,1.0,0.7486508883437748,1.0,1.0,1.0,1.0,0.16295431273508357,1.0,1.0,0.46099374701624507,1.0,0.0,0.0,0.0,0.0,0.0,1.0,0.4726830003123853,1.0,1.0,0.6055801886692472,0.4751412314507677,1.0,0.0,0.0,0.33076018422827225,1.0,0.024870971055705845,1.0,0.0,0.0,1.0,0.30591712538431964,1.0,1.0,1.0,0.0,0.1320532852756082,1.0,1.0,0.6431365789972134,0.17825347513972498,0.8079205723727068,0.3555945652394851,0.0
gex_possorted_bam_SJSO3:GCCAGGTTCATTACGAx-M1,0.15546368440268143,0.0,0.28295268338826035,0.02078633514566969,0.5610202243730773,1.0,0.0,0.00041018344664045574,0.0,0.04918242513581905,1.0,0.0,0.0,0.0,0.15351509928483623,0.0,1.0,1.0,0.0,1.0,1.0,1.0,0.2578513605929618,0.8912959113039991,0.0,0.0,0.2833471577585723,0.0,0.0,0.12572059344786032,0.5440708591134554,0.18188239821213437,0.3041541720105083,0.0,0.13789434680425766,0.14179865328304248,0.0,0.06651238365125463,0.1503559391782446,0.0,0.0,0.0,0.0,0.0,0.33990600492077266,0.08420699156813038,0.0,0.19412234235728407,0.0,0.12695130976812952,0.0,0.0965153395618756,1.0
gex_possorted_bam_SJSO3:GCCCAAATCGGGATTTx-M1,0.12006067487169324,0.0,0.0,0.0,0.4440205766249496,0.4126703495498912,0.0,0.0,0.0,0.04714673599449317,1.0,0.0,0.0,0.0,0.0,0.0,1.0,1.0,0.0,1.0,0.9362171973425445,0.6602861011868372,0.2612321939340863,0.526537256569435,0.0,0.0,0.7463451682537647,0.0,0.0,0.08337240605264419,0.0,0.07176436624272191,0.1606364374572548,0.0,0.3996054511558711,0.14062819340124472,0.3120574954917565,0.09670856560533728,0.0,0.0,0.0,0.03430966983248193,0.0,0.0,0.2543633878030126,0.06096292397984553,0.0,0.6438536728191337,0.0,0.1508004044687521,0.0,0.06337966515815079,0.5922227395212726
gex_possorted_bam_SJSO3:GCCTACTTCATAACGCx-M1,0.0,0.0,0.29970509546289537,0.0,0.3463454042327078,0.21863132613605746,0.0,0.0,0.0,0.029173948334150785,0.796325374829096,0.0,0.0,0.0,0.03456772362648372,0.0,0.8699570481940122,0.7721851697025868,0.0,1.0,0.5411333221063979,0.7196118215043491,0.13958027205920023,0.6600062490944186,0.0,0.0,0.33310036921167757,0.0,0.0,0.03694342585441804,0.0,0.17031357543869338,0.13183445071012553,0.0,0.18459282850323122,0.009962999679336454,0.0,0.008023267361807248,0.02607142032605932,0.0,0.0,0.0,0.0,0.0,0.12363648099910872,0.0,0.0,0.08884961227585803,0.0,0.06519812358052415,0.0,0.0,0.9278518960320968
gex_possorted_bam_SJSO3:GCCTACTTCGCAAACTx-M1,0.0,0.0,0.2601696875026093,0.0,0.0,0.0,0.5374488793375978,0.0,0.942131609037278,0.0,1.0,0.4796004776501848,0.31416905516008686,0.967934420083195,0.0,1.0,0.9067499935720036,0.11282597523118015,0.5451141816247697,0.0,0.0,0.0,0.0,0.0,1.0,0.09314213968551939,1.0,0.09764921346992418,0.17085581455145973,0.0,0.0,0.24152903546595203,0.0,0.04026901397106228,1.0,0.0,1.0,0.0,0.0,1.0,0.0,1.0,0.8935197140024896,0.9899907636695846,0.0,0.0,1.0,1.0,0.0046754357704490036,0.0,0.03867760098313667,0.08374308016672466,0.0
gex_possorted_bam_SJSO3:GCCACACAGCGATAAGx-M1,0.0,0.035200231137269763,0.0,0.010305747710662332,0.0,0.0,0.6576186918062232,0.0,1.0,0.0,1.0,0.48107034581795177,0.29539176633873876,1.0,0.0,1.0,1.0,0.5598926358186999,0.9471019982679619,0.0,0.0,0.0,0.0,0.0,1.0,0.06733075802834612,1.0,0.00038529724342511816,0.15362358654700634,0.0,0.0,0.0,0.0,0.12139211410257575,1.0,0.0,1.0,0.0,0.0,1.0,0.0,1.0,0.9791079263708186,0.5127153549206582,0.0,0.0,1.0,1.0,0.0,0.0,0.32587451575961335,0.0,0.0
gex_possorted_bam_SJSO3:GCCATTACAGAATGACx-M1,0.005769790926715279,0.0,0.0,0.0,0.17535796100709714,0.17563402319529414,0.0,0.0,0.0,0.0,0.8866819954202096,0.0,0.0,0.0,0.0,0.0,0.8940187872428307,0.9748020750493539,0.0,1.0,0.6009271492553573,0.6593853392574159,0.11909631639612142,0.6945863613393053,0.0,0.0,0.4109571502365557,0.0,0.0,0.0,0.0,0.093154725848178,0.11329773176724695,0.0,0.273070268080583,0.0,0.0,0.04426057068116102,0.0,0.0,0.0,0.0,0.0,0.0,0.03930484534601368,0.0,0.0,0.24686535357753475,0.0,0.0,0.0,0.0,0.6595695126924062
gex_possorted_bam_SJSO3:GCCGTGAGTTAGACCAx-M1,0.0,0.06553185269857029,0.295806024690807,0.0,0.0,0.0,0.0,0.0,0.0,0.0,1.0,0.0,0.5039865107066461,1.0,0.0,1.0,0.7534408568865295,0.30786199265509134,0.7453635098957622,0.0,0.0,0.0,0.0,0.0,1.0,0.0,1.0,0.0,0.7902351883407607,0.0,0.0,0.2399639591046003,0.0,0.11357885683305831,1.0,0.0,1.0,0.0,0.0,1.0,0.2300849673258351,0.0,0.4147231802675106,0.08234987335530146,0.0,0.0,0.8849231347233241,1.0,0.0,0.0,0.4666631328289193,0.0,0.0
gex_possorted_bam_SJSO3:GCCATTACAATTATGCx-M1,0.0,0.23436586264653914,1.0,0.09869307483282846,0.0,0.0,1.0,0.0,1.0,0.06968660532569508,1.0,0.7558951329409842,0.6376780510656921,1.0,0.0,1.0,1.0,0.17936549993728032,0.8975112820139759,0.0,0.0,0.0,0.0,0.0,1.0,0.20256951088911246,1.0,0.4417611159418692,0.35549799574529134,0.07894761136024005,1.0,0.0,0.0,0.06613964478603107,1.0,0.0,1.0,0.0,0.0,1.0,0.0,1.0,1.0,1.0,0.0,0.03205520183920418,1.0,1.0,0.18906981217489055,0.0,0.5176476327732312,0.11730552439784703,0.0
gex_possorted_bam_SJSO3:GCCCAAATCCTGAATAx-M1,0.0,0.0,0.06528132135022595,0.0,0.0,0.0,0.46749752007643286,0.0,1.0,0.0,0.890821426996112,0.44874529406419855,0.0,1.0,0.0,1.0,0.8148264681902125,0.0,0.3883927829246833,0.0,0.0,0.0,0.0,0.0,0.8490261332833626,0.0,1.0,0.0,0.05342811745564155,0.0,0.0,0.0,0.0,0.0,1.0,0.0,1.0,0.0,0.0,1.0,0.0,1.0,0.9100684950244792,0.867365291556403,0.0,0.0,0.7699986603358691,1.0,0.0,0.0,0.1636929563495388,0.0,0.0
gex_possorted_bam_SJSO3:GCCATTACAGCATTATx-M1,0.0,0.0,0.5534971725194401,0.0,0.0,0.0,0.8558352203193799,0.0,1.0,0.0,1.0,0.5584632809376389,0.1888355626059352,1.0,0.0,1.0,1.0,0.27925918083138385,0.7221619417061662,0.0,0.0,0.0,0.0,0.0,1.0,0.046732845137873125,1.0,0.005291488013230835,0.0,0.0,0.0,0.0,0.0,0.0,1.0,0.0,1.0,0.0,0.0,1.0,0.0,1.0,1.0,1.0,0.0,0.0,1.0,1.0,0.0,0.0,0.16900115889923029,0.0,0.0
gex_possorted_bam_SJSO3:GCCACAATCATGCTCCx-M1,0.022825419921552983,0.0,0.5251373143399903,0.0,0.37225810776795476,0.3904831177735304,0.0,0.0641657285280325,0.0,0.04807873128892306,0.7550629979162494,0.0,0.0,0.0,0.127201951675176,0.0,1.0,0.92546408807314,0.0,1.0,0.7746374088207056,0.7838851228430013,0.1255951677649652,0.7799986401710819,0.0,0.0,0.3451550718456326,0.0255064143577598,0.0,0.0,0.40562143903213055,0.10570397281093184,0.22098268308756377,0.0,0.26672047664882886,0.048408519172987205,0.0,0.0,0.10202634768903712,0.24418741809708105,0.0,0.0,0.0,0.0,0.17719543800408533,0.0,0.0,0.12259416488425164,0.0,0.04216636338438751,0.0,0.0,1.0
gex_possorted_bam_SJSO3:GCCCATAAGGTCCAATx-M1,0.07018392977429122,0.9864440950508432,0.89491075182871,0.1876239524858382,0.0417480005456769,0.36789778245844196,1.0,0.3610501074246709,0.07021024892237937,0.7930891006888491,0.0,1.0,0.0,0.0,0.7093078736769233,0.518999023888221,0.3145736363157209,0.0,0.0,1.0,0.45412962922318384,0.4722697711951517,0.18400327176238837,0.7367497026187696,0.0,0.0,0.07298563801123263,0.42335831217698827,0.3405748499176136,0.16483028934891933,1.0,0.0,0.27456270329159427,0.42009542012519197,0.5187960704826013,0.4432197644141367,0.3916088659868335,0.11493533718211266,0.4736645473534508,1.0,0.3386133815192258,0.639719728419899,0.0,0.5829288276699632,0.2499429218534804,0.23704221023930172,0.0,0.0,0.34233407999569615,0.34025373575260226,0.0887534444679885,0.1284971046637314,0.7709095065329811
gex_possorted_bam_SJSO3:GCCCGTTGTCATCCTGx-M1,0.043797143460253644,0.0,0.05196308322318337,0.0,0.21348210884896146,0.2881868488494742,0.0,0.0,0.0,0.002558912634118042,0.8415954627117973,0.0,0.0,0.0,0.039990568799987664,0.0,0.7606249556033298,0.8102273606068837,0.0,1.0,0.5681694301504231,0.6763965032621485,0.14473730535903861,0.7227646121314159,0.0,0.0,0.39075458559133147,0.0,0.0,0.001410143628014708,0.4256024408371905,0.09744901524271177,0.12505447296148395,0.0,0.2958045929610814,0.0664316474586319,0.0,0.03047812534491568,0.03699167420230699,0.30224892808005105,0.0,0.0,0.0,0.0,0.09236764409762208,0.03895981357817085,0.0,0.17697551138136217,0.0,0.0,0.0,0.021212920988435524,1.0
gex_possorted_bam_SJSO3:GCCACTAAGCAAGGTAx-M1,0.0850617775212207,0.0,0.0,0.0,0.5275675365244383,0.5810122211969281,0.0,0.0,0.0,0.0,1.0,0.0,0.0,0.0,0.0,0.0,1.0,1.0,0.0,1.0,0.7600581920429482,0.8715067168474855,0.22645578028959304,0.7885119188969871,0.0,0.0,0.41618409811379875,0.0,0.0,0.11115577246993442,0.0,0.23293943932753824,0.1855749902966275,0.0,0.15696715130782565,0.05366315933941301,0.0,0.07391363605445016,0.022519927908903586,0.0,0.0,0.0,0.0,0.0,0.1990138025171728,0.0,0.0,0.17759494799554346,0.0,0.15444732444599824,0.0,0.0033822351781599147,1.0
gex_possorted_bam_SJSO3:GCCCAAATCCGCAACAx-M1,0.0,0.0,0.5053535041755777,0.0,0.5098471292241193,0.25547350189428186,0.0,0.0,0.0,0.1291748262664677,0.7112545606071099,0.0,0.0,0.0,0.04947663004114594,0.0,0.7156314320802455,0.6511301200322004,0.0,1.0,0.5914948755628755,0.753112035050288,0.16596861768050536,0.6293413001374766,0.0,0.0,0.3948224678315559,0.0,0.0,0.029318935187325538,0.19329016036517135,0.20280045338358596,0.1364481766121132,0.0,0.20964648555181611,0.04579599780560643,0.0,0.0303996217029244,0.02069793289114169,0.1871104523326949,0.0,0.0,0.0,0.0,0.12406428658794272,2.2150782283640535e-05,0.0,0.09637635002612314,0.0,0.17271088882915733,0.0,0.0,1.0
gex_possorted_bam_SJSO3:GCCAGGTTCAACAAGGx-M1,0.0,0.0,0.3999827645640657,0.0,0.520615739970591,0.25380247410742507,0.0,0.12303301409065526,0.0,0.0,1.0,0.0,0.0,0.0,0.0,0.0,1.0,1.0,0.0,1.0,0.5776850851879833,0.6868706524877325,0.0915811796716105,0.4656724135179229,0.0,0.0,0.6980221573130773,0.0,0.0,0.0,0.0,0.47860735251459374,0.1442508640524904,0.0,0.2998735529854493,0.0,0.0,0.0,0.0,0.015016561497805735,0.4353749789988651,0.0,0.0,0.0,0.0,0.0,0.0068797039355615345,0.5028608200324919,0.0,0.0,0.0,0.0,1.0
gex_possorted_bam_SJSO3:GCCTCAAAGTGAGAGCx-M1,0.05272134137140503,0.0,0.04851898689607228,0.0,0.3195491293566006,0.34914047555276306,0.0,0.0,0.0,0.0,1.0,0.0,0.0,0.0,0.03184419790346655,0.0,0.9502843251836615,1.0,0.0,1.0,0.6775120767259956,0.8323067465413957,0.18344429915052438,0.650390396645548,0.0,0.0,0.44270368025584406,0.0,0.0,0.0,0.05402853120595066,0.022792636949829113,0.18381397102822125,0.0,0.221999508095744,0.0,0.0,0.0,0.0,0.0,0.0,0.0,0.0,0.0,0.18159827463253944,0.0,0.0,0.3723258700222832,0.0,0.0,0.0,0.0026798517881925312,1.0
gex_possorted_bam_SJSO3:GCCACAATCTGTTCATx-M1,0.0,0.24722838512711062,0.6096332933153936,0.02739409819527561,0.0,0.3140109390253554,1.0,0.0,1.0,0.0,1.0,0.7506690072175002,0.4239469510111707,1.0,0.0,1.0,1.0,1.0,1.0,0.0,0.0,0.0,0.0,0.0,1.0,0.1396131232421547,1.0,0.15230271778694104,0.10574083434549672,0.0,0.0,0.0,0.0,0.0,1.0,0.0,1.0,0.0,0.0,1.0,0.0,1.0,1.0,1.0,0.0,0.0,1.0,1.0,0.020403503230410867,0.0,0.3771151482042855,0.04669016590251799,0.0
gex_possorted_bam_SJSO3:GCCTCAAAGACTTACAx-M1,0.0,0.0,0.571007322969702,0.0,0.0,0.0,1.0,0.0,1.0,0.0,0.8956620184273478,0.9223240878609551,0.3001650241398776,1.0,0.0,1.0,0.911474814176884,0.0,0.4404161708659351,0.0,0.0,0.0,0.0,0.0,1.0,0.03923776824438235,1.0,0.14347246846026068,0.2044951027946711,0.0,0.2636399053921511,0.0,0.0,0.0,1.0,0.0,1.0,0.0,0.0,1.0,0.0,1.0,1.0,1.0,0.0,0.0,1.0,1.0,0.008949850928966234,0.0,0.2620402341947097,0.0,0.0
gex_possorted_bam_SJSO3:GCCATTACAGTTTGGCx-M1,0.0,0.2958159801280797,0.46190059528002403,0.21049363376483823,0.0,0.0,1.0,0.23590169585513357,1.0,0.0,0.5651124032383921,1.0,1.0,1.0,0.0,1.0,0.560432228126172,0.0,1.0,0.0,0.0,0.0,0.0,0.0,1.0,0.3469541039025344,1.0,0.5054353935520478,0.6817775392043237,0.03884402009737472,0.15281561200605678,0.0,0.0,0.2282680426552284,1.0,0.0,1.0,0.0,0.0,1.0,0.0,1.0,1.0,1.0,0.0,0.07320662921787273,1.0,1.0,0.2494184902174866,0.0,1.0,0.1726728771656284,0.0
gex_possorted_bam_SJSO3:GCCATGATCATGCTCCx-M1,0.0,0.0,0.0,0.0,0.0,0.0,0.6732894151967057,0.0,1.0,0.0,1.0,0.33285211838140905,0.0,1.0,0.0,1.0,1.0,0.4024811159517631,0.6497895078101736,0.0,0.0,0.0,0.0,0.0,0.9864876658472499,0.0,1.0,0.0,0.050352673931401595,0.0,0.0,0.0,0.0,0.0,1.0,0.0,1.0,0.0,0.0,1.0,0.0,1.0,0.8981748495460948,0.7435963615879769,0.0,0.0,0.8820864326233924,1.0,0.0,0.0,0.13699416437253886,0.0,0.0
gex_possorted_bam_SJSO3:GCCTACTTCAATTACGx-M1,0.07301904041270399,0.0,0.0,0.0,0.30220546450562313,0.40394273549545767,0.0,0.0,0.0,0.0,1.0,0.0,0.0,0.0,0.0,0.0,1.0,1.0,0.0,1.0,0.7339559283112678,0.8476756000627056,0.16393864282855108,0.7741408195464463,0.0,0.0,0.40975034994478493,0.0,0.0,0.05706103308880314,0.0,0.22043752223096189,0.1865526331346385,0.0,0.19078804205443806,0.0,0.0,0.06353030971174788,0.0,0.0,0.0,0.0,0.0,0.0,0.16577578086336323,0.0,0.0,0.4319180379914481,0.0,0.0,0.0,0.0,0.9749914502385901
gex_possorted_bam_SJSO3:GCCACACAGGCTTAGTx-M1,0.1299039367997928,0.22572575332830133,1.0,0.11978576564426374,0.7187550131906516,1.0,0.4992548595582929,0.0391072745121392,0.19863766266660499,0.47765260064804443,1.0,0.0,0.3748072773888318,0.3356544929459057,0.279168171952256,0.7481576306595057,1.0,1.0,0.35472459632114056,1.0,0.6536715900089491,0.5783374151803758,0.22494227663115815,0.4124140504431046,0.5436249658982333,0.14862312167909766,0.8497408041338591,0.35462854100974533,0.14554911930146577,0.31770238930441663,1.0,0.3331831479068099,0.20863558951620967,0.05263524532185601,0.8741392335021873,0.18563251729517466,0.9037014679358824,0.037037481628179686,0.16819985896365547,0.94781901817168,0.058683122426689785,0.620700184799397,0.5695862267646865,1.0,0.35600292589737376,0.19050850515071305,0.7413275596595457,1.0,0.28276352700705437,0.506860132945351,0.061240328501863825,0.23313425497131507,1.0
gex_possorted_bam_SJSO3:GCCCGTTGTCATTAGGx-M1,0.1554929898156119,0.0,0.9469741036271639,0.09815637722346689,0.9321622395194156,1.0,0.0,0.055210616139025975,0.0,0.3929100813052016,1.0,0.0,0.057537612996204815,0.0,0.2727852315658329,0.010865575429741722,1.0,1.0,0.0,1.0,1.0,1.0,0.30451791564667746,0.8731240723568985,0.0,0.04393785698665778,0.3758893548147289,0.20322876374075227,0.0,0.2936888223841825,0.9558827748031585,0.43266829537977114,0.3506097564214338,0.0,0.2657658003788747,0.21453904831262982,0.0,0.056644631086138715,0.23294540416654566,0.3668406709233051,0.0,0.0,0.0,0.755816731651716,0.42408891365895884,0.14216082161603136,0.19530841353838876,0.25670872965191127,0.23750142749639144,0.4343133202178576,0.0008240632638266731,0.1488117219826981,1.0
gex_possorted_bam_SJSO3:GCCATTACAAAGCTAAx-M1,0.12539967137510125,0.0,0.5432727363680279,0.06017864642555698,0.9411409102226327,0.6857859398062335,0.0,0.0,0.0,0.27254569200319617,1.0,0.0,0.0,0.0,0.1594211642482127,0.0,1.0,1.0,0.0,1.0,0.8991707248800869,0.9515390103571336,0.307134000391988,0.8090086479420834,0.0,0.06500546007726846,0.4688769841011714,0.0,0.0,0.3014459017847197,0.18961569709702092,0.3414052728370368,0.294795280918129,0.0,0.2071154615853706,0.11917224474431715,0.0,0.03917406690820616,0.1617844047451921,0.30315664742125625,0.15698825207736852,0.0,0.0,0.0,0.33541218850104165,0.07185531070357984,0.0,0.2042996974810157,0.06888391123214355,0.4548273195500857,0.0,0.06782197216991925,1.0
gex_possorted_bam_SJSO3:GCCAGGAAGGCGGATGx-M1,0.018436054687498437,0.0,0.0,0.0,0.13650530789030524,0.12333512948231434,0.0,0.0,0.0,0.0,0.9043538832589784,0.0,0.0,0.0,0.0,0.0,0.9971108793002864,1.0,0.0,0.6887926957592087,0.57372471128271,0.5440114347992306,0.12728504887645944,0.5991441795867375,0.0,0.0,0.400803630890409,0.0,0.0,0.0,0.0,0.22559326374523542,0.09177826410088424,0.0,0.22799646500987777,0.0,0.0,0.09591867260418249,0.0,0.0,0.0,0.0,0.0,0.0,0.0,0.0,0.0,0.27739621116285945,0.0,0.0,0.0,0.0,0.6452021640963428
gex_possorted_bam_SJSO3:GCCATGATCACGTTAAx-M1,0.10695060760794066,0.6339634053124834,1.0,0.3450966981593139,0.0,0.9085404611259966,1.0,1.0,0.6945279250135724,1.0,0.266103754861205,1.0,0.32531853058094135,1.0,0.5270737508935102,0.4604812313510728,1.0,1.0,1.0,1.0,0.5178278702768317,0.0045709445124087365,0.48290382278057487,0.20754730996103024,0.041838791509247526,0.11873033145238979,0.2907850391683117,1.0,1.0,0.2747111231924561,0.0,0.0,0.4184482701559933,0.0,0.955781852272881,0.67508118097783,0.22265428525125633,0.5215451859434492,0.8204318160916741,0.5167693944107236,1.0,1.0,0.49878933297197936,0.36566662308017056,1.0,0.0,1.0,0.6939199417324188,0.19376251560469487,1.0,0.0,0.0,1.0
gex_possorted_bam_SJSO3:GCCACTAAGAGAGCCGx-M1,0.32564429400229816,0.0,0.0,0.25119172734223294,0.7043223908828942,0.9216840437980012,0.0,0.21884377299556695,0.0,0.3359099342108205,1.0,0.0,0.0,0.0,0.4651599901847239,0.0,0.881329626543959,1.0,0.032657732265976604,1.0,0.9934482185535894,1.0,0.3711649207345687,0.89178404301158,0.0,0.1208211285501005,0.2240180601918486,0.15001809347623038,0.0,0.3944669989601331,0.5058454052891742,0.22427882526828216,0.3966151728378749,0.18279611382805727,0.18256988980704417,0.40119282025413333,0.0,0.2774747484220507,0.33176777697011434,0.13286357251979228,0.0,0.0,0.028194304358183965,0.0,0.5120307169739392,0.3066317239158266,0.0,0.0,0.19785294246767487,0.3958713069886194,0.0,0.33589120886394874,1.0
gex_possorted_bam_SJSO3:GCCAGGAAGCGATAGAx-M1,0.0,0.0,0.0,0.0,0.0,0.0,0.3125202876264635,0.0,0.8452672092673367,0.0,1.0,0.13278374997008738,0.07842901444792427,1.0,0.0,1.0,0.9731859782220158,0.501605865301122,0.7627696098086796,0.0,0.0,0.0,0.0,0.0,1.0,0.0,1.0,0.0,0.2954112251189971,0.0,0.0,0.0,0.0,0.0,1.0,0.0,1.0,0.0,0.0,1.0,0.0,1.0,0.5835623727378795,0.0,0.0,0.0,0.859189403541811,1.0,0.0,0.0,0.386257572155777,0.0,0.0
gex_possorted_bam_SJSO3:GCCACTAAGGGTTATCx-M1,0.19779609349818633,0.0,0.0,0.02295321173228748,0.5992212612356939,1.0,0.0,0.0,0.0,0.0,1.0,0.0,0.0,0.0,0.1178034692496174,0.0,1.0,1.0,0.39635972624217414,1.0,1.0,1.0,0.31741617605126554,0.9112851778814799,0.0,0.0,0.29123362146580223,0.0,0.0,0.2502385133337671,0.24674069959060332,0.17719921546920192,0.2821213887390407,0.0,0.12953143793518038,0.10672202284261337,0.0,0.09582333724912014,0.06839117147058003,0.0,0.0,0.0,0.0,0.0,0.34757301364577137,0.04704966581211416,0.0,0.39897403736535303,0.0,0.08456449766521479,0.0,0.14286503472084097,1.0
gex_possorted_bam_SJSO3:GCCATTACACGGTACTx-M1,0.07673055518735955,0.0,0.0,0.0,0.3008774039847255,0.4059226243767521,0.0,0.0,0.0,0.0,1.0,0.0,0.0,0.0,0.010114978609099514,0.0,0.9597441510883766,1.0,0.0,1.0,0.7046555489724925,0.8278837639802779,0.20078977568302978,0.7173568620284545,0.0,0.0,0.45069638713879556,0.0,0.0,0.05894412325184539,0.0,0.0,0.197834903002726,0.0,0.20683643801685186,0.008093524919568482,0.0,0.015627320840146945,0.0008136113944121351,0.0,0.0,0.0,0.0,0.0,0.11742771030994345,0.02847174280345284,0.0,0.23372451202749733,0.0,0.033054270375703965,0.0,0.0,1.0
gex_possorted_bam_SJSO3:GCCTACTTCAATACGCx-M1,0.0,0.3282532440255596,0.6610167842819094,0.0,0.0,0.0,0.4241199595393752,0.09071935940678971,0.0,0.29661241225333135,0.0,0.3843154540530545,0.0,0.0,0.3325284151055676,0.0,0.4690187954851247,0.0,0.0,1.0,0.2674278290552726,0.35742862998547187,0.04412989097173175,0.49955658838485706,0.0,0.0,0.2475012384632405,0.005023354667452844,0.0,0.0,0.9175190246642785,0.0,0.07369883958505274,0.19735361865605627,0.4367394571317168,0.12448266737087318,0.1950483618464009,0.0,0.155043784734444,0.5455524497927545,0.11137528131970943,0.36829777750699966,0.0,0.0,0.008606393976105403,0.0,0.0,0.0,0.0,0.017064630236088996,0.0,0.0,0.5824535301910755
gex_possorted_bam_SJSO3:GCCTCAAAGACAAGTGx-M1,0.0,0.37643699639456835,0.2145311673808133,0.0,0.0,0.0,0.5498870030237019,0.07378928018283658,0.0,0.20286597458454778,0.0,0.4395831410063817,0.0,0.0,0.3051298710381788,0.05677956154112469,0.5236428060806394,0.0,0.0,1.0,0.2933848501476402,0.31850941608335825,0.009304338638393056,0.4938357700194602,0.0,0.0,0.3057116803459752,0.0,0.0,0.0,0.6413276638010281,0.0,0.06808932166864404,0.09361716951550356,0.4467474224043729,0.06364150380286741,0.1269073712934338,0.0,0.16959952427903205,0.5393990964791178,0.13933031029483894,0.5800869091028119,0.0,0.0,0.0,0.0,0.0,0.0,0.0,0.0,0.0,0.0,0.36878763849752344
gex_possorted_bam_SJSO3:GCCTACTTCGGGCCATx-M1,0.010814576614633023,0.28972167531305976,0.8395270000066766,0.026066178168654506,0.32583778116679374,0.5241236223682455,0.1365570445425092,0.14327709289101823,0.0,0.48631334778820096,0.47297740220508083,0.0,0.0,0.0,0.2918891300559637,0.0,0.6880229127354481,0.2667117680514132,0.0,1.0,0.6660243588500571,0.8036702197349349,0.1657982687000319,0.7583274774037615,0.0,0.0,0.2682325943898902,0.05890558973613288,0.0,0.011920876425917553,1.0,0.0,0.19656958131450683,0.046075199224198546,0.24663355141376267,0.19593498909977125,0.030838142257463036,0.0,0.16279168744689937,0.6354191598281191,0.0,0.0,0.0,0.4068746648153284,0.1478320528725972,0.12805321940005743,0.0,0.0,0.15589333821297066,0.3067201443547266,0.038478050094748716,0.028338173358855096,1.0
gex_possorted_bam_SJSO3:GCCACACAGCCTGGTAx-M1,0.0017544882985043486,0.0,0.11412608360985607,0.0,0.5526045847022905,0.3775834795379498,0.0,0.0,0.0,0.0,0.9091429141909719,0.0,0.0,0.0,0.05824904484798771,0.0,0.9533144864308581,1.0,0.0,1.0,0.6550470320593164,0.8260614393507761,0.14576707787723472,0.7507460613783548,0.0,0.0,0.3785006014331047,0.0,0.0,0.04845101911805568,0.0,0.15582559588480716,0.15156357774520118,0.0,0.10944076957060156,0.025305246834685127,0.0,0.0,0.002199419237371057,0.0036265637277971283,0.0,0.0,0.0,0.0,0.11295443859792824,0.0,0.0,0.2021122922450275,0.0,0.08794725179817303,0.0,0.0,1.0
gex_possorted_bam_SJSO3:GCCTTAGAGTCTTGAAx-M1,0.0,0.0,0.2452566542137,0.0,0.0,0.0,0.7134368886788459,0.0,0.874926724872874,0.0,1.0,0.4850368965864541,0.10210347202422916,1.0,0.0,1.0,1.0,0.1185258225725327,0.5187687070917179,0.0,0.0,0.0,0.0,0.0,1.0,0.0,1.0,0.0,0.03367736809416541,0.0,0.0,0.0,0.0,0.0,1.0,0.0,1.0,0.0,0.0,1.0,0.0,1.0,0.8130206290393597,0.8639964274070557,0.0,0.0,0.8420096941192434,1.0,0.0,0.0,0.2734853637092674,0.0,0.0
gex_possorted_bam_SJSO3:GCGATATTCTAATTGGx-M1,0.04573744813674955,0.0,0.0,0.0,0.2415739417545345,0.2190421102467382,0.0,0.0,0.0,0.0,0.9916317142243003,0.0,0.0,0.0,0.0,0.0,0.8613838071350215,1.0,0.0,1.0,0.60293258981062,0.7395961349152761,0.14110155734511884,0.663960992413701,0.0,0.0,0.39836421248333326,0.0,0.0,0.0,0.0,0.012216735577556832,0.12414105444118603,0.0,0.23197839727307967,0.0,0.0,0.04373656995895413,0.0,0.0,0.0,0.0,0.0,0.0,0.03133422211890745,0.0,0.0,0.22011793774338295,0.0,0.0,0.0,0.0,0.8030053215348912
gex_possorted_bam_SJSO3:GCCTTAGAGGCTACTGx-M1,0.04753521348488183,0.0,0.0,0.0,0.34668096813857047,0.33385596968272696,0.0,0.0,0.0,0.0,1.0,0.0,0.0,0.0,0.0,0.0,1.0,1.0,0.0,1.0,0.773077366436576,0.8321888971076293,0.15351786494021954,0.7765986476414,0.0,0.0,0.38206775026322776,0.0,0.0,0.06077881245370059,0.0,0.0,0.15865086714361204,0.0,0.1760716832901188,0.0,0.0,0.05625000614002713,0.0,0.0,0.0,0.0,0.0,0.0,0.0196565642208479,0.0,0.0,0.1892386076782596,0.0,0.0,0.0,0.0,0.7583713755420705
gex_possorted_bam_SJSO3:GCCTTACTCCATTACTx-M1,0.0,0.0,0.0,0.0,0.0,0.0,0.0,0.0,0.0,0.0,0.2631166260894657,0.0,0.0,0.0,0.021909953140354876,0.0,0.4726404237557629,0.01923119518872559,0.0,0.9025714667020649,0.29767459492249665,0.36085141299743106,0.03575447953677438,0.5003859800471474,0.0,0.0,0.49441454711064525,0.0,0.0,0.0,0.0,0.0,0.06809764004116531,0.011910941017884914,0.47109697896722713,0.0,0.0,0.0,0.0,0.28098344421526833,0.0,0.16595602521449684,0.0,0.0,0.0,0.0,0.0,0.23027160976157077,0.0,0.0,0.0,0.0,0.3876909056784591
gex_possorted_bam_SJSO3:GCGATATTCATAACTGx-M1,0.0,0.0,0.5024773074599417,0.0,0.0,0.0,0.4384669758751548,0.0,0.3852855832404483,0.0,0.7170034522279232,0.09932755612585356,0.0,0.4800942742647465,0.0,0.8736120983610203,0.8380580195457881,0.14655079827624218,0.0005764906136693719,0.0,0.0,0.0,0.0,0.0,0.47959683224044647,0.0,1.0,0.09147172988658019,0.022775967474994295,0.0,0.07650603354592898,0.0,0.0,0.0,1.0,0.0,1.0,0.0,0.0,0.880327195348938,0.0,1.0,0.399991218486204,0.64426134023721,0.0,0.0,0.23076887301128024,1.0,0.0,0.0,0.07779121321147213,0.0,0.0
gex_possorted_bam_SJSO3:GCCTTGCGTAAGCTTGx-M1,0.0,0.0,0.0,0.0,0.020991151461356473,0.0,0.0,0.0,0.0,0.0,0.4670925774362011,0.0,0.0,0.0,0.0,0.0,0.48575039031036066,0.18979246766279434,0.0,0.918936980487915,0.3659528803355867,0.4579839315061857,0.05454541626151185,0.49841846287278474,0.0,0.0,0.5032061492193362,0.0,0.0,0.0,0.0,0.0,0.04582269490159733,0.0,0.43783848006155063,0.0,0.010006123228839491,0.0,0.0,0.23648224957363972,0.0,0.0,0.0,0.0,0.0,0.0,0.0,0.32453853550898415,0.0,0.0,0.0,0.0,0.6229699799808012
gex_possorted_bam_SJSO3:GCGAGTGAGTCGCTAGx-M1,0.06270300929471687,0.0,0.0,0.0,0.11092855735163364,0.0,0.0,0.20898885376863421,0.1759165086764629,0.0,0.31149318456684016,0.0,0.0,0.3666872336895722,0.0,0.18578137181116558,0.6658880353504565,0.27523516480070354,0.0,0.09521442691061141,0.3240398321018068,0.035378117057043426,0.1132159579345359,0.11136566060038257,0.13132690403340722,0.047378376553365895,1.0,0.0,0.0,0.0,0.0,0.0802469441663812,0.06767536560233017,0.07785302335086612,0.5871519074036174,0.0,0.4682197822258766,0.0,0.0,0.3244338856697025,0.1128923980946113,0.6269299890313735,0.0,0.0,0.0,0.0,0.2437053573426994,1.0,0.0,0.07739215143923298,0.07777464602017867,0.0,0.1537783391554626
gex_possorted_bam_SJSO3:GCCTGAGGTAATCCCTx-M1,0.0,0.0,0.3506672045943603,0.0,0.2936649300702894,0.14877105722081188,0.0,0.0,0.0,0.0852014767189346,0.5772150719864863,0.0,0.0,0.0,0.11495562143855435,0.0,0.7215579275240503,0.4235055802307357,0.0,1.0,0.5324633617908352,0.6892600411173565,0.12378576543274965,0.6345794558395135,0.0,0.0,0.3418351555627859,0.0,0.0,0.0,0.36622082856599497,0.01283383888158403,0.12863034685292554,0.0,0.22338357479406257,0.04111281649467033,0.02692340307495048,0.0,0.046922290423723215,0.20451896067544484,0.0,0.0,0.0,0.0,0.07814440978078353,0.0,0.0,0.12146751071696969,0.0,0.0469521803929147,0.0,0.0,1.0
gex_possorted_bam_SJSO3:GCCTTACTCCAGGTCAx-M1,0.0,0.0,0.37624887734262547,0.0,0.11229968618935088,0.0,0.0,0.0049443754621418135,0.0,0.0,0.3290597893072444,0.0,0.0,0.0,0.0426589440517412,0.0,0.4279232613741603,0.0673951944647083,0.0,1.0,0.47887828569100194,0.5665451926140133,0.05122298174593838,0.8105964117352329,0.0,0.0,0.24962110641654706,0.0,0.09731336340400061,0.0,0.2507877923942776,0.0,0.12079852710358846,0.0,0.2185232280686175,0.027017699386585468,0.04499530329160687,0.0802819002803585,0.07945688840641904,0.4329112852634024,0.050711702957062246,0.0,0.0,0.0,0.0,0.0,0.0,0.011150974944381057,0.0,0.0,0.0,0.0,0.4830175416199398
gex_possorted_bam_SJSO3:GCCTGAGGTCACCAAAx-M1,0.03705270853208302,0.0,0.22421555125064196,0.0,0.43484299335755483,0.1246071521997061,0.0,0.0,0.0,0.0,0.7740393831345114,0.0,0.0,0.0,0.00949824735681018,0.0,0.8693598691614662,0.9343764385961496,0.0,1.0,0.724389065781609,0.7166278721133889,0.16480693513289116,0.6858478432389474,0.0,0.0,0.41836330187845155,0.0,0.2251873286538205,0.0,0.0,0.0,0.15899158912249498,0.0,0.22630399117636724,0.0,0.0,0.04376874758170253,0.0,0.06339464757944803,0.03456634885636719,0.0,0.0,0.0,0.010701006114450835,0.0,0.0,0.21407449232293038,0.0,0.0,0.0,0.0,0.6014644227044718
gex_possorted_bam_SJSO3:GCCTCCATCCTTGAGGx-M1,0.0,0.3485275923207006,0.039056876452569625,0.0,0.0,0.0,0.41835054565154994,0.04692279752274348,0.0,0.032296418909876154,0.22160798295511708,0.6929286236917714,0.0,0.13165045823774066,0.27060463759938264,0.2711028275815728,0.9572419336034235,0.25315594884626114,0.0,1.0,0.26739559225516074,0.16016549559695872,0.010930378362525656,0.47688839664369176,0.0,0.0,0.2888194226876804,0.0,0.0,0.0,0.04880534867356184,0.0,0.027688102651122457,0.07701818476472275,0.5616510800614836,0.006179560464426012,0.07547294039591752,0.0,0.16825126089414236,0.47856535576891024,0.22210923443423866,0.9483530730611672,0.0,0.0,0.0,0.0,0.0,0.36692832748030035,0.0,0.0,0.0,0.0,0.0
gex_possorted_bam_SJSO3:GCCTCGACATCCCTCAx-M1,0.0,0.0,0.0,0.0,0.0,0.0,0.0,0.0,0.42833490118486417,0.0,1.0,0.0,0.0,0.7547016783751301,0.0,0.8215287252618785,0.9051692010105616,0.49379473539269275,0.3127106125136716,0.0,0.0,0.0,0.0,0.0,0.36231719743517815,0.0,1.0,0.0,0.03739936923387271,0.0,0.0,0.0,0.0,0.0,1.0,0.0,1.0,0.0,0.0,0.6874074493836724,0.0,1.0,0.2782733353719116,0.0,0.0,0.0,0.23768290409631646,1.0,0.0,0.0,0.03307059331587031,0.0,0.0
gex_possorted_bam_SJSO3:GCGATTTAGGCCTTAGx-M1,0.0,0.0,0.15303141036644904,0.0,0.0,0.0,0.0,0.0,0.0,0.0,0.9752038458726172,0.0,0.437660739102579,1.0,0.0,1.0,0.6112329781185284,0.2656938946740583,0.7052773205549434,0.0,0.0,0.0,0.0,0.0,0.9111110531351826,0.0,1.0,0.0,0.773928344184639,0.0,0.0,0.2584841334276882,0.0,0.10685199941774677,1.0,0.0,0.8480102524227748,0.0,0.0,1.0,0.2590592579122159,0.0,0.27818839171586884,0.0,0.0,0.0,0.6878067387155983,0.8798550843899878,0.0,0.0,0.4741847195813375,0.0,0.0
gex_possorted_bam_SJSO3:GCCTGTGCATTAGCGCx-M1,0.0,0.0,0.4754980342124236,0.0,0.0,0.0,0.5773602064208772,0.0,1.0,0.0,0.7029479454314982,0.6420155624649785,0.021592018722882227,1.0,0.0,1.0,0.6805009594050174,0.0,0.1694859727546315,0.0,0.0,0.0,0.0,0.0,0.9420977396528195,0.0,1.0,0.0,0.030996781325810883,0.0,0.0,0.0,0.0,0.0,1.0,0.0,1.0,0.0,0.0,1.0,0.0,1.0,0.9680587249899802,1.0,0.0,0.0,1.0,1.0,0.0,0.0,0.17142992403469978,0.0,0.0
gex_possorted_bam_SJSO3:GCGATTAGTTAGCCAAx-M1,0.0,0.0,0.014263254848318434,0.0,0.0,0.0,0.20477699620358658,0.0,0.673096769955916,0.0,0.8946460344979906,0.0,0.0,0.7423603858073468,0.0,0.797049708360954,0.903778434042694,0.20594630398008565,0.21120539352434362,0.0,0.0,0.0,0.0,0.0,0.5368415075193712,0.0,1.0,0.0,0.0,0.0,0.0,0.07401933262951108,0.0,0.0,1.0,0.0,1.0,0.0,0.0,0.8192505898512362,0.030851586722529915,1.0,0.4135157221205343,0.06164971416097682,0.0,0.0,0.5226824514152782,1.0,0.0,0.0,0.018267938198970744,0.0,0.0
gex_possorted_bam_SJSO3:GCCTGTGCATCCCGCTx-M1,0.0,0.8294915190689558,1.0,0.15983853528792694,0.0,0.11200738439353478,1.0,0.0,1.0,0.3559328172986229,1.0,1.0,0.8629559583955559,1.0,0.0,1.0,1.0,0.6097034604250574,1.0,0.0,0.0,0.0,0.0,0.0,1.0,0.25645307015821167,1.0,0.6447111272779465,0.16681448169359253,0.23222774948325275,1.0,0.0,0.0,0.1708936258347967,1.0,0.0,1.0,0.0,0.0,1.0,0.19404477394375802,1.0,1.0,1.0,0.0,0.0,1.0,1.0,0.32694416316974056,0.004109059171966218,0.49558239008681226,0.16508649728293762,0.0
gex_possorted_bam_SJSO3:GCCTTAACATGACTATx-M1,0.2002968004983509,0.22716952295988244,1.0,0.2069116181509185,1.0,1.0,0.0,0.15586260326055576,0.0,0.7870653816686757,1.0,0.0,0.14269173820158387,0.0,0.5435933346214895,0.17699550246148357,1.0,1.0,0.0,1.0,0.8779939247488031,1.0,0.47482334418210453,0.7318095407883463,0.0,0.22530395651055493,0.3093730448224927,0.2619197540205584,0.0,0.42736397364590717,1.0,0.4635547787558933,0.40047144430279824,0.15808447833648054,0.23866284676378552,0.3583357392044127,0.0,0.10626219272163774,0.3498389916238105,0.4266642221589987,0.5724357909516107,0.0,0.19041776172369962,1.0,0.4432276964448688,0.31293000517532576,0.4202154477261735,0.0,0.33949419641471723,0.8243018474718777,0.0,0.24815287520700222,1.0
gex_possorted_bam_SJSO3:GCGAGTGAGCGATAGAx-M1,0.11751256800407828,0.0,0.2784316956514313,0.04102296931717192,0.2964202692438233,0.4265761010168756,0.0,0.08492171055996031,0.0,0.15294701099483876,0.6851666888361418,0.0,0.0,0.0,0.15494106922496068,0.0,0.7009794415378231,0.7116417556109819,0.0,1.0,0.717660717629191,0.7944159503886371,0.19765893856838815,0.8491904542444892,0.0,0.0,0.3448971481611767,0.03611459272574967,0.11049050459528782,0.05749763841307587,0.8385074151866327,0.15888002544594187,0.2343322305734101,0.03517939943531562,0.24623628951371407,0.16771777679252595,0.026040588073930754,0.04354813904200498,0.133936531196656,0.3634961865290044,0.0,0.0,0.0,0.0,0.24013247045597463,0.11354006308636416,0.0,0.009799436299290573,0.060210767618814415,0.1320636955649542,0.06722085373499181,0.06961535307029947,1.0
gex_possorted_bam_SJSO3:GCCTTTGGTTATTGCCx-M1,0.034849035308797856,0.0,1.0,0.0,0.7478311181386083,0.8548525466296588,0.7427618584830423,0.30060329705729333,0.011738529152815928,0.012862486025127514,1.0,0.0,0.04264209645804952,0.0,0.0,0.0,1.0,1.0,0.01802257327124926,1.0,0.8534405224168835,0.8643587253301565,0.15227737052719348,0.5596965939718309,0.0,0.0,0.7196708955387672,0.0,0.0,0.0,0.19798298616249677,0.5630700905213635,0.20914432461488733,0.0,0.41750093002508865,0.03703281989455205,0.0,0.0,0.10546506128912601,0.3172808848633784,0.5296988805601557,0.0,0.0,1.0,0.12349796177346688,0.05078751595137556,0.4037896708996115,0.3226149264608,0.03657519717410414,0.11386578713960789,0.0,0.0,1.0
gex_possorted_bam_SJSO3:GCCTGACAGATGCCTGx-M1,0.04655829089252875,0.4639375099869553,0.9039902545096313,0.04389066990852104,0.22222005986176718,0.21961542768699702,0.44829243510723277,0.1569227130426293,0.0,0.5688213271080245,0.0036073195091861276,0.08783809539375032,0.0,0.0,0.4199192876101107,0.04438964683957805,0.295498544770348,0.0,0.0,1.0,0.565743581435537,0.6340084206530823,0.20153127323366526,0.6712738129314351,0.0,0.0,0.19279733048108427,0.13238222361713417,0.16354643063098845,0.057483342376277384,1.0,0.0,0.20961245813340157,0.18835684484413723,0.4409224801157654,0.2826672299648893,0.2688072158194998,0.03361130770717071,0.2737170574777232,0.774130922418856,0.046480753616206634,0.17745402051472603,0.0,0.427614237559687,0.1377507609604379,0.1802679131228442,0.0,0.0,0.2199947218675138,0.3160031093066376,0.05745172085910356,0.08868133616051242,1.0
gex_possorted_bam_SJSO3:GCCTTTATCTAGCGTGx-M1,0.008395371502596472,0.0,0.0,0.0,0.13642198881010265,0.0,0.0,0.0,0.0,0.0,0.6531200596461844,0.0,0.0,0.0,0.0,0.0,0.6910668535094768,0.733866962433916,0.0,0.958459220502089,0.45294832399711726,0.5443863886703357,0.08765960561407349,0.5592877243837333,0.0,0.0,0.48391065119852844,0.0,0.0,0.0,0.0,0.11898954948462255,0.10299672376937122,0.0,0.2896973875144844,0.0,0.0,0.02931636014812466,0.0,0.0,0.0,0.0,0.0,0.0,0.0,0.0,0.0,0.3915796309365304,0.0,0.0,0.0,0.0,0.6644894320864231
gex_possorted_bam_SJSO3:GCGAGTGAGGCATTGTx-M1,0.0,0.4155036442818209,1.0,0.10142043017012646,0.0,0.0,1.0,0.0,1.0,0.0,1.0,0.6246433769130713,0.7523749687919872,1.0,0.0,1.0,1.0,0.3368441961550969,1.0,0.0,0.0,0.0,0.0,0.0,1.0,0.18130672975411735,1.0,0.4531800033670936,0.22444424991842352,0.2346905174643313,1.0,0.0,0.0,0.1688072145485268,1.0,0.0,1.0,0.0,0.0,1.0,0.0,1.0,1.0,1.0,0.0,0.028525556973908624,1.0,1.0,0.23419859519788377,0.0,0.47633653339988213,0.15085115956095924,0.0
gex_possorted_bam_SJSO3:GCCTTTATCGTTAGTAx-M1,0.0,0.0,0.0,0.0,0.0,0.0,0.5151791202566556,0.0,1.0,0.0,1.0,0.3637988099752232,0.07829657683957619,1.0,0.0,1.0,1.0,0.4906030433311251,0.648868678464558,0.0,0.0,0.0,0.0,0.0,0.9757065283371505,0.002928809630568729,1.0,0.0,0.11008665821248771,0.0,0.0,0.0,0.0,0.0,1.0,0.0,1.0,0.0,0.0,1.0,0.0,1.0,0.7909853727755219,0.5727296792407782,0.0,0.0,0.8409070673184805,1.0,0.0,0.0,0.0868258796832341,0.0,0.0
gex_possorted_bam_SJSO3:GCGATTAGTGTTTGCTx-M1,0.03502951879726556,0.0,0.0,0.0,0.25432898603755894,0.12076660092935548,0.0,0.0,0.0,0.0,1.0,0.0,0.0,0.0,0.0,0.0,0.9569858465192924,1.0,0.0,0.78075305266989,0.49994957856021593,0.7069566153552768,0.14871372844676575,0.5469141108889504,0.0,0.0,0.4720527418539421,0.0,0.0,0.0,0.0,0.014658952047999312,0.10408059690581428,0.0,0.20870816319294633,0.0,0.0,0.04660006791718194,0.0,0.0,0.0,0.0,0.0,0.0,0.016341046247159107,0.0,0.0,0.4621415665852083,0.0,0.0,0.0,0.0,0.7933206114956409
gex_possorted_bam_SJSO3:GCCTTAACAACCCTAAx-M1,0.09901408219082176,0.0,0.10381990402636018,0.0,0.48609024517127736,0.7465334768862438,0.0,0.0,0.0,0.028780560050310433,1.0,0.0,0.0,0.0,0.10630548979768442,0.0,1.0,1.0,0.0,1.0,0.8649126372724116,0.9952112759547826,0.21719459077559697,0.8292456724284544,0.0,0.0,0.307949468996863,0.0,0.0,0.11731099184831884,0.32393728845346387,0.2170900960581022,0.22898608097349044,0.0,0.15199471567790696,0.09269430809774108,0.0,0.05440060226220041,0.07207519869317652,0.017492123409685152,0.0,0.0,0.0,0.0,0.25461983770618,0.040242867820681844,0.0,0.08636649642325321,0.0,0.06645021704277079,0.0,0.0689490947616185,1.0
gex_possorted_bam_SJSO3:GCCTTAGAGCTCATAAx-M1,0.05041840344276984,0.0,0.0,0.0,0.2392516068765526,0.2896040528939837,0.0,0.0,0.0,0.0,1.0,0.0,0.0,0.0,0.0,0.0,1.0,1.0,0.0,1.0,0.632143214407175,0.8159568656038837,0.1482325721097385,0.7483570075650643,0.0,0.0,0.3821418245708286,0.0,0.0,0.0,0.0,0.2986996178227759,0.1365391745660582,0.0,0.19595857390159357,0.0,0.0,0.024987749162936626,0.0,0.0,0.0,0.0,0.0,0.0,0.10303573977137216,0.0,0.0,0.3749413303244378,0.0,0.0,0.0,0.0,1.0
gex_possorted_bam_SJSO3:GCGAAGCCATCCCTCAx-M1,0.0,0.0,0.0,0.0,0.01320618423086478,0.0,0.0,0.0,0.0,0.0,0.327411619553925,0.0,0.0,0.0,0.007665000361553035,0.0,0.34600843512801543,0.0,0.0,1.0,0.3998790304043606,0.5539128608326752,0.0540899392951807,0.6269569349339958,0.0,0.0,0.4541579482617266,0.0,0.0,0.0,0.23995575097184413,0.02059160163918014,0.07679131160322243,0.0,0.3330985063209231,0.0,0.016283611875014616,0.0,0.0,0.28154633873156537,0.0,0.0,0.0,0.0,0.01212636713788898,0.0,0.0,0.06553100863076314,0.0,0.0,0.0,0.0,0.8435081605982794
gex_possorted_bam_SJSO3:GCCTCGACACATTGCAx-M1,0.03323225494943737,0.0,0.0,0.0,0.2393133314222003,0.1355933316311413,0.0,0.0,0.0,0.0,0.9657911491219595,0.0,0.0,0.0,0.0,0.0,0.8654668847086454,1.0,0.0,1.0,0.5510320340489728,0.7115827888297814,0.13132659732008303,0.667536180462044,0.0,0.0,0.43432984705998706,0.0,0.0,0.0,0.0,0.09575597251870284,0.11709773358324486,0.0,0.2120291657307953,0.0,0.0,0.028535670257542264,0.0,0.0,0.0,0.0,0.0,0.0,0.028885264462928318,0.0,0.0,0.3091885485772929,0.0,0.0,0.0,0.0,0.7965926727835985
gex_possorted_bam_SJSO3:GCCTGTGCATCACAGCx-M1,0.0,0.9391421026120756,1.0,0.6057822609871774,0.0,0.11078934736874406,1.0,0.20594834066351608,1.0,0.5614359954845384,1.0,1.0,1.0,1.0,0.05644965344251842,1.0,1.0,0.41169628525550084,1.0,0.0,0.0,0.0,0.0,0.0,1.0,0.8889444992661144,1.0,1.0,1.0,0.8269490845933064,1.0,0.0,0.0,0.42269611045057126,1.0,0.0,1.0,0.0,0.0,1.0,0.0,1.0,1.0,1.0,0.0,0.35977039667776445,1.0,1.0,0.8230639850647303,0.4393705019479723,1.0,0.6877299088166848,0.0
gex_possorted_bam_SJSO3:GCCTTAACAGCAATAAx-M1,0.0,0.0,0.0698198096586705,0.0,0.0,0.0,0.7261598357827465,0.0,0.968714147727927,0.0,1.0,0.38421526582836196,0.08759747355826429,1.0,0.0,1.0,1.0,0.8635587268439303,0.8946121014232099,0.0,0.0,0.0,0.0,0.0,1.0,0.021778500069869425,1.0,0.0,0.0,0.0,0.0,0.0,0.0,0.0,1.0,0.0,1.0,0.0,0.0,1.0,0.0,1.0,0.8165211612815856,0.5774812874679419,0.0,0.0,0.9649998961557099,1.0,0.0,0.0,0.20825219318712124,0.0,0.0
gex_possorted_bam_SJSO3:GCGATTAGTGTTAAACx-M1,0.0,0.1240434829713198,0.3814430308312818,0.0,0.0,0.0,0.0,0.0,0.0,0.0,0.8738782023442446,0.0,0.7201491074302064,1.0,0.0,1.0,0.37529622556674697,0.1317806973583417,0.9336819806271215,0.0,0.0,0.0,0.0,0.0,1.0,0.0,1.0,0.0,1.0,0.03230870678723869,0.0,0.42515388721011743,0.0,0.22638540139559815,1.0,0.0,0.45403286781649715,0.0,0.0,1.0,0.5140723879880997,0.0,0.29826435755316977,0.0,0.0,0.0,0.6871172660069392,0.21210908338114784,0.0,0.0,0.7471444826316342,0.0,0.0
gex_possorted_bam_SJSO3:GCGATATTCCATTACTx-M1,0.09388739826776153,0.0,0.6909013484401614,0.0,0.6719984786714138,0.9109295554913989,0.0,0.009193978535023862,0.0,0.24392050127949313,1.0,0.0,0.0,0.0,0.2139649186861281,0.0,1.0,1.0,0.0,1.0,0.9567837958420305,1.0,0.236057805087374,0.8233327411276955,0.0,0.0,0.37884526333170154,0.049760842515019575,0.0,0.17144660730503683,0.6687678903865406,0.2134508062307441,0.29582544833691726,0.0,0.21666057552548437,0.10816178933346009,0.0,0.037188323936887265,0.1412680633238736,0.1277215841190358,0.0,0.0,0.0,0.0,0.3645476967104321,0.06131356165277598,0.0,0.03826392979780357,0.050814367631685724,0.25810365872968477,0.0,0.061871148448372805,1.0
gex_possorted_bam_SJSO3:GCCTCGACAATAATCCx-M1,0.0,0.0,0.047237443882717146,0.0,0.0,0.0,0.08873645350952535,0.0,0.2718745495118133,0.0,0.9576991604245407,0.11324404736471806,0.0,0.5249552991496051,0.0,0.6906123676180334,1.0,0.542944564077965,0.14419825155350283,0.0,0.0,0.0,0.0,0.0,0.18429526319688372,0.0,1.0,0.0,0.0,0.0,0.0,0.0,0.0,0.0,1.0,0.0,0.9578495329291489,0.0,0.0,0.714506315974842,0.0,1.0,0.0,0.0,0.0,0.0,0.1474524366158898,1.0,0.0,0.0,0.0,0.0,0.0
gex_possorted_bam_SJSO3:GCCTCGACATGGTTATx-M1,0.0,0.6014384181063174,0.8459331186009834,0.0,0.16329157374325123,0.1499754158482076,0.6524300974712685,0.15339327265355468,0.0,0.6051369107077003,0.0,0.518748647484732,0.0,0.0,0.4251700534505793,0.0,0.4437037312118545,0.0,0.0,1.0,0.6591736886828626,0.5057603403546944,0.1419414238220038,0.5889623681094512,0.0,0.0,0.2777774634781437,0.14948192799889748,0.0,0.0,1.0,0.0,0.16849319431902046,0.14789303520297484,0.4756301939977045,0.19247666576179018,0.330233571982447,0.0,0.25142498196806506,0.8231281540264156,0.1250649180250697,0.2985866469268013,0.0,0.015035184561347807,0.0,0.07888129121418613,0.0,0.0,0.13271695361349653,0.3256948386787363,0.0,0.0,0.9717533776625393
gex_possorted_bam_SJSO3:GCCTGAGGTAGCTAGCx-M1,0.11059916791700468,0.0,0.0,0.0022908371283982044,0.40793539828685166,0.43144636681994464,0.0,0.0,0.0,0.0037274400225512003,1.0,0.0,0.0,0.0,0.0,0.0,1.0,1.0,0.0,1.0,0.5819575273698581,0.804332539600693,0.20336306834332207,0.6607989303226682,0.0,0.0,0.44779625072077606,0.0,0.0,0.14760851722864293,0.0,0.21727896465207913,0.18381687885757664,0.0,0.24460210155404127,0.06533774883581489,0.0,0.09887087524262643,0.023808369837790794,0.0,0.0,0.0,0.0,0.0,0.1663292220801224,0.00765310282865903,0.0,0.34780361586067404,0.0,0.15717975042337343,0.0,0.053785272256111016,0.9834478722441441
gex_possorted_bam_SJSO3:GCGAAGTAGTAGCGGGx-M1,0.256838209620716,0.03331984117444252,0.25442355871013733,0.15928800294052634,0.6192810543082098,1.0,0.0,0.15692802196245062,0.0,0.138274691929163,1.0,0.0,0.0,0.0,0.21667888518379344,0.0,1.0,1.0,0.05721312860133716,1.0,0.7683994581705996,0.9715722476990503,0.45680235830002514,0.8701014738951709,0.0,0.0807512648818858,0.307365720179317,0.0,0.0,0.36481957261614895,0.6688721966556272,0.37119668368899456,0.33298569438162884,0.16712675697699436,0.11211924610320083,0.23730988779406875,0.0,0.22411938888870941,0.2367363116902529,0.11692107977879697,0.18927680356777424,0.0,0.0,0.1731685460210445,0.36077360266676123,0.32889393958265883,0.0,0.0,0.10694501819589988,0.42735338311914645,0.0,0.25779886104262106,1.0
gex_possorted_bam_SJSO3:GCGATTTAGTCATCCCx-M1,0.02157143458862338,0.5090851703262022,1.0,0.01771684931456823,0.3396881963075992,0.4384867892252339,0.5167762293339283,0.19157914337759013,0.0,0.6061513297136077,0.2113954716602515,0.0,0.0,0.0,0.3805100923086407,0.0772061960363061,0.5225241261778998,0.0,0.0,1.0,0.67531577259731,0.6786049705469729,0.1542186577129735,0.7274295387583283,0.0,0.0,0.26828789556970567,0.15034791689093002,0.049220624298360355,0.11409422783841144,1.0,0.0,0.22609763594679758,0.11217861888972468,0.3781733610327771,0.256376784209726,0.16303309872162994,0.018673173444729158,0.24506552123035177,0.816801478998947,0.0,0.0,0.0,0.9794372690877043,0.20460611689381372,0.18528259656235296,0.0,0.0,0.2875995104563168,0.3519604452448154,0.11293272033087447,0.05873696547652582,1.0
gex_possorted_bam_SJSO3:GCGCGATTCCGTGACAx-M1,0.1250790832613591,0.0,0.0939790456461176,0.14009788936463105,0.16525601225015346,0.2574140562843535,0.0,0.03553108919418168,0.0,0.04579521409619478,0.5486708314367675,0.0,0.0,0.0,0.0,0.0,0.5530916886815693,0.4538193957089342,0.0,0.9743832632518089,0.4712686304765069,0.6369467725083607,0.23112738880085795,0.5687071895180044,0.0,0.0,0.43514043889890275,0.0,0.0,0.0,0.0,0.0,0.2547307075168522,0.025869938188281507,0.13587844875643945,0.10801796575383615,0.0,0.12737796485220307,0.13821875277888032,0.0,0.468756456720907,0.0,0.0,0.0,0.0,0.07141582831152435,0.0,0.3633899087235128,0.026882522935416445,0.09388421322371572,0.0,0.034718549617044556,0.7150291072927308
gex_possorted_bam_SJSO3:GCGCTTAAGCCTGAGCx-M1,0.09576292851788497,0.0,0.32405364479317567,0.016708868346355692,0.43600377841429355,0.47670334442237633,0.0,0.16757736266454995,0.0,0.0,1.0,0.0,0.0,0.0,0.029427032076274645,0.0,1.0,1.0,0.0,1.0,0.7269626592843156,0.782894785839931,0.16000429774708497,0.674200345920469,0.0,0.0,0.4805825701960381,0.006649243076771288,0.0,0.0,0.0,0.39571938678648505,0.2217852259845151,0.0,0.2567369442084551,0.08964239793153224,0.0,0.05519666023863029,0.08933730664101609,0.12412762586869036,0.09929114340539376,0.0,0.0,0.0,0.22077383189725563,0.02665860992232775,0.0,0.2756438714023281,0.0,0.08661983205526219,0.0,0.0,1.0
gex_possorted_bam_SJSO3:GCGCTTAAGCAGCTCAx-M1,0.0,0.0,0.0,0.0,0.23480287112827625,0.0,0.0,0.0,0.0,0.0,0.581479265861077,0.0,0.0,0.0,0.0,0.0,0.6072359977614168,0.48353021295485527,0.0,1.0,0.3964315277012967,0.6413985478288644,0.11154533406234975,0.5679607580336387,0.0,0.0,0.371114234758763,0.0,0.0,0.0,0.0,0.06984882459236914,0.07609746570824304,0.0,0.256546205023153,0.0,0.0,0.0,0.0,0.04814832484449004,0.0,0.0,0.0,0.0,0.006989011998183318,0.0,0.0,0.2186873153800017,0.0,0.0,0.0,0.0,0.687393983034725
gex_possorted_bam_SJSO3:GCGCTTGCAGGCTGTTx-M1,0.0,0.02634106241891433,0.17850620029338152,0.0,0.0,0.0,0.0,0.029476827870181334,0.0,0.0,0.10970090080734621,0.0,0.0,0.0,0.045707635170457436,0.013821435569023384,0.211490620712232,0.0,0.0,1.0,0.2264280799767049,0.4099813126567598,0.050247508966580534,0.5558108710712184,0.0,0.0,0.31986671415279555,0.0,0.0,0.0,0.6918806705023924,0.0,0.02666798569887394,0.0,0.3638075240667722,0.030674555756195515,0.11385613611386615,0.0,0.0,0.619673488475269,0.0,0.0,0.0,0.0,0.0,0.0,0.0,0.10269037886584671,0.0,0.0,0.0,0.0,0.6916184903348145
gex_possorted_bam_SJSO3:GCGGGTTTCGCACAATx-M1,0.04682054319670566,0.0,0.3188518929039104,0.0,0.31728103909073774,0.4377237295146808,0.0,0.024178614003386296,0.0,0.04047828575744903,0.8721896835438755,0.0,0.0,0.0,0.11494507594392014,0.0,0.9136734212975055,1.0,0.0,1.0,0.7194657581204925,0.7699432713088193,0.19000274634232325,0.7067190667379928,0.0,0.0,0.34317765693147106,0.0,0.0,0.020149475872407344,0.5253101709825796,0.0,0.18747322490085083,0.0,0.27550716125200175,0.08378743869108207,0.0,0.03858415860859863,0.057658559083090095,0.15541062426783506,0.0,0.0,0.0,0.0,0.18790313251964766,0.061879697597520336,0.0,0.1988351228232308,0.0,0.06342341443967027,0.0,0.011075699227897966,1.0
gex_possorted_bam_SJSO3:GCGCTTGCAGGGAGCTx-M1,0.11901450479380382,0.6761855564418412,1.0,0.3289728265551352,0.7755160829109858,1.0,1.0,1.0,1.0,0.777316234882548,0.9066786786168844,0.0,0.5356802026999937,0.8593577366662185,0.18205611066131014,0.2035667002225865,1.0,1.0,0.46036634263286075,1.0,0.706025506753961,0.5659039111185793,0.31196633841892824,0.20915775437884146,0.5446349236721767,0.262564117939951,0.8299677470155411,0.542382409159674,0.9733379611306721,0.0,0.3719993876764342,0.4706530505801656,0.3227938479182165,0.3190433388062014,0.738320728291227,0.3374844253900383,0.21749345577273976,0.22714398563429478,0.589725484542027,0.7172218447381176,1.0,0.5460316792703415,0.1283534862635877,1.0,0.32371187607598906,0.35391600380777843,1.0,0.383353165067923,0.40848454614550994,0.5856999388974166,0.0,0.04787765573622821,1.0
gex_possorted_bam_SJSO3:GCGGATACAAGCGATGx-M1,0.0,0.0,0.0,0.0,0.0,0.0,0.0,0.0,0.0,0.0,0.3713369980445827,0.0,0.0,0.0,0.0,0.0,0.44302986905290626,0.07396292821450888,0.0,0.7854762941682663,0.3087171506790482,0.3709390134882653,0.04080081918565749,0.5254340645022822,0.0,0.0,0.5038557121682574,0.0,0.0,0.0,0.0,0.0,0.04466537881815349,0.0,0.4295655488961837,0.0,0.0,0.024057902352570795,0.0,0.22653634067460196,0.0,0.002100718931716348,0.0,0.0,0.0,0.0,0.0,0.427606780686843,0.0,0.0,0.0,0.0,0.31749929682994454
gex_possorted_bam_SJSO3:GCGGAACCAAGATTCTx-M1,0.0313467351368052,0.0,0.0,0.0,0.4117012999597189,0.33343062763246845,0.0,0.0,0.0,0.0,1.0,0.0,0.0,0.0,0.0,0.0,1.0,1.0,0.0,1.0,0.6577552852147235,0.7889663428756355,0.16931192526744682,0.7004633326237265,0.0,0.0,0.40654423063517875,0.0,0.0,0.0,0.0,0.10488324934740688,0.13026488904822398,0.0,0.1543558728621892,0.0,0.0,0.02924954334775186,0.0,0.0,0.0,0.0,0.0,0.0,0.029707436375063723,0.0,0.0,0.3267194292037587,0.0,0.0,0.0,0.0,0.8442986496360968
gex_possorted_bam_SJSO3:GCGCAAACAATGCCCGx-M1,0.0,0.0,0.1950787566089201,0.0,0.0,0.0,0.5948664581930766,0.0,1.0,0.0,1.0,0.4728781158751876,0.19208388862622042,1.0,0.0,1.0,0.925153765159977,0.0,0.5549338765238127,0.0,0.0,0.0,0.0,0.0,1.0,0.031853971556201316,1.0,0.0,0.19525685270696097,0.0,0.0,0.0,0.0,0.0,1.0,0.0,1.0,0.0,0.0,1.0,0.0,1.0,0.9596434230299016,0.957107310526248,0.0,0.0,1.0,1.0,0.0,0.0,0.23042106086285719,0.0,0.0
gex_possorted_bam_SJSO3:GCGGTTGGTCATGCCCx-M1,0.0,0.2889818507846167,0.07316573303323204,0.02371972926019168,0.0,0.10635261056138116,0.5909371834449535,0.02448254415597691,0.0,0.0,0.760267532676521,0.6577566207943932,0.0,0.5823041068221895,0.23452792671260564,0.810725506954278,1.0,0.5989276426478451,0.07263333798577766,0.22501494999597663,0.01849824858023664,0.0,0.005722272410540725,0.12490580141646869,0.0,0.0,0.7230944203956732,0.0,0.0,0.0,0.20733382801600378,0.0,0.0,0.03079384365099466,0.8938012466959846,0.0,0.668906771717938,0.0,0.09004797681175408,0.7711550968953323,0.18593769735320848,1.0,0.0,0.0,0.0,0.0,0.0,1.0,0.0,0.0,0.0,0.0,0.0
gex_possorted_bam_SJSO3:GCGCTTGCAGGCGAGTx-M1,0.0,0.737341963522717,1.0,0.020114534015302873,0.0885791868140689,0.009296116380354501,1.0,0.20861795632867133,0.01608370161294946,0.8056712735906681,0.0,0.5201178708100921,0.0,0.0,0.4993387965381,0.3002222026207197,0.19457552660145996,0.0,0.0,1.0,0.3371815134174121,0.37512868181848674,0.1323285962943043,0.4464876187316445,0.0,0.0,0.27116107504897974,0.23077243484819804,0.09295608949963365,0.0,1.0,0.0,0.14855493763711622,0.2518695018334685,0.6141349249105763,0.2846576802822152,0.4852915112903852,0.0,0.2643009049699125,1.0,0.20123844029817306,0.4772607926724509,0.0,0.819956963761005,0.08542005305789958,0.16195918176145724,0.0,0.0,0.27613625936776,0.4063514401658216,0.07270512271404218,0.04014230063109136,1.0
gex_possorted_bam_SJSO3:GCGCTTGCACCTACTTx-M1,0.06190871370019572,0.0,0.0,0.0,0.3094197564128721,0.4276695615066333,0.0,0.0,0.0,0.0,1.0,0.0,0.0,0.0,0.0,0.0,1.0,1.0,0.0,1.0,0.7302148779515932,0.8563714237967245,0.14431774975840048,0.6976048955387522,0.0,0.0,0.4514598870639443,0.0,0.0,0.0,0.0,0.06569907973052146,0.17794890802662328,0.0,0.20378906715858097,0.0,0.0,0.0,0.0057861411470871964,0.0,0.0,0.0,0.0,0.0,0.15111027362550356,0.0,0.0,0.2450901709103258,0.0,0.0,0.0,0.0,1.0
gex_possorted_bam_SJSO3:GCGCCTTGTCCTTCTCx-M1,0.0,0.0,0.0,0.0,0.0,0.0,0.4505278797386289,0.0,0.8663770816932596,0.0,1.0,0.2640210631367548,0.051524455203077094,1.0,0.0,1.0,1.0,1.0,1.0,0.0,0.0,0.0,0.0,0.0,1.0,0.0007610389703024491,1.0,0.0,0.10002723961283522,0.0,0.0,0.0,0.0,0.0,1.0,0.0,1.0,0.0,0.0,0.9820996579347201,0.0,1.0,0.8331086485746254,0.1759775104733826,0.0,0.0,0.9960066517484316,1.0,0.0,0.0,0.2867505536904249,0.0,0.0
gex_possorted_bam_SJSO3:GCGCTAGGTTTGTTGCx-M1,0.007002179391711006,0.5092950136180967,1.0,0.16143668383907103,0.0,0.8917017397696954,1.0,1.0,0.7483751254618642,0.9820643471428656,0.6168327202345543,1.0,0.19889869832553045,1.0,0.3707334073825575,0.18527603835101417,1.0,1.0,0.4985205054671866,1.0,0.6015510890987722,0.34013557125836874,0.23341393764323273,0.36856394546441057,0.021585589767608153,0.016947538567133432,0.4202333790480852,1.0,0.5327107806299372,0.0,0.0,0.1266269297565063,0.3253697003889486,0.0038410208751353163,0.7649540973967578,0.39646969539545435,0.12770053156164846,0.22050776674562353,0.5620162665192562,0.552080694018318,1.0,0.6112430838942416,0.0,0.815733089021668,0.7201350156104296,0.0,1.0,0.48357608991315704,0.11855959677189787,0.5478521101852725,0.0,0.0,1.0
gex_possorted_bam_SJSO3:GCGGGTTTCGCCTGTTx-M1,0.0,0.0,0.4293890195082361,0.01960894308401657,0.0,0.0,0.8364772306515019,0.0,1.0,0.0,1.0,0.23883264155463355,0.2268876211371106,1.0,0.0,1.0,1.0,0.09889345696024789,0.5778438165742853,0.0,0.0,0.0,0.0,0.0,1.0,0.06242528186806857,1.0,0.03653235443120365,0.0,0.0,0.034042466414207904,0.0,0.0,0.0,1.0,0.0,1.0,0.0,0.0,1.0,0.0,1.0,1.0,1.0,0.0,0.0,1.0,1.0,0.0,0.0,0.23108179768128123,0.0,0.0
gex_possorted_bam_SJSO3:GCGCCTTGTGGATTATx-M1,0.015772724080663172,0.0,0.12935424843891713,0.0,0.1592881925664249,0.19853891286637573,0.0,0.060321475802169275,0.0,0.0,0.7020807708178006,0.0,0.0,0.0,0.07503546183363109,0.0,1.0,0.8770789236682407,0.0,1.0,0.6299760311955542,0.6139836720991916,0.11262073209345383,0.7008872886093294,0.0,0.0,0.36526427358992775,0.0,0.0,0.0,0.0,0.0,0.1906895218356946,0.0,0.29060418291942425,0.00766924759365772,0.0,0.02353048650017553,0.10638821943706736,0.11961091153728338,0.05889439383472657,0.10424439725513691,0.0,0.0,0.0972756701019612,0.0,0.0,0.16617449239290322,0.0,0.0,0.0,0.0,0.7179937764991926
gex_possorted_bam_SJSO3:GCGTTTCTCCTTAGTTx-M1,0.006297983988918508,0.0,0.11120330627346534,0.0,0.2278322439256262,0.0,0.0,0.0,0.0,0.0,0.6941689926378145,0.0,0.0,0.0,0.0,0.0,0.7723277301847414,0.751608116437689,0.0,1.0,0.6174369388429383,0.6888767712579816,0.10677382318647825,0.7494810972644158,0.0,0.0,0.3755144013607901,0.0,0.0,0.0,0.0,0.16589192084247983,0.1344287926543254,0.0,0.23668007986825965,0.0,0.0,0.0,0.0,0.04170026917213315,0.0,0.0,0.0,0.0,0.045114076544610575,0.0,0.0,0.12211674813468992,0.0,0.0,0.0,0.0,0.9201971198971475
gex_possorted_bam_SJSO3:GCGGGTTTCCAAGTGTx-M1,0.06900546068069902,0.031353336399361546,0.4460748243264686,0.0,0.40179792163546413,0.6274709093223818,0.0,0.01467560346585233,0.0,0.24767904984332803,0.8848577617119027,0.0,0.0,0.0,0.08462330796139797,0.0,0.9638855165768839,1.0,0.0,1.0,0.6943676663846812,0.8185535491411058,0.19460789060002173,0.7062632570217243,0.0,0.0,0.325809268206132,0.027424929954823478,0.0,0.13647483852050232,0.618542365751486,0.11574045937470999,0.20876021206037876,0.0,0.25353358733996323,0.17365023277073827,0.0,0.05590918058246657,0.12737206874890844,0.2712764671904488,0.0,0.0,0.0,0.0,0.1896970049901528,0.08197190666865888,0.0,0.14371046289158856,0.08555498219077555,0.18201321555023736,0.0,0.0707741885196166,1.0
gex_possorted_bam_SJSO3:GCGCCTTGTTGTTGCTx-M1,0.04163300787384517,0.0,0.2218364839365534,0.0,0.7090619182712302,0.853738045367855,0.0,0.0,0.0,0.0,1.0,0.0,0.0,0.0,0.0,0.0,1.0,1.0,0.0,1.0,0.7293354671718758,0.8799565601284746,0.23138026880693768,0.6826690198180959,0.0,0.0,0.3759309102467421,0.0627854682846658,0.0,0.16289194609376273,0.0,0.11880061152591749,0.17936722295074706,0.0,0.17008477044017695,0.009112596409743405,0.0,0.03299738261539469,0.00856898825379835,0.0,0.0,0.0,0.0,0.0,0.16983544031622808,0.0,0.0,0.35368075441802804,0.0,0.20227437966547662,0.0,0.010980535585591675,1.0
gex_possorted_bam_SJSO3:GCGCGATTCAGCACGCx-M1,0.10259046689967079,0.0,0.0,0.0034779392856935727,0.34983339450979783,0.45649897528975913,0.0,0.0249007152139335,0.0,0.0,0.9441868482330882,0.0,0.0,0.0,0.10927435948804089,0.0,0.8064348992093947,1.0,0.0,1.0,0.6509021994513283,0.7924904643046508,0.19899198170804872,0.7652696816262364,0.0,0.0,0.33533876242091776,0.0,0.0,0.042574108381101726,0.32271956501747473,0.14705481907645354,0.1796139221129499,0.0,0.22228021607254336,0.10932049429605856,0.0,0.0789959707074349,0.06810105336728167,0.15736677549027853,0.0,0.0,0.0,0.0,0.1403275627045208,0.09458512379764954,0.0,0.02222006988361962,0.0,0.030959646338422832,0.0,0.06724353215391449,1.0
gex_possorted_bam_SJSO3:GCGCTTAAGTATTGCAx-M1,0.0,0.0,0.0,0.0,0.0,0.0,0.0,0.0001803358557054423,0.0,0.0,0.313607936489256,0.10013382277141221,0.0,0.0,0.12109380108418497,0.01625070394766849,0.6804109138317249,0.09041074431899142,0.0,1.0,0.24545250520923345,0.2785056396310851,0.029268355706294352,0.42219701791280817,0.0,0.0,0.4351211821244353,0.0,0.0,0.0,0.0,0.0,0.0190985547866641,0.0037460639905880382,0.4558913352462367,0.0,0.0,0.0,0.01901281576419923,0.36814001084324893,0.018132340557513286,0.45282063060381,0.0,0.0,0.0,0.0,0.0,0.3225169907804468,0.0,0.0,0.0,0.0,0.0
gex_possorted_bam_SJSO3:GCGGATACACCTAAGCx-M1,0.10914883712631215,0.0,0.010188855023879605,0.01212138521818391,0.5732231120382455,0.6919081220682174,0.0,0.0,0.0,0.0,1.0,0.0,0.0,0.0,0.1233492661658663,0.0,1.0,1.0,0.0,1.0,0.6803442019693113,0.8928433827508381,0.22954567002267282,0.864788396489646,0.0,0.0,0.3752134331216424,0.0,0.0,0.10104988848406082,0.0,0.36955745643324556,0.23477846084479853,0.0,0.12665355063390832,0.10022628199910813,0.0,0.07661174413641496,0.06596235652362421,0.0,0.004916317584338212,0.0,0.0,0.0,0.1418163005070288,0.04842755922539749,0.0,0.17332786677195547,0.0,0.16905316631126854,0.0,0.06591324671783953,1.0
gex_possorted_bam_SJSO3:GCGCTTGCAGCGCTTGx-M1,0.0,0.7611588077748996,1.0,0.30956376321201373,0.0,0.5185273343001197,1.0,0.0,1.0,0.16261080762843222,1.0,1.0,1.0,1.0,0.0,1.0,1.0,1.0,1.0,0.0,0.0,0.0,0.0,0.0,1.0,0.4479434258439168,1.0,0.7270875952639443,0.9926393421688011,0.47411468443925053,1.0,0.0,0.0,0.1971055019024333,1.0,0.0,1.0,0.0,0.0,1.0,0.0,1.0,1.0,1.0,0.0,0.17638128884735918,1.0,1.0,0.39406998659440956,0.1656369695065359,0.7764616577636443,0.376824297802876,0.0
gex_possorted_bam_SJSO3:GCGCTTGCAGTCTAGCx-M1,0.0,0.0,0.42844854566051593,0.0,0.21465796781658716,0.10946711871545936,0.15536361552288322,0.19654197008969992,0.0008175386511232796,0.0,0.7270414526254612,0.0,0.0,0.035495625513844775,0.0,0.0,1.0,1.0,0.0,1.0,0.5481603465330279,0.5383944059223869,0.06012216537196597,0.5012209608204913,0.0,0.0,0.5737852313427758,0.0,0.0,0.0,0.0,0.34730785281856263,0.16326033483109476,0.0,0.3965514585232483,0.0,0.0,0.0,0.06541478435915495,0.16065086157355316,0.48404514796489045,0.0,0.0,0.0,0.07092498633734468,0.0,0.0,0.37211498010684124,0.0,0.0,0.0,0.0,1.0
gex_possorted_bam_SJSO3:GCGCTTGCAACTAGCCx-M1,0.10938370104291448,0.0,0.0,0.0,0.5280174662659929,0.46809422630941105,0.0,0.0,0.0,0.0,1.0,0.0,0.0,0.0,0.0069170952947131634,0.0,1.0,1.0,0.0,1.0,0.7576483397680494,0.8750621582323221,0.22094902005221267,0.7525375545729119,0.0,0.0,0.33773035708043153,0.0,0.0,0.0032006054393385877,0.0,0.18716800205830122,0.190913322066788,0.0,0.13447660219293642,0.04370695779834573,0.0,0.12804619938444142,0.04754028117251904,0.0,0.0,0.0,0.0,0.0,0.14815913514112825,0.0,0.0,0.15569688432743423,0.0,0.0,0.0,0.033710469321312435,1.0
gex_possorted_bam_SJSO3:GCGGATACATAGACCCx-M1,0.059057716826343955,0.5369788593375319,1.0,0.1417268223561633,0.05485740584106387,0.3132324115040009,1.0,0.1798640094854757,0.8119922357447145,0.45832655729129124,0.7182675853343113,0.4285991832806737,0.5069240932321739,0.7190185849956097,0.21817261846196523,1.0,0.9187646962834393,0.1028873690344691,0.18819494836008532,0.6021975889906795,0.2045825767225734,0.0,0.09667448373107161,0.11284182227271149,0.9336077379068641,0.1688910888591836,0.9655581350229121,0.48233416988744243,0.3593464689379274,0.18530237600380758,1.0,0.04063214675632416,0.06180702386558904,0.20206809764085024,1.0,0.15963529596790588,1.0,0.046833782573381486,0.143290102874219,1.0,0.1915201280653602,1.0,0.7265249565975511,1.0,0.06847342017753177,0.21862763226318552,0.7737889238515523,1.0,0.3725576387716887,0.2964922464880717,0.3653389578091493,0.192319794682386,0.6984655849355201
gex_possorted_bam_SJSO3:GCGGTTGGTCATTACCx-M1,0.0,0.3746089899735345,1.0,0.18097694088592595,0.0,0.0,1.0,0.5819284523484299,1.0,0.0,0.6719624860282417,0.3833257015193293,0.8779465855565619,1.0,0.0,1.0,1.0,0.3047929114202309,0.6209570575663756,0.0,0.0,0.0,0.0,0.0,1.0,0.2338157021067185,1.0,0.4197489623775111,0.6655843086309114,0.0,0.18225993976379223,0.18556615083023956,0.0,0.17913787192237757,1.0,0.0,1.0,0.0,0.0,1.0,0.8846281386907732,1.0,1.0,1.0,0.0,0.08256925302034265,1.0,1.0,0.20006121754603154,0.05122173988617729,0.32920659117775697,0.0,0.024456838283446372
gex_possorted_bam_SJSO3:GCGATTTAGTTAACCAx-M1,0.0,0.0,0.0,0.0,0.0,0.0,0.3989059110235891,0.0,0.9176691725940714,0.0,1.0,0.2055374376612687,0.012082025014257782,1.0,0.0,1.0,1.0,0.48941703498026473,0.6738729953085063,0.0,0.0,0.0,0.0,0.0,1.0,0.0,1.0,0.0,0.08718823532637766,0.0,0.0,0.0,0.0,0.0,1.0,0.0,1.0,0.0,0.0,1.0,0.0,1.0,0.6012714895833342,0.0,0.0,0.0,0.8141109277687869,1.0,0.0,0.0,0.3062707258355304,0.0,0.0
gex_possorted_bam_SJSO3:GCGGAACCAACAGGTGx-M1,0.0,0.21602952725807834,0.15079103407198738,0.0,0.0,0.0,0.7637256947505282,0.0,0.0,0.0,0.7887821382469035,1.0,0.0,0.8545865291567709,0.0,1.0,1.0,0.5386499787483575,0.20303900308109774,0.0,0.0,0.0,0.0,0.0,0.0,0.0,0.859263190015175,0.0,0.0,0.0,0.0,0.0,0.0,0.02059016411268026,1.0,0.0,0.7316449597195184,0.0,0.0,0.9785089450770968,0.21312252170157103,1.0,0.0,0.0,0.0,0.0,0.0,1.0,0.0,0.0,0.0,0.0,0.0
gex_possorted_bam_SJSO3:GCGGTTATCATGGTGTx-M1,0.0,0.0,0.0,0.0,0.0,0.0,0.30645916463739586,0.0,0.8093744635515174,0.0,1.0,0.1601941678226182,0.0,1.0,0.0,1.0,1.0,0.6191740852050815,0.5998025695088866,0.0,0.0,0.0,0.0,0.0,0.7649981835202166,0.0,1.0,0.0,0.0,0.0,0.0,0.003472386730630165,0.0,0.0,1.0,0.0,1.0,0.0,0.0,0.9633978421104348,0.0,1.0,0.46599084033813976,0.0,0.0,0.0,0.640226469293286,1.0,0.0,0.0,0.11379883075390733,0.0,0.0
gex_possorted_bam_SJSO3:GCGTAACGTAATTAGCx-M1,0.08562911187328608,0.1299865681640916,1.0,0.1003287748157928,0.9994387071297022,1.0,1.0,0.3918446180059814,0.50399922645374,0.4010197275804918,1.0,0.0,0.16281803891684138,0.0,0.10148598063261113,0.2246626272247552,1.0,1.0,0.14034380578421687,1.0,0.8217644002805061,0.8418279699111388,0.25926292950878854,0.2832947910996625,0.1784238612549778,0.1542675283029164,0.7284257086807707,0.06240448108023701,0.16768523225804413,0.07804736594058118,1.0,0.544733194110771,0.28034310434636894,0.0,0.5013418932145898,0.1861492276040232,0.0,0.07386981594242342,0.28452689194328645,0.5848671815857523,0.965217237705267,0.0,0.6465532127627663,1.0,0.005676704407707572,0.23185201167146016,0.9169250091612865,0.24135259876601017,0.21274927664032034,0.358129367677994,0.0,0.0,1.0
gex_possorted_bam_SJSO3:GCGTTTCTCGCTATAAx-M1,0.0,0.4121258332103209,0.7931788579769398,0.009531904646001484,0.21644966346397113,0.3771402346340276,0.24142910393255246,0.14739137358023985,0.0,0.4332336439698851,0.37625514085178324,0.0,0.0,0.0,0.2791189153882902,0.26469261945185385,0.6068621888707271,0.09818621378847979,0.0,1.0,0.5327915838752546,0.6175310134954537,0.15443331619582462,0.6602093541482973,0.0,0.0,0.3446418654421551,0.04581378302596695,0.0,0.06074617139364651,1.0,0.0,0.1632353527058279,0.019827328911619466,0.3520572344964907,0.19179584454988774,0.13493336399356853,0.0,0.16818250682253771,0.762417272499922,0.0,0.0,0.0,0.5318477129594112,0.1387941186535345,0.12521932350958276,0.0,0.0,0.1542112650428293,0.2663650632806663,0.0,0.03530700487938788,1.0
gex_possorted_bam_SJSO3:GCTAACAGTCACCAAAx-M1,0.0,0.0,0.1872178070086455,0.0,0.31496021361638277,0.06477661366789378,0.0,0.0,0.0,0.017893358691058965,0.5263711819704079,0.0,0.0,0.0,0.11531690894671894,0.0,0.6034099288199851,0.3174164784566802,0.0,1.0,0.583653771611429,0.6840345116882792,0.112679323170978,0.6646351616749189,0.0,0.0,0.3925630423554239,0.0,0.0,0.0,0.3586545610992066,0.013603024352090149,0.11699393397808201,0.0,0.25191497347272646,0.031731953951681366,0.0,0.0,0.017342182321984867,0.2086651309990723,0.0,0.0,0.0,0.0,0.0734383126614565,0.0,0.0,0.10594667459705877,0.0,0.005819552975405826,0.0,0.0,0.9971259968256678
gex_possorted_bam_SJSO3:GCGCTTAAGCGAAGTAx-M1,0.0,0.0,0.24135487550096912,0.02729435488981724,0.1990052308268645,0.021404796358101028,0.16174840828438314,0.08742340134628704,0.0,0.07385146159627465,0.5904727537766207,0.06862675674969813,0.0,0.02551243109719162,0.1844153521348818,0.09127245440843065,0.9511667233412103,0.5526501709798165,0.0,1.0,0.3206178308557022,0.3550337268836264,0.11745062806259254,0.4461236061121737,0.0,0.0,0.2684812906047566,0.0,0.0,0.0,0.361603245362988,0.14078940376273918,0.012018971586173401,0.07293390297037423,0.4785046500969234,0.02289752969736352,0.034438142818120715,0.009116796483342023,0.06530828786558936,0.4236839905897747,0.17784688236348176,0.3948840657250355,0.0,0.0,0.0,0.0,0.0,0.2509131428970178,0.0,0.0,0.0,0.0,0.4153050514328468
gex_possorted_bam_SJSO3:GCGTTTCTCCCATAAAx-M1,0.0651805340388895,0.0,0.0,0.0,0.3569834193648454,0.4248036805928765,0.0,0.0,0.0,0.0,1.0,0.0,0.0,0.0,0.0,0.0,1.0,1.0,0.0,1.0,0.7500074706443417,0.8325955381340377,0.1781770528296635,0.7710901614659607,0.0,0.0,0.350029084920509,0.0,0.0,0.024213163264938706,0.0,0.055507089007008785,0.170948356567139,0.0,0.12167830765685528,0.025143977273900747,0.0,0.04774196326560454,0.021321700953511102,0.021453631626688296,0.0,0.0,0.0,0.0,0.1159253052625587,0.0,0.0,0.25075586817173195,0.0,0.0,0.0,0.0,0.9906543479381459
gex_possorted_bam_SJSO3:GCGCTTGCAACAGGATx-M1,0.0,0.0,0.0,0.0,0.01484519531581638,0.18184796976130954,0.0,0.00850267346518278,0.0,0.0,0.6573804064040879,0.0,0.0,0.0,0.10732063590660317,0.0,1.0,0.9193414913659875,0.0,1.0,0.527357767103067,0.5384135002954531,0.09046639287315526,0.639108136628232,0.0,0.0,0.34619395764596367,0.0,0.0,0.0,0.0,0.0,0.11185526835562197,0.0,0.2588895377811851,0.003963222738527429,0.0,0.01863866732412508,0.10023740052094768,0.11591515588879489,0.0,0.39278722626273505,0.0,0.0,0.004141084776843155,0.0,0.0,0.163907399545689,0.0,0.0,0.0,0.0,0.3840777425179186
gex_possorted_bam_SJSO3:GCGGATACACCACAACx-M1,0.08769909482196031,0.0,0.0,0.0,0.3738308459709964,0.4053852912060481,0.0,0.0,0.0,0.0,1.0,0.0,0.0,0.0,0.0,0.0,1.0,1.0,0.0,1.0,0.6821654434787797,0.8682524222378633,0.16625163089465864,0.7342687256385073,0.0,0.0,0.3888066794885398,0.0,0.0,0.027044339179932694,0.0,0.201163942913023,0.17194337436074097,0.0,0.18985620333061676,0.0,0.0,0.05773995647744785,0.0,0.0,0.0,0.0,0.0,0.0,0.16737051379434234,0.0,0.0,0.2959552195114259,0.0,0.0,0.0,0.017129821629139532,1.0
gex_possorted_bam_SJSO3:GCGCTTAAGTTGTCTTx-M1,0.0,0.24699339794473135,0.5856781693643063,0.014746698621187878,0.0,0.0,1.0,0.0,1.0,0.0,1.0,0.9171900586382173,0.23022392905791822,1.0,0.0,1.0,1.0,1.0,1.0,0.0,0.0,0.0,0.0,0.0,1.0,0.08356254081991336,1.0,0.08588899794665188,0.0,0.0,0.0,0.0,0.0,0.0,1.0,0.0,1.0,0.0,0.0,1.0,0.0,1.0,1.0,1.0,0.0,0.0,1.0,1.0,0.0,0.0,0.2681474742419639,0.0,0.0
gex_possorted_bam_SJSO3:GCGCGATTCATTGCAAx-M1,0.06098914009422886,0.0,0.0,0.0,0.40480432494559887,0.4213292527833085,0.0,0.0,0.0,0.0,1.0,0.0,0.0,0.0,0.0,0.0,1.0,1.0,0.0,1.0,0.6360647735370147,0.876611740046544,0.18214284484101956,0.742226695264041,0.0,0.0,0.37793078927652496,0.0,0.0,0.04285753743309776,0.0,0.10939045377501112,0.1416461511503419,0.0,0.14426301430341054,0.0,0.0,0.06358515138029151,0.0,0.0,0.0,0.0,0.0,0.0,0.0780684398466508,0.0,0.0,0.27357855756409927,0.0,0.0,0.0,0.0,0.9920649252070013
gex_possorted_bam_SJSO3:GCTATTGCAGCATGAGx-M1,0.0,0.23329510700519898,0.1732465105994725,0.0,0.0,0.0,0.41130954919209156,0.08354359427772025,0.0,0.13847394210981556,0.0,0.5763012738142709,0.0,0.0,0.25373027194715875,0.0,0.10898651206765798,0.0,0.0,1.0,0.20254684285990757,0.18055168508101527,0.0,0.45623586287338536,0.0,0.0,0.29959928357824356,0.0,0.0,0.0,0.493434311765665,0.0,0.023970312283029725,0.08655649210351582,0.5616852316621789,0.040283786820884154,0.19244774322369357,0.0,0.11719169481762026,0.4976502831809928,0.10153369148702537,0.3740946036039318,0.0,0.0,0.0,0.0,0.0,0.0,0.0,0.0,0.0,0.0,0.16412648446461342
gex_possorted_bam_SJSO3:GCTATCCTCAAGCGCCx-M1,0.0226503639605698,0.0,0.0,0.0,0.3792760899937248,0.016927206332797824,0.0,0.0,0.0,0.0,0.8469008294868782,0.0,0.0,0.0,0.0,0.0,0.8117102176708834,1.0,0.0,0.9979839110603904,0.4751408626598243,0.6929758190760288,0.15724787363882028,0.5533737545048732,0.0,0.0,0.50036238309485,0.0,0.0,0.0,0.0,0.225726363097776,0.12195960626031571,0.0,0.2746382204723105,0.0,0.0,0.028119467897968063,0.0,0.0,0.0,0.0,0.0,0.0,0.04780531269427377,0.0,0.0,0.32806899863275635,0.0,0.0,0.0,0.0,1.0
gex_possorted_bam_SJSO3:GCTATTGCAGGAATCGx-M1,0.014133157812325221,0.0,0.0,0.0,0.08844666788409125,0.0030421165248496035,0.0,0.0,0.0,0.0,0.4856046735293233,0.0,0.0,0.0,0.12891526737736536,0.0,0.617875218491796,0.4288104701332217,0.0,1.0,0.5313398184270145,0.6219041433268917,0.1226424154840014,0.6662815240856763,0.0,0.0,0.3419048134125282,0.0,0.0,0.0,0.11019503217615471,0.0,0.1294884896077681,0.0,0.3237698700376166,0.011973245844673195,0.0,0.0,0.038993129547996934,0.18852366192029293,0.0,0.04202825484526247,0.0,0.0,0.0,0.0,0.0,0.13185775122845061,0.0,0.0,0.0,0.0,0.8322337695441571
gex_possorted_bam_SJSO3:GCTCACAAGGGCTTATx-M1,0.0,0.752661053010625,0.8892484277365721,0.0114158135781939,0.0,0.0,1.0,0.21914651359765816,0.0,0.6056736709606034,0.0,0.7291240514586466,0.0,0.0,0.5378410375742517,0.22480746722391698,0.11591047603879906,0.0,0.0,1.0,0.3623764768555853,0.3449490315886941,0.11655972326427051,0.49989886890764296,0.0,0.0,0.20405312516175564,0.15269007305290055,0.24700078007878787,0.0,1.0,0.0,0.15557791269213736,0.27753498109222247,0.5765693138214046,0.275414077608771,0.4005298275866254,0.0,0.29305286951155746,0.9744290206855507,0.17437280917550912,0.510542788305269,0.0,0.30507823368852227,0.03190082641593695,0.136190634663444,0.0,0.0,0.22848228431298545,0.23815165766654914,0.0,0.005030388739267102,0.7798096869901788
gex_possorted_bam_SJSO3:GCTAGCTCAGGTTCACx-M1,0.0,0.002517082101126383,0.599706427506981,0.0,0.0,0.0,1.0,0.0,1.0,0.0,1.0,0.7867987192500071,0.15094963843629028,1.0,0.0,1.0,1.0,0.03576737268500199,0.6707739635185008,0.0,0.0,0.0,0.0,0.0,1.0,0.011686563755564301,1.0,0.1638462673968335,0.03075691304092031,0.0,0.35860164564772623,0.0,0.0,0.0,1.0,0.0,1.0,0.0,0.0,1.0,0.0,1.0,1.0,1.0,0.0,0.0,1.0,1.0,0.0,0.0,0.25272650920820877,0.0,0.0
gex_possorted_bam_SJSO3:GCTCAACCATCACTTCx-M1,0.02507751219032585,0.0,0.0,0.0,0.09611883905866296,0.01627190949529144,0.0,0.10854624956370759,0.0,0.0,0.7129086329946077,0.0,0.0,0.055636394833524505,0.0,0.0012417062239183036,0.9764010131324611,0.8613474941938565,0.0,0.6011691575200264,0.41542671084353094,0.2960553038362308,0.09853362897261952,0.3399758936657492,0.0,0.0,0.8121219551051089,0.0,0.0,0.0,0.0,0.10303815913928309,0.08384653385561505,0.0,0.43387582491533827,0.0,0.07797435479403331,0.03212796586842607,0.0,0.17645252349140936,0.030452983398383704,0.39794530643309856,0.0,0.0,0.0,0.0,0.0,0.8825167031173599,0.0,0.0,0.0,0.0,0.19968748674935596
gex_possorted_bam_SJSO3:GCTGACCAGCATGTTAx-M1,0.04496811431542836,0.0,0.0,0.0,0.695764575453148,0.4908555003901055,0.0,0.0,0.0,0.0,1.0,0.0,0.0,0.0,0.0,0.0,1.0,1.0,0.0,1.0,0.6056388286577947,0.8280479885486293,0.20877966469402026,0.6714238844653929,0.0,0.0,0.5081660859455208,0.0,0.0,0.13473012402693355,0.0,0.29596038158637555,0.16350001019000637,0.0,0.13859801059154503,0.0,0.0,0.06564755737148724,0.0,0.0,0.06500957529425734,0.0,0.0,0.0,0.17204924354361534,0.0,0.0,0.4435560394599241,0.0,0.1273188411821881,0.0,0.0,1.0
gex_possorted_bam_SJSO3:GCTCAACCACCGGTATx-M1,0.11865134577521673,0.3622576235579109,1.0,0.07933092929696973,0.48946610353004316,0.9767757227826498,0.0,0.12666081268305796,0.0,0.5583250483615401,0.8184651304113987,0.0,0.015922561957001116,0.0,0.3864441839155128,0.09976688202217956,0.8750472506886674,0.8564464578109228,0.0,1.0,0.8749685754146047,0.9258573593826431,0.24912517170075216,0.8996648096638077,0.0,0.007335678867744916,0.15684208158054774,0.17606946207968738,0.10451914926420532,0.23772191264502332,1.0,0.15283953682405677,0.2875649929344338,0.11466635520808538,0.2015542405953462,0.3016674770079411,0.05566098071721178,0.10432410633976501,0.2663987222699377,0.6350943340150739,0.0,0.0,0.0,0.8848651143955949,0.28757692459310547,0.23733670843811472,0.0,0.0,0.25211218967266125,0.4089257738970535,0.03289509277709035,0.17502728734713935,1.0
gex_possorted_bam_SJSO3:GCTCTGTTCCTTTACGx-M1,0.0,0.36568503080930836,1.0,0.0,0.0,0.0,1.0,0.0,0.6713522901011855,0.11736805516592536,0.8968088703036454,1.0,0.11017620113480149,1.0,0.0,1.0,1.0,0.0,0.56536703989292,0.0,0.0,0.0,0.0,0.0,0.9991663491013798,0.028147123069626155,1.0,0.2866270230460619,0.0,0.0,0.7458804290255241,0.0,0.0,0.04409223880889363,1.0,0.0,1.0,0.0,0.0,1.0,0.20047259222759467,1.0,1.0,1.0,0.0,0.0,0.7929919253088056,1.0,0.08696056504527706,0.0,0.13174783749010494,0.0,0.0
gex_possorted_bam_SJSO3:GCTCATTGTAGCTAATx-M1,0.04622273056809534,0.0,0.0,0.0,0.12963744088657173,0.0,0.0,0.06627779746838768,0.0,0.0,0.3805114019514635,0.0,0.0,0.0,0.0,0.0,0.4957610874575366,0.4013057676744858,0.0,0.8189775981381129,0.43932156421187657,0.5293440186885011,0.12393698991932502,0.6394343402021445,0.0,0.0,0.419850318148452,0.0,0.0,0.0,0.0,0.04387575705271251,0.13215105300972377,0.0,0.2910323256379511,0.016572735314332683,0.0,0.06593764385196416,0.0,0.12000080222559606,0.0,0.06192268760396455,0.0,0.0,0.0,0.0,0.0,0.34268136972847807,0.0,0.0,0.0,0.0,0.5758960407540203
gex_possorted_bam_SJSO3:GCTAACCCAGCATGTCx-M1,0.09254143616132025,0.0,0.04759525580075776,0.0,0.44695241002914915,0.43643006323555733,0.0,0.0,0.0,0.0,0.9442773722083305,0.0,0.0,0.0,0.062211410139843965,0.0,0.9132760831398258,1.0,0.0,1.0,0.7667738642166062,0.8807908373516765,0.1977210451105637,0.7721364238444773,0.0,0.0,0.30736088371249776,0.0,0.0,0.05838162559480697,0.1073721506993915,0.09617886614468527,0.22699245516230215,0.0,0.12318028293481811,0.07522996223197524,0.0,0.05262182948599588,0.07928108435036794,0.05926276733357015,0.0,0.0,0.0,0.0,0.2104133259539345,0.032204006174176555,0.0,0.27250218404772275,0.0,0.015148224883598726,0.0,0.018368904396428916,1.0
gex_possorted_bam_SJSO3:GCTCTGTTCTTGCAGGx-M1,0.0,0.22868865615069076,1.0,0.1223077481622248,0.11882840026082012,0.0,1.0,0.3369673711915343,1.0,0.035354334402549155,0.7857210666743509,0.0,0.348835102327609,0.5921817179220422,0.0,0.8816194055258069,1.0,0.5280393131411268,0.1552387896285797,0.6878518224846042,0.11922558868783652,0.0,0.0,0.0,0.9240160096182958,0.05903988111615232,1.0,0.26377318887222967,0.3450043364343147,0.0,0.4379265182047966,0.17978596491154247,0.0,0.13273717166934912,1.0,0.0,1.0,0.0,0.011738450760803843,1.0,0.46831524110113004,1.0,0.6043096545017296,1.0,0.0,0.09458285889148556,1.0,1.0,0.13897077810859426,0.07766878435330439,0.1747528260687205,0.0,0.50517115541715
gex_possorted_bam_SJSO3:GCTAGCTCAGAACCGAx-M1,0.1811777161475067,0.10614969891723666,0.8631579309207157,0.14151180388872145,0.7585515467087725,1.0,0.0,0.09635965715700717,0.0,0.563476899680429,1.0,0.0,0.0,0.0,0.3425424552178031,0.07389794642903737,1.0,1.0,0.0,1.0,0.9170055043915237,1.0,0.3524050578793447,0.9220012327333735,0.0,0.04188122883302032,0.2215050702151703,0.15463847214930654,0.0,0.3804165363048758,1.0,0.22334343034832965,0.3398856043366867,0.07615638587096671,0.22993723310105194,0.3232982373281968,0.0,0.06730553654940742,0.2632660871069041,0.42945105345713913,0.0,0.0,0.0,0.7310878800231703,0.4230858874903689,0.25814065672159164,0.011332998382928514,0.04649223360143077,0.28955782231444166,0.505427302881136,0.06365668127423853,0.21727514373094362,1.0
gex_possorted_bam_SJSO3:GCTAAGAAGCAGGCCTx-M1,0.051963533968363194,0.0,0.0,0.0,0.38260039383305766,0.39459269301906735,0.0,0.0,0.0,0.0,1.0,0.0,0.0,0.0,0.0,0.0,1.0,1.0,0.0,1.0,0.731843147158708,0.8362603617645842,0.1717077876662555,0.747124221362239,0.0,0.0,0.3345446909344533,0.0,0.0,0.0,0.0,0.09524965624632653,0.16119538887836082,0.0,0.15381227242262743,0.0,0.0,0.047604426658929395,0.0,0.0,0.0,0.0,0.0,0.0,0.11289602126417256,0.0,0.0,0.3536072370172265,0.0,0.0,0.0,0.0,0.8413166964837595
gex_possorted_bam_SJSO3:GCTCAACCAGGTTATTx-M1,0.03887985209157707,0.0,0.07464895699892228,0.0,0.585442566246776,0.11665389201150177,0.0,0.0,0.0,0.0,0.8376817066550221,0.0,0.0,0.0,0.0,0.0,0.8852310519003593,1.0,0.0,1.0,0.6528726650062255,0.6745305898941313,0.16913395486946728,0.6141393383059469,0.0,0.0,0.5197114577132259,0.0,0.0,0.0,0.0,0.374750389002598,0.1425650612369147,0.0,0.2079159565682616,0.0,0.0,0.009693044262196186,0.0,0.0,0.21425134423083247,0.0,0.0,0.0,0.11383525800592231,0.0,0.0,0.3168245121801774,0.0,0.11374287391416507,0.0,0.0,0.8854785499372978
gex_possorted_bam_SJSO3:GCTGACATCCATCAGGx-M1,0.0,0.0,0.23754110485912194,0.0,0.0,0.0,0.7930978677625444,0.0,1.0,0.0,1.0,0.5537474734619011,0.12722116651626575,1.0,0.0,1.0,1.0,0.8230281927548342,0.9400100140234497,0.0,0.0,0.0,0.0,0.0,1.0,0.026075092334981564,1.0,0.0036670840791830552,0.056962892661491696,0.0,0.0,0.0,0.0,0.0,1.0,0.0,1.0,0.0,0.0,1.0,0.0,1.0,0.9928037856886702,1.0,0.0,0.0,0.9777189261762813,1.0,0.0,0.0,0.17338619287448162,0.0,0.0
gex_possorted_bam_SJSO3:GCTCATTGTACTGAATx-M1,0.0,0.6735018089611947,1.0,0.0398115274732333,0.0,0.17200721204876052,1.0,0.0,0.6583957437217335,0.12136543179277894,1.0,1.0,0.14434344999082688,1.0,0.0,1.0,1.0,1.0,1.0,0.0,0.0,0.0,0.0,0.0,1.0,0.0425871312844147,1.0,0.18128556236581644,0.0,0.02578105540532149,0.39005161150699336,0.0,0.0,0.03520412546329186,1.0,0.0,1.0,0.0,0.0,1.0,0.25529389933868346,1.0,0.9500373044657865,1.0,0.0,0.0,0.975736073440429,1.0,0.09485202388129292,0.0,0.10301660482301689,0.0,0.0
gex_possorted_bam_SJSO3:GCTAACCCACATAGCCx-M1,0.17196318191514973,0.3326670315875272,1.0,0.3081150899827259,1.0,1.0,1.0,0.7833240131684562,0.8267211548899138,0.49940247590258374,1.0,0.0,0.36896911728653603,0.0,0.06287033285402861,0.0,1.0,1.0,0.28866926670689774,1.0,0.7987947792699721,0.90881668981953,0.3876010614551856,0.35739855249852087,0.270270712009703,0.29119214578370217,0.8243954715891363,0.0,0.5708151713527305,0.0,0.28348035535346655,0.8663078588047388,0.35996547248824956,0.2232493292599437,0.41496921536212594,0.24483784611785908,0.0,0.1640976885749124,0.4776403592121073,0.3695401945037934,1.0,0.0,0.017143836914863264,1.0,0.17411268515715753,0.41049135156679345,0.8042895082850335,0.08700058400516558,0.3565074232732621,0.5115134804723018,0.0,0.10247511307802246,1.0
gex_possorted_bam_SJSO3:GCTATCCTCTTGTTCGx-M1,0.06797241858657616,0.0,0.0,0.0,0.14930895497011457,0.10616077937840268,0.0,0.0,0.0,0.0,1.0,0.0,0.0,0.0,0.0,0.0,0.8579916999423306,1.0,0.0,0.43704685606932053,0.44672067307152824,0.6193382397462527,0.13911292811095652,0.5643615506154515,0.0,0.0,0.4471072323846447,0.0,0.0,0.0,0.0,0.02945092252302299,0.1090638962155336,0.0,0.21984854100190926,0.0,0.0,0.09133137659531404,0.0,0.0,0.0,0.0,0.0,0.0,0.0,0.0,0.0,0.5304241346063594,0.0,0.0,0.0,0.0,0.45270834402148774
gex_possorted_bam_SJSO3:GCTAGTGTCGGGACTCx-M1,0.0,0.0,0.0,0.0,0.0,0.0,0.0,0.03786379772345814,0.0,0.03964429734177387,0.05264927691289917,0.0,0.0,0.0,0.20494540074894824,0.0,0.3643664510603024,0.0,0.0,1.0,0.29526569865716906,0.40928717603588116,0.07237193469534625,0.5148608471576875,0.0,0.0,0.4042548317923113,0.0,0.0,0.0,0.1568092101066712,0.0,0.05346702717676945,0.06745226545342303,0.3583440878791557,0.03765161341790218,0.024846743757783143,0.0,0.05148844878773002,0.40035487312262097,0.0,0.15333032410013825,0.0,0.0,0.0,0.0,0.0,0.0,0.0,0.0,0.0,0.0,0.44870409271949907
gex_possorted_bam_SJSO3:GCTCTGGCAACAACAAx-M1,0.051182997277345973,0.0,0.0,0.0,0.2870602762252377,0.32779719407163865,0.0,0.0,0.0,0.0,0.8845631578395705,0.0,0.0,0.0,0.0,0.0,0.9568063591455754,1.0,0.0,1.0,0.5781765213179776,0.7374231563803927,0.17887115111406757,0.5275399466944328,0.0,0.028723470733647394,0.3964627046431463,0.7767037267436222,1.0,0.08326196216051476,0.0,0.05732808653288682,0.16242031424495929,0.0,0.20138557696195483,0.0,0.0,0.11219256629365901,0.0,0.0,0.0,0.0,0.0,0.0,0.09589411111873966,0.0,0.0,0.5117615454913068,0.0,0.10611509730634572,0.0,0.0,0.9789679313912092
gex_possorted_bam_SJSO3:GCTAAGCGTTACTTCAx-M1,0.44710300855152574,0.3712626991448259,1.0,0.38044119924836983,1.0,1.0,0.4877451879321262,0.48020897362311654,0.13615609592821998,0.7149206551724645,1.0,0.0,0.3777928287502321,0.0,0.5017173603545828,0.08062119016424292,1.0,1.0,0.38877575220157184,1.0,1.0,1.0,0.5953495071637833,0.892012530193852,0.18814944160297492,0.3532932869243405,0.30008527212831815,0.36667907266267086,0.3108272268075724,0.5254559342512373,0.8961934542565999,0.7368685592667811,0.5861076880698098,0.32728934252709624,0.2087104358072932,0.520107878284949,0.0,0.375629040646487,0.5669682221674743,0.29284459316744504,0.8410157977436199,0.0,0.26520823621415907,1.0,0.6001879372211713,0.4901333130260841,0.49948618761152425,0.032732795636078664,0.5119731745342128,0.7744283888638844,0.135325829594472,0.41129241862949534,1.0
gex_possorted_bam_SJSO3:GCTAACCCATGAGTTTx-M1,0.0,0.0,0.0,0.0,0.18011328682006103,0.0,0.0,0.0,0.0,0.0,0.4831536983269625,0.0,0.0,0.0,0.0,0.0,0.46472633186425727,0.3345444023082086,0.0,1.0,0.3997069557630801,0.5817065352280298,0.10789499549689804,0.5483081168311323,0.0,0.0,0.3788058715822127,0.0,0.0,0.0,0.0,0.08525721628492654,0.06017647881033331,0.0,0.21660663881165163,0.0,0.0,0.0,0.0,0.06334622543290944,0.0,0.0,0.0,0.0,0.0,0.0,0.0,0.1607725388068724,0.0,0.0,0.0,0.0,0.6475045716341672
gex_possorted_bam_SJSO3:GCTCGATCAAGCGAGCx-M1,0.0,0.0,0.0,0.01080351900740478,0.0,0.0,0.7948544694454392,0.0,1.0,0.0,1.0,0.38747491082477925,0.25596419375395074,1.0,0.0,1.0,1.0,1.0,1.0,0.0,0.0,0.0,0.0,0.0,1.0,0.0432653563009724,1.0,0.0,0.0,0.0,0.0,0.0,0.0,0.0,1.0,0.0,1.0,0.0,0.0,1.0,0.0,1.0,1.0,1.0,0.0,0.0,1.0,1.0,0.0,0.0,0.42015129054846134,0.0,0.0
gex_possorted_bam_SJSO3:GCTCCTTAGGGCCATCx-M1,0.0,0.0,1.0,0.013152051719578426,0.0,0.0,1.0,0.0,1.0,0.0,1.0,0.719398695333545,0.45283557859652307,1.0,0.0,1.0,1.0,0.0,0.5791323257280405,0.0,0.0,0.0,0.0,0.0,1.0,0.09739148163188426,1.0,0.18594398915222396,0.09359094495085811,0.0,0.7761402446436806,0.0,0.0,0.0,1.0,0.0,1.0,0.0,0.0,1.0,0.0,1.0,1.0,1.0,0.0,0.0,1.0,1.0,0.08019759853536454,0.0,0.3570843342709098,0.04052457218001323,0.0
gex_possorted_bam_SJSO3:GCTCGATCAGGCTAGAx-M1,0.0,0.2839376583668216,1.0,0.1581652623906298,0.0,0.0,1.0,0.0,1.0,0.2362319420263726,1.0,1.0,1.0,1.0,0.0,1.0,1.0,0.11160006676912924,1.0,0.0,0.0,0.0,0.0,0.0,1.0,0.28893677909122023,1.0,0.6541511079530474,0.3959447528689225,0.28642548885064234,1.0,0.0,0.0,0.09160778874349812,1.0,0.0,1.0,0.0,0.0,1.0,0.075187827711614,1.0,1.0,1.0,0.0,0.07089349565199099,1.0,1.0,0.3494052788421223,0.0,0.6081993901605717,0.21525292886666147,0.0
gex_possorted_bam_SJSO3:GCTATCCTCATAACTGx-M1,0.015375584372117154,0.6568538708864838,0.6351904369714801,0.03868616605681393,0.0,0.2684073857871543,0.8278266873329101,0.24744094148868745,0.0,0.5519101372018019,0.0,0.2249120565017788,0.0,0.0,0.5949604295013058,0.5327545872491111,0.4820870421289946,0.0,0.0,1.0,0.509556475465996,0.3458805561947228,0.20712003809243978,0.5768642599685522,0.0,0.0,0.14506738492034202,0.22452986208494308,0.0,0.014957890353969957,1.0,0.0,0.2090771114447099,0.21238432529204926,0.41795993128156095,0.23823247372344927,0.19989240074615,0.02242897395742138,0.33794062845936224,0.6520137197580113,0.4382170237194225,0.6097439945469518,0.0,0.0,0.1672704700002482,0.0720802611837847,0.0,0.0,0.19207162392402713,0.022944473808879,0.0,0.0,0.596945158588434
gex_possorted_bam_SJSO3:GCTAACCCAGCAAGATx-M1,0.0,0.0,0.07740798476048617,0.0,0.0,0.0,0.40319646410253784,0.0,0.7002653811248161,0.0,1.0,0.0,0.0,0.794676830853644,0.0,1.0,1.0,0.5524516180705337,0.3511709893267536,0.0,0.0,0.0,0.0,0.0,0.546450445456543,0.0,1.0,0.001990892201031048,0.07665961732118054,0.0,0.0,0.0,0.0,0.0,1.0,0.0,1.0,0.0,0.0,0.9602366004254856,0.0,1.0,0.4886756975991229,0.4753012367168751,0.0,0.0,0.4436879118658953,1.0,0.0,0.0,0.09505552213078174,0.0,0.0
gex_possorted_bam_SJSO3:GCTAGTGTCATGGTTAx-M1,0.11300082051839837,0.6176692442394112,1.0,0.18199897141730234,0.4262402513674128,0.9684231428611823,0.857257827550209,0.2978200352620217,0.0,0.8641312156485013,0.43988474198786137,0.0,0.2444860871613671,0.0,0.5161693490741278,0.5146855351903312,0.7449405531788464,0.3522923211391125,0.0,1.0,0.6844129472311724,0.7582518342002929,0.2517321542306208,0.7103395860189509,0.0,0.08139777985938412,0.2266623347875826,0.4868214223364517,0.2315520279795861,0.26377368951407565,1.0,0.0,0.3338835960763015,0.30532778874498767,0.3682367335700804,0.40028317185668033,0.37100698181812175,0.0674077021648464,0.3625924517382163,0.9911784703467861,0.0153278398617732,0.13995917789329018,0.2406422907262674,1.0,0.3593931616137542,0.3446582512004498,0.2716522547937576,0.0,0.4693551172612696,0.6453432034334792,0.23815130487442807,0.2135034320431667,1.0
gex_possorted_bam_SJSO3:GCTCATTGTGATTACGx-M1,0.05103156036294218,0.0,0.0,0.0,0.316177651622583,0.04943315193369765,0.0,0.0,0.0,0.0,0.7764309904239095,0.0,0.0,0.0,0.008821709304241521,0.0,0.722503654305491,0.9258888830617712,0.0,1.0,0.5958401947871316,0.7397914202398144,0.1257954851661067,0.6636845565418652,0.0,0.0,0.40238116545519603,0.0,0.0,0.0,0.0,0.0,0.15846728678381317,0.0,0.2139443112092349,0.0,0.0,0.03621875960595456,0.0,0.0,0.0,0.0,0.0,0.0,0.03443162313967477,0.0,0.0,0.17907351420673298,0.0,0.0,0.0,0.0,0.9032650715017332
gex_possorted_bam_SJSO3:GCTCACAAGCTTCCCGx-M1,0.15840889053526946,0.0,0.0,0.09791974734846717,0.556307953460012,0.383134777886085,0.0,0.0,0.0,0.5301450707234378,0.7065465627424363,0.0,0.0,0.0,0.025365546721543706,0.0,0.835852898033698,1.0,0.0,1.0,0.619163783259182,0.7506430937328779,0.18103429249940714,0.6765456353733085,0.0,0.0964145685054764,0.3787591296759129,0.0,0.0,0.03898330523149852,0.0,0.0,0.20034801477889597,0.022053658236320002,0.13437103702847036,0.14658220588230964,0.0,0.36671781725954594,0.19321717408754552,0.23373602634434462,0.05789881291008453,0.0,0.0,0.0,0.15063109804730504,0.05213694704386514,0.0,0.0,0.04763755692732333,0.061146558259009935,0.02155769840447606,0.12779012102920045,1.0
gex_possorted_bam_SJSO3:GCTGACATCTAAGTCAx-M1,0.0,0.0,1.0,0.02002896916808324,0.0,0.0,1.0,0.0,1.0,0.0,0.6784279513478967,1.0,0.5425853876183081,1.0,0.0,1.0,0.7589814898293328,0.0,0.34290829314773547,0.0,0.0,0.0,0.0,0.0,1.0,0.11346207828197942,1.0,0.2210552031127301,0.0,0.006343366435230338,0.9647129323300518,0.0,0.0,0.017913742879024995,1.0,0.0,1.0,0.0,0.0,1.0,0.0,1.0,1.0,1.0,0.0,0.0,1.0,1.0,0.1219003117294992,0.0,0.46897030594918837,0.058692717892576754,0.0
gex_possorted_bam_SJSO3:GCTAACAGTGTCCTGCx-M1,0.0,0.0,0.0,0.0,0.0,0.0,0.0,0.0,0.0,0.0,0.13019459290733915,0.0,0.0,0.0,0.06304089105636315,0.0,0.34428503697626195,0.0,0.0,1.0,0.25440486209692575,0.3916707960048421,0.04387421873461378,0.5236832319405555,0.0,0.0,0.4022758259351171,0.0,0.0,0.0,0.13471942380031135,0.0,0.022493297016711333,0.019179775092198464,0.38784982316992767,0.0,0.013840993934592288,0.0,0.0020491888840616667,0.28944844862657765,0.0,0.10361166771612591,0.0,0.0,0.0,0.0,0.0,0.09343007454846933,0.0,0.0,0.0,0.0,0.4463860168427329
gex_possorted_bam_SJSO3:GCTAAGAAGTCAGGCCx-M1,0.15441274198318863,0.0,0.0,0.0,0.38574047663684763,0.40920395249121067,0.0,0.0,0.0,0.0,1.0,0.0,0.0,0.0,0.011700928065169649,0.0,1.0,1.0,0.0,0.7683998512449847,0.6282118040511359,0.8519563468244555,0.23602690744883587,0.7002304389887014,0.0,0.0,0.3965900055408481,0.0,0.0,0.04007192195956087,0.0,0.12739834645910142,0.20044798829280175,0.0,0.15956764597558082,0.012424886623067826,0.0,0.10107157183027918,0.020892503116108206,0.0,0.0,0.0,0.0,0.0,0.12549125874610173,0.02781046570044762,0.0,0.18739542141530943,0.0,0.0,0.0,0.040399463076501725,0.7046067812388042
gex_possorted_bam_SJSO3:GCTGACCAGTGAACGAx-M1,0.0,0.008598749478378217,0.09265672185502592,0.0,0.0,0.0,0.05238324875188493,0.034892190432451994,0.0,0.026707410361888926,0.0,0.15072967067009915,0.0,0.0,0.10966624979403332,0.0,0.3339521237271698,0.0,0.0,1.0,0.21958377533826087,0.24749917820755934,0.010673721978402344,0.44056922439000623,0.0,0.0,0.4536822690225036,0.0,0.0,0.0,0.258402413706358,0.0,0.016251384732195878,0.02849506780908363,0.5430872253128473,0.0,0.15338787525304146,0.0,0.04274474729932457,0.4728648641121687,0.02572668067861947,0.32255452257217926,0.0,0.0,0.0,0.0,0.0,0.2080165272158195,0.0,0.0,0.0,0.0,0.3301292662349217
gex_possorted_bam_SJSO3:GCTGCATCAGGTTACCx-M1,0.0,0.0,0.7151861716416319,0.0,0.6743864893783154,0.5846579007979614,0.8045650054376259,0.34452344002099694,0.2962266996985576,0.0,1.0,0.0,0.0,0.0,0.0,0.0,1.0,1.0,0.0361195128611389,1.0,0.7455459431455306,0.7450844063737398,0.07670593500951803,0.419897924173778,0.0,0.0,0.8206780613714642,0.0,0.0,0.0,0.0,0.5941524600054019,0.1575031549993519,0.0,0.42420625191893335,0.0,0.0,0.0,0.08200825916264311,0.2351889568774926,0.6607522646475757,0.0,0.0,0.7370834015849378,0.007338124067999335,0.0,0.3553997936021946,0.49543707228388534,0.0,0.0,0.0,0.0,1.0
gex_possorted_bam_SJSO3:GCTGGATGTCCTTCTCx-M1,0.0,0.0,0.0,0.047663063548064655,0.0,0.0,0.6125668590011798,0.0,1.0,0.0,1.0,0.24792013565513982,0.039377961361553644,1.0,0.0,1.0,1.0,0.42737228310841513,0.7882255954208266,0.0,0.0,0.0,0.0,0.0,1.0,0.019780531554243915,1.0,0.04140797007114321,0.27553875933894656,0.0,0.0,0.0,0.0,0.0,1.0,0.0,1.0,0.0,0.0,1.0,0.0671142664097629,1.0,1.0,0.4379540388985034,0.0,0.0,0.9261585528953639,1.0,0.0,0.0,0.3987315875400485,0.0,0.0
gex_possorted_bam_SJSO3:GCTTACCTCCAATTAGx-M1,0.0,0.7650079554556936,1.0,0.04290105648848142,0.0,0.12117054584133871,1.0,0.015785432053057283,0.2311467219177676,0.2648653866798775,1.0,1.0,0.0,1.0,0.15742126619431637,1.0,1.0,0.6686102430481555,0.6734481988268124,0.0,0.0,0.0,0.0,0.0,0.5584067492467514,0.0,1.0,0.19204016397642046,0.0,0.004075684850864118,0.7365352020870917,0.0,0.0,0.1102815441836432,1.0,0.0,1.0,0.0,0.012213725704015334,1.0,0.2980606154759436,1.0,0.24329726290865578,1.0,0.0,0.0,0.28302129387826147,1.0,0.11162319185993119,0.0,0.0,0.0,0.0
gex_possorted_bam_SJSO3:GCTTAAATCTGTAATGx-M1,0.028376219416290125,0.0,0.0,0.0,0.291645401685237,0.22230174665211283,0.0,0.0,0.0,0.0,1.0,0.0,0.0,0.0,0.0,0.0,0.9263208740022192,1.0,0.0,1.0,0.5852718827250741,0.7490993871103686,0.13982600212285085,0.6950307046730686,0.0,0.0,0.4487634931744601,0.0,0.0,0.0,0.0,0.14893363210324848,0.12921571180755692,0.0,0.23362635460203063,0.0,0.0,0.028990769619391274,0.0,0.0,0.0,0.0,0.0,0.0,0.03460018947985526,0.0,0.0,0.30569056439094616,0.0,0.0,0.0,0.0,0.9053414312430154
gex_possorted_bam_SJSO3:GCTTACCTCGGCCAGTx-M1,0.0,0.0,0.0,0.0,0.0,0.0,0.16313054805380534,0.0,0.8386363605689618,0.0,1.0,0.4250888437078783,0.0,1.0,0.0,0.993730430628599,0.9531181410831214,0.21887775152445524,0.38671817829040744,0.0,0.0,0.0,0.0,0.0,0.6628596744708165,0.0,1.0,0.0,0.0072503427634329825,0.0,0.0,0.0018485353229554244,0.0,0.0,1.0,0.0,1.0,0.0,0.0,0.9147850158121449,0.0,1.0,0.4456736569674448,0.0,0.0,0.0,0.6887196950122314,1.0,0.0,0.0,0.0,0.0,0.0
gex_possorted_bam_SJSO3:GCTGTACCAGTCTAGCx-M1,0.0,0.0,0.0,0.0,0.0,0.0,0.6276274124703533,0.015570696159206929,1.0,0.0,1.0,0.32462110456099935,0.0,1.0,0.0,1.0,1.0,1.0,0.9976215796106911,0.0,0.0,0.0,0.0,0.0,1.0,0.06134304892210473,1.0,0.0,0.034121328730915695,0.0,0.0,0.0,0.0,0.0,1.0,0.0,1.0,0.0,0.0,0.9755841808919155,0.0,1.0,0.5799057976420751,0.0,0.0,0.0,0.9838624198905295,1.0,0.0,0.0,0.26288364198122405,0.0,0.0
gex_possorted_bam_SJSO3:GCTGTAAGTCACTCGCx-M1,0.0,0.7158459333705032,1.0,0.23904122902313216,0.0,0.3695207462979113,1.0,0.0,1.0,0.44374741673932383,1.0,1.0,1.0,1.0,0.0,1.0,1.0,0.9712535949680497,1.0,0.0,0.0,0.0,0.0,0.0,1.0,0.3896572069830252,1.0,0.9555064198739351,0.44403178869094956,0.4421891600260486,1.0,0.0,0.0,0.1887907047115335,1.0,0.0,1.0,0.0,0.0,1.0,0.11108421160524795,1.0,1.0,1.0,0.0,0.11899927210898692,1.0,1.0,0.4927310382060837,0.12064587059724012,0.7632275619806176,0.2974106644789792,0.0
gex_possorted_bam_SJSO3:GCTTATCGTTCTTTAGx-M1,0.0,0.09978142576851315,0.0,0.0,0.0,0.0,0.03929296889083913,0.008456985914521578,0.0,0.0,0.3305376150270887,0.2638032321531748,0.0,0.0,0.19906082507589648,0.11568665614378733,0.8352056217418832,0.3512553996831131,0.0,1.0,0.24367005487002402,0.24876975991132763,0.02515395749713975,0.4930513433859458,0.0,0.0,0.3564032299997471,0.0,0.0,0.0,0.0,0.0,0.027717379001164905,0.051627458596657155,0.4476789536568413,0.0,0.012202348496886875,0.0,0.11300350608394454,0.4016006086174424,0.18370368984707533,0.7094969658926497,0.0,0.0,0.0,0.0,0.0,0.30711391378289105,0.0,0.0,0.0,0.0,0.0
gex_possorted_bam_SJSO3:GCTGTAAGTAAACAAGx-M1,0.0273255762792369,0.0,0.4541628973960112,0.023659578225239418,0.5447253099331926,0.5629271430740012,0.0,0.04042082463671872,0.0,0.302156788634758,0.9740782850972473,0.0,0.02975020467319322,0.0,0.07188497634494766,0.0,1.0,0.997096756932359,0.0,1.0,0.6968164671976699,0.755211789688458,0.16958901986728458,0.6085832336247329,0.0,0.0,0.5626009336419926,0.04551494803254405,0.0,0.17208993519017857,0.6721447494941434,0.057664482342860535,0.1956977114444906,0.0,0.2932921509590017,0.04828704376258781,0.0,0.00651699536322673,0.0668281455437723,0.3503540019675449,0.0,0.0,0.0,0.0,0.27889036570453807,0.039728990810827335,0.0,0.3382503709573174,0.0607054121870047,0.2964114619037272,0.0,0.06497672717473214,1.0
gex_possorted_bam_SJSO3:GCTGTGCAGGATGATGx-M1,0.0,1.0,1.0,0.10497307918948202,0.0,0.0593603929060511,1.0,0.40896888694321504,0.21060928079414365,0.96252142140405,0.0,1.0,0.0,0.0,0.7173837595115122,0.5174080070425185,0.3203282908514043,0.0,0.0,1.0,0.09548095471644855,0.20921071257573748,0.0564975519514897,0.4842508107665952,0.0,0.0,0.09574347353517139,0.27557558542293936,0.007384143883565797,0.0,1.0,0.0,0.11501851856076394,0.36195554654892614,0.5124683813393973,0.37761491669919794,0.5805381423685848,0.00043413844591394524,0.4357673539899592,1.0,0.3832120295337881,1.0,0.0,0.4119248293925988,0.04890394217238542,0.15637472342796735,0.0,0.0,0.30371013506035965,0.41284638217717506,0.011533170175165974,0.0,0.6323577231757505
gex_possorted_bam_SJSO3:GCTGCATCAATGCGCTx-M1,0.017595831371580783,0.0,0.0,0.0,0.1960003436288172,0.10611737093877614,0.0,0.0,0.0,0.0,1.0,0.0,0.0,0.0,0.0,0.0,0.8975833907549797,1.0,0.0,0.9302007666589033,0.5310119818937803,0.6540272076153821,0.11601864839561897,0.6638915517611172,0.0,0.0,0.4715455364875839,0.0,0.0,0.0,0.0,0.13270682910477127,0.10440072821193672,0.0,0.25169363865976613,0.0,0.0,0.03612216020919917,0.0,0.0,0.0,0.0,0.0,0.0,0.0,0.0,0.0,0.2860482902696779,0.0,0.0,0.0,0.0,0.792123660139828
gex_possorted_bam_SJSO3:GCTGATCCAATTGACTx-M1,0.07429496233957991,0.0,0.09825494454628138,0.0,0.5608388779128859,0.8369078730099256,0.0,0.0,0.0,0.03466362601209748,1.0,0.0,0.0,0.0,0.08579099389153169,0.0,1.0,1.0,0.0,1.0,0.7849576777080679,0.9535268987530977,0.23416621503664706,0.7863195585687194,0.0,0.0,0.2819537780317025,0.0,0.0,0.1453593613146204,0.06610428724668331,0.07242024442978749,0.20613346987515707,0.0,0.13596730352129607,0.07022722974662428,0.0,0.040360026306526076,0.07836008764491738,0.0,0.0,0.0,0.0,0.0,0.1861618137293224,0.00954349920872412,0.0,0.20692466253284547,0.0,0.14990094192746797,0.0,0.0198554978698536,1.0
gex_possorted_bam_SJSO3:GCTGTGATCTATCGCCx-M1,0.05395300994080298,0.0,0.0,0.0,0.28311050906523744,0.30198067099143383,0.0,0.0,0.0,0.0,1.0,0.0,0.0,0.0,0.0,0.0,0.9974492701595561,1.0,0.0,1.0,0.6346475188540396,0.7992435435790273,0.13957338303016323,0.7313276285426896,0.0,0.0,0.41298009157654,0.0,0.0,0.0,0.0,0.15833108454811456,0.1433357170392011,0.0,0.2004456504047226,0.0,0.0,0.06602027226158547,0.0,0.0,0.0,0.0,0.0,0.0,0.0655503888699701,0.0,0.0,0.22987928940343674,0.0,0.0,0.0,0.0,0.818395181662654
gex_possorted_bam_SJSO3:GCTTACCTCCCTCAGTx-M1,0.042755745723967606,0.0,0.6106884140948562,0.0,1.0,0.7699599843564325,0.0,0.0,0.0,0.12240597335691358,1.0,0.0,0.0,0.0,0.08544707989610978,0.0,1.0,1.0,0.0,1.0,0.7015792832766821,0.9377343618294186,0.2869450942898086,0.6558227004157581,0.0,0.059220305730453233,0.45277493511965766,0.0,0.0,0.1991587987696214,0.0,0.41711881583014737,0.22516336747979046,0.0,0.15281437191901684,0.019475306764816604,0.0,0.008534871604953937,0.03378395214317457,0.0,0.33152931921704054,0.0,0.0,0.0,0.22892901225064924,0.0,0.0,0.17524312634390557,0.0,0.3862027585083886,0.0,0.005680539924612556,1.0
gex_possorted_bam_SJSO3:GCTGCAATCCTAATGAx-M1,0.0,0.0,0.0,0.0,0.0,0.0,0.6555342757184022,0.0,0.9868206477466613,0.0,1.0,0.4129142946557319,0.06644105050951325,1.0,0.0,1.0,1.0,1.0,1.0,0.0,0.0,0.0,0.0,0.0,1.0,0.023502743279346,1.0,0.0,0.08037481972950748,0.0,0.0,0.0,0.0,0.0,1.0,0.0,1.0,0.0,0.0,1.0,0.0,1.0,0.9847276448998072,0.7328096529497191,0.0,0.0,1.0,1.0,0.0,0.0,0.22043022546078428,0.0,0.0
gex_possorted_bam_SJSO3:GCTGACCAGGGCCATCx-M1,0.0,0.0,0.5253481497483783,0.0,0.0,0.0,0.9716284135214586,0.0,1.0,0.0,1.0,0.48178305593120135,0.22712584049475162,1.0,0.0,1.0,1.0,0.23928332450892878,0.6626850180045767,0.0,0.0,0.0,0.0,0.0,1.0,0.05382885158322583,1.0,0.08342962727992273,0.012558482717763098,0.0,0.23654694286085096,0.0,0.0,0.0,1.0,0.0,1.0,0.0,0.0,1.0,0.0,1.0,1.0,1.0,0.0,0.0,1.0,1.0,0.0,0.0,0.2193996717030482,0.0,0.0
gex_possorted_bam_SJSO3:GCTGTAAGTGGGAACAx-M1,0.023276236340065003,0.0,0.0,0.0,0.11316432625450001,0.03068237411227428,0.0,0.0,0.0,0.0,0.8358526818145875,0.0,0.0,0.0,0.0,0.0,0.8177988976291146,0.9064222319278834,0.0,1.0,0.5505536909224901,0.6449537948139753,0.12889261867888815,0.6231287000327905,0.0,0.0,0.4458706114566696,0.0,0.0,0.0,0.0,0.09183432200460348,0.11751410233769265,0.0,0.30631875857092006,0.0,0.0,0.026437604984899696,0.0,0.0,0.0,0.0,0.0,0.0,0.003910922673865827,0.0,0.0,0.30571451005863576,0.0,0.0,0.0,0.0,0.7078798941954261
gex_possorted_bam_SJSO3:GCTTAAATCCGTCCATx-M1,0.0,0.8046878020024094,1.0,0.24641825936224007,0.0,0.0,1.0,0.04675500481619263,1.0,0.44608028413105194,0.9333870578272535,1.0,1.0,1.0,0.0,1.0,1.0,0.0,1.0,0.0,0.0,0.0,0.0,0.0,1.0,0.394241078038723,1.0,0.9433098445317315,0.6275210371919245,0.333060780481882,1.0,0.0,0.0,0.2136099244914026,1.0,0.0,1.0,0.0,0.0,1.0,0.14557303964199003,1.0,1.0,1.0,0.0,0.1436991911807188,1.0,1.0,0.512591906164658,0.03576679804786722,0.8753801798105402,0.3147762743381893,0.0
gex_possorted_bam_SJSO3:GCTTACCTCCACCTGTx-M1,0.0,0.8108431458514253,0.9665339630587331,0.06441574977513177,0.08376345131372785,0.38424102130830845,1.0,0.23920822549498164,0.0,0.6568960225352565,0.0,0.6265022118032463,0.0,0.0,0.593103796544027,0.28517005071476903,0.6296415401675451,0.0,0.0,1.0,0.5718816585919112,0.5009792518987065,0.15631436443002514,0.6955872444584736,0.0,0.0,0.12850674979154827,0.307941388887985,0.04236698142515132,0.06929868975670334,1.0,0.0,0.22700255604322084,0.2496719760970807,0.49355555106142374,0.30079557113024347,0.25437319844496803,0.010915283874724563,0.39632307321698784,0.8741346681491168,0.27816012561178227,0.6330544514531591,0.0,0.42776409169946233,0.1764518500099665,0.11711408501309893,0.0,0.0,0.2259041165797488,0.27756483493092643,0.0,0.00583609587838239,0.9023840170261803
gex_possorted_bam_SJSO3:GCTGACCAGGTCATTAx-M1,0.2497667884055689,0.0,0.30243581109878576,0.1344052383817739,0.642904240754553,1.0,0.0,0.11111125087105667,0.0,0.30295714136705226,1.0,0.0,0.0,0.0,0.33863799531285005,0.0,1.0,1.0,0.0019854752566512233,1.0,1.0,1.0,0.35892144995202224,0.9581460619429089,0.0,0.007372818169075066,0.2585405694348873,0.16899718572334724,0.0,0.2529244614483603,0.8455989299715089,0.25245792237901493,0.3586887859586117,0.06803816805007679,0.20006661398051467,0.297572259469926,0.0,0.1723627693302229,0.26012153370957536,0.17260032364978334,0.0,0.0,0.0,0.0,0.4173775303134519,0.20869706059104007,0.0,0.023954161575023412,0.17950404599842204,0.31215041297052476,0.0,0.2308890849297803,1.0
gex_possorted_bam_SJSO3:GCTTATCGTCGTTATCx-M1,0.0058137369130392075,0.0,0.0,0.0,0.17457178980516294,0.06619388974387518,0.0,0.0,0.0,0.0,0.7330541559590532,0.0,0.0,0.0,0.0,0.0,0.688812925699842,0.6709598454323583,0.0,1.0,0.4875157967598814,0.6194379236056425,0.09133262533492613,0.5808162777707366,0.0,0.0,0.4386037118765369,0.0,0.0,0.0,0.05483718826944405,0.0,0.08844290280714699,0.0,0.30072912544545305,0.0,0.0,0.02556756730516958,0.0,0.17924999287639998,0.0,0.0,0.0,0.0,0.0,0.0,0.0,0.2634780543804197,0.0,0.0,0.0,0.0,0.7771872521053111
gex_possorted_bam_SJSO3:GCTGAGGAGGCTACATx-M1,0.0,0.0,0.0,0.0,0.0,0.0,0.5017011172119084,0.0,0.8476400347851598,0.0,1.0,0.4606542177562129,0.0032171148051960093,1.0,0.0,1.0,1.0,0.25890245541722035,0.5759676977870767,0.0,0.0,0.0,0.0,0.0,0.8610398689535668,0.0,1.0,0.0,0.1257483184098659,0.0,0.0,0.0,0.0,0.0,1.0,0.0,1.0,0.0,0.0,1.0,0.0,1.0,0.6572427936637152,0.25627441827298353,0.0,0.0,0.7058920103816632,1.0,0.0,0.0,0.2084488848388994,0.0,0.0
gex_possorted_bam_SJSO3:GCTGCATCAGCAAGGCx-M1,0.0,0.6540019071633074,1.0,0.16039557683660982,0.0,0.0,1.0,0.0,1.0,0.16724703632037524,1.0,0.7520169312588829,1.0,1.0,0.0,1.0,1.0,0.6076600354488361,1.0,0.0,0.0,0.0,0.0,0.0,1.0,0.32281597563334513,1.0,0.5720735019509321,0.6963215210000824,0.4357304691127055,1.0,0.0,0.0,0.13416524873695246,1.0,0.0,1.0,0.0,0.0,1.0,0.0,1.0,1.0,1.0,0.0,0.08818735276005464,1.0,1.0,0.4477115779348945,0.009049964669735185,0.505217317544331,0.31708842368987467,0.0
gex_possorted_bam_SJSO3:GCTTAAATCATCCTGCx-M1,0.0,0.07376674666150802,0.7183468874367956,0.0,0.0,0.0,1.0,0.0,1.0,0.0,1.0,0.9751308815950848,0.11343041896358182,1.0,0.0,1.0,1.0,0.39157684257526076,0.7820453941284942,0.0,0.0,0.0,0.0,0.0,1.0,0.05220164660121826,1.0,0.06886470659554607,0.06931905660949435,0.0,0.11276711411291912,0.0,0.0,0.0,1.0,0.0,1.0,0.0,0.0,1.0,0.0,1.0,1.0,1.0,0.0,0.0,1.0,1.0,0.0,0.0,0.276172122827265,0.0,0.0
gex_possorted_bam_SJSO3:GCTGCACAGTGCACGCx-M1,0.06942766731573455,0.0,0.7311622767491516,0.0,0.3433870737509733,0.5599563414974323,0.0,0.014160087525363468,0.0,0.07744937639196078,0.8407769607221508,0.0,0.0,0.0,0.12928506619976932,0.0,0.9047058847783136,0.902713260842296,0.0,1.0,0.8427309097796714,0.8916798355920911,0.20487957021705214,0.8104904527555403,0.0,0.0,0.28308439124352497,0.0,0.0,0.08994359961199991,0.6302857625369025,0.0,0.2390429951522452,0.0,0.1664297381544015,0.10741851932792904,0.0,0.07561091140570615,0.1473865212038226,0.15127492939178705,0.0,0.0,0.0,0.0,0.1589728302652118,0.08325290739624791,0.0,0.0,0.0017103154889318527,0.17570764963855043,0.0,0.0267644886068814,1.0
gex_possorted_bam_SJSO3:GGAACCTGTCCTTAGTx-M1,0.056678955287217295,0.0,0.0,0.0,0.3714157532087986,0.2802965327942934,0.0,0.0,0.0,0.0,1.0,0.0,0.0,0.0,0.0,0.0,0.998847341984686,1.0,0.0,1.0,0.6284184752231491,0.7829680745365528,0.1413959683548217,0.7035947416524188,0.0,0.0,0.4429994174743003,0.0,0.0,0.06300316988297587,0.0,0.08336446094777258,0.16450521889020372,0.0,0.16877088742021806,0.0,0.0,0.0559805878500406,0.0067037845866174724,0.0,0.0,0.0,0.0,0.0,0.058309878193858466,0.0,0.0,0.28621987463190557,0.0,0.0,0.0,0.0,1.0
gex_possorted_bam_SJSO3:GGACAGCCACCCACCTx-M1,0.0,0.0,0.286690914611287,0.0,0.0,0.0,0.7533062960867499,0.0,1.0,0.0,1.0,0.4524709383794911,0.24647063855697868,1.0,0.0,1.0,1.0,0.42699819102242936,0.7744004031253583,0.0,0.0,0.0,0.0,0.0,1.0,0.01873398223784199,1.0,0.0,0.18292578842327434,0.0,0.0,0.0,0.0,0.0,1.0,0.0,1.0,0.0,0.0,1.0,0.0,1.0,0.9686045349679413,0.9157331688302327,0.0,0.0,1.0,1.0,0.0,0.0,0.16179429665988598,0.0,0.0
gex_possorted_bam_SJSO3:GGACGAAGTGAAGCCTx-M1,0.0,1.0,1.0,0.08808215299458708,0.0,0.6100153748902029,1.0,0.29901665697825514,0.0,0.8227833198050672,0.07836369922085373,0.7145777283687831,0.0,0.0,0.699513223950696,0.7097806936096358,1.0,0.05621664588187011,0.0,1.0,0.47028580542686743,0.3504108214845118,0.08100960986364314,0.5842170627415131,0.0,0.0,0.14265685167496733,0.10590884231085698,0.0,0.0,1.0,0.0,0.20580375983704044,0.2097135046526826,0.5044869597531373,0.26440652567272976,0.25901709262429995,0.0,0.4753255957072363,1.0,0.23724162451975694,1.0,0.0,0.18752415678047982,0.21166905750747836,0.030460315316038586,0.0,0.1179993273341621,0.1855019720925122,0.17976187651681275,0.0,0.0,0.20647811588772932
gex_possorted_bam_SJSO3:GCTTTATTCTTACTCGx-M1,0.024792999743619336,0.0,0.041375722400129204,0.0,0.4746416554702125,0.37577181219783307,0.0,0.0,0.0,0.0,1.0,0.0,0.0,0.0,0.0,0.0,0.9248383732803431,1.0,0.0,1.0,0.7252025315718861,0.8515104154534684,0.18062931829544504,0.781632209460835,0.0,0.0,0.3090583817457199,0.0,0.0,0.0,0.0,0.18567312280184195,0.14581239542403593,0.0,0.1394649015622177,0.004431150621382972,0.0,0.009963881827066165,0.0,0.0,0.0,0.0,0.0,0.0,0.05226951492342172,0.0,0.0,0.2810237697681186,0.0,0.024411287305604504,0.0,0.0,1.0
gex_possorted_bam_SJSO3:GGAACCACAGCCTAACx-M1,0.05646089163080174,0.0,0.0,0.0,0.22848558089993623,0.33410871674412634,0.0,0.0,0.0,0.0,1.0,0.0,0.0,0.0,0.0,0.0,1.0,1.0,0.0,0.8251874380650253,0.5825125164982667,0.7607831562297113,0.15482644859372777,0.655112565134861,0.0,0.0,0.4787857591349448,0.0,0.0,0.0,0.0,0.12515031654512776,0.1267373409400013,0.0,0.23111495978499302,0.0,0.0,0.053205107110757224,0.0,0.0,0.0,0.0,0.0,0.0,0.043137965008998025,0.0,0.0,0.43618710155923635,0.0,0.0,0.0,0.0,0.8149674124460689
gex_possorted_bam_SJSO3:GCTTTATTCATTTAGGx-M1,0.0,0.4711366475143119,0.8440449968836913,0.0,0.0,0.0,1.0,0.0,0.12417548008745018,0.0,1.0,1.0,0.0,1.0,0.0,1.0,1.0,0.7191005626661618,0.7353220645077376,0.0,0.0,0.0,0.0,0.0,0.5677232811073539,0.0,1.0,0.028683613163079057,0.0,0.0,0.1323925538116589,0.0,0.0,0.0,1.0,0.0,1.0,0.0,0.0,1.0,0.22969335174527855,1.0,0.2995827919502235,0.5870474325880495,0.0,0.0,0.28280608386574063,1.0,0.0,0.0,0.0009326993631392998,0.0,0.0
gex_possorted_bam_SJSO3:GCTTTATTCCTAAGTAx-M1,0.0,0.0,0.0,0.0,0.0,0.0,0.5075585744362906,0.0,0.9369864916688572,0.0,1.0,0.3538059760677869,0.0,1.0,0.0,1.0,1.0,0.4661331917013859,0.6163211005498467,0.0,0.0,0.0,0.0,0.0,0.8647485344928357,0.0,1.0,0.0,0.11509639297862295,0.0,0.0,0.008488820749193278,0.0,0.0,1.0,0.0,1.0,0.0,0.0,1.0,0.0,1.0,0.7291278505396797,0.2842549136073451,0.0,0.0,0.8558587586756841,1.0,0.0,0.0,0.1583389166629475,0.0,0.0
gex_possorted_bam_SJSO3:GGAACGGTCCGCCAAAx-M1,0.0,0.0,0.0,0.0,0.0,0.0,0.0,0.0,0.0,0.0,0.3665184031881785,0.0,0.0,0.0,0.04998756968786714,0.0,0.6568757799171472,0.23705538435331075,0.0,1.0,0.3957459484522884,0.42635113900613747,0.07322832568706422,0.5668858357022011,0.0,0.0,0.42385514177063366,0.0,0.0,0.0,0.0,0.0,0.07439484609627145,0.0,0.37792593571589317,0.0,0.0,0.0,0.023123697578133828,0.2045935973153615,0.04094257861345577,0.14261345033690823,0.0,0.0,0.0,0.0,0.0,0.215774188373245,0.0,0.0,0.0,0.0,0.5347244471111104
gex_possorted_bam_SJSO3:GGAAACTCAACTGGGAx-M1,0.0,0.5758002141385538,1.0,0.10362187211932937,0.0,0.0,1.0,0.0,0.7438624509295253,0.16987578949482168,1.0,1.0,0.3340270846348696,1.0,0.0,1.0,1.0,0.4989251384249185,1.0,0.0,0.0,0.0,0.0,0.0,1.0,0.157267903872134,1.0,0.4534140359542374,0.022772576803334103,0.05755662903115064,1.0,0.0,0.0,0.05863702686196211,1.0,0.0,1.0,0.0,0.05191148550401426,1.0,0.13254607395371198,1.0,1.0,1.0,0.0,0.0,1.0,1.0,0.17717990677259965,0.0,0.4617453501031731,0.07757786248600984,0.0
gex_possorted_bam_SJSO3:GGAACCACATCCCGCTx-M1,0.0,0.0,0.0,0.0,0.0,0.0,0.33680424487433464,0.0,0.7919729825664812,0.0,1.0,0.3471514241704683,0.0,1.0,0.0,1.0,1.0,0.4503232255335138,0.6139823666157512,0.0,0.0,0.0,0.0,0.0,0.8019174809175096,0.0,1.0,0.0,0.0,0.0,0.0,0.0,0.0,0.0,1.0,0.0,1.0,0.0,0.0,1.0,0.0,1.0,0.7638049821568728,0.40964164583019597,0.0,0.0,0.7014542061420042,1.0,0.0,0.0,0.0935637005377941,0.0,0.0
gex_possorted_bam_SJSO3:GGACCGAAGCCTGATGx-M1,0.0,0.2768872569851368,1.0,0.05547659705831364,0.0,0.06766469657684583,1.0,0.0,1.0,0.0,1.0,0.8716794720452583,0.702755262817135,1.0,0.0,1.0,1.0,0.8926850944236666,1.0,0.0,0.0,0.0,0.0,0.0,1.0,0.1651889811414753,1.0,0.2850494981663028,0.07978439077106265,0.03894879540846428,1.0,0.05333724470245335,0.0,0.0,1.0,0.0,1.0,0.0,0.0,1.0,0.0,1.0,1.0,1.0,0.0,0.0,1.0,1.0,0.137266150789803,0.0,0.3225433561906963,0.0996043097758461,0.0
gex_possorted_bam_SJSO3:GGACCGAAGCAACATCx-M1,0.0,0.0,1.0,0.0,0.0,0.0,1.0,0.0,1.0,0.0,1.0,0.5633221944090028,0.4054247957952057,1.0,0.0,1.0,1.0,0.0,0.44667995377865943,0.0,0.0,0.0,0.0,0.0,1.0,0.07284090843840521,1.0,0.1640547686962243,0.007265644256053678,0.0,0.8576005035576063,0.0,0.0,0.0,1.0,0.0,1.0,0.0,0.0,1.0,0.0,1.0,1.0,1.0,0.0,0.0,1.0,1.0,0.08995371064558745,0.0,0.26347738033346474,0.034478321586907536,0.0
gex_possorted_bam_SJSO3:GGAAACTCAATATGGAx-M1,0.024014873489547534,0.0,0.2886357212054628,0.0,0.4904733876046989,0.322993756414379,0.0,0.0,0.0,0.0,0.9057166456774817,0.0,0.0,0.0,0.03120416603938201,0.0,0.9489009862109439,1.0,0.0,1.0,0.6303329886458532,0.8174230715357123,0.17012844686188078,0.6507629039934191,0.0,0.0,0.400229765010982,0.0,0.0,0.0,0.0,0.2340273904062787,0.17631103308077575,0.0,0.18571478701354235,0.0,0.0,0.0,0.0,0.0,0.0,0.0,0.0,0.0,0.07083008283021702,0.0,0.0,0.320261581948717,0.0,0.11907238359592842,0.0,0.0,1.0
gex_possorted_bam_SJSO3:GGAACGGTCGATATTGx-M1,0.0,0.3448911538847279,1.0,0.08168161026039168,0.0,0.0,1.0,0.0,1.0,0.003759856793319745,1.0,0.9719058579549551,0.9349137353567216,1.0,0.0,1.0,1.0,0.025671929061529902,1.0,0.0,0.0,0.0,0.0,0.0,1.0,0.22685131592895064,1.0,0.3507742612251141,0.48183672572554215,0.08924368558381794,1.0,0.0,0.0,0.04527555054232856,1.0,0.0,1.0,0.0,0.0,1.0,0.0,1.0,1.0,1.0,0.0,0.020081201627181727,1.0,1.0,0.224848342337829,0.0,0.5330242870854641,0.169825426058607,0.0
gex_possorted_bam_SJSO3:GGAACGGTCTGGCATGx-M1,0.0,0.14752242770586588,0.16494566210436518,0.0,0.0,0.0,0.0,0.07639459403488673,0.0,0.1412644639020843,0.07366341589096194,0.1444512057265577,0.0,0.0,0.1816776772410065,0.0,0.37604704890539176,0.0,0.0,1.0,0.35515782955574954,0.43243871457924693,0.08282325547155123,0.5726915233081595,0.0,0.0,0.27681948667668194,0.0,0.0,0.0,0.5564796301660092,0.0,0.10971708651494358,0.0840035483339666,0.4449391610979418,0.14095868688493207,0.21428608927520315,0.02263350477382978,0.1535130794430128,0.47795639737550133,0.0,0.10534651507950225,0.0,0.0,0.0,0.06347245510889175,0.0,0.0,0.058778498381672886,0.0,0.04389887231559201,0.0,0.5728719598888085
gex_possorted_bam_SJSO3:GGAACAATCCCTCACGx-M1,0.05448615329633033,0.0,0.0,0.0,0.16977067874885104,0.14446051955216407,0.0,0.0,0.0,0.0,1.0,0.0,0.0,0.0,0.0,0.0,0.889193307373192,1.0,0.0,0.943658866706502,0.584728365711521,0.7291382072668104,0.11238311780952587,0.7143879694609101,0.0,0.0,0.41489985071519775,0.0,0.0,0.0,0.0,0.09232327397336516,0.1290059519809919,0.0,0.1855502229981885,0.0,0.0,0.04159541638789653,0.0,0.0,0.0,0.0,0.0,0.0,0.07717292842441664,0.0,0.0,0.3804422698394048,0.0,0.0,0.0,0.0,0.6653603966394279
gex_possorted_bam_SJSO3:GGAACGGTCGCCTGTTx-M1,0.0,0.6656482135310346,1.0,0.03372256710009066,0.028119427487256272,0.0,0.8000741970788366,0.20277428950048654,0.05111557504803027,0.6928096539392034,0.0,0.44872273024974746,0.0,0.0,0.44544964514457974,0.0471869841509326,0.0,0.0,0.0,1.0,0.2911730216824594,0.4482699910482816,0.08524411978172214,0.5423511029928163,0.0,0.0,0.17397628349147828,0.17152183112939623,0.09343860815898232,0.0,1.0,0.0,0.14318685058031355,0.26524998814900846,0.4099077244425553,0.2677992029740048,0.33334646954057534,0.0,0.2360440844820766,0.9485858475481929,0.06368919369535705,0.10859839089697086,0.0,0.46045211200594316,0.08313967818225118,0.13666430203920096,0.0,0.0,0.21765869381205508,0.35205709355231707,0.06053974107319161,0.0,1.0
gex_possorted_bam_SJSO3:GGACAGCCAATAACCTx-M1,0.0,0.0,0.10298266536351014,0.0,0.0,0.0,0.6062046888635264,0.0,1.0,0.0,0.9517504420514712,0.5294874158118964,0.0,1.0,0.0,1.0,0.9021061023645497,0.0,0.4580151108832001,0.0,0.0,0.0,0.0,0.0,0.8852130179778632,0.0,1.0,0.008307671858785984,0.08970849548938001,0.0,0.0,0.0,0.0,0.0,1.0,0.0,1.0,0.0,0.0,1.0,0.0,1.0,0.9727237084113488,0.976614641615728,0.0,0.0,0.8040304017685848,1.0,0.0,0.0,0.20565777847650374,0.0,0.0
gex_possorted_bam_SJSO3:GCTTGTTGTCCTTAGTx-M1,0.08676640132094147,0.0,0.03827250325778659,0.0,0.42430235354303913,0.46442892381898854,0.0,0.0,0.0,0.0,1.0,0.0,0.0,0.0,0.0,0.0,1.0,1.0,0.0,1.0,0.7788165476157788,0.8560149810995082,0.20937443050359525,0.7770488082131987,0.0,0.0,0.3941237892893302,0.0,0.0,0.047734971436144726,0.0,0.11573374255686703,0.20850640267023504,0.0,0.159038193674355,0.005745749632363645,0.0,0.03291136125175505,0.0,0.0,0.0,0.0,0.0,0.0,0.14497577405494902,0.0,0.0,0.25870624994411534,0.0,0.044609968207662345,0.0,0.0,1.0
gex_possorted_bam_SJSO3:GCTTTGTGTGGATTATx-M1,0.0,0.5564919455667623,1.0,0.2555176071746436,0.0,0.0,1.0,0.03925112200771193,1.0,0.21448202263879046,1.0,1.0,1.0,1.0,0.0,1.0,1.0,0.0,1.0,0.0,0.0,0.0,0.0,0.0,1.0,0.44250959000986956,1.0,0.7987750821939198,0.6478104425638017,0.286775009820038,1.0,0.0,0.0,0.22541438346561574,1.0,0.0,1.0,0.0,0.0,1.0,0.0,1.0,1.0,1.0,0.0,0.1307697931512388,1.0,1.0,0.41018144687929287,0.10733914303009938,0.854595428369563,0.28640674160099877,0.0
gex_possorted_bam_SJSO3:GCTTGTTGTTAAGGTTx-M1,0.0,0.22034780052049685,0.0,0.0,0.0,0.0,0.3161415466499053,0.07292989603317625,0.0,0.0,0.0,0.5942421702880218,0.0,0.0,0.15251065988764592,0.0,0.4792553712120914,0.0,0.0,1.0,0.10198735128049567,0.15743320961101204,0.0,0.44409308987079155,0.0,0.0,0.3782683492054239,0.0,0.0,0.0,0.0,0.0,0.02564099078493035,0.10514387029291744,0.4957743802020991,0.0008905309809943932,0.08446019598827684,0.0,0.09033512545667723,0.43300466977562774,0.15086603974002855,0.5414318024723851,0.0,0.0,0.0,0.0,0.0,0.10267213079671934,0.0,0.0,0.0,0.0,0.025599590599106475
gex_possorted_bam_SJSO3:GGACATAAGTAATCCAx-M1,0.0,0.5858906362632409,1.0,0.23733076989672713,0.0,0.0,1.0,0.0,1.0,0.16374469057821905,1.0,1.0,1.0,1.0,0.0,1.0,1.0,0.36489093157701813,1.0,0.0,0.0,0.0,0.0,0.0,1.0,0.36122197696360486,1.0,0.7739151989891615,0.6221619997783614,0.41153458567612367,1.0,0.0,0.0,0.1122462579819175,1.0,0.0,1.0,0.0,0.0,1.0,0.0,1.0,1.0,1.0,0.0,0.10954858875486208,1.0,1.0,0.38932661597375895,0.06572092937032771,0.8393677298603973,0.27764150831103995,0.0
gex_possorted_bam_SJSO3:GGAAACTCAGTATGTTx-M1,0.11352052851900508,0.0,0.0,0.0,0.19342897727778532,0.4459010341183096,0.0,0.0,0.0,0.0,1.0,0.0,0.0,0.0,0.0,0.0,1.0,1.0,0.0,0.73219183225297,0.6402960010840383,0.8074143368536332,0.16813094886110103,0.7390188696997959,0.0,0.0,0.4442029213321075,0.0,0.0,0.0,0.0,0.2378335024048486,0.1650799158021536,0.0,0.191388925743861,0.013548779208853558,0.0,0.09102918192598766,0.0,0.0,0.0,0.0,0.0,0.0,0.08717573505946072,0.0,0.0,0.48183444956006394,0.0,0.0,0.0,0.01588971101429111,0.8501346943693874
gex_possorted_bam_SJSO3:GGACGAAGTCAATAGTx-M1,0.07418867662997271,0.0,0.19359817995833567,0.0,0.5367820330960856,0.2798672972534238,0.0,0.0,0.0,0.0,0.9079736241842333,0.0,0.0,0.0,0.04210711690491629,0.0,0.8949248437635421,1.0,0.0,1.0,0.6951842716631801,0.792388188448917,0.18306359446945544,0.7399125271341889,0.0,0.0,0.42661081419751495,0.0,0.0,0.0,0.0,0.23348152467806627,0.18220068389517693,0.0,0.22909370995319325,0.027632951215192502,0.0,0.046505087380840505,0.03612883444013703,0.0,0.0,0.0,0.0,0.0,0.13647116378883528,0.02508354887778418,0.0,0.19784368816099424,0.0,0.06588518544392413,0.0,0.0,1.0
gex_possorted_bam_SJSO3:GGACCTCAGGTGCTGCx-M1,0.0,0.8671167550555542,1.0,0.12376924645146488,0.19259296892232258,0.513492740067371,1.0,0.31196200637385396,0.0,1.0,0.0,0.19225336911372579,0.01224826916103977,0.0,0.5746707982498462,0.5089585456839395,0.30555916837262626,0.0,0.0,1.0,0.4941756269588276,0.5882164636453852,0.14774619750486923,0.7063010360505745,0.0,0.0,0.11544816210398084,0.5062888554970797,0.17799296973964826,0.12587690301273366,1.0,0.0,0.22469828583171422,0.33527449037664114,0.3940001592719434,0.40948095980584853,0.40333311641518105,0.0,0.3406919589065019,1.0,0.03836880285883216,0.22807343833770014,0.0,1.0,0.2521487406479144,0.26915732639622986,0.0,0.0,0.43539576617630693,0.5449561987183498,0.23767761723015302,0.11458063784489184,1.0
gex_possorted_bam_SJSO3:GGAACTAAGACAACAGx-M1,0.10813369535755922,0.0,0.0,0.08103924017212646,0.1096110559476635,0.05014963761099201,0.0,0.10184564377299998,0.0,0.0,0.4859215871256953,0.0,0.0,0.0,0.10844697439374668,0.0,0.47565541918184573,0.26748208300806353,0.0,1.0,0.4428747606578897,0.6739104979688081,0.18545159284707766,0.6964859927265652,0.0,0.0,0.3782579508017624,0.0,0.0,0.04003691379973192,0.01724684828190992,0.06303341634911712,0.21862238989748567,0.04320541598320983,0.2272418233635151,0.05348068652373423,0.0,0.12396864482043517,0.07624540907342411,0.12522243951288795,0.11372514733992732,0.0,0.0,0.0,0.18214992387292545,0.05583614278459495,0.0,0.0704855038080591,0.0,0.0,0.0,0.016100808340434373,0.8220238958020101
gex_possorted_bam_SJSO3:GGAACTAAGTGAGGGTx-M1,0.0647709700647456,0.0,0.0,0.0,0.4265638292667861,0.33374551510731043,0.0,0.0,0.0,0.0,0.9620332063663697,0.0,0.0,0.0,0.022477181261357778,0.0,0.9281979720707303,0.9996119215625622,0.0,1.0,0.7094850339329661,0.8524341165505326,0.17483194631354496,0.7278887343592737,0.0,0.0,0.3940984614762501,0.0,0.0,0.011922433728401006,0.0,0.1934392902523327,0.17316823670936582,0.0,0.20498651211406124,0.037064633992057845,0.0,0.01411617008415458,0.03117329322143171,0.0,0.0,0.0,0.0,0.0,0.1581613992512153,0.0,0.0,0.12231361723155038,0.0,0.04786065842959632,0.0,0.0,1.0
gex_possorted_bam_SJSO3:GGAAACTCACTTGTTCx-M1,0.0,0.06790964005653646,0.8907824761105911,0.0,0.0,0.0,1.0,0.0,1.0,0.0,1.0,0.6092862782566459,0.43256432475425066,1.0,0.0,1.0,1.0,0.6826988566129146,1.0,0.0,0.0,0.0,0.0,0.0,1.0,0.10121580676440411,1.0,0.08709563174072704,0.06029244529159542,0.0,0.536715375012104,0.0,0.0,0.0,1.0,0.0,1.0,0.0,0.0,1.0,0.0,1.0,1.0,1.0,0.0,0.0,1.0,1.0,0.02708364037967253,0.0,0.20168543509785317,0.053541446759517025,0.0
gex_possorted_bam_SJSO3:GGAACCACACAGACTCx-M1,0.09392745358237146,0.8779000837015437,0.8411920197486398,0.14882853281528968,0.1047344478761664,0.4073436999233181,1.0,0.34135390474412236,0.014401932605971137,0.7740594422385133,0.0,0.9748678898312974,0.024421989744926022,0.0,0.6590037779329361,0.28711240837511964,0.3606175776577727,0.0,0.0,1.0,0.5263215628852659,0.49234687807518773,0.21797515667362846,0.690617630234035,0.0,0.0,0.17118850583419784,0.44318105871092783,0.2952103843343194,0.1261062687517128,1.0,0.0,0.2703736501124674,0.3789946099120912,0.5131280187938471,0.4241628901875765,0.348621078956575,0.058658271679385615,0.4620521511106948,0.9682182926727863,0.3296897310157436,0.6792682502599681,0.0,0.4494752058693565,0.23498852829608377,0.24745484453938524,0.0,0.0,0.35833632233515705,0.3678182242586821,0.0,0.12353163577907872,0.9099473589536282
gex_possorted_bam_SJSO3:GGAACAATCTCACATTx-M1,0.0,0.0,0.08239516266659568,0.0,0.0,0.0,0.33317281654642333,0.0,0.8377674867503857,0.0,1.0,0.21323785883485596,0.0,0.9130185562228296,0.0,1.0,1.0,0.5272690952326294,0.5210527207973119,0.0,0.0,0.0,0.0,0.0,0.6811105823558365,0.0,1.0,0.0,0.0,0.0,0.0,0.0,0.0,0.0,1.0,0.0,1.0,0.0,0.0,1.0,0.0,1.0,0.6252131096410635,0.38282798270414625,0.0,0.0,0.5893436011518419,1.0,0.0,0.0,0.02435304894621429,0.0,0.0
gex_possorted_bam_SJSO3:GGAACGGTCATTACTCx-M1,0.3037670712210033,0.14416567903064603,0.7630832482417723,0.16909704703531658,1.0,1.0,0.0,0.1477605748093055,0.0,0.36483939074145194,1.0,0.0,0.22429401776146646,0.0,0.28631328037667897,0.0,1.0,1.0,0.2196306989519889,1.0,1.0,1.0,0.4477115887166356,0.9851750270108652,0.0,0.13336453414955715,0.3553934266380531,0.22109846375854625,0.0,0.39561037044351516,0.8537779349504686,0.5445307022841845,0.4781170887742279,0.027010485809475588,0.1974729371558002,0.2759678405566792,0.0,0.1862591780043759,0.2997358274887542,0.17521557790990608,0.16494021801391637,0.0,0.048707518578618714,0.8896758403650084,0.5145334065208634,0.2637037343408937,0.4358184162607833,0.22717849640392343,0.27563284015074485,0.598162555854247,0.0,0.23985985012739142,1.0
gex_possorted_bam_SJSO3:GGAATCTTCCCGTTACx-M1,0.28372450641504915,0.0,0.09753331878205952,0.15548617825888106,0.8444933934872405,1.0,0.0,0.14115070528724472,0.0,0.31856889004330663,1.0,0.0,0.0,0.0,0.28869398269049995,0.0,1.0,1.0,0.03520614814324062,1.0,0.9717541975732568,1.0,0.42417906376241526,0.8263335114392721,0.0,0.13371145614016025,0.30299559058174674,0.0416728814308222,0.0,0.3706204869919084,0.11655485931731918,0.33692390677067013,0.3792562472188481,0.01874634718553195,0.16651057192744562,0.21397387629342443,0.0,0.22940093207728957,0.19409622264835683,0.0,0.0736337449104387,0.0,0.0,0.0,0.34679545098522796,0.18554642793170592,0.0,0.05823571941194955,0.16651620371644857,0.40336067842084483,0.0,0.22606028216631638,1.0
gex_possorted_bam_SJSO3:GCTTTCATCGCACACAx-M1,0.0,0.0,0.0,0.0,0.0,0.0,0.0,0.00815757164808601,0.0,0.0,0.44033364873667424,0.0,0.0,0.0,0.03190297101767107,0.0,0.575617253586658,0.19408247174871188,0.0,0.63421305767722,0.2584164120207315,0.3196642195744386,0.06045247257150827,0.36653051219933247,0.0,0.0,0.5706742695178395,0.0,0.0,0.0,0.0,0.0,0.06040139896084407,0.015656837437500206,0.5250377478569356,0.0,0.10773617462145772,0.0,0.0,0.3111931712809045,0.01010527794448688,0.32889878490890806,0.0,0.0,0.0,0.0,0.0,0.5646477318496183,0.0,0.0,0.0,0.0,0.3543790614415013
gex_possorted_bam_SJSO3:GGACCGAAGTAAGAACx-M1,0.0,0.3404182868251348,0.22431396670533857,0.07849661295966938,0.0,0.14275483325394778,1.0,0.043747578837927514,1.0,0.0,1.0,1.0,0.21850793246344793,1.0,0.0,1.0,1.0,1.0,1.0,0.0,0.0,0.0,0.0,0.0,1.0,0.11161475212312635,1.0,0.20089421551454426,0.1063490512891132,0.0,0.0,0.0,0.0,0.04946795285208217,1.0,0.0,1.0,0.0,0.0,1.0,0.1337951115532466,1.0,0.8416321727725774,0.7542364833302858,0.0,0.0,1.0,1.0,0.0,0.0,0.4107873278812159,0.0,0.0
gex_possorted_bam_SJSO3:GGAACAATCGTTATCTx-M1,0.09468335204877197,0.0,0.0,0.0,0.4366779753467268,0.4677112198089612,0.0,0.0,0.0,0.0,1.0,0.0,0.0,0.0,0.0,0.0,1.0,1.0,0.0,1.0,0.7338430168927652,0.8779113022134336,0.21903684530807746,0.7461964649474123,0.0,0.0,0.47204588807135744,0.0,0.0,0.014486725372983544,0.0,0.1255260883991171,0.18619125926553493,0.0,0.14115929152155013,0.0,0.0,0.04727315903066215,0.0,0.0,0.0,0.0,0.0,0.0,0.09909162169420195,0.0006655955240913354,0.0,0.349065699582718,0.0,0.0,0.0,0.0,0.9090735899508517
gex_possorted_bam_SJSO3:GCTTGTTGTCACAGACx-M1,0.0,0.0,0.26570758778477466,0.016559435989524293,0.0,0.0,0.5457997428090452,0.013215408199155301,1.0,0.0,1.0,0.6811114860720276,0.19696532149513415,1.0,0.0,1.0,0.8869258463125003,0.3562995154899509,0.46461359355553755,0.0,0.0,0.0,0.0,0.0,0.8061657781318,0.12429485317011651,1.0,0.0,0.12668388296720842,0.05754579020586552,0.2243341282459227,0.056989528855552384,0.0,0.0,1.0,0.0,1.0,0.0,0.0,0.9661059781795822,0.23056729417039756,1.0,0.9916171457856073,1.0,0.0,0.05493797159621352,1.0,1.0,0.013678350124273705,0.0,0.19102291736220953,0.08374173895100723,0.0
gex_possorted_bam_SJSO3:GGAAGTATCACTCAAAx-M1,0.23155991693042197,0.0,0.9561047944696349,0.14789559026318014,1.0,1.0,0.0,0.0860494264620818,0.0,0.4639409370849902,1.0,0.0,0.09698934565533139,0.0,0.35385200033665926,0.0,1.0,1.0,0.0,1.0,0.9175233861854615,1.0,0.39498267094499023,0.7396265879725594,0.0,0.15814807383967444,0.3941182337162601,0.17507532754681165,0.0,0.342231952829532,0.6120570158859774,0.5605471487675893,0.37668341781033743,0.07855426690994993,0.2846066422553308,0.2687563072326888,0.0,0.17018500290240607,0.26598517368017627,0.21114288854110771,0.21375193623527317,0.0,0.010805915075243613,0.5630097747851123,0.4550919445677921,0.22008262308229024,0.23378554357433196,0.23406065721455474,0.23110180670527172,0.5481466515740345,0.0,0.2252169457787549,1.0
gex_possorted_bam_SJSO3:GGACAGCCAGCTTAATx-M1,0.04680873367341599,0.0,0.6202015833654299,0.0,0.6921271139662356,0.5781370660416115,0.0,0.0,0.0,0.14110671979745626,1.0,0.0,0.0,0.0,0.08252438467821184,0.0,0.9681073586331669,1.0,0.0,1.0,0.5962981351743687,0.9210870061115126,0.28853116162452874,0.5454993333847437,0.0,0.0,0.35141218715538775,0.0,0.0,0.14894418442268695,0.008193829174452267,0.17811525762999936,0.19169002939505791,0.0,0.15354555216432783,0.026045757875928572,0.0,0.0,0.0,0.0,0.007216363580815419,0.0,0.0,0.0,0.24676024029351,0.06679662768699246,0.0,0.083161794153675,0.0,0.26556902967955165,0.0,0.044375754032729774,1.0
gex_possorted_bam_SJSO3:GGACATAAGACTTACAx-M1,0.04928745554734675,0.0,0.1470278049192975,0.0,0.2811088520191271,0.2667155446960573,0.0,0.0,0.0,0.0,0.9335224174605634,0.0,0.0,0.0,0.01495931520668386,0.0,0.8489898039803321,1.0,0.0,1.0,0.6184235249837307,0.7325155353028866,0.15526714046783993,0.6777745494207854,0.0,0.0,0.4220563897590405,0.0,0.0,0.0,0.07745327381749229,0.08871888616505676,0.15043946313130124,0.0,0.2782014124018323,0.0,0.0,0.05953112573271259,0.0,0.12376102216688106,0.0,0.0,0.0,0.0,0.08785786429203458,0.002989208055824939,0.0,0.14039771629904685,0.0,0.0,0.0,0.0,0.9908832306676094
gex_possorted_bam_SJSO3:GCTTGTTGTGAGCACTx-M1,0.2453960110376238,0.0,0.07044877939418936,0.06164568720301767,0.7916952126757695,1.0,0.0,0.010361191919467232,0.0,0.0,1.0,0.0,0.0,0.0,0.16221593370184084,0.0,1.0,1.0,0.23547747182307183,1.0,1.0,1.0,0.3685182541932473,0.8474109797398665,0.0,0.0,0.3392713572294163,0.016605804277053597,0.0,0.28874898415601696,0.01695625251901004,0.3405933124508354,0.33606079504523456,0.0,0.20808439739632487,0.16488246626644773,0.0,0.1493786637430728,0.1390820571501838,0.0,0.0,0.0,0.0,0.0,0.28832450206367594,0.13055560852499998,0.0,0.24593601486276093,0.051849157512169744,0.17737454460764038,0.0,0.1448457471062406,1.0
gex_possorted_bam_SJSO3:GGACCGAAGAACCTGTx-M1,0.0,0.0,0.0,0.0,0.15266548625399604,0.0,0.0,0.0,0.0,0.0,0.2563317536530845,0.0,0.0,0.0,0.10139508264154208,0.0,0.4682585858616994,0.0,0.0,1.0,0.44433275787222415,0.564797884678696,0.10580221833372265,0.575059487382319,0.0,0.0,0.39264608321795696,0.0,0.0,0.0,0.17309688334862566,0.0,0.10146871795980544,0.0,0.3173875000107839,0.0031443227640866574,0.0,0.0,0.010302485331820004,0.23387830613553282,0.0,0.0,0.0,0.0,0.0056427280972680734,0.0,0.0,0.1431745735521753,0.0,0.0,0.0,0.0,0.7415939834066193
gex_possorted_bam_SJSO3:GGACCGAAGGGCTTATx-M1,0.0,0.0,1.0,0.002410537687953167,0.7749575633182849,0.6638574215718208,0.9098356176602862,0.34227088296379415,0.26552698417411524,0.0,1.0,0.0,0.0,0.0,0.0,0.0,1.0,1.0,0.0,1.0,0.7111057022738597,0.7368047924526321,0.12649681578664262,0.37749998310959854,0.0,0.0,0.7890573817552957,0.0,0.0,0.0,0.0,0.5758802715219394,0.15087069512496182,0.0,0.446573170813352,0.018314652655383398,0.0,0.0,0.10614496625506493,0.2965756193596184,0.7308019829306325,0.0,0.0,1.0,0.01493344058595065,0.04173978960256872,0.5944205072504848,0.4366904857050095,0.025689276886730745,0.11672738311313045,0.0,0.0,1.0
gex_possorted_bam_SJSO3:GGAACTAAGTTGGGCCx-M1,0.0,0.0,0.0,0.0,0.0,0.0,0.0,0.009500508075742719,0.0,0.0,0.3221816065274661,0.0,0.0,0.026688880382544095,0.0,0.09978936514976454,0.5636124599001966,0.14939370022761791,0.0,0.3757542533691015,0.061747924875789235,0.12931209047753786,0.0,0.3103250138676893,0.0,0.0,0.6413457345213,0.0,0.0,0.0,0.0,0.0,0.0,0.051964857164550966,0.4920273382280208,0.0,0.17951646860210482,0.0,0.0,0.2119482486394161,0.06113142073623802,0.24980346543739895,0.0,0.0,0.0,0.0,0.0,0.584632912133196,0.0,0.0,0.0,0.0,0.04321113888430889
gex_possorted_bam_SJSO3:GGAACTAAGCGAGGTGx-M1,0.0,0.5193579674439693,1.0,0.09518375604115105,0.0,0.0,1.0,0.0,1.0,0.11060616371848926,1.0,1.0,0.42957862701251504,1.0,0.0,1.0,1.0,0.1952464977414802,0.9517865164252397,0.0,0.0,0.0,0.0,0.0,1.0,0.12317386788113342,1.0,0.3323721322217198,0.38106606831014406,0.05373282851317689,0.9036622066326073,0.0,0.0,0.11459470930774458,1.0,0.0,1.0,0.0,0.0,1.0,0.13954485990357204,1.0,1.0,1.0,0.0,0.0,1.0,1.0,0.19006511267289702,0.0,0.3667063728258987,0.08692593548091565,0.0
gex_possorted_bam_SJSO3:GGACCTCAGCCTGACAx-M1,0.03434572313264881,0.0,0.0,0.0,0.348297693717529,0.11689652433779858,0.0,0.0,0.0,0.06443508846119061,0.8239808451430799,0.0,0.0,0.0,0.0,0.24922300284632076,0.7179712902744159,0.9692469816882696,0.0,1.0,0.5008053290865928,0.6940687343344062,0.21263764683401798,0.6070811615299477,0.0,0.0,0.5232632253061091,0.0,0.0,0.02065793513326849,0.0,0.1097152194322308,0.07819356954766114,0.0,0.21523930033736868,0.0,0.21444511593594467,0.0,0.0,0.0,0.0,0.0,0.0,0.0,0.0,0.0,0.0,0.34914184260497666,0.0,0.0,0.0,0.016453861442278273,1.0
gex_possorted_bam_SJSO3:GGAACCACATCCTAGAx-M1,0.0,0.0,0.2677616011791928,0.0,0.0,0.0,0.018113578328011182,0.033991127957887585,0.0,0.07250337577059907,0.050260613327562466,0.0,0.0,0.0,0.06752855854136462,0.0,0.3589826679808631,0.0,0.0,1.0,0.2713498681569957,0.3422211174365808,0.026203927916083926,0.4710991041637129,0.0,0.0,0.4729103174224985,0.0,0.0,0.0,0.25489223247047904,0.0,0.044446022254458935,0.0,0.47271084262486823,0.0,0.1668540003360919,0.0,0.04393228824464577,0.4585768341389458,0.005551857177236195,0.18052045219132212,0.0,0.0,0.0,0.0,0.0,0.29644680148874897,0.0,0.0,0.0,0.0,0.4284820055985963
gex_possorted_bam_SJSO3:GCTTTACGTGATGAAAx-M1,0.05084351392634035,0.0,0.0,0.0,0.3148959868149448,0.25777231807865114,0.0,0.0,0.0,0.0,1.0,0.0,0.0,0.0,0.0,0.0,1.0,1.0,0.0,1.0,0.6627157080787026,0.7687037786571981,0.15853156752795056,0.7739615597655046,0.0,0.0,0.3542128832700934,0.0,0.0,0.0,0.0,0.3161448007105002,0.1547658630837331,0.0,0.22700649637594844,0.0,0.0,0.08661667848948516,0.0,0.0,0.0,0.0,0.0,0.0,0.12029667544350575,0.0,0.0,0.34613747525258254,0.0,0.0,0.0,0.0,0.9653005216368026
gex_possorted_bam_SJSO3:GGAACCTGTGTCCAAAx-M1,0.0,0.0,0.7446944155117214,0.0,0.0,0.0,0.985333373067942,0.0,1.0,0.0,1.0,0.8649063426825712,0.2579231432289212,1.0,0.0,1.0,1.0,0.9526829076052871,1.0,0.0,0.0,0.0,0.0,0.0,1.0,0.08891915720090374,1.0,0.10825503017271056,0.0,0.0,0.2737238925814341,0.0,0.0,0.0,1.0,0.0,1.0,0.0,0.0,1.0,0.0,1.0,1.0,1.0,0.0,0.0,1.0,1.0,0.009316973371115424,0.0,0.18029961106489428,0.029927501449290076,0.0
gex_possorted_bam_SJSO3:GGACGGATCCCTCGCAx-M1,0.0,0.0,0.19325772715232473,0.0,0.0,0.0,0.640716868843031,0.0,1.0,0.0,1.0,0.3276396482472493,0.3541386960834814,1.0,0.0,1.0,1.0,1.0,1.0,0.0,0.0,0.0,0.0,0.0,1.0,0.03626349641079255,1.0,0.0,0.24389653323349533,0.0,0.0,0.005671017397369841,0.0,0.0,1.0,0.0,1.0,0.0,0.0,1.0,0.0,1.0,1.0,0.9534867136341708,0.0,0.0,1.0,1.0,0.0,0.0,0.32258006461904526,0.0,0.0
gex_possorted_bam_SJSO3:GGATAACCACGTAATTx-M1,0.015020999390986976,0.0,0.0,0.0,0.1979286101163594,0.013854154186345453,0.0,0.0,0.0,0.0,0.8255696332799868,0.0,0.0,0.0,0.0,0.0,0.6624351655685621,0.8238624738616976,0.0,0.8137999545316548,0.43070063971234934,0.6391832981536071,0.11507929152264122,0.5678269195354365,0.0,0.0,0.45794495905519195,0.0,0.0,0.0,0.0,0.04007875495510694,0.08293365548937696,0.0,0.2783407548540423,0.0,0.0,0.0011467918467705366,0.0,0.05786676054520808,0.0,0.0,0.0,0.0,0.0,0.0,0.0,0.2544400089193938,0.0,0.0,0.0,0.0,0.7733352031697355
gex_possorted_bam_SJSO3:GGAGCAAGTGTTAAACx-M1,0.04153881479253803,0.0,0.2742162808284557,0.0,0.43026633732901726,0.2748281385000367,0.0,0.0,0.0,0.03514769719115093,0.8831969238804154,0.0,0.0,0.0,0.10098542052175066,0.0,0.8331134256170238,0.8426097508047007,0.0,1.0,0.6530693433209915,0.7332561766581676,0.17450901106168648,0.6953653309352819,0.0,0.0,0.42012522674072467,0.0,0.0,0.0,0.0703984950584936,0.15329940185014554,0.1414817102493961,0.0,0.28946506839884745,0.037244677355378106,0.0,0.012703326290011733,0.02438092989348554,0.08524752534886813,0.0,0.0,0.0,0.0,0.09189758184269148,0.034120192285761984,0.0,0.14468942585190328,0.0,0.05228412349799053,0.0,0.015213788431608758,0.9164416568213715
gex_possorted_bam_SJSO3:GGATTTATCGGTTTCCx-M1,0.14407071373653507,0.0,0.0,0.0,0.5532930002168887,1.0,0.0,0.0,0.0,0.0,1.0,0.0,0.0,0.0,0.03470658844476474,0.0,1.0,1.0,0.08562504706511244,1.0,0.981353320508202,1.0,0.26546984625644043,0.8681302406523419,0.0,0.0,0.3008041620108309,0.0,0.0,0.18964254065004868,0.07845256476164494,0.20116883312635792,0.2295820437507756,0.0,0.1756473460865963,0.0785801477133817,0.0,0.0682686919671945,0.03122193577767337,0.0,0.0,0.0,0.0,0.0,0.23841287458413035,0.042353156390518974,0.0,0.1219662475127637,0.0,0.027961001315839812,0.0,0.08907973990222251,1.0
gex_possorted_bam_SJSO3:GGATGGCCACTATGGCx-M1,0.0,0.7174401786292398,1.0,0.2244172879230256,0.36916600051988696,0.5284354528122568,1.0,0.49087906316994484,1.0,0.24702243422848688,1.0,0.16281735786407384,1.0,1.0,0.0,1.0,1.0,1.0,1.0,0.0,0.0,0.0,0.0,0.0,1.0,0.3818959585395883,1.0,0.4256382975024779,0.7439863834242839,0.0,0.950694087795255,0.4766279837535507,0.0,0.14780533972724588,1.0,0.0,1.0,0.0,0.0,1.0,0.9494538181408616,1.0,1.0,1.0,0.0,0.18911720349293898,1.0,1.0,0.41042387742940756,0.2549139139325888,0.3989245636734198,0.12898642277552153,0.7177791294006352
gex_possorted_bam_SJSO3:GGATGAATCTTAGCGGx-M1,0.0,0.0,0.6101166627409447,0.0,0.0,0.0,1.0,0.0,1.0,0.0,1.0,0.09443463250749354,0.35616569045730867,1.0,0.0,1.0,1.0,0.7472249366104302,0.7991363027256583,0.0,0.0,0.0,0.0,0.0,1.0,0.10095075647514434,1.0,0.0,0.02345862270259904,0.0,0.0,0.1939982543533784,0.0,0.0,1.0,0.0,1.0,0.0,0.0,1.0,0.1688726354203044,1.0,1.0,1.0,0.0,0.0,1.0,1.0,0.0,0.0,0.1869550054890642,0.0,0.0
gex_possorted_bam_SJSO3:GGATACTTCAGGTCCAx-M1,0.0,0.28192341216017225,1.0,0.034320468387516144,0.0,0.0,1.0,0.0,1.0,0.1522167930231586,0.6405382929113806,1.0,0.3939687926332499,1.0,0.0,1.0,0.9147428341286697,0.0,0.4018324816504796,0.0,0.0,0.0,0.0,0.0,1.0,0.08899087854234955,1.0,0.3246804501241436,0.21562780807928308,0.0,1.0,0.0,0.0,0.06899879657974985,1.0,0.0,1.0,0.0,0.0,1.0,0.05828132717028671,1.0,1.0,1.0,0.0,0.0,1.0,1.0,0.19010250131072037,0.0,0.40404275356935115,0.047601891756942356,0.0
gex_possorted_bam_SJSO3:GGATGGCCAGGATGGCx-M1,0.0,0.15005606631750104,0.0,0.0,0.0,0.0,0.20623425986469734,0.060519447845463564,0.0,0.0,0.0,0.4853378205428086,0.0,0.0,0.15344811832386382,0.021870311352162105,0.5756737571938295,0.0,0.0,0.9522013448226475,0.140753366291854,0.14105903950776144,0.0,0.42586869166775837,0.0,0.0,0.3893468682858513,0.0,0.0,0.0,0.0,0.0,0.01699218802010929,0.07378503317886641,0.5264614471670213,0.0,0.07794649553287113,0.0,0.08573890890177023,0.40303091011386444,0.15339288546363042,0.6534499685877619,0.0,0.0,0.0,0.0,0.0,0.2442898814901731,0.0,0.0,0.0,0.0,0.0
gex_possorted_bam_SJSO3:GGAGCATAGTTTAACGx-M1,0.0,0.0,0.3888863311087197,0.0,0.0,0.0,0.7390675389500871,0.0,1.0,0.0,1.0,0.5919585234691644,0.21881290125397845,1.0,0.0,1.0,1.0,0.7992609002963054,0.8101152965829621,0.0,0.0,0.0,0.0,0.0,1.0,0.07855504960841858,1.0,0.044179401056434614,0.0,0.0,0.0,0.0,0.0,0.0,1.0,0.0,1.0,0.0,0.0,1.0,0.0,1.0,0.8371340942377558,0.9243432732076702,0.0,0.0,1.0,1.0,0.0,0.0,0.3834571583825424,0.0,0.0
gex_possorted_bam_SJSO3:GGATATTGTGCATTTCx-M1,0.0,0.0,0.0,0.0,0.0,0.0,0.0,0.039129104966674044,0.0,0.0,0.0,0.4138233904654278,0.0,0.0,0.010702377833597905,0.0,0.25664230492135387,0.0,0.0,0.5751483811612946,0.0,0.09756190214308352,0.0,0.36213615858082426,0.0,0.0,0.4376001895579359,0.0,0.0,0.0,0.0,0.0,0.0,0.0964414106899035,0.48231952292509633,0.0,0.13381852001856354,0.0,0.0,0.3335602331050119,0.14219696740115084,0.44423834546627466,0.0,0.0,0.0,0.0,0.0,0.2492831570963918,0.0,0.0,0.0,0.0,0.0555881816706712
gex_possorted_bam_SJSO3:GGATTCAGTTATTGCCx-M1,0.033730657275835144,0.0,0.16541821795500686,0.0,0.355935624909383,0.46684602326242747,0.0,0.0,0.0,0.0,1.0,0.0,0.0,0.0,0.0,0.0,0.9743307871900482,1.0,0.0,1.0,0.6503468483769093,0.8013534286029078,0.15690976192465467,0.7293224524063092,0.0,0.0,0.3642068373938358,0.0,0.0,0.013806800879479659,0.2697788833055261,0.15797596026153918,0.15859580743978063,0.0,0.20824053937027553,0.018844661423420513,0.0,0.07763572878866025,0.01918940763573761,0.08019575738725022,0.0,0.0,0.0,0.0,0.1633927427296868,0.02852916572439657,0.0,0.23882570067560674,0.0,0.0036140096168212534,0.0,0.018857157056480823,1.0
gex_possorted_bam_SJSO3:GGATATTGTATTGCAGx-M1,0.07245214285122598,0.0,0.14348767774193627,0.0,0.3517915203553096,0.49639709761543194,0.0,0.0,0.0,0.0,1.0,0.0,0.0,0.0,0.08794886098937509,0.0,0.9887398664023036,1.0,0.0,1.0,0.7126253483358574,0.8859870988220379,0.20546641936501941,0.8217519412108316,0.0,0.0,0.2761481341719852,0.0,0.0,0.037283316465255685,0.0,0.11419942945245186,0.21099950173848858,0.0,0.12213011230122917,0.046430886311207994,0.0,0.048272661191167736,0.039991594776365595,0.0,0.0,0.0,0.0,0.0,0.06061387756536251,0.024323401071034638,0.0,0.03130419500121929,0.0,0.009066018504088858,0.0,0.004260919493975302,1.0
gex_possorted_bam_SJSO3:GGATGTAAGGGTGGATx-M1,0.0,0.9189049959867753,0.9118250542950441,0.03193588801939612,0.0,0.3890278803536478,1.0,0.21064431154693258,0.0,0.6097143951672344,0.07115078683717412,0.9132585944321377,0.0,0.0,0.5654212377442409,0.4869937884174672,0.9623223208167867,0.0,0.0,1.0,0.41539934457777816,0.3439859537471732,0.05576143287867385,0.6084301243999126,0.0,0.0,0.1811239132543381,0.22712101367002505,0.0,0.0,1.0,0.0,0.12595323530162528,0.18840957384355644,0.5827005644190132,0.22644228697436605,0.23460685534686218,0.0,0.3508857034806374,0.9639453080740865,0.24572271792922984,1.0,0.0,0.0,0.1255871870225926,0.007148662927821009,0.0,0.11211242146498739,0.16187584345619271,0.12413850900165528,0.0,0.0,0.4895976647956415
gex_possorted_bam_SJSO3:GGCAAGCCAGGAATCGx-M1,0.0,0.0,0.5378075058959424,0.0,0.0,0.0,0.767876908936349,0.0,1.0,0.0,0.8277952055096137,0.7313761072024112,0.0,1.0,0.0,1.0,0.8213501784162727,0.0,0.34175645041843616,0.0,0.0,0.0,0.0,0.0,0.9643403039788033,0.0,1.0,0.01339275876775335,0.1233461231728808,0.0,0.0,0.0,0.0,0.0,1.0,0.0,1.0,0.0,0.0,1.0,0.0,1.0,0.9578622232172055,1.0,0.0,0.0,0.9022219587631656,1.0,0.0,0.0,0.25781820648992804,0.0,0.0
gex_possorted_bam_SJSO3:GGAGTCTGTAACGAGGx-M1,0.0,0.1303503503279033,0.9047455072382508,0.04796800781276015,0.0,0.0,1.0,0.0,1.0,0.0,1.0,0.6048972086678571,0.5491458395280121,1.0,0.0,1.0,1.0,0.18278918751134135,0.7943102188695758,0.0,0.0,0.0,0.0,0.0,1.0,0.10383904531820766,1.0,0.3376236659204193,0.054814684813951804,0.13324642588801838,0.9458517358531814,0.0,0.0,0.03819253033397679,1.0,0.0,1.0,0.0,0.0,1.0,0.0,1.0,1.0,1.0,0.0,0.0,1.0,1.0,0.09134329552156857,0.0,0.3585970416938201,0.05555928700430959,0.0
gex_possorted_bam_SJSO3:GGCAAGCCATGACTATx-M1,0.0,0.0,0.24992552784323338,0.0,0.0,0.0,0.611809575990423,0.0,0.8308619828556292,0.0,0.9083972435000879,0.4121828789616344,0.0,1.0,0.0,1.0,0.954449460256649,0.0430547089742825,0.3976660967504127,0.0,0.0,0.0,0.0,0.0,0.9305525376959483,0.0,1.0,0.005827079943300003,0.0,0.0,0.0,0.0,0.0,0.0,1.0,0.0,1.0,0.0,0.0,1.0,0.0,1.0,1.0,1.0,0.0,0.0,1.0,1.0,0.0,0.0,0.2162800286298936,0.0,0.0
gex_possorted_bam_SJSO3:GGCAATCGTAGCTGGTx-M1,0.0,0.45070324669084344,0.28840392956986316,0.0,0.0,0.0,0.827386392962543,0.11875948783550791,0.0,0.28595005298565845,0.0,0.8034598408026818,0.0,0.0,0.3549109074033024,0.0363679018156222,0.24856128174846776,0.0,0.0,1.0,0.15136373490665683,0.1375010190865627,0.0,0.4624034018958293,0.0,0.0,0.3192307824037782,0.0,0.010566802184510069,0.0,0.7967960007662188,0.0,0.0322976333565788,0.1782093425434809,0.6300671278943725,0.08378381545609913,0.2698990936613653,0.0,0.1834902667507486,0.6912156331244601,0.16663483210283847,0.6343262387437035,0.0,0.0,0.0,0.0,0.0,0.0,0.0,0.0,0.0,0.0,0.13597547862279213
gex_possorted_bam_SJSO3:GGATACTTCACAGGAAx-M1,0.07622396708180482,0.0,0.0,0.0,0.47674121780232936,0.36101495467755157,0.0,0.0,0.0,0.0,1.0,0.0,0.0,0.0,0.0,0.0,0.9993848825577761,1.0,0.0,1.0,0.6656107647175015,0.7937379273450293,0.21794512874639732,0.7439598239713138,0.0,0.0,0.41865670359253593,0.0,0.0,0.11280928510085979,0.0,0.2834814935795465,0.1802796439865478,0.0,0.2126144307667166,0.0,0.0,0.05658555376911477,0.0,0.0,0.0,0.0,0.0,0.0,0.09722422887194578,0.0,0.0,0.3062788348784304,0.0,0.050800664709856294,0.0,0.0,0.9804733112556073
gex_possorted_bam_SJSO3:GGAGTCTGTAATCACGx-M1,0.0,0.25789371195991084,1.0,0.11386361698055124,0.0,0.8034317013942462,1.0,0.9670171108137993,0.6375944285902598,0.8185554951394048,0.7098491906099926,1.0,0.07901932974504046,1.0,0.3125945212267199,0.025833214265807685,1.0,1.0,0.5209740711130979,1.0,0.5805332698184184,0.3409658287272408,0.19298529310169366,0.40340308268975034,0.0,0.0,0.37489857913170566,1.0,0.25306885649248767,0.0,0.0,0.2622858870091724,0.33750931358387015,0.0,0.6874621516133008,0.3266461469433129,0.08220698945518931,0.17962508802802984,0.4815708858205218,0.34878089579865157,1.0,0.3443099083785801,0.0,0.24158000853414424,0.7524275094250081,0.0,1.0,0.6385188038613341,0.0,0.4659543208590985,0.0,0.0,1.0
gex_possorted_bam_SJSO3:GGAGTGAGTTGAGCCGx-M1,0.0,0.130714404940622,0.3924415136277131,0.02589305060055436,0.0,0.12224897070912619,1.0,0.0,1.0,0.0,1.0,0.6042334024549493,0.32383403636770985,1.0,0.0,1.0,1.0,1.0,1.0,0.0,0.0,0.0,0.0,0.0,1.0,0.1337026237533502,1.0,0.15554891938879412,0.08095747622522334,0.0,0.0,0.0,0.0,0.0,1.0,0.0,1.0,0.0,0.0,1.0,0.0,1.0,1.0,1.0,0.0,0.0,1.0,1.0,0.0,0.0,0.30827653243876163,0.01271105483342101,0.0
gex_possorted_bam_SJSO3:GGAGTCTGTTGGCCGAx-M1,0.22576671483709204,0.74001855398015,1.0,0.4692902349735733,1.0,1.0,1.0,1.0,1.0,0.6344359867262309,1.0,0.0,0.6682289978912839,0.1916609558899634,0.0712622990268889,0.07916176672872609,1.0,1.0,0.49450386572109933,1.0,0.7407427858231272,0.7968240229919061,0.4252957250176085,0.2681850465988444,0.6403595354081343,0.43220661473027827,0.8798297306074127,0.21482098895739168,1.0,0.0,0.6203801916648939,0.6880988778662146,0.4178355644033671,0.42014857363774205,0.4920365178075396,0.29405214775841176,0.0,0.24841437002247688,0.665947966164731,0.5235209793185893,1.0,0.11893300393856043,0.32123797495159356,1.0,0.19172147248759086,0.6019029956000741,1.0,0.23709475972995156,0.5365474107861589,0.5861504998978132,0.0,0.22475659541951615,1.0
gex_possorted_bam_SJSO3:GGCAAATCAAACGCGAx-M1,0.0,0.8181102174658884,0.7209425782813532,0.04354720749894362,0.0,0.06940220941223801,1.0,0.22865594550501747,0.0,0.5520604464648879,0.0,0.9165354062506477,0.0,0.0,0.5416875257087922,0.2509769468639734,0.38028283334829327,0.0,0.0,1.0,0.39993683947695563,0.355322447196369,0.10058095227643445,0.6006742272534982,0.0,0.0,0.16279329036398182,0.2738617418538294,0.041286296120748425,0.0,1.0,0.0,0.1619810609635103,0.2847060207468505,0.5755512538917053,0.27366627512881764,0.29772078822774306,0.0,0.35635371059367393,0.9292891564128127,0.19135815907042797,0.7692912921988944,0.0,0.15876186036305606,0.06808345981448734,0.08957687269164641,0.0,0.0,0.19031873719095474,0.14226761829741005,0.0,0.0,0.6820346337963207
gex_possorted_bam_SJSO3:GGACGGATCATAGACCx-M1,0.20753316678125372,0.0,0.0,0.025940784743291517,0.4377401178576431,0.6228105678706859,0.0,0.01985975265698497,0.0,0.0,1.0,0.0,0.0,0.0,0.03892504234912272,0.0,1.0,1.0,0.07541323291108738,0.7988445126665605,0.8115317144593011,0.8912388074141878,0.2736191144418664,0.8426044883140796,0.0,0.0,0.2983330456547723,0.0,0.0,0.08593899627569236,0.0,0.2576279645880763,0.23280782579090986,0.005221228501528619,0.19720900196410213,0.13447267041317443,0.0,0.14569667883002246,0.08251745057260279,0.0,0.0,0.0,0.0,0.0,0.1833730546085976,0.11293790003423834,0.0,0.19471972375122487,0.0,0.06324673776791606,0.0,0.12831478706924448,0.8926740821805597
gex_possorted_bam_SJSO3:GGATGGCCACAAGCCTx-M1,0.036009782028740986,0.0,0.25369219244300706,0.0,0.40576971937995604,0.341053054852637,0.0,0.0,0.0,0.0564883351455289,0.7979647946758601,0.0,0.0,0.0,0.06231617280101661,0.0,0.7437068307116489,0.7587064657209179,0.0,1.0,0.6562521549065542,0.8119884112016268,0.16408299201837326,0.7119535363882715,0.0,0.0,0.3399061307719059,0.0,0.0,0.052919106819501016,0.43998343509886484,0.0,0.17388530022635,0.0,0.18822277290905964,0.06794639424931799,0.0,0.007511751823340792,0.02819028037975446,0.14819860758428682,0.0,0.0,0.0,0.0,0.14204320198021395,0.042956980373831714,0.0,0.06421622868607316,0.0,0.11039957419147732,0.0,0.005632017998984511,1.0
gex_possorted_bam_SJSO3:GGATTGCGTGAATCGCx-M1,0.0,0.0,0.0,0.0,0.0,0.0,0.6171730878003843,0.0,0.7131438884093325,0.0,1.0,0.5437732019949633,0.0,1.0,0.0,1.0,1.0,1.0,1.0,0.0,0.0,0.0,0.0,0.0,1.0,0.017397557527159838,1.0,0.0,0.03398226772269436,0.0,0.0,0.0,0.0,0.0,1.0,0.0,1.0,0.0,0.0,1.0,0.0,1.0,0.9330312791047538,0.75304300952508,0.0,0.0,0.9785994493292576,1.0,0.0,0.0,0.1484020493518833,0.0,0.0
gex_possorted_bam_SJSO3:GGCAAATCACCACAACx-M1,0.1035212514640483,0.0,0.0,0.013516781816513985,0.38536044234590744,0.5076165566552113,0.0,0.003293918201683404,0.0,0.0,1.0,0.0,0.0,0.0,0.14554249670749647,0.0,0.9203512286593153,1.0,0.0,1.0,0.8800107193930484,0.9478709035312184,0.2284235822266667,0.9033164622744365,0.0,0.0,0.3317175215276841,0.0,0.0,0.0646639083974247,0.22261242997876443,0.10011199652129417,0.23752475712859455,0.0,0.12789724997550755,0.057217573801239534,0.0,0.04529493378099156,0.07549011622546943,0.0,0.0,0.0,0.0,0.0,0.19061068277837195,0.058913455690198055,0.0,0.11617136967566366,0.0,0.041127300079319425,0.0,0.057081529239420156,1.0
gex_possorted_bam_SJSO3:GGATAACCACGGTACTx-M1,0.030295728007595755,0.0,0.3584546962525769,0.0,0.17158904723543678,0.21851274716884006,0.0,0.0070793322352534415,0.0,0.1055833505868137,0.5820190143021567,0.0,0.0,0.0,0.11761268778531572,0.0,0.5939243035417408,0.3723456759301096,0.0,1.0,0.6455569335574564,0.7438394057298879,0.13066394596556888,0.7238363586951334,0.0,0.0,0.29354344801720916,0.0,0.0,0.0,0.7780414740141718,0.0,0.16475896526237377,0.008498376777225137,0.2715611719443332,0.11052280373978154,0.0,0.0,0.07526940668664214,0.3370797986743469,0.0,0.0,0.0,0.0,0.10235178020207464,0.06443493453295533,0.0,0.0,0.0,0.044855803107934404,0.0,0.009344415361762346,1.0
gex_possorted_bam_SJSO3:GGCAAGCCACCTCGCTx-M1,0.0,0.2723469169058183,1.0,0.030003020441255128,0.0,0.0,1.0,0.03790759080480554,0.5594571621765189,0.2996629512231261,0.48237666703712,0.6042510731310716,0.2729899247593587,0.6037040058302436,0.0056728312448211925,1.0,0.795411297604854,0.0,0.023000749267023175,0.0,0.0,0.0,0.0,0.0,0.7477869004809542,0.04882763549732653,1.0,0.2921639133774875,0.0205018179103495,0.0,1.0,0.030598758483736888,0.0,0.11763215661644863,1.0,0.0,1.0,0.0,0.0,1.0,0.10183839161490858,1.0,0.9303797722789541,1.0,0.0,0.022798907831445118,0.7737104340668279,1.0,0.16174199601108294,0.01875070531253826,0.19912887548860003,0.03724419669496567,0.20660528091914265
gex_possorted_bam_SJSO3:GGATGAATCGTTACTTx-M1,0.0930681328113258,0.0,0.8471142050999038,0.04097927388678158,1.0,1.0,0.0,0.0,0.0,0.4034936525834993,1.0,0.0,0.0,0.0,0.2556366640864029,0.0,1.0,1.0,0.0,1.0,0.8096390358231017,1.0,0.36825874836023653,0.7170668105778117,0.0,0.12113222921246086,0.4293191147046555,0.0,0.0,0.2792632803111705,0.11487273458908209,0.5935364526640796,0.25386553375666426,0.0,0.1913485534184046,0.12246824645694336,0.0,0.014381751896721747,0.1060847084704849,0.05361529607911501,0.37988860260807933,0.0,0.0,0.14926443454956573,0.34173549771673856,0.0670284634819358,0.15068196674389037,0.23661085769539072,0.06774706209763569,0.53536313494478,0.0,0.09673007195865493,1.0
gex_possorted_bam_SJSO3:GGCAAGCCATCATGTGx-M1,0.00696202701252605,0.0,0.5373186619844207,0.0,0.35102452193366673,0.387264836531721,0.16605373754140762,0.2007466786455871,0.0,0.028806829718680434,0.8422922577645571,0.0,0.0,0.0,0.0,0.0,1.0,1.0,0.0,1.0,0.6995385765905672,0.730494858153173,0.09360074087502045,0.6160511264599989,0.0,0.0,0.5293122770860522,0.0,0.0,0.0,0.3103842127364597,0.2725350342686845,0.1806170782277199,0.0,0.32417907430325277,0.04150417055241227,0.0,0.0,0.09658191645946801,0.2945000761270071,0.21188305989880737,0.0,0.0,0.3610969241415023,0.056558355550301156,0.024010345741051563,0.013961238529497422,0.16902250398752153,0.0,0.013878282092366826,0.0,0.0,1.0
gex_possorted_bam_SJSO3:GGATTGCGTCGACTAAx-M1,0.0,0.0,0.0066701084524872535,0.0,0.0,0.0,0.0,0.0,0.0,0.0,0.2675544579008691,0.20754740013224524,0.0,0.012816081466077947,0.0,0.2573243616317621,0.4328086617287394,0.0,0.0,0.0,0.0,0.0,0.0,0.1309098994631546,0.0,0.0,0.7613140044225406,0.0,0.0,0.0,0.0,0.0,0.0,0.0,0.8102171513131732,0.0,0.491755885858464,0.0,0.0,0.62666778588113,0.10360495358227192,0.5523675957035987,0.0,0.0,0.0,0.0,0.0,0.8537740775378864,0.0,0.0,0.0,0.0,0.0
gex_possorted_bam_SJSO3:GGATACTTCCTGATTTx-M1,0.0,0.15470856103731023,0.8142894236591824,0.10655212978702883,0.0,0.0,1.0,0.0,1.0,0.0,1.0,0.399412183276892,0.7355032774729069,1.0,0.0,1.0,1.0,1.0,1.0,0.0,0.0,0.0,0.0,0.0,1.0,0.20430884193975438,1.0,0.35405196575387754,0.1329512352402042,0.2112484930139597,0.4813645395030411,0.0729611621407249,0.0,0.02118614331049417,1.0,0.0,1.0,0.0,0.0,1.0,0.0,1.0,1.0,1.0,0.0,0.03812317234057706,1.0,1.0,0.10174996900651367,0.0,0.3837893733820649,0.12574924195741122,0.0
gex_possorted_bam_SJSO3:GGCGTTATCTTTGACTx-M1,0.0,0.014083481300160133,0.851093982607397,0.0,0.0,0.0,1.0,0.0,1.0,0.0,1.0,0.8862212719000835,0.2657340857478718,1.0,0.0,1.0,1.0,0.325789450568923,0.761048140115775,0.0,0.0,0.0,0.0,0.0,1.0,0.05179818946653528,1.0,0.09226098996305618,0.09887857568865856,0.0,0.27164564447471995,0.0,0.0,0.0,1.0,0.0,1.0,0.0,0.0,1.0,0.0,1.0,1.0,1.0,0.0,0.0,1.0,1.0,0.003301664192139483,0.0,0.32874879314526617,0.0,0.0
gex_possorted_bam_SJSO3:GGCCTAATCTAGCTAAx-M1,0.0,0.13575044484881219,0.3136502016401819,0.0,0.0,0.0,0.0,0.0,0.0,0.0,0.9563972007209622,0.0,0.6975799567871053,1.0,0.0,1.0,0.5155665932297463,0.2116069514792727,0.8629632697249348,0.0,0.0,0.0,0.0,0.0,1.0,0.0,1.0,0.0,1.0,0.06779664036532274,0.0,0.39912324694609247,0.0,0.17952004545418496,1.0,0.0,0.8692615020329661,0.0,0.0,1.0,0.33754723301117256,0.0,0.37721675793715476,0.0,0.0,0.0,0.8088155301295292,0.5203368251705024,0.0,0.0,0.6666076874656621,0.0,0.0
gex_possorted_bam_SJSO3:GGCATTAGTCCGGTTCx-M1,0.0,0.0,0.0,0.0,0.08245735429271621,0.0,0.0,0.0,0.0,0.0,0.3736635697756294,0.0,0.0,0.0,0.038568249952879545,0.0,0.45348586855104384,0.17537128339826558,0.0,1.0,0.48808234455545246,0.583879384163096,0.058631800611725175,0.665470106428213,0.0,0.0,0.37118251803372504,0.0,0.0,0.0,0.10967975784070771,0.013518399383741584,0.08142174627079396,0.0,0.2601518903848551,0.0,0.0,0.0,0.012952050218397314,0.17130292061570093,0.0,0.0,0.0,0.0,0.0,0.0,0.0,0.05340759539538833,0.0,0.0,0.0,0.0,0.7308830276498325
gex_possorted_bam_SJSO3:GGCGATACAGCAACAGx-M1,0.06054354898533683,0.0,0.0,0.0,0.3552795978423869,0.48639254033585205,0.0,0.0,0.0,0.0,1.0,0.0,0.0,0.0,0.0,0.0,1.0,1.0,0.0,1.0,0.6520007055932902,0.8706946011930233,0.16822512944079315,0.7289012579578542,0.0,0.0,0.3949012513305335,0.0,0.0,0.028363031776906623,0.0,0.12820109289724632,0.1294862029555815,0.0,0.18632371397531067,0.0007457551677451404,0.0,0.03433624670623724,0.0,0.0,0.0,0.0,0.0,0.0,0.09275256281460129,0.0,0.0,0.3059838463077147,0.0,0.0,0.0,0.0035483453715006094,1.0
gex_possorted_bam_SJSO3:GGCTATTAGCAACATCx-M1,0.09616067488002458,0.0,0.15113801422745765,0.0,0.7777981469002031,0.8302598799589458,0.0,0.0,0.0,0.0,1.0,0.0,0.0,0.0,0.04790070923667261,0.0,1.0,1.0,0.0,1.0,0.7841518363891865,1.0,0.24894971888813497,0.7923219396597003,0.0,0.0,0.3201795571907391,0.0,0.0,0.18570549309547518,0.0,0.31658494303221707,0.22010208792896785,0.0,0.08499639597231004,0.04516840044955463,0.0,0.062158403127524776,0.024300188906235615,0.0,0.0,0.0,0.0,0.0,0.23005023049515305,0.0,0.0,0.22343745843928411,0.0,0.1716917407280742,0.0,0.04107344277660273,1.0
gex_possorted_bam_SJSO3:GGCTAGTGTTTGAGCAx-M1,0.14637247880155588,0.29680465529675204,0.3538117299357584,0.10005775143830793,0.5199380445759737,0.6435663227559427,0.0,0.1508109788065388,0.0,0.347445245066295,0.6663664335524414,0.0,0.0,0.0,0.2926043696945055,0.09524424990238965,0.7675765143778439,0.6911102388617646,0.0,1.0,0.7285796924283208,0.8479450164826776,0.31897899691823517,0.7031591692007704,0.0,0.006242548054759468,0.25387363350514275,0.22768258391733223,0.2337753522454462,0.24714445853034925,0.9160400205134844,0.0,0.28521390396953517,0.09810438502328105,0.2322730350389934,0.22682148120418283,0.0,0.1239658727991784,0.22380251051060504,0.4883929298130405,0.008901617544065031,0.16794262538039328,0.0,0.326093843337198,0.19630636733950002,0.17616178924132223,0.0,0.1528280646827675,0.25456330621602097,0.2693342664159835,0.0,0.12893939248232694,1.0
gex_possorted_bam_SJSO3:GGCTCAATCCTGATTTx-M1,0.11497293002063062,0.0,0.0,0.0,0.3663940679691484,0.6962345976477988,0.0,0.0,0.0,0.0,1.0,0.0,0.0,0.0,0.0,0.0,1.0,1.0,0.0,1.0,0.7723183577841009,0.9651210711988218,0.20661446117739754,0.8139591235134195,0.0,0.0,0.33436026881810665,0.0,0.0,0.09085848367500363,0.0,0.23412777272870644,0.16305087208926264,0.0,0.18958578004776372,0.055096790346064656,0.0,0.10766093247162625,0.022123111308068582,0.0,0.0,0.0,0.0,0.0,0.15483665287320714,0.013183882886063038,0.0,0.15780217325234874,0.0,0.0,0.0,0.0725272326706631,1.0
gex_possorted_bam_SJSO3:GGCATGGAGTTTCCTGx-M1,0.0,0.5279863027778985,1.0,0.02784954894242668,0.0,0.0,1.0,0.0,0.8947379541346715,0.07064059358648432,1.0,1.0,0.1005431308402703,1.0,0.0,1.0,1.0,0.6752727700085129,1.0,0.0,0.0,0.0,0.0,0.0,1.0,0.0838229290252668,1.0,0.36739600674229106,0.0,0.049280158106318174,0.8729345087480884,0.0,0.0,0.04845340370718384,1.0,0.0,1.0,0.0,0.0,1.0,0.14536345046852117,1.0,1.0,1.0,0.0,0.0,1.0,1.0,0.11274445854782832,0.0,0.159692876886588,0.022082292002586882,0.0
gex_possorted_bam_SJSO3:GGCCATCAGACAACAGx-M1,0.0,0.12504945864559336,1.0,0.0,0.0,0.0,1.0,0.0,1.0,0.0,1.0,0.4969043680786293,0.5483160386833547,1.0,0.0,1.0,1.0,0.21275236706153727,0.8063573198585933,0.0,0.0,0.0,0.0,0.0,1.0,0.1258094403024868,1.0,0.2510210655289878,0.05443000007304732,0.0,1.0,0.08229782796215157,0.0,0.022885759829908772,1.0,0.0,1.0,0.0,0.0,1.0,0.0,1.0,1.0,1.0,0.0,0.0,1.0,1.0,0.10862106615335178,0.0,0.2896024783982068,0.04580467523030474,0.0
gex_possorted_bam_SJSO3:GGCCAACTCCTAGTCCx-M1,0.0,0.2696816749932467,0.7940393243037792,0.0,0.25221556603845546,0.3662869570593215,0.0,0.09216127084173709,0.0,0.3710992110330674,0.43013160078714163,0.0,0.0,0.0,0.23495270056414128,0.08207249282830367,0.6097154120956972,0.2206360261924973,0.0,1.0,0.63048271626834,0.6624662077116662,0.13087958859542528,0.7358938902499846,0.0,0.0,0.31670315575119934,0.05710840468889668,0.0,0.04334973222682129,1.0,0.0,0.17792801126656224,0.02752997072013778,0.3118928755333364,0.1656797064164991,0.053482749532861154,0.002732343653294248,0.13278498735898545,0.6517691258193605,0.0,0.0,0.0,0.48160736598028636,0.13650874597222146,0.10909621149704637,0.0,0.03989535969023082,0.1309640091676589,0.20480871400100856,0.0,0.02473787405365696,1.0
gex_possorted_bam_SJSO3:GGCCTTAAGGCACAGGx-M1,0.06535918138914708,0.07562699636281754,1.0,0.04610291756150285,0.8680555731932166,1.0,0.8316136928123163,0.35293232183504647,0.17848342772255893,0.2148372410944892,1.0,0.0,0.0762208670901665,0.023766150242776368,0.08587942620939494,0.0,1.0,1.0,0.04376317406123722,1.0,0.994793949557527,0.9080035373665303,0.20956951132718302,0.6134420081527374,0.0,0.01605428722491906,0.5842984629086083,0.157787946692041,0.0,0.0,0.3742063307295857,0.5219061279781224,0.27630038250307554,0.0,0.3562299549621668,0.1404651352608792,0.0,0.02599818417527889,0.2384055311046695,0.32843219471807505,0.7058662587518724,0.0,0.0,1.0,0.2523457374878627,0.10093380676898411,0.5394803571670982,0.2406420399591572,0.13750510472294053,0.28224511910204514,0.0,0.0,1.0
gex_possorted_bam_SJSO3:GGCGTTATCCTGTTCAx-M1,0.0,0.0,0.0,0.0,0.0,0.0,0.37670349930738806,0.0,0.9903059119667599,0.0,1.0,0.435959977351418,0.028713348844276714,1.0,0.0,1.0,1.0,0.41039869912088844,0.6961476487871476,0.0,0.0,0.0,0.0,0.0,0.9395416810578006,0.0,1.0,0.0,0.10092082069979948,0.0,0.0,0.0,0.0,0.0,1.0,0.0,1.0,0.0,0.0,1.0,0.0,1.0,0.761048946863123,0.3076219315185643,0.0,0.0,0.8242046534276277,1.0,0.0,0.0,0.22492177344567696,0.0,0.0
gex_possorted_bam_SJSO3:GGCCTTCGTGCCTCACx-M1,0.0,0.0,0.7173580950362666,0.0,0.6813276463137087,0.43613809314216007,1.0,0.430459374553953,0.4193849883052225,0.0,1.0,0.0,0.0,0.016374345356133437,0.0,0.0,1.0,1.0,0.0,1.0,0.6959584977848806,0.6531725832208811,0.09246160215996922,0.2926004148666864,0.0,0.0,0.9326845045940171,0.0,0.16007208762696049,0.0,0.0,0.5885132879547279,0.1192107442447355,0.0,0.501683676587935,0.0,0.0,0.0,0.08747830449574807,0.238519513436056,0.9542863621690887,0.0,0.0,1.0,0.0,0.01734552716735096,0.4856411870547563,0.4847273592816003,0.0,0.0,0.0,0.0,1.0
gex_possorted_bam_SJSO3:GGCTATGTCCATAATGx-M1,0.0,0.9145915324954477,1.0,0.14967447119184335,0.0,0.0,1.0,0.026857613900258887,1.0,0.41996845969044705,1.0,1.0,0.7012513658904617,1.0,0.06394427578554807,1.0,1.0,0.1309368826976312,1.0,0.0,0.0,0.0,0.0,0.0,1.0,0.2053230714086534,1.0,0.6274717472684361,0.36370374284229434,0.19772325865270587,1.0,0.0,0.0,0.19266634574963495,1.0,0.0,1.0,0.0,0.0,1.0,0.2742135170471166,1.0,1.0,1.0,0.0,0.0,1.0,1.0,0.35499228081376816,0.0,0.43266602027070694,0.14759498863245726,0.0
gex_possorted_bam_SJSO3:GGCTATGTCACTCAAAx-M1,0.0,0.02829868116810201,0.9041147591536531,0.023734938879029593,1.0,0.8497708551876979,1.0,0.45188027346047743,0.6366302111461233,0.0,1.0,0.0,0.11451552907002475,0.0,0.0,0.0,1.0,1.0,0.17742538215028164,1.0,0.7519246199782095,0.8189380933986831,0.11966766866182638,0.27380068641895994,0.1293755386500693,0.003456962756317295,1.0,0.0,0.10205164447462506,0.0,0.0,0.7751058656619925,0.12206277568574214,0.0,0.5062085765235668,0.008652770890127144,0.0,0.0,0.14362108638087148,0.391131260010669,0.921265688391795,0.0,0.0,1.0,0.0,0.09160630411143005,0.6146979549310686,0.5000958568445647,0.02994464683272376,0.0684707399604305,0.0,0.0,1.0
gex_possorted_bam_SJSO3:GGCTATGTCTGCAAACx-M1,0.0,0.09316668066809546,0.7920027124592666,0.03077963475002625,0.5197776519923534,0.3939553795588279,0.0,0.03610962928242449,0.0,0.3171271738656268,0.5983464160643625,0.0,0.0,0.0,0.15302212586076297,0.07332434144191347,0.8266924203335305,0.5333061611191152,0.0,1.0,0.6399992210921858,0.6983012267642217,0.18203733512719683,0.5522145812770614,0.0,0.0,0.3363057630512608,0.051904197073970725,0.0,0.09882442225541722,0.6216486843159689,0.0,0.18506937008636148,0.0,0.24989127723842383,0.09302967584475232,0.0,0.017898471120061342,0.15011963493284816,0.2675242165734338,0.05823500101834067,0.0,0.0,0.09220425524234636,0.16464407928307379,0.02148521695822285,0.0,0.26759903289802217,0.04399544282461102,0.2786243035043966,0.0,0.0,1.0
gex_possorted_bam_SJSO3:GGCCTCTGTTAAGGCCx-M1,0.0,0.8084959985167044,0.7970562672447388,0.02790295446845927,0.0,0.19442788721028567,1.0,0.21266410220873425,0.0,0.5619513175864781,0.09231175066833096,0.9550965575126745,0.0,0.27544883417125554,0.5639154226673606,0.7201259524203203,1.0,0.0,0.0,1.0,0.23882181166413502,0.07947393645724439,0.008569913213911816,0.3816083171216996,0.0,0.0,0.3044416305229977,0.08874875521055253,0.0,0.0,1.0,0.0,0.06711733244312586,0.20257930082166012,0.7175328650692575,0.14634303607127339,0.3832465101958398,0.0,0.2921302608144175,0.946296285820575,0.29281872942823656,1.0,0.0,0.0,0.03053355392325022,0.0,0.0,0.24277942710638598,0.07145455322079484,0.010522312514619556,0.0,0.0,0.0
gex_possorted_bam_SJSO3:GGCCATCAGTTAGTTGx-M1,0.0,0.0,0.0,0.008203146801393507,0.0,0.0,0.7421369558887037,0.019750930815005063,1.0,0.0,1.0,0.518814942937515,0.13954009639275367,1.0,0.0,1.0,1.0,0.8438917854485316,0.8536385601782979,0.0,0.0,0.0,0.0,0.0,1.0,0.08258720139271447,1.0,0.0,0.23026545935316461,0.0,0.0,0.0,0.0,0.0,1.0,0.0,1.0,0.0,0.0,1.0,0.0,1.0,0.8336530554421033,0.41506569674448557,0.0,0.0,1.0,1.0,0.0,0.0,0.2910378747437242,0.0,0.0
gex_possorted_bam_SJSO3:GGCAGGATCATCCTATx-M1,0.09305104135741409,0.0,0.5758485752087964,0.07805476064292007,0.7544792025573501,0.7478847418049522,0.0,0.05628268751223215,0.0,0.38638434892247786,0.9299442944203152,0.0,0.0,0.0,0.24746075726988334,0.0,0.986698955221499,0.9348868262498586,0.0,1.0,0.7277084018286656,0.9394793801679655,0.2369256396489209,0.7844901002417215,0.0,0.0,0.3280141879739648,0.005225749375388908,0.0,0.19993736903163978,0.6394585528376912,0.2371603639612605,0.2700509800822638,0.033809786018198285,0.12774431639828185,0.16074448966880406,0.0,0.05451582964180124,0.1647124139255777,0.23958449016675287,0.07265942915610328,0.0,0.0,0.1842706534576244,0.35597303660827717,0.11933976300230278,0.0,0.0,0.11552261255512258,0.36040155557261205,0.0,0.09553388302487094,1.0
gex_possorted_bam_SJSO3:GGCATGGAGTAGCTTAx-M1,0.01866345272054158,0.0,0.05951934908414357,0.0,0.4884771456279557,0.3004759979932943,0.0,0.0,0.0,0.0,1.0,0.0,0.0,0.0,0.0,0.0,0.936526820172714,1.0,0.0,1.0,0.6292952028813538,0.7976610650112083,0.16496668736770304,0.6917698996189774,0.0,0.0,0.3940482067677343,0.0,0.0,0.0,0.0,0.21420641933610798,0.13947559607634472,0.0,0.2058800283214449,0.0,0.0,0.03686401962601695,0.0,0.0,0.0,0.0,0.0,0.0,0.04685443632617346,0.0,0.0,0.3084453664238342,0.0,0.030214706177484993,0.0,0.0,1.0
gex_possorted_bam_SJSO3:GGCCTCTGTTTATCGCx-M1,0.02098683891964002,0.0,0.0,0.0,0.23699640356343285,0.15809429534589012,0.0,0.0,0.0,0.0,0.8070553385444516,0.0,0.0,0.0,0.0,0.0,0.7260828198658862,0.7680665126937463,0.0,1.0,0.5747175370579882,0.7039290988257705,0.13045702333592213,0.6912262309980176,0.0,0.0,0.38411930312271153,0.0,0.0,0.0,0.09170537640577768,0.16024237182847384,0.12297857088390328,0.0,0.24750788408239463,0.00920415883891943,0.0,0.0769459168429593,0.0,0.10646400304427601,0.0,0.0,0.0,0.0,0.0675872741608688,0.01182921231064748,0.0,0.1479403915715573,0.0,0.0,0.0,0.0,0.8665135955304875
gex_possorted_bam_SJSO3:GGCCTTAAGTAACGAGx-M1,0.0,0.6525352036210305,1.0,0.2643001094104361,0.0,0.06693405481976407,1.0,0.0,1.0,0.22407401901479512,1.0,1.0,1.0,1.0,0.0,1.0,1.0,0.5488189211244373,1.0,0.0,0.0,0.0,0.0,0.0,1.0,0.4142692252621159,1.0,0.7747961675861987,0.8205743619391034,0.38368090393709864,1.0,0.0,0.0,0.1815537240172363,1.0,0.0,1.0,0.0,0.0,1.0,0.0,1.0,1.0,1.0,0.0,0.13181303912910936,1.0,1.0,0.43888832803623645,0.13356827781934308,0.843137826924481,0.33019156852335274,0.0
gex_possorted_bam_SJSO3:GGCCTTAAGGCCATCAx-M1,0.03536647846932164,0.0,0.0,0.0,0.08277989707662449,0.1251200693552374,0.0,0.0,0.0,0.0,0.8753892360911136,0.0,0.0,0.0,0.0,0.0,0.7723597738408247,0.952330023395075,0.0,0.7932981427231686,0.4848555014508696,0.610591180884504,0.10510203207016959,0.6426314618082709,0.0,0.0,0.4147197686914442,0.0,0.0,0.0,0.0,0.034238291087643556,0.10201692031512093,0.0,0.31304442259122267,0.007746920257280643,0.0,0.033657256731522686,0.0,0.12778922727030734,0.0,0.0,0.0,0.0,0.03873022921578057,0.0,0.0,0.2507279053032128,0.0,0.0,0.0,0.0,0.5922515613393066
gex_possorted_bam_SJSO3:GGCATTAGTTGTCCATx-M1,0.037341241069936776,0.0,0.0,0.0,0.3467454431530493,0.2059265440261608,0.0,0.0,0.0,0.0,0.9679339322125333,0.0,0.0,0.0,0.0,0.0,0.9312716526306886,1.0,0.0,1.0,0.6170316301266672,0.7866102613990298,0.1540081189152608,0.688912471095396,0.0,0.0,0.4176094176129924,0.0,0.0,0.0,0.0,0.023059078431458855,0.15976385458387962,0.0,0.18527269668147478,0.0,0.0,0.020738129695481115,0.0,0.0,0.0,0.0,0.0,0.0,0.09103301078315756,0.0,0.0,0.37682127528778864,0.0,0.0,0.0,0.0,0.8447329430697612
gex_possorted_bam_SJSO3:GGCATTAGTCACACCCx-M1,0.0,0.38133896000404993,1.0,0.09395890910942314,0.0,0.0,1.0,0.0,1.0,0.0,1.0,0.6858285903993302,0.8498398192560614,1.0,0.0,1.0,1.0,0.502147602362586,1.0,0.0,0.0,0.0,0.0,0.0,1.0,0.2037883605976493,1.0,0.48232891518236476,0.448688198082023,0.20777295516497493,1.0,0.0,0.0,0.10619996214385537,1.0,0.0,1.0,0.0,0.0,1.0,0.0,1.0,1.0,1.0,0.0,0.040228931098086215,1.0,1.0,0.23110113723719514,0.0,0.5479375142431308,0.14057631904003165,0.0
gex_possorted_bam_SJSO3:GGCGGTTTCGCTAAACx-M1,0.0,0.16361272574055463,0.2888621777938263,0.08131874914204217,0.0,0.30842219530612536,0.2710534764722887,0.1589634089530219,0.0701593154385529,0.16769551209878736,0.4373934507282378,0.0,0.0,0.0,0.3710865316157391,0.16431280374773014,0.939341712559396,0.6172377366909306,0.0,1.0,0.2772464092984726,0.4600861571808703,0.07481380939972308,0.5789763856359934,0.0,0.0,0.2193607717406542,0.0,0.0,0.0,0.5744041604449606,0.0,0.12550931869012652,0.10622614045359528,0.31415421593061815,0.14215223913026878,0.018918719158140855,0.0,0.252815039974576,0.4484620465352472,0.11313213808764282,0.6852013622091935,0.0,0.0,0.07648911681647104,0.0,0.0,0.04834887617434908,0.037327125249667435,0.0399196292666064,0.0,0.0,0.42613561849655346
gex_possorted_bam_SJSO3:GGCCGTTAGTACCGCAx-M1,0.0,0.5686669998157932,1.0,0.10689166089682185,0.0,0.0,1.0,0.0,1.0,0.0955624703510672,1.0,1.0,0.4247354652822613,1.0,0.0,1.0,1.0,0.7765881873140483,1.0,0.0,0.0,0.0,0.0,0.0,1.0,0.13969839806803722,1.0,0.3636372057080281,0.1815836997219231,0.10937113496989874,0.9166019628535419,0.0,0.0,0.07908720218402324,1.0,0.0,1.0,0.0,0.0,1.0,0.11801838249401388,1.0,1.0,1.0,0.0,0.0,1.0,1.0,0.19692601774539636,0.0,0.38461490349383975,0.08989466006519116,0.0
gex_possorted_bam_SJSO3:GGCATGGAGAAAGCATx-M1,0.0,0.0,0.12398666549806249,0.0,0.039481480059586016,0.0,0.0,0.0018378423043082604,0.0,0.0,0.2216485197901844,0.0,0.0,0.0,0.09129096247790675,0.0,0.41840040475979734,0.00802612962527695,0.0,1.0,0.4326865052831555,0.4934094453763729,0.033783072875204594,0.591413508481834,0.0,0.0,0.37454615343110936,0.0,0.0,0.0,0.3254044772928422,0.0,0.07826004450729016,0.0,0.402581194557256,0.006272591734913278,0.04819241000457943,0.0,0.020926278180076648,0.3261236781227128,0.0,0.0010682114450969997,0.0,0.0,0.0,0.0,0.0,0.06554636851628766,0.0,0.0,0.0,0.0,0.669684660046885
gex_possorted_bam_SJSO3:GGCCTTAAGGTAAGCAx-M1,0.21795588804457713,0.0,0.21835680041935593,0.06296671134313181,0.7681735386546779,1.0,0.0,0.041329949620223384,0.0,0.19064732135363258,1.0,0.0,0.0,0.0,0.18538961548537608,0.0,1.0,1.0,0.09751049999647028,1.0,0.9277588731540525,1.0,0.362441542383109,0.8071155842105618,0.0,0.08812731110146307,0.3632899769241103,0.0,0.0,0.2567085632114248,0.11554227564234515,0.4507817380585368,0.31922233307003767,0.0,0.210322387795219,0.1990579775023103,0.0,0.1457337928682249,0.13872899460948976,0.0,0.023683930302587308,0.0,0.0,0.0,0.33430638563738724,0.13584268467916147,0.0,0.19012252314182385,0.055275125766561406,0.37038127805893395,0.0,0.16368590456687107,1.0
gex_possorted_bam_SJSO3:GGCCAACTCAGGAACAx-M1,0.0,0.0,0.019309259733611087,0.0,0.0,0.0,0.0,0.00043309330810990674,0.0,0.0,0.02350797704923468,0.0,0.0,0.0,0.08258059254394648,0.0,0.30233407190511424,0.0,0.0,1.0,0.32589488015549806,0.37793520041972384,0.03228904617261856,0.5269601919869614,0.0,0.0,0.368672073565899,0.0,0.0,0.0,0.12485175702045472,0.0,0.044937436412951594,0.02276674720127618,0.4022567899995046,0.0,0.015545144150667796,0.0,0.017069739566158038,0.30943611270402316,0.0,0.13809418946369315,0.0,0.0,0.0,0.0,0.0,0.0852583528872444,0.0,0.0,0.0,0.0,0.45451111749428275
gex_possorted_bam_SJSO3:GGCCTTCGTAGTTAACx-M1,0.0,0.0,0.0027970056186505505,0.0,0.0,0.0,0.0,0.034848309236252775,0.09048322154638708,0.0,0.4242710717274727,0.0,0.0,0.0,0.0,0.0,0.6804598512115372,0.3397210935035739,0.0,1.0,0.36264169122112366,0.3988242155945146,0.03480745547201128,0.6229154133115148,0.0,0.0,0.4171652899559932,0.0,0.0,0.0,0.0,0.0,0.10256701320964581,0.0,0.4077174366644129,0.0,0.0,0.015115206545089035,0.02539557563993957,0.17332777953737047,0.0,0.1071175891667385,0.0,0.0,0.0,0.0,0.0,0.17565054402541835,0.0,0.0,0.0,0.0,0.4810267938045681
gex_possorted_bam_SJSO3:GGCATTGTCCAGCACAx-M1,0.0,1.0,1.0,0.5826401900428985,0.4950399051367863,0.0,1.0,0.8666723801805157,1.0,0.7934473138867421,0.6350568621813122,1.0,1.0,1.0,0.0,1.0,1.0,0.18457614847164766,1.0,0.0,0.0,0.0,0.0,0.0,1.0,0.9433580214150524,1.0,1.0,1.0,0.05172287426061924,1.0,0.23040810074220522,0.0,0.5016332882046086,1.0,0.03100570128255603,1.0,0.0,0.07121599500248642,1.0,1.0,1.0,1.0,1.0,0.0,0.42261244988447805,1.0,1.0,0.7971790480528234,0.7680354351723018,0.9941462938239998,0.47824673704277065,0.6067786721229067
gex_possorted_bam_SJSO3:GGCCTCTGTTGTTGCTx-M1,0.0,0.0,0.19757501308559292,0.0039006506838205664,0.0,0.0,0.9609935429111749,0.0,1.0,0.0,1.0,0.50183447955974,0.19631875955418507,1.0,0.0,1.0,1.0,0.4840588799136052,0.844425885371081,0.0,0.0,0.0,0.0,0.0,1.0,0.07659488921628704,1.0,0.039245165512337886,0.26017766914320806,0.0,0.10033392979214567,0.0,0.0,0.004089361056721904,1.0,0.0,1.0,0.0,0.0,1.0,0.0,1.0,1.0,1.0,0.0,0.0,1.0,1.0,0.0,0.0,0.2300302985261931,0.005307393656459781,0.0
gex_possorted_bam_SJSO3:GGCTATTAGCCGCAGTx-M1,0.0,0.0,0.21851208262754662,0.0,0.0,0.0,0.0,0.0,0.0,0.0,0.911002249032536,0.0,0.33815471732920527,0.9670263681874173,0.0,1.0,0.702175396423263,0.21996578500766648,0.5691607953179624,0.0,0.0,0.0,0.0,0.0,0.8163045685980987,0.0,1.0,0.0,0.6220195011507182,0.0,0.0,0.1556797334222861,0.0,0.08221020378380471,1.0,0.0,0.9913069271565156,0.0,0.0,1.0,0.2391351736298848,0.0,0.2982346899240694,0.0,0.0,0.0,0.7557967890496294,1.0,0.0,0.0,0.3754292708182693,0.0,0.0
gex_possorted_bam_SJSO3:GGCTCAATCGCTAGCAx-M1,0.07046963935075587,0.0,0.15224360172458207,0.0,0.42730249383439145,0.5903084778490961,0.0,0.0,0.0,0.0,1.0,0.0,0.0,0.0,0.008863839124306648,0.0,1.0,1.0,0.0,1.0,0.814374454162795,0.8911649355183886,0.17940071375147124,0.7891315538028778,0.0,0.0,0.37680815623495434,0.0,0.0,0.07069745884737862,0.0,0.1559579669077021,0.22164233723055632,0.0,0.16947140965237892,0.024582508494057676,0.0,0.04425522622417798,0.04531940911341684,0.0,0.0,0.0,0.0,0.0,0.20375168940696106,0.0,0.0,0.28975632417260017,0.0,0.05181784410388455,0.0,0.0,1.0
gex_possorted_bam_SJSO3:GGCATTGTCACCGGTAx-M1,0.0,0.0,0.0,0.0,0.0,0.0,0.5048225498709801,0.0,0.9783390658407028,0.0,1.0,0.38602026992737193,0.026372068571578307,1.0,0.0,1.0,1.0,0.18079303069431377,0.5562022939867619,0.0,0.0,0.0,0.0,0.0,0.9923759203341169,0.0,1.0,0.0,0.11474308499162093,0.0,0.0,0.0,0.0,0.0,1.0,0.0,1.0,0.0,0.0,1.0,0.0,1.0,0.7328172088224667,0.4326748495687979,0.0,0.0,0.8660530182846382,1.0,0.0,0.0,0.18541079434194604,0.0,0.0
gex_possorted_bam_SJSO3:GGCTGTCAGCCTGAGCx-M1,0.0,0.9509250358194342,1.0,0.04076810078907418,0.0,0.3098858482766003,1.0,0.0,0.1031492703272323,0.23838600229337362,1.0,1.0,0.0,1.0,0.0533492068948758,1.0,1.0,1.0,1.0,0.0,0.0,0.0,0.0,0.0,0.7900286765830565,0.0,1.0,0.13818874020412694,0.0,0.07052188233617945,0.3185667519697498,0.0,0.0,0.05227472940732421,1.0,0.0,1.0,0.0,0.0,1.0,0.38569800558423467,1.0,0.3778026316139824,0.9379205050959565,0.0,0.0,0.36498419091995965,1.0,0.08469314592511785,0.0,0.0,0.0,0.0
gex_possorted_bam_SJSO3:GGGTCAACAGCCAGAAx-M1,0.0,0.0,0.7150183937019715,0.010297971041143541,0.0,0.0,1.0,0.0,1.0,0.0,1.0,0.652686546679727,0.505778301157739,1.0,0.0,1.0,1.0,0.052568529696887044,0.7277666602355526,0.0,0.0,0.0,0.0,0.0,1.0,0.10766331143700723,1.0,0.1171869323173625,0.14865293144526343,0.0,0.4364287430240453,0.0,0.0,0.0,1.0,0.0,1.0,0.0,0.0,1.0,0.0,1.0,1.0,1.0,0.0,0.0,1.0,1.0,0.003934173013899242,0.0,0.33119317983908786,0.03217018961501127,0.0
gex_possorted_bam_SJSO3:GGGTCAACATCTTGAGx-M1,0.0,0.0,0.025145942869511332,0.0,0.0,0.0,0.0,0.0,0.0,0.0,1.0,0.0,0.3847812821222727,1.0,0.0,1.0,0.6959041069500378,0.29416242800929965,0.6725751168758058,0.0,0.0,0.0,0.0,0.0,0.9335591168725019,0.0,1.0,0.0,0.6756386325290435,0.0,0.0,0.24883363845451423,0.0,0.07947285746826402,1.0,0.0,0.9908917689202054,0.0,0.0,1.0,0.20344967293631053,0.0,0.3472528441114758,0.0,0.0,0.0,0.8111283432447816,1.0,0.0,0.0,0.4033818231567816,0.0,0.0
gex_possorted_bam_SJSO3:GGGCATGAGTTAGCTAx-M1,0.035361989232728666,0.0,0.0,0.0,0.44912715944557313,0.13249362784009724,0.0,0.0,0.0,0.0,0.8764675656423523,0.0,0.0,0.0,0.0,0.0,0.8133998482361285,1.0,0.0,1.0,0.547091362596099,0.7398326977815899,0.1672409000418022,0.7519071436688033,0.0,0.0,0.42791156922102286,0.0,0.0,0.0,0.0,0.22538333139547556,0.1444061223344192,0.0,0.18256674825191763,0.0,0.0,0.02617903084206955,0.0,0.0,0.0,0.0,0.0,0.0,0.057297943107868315,0.0,0.0,0.27969573043506984,0.0,0.016914695872613225,0.0,0.0,1.0
gex_possorted_bam_SJSO3:GGGTGTTGTTACGCAAx-M1,0.0,0.826240973073487,1.0,0.2588964197029871,0.09267995471290011,0.5618610772903343,1.0,0.3652113533299049,1.0,0.6349310123569947,1.0,0.77895820661655,1.0,1.0,0.15010876226761327,1.0,1.0,0.8379650166907601,0.9090492130848533,0.3011640146249663,0.0,0.0,0.0,0.0,1.0,0.3400031217077783,1.0,0.7919344430214457,0.5652564016433017,0.20117316330281232,1.0,0.08735352241685013,0.0,0.27941305697379565,1.0,0.12033840980114087,1.0,0.0,0.12143406101634588,1.0,0.5552356757768602,1.0,1.0,1.0,0.03791651850095458,0.23069598846599865,1.0,1.0,0.5067011284362293,0.410786776622251,0.448735406556864,0.2360624171811829,0.6928156245895254
gex_possorted_bam_SJSO3:GGGTCAACAACCCTAAx-M1,0.017285297530064046,0.15439962493425993,1.0,0.047782978932744455,0.822699282230543,0.9165836469201348,1.0,0.49603321365978026,0.6190722020855547,0.19072660321277313,1.0,0.0,0.1697215990134341,0.0,0.0,0.0,1.0,1.0,0.12799075211107522,1.0,0.777808339135053,0.7936342042913369,0.14719752410585124,0.3644629433334368,0.14205587694223326,0.03573264832514873,0.7890768130880326,0.0,0.21973307683302154,0.0,0.4977842110648271,0.6145623075595562,0.19609501276062655,0.029658140692812165,0.5155105563774163,0.08383700510414359,0.0,0.0,0.24638082968739572,0.5217800146368248,1.0,0.0,0.0,1.0,0.04457272979835781,0.1736390461596529,0.5526835338949523,0.2144266538008766,0.14358454432663442,0.17155528313606885,0.0,0.0,1.0
gex_possorted_bam_SJSO3:GGGCTAACATAATTGCx-M1,0.0,0.45290207703205737,1.0,0.1149064855490361,0.0,0.2615677321540504,1.0,0.0,1.0,0.18072600316100823,1.0,0.7919933540966427,0.9716464313308995,1.0,0.0,1.0,1.0,0.7282706902095085,1.0,0.0,0.0,0.0,0.0,0.0,1.0,0.2279538299234692,1.0,0.6238192861141216,0.29132698722358236,0.23524876680019477,1.0,0.07240838306127304,0.0,0.07962706372496943,1.0,0.0,1.0,0.0,0.0,1.0,0.0,1.0,1.0,1.0,0.0,0.0850895953014782,1.0,1.0,0.33261051788506013,0.009715776326082986,0.5552779713346936,0.2068058018615352,0.0
gex_possorted_bam_SJSO3:GGGTATTTCGGTTTCCx-M1,0.34849733931076293,0.9026533348474508,1.0,0.449128750927239,0.7642093214706231,1.0,1.0,0.8410040171891369,0.9489747555658735,1.0,0.375386880112794,0.0,0.6001945447352846,0.32771567097573967,0.5342386747954855,0.5129821865989712,0.9196296406384804,0.6381617085589927,0.11647465780586715,1.0,0.8587555972924423,0.7407774156490087,0.4773727495347359,0.6205034327365561,0.638713040391954,0.43017934590250706,0.41534323381085764,0.654614028070999,0.7429269984931317,0.2921100166679954,1.0,0.48231628452901903,0.5062901309371792,0.5912742852697705,0.43466462707460923,0.6078719382839393,0.5206973964492894,0.3782136754839023,0.6650344638066082,0.9295822028080482,1.0,0.537418523461284,0.43166444718517266,1.0,0.48858368157978366,0.5815381824230409,0.8624525071596454,0.11074184706433225,0.6802269918775445,0.789836318315698,0.2942140770910651,0.38250097452483334,1.0
gex_possorted_bam_SJSO3:GGGCATGAGTCTCACCx-M1,0.0,0.0,0.7908851190850096,0.0,0.0,0.0,1.0,0.0,0.9807865241763096,0.0,1.0,0.35563077647710645,0.20181885427214272,1.0,0.0,1.0,1.0,0.13286299358310005,0.5484906308587011,0.0,0.0,0.0,0.0,0.0,1.0,0.044265560175672014,1.0,0.12165410639488317,0.0,0.0,0.2803765259313842,0.0,0.0,0.0,1.0,0.0,1.0,0.0,0.0,1.0,0.0,1.0,1.0,1.0,0.0,0.0,1.0,1.0,0.0,0.0,0.2228845673612393,0.0,0.0
gex_possorted_bam_SJSO3:GGGATTAAGCGGATAAx-M1,0.01347945216595344,0.0,0.0,0.0,0.41241692029444155,0.21979627975721053,0.0,0.0,0.0,0.0,1.0,0.0,0.0,0.0,0.0,0.0,0.9303982872330173,1.0,0.0,1.0,0.487433800251713,0.7343029111816857,0.1347471947776491,0.6182130078228334,0.0,0.0,0.4538487834840746,0.0,0.0,0.0,0.0,0.07120255818782188,0.101248983288269,0.0,0.14501983944198887,0.0,0.0,0.05151279922159337,0.0,0.0,0.0,0.0,0.0,0.0,0.033075146345627644,0.0,0.0,0.28160140648870136,0.0,0.0,0.0,0.0,0.9408405832170325
gex_possorted_bam_SJSO3:GGGCAATAGCGCAATTx-M1,0.0,0.0,0.5138478693840678,0.0,0.05709294665627107,0.0,0.0,0.0,0.0,0.0,0.18838076602524734,0.0,0.0,0.0,0.06888923081664756,0.0,0.3897272709892591,0.0,0.0,1.0,0.370831872114013,0.46091183761619847,0.05737772268131218,0.44434754150559436,0.0,0.0,0.3740423081364361,0.0,0.0,0.0,0.0,0.0,0.07783903042792793,0.0,0.3120274499515245,0.0,0.0,0.0,0.1606074286075596,0.21517587671763488,0.0,0.0,0.0,0.0,0.0,0.0,0.0,0.07089620351639328,0.0,0.0,0.0,0.0,0.5083026284187272
gex_possorted_bam_SJSO3:GGGAATATCCTCCATAx-M1,0.0,0.1799942402205277,0.22019452210707646,0.0,0.0,0.0,0.19980569015080185,0.05416456067581541,0.0,0.14774753434337518,0.0,0.3041115115767751,0.0,0.0,0.2146295646071578,0.0,0.20656995128335476,0.0,0.0,1.0,0.17988116207752117,0.294564234179474,0.0,0.4848633197059761,0.0,0.0,0.3336407171032924,0.0,0.0,0.0,0.5741903291779347,0.0,0.02628101933041593,0.10256289003773068,0.43669868375666965,0.02886751792204113,0.14120532814036313,0.0,0.09433137001701074,0.5072244134923316,0.06793851821380022,0.2886564892072932,0.0,0.0,0.0,0.0,0.0,0.0,0.0,0.0,0.0,0.0,0.42423478073119875
gex_possorted_bam_SJSO3:GGCTCACAGTCCTGAGx-M1,0.0,0.0,0.030629320585604507,0.0,0.0,0.0,0.0,0.0,0.0,0.0,0.17812501780814077,0.015536230215166119,0.0,0.0,0.010212799451861843,0.0,0.3605962827476125,0.0,0.0,0.771693246881758,0.17944225532940306,0.25095795216875116,0.0,0.4562775260642673,0.0,0.0,0.4458209931253668,0.0,0.0032210076668250814,0.0,0.0,0.0,0.003964446317970818,0.006692780927056998,0.4777668436211539,0.0,0.14639591099411534,0.0,0.0,0.4531533541238761,0.052616078756332105,0.18819712426029506,0.0,0.0,0.0,0.0,0.0,0.27879947455065673,0.0,0.0,0.0,0.0,0.1667653802503149
gex_possorted_bam_SJSO3:GGGCATTGTTAACACGx-M1,0.0,0.5548279774890559,1.0,0.3003690545266984,0.0,0.008003890730668437,1.0,0.04293813378052797,1.0,0.3238357483941392,1.0,1.0,1.0,1.0,0.0,1.0,1.0,0.7597631583594464,1.0,0.0,0.0,0.0,0.0,0.0,1.0,0.4274869629397123,1.0,1.0,0.3095152455317586,0.5147557960960819,1.0,0.06669307628497663,0.0,0.2787266602028957,1.0,0.0,1.0,0.0,0.0,1.0,0.0,1.0,1.0,1.0,0.0,0.1731942638871737,1.0,1.0,0.4972851672844552,0.0,0.9406379367891587,0.30493825649517675,0.0
gex_possorted_bam_SJSO3:GGGCAATAGCCACATGx-M1,0.0,0.37674827974974145,1.0,0.08789834861778292,0.0,0.0,1.0,0.0,1.0,0.07147231755674602,1.0,0.9804329432738776,0.7302130079870536,1.0,0.0,1.0,1.0,0.15357444902528647,1.0,0.0,0.0,0.0,0.0,0.0,1.0,0.20798502296299604,1.0,0.477217959604901,0.25353384798756157,0.14427466275960651,1.0,0.0,0.0,0.10222959137296969,1.0,0.0,1.0,0.0,0.0,1.0,0.0,1.0,1.0,1.0,0.0,0.02290501113553958,1.0,1.0,0.2449513513592876,0.0,0.4670853988897913,0.11768402299414318,0.0
gex_possorted_bam_SJSO3:GGCTTCAAGGTAAGGCx-M1,0.09597389837161213,0.0,0.00698934232062741,0.0,0.39913972432512457,0.48102704868585594,0.0,0.0,0.0,0.0016390276568066795,1.0,0.0,0.0,0.0,0.060129310334608464,0.0,1.0,1.0,0.0,1.0,0.8034902497858509,0.9213973328737782,0.1941679860435138,0.7976135251022053,0.0,0.0,0.312786254004775,0.0,0.0,0.033728281439093497,0.0,0.24297646924835364,0.22290446120674134,0.0,0.20295800328467112,0.014099372698799784,0.0,0.07831360995487213,0.029664868968013187,0.0,0.0,0.0,0.0,0.0,0.2656934077647252,0.0,0.0,0.31657066709769577,0.0,0.0,0.0,0.05344367589413383,1.0
gex_possorted_bam_SJSO3:GGGTTACGTCCCGAAGx-M1,0.020356242730828956,0.0,0.17084737623271173,0.0,0.39682483919259876,0.06510761723678407,0.0,0.0,0.0,0.0,0.6301597871595584,0.0,0.0,0.0,0.0,0.0,0.6834753034394608,0.5639714802499779,0.0,1.0,0.5105008634229953,0.6624314749606588,0.16760254431296406,0.601575502928414,0.0,0.0,0.45007303656728054,0.0,0.0,0.04032152640161548,0.0,0.03291155193223097,0.16029328838612977,0.0,0.23337908524887638,0.0,0.0,0.016167199700112544,0.0,0.1077073433062,0.0,0.0,0.0,0.0,0.0757958904825036,0.0,0.0,0.26199864797036376,0.0,0.11950499218482444,0.0,0.0,1.0
gex_possorted_bam_SJSO3:GGCTGTCAGCTATGACx-M1,0.05404766407884127,0.0,0.0,0.0,0.24442175705694066,0.35055940835259747,0.0,0.0,0.0,0.0,1.0,0.0,0.0,0.0,0.0,0.0,1.0,1.0,0.0,0.8110921032710333,0.5596881538638285,0.7122443094966668,0.148766291051704,0.6242898483599971,0.0,0.0,0.5032703724076788,0.0,0.0,0.03268694441442997,0.0,0.160811879368199,0.11335909326844296,0.0,0.3626122358668682,0.0,0.0,0.04996605571266423,0.0,0.0,0.0,0.0,0.0,0.0,0.05853334367564919,0.0,0.0,0.38221364535550084,0.0,0.0,0.0,0.022229198995188233,0.7735053601113171
gex_possorted_bam_SJSO3:GGGCGAATCCTTAGGGx-M1,0.08738277754951745,0.7818630175726298,1.0,0.24723343478091814,0.11046157470332585,0.26379044519282463,1.0,0.291830780669941,0.8528294176892091,0.7001575586407695,0.1149071713379437,0.72428019635203,0.3772883801577935,0.49171043759096733,0.44408228710156555,1.0,0.5385517496445953,0.0,0.0,1.0,0.26358445813209924,0.13654930714900954,0.1611113853117593,0.36864483689081107,0.6131806175578568,0.14156779535829517,0.6302041695503742,0.6014281552911133,0.547963409325084,0.17880385240754168,1.0,0.0,0.15018677906211553,0.3677212764454459,0.9258071385030433,0.3147778770369324,1.0,0.057710306938085563,0.2912424937622134,1.0,0.31548645202232667,1.0,0.27533831538926895,1.0,0.06919101629416444,0.2619693144986536,0.3650705964055391,1.0,0.3838259222882518,0.39290267841158427,0.33002554653451516,0.20407036106900917,0.8289372760117213
gex_possorted_bam_SJSO3:GGCTTCAAGGACCTGCx-M1,0.0688603006088108,0.0,0.0,0.0,0.30716459335051566,0.375116758371766,0.0,0.0,0.0,0.0,1.0,0.0,0.0,0.0,0.0,0.0,1.0,1.0,0.0,0.8311237752209177,0.5940434947908554,0.7940740012709768,0.16388849710556072,0.6630416226671255,0.0,0.0,0.3701817512284566,0.0,0.0,0.0,0.0,0.0018211478161224482,0.13685275200292146,0.0,0.1995133170530729,0.0,0.0,0.05444584164911066,0.0,0.0,0.0,0.0,0.0,0.0,0.004233478421038302,0.0,0.0,0.2867402728047213,0.0,0.0,0.0,0.0,0.7089368364447027
gex_possorted_bam_SJSO3:GGCTGAGAGGGCTTATx-M1,0.03876992646040796,0.4742496644451148,1.0,0.058347326683922875,0.43682982940174153,0.7094415490593978,0.6171705241101818,0.20754650175942785,0.0,0.6756717215935925,0.45598819912892796,0.0,0.11053754099244976,0.0,0.3612744353549087,0.3117670872941412,0.7789971323926809,0.2913257961297654,0.0,1.0,0.6946547839917308,0.7305568284657602,0.19525307906697692,0.6587503380196512,0.0,0.0,0.2977519441664327,0.2638265709403464,0.11038314202007526,0.1824205192367907,1.0,0.0,0.25073769065014373,0.20467309640212838,0.3337836327049105,0.28845837838252997,0.2857870803514511,0.012432311315781293,0.27879352837372934,0.8916486332736032,0.011913162494312332,0.0482878658753515,0.0,1.0,0.27202873473022754,0.21479982005109144,0.029620981746102715,0.0,0.3035196967861809,0.46910038232797974,0.04360989582386311,0.12128685431406021,1.0
gex_possorted_bam_SJSO3:GGGTGAAGTTCTTTAGx-M1,0.0595637306331634,0.0,0.0,0.0,0.4272774531636449,0.4633047475931737,0.0,0.0,0.0,0.0,1.0,0.0,0.0,0.0,0.0,0.0,1.0,1.0,0.0,0.9785085295861766,0.7202466881117794,0.8720049633446789,0.16530328853065124,0.7374260030662646,0.0,0.0,0.4292044458946331,0.0,0.0,0.0,0.0,0.07540308959146673,0.12945494604065302,0.0,0.1705909663212529,0.0,0.0,0.05074463886709149,0.0,0.0,0.0,0.0,0.0,0.0,0.034785053488946664,0.0,0.0,0.25850775296195155,0.0,0.0,0.0,0.0,0.8394453664073069
gex_possorted_bam_SJSO3:GGGTTACGTCTATCGTx-M1,0.0,0.06297554843362471,1.0,0.02972916137212244,0.6887762513315306,0.7242741749684867,1.0,0.3716099454660487,0.6722355763282766,0.08062926720880928,1.0,0.0,0.1835646043458143,0.09486015488363377,0.0,0.09243461398467714,1.0,1.0,0.14353950912247923,1.0,0.5939691778328234,0.5683582292566163,0.08957699862605069,0.19279481231367077,0.3315952964008612,0.030171785458082637,0.9912687417241629,0.0,0.10787023700636682,0.0,0.30029358191408484,0.5588935389666732,0.10589535250060536,0.0,0.719096275351566,0.01050053276850058,0.25052175424107337,0.0,0.11134925516378665,0.6224300030740597,0.8009871469769347,0.17488650878192194,0.023077258317417162,1.0,0.0,0.0886461472520016,0.8229393604907099,0.736629481884792,0.09817290873276295,0.15672145569951168,0.0,0.0,1.0
gex_possorted_bam_SJSO3:GGCTTCAAGCAGGCCTx-M1,0.06787067064584944,0.0,0.04495299282302071,0.0,0.3033769160146584,0.24188149298084974,0.0,0.0,0.0,0.0,0.8196330957513096,0.0,0.0,0.0,0.04687311147806437,0.0,0.7439234938108256,0.7587882430615519,0.0,1.0,0.6335738217505822,0.7466380273822641,0.18906078033542456,0.6681212241134875,0.0,0.0,0.3699278367204431,0.0,0.0,0.0031156016405795425,0.11836216523005402,0.10746194092049347,0.1742026227313613,0.0,0.2654782478223953,0.0405264737528923,0.0,0.054693749054144765,0.020704376817819854,0.12033569126959613,0.0,0.0,0.0,0.0,0.133827001269281,0.014377186446983421,0.0,0.21655137232457436,0.0,0.038167817963172625,0.0,0.004802043629692107,1.0
gex_possorted_bam_SJSO3:GGGCATGAGGCTAAGAx-M1,0.037818693625567244,1.0,0.739125166977001,0.17286514417236368,0.0,0.0,1.0,0.4942178736857519,0.3201508158130186,0.8099658915151279,0.0,1.0,0.0,0.0,0.6201043928101918,0.5664199919613443,0.0,0.0,0.0,1.0,0.05570515754605776,0.09048554476471019,0.11144881899441257,0.45940397633277674,0.0,0.0,0.22976448278811795,0.3565917426862658,0.6072260119991211,0.07250081512326588,1.0,0.0,0.16604617039206995,0.5417110850767883,0.6657119788108357,0.46067940216878017,0.7678116473645507,0.12623689002207247,0.3605931032939449,1.0,0.4550841685987056,0.8649403260106164,0.0,0.7567283701633633,0.12100599120448131,0.31598962161410105,0.0,0.0,0.4040554954038489,0.3616426690570995,0.24928751770027552,0.15175574062137484,0.31067266434830126
gex_possorted_bam_SJSO3:GGGCTAACATTAGCCAx-M1,0.02733360028410222,0.0,0.15062059547960313,0.0,0.29896422482499135,0.10494049042233354,0.0,0.0,0.0,0.0,0.6589832989437305,0.0,0.0,0.0,0.0,0.0,0.6591779460011683,0.6283608726813484,0.0,1.0,0.5247785398320227,0.7270652797907989,0.14906179606668254,0.6353593859701502,0.0,0.0,0.4022062889970453,0.0,0.0,0.0,0.0,0.09790633689543492,0.1543846583585799,0.0,0.2089703382225522,0.010997824911443053,0.0,0.013246509399315369,0.0,0.05657167142438778,0.0,0.0,0.0,0.0,0.07779639920103172,0.0045868275657616996,0.0,0.13999691518360616,0.0,0.05831377469345878,0.0,0.0,1.0
gex_possorted_bam_SJSO3:GGGCAATAGTAAGTCCx-M1,0.02892331580447141,0.0,0.0,0.0,0.2611997645131772,0.0719995126426437,0.0,0.0,0.0,0.0,0.8510576441427987,0.0,0.0,0.0,0.0,0.0,0.8803855561657148,1.0,0.0,1.0,0.5688887978463536,0.6709978932772117,0.12703507553711627,0.6614276602911217,0.0,0.0,0.46661748862354596,0.0,0.0,0.0,0.0,0.13083331091889217,0.14298191613001626,0.0,0.22244085871412217,0.0,0.0,0.02606402522416933,0.0,0.0,0.0,0.0,0.0,0.0,0.034570268406468214,0.0,0.0,0.3137002852082621,0.0,0.0,0.0,0.0,0.8268844797451511
gex_possorted_bam_SJSO3:GGCTTAAGTGACCTGGx-M1,0.05352460735039763,0.0,0.0,0.0,0.3556187574831117,0.3034078684548827,0.0,0.0,0.0,0.0,1.0,0.0,0.0,0.0,0.0,0.0,0.9848598710105206,1.0,0.0,1.0,0.6540340317281468,0.7854246390714212,0.1632993821307673,0.7115360219882331,0.0,0.0,0.44374194240650633,0.0,0.0,0.027516264124531085,0.0,0.12264216890057432,0.13978587857344302,0.0,0.21654166432186353,0.0,0.0,0.055258287815210465,0.0,0.0,0.0,0.0,0.0,0.0,0.1028703792604831,0.0,0.0,0.2707933770909517,0.0,0.0,0.0,0.0,0.9633288715147129
gex_possorted_bam_SJSO3:GGGCATTGTAGTAAGAx-M1,0.0,0.0,0.05903723460720391,0.0108099422786372,0.0,0.0,0.35751218057769907,0.0,0.45241041989178477,0.0,0.9539532259513808,0.060638838184521676,0.0,0.46330843694345514,0.0,0.905796804558798,0.9651545716734183,0.18876829567002357,0.2563738287800575,0.0,0.0,0.0,0.0,0.0,0.5131894070459457,0.0,1.0,0.0,0.1548927671136315,0.0,0.027080217630392346,0.0,0.0,0.007810646886142211,1.0,0.0,1.0,0.0,0.0,0.9682864311345645,0.0,1.0,0.5233540757005126,0.6858419575376545,0.0,0.0,0.6067558532422511,1.0,0.0,0.0,0.054490668620716665,0.0008896171041213892,0.0
gex_possorted_bam_SJSO3:GGGCCTAGTTTATTCGx-M1,0.0,0.15690696174755517,0.3842993625793681,0.0,0.0,0.0,1.0,0.0,0.5011408297009889,0.0,1.0,1.0,0.0,1.0,0.0,1.0,1.0,0.585576157377243,0.7629389987198104,0.0,0.0,0.0,0.0,0.0,0.7228833714976751,0.0,1.0,0.04880630804689461,0.0,0.0,0.0,0.0,0.0,0.0,1.0,0.0,1.0,0.0,0.0,1.0,0.11444898268052855,1.0,0.6148776607738813,0.7806142341426409,0.0,0.0,0.5918090841771886,1.0,0.0,0.0,0.061972188830955115,0.0,0.0
gex_possorted_bam_SJSO3:GGGCATTGTAGACAAAx-M1,0.0,0.29732949667988,1.0,0.13427183197925477,0.0,0.0,1.0,0.0,1.0,0.09505822932063926,1.0,0.9270644811230905,0.9439027175379701,1.0,0.0,1.0,1.0,0.0,0.854357559017837,0.0,0.0,0.0,0.0,0.0,1.0,0.24018892817666132,1.0,0.46089143910719305,0.4060162822522232,0.181934478902482,1.0,0.0,0.0,0.0,1.0,0.0,1.0,0.0,0.0,1.0,0.0,1.0,1.0,1.0,0.0,0.03230853914333066,1.0,1.0,0.2840718661606623,0.0,0.6744132917213141,0.1772046946581278,0.0
gex_possorted_bam_SJSO3:GGGCATTGTCTCAGCCx-M1,0.05941340187265733,0.0,0.11129923608115419,0.0,0.6098802134732512,0.566129647148793,0.0,0.0,0.0,0.0,1.0,0.0,0.0,0.0,0.05733473054814995,0.0,1.0,1.0,0.0,1.0,0.7075811585756151,0.9068062510553746,0.20720652859320685,0.7392815158959176,0.0,0.0,0.35058966960749927,0.0,0.0,0.07001928476186621,0.0005798813789489245,0.29255917462762,0.18967004226523668,0.0,0.16443653951341278,0.041917106245272326,0.0,0.036366319841494146,0.02173950576694372,0.0,0.0,0.0,0.0,0.0,0.19975914412731435,0.021117667985934827,0.0,0.07589901012850149,0.0,0.12212565390224604,0.0,0.03644084608440066,1.0
gex_possorted_bam_SJSO3:GGCTGTCAGCACCACAx-M1,0.024431765839102722,0.0,0.0,0.0,0.24676508941648728,0.047510268001014655,0.0,0.0,0.0,0.0,0.8664677826440952,0.0,0.0,0.0,0.0,0.0,0.8540824295108383,0.8584536324476657,0.0,0.9403175201111139,0.5367341752156627,0.5901863160667901,0.11222647822570744,0.6362998934825896,0.0,0.0,0.506660882014771,0.0,0.0,0.0,0.0,0.08487923632042423,0.10224245264023285,0.0,0.33862309811500363,0.0,0.0,0.03514714054043322,0.0,0.08887053688713666,0.0,0.0,0.0,0.0,0.001391250451771905,0.0,0.0,0.438406933220221,0.0,0.0,0.0,0.0,0.6721513107952508
gex_possorted_bam_SJSO3:GGCTCACAGGACTTACx-M1,0.0,0.0,0.0869767759401989,0.0,0.3223899007754148,0.1491752068538204,0.0,0.0,0.0,0.06327436841819697,0.710484264309146,0.0,0.0,0.0,0.07838159849119768,0.0,0.71571295333397,0.588714754584631,0.0,1.0,0.579386168490347,0.7364858041025842,0.14023614882037566,0.7029019440221366,0.0,0.0,0.37610317755831923,0.0,0.0,0.0,0.260070878206899,0.04663550212707056,0.11604054405735716,0.0,0.243225610236879,0.020265969242419156,0.0,0.0,0.01962444338790534,0.16701035277025608,0.0,0.0,0.0,0.0,0.049576344316083445,0.0,0.0,0.05509673644744493,0.0,0.0,0.0,0.0,1.0
gex_possorted_bam_SJSO3:GGTAAACCATGCATATx-M1,0.0,0.23642298811964532,0.6577896121879296,0.0458573724438227,0.0,0.16259852185126458,1.0,0.0,1.0,0.0,1.0,0.5802544380973057,0.5614805565236604,1.0,0.0,1.0,1.0,1.0,1.0,0.0,0.0,0.0,0.0,0.0,1.0,0.17184299449276694,1.0,0.1335818145881919,0.23666573464927354,0.0,0.3163232942085414,0.0,0.0,0.0,1.0,0.0,1.0,0.0,0.0,1.0,0.0,1.0,1.0,1.0,0.0,0.0,1.0,1.0,0.05755383350359865,0.0,0.3599507487558859,0.08118308793865611,0.0
gex_possorted_bam_SJSO3:GGTATTGGTATTTGGGx-M1,0.0,0.5913590925112525,0.5020807962409269,0.016713573016589427,0.021314539511295853,0.1315720799357811,0.7922485948860706,0.1708889831399611,0.0,0.414730166977,0.0,0.6157290540071603,0.0,0.0,0.4882537841563901,0.2465621163074173,0.5456265773888912,0.0,0.0,1.0,0.4120117132527301,0.37097669247511683,0.13681605487988205,0.5535745242588596,0.0,0.0,0.26911684052744617,0.1170433768110668,0.015249284971248033,0.0,1.0,0.0,0.15737347481266933,0.21394098515272778,0.5858624884086868,0.20608621841951025,0.27082610465742996,0.0,0.27591448697597887,0.7510820398080138,0.22462197526800223,0.7004778506646216,0.0,0.0,0.02068809596589154,0.07264672931476647,0.0,0.0,0.14689566417822839,0.11854098055535922,0.0,0.0,0.6095322760008998
gex_possorted_bam_SJSO3:GGTACAAAGGCGCTTAx-M1,0.06908155121877169,0.0,0.0,0.0,0.32984739450348377,0.16889603629803873,0.0,0.0,0.0,0.01905156209982269,0.7474536041229511,0.0,0.0,0.0,0.06872018995167045,0.0,0.6920799208266283,0.7274346869736567,0.0,1.0,0.5326453498186086,0.7966934943760247,0.15864085590853083,0.6572113453738684,0.0,0.0,0.39244111248140034,0.0,0.0,0.006060061967432915,0.0,0.1542758260068015,0.1718370000212263,0.0,0.20482154704911676,0.048628719708309245,0.0,0.04387168936309336,0.026829702832786326,0.054514055475037036,0.0,0.0,0.0,0.0,0.18102051295356567,0.01202995849364683,0.0,0.1623400348168171,0.0,0.0508726957297848,0.0,0.008961893118313916,1.0
gex_possorted_bam_SJSO3:GGTATTGGTTAGTGATx-M1,0.0,0.1419300890445811,0.05025885896743942,0.0,0.0,0.0,0.14664221336084868,0.02152292048481632,0.0,0.0104598516481425,0.0,0.3678647344998306,0.0,0.0,0.08707278833262404,0.03451098004009446,0.1257176381744834,0.0,0.0,0.8310041649252115,0.051516820601282216,0.09741888010482468,0.0,0.3325100090082904,0.0,0.0,0.5045952779464227,0.0,0.0,0.0,0.36772215302882993,0.0,0.0,0.07680008183421548,0.6379926476238057,0.0,0.3340876995146123,0.0,0.0,0.6195972527956125,0.0,0.4229745425456689,0.0,0.0,0.0,0.0,0.0,0.30245776797177604,0.0,0.0,0.0,0.0,0.19996806890069754
gex_possorted_bam_SJSO3:GGGTTACGTTTATTCGx-M1,0.0,0.0,0.0,0.0,0.14001480549196285,0.0,0.0,0.0,0.0,0.0,0.5665061354537628,0.0,0.0,0.0,0.0,0.0,0.6346808549371376,0.5393331787159625,0.0,1.0,0.5191764968488535,0.6165505692784291,0.10215377940086251,0.5921254267551939,0.0,0.0,0.40406766689017637,0.0,0.0,0.0,0.0,0.0,0.10297295699073898,0.0,0.2712995494719412,0.0,0.0,0.038598550942963696,0.0,0.08203946573200625,0.0,0.0,0.0,0.0,0.017590749745624967,0.0,0.0,0.23099708209830078,0.0,0.0,0.0,0.0,0.7303859236862275
gex_possorted_bam_SJSO3:GGGTTTCCAGGAAGCCx-M1,0.3296758630355335,0.9539172164205334,0.6621645792777359,0.34117173571611636,0.13404266555963118,0.32427463900281067,1.0,0.5976245954192811,0.3528656495523095,0.8209390997686227,0.0,0.9575715829785594,0.15643297260585787,0.009446700293514635,0.7483777458768136,0.4407456594061932,0.0,0.0,0.0,1.0,0.5477481136322077,0.4563823888052578,0.35948199491038074,0.7210553707204714,0.0001868407460302,0.21629014185303042,0.14064176322979222,0.5052078234930428,0.6961349123423479,0.28164656980270136,1.0,0.08076895998889648,0.4218530124382014,0.608235200978853,0.4644339054197017,0.6076957736669707,0.6392164546967822,0.3847362925062377,0.5424743720541422,0.8690881711784122,0.6774422012121104,0.7169736664459161,0.0,0.49816883510109616,0.41547486788893945,0.47586776833373484,0.0,0.0,0.5101031447387973,0.48928108716025487,0.4086372787477664,0.3379030900998435,0.5054848727522069
gex_possorted_bam_SJSO3:GGGTTTGTCTAATTGGx-M1,0.0,0.1587426386532046,1.0,0.05639703678815814,0.4989599370453375,0.5408732142559338,1.0,0.3605543997028679,1.0,0.0,1.0,0.0,0.3726885903729828,0.5209259249759775,0.0,0.5599992721305567,1.0,1.0,0.5008725864244011,1.0,0.3016643887437129,0.1854265022847931,0.0,0.0,0.9218285781253247,0.07250893659028677,1.0,0.02680263117371317,0.2238321032732931,0.0,0.34521918547790503,0.48200194439044086,0.0,0.0,1.0,0.0,0.9312845830504378,0.0,0.0,0.9505681171589907,0.694011357648094,0.8276176291124338,0.4683841552567465,1.0,0.0,0.07810839953542069,1.0,1.0,0.1126200067408971,0.07707090576443168,0.0,0.0,1.0
gex_possorted_bam_SJSO3:GGGTTACGTTATAGCGx-M1,0.0,0.106812095562041,0.7574301230644143,0.0,0.5032993315948842,0.3719006767436397,0.8734761202085126,0.25655164267726976,0.21125245661672257,0.12076721890465796,0.8233373159077775,0.0,0.0,0.0,0.05089327783988059,0.0,1.0,0.9809239676816712,0.0,1.0,0.623159195111953,0.6495981770627954,0.087848950920463,0.519255755484962,0.0,0.0,0.599042432007261,0.0,0.0,0.0,0.33007597264257094,0.2744932005444882,0.13202445890323636,0.0,0.4330719700280991,0.04746165407862849,0.0,0.0,0.16903477167682046,0.4408207952452369,0.5007335877720019,0.0,0.0,0.6138646599800918,0.024873352686331115,5.4418145432941304e-05,0.0,0.26567740619403823,0.0062134117083765955,0.042554443706418636,0.0,0.0,1.0
gex_possorted_bam_SJSO3:GGTATTTCAATCCCTTx-M1,0.0,0.7472298259626771,1.0,0.4496613153011988,0.0,0.0,1.0,0.14491190976528112,1.0,0.6115704155387106,1.0,1.0,1.0,1.0,0.04252890824020873,1.0,1.0,0.4018409311507674,1.0,0.0,0.0,0.0,0.0,0.0,1.0,0.6314922776445491,1.0,1.0,0.6576802182892854,0.7997777691980793,1.0,0.0,0.0,0.363938279812468,1.0,0.0,1.0,0.0,0.0,1.0,0.05538533879458626,1.0,1.0,1.0,0.0,0.29593479859404237,1.0,1.0,0.7486860586682716,0.0747028595799499,1.0,0.4928447056509825,0.0
gex_possorted_bam_SJSO3:GGTAACTTCTAAGGAGx-M1,0.0183993076571525,0.0,0.0,0.0,0.37065713365440006,0.23590008675280927,0.0,0.0,0.0,0.0,0.8469359001680244,0.0,0.0,0.0,0.014599232085046763,0.0,0.8818549327720958,1.0,0.0,1.0,0.6499253071689051,0.7484653416047279,0.18162152157389275,0.6242729429499794,0.0,0.0,0.3894231890050144,0.0,0.0,0.0,0.0,0.002431372451274327,0.1641461334738003,0.0,0.1986562116924116,0.0,0.0,0.03883938414975059,0.0,0.0,0.0,0.0,0.0,0.0,0.1005036333156674,0.0,0.0,0.24372222213112776,0.0,0.032576711050618004,0.0,0.0,0.9377106038897902
gex_possorted_bam_SJSO3:GGGTTTCCAATACTGTx-M1,0.06466446595984465,0.03711360837546498,1.0,0.009006377943131066,0.706671056468589,0.7507343295788852,0.0,0.027398484889354802,0.0,0.37016525076744344,0.8524944762459111,0.0,0.0,0.0,0.28224721930147956,0.0,0.9955332644907801,0.9177043556276666,0.0,1.0,0.855870730220679,0.9410764819151577,0.23017207959153874,0.7541047569209937,0.0,0.0,0.2841158314304632,0.05815852755613143,0.0,0.11855657843750758,1.0,0.10486552665936333,0.26225983753465854,0.0,0.18462315676449573,0.16816257098322795,0.0,0.002162371730565337,0.23739508704081447,0.36358776722386255,0.0,0.0,0.0,0.31161161073697535,0.2593228111969666,0.10556478490556857,0.0,0.0,0.12401151393674745,0.3681199518506641,0.0,0.05268118849140844,1.0
gex_possorted_bam_SJSO3:GGTACAAAGTAGCTTAx-M1,0.0,0.0,0.0,0.0,0.0,0.0,0.22820402057940947,0.0,0.7779367909360126,0.0,1.0,0.1629979437287634,0.0,1.0,0.0,1.0,1.0,1.0,0.8228679444039493,0.0,0.0,0.0,0.0,0.0,0.7652955821803992,0.0,1.0,0.0,0.0,0.0,0.0,0.0,0.0,0.0,1.0,0.0,1.0,0.0,0.0,0.9926510284828441,0.0,1.0,0.908432154948506,0.9503915102118121,0.0,0.0,0.8565111519365827,1.0,0.0,0.0,0.002062544579705783,0.0,0.0
gex_possorted_bam_SJSO3:GGTACAAAGCATTTCTx-M1,0.0,0.6584818222665513,1.0,0.25296168228695953,0.0,0.15282027987403798,1.0,0.0,1.0,0.2300091987446945,1.0,1.0,1.0,1.0,0.0,1.0,1.0,0.6418959121643429,1.0,0.0,0.0,0.0,0.0,0.0,1.0,0.4007596667045923,1.0,0.7735691138226323,0.6487783228302757,0.18726545545161202,1.0,0.22373489019167003,0.0,0.252577451955261,1.0,0.0,1.0,0.0,0.0,1.0,0.1950889671339896,1.0,1.0,1.0,0.0,0.09156221393810487,1.0,1.0,0.3818776986214883,0.2155153541068598,0.7132987904788791,0.25215713113767513,0.10087711910092766
gex_possorted_bam_SJSO3:GGTAACTTCCGGTATGx-M1,0.0,0.0,0.0,0.0,0.0,0.0,0.6556399308297739,0.16089924818976575,1.0,0.0,0.958176801785275,0.20778535664893824,0.21812711670219007,1.0,0.0,1.0,1.0,1.0,1.0,0.0,0.0,0.0,0.0,0.0,1.0,0.09441585248272667,1.0,0.0,0.29338206462285293,0.0,0.0,0.0,0.0,0.0,1.0,0.0,1.0,0.0,0.0,0.7677731685052731,0.0,1.0,0.5118074925368883,0.0,0.0,0.0,1.0,1.0,0.0,0.0,0.6126586570960869,0.0,0.0
gex_possorted_bam_SJSO3:GGTAACTTCACTAATGx-M1,0.0,0.0,1.0,0.020820191585342828,0.3622315486908273,0.3345180374785891,1.0,0.2823616943503522,0.992865134754574,0.0,1.0,0.0,0.13395444236882256,0.31116172786715934,0.0,0.34656484466011744,1.0,1.0,0.2102149935497788,1.0,0.22679636791081179,0.21769072669416872,0.0,0.0,0.48291707202765854,0.0,1.0,0.0,0.12412323034129917,0.0,0.17821405874349291,0.4372860093801137,0.0,0.0,0.9794874345958527,0.0,0.70348745451222,0.0,0.0077345906507597095,0.8171812638743867,0.5911239331835048,0.6087403216982605,0.1535534941157855,1.0,0.0,0.038603498540456034,0.7699377079228669,1.0,0.05582083458942279,0.0,0.0,0.0,1.0
gex_possorted_bam_SJSO3:GGTAGGAGTGCTAGACx-M1,0.0,0.0,0.34112219883357525,0.0,0.0,0.0,0.8358086513217483,0.0,1.0,0.0,1.0,0.409945721265426,0.12968028295886772,1.0,0.0,1.0,1.0,0.05898582929511532,0.5014330400800351,0.0,0.0,0.0,0.0,0.0,1.0,0.013456916351861867,1.0,0.09763580258537598,0.05066861497790127,0.0,0.17947598016792327,0.0,0.0,0.0,1.0,0.0,1.0,0.0,0.0,1.0,0.0,1.0,1.0,1.0,0.0,0.0,1.0,1.0,0.0,0.0,0.15886267073160765,0.0,0.0
gex_possorted_bam_SJSO3:GGTACCGGTCCAAGACx-M1,0.0,0.0,0.0,0.0,0.0,0.0,0.0,0.0,0.0,0.0,0.4259801959487369,0.0,0.0,0.0,0.124344601538912,0.0,0.7605627312482357,0.4405220319097372,0.0,1.0,0.34266873847081014,0.44040119774768666,0.06398100577970083,0.4814868362621003,0.0,0.0,0.3586049678815146,0.0,0.0,0.0,0.01444975989434583,0.0,0.059717257833806214,0.020752618585043358,0.40950045858327383,0.04479476324294866,0.0582271896009201,0.0,0.06208153703237906,0.30103290382293013,0.0,0.3614316669202386,0.0,0.0,0.0,0.0,0.0,0.27810539151844754,0.0,0.0,0.0,0.0,0.43576856814762654
gex_possorted_bam_SJSO3:GGTAACCGTGGTTAGCx-M1,0.10360825367809201,0.31819589740777127,1.0,0.19474787586287196,1.0,1.0,1.0,0.5797679048194826,0.6157794246592232,0.4444366172508111,1.0,0.0,0.2390701318601307,0.0,0.028509374892571333,0.0,1.0,1.0,0.3435539941770399,1.0,0.9878345932980832,1.0,0.3291521313780407,0.43421559978719226,0.12306737148423129,0.13415533767327192,0.7907769088130385,0.09399546436462207,0.4582159941414619,0.0,0.6208107504568431,0.7468253804402738,0.3091294464314122,0.0968842449138393,0.4133304821737594,0.23279803872388732,0.0,0.08826820440191963,0.43482655685526106,0.4931125662055681,1.0,0.0,0.0,1.0,0.22990528317077807,0.31215436541041475,0.8265922471696941,0.023931975073710143,0.32290316151889925,0.4704676240294739,0.0,0.08100732600604034,1.0
gex_possorted_bam_SJSO3:GGGTTTCCAGAACCGAx-M1,0.0,0.0,0.0,0.009797600360390653,0.0,0.0,0.6109931338860562,0.06765404131002686,1.0,0.0,1.0,0.2797587576679607,0.21689875879963838,1.0,0.0,1.0,1.0,1.0,0.9852563524072863,0.0,0.0,0.0,0.0,0.0,1.0,0.0876312614395762,1.0,0.0,0.135756537867448,0.0,0.0,0.0,0.0,0.0,1.0,0.0,1.0,0.0,0.0,0.8808126366088557,0.0,1.0,0.6590694085733996,0.0,0.0,0.0,1.0,1.0,0.0,0.0,0.49154368859184405,0.0,0.0
gex_possorted_bam_SJSO3:GGTACTTAGACCATACx-M1,0.0,0.0,0.0,0.0,0.17169883119256366,0.0,0.0,0.0,0.0,0.0,0.4288803205017281,0.0,0.0,0.0,0.022584504429321133,0.0,0.4025262826003635,0.19499786417947354,0.0,0.8089343101333714,0.3415418518274269,0.5162534651535123,0.09358533783003067,0.5622710069611545,0.0,0.0,0.4090793029011505,0.0,0.0,0.0,0.006095927498817622,0.0,0.05189859983839348,0.0,0.3224798717488328,0.0,0.0,0.0,0.0,0.19577506687815535,0.0,0.0,0.0,0.0,0.0,0.0,0.0,0.12977720878577007,0.0,0.0,0.0,0.0,0.7155395019096017
gex_possorted_bam_SJSO3:GGTACCGGTTTGGTTCx-M1,0.02968452046763773,0.0,0.0,0.0,0.46397306582466696,0.3709265913584201,0.0,0.0,0.0,0.0,1.0,0.0,0.0,0.0,0.0,0.0,1.0,1.0,0.0,1.0,0.6099083201928445,0.7739419008685124,0.16540259582962674,0.7409928284597229,0.0,0.0,0.45227787360607563,0.0,0.0,0.03803372446916255,0.0,0.16579267147727866,0.13363813314669024,0.0,0.2029962366789775,0.0,0.0,0.027056453186427715,0.0,0.0,0.0,0.0,0.0,0.0,0.08597547805278447,0.0,0.0,0.29173912785653655,0.0,0.012187095137084042,0.0,0.0,1.0
gex_possorted_bam_SJSO3:GGTACAAAGTTAGACCx-M1,0.0,0.011405413331346231,0.23001438384308284,0.0,0.055252534168272645,0.15761775029252276,0.0,0.019650039309687586,0.0,0.050387677520633424,0.453297276061312,0.0,0.0,0.0,0.1176350068695078,0.0,0.6391671018432435,0.46536937516517224,0.0,1.0,0.5412776284071183,0.6429289488701421,0.09995462281255732,0.6453824330748047,0.0,0.0,0.3527931511628306,0.0,0.0,0.0,0.609264777364232,0.0,0.10832599175440788,0.0,0.24192337547947454,0.07035952040872968,0.0,0.0,0.033251974685274445,0.2614498985527199,0.0,0.0,0.0,0.0,0.0,0.0,0.0,0.07487900870481093,0.0,0.0,0.0,0.0,0.9027919272937862
gex_possorted_bam_SJSO3:GGGTTACGTGGTTAGCx-M1,0.0,0.0,0.0,0.0,0.14863157487314382,0.0916604649780881,0.0,0.0,0.0,0.0,0.7997760050313709,0.0,0.0,0.0,0.0,0.0,0.7533944656804558,0.9084477410539111,0.0,0.7943971566482,0.3955961909299137,0.6135732294781455,0.10424172737757016,0.6390846635624757,0.0,0.0,0.3875035380504829,0.0,0.0,0.0,0.0,0.017080070080294732,0.08876944394144602,0.0,0.243974075719546,0.0,0.0,0.0054156158774928955,0.0,0.12401754865312395,0.0,0.0,0.0,0.0,0.0,0.0,0.0,0.23282484283518984,0.0,0.0,0.0,0.0,0.6906664558452035
gex_possorted_bam_SJSO3:GGTAAGGGTGGACCTGx-M1,0.06127256865318142,0.0,0.0,0.03352258639138689,0.03827838474207123,0.0,0.0,0.07336357530505061,0.0,0.0,0.4427796419736786,0.0,0.0,0.0,0.03013401645125612,0.0,0.35626439116960096,0.3264080278841038,0.0,1.0,0.38852049342009803,0.640505129889084,0.12472837227955878,0.7278364092336644,0.0,0.0,0.3565970068611259,0.0,0.0,0.0180657740034413,0.0,0.0,0.16034606863982873,0.0,0.20249006753454094,0.046189440633881876,0.0,0.009297399212262093,0.0,0.12805765599409635,0.0,0.0,0.0,0.0,0.08500246776244781,0.038916025392334214,0.0,0.0,0.0,0.0,0.0,0.0,0.6112798902143268
gex_possorted_bam_SJSO3:GGTAACTTCAGGCCTAx-M1,0.03456562292727449,0.0,0.0,0.0,0.19838010963768588,0.07625653471882267,0.0,0.0,0.0,0.0,1.0,0.0,0.0,0.0,0.0,0.0,0.8726732316611866,1.0,0.0,0.5913766983935841,0.4574143050055363,0.6093429618451918,0.12779296027974676,0.5614147623517726,0.0,0.0,0.4855171982004591,0.0,0.0,0.0,0.0,0.09031874893757807,0.09044019446388797,0.0,0.28327041186096086,0.0,0.0,0.04547185526568269,0.0,0.0,0.0,0.0,0.0,0.0,0.0,0.0,0.0,0.47602060160793563,0.0,0.0,0.0,0.0,0.5860024851692618
gex_possorted_bam_SJSO3:GGTATTGGTCGTAAATx-M1,0.05146918408797098,0.0,0.0,0.0,0.4230538768315022,0.46971870660091986,0.0,0.0,0.0,0.0,0.9923368633061724,0.0,0.0,0.0,0.0024247335472620916,0.0,1.0,1.0,0.0,1.0,0.6577203180827497,0.8573097912731008,0.17169254254252939,0.7352507522616296,0.0,0.0,0.3910963201547482,0.0,0.0,0.021541517416353923,0.0,0.09704517379539579,0.18672225951455856,0.0,0.12201398616420982,0.031981369349732974,0.0,0.023709980420592927,0.042579043441828696,0.0,0.0,0.0,0.0,0.0,0.07489201102381121,0.0,0.0,0.22400026039863366,0.0,0.034383084267387655,0.0,0.0,1.0
gex_possorted_bam_SJSO3:GGTACTTAGGCTAATCx-M1,0.0,0.22969233696686214,0.5503333076318111,0.0,0.0,0.0,0.13421717226353524,0.061809251017481505,0.0,0.25396741475659435,0.0,0.0,0.0,0.0,0.1978164756757782,0.044915768803518934,0.17412750322095943,0.0,0.0,1.0,0.36452954574647384,0.3885607805517055,0.026653889081757576,0.48643555885768175,0.0,0.0,0.39311434229887554,0.0070528685290788835,0.0,0.0,0.9841185843068448,0.0,0.078026031763439,0.04205870919781804,0.4961700379037852,0.04721732517192288,0.23578278450073273,0.0,0.05697988634137487,0.6496473235425124,0.0,0.1535401639588505,0.0,0.0,0.0,0.0,0.0,0.046957887566864254,0.04989594977100136,0.02013036338749695,0.0,0.0,0.8296322918247028
gex_possorted_bam_SJSO3:GGTATTTCAACAGGATx-M1,0.011944893590318738,0.0,0.2538312674243668,0.0,0.7159634483300731,0.28202210356987567,0.0,0.0,0.0,0.0,0.9583023659895527,0.0,0.0,0.0,0.024821676112486882,0.0,0.9802649211550688,1.0,0.0,1.0,0.5892212487505922,0.7835963744502981,0.18630860179156639,0.5871640190987575,0.0,0.0,0.5025693074509041,0.0,0.0,0.0118392737757824,0.0,0.23148312685993286,0.1565298982123067,0.0,0.17410921395998522,0.0,0.0,0.00571359707450901,0.0,0.0,0.10722231864805144,0.0,0.0,0.0,0.08153152460864849,0.0,0.0,0.2390049518524894,0.0,0.13847027389227104,0.0,0.0,1.0
gex_possorted_bam_SJSO3:GGTAAGGGTTTACTTGx-M1,0.13314544872494793,0.0,0.0,0.0,0.6760997362878661,0.4575341661099046,0.0,0.0,0.0,0.27683600170204337,0.9330233073615873,0.008096381733462795,0.0,0.0,0.009780595388953994,0.0,1.0,1.0,0.0,1.0,0.8879866718385924,0.7459509107514835,0.35795499241697565,0.5279306681807961,0.0,0.07692880851717651,0.6829596623279682,0.0,0.0,0.30574849183663905,0.0,0.0,0.2091508424738759,0.0,0.2341995257647413,0.26052618970523195,0.341851752022687,0.1339926728559219,0.027403353709925075,0.0,0.28112133292765257,0.05336263375215997,0.0,0.0,0.43990547636994337,0.09960183055333147,0.0,0.5160598190978062,0.0,0.304206456095112,0.0,0.0670539569528818,0.7591762221433929
gex_possorted_bam_SJSO3:GGTATTGGTTTAACGGx-M1,0.0,0.3155231736290583,1.0,0.06762070432995079,0.7035228966782803,0.740073482185713,1.0,0.5317470023905669,0.8870633707014796,0.27833262674055015,1.0,0.0,0.1562505827080941,0.0,0.050542772910312284,0.0,1.0,1.0,0.0,1.0,0.7466705959525575,0.6192342790928953,0.11396342902862205,0.3010253364105456,0.04024631528632904,0.005616707550618126,0.7819325840613618,0.13401345951123478,0.363298644519189,0.0,0.3166734709145637,0.31358415552752184,0.17796720844617012,0.10473539184219074,0.6212508369191981,0.10332130656725828,0.0,0.017699639579356843,0.3095096765083561,0.5934600796054768,1.0,0.18041342285779158,0.0,1.0,0.03370052965971751,0.15213199550600948,0.37660178604414996,0.08408351856622297,0.16905858953524572,0.23048189605720196,0.0,0.0,1.0
gex_possorted_bam_SJSO3:GGTATGTTCTTACTCGx-M1,0.057647109712963544,0.0,0.11008650305203774,0.022376943334932325,0.02162993107624309,0.14085413122347046,0.0,0.013718455888113625,0.0,0.0,0.9770682763674188,0.0,0.0,0.28051718709062284,0.011557634518476568,0.43646782492182434,0.8869708512242919,0.6756619331017778,0.022354464990772427,0.305819573620838,0.23416678468073732,0.24668813283158753,0.11372041337973489,0.3346288928775332,0.12097295862267766,0.009323969133235624,0.7893227805174093,0.050132804784563695,0.10316911421952708,0.0,0.47322988005773625,0.1378998310388518,0.05057291773450253,0.07622937233908936,0.8217013043751148,0.04483783017283268,0.7283709835437356,0.0,0.0,0.5919096194765058,0.0,0.5996343907314836,0.13255107074167208,0.2074478742047384,0.07269974439320256,0.048174070927526735,0.03651655802665478,1.0,0.014873027449537,0.0,0.0,0.09422756398554116,0.6831814098877401
gex_possorted_bam_SJSO3:GGTACTTAGTTATCTCx-M1,0.5403236322367654,0.23597001037516874,0.0,0.39945744840598685,0.9623815399405126,1.0,0.0,0.34924482322767414,0.0,0.5392576677182118,1.0,0.0,0.21692416310682688,0.0,0.49604858324551354,0.2641740477919528,1.0,1.0,0.441470634685081,1.0,1.0,1.0,0.6132256220292563,1.0,0.0,0.27582762862616234,0.19152203054609904,0.45940940984683926,0.2915425643889375,0.617042164064408,0.6982487355846517,0.5118037668880946,0.545132933471567,0.2991754391001842,0.14434309053833905,0.5958389388018953,0.0,0.3921698216596618,0.4910044813712373,0.13863862688950915,0.18072074288448176,0.08474323080507103,0.0626446476386265,0.251678348931573,0.7241429433906253,0.4587296054051944,0.0,0.2141603501445806,0.42070610834146394,0.6008639979313198,0.17683375464631537,0.5077591033976439,1.0
gex_possorted_bam_SJSO3:GGTCAGGAGATACTTGx-M1,0.0,0.9916924564881021,1.0,0.3508998337038709,0.0,0.6910271392559539,1.0,0.013021841898451236,1.0,0.32055445665738264,1.0,1.0,1.0,1.0,0.0,1.0,1.0,1.0,1.0,0.0,0.0,0.0,0.0,0.0,1.0,0.47712593086693356,1.0,1.0,0.6611737837934182,0.5790943279418151,1.0,0.0,0.0,0.24682884781215433,1.0,0.0,1.0,0.0,0.0,1.0,0.03580749289369881,1.0,1.0,1.0,0.0,0.19175458102525375,1.0,1.0,0.5516694988282796,0.06891374129472382,0.9381605274016803,0.39110544242875905,0.0
gex_possorted_bam_SJSO3:GGTCCGTAGACTTATGx-M1,0.062262522164726074,0.0,0.03739634300032753,0.0,0.3453271739629501,0.39844418867543124,0.0,0.0,0.0,0.0,0.9638252623440735,0.0,0.0,0.0,0.0765580909051036,0.0,0.9403767858087033,1.0,0.0,1.0,0.667753068075094,0.7783689442239021,0.17302592670057082,0.7048453037497977,0.0,0.0,0.3785639209658048,0.0,0.0,0.022361530612063096,0.15910938534093005,0.07955471886176259,0.17013215677504176,0.0,0.26328310288809975,0.055219906334924525,0.0,0.035913571153670866,0.050486771696220886,0.10915778989412091,0.0,0.0,0.0,0.0,0.13352676576604725,0.018954773195596065,0.0,0.20063944988861454,0.0,0.021635325864278396,0.0,0.015032260524880691,0.9990697853489385
gex_possorted_bam_SJSO3:GGTGTGACAGAACCGAx-M1,0.017818295288728955,0.0,0.06260856372749146,0.0,0.4339082451835914,0.257983624296945,0.0,0.0,0.0,0.0,1.0,0.0,0.0,0.0,0.0,0.0,0.9529546060241223,1.0,0.0,1.0,0.5884374625331787,0.7967189391401333,0.14623055389887632,0.6579902909564785,0.0,0.0,0.5151618188313938,0.0,0.0,0.0034387481351146527,0.0,0.0,0.14432500919976893,0.0,0.23131171917026108,0.0,0.0,0.022252584700811512,0.0,0.0,0.0,0.0,0.0,0.0,0.11082543914538799,0.0,0.0,0.39788972134406825,0.0,0.0,0.0,0.0,0.8441034050623184
gex_possorted_bam_SJSO3:GGTCAGGAGGTAGCTTx-M1,0.0,0.7173864433217152,1.0,0.325602435171685,0.0,0.0,1.0,0.07506256182014091,1.0,0.26914254578273866,1.0,1.0,1.0,1.0,0.0,1.0,1.0,0.010661557848919716,1.0,0.0,0.0,0.0,0.0,0.0,1.0,0.5017755290831329,1.0,0.9672494964554451,0.9215227514077099,0.40168842859844733,1.0,0.0,0.0,0.26487387696261455,1.0,0.0,1.0,0.0,0.0,1.0,0.02438706121773795,1.0,1.0,1.0,0.0,0.1959929905261256,1.0,1.0,0.49052266201496236,0.08764674936723389,0.9911226734469888,0.36076855431054744,0.0
gex_possorted_bam_SJSO3:GGTCTTGAGCCGCTTTx-M1,0.0,0.20932141601295612,0.45928398700859857,0.0,0.0,0.0,0.20364019381777607,0.09063869025996162,0.0,0.13715639214665326,0.17333280463054965,0.0,0.0,0.0,0.26057238232633895,0.0,0.6470768799364962,0.08325005586928966,0.0,1.0,0.4437913810611681,0.4614546772504906,0.046145057844327396,0.5946255964186332,0.0,0.0,0.28469735929153545,0.0,0.0,0.0,0.6242947847682422,0.0,0.10401493217727498,0.05105723319545221,0.4255611578559068,0.06391658064051499,0.167500366763622,0.0,0.12584271688408358,0.4713544553821754,0.027839653564305376,0.2519341103944202,0.0,0.0,0.0,0.0,0.0,0.07465806265918792,0.0,0.0,0.0,0.0,0.6645236494219526
gex_possorted_bam_SJSO3:GGTGAGCCAGCCTGCAx-M1,0.16201767054601934,0.0,0.5908364406185972,0.03954368350759589,1.0,0.9835625659734831,0.0,0.02398286686010009,0.0,0.27003094918947546,1.0,0.0,0.0,0.0,0.23988501902006087,0.0,1.0,1.0,0.0,1.0,1.0,1.0,0.30575987941406957,0.7421500926248977,0.0,0.0,0.42807210810056306,0.07717006739624009,0.0,0.21952555571373594,0.4376510048415132,0.19154658115833084,0.33115721527269115,0.0,0.21280762972284115,0.15298056240727176,0.0,0.058098789085092285,0.14420875633360475,0.15509259056644684,0.0,0.0,0.0,0.2062700392622754,0.3905407089506253,0.08668694302267525,0.0,0.12008597434673052,0.07042611174448563,0.29238214381687244,0.0,0.08685846104907496,1.0
gex_possorted_bam_SJSO3:GGTCCTGCAGCAAGGCx-M1,0.0,0.0,0.3680805158538818,0.0,0.0,0.0,0.514065398851425,0.0,0.9743204782361711,0.0,0.8797011788757223,0.563322165780933,0.1733976630114524,1.0,0.0,1.0,0.7775359067200154,0.0,0.41032109503466346,0.0,0.0,0.0,0.0,0.0,1.0,0.008488020113465361,1.0,0.0,0.12982790499928515,0.0,0.0,0.0,0.0,0.0,1.0,0.0,1.0,0.0,0.0,1.0,0.0,1.0,0.8397967933169447,0.9633791531004916,0.0,0.0,0.8694590776402148,1.0,0.0,0.0,0.2670797504083013,0.0,0.0
gex_possorted_bam_SJSO3:GGTGTGACAATGCCTAx-M1,0.0,0.3557139771434438,1.0,0.11155768409063128,0.0,0.11696314965814762,1.0,0.0,1.0,0.0,1.0,0.7721621318558687,0.9705890383409426,1.0,0.0,1.0,1.0,1.0,1.0,0.0,0.0,0.0,0.0,0.0,1.0,0.252493406893726,1.0,0.5460326292624007,0.3273005094720648,0.2503405851677453,1.0,0.0,0.0,0.06771306174398264,1.0,0.0,1.0,0.0,0.0,1.0,0.0,1.0,1.0,1.0,0.0,0.03920249072395235,1.0,1.0,0.24780147087630686,0.0,0.5532983892922424,0.19047861887050502,0.0
gex_possorted_bam_SJSO3:GGTATTTCAGGCATCTx-M1,0.043917204250793936,0.0,0.0,0.0,0.31573509447918807,0.18582332982682875,0.0,0.0,0.0,0.0,0.9322066324985997,0.0,0.0,0.0,0.0,0.0,0.8385234807605928,1.0,0.0,0.9896657976418478,0.5947755935442867,0.7266789643357202,0.1396074940231093,0.6930813356004403,0.0,0.0,0.43833601343808837,0.0,0.0,0.0,0.0,0.0788830486382538,0.1370380608557118,0.0,0.18898071207427858,0.0,0.0,0.061913578210128224,0.0,0.0,0.0,0.0,0.0,0.0,0.06494624074990497,0.0,0.0,0.2947166482295311,0.0,0.0,0.0,0.0,0.791582492783343
gex_possorted_bam_SJSO3:GGTGCTTCATTATGACx-M1,0.0,0.22287300369481583,1.0,0.0,0.36914783736291046,0.5082771762393758,0.812597625614236,0.21593029947803957,0.27371040435787564,0.2578831925395571,0.7205913300943887,0.0,0.0,0.0,0.18842620583866673,0.06585301358245287,1.0,0.9867350969050548,0.0,1.0,0.603164990622947,0.619923296520995,0.07333081429845212,0.5772546452677844,0.0,0.0,0.4594581940663707,0.10851253602507298,0.0,0.0,0.6720538179254414,0.13180366566183457,0.158782052559608,0.024438904423959327,0.456091392150361,0.08640067213932687,0.0653170953417222,0.0,0.1923957633198091,0.5173040710135338,0.32810101143615805,0.20661891776578636,0.0,0.40703136337893003,0.15518806656405293,0.0,0.0,0.19951169296032042,0.04583777280122909,0.13313898561464907,0.0,0.0,1.0
gex_possorted_bam_SJSO3:GGTGTGACAATAGCCCx-M1,0.06417269637940412,0.0,0.6385861985789725,0.0,0.7675267223040358,0.6961260955043829,0.0,0.0,0.0,0.25954084013730444,0.9318776481929701,0.0,0.0,0.0,0.20156740000687545,0.0,1.0,1.0,0.0,1.0,0.8724641450734758,0.9530569914159303,0.2335654299093421,0.7866935067185805,0.0,0.0,0.285301885825088,0.0,0.0,0.1730925265290527,0.5705100597323955,0.04106819655907988,0.24309605014270308,0.0,0.17106473511487344,0.1097648215851119,0.0,0.03959756522772811,0.14024590302969456,0.10306381469972055,0.0,0.0,0.0,0.0,0.2646658216557326,0.06020535816612298,0.0,0.020085177076775155,0.05711230776452142,0.283875343733717,0.0,0.036095890415766746,1.0
gex_possorted_bam_SJSO3:GGTCCATCAAAGGTACx-M1,0.06559860734077366,0.0,0.819480976312311,0.02373500332656707,0.9294571198816622,1.0,0.0,0.0,0.0,0.3825942032015276,1.0,0.0,0.0,0.0,0.24256067749113008,0.0,1.0,1.0,0.0,1.0,0.8299847449670739,0.9456583538521525,0.24578360353642467,0.6719136370752127,0.0,0.015745527440131867,0.4575843749987242,0.07298629314313403,0.0,0.16586700429981183,0.70834547313948,0.3258885796822541,0.2342150171424283,0.0,0.3012903988036417,0.13638258829427927,0.0,0.0,0.1331832987892066,0.34305082597270387,0.0,0.0,0.0,0.35601509441852974,0.33003414408217246,0.06730958363500694,0.1044831463446646,0.2722854389964312,0.11216070547013059,0.4100308100119282,0.0,0.08978580850173126,1.0
gex_possorted_bam_SJSO3:GGTGCTTCAGGTTATTx-M1,0.16836047652905092,0.3313538173764707,1.0,0.1744011223323822,0.8351105112012114,1.0,0.8697869933135309,0.40609316403107254,1.0,0.47466650642869496,1.0,0.0,0.2846877848302873,0.15239050572991233,0.12404371354093197,0.49958652106397405,1.0,1.0,0.1910908161081964,1.0,0.8537179619023472,0.8251940925742208,0.2717425749741785,0.4685009719716264,0.26853697382678016,0.16865440449816432,0.7208304130036072,0.17609951426940135,0.0,0.17851237521631086,0.5233736400535659,0.45081905628228386,0.29574888149893724,0.0,0.33871890440609775,0.23553535156451288,0.1303512652858797,0.15577541547703253,0.30280530207014306,0.3259719356830407,0.9066348121144413,0.0,0.24443168752345823,1.0,0.217242257469472,0.20109605060415223,0.6505154701364021,0.5536131638325419,0.2591169126475906,0.16862904935580694,0.0,0.03781907684869237,1.0
gex_possorted_bam_SJSO3:GGTCAGGAGGACCTCAx-M1,0.0,0.0,0.862586508965554,0.0,0.3235912586016435,0.17175573122481402,0.0,0.0,0.0,0.12768882993578348,0.5540528766272982,0.0,0.0,0.0,0.1616133848121643,0.0,0.6221840713682727,0.22945147128044502,0.0,1.0,0.4959526166343129,0.6828733837261199,0.17086883438624287,0.5226288710541858,0.0,0.0,0.5045689637486623,0.0,0.011974765550399745,0.0,0.36109872406806465,0.0,0.10860896046121439,0.0,0.3243508572112379,0.052951297684919345,0.12966330727015565,0.03373571602117388,0.0,0.18132433849256255,0.0,0.0,0.0,0.07120013906009608,0.11492634693513638,0.0734848351916796,0.0,0.1092048082632908,0.0,0.09788930691946958,0.0,0.0,1.0
gex_possorted_bam_SJSO3:GGTGTCCAGAGGAAGGx-M1,0.0,0.06620327159372141,0.0,0.0,0.0,0.0,0.07572619185782717,0.10188679340879327,0.0,0.06209567466810467,0.0,0.26826299876048776,0.0,0.0,0.13191738572256673,0.07452987332025476,0.25293472243304066,0.0,0.0,0.8810609040904666,0.24827638437822225,0.24657153403605714,0.05932965238703315,0.39912244797032,0.0,0.0,0.42559875169671463,0.0,0.0,0.0,0.19949558417258126,0.0,0.06229820395732246,0.13862090132106628,0.5206867608482258,0.05979468380613957,0.19599920711122185,0.0,0.0897120644082067,0.4879372515396824,0.057563961962638764,0.3965654442782592,0.0,0.0,0.0,0.0,0.0,0.26619951102080136,0.0,0.0,0.0,0.0,0.3815122958814004
gex_possorted_bam_SJSO3:GGTCCGTAGCAGGCCTx-M1,0.0,0.12756197198812375,0.7704034988880711,0.05693021126547252,0.0,0.0,1.0,0.0,1.0,0.0,1.0,0.7146045671842787,0.6338893554505912,1.0,0.0,1.0,1.0,0.06109234508526841,0.9001359399320598,0.0,0.0,0.0,0.0,0.0,1.0,0.14172121135992327,1.0,0.2530113926172737,0.2578085199138659,0.05747290844963793,0.7139686534783634,0.0,0.0,0.04130095325913069,1.0,0.0,1.0,0.0,0.0,1.0,0.0,1.0,1.0,1.0,0.0,0.0,1.0,1.0,0.11256986589046963,0.0,0.461124061814849,0.09048187438962772,0.0
gex_possorted_bam_SJSO3:GGTCCATCAAGCTTTGx-M1,0.010881615881088469,0.0,0.17886987267997695,0.0,0.6230662159713557,0.1839988598403698,0.0,0.0,0.0,0.0,0.979509957077973,0.0,0.0,0.0,0.0,0.0,1.0,1.0,0.0,1.0,0.6139576462644015,0.6764335256099262,0.1670945276288343,0.5213031531229955,0.0,0.0,0.6943191992219137,0.0,0.0,0.0,0.0,0.3894450638855968,0.1269642596605334,0.0,0.2778095201101916,0.0,0.0,0.007200664509822745,0.0,0.0,0.359440394422307,0.0,0.0,0.0,0.060365083292144156,0.0,0.0,0.44090652484746956,0.0,0.10913318436726953,0.0,0.0,1.0
gex_possorted_bam_SJSO3:GGTATTTCACTGACTAx-M1,0.0,0.0,0.08343895253323505,0.0,0.0,0.0,0.9910556228248012,0.0,1.0,0.0,1.0,0.5898441687414361,0.4148350093482838,1.0,0.0,1.0,1.0,0.6297478525336953,0.8395768869089725,0.0,0.0,0.0,0.0,0.0,1.0,0.0885387350883911,1.0,0.0,0.0,0.0,0.0,0.04389018491616869,0.0,0.0,1.0,0.0,1.0,0.0,0.0,1.0,0.0,1.0,1.0,1.0,0.0,0.0,1.0,1.0,0.0,0.0,0.3403980006728439,0.018697602525011292,0.0
gex_possorted_bam_SJSO3:GGTGCTTCATTAGCCAx-M1,0.0,0.26708911406604774,0.19706294959348677,0.0,0.0,0.0,0.40015257918770974,0.08377071030824926,0.0,0.0888799395717768,0.0,0.5978719662079303,0.0,0.0,0.15484426784323535,0.11647176192551718,0.18811628898998844,0.0,0.0,1.0,0.051524673256032445,0.05021574092768468,0.0,0.3323335854460664,0.0,0.0,0.4355970650043665,0.0,0.0,0.0,0.3409179569730124,0.0,0.0,0.07550877991835422,0.6198752368233483,0.007002480205154162,0.24275367674059276,0.0,0.023479608374820445,0.6126541971098304,0.12726575531626208,0.5982482829060243,0.0,0.0,0.0,0.0,0.0,0.20686637373649583,0.0,0.0,0.0,0.0,0.05449321169215359
gex_possorted_bam_SJSO3:GGTCGGTTCATCCACCx-M1,0.0,0.7092072442026724,0.852082093981063,0.11313984965248815,0.0,0.0,0.0,0.024859962094973386,0.0,0.0,0.58192814520299,0.0,1.0,1.0,0.0,1.0,0.14281272809928222,0.13187048592885514,1.0,0.0,0.0,0.0,0.0,0.0,1.0,0.0,1.0,0.0,1.0,0.38322188591548356,0.2670619652491841,0.879444220387381,0.0,0.5602572072927037,1.0,0.0,1.0,0.0,0.0,1.0,0.7914928307469671,0.0,0.6515195843159243,0.29206653200439286,0.0,0.06906571637767227,1.0,0.22529075334484464,0.0,0.0,1.0,0.023900153223491864,0.0
gex_possorted_bam_SJSO3:GGTCGGTTCGCTAAGTx-M1,0.0,0.0398276710364293,1.0,0.0,0.0,0.0,1.0,0.0,1.0,0.0,0.8340730299967566,1.0,0.23101287515099792,0.9012979768325569,0.0,1.0,0.9351093044779264,0.0,0.2818439243023293,0.0,0.0,0.0,0.0,0.0,1.0,0.023341478452913414,1.0,0.031037434264251026,0.0,0.0,0.7501181871315236,0.0,0.0,0.0,1.0,0.0,1.0,0.0,0.0,1.0,0.0,1.0,1.0,1.0,0.0,0.0,0.9357902624481251,1.0,0.04123522594474865,0.0,0.222017630440124,0.0,0.0
gex_possorted_bam_SJSO3:GGTCTTTGTTTGTTGCx-M1,0.0,0.49731352279088026,1.0,0.048877835181438054,0.0,0.0,1.0,0.0,1.0,0.023672922159468257,1.0,1.0,0.2853210042036752,1.0,0.0,1.0,1.0,0.28800574075979807,1.0,0.0,0.0,0.0,0.0,0.0,1.0,0.06358102623832829,1.0,0.22500259998252609,0.0769676815765924,0.0,0.6395981333421126,0.0,0.0,0.015090805034412933,1.0,0.0,1.0,0.0,0.0,1.0,0.12133889785989363,1.0,1.0,1.0,0.0,0.0,1.0,1.0,0.11220953046951092,0.0,0.3052821075480705,0.017711934319959346,0.0
gex_possorted_bam_SJSO3:GGTCCTGCATTGCGGTx-M1,0.0,0.8608969560823994,1.0,0.1145108635991501,0.0,0.2781632600968003,1.0,0.0,1.0,0.3262311323426541,1.0,1.0,0.7713210414589344,1.0,0.004571509857358449,1.0,1.0,0.981431129911474,1.0,0.0,0.0,0.0,0.0,0.0,1.0,0.2047640344359301,1.0,0.5399503722373192,0.24033624104989404,0.30694568992306065,1.0,0.0,0.0,0.1296760000347058,1.0,0.0,1.0,0.0,0.0,1.0,0.17893714290034113,1.0,1.0,1.0,0.0,0.0458952431403418,1.0,1.0,0.3720466938100882,0.0,0.47417253059610276,0.1591224494251118,0.0
gex_possorted_bam_SJSO3:GGTGAGCCAGCAACAGx-M1,0.013682810539258976,0.0,0.0,0.0,0.2015255189591635,0.31066470562627335,0.0,0.0,0.0,0.0,0.7242844910592187,0.0,0.0,0.0,0.03549742467546168,0.0,0.7781549884077794,0.7687174298787136,0.0,1.0,0.5542371131825747,0.7200350945072972,0.14561883787367078,0.6494488025282743,0.0,0.0,0.3255165983258427,0.12273779021156273,0.19251638146066777,0.0,0.2937212691728892,0.0,0.1347133098027701,0.0,0.24419770988349263,0.04454646343825018,0.0,0.0029049629609948805,0.012913810866667489,0.20375431953639367,0.0,0.0,0.0,0.0,0.059224706792592514,0.016139676026282284,0.0,0.181846039184457,0.0,0.0,0.0,0.0,0.9342465749666461
gex_possorted_bam_SJSO3:GGTGTTGTCCCGAAGCx-M1,0.1330105936754372,0.0,0.7322608130921789,0.036922022131714013,0.6978910031572847,0.9999416886279567,0.0,0.021088470207988645,0.0,0.24673891095170342,1.0,0.0,0.0,0.0,0.2796193664405281,0.0,1.0,1.0,0.0,1.0,0.8622084284702526,1.0,0.25659892138174833,0.8148670689008816,0.0,0.0,0.3299431109444907,0.10166910502694765,0.0,0.21449279013177533,0.7865749700304934,0.1657468907566966,0.2899023673877536,0.0,0.21431071902744467,0.15909012406618261,0.0,0.047519891098683396,0.17228069268688845,0.18828178036111767,0.0,0.0,0.0,0.31634211489354097,0.3657551007984108,0.09793165854927574,0.0,0.09911684242206929,0.08830737321967344,0.3081520365370399,0.0,0.09250397644137294,1.0
gex_possorted_bam_SJSO3:GGTGAGGTCCTGTTCAx-M1,0.0,0.0,0.3565551365173469,0.0,0.0,0.0,0.637722944812117,0.0,1.0,0.0,1.0,0.4729868510101375,0.21303583298461337,1.0,0.0,1.0,0.9283932052052896,0.0109369081965576,0.5201478808167808,0.0,0.0,0.0,0.0,0.0,1.0,0.03126210328373223,1.0,0.0,0.03642150822107556,0.0,0.0,0.0,0.0,0.0,1.0,0.0,1.0,0.0,0.0,1.0,0.0,1.0,0.9099954680184006,0.9380947408813622,0.0,0.0,0.9872467307821857,1.0,0.0,0.0,0.24655065492824949,0.0,0.0
gex_possorted_bam_SJSO3:GGTCCATCAAACCTATx-M1,0.0,0.0,0.0,0.0,0.0,0.0,0.0,0.007595024405445883,0.0,0.0,0.3847818029813425,0.0,0.0,0.0,0.029043643601163103,0.0,0.3825300203516342,0.1767483396012486,0.0,0.8576939822276421,0.3209861549844102,0.4796478887878741,0.06333325395310398,0.6109384946280125,0.0,0.0,0.342566289342878,0.0,0.0,0.0,0.14606876557256054,0.0,0.03534863954808927,0.0,0.30877649740883834,0.03203802306174382,0.0,0.04088806309168284,0.0,0.35163103073661034,0.0,0.0,0.0,0.0,0.0,0.0062375062774329,0.0,0.07288747482952922,0.0,0.0,0.0,0.0,0.4728815895157963
gex_possorted_bam_SJSO3:GGTGCTTCACATTAACx-M1,0.0,0.66654773922578,0.6254133465516678,0.029328555479340396,0.0,0.29009967491400623,1.0,0.0,0.0,0.027920102316785624,1.0,1.0,0.0,1.0,0.02950732767255857,1.0,1.0,1.0,1.0,0.0,0.0,0.0,0.0,0.0,0.4415083637838071,0.0,1.0,0.05307931107209832,0.0,0.02773802399818076,0.022916122838461613,0.0,0.0,0.0,1.0,0.0,1.0,0.0,0.0,1.0,0.31838019741860324,1.0,0.0,0.2853857932195579,0.0,0.0,0.1450015718580227,1.0,0.0,0.0,0.0,0.0,0.0
gex_possorted_bam_SJSO3:GGTGAGCCATTGTTGGx-M1,0.5272788166335456,0.05328682518715116,0.0,0.33518977973765124,0.7759204890391544,1.0,0.0,0.23041334115249845,0.0,0.31702969763417316,1.0,0.0,0.0,0.0,0.36010581531396435,0.0,1.0,1.0,0.6856508853714309,1.0,1.0,1.0,0.5700717371072365,1.0,0.0,0.2136816370580702,0.0711461896768639,0.4328154824009629,0.22410633905837118,0.5157837091733376,0.6991628328295216,0.7006051649406647,0.5156537015642302,0.29645021375167097,0.10426241725642893,0.5427349067528972,0.0,0.46371844745972896,0.43813956136409277,0.07236764096776548,0.0,0.0,0.0,0.0,0.5708819282139252,0.3760865662718422,0.0,0.014662218519086547,0.3101427167659546,0.393523285850147,0.0,0.5103874048703267,1.0
gex_possorted_bam_SJSO3:GGTCCTGCAGGCGATAx-M1,0.05459106392445861,0.0,0.15295051569188012,0.0,0.5382762051632342,0.5586650257189699,0.0,0.0,0.0,0.0,1.0,0.0,0.0,0.0,0.07267688419515331,0.0,0.969688687440248,1.0,0.0,1.0,0.7194282967084025,0.9213831200938262,0.16509881482494787,0.8112100733162061,0.0,0.0,0.328142672533283,0.0,0.0,0.06665980955237134,0.13444813186952928,0.09188199869442173,0.21191081365795317,0.0,0.09808897178577991,0.0664531704517968,0.0,0.020326939150339073,0.0678543257169763,0.05643361286154671,0.0,0.0,0.0,0.0,0.22078892943520098,0.03262908376302923,0.0,0.07693454210311157,0.0,0.10579939020439637,0.0,0.0414081575738241,1.0
gex_possorted_bam_SJSO3:GGTCATTAGTCACTCCx-M1,0.0,0.3575829137733685,1.0,0.08988990642002738,0.0,0.031053412015003515,1.0,0.0,1.0,0.15533332139989867,1.0,0.798069805065203,0.842973095770843,1.0,0.0,1.0,1.0,0.5196240339332102,1.0,0.0,0.0,0.0,0.0,0.0,1.0,0.21148746759357456,1.0,0.6065470165428457,0.28428630099114394,0.2626491302446942,1.0,0.0,0.0,0.06200479379591189,1.0,0.0,1.0,0.0,0.0,1.0,0.0,1.0,1.0,1.0,0.0,0.05726461910220691,1.0,1.0,0.28731786292797645,0.0,0.5533264008759033,0.15987905804118788,0.0
gex_possorted_bam_SJSO3:GTAAAGCCAGCCGCTAx-M1,0.0,0.1074867419288609,0.0,0.0,0.0,0.0,0.0013287955913168104,0.05018892870590999,0.0,0.0,0.10650437316979895,0.3608622227273742,0.0,0.0,0.16869278778733093,0.1192058109105654,0.5412505269755409,0.0,0.0,0.9869884721904241,0.19062525400643215,0.2725986722032171,0.03084356309324685,0.4800945052522319,0.0,0.0,0.3143799970971787,0.0,0.0,0.0,0.0,0.0,0.027766497010338228,0.03643714991863688,0.39883129176276455,0.0360248381562752,0.0,0.0,0.10192201263796237,0.3889903357911893,0.1020284409868583,0.5438575622446883,0.0,0.0,0.0,0.0,0.0,0.13747224887144127,0.0,0.0,0.0,0.0,0.0
gex_possorted_bam_SJSO3:GGTTAGCGTTTCCTCCx-M1,0.0,1.0,1.0,0.5666524939370979,0.0,0.15377598586054061,1.0,0.2557537626941698,1.0,0.5298773487572574,1.0,1.0,1.0,1.0,0.06235455669448056,1.0,1.0,0.8639412012262626,1.0,0.0,0.0,0.0,0.0,0.0,1.0,0.7403628622652875,1.0,1.0,1.0,0.6426497048270186,1.0,0.08112856986122591,0.0,0.49190317540662876,1.0,0.051511312403736915,1.0,0.0,0.0,1.0,0.1425943629671457,1.0,1.0,1.0,0.0,0.26362381335205465,1.0,1.0,0.7305595179408776,0.2585200444964972,1.0,0.5907197433842692,0.0
gex_possorted_bam_SJSO3:GGTTTCCTCCTAAGGTx-M1,0.4177633480034764,1.0,0.6325768518934884,0.6068932506027456,0.5066314950666136,0.6765613620508356,1.0,0.6723628307015097,1.0,0.6112272075753907,0.1090943150580153,0.6518283630294737,0.7248951384889826,1.0,0.53115006822091,1.0,0.5558652544043254,0.49218226510845653,0.8311359224673132,1.0,0.8976429665064184,0.1984701385259616,0.3199256525000498,1.0,1.0,0.6790653699681567,0.49751826696289686,1.0,0.8256431813324265,1.0,0.23497130069360164,0.3555690763338926,0.541587506263964,0.4016240606297102,0.7284994516030076,0.4993054285764311,1.0,0.45648742377310225,0.6722164523940181,0.7906449443428899,1.0,1.0,0.0,0.3485931561893308,0.5552588699069789,0.4309480587816171,1.0,1.0,0.5400663750819235,0.6051227971308722,0.5263102634189373,0.5093462128415183,1.0
gex_possorted_bam_SJSO3:GGTTGCATCACTAATGx-M1,0.0,0.9927892729152874,1.0,0.45850603948614693,0.0,0.032570470635174466,1.0,0.16672599696640394,1.0,0.4727417540968954,1.0,1.0,1.0,1.0,0.009428715372405574,1.0,1.0,0.4390056069475214,1.0,0.0,0.0,0.0,0.0,0.0,1.0,0.6723269669967875,1.0,1.0,1.0,0.6369445209495245,1.0,0.0,0.0,0.33299852280601844,1.0,0.0,1.0,0.0,0.0,1.0,0.10103557751805667,1.0,1.0,1.0,0.0,0.27446622114643754,1.0,1.0,0.7362420553155662,0.21968537982713027,1.0,0.5344082324111541,0.0
gex_possorted_bam_SJSO3:GTAAGCAAGACAAGTGx-M1,0.0,0.0,0.33239414238933324,0.0,0.0,0.0,0.5770110628903428,0.0,0.8648282699666171,0.0,0.9506206687340821,0.21669789030048286,0.0,0.7823800176898393,0.0,1.0,1.0,0.22445620304391728,0.32501497673173646,0.0,0.0,0.0,0.0,0.0,0.6895826327763931,0.0,1.0,0.01645811585665185,0.02865600071602644,0.0,0.0,0.0,0.0,0.0,1.0,0.0,1.0,0.0,0.0,1.0,0.0,1.0,0.8237116783117444,1.0,0.0,0.0,0.655110625467868,1.0,0.0,0.0,0.05981286951630997,0.0,0.0
gex_possorted_bam_SJSO3:GGTTGCATCACAGCCAx-M1,0.2569276708039927,0.17004845095139523,1.0,0.21390479895698103,1.0,1.0,0.0,0.13721018708578384,0.0,0.7992461067523983,1.0,0.0,0.17283090031028342,0.0,0.4798437474439386,0.0911264818636628,1.0,1.0,0.08268090979972602,1.0,1.0,1.0,0.5055190105788823,0.7332290669357788,0.0,0.2429906438919948,0.39010968092360987,0.2124337755971466,0.0,0.5445858628753303,0.981032402931705,0.7042228534355967,0.4503852300432327,0.0971755577404328,0.24091204427068447,0.36542273656652713,0.0,0.20616932047378334,0.3994061543818623,0.3807318093268761,0.39916456935905126,0.0,0.2951261149637989,1.0,0.5312875964828919,0.3239993263685889,0.5116899843601522,0.0,0.4256206573322825,0.8106017967383814,0.02685194728383766,0.3240044652104637,1.0
gex_possorted_bam_SJSO3:GGTTTCCTCTTGTCTGx-M1,0.09608334676862089,0.08285937265684114,0.968476587133585,0.06233540474879532,0.9542207312069332,0.9969092394848582,0.0,0.03174019001108676,0.0,0.5346684869515327,0.9851666092546252,0.0,0.0,0.0,0.4147886062189494,0.0,1.0,1.0,0.0,1.0,0.8610588092568906,0.9773622707318754,0.30826602578403356,0.7815798603218596,0.0,0.030842692773318962,0.31365879080161047,0.13091451616933572,0.0,0.25566475319041754,0.9654298244676182,0.23465242441089162,0.30993044628826594,0.023068024915048023,0.2285631302570072,0.21759035530446003,0.0,0.03460586458175427,0.2470597731144322,0.34628690390031097,0.11145947931654235,0.0,0.0,0.5486566887140885,0.3243098481796243,0.14111374039705651,0.09244254647841758,0.0,0.19663011516404544,0.5250493063949317,0.0,0.11697211321216411,1.0
gex_possorted_bam_SJSO3:GGTTGCGGTACCCACCx-M1,0.023550726869404424,0.0,0.0,0.0,0.013779690524465378,0.0,0.0,0.0,0.0,0.0,0.9844892527993748,0.0,0.0,0.0,0.0,0.0,0.8191295494747357,0.9741075432827152,0.0,0.40139344015407924,0.4118562629490811,0.5187378288491683,0.09441884168209082,0.5394842432195412,0.0,0.0,0.5325794440617078,0.0,0.0,0.0,0.0,0.033821570922466924,0.06898565331551613,0.0,0.4188798053592619,0.0,0.0,0.038167202259242555,0.0,0.02711581434245828,0.0,0.017513218099762723,0.0,0.0,0.0,0.0,0.0,0.580489221989989,0.0,0.0,0.0,0.0,0.46775075720905923
gex_possorted_bam_SJSO3:GGTTGCTCAGGTTACCx-M1,0.09129270040415437,0.0,0.5259807368075913,0.050033873625683144,0.4753481818157949,0.5949556868261312,0.0,0.049510180002451144,0.0,0.21807792517787947,0.7809390194264756,0.0,0.0,0.0,0.22993567200856346,0.0,0.9353075366158751,0.8288689692374863,0.0,1.0,0.8403351655307917,0.845410152058256,0.21628262980878976,0.8361071317060647,0.0,0.0,0.22413875549407888,0.125704345349771,0.21785128883768132,0.16768335470762136,0.7590432244277431,0.0,0.2642054238442796,0.0,0.19593867738579188,0.1595999301227509,0.0,0.0889901052656888,0.20717349512844097,0.31309208826540874,0.0,0.0,0.0,0.1920077063769867,0.22668140259437464,0.11535443411619224,0.0,0.01001145523195889,0.06404541150631723,0.18917434521563797,0.0,0.061361925191168815,1.0
gex_possorted_bam_SJSO3:GTAAAGCCATACTCCTx-M1,0.11020034575582564,0.0,0.0,0.07192468274088505,0.09379665176681351,0.11895931234450241,0.0,0.16027654053205534,0.0,0.07237071394533075,0.5077599074121025,0.0,0.0,0.0,0.09486296428448655,0.020723713791464093,0.6498810394660146,0.4221867814630874,0.0,0.8924790915002551,0.5019031742836658,0.46684877500179206,0.1669077227949468,0.5229563413331813,0.0,0.0,0.5170462844898147,0.025090845627137554,0.0,0.0,0.1525280491169929,0.1698428895150125,0.1695412012258912,0.12552711404467065,0.4762295536986831,0.12503073506810908,0.18805284612358739,0.10474968921927205,0.12310606808556374,0.342291574107672,0.01669480641793765,0.17764726027972053,0.0,0.0,0.1268310761879333,0.09695051629842111,0.0,0.44004093622167656,0.025455078485447744,0.05104852746288885,0.01812981622212022,0.05410406795089182,0.6568057274424159
gex_possorted_bam_SJSO3:GGTTCTTGTTGCAATGx-M1,0.030629549258394055,0.0,0.0,0.0,0.20514688684918328,0.07325153335763632,0.0,0.0,0.0,0.0,0.8868497154967885,0.0,0.0,0.0,0.0,0.0,0.9223948409292653,1.0,0.0,1.0,0.5825225565658633,0.667923742413486,0.13481385128318865,0.6274404260585,0.0,0.0,0.4654131511115897,0.0,0.0,0.0,0.0,0.15020543439396267,0.14702705786349773,0.0,0.24845353228045317,0.0,0.0,0.04096736507579607,0.0,0.0,0.0,0.0,0.0,0.0,0.03654177121997114,0.0,0.0,0.34619221945996503,0.0,0.0,0.0,0.0,0.8421913799810267
gex_possorted_bam_SJSO3:GGTTGCATCCTAATAGx-M1,0.0,0.07380250034116367,0.18725739548415896,0.0,0.0,0.0,0.0,0.0,0.0,0.0,1.0,0.0,0.5508346367751993,1.0,0.0,1.0,0.6578032981799955,0.275735057933561,0.7809411163541591,0.0,0.0,0.0,0.0,0.0,1.0,0.0,1.0,0.0,0.859105128753775,0.003381937740516745,0.0,0.37655776792018164,0.0,0.11504404156162297,1.0,0.0,0.9448110040981567,0.0,0.0,1.0,0.2193410958856963,0.0,0.34864450782356154,0.0,0.0,0.0,0.8447728014310715,0.7989035777633007,0.0,0.0,0.417056166918421,0.0,0.0
gex_possorted_bam_SJSO3:GGTTACTAGTTTAACGx-M1,0.0,0.0013042129183179086,0.40886309214817196,0.0,0.0,0.0,0.9205050204007202,0.0,1.0,0.0,1.0,0.4378678136205127,0.16698984919636575,1.0,0.0,1.0,1.0,0.5782526373501577,0.8049797372311999,0.0,0.0,0.0,0.0,0.0,1.0,0.047128276406590654,1.0,0.06483244159976025,0.16984257753100696,0.0,0.16647911848467287,0.0,0.0,0.0,1.0,0.0,1.0,0.0,0.0,1.0,0.0,1.0,1.0,1.0,0.0,0.0,1.0,1.0,0.0,0.0,0.2027168600292438,0.0,0.0
gex_possorted_bam_SJSO3:GGTTTAATCTCCATGCx-M1,0.0,0.33719199926120236,0.7706078675725365,0.16509814178415272,0.0,0.0,1.0,0.02399612814529683,1.0,0.0,1.0,1.0,0.9706350603183558,1.0,0.0,1.0,1.0,0.0,1.0,0.0,0.0,0.0,0.0,0.0,1.0,0.27506021420693993,1.0,0.5051794809802459,0.4955147734494127,0.17108016780146051,0.7746184387193374,0.0,0.0,0.156246783335536,1.0,0.0,1.0,0.0,0.0,1.0,0.0,1.0,1.0,1.0,0.0,0.0566211592610248,1.0,1.0,0.2670538722277099,0.0,0.7692732241977611,0.1681398062004959,0.0
gex_possorted_bam_SJSO3:GGTTGCTCACAATTACx-M1,0.0758307665772602,0.0,0.26286168362901347,0.0,0.6758948599022472,0.5732277421207039,0.0,0.0,0.0,0.17822859832841162,0.9966793597087986,0.0,0.0,0.0,0.16321482533431803,0.0,0.9714277916309445,1.0,0.0,1.0,0.7580607457734834,0.9502191010189449,0.2203734542640967,0.7797965076585465,0.0,0.0,0.33643422215549046,0.0,0.0,0.1247924598553271,0.30047625655016397,0.11693597202524215,0.21917430131067864,0.0,0.15060851004843842,0.09399989439896674,0.0,0.031747467142638854,0.1006175719945638,0.1046453633253081,0.0,0.0,0.0,0.0,0.2287399450431535,0.0500790533032877,0.0,0.07710101963160496,0.01194807525261644,0.1853561308258393,0.0,0.051797314798891964,1.0
gex_possorted_bam_SJSO3:GGTTGCTCAACACCTAx-M1,0.18405842287001806,0.0,0.046166433150066244,0.0913863997221022,0.3209592276417331,0.6001358414990076,0.0,0.11300631496012747,0.0,0.03577060356753974,0.8830549967418373,0.0,0.0,0.0,0.17263924000365108,0.0,0.8712048719354252,1.0,0.0,1.0,0.829023439968278,0.8205778982856399,0.23675405476290587,0.8748582216322476,0.0,0.0,0.3167056121672418,0.0,0.0,0.128669931246092,0.49058380654612604,0.08080677532652875,0.3322805862745021,0.08814165764855549,0.2192349128477175,0.1716636078635112,0.0,0.13806907425908538,0.14977055187038482,0.17381733852791734,0.0,0.0,0.0,0.0,0.33531322975686156,0.1705356717337898,0.0,0.0,0.047162880975900885,0.16218761730916986,0.0,0.10838335633422184,0.8444873708158409
gex_possorted_bam_SJSO3:GGTTATATCGTTATCTx-M1,0.0,0.0,0.6573580210124861,0.0,0.779062530713429,0.6368254887199836,1.0,0.40186180073251415,0.3737222363507746,0.0,1.0,0.0,0.01595557072260763,0.014450146885803622,0.0,0.0,1.0,1.0,0.05927152372420181,1.0,0.763109129386413,0.7805544291411446,0.10058827616112498,0.41186633256821836,0.038113994499679546,0.0,0.9194220725575604,0.0,0.013168716676316044,0.0,0.0,0.6378949928490631,0.15750962244396155,0.0,0.448253764666767,0.0,0.0,0.0,0.09549889236879562,0.2546943289827191,0.7784572899758149,0.0,0.0,0.9747437119057935,0.0,0.03783990807633732,0.4070696522474301,0.5412511472472447,0.0,0.0,0.0,0.0,1.0
gex_possorted_bam_SJSO3:GGTTGGTGTTAGCAGCx-M1,0.0,0.7604851673732752,0.3773531108694286,0.0,0.0,0.0,1.0,0.11397974175673725,0.0,0.292266762871096,0.16561293565396476,1.0,0.0,0.4151342005031449,0.25934975930050747,0.7757838072363981,0.9617867305889475,0.0,0.0,0.6192922117292166,0.0,0.0,0.0,0.2569081955923331,0.0,0.0,0.6850309460629431,0.0,0.062108975898519964,0.0,0.6395689248544496,0.0,0.0,0.2193010592384615,0.951011710512581,0.04469108008048285,0.6685307900743783,0.0,0.12189374125298823,1.0,0.20530824019427057,1.0,0.0,0.0,0.0,0.0,0.0,0.7523769091364587,0.0,0.0,0.0,0.0,0.0
gex_possorted_bam_SJSO3:GGTTTAATCATTGACAx-M1,0.0,0.0,0.0,0.0,0.0,0.0,0.5094055966957484,0.0,0.9365590360209959,0.0,1.0,0.46068923847407517,0.02480839723499168,1.0,0.0,1.0,1.0,0.22905043406023293,0.5401669223831249,0.0,0.0,0.0,0.0,0.0,0.9134341153384157,0.0,1.0,0.0,0.1366959277979458,0.0,0.0,0.0,0.0,0.0,1.0,0.0,1.0,0.0,0.0,1.0,0.0,1.0,0.8983617569146463,0.6318922485921287,0.0,0.0,0.9956276079580588,1.0,0.0,0.0,0.18483403270707566,0.0,0.0
gex_possorted_bam_SJSO3:GGTTGGTGTTCCTGTGx-M1,0.0,0.9664602611211104,1.0,0.09064546786656526,0.0,0.0,1.0,0.3249029279981494,0.06336138241894411,0.8179656675294276,0.0,1.0,0.0,0.0,0.6121295995770422,0.4524918687422205,0.1741083810986854,0.0,0.0,1.0,0.1636268827682006,0.1556285818365478,0.06928786973930942,0.43378606069387765,0.0,0.0,0.22661384284394695,0.3446158733918437,0.40733869636391484,0.0,1.0,0.0,0.10693903817499752,0.4210010332426179,0.741713509793585,0.36756536554561076,0.6817627553051112,0.0017798106209630724,0.3738791802088194,1.0,0.2949117743044261,1.0,0.0,0.3190739956367858,0.007419963135757955,0.1498977410721314,0.0,0.0,0.28573861082035995,0.3466622870116673,0.11262095929741174,0.012118212416861791,0.6441841640707979
gex_possorted_bam_SJSO3:GTAAAGCCATTGTGCAx-M1,0.6689639605598904,1.0,0.6727631841170103,0.6895833939319206,0.46564743489083144,1.0,1.0,0.9386036617866936,0.4902438277454645,1.0,0.0,0.8553208776208502,0.6854375432974279,0.4462134898715715,0.9376054567244717,0.6481278302722098,0.0,0.0,0.17518457537846915,1.0,0.9322860309066427,0.880793861347411,0.6783184781873943,1.0,0.6183916867936747,0.5655794914527666,0.0,0.9047903006531552,0.9959963244632336,0.6671667600985866,1.0,0.5151649804567539,0.7152927155257417,0.9675684964039084,0.07931365695632564,1.0,0.611589459272861,0.696421437869469,0.8528687653547388,0.8763612219446816,0.6043561314890631,0.4904758429704139,0.5452779334759087,1.0,0.8412093622194702,0.851682237838663,0.21393602899361697,0.0,0.8468916235921096,0.9140825105236264,0.83638191246325,0.7551786946073271,1.0
gex_possorted_bam_SJSO3:GGTTATGGTTACCTGTx-M1,0.09163485303097203,0.0,0.18136012722850914,0.004330687618704325,0.6270082348594047,0.7369430171650506,0.0,0.013024793745986762,0.0,0.05885370862489801,1.0,0.0,0.0,0.0,0.17913762605457909,0.0,1.0,1.0,0.0,1.0,0.8935960875046283,0.9761901051852853,0.22580876085146523,0.8359465423175787,0.0,0.0,0.3316552838362462,0.021717122538816604,0.0,0.14941714341613435,0.46055413413805885,0.06473229727107903,0.25847218904200875,0.0,0.15540386000356254,0.1257773001929307,0.0,0.07525988480992075,0.12894941675726734,0.13764368854298129,0.0,0.0,0.0,0.0,0.30914691679683,0.05508079657891308,0.0,0.1944715368829836,0.0,0.1482518540404307,0.0,0.07657325430947151,1.0
gex_possorted_bam_SJSO3:GGTTACTAGTGAAGTGx-M1,0.0,0.7031696716331554,1.0,0.1897442335028805,0.4288145358987898,0.4669022798419575,1.0,0.38894991295188863,1.0,0.16265336449119155,1.0,0.2678058227988264,1.0,1.0,0.0,1.0,1.0,1.0,1.0,0.0,0.0,0.0,0.0,0.0,1.0,0.37385057870398364,1.0,0.30231625662313616,0.7115601036205256,0.0,0.8036481780883408,0.5482661963651778,0.0,0.09582716997986136,1.0,0.0,1.0,0.0,0.0,1.0,0.8682629337857453,1.0,1.0,1.0,0.0,0.15810029503679357,1.0,1.0,0.36999084507022256,0.21877336994689084,0.41746007876511837,0.1311378455988254,0.5216049338684834
gex_possorted_bam_SJSO3:GGTTTCTGTTGTGATGx-M1,0.21104419467628033,0.14482105487669034,1.0,0.13982568444895957,1.0,1.0,0.3161920513468926,0.2558000450200807,0.0,0.48166961647897144,1.0,0.0,0.1950283437084898,0.0,0.2861113607078379,0.0,1.0,1.0,0.11457861063699752,1.0,1.0,1.0,0.37126917623313815,0.833013669799788,0.0,0.12029089027290014,0.4145999897724008,0.1838276587908152,0.0,0.288293062051739,0.9583532554664198,0.5699194182322909,0.41376805669078187,0.041166747528970524,0.2598803085142957,0.28772550475760955,0.0,0.13762385438099542,0.3488473945304593,0.3245000354967602,0.37690367147138015,0.0,0.0,1.0,0.42846339705635117,0.24128285444758868,0.464982178330271,0.08775078969602226,0.3076404805636692,0.5229289353871021,0.0,0.15800067916155594,1.0
gex_possorted_bam_SJSO3:GGTTGCATCTTGTCTGx-M1,0.0,0.5469581671574013,0.09995526855915955,0.0,0.0,0.3449760878449732,0.5484247751261082,0.05902713471528341,0.0,0.09538714658436598,0.6131828723222427,0.5201354570334084,0.0,0.3597908922233915,0.2923931184009161,0.5053689633589242,1.0,0.9305120667770455,0.0,1.0,0.3176781234554695,0.18609198006609678,0.012823945862119048,0.5138358546185504,0.0,0.0,0.2690577847220736,0.0,0.0,0.0,0.23434876918479527,0.0,0.04667478793096983,0.06664989839799546,0.5549010856993497,0.010895085605180934,0.05422705744226746,0.0,0.1836930181365448,0.5313090273359001,0.1988207241503844,1.0,0.0,0.0,0.0,0.0,0.0,0.5173891187291543,0.0,0.0,0.0,0.0,0.0
gex_possorted_bam_SJSO3:GGTTGGTGTCATGCAAx-M1,0.04271581982879096,0.0,1.0,0.039200693713293086,1.0,0.9069697959262345,0.6745145685618976,0.2607550295103798,0.07220685755572374,0.2444624602997667,1.0,0.0,0.0,0.0,0.08667489031903206,0.0,1.0,1.0,0.0,1.0,0.8942130087427955,0.8412440363348122,0.23015930856760963,0.5087884130732769,0.0,0.040500996270610296,0.6505839079754882,0.0,0.0,0.0,0.39865422562510794,0.5777930871384757,0.21365940038041578,0.0,0.3784253761394204,0.10830183106557878,0.0,0.01969584970294121,0.17163708985459641,0.3683902091833183,0.657508178805563,0.0,0.0,1.0,0.12525099691084374,0.10288192805748142,0.5536479149516236,0.30871147315852066,0.0847755828389652,0.33507951312066364,0.0,0.0,1.0
gex_possorted_bam_SJSO3:GGTTCTTGTTACTAGGx-M1,0.0,0.0,0.0,0.0,0.0,0.0,0.42430011704178033,0.0,1.0,0.0,1.0,0.3741400746895466,0.06034218703007681,1.0,0.0,1.0,1.0,0.3463087411537755,0.6232165655682742,0.0,0.0,0.0,0.0,0.0,0.9960790232974207,0.004496725494880678,1.0,0.0,0.16192269883108587,0.0,0.0,0.0,0.0,0.0,1.0,0.0,1.0,0.0,0.0,1.0,0.0,1.0,0.6730577283247103,0.2148867297833949,0.0,0.0,0.8201560014193185,1.0,0.0,0.0,0.16232253317760625,0.0,0.0
gex_possorted_bam_SJSO3:GGTTCTTGTCGTTACTx-M1,0.0,0.0,0.57700851552049,0.005242212105868381,0.9690311337628813,0.6906331650161295,1.0,0.43914192788048306,0.7521599492631809,0.0,1.0,0.0,0.09728986448366923,0.05217522514937072,0.0,0.0,1.0,1.0,0.15467350668823046,1.0,0.6135441780261105,0.7147980090945204,0.08966440461240406,0.17579266444890998,0.19516103427018644,0.0,1.0,0.0,0.11619865686523305,0.0,0.0,0.707463348099612,0.06809589354303856,0.0,0.5536918053248394,0.0,0.0,0.0,0.08322581789807018,0.36762301017209875,0.901375206529286,0.0,0.0,1.0,0.0,0.08072342999358438,0.553727284258665,0.6439015378982984,0.0,0.0,0.0,0.0,1.0
gex_possorted_bam_SJSO3:GGTTGCTCATCGCTTTx-M1,0.0,0.08300073172441289,0.9518534691203769,0.0,0.15858909718260905,0.27456189122435704,0.6879777262866212,0.28486935491788873,0.12798520827360307,0.24162067062270715,0.4472843928064976,0.0,0.0,0.1689062036253301,0.20002219580053177,0.0,1.0,0.8270565569233469,0.0,1.0,0.6072766658290139,0.586918132676759,0.08643168768428938,0.6302765607293351,0.0,0.0,0.33674891068735185,0.23403689718278498,0.0,0.0,0.307523092458495,0.09649852193359758,0.203927678751324,0.0,0.39780083494460816,0.11352096157443987,0.02712851984481019,0.006193467218308391,0.21066569938007793,0.3452751693527243,0.5259765009231213,0.08966859783841653,0.0,0.0,0.2695658248667679,0.0,0.0,0.13372635350710635,0.0,0.0758368306189003,0.0,0.0,1.0
gex_possorted_bam_SJSO3:GGTTACCCATTGTGATx-M1,0.0,0.07353170708510819,1.0,0.0,0.0,0.0,1.0,0.0,1.0,0.0,1.0,0.7670355173032251,0.29427693370521646,1.0,0.0,1.0,1.0,0.0,0.6266982092214395,0.0,0.0,0.0,0.0,0.0,1.0,0.07489588420787326,1.0,0.21437122668843087,0.04284387504715582,0.0,0.6939686948456696,0.0,0.0,0.0,1.0,0.0,1.0,0.0,0.0,1.0,0.0,1.0,1.0,1.0,0.0,0.0,1.0,1.0,0.050379190296783234,0.0,0.2936288047597236,0.03329272449687337,0.0
gex_possorted_bam_SJSO3:GGTTGGTGTAATCGTGx-M1,0.019304224512296804,0.3898179577089508,1.0,0.17126770454413143,0.0,0.9538404472038297,1.0,1.0,0.7083916658295585,1.0,0.7674395478751534,1.0,0.17723830242043043,1.0,0.35571244560404847,0.14707582875103367,1.0,1.0,0.7436963288286187,1.0,0.597290638345594,0.3133787191605141,0.2862594413599383,0.31519502064787536,0.021771901725552864,0.04080865446595118,0.4116429230489004,1.0,0.6346265461112837,0.0035917998231925563,0.0,0.22496284241340253,0.3510313520666672,0.0,0.7767951890504639,0.42001418141432767,0.10743319529114172,0.27310799220675275,0.5740473301324014,0.4372573983924168,1.0,0.5402398056875573,0.06813296323934082,0.6607035317131382,0.800127618858046,0.0,1.0,0.6067878403484624,0.06756796784458953,0.6362213767315454,0.0,0.0,1.0
gex_possorted_bam_SJSO3:GGTTATATCGTTTCCAx-M1,0.12025212665713408,0.5654245057334096,1.0,0.11099293031996701,0.31350857654343917,0.7674769457871924,0.5014143257345998,0.2625557005644539,0.0,0.5563671663001725,0.48437719816659863,0.0,0.15571109798240523,0.0,0.39443183563443074,0.2737239995212273,0.6260739912765704,0.3159016424201055,0.0,1.0,0.7079438678201249,0.7523782408853487,0.25650391686502855,0.782936315362173,0.0,0.022504762254778887,0.29403266299975406,0.19378501283584443,0.08460237001376378,0.1457719592638075,1.0,0.11058638261391224,0.3170309694611425,0.19347634659382026,0.3505988845017749,0.29547372784362297,0.22178212464189928,0.06127204378663492,0.26317765178839486,0.7588882221040206,0.11258765483250842,0.0,0.0,1.0,0.2808532538793295,0.2735950476395305,0.19710285136404032,0.0,0.30984885721649263,0.47936698260950655,0.05048364210631565,0.15991629871311777,1.0
gex_possorted_bam_SJSO3:GGTTATATCGTTAAGCx-M1,0.0,0.9145237660692068,0.8376294954771429,0.04075929295895616,0.0,0.0,1.0,0.26993280812989917,0.07778680548338655,0.6601641268984912,0.0,1.0,0.0,0.0,0.48243952758649716,0.48015212235801213,0.06585027730195461,0.0,0.0,1.0,0.12668339181413074,0.12959416447965555,0.04030661717902523,0.4415486095428133,0.0,0.0,0.22030425823297445,0.19523581750840102,0.2008848199391553,0.0,1.0,0.0,0.0719808435875115,0.3317314106910207,0.61875558212013,0.2574473363538725,0.5636156537087721,0.0,0.2717801828015948,1.0,0.18926451031516286,0.8706433203070902,0.0,0.3288199256912012,0.0,0.14284553294814648,0.0,0.0,0.22993842354982402,0.20302403035938926,0.08013169197068735,0.0,0.44042956366815816
gex_possorted_bam_SJSO3:GGTTCCCGTTCATTTGx-M1,0.0,0.1195745768996838,0.0,0.0,0.0,0.0,0.12425179769647164,0.06050319065530548,0.0,0.0,0.07781490142746081,0.3047755682852942,0.0,0.0,0.1800748853402688,0.0,0.5924620232526516,0.0,0.0,1.0,0.23949923296480158,0.2524860759252409,0.01989742235763886,0.46937993322571975,0.0,0.0,0.3713907406578404,0.0,0.0,0.0,0.08137770326841642,0.0,0.04471012157944229,0.05362438325968961,0.4687198332725986,0.005156928569932523,0.05937486488652961,0.0,0.10128559912700189,0.37623404986321335,0.12088452198968956,0.5163362210128775,0.0,0.0,0.0,0.0,0.0,0.2148965744011778,0.0,0.0,0.0,0.0,0.13497072352578848
gex_possorted_bam_SJSO3:GGTTTCTGTTACTTCAx-M1,0.0,0.0,0.0,0.0,0.25846642909029255,0.07704160193959686,0.0,0.0,0.0,0.0,0.9494990362810288,0.0,0.0,0.0,0.0,0.0,0.8257134304337014,1.0,0.0,0.8860112152123164,0.3772416184709198,0.6496375754072217,0.12033525448365075,0.5450336121514513,0.0,0.0,0.5204657174412408,0.0,0.0,0.0,0.0,0.17933440053125616,0.07993830317116365,0.0,0.2650936858260499,0.0,0.0,0.01427484058089124,0.0,0.0,0.0,0.0,0.0,0.0,0.011449169950378906,0.0,0.0,0.3493589814994867,0.0,0.0,0.0,0.0,0.835282313136997
gex_possorted_bam_SJSO3:GGTTCTTGTTATCCGTx-M1,0.0,0.12911777051454607,0.1613323194870931,0.0,0.0,0.0,0.07668322517914204,0.031122262584086777,0.0,0.04628393500654975,0.0,0.20033196709019022,0.0,0.0,0.18394221789675705,0.0,0.24455477210773838,0.0,0.0,1.0,0.25189230370734295,0.3331293662610413,0.014630565118152179,0.4572026109920704,0.0,0.0,0.3441434548088814,0.0,0.0,0.0,0.5054566509744227,0.0,0.034241737843562395,0.028579895959279206,0.45098052757007767,0.028831830104636785,0.10774051529954261,0.0,0.05412173215423647,0.47394096684752834,0.0,0.25699937678112256,0.0,0.0,0.0,0.0,0.0,0.016359026385798132,0.0,0.0,0.0,0.0,0.4417181626135204
gex_possorted_bam_SJSO3:GTACTAGGTAATGGCCx-M1,0.0,1.0,1.0,0.4251327630012703,0.0,0.29369702897967537,1.0,0.06528555815091738,1.0,0.5458683977145201,1.0,1.0,1.0,1.0,0.028050920893379797,1.0,1.0,0.9979770217375687,1.0,0.0,0.0,0.0,0.0,0.0,1.0,0.57509782620817,1.0,1.0,0.7909962550240169,0.7078939326511028,1.0,0.0,0.0,0.303024432629822,1.0,0.0,1.0,0.0,0.0,1.0,0.11943685130848695,1.0,1.0,1.0,0.0,0.2542136869176392,1.0,1.0,0.7110228235079762,0.10352808949536103,1.0,0.48870058724390636,0.0
gex_possorted_bam_SJSO3:GTAGGCGAGCCGCTAAx-M1,0.0,0.030815930930094364,0.15139484420974497,0.0,0.0,0.0,0.0,0.0,0.0,0.0,0.9748040604089571,0.0,0.490628478063095,1.0,0.0,1.0,0.6021774718924962,0.25166439485186576,0.7435126527002914,0.0,0.0,0.0,0.0,0.0,0.9971561165560991,0.0,1.0,0.0,0.8203724430947182,0.0,0.0,0.2850396450288708,0.0,0.12320141513314094,1.0,0.0,0.8897200649034612,0.0,0.0,1.0,0.2684028200443706,0.0,0.32064879907055893,0.0,0.0,0.0,0.7470601890725503,0.862549744646695,0.0,0.0,0.5201107832073043,0.0,0.0
gex_possorted_bam_SJSO3:GTAGGAGGTACTGAATx-M1,0.05609698845047309,0.0,0.0,0.0,0.19341458092141536,0.19763553205749104,0.0,0.0,0.0,0.0,1.0,0.0,0.0,0.0,0.0,0.0,0.8624023799074019,1.0,0.0,0.7453654148000632,0.48515926857440356,0.7044943484284519,0.15173547172151425,0.6446502775368248,0.0,0.0,0.40695540031631317,0.0,0.0,0.0,0.0,0.0934044273087465,0.11125600343651777,0.0,0.23373290010994047,0.0,0.0,0.05359919982878755,0.0,0.0,0.0,0.0,0.0,0.0,0.017064336135815428,0.0,0.0,0.2691601617759332,0.0,0.0,0.0,0.0,0.7847459605940057
gex_possorted_bam_SJSO3:GTACCTTGTAGCTGGTx-M1,0.0,0.2736677387286656,1.0,0.10279928523384467,0.0,0.0,1.0,0.0,1.0,0.0,1.0,0.8859896851289348,0.8591458758815684,1.0,0.0,1.0,1.0,0.18580670953632453,1.0,0.0,0.0,0.0,0.0,0.0,1.0,0.21131500983151869,1.0,0.48571970973629935,0.3308316071032679,0.18578591219572285,1.0,0.0,0.0,0.11469808197892235,1.0,0.0,1.0,0.0,0.0,1.0,0.0,1.0,1.0,1.0,0.0,0.013941946979141657,1.0,1.0,0.2313564723616141,0.0,0.5590923314663561,0.13872537867633872,0.0
gex_possorted_bam_SJSO3:GTAAGGTCAATATAGGx-M1,0.0,0.0,0.5216868624357741,0.0,0.0,0.0,0.7113807153676084,0.0,1.0,0.0,1.0,0.5016027811391189,0.1104553191581208,0.8935966200541291,0.0,1.0,1.0,0.033491184374136077,0.44689257295344964,0.0,0.0,0.0,0.0,0.0,0.9629107219557539,0.011904717808398772,1.0,0.0,0.0,0.0,0.0955554321397526,0.0,0.0,0.0,1.0,0.0,1.0,0.0,0.0,1.0,0.0,1.0,0.949226926585553,1.0,0.0,0.0,1.0,1.0,0.0,0.0,0.08492601375313662,0.0,0.0
gex_possorted_bam_SJSO3:GTAGGAGGTCTCACTGx-M1,0.0,0.898847003560289,1.0,0.4211801633057634,0.0,0.5839175158365268,1.0,0.03154576459057761,1.0,0.2618346340242991,1.0,1.0,1.0,1.0,0.0012045098111270825,1.0,1.0,1.0,1.0,0.0,0.0,0.0,0.0,0.0,1.0,0.5935209044960527,1.0,1.0,1.0,0.6126135695539441,1.0,0.0,0.0,0.2350110352933142,1.0,0.0,1.0,0.0,0.0,1.0,0.0,1.0,1.0,1.0,0.0,0.2848473823104666,1.0,1.0,0.6200801238323873,0.22128089437905238,1.0,0.4981070708100428,0.0
gex_possorted_bam_SJSO3:GTACTAATCACTCGCTx-M1,0.08118407201676377,0.0,0.0,0.0,0.2800095298780739,0.2931053018116587,0.0,0.009152344267545725,0.0,0.0,0.9865215251791992,0.0,0.0,0.0,0.0021702950391366454,0.0,1.0,1.0,0.0,1.0,0.5509904338629364,0.7382342568362867,0.2119746979466883,0.7038323839306698,0.0,0.0,0.3870554203083578,0.0,0.0,0.0,0.0,0.11746643878380432,0.186461555958098,0.0,0.21744293415466592,0.012601047051325509,0.0,0.0,0.014082646244264516,0.0,0.022333829226321367,0.0,0.0,0.0,0.12337645262324506,0.0,0.0,0.2849535374031008,0.0,0.0,0.0,0.0,1.0
gex_possorted_bam_SJSO3:GTAGGCGAGAACCTACx-M1,0.0,0.1267367032908904,1.0,0.0,0.0,0.0,1.0,0.0,1.0,0.0,1.0,0.7179465937459343,0.47857834639628904,1.0,0.0,1.0,1.0,0.014216022566321554,0.7505852031565531,0.0,0.0,0.0,0.0,0.0,1.0,0.1087217225111962,1.0,0.18749949150396092,0.09210496136066221,0.0,0.6806251428951487,0.0,0.0,0.0026674654961126765,1.0,0.0,1.0,0.0,0.0,1.0,0.0,1.0,1.0,1.0,0.0,0.0,1.0,1.0,0.06151223664485001,0.0,0.3850473555851338,0.041527061987801595,0.0
gex_possorted_bam_SJSO3:GTACTAATCAGGAAGCx-M1,0.07259397846142099,0.0,0.38249908726486176,0.0,0.7370802063236421,0.471323780097455,0.0,0.0,0.0,0.0,1.0,0.0,0.0,0.0,0.0432308379851182,0.0,1.0,1.0,0.0,1.0,0.8492825259898604,0.8345727561450531,0.24103615619918947,0.7228757039681983,0.0,0.05948917224029461,0.5176930982891756,0.0,0.0,0.06888946181009048,0.0,0.384882448600985,0.2743129396553587,0.0,0.20166145451924042,0.0,0.0,0.03721726383880775,0.0,0.0,0.2927131368584379,0.0,0.0,0.0,0.23685509363077922,0.0,0.0,0.2809679753121533,0.0,0.20864521708789055,0.0,0.0,1.0
gex_possorted_bam_SJSO3:GTAAGCTTCTCAATAGx-M1,0.0,0.0,0.05070809419493533,0.0,0.021149471130662522,0.0,0.0,0.024758938417378206,0.0,0.0,0.23511767626502522,0.0,0.0,0.0,0.05621766204392454,0.0,0.4505926048572439,0.0,0.0,1.0,0.4142383634070421,0.5230881167128262,0.059986673505191455,0.5916732850806586,0.0,0.0,0.3640666371300252,0.0,0.0,0.0,0.18635135487641183,0.0,0.10677992679410865,0.0,0.3592677050863691,0.0,0.04940669496843523,0.0,0.019561559551700896,0.24811670895307425,0.0,0.0,0.0,0.0,0.005079351549730375,0.0,0.0,0.02314953987946606,0.0,0.0,0.0,0.0,0.7684154666746167
gex_possorted_bam_SJSO3:GTAGGCGAGCTAAGTCx-M1,0.1869069607746369,0.0,0.0,0.14140980491945238,0.08547028493497959,0.1320351285659982,0.0,0.18738551526431757,0.0,0.18357211157154782,0.37484645664992083,0.012823047836099229,0.0,0.0,0.20279507292109966,0.013332008082715651,0.5078390393490655,0.2613021327454322,0.0,0.7142625830146193,0.5117560056352102,0.5745546125162458,0.2660190300386727,0.6361867725163377,0.0,0.0,0.3099620119331858,0.0,0.013748347649627235,0.21122604294135766,0.0,0.0,0.210467954133351,0.1314151856464812,0.36318101330850816,0.22198371411892195,0.014239389261353383,0.11675407141675459,0.1881473168015533,0.32039703111414636,0.09955572870896612,0.6055949249349725,0.0,0.0,0.09466861848148697,0.11762231485691796,0.0,0.2523983256742796,0.09901934723265872,0.10309700179603537,0.0,0.11011539228393728,0.5503219279714266
gex_possorted_bam_SJSO3:GTACCTTGTGCATCGGx-M1,0.028241590850787677,0.0,0.968013165530484,0.1618673222843043,0.3731821110006331,0.5328903301771406,0.25206490679381877,0.2914705341126901,0.5020875016043248,0.013686560267959886,1.0,0.0,0.0,0.6040152201729128,0.0923090010111631,0.14696022520695898,1.0,1.0,0.41526894218923,1.0,0.6285277199711973,0.6203935926576141,0.10198901488246555,0.5767323065196206,0.0,0.01500677401775164,0.4847110419107186,0.20689568756408222,0.0,0.0,0.0,0.4570535811703934,0.2513922943526769,0.0,0.4040682864393,0.08596327297820593,0.03961949186576516,0.06597678479210949,0.19442868078399836,0.1198467384799677,0.7780296443815521,0.011907705790100738,0.006560885884541552,0.3759023685144149,0.265112911540766,0.0,0.477886817888135,0.31028889401757376,0.0,0.06334698973876081,0.0,0.0,1.0
gex_possorted_bam_SJSO3:GTACCGGGTTTAGCGAx-M1,0.0,0.45471926932723994,0.5155763034374969,0.0,0.0,0.0,0.6169293507809596,0.1368218208764505,0.0,0.3506869379049506,0.0,0.49707102209312054,0.0,0.0,0.35111847915379996,0.16241854991333934,0.26845583607429996,0.0,0.0,1.0,0.274051779388827,0.3054556386564945,0.06966509557515037,0.47448240140033393,0.0,0.0,0.3516430648082883,0.02676197679413939,0.029121218255877795,0.0,1.0,0.0,0.0998996244314224,0.17605881115544544,0.5942268187757574,0.15443090357819156,0.34583791509004863,0.0,0.18664783122385606,0.781089857611625,0.07553393669039865,0.4900051706999102,0.0,0.0,0.0,0.057746258947660965,0.0,0.0,0.10437573822850789,0.07118987927753145,0.0,0.0,0.6197479567830632
gex_possorted_bam_SJSO3:GTACGTAGTGATGATTx-M1,0.0,0.0,0.37947371131173696,0.0,0.0,0.0,0.6708498697501656,0.0,0.9973156929309279,0.0,0.8484557396503187,0.5243812417011342,0.13796530015068553,0.8256774809895493,0.0,1.0,0.7783126684588367,0.0,0.2910053620318081,0.0,0.0,0.0,0.0,0.0,0.9655806622757486,0.02769173386104935,1.0,0.0,0.05732421654405978,0.0,0.04696603364642367,0.0,0.0,0.0,1.0,0.0,1.0,0.0,0.0,1.0,0.0,1.0,0.908584761160315,1.0,0.0,0.0,1.0,1.0,0.0,0.0,0.22374370094910725,0.0,0.0
gex_possorted_bam_SJSO3:GTACACCCAGGCGAGTx-M1,0.2633309884608121,0.16244500972469697,0.2367049372474216,0.1960418105547451,0.4981421582606108,1.0,0.0,0.2210890715918522,0.0,0.3220791166859738,1.0,0.0,0.0,0.0,0.33850019263071923,0.04582985894592715,0.8775238316598781,1.0,0.0,1.0,0.9622214366525034,0.9574888731644952,0.3961459132511721,0.9585088438773464,0.0,0.08459972662602228,0.24631830868073185,0.13118784517856125,0.0,0.311204974507519,1.0,0.28457454296580637,0.3882637743971092,0.1221203775500625,0.1673073950785291,0.3114911812438288,0.0,0.1558081475040323,0.2694946795719382,0.3035687014065648,0.0,0.0,0.0,0.43542262099792634,0.3746095322528197,0.30164146220451515,0.0023911527746157436,0.06158030166465974,0.23888436386181863,0.37537336149074485,0.12118973401221736,0.2411617193388736,1.0
gex_possorted_bam_SJSO3:GTACTAGGTGACATATx-M1,0.07043759995229668,0.0,0.0,0.0,0.2769366390152912,0.21664935364966098,0.0,0.0,0.0,0.0,0.889158665606281,0.0,0.0,0.0,0.00015626678109919548,0.0,0.8112727723115832,1.0,0.0,1.0,0.6128332767194699,0.7400719174441562,0.16630006923703053,0.6800723104179746,0.0,0.0,0.36203675927841844,0.0,0.0,0.0389294848576689,0.0,0.07683851171510958,0.13795043507816065,0.0,0.195242789504456,0.018442426490834052,0.0,0.053098328851947034,0.01005299022711052,0.0,0.0,0.0,0.0,0.0,0.10900050575108103,0.0,0.0,0.2323077266891955,0.0,0.0,0.0,0.012560688256352264,0.9772083830246778
gex_possorted_bam_SJSO3:GTAGCTGTCGGTTCCTx-M1,0.0,0.0,0.0,0.0,0.0,0.0,0.5075614178017878,0.00408344930257484,1.0,0.0,1.0,0.13342298614203613,0.12521209641449402,1.0,0.0,1.0,1.0,0.8392508856880845,0.9652779514881601,0.0,0.0,0.0,0.0,0.0,1.0,0.016882190707483664,1.0,0.0,0.21373683918837044,0.0,0.0,0.0,0.0,0.0,1.0,0.0,1.0,0.0,0.0,1.0,0.0,1.0,0.6444534155050525,0.0,0.0,0.0,0.9023319248319225,1.0,0.0,0.0,0.49289041137281614,0.0,0.0
gex_possorted_bam_SJSO3:GTACACCCAGGACCAAx-M1,0.0,0.0,0.0,0.0,0.0,0.0,0.39661855554997333,0.0,1.0,0.0,0.9833624231860474,0.27198480529693286,0.13404790621290133,1.0,0.0,1.0,0.8821612839474721,0.181480959380743,0.5854190512426444,0.0,0.0,0.0,0.0,0.0,1.0,0.0,1.0,0.0,0.1509377311965335,0.0,0.0,0.0,0.0,0.0,1.0,0.0,1.0,0.0,0.0,1.0,0.0,1.0,0.6908241873588702,0.11716040631196288,0.0,0.0,0.9250370633737319,1.0,0.0,0.0,0.2884182183349114,0.0,0.0
gex_possorted_bam_SJSO3:GTACGTAGTCAGGAAGx-M1,0.14499467951451994,0.1781960564760178,1.0,0.1674207021387345,0.722644457873262,0.9675513345837569,0.08879596219725376,0.13047288145929917,0.0,0.7504465988106073,0.8113422547691859,0.0,0.06666087717802595,0.0,0.4198286333413547,0.06209640175362567,0.8265718961469833,0.5847460816903399,0.0,1.0,0.7331981549962633,0.9611584487883386,0.2913096489354236,0.8053628786062479,0.0,0.06245272324802381,0.23596887424577054,0.19354640030510967,0.0,0.33950941433578663,1.0,0.19504869067497524,0.31178529571840424,0.16847652254334158,0.2545672035376725,0.3677971073758724,0.0051223079335499765,0.05463566966477328,0.26224725179808944,0.7277298867059572,0.0,0.0,0.222420962851743,0.9870846471409342,0.4681493804328001,0.2873711642290964,0.0,0.0,0.3290136275051781,0.6032411483297574,0.1931935023669342,0.22578658641687516,1.0
gex_possorted_bam_SJSO3:GTAAGCGCACAATGCCx-M1,0.0,0.7671103074473795,1.0,0.03864017199758794,0.0,0.010523896609498052,1.0,0.0,1.0,0.2704027175362473,1.0,1.0,0.4560970715279671,1.0,0.023873179046993615,1.0,1.0,0.5334969606421407,0.8264214440808982,0.0,0.0,0.0,0.0,0.0,1.0,0.12981525229627358,1.0,0.4892705998874724,0.24659748141987142,0.13095771449091512,1.0,0.0,0.0,0.060802118305628115,1.0,0.0,1.0,0.0,0.0,1.0,0.061766442718499646,1.0,1.0,1.0,0.0,0.0,1.0,1.0,0.25705758267372664,0.0,0.19897921232230908,0.08723724794407672,0.0
gex_possorted_bam_SJSO3:GTACTAATCACGCATGx-M1,0.0,0.0,0.48423847847467977,0.0,0.0,0.0,0.8522277275354492,0.0,0.9926176815733715,0.0,1.0,0.5350377372497256,0.12715968677544645,1.0,0.0,1.0,1.0,0.1428008005597281,0.5151869549326905,0.0,0.0,0.0,0.0,0.0,0.9729472915044707,0.013877310424280618,1.0,0.0209569193788616,0.10186291447359554,0.0,0.11482091616358829,0.0,0.0,0.0,1.0,0.0,1.0,0.0,0.0,1.0,0.0,1.0,0.8873505243560927,1.0,0.0,0.0,0.9195674581425322,1.0,0.0,0.0,0.1702850827177896,0.0,0.0
gex_possorted_bam_SJSO3:GTAAGCTTCTAACCTTx-M1,0.0,0.06067196148762845,0.22156635675320033,0.0,0.0,0.0,0.9938360924557117,0.0,0.64535792871099,0.0,1.0,0.9754604336213012,0.0,1.0,0.0,1.0,1.0,0.3203258108201917,0.5730726185888371,0.0,0.0,0.0,0.0,0.0,0.6623681075725608,0.0,1.0,0.0,0.0,0.0,0.0,0.0,0.0,0.0,1.0,0.0,1.0,0.0,0.0,1.0,0.09116362119471161,1.0,0.43767669076640553,0.37570749614547244,0.0,0.0,0.3650003862619391,1.0,0.0,0.0,0.030246054733740983,0.0,0.0
gex_possorted_bam_SJSO3:GTACTGGTCCTAGTCCx-M1,0.0,1.0,1.0,0.21719922817629156,0.0,0.4729971318470621,1.0,0.1744235782478664,1.0,0.5653035363770469,1.0,1.0,0.4049533266923065,1.0,0.2657052501057987,1.0,1.0,1.0,1.0,0.0,0.0,0.0,0.0,0.0,1.0,0.1579960938385745,1.0,0.5824842181174535,0.14022968580229783,0.2032344711620657,1.0,0.0,0.0,0.29539212222045846,1.0,0.049741693720851535,1.0,0.0,0.11667735230639746,1.0,0.5006076746713077,1.0,0.794556726203625,1.0,0.0,0.0,0.8582310820906219,1.0,0.35689101693860653,0.0,0.2327506387824978,0.13030824727132292,0.0
gex_possorted_bam_SJSO3:GTACTTCGTAATCGGCx-M1,0.008010712680650477,0.0,0.7452698003561369,0.0,0.7934741152888583,0.5579686898981485,0.0,0.0,0.0,0.16463194337348122,1.0,0.0,0.0,0.0,0.14943454289619398,0.0,1.0,1.0,0.0,1.0,0.6244749239389742,0.8620117158407542,0.2016587317144199,0.5927978010172656,0.0,0.00012164498172445107,0.4595322556464273,0.0,0.0,0.09145941555733471,0.0,0.34283503017454703,0.19212257576359743,0.0,0.1673206921005117,0.0,0.0,0.021488748699470178,0.024267504663711116,0.0,0.17046075112081438,0.0,0.0,0.0,0.2722941280751106,0.0,0.0,0.17461901612353056,0.0,0.20290930881416003,0.0,0.0,1.0
gex_possorted_bam_SJSO3:GTAAGCAAGTGAACAGx-M1,0.0,0.0,0.0055147878066959255,0.0,0.053384187650486484,0.0,0.0,0.0,0.0,0.0,0.26410702009489534,0.0,0.0,0.0,0.045678236759157075,0.0,0.3251659971216161,0.0,0.0,1.0,0.4349385490974628,0.5411181188804264,0.0629347659645209,0.5964820697829465,0.0,0.0,0.3503015561880556,0.0,0.0,0.0,0.29943258728453115,0.0,0.060618846980193965,0.0,0.27285174507086357,0.005854432719482194,0.008413567900252059,0.0,0.0,0.3003608783559151,0.0,0.0,0.0,0.0,0.0,0.0,0.0,0.0,0.0,0.0,0.0,0.0,0.7027381031963746
gex_possorted_bam_SJSO3:GTAGGATCAAGTTATCx-M1,0.0,0.4710920025693609,1.0,0.3064144483645256,0.0,0.0,1.0,0.2585247765250404,1.0,0.14659077576637175,0.7805294385337834,1.0,1.0,1.0,0.0,1.0,0.93190176111767,0.0,1.0,0.0,0.0,0.0,0.0,0.0,1.0,0.48558499294783103,1.0,0.8313314129992542,0.6730061932982652,0.09258754416400829,0.6467920417729355,0.017292511121056158,0.0,0.3022391131280202,1.0,0.0,1.0,0.0,0.0,1.0,0.038594265425146705,1.0,1.0,1.0,0.0,0.10625903904232117,1.0,1.0,0.38232851380725613,0.08009741263900462,1.0,0.2783669305280041,0.0
gex_possorted_bam_SJSO3:GTAAGCTTCTGCAACGx-M1,0.0,0.0,0.2103839967037332,0.0,0.0,0.0,0.0,0.021704459108248884,0.0,0.07034369379456691,0.05929651595835058,0.0,0.0,0.0,0.02394034019177722,0.0,0.4206218122505586,0.0,0.0,1.0,0.3774504581716396,0.38110482530877776,0.038049258594570104,0.5611283909495463,0.0,0.0,0.48325238260933245,0.0,0.0,0.0,0.1320427213778017,0.0,0.034994226464303384,0.0009675883107404759,0.43469743738722905,0.024075032198526997,0.13374914809062732,0.0,0.04230363122762664,0.5238009184671357,0.0,0.1008528421960515,0.0,0.0,0.0,0.0,0.0,0.033273542375187724,0.0,0.0,0.0,0.0,0.5787801582374205
gex_possorted_bam_SJSO3:GTAATAGCAGTTATGTx-M1,0.0012530284379945874,0.0,0.9742678011169046,0.021742672153873207,0.8708236986925851,0.9867959829230973,1.0,0.40515471883062953,0.3156052032233153,0.037343841466880655,1.0,0.0,0.03089441584000701,0.0,0.0,0.0,1.0,1.0,0.19027765321567172,1.0,0.7667586546157723,0.8512724485891349,0.15621467720453136,0.34594769703632705,0.12399831320995827,0.027769297560808256,0.8712519385147678,0.0,0.05403723857836739,0.0,0.18975236768195108,0.6279742320855805,0.15565185978292728,0.0,0.4610090310378803,0.005888290070195648,0.0,0.002235885734294437,0.11285660879615833,0.31327761531724596,0.8321331678830619,0.0,0.0,1.0,0.013178618952250693,0.09756453235947168,0.6143028522763172,0.31948347902987756,0.02781818537035005,0.07981431594425932,0.0,0.0,1.0
gex_possorted_bam_SJSO3:GTACTTCGTGGTTAGCx-M1,0.0037978270213455114,0.8170023039851406,1.0,0.028364721074280282,0.24942424939091776,0.5314854662611013,0.931674723399774,0.21414576665907376,0.004070469061716629,0.78864252849467,0.016876801492325583,0.21246425681700992,0.0,0.0,0.6102176549314057,0.26039545618914334,0.568374383539461,0.0,0.0,1.0,0.6249746690904275,0.625696061178164,0.1389420985005502,0.7463476290895459,0.0,0.0,0.042786007357694174,0.19723504301379277,0.12791088879479753,0.09361117154482945,1.0,0.0,0.23060474624045713,0.23442173286781376,0.35814091615654425,0.3750013970223713,0.2823075927987101,0.038544041916970875,0.36662521861652525,1.0,0.005079364934762691,0.18145711935785647,0.0,1.0,0.1934680192456838,0.21877655739315338,0.0,0.0,0.2970211701665292,0.4383183632172925,0.0,0.05966157702961861,1.0
gex_possorted_bam_SJSO3:GTAGGATCAAGGTACGx-M1,0.0,0.0,0.0,0.0,0.06403784020419838,0.0,0.0,0.0,0.0,0.0,0.7383328619109705,0.0,0.0,0.0,0.0,0.0,0.7730729289024598,0.7121533230657658,0.0,0.49840644596194555,0.21797557052955602,0.3722327652633508,0.050345717682852446,0.38477507622722035,0.0,0.0,0.6664872354446777,0.0,0.0,0.0,0.0,0.08230861417737963,0.0015750388240682335,0.0,0.5120683700215997,0.0,0.14763947580468822,0.0,0.0,0.5132727609785738,0.0,0.09306207887522613,0.0,0.0,0.0,0.0,0.0,0.7802561516121631,0.0,0.0,0.0,0.0,0.6908973809456964
gex_possorted_bam_SJSO3:GTACCGGGTGAGAAACx-M1,0.010419790722030376,0.1526359898069319,0.2561303696554504,0.0,0.042997853833321546,0.0,0.07064107349757213,0.08195869446700528,0.0,0.15362124304928879,0.14013841507631722,0.0045261321988672,0.0,0.0,0.2742617146149223,0.0,0.4600375032722404,0.0,0.0,1.0,0.454025302219844,0.4826240837897725,0.1153156927881673,0.5784477914058557,0.0,0.0,0.35216311226680624,0.0,0.0,0.0,0.5915288590500494,0.0,0.15515110095919968,0.06931580362216204,0.47806949792277365,0.1053020907359189,0.14059755428707757,0.0,0.1272616331779063,0.4709980092420979,0.04499331318445074,0.26228724950745197,0.0,0.0,0.02485477531659077,0.028195439350823703,0.0,0.010211133743778697,0.020565145143252955,0.0007976178610837275,0.0,0.0,0.7645500203947514
gex_possorted_bam_SJSO3:GTAAGCTTCTTAGCCCx-M1,0.060048285080196835,0.0,0.19990056825922212,0.0,0.3446037469926693,0.38854350017170614,0.0,0.03710451204544896,0.0,0.0,0.8981611724220266,0.0,0.0,0.0,0.0730314669688697,0.0,1.0,1.0,0.0,1.0,0.7196938627910424,0.787970757079969,0.1607258148247991,0.7367700179268308,0.0,0.0,0.38727102490814475,0.0,0.0,0.019602401739165463,0.13577336111988592,0.10462022985903273,0.2141325321244969,0.0,0.23710388233899463,0.034514980987519844,0.0,0.017888868838427947,0.07264739514172332,0.07803358656484659,0.0,0.0,0.0,0.0,0.18733364023623084,0.0,0.0,0.19254754711968838,0.0,0.034430823301123216,0.0,0.0,1.0
gex_possorted_bam_SJSO3:GTACAATGTAAGCACCx-M1,0.0,0.0,0.262199147554634,0.0,0.0,0.0,0.6167969711414173,0.0,0.8353366099148763,0.0,1.0,0.5234611183589275,0.0,1.0,0.0,1.0,1.0,0.49317520281922234,0.6705117044294103,0.0,0.0,0.0,0.0,0.0,0.94858704077379,0.0,1.0,0.023836927921881867,0.0,0.0,0.0,0.0,0.0,0.0,1.0,0.0,1.0,0.0,0.0,1.0,0.0,1.0,1.0,1.0,0.0,0.0,0.9379294578579551,1.0,0.0,0.0,0.14280667967113,0.0,0.0
gex_possorted_bam_SJSO3:GTAAGCGCAACACTTGx-M1,0.0,0.4433363015943176,1.0,0.14153219079306778,0.0,0.3774896126731657,1.0,0.0,1.0,0.046817892285837846,1.0,0.7534491506519743,0.9789660775305365,1.0,0.0,1.0,1.0,1.0,1.0,0.0,0.0,0.0,0.0,0.0,1.0,0.2761892450331285,1.0,0.48487201531507496,0.34194907175346845,0.24072295911491695,1.0,0.027201563118426336,0.0,0.04951494720043461,1.0,0.0,1.0,0.0,0.0,1.0,0.0,1.0,1.0,1.0,0.0,0.03963457442253889,1.0,1.0,0.27189519757052155,0.03201336932907169,0.5307710671643465,0.1928974074064529,0.0
gex_possorted_bam_SJSO3:GTAATAGCAAAGGCCAx-M1,0.0,0.0,0.29171034530296036,0.0,0.0,0.0,0.7455451567188094,0.0,1.0,0.0,1.0,0.2371548792063357,0.10073649926318035,1.0,0.0,1.0,1.0,0.32138286501066243,0.6146451871094233,0.0,0.0,0.0,0.0,0.0,1.0,0.015275581513872713,1.0,0.0,0.0,0.0,0.09918623295394097,0.0,0.0,0.0,1.0,0.0,1.0,0.0,0.0,1.0,0.0,1.0,1.0,1.0,0.0,0.0,1.0,1.0,0.0,0.0,0.1881735317161045,0.0,0.0
gex_possorted_bam_SJSO3:GTAGGAGGTACAAAGAx-M1,0.08062907295443586,0.0,0.0,0.0,0.4255059587035568,0.3471611189461345,0.0,0.0,0.0,0.0,1.0,0.0,0.0,0.0,0.0,0.0,1.0,1.0,0.0,0.8014304726751773,0.5501701383088086,0.744412064122119,0.2004636797171845,0.5918189141418134,0.0,0.0,0.4107795628114774,0.0,0.0,0.0,0.0,0.11926745926797383,0.12283492591426072,0.0,0.2178423349858645,0.0,0.0,0.07210421581123094,0.0,0.0,0.0,0.0,0.0,0.0,0.04474811880087661,0.0,0.0,0.27280399923422716,0.0,0.0,0.0,0.002410668540230493,0.8541886027222245
gex_possorted_bam_SJSO3:GTCAGGCTCAGTTCCCx-M1,0.0,0.33886825164097817,0.9174985334859485,0.0,0.17937931414977393,0.2559916621827393,0.4325664797304049,0.09747261382145117,0.0,0.4083443573558821,0.3369543265170635,0.0,0.0,0.0,0.29122862362091223,0.15771815007954773,0.7850148849277037,0.04750391960363559,0.0,1.0,0.5443632732256365,0.5116242158433462,0.09133026795954134,0.5931515599292398,0.0,0.0,0.3952966324930117,0.08531320710101245,0.0,0.006224039689734975,1.0,0.0,0.15899316277132258,0.059582611242083375,0.4988380559542822,0.1244215875876115,0.24317456467197462,0.0,0.1634814906074224,0.7108067678742659,0.016329287040292975,0.2260327732256887,0.0,0.5170596062868912,0.13197676648379678,0.03709162837788699,0.0,0.19897231154436912,0.09622480280004052,0.19746932340388465,0.0,0.0,0.9513432171288233
gex_possorted_bam_SJSO3:GTAGGTGCAAACAACAx-M1,0.0,0.0,1.0,0.0,0.45960966843676515,0.4172171523418356,0.4412360875815927,0.282260924002956,0.1758279776052061,0.0,1.0,0.0,0.0,0.13103614726469903,0.0,0.0,1.0,1.0,0.0,1.0,0.6199628734981277,0.6493740773789015,0.043243700924179306,0.4248197037721435,0.0,0.0,0.6951424836043438,0.11888554314591025,0.0,0.0,0.0,0.6653657096099901,0.20222288952054548,0.0,0.3525618217230976,0.0063648215653691245,0.0,0.0,0.09751485159961082,0.16584241059574395,0.6669554614823818,0.0,0.0,0.2813745992651192,0.10644518032322592,0.0,0.2763395021775093,0.46903868031003826,0.0,0.09671970059294752,0.0,0.0,1.0
gex_possorted_bam_SJSO3:GTCAAACTCACCGGTAx-M1,0.0,0.0,0.4241560454675322,0.0,0.0,0.0,0.8451466753587678,0.0,0.9089067656312296,0.0,1.0,0.6502266797768342,0.15990116188973957,1.0,0.0,1.0,1.0,0.14704964481137192,0.5531879851147729,0.0,0.0,0.0,0.0,0.0,1.0,0.028860933359545267,1.0,0.01880566167599752,0.011190390172986456,0.0,0.0,0.0,0.0,0.0,1.0,0.0,1.0,0.0,0.0,1.0,0.0,1.0,0.9657525334432365,1.0,0.0,0.0,1.0,1.0,0.0,0.0,0.2742853096101281,0.0,0.0
gex_possorted_bam_SJSO3:GTCATCACAGTAGCCTx-M1,0.0,0.0,0.31061692415876424,0.0,0.0,0.0,0.632099179602821,0.0,0.8093944834634568,0.0,1.0,0.4732217700886181,0.16169808297158425,1.0,0.0,1.0,1.0,0.91995340851381,0.8428632688164693,0.0,0.0,0.0,0.0,0.0,1.0,0.018540318878946204,1.0,0.0,0.0,0.0,0.0,0.0,0.0,0.0,1.0,0.0,1.0,0.0,0.0,1.0,0.0,1.0,0.9527910556261915,1.0,0.0,0.0,1.0,1.0,0.0,0.0,0.13060079217830808,0.0,0.0
gex_possorted_bam_SJSO3:GTAGTTTCATTAAACCx-M1,0.0,0.510615489640408,1.0,0.12482219031830423,0.3131103287820682,0.41151829335333284,1.0,0.2985611340346182,1.0,0.045722394575473196,1.0,0.009441743562592895,1.0,1.0,0.0,1.0,1.0,1.0,1.0,0.0,0.0,0.0,0.0,0.0,1.0,0.26292294103082137,1.0,0.2378065028353537,0.30871424716918006,0.0,0.6717775941592775,0.5404022523938803,0.0,0.0,1.0,0.0,1.0,0.0,0.0,1.0,0.6523587984054009,1.0,1.0,1.0,0.0,0.06881065774486111,1.0,1.0,0.27525619510233357,0.20671379295089312,0.44497169065365144,0.015589053068511499,0.7274152492992763
gex_possorted_bam_SJSO3:GTCAATATCTCAATGAx-M1,0.0,0.0,0.531199989268472,0.0,0.13449490972008024,0.1941486894341899,0.0,0.012892577410852422,0.0,0.10745892609942467,0.532191011783751,0.0,0.0,0.0,0.16691794879697672,0.0,0.7097096913477747,0.4400054312713355,0.0,1.0,0.5938032727973441,0.7073961531352824,0.12777304846824442,0.6989597416835102,0.0,0.0,0.30123276206383115,0.0,0.0,0.0,0.6550320594300536,0.0,0.17720474498045774,0.0,0.25352893070860544,0.04372279531449662,0.013978475047749633,0.0,0.06589048351070576,0.25587994708889134,0.0,0.0,0.0,0.0,0.07348985801242326,0.009991693939823725,0.0,0.0,0.0,0.021637015741578818,0.0,0.0,1.0
gex_possorted_bam_SJSO3:GTCATCCTCCAACTGGx-M1,0.3166373485409731,0.867584141155695,1.0,0.33372815255333627,0.4523100797951394,0.42900568654729365,1.0,0.5380796119228074,0.32375648871696433,0.9351492675919263,0.0,0.6422861120392095,0.1823056968672888,0.0,0.7727063774400384,0.3849909425785128,0.11729287757469556,0.0,0.0,1.0,0.663747458786896,0.6407811558997328,0.4157633267894805,0.7559893919608728,0.020535086995518665,0.2010506157551578,0.021304330877978443,0.470279420975225,0.5505043238949154,0.3721957482876431,1.0,0.08631762956658966,0.4741446571787394,0.5464232441345599,0.30664578331933023,0.6122424043967517,0.4892043563588243,0.32668087113930316,0.6171931765167484,0.8590221309997939,0.6846710737166357,0.4767366515917946,0.0,0.9462217193347104,0.49292561841179994,0.453631219036534,0.0,0.0,0.48933984858742086,0.623532992167385,0.34348048856192925,0.31680154767569624,1.0
gex_possorted_bam_SJSO3:GTCAGGCTCATAAGCCx-M1,0.0,0.0,0.025319938160053068,0.0,0.060421973251840885,0.0,0.0,0.042412176230100136,0.0,0.0,0.5015424897624419,0.0,0.0,0.0,0.0,0.0,0.8192980418267547,0.45389065283949964,0.0,1.0,0.5741299806570234,0.5591572470351537,0.1006890024627592,0.6334956725758364,0.0,0.0,0.41100127663250974,0.0,0.0,0.0,0.0,0.039383188582748876,0.15452092122273822,0.0,0.30362684242092824,0.0,0.0,0.004616431061085441,0.06017593257097751,0.0510839636827337,0.03806181661730555,0.029702180836853758,0.0,0.0,0.04385093048332075,0.0,0.0,0.28241298608111987,0.0,0.0,0.0,0.0,0.7687540430182477
gex_possorted_bam_SJSO3:GTATTGATCATCACTTx-M1,0.0,0.0,0.2145082509279127,0.0,0.0,0.0,0.676669115560519,0.0,0.676073149223411,0.0,0.6109416832350344,0.658576972450324,0.0,0.9602216914332928,0.0,1.0,0.8799146133288207,0.0,0.19771713132481103,0.0,0.0,0.0,0.0,0.0,0.5923558096304631,0.0,1.0,0.0,0.06920890325068448,0.0,0.0,0.0,0.0,0.0,1.0,0.0,1.0,0.0,0.0,0.972394447763797,0.11006494999399664,1.0,0.3720269850906918,0.14535843809793716,0.0,0.0,0.3740351579523212,1.0,0.0,0.0,0.058467836961146206,0.0,0.0
gex_possorted_bam_SJSO3:GTAGGTGCAAGGTAACx-M1,0.0,0.0,0.1611244749385193,0.0,0.39839797990327425,0.08542030274744233,0.0,0.0,0.0,0.0,0.7877835881510828,0.0,0.0,0.0,0.0,0.0,0.8625248822445291,0.8571704750899087,0.0,1.0,0.40527193862212746,0.5842377060576615,0.1257165016471474,0.49229995914473906,0.0,0.0,0.5726120508591713,0.0,0.0,0.0,0.0,0.17748005013192378,0.10841410888670051,0.0,0.33571415175099084,0.0,0.0,0.004798453064888962,0.0,0.07135554417816645,0.09876896054183856,0.0,0.0,0.0,0.02940449920714497,0.0,0.0,0.40084321728072936,0.0,0.07315516433093514,0.0,0.0,0.9788392620163585
gex_possorted_bam_SJSO3:GTCATCCTCATAACTGx-M1,0.0,0.7966608703860268,1.0,0.264520683255606,0.11580873432415072,0.31662019568896127,1.0,0.3238824390591903,1.0,0.460388179849232,1.0,0.7702528113644919,1.0,1.0,0.0,1.0,1.0,0.9344526309107275,1.0,0.0,0.0,0.0,0.0,0.0,1.0,0.437781729410805,1.0,0.7498176613120784,0.7195711392239291,0.06025524735874954,1.0,0.21905508319884115,0.0,0.22554590806021224,1.0,0.0,1.0,0.0,0.0,1.0,0.5928747684143696,1.0,1.0,1.0,0.0,0.19007103097545622,1.0,1.0,0.5028418908309534,0.376775317496682,0.5855243417758103,0.23001901197095442,0.5176230953023059
gex_possorted_bam_SJSO3:GTATGTTCAAGGACCAx-M1,0.0,0.2803418252968119,0.18521999348681692,0.0,0.0,0.0,0.3224870450324848,0.08082421575000771,0.0,0.11676393160242103,0.19731965838115417,0.31150937699402576,0.0,0.012948900680344329,0.2542794058201742,0.10956939142158272,0.8595818867329329,0.18830720276929006,0.0,1.0,0.318494557989872,0.3094313031285812,0.024790830139328132,0.5449406504063783,0.0,0.0,0.2315829306744555,0.0,0.0,0.0,0.22077995121319152,0.0,0.07258457378017691,0.06030990650172767,0.3827918926795004,0.023046178672016488,0.0,0.0,0.17182480002470432,0.4177004031040942,0.14096673632140055,0.658763007423021,0.0,0.0,0.0,0.0,0.0,0.12591006222254195,0.0,0.0,0.0,0.0,0.051107783570490825
gex_possorted_bam_SJSO3:GTATTGTCAAATGCCCx-M1,0.0,0.0,0.015557610058445146,0.0,0.0,0.0,0.0,0.02979668478223581,0.0,0.0,0.0,0.2022021530100655,0.0,0.0,0.11397754103627028,0.0,0.32143541168147727,0.0,0.0,1.0,0.22132940947348606,0.29163749446781595,0.024367761362752483,0.5037708441559327,0.0,0.0,0.41304641480968585,0.0,0.0,0.0,0.30202394709638497,0.0,0.03889536312543569,0.11695894954300234,0.509610430658886,0.025661813647879825,0.17727375861784062,0.0,0.05909161565489001,0.4697094256921103,0.006043802952789258,0.23789987757109898,0.0,0.0,0.0,0.0,0.0,0.15229361943515568,0.0,0.0,0.0,0.0,0.43867577661691853
gex_possorted_bam_SJSO3:GTATTCAAGCTTCTCAx-M1,0.0,0.37747820180829167,1.0,0.10249507137457363,0.0,0.0,1.0,0.0,1.0,0.07970699169167626,1.0,0.8406052338117879,0.948994462353603,1.0,0.0,1.0,1.0,0.4854765517200435,1.0,0.0,0.0,0.0,0.0,0.0,1.0,0.23720031600903027,1.0,0.5900374273496326,0.2806602819415125,0.24896162496466012,1.0,0.0,0.0,0.10293180684369535,1.0,0.0,1.0,0.0,0.0,1.0,0.0,1.0,1.0,1.0,0.0,0.041077893425212016,1.0,1.0,0.28469765721654994,0.0,0.5448348181036319,0.1770308380039144,0.0
gex_possorted_bam_SJSO3:GTCAAACTCCTCACTAx-M1,0.0,0.0,0.0,0.0,0.0,0.0,0.3722588917535495,0.0,0.7309249925559994,0.0,1.0,0.2524851390472655,0.0,1.0,0.0,1.0,1.0,1.0,0.8186795780929705,0.0,0.0,0.0,0.0,0.0,0.7824853428578408,0.0,1.0,0.0,0.0,0.0,0.0,0.0,0.0,0.0,1.0,0.0,1.0,0.0,0.0,1.0,0.0,1.0,0.6059854187192327,0.17766919376311002,0.0,0.0,0.6702255501014793,1.0,0.0,0.0,0.030619021300880917,0.0,0.0
gex_possorted_bam_SJSO3:GTCAAACTCCTTGCGTx-M1,0.0,0.16669568422174086,1.0,0.013795517415980299,0.0,0.0,1.0,0.0,1.0,0.0245190419079967,0.9207527053721375,1.0,0.27885318908915563,1.0,0.0,1.0,1.0,0.0,0.5467362380421721,0.0,0.0,0.0,0.0,0.0,1.0,0.09045831371217303,1.0,0.3156025127247322,0.0,0.0,0.9281259681032333,0.0,0.0,0.04370838956735893,1.0,0.0,1.0,0.0,0.0,1.0,0.0,1.0,1.0,1.0,0.0,0.0,1.0,1.0,0.11019184602703322,0.0,0.4071893806880101,0.01849054138074663,0.0
gex_possorted_bam_SJSO3:GTATGTTCATAATCACx-M1,0.021973912848793478,0.0,0.48487468285758695,0.0,0.7903680175462846,0.5202774640164793,0.0,0.0,0.0,0.018410366780314706,1.0,0.0,0.0,0.0,0.04583698818017909,0.0,1.0,1.0,0.0,1.0,0.6783548208011679,0.8129343818672783,0.20116784834303805,0.6907144701377983,0.0,0.018939546697005188,0.5180922086221224,0.0,0.0,0.08552463546009394,0.0,0.29019805708517826,0.1926993342635423,0.0,0.16467133622429853,0.0,0.0,0.0011363246945050613,0.0,0.0,0.3052707159680601,0.0,0.0,0.0,0.14973384944919843,0.0,0.0,0.1912651935999948,0.0,0.20347212244904997,0.0,0.0,1.0
gex_possorted_bam_SJSO3:GTATTGATCGTACCGAx-M1,0.05345256116961593,0.0,0.0,0.0,0.17721688884625172,0.15976106569364645,0.0,0.0,0.0,0.0,1.0,0.0,0.0,0.0,0.0,0.0,0.9013454518280432,1.0,0.0,0.7841950072447587,0.5738108150912588,0.6912924038505869,0.12770491345348298,0.6987657136821693,0.0,0.0,0.4361276445057607,0.0,0.0,0.0,0.0,0.11613729498448234,0.12511090105560022,0.0,0.22639877256295204,0.0,0.0,0.08765201734079811,0.0,0.0,0.0,0.0,0.0,0.0,0.03940844021255376,0.0,0.0,0.39165669292629895,0.0,0.0,0.0,0.0,0.6190114991280754
gex_possorted_bam_SJSO3:GTAGTTATCTAGCTTTx-M1,0.1114988351963853,1.0,1.0,0.2301737548574646,0.09146386510727321,0.6573765377444478,1.0,0.5334151002443568,0.21341447856741508,0.9576737744210655,0.0,0.9283522003335534,0.04305818256109401,0.26011895011165026,0.7204042566054556,0.5807666770147307,0.7104229735194871,0.0,0.0,1.0,0.5474975840457879,0.4535118608543097,0.25571195317144746,0.7007981930162631,0.0,0.04648341381326175,0.11483711270399437,0.5924490114078736,0.34474837550008264,0.16653237735890988,1.0,0.0,0.3288528478334537,0.44082786316511857,0.5202247428076107,0.5077793849314108,0.44456719057777805,0.17739631640908873,0.5493897659006887,1.0,0.6922406332285306,0.8095078164842949,0.0,0.8359621323186175,0.3695593669017619,0.2774670406211963,0.0,0.0,0.4060693061655246,0.4986496655208961,0.0,0.12669087566886175,1.0
gex_possorted_bam_SJSO3:GTCAATATCTAAGTCAx-M1,0.11802313575720735,0.0,0.1323287797752007,0.06657360370650676,0.4031998288902482,0.799489362071884,0.0,0.14180546472229938,0.0,0.1300345484492781,0.9920919268268501,0.0,0.0,0.0,0.15636043400590102,0.17802309884128895,0.926654101014593,1.0,0.0,1.0,0.9039611118030317,0.9025998081888146,0.32294853326563927,0.7709512441407432,0.0,0.0,0.2931290073571996,0.0,0.0,0.14631276681185582,0.9080636306329953,0.08280997087169284,0.2469141291145698,0.0,0.1805895514895949,0.15448771227250802,0.0,0.05612446684135118,0.12825411908873027,0.16775923268542625,0.0,0.0,0.0,0.0,0.3012138319127094,0.132716917881024,0.0,0.15248384570972945,0.11562125521344511,0.17608371070828263,0.020317802362149445,0.11471119955435738,1.0
gex_possorted_bam_SJSO3:GTATTGATCGTTAACAx-M1,0.0,0.0,0.6792651233930399,0.0,0.7962144543445715,0.546403358477233,0.4637216549962699,0.2773520125657947,0.27224546417242357,0.0,1.0,0.0,0.0,0.0,0.0,0.0,1.0,1.0,0.0,1.0,0.7019963867118615,0.7787852836366305,0.09885283590942776,0.4050685297235357,0.0,0.001092873119740071,0.8297101924298688,0.0,0.0,0.0,0.0,0.6989164343905894,0.16419162344820518,0.0,0.3464889728580975,0.0,0.0,0.0,0.07874761206308166,0.1319525412516177,0.7554656164515945,0.0,0.0,0.8416043912128954,0.0,0.0,0.3430861475489794,0.38712080057792353,0.0,0.004725103941817904,0.0,0.0,1.0
gex_possorted_bam_SJSO3:GTCATGCCAGCCTAACx-M1,0.0,0.0,0.21406212781130451,0.0,0.2321569201126959,0.0,0.0,0.0,0.0,0.0,0.5025731972874583,0.0,0.0,0.0,0.04840460748971947,0.0,0.6643502059951873,0.3162790550752455,0.0,1.0,0.557866526803175,0.6232057574908868,0.11065827430349025,0.6156209750258385,0.0,0.0,0.4276858525873202,0.0,0.0,0.0,0.10980693361790839,0.11184747961491452,0.11446601297810519,0.0,0.3249118141858607,0.015260315829289706,0.0,0.0,0.024492516887122943,0.18533388443600973,0.0,0.0,0.0,0.0,0.030644196134181404,0.0,0.0,0.22230909761805517,0.0,0.009063652675868287,0.0,0.0,0.9578348477209686
gex_possorted_bam_SJSO3:GTCATGAGTTTAACGGx-M1,0.0,0.05641040999190859,0.0,0.0,0.0,0.0,0.0,0.01661296268378989,0.0,0.0,0.35447085783631155,0.0,0.0,0.0,0.11123598270709581,0.0,0.6648850852010308,0.37395455352978224,0.0,1.0,0.42752757076918324,0.5216314687675155,0.06780537815511092,0.6609520035274389,0.0,0.0,0.22877033430586546,0.0,0.0,0.0,0.14075138635053822,0.0,0.08074059399622045,0.0,0.2760589609276386,0.03258201095450151,0.0,0.0,0.07776641817424236,0.2418320466063353,0.0,0.34585265322095166,0.0,0.0,0.0,0.0,0.0,0.02104510428152541,0.0,0.0,0.0,0.0,0.39326143608130093
gex_possorted_bam_SJSO3:GTCATCCTCTTGACCCx-M1,0.0,0.0,0.0,0.0,0.0,0.0,0.47505172070186297,0.0,0.9722900317741394,0.0,1.0,0.2689279572532075,0.0663202867329041,1.0,0.0,1.0,1.0,0.9085207840607811,0.873152883167196,0.0,0.0,0.0,0.0,0.0,1.0,0.010547205528317257,1.0,0.0,0.0862268234181479,0.0,0.0,0.0,0.0,0.0,1.0,0.0,1.0,0.0,0.0,0.9688273397785245,0.0,1.0,0.7246668924347575,0.08855591906276153,0.0,0.0,0.9064519303628441,1.0,0.0,0.0,0.2591085114693586,0.0,0.0
gex_possorted_bam_SJSO3:GTCATCACAGGTTACCx-M1,0.0,0.154616358039863,0.8665530236264523,0.10236954905413574,0.0,0.0,1.0,0.0,1.0,0.10519014619065199,1.0,0.7417284753136304,0.6757416648605348,1.0,0.0,1.0,1.0,0.2008121141669905,0.8814828487160121,0.0,0.0,0.0,0.0,0.0,1.0,0.16957924785199752,1.0,0.18057341065823324,0.3078786378735768,0.11923197429538943,0.9338317191153792,0.05349095694004385,0.0,0.13724263379415727,1.0,0.0,1.0,0.0,0.0,1.0,0.001288643440053063,1.0,1.0,1.0,0.0,0.0091363898754389,1.0,1.0,0.20731970585816584,0.0,0.49984233246038756,0.1453596583510924,0.0
gex_possorted_bam_SJSO3:GTATTGTCATTATGACx-M1,0.0,0.18756846654134085,0.0,0.0,0.0,0.0,0.16742519526831984,0.025570894748054174,0.0,0.0,0.08304807639810988,0.4399949200062593,0.0,0.0,0.1457528613070676,0.02676836136726009,0.6392181722890427,0.0,0.0,1.0,0.14104341880894544,0.14618615515565717,0.0,0.40856612157969635,0.0,0.0,0.3959487918609623,0.0,0.0,0.0,0.014554981490220685,0.0,0.0,0.07550714144662084,0.5373110194617141,0.0,0.1697574404462759,0.0,0.07531033269118763,0.4291110634541906,0.12719294475342702,0.6720001606081997,0.0,0.0,0.0,0.0,0.0,0.33646704886359124,0.0,0.0,0.0,0.0,0.0
gex_possorted_bam_SJSO3:GTATTGCAGTCAATTGx-M1,0.16764458484497288,0.5624491436129222,1.0,0.34539655106855094,1.0,1.0,1.0,0.8548985838258117,1.0,0.5497664024906505,1.0,0.0,0.4375024360889862,0.0,0.06480566820336588,0.0,1.0,1.0,0.42687146902590345,1.0,0.8737710062232388,0.8963920633452112,0.3793383966476108,0.31601644467516027,0.6793226330930754,0.3464180508067571,0.9140161881355472,0.08293322212319372,1.0,0.0,0.4904860168573085,0.6179811146620021,0.33062972782556993,0.26458107461626346,0.574202354786378,0.26164051108646735,0.0,0.2255149796225502,0.5614839759552008,0.5430399724627467,1.0,0.0,0.0,1.0,0.12181268197516647,0.4651872273431408,0.9398564230162184,0.09897834089020234,0.45321437929058767,0.461045362491693,0.0,0.18173387985809764,1.0
gex_possorted_bam_SJSO3:GTAGGTGCATACTCCTx-M1,0.11931136061896246,0.0,0.06532976115410846,0.0,0.6742102447023829,0.7849896921636862,0.0,0.0,0.0,0.005566978804092172,1.0,0.0,0.0,0.0,0.0875777534635003,0.0,1.0,1.0,0.0,1.0,0.8328717365045512,0.9940261504264734,0.233600422057165,0.8174114291620271,0.0,0.0,0.33842843742807693,0.011801418146553977,0.0,0.17777972046071583,0.10495094740516703,0.19938799777808136,0.23264979471814062,0.0,0.19481050260682603,0.08645515889153256,0.0,0.07712913635994578,0.0777637113210296,0.02163516662369645,0.0,0.0,0.0,0.0,0.23375440457996943,0.031854229165588464,0.0,0.1595610770665231,0.0,0.13268713354799505,0.0,0.07712756497728873,1.0
gex_possorted_bam_SJSO3:GTCATCACACTGGCTGx-M1,0.0709537650959165,0.0,0.0,0.0,0.24641840959147038,0.30584354443580375,0.0,0.0,0.0,0.0,1.0,0.0,0.0,0.0,0.0,0.0,1.0,1.0,0.0,0.6590738702452223,0.6015038236708317,0.7282254573542989,0.1635901403529808,0.5916272634637566,0.0,0.0,0.4533356343545462,0.0,0.0,0.0,0.0,0.0807191792356576,0.12242484095204222,0.0,0.21645800092115217,0.0,0.0,0.08104901835486783,0.0,0.0,0.0,0.0,0.0,0.0,0.0,0.0,0.0,0.38166423406558303,0.0,0.0,0.0,0.0,0.5858062651346934
gex_possorted_bam_SJSO3:GTATGTTCATGGTTATx-M1,0.0,0.0,0.7271926833214108,0.009193812864544836,0.0,0.0,1.0,0.0,1.0,0.0,1.0,0.5020826920824611,0.5790746091808081,1.0,0.0,1.0,1.0,0.11685635647894997,0.7579019847720943,0.0,0.0,0.0,0.0,0.0,1.0,0.12698192489808127,1.0,0.08974703109205288,0.1973441154049146,0.0,0.3748585857681434,0.0,0.0,0.0,1.0,0.0,1.0,0.0,0.0,1.0,0.0,1.0,1.0,1.0,0.0,0.0,1.0,1.0,0.035841136970654504,0.0,0.41032743009683986,0.046177081949604015,0.0
gex_possorted_bam_SJSO3:GTCAGGCTCATTGTCTx-M1,0.0,0.8899137916120256,1.0,0.481130162113484,0.0,0.46872315962821326,1.0,0.07209339971627243,1.0,0.3469414611280966,1.0,1.0,1.0,1.0,0.0,1.0,1.0,1.0,1.0,0.0,0.0,0.0,0.0,0.0,1.0,0.6204127644245718,1.0,1.0,1.0,0.7310367681483453,1.0,0.0,0.0,0.3452023071320478,1.0,0.0,1.0,0.0,0.0,1.0,0.0,1.0,1.0,1.0,0.0,0.25870740419100025,1.0,1.0,0.6255069105507474,0.1053234151392795,1.0,0.5120697895155718,0.0
gex_possorted_bam_SJSO3:GTCATGCCAAGCTTTGx-M1,0.0645784505689799,0.38090580815696734,1.0,0.08430460355204752,0.6181563540608438,0.8674242752376226,0.4494113848867247,0.1845692324283318,0.0,0.6013750206420487,0.6950592753283947,0.0,0.0,0.0,0.4275166360630786,0.16541194345292526,1.0,0.7512868204498043,0.0,1.0,0.7759172499139436,0.8015269195581884,0.24166687083902502,0.7168291382828526,0.0,0.0,0.28847848995955216,0.23584774615012688,0.0,0.1691373893488309,1.0,0.08710881521670878,0.28815369784166844,0.09447598936974434,0.3312846481446496,0.26256437317645454,0.04566518830221427,0.04586071440758031,0.30930274364035804,0.6156646396628781,0.23988126622784559,0.05820078150856695,0.0,0.8136634256546327,0.31220193511034905,0.14678304211544851,0.05950388978753154,0.0,0.22969461020185455,0.45527516660753786,0.0,0.07195938449840823,1.0
gex_possorted_bam_SJSO3:GTCAATATCCTGATGGx-M1,0.008905987788013018,0.0,0.0,0.0,0.3043162078289616,0.1400517764494476,0.0,0.0,0.0,0.0,0.9506200596918626,0.0,0.0,0.0,0.0,0.0,0.9116916560246072,1.0,0.0,1.0,0.49035308366804287,0.6906893111012855,0.13425841702311575,0.6107993671858384,0.0,0.0,0.4518747350053702,0.0,0.0,0.0,0.0,0.13764255726212649,0.11640408574475411,0.0,0.2169578691309094,0.0,0.0,0.006596230818829838,0.0,0.0,0.0,0.0,0.0,0.0,0.01680767251069531,0.0,0.0,0.32459792706634577,0.0,0.0,0.0,0.0,0.8307605189195345
gex_possorted_bam_SJSO3:GTCATTAAGACAGGCGx-M1,0.0,0.28151161611588515,1.0,0.07815600772425217,0.0,0.0,1.0,0.0,1.0,0.08104001974344216,1.0,0.6905882074103779,0.7512886949618788,1.0,0.0,1.0,1.0,0.35864563555807794,1.0,0.0,0.0,0.0,0.0,0.0,1.0,0.2394810192587756,1.0,0.29101898652137115,0.40894770047716994,0.05627237773590172,1.0,0.0,0.0,0.019492224204152402,1.0,0.0,1.0,0.0,0.0,1.0,0.0,1.0,1.0,1.0,0.0,0.0,1.0,1.0,0.21045902635023808,0.05188290437994898,0.5192339134173416,0.1360644066929462,0.0
gex_possorted_bam_SJSO3:GTATTGTCAAGACTCCx-M1,0.0,0.1453608180768844,0.9131191467945113,0.0,0.0,0.0,1.0,0.0,1.0,0.0,1.0,0.7545624819748727,0.27127939735139855,1.0,0.0,1.0,1.0,0.7577798176073209,1.0,0.0,0.0,0.0,0.0,0.0,1.0,0.05608445433058907,1.0,0.148441606042257,0.18932535080893162,0.0,0.33559857632749024,0.0,0.0,0.0,1.0,0.0,1.0,0.0,0.0,1.0,0.0,1.0,1.0,1.0,0.0,0.0,1.0,1.0,0.015876213819783797,0.0,0.33321238166799855,0.00694790103450501,0.0
gex_possorted_bam_SJSO3:GTATGTTCATAGACCCx-M1,0.0,0.04106556360347507,0.0,0.0,0.0,0.0,0.0,0.010250850096293623,0.0,0.03235754317423939,0.0,0.0,0.0,0.0,0.15702571531194914,0.0,0.25883013151853296,0.0,0.0,1.0,0.29999159230891126,0.40362636402079616,0.03653799787582169,0.5478566955575923,0.0,0.0,0.38017646900485474,0.0,0.0,0.0,0.4247089398112171,0.0,0.03745684283844746,0.010032880031509319,0.37680297458160544,0.017090482329144525,0.09383921750814006,0.0,0.055565414134916426,0.3657190217994227,0.0,0.07900253320181555,0.0,0.0,0.0,0.0,0.0,0.0,0.0,0.0,0.0,0.0,0.5470247333265479
gex_possorted_bam_SJSO3:GTATGTTCATGCTCCCx-M1,0.0,0.9423807761224772,1.0,0.1507363088188506,0.038576039137287764,0.5206015866842411,1.0,0.4536005198864371,0.8761762180284743,0.7510454211550344,0.4637675525485535,0.9312551009315958,0.3903417221334511,0.7653146940778621,0.406696863355473,1.0,1.0,0.3127310221766067,0.04315683053586872,1.0,0.26307070724371656,0.0,0.05669017011885028,0.08293387068139625,0.6024195396581209,0.06804482404438661,0.8341926706061428,0.5814147287520985,0.4060200728492588,0.0,1.0,0.0,0.09200750548387363,0.2880479966461974,1.0,0.2436611618115704,1.0,0.0079725282847236,0.33833167380674284,1.0,0.7987132834518089,1.0,0.27308777185689825,1.0,0.12097810870972063,0.16519485690604468,0.7714540620216574,1.0,0.37222459225463894,0.3381550306616407,0.008622147131520827,0.04214031093882801,0.8623449790853586
gex_possorted_bam_SJSO3:GTAGGTGCAAACCCTAx-M1,0.0,0.3552779226676202,0.6643291089839908,0.0,0.0,0.0,1.0,0.0,0.42925793802362305,0.0,1.0,1.0,0.0,1.0,0.0,1.0,1.0,1.0,1.0,0.0,0.0,0.0,0.0,0.0,0.8600863404224702,0.0,1.0,0.03717040889302851,0.0,0.0,0.0,0.0,0.0,0.0,1.0,0.0,1.0,0.0,0.0,1.0,0.16052870882944253,1.0,0.7514798247330974,1.0,0.0,0.0,0.6448116617598825,1.0,0.0,0.0,0.0,0.0,0.0
gex_possorted_bam_SJSO3:GTATCGCCATGGCCTGx-M1,0.0,0.0,0.212540972468106,0.0,0.18061024957862853,0.019652498115325066,0.0,0.0078056629586872915,0.0,0.0,0.4910435327157758,0.0,0.0,0.0,0.13037400706273125,0.0,0.7275223534093995,0.3774228166525193,0.0,1.0,0.5263514627730923,0.6012616572443569,0.09872269963333316,0.6291262364270795,0.0,0.0,0.35957417037701495,0.0,0.0,0.0,0.3235461511468962,0.0,0.12820785635246645,0.0,0.30223047686849713,0.0072457409905642,0.0,0.0,0.05384718855711015,0.24047613779092372,0.0,0.0,0.0,0.0,0.06452238079712201,0.0,0.0,0.08333547901306843,0.0,0.0,0.0,0.0,0.8183716639126666
gex_possorted_bam_SJSO3:GTAGTTTCATTCAGCAx-M1,0.0,0.23278230576800432,0.4121317987973956,0.0,0.0,0.0,0.0,0.0,0.0,0.0,0.7410603356830798,0.0,0.9264658334468167,1.0,0.0,1.0,0.24338742493410107,0.11307932799748638,1.0,0.0,0.0,0.0,0.0,0.0,1.0,0.0,1.0,0.0,1.0,0.12390484727341437,0.0,0.5924249580405245,0.0,0.3307596889629528,1.0,0.0,0.5200421908227502,0.0,0.0,1.0,0.6001080319824591,0.0,0.3374301440236136,0.0,0.0,0.0,0.705974781013804,0.0,0.0,0.0,0.9837028799854346,0.0,0.0
gex_possorted_bam_SJSO3:GTCCAAGTCCTCCCTCx-M1,0.08358874170869651,0.36302207327603475,1.0,0.20984492633539054,1.0,1.0,1.0,0.6188969260770474,0.8400138140605856,0.4833724689220498,1.0,0.0,0.268235096242432,0.0,0.0,0.0,1.0,1.0,0.38135814351993075,1.0,0.868827405980358,0.9802274418903796,0.28774241357406954,0.31680526395374214,0.3062334523623182,0.16777478532534706,0.8505214416973557,0.09270519388427029,0.615472235891121,0.0,0.6983211010473042,0.8276787573033344,0.2616119803563326,0.15482898395426012,0.5134908483584871,0.235115163816739,0.0,0.10446570118555999,0.4577319083410295,0.6655057798330073,1.0,0.0,0.02849812672350927,1.0,0.12661581982114878,0.3255230344407083,0.8329120471981034,0.0979206749267081,0.3157815909709846,0.4402384229294449,0.0,0.10260054808441854,1.0
gex_possorted_bam_SJSO3:GTCTAACAGCAGCTCAx-M1,0.0,0.1937729664604812,0.5220501205478683,0.0,0.0,0.0,1.0,0.0,0.4213750896638194,0.0,1.0,1.0,0.0,1.0,0.0,1.0,1.0,0.8055015246835698,0.8757150636723927,0.0,0.0,0.0,0.0,0.0,0.7251227134989435,0.0,1.0,0.0,0.0,0.0,0.0,0.0,0.0,0.018408263438549646,1.0,0.0,1.0,0.0,0.0,1.0,0.15134957434274235,1.0,0.5478928302124592,0.6938498365594208,0.0,0.0,0.3959448929044495,1.0,0.0,0.0,0.0,0.0,0.0
gex_possorted_bam_SJSO3:GTCTATGCACTTGTTCx-M1,0.0,0.05358978837185337,1.0,0.02101078443609154,0.0,0.0,1.0,0.0,1.0,0.03137886142518239,1.0,0.8473046458945803,0.4434792037307624,1.0,0.0,1.0,1.0,0.0,0.6280868660752517,0.0,0.0,0.0,0.0,0.0,1.0,0.1260531669674659,1.0,0.4167748499106517,0.0,0.06026029301879609,1.0,0.0,0.0,0.05070292857830966,1.0,0.0,1.0,0.0,0.0,1.0,0.0,1.0,1.0,1.0,0.0,0.0,1.0,1.0,0.1496544266964071,0.0,0.38302192151392533,0.050891981654896536,0.0
gex_possorted_bam_SJSO3:GTCTATCGTCAATAGTx-M1,0.0,0.0,1.0,0.0,0.0,0.0,1.0,0.0,1.0,0.0,1.0,0.813672804527708,0.5464342462831123,1.0,0.0,1.0,0.9998671620247014,0.0,0.5536437249466567,0.0,0.0,0.0,0.0,0.0,1.0,0.12354425766118927,1.0,0.14156361882149396,0.17994107579505175,0.0,0.7560868691790119,0.0,0.0,0.0,1.0,0.0,1.0,0.0,0.0,1.0,0.0,1.0,1.0,1.0,0.0,0.0,1.0,1.0,0.060763078782017525,0.0,0.30192282470656234,0.053560975863141014,0.0
gex_possorted_bam_SJSO3:GTCTATGCAGTAGCCTx-M1,0.041736316936486245,0.0,0.0,0.0,0.41217088683241754,0.348373213374496,0.0,0.0,0.0,0.0,1.0,0.0,0.0,0.0,0.0,0.0,1.0,1.0,0.0,1.0,0.5280122599108056,0.784987390888186,0.16848305377245348,0.6033798492773917,0.0,0.0,0.42332287586962486,0.0,0.0,0.0,0.0,0.2026659089325421,0.15034182128242038,0.0,0.15719891341014233,0.0,0.0,0.04516742080318086,0.0,0.0,0.0,0.0,0.0,0.0,0.05720811412710632,0.0,0.0,0.2952601518711702,0.0,0.09790400885198285,0.0,0.0,1.0
gex_possorted_bam_SJSO3:GTCTTGCTCCTTTACGx-M1,0.0,0.0,0.0,0.0,0.1744788239586696,0.0,0.0,0.0,0.0,0.0,0.7046168226202845,0.0,0.0,0.0,0.0,0.0,0.7020468722462173,0.7926163938459142,0.0,0.9662684856400888,0.47343041597153596,0.5873220521070064,0.0986618198418432,0.603741898804151,0.0,0.0,0.44343895048782106,0.0,0.0,0.0,0.0,0.025110262807717904,0.09114199862868212,0.0,0.25215186009759,0.0,0.0,0.04733006308302084,0.0,0.0,0.0,0.0,0.0,0.0,0.0,0.0,0.0,0.2631088920035383,0.0,0.0,0.0,0.0,0.6059608092166658
gex_possorted_bam_SJSO3:GTCCAGGGTGAGCGAAx-M1,0.0,0.24393749573578166,0.6514555430023762,0.0,0.0,0.0,0.35900761991655106,0.06216882569898737,0.0,0.19258381622719345,0.0,0.312420708655978,0.0,0.0,0.2781305028669378,0.0,0.49232634277824633,0.0,0.0,1.0,0.3494983787879536,0.25620192861980773,0.01946009489305637,0.4512135693261817,0.0,0.0,0.3687044015283228,0.0,0.0,0.0,0.6165244390462813,0.0,0.05903887835007312,0.07620799773056772,0.5724637201449864,0.056671195550758974,0.1744950932722385,0.0,0.180599852529425,0.6557022290877155,0.037903686567925664,0.43375818353667095,0.0,0.0,0.0,0.0,0.0,0.11261798487657017,0.019452673880776174,0.0,0.0,0.0,0.43427154066624407
gex_possorted_bam_SJSO3:GTCATTAAGCCTCTGTx-M1,0.03004141073242377,0.541739800249054,1.0,0.1776853688407757,0.0,0.7200612058240509,1.0,1.0,0.40050592213417563,1.0,0.13767816872876826,1.0,0.18301256750637482,1.0,0.510633135091627,0.337858672964188,1.0,1.0,0.5587770632940474,1.0,0.4976239495482893,0.1196704105577059,0.2756862236779155,0.5266927010941477,0.0012422880300886074,0.010535048701928533,0.19957726785400642,1.0,0.7410729270651067,0.1285678967873734,0.0,0.0,0.3634086913845498,0.06811843454601467,0.7901538300745686,0.5163411366681738,0.23030248111517798,0.32243042006547057,0.6584572953090781,0.4721578638092339,1.0,0.7396539801260561,0.0,0.05171698299213115,0.9825689800138164,0.0,1.0,0.5048598894413558,0.06010704623715207,0.5577011609828827,0.0,0.0,1.0
gex_possorted_bam_SJSO3:GTCTATGCACACTAATx-M1,0.0,0.2179775369438884,1.0,0.06710323356926147,0.0,0.0,1.0,0.0,1.0,0.003431512208363406,1.0,0.8863484521004455,0.6662623890652697,1.0,0.0,1.0,1.0,0.15259959081454083,1.0,0.0,0.0,0.0,0.0,0.0,1.0,0.16212894270100012,1.0,0.408351000992893,0.04606183980351651,0.13824549767344613,1.0,0.0,0.0,0.10115685786253992,1.0,0.0,1.0,0.0,0.0,1.0,0.0,1.0,1.0,1.0,0.0,0.0,1.0,1.0,0.21234496409226017,0.0,0.43086367366841594,0.11373067058710122,0.0
gex_possorted_bam_SJSO3:GTCCGTAAGTTGCGTGx-M1,0.0,0.4317412009508006,0.45090960984164036,0.16665439943595514,0.0,0.0,1.0,0.0,1.0,0.0,1.0,0.9136496681804877,0.9376517209760732,1.0,0.0,1.0,1.0,0.5091946740658717,1.0,0.0,0.0,0.0,0.0,0.0,1.0,0.13350597036595752,1.0,0.4102787523878059,0.3571498527319145,0.1784433991747119,0.8645372461456936,0.15715492465673753,0.0,0.0,1.0,0.0,1.0,0.0,0.0,1.0,0.0,1.0,1.0,1.0,0.0,0.0,1.0,1.0,0.1709886198298997,0.04229688105768199,0.543142663799746,0.12837145656698773,0.0
gex_possorted_bam_SJSO3:GTCGGTTCAAACCTATx-M1,0.0819407712659079,0.40031175699711935,0.08072901124794586,0.15413610976189002,0.0,0.0,0.977546560284814,0.33623780224729666,0.020193085784390986,0.4329521224418315,0.0,0.8228919877495796,0.0,0.0,0.5357549832085283,0.20305441209349176,0.0,0.0,0.0,1.0,0.2693855478158859,0.2805527767434754,0.15763541928593292,0.4673083961510096,0.0,0.0,0.3454213957093009,0.0,0.2617408122487503,0.0,0.8600654649369498,0.0,0.23406245963079864,0.3312586036057625,0.5840674572826398,0.24187687845160372,0.3742720398734756,0.016484296755715274,0.35442403331903605,0.6258341324638549,0.431189035902833,0.46040852427102014,0.0,0.0,0.18569088562648056,0.13709085936674745,0.0,0.03544847590925446,0.1575688321278764,0.13593930241256685,0.0,0.05589947947693766,0.050378900978201344
gex_possorted_bam_SJSO3:GTCGAAGCAACACTTGx-M1,0.16796783414581254,0.0,0.0,0.0284946258272647,0.5352485159077304,0.771864852838888,0.0,0.040135773091127556,0.0,0.02587040618828488,1.0,0.0,0.0,0.0,0.08525518413718629,0.0,1.0,1.0,0.0,1.0,0.882069405353817,0.9807856931029327,0.2741394421184181,0.8910418498864019,0.0,0.0,0.271371143167013,0.0,0.0,0.14458898246366522,0.0,0.26182609134781176,0.24949775800324983,0.0,0.1498061435007911,0.14722575105723465,0.0,0.15150787766417328,0.1350888628498139,0.0,0.0,0.0,0.0,0.0,0.2356753922919189,0.06563790169350865,0.0,0.17212236519231394,0.037913394603928924,0.10503353781186643,0.0,0.10738045288046455,1.0
gex_possorted_bam_SJSO3:GTCTCACTCCAAGTTAx-M1,0.1006003842736374,0.0,0.5291070138624204,0.017877602955478144,0.6165335774504566,0.9742747142567432,0.0,0.01534344795640022,0.0,0.21307005948750646,1.0,0.0,0.0,0.0,0.153539665924989,0.0,1.0,1.0,0.0,1.0,0.9632060556954123,1.0,0.2392099363967533,0.8868117753101428,0.0,0.0,0.3161638260631255,0.026890518857356,0.0,0.1651679561318106,0.694683851960816,0.17948087571554255,0.26177694880774344,0.0,0.16717564583190167,0.13851058359274274,0.0,0.05809692628680774,0.1434978154775455,0.1533269934278477,0.0,0.0,0.0,0.0,0.2842833706601008,0.09055929838932732,0.0,0.10082198663690764,0.08131967320197477,0.24974510313270465,0.0,0.09254061544643896,1.0
gex_possorted_bam_SJSO3:GTCCAGGGTGCGCGTAx-M1,0.3254464521323375,0.22010934485395411,0.6856137972704022,0.19796881340697828,1.0,1.0,0.0,0.15633104384146748,0.0,0.5158961525123216,1.0,0.0,0.2114738816169664,0.0,0.4403962080791102,0.16771067546395027,1.0,1.0,0.17432864881984209,1.0,1.0,1.0,0.47885649991161555,0.931169626114177,0.0,0.17646457531575807,0.256580362160567,0.25975340696394783,0.0,0.5244061628763232,1.0,0.4249731227285466,0.45997936363020603,0.06805842551878019,0.2330058863242654,0.36883971942165916,0.0,0.23153276056883945,0.3415213569112558,0.2619586711553056,0.10667628256100821,0.0,0.10418777314645465,0.796387635012685,0.5241202883156272,0.3092828177198703,0.16185799617229465,0.14112955576781064,0.32153315281288236,0.6273066402680795,0.0111285584111735,0.3076359802961723,1.0
gex_possorted_bam_SJSO3:GTCCGTAAGTCAATCAx-M1,0.03797270275120815,0.12281539856492986,0.5817308972487801,0.0,0.285900611481413,0.42489729762218703,0.0,0.07353872560172726,0.0,0.25057705135676567,0.5600524906285202,0.0,0.0,0.0,0.13153447141537938,0.0,0.6561143786367459,0.48193746913488167,0.0,1.0,0.6388932478466589,0.7666472887580005,0.16468676391740356,0.7204104917630452,0.0,0.0,0.250161899772211,0.0,0.0,0.045010315011021755,1.0,0.0,0.20344192540737832,0.011693284943304951,0.25016405780164847,0.16238564407704867,0.0046819264114965195,0.023882244909572695,0.1334940818987488,0.3959284901207644,0.0,0.0,0.0,0.22699859635847577,0.11274186745567845,0.11780297887193013,0.0,0.0,0.09420000814488713,0.21858587806041424,0.0,0.02795350767720398,1.0
gex_possorted_bam_SJSO3:GTCGGTTCAACCCTCCx-M1,0.0,0.2759298924831734,0.6774090321676769,0.0,0.16364097049479642,0.13131532185873765,0.0,0.05753579084847304,0.0,0.35925827360184315,0.17318685273797033,0.0,0.0,0.0,0.22156918287827043,0.1209101662091307,0.39322822015794306,0.0,0.0,1.0,0.5006164326110533,0.6423034353524664,0.08185950090769827,0.6731219296442054,0.0,0.0,0.2395340184876724,0.0,0.0,0.0,1.0,0.0,0.10959472361525809,0.005255580550938378,0.22785484994332092,0.1311802081613116,0.07502948093849496,0.0,0.10091760849284326,0.6096345225603557,0.0,0.0,0.0,0.19468120289359206,0.059377879672123914,0.047035261008911304,0.0,0.0,0.08852615077008831,0.1255965140129526,0.0,0.0,1.0
gex_possorted_bam_SJSO3:GTCTAACAGGACACTTx-M1,0.0,0.924841406181323,1.0,0.046899703949495455,0.0,0.49490209579017347,1.0,0.23343931530706868,0.0,0.6549060321090269,0.0,0.7840432102696493,0.0,0.04700650617927639,0.6345073004079029,0.48123072523621907,0.9024894186918125,0.0,0.0,1.0,0.39451796320661153,0.3261053218488774,0.06651953287485282,0.6939901754858043,0.0,0.0,0.0930409386055812,0.29706822324964893,0.0,0.0,1.0,0.0,0.1323455444815311,0.2881091451560464,0.5329778657914676,0.26907357974834006,0.2811217984673742,0.0,0.38461057168430796,1.0,0.22853485287287115,0.9271478473773445,0.0,0.09575519397948162,0.05586557858043957,0.04488982109540944,0.0,0.0,0.16717826147400355,0.12416159695027164,0.0,0.0,0.557926208768911
gex_possorted_bam_SJSO3:GTCCAAGTCTTTGTACx-M1,0.030540411623700647,0.0,0.0,0.0,0.3187351717110111,0.34006969067650156,0.0,0.0,0.0,0.0,1.0,0.0,0.0,0.0,0.0,0.0,1.0,1.0,0.0,0.9965378780405213,0.6620261694550748,0.8103819782675968,0.15841590736768954,0.720518756025922,0.0,0.0,0.3666514486389702,0.0,0.0,0.0015327344795154022,0.0,0.03913998428505096,0.12098540240315227,0.0,0.18016604312189302,0.0,0.0,0.041748786779990235,0.0,0.0,0.0,0.0,0.0,0.0,0.03500965882115207,0.0,0.0,0.2836223998367327,0.0,0.0,0.0,0.0,0.8115987043320123
gex_possorted_bam_SJSO3:GTCGAAGCATCCCGCTx-M1,0.05797269665231732,0.0,0.0,0.0,0.2961969378831933,0.4614143422720436,0.0,0.0,0.0,0.0,1.0,0.0,0.0,0.0,0.0,0.0,1.0,1.0,0.0,0.8878634534793008,0.624202111067732,0.8176941079533991,0.1666283852554226,0.706899521183918,0.0,0.0,0.41706817879327934,0.0,0.0,0.02148869371611374,0.0,0.10829361245027883,0.12203186086838486,0.0,0.19264091344366646,0.0,0.0,0.04858210746810185,0.0,0.0,0.0,0.0,0.0,0.0,0.05834365722249544,0.0,0.0,0.39227226987693814,0.0,0.0,0.0,0.0,0.8889810028706288
gex_possorted_bam_SJSO3:GTCCATTGTTGACTTCx-M1,0.0,0.0,0.4163189014946976,0.0,0.5492456249556849,0.15808477960934317,0.3692627613953097,0.2534018451271997,0.1747910875593828,0.0,1.0,0.0,0.0,0.0,0.0,0.0,1.0,1.0,0.0,1.0,0.5774874862714079,0.6029656356407931,0.07088145549940716,0.320110171956752,0.0,0.0,0.8597157973985382,0.0,0.0,0.0,0.0,0.5132907397216231,0.11567367141992457,0.0,0.39824076852109946,0.0,0.0,0.0,0.0,0.06067295330926982,0.6861987583753613,0.0,0.0,0.2988317542244579,0.0,0.0,0.22986857577034422,0.5827989155453461,0.0,0.0,0.0,0.0,1.0
gex_possorted_bam_SJSO3:GTCTAGCCATTCCTCGx-M1,0.06706446037474902,0.0,0.5756268554957062,0.0,0.6513082848512555,0.5263586831177501,0.0,0.0,0.0,0.13715108567364248,0.9680141532235603,0.0,0.0,0.0,0.1518751421021998,0.0,0.9341396929184977,1.0,0.0,1.0,0.630638596973006,0.8961865828350537,0.22546277596125727,0.6681680561815092,0.0,0.0,0.38083613762391944,0.0,0.0,0.12738675760416163,0.1196150836641336,0.12693050448927484,0.22225334149789402,0.0,0.15991415282188232,0.045617135658777945,0.0,0.018149017489331905,0.03535566424073971,0.03158435787892707,0.0,0.0,0.0,0.0,0.2528213291133149,0.049578554339175,0.0,0.14291516215220443,0.0,0.2283765624225297,0.0,0.017521782521515376,1.0
gex_possorted_bam_SJSO3:GTCGGTTCAGCTTAATx-M1,0.009354466568010866,0.0,0.0,0.0,0.4037518278592812,0.3436006942787537,0.0,0.0,0.0,0.0,1.0,0.0,0.0,0.0,0.0,0.0,1.0,1.0,0.0,1.0,0.5342172577371703,0.7319658160782986,0.1356437526994666,0.6704657511419405,0.0,0.0,0.42445695097348635,0.0,0.0,0.0,0.0,0.11761862499737549,0.13821986392320096,0.0,0.20198935266453685,0.0,0.0,0.02578857501592808,0.0,0.0,0.0,0.0,0.0,0.0,0.0355130562206639,0.0,0.0,0.21391025970078298,0.0,0.066864443991332,0.0,0.0,1.0
gex_possorted_bam_SJSO3:GTCTCACTCAAACCGTx-M1,0.0,0.43852163690195545,1.0,0.1727901487212857,0.0,0.0,1.0,0.0,1.0,0.20209989851554258,1.0,1.0,0.9540259716612665,1.0,0.0,1.0,1.0,0.0,1.0,0.0,0.0,0.0,0.0,0.0,1.0,0.2742504869502381,1.0,0.692352080064715,0.418653932806239,0.20891850064262396,1.0,0.0,0.0,0.13423082484428095,1.0,0.0,1.0,0.0,0.0,1.0,0.03734841975786894,1.0,1.0,1.0,0.0,0.08051283901845903,1.0,1.0,0.3684688047810289,0.0,0.7107707711142227,0.23078448263854665,0.0
gex_possorted_bam_SJSO3:GTCTTTAGTCTATCGTx-M1,0.0,0.0,0.1833339532462875,0.0,0.0,0.0,0.7874529637622157,0.0,1.0,0.0,1.0,0.5958816425928791,0.13217460387210556,1.0,0.0,1.0,1.0,0.3382100157042941,0.6675965909318642,0.0,0.0,0.0,0.0,0.0,1.0,0.0312423927011407,1.0,0.0,0.0792577759920705,0.0,0.0,0.0,0.0,0.0,1.0,0.0,1.0,0.0,0.0,1.0,0.0,1.0,0.9132221653030699,0.9204054179002311,0.0,0.0,1.0,1.0,0.0,0.0,0.31448534984494825,0.0,0.0
gex_possorted_bam_SJSO3:GTCTTGCTCATTATGGx-M1,0.32540894961604966,1.0,0.815816728452661,0.46342402462411514,0.10262191339385733,0.9710393638307788,1.0,0.7493572930245188,0.2760557547156536,1.0,0.0,1.0,0.2966993379597293,0.6238467559424664,0.895633155243764,0.8139767937121805,0.4569888673697265,0.0,0.0,1.0,0.6377040899658422,0.538975185903162,0.42369947748316855,0.9046439211746983,0.13097144856185505,0.2426301487457149,0.0,0.844728515544078,0.6617222553635744,0.4639635645537573,1.0,0.0,0.48172445364735733,0.7226457199971715,0.3929542665006544,0.7913828771065984,0.5759014300384476,0.42974476117532223,0.7709972830809295,1.0,0.7041054465759935,1.0,0.0,0.6659066368779091,0.5713212254677579,0.5081678110590757,0.0,0.0,0.6490793201451953,0.6827098970401697,0.320812803232653,0.4252731083721653,0.8180533131388564
gex_possorted_bam_SJSO3:GTCCTCAGTATCTGGAx-M1,0.2880638874373444,0.188795953655896,0.9787365902665713,0.23861243807397248,1.0,1.0,0.0,0.20829043342450984,0.0,0.6817247155321974,0.8387715877070261,0.0,0.2766855158941039,0.0,0.5186611821243434,0.1988321562360819,0.9615650982801811,0.7792450232184853,0.0,1.0,1.0,0.9993833748697868,0.49206851324763146,0.8124725160266619,0.0,0.24499473016329487,0.34812644432888273,0.27086082448691085,0.10582881792806621,0.46520673420949166,1.0,0.41307292152713515,0.47326832383567546,0.21820257565522208,0.27885757409316336,0.3545831693930621,0.0471327321019608,0.14064778584147922,0.34694882788741105,0.41907727020735874,0.4937195926962795,0.0,0.2552060293497823,1.0,0.47683273897212614,0.3706911974042944,0.32477048956116805,0.1848855898643777,0.35407150827226264,0.7774307854140742,0.0706600984044999,0.2605420232265671,1.0
gex_possorted_bam_SJSO3:GTCCAAGTCGTCAAGTx-M1,0.11954649955186056,0.0,0.0,0.0,0.4592713533912253,0.6267494003977071,0.0,0.0,0.0,0.0,1.0,0.0,0.0,0.0,0.0,0.0,1.0,1.0,0.08033104984688308,0.9707442137022204,0.6813538582340791,0.8544040553718157,0.22533758330732878,0.6299621477183754,0.0,0.0,0.3828841585898708,0.0476250115466451,0.0,0.0594393454415968,0.0,0.08363917995362874,0.19128621922250108,0.0,0.2499869052852555,0.03394727102834201,0.0,0.07532191155756188,0.04370467017000674,0.007485771843456575,0.0,0.03395556507090468,0.0,0.0,0.1575851884264116,0.0464577703345983,0.0,0.5481552057408291,0.0,0.0,0.0,0.07038912172672289,1.0
gex_possorted_bam_SJSO3:GTCCATTGTGTGCAACx-M1,0.0,0.9784342648427834,1.0,0.23346000783252405,0.0,0.0775575595814671,1.0,0.0,1.0,0.33095423482789665,1.0,1.0,1.0,1.0,0.0,1.0,1.0,0.4392412436686547,1.0,0.0,0.0,0.0,0.0,0.0,1.0,0.29974293879148667,1.0,0.6958764520894607,0.5296362908407771,0.3110296347062973,1.0,0.0,0.0,0.1863889285783841,1.0,0.0,1.0,0.0,0.0,1.0,0.09330760758435387,1.0,1.0,1.0,0.0,0.08019762447793298,1.0,1.0,0.4085628831445157,0.005437302730060974,0.7693079222253689,0.25107364192833465,0.0
gex_possorted_bam_SJSO3:GTCCATTGTGCTAGACx-M1,0.0,0.7582658300123996,0.26948680187066065,0.016023597680662,0.0,0.23393342664088018,0.9998851583320698,0.19027521980057033,0.0,0.35061896251107644,0.15265884618425377,0.873825890211232,0.0,0.1695689290589647,0.4263158043725395,0.48143637873980755,1.0,0.0965170711887402,0.0,1.0,0.20772161644603634,0.15139430524924896,0.024459447244221905,0.488846440821123,0.0,0.0,0.2693383634353146,0.0,0.0,0.0,0.8510126370918062,0.0,0.05580891911854286,0.1832353918235718,0.5541492112951624,0.11307338384567929,0.2064715270585059,0.0,0.2963099411408304,0.8380294745118064,0.22886724516979462,1.0,0.0,0.0,0.0,0.0,0.0,0.2177275194563244,0.0537006753610116,0.018655269491999506,0.0,0.0,0.0
gex_possorted_bam_SJSO3:GTCTATCGTGTTAGCAx-M1,0.0,0.0,0.27742234108967956,0.0,0.0,0.0,0.3723506640940373,0.0,0.7586350411185859,0.0,1.0,0.05472777157555432,0.06599751809360305,0.7811722559652248,0.0,0.8915919309937309,1.0,0.4745065662780276,0.3521086637773734,0.0,0.0,0.0,0.0,0.0,0.6602081799274175,0.0,1.0,0.0,0.0,0.0,0.0,0.11708389230803182,0.0,0.0,1.0,0.0,1.0,0.0,0.0,0.9134555802344058,0.0,1.0,0.5863225677647548,0.6676504281867673,0.0,0.0,0.7963204252777918,1.0,0.0,0.0,0.0892333718004901,0.0,0.0
gex_possorted_bam_SJSO3:GTGCCTTTCAATCATGx-M1,0.23816383470887445,0.38788683985538125,1.0,0.2730237495620253,0.9109970464405756,1.0,1.0,0.642967892368854,0.528219399468197,0.6066558019171174,1.0,0.0,0.3610121311070727,0.19752003411823182,0.307003521882257,0.15165097743003322,1.0,1.0,0.27843013326590826,1.0,1.0,0.9145436625412914,0.38479859071064326,0.5587874479160437,0.3184221550824492,0.22804240951769042,0.5586812381996028,0.35854979087193156,0.40517219627746925,0.12545078144877989,0.7938460118202242,0.6393666938816096,0.43271385951035474,0.23014774211333738,0.44648540333849673,0.3672799481768326,0.039585476733864776,0.22297253716627974,0.4889939499871257,0.529228065258493,1.0,0.09524100167386744,0.25910162529531255,1.0,0.41809323307278506,0.34864855684037127,1.0,0.22979316901964075,0.388413775474706,0.5721364534856035,0.0,0.1382372889677291,1.0
gex_possorted_bam_SJSO3:GTGCGCAGTAATCACGx-M1,0.0,0.4048447619135542,0.6041600137928759,0.1874355723338752,0.0,0.0,1.0,0.21385787120664052,1.0,0.0,1.0,1.0,1.0,1.0,0.0,1.0,1.0,0.436314119143772,1.0,0.0,0.0,0.0,0.0,0.0,1.0,0.32177761151995354,1.0,0.5367135152386051,0.38722735341838205,0.0,0.0,0.0,0.0,0.19291818257885254,1.0,0.0,1.0,0.0,0.0,1.0,0.0,1.0,1.0,1.0,0.0,0.04342894152027841,1.0,1.0,0.21406167646408955,0.0,0.9772561428204174,0.11330263475234424,0.0
gex_possorted_bam_SJSO3:GTGATGAAGCCTGGTAx-M1,0.0,0.8910212335465879,1.0,0.06370931883464243,0.0,0.2410746646733108,1.0,0.0,0.47401418643737436,0.21084534432045757,1.0,1.0,0.18677937267423564,1.0,0.013500916922223442,1.0,1.0,1.0,1.0,0.0,0.0,0.0,0.0,0.0,1.0,0.04991864181637987,1.0,0.22749668712774607,0.0,0.08372441870601338,0.6633472295149708,0.0,0.0,0.08308965348668833,1.0,0.0,1.0,0.0,0.0,1.0,0.34996126143766976,1.0,0.9060731542388324,1.0,0.0,0.0,0.8730936277953024,1.0,0.14258678295631882,0.0,0.05317005871159436,0.00025829307772547,0.0
gex_possorted_bam_SJSO3:GTGCTTCTCATTCATCx-M1,0.047377006316372886,0.0,0.14777176108956452,0.0,0.7318471039493234,0.13898222282609038,0.0,0.0,0.0,0.0,0.8228741139229998,0.0,0.0,0.0,0.026115320010004925,0.0,0.9158180463571167,0.8887135224536697,0.0,1.0,0.6557895957734869,0.696139609813312,0.21324676516887237,0.5472202332851251,0.0,0.0,0.5571134529337199,0.0,0.0,0.0,0.0,0.1276558514515873,0.14933655856681705,0.0,0.21620774597660108,0.0,0.0,0.019625041191958695,0.0,0.0583246640194987,0.15801484650596692,0.0,0.0,0.0,0.006887444750169463,0.0,0.0,0.2809872736298637,0.0,0.05781179664138235,0.0,0.0,1.0
gex_possorted_bam_SJSO3:GTGCTTCTCAAGTGAGx-M1,0.0,0.0,0.0,0.0,0.21464015014532964,0.04894553678044299,0.0,0.0,0.0,0.0,0.774673497592169,0.0,0.0,0.0,0.0,0.0,0.7041563593137977,0.7969149324605751,0.0,0.9447463486591697,0.5109331135118763,0.6328849846377561,0.1303237972959737,0.5925455826255477,0.0,0.0,0.4026949439676427,0.0,0.0,0.0,0.0,0.1048704053119102,0.07730667259170061,0.0,0.2875131867779063,0.0,0.0,0.01884111358054839,0.0,0.03691383239546461,0.0,0.0,0.0,0.0,0.0,0.0,0.0,0.21527059417775515,0.0,0.0,0.0,0.0,0.6980937819587246
gex_possorted_bam_SJSO3:GTGCGGTTCACAGCCAx-M1,0.07251509731681752,0.0,0.3722754998709644,0.0020118437387821116,0.46620567742411123,0.42236093870367797,0.0,0.05599867131614965,0.0,0.014395079493566436,0.8185302217986203,0.0,0.0,0.0,0.07001447871756546,0.0,0.8839124437345753,0.9894475832650319,0.0,1.0,0.6617458658750931,0.7463181750334351,0.18498455787521928,0.7086179657175744,0.0,0.0,0.3996395506009514,0.0,0.0,0.07608008800528122,0.08096353838909377,0.0,0.21050093954127094,0.03671554116133313,0.1652479341329557,0.06670192403351595,0.0,0.05029872043964489,0.09693243375012621,0.14630877622086594,0.0,0.0,0.0,0.0,0.15115826790402437,0.05632161787115339,0.0,0.08453565058115174,0.0,0.1490550062496732,0.0,0.01450296917082048,1.0
gex_possorted_bam_SJSO3:GTGCTTACAGCAAATAx-M1,0.006035302982868758,0.0,0.00906142212500426,0.0,0.23367049640202522,0.1723071510976246,0.0,0.029412812430344548,0.0,0.0,0.8121682175260228,0.0,0.0,0.0,0.0,0.0,0.9349354973357946,0.9728190673055964,0.0,1.0,0.5874215981074912,0.7341929673367681,0.09143497662347609,0.670588261334495,0.0,0.0,0.4215815569015109,0.0,0.0,0.0,0.0,0.163515057506747,0.1457064532077691,0.0,0.18976430058887137,0.0,0.0,0.0,0.0022306288509064934,0.023459831388378618,0.0,0.0,0.0,0.0,0.08176372529025218,0.0,0.0,0.24973305733308204,0.0,0.0,0.0,0.0,0.9990606861287555
gex_possorted_bam_SJSO3:GTGAGGAGTAGCTAATx-M1,0.044386001881821666,0.0,0.0,0.0,0.3229297976815907,0.13371725299065298,0.0,0.0,0.0,0.0,0.8782376554973351,0.0,0.0,0.0,0.0,0.0,0.9410627432859573,1.0,0.0,1.0,0.57798219565228,0.7000289003272345,0.14849046439940328,0.682154395363921,0.0,0.0,0.5145754990499071,0.0,0.0,0.0,0.0,0.19641226250103794,0.1776927021529675,0.0,0.23103905000970051,0.0,0.0,0.014402885786783264,0.0,0.0,0.10020822005020182,0.0,0.0,0.0,0.1004876699298109,0.0,0.0,0.3300887579387028,0.0,0.0,0.0,0.0,0.9688976095083527
gex_possorted_bam_SJSO3:GTGCTGATCAGCTAACx-M1,0.0,0.42017355477407664,1.0,0.06377430343490337,0.6991547765005993,0.7679638937015497,1.0,0.6352290513080335,0.9969284217130506,0.22784075846122775,1.0,0.0,0.25920171690549204,0.0,0.0,0.0,1.0,1.0,0.033873312221567,1.0,0.8021534572746951,0.6568426124440847,0.12313512982655589,0.21503633455881843,0.14038236566204448,0.0,0.8815859026196794,0.07721313404812878,0.4711083449953747,0.0,0.3766903500323577,0.3487625005326923,0.14643663346583935,0.0890425936739426,0.6804804963024692,0.08618522439471049,0.0,0.007309904323508932,0.30334872911312527,0.5766397340075534,1.0,0.2122742303566026,0.0,1.0,0.009333870623015883,0.15976335523549443,0.49907968149500453,0.1597299701667569,0.1554216402402338,0.15915656888935215,0.0,0.0,1.0
gex_possorted_bam_SJSO3:GTGAGCGAGTGTGATCx-M1,0.0,0.8378258044889668,1.0,0.33443389605342616,0.0,0.0,1.0,0.12889696936346834,1.0,0.40155095281426934,1.0,1.0,1.0,1.0,0.0,1.0,1.0,0.26542891515844963,1.0,0.0,0.0,0.0,0.0,0.0,1.0,0.5001198676851805,1.0,0.9603113626826612,0.8926051908021969,0.406539936629749,1.0,0.0,0.0,0.24730101440391677,1.0,0.0,1.0,0.0,0.0,1.0,0.0,1.0,1.0,1.0,0.0,0.15827366605395776,1.0,1.0,0.5595472404942567,0.17986576172385327,1.0,0.37763262469979453,0.0
gex_possorted_bam_SJSO3:GTGCTGATCGCTCCATx-M1,0.0,0.06333546391871624,0.9466440177879413,0.012122201553658249,0.0,0.0,1.0,0.0,1.0,0.0,1.0,0.5890610765184308,0.3107103513219316,1.0,0.0,1.0,1.0,0.2905696483005385,0.7902628210125286,0.0,0.0,0.0,0.0,0.0,1.0,0.07512861464963012,1.0,0.21159023939358407,0.1905143724198956,0.0,0.5664601622035029,0.0,0.0,0.0,1.0,0.0,1.0,0.0,0.0,1.0,0.0,1.0,1.0,1.0,0.0,0.0,1.0,1.0,0.04103738658555741,0.0,0.33605344276584925,0.022387700609645945,0.0
gex_possorted_bam_SJSO3:GTGCTTCTCCCGCCTAx-M1,0.0,0.03055385603906634,0.721176857988982,0.06366882429861209,0.0,0.0,1.0,0.30847162289284213,1.0,0.0,0.49094071928361194,0.49862037180264873,0.5795057285442863,1.0,0.0,1.0,0.7776295431529954,0.0,0.4221717397882664,0.0,0.0,0.0,0.0,0.0,1.0,0.12735129177365134,1.0,0.192292946498376,0.42017586621006386,0.0,0.0,0.03923574229226833,0.0,0.09082882576726188,1.0,0.0,1.0,0.0,0.0,1.0,0.44812374622383694,1.0,0.958158768986304,1.0,0.0,0.0,1.0,1.0,0.02845113280912548,0.0,0.36116943134742824,0.0,0.0
gex_possorted_bam_SJSO3:GTGATCAGTTTATCGCx-M1,0.0,0.008589182330217156,0.23027038527636756,0.0,0.0,0.0,0.0,0.044843154847852826,0.0,0.08642335780382718,0.3906424741508627,0.0,0.0,0.0,0.10086275327976026,0.1322341961001639,0.45604308100543706,0.061651009437799664,0.0,0.9295297415376064,0.29870433132245755,0.43505635008691496,0.0715197320501857,0.5709717400293205,0.0,0.0,0.422259699551071,0.0,0.0,0.0,0.6742220631478378,0.0,0.05196689331669061,0.022894771424442288,0.45847331924733115,0.06847733011871515,0.1091961419649109,0.0,0.018856262686594277,0.5555919206286767,0.0,0.11521550007796098,0.0,0.0,0.0,0.03218538864550877,0.0,0.2071575551560986,0.0,0.0,0.0,0.0,0.7013185638815097
gex_possorted_bam_SJSO3:GTGCAAGCATAAGCAAx-M1,0.0,0.0,0.0,0.0,0.0,0.0,0.38439115166099047,0.0,0.834946382305509,0.0,1.0,0.2533005953032498,0.0,0.9432558584324813,0.0,1.0,0.9980934997817024,0.1465714067369534,0.4139715070242087,0.0,0.0,0.0,0.0,0.0,0.7934137306813294,0.0,1.0,0.0,0.0,0.0,0.0,0.0,0.0,0.0,1.0,0.0,1.0,0.0,0.0,0.9997830783940093,0.0,1.0,0.8787047859720071,0.8470974804097804,0.0,0.0,0.7944756291887327,1.0,0.0,0.0,0.0759228063300104,0.0,0.0
gex_possorted_bam_SJSO3:GTGAATCTCTACCTATx-M1,0.0,0.07497394681128787,0.0,0.0,0.0,0.0,0.0,0.03419291096852248,0.0,0.016178369661193626,0.0,0.1426134267817662,0.0,0.0,0.09502659963512781,0.0,0.25047472535474524,0.0,0.0,1.0,0.18569533689642764,0.28084287405427577,0.006654099414571002,0.48757484901802944,0.0,0.0,0.40115671205953474,0.0,0.0,0.0,0.3240559877581409,0.0,0.013552540982555344,0.06541337357122011,0.4598374404126759,0.024957481899460506,0.13756791882675679,0.0,0.01726180494188296,0.4507081761848629,0.0,0.23068978736279636,0.0,0.0,0.0,0.0,0.0,0.1466735423465685,0.0,0.0,0.0,0.0,0.3195524497293996
gex_possorted_bam_SJSO3:GTGCTGATCACCATTTx-M1,0.03689380573412004,0.0,0.0,0.0,0.23886976800972076,0.0973308203549461,0.0,0.0,0.0,0.0,0.91009911047577,0.0,0.0,0.0,0.0,0.0,0.9149000335447467,1.0,0.0,1.0,0.5304993089750376,0.6427385019387789,0.09521696201623985,0.6321176535324036,0.0,0.0,0.5144177284112436,0.0,0.0,0.0,0.0,0.19052772890962036,0.13955868977588098,0.0,0.2825276234580545,0.0,0.0,0.025134777170394952,0.0,0.0,0.0,0.0,0.0,0.0,0.05586305775740696,0.0,0.0,0.39954832641857774,0.0,0.0,0.0,0.0,0.8104087793422035
gex_possorted_bam_SJSO3:GTGAATCTCGTAACGTx-M1,0.04416008408354701,0.0,0.0,0.0,0.12717328244381018,0.15843932609614442,0.0,0.0,0.0,0.0,0.8213468390502743,0.0,0.0,0.0,0.0,0.0,0.7591895332763835,0.9385890229937903,0.0,1.0,0.5589650565503114,0.7089542669374693,0.12080547076792154,0.7073734850052623,0.0,0.0,0.4379955579928698,0.0,0.0,0.0,0.0,0.016857293695038255,0.1439827675874644,0.0,0.23640324870416965,0.0,0.0,0.040653173098470434,0.0,0.02621671488260634,0.0,0.0,0.0,0.0,0.04275143515729798,0.0,0.0,0.14097062690100673,0.0,0.0,0.0,0.0,0.8963949926061597
gex_possorted_bam_SJSO3:GTGATCAGTCGACTAAx-M1,0.1132395427518563,0.0,0.0,0.0,0.394715544896742,0.6552519884373111,0.0,0.0,0.0,0.0,1.0,0.0,0.0,0.0,0.0,0.0,1.0,1.0,0.0,1.0,0.8317861345247041,0.9635997205447782,0.2314294761572021,0.750520972087443,0.0,0.0,0.3358936197129904,0.0,0.0,0.0524750575893573,0.0,0.1696365756919047,0.22252116788589013,0.0,0.14049047448758148,0.002087237325685953,0.0,0.06288205590872822,0.0,0.0,0.0,0.0,0.0,0.0,0.10617720587475947,0.0,0.0,0.3192344388346628,0.0,0.0,0.0,0.014657472207578563,1.0
gex_possorted_bam_SJSO3:GTGCTTACAATATGGAx-M1,0.03486720256174898,0.2243405392541399,1.0,0.02076485263318672,0.4092196525602675,0.5461978678525101,0.1914503130308466,0.10120088537362525,0.0,0.46458014641756945,0.5815823614828026,0.0,0.007131544541190666,0.0,0.281287332722447,0.18852502646079772,0.7921408148953182,0.42688356002766986,0.0,1.0,0.6766233419023112,0.6851899156585126,0.1677244045993584,0.6723063156509458,0.0,0.0,0.3976943300099988,0.13435483821639416,0.0,0.1362903791559373,1.0,0.05917919991157199,0.20273644099292326,0.05317415729395671,0.41938530608771407,0.20247932262066312,0.21679910512201822,0.004725537817751313,0.16658269597259212,0.7098717473136458,0.0,0.0,0.0,1.0,0.23970562935595313,0.14790999902513915,0.01085842027189036,0.12867392264945723,0.20803952255115793,0.31192219504110913,0.06507763251813378,0.06971579383239118,1.0
gex_possorted_bam_SJSO3:GTGCTGGGTTAGCGTAx-M1,0.0,0.24831273177739369,0.572283763333712,0.0,0.2635845954097716,0.36814723995625487,0.0804484703668605,0.07558191075668333,0.0,0.2579941135872825,0.4977508872735145,0.0,0.0,0.0,0.2964296862312304,0.0,0.8288290334860734,0.3908896940798648,0.0,1.0,0.7048787595035086,0.6951499424092973,0.1575363774777775,0.7208227412324778,0.0,0.0,0.2299792600975279,0.0,0.0,0.019675370704332083,1.0,0.0,0.17970013970346552,0.0,0.3181337418962763,0.1447691363043686,0.0,0.0,0.19105741630986087,0.7419451947470427,0.0,0.06475598426270764,0.0,0.007312659900107508,0.10737269523787404,0.05224083073991899,0.0,0.0,0.06724646157207412,0.11704666853026335,0.0,0.0,1.0
gex_possorted_bam_SJSO3:GTGCTTCTCTTAGGACx-M1,0.0,0.3337231273819043,0.4639846789406821,0.0,0.28472999852994824,0.5536505927160845,0.2946858446645657,0.12383483721337359,0.0,0.3096006144034102,0.6568052726100484,0.0,0.0,0.0,0.33773351525576023,0.06654709625437054,1.0,0.809501402364839,0.0,1.0,0.6209375468941386,0.6129293343863982,0.14854649211728574,0.6342020617715591,0.0,0.0,0.28589171840879085,0.00039769598574328473,0.0,0.004539729844896023,0.7412553100873465,0.0,0.17125096887658778,0.0,0.41801540980826435,0.14666244203704185,0.003657368540654469,0.0,0.20741547568542543,0.4441272072647781,0.11552983995749579,0.38439042195136236,0.0,0.0,0.11581453153042573,0.0035265041954148325,0.0,0.2392746163042505,0.03748761290720505,0.13171080693770337,0.0,0.0,0.8679452214142054
gex_possorted_bam_SJSO3:GTGCTGGGTGTCACGGx-M1,0.0,0.7379031873137479,1.0,0.34166554348930567,0.0,0.0,1.0,0.0,1.0,0.31959412164471523,1.0,1.0,1.0,1.0,0.0,1.0,1.0,0.2158453487826889,1.0,0.0,0.0,0.0,0.0,0.0,1.0,0.4860097737067946,1.0,0.9555784675316776,0.8257373376762238,0.4207981309778847,1.0,0.0685291143960762,0.0,0.2778488303527485,1.0,0.0,1.0,0.0,0.0,1.0,0.05533918517951901,1.0,1.0,1.0,0.0,0.13336492263390842,1.0,1.0,0.47770864282525094,0.24855545486140013,0.9774295361613835,0.38459334625239106,0.0
gex_possorted_bam_SJSO3:GTGATGAAGCCAAATCx-M1,0.0,0.0,0.05725296443440584,0.0,0.0,0.0,0.42309855428770554,0.0,1.0,0.0,1.0,0.35413449318927787,0.04650382927334198,1.0,0.0,1.0,1.0,0.35693131799460004,0.4687598587689451,0.0,0.0,0.0,0.0,0.0,0.8722682925102879,0.0,1.0,0.0,0.0,0.0,0.0,0.06449611037171267,0.0,0.0,1.0,0.0,1.0,0.0,0.0,0.9942713813599097,0.0,1.0,0.6756923521420449,0.49244871636589127,0.0,0.0,0.9037982295616089,1.0,0.0,0.0,0.1857622198374402,0.0,0.0
gex_possorted_bam_SJSO3:GTGCTTCTCTTTGACTx-M1,0.0,0.019308244470542024,0.0643399482237102,0.01720361060883803,0.0,0.0,0.8324725212613627,0.0,1.0,0.0,1.0,0.3854351121793925,0.43152743964926704,1.0,0.0,1.0,1.0,0.8377201318515236,1.0,0.0,0.0,0.0,0.0,0.0,1.0,0.06105813068033256,1.0,0.04088262608115325,0.14827646256261268,0.0,0.09420300265602971,0.0,0.0,0.0,1.0,0.0,1.0,0.0,0.0,1.0,0.0,1.0,1.0,1.0,0.0,0.0,1.0,1.0,0.0,0.0,0.29819015832590867,0.021948772097707205,0.0
gex_possorted_bam_SJSO3:GTGATCAGTCAAACTGx-M1,0.041948977331561006,0.0,0.17011645455285118,0.0,0.313748504635504,0.06773189435783974,0.0,0.03249612732472731,0.0,0.0,0.7461822843183714,0.0,0.0,0.0,0.0,0.0,0.8400179774960267,0.9512619133267896,0.0,1.0,0.508632513853417,0.6578094054803652,0.1356491906838493,0.5594518797571448,0.0,0.0,0.5165131276607077,0.0,0.0,0.0,0.0,0.18852410561529928,0.16533816525866904,0.0,0.2877434961894836,0.0,0.0,0.0324904353679593,0.0,0.007583503259829189,0.10429527363417485,0.0,0.0,0.0,0.06963904326776002,0.0,0.0,0.31337208252611287,0.0,0.047915959664251065,0.0,0.0,1.0
gex_possorted_bam_SJSO3:GTGCTCAAGGCGAATAx-M1,0.05624761649341871,0.0,0.08754425117291655,0.0,0.41174242617720536,0.4382997121193988,0.0,0.0,0.0,0.0,1.0,0.0,0.0,0.0,0.0,0.0,1.0,1.0,0.0,1.0,0.7157251562591355,0.8226881073090635,0.16572404570612143,0.6885772925257533,0.0,0.0,0.4718798254376077,0.0,0.0,0.0,0.0,0.28677712742205075,0.19481547781857986,0.0,0.19004153280255198,0.0,0.0,0.030302623135108002,0.0,0.0,0.0001287642726156206,0.0,0.0,0.0,0.08233221472450603,0.0,0.0,0.28308094417983004,0.0,0.0,0.0,0.0,1.0
gex_possorted_bam_SJSO3:GTGCTCCGTAAGCTCAx-M1,0.0,0.0,1.0,0.0,0.8094788519128249,0.6837546143882162,0.6161438283341855,0.23890835082844541,0.20943266911571587,0.0,1.0,0.0,0.0,0.0,0.0,0.0,1.0,1.0,0.0,1.0,0.6889053109564025,0.7397134227498344,0.11864542830129168,0.42442177827582955,0.0,0.0039011196867905565,0.7871507681334529,0.0,0.0,0.0,0.0,0.7611279480758029,0.15222035106654133,0.0,0.45494778141826253,0.0008381106595301194,0.0,0.0,0.09007062145691477,0.2960137006789463,0.7266397420883195,0.0,0.0,1.0,0.030765031238244554,0.002523467851641927,0.4757990442055075,0.4570191760438321,0.02454328605021125,0.16313745509277813,0.0,0.0,1.0
gex_possorted_bam_SJSO3:GTGCTTCTCGGTCAGCx-M1,0.1620596509746998,0.0,0.0,0.04273738122587381,0.47588474662960883,0.9306968111148021,0.0,0.0,0.0,0.0,1.0,0.0,0.0,0.0,0.03273304464409546,0.0,1.0,1.0,0.14166691314682628,1.0,0.9346878180802201,1.0,0.2319164229405628,0.8713694997133388,0.0,0.0,0.29228695302887,0.0,0.0,0.1601085980526418,0.0,0.20001862720409866,0.24915195857620456,0.0,0.11442358792881098,0.09253883431669244,0.0,0.13143219008531248,0.07005057349200103,0.0,0.0,0.0,0.0,0.0,0.21411433804985996,0.0615067883473109,0.0,0.17165219515797428,0.0,0.03971811139853669,0.0,0.11838475180023489,1.0
gex_possorted_bam_SJSO3:GTGCTGGGTGGAAGGCx-M1,0.0,0.10982268742197808,0.28906486917177426,0.0,0.0,0.0,0.0,0.0,0.0,0.0,0.8453466044959348,0.0,0.702478647897549,1.0,0.0,1.0,0.3753018660764331,0.15310017850770852,0.8746458553704445,0.0,0.0,0.0,0.0,0.0,1.0,0.0,1.0,0.0,1.0,0.06003330060880186,0.0,0.45225642061831506,0.0,0.2052952390144846,1.0,0.0,0.651946755923047,0.0,0.0,1.0,0.39693080340454834,0.0,0.29843012037304434,0.0,0.0,0.0,0.673010633339896,0.2143991504161124,0.0,0.0,0.7662346077204064,0.0,0.0
gex_possorted_bam_SJSO3:GTGAGGAGTTACATCCx-M1,0.15752223799765128,0.2392006361640066,1.0,0.1418023333875409,1.0,1.0,0.6419445462777585,0.29772857204584746,0.014146301146135323,0.5437534871342907,1.0,0.0,0.1773216806594082,0.0,0.3631199775244404,0.09457072083591343,1.0,1.0,0.0,1.0,1.0,1.0,0.3364330088444262,0.7781922947093428,0.0,0.08759502701529112,0.3864674077634843,0.2569528515859867,0.0,0.22498321570529337,0.9752430293035699,0.4699826809453097,0.3773177801397355,0.10949485432366442,0.30570312071266864,0.289247514773105,0.0,0.09860030379179714,0.38420835127524194,0.4730082823782527,0.46808829040423633,0.0,0.0,1.0,0.38124153871706484,0.23821192857736798,0.465415297578976,0.10764379753834524,0.307310442035943,0.5367034716873057,0.0,0.12599126245341355,1.0
gex_possorted_bam_SJSO3:GTGCTGATCCTAATAGx-M1,0.0,0.0,0.0,0.0,0.0,0.0,0.6587794996548381,0.0,1.0,0.0,1.0,0.41304327126747764,0.0,1.0,0.0,1.0,1.0,0.4776327070695508,0.746517811594187,0.0,0.0,0.0,0.0,0.0,1.0,0.0,1.0,0.0,0.11425289819790208,0.0,0.0,0.0,0.0,0.0,1.0,0.0,1.0,0.0,0.0,1.0,0.0,1.0,0.8596070035026341,0.6357008424357047,0.0,0.0,0.7856414063287686,1.0,0.0,0.0,0.2209508447934739,0.0,0.0
gex_possorted_bam_SJSO3:GTGCTGATCACCTGCTx-M1,0.07404974486831262,0.0,0.5225375094465073,0.0,0.7301220233153379,0.6184881791293505,0.0,0.0,0.0,0.12917375446399817,1.0,0.0,0.0,0.0,0.11330360142392629,0.0,1.0,1.0,0.0,1.0,0.754279668906079,0.9745920530394337,0.2111083876686426,0.745054089069469,0.0,0.0,0.3349527614585602,0.0,0.0,0.09253034132918458,0.25040297261855654,0.3329100820936414,0.2541450634826232,0.0,0.12065228912083509,0.09221060552939907,0.0,0.0033121174431870555,0.07816973930294688,0.07311581857699345,0.0,0.0,0.0,0.0,0.32875052455381787,0.028127129780918553,0.0,0.1637879994099231,0.0025351463295272977,0.26130063620162625,0.0,0.05181897480599224,1.0
gex_possorted_bam_SJSO3:GTGCGGTTCACGAATCx-M1,0.031537952349523155,0.0,0.0,0.0,0.10865261818691112,0.058084927842530026,0.0,0.0,0.0,0.0,0.9250028303714553,0.0,0.0,0.0,0.0,0.0,0.9150806331316412,1.0,0.0,0.9673685170920935,0.5919291006180313,0.6409263508949267,0.12366798821207027,0.6486145061358758,0.0,0.0,0.46650089795434013,0.0,0.0,0.0,0.0,0.20847878875977602,0.12941726129241263,0.0,0.2837911524738569,0.0,0.0,0.03424583446092693,0.0,0.0,0.0,0.0,0.0,0.0,0.0,0.0,0.0,0.4300201731616519,0.0,0.0,0.0,0.0,0.7385243759573424
gex_possorted_bam_SJSO3:GTGCATTAGGACCTTGx-M1,0.024818042403965117,0.0,0.0472940681340642,0.0,0.3405918594878481,0.2622057414383081,0.0,0.0,0.0,0.0,1.0,0.0,0.0,0.0,0.0,0.0,1.0,1.0,0.0,1.0,0.5744180503394485,0.7188729081466307,0.1301759692609236,0.6227989604906605,0.0,0.0,0.55341836046491,0.0,0.0,0.0,0.0,0.23602445873378916,0.11776241115899377,0.0,0.2401630797040824,0.0,0.0,0.01964176202417944,0.0,0.0,0.0,0.0,0.0,0.0,0.003666972764910176,0.0,0.0,0.47607724939087465,0.0,0.0,0.0,0.0,0.9270589988254538
gex_possorted_bam_SJSO3:GTGCACGGTATTGCAGx-M1,0.09121949753718743,0.6845856068365059,1.0,0.32024710259983513,0.0,0.9355472966965827,1.0,1.0,0.7686457683208389,1.0,0.25119482765454215,1.0,0.3826228162503103,1.0,0.5819725433063493,0.48367173853225925,1.0,1.0,1.0,1.0,0.4428720303260277,0.015326238941420626,0.4561730374869948,0.2540311901717106,0.22634298093895652,0.14301337578035497,0.36655128286563354,1.0,1.0,0.28802281400796326,0.0,0.0,0.41363629871148255,0.09347808560813721,1.0,0.6539169369448357,0.3520785474332133,0.5187245744804889,0.8227429435250652,0.6210818477162496,1.0,1.0,0.42545448249552476,0.5987887743421902,1.0,0.006856837318281546,1.0,0.6672157961398815,0.20965374859450078,0.9519088085090865,0.0,0.0,1.0
gex_possorted_bam_SJSO3:GTGCTCCGTTAACGATx-M1,0.0,0.1192415605047669,1.0,0.021567697089699606,0.0,0.0,1.0,0.0,1.0,0.0,1.0,0.9772810214101405,0.2352049151928585,1.0,0.0,1.0,1.0,0.32415667248295915,0.8591507804079774,0.0,0.0,0.0,0.0,0.0,1.0,0.09247255034337054,1.0,0.30762475706035036,0.0,0.0,0.659475137630107,0.0,0.0,0.005029694879697642,1.0,0.0,1.0,0.0,0.0,1.0,0.006855545833116767,1.0,1.0,1.0,0.0,0.0,1.0,1.0,0.053997665250859396,0.0,0.3035957015011186,0.00390965885799679,0.0
gex_possorted_bam_SJSO3:GTGTTCCTCTTAAGTGx-M1,0.1321945475274051,0.0,0.2127370758710579,0.049414769098436936,0.6477555579297245,1.0,0.0,0.013555509498412105,0.0,0.09414059828087402,1.0,0.0,0.0,0.0,0.13775885004795024,0.0,1.0,1.0,0.004291120424989445,1.0,0.9608350339327301,1.0,0.301735926603415,0.852297543736256,0.0,0.0,0.2723580369490365,0.0,0.0,0.23636524055508187,0.5267237634219936,0.15572216151434062,0.26779719446970185,0.0,0.11671037269456476,0.13968778534445908,0.0,0.06918567659892898,0.12169048485726419,0.0,0.0,0.0,0.0,0.0,0.31964170040703815,0.07789392802106777,0.0,0.18916082364259018,0.033765024124663034,0.249479729026147,0.0,0.1027233006593797,1.0
gex_possorted_bam_SJSO3:GTGGCTTCAATATACCx-M1,0.01942016814711488,0.0,0.0,0.0,0.33707704207696343,0.24810143332355064,0.0,0.0,0.0,0.0,1.0,0.0,0.0,0.0,0.0,0.0,0.9631402145822276,1.0,0.0,0.8765839973929244,0.5065500968237842,0.7274896759921626,0.14641842298475788,0.5789501630397725,0.0,0.0,0.4538505398851827,0.0,0.0,0.0,0.0,0.08239089230575891,0.08084201692352007,0.0,0.23273212541759702,0.0,0.0,0.040279526809229936,0.0,0.0,0.0,0.0,0.0,0.0,0.004975586801638111,0.0,0.0,0.34760749506592903,0.0,0.0,0.0,0.0,0.89094259355332
gex_possorted_bam_SJSO3:GTTAACCAGTCATTAGx-M1,0.0,0.1861374810507856,1.0,0.04603782554867949,0.0,0.0,1.0,0.0,1.0,0.09766648689982345,1.0,1.0,0.5948160562127658,1.0,0.0,1.0,1.0,0.0,0.8195266392980137,0.0,0.0,0.0,0.0,0.0,1.0,0.1732683528799923,1.0,0.7633154214016811,0.23407432254558458,0.1490812644164941,1.0,0.0,0.0,0.02417239210132997,1.0,0.0,1.0,0.0,0.0,1.0,0.0,1.0,1.0,1.0,0.0,0.0,1.0,1.0,0.18975514895342666,0.0,0.42770584042710685,0.06873915063029766,0.0
gex_possorted_bam_SJSO3:GTGTGCGGTATTGCAGx-M1,0.0,0.7320446765490243,1.0,0.22922763922870049,0.0,0.43879648285184103,1.0,0.20213292352290624,1.0,0.2638034826214244,1.0,0.8633952672710449,1.0,1.0,0.0,1.0,1.0,1.0,1.0,0.0,0.0,0.0,0.0,0.0,1.0,0.4037833900686979,1.0,0.5678096516435694,0.5889758786279207,0.0,1.0,0.22239116823864757,0.0,0.16055095920790022,1.0,0.0,1.0,0.0,0.0,1.0,0.5020626350356377,1.0,1.0,1.0,0.0,0.11604325247815131,1.0,1.0,0.41336401962613534,0.20681748804673739,0.5463305041336,0.20670872040610022,0.0
gex_possorted_bam_SJSO3:GTTAAGCTCTTAGTCTx-M1,0.0,0.3935830549019023,1.0,0.14960323518044988,0.18886217262358582,0.0013007367367570423,1.0,0.3799768581761832,1.0,0.008242145228614673,1.0,0.1123714208532193,0.9109211347597108,1.0,0.0,1.0,1.0,1.0,0.9393539311985013,0.0,0.0,0.0,0.0,0.0,1.0,0.2662601865869451,1.0,0.2724675749735627,0.55910337673287,0.0,0.47751064486119277,0.3493294878206278,0.0,0.09849597976755524,1.0,0.0,1.0,0.0,0.0,1.0,0.7585143560394796,1.0,1.0,1.0,0.0,0.09797985575244492,1.0,1.0,0.22873032454388,0.1405870141987208,0.3026174330545116,0.022471570463527806,0.4445107849231196
gex_possorted_bam_SJSO3:GTGTGAGCAGCAATAAx-M1,0.0,0.027795698570367285,1.0,0.0,0.0,0.0,1.0,0.0,1.0,0.0,1.0,0.8132249899448917,0.22456392114267967,1.0,0.0,1.0,1.0,0.0,0.5900252509999735,0.0,0.0,0.0,0.0,0.0,1.0,0.07186043481753722,1.0,0.26161808502889133,0.010688570767263868,0.0,0.677698050780456,0.0,0.0,0.0,1.0,0.0,1.0,0.0,0.0,1.0,0.022768277087029075,1.0,1.0,1.0,0.0,0.0,1.0,1.0,0.05915319273861958,0.0,0.2897413896434966,0.012587324549805977,0.0
gex_possorted_bam_SJSO3:GTGGCTTCAGGAAGCCx-M1,0.060617140110603686,0.0,0.34197241136129497,0.0,0.3426245498725266,0.5373130928789609,0.0,0.052960845714011565,0.0,0.0644472250479775,0.9937959254503008,0.0,0.0,0.0,0.07932988692280427,0.0,1.0,1.0,0.0,1.0,0.7669271955624152,0.78074846166745,0.17153797424484998,0.7022681892567425,0.0,0.0,0.39973568174275714,0.0,0.0,0.025674971960145797,0.34520541049282055,0.07961881187057746,0.20292167782517226,0.0,0.3258932493757228,0.0707270407010925,0.0,0.04522643159169462,0.08275943112958727,0.22261331882322935,0.0,0.0,0.0,0.0,0.1916109124774107,0.03614530528445964,0.0,0.2279117011958448,0.0,0.07893027775803435,0.0,0.0,1.0
gex_possorted_bam_SJSO3:GTTAACCAGACCATACx-M1,0.5276366047456503,0.1876161451000845,0.0,0.4140257669847726,0.6456574667630094,0.8987598383190684,0.0,0.42618963283169076,0.0,0.46735620675740047,0.6693706561091446,0.0,0.14153935901206127,0.0,0.49198862471149846,0.07492415019720879,0.5160318955569543,0.8743350869490559,0.19197947448544947,1.0,0.9858975526704195,1.0,0.585643162783442,0.9693407692259566,0.0,0.2543944945518033,0.11574569390617793,0.33518577797252297,0.31796362561515984,0.47132742694597496,0.6710532154682786,0.4731200822821054,0.5428953812890163,0.42275865166139365,0.17701254562972918,0.5822657617479196,0.04682825326466996,0.42730220462420915,0.49628280271532854,0.20309650282749261,0.30699392804463604,0.04200816964899599,0.1451366454711276,0.012901325664424243,0.5838758283784115,0.45478103292625005,0.0,0.1674437178053108,0.37077429124113054,0.4676110131939874,0.19925252258011383,0.4680234805557665,1.0
gex_possorted_bam_SJSO3:GTGTGAGCAAACAACAx-M1,0.0,0.35057305488482193,0.5906878474279639,0.08102862781095992,0.0,0.0,1.0,0.0,0.7068626490720245,0.0,1.0,0.4778580215896128,0.8820787487222747,1.0,0.0,1.0,0.9568651475563887,0.07413009841519991,1.0,0.0,0.0,0.0,0.0,0.0,1.0,0.1353691515443403,1.0,0.0,0.7168102717834948,0.045302838709521454,0.41798747661910435,0.436687091195651,0.0,0.14094394143982863,1.0,0.0,1.0,0.0,0.0,1.0,0.0,0.9888834950303219,1.0,1.0,0.0,0.017166946866009586,1.0,1.0,0.0,0.0,0.3466042417877103,0.09252725342816993,0.0
gex_possorted_bam_SJSO3:GTTAAACGTTGGATCAx-M1,0.0,0.0,0.5742261954276974,0.0,0.6934836653191476,0.4381737935243109,0.7323219495207691,0.3464878394840823,0.2896076283641087,0.0,1.0,0.0,0.0,0.032664595457428794,0.0,0.0,1.0,1.0,0.0,1.0,0.6512910553609033,0.6947537341681729,0.09265989633796495,0.35786220978296235,0.0,0.0,0.922065997145827,0.0,0.0,0.0,0.0,0.5787776940208963,0.1474957855514778,0.0,0.41965253879826836,0.0,0.0,0.0,0.04221359805770598,0.13308786685963697,0.8289070948911913,0.0,0.0,0.8050168004647783,0.0,0.021479781183429348,0.331390805684781,0.5605655468890459,0.0,0.012261449738300454,0.0,0.0,1.0
gex_possorted_bam_SJSO3:GTGTAACTCCGTTAAAx-M1,0.019055221522605165,0.0,0.0,0.0,0.21670500759841171,0.06710652849246011,0.0,0.0,0.0,0.0,0.7702681429571264,0.0,0.0,0.0,0.0,0.0,0.6469836546251728,0.752780895793271,0.0,1.0,0.4673244261158345,0.6663899933769311,0.15123341942597934,0.5956544491064356,0.0,0.0,0.38764803386048174,0.0,0.0,0.0,0.0,0.06962026781309978,0.0983898218136727,0.0,0.2337586118448062,0.0,0.0,0.05307746107592621,0.0,0.041502144969501796,0.0,0.0,0.0,0.0,0.056385799733669036,0.0,0.0,0.19048551530828095,0.0,0.0,0.0,0.0,0.8505682104827346
gex_possorted_bam_SJSO3:GTGTCCAAGGACCTTGx-M1,0.1762329555041097,0.2971817036265789,0.8159980553914498,0.12353669825383692,0.9630451744017883,0.48962187802948043,0.0,0.1769636430521544,0.04305788183933061,0.08601197479715338,0.5426510226106133,0.0,0.053468459245815045,0.0,0.023325799595297653,0.0,0.9405795661041102,1.0,0.0,1.0,1.0,0.7856578971423966,0.26791636018402587,0.7137588192585429,0.0,0.0,0.46104114420124087,0.534656552923152,0.3736904271878187,0.017491409701478666,0.4449948629264938,0.4443393270801479,0.2748352056132349,0.0,0.15271076744143824,0.19111111876124903,0.0,0.041701728947135586,0.19071127038513735,0.15257678282773443,0.5321114206015818,0.0,0.0,0.9791081556137149,0.48488909758259136,0.19133878955167327,0.15382636517725365,0.0,0.1907957793657514,0.4684535268702489,0.0,0.03301500510027984,1.0
gex_possorted_bam_SJSO3:GTGGTTAGTTGGATCAx-M1,0.0,0.0,0.0801863722767933,0.0,0.0,0.0,0.09254306733460073,0.0,0.4890671357303116,0.0,1.0,0.0,0.0,0.6508616358691613,0.0,0.6613357113565125,1.0,0.6673473230846426,0.24306145519562525,0.0,0.0,0.0,0.0,0.0,0.42119287492611335,0.0,1.0,0.0,0.0,0.0,0.0,0.12322197710243046,0.0,0.0,1.0,0.0,1.0,0.0,0.0,0.7357140111496259,0.0,1.0,0.2302356356335872,0.0,0.0,0.0,0.41803373196155835,1.0,0.0,0.0,0.042247700403112196,0.0,0.0
gex_possorted_bam_SJSO3:GTGTTACAGCACTAACx-M1,0.0,1.0,1.0,0.09571566305022888,0.03428379835704403,0.18523696710790136,1.0,0.3061629697181086,0.215027157990654,0.9735452513084937,0.0,0.8776644133885045,0.0,0.0,0.645109946502004,0.41271884691850014,0.08191286001213446,0.0,0.0,1.0,0.398751541042186,0.4373137413027292,0.11092539011043723,0.7040188477215622,0.0,0.0,0.013401353182069324,0.39970659784868734,0.278875084618341,0.10511342637555372,1.0,0.0,0.1882714753735401,0.3777968423894087,0.43904471245917215,0.4104067780238558,0.5008700470937377,0.025147395411155644,0.3961499014746842,1.0,0.16284613791645425,0.5569560083484348,0.0,0.9512814273633159,0.12199500324102495,0.23700046046901266,0.0,0.0,0.37107954559895856,0.4770753569012409,0.16041086545056488,0.07987631764917845,1.0
gex_possorted_bam_SJSO3:GTTAATGTCTGGCATGx-M1,0.15169695606228928,0.0,0.0,0.029608429651968245,0.19600574393957107,0.292820326353293,0.0,0.005898108589373012,0.0,0.0,1.0,0.0,0.0,0.0,0.0,0.0,0.8786340190205693,1.0,0.0,0.6851121311091112,0.5961393746384016,0.7517171306178843,0.2660356483907783,0.7082966488637452,0.0,0.0,0.33530589990163495,0.0,0.0,0.024306912874445124,0.0,0.13294429925160853,0.20936033942546514,0.0,0.13500540835871055,0.018054793404663944,0.0,0.08025202897929568,0.01992583331279121,0.0,0.06231510999294384,0.0,0.0,0.0,0.05764152032711276,0.03844196543284217,0.0,0.41361135186491804,0.0,0.0,0.0,0.032220353589788676,0.7378737436103128
gex_possorted_bam_SJSO3:GTTACGCCAATCATGTx-M1,0.0,0.0,0.0,0.0,0.0,0.0,0.0,0.01477841146919655,0.19908096071669115,0.0,0.6231744484765904,0.0,0.0,0.03721086805653723,0.0,0.14534899032488352,0.6466646103169077,0.5231631387823602,0.0,0.4284392223093208,0.15823568120455728,0.3281435187338784,0.04047806474220231,0.4318709286785403,0.0,0.0,0.6558984722674263,0.0,0.0,0.0,0.0,0.0,0.0018507154510671038,0.0,0.49780636479460805,0.0,0.43453170068866004,0.006268178735220456,0.0,0.3496939009161583,0.0,0.5481505299066326,0.0,0.0,0.0,0.0,0.0,0.868844921524356,0.0,0.0,0.0,0.0,0.40705043854735723
gex_possorted_bam_SJSO3:GTGGCTTCATAGACTTx-M1,0.0,0.17535458203576482,0.010272578890164575,0.0,0.0,0.0,0.21862232167303075,0.07258781214975382,0.0,0.046489521431213154,0.0,0.3045498073263624,0.0,0.0,0.20505261959996823,0.0,0.35781508247583055,0.0,0.0,1.0,0.2175902790013457,0.257262481723834,0.015318666971965891,0.5056775054562362,0.0,0.0,0.33789871703592034,0.0,0.0,0.0,0.2968168661185142,0.0,0.04933425444964917,0.10102875916338591,0.4592627363493077,0.03038517167813544,0.08405422420522239,0.0,0.11217524940162739,0.4600506120695349,0.1128401194203482,0.48043934376656267,0.0,0.0,0.0,0.0,0.0,0.08652363986746628,0.0,0.0,0.0,0.0,0.23168401203608885
gex_possorted_bam_SJSO3:GTGTGTTAGTGAACAGx-M1,0.0,0.10645044059546561,1.0,0.06541135681615415,0.0,0.2713412655476948,1.0,0.0,1.0,0.04908517482351342,1.0,0.08302384171137103,0.5198004613824733,1.0,0.0,1.0,1.0,0.9470013566951201,0.8125370078936129,0.0,0.0,0.0,0.0,0.0,1.0,0.12185906186333363,1.0,0.3840346887727842,0.17371974971633689,0.21359897948597828,1.0,0.0,0.0,0.0,1.0,0.0,1.0,0.0,0.0,1.0,0.0,1.0,1.0,1.0,0.0,0.06951868251109058,1.0,1.0,0.1739698766005738,0.09741278264423008,0.3890268247175227,0.10739461712121877,0.17402549104619977
gex_possorted_bam_SJSO3:GTTAAGTGTTCTTTAGx-M1,0.0,0.8181402497184949,1.0,0.31829599636859607,0.46296464389447267,0.09713381807051345,1.0,0.5774774936219441,1.0,0.37622688217300854,1.0,0.5514279227492264,1.0,1.0,0.0,1.0,1.0,0.9628669599981978,1.0,0.0,0.0,0.0,0.0,0.0,1.0,0.5812195731774058,1.0,0.5939172603517652,0.9689275058454179,0.0,0.7927095038273873,0.41611750129687197,0.0,0.2335651994264009,1.0,0.0,1.0,0.0,0.0,1.0,1.0,1.0,1.0,1.0,0.0,0.2406672227534745,1.0,1.0,0.5008329464096415,0.4477014280510912,0.6155666255666297,0.2317757538662686,0.6234282636532732
gex_possorted_bam_SJSO3:GTGTGCGGTCTAACAGx-M1,0.0,0.0905797992527292,1.0,0.0012802138111502252,0.0,0.0,1.0,0.0,1.0,0.06166852460647528,1.0,0.921063350606337,0.5636354068013413,1.0,0.0,1.0,1.0,0.0,0.6982047840966085,0.0,0.0,0.0,0.0,0.0,1.0,0.136739961582737,1.0,0.37389230669358287,0.0,0.04152152140329748,1.0,0.0,0.0,0.002759238532178097,1.0,0.0,1.0,0.0,0.0,1.0,0.0,1.0,1.0,1.0,0.0,0.0,1.0,1.0,0.16196118909340745,0.0,0.31773767936702346,0.051249810487472604,0.0
gex_possorted_bam_SJSO3:GTTAATGTCTCCATATx-M1,0.0,0.0,0.43012456893740375,0.0,0.0,0.0,0.8051062004393529,0.0,0.7875145835257402,0.0,1.0,0.8072606035558063,0.0,1.0,0.0,1.0,1.0,0.4172328823803789,0.6310401374544146,0.0,0.0,0.0,0.0,0.0,0.8847469496531368,0.0,1.0,0.00399476512616247,0.0,0.0,0.0,0.0,0.0,0.0,1.0,0.0,1.0,0.0,0.0,1.0,0.03486664929384205,1.0,1.0,1.0,0.0,0.0,0.8375044123208387,1.0,0.0,0.0,0.1487391786643288,0.0,0.0
gex_possorted_bam_SJSO3:GTTACCTGTGTTTGTCx-M1,0.21593689635262775,0.4420443593556236,0.9700169910847092,0.162883316229673,1.0,0.7605745110396591,0.0,0.22080752261162026,0.0004977342151351762,0.23158642437969398,0.6490736034404585,0.0,0.1803994589510541,0.0,0.12999459685650375,0.0,1.0,1.0,0.0,1.0,1.0,0.8595002009833965,0.31571796859836376,0.7706879976104588,0.0,0.021650086214422794,0.3986599115191567,0.6273923700140442,0.39760563425858003,0.10747828363488998,0.7573462222237974,0.5003754261864275,0.33823771673508357,0.0,0.1781257701711778,0.26513902859673066,0.0,0.0746466915317565,0.2613255561588988,0.2286189439301055,0.5476596245649021,0.0,0.03752410152244414,1.0,0.5653297606841037,0.2410985363839653,0.29661567606715084,0.0,0.2790231673098442,0.5793048631424141,0.03744448073590079,0.09102855140910932,1.0
gex_possorted_bam_SJSO3:GTTACGCCACAGGGACx-M1,0.0,0.13185048544684297,0.4491090313994502,0.0007584035829393675,0.0,0.0,0.9190982925116297,0.0,0.39258846471312203,0.0,1.0,0.8811093578613141,0.0029157176948464278,1.0,0.0,1.0,1.0,0.08647372910305892,0.3875705820374789,0.0,0.0,0.0,0.0,0.0,0.7483319230474974,0.0,1.0,0.06740011148510502,0.0,0.0,0.0987229956294895,0.0,0.0,0.0,1.0,0.0,1.0,0.0,0.015298003136406613,1.0,0.0,1.0,0.7129562974026196,1.0,0.0,0.0,0.9656115129422802,1.0,0.0,0.0,0.2685720932162959,0.0,0.0
gex_possorted_bam_SJSO3:GTGTGCGGTAAATTGCx-M1,0.0,0.0,0.24515460122679697,0.0,0.0,0.0,0.21871663439744635,0.0,0.1926594855917371,0.0,0.43341763073160783,0.13051884022295476,0.0,0.2903953641312022,0.0,0.7705194835831066,0.5843689907593714,0.0,0.0,0.0,0.0,0.0,0.0,0.0,0.13518115111327592,0.0,1.0,0.0,0.0,0.0,0.0,0.0,0.0,0.00016246564376132846,1.0,0.0,0.785598799098847,0.0,0.0,0.7992979080024046,0.0,0.9107927563684313,0.28164872321122747,0.2969253368226844,0.0,0.0,0.03912444784650418,1.0,0.0,0.0,0.0,0.0,0.0
gex_possorted_bam_SJSO3:GTTAAGCTCATTGTTCx-M1,0.0,0.10097037184151682,0.9243725195560533,0.006926054399307081,0.6624849424074436,0.49149559100478724,1.0,0.4369412242106966,0.6451607020504314,0.0171984734233364,1.0,0.0,0.0777588486779107,0.0011423159852811692,0.0,0.0,1.0,1.0,0.0,1.0,0.6350756773793232,0.5844967112923191,0.10009791919395525,0.2386659194379387,0.05689771475363024,0.0,0.8979654820675836,0.0,0.17798564936647404,0.0,0.0,0.45349059254400537,0.10225399393197773,0.0,0.5860958814460053,0.0,0.0,0.0,0.14175858956690338,0.42643241684191996,0.9578969724160649,0.02628733061862811,0.0,1.0,0.0,0.05959578132115378,0.5956786790894686,0.43793269347262265,0.03366414221104974,0.08139306268866843,0.0,0.0,1.0
gex_possorted_bam_SJSO3:GTTAAGTGTCCAAATGx-M1,0.046230107475794126,0.0,0.058154405540699707,0.0,0.2543180780806822,0.34266889136752143,0.0,0.0,0.0,0.0,0.8796709551555738,0.0,0.0,0.0,0.01683861339073924,0.0,0.8292759723792821,0.9885970513498145,0.0,1.0,0.6857207761930941,0.753633004715429,0.15723300844161248,0.7363393381986072,0.0,0.0,0.3735817237647071,0.0,0.0,0.0,0.2861488895090099,0.0,0.17457970428052452,0.0,0.20838304565814492,0.02342210989599288,0.0,0.01876438403216142,0.0025842974035138696,0.1335372983064568,0.0,0.0,0.0,0.0,0.10552524431782583,0.04856506922829897,0.0,0.14358658607123811,0.0,0.0,0.0,0.0,0.8727044641261948
gex_possorted_bam_SJSO3:GTGGCTTCATATTGACx-M1,0.0,0.18465836641290947,0.9224079692454014,0.015599103233998905,0.0,0.0,1.0,0.0,1.0,0.0,1.0,1.0,0.3255784800993553,1.0,0.0,1.0,1.0,0.20172092254659227,0.844966191344202,0.0,0.0,0.0,0.0,0.0,1.0,0.04212475878559834,1.0,0.1507031366410854,0.1642855188066621,0.0,0.42489595336950475,0.0,0.0,0.025610798988452234,1.0,0.0,1.0,0.0,0.0,1.0,0.0294847064348048,1.0,1.0,1.0,0.0,0.0,1.0,1.0,0.05014510732103069,0.0,0.35590460133224644,0.0,0.0
gex_possorted_bam_SJSO3:GTGGATGCACGGTACTx-M1,0.0,0.0,0.8742758500662945,0.0,0.0,0.0,1.0,0.0,1.0,0.0,1.0,0.635798748069885,0.3357155598453192,1.0,0.0,1.0,1.0,0.404876939897432,0.7836383068624841,0.0,0.0,0.0,0.0,0.0,1.0,0.06679568062607837,1.0,0.11123593242702982,0.0,0.0,0.5654660626650153,0.00198006240832453,0.0,0.0,1.0,0.0,1.0,0.0,0.0,1.0,0.0,1.0,1.0,1.0,0.0,0.0,1.0,1.0,0.00027151316676683203,0.0,0.18425642223633676,0.022137269312275422,0.0
gex_possorted_bam_SJSO3:GTGGTTAGTGAGGTAGx-M1,0.0,0.38143075432813645,1.0,0.10239232051736767,0.0,0.0,1.0,0.0,1.0,0.07089199431278498,1.0,0.9258860925114304,0.890727272200703,1.0,0.0,1.0,1.0,0.18936454239550465,1.0,0.0,0.0,0.0,0.0,0.0,1.0,0.21426382708040453,1.0,0.5275660554763153,0.42028100311362254,0.2369240318322096,1.0,0.0,0.0,0.03826661532292062,1.0,0.0,1.0,0.0,0.0,1.0,0.0,1.0,1.0,1.0,0.0,0.029688299400989916,1.0,1.0,0.26056624177813265,0.0,0.5536771115622451,0.15714108523394296,0.0
gex_possorted_bam_SJSO3:GTTCCCAGTAGCAGCTx-M1,0.0,0.3628729598934146,1.0,0.13159605615442832,0.0,0.0,1.0,0.0,1.0,0.04028536131294,1.0,0.7908587950599416,1.0,1.0,0.0,1.0,1.0,0.5728312801496263,1.0,0.0,0.0,0.0,0.0,0.0,1.0,0.2845562693157932,1.0,0.725305044106451,0.31721514788719607,0.30170414614095276,1.0,0.0,0.0,0.14085639491607546,1.0,0.0,1.0,0.0,0.0,1.0,0.0,1.0,1.0,1.0,0.0,0.06172927762948426,1.0,1.0,0.31787347094443563,0.0,0.6713372445605295,0.220384094298686,0.0
gex_possorted_bam_SJSO3:GTTACGTAGGGTGAACx-M1,0.0,0.0,0.22476124170714543,0.0,0.455934479909334,0.14961190712985373,0.0,0.1634217120524056,0.046616798769164317,0.0,0.9893561599298502,0.0,0.0,0.0,0.0,0.0,1.0,1.0,0.0,1.0,0.5802477101528923,0.6325744202758259,0.09207604540529288,0.43027132629570497,0.0,0.0,0.7280714693051172,0.0,0.0,0.0,0.0,0.3899676230651493,0.11756977421612516,0.0,0.34623613337174014,0.0,0.0,0.0,0.0,0.008720277835897492,0.4914704450790354,0.0,0.0,0.0,0.0,0.0,0.0,0.4914803263884303,0.0,0.0,0.0,0.0,1.0
gex_possorted_bam_SJSO3:GTTCACCTCATTATGGx-M1,0.0,0.4455611088909436,1.0,0.15279710475882763,0.0,0.0,1.0,0.0,1.0,0.07619150060746775,1.0,0.9118691310613852,0.9582576295408718,1.0,0.0,1.0,1.0,0.6279772850996149,1.0,0.0,0.0,0.0,0.0,0.0,1.0,0.2766015542258616,1.0,0.6419258046405477,0.37937671397257006,0.2953631156594477,1.0,0.0,0.0,0.09150510497520827,1.0,0.0,1.0,0.0,0.0,1.0,0.0,1.0,1.0,1.0,0.0,0.07934543088467999,1.0,1.0,0.289069999395101,0.0,0.6722922742637536,0.18895509809330865,0.0
gex_possorted_bam_SJSO3:GTTGCGGGTTCCGGGAx-M1,0.0663946177427862,0.0,0.0,0.0,0.2946095752361225,0.1998701682004247,0.0,0.0,0.0,0.0,1.0,0.0,0.0,0.0,0.0,0.0,0.8971295283347409,1.0,0.0,0.9390973780793078,0.6527383279575778,0.7290818097463626,0.1395346808770018,0.758463393058166,0.0,0.0,0.42861990796934296,0.0,0.0,0.0,0.0,0.1302722080720618,0.14665657519643205,0.0,0.2613780059299586,0.0,0.0,0.07653029106380652,0.0,0.0,0.0,0.0,0.0,0.0,0.056869863516530755,0.0,0.0,0.315963649673007,0.0,0.0,0.0,0.0,0.8394945357277604
gex_possorted_bam_SJSO3:GTTAGACTCATGCAACx-M1,0.0,0.0,0.19813707243702539,0.0,0.0,0.0,0.0,0.0,0.5385022271589679,0.0,1.0,0.0,0.009602444600783107,0.6346668882654745,0.0,0.9823362080776765,0.9617987663244046,0.5135302639527082,0.27760910353857193,0.0,0.0,0.0,0.0,0.0,0.5750338107273605,0.0,1.0,0.0,0.0,0.0,0.0,0.008495491323884082,0.0,0.0,1.0,0.0,1.0,0.0,0.0,0.7106444908454613,0.0,0.9464026170772283,0.4039049243461103,0.16288811812182064,0.0,0.0,0.46264137517548143,1.0,0.0,0.0,0.0,0.0,0.0
gex_possorted_bam_SJSO3:GTTCTTGTCCTAAGGTx-M1,0.4827486067215421,0.3133368340223549,0.013868521978382483,0.3837821273659497,0.4997590421592387,1.0,0.0,0.448469195548962,0.0,0.47695868210411796,0.7684399606250958,0.0,0.27951773385429435,0.026205796915475504,0.4727189334066713,0.17820841685933045,0.7203206618634443,1.0,0.30542366514592734,1.0,0.9302674422691279,0.9326070690617727,0.5171101223536186,0.9251071515735233,0.05528662793705057,0.2868912455170056,0.16848950279814015,0.24479993331197275,0.2787216871548176,0.39887215918282537,0.7435174241211239,0.46457278706707783,0.5219985312022775,0.40259438220920585,0.1801079800533834,0.5483187883973034,0.0318327889102301,0.39792078846361395,0.4395170244230054,0.261698123043457,0.25832489782201057,0.013913107167114367,0.12219461437381374,0.018473099907297875,0.584859963170392,0.4612212165966713,0.0,0.29124557666312045,0.37742156443336244,0.5163962626403245,0.2643157472262687,0.4249298072874071,1.0
gex_possorted_bam_SJSO3:GTTCGCGCACATAACTx-M1,0.0,0.0,0.0,0.0,0.0,0.0,0.43696451357889987,0.0,0.8996976061391145,0.0,1.0,0.31138328466031856,0.0668381803591385,1.0,0.0,1.0,1.0,1.0,0.9257868326757319,0.0,0.0,0.0,0.0,0.0,1.0,0.020445281771325367,1.0,0.0,0.05315939368551886,0.0,0.0,0.0,0.0,0.0,1.0,0.0,1.0,0.0,0.0,0.9717376216759092,0.0,1.0,0.6340701760422033,0.03018460643055943,0.0,0.0,0.9165148484778969,1.0,0.0,0.0,0.22991795435440224,0.0,0.0
gex_possorted_bam_SJSO3:GTTCTTAGTTTCCACGx-M1,0.0,0.05753680808312317,0.18017671675067906,0.0,0.0,0.0,0.0,0.0,0.0,0.0,0.9660860270632904,0.0,0.5471952996033037,1.0,0.0,1.0,0.5938047815387103,0.24005156529917324,0.7768070386689414,0.0,0.0,0.0,0.0,0.0,1.0,0.0,1.0,0.0,0.8560377098191311,0.0,0.0,0.31284639227886973,0.0,0.1279445524780712,1.0,0.0,0.9653879964510879,0.0,0.0,1.0,0.264181015158089,0.0,0.3561671052115676,0.0,0.0,0.0,0.8060843464449812,0.8684165513836148,0.0,0.0,0.5424440867718148,0.0,0.0
gex_possorted_bam_SJSO3:GTTAGACTCTCCATGCx-M1,0.0,0.14274626213983863,1.0,0.04144778600152227,0.440269757583968,0.272375599572438,1.0,0.36629635555761353,1.0,0.0,1.0,0.0,0.45136597126339,0.6488653683844327,0.0,0.6367613005586596,1.0,1.0,0.5789682420311333,0.9224187542850039,0.03688222608391353,0.0,0.0,0.0,1.0,0.05808558991587247,1.0,0.0,0.3927726752023644,0.0,0.11701018657892837,0.5767298218104067,0.0,0.0,1.0,0.0,1.0,0.0,0.0,1.0,0.7516379591245651,1.0,0.5623898780157938,1.0,0.0,0.07016164407291664,1.0,1.0,0.07290101979818175,0.0,0.0,0.0,0.9263819071044913
gex_possorted_bam_SJSO3:GTTCTTAGTGATTTGGx-M1,0.08262171970299177,0.0,0.0,0.0,0.3520310459397406,0.5201739851204439,0.0,0.0,0.0,0.0,1.0,0.0,0.0,0.0,0.0,0.0,1.0,1.0,0.0,1.0,0.7843454775048206,0.8718492491643232,0.1745074890668992,0.7367087238088329,0.0,0.0,0.35873688887778327,0.0,0.0,0.05236800861664183,0.0,0.08558166980086958,0.15502223820566097,0.0,0.18611343030662536,0.0,0.0,0.06667803964155833,0.0,0.0,0.0,0.0,0.0,0.0,0.06534058515300614,0.0,0.0,0.23700107755635902,0.0,0.0,0.0,0.0,0.8550970005830512
gex_possorted_bam_SJSO3:GTTGCATAGTTAGTTGx-M1,0.028306438075591394,0.0,0.0,0.0,0.12933218580553638,0.01155024651425406,0.0,0.0,0.0,0.0,0.9486095605713896,0.0,0.0,0.0,0.0,0.0,0.8502818183346029,1.0,0.0,0.6897833430615882,0.4807387590006554,0.6128789632574497,0.10141811807083982,0.5995052745821782,0.0,0.0,0.5032669550620447,0.0,0.0,0.0,0.0,0.06688350558533696,0.09945785043102759,0.0,0.28110786334617016,0.0,0.0,0.04642625109629841,0.0,0.0,0.0,0.0,0.0,0.0,0.0,0.0,0.0,0.41752549705222997,0.0,0.0,0.0,0.0,0.636512698411392
gex_possorted_bam_SJSO3:GTTCGCTTCCGCCTCAx-M1,0.0,0.020343801808844854,0.09192428453674602,0.0006149648470907175,0.0,0.0,0.847868591859207,0.0,1.0,0.0,1.0,0.22961358715907637,0.41373506359485995,1.0,0.0,1.0,1.0,1.0,1.0,0.0,0.0,0.0,0.0,0.0,1.0,0.08213842172081502,1.0,0.0,0.19816990914076274,0.0,0.0,0.0,0.0,0.015614832980335802,1.0,0.0,1.0,0.0,0.0,1.0,0.0,1.0,1.0,1.0,0.0,0.0,1.0,1.0,0.0,0.0,0.30565854391797115,0.01423433745081707,0.0
gex_possorted_bam_SJSO3:GTTGCATAGTTATTCCx-M1,0.055136688166585984,0.0,0.6823691468341705,0.017873478313081385,0.6163621293238272,0.8640282718826088,0.0,0.0,0.0,0.2750055469718247,1.0,0.0,0.0,0.0,0.22010858919632093,0.0,1.0,1.0,0.0,1.0,0.784133251248385,0.9202437865009245,0.21737703332066569,0.8135963655923486,0.0,0.0,0.41634508882116034,0.0,0.0,0.17646632892139574,0.824189368084807,0.2058311833292679,0.25103498244210326,0.0,0.20928518443172697,0.15167114203927828,0.0,0.0,0.10090569025854823,0.2253388572943542,0.0,0.0,0.0,0.4306341264919415,0.24913539811518448,0.09110811535160458,0.0,0.20133489824398149,0.08564891548745576,0.32876355446357935,0.0,0.05512562307742989,1.0
gex_possorted_bam_SJSO3:GTTCCCAGTTGCACGGx-M1,0.07194093608964494,0.0,0.0,0.0,0.3653903346826691,0.1632392000911116,0.0,0.0,0.0,0.0,0.8021798236172724,0.0,0.0,0.0,0.008910165330500971,0.0,0.7510045578932956,0.8788186925855517,0.0,0.9831150013849802,0.48845564465496605,0.691813049516185,0.18189060567485024,0.635764467449682,0.0,0.0,0.4417014688743021,0.0,0.0,0.0,0.0,0.12830198389434716,0.15081165628622306,0.0,0.24749215402622893,0.022488069238365715,0.0,0.03155373612104674,0.01384428155836279,0.0,0.0,0.0,0.0,0.0,0.05069257571502276,0.0010451937971715898,0.0,0.25173567133091307,0.0,0.034274551897771025,0.0,0.0,0.7163701677387133
gex_possorted_bam_SJSO3:GTTCATTTCTTGAGCGx-M1,0.0,0.0,0.0,0.0,0.0,0.0,0.3706577973033258,0.0,1.0,0.0,1.0,0.21862288466010898,0.09155501230300012,1.0,0.0,1.0,1.0,0.7078583428833792,0.8024507411442596,0.0,0.0,0.0,0.0,0.0,1.0,0.03041344664285009,1.0,0.0,0.15472687632914447,0.0,0.0,0.0,0.0,0.0,1.0,0.0,1.0,0.0,0.0,0.9082856991987042,0.0,1.0,0.5774970844016771,0.0,0.0,0.0,0.9038461589786448,1.0,0.0,0.0,0.4031959802230774,0.0,0.0
gex_possorted_bam_SJSO3:GTTGCGGGTCACTCGCx-M1,0.0,1.0,1.0,0.08423901744143707,0.0,0.3643042263469053,1.0,0.31628795215434036,0.0,0.8751977547797808,0.0,0.9844512221018138,0.0,0.0,0.7326808909141128,0.5114365554697743,0.5800942707122664,0.0,0.0,1.0,0.395800706949486,0.3310924934541726,0.1010759095586754,0.6388359631289503,0.0,0.0,0.0041036593671430295,0.30612907231440956,0.10524892613385803,0.015552194356931313,1.0,0.0,0.1812407221000575,0.37746419911334106,0.5270583649216035,0.38398883768063924,0.4292126337635992,0.011738507659470623,0.4656317786409458,1.0,0.3025202193153707,0.8660049331259724,0.0,0.6819841303329547,0.137947357756731,0.14708389715089504,0.0,0.0,0.28516644646591943,0.33572042443499034,0.0,0.0,0.6926810110004848
gex_possorted_bam_SJSO3:GTTCTCATCGGTCAATx-M1,0.0,0.0,0.04754594703084819,0.0,0.07900697164554697,0.0,0.0,0.0,0.0,0.0,0.3778389196164336,0.0,0.0,0.0,0.0915823386673273,0.0,0.5855763596531022,0.07709986704022473,0.0,1.0,0.4551636145545727,0.5240362149754768,0.09696631764884903,0.5977817332114814,0.0,0.0,0.4406174448382481,0.0,0.0,0.0,0.10249511197051889,0.0,0.1115080213156964,0.0,0.38865920362930434,0.013867827737953099,0.0,0.0,0.02381315733190594,0.24214151217522908,0.0,0.055953990923454044,0.0,0.0,0.0038654930587781917,0.0,0.0,0.1480685350267756,0.0,0.0,0.0,0.0,0.7843647992902547
gex_possorted_bam_SJSO3:GTTAGGCGTGATGATTx-M1,0.24341311119013914,0.0,0.0,0.10285022027094176,0.6619156624439981,1.0,0.0,0.07928251424539044,0.0,0.08250381820435376,1.0,0.0,0.0,0.0,0.17293972495889556,0.0,1.0,1.0,0.13116983991033163,1.0,0.9196253561680544,1.0,0.32738400829091213,0.9464765623773725,0.0,0.0,0.29609993437640064,0.006133084277519074,0.0,0.24215896642257756,0.43975285471777203,0.3981464759657958,0.2966619795278263,0.03896966864850995,0.15033477142230284,0.2276711821665708,0.0,0.16317924031595432,0.1765365830514794,0.05102050479633858,0.0,0.0,0.0,0.0,0.29283586560373387,0.18393315037048896,0.0,0.02068053674219389,0.0827053105248145,0.20506060711140245,0.0,0.19743082934392267,1.0
gex_possorted_bam_SJSO3:GTTCTCATCTTGCATTx-M1,0.0,0.46195745087874573,1.0,0.16297038485276635,0.0,0.0,1.0,0.03722917253204098,1.0,0.0,1.0,1.0,0.806389114898297,1.0,0.0,1.0,1.0,0.7835418967913066,1.0,0.0,0.0,0.0,0.0,0.0,1.0,0.27018585794851846,1.0,0.549876521093944,0.3941251967395934,0.06409885676431339,0.5691963335440653,0.0,0.0,0.13002218676916946,1.0,0.0,1.0,0.0,0.0,1.0,0.0,1.0,1.0,1.0,0.0,0.03531150272925804,1.0,1.0,0.23839500578292294,0.0,0.7505264830015181,0.14969821543301778,0.0
gex_possorted_bam_SJSO3:GTTGCGGGTCCACAAAx-M1,0.0,0.0,0.0,0.0,0.0,0.0,0.8487899821179502,0.0,1.0,0.0,1.0,0.23600780970310486,0.28944718773269157,1.0,0.0,1.0,1.0,0.588844843827829,0.7426046911821037,0.0,0.0,0.0,0.0,0.0,1.0,0.06913758110380998,1.0,0.0,0.14328647193837624,0.0,0.0,0.06037781085329511,0.0,0.0,1.0,0.0,1.0,0.0,0.0,1.0,0.0,1.0,0.9592897412967083,1.0,0.0,0.0,1.0,1.0,0.0,0.0,0.2511753956852124,0.0,0.0
gex_possorted_bam_SJSO3:GTTACGTAGTTGCCTCx-M1,0.0,0.0,0.0,0.0,0.0,0.0,0.5407164889507555,0.0,1.0,0.0,1.0,0.30585265647174736,0.09399868562022966,1.0,0.0,1.0,1.0,0.2579339433945146,0.6516065906680966,0.0,0.0,0.0,0.0,0.0,1.0,0.010335739697120715,1.0,0.0,0.2287365620313913,0.0,0.0,0.0,0.0,0.0,1.0,0.0,1.0,0.0,0.0,1.0,0.0,1.0,0.7063127650475706,0.2297923351963021,0.0,0.0,1.0,1.0,0.0,0.0,0.27807924853781696,0.0,0.0
gex_possorted_bam_SJSO3:GTTCCCAGTTGACTTCx-M1,0.0,0.1524528727049441,0.5763772096809541,0.0,0.2422828314907735,0.17355794727759546,0.0,0.05976362067538784,0.0,0.23281469424793408,0.4328754156695386,0.0,0.0,0.0,0.19491751730416568,0.0,0.8141273111258549,0.3218685624725221,0.0,1.0,0.5150416964400705,0.6226131191268388,0.09838012492693422,0.6477327173078767,0.0,0.0,0.37325462587719094,0.0,0.0,0.0,0.5755022110510946,0.0,0.1538708458117399,0.0,0.34319089253240614,0.049286692200027626,0.0043355403003330064,0.0,0.12489418703737169,0.31520638400063916,0.06036678042381102,0.0915741235134467,0.0,0.0,0.14444461472177805,0.0,0.0,0.17849023240001735,0.0,0.13403248711375615,0.0,0.0,0.8621184130752715
gex_possorted_bam_SJSO3:GTTCCTTCAATCCCTTx-M1,0.0,0.0,0.009153411272802758,0.0,0.2458505652385856,0.0,0.0,0.0,0.0,0.0,0.7202893669619028,0.0,0.0,0.0,0.0,0.0,0.699924547060816,0.7008010582891759,0.0,0.7844409943905435,0.45663216328195333,0.5285585573964414,0.11999629594531779,0.554302549497801,0.0,0.0,0.4304951907045794,0.0,0.0,0.0,0.0,0.12381338077467635,0.04794573442346534,0.0,0.29318850192035745,0.0,0.0,0.0,0.0,0.0447455860204604,0.0,0.0,0.0,0.0,0.0,0.0,0.0,0.28115032472235546,0.0,0.0,0.0,0.0,0.7856405800711714
gex_possorted_bam_SJSO3:GTTAGACTCAAACCGTx-M1,0.0,0.3740230152471735,1.0,0.013073769444090557,0.0,0.0,1.0,0.0,1.0,0.0903817502428198,0.9774292353895782,1.0,0.3612760328945393,1.0,0.0,1.0,1.0,0.0,0.6526792633635863,0.0,0.0,0.0,0.0,0.0,1.0,0.07219374430998324,1.0,0.2589596344200295,0.1765714002169679,0.0,0.8265550506616028,0.0,0.0,0.05818830903498372,1.0,0.0,1.0,0.0,0.0,1.0,0.11735847206699175,1.0,1.0,1.0,0.0,0.0,1.0,1.0,0.127306358788548,0.0,0.23775373695895857,0.02916033859364318,0.0
gex_possorted_bam_SJSO3:GTTCTCATCCACCTGTx-M1,0.0,0.0,0.17138615537802301,0.0,0.0,0.0,0.548723359578348,0.0,1.0,0.0,1.0,0.4406455782055216,0.059775146206270814,1.0,0.0,1.0,0.9474571746188869,0.0,0.5126610057277977,0.0,0.0,0.0,0.0,0.0,1.0,0.0006698824436265753,1.0,0.0,0.16455132138273895,0.0,0.0,0.019338470021127506,0.0,0.0,1.0,0.0,1.0,0.0,0.0,1.0,0.0,1.0,0.8625086425079672,0.6969614149429338,0.0,0.0,1.0,1.0,0.0,0.0,0.09683171863157952,0.0,0.0
gex_possorted_bam_SJSO3:GTTCACCTCCCTCTAAx-M1,0.024793501243923422,0.0,0.0,0.0,0.09474943429531064,0.0,0.0,0.0,0.0,0.0,0.638406051326558,0.0,0.0,0.0,0.0,0.0,0.5596655378748924,0.4671503705184306,0.0,1.0,0.522281962145644,0.660422483394462,0.10796642625977025,0.6683791096597002,0.0,0.0,0.44167031820972247,0.0,0.0,0.0,0.0,0.04574194569898329,0.1300719280129195,0.0,0.2617884801859651,0.0,0.0,0.037051186501273065,0.0,0.07155729080092059,0.0,0.0,0.0,0.0,0.016017915094729187,0.0,0.0,0.11766083221590064,0.0,0.0,0.0,0.0,0.8182250399626472
gex_possorted_bam_SJSO3:GTTCACCTCAAGTGTCx-M1,0.0,0.0,0.2958126934998521,0.0,0.0,0.0,0.7557587586475311,0.0,1.0,0.0,1.0,0.0,0.024383162360991986,0.8403261227423728,0.0,0.7731701772115565,1.0,0.485584891711007,0.38723554166164914,0.0,0.0,0.0,0.0,0.0,0.7751201145741767,0.0,1.0,0.0,0.058496389125081094,0.0,0.0,0.15845662314528633,0.0,0.0,1.0,0.0,1.0,0.0,0.0,0.9784705030676312,0.1515570499394465,1.0,0.5382390010626051,0.654379116215504,0.0,0.0,0.8413180650644893,1.0,0.0,0.0,0.060106276335598265,0.0,0.0
gex_possorted_bam_SJSO3:GTTCTTAGTTCCTGTGx-M1,0.0,0.45987993365282304,1.0,0.03831496972362101,0.0,0.0,1.0,0.0,0.9550745303081227,0.06611506527705235,1.0,1.0,0.3268403956937708,1.0,0.0,1.0,1.0,0.7027662929006119,0.9712996029306117,0.0,0.0,0.0,0.0,0.0,1.0,0.054583440353895625,1.0,0.21395810396819792,0.0,0.010227029660669597,0.6693714732646695,0.0,0.0,0.02641513965755869,1.0,0.0,1.0,0.0,0.0,1.0,0.13154415229877564,1.0,1.0,1.0,0.0,0.0,1.0,1.0,0.11196293536625765,0.0,0.1794413412047522,0.03214228731419808,0.0
gex_possorted_bam_SJSO3:GTTGCATAGGCTAAGAx-M1,0.035798682755580534,0.0,0.06858042160188572,0.0,0.2047322369017338,0.0,0.0,0.01589332868909323,0.0,0.0,0.593355452109103,0.0,0.0,0.2657948580866355,0.03465961737019359,0.0,0.7015383008542126,0.4771136003053174,0.0,0.6454474034011155,0.31303422237769984,0.4870329054108651,0.07303353324143613,0.5817808226630451,0.0,0.0,0.5287487905189704,0.0,0.7532875261242775,0.0,0.0,0.15389907148582993,0.10055299478218561,0.0,0.43189658280010335,0.0,0.5995254521326064,0.0483828324039962,0.0,0.3516501704217078,0.0,0.31213226837281643,0.0,0.0,0.12412896213887933,0.0,0.0,0.643337738202795,0.0,0.0,0.0,0.018819126696792015,0.4393547278100123
gex_possorted_bam_SJSO3:GTTCATTTCCTACCTAx-M1,0.03463246806457999,0.0,0.0,0.0,0.2383269126724362,0.1973093887173869,0.0,0.0,0.0,0.0,0.9797256798321612,0.0,0.0,0.0,0.0,0.0,0.8617626587208145,1.0,0.0,1.0,0.6190291550800474,0.7489685128949746,0.14801020066082268,0.7196622952962414,0.0,0.0,0.3633935154966762,0.0,0.0,0.0,0.0,0.13291974413784174,0.11821297166542842,0.0,0.20392139569906162,0.0,0.0,0.08989227621582724,0.0,0.0,0.0,0.0,0.0,0.0,0.09075643265607983,0.0,0.0,0.2986135955962983,0.0,0.0,0.0,0.0,0.7787194114167139
gex_possorted_bam_SJSO3:GTTAGGCGTGCCTCACx-M1,0.0,0.6065906543297471,1.0,0.24593479541881125,0.0,0.0,1.0,0.0,1.0,0.34856957636466246,1.0,1.0,1.0,1.0,0.0,1.0,1.0,0.5502566371802664,1.0,0.0,0.0,0.0,0.0,0.0,1.0,0.3832363568407729,1.0,1.0,0.21463420217834037,0.5245013763501641,1.0,0.0,0.0,0.23666278981911756,1.0,0.0,1.0,0.0,0.0,1.0,0.015552482877913491,1.0,1.0,1.0,0.0,0.1570894221176933,1.0,1.0,0.5054105844366508,0.0,0.7250608410554688,0.29722422295952927,0.0
gex_possorted_bam_SJSO3:GTTCTTGTCTAATCCTx-M1,0.0,0.0,0.23271391774455924,0.0,0.0,0.0,0.43250211556880824,0.0,0.9021294148806371,0.0,1.0,0.30306020296723263,0.01341393968500606,0.960205721293415,0.0,1.0,1.0,0.19530948389563926,0.4140465965690625,0.0,0.0,0.0,0.0,0.0,0.8378900416202856,0.0,1.0,0.0,0.0,0.0,0.0,0.051098440297324195,0.0,0.0,1.0,0.0,1.0,0.0,0.0,1.0,0.0,1.0,0.7684545117846405,0.7239620987215365,0.0,0.0,0.9260557246051367,1.0,0.0,0.0,0.07789947701435118,0.0,0.0
gex_possorted_bam_SJSO3:GTTGCGGGTGTGTCCCx-M1,0.5019539572134031,0.2814540455660528,0.6844737178845558,0.41930280439162704,1.0,1.0,0.0,0.3876047736529368,0.0,0.820835387117898,1.0,0.0,0.26535559011492815,0.0,0.6499303850362087,0.15209032123287758,1.0,1.0,0.4082139404670884,1.0,1.0,1.0,0.7295022016226775,0.9769433410272522,0.14289328498321238,0.4283417235664009,0.19951352831234567,0.3931569580018718,0.20022416060719306,0.6841885496631424,1.0,0.8763987619977541,0.5980918341232329,0.33290982935205193,0.1676666909506651,0.5789532415743633,0.0,0.3871766957512386,0.5594010322075679,0.1676016943735577,0.557335212353113,0.0,0.23355448790957334,1.0,0.7815080856124877,0.4905634443755573,0.46400070724512515,0.0,0.5707827893303844,0.885387211049148,0.17970369105555292,0.5465678645777047,1.0
gex_possorted_bam_SJSO3:GTTCACCTCTACTAAGx-M1,0.011314442998370165,0.0,0.0,0.0,0.06187946681085672,0.0,0.0,0.0,0.0,0.0,0.7165054739324054,0.0,0.0,0.0,0.0,0.0,0.6458191813309425,0.7543332380865974,0.0,0.6876491650290972,0.38978868850702747,0.5570453964140458,0.09239538966493906,0.5910909669463132,0.0,0.0,0.43165139900791144,0.0,0.0,0.0,0.0,0.03347797274155318,0.0709887786361032,0.0,0.2743580204916593,0.0,0.0,0.021882641831970064,0.0,0.06839055634423455,0.0,0.0,0.0,0.0,0.0,0.0,0.0,0.30129732205634013,0.0,0.0,0.0,0.0,0.5743611379591452
gex_possorted_bam_SJSO3:GTTTACCGTCCGCTGTx-M1,0.14885524503277764,0.0634957581853318,1.0,0.0802427330567961,1.0,1.0,0.0,0.06493915663975648,0.0,0.5025091500013249,1.0,0.0,0.10147769609089043,0.0,0.3553803123107033,0.0,1.0,1.0,0.0,1.0,1.0,1.0,0.3707484732074961,0.8645715557901278,0.0,0.08255193085919489,0.3342655758888024,0.16075855883368803,0.0,0.32634261494334393,0.9189325897805045,0.4753875343199624,0.3758547458609989,0.0,0.2148406570442857,0.2363960255533871,0.0,0.06873718573575612,0.28946419624348046,0.23285249589832632,0.2108132018478609,0.0,0.0,0.8950805590104903,0.40832031234619476,0.175836050436821,0.41810547368712464,0.05802875480058622,0.24467886400104377,0.6122148572863133,0.0,0.1385310528140265,1.0
gex_possorted_bam_SJSO3:GTTGTGAGTTAGCATGx-M1,0.0,0.08856039747445313,0.5667432662577214,0.016916024214228748,0.0,0.0,1.0,0.0,1.0,0.0,1.0,0.5575032443404305,0.5168027750912779,1.0,0.0,1.0,1.0,0.5493838060732812,1.0,0.0,0.0,0.0,0.0,0.0,1.0,0.12865742277456202,1.0,0.2290880783560569,0.0809329416728507,0.03852938270360936,0.6275885677236097,0.0,0.0,0.037221084167064086,1.0,0.0,1.0,0.0,0.0,1.0,0.0,1.0,1.0,1.0,0.0,0.0,1.0,1.0,0.050509574975979514,0.0,0.3010348977125229,0.05997544657695121,0.0
gex_possorted_bam_SJSO3:GTTGGCCAGAATCTCAx-M1,0.1260197360575266,0.0010992789461533282,0.3756978114218613,0.10717185730713702,0.47857155082833064,0.21129743045428695,0.0,0.19438749587691337,0.0,0.32971445884491046,0.28432147648789774,0.0,0.0,0.0,0.3419797696255141,0.0,0.5090756495983347,0.1680165747588944,0.0,1.0,0.6121260106097175,0.6902290805504682,0.23764947748259635,0.6502505187856705,0.0,0.0,0.33669688048641144,0.14107677840883895,0.0,0.1227108634593187,0.5020104251240187,0.04590409731183264,0.277186289176593,0.1282659163657744,0.3243231847894847,0.21918267241459774,0.0,0.06656019547389115,0.22743047355106158,0.29542420724917656,0.22672325878015234,0.0,0.0,0.0,0.3057912848566223,0.12429750670084955,0.0,0.11173774528304589,0.0862337766502458,0.31199243056640596,0.0,0.07475252263623666,1.0
gex_possorted_bam_SJSO3:GTTTAGCAGCATTTCTx-M1,0.10155758657983963,0.36163305539597795,1.0,0.23300750018958316,1.0,1.0,1.0,0.6833385598290537,0.860129760521364,0.42356210829198987,1.0,0.0,0.28464870859978325,0.0,0.0,0.0,1.0,1.0,0.41087410645926264,1.0,0.8812232385283274,0.9811444253969193,0.3034693230335407,0.3137715172866158,0.29243293488356764,0.1794226380474962,0.8669445748017222,0.05755252426492493,0.6411471989453627,0.0,0.5202241645140936,0.7669784467072726,0.2794374532414513,0.14850336592365326,0.4832978923136435,0.22556212430961822,0.0,0.10856880269746853,0.45377821591720885,0.5401895381206757,1.0,0.0,0.0,1.0,0.11349333028174921,0.34034510885579183,0.8236754706284494,0.06396750356543328,0.31447581426415266,0.40931938434255005,0.0,0.08320881252631102,1.0
gex_possorted_bam_SJSO3:GTTTGTAAGGAGTCTTx-M1,0.023261814161965294,0.0,0.0,0.0,0.20429386583773068,0.01464142026257671,0.0,0.0,0.0,0.0,1.0,0.0,0.0,0.0,0.0,0.0,0.9239027636666283,1.0,0.0,0.6970823184224999,0.4456111747865945,0.5680685952651624,0.12006669678690537,0.5241552026524801,0.0,0.0,0.5661018546955517,0.0,0.0,0.0,0.0,0.173717950053368,0.08553622578042151,0.0,0.379641844213816,0.0,0.0,0.012686561105450902,0.0,0.0,0.0,0.0025481877563046434,0.0,0.0,0.0,0.0,0.0,0.5638621459096258,0.0,0.0,0.0,0.0,0.788297902920862
gex_possorted_bam_SJSO3:GTTGGAGCATGCTATGx-M1,0.0,0.0,0.2790535721991475,0.0,0.040541550997880205,0.0,0.0,0.0040675225431109786,0.0,0.0,0.36021813549524273,0.0,0.0,0.0,0.0,0.0,0.4881137082581975,0.22606077056385668,0.0,1.0,0.42088285338985504,0.5939374315756166,0.07786496264893195,0.6074924624714036,0.0,0.0,0.3938136826734029,0.0,0.0,0.0,0.20053799110694182,0.0,0.10850435062496178,0.0,0.21896215456502566,0.0,0.0,0.0,0.0,0.1973561349786246,0.0,0.0,0.0,0.0,0.0,0.0,0.0,0.10436198076656938,0.0,0.0,0.0,0.0,0.9885436946534598
gex_possorted_bam_SJSO3:GTTTGCTGTGTTTCACx-M1,0.0,0.0,0.29183080824453045,0.0,0.0,0.0,0.6139688712540495,0.0,0.9384963561510847,0.0,1.0,0.5032462270200732,0.035207219658476785,0.9557369118312553,0.0,1.0,1.0,0.06457532717786714,0.45529307405496283,0.0,0.0,0.0,0.0,0.0,0.899981602226375,0.0,1.0,0.0,0.0025591833348564998,0.0,0.0,0.025634521423110214,0.0,0.0,1.0,0.0,1.0,0.0,0.0,1.0,0.0,1.0,0.9961946468998728,1.0,0.0,0.0,0.9472350769295121,1.0,0.0,0.0,0.09733134044541639,0.0,0.0
gex_possorted_bam_SJSO3:GTTTATCTCCCTGTTAx-M1,0.0475806558834034,0.0,0.0,0.0,0.08711960021535714,0.3601450798764765,0.0,0.0,0.0,0.0,1.0,0.0,0.0,0.0,0.0,0.0,1.0,1.0,0.024441229245104962,0.5005563108686076,0.518668710201253,0.6524801529975955,0.10750010078924126,0.6485561356452497,0.0,0.0,0.4890467689561505,0.0,0.0,0.0,0.0,0.05550564390850553,0.08678234319130042,0.0,0.30868135953372855,0.0,0.0,0.0917106999840884,0.0,0.0,0.0,0.0,0.0,0.0,0.0,0.0,0.0,0.4886695986185042,0.0,0.0,0.0,0.0,0.5866342179634824
gex_possorted_bam_SJSO3:GTTTCTAGTGATGAAAx-M1,0.0,0.26951327013224263,0.7938308189368546,0.06360214257986499,0.0,0.0,1.0,0.0,1.0,0.0,1.0,0.68173546348274,0.883138608220881,1.0,0.0,1.0,1.0,0.0,0.9665283396215054,0.0,0.0,0.0,0.0,0.0,1.0,0.21500702620304993,1.0,0.2709590022832259,0.5337383454116622,0.0,0.5367946942260288,0.0,0.0,0.05212242601210916,1.0,0.0,1.0,0.0,0.0,1.0,0.0,1.0,1.0,1.0,0.0,0.0,1.0,1.0,0.13021886811328606,0.0,0.6556482782161123,0.08057013982106162,0.0
gex_possorted_bam_SJSO3:GTTTCAGCATTATGCGx-M1,0.0,0.0,0.3647996638887911,0.0,0.0,0.0,0.6731855468997175,0.0,0.94508551008904,0.0,1.0,0.7470133315224363,0.0,1.0,0.0,1.0,1.0,0.0,0.43885654053568857,0.0,0.0,0.0,0.0,0.0,0.8092738159470072,0.0,1.0,0.0,0.0,0.0,0.0,0.0,0.0,0.0,1.0,0.0,1.0,0.0,0.0,1.0,0.023979184036358576,1.0,0.8003047281873491,0.8389037236251001,0.0,0.0,0.8123878252687345,1.0,0.0,0.0,0.1515667626312846,0.0,0.0
gex_possorted_bam_SJSO3:GTTGTTGCACTGGCTGx-M1,0.0,0.0,0.0,0.0,0.0,0.0,0.379978675691022,0.0,0.8420220393844052,0.0,1.0,0.27473602006681136,0.0,1.0,0.0,1.0,1.0,1.0,0.942126733840944,0.0,0.0,0.0,0.0,0.0,1.0,0.0,1.0,0.0,0.11950417919669826,0.0,0.0,0.0,0.0,0.0,1.0,0.0,1.0,0.0,0.0,0.9983969926011672,0.0,1.0,0.6899144562042364,0.036093281293775745,0.0,0.0,0.7743515648928125,1.0,0.0,0.0,0.17621665841583314,0.0,0.0
gex_possorted_bam_SJSO3:GTTTATCTCCTCACTAx-M1,0.05495386703960411,0.0,0.0,0.0,0.5405227545622265,0.3296376474625924,0.0,0.0,0.0,0.0,1.0,0.0,0.0,0.0,0.0,0.0,1.0,1.0,0.0,1.0,0.6904459026766618,0.7893386831504272,0.18911653340763107,0.8227940012502104,0.0,0.0,0.43968387946667953,0.0,0.0,0.049892022252083335,0.0,0.18761845660293708,0.16297108413257247,0.0,0.12179479028239958,0.0,0.0,0.06807261027157667,0.0,0.0,0.06164575317180987,0.0,0.0,0.0,0.07724356626983041,0.0,0.0,0.35472824609837555,0.0,0.04640197324268556,0.0,0.0,0.8806398986203601
gex_possorted_bam_SJSO3:GTTGGAGCATACCCGGx-M1,0.0,0.18610887391553937,1.0,0.06885085744226199,0.0,0.0,1.0,0.0,1.0,0.2744456405141208,0.796366515631031,1.0,0.714114450025334,1.0,0.0,1.0,0.9813820598481195,0.0,0.649055146246069,0.0,0.0,0.0,0.0,0.0,1.0,0.19278074772740283,1.0,0.6352366241182823,0.21174835805811984,0.16334250484828752,1.0,0.0,0.0,0.07281978713794478,1.0,0.0,1.0,0.0,0.0,1.0,0.0612378759904305,1.0,1.0,1.0,0.0,0.022239611903315852,1.0,1.0,0.3116968661292089,0.0,0.4765501049719579,0.14743752740028496,0.0
gex_possorted_bam_SJSO3:GTTTACCGTAACAGGGx-M1,0.06591162441766707,0.0,0.0,0.0,0.2290904157043699,0.32637044775267143,0.0,0.0,0.0,0.0,1.0,0.0,0.0,0.0,0.0,0.0,1.0,1.0,0.0,0.8232216607466083,0.6030115569880481,0.7968142598056778,0.15366094389379067,0.6983281781378095,0.0,0.0,0.3843241784026862,0.0,0.0,0.0025889593159210827,0.0,0.11667032823798616,0.13217762858946713,0.0,0.17775209889927118,0.0,0.0,0.08320582830198359,0.0,0.0,0.0,0.0,0.0,0.0,0.05420718390778695,0.0,0.0,0.37919608425528417,0.0,0.0,0.0,0.0,0.7730890060112466
gex_possorted_bam_SJSO3:GTTTGTTTCACGCATGx-M1,0.028302045903573356,0.36435320624213563,1.0,0.13917214345420326,1.0,1.0,1.0,0.6640482912564172,0.9641544119419198,0.2549155396274034,1.0,0.0,0.2540982982581203,0.0,0.0,0.0,1.0,1.0,0.2838366224891634,1.0,0.8361940074616497,0.8698253104192102,0.2164722406059993,0.24526895887193156,0.29724964495296574,0.09374372555060348,0.9373310191789944,0.0,0.5847535848410811,0.0,0.36038261473982647,0.613777493059718,0.18955516049927976,0.08294639892400071,0.5705017989159599,0.13384286979515586,0.0,0.05596282473782731,0.35335175583962636,0.5537400285715209,1.0,0.0,0.0,1.0,0.0127153903197584,0.2541198141068301,0.7235612467618263,0.09860189241377726,0.21996083293177365,0.25125530422911735,0.0,0.0,1.0
gex_possorted_bam_SJSO3:GTTGGCGGTGCTGGTGx-M1,0.0,0.0,0.042199764904474905,0.0,0.0,0.0,0.4950853126568975,0.0,1.0,0.0,1.0,0.27809985406068444,0.037373355860008055,1.0,0.0,1.0,1.0,0.2891633349338033,0.5319820593425959,0.0,0.0,0.0,0.0,0.0,0.9695670651727452,0.0,1.0,0.0,0.08938727716673216,0.0,0.0,0.0,0.0,0.0,1.0,0.0,1.0,0.0,0.0,1.0,0.0,1.0,0.6859041249777528,0.4292768901611851,0.0,0.0,0.8485368718622966,1.0,0.0,0.0,0.18207836896515492,0.0,0.0
gex_possorted_bam_SJSO3:GTTTATCTCGGTTAGTx-M1,0.0,0.7757964501521141,0.8783485624799598,0.01171416271155708,0.0162567895876545,0.04501277006157916,1.0,0.2099929885910983,0.0,0.5674538332513572,0.0,0.700700128362826,0.0,0.0,0.5676750384965084,0.30692907058538577,0.2962406292911692,0.0,0.0,1.0,0.37228636954647737,0.3550634916416414,0.13046391236495913,0.5529771137236671,0.0,0.0,0.16199989343736326,0.1679907958349693,0.16882601939113304,0.0,1.0,0.0,0.1391999194493458,0.2743348670545898,0.6082249066354773,0.267421265915972,0.40477067007543266,0.00861765524776567,0.3210499613735077,0.9659432428037417,0.182916188398213,0.6696902713243131,0.0,0.06164877143844985,0.0,0.11009453683599829,0.0,0.0,0.1990385011760326,0.16014054219442803,0.0,0.0,0.7470773685811213
gex_possorted_bam_SJSO3:GTTGGCGGTTACGCAAx-M1,0.0,0.13835616715398524,1.0,0.0,0.0,0.0,1.0,0.0,1.0,0.01739229103657012,0.9691018315728701,1.0,0.34675180275781486,1.0,0.0,1.0,1.0,0.0,0.6051763082496133,0.0,0.0,0.0,0.0,0.0,1.0,0.0903224837992044,1.0,0.27475729373349805,0.2055398122033553,0.0,0.8802952252398867,0.0,0.0,0.03418767718070254,1.0,0.0,1.0,0.0,0.0,1.0,0.13100596663971587,1.0,1.0,1.0,0.0,0.0,1.0,1.0,0.07151953779443819,0.0,0.13134885484818792,0.00490865147713879,0.0
gex_possorted_bam_SJSO3:GTTGTTGCAAGGCCAAx-M1,0.04907151113415163,0.0,0.025006302049808384,0.0,0.35760825209021985,0.29975110358944174,0.0,0.06627008741885464,0.0,0.0,0.9786705649401936,0.0,0.0,0.0,0.0,0.0,1.0,1.0,0.0,1.0,0.6564449777094687,0.7310717717394017,0.11106832029760057,0.6412708404488692,0.0,0.0,0.49784973676186683,0.0,0.0,0.0,0.0,0.18121153724378736,0.18914564269882414,0.0,0.25261886006534207,0.0,0.0,0.019018833407361473,0.02378283653584334,0.017050513433252673,0.05322897288389319,0.0,0.0,0.0,0.08995335323839135,0.0,0.0,0.2567321108109877,0.0,0.0,0.0,0.0,1.0
gex_possorted_bam_SJSO3:GTTTATCTCGTTTCCAx-M1,0.09701341143740053,0.0,0.36477500950383623,0.0,0.5465772676818214,0.6390231234331568,0.0,0.018107412599126366,0.0,0.06327153129401306,1.0,0.0,0.0,0.0,0.13131669082947378,0.0,1.0,1.0,0.0,1.0,0.8492420037734639,0.9133129394773002,0.2201917761494926,0.7861374171837973,0.0,0.0,0.3696644020093221,0.0,0.0,0.09400923674724061,0.2887124479773679,0.16374959121342567,0.2524784991541449,0.0,0.2102551897082562,0.083376344634809,0.0,0.04542138230263973,0.10382446583741468,0.06911289648748499,0.0,0.0,0.0,0.0,0.24625336854225321,0.044357507749380326,0.0,0.18668335287611829,0.0,0.1353088767868889,0.0,0.01998836596896405,1.0
gex_possorted_bam_SJSO3:GTTGTTGCACAGAACGx-M1,0.5167662944609331,0.27582654003814305,0.9815363785973596,0.4597107229316583,1.0,1.0,0.0,0.3457726663037583,0.010534361977617902,1.0,1.0,0.0,0.3350272721897975,0.0,0.6835795837516878,0.14198821576917856,1.0,1.0,0.11680930157377349,1.0,0.9917367647111848,1.0,0.762774747094532,0.880527201142707,0.27110853209334623,0.5289296872944202,0.1856324230768898,0.37550663137792295,0.07303085095810118,0.8163116496653464,0.48655065813130005,0.8479665298724094,0.618980797960698,0.3607134918800507,0.09293557366835738,0.6091287861406368,0.0,0.4082207279716791,0.5739274811763458,0.1773980268923029,0.9369942805245393,0.0,0.4347535482771555,0.9500121741637461,0.7718462586529546,0.5121518912269212,0.5015814978905598,0.0,0.5664985930124168,1.0,0.25386111237319603,0.5695862775191016,1.0
gex_possorted_bam_SJSO3:GTTTGTAAGAGGATATx-M1,0.0,0.4033186917544187,0.45001301877828853,0.0,0.015955311369916646,0.0,0.49276848251471234,0.10678075836421701,0.0,0.29260268888234386,0.0,0.3296823039740083,0.0,0.0,0.3535690358862139,0.0,0.5311670751977935,0.0,0.0,1.0,0.5807614216993175,0.4906653636470648,0.08802680688274422,0.6611967717721995,0.0,0.0,0.25375622190933195,0.09061102943769964,0.0,0.0,0.9179969618637183,0.0,0.15270477923252693,0.12383703045170472,0.46440342565081405,0.14387747562802755,0.1690476211972885,0.0,0.2408551120598547,0.5787737571470646,0.0506988058253752,0.3715690048149352,0.0,0.0,0.020819123963086498,0.008709938243513383,0.0,0.0,0.038105347261067235,0.04071349137539009,0.0,0.0,0.7681960184799828
gex_possorted_bam_SJSO3:GTTTAACCACACCAACx-M1,0.0,0.0,0.0,0.006459089025465129,0.0,0.0,0.7884761558282689,0.016756501777381225,1.0,0.0,0.7056497582247544,0.6718428335454346,0.14817353537763095,1.0,0.0,1.0,0.7575641965771805,0.0595403358003101,0.5972054781744723,0.0,0.0,0.0,0.0,0.0,1.0,0.050949257428291615,1.0,0.00686089888611237,0.034813373510810354,0.0,0.0,0.0,0.0,0.0,1.0,0.0,1.0,0.0,0.0,1.0,0.0,1.0,0.903867973594688,0.5139433840263821,0.0,0.0,0.9798133872613555,1.0,0.0,0.0,0.36003584082874024,0.0,0.0
gex_possorted_bam_SJSO3:GTTTCAGCATAATCCGx-M1,0.0,0.6278500227866836,1.0,0.1532675288171793,0.0,0.0,1.0,0.0,1.0,0.17037680460997381,1.0,1.0,1.0,1.0,0.0,1.0,1.0,0.4676325219168983,1.0,0.0,0.0,0.0,0.0,0.0,1.0,0.28780383368824947,1.0,0.5659761660309073,0.5464651419400449,0.3229731356226951,1.0,0.0,0.0,0.11072977791670036,1.0,0.0,1.0,0.0,0.0,1.0,0.0,1.0,1.0,1.0,0.0,0.06567942497318126,1.0,1.0,0.3448853074101258,0.08142086117025962,0.7216873290442699,0.24408599578357879,0.0
gex_possorted_bam_SJSO3:GTTTAGCAGCCGCTAAx-M1,0.0,0.0016447216581802072,1.0,0.0,0.0,0.0,1.0,0.0,1.0,0.0,0.7214986507410627,0.852391395859941,0.29926449963622775,1.0,0.0,1.0,0.8159113129792152,0.0,0.33997036162985766,0.0,0.0,0.0,0.0,0.0,1.0,0.059892924443579215,1.0,0.035105992993502776,0.0,0.0,0.3201523452419635,0.0,0.0,0.0,1.0,0.0,1.0,0.0,0.0,1.0,0.004123640029113268,1.0,1.0,1.0,0.0,0.0,1.0,1.0,0.007957029771353838,0.0,0.37756814361278335,0.0,0.0
gex_possorted_bam_SJSO3:GTTGTTGCAGGAAGCCx-M1,0.04649329807086254,0.0,0.5072568833196245,0.0,0.5116870472985742,0.6092277827767831,0.0,0.0,0.0,0.07227871756669904,0.9882562804347408,0.0,0.0,0.0,0.09522674591593236,0.0,1.0,1.0,0.0,1.0,0.7629696306729193,0.8765249729689342,0.17745925491214376,0.7689277878291128,0.0,0.0,0.3394487791964193,0.0,0.0,0.07841358119259989,0.5220281369979277,0.0863201266968032,0.21226704526040718,0.0,0.15840981580744135,0.0766262089932826,0.0,0.01726673856373194,0.07437860957487147,0.1793865359369448,0.0,0.0,0.0,0.0,0.20593928155485924,0.041799734119041594,0.0,0.09850789516560964,0.0,0.14183570678290047,0.0,0.015543902984266644,1.0
gex_possorted_bam_SJSO3:GTTGTTGCATGTTGGCx-M1,0.0,0.03527529081117753,0.22999688327146744,0.0,0.0182688581645599,0.0,0.0,0.03326794734040578,0.0,0.03966119399246944,0.26278082051097634,0.0,0.0,0.0,0.19537349140511368,0.0,0.5958819643745488,0.016844904796903763,0.0,1.0,0.3760315273166897,0.4712239006704148,0.05427564554636463,0.5344016941324411,0.0,0.0,0.3391236795333521,0.0,0.0,0.0,0.3272753516400677,0.0,0.07434272122949842,0.011325969371079695,0.36034652848515514,0.015076647834749555,0.05933437819821185,0.0,0.0716996935112929,0.3134112234782219,0.00974144080141003,0.10192643720745373,0.0,0.0,0.0032471242087790952,0.0,0.0,0.19620858239852665,0.0,0.0,0.0,0.0,0.5561826030896685
gex_possorted_bam_SJSO3:GTTTATCTCGGTACGCx-M1,0.1104318366784473,0.0,0.12785928332760504,0.008439733711368275,0.6990691564184234,0.5826314886845515,0.0,0.017020846332798146,0.0,0.05671378143948004,1.0,0.0,0.0,0.0,0.027673227175037923,0.0,1.0,1.0,0.0,1.0,0.8280933410103032,0.8859275909059774,0.26241367385750464,0.7953730780075161,0.0,0.02116560324172128,0.448140969893322,0.0,0.0,0.19568555949910227,0.06737611332665885,0.4075674314927183,0.27822460031808993,0.0,0.19934249666410528,0.07487585838082673,0.0,0.025423023028757295,0.0508680945924723,0.020431044604121675,0.10679287435682766,0.0,0.0,0.0,0.23906129602871817,0.034147008774743366,0.0,0.29068828850883105,0.0,0.32474189152089533,0.0,0.0,1.0
gex_possorted_bam_SJSO3:GTTTCTAGTTGGCCGAx-M1,0.0,0.3017687791722703,0.08530189444425358,0.0,0.0,0.0,0.4737693473251052,0.07200499849119843,0.0,0.1419743544043797,0.0,0.5853195022997459,0.0,0.0,0.20219158517893318,0.04635401783081769,0.17332121222227426,0.0,0.0,1.0,0.08248909937822431,0.11139212503472432,0.0,0.3768302094951189,0.0,0.0,0.45872475023699516,0.0,0.06790279913908177,0.0,0.6051409432893934,0.0,0.0,0.150582214173354,0.6692872245086091,0.04879787940431082,0.3224987203996697,0.0,0.09068711737632443,0.7227519126171253,0.07475286224027006,0.5137278051817404,0.0,0.0,0.0,0.0,0.0,0.1252930411801013,0.0,0.0,0.0,0.0,0.2366697811300708
gex_possorted_bam_SJSO3:GTTTAGCAGCGAAGTAx-M1,0.021156928409869876,0.0,0.12697794969100792,0.0,0.5979752720213339,0.5291761751842702,0.0,0.0,0.0,0.0,1.0,0.0,0.0,0.0,0.0,0.0,1.0,1.0,0.0,1.0,0.6344592754549974,0.8872959921757653,0.166886437755065,0.6999602045687647,0.0,0.0,0.34414959584898747,0.0,0.0,0.0,0.0,0.26418954416943463,0.15710982561606918,0.0,0.11637300086671638,0.0,0.0,0.03793479599707625,0.0,0.0,0.0,0.0,0.0,0.0,0.15378382565358803,0.0,0.0,0.3454800852802375,0.0,0.03205802433673411,0.0,0.0,1.0
gex_possorted_bam_SJSO3:GTTGGCGGTTCCATTAx-M1,0.0,0.13491486500832536,1.0,0.0,0.0,0.0,1.0,0.0,1.0,0.0,1.0,0.7581879264281624,0.3716901008299442,1.0,0.0,1.0,1.0,0.40738171466655637,0.8324560762673866,0.0,0.0,0.0,0.0,0.0,1.0,0.10464692347833901,1.0,0.25648444059643716,0.010761078976614602,0.0,0.8076289616139187,0.0,0.0,0.0,1.0,0.0,1.0,0.0,0.0,1.0,0.0,1.0,1.0,1.0,0.0,0.0,1.0,1.0,0.09161165987986478,0.0,0.26597477459349667,0.04621713040023205,0.0
gex_possorted_bam_SJSO3:GTTTGTTTCGCTAGTGx-M1,0.04467679117104381,0.0,0.0,0.0,0.24438865751251876,0.11415460465865983,0.0,0.0,0.0,0.0,0.9460810710431325,0.0,0.0,0.0,0.0,0.0,0.9924881439763453,1.0,0.0,1.0,0.6474284776939971,0.6766653148829735,0.12908987149202947,0.7256243639482063,0.0,0.0,0.5629198540823208,0.0,0.0,0.0,0.0,0.19941835640743702,0.14900756873411353,0.0,0.2281541666211254,0.0,0.0,0.050078311485477776,0.0,0.0,0.0,0.0,0.0,0.0,0.09256040485886562,0.0,0.0,0.32223972515456695,0.0,0.0,0.0,0.0,0.808362171155021
gex_possorted_bam_SJSO3:GTTGTTGCAGAATGACx-M1,0.04581649105564462,0.0,0.0,0.0,0.2611903995022301,0.09534214515053568,0.0,0.0,0.0,0.0,0.9412271568133426,0.0,0.0,0.0,0.0,0.0,0.8263876063956531,0.9825430163083524,0.0,0.9839612446510718,0.5082339011383409,0.6927782225547505,0.1500843614246004,0.6608337857241467,0.0,0.0,0.46312534321175497,0.0,0.0,0.0,0.0,0.15542891056527913,0.13365646237445358,0.0,0.26186022350162164,0.0,0.0,0.01008711480405647,0.0,0.0,0.0,0.0,0.0,0.0,0.06281915931488954,0.0,0.0,0.33574153714253946,0.0,0.0,0.0,0.0,0.8191088379216723
gex_possorted_bam_SJSO3:TAACAAGCAATCGCACx-M1,0.0,0.0,0.2335544301863951,0.0,0.05246042592238841,0.23524212475084372,0.0,0.0,0.04740699079900295,0.0,1.0,0.0,0.0,0.2850081478265333,0.0,0.3060627486998687,1.0,1.0,0.16924698148591766,0.5809483188264221,0.28991271780539873,0.25155481440684113,0.04909454641917599,0.231079322528709,0.036013744367051376,0.0,0.8911305998860853,0.0,0.0,0.0,0.03648502277962849,0.07956975944698413,0.01573658190291285,0.0,0.7829589023843803,0.0,0.5902107515698172,0.0,0.0,0.3560213595692045,0.0,0.6456022513542353,0.0,0.0,0.0,0.0,0.31750433110150206,1.0,0.0,0.0,0.0,0.0,0.3155883503949047
gex_possorted_bam_SJSO3:TAATCACCAACAGGATx-M1,0.0,0.1453256512102594,1.0,0.04583421429536604,0.8632937468819664,0.811876879668367,1.0,0.49365684289971135,1.0,0.00196847556783456,1.0,0.0,0.34688330353201713,0.13513408869448004,0.0,0.04941256210503958,1.0,1.0,0.3102413782418365,1.0,0.651520442579273,0.6000827525072727,0.10130100457721049,0.06640447396297143,0.5599358121036668,0.06453903530298918,1.0,0.0,0.36882017943736983,0.0,0.23189658139570657,0.656585707292792,0.0700091552332062,0.0,0.8063246709331073,0.0,0.3614541753320285,0.0,0.12648442289908698,0.6574410705877265,1.0,0.2901174441956439,0.0,1.0,0.0,0.14179179290504954,1.0,0.7976003505530225,0.12114051163275925,0.14267259739244495,0.0,0.0,1.0
gex_possorted_bam_SJSO3:TAAGTAGCAGCAAGATx-M1,0.019152180944299317,0.0,0.13824158837677689,0.0,0.42256178776953435,0.3740007997995525,0.0,0.0,0.0,0.0,0.9356717274535905,0.0,0.0,0.0,0.026933288129324554,0.0,1.0,1.0,0.0,1.0,0.7422729283194305,0.8405018829816641,0.1479859975106345,0.7949289808107592,0.0,0.0,0.3511320539061959,0.0,0.0,0.06454910405834144,0.0,0.033824542044989504,0.1832369424512465,0.0,0.14059113793482889,0.0030417831197137833,0.0,0.03032302521155775,0.038379724289345156,0.0,0.0,0.0,0.0,0.0,0.12393119809192113,0.0,0.0,0.09320958798660146,0.0,0.0372586386274113,0.0,0.0,1.0
gex_possorted_bam_SJSO3:TAATCCGCATTCCTCGx-M1,0.0808898045802714,0.26059808172706456,1.0,0.14864010969830174,1.0,1.0,1.0,0.6009495102229584,0.7061069214973305,0.34860335915818624,1.0,0.0,0.31538969881896906,0.0,0.02367632349158292,0.0,1.0,1.0,0.23248548497821137,1.0,0.9223182738283632,0.8996664027265591,0.2423138307705897,0.35582292085846257,0.267072532994349,0.12072074621181249,0.8509370532914373,0.03484232994257417,0.45587113603165524,0.0,0.6385008751084222,0.6808260208015711,0.27370908342674594,0.12925266362439708,0.5376106257864451,0.17057205659431782,0.0,0.045965097640024634,0.35854820093415,0.572832607422026,1.0,0.0,0.014522656853786287,1.0,0.11696835607285136,0.2753509085934562,0.8362505395262849,0.25235342754736173,0.272168502141521,0.32366254576567954,0.0,0.012332180195334911,1.0
gex_possorted_bam_SJSO3:TAATCACCAGTAGGTGx-M1,0.0,0.4434293219384861,0.8738523099621346,0.1453107284311815,0.0,0.14491873828263585,1.0,0.0,1.0,0.0,1.0,0.7192596631122601,0.99847844448158,1.0,0.0,1.0,1.0,1.0,1.0,0.0,0.0,0.0,0.0,0.0,1.0,0.27747304917651294,1.0,0.41755144134021493,0.43719647283276586,0.17184639176938973,0.8838522671088492,0.028577158164035835,0.0,0.11375616926500355,1.0,0.0,1.0,0.0,0.0,1.0,0.0,1.0,1.0,1.0,0.0,0.05857048849947622,1.0,1.0,0.2270846889051911,0.0,0.6451916076461408,0.1820769929219609,0.0
gex_possorted_bam_SJSO3:TAATCACCACCAGGTTx-M1,0.050267346697951375,0.0,0.0,0.0,0.11599774520053623,0.29377459929261845,0.0,0.0,0.0,0.0,1.0,0.0,0.0,0.0,0.0,0.0,1.0,1.0,0.0,0.7038623550270509,0.531388988005706,0.6141477886676954,0.1321589110408809,0.6476136110100239,0.0,0.0,0.315919266300144,0.0,0.0,0.0,0.0,0.045207698562736764,0.0873205166862385,0.0,0.24097373906604252,0.02811570573862018,0.0,0.054858229707435605,0.018694881714079972,0.0007152912093994801,0.0,0.16080825361061907,0.0,0.0,0.03557306276894018,0.0,0.0,0.32256958197823427,0.0,0.0,0.0,0.0,0.4755192659755101
gex_possorted_bam_SJSO3:TAAAGCCTCAGCAAAGx-M1,0.0,0.0,0.4498100040641444,0.0,0.0,0.0,0.9617870749476419,0.0,1.0,0.0,1.0,0.49381709125944767,0.2616015712693544,1.0,0.0,1.0,1.0,0.0,0.5717760419633208,0.0,0.0,0.0,0.0,0.0,1.0,0.050978095466294795,1.0,0.06066401817047664,0.0,0.0,0.0,0.0,0.0,0.0,1.0,0.0,1.0,0.0,0.0,1.0,0.0,1.0,1.0,1.0,0.0,0.0,1.0,1.0,0.0,0.0,0.30777743928586043,0.0,0.0
gex_possorted_bam_SJSO3:TAACAAGCACTTCACTx-M1,0.0,0.0,0.6933764142708805,0.0,0.8373569465563743,0.4269899673163264,0.5620914113884449,0.25601180703768256,0.4272826507571675,0.0,1.0,0.0,0.019624374255995874,0.09652048349020163,0.0,0.0,1.0,1.0,0.026021175232984993,1.0,0.6030243824662473,0.6042072882893675,0.07524475135234102,0.21988045492991473,0.0682606153011538,0.0,1.0,0.0,0.0,0.0,0.0,0.8025604828695145,0.0778802441826925,0.0,0.5291514650156174,0.0,0.0,0.0,0.0,0.2442290389650219,0.7396322737290197,0.0,0.0,0.9635004414562973,0.0,0.0,0.5908637796562947,0.7325679080526587,0.0,0.07588406268944578,0.0,0.0,1.0
gex_possorted_bam_SJSO3:TAACCGGTCATGTGGTx-M1,0.0,0.5694409223728409,1.0,0.1840038483772862,0.0,0.0,1.0,0.03954560184244635,1.0,0.09463026489929031,1.0,1.0,0.722644354199065,1.0,0.0,1.0,1.0,0.30187775616754337,1.0,0.0,0.0,0.0,0.0,0.0,1.0,0.2622819143293141,1.0,0.7356467929014168,0.6636829416802406,0.026599361797508783,0.6975391250766105,0.0,0.0,0.15681384350725602,1.0,0.0,1.0,0.0,0.0,1.0,0.15084796650197876,1.0,1.0,1.0,0.0,0.014886488346386706,1.0,1.0,0.2536445420787453,0.0,0.650309815412301,0.1349631432416681,0.0
gex_possorted_bam_SJSO3:TAATCCGCAATTGAGAx-M1,0.12673891984843946,0.0,0.00011689209745422349,0.007052822705468971,0.3316214133572822,0.293540265750107,0.0,0.0,0.0,0.0,0.9181079344581003,0.0,0.0,0.0,0.13803886043222777,0.0,0.8100773655883523,0.8669546510346324,0.0,1.0,0.7938051095946638,0.7291621400330518,0.23810007033332453,0.6080704882164869,0.0,0.0,0.3764386501699593,0.0,0.0,0.04830687520018344,0.0,0.0,0.18268415778899016,0.0,0.3508064945065227,0.06636190402486189,0.0,0.07680141691888716,0.05881396119660877,0.11335728372049393,0.0,0.0,0.0,0.0,0.11050526173994624,0.09057521312997277,0.0,0.24334379131050246,0.0,0.038157298476977755,0.0,0.0862920919745271,0.6719983615916704
gex_possorted_bam_SJSO3:TAAAGCCTCATAGCCGx-M1,0.0,0.0,0.047168937026162455,0.0,0.0,0.0,0.0,0.0,0.0,0.0,0.7113447648351869,0.0,0.0,0.0,0.0,0.0,0.6470235056205434,0.5077726208207641,0.0,0.6699843880098789,0.2866742688233043,0.4095306076925061,0.04721061440537857,0.4539572525359819,0.0,0.0,0.6468188649234179,0.0,0.0,0.0,0.03101276206806663,0.10733017105857579,0.0444313660743024,0.0,0.5199383532949442,0.0,0.24679697891583385,0.0,0.0,0.3157895049280705,0.0,0.0035087920745541547,0.0,0.0,0.0,0.0,0.0,0.5705163896496654,0.0,0.0,0.0,0.0,0.7151090341112237
gex_possorted_bam_SJSO3:TAAGCCTAGTGGACAAx-M1,0.0,0.7921073270135177,1.0,0.11409038638232129,0.0,0.06132109715259565,1.0,0.027787203558095393,1.0,0.3716395150642337,1.0,1.0,0.7586241136426428,1.0,0.0,1.0,1.0,0.7038656676973817,1.0,0.0,0.0,0.0,0.0,0.0,1.0,0.20655419597101973,1.0,0.62702885407141,0.07193053453418828,0.15305459088972312,1.0,0.0,0.0,0.1573776267355093,1.0,0.0,1.0,0.0,0.0,1.0,0.28447803790385134,1.0,1.0,1.0,0.0,0.015543069543945348,1.0,1.0,0.3391426795042849,0.0,0.411357596666285,0.10083083274735158,0.0
gex_possorted_bam_SJSO3:TAATCCGCAAACGGGCx-M1,0.1799588277471483,0.01979635764523119,0.6196597547556189,0.101620711634005,0.5230028114930136,0.8151915405359896,0.0,0.12324010602111145,0.0,0.33922168300108524,0.8780496340134359,0.0,0.0,0.0,0.30479676332974937,0.0,0.9851399898436666,0.9799567210907635,0.0,1.0,0.8820789261075722,0.9111955160640529,0.26768096595264473,0.8608707958450015,0.0,0.007694954397137894,0.2964521437087444,0.1552030956923411,0.09433739696985556,0.20273060905813584,0.9795683445645891,0.25250083602416656,0.3311601699153984,0.11670951456439388,0.28544751401978474,0.2610279023344777,0.04706178174562984,0.10051605877042545,0.24069055154483524,0.3534948472093946,0.011252216846017607,0.0,0.0,0.3745002043525417,0.3630170787212673,0.20245923722674428,0.0,0.0,0.1609851508079225,0.3285181293585527,0.0,0.1413147397682012,1.0
gex_possorted_bam_SJSO3:TAAGCTGGTCACGAACx-M1,0.19208233067076605,0.0,0.7399655215903562,0.04318312187738257,0.8875134764754864,1.0,0.0,0.05933762942433345,0.0,0.24747853346466003,1.0,0.0,0.0,0.0,0.2090879214019249,0.0,1.0,1.0,0.1406500570907775,1.0,1.0,1.0,0.33707989553714396,0.964914769592403,0.0,0.015080934592971334,0.30942452773902984,0.11961340836161502,0.0,0.277513252301528,0.8241569217994003,0.39529444112062806,0.36523195710655343,0.0,0.15896348704783445,0.21894563647254975,0.0,0.10298690546167649,0.22452181837114737,0.10615702142060926,0.0,0.0,0.0,0.39659798197819823,0.4144205802359764,0.13883844586348743,0.05817747914807261,0.14478663948635592,0.132483655531351,0.3406651913023908,0.0,0.15155523513898136,1.0
gex_possorted_bam_SJSO3:TAATCCGCATAAAGCAx-M1,0.0,0.0,0.08133187158562735,0.0,0.0,0.0,0.8840734754855011,0.0,1.0,0.0,1.0,0.40064103745010465,0.2045232309665129,1.0,0.0,1.0,1.0,0.6368330432291294,0.8581910265609588,0.0,0.0,0.0,0.0,0.0,1.0,0.042538700691260596,1.0,0.02071898160961352,0.14923338835141506,0.0,0.0,0.0,0.0,0.0,1.0,0.0,1.0,0.0,0.0,1.0,0.0,1.0,0.9913858609692154,0.9720292909003094,0.0,0.0,1.0,1.0,0.0,0.0,0.2574554855206397,0.0,0.0
gex_possorted_bam_SJSO3:TAAGCCTAGTAAGGGCx-M1,0.04143840957843193,0.0,0.11601357886326809,0.0,0.24962310157895043,0.1565254498885752,0.0,0.0,0.0,0.0,1.0,0.0,0.0,0.0,0.0,0.0,1.0,1.0,0.0,1.0,0.5406063837938054,0.6313484276051621,0.12309175869690422,0.5538882408821906,0.0,0.0,0.5149739220954638,0.0,0.0,0.0,0.0,0.24130840938726839,0.16579911292767407,0.0,0.3475173263939564,0.0,0.0,0.02235508295880131,0.0,0.0,0.031183504543036818,0.0,0.0,0.0,0.08905010398545712,0.0,0.0,0.3266690172717805,0.0,0.0,0.0,0.0,0.9942940360113908
gex_possorted_bam_SJSO3:TAAGTAGCAGTTTGGCx-M1,0.0,0.0,0.4101419676379089,0.0,0.29481278792352167,0.26455914989609414,0.0,0.0,0.0,0.0,1.0,0.0,0.0,0.0,0.00786775456594076,0.11129812581296944,1.0,1.0,0.0,1.0,0.4462315659854278,0.48480009712037514,0.0742612451869633,0.41342338326561123,0.0,0.0,0.6394926740783438,0.0,0.0,0.0,0.0,0.1188144266676083,0.05604768521812046,0.0,0.5344175135069404,0.0,0.028706474710748914,0.0,0.0,0.3829784712504691,0.0,0.16080953759576863,0.0,0.0,0.0,0.0,0.0,0.6971369844228457,0.0,0.0,0.0,0.0,0.7496711493052783
gex_possorted_bam_SJSO3:TAATGCATCGATTATGx-M1,0.025318685304302122,0.3107141570121166,0.9034465040703047,0.1264615638109032,1.0,1.0,1.0,0.6446553578670707,0.8600206471810908,0.043583329035177816,1.0,0.0,0.26699980723100464,0.021438542148290093,0.0,0.0,1.0,1.0,0.4519243470106003,1.0,0.7979308062744428,0.9161107403308341,0.2006844261791846,0.2179339854712915,0.3418702669676407,0.07870606571875312,1.0,0.0,0.5738442730894042,0.0,0.253076860752732,0.676986590611911,0.14525295066222196,0.009583864300579411,0.4998184038541431,0.07708411887575203,0.0,0.026714962343765518,0.26724063846078083,0.43583331415175636,1.0,0.0,0.0,1.0,0.0,0.25154428361216596,0.7157540183039393,0.25885105296747973,0.14611030886904683,0.1133135774847778,0.0,0.0,1.0
gex_possorted_bam_SJSO3:TAACAAGCATATTGACx-M1,0.24307992894779284,0.05648606695765115,0.5371168597810122,0.20171016481598403,0.5605977221725379,1.0,0.0,0.19023962140044087,0.0,0.20814475936482027,1.0,0.0,0.15764507497217634,0.1830164765763584,0.21233566821522007,0.0,1.0,1.0,0.20130277490746412,1.0,0.9605063318764272,0.9819606882455315,0.3173701271262739,0.8904252766847406,0.0,0.15427400014091305,0.4110074813103371,0.2805396875973412,0.0,0.13586620733469287,0.9064994464445125,0.4370386894418785,0.45750305255013185,0.1469834972009876,0.1896182026791126,0.21938476696753506,0.022825645120100803,0.1404932733766277,0.24009987981309133,0.2753035855678383,0.30202870488201444,0.19744979638701068,0.0,0.12931611594155393,0.36405018872073136,0.1948513268257436,0.17458266726703878,0.5395278862443519,0.19084398106726733,0.3355200768069511,0.09607387201142581,0.14286558624879953,1.0
gex_possorted_bam_SJSO3:TAATCACCAAACTCATx-M1,0.09827026826400675,0.0,0.10675133060599735,0.0,0.5042571655941859,0.5702086377555516,0.0,0.0,0.0,0.09845969953625476,1.0,0.0,0.0,0.0,0.11938476237667188,0.0,0.8742401652519983,1.0,0.0,1.0,0.6953224799604623,0.8894987570686332,0.2064294873146827,0.7733108575667015,0.0,0.0,0.34853945314016294,0.0,0.0,0.04595945972866231,0.5135799439736398,0.299697209782307,0.18727105603933986,0.0,0.1687547117533961,0.1360729674365677,0.0,0.068379705874485,0.0859120263050056,0.1772466466946431,0.0,0.0,0.0,0.0,0.19212650298833026,0.08880212378982656,0.0,0.005391542996953056,0.007331123289935865,0.07916901517364482,0.0,0.08488850345886746,1.0
gex_possorted_bam_SJSO3:TAACAAGCACCCACCTx-M1,0.017275655782282327,0.23206859441942695,1.0,0.11212684177635457,1.0,0.9346295399223649,1.0,0.6093239413328233,0.9603061703296684,0.07323083542710038,1.0,0.0,0.25430582165945226,0.01970702880970855,0.0,0.0,1.0,1.0,0.30300990932362387,1.0,0.7560735598865779,0.7592523015890735,0.17198128898516696,0.20480609412463815,0.37899329199281373,0.09397138081241163,1.0,0.0,0.5120784566367862,0.0,0.24446083504792945,0.6224770820036454,0.14891145732173547,0.030171745724231154,0.6256153883162842,0.05086034204051159,0.0,0.0,0.24221225553931405,0.5086905843406629,1.0,0.0005731434567534112,0.0,1.0,0.0,0.22860378894672437,0.7998692561263492,0.4239355054843214,0.15532941524140434,0.1313816188395903,0.0,0.0,1.0
gex_possorted_bam_SJSO3:TAAAGCCTCATGCTAAx-M1,0.07470148495704099,0.0,0.0,0.0,0.4058144245611533,0.5519030637149723,0.0,0.0,0.0,0.0,1.0,0.0,0.0,0.0,0.0,0.0,1.0,1.0,0.0017554893207882229,0.9983591665287359,0.6898140157577983,0.8413986057167827,0.18331349914737965,0.7187623343531415,0.0,0.0,0.3926338520479218,0.0,0.0,0.016782837071488442,0.0,0.12350843030813277,0.15641355983090177,0.0,0.18770450543530576,0.0,0.0,0.08401942762892615,0.0,0.0,0.0,0.0,0.0,0.0,0.07594826327472466,0.0,0.0,0.31343627897074133,0.0,0.0,0.0,0.0,0.8373041080403301
gex_possorted_bam_SJSO3:TAACAAGCATTAGGCCx-M1,0.29859863335327086,0.0,0.06149875265130509,0.13608813544466333,0.8567580694284318,1.0,0.0,0.07842458399078488,0.0,0.22181118655894141,1.0,0.0,0.0,0.0,0.3050366828160359,0.0,1.0,1.0,0.06915718618585871,1.0,1.0,1.0,0.42989690980014617,0.9755440161243898,0.0,0.004540710387769673,0.2098755948349863,0.07962102041342263,0.0,0.3427114960978796,0.6338351402517123,0.3574951267405608,0.39911548656385415,0.07370687062958613,0.13276117941062882,0.3040681654882669,0.0,0.18234059109778503,0.2721092614107999,0.05541268180246472,0.0,0.0,0.0,0.0,0.49910727381321446,0.21257888326545746,0.0,0.20868401270266745,0.16617588308246986,0.31325238195809935,0.0,0.2612804690241893,1.0
gex_possorted_bam_SJSO3:TAAGCTATCAAACTCAx-M1,0.0,0.5922104517541346,1.0,0.11752806099486802,0.0,0.012413752216763914,1.0,0.0,1.0,0.12605649053654377,1.0,1.0,0.7435898212276216,1.0,0.0,1.0,1.0,0.5581410679391876,1.0,0.0,0.0,0.0,0.0,0.0,1.0,0.18727669540177827,1.0,0.5908431659450658,0.3053964053973491,0.21002192420269944,1.0,0.0,0.0,0.08510931194502123,1.0,0.0,1.0,0.0,0.0,1.0,0.0,1.0,1.0,1.0,0.0,0.032687593838931675,1.0,1.0,0.27861574750650436,0.0,0.511339054814708,0.1570779854215918,0.0
gex_possorted_bam_SJSO3:TAAGTAGCATGGCCTGx-M1,0.011666714607129902,0.0,0.17094466001072187,0.0,0.35360912407739103,0.11319069087549413,0.0,0.0,0.0,0.0,0.8827985138371014,0.0,0.0,0.0,0.0,0.0,1.0,1.0,0.0,1.0,0.4485836485296893,0.5866826066089826,0.11677735707527713,0.47759724120613933,0.0,0.0,0.532360485754008,0.0,0.0,0.0,0.0,0.26038028763652177,0.12051361384216656,0.0,0.28669350380015707,0.0,0.0,0.041584838354780725,0.0,0.0,0.17689223581332458,0.0,0.0,0.0,0.028668966886630343,0.0,0.0,0.4515900472757192,0.0,0.012688650719835309,0.0,0.0,0.8216965524990407
gex_possorted_bam_SJSO3:TAATCACCAATGCCTAx-M1,0.0,0.015088430051630023,0.7665473833296385,0.0009700922609463834,0.7370082580840953,0.5492220523319942,1.0,0.43772006257432144,0.6605062216294876,0.0,1.0,0.0,0.0,0.0,0.0,0.0,1.0,1.0,0.0,1.0,0.6869148832921853,0.7075082569771531,0.07593232680194256,0.3069422899501936,0.0,0.0,0.9009709898245427,0.0,0.04970403844278854,0.0,0.0,0.5422882146119904,0.11338105953354245,0.0,0.501271558028607,0.0,0.0,0.0,0.1410181238104277,0.3015386084574527,0.9219759622043234,0.0,0.0,1.0,0.0,0.07537927820409097,0.31645757823056836,0.3286647521413937,0.024110255630175152,0.014450052076948772,0.0,0.0,1.0
gex_possorted_bam_SJSO3:TAATCACCAGGCATCTx-M1,0.06102386494592933,0.0,0.9630592104185266,0.006421516111132488,1.0,0.801074547299923,0.0,0.0,0.0,0.3314560012555641,1.0,0.0,0.0,0.0,0.22052448188263632,0.0,1.0,1.0,0.0,1.0,0.6774614514948705,0.9075204324479789,0.33654894822779097,0.6668054537193708,0.0,0.13836691083862301,0.45109940482783056,0.0,0.0,0.2267528283509683,0.0,0.5323585081107334,0.2607895165776549,0.0,0.21253756292851314,0.06049692119907736,0.0,0.018509069786329286,0.07368084745788701,0.008581191688572654,0.48453424688194413,0.0,0.0,0.0,0.2947149090124408,0.029498681456942854,0.165071437107561,0.18760042993868709,0.059143658589804374,0.5268793966171428,0.0,0.05647163959505047,1.0
gex_possorted_bam_SJSO3:TAAGCTATCATTAGGCx-M1,0.02217474754314942,0.0,0.5690375790713998,0.0,0.9729318352423179,0.5944419204574579,0.0,0.0,0.0,0.13084371202834372,1.0,0.0,0.0,0.0,0.12975147199504966,0.0,1.0,1.0,0.0,1.0,0.6446712438012954,0.8496212173182958,0.26846008538344984,0.6113901080084847,0.0,0.06813320692620677,0.5145539958638775,0.0,0.0,0.1314666035672617,0.0,0.3702511615187315,0.20207554449559312,0.0,0.16964481903925938,0.0,0.0,0.010733106637730685,0.0,0.0,0.3785573943200371,0.0,0.0,0.0,0.2132075158042795,0.0,0.0,0.21738282787142396,0.0,0.329346464964264,0.0,0.0,1.0
gex_possorted_bam_SJSO3:TAACCTAAGGCGCTACx-M1,0.024225341842970614,0.0,0.0,0.0,0.09489365278051153,0.0,0.0,0.0,0.0,0.0,0.6911067892618037,0.0,0.0,0.0,0.0,0.0,0.6237729870581008,0.5467267237426519,0.0,0.791953514745576,0.44829221904407957,0.5541957988335742,0.09430799926472774,0.6427079023571903,0.0,0.0,0.5049297068994334,0.0,0.0,0.0,0.0,0.08555831700905749,0.0945557002662292,0.0,0.32243161211476074,0.0,0.0,0.05057419282405618,0.0,0.0,0.0,0.0,0.0,0.0,0.018774276159434854,0.0,0.0,0.35205523217387913,0.0,0.0,0.0,0.0,0.4923844953067991
gex_possorted_bam_SJSO3:TAAGGACCAAAGGCCAx-M1,0.0,0.0,0.755604548713412,0.0,0.0,0.0,1.0,0.0,1.0,0.0,1.0,0.5977107758605723,0.27921296267721646,1.0,0.0,1.0,1.0,0.0,0.5818469203252431,0.0,0.0,0.0,0.0,0.0,1.0,0.04608440237884399,1.0,0.1798939005375692,0.0,0.0,0.4581626789644547,0.0,0.0,0.0,1.0,0.0,1.0,0.0,0.0,1.0,0.0,1.0,1.0,1.0,0.0,0.0,1.0,1.0,0.0,0.0,0.2833798785780498,0.0,0.0
gex_possorted_bam_SJSO3:TAAGGCTTCCCGAAGCx-M1,0.11888332202071328,0.0,0.5010745537900629,0.00033103047960352314,0.9533315247591992,1.0,0.0,0.0,0.0,0.16822342735435034,1.0,0.0,0.0,0.0,0.0723645734918793,0.0,1.0,1.0,0.016774938063490393,1.0,0.8904445213018444,0.9981440982178609,0.33526040226505327,0.7024337494120945,0.0,0.07270307205894525,0.46332801662657236,0.0,0.0,0.282715346497124,0.0,0.37305435203449033,0.25460964998947794,0.0,0.18372223896411177,0.09721634969793266,0.0,0.07882723222949373,0.0861131414586359,0.0,0.15433372906348708,0.0,0.0,0.0,0.33722400539550396,0.035367400613384656,0.0,0.29185590237084535,0.03506949421449035,0.4537361108562213,0.0,0.09386789254819441,1.0
gex_possorted_bam_SJSO3:TAAGGACCACATGCTAx-M1,0.04342562879950332,0.0,1.0,0.03545614140992739,0.9910531314249318,0.9901468490831594,0.944722158559407,0.33735538494146045,0.24597398928205277,0.15035411591771736,1.0,0.0,0.06871533250275233,0.0,0.0,0.0,1.0,1.0,0.03599049863661833,1.0,0.9133883969352815,0.9143890067594426,0.1979796011272786,0.48852128783199494,0.0,0.03406582546555698,0.7286341413093664,0.0,0.0,0.0,0.21582183092478663,0.5609555632927029,0.2217295613081367,0.0,0.381527935877468,0.10244175126560039,0.0,0.0,0.184829472277574,0.3152175100053019,0.7313993228585738,0.0,0.0,1.0,0.14805749117241343,0.10501898781817659,0.506185069340751,0.27274237589862665,0.10666778915686517,0.2535082486459774,0.0,0.0,1.0
gex_possorted_bam_SJSO3:TAATGCATCATAAGCCx-M1,0.04977606244038573,0.0,0.0,0.0,0.4547348951292322,0.3185247532987487,0.0,0.0,0.0,0.0,1.0,0.0,0.0,0.0,0.0,0.0,1.0,1.0,0.0,1.0,0.640731083793871,0.745650411975355,0.16768488995273909,0.6850335379741622,0.0,0.0,0.48956213904215246,0.0,0.0,0.052432854692054574,0.0,0.09224592074068474,0.164685576330779,0.0,0.18306536429573075,0.0,0.0,0.06952086940929582,0.0,0.0,0.0,0.0,0.0,0.0,0.08149190384663595,0.0,0.0,0.35929800896354874,0.0,0.0,0.0,0.0,0.7400452107786344
gex_possorted_bam_SJSO3:TAACCAGGTCATTACCx-M1,0.0,0.6713072958872779,0.7512673169785451,0.07520583576748101,0.0,0.0,0.38295266508842285,0.009345469993990689,0.0,0.0,0.8369018027160438,0.0,1.0,1.0,0.0,1.0,0.38915243949720196,0.05196179796507914,1.0,0.0,0.0,0.0,0.0,0.0,1.0,0.0,1.0,0.0,1.0,0.4247722485607753,0.5429767567079458,0.5506651932920175,0.0,0.33286843559798807,1.0,0.0,1.0,0.0,0.0,1.0,0.3342656678456721,0.0,0.845496600087095,1.0,0.0,0.1523097000436341,1.0,1.0,0.06912000261212589,0.0,1.0,0.0934176451783786,0.0
gex_possorted_bam_SJSO3:TAACCGGTCCTAAGACx-M1,0.0,0.0,0.0,0.0,0.1663269710199428,0.0,0.0,0.0,0.0,0.0,0.7155961485217586,0.0,0.0,0.0,0.0,0.0,0.7150377247416894,0.7068719911266782,0.0,0.7918460469384172,0.3694679811771523,0.555402632331263,0.10224068187014342,0.5595016174425133,0.0,0.0,0.4316466261788134,0.0,0.0,0.0,0.0,0.12008981280261045,0.06158698310675205,0.0,0.3114989779937425,0.0,0.0,0.017185618133674245,0.0,0.02860936033714573,0.0,0.0,0.0,0.0,0.0,0.0,0.0,0.36558407493475337,0.0,0.0,0.0,0.0,0.5613585352163751
gex_possorted_bam_SJSO3:TAAGTGCTCTTGAGCGx-M1,0.0,0.0,0.0,0.0,0.19986784493692336,0.0,0.0,0.0,0.0,0.0,1.0,0.0,0.0,0.0,0.0,0.0,0.9559428447789052,0.7765276178491878,0.0,0.6526315678018781,0.37465502315935967,0.39485800758908896,0.06737578654373284,0.4744466214842451,0.0,0.0,0.7130806303941996,0.0,0.0,0.0,0.0,0.04535537606897786,0.026983633726299843,0.0,0.5684116576767035,0.0,0.14887349112347464,0.0,0.0,0.27200254064423396,0.0,0.11383576632163646,0.0,0.0,0.0,0.0,0.0,0.8313395862779651,0.0,0.0,0.0,0.0,0.6266927041538077
gex_possorted_bam_SJSO3:TAATCACCAATTAGCTx-M1,0.0,0.30606957378941757,1.0,0.08550519672718217,0.0,0.0,1.0,0.0,1.0,0.2805886028129593,1.0,1.0,0.6579963888747102,1.0,0.0,1.0,1.0,0.028150586460085315,0.9626552532798159,0.0,0.0,0.0,0.0,0.0,1.0,0.21883253160997646,1.0,0.7293974387852206,0.02304562150631614,0.19585256461743222,1.0,0.0,0.0,0.09565393883205194,1.0,0.0,1.0,0.0,0.0,1.0,0.07347928126973237,1.0,1.0,1.0,0.0,0.007167235158365543,1.0,1.0,0.3153417735297581,0.0,0.46390060394076377,0.11850291666535889,0.0
gex_possorted_bam_SJSO3:TAAGTGCTCCTGGCTTx-M1,0.0,0.0,0.34057600316426534,0.0,0.0,0.0,0.7233537649860997,0.0,1.0,0.0,1.0,0.4168245597760785,0.12863388313209065,1.0,0.0,1.0,1.0,0.26758153833577114,0.605630398659133,0.0,0.0,0.0,0.0,0.0,1.0,0.0007368433449654979,1.0,0.0810345613828762,0.05446608029712475,0.0,0.0,0.0,0.0,0.0,1.0,0.0,1.0,0.0,0.0,1.0,0.0,1.0,1.0,1.0,0.0,0.0,1.0,1.0,0.0,0.0,0.1527408366641579,0.0,0.0
gex_possorted_bam_SJSO3:TAAGGACCAATTAGGAx-M1,0.0,0.892597256164961,1.0,0.14454824961562418,0.0,0.0,1.0,0.05023408756746033,1.0,0.5178651109166608,1.0,1.0,0.7534077991616833,1.0,0.10925537380435593,1.0,1.0,0.5097191042067293,1.0,0.0,0.0,0.0,0.0,0.0,1.0,0.191766006806261,1.0,0.7503811799331784,0.06926664899726816,0.3456660103695664,1.0,0.0,0.0,0.1891898215305836,1.0,0.0,1.0,0.0,0.0,1.0,0.175799214686405,1.0,1.0,1.0,0.0,0.0,1.0,1.0,0.3800076226558607,0.0,0.3767640131000095,0.12626523396683403,0.0
gex_possorted_bam_SJSO3:TAATCCGCACGTAAGGx-M1,0.0,0.47742723604869575,1.0,0.05473119684018022,0.5635216919192645,0.7525743356164872,1.0,0.5996546712871599,0.9123076441550957,0.3579140599252853,0.9550885212515609,0.0,0.25815628318892786,0.07279421438300021,0.09372187917490038,0.08807641070841878,1.0,1.0,0.0,1.0,0.7872366078162444,0.5644836267219756,0.11275947393405983,0.2658378030583058,0.14900820413959356,0.0,0.8146517855319766,0.20758773981388032,0.39501372659518685,0.0,0.646486664165484,0.21417549422813906,0.17564682183803185,0.11885760314002684,0.7551223265775837,0.13222699076698072,0.06875112415670269,0.008705694642880214,0.3317852159729397,0.7569454442652548,1.0,0.37689690119263797,0.0,1.0,0.10884584777798044,0.16129435630546174,0.4459834499497029,0.19662224905910772,0.20060062413493035,0.21259226349837654,0.0,0.0,1.0
gex_possorted_bam_SJSO3:TAAAGCCTCCCTGGAAx-M1,0.04580498890350904,0.0,0.0,0.0,0.17117812048360026,0.26720706850444337,0.0,0.0,0.0,0.0,1.0,0.0,0.0,0.0,0.0,0.0,0.9632491717517284,1.0,0.0,0.7896061308946221,0.5640383042804861,0.714724331598447,0.15222859803258257,0.6303266586152012,0.0,0.0,0.39453761266344306,0.0,0.0,0.0,0.0,0.09368104228383893,0.10438326323066907,0.0,0.23869245759189348,0.0,0.0,0.03638317373073521,0.0,0.0,0.0,0.0,0.0,0.0,0.006044525368465642,0.0,0.0,0.36505166454377086,0.0,0.0,0.0,0.0,0.7265176577150155
gex_possorted_bam_SJSO3:TAACCAGGTTGAGGTCx-M1,0.0,0.26134348097929916,0.2582317720111135,0.0,0.0,0.0,0.3258739128526033,0.06838026188989596,0.0,0.20390362648516167,0.0,0.43685170766021636,0.0,0.0,0.2716089157794787,0.0,0.23843052913315507,0.0,0.0,1.0,0.20417930591970954,0.28422016861039917,0.0,0.484630378044218,0.0,0.0,0.2566897935861259,0.0,0.0,0.0,0.6853532565894028,0.0,0.023634588529713712,0.1166069760242804,0.4444999583229267,0.04219371475489536,0.19579456386988042,0.0,0.11795496682243352,0.5142692370054801,0.014330576702563215,0.36482904576910896,0.0,0.0,0.0,0.0,0.0,0.0,0.0,0.0,0.0,0.0,0.3778790488976852
gex_possorted_bam_SJSO3:TAATGCATCCTGGCTTx-M1,0.0,0.0,0.5798975224120464,0.0,0.0,0.0,0.8501856550641378,0.0,1.0,0.0,0.8898295256111888,0.6072514523069942,0.3146106480365546,1.0,0.0,1.0,0.8920347180997787,0.0,0.5819515268315549,0.0,0.0,0.0,0.0,0.0,1.0,0.0667336375347673,1.0,0.03271003303748637,0.04712548480931897,0.0,0.0,0.0,0.0,0.0,1.0,0.0,1.0,0.0,0.0,1.0,0.0,1.0,1.0,1.0,0.0,0.0,1.0,1.0,0.0,0.0,0.40220633439746084,0.0,0.0
gex_possorted_bam_SJSO3:TAAGTGCTCTAATCAGx-M1,0.0,0.4882825959942026,0.8142358852476571,0.14436983734945327,0.0,0.0,1.0,0.0,1.0,0.0,1.0,0.9311512239801013,1.0,1.0,0.0,1.0,1.0,0.4579892151719679,1.0,0.0,0.0,0.0,0.0,0.0,1.0,0.30298220190061603,1.0,0.44175861932436844,0.6876854020350599,0.254516522923287,1.0,0.0,0.0,0.06346835867174014,1.0,0.0,1.0,0.0,0.0,1.0,0.0,1.0,1.0,1.0,0.0,0.08558539836014428,1.0,1.0,0.286279102409245,0.0,0.7786080509461162,0.25661140881308986,0.0
gex_possorted_bam_SJSO3:TACCTGCTCCTGATGGx-M1,0.0,0.062070095927269205,0.5155802036803627,0.0,0.0,0.0,0.9918894358724788,0.0,1.0,0.0,1.0,0.8117214437157391,0.23735578392541967,1.0,0.0,1.0,1.0,0.4464625776994154,0.8012793153154916,0.0,0.0,0.0,0.0,0.0,1.0,0.0,1.0,0.1248720607939992,0.0,0.0,0.327054194807831,0.0,0.0,0.0,1.0,0.0,1.0,0.0,0.0,1.0,0.0,1.0,1.0,1.0,0.0,0.0,1.0,1.0,0.0,0.0,0.14496741371222274,0.0,0.0
gex_possorted_bam_SJSO3:TACAGCTAGGCTGGCTx-M1,0.09573240170905258,0.0,1.0,0.023525548829858297,1.0,1.0,0.0,0.01888200823263672,0.0,0.4870267269024559,1.0,0.0,0.01094303230639696,0.0,0.3374855775898756,0.0,1.0,1.0,0.0,1.0,0.9045825258927644,1.0,0.35025763767023615,0.7322406167371172,0.0,0.1118978212683281,0.38278316552615715,0.07774878501982807,0.0,0.25025189990591523,0.5858080529614748,0.5360315808728604,0.32715955668209534,0.0,0.23801232204725611,0.16317664444400196,0.0,0.05372420689938217,0.20969315126120186,0.20673686501887975,0.33471862028662636,0.0,0.0,0.6630262192236255,0.35671236276745594,0.09653544959481312,0.40279631109900516,0.15492055370307836,0.19162892084453934,0.5513193548034948,0.0,0.09228084577795169,1.0
gex_possorted_bam_SJSO3:TACCTGCTCCTAAATGx-M1,0.0,0.0,0.5276058447378451,0.02023221521868449,0.8953014960555348,0.7001087762421221,1.0,0.4760918455024588,0.5273664644559161,0.0,1.0,0.0,0.0652694223059009,0.0,0.0,0.0,1.0,1.0,0.12241178510086166,1.0,0.7414868681368638,0.7956886421934289,0.13071803743143628,0.3363646723603009,0.03575505024778224,0.012547632948956697,1.0,0.0,0.20390351753024982,0.0,0.0,0.6916526987876982,0.14445109015989954,0.0,0.4890170243519239,0.0,0.0,0.0,0.135764020722432,0.22625816098725807,0.9974055021348958,0.0,0.0,1.0,0.0,0.11389820514838453,0.4797680706321688,0.428556651761412,0.011472268130995545,0.003686251871412371,0.0,0.0,1.0
gex_possorted_bam_SJSO3:TACCTGCTCAATGAGGx-M1,0.2621615059291204,0.0,0.0,0.16940263577538658,0.5549598916639434,1.0,0.0,0.12231245489001469,0.0,0.11505815797221992,1.0,0.0,0.0,0.0,0.19292843027894113,0.10049322127080028,1.0,1.0,0.18666394845593848,1.0,1.0,1.0,0.38010931332756254,0.814699191455662,0.0,0.011607288657915738,0.2671360528140553,0.0,0.1530771059096968,0.4338259816135401,0.6080837872218015,0.06970778297845487,0.3109329002027582,0.0,0.1669973570083353,0.2479696754930042,0.0,0.18451044506812656,0.18901649746837618,0.026486104656632016,0.0,0.0,0.0,0.0,0.37460814634815676,0.2408885191850682,0.0,0.23968204711387056,0.11679875721977746,0.24636733413778253,0.021985615925209288,0.2327597048138132,1.0
gex_possorted_bam_SJSO3:TACATCAAGTTAACCAx-M1,0.0,0.0,0.0,0.0,0.33510464062737183,0.10230277374507905,0.0,0.0,0.0,0.0,0.7773536690852215,0.0,0.0,0.0,0.0,0.0,0.7856757739143737,0.8207252686292876,0.0,1.0,0.4465239711515877,0.6974761511280404,0.12211120497254237,0.6061123482617434,0.0,0.0,0.4562081901841515,0.0,0.0,0.0,0.0,0.10345684463842411,0.11126986739071992,0.0,0.22647296673721798,0.0,0.0,0.0,0.0,0.028986350774204986,0.0,0.0,0.0,0.0,0.03477480579531409,0.0,0.0,0.2918446121985793,0.0,0.010263381065269507,0.0,0.0,0.8626639852468873
gex_possorted_bam_SJSO3:TACCAGGTCTTACTCGx-M1,0.039920772593702754,0.0,0.0,0.0,0.2578273006354567,0.32479963090770536,0.0,0.0,0.0,0.0,1.0,0.0,0.0,0.0,0.0,0.0,1.0,1.0,0.0,1.0,0.6303443978135765,0.8007559734456542,0.13972365998915676,0.6790034394548957,0.0,0.0,0.4572691710013202,0.0,0.0,0.0,0.0,0.024378626776719432,0.12442411317366923,0.0,0.23192808782998878,0.0,0.0,0.0523846331710979,0.0,0.0,0.0,0.0,0.0,0.0,0.07558572508223496,0.0,0.0,0.37186712144128214,0.0,0.0,0.0,0.0,0.7873047466623162
gex_possorted_bam_SJSO3:TACCCGGCACACTAATx-M1,0.0,0.3754479335101436,0.16250285714261484,0.0027666318148705936,0.0,0.2563452912160567,0.4823752513591424,0.07748902455173856,0.0,0.13103041056144912,0.38139866988305654,0.318067323469595,0.0,0.09236391413827795,0.34248808712361445,0.2698762387441874,1.0,0.5756490618526319,0.0,1.0,0.35097665048675186,0.3567048236464441,0.03036229232052127,0.6146758389370056,0.0,0.0,0.21119295930375534,0.0,0.0,0.0,0.40576065067351785,0.0,0.08117496788599567,0.11054427684988766,0.3754362866988807,0.07769577679035285,0.0,0.0,0.22711081438702913,0.5822607800768479,0.14956308436588253,0.8076104257723189,0.0,0.0,0.0,0.0,0.0,0.17537197871691731,0.0,0.0,0.0,0.0,0.12222017070624804
gex_possorted_bam_SJSO3:TACCGTTGTTTAAAGCx-M1,0.0,0.14928803284836833,0.19845319419427776,0.0,0.0,0.0,0.3408416918114827,0.07419062130409829,0.0,0.05705906996053492,0.0,0.4253112594768467,0.0,0.0,0.22453675809019386,0.0,0.43313824624295677,0.0,0.0,1.0,0.23594508837760872,0.25115421856390563,0.019931455534310104,0.4866847935886119,0.0,0.0,0.4094266884942192,0.0,0.0,0.0,0.29382065453586903,0.0,0.0683166004918827,0.10654124835831649,0.5420208210830509,0.03596103012593969,0.15386203514273625,0.0,0.10724724132418346,0.5189208310412532,0.13231539214681518,0.4562982676958445,0.0,0.0,0.0,0.0,0.0,0.12750762159817156,0.0,0.0,0.0,0.0,0.33213612744322074
gex_possorted_bam_SJSO3:TACAAGCTCTCACTCAx-M1,0.0,0.0,0.0,0.0,0.0,0.0,0.0,0.0,0.0,0.0,0.35712154661058276,0.0,0.0,0.0,0.055355387673767735,0.0,0.5959910530235358,0.2689321346452925,0.0,0.8169370749841187,0.1686205889283654,0.3209598375868916,0.016031097855235876,0.45597081534061323,0.0,0.0,0.47828130291814697,0.0,0.0,0.0,0.0,0.0,0.01825852519796095,0.0,0.4246659706085622,0.0,0.0,0.0,0.0,0.26309472124734934,0.0015458959262783201,0.32331803516998586,0.0,0.0,0.0,0.0,0.0,0.39465804081401756,0.0,0.0,0.0,0.0,0.161402761694106
gex_possorted_bam_SJSO3:TACCTCATCATTTAGGx-M1,0.0,0.05122588542934546,0.22776889479501994,0.0,0.0,0.0,0.14205685921489825,0.00018282510026898632,0.0,0.0,0.18371876607421025,0.20475441700843805,0.0,0.0,0.08546521207753123,0.22063835711772006,0.5045270671158171,0.0,0.0,0.8364632480130809,0.11011162290644211,0.11950494399110641,0.0,0.2776002373538779,0.0,0.0,0.5815067778952396,0.0,0.0,0.0,0.14059631359868469,0.0,0.0,0.019790314345642993,0.6981582284157306,0.0,0.4308040841923104,0.0,0.0,0.6354581094938907,0.06386345594290065,0.552196550539045,0.0,0.0,0.0,0.0,0.0,0.6359775961339889,0.0,0.0,0.0,0.0,0.2401797634013758
gex_possorted_bam_SJSO3:TACCGCAAGCTCGCTTx-M1,0.0,0.0,0.0,0.0,0.03463481855604575,0.0,0.0,0.0,0.0,0.0,0.3908025202954743,0.0,0.0,0.0,0.0,0.0,0.5055319000832647,0.2464703777068443,0.0,0.6538700168398115,0.33436311851732203,0.32213386937084937,0.05372841403714505,0.414612543184843,0.0,0.0,0.5734464622971719,0.0,0.0,0.0,0.0,0.0,0.03089299873427682,0.0,0.4275438133487686,0.0,0.05673375957550452,0.0,0.0,0.196037411414677,0.0,0.06896057706107889,0.0,0.0,0.0,0.0,0.0,0.4020129972804458,0.0,0.0,0.0,0.0,0.23791230936714583
gex_possorted_bam_SJSO3:TACCTGCTCTTGCATTx-M1,0.05402273466049962,0.0,0.10041640660037549,0.0,0.38527497655832443,0.4395133931357064,0.0,0.0,0.0,0.0,1.0,0.0,0.0,0.0,0.032125758816856205,0.0,0.9837451950752201,1.0,0.0,1.0,0.6777681456600547,0.8071986179579176,0.1631940555140618,0.7036381518157138,0.0,0.0,0.38979298780352734,0.0,0.0,0.0,0.18077745190656522,0.11069763207708416,0.1858933823066773,0.0,0.18545141329127118,0.03177024156235697,0.0,0.03194545598888131,0.044893140333594976,0.08009370863750676,0.0,0.0,0.0,0.0,0.12825684821512676,0.023263394787550726,0.0,0.21827272975191073,0.0,0.011438986456207906,0.0,0.0,1.0
gex_possorted_bam_SJSO3:TACCTCATCGGTTTGGx-M1,0.0,0.0,1.0,0.0,0.0,0.0,1.0,0.0,1.0,0.0,1.0,0.8196647454340356,0.38789930768710496,1.0,0.0,1.0,0.95373549884046,0.0,0.4667974194336848,0.0,0.0,0.0,0.0,0.0,1.0,0.08176293708957035,1.0,0.15357165736979453,0.14251182518041908,0.0,0.6634188162667736,0.0,0.0,0.0,1.0,0.0,1.0,0.0,0.0,1.0,0.0,1.0,1.0,1.0,0.0,0.0,1.0,1.0,0.03150021362149196,0.0,0.2430117092738342,0.02032156406429938,0.0
gex_possorted_bam_SJSO3:TACCTTTAGCTTCCCGx-M1,0.0,0.45993705361407833,1.0,0.13736615159478657,0.0,0.0,1.0,0.0,1.0,0.14325195345588496,1.0,0.8609674924344672,1.0,1.0,0.0,1.0,1.0,0.2932541048704625,1.0,0.0,0.0,0.0,0.0,0.0,1.0,0.27699352335631955,1.0,0.5352592751866293,0.5207216664525935,0.2566656314965598,1.0,0.0,0.0,0.15467606985594448,1.0,0.0,1.0,0.0,0.0,1.0,0.0,1.0,1.0,1.0,0.0,0.0594422508819859,1.0,1.0,0.33455693860503793,0.016105624868126136,0.6313352615608058,0.22236265071115668,0.0
gex_possorted_bam_SJSO3:TACATCAAGTCACTAAx-M1,0.0,0.22518994063726033,1.0,0.02320947662369665,0.0,0.0,1.0,0.0,1.0,0.0,1.0,0.8164184654520333,0.6525296022701449,1.0,0.0,1.0,1.0,0.1691739786424037,0.9990574682688116,0.0,0.0,0.0,0.0,0.0,1.0,0.16149204695991626,1.0,0.19162096840280723,0.3190169508074731,0.05120090384341131,0.8924600685341508,0.0,0.0,0.0,1.0,0.0,1.0,0.0,0.0,1.0,0.0,1.0,1.0,1.0,0.0,0.0,1.0,1.0,0.14824625831002353,0.0,0.34810979367316763,0.10879940897060626,0.0
gex_possorted_bam_SJSO3:TACCTGCTCGAGGAGTx-M1,0.00364385833927754,0.0,0.1054347662408992,0.0,0.4340642450672345,0.07050364643972273,0.0,0.0,0.0,0.0,0.8419643900363301,0.0,0.0,0.0,0.0,0.0,0.8483017809643196,0.8949027113198794,0.0,1.0,0.6746114964763403,0.7238061683879712,0.12484249900146271,0.6518246429866467,0.0,0.0,0.49294298844315027,0.0,0.0,0.0,0.0,0.1544476655600165,0.15194854554363782,0.0,0.21092592286804665,0.0,0.0,0.017644509620602468,0.0,0.0,0.04124158502434004,0.0,0.0,0.0,0.030274457155898545,0.0,0.0,0.31460323642739113,0.0,0.0,0.0,0.0,1.0
gex_possorted_bam_SJSO3:TACCCGGCAGCTCATAx-M1,0.0,0.8983510627189225,0.7631478245426928,0.04667686584750982,0.0,0.028013987192523876,1.0,0.19871997096791863,0.0,0.5563935920103725,0.0,1.0,0.0,0.14281770676825944,0.5589070713847956,0.6775990662580609,0.8126784071863208,0.0,0.0,1.0,0.2066639236509577,0.027557459288550447,0.03770217512165859,0.381003453437879,0.0,0.0,0.35078051913369795,0.21952663217883114,0.062460040825808236,0.0,1.0,0.0,0.06057603076838524,0.26136059139594553,0.9268791529710018,0.21077608770561718,0.49977935307316784,0.0,0.3253287650485409,1.0,0.3630549126295871,1.0,0.0,0.018030330255769608,0.03408435236668252,0.0,0.0,0.3389558754428654,0.14795042267548025,0.05319691072178813,0.0,0.0,0.08137424379307448
gex_possorted_bam_SJSO3:TACCGAAGTCACACCCx-M1,0.02410215880860166,0.0,0.0,0.0,0.16734355771686235,0.0137336720718187,0.0,0.0,0.0,0.0,0.6200094996781303,0.0,0.0,0.0,0.009238123575273547,0.0,0.574928224414939,0.5062272916836661,0.0,1.0,0.5257903441676792,0.6885284285493399,0.12352993298565403,0.6639228171643036,0.0,0.0,0.36613286484804225,0.0,0.0,0.0,0.02038665141293245,0.0,0.11468751215290374,0.0,0.2859436925733082,0.009516524977796424,0.0,0.019223208990579516,0.0,0.13226605801689362,0.0,0.0,0.0,0.0,0.0,0.007345256782853097,0.0,0.09360769784004848,0.0,0.0,0.0,0.0,0.9385194437837222
gex_possorted_bam_SJSO3:TAATTGCCAGGACACAx-M1,0.09083188633441903,0.0,0.0,0.0,0.2515073001890489,0.012841941405726365,0.0,0.09272906091805964,0.0,0.0,0.5655218014184183,0.0,0.0,0.0,0.017150540017994646,0.0,0.6503886773933881,0.54822648591759,0.0,1.0,0.6640563797068844,0.6527766989792996,0.1505329585167504,0.6790964552300434,0.0,0.0,0.47213709365353407,0.0,0.0,0.0,0.0,0.15198155294072474,0.2198645101683219,0.0020897366391288215,0.27781448866900876,0.040607385686326526,0.0,0.023164357932583337,0.05345857331750193,0.04578113982852765,0.11048361073029811,0.0,0.0,0.0,0.21449466996492983,0.013150437771708509,0.0,0.35367405908331206,0.0,0.0,0.0,0.0,0.5409592571670991
gex_possorted_bam_SJSO3:TACCCGGCATAATTGCx-M1,0.04070169754301988,0.0,0.0,0.0,0.21568060554493526,0.24770593125829657,0.0,0.0,0.0,0.0,1.0,0.0,0.0,0.0,0.0,0.0,0.987087117620464,1.0,0.0,1.0,0.6292251741967075,0.781701149923626,0.1284696872251505,0.7662924109055808,0.0,0.0,0.363844738759601,0.0,0.0,0.0,0.0,0.25092371332169194,0.13386973320240747,0.0,0.18613383927468172,0.0,0.0,0.0388105994810204,0.0,0.0,0.0,0.0,0.0,0.0,0.09613243849632261,0.0,0.0,0.3542116550766725,0.0,0.0,0.0,0.0,0.9358863397964622
gex_possorted_bam_SJSO3:TAATTGCCAACTGGCTx-M1,0.06283967621629398,0.15560437304387578,0.9482549797596145,0.052815880474737745,0.5609663520805196,0.7518241467926182,0.5627315104506774,0.26373533814300176,0.017722651145354408,0.2996125502373914,0.9401879277726033,0.0,0.03132850672429139,0.0,0.14608566554802552,0.02005530215328144,1.0,1.0,0.0,1.0,0.7780683580016619,0.7779216520548345,0.18676375833794234,0.6395359647691834,0.0,0.0,0.49388912226467685,0.08556469914162465,0.0,5.26991160413974e-06,0.9047747521898218,0.24656210545848417,0.2387090989201649,0.0578533718984894,0.3632572572917929,0.16757530616654298,0.004055211417477358,0.026810962983929456,0.2031908333151244,0.5192786152589678,0.28755523313646536,0.0,0.0,1.0,0.2030874525378686,0.15274477341835713,0.14864848081808535,0.1349913516689679,0.16698210732755683,0.27365962988239767,0.0,0.021649091860581466,1.0
gex_possorted_bam_SJSO3:TACATCAAGCCTGAGCx-M1,0.007329926017858206,0.2493998448319644,0.8311553267386586,0.012651229906063394,0.22621976480220454,0.43196791827427494,0.1249860230329231,0.1241595844997032,0.0,0.4232939632790702,0.28581068622189715,0.0,0.0,0.0,0.3455518472989617,0.0,0.6335842365772125,0.21822177261229583,0.0,1.0,0.5441908374251846,0.7047098945244112,0.16724702464037466,0.7218131485205095,0.0,0.0,0.19105165232906088,0.07919207453632661,0.0,0.024751080459577614,1.0,0.0,0.1958092262501413,0.12989747672746405,0.3066698284703416,0.23433232305874124,0.10831837793475318,0.0,0.18385011662487172,0.7878169209530681,0.0,0.0,0.0,0.1605119278794229,0.11451782564250185,0.12227449251519715,0.0,0.0,0.13684551707173717,0.2865333517394769,0.07648903942173971,0.014128506756402998,1.0
gex_possorted_bam_SJSO3:TACAAGCTCCGTAAACx-M1,0.0,0.3816793220406545,1.0,0.14287012167050597,0.0,0.0,1.0,0.0,1.0,0.23250057731536697,1.0,1.0,1.0,1.0,0.0,1.0,1.0,0.3893488643615435,1.0,0.0,0.0,0.0,0.0,0.0,1.0,0.2843763561537352,1.0,0.7775250548597537,0.35426476499229514,0.3423747512380586,1.0,0.0,0.0,0.10736942134354463,1.0,0.0,1.0,0.0,0.0,1.0,0.0,1.0,1.0,1.0,0.0,0.0748731924714405,1.0,1.0,0.38141975013793866,0.0,0.612125280028347,0.21581432165485578,0.0
gex_possorted_bam_SJSO3:TACAGCTAGTGGCGGAx-M1,0.11524362694283112,0.34581402216352997,1.0,0.14806530211179544,0.7833628149378886,1.0,0.8767440483407561,0.3845045847644332,0.02460164392076905,0.3646225451369252,1.0,0.0,0.20660673546877642,0.14169670198846293,0.22168875380371583,0.2275198384471446,1.0,1.0,0.13858410308748875,1.0,1.0,0.8595546761065561,0.2554448144773609,0.6978937343143866,0.0001392498183280561,0.05907369597790366,0.4757863669630033,0.2151523221509178,0.12484483482284763,0.05138354427867561,0.8913304869693985,0.3423211415860138,0.30706713823100373,0.07651327480488875,0.377757677588199,0.22561298224189327,0.0,0.10539585846230666,0.3148592143524598,0.48141912791238,0.5556484098713765,0.0,0.0,1.0,0.27269581574530677,0.21874282539068474,0.38966176744025127,0.30651802899318076,0.24505801378346584,0.36654295835395406,0.0,0.07362913539298409,1.0
gex_possorted_bam_SJSO3:TAATTGCCACACCAACx-M1,0.06181607365208831,0.0,0.0,0.0,0.10483143879899806,0.0,0.0,0.16816063892607738,0.024745607332468004,0.0,0.4371737483906796,0.0,0.0,0.5560419811187726,0.0,0.2736367935095686,0.7967266684358535,0.43927767478410407,0.0,0.2666536545939155,0.2606334493611072,0.02863716400556217,0.09434306236268362,0.15921091258816794,0.11980227674022949,0.0915216032539096,1.0,0.0,0.0,0.0,0.0,0.5022874996003726,0.0925660427868671,0.11769946429049541,0.6253288606643143,0.0,0.6315046481685642,0.0,0.0,0.3298773924931651,0.16519479617852087,0.5568567746390263,0.0,0.0,0.0,0.0,0.21843384546724956,1.0,0.0,0.11130345153720869,0.10748386418858423,0.0,0.21919678333269177
gex_possorted_bam_SJSO3:TACCGCAAGAGGCTAAx-M1,0.0,0.3282026942744873,1.0,0.06981454146973469,0.0,0.0,1.0,0.0,1.0,0.07441218241369804,1.0,1.0,0.8111002854802253,1.0,0.0,1.0,1.0,0.5462796933095689,1.0,0.0,0.0,0.0,0.0,0.0,1.0,0.20174261063979343,1.0,0.39063804806845975,0.29281595286603335,0.17029131311384113,1.0,0.0,0.0,0.0,1.0,0.0,1.0,0.0,0.0,1.0,0.0,1.0,1.0,1.0,0.0,0.014685606269017507,1.0,1.0,0.2465774662322668,0.0,0.4820714100002188,0.15539231542457538,0.0
gex_possorted_bam_SJSO3:TACAATGTCCGCCTCAx-M1,0.1160416757009183,0.5106659712792536,1.0,0.2964746616987641,0.0,0.8912190909968696,1.0,1.0,0.3492807517255207,1.0,0.13308690395618789,1.0,0.40786030108972643,1.0,0.6422258532948151,0.5388337397143688,1.0,1.0,1.0,1.0,0.46537134183783435,0.0,0.5317462719338474,0.24592590454602545,0.15607301898424983,0.10599353789139881,0.044851274146119585,1.0,1.0,0.40893736642783,0.0,0.0,0.4386171636188747,0.0,0.9521992941042383,0.8001152224747492,0.3677641796031296,0.6240482539445037,0.9052855435920703,0.4943010304989796,1.0,1.0,0.5393263930224453,0.022062470729918432,1.0,0.0,1.0,0.6175252536571209,0.09119061062988935,0.9649552527250371,0.0,0.0,1.0
gex_possorted_bam_SJSO3:TACCAGGTCCATAAGCx-M1,0.11698734350012664,0.0,0.0,0.0,0.5073731958834702,0.7424312997278034,0.0,0.0,0.0,0.0,1.0,0.0,0.0,0.0,0.00794215151324766,0.0,1.0,1.0,0.0,1.0,0.792572825059853,0.9642940515653826,0.2531113653083992,0.7707148325475255,0.0,0.0,0.32131568142922673,0.0,0.0,0.13574564720563062,0.0,0.09783153859690821,0.21407176299225317,0.0,0.17335408214190062,0.060505354470482775,0.0,0.07248138811151002,0.04826763687127017,0.0,0.0,0.0,0.0,0.0,0.18193858574194163,0.031577563327973034,0.0,0.2756806301027288,0.0,0.06387226697411616,0.0,0.05572624955904085,1.0
gex_possorted_bam_SJSO3:TAATTGCCAGCTAACCx-M1,0.004939201269864809,0.0,0.0,0.0,0.12728637367199502,0.0,0.0,0.0,0.0,0.0,0.5655199742917595,0.0,0.0,0.0,0.0,0.0,0.6654193209121074,0.5487869818161448,0.0,1.0,0.5806643808265375,0.6027054424078113,0.127067804146827,0.6314189486139616,0.0,0.0,0.4035725463270942,0.0,0.0,0.0,0.0,0.0,0.11039303530540745,0.0,0.28439393000856894,0.0,0.0,0.04017560927635669,0.0034291386118585968,0.1557121722613177,0.0,0.0,0.0,0.0,0.010275672028198792,0.0,0.0,0.20789476402074228,0.0,0.0,0.0,0.0,0.6234619475336831
gex_possorted_bam_SJSO3:TACCAGGTCCAATTAGx-M1,0.0,0.0,0.0,0.0,0.0,0.0,0.0,0.0,0.0,0.0,1.0,0.0,0.21456257988162453,1.0,0.0,1.0,0.852426701586559,0.4542742594502828,0.7055502964567241,0.0,0.0,0.0,0.0,0.0,0.9717077023538317,0.0,1.0,0.0,0.3980935345224356,0.0,0.0,0.0036623189171054874,0.0,0.01106962302079596,1.0,0.0,1.0,0.0,0.0,1.0,0.03953256410604172,0.4944815097838431,0.4092945262297607,0.0,0.0,0.0,0.693743394559935,1.0,0.0,0.0,0.37474827362793095,0.0,0.0
gex_possorted_bam_SJSO3:TACAAGCTCGCTATAAx-M1,0.0,0.32228283011164427,0.9217241131905898,0.0,0.0,0.03198576464010011,1.0,0.5003622117387333,0.25447249010235495,0.43803702130773264,0.0,0.8148226080116108,0.0,0.9087398321022058,0.24341040537801262,0.16082770085217118,1.0,0.5519702354456696,0.0,1.0,0.4898012182910729,0.24065148350664362,0.12196335405035258,0.5768644100520929,0.0,0.0,0.26145861350768246,0.6152596827763054,0.19365790758629806,0.0,0.04020067575325321,0.0,0.20253087636288952,0.012202142130496594,0.5908765307055797,0.20458443150054356,0.16103575543128415,0.0948849526132835,0.29437190696190796,0.4607322036827517,1.0,0.4688642635007531,0.0,0.0,0.3911044654300344,0.0,0.0747573240219297,0.1855203338516542,0.0,0.201276000156415,0.0,0.0,0.970818901467151
gex_possorted_bam_SJSO3:TACCCGGCAAAGCTAAx-M1,0.0,0.0,1.0,0.0,0.0,0.0,1.0,0.0,0.7830562487543795,0.0,0.9562521776177678,0.6253791183085249,0.050543706956674934,0.9386286120953542,0.0,1.0,1.0,0.0,0.4761096101678664,0.0,0.0,0.0,0.0,0.0,1.0,0.023501740046100308,1.0,0.25041535744593174,0.0,0.0,0.6112387957067852,0.0,0.0,0.005422458896981562,1.0,0.0,1.0,0.0,0.0,1.0,0.0,1.0,1.0,1.0,0.0,0.0,1.0,1.0,0.0,0.0,0.21582555148159016,0.0,0.0
gex_possorted_bam_SJSO3:TAATGGTGTTGCACAAx-M1,0.0,0.6156951339483002,1.0,0.2737911156491725,0.0,0.0,1.0,0.0,1.0,0.023691179578985404,1.0,1.0,1.0,1.0,0.0,1.0,1.0,0.5295629843654285,1.0,0.0,0.0,0.0,0.0,0.0,1.0,0.3457069158054931,1.0,0.5359637135269677,0.8632792803063967,0.32738260022945176,1.0,0.0,0.0,0.025526157028226363,1.0,0.0,1.0,0.0,0.0,1.0,0.0,1.0,1.0,1.0,0.0,0.10583071508796676,1.0,1.0,0.32153409006818967,0.1915240984783432,0.7009094501954564,0.284651566546476,0.0
gex_possorted_bam_SJSO3:TACAAGCTCACTTCATx-M1,0.05469949314343003,0.0,0.20841750637590456,0.0,0.4608711023386272,0.503887919545365,0.0,0.0,0.0,0.0,1.0,0.0,0.0,0.0,0.0,0.0,1.0,1.0,0.0,1.0,0.7843382621897846,0.8907884048495077,0.17675070339904578,0.7659258468659191,0.0,0.0,0.3679825906744021,0.0,0.0,0.03810972083035713,0.0,0.10527830459582324,0.18092725269400625,0.0,0.16260974080368168,0.0,0.0,0.04067315382768913,0.0,0.0,0.0,0.0,0.0,0.0,0.1305519589454158,0.0,0.0,0.24255959694988244,0.0,0.0,0.0,0.0,0.9534978728400898
gex_possorted_bam_SJSO3:TACTGCACATAAAGCAx-M1,0.0777597227871976,0.0,0.19569422705825054,0.0,0.5249225783610214,0.8510842163876824,0.0,0.0,0.0,0.0,1.0,0.0,0.0,0.0,0.05670743009283025,0.0,1.0,1.0,0.0,1.0,0.9070639018467008,1.0,0.22140431392142657,0.8477292408928081,0.0,0.0,0.2987697913360998,0.0,0.0,0.12994653930075198,0.3248333223935844,0.14646043272089698,0.204044406043652,0.0,0.11903334104560621,0.06440775586921488,0.0,0.05401682146324526,0.04510855736837941,0.0009479688643853575,0.0,0.0,0.0,0.0,0.2331357233671163,0.029880318145570774,0.0,0.11384178703776834,0.0,0.08800804513405404,0.0,0.05480360595798207,1.0
gex_possorted_bam_SJSO3:TACGCACCAAACTAAGx-M1,0.0,0.3571426572970929,0.4523917021306441,0.23099939225972188,0.0,0.0,1.0,0.22729323830748688,1.0,0.0,1.0,1.0,0.783463158528433,1.0,0.0,1.0,1.0,0.7572757951707013,1.0,0.0,0.0,0.0,0.0,0.0,1.0,0.31475206745667966,1.0,0.5594610711044745,0.48950323431214077,0.0,0.0,0.0,0.0,0.2178174826646898,1.0,0.0,1.0,0.0,0.0,1.0,0.15596260660160324,1.0,1.0,1.0,0.0,0.05512161018798768,1.0,1.0,0.1831284307396572,0.0,0.9389022908159043,0.10936889919201054,0.0
gex_possorted_bam_SJSO3:TACTGACAGCTAATTGx-M1,0.0,0.0,0.08730975159667442,0.0,0.035417695903843076,0.0,0.0,0.0,0.0,0.0,0.6300807030273413,0.0,0.0,0.0,0.0,0.0,0.6209310678912044,0.5277138526457383,0.0,1.0,0.43533474070846423,0.5603652469311974,0.07884581390610935,0.5870206232806874,0.0,0.0,0.46246155086834956,0.0,0.0,0.0,0.09422091300557424,0.0,0.08106369614967189,0.0,0.33913530973993894,0.0,0.0,0.037094940084789675,0.0,0.186177287338301,0.0,0.0,0.0,0.0,0.0318129812133006,0.0,0.0,0.1954273287339386,0.0,0.0,0.0,0.0,0.7218438440300382
gex_possorted_bam_SJSO3:TACTTGTTCGTTAGTAx-M1,0.029678033318542938,0.0,0.0,0.0,0.20042046779278885,0.23769746911471526,0.0,0.0,0.0,0.0,1.0,0.0,0.0,0.0,0.0,0.0,0.9081268737639117,1.0,0.0,1.0,0.6335247780661553,0.8052301695345321,0.132446419289263,0.7976344167310625,0.0,0.0,0.3441615597405932,0.0,0.0,0.0,0.0,0.10642160872763111,0.1437518517268896,0.0,0.15824903948266567,0.0,0.0,0.03211162203109622,0.0,0.0,0.0,0.0,0.0,0.0,0.07355171681762349,0.0,0.0,0.3107067354162716,0.0,0.0,0.0,0.0,0.948793713179594
gex_possorted_bam_SJSO3:TACGGTTAGGGCTTATx-M1,0.0,0.0,0.1495714907742399,0.07841568833514612,0.0,0.0,1.0,0.009615167526654795,1.0,0.0,1.0,0.9439592792960138,0.6761755581313666,1.0,0.0,1.0,1.0,0.939487926753078,1.0,0.0,0.0,0.0,0.0,0.0,1.0,0.20842089830138244,1.0,0.19449965272640984,0.09417791368540349,0.0,0.0,0.02079385762569086,0.0,0.0,1.0,0.0,1.0,0.0,0.0,1.0,0.0,1.0,0.9391048157727686,0.7731090263948904,0.0,0.0,1.0,1.0,0.041212440945037836,0.0,0.8181780986019956,0.02759549082373297,0.0
gex_possorted_bam_SJSO3:TACTGCACATACCCGGx-M1,0.0,0.17641776150172667,0.21716975240931943,0.0,0.0,0.0,0.0,0.0,0.0,0.0,0.7185173840006872,0.0,0.8406231278252454,1.0,0.0,1.0,0.260450109733534,0.09300896123615145,0.931506660822439,0.0,0.0,0.0,0.0,0.0,1.0,0.0,1.0,0.0,1.0,0.07237081151194368,0.0,0.5096181178302291,0.0,0.2579268014987399,1.0,0.0,0.6934054009854653,0.0,0.0,1.0,0.4596370243076784,0.0,0.33484682184120174,0.0,0.0,0.0,0.7051904290769643,0.17098778164823125,0.0,0.0,0.8936988396756191,0.0,0.0
gex_possorted_bam_SJSO3:TACTGACAGCATTTCTx-M1,0.0,0.2693970182793412,1.0,0.14071491008816636,0.0,0.8296350258961294,1.0,1.0,0.614916865307254,0.9184328793607145,0.7400249842111387,1.0,0.0830935702120814,1.0,0.33929332383416927,0.1089904173293638,1.0,1.0,0.7653178110510674,1.0,0.5308042642256932,0.2594772558325622,0.23030283382040406,0.32969000795787373,0.0,0.0,0.34909297404008816,1.0,0.47464897128334627,0.0,0.0,0.22184382272956782,0.34070294385385014,0.0,0.7571005215077765,0.38184527461901085,0.10715989041464165,0.24825990190996547,0.5340669667768292,0.3538042166732648,1.0,0.49160905157804125,0.0,0.17582613248075546,0.8014877398853901,0.0,1.0,0.6800718890428862,0.0,0.5212693998336553,0.0,0.0,1.0
gex_possorted_bam_SJSO3:TACTTCGTCACCATTTx-M1,0.7455330108098059,0.6738771806823624,1.0,0.7556370284615364,1.0,1.0,0.14920800112796156,0.6991480934969511,0.4256350569931227,1.0,0.3209141033874626,0.40425856337927035,0.7120942220825053,0.22092796156673888,1.0,0.22081327249464017,0.37742208600117694,0.4659030800648024,0.25550927949857644,1.0,1.0,1.0,0.94763080970157,0.950177466402698,0.5153166734425826,0.8201622574765511,0.00028119599913779445,0.8218166265788338,0.5531326882338805,0.9903735907611648,0.8982990200863875,1.0,0.8562885175870282,0.8096259655765282,0.02396801135065177,0.9022389278490305,0.02032959737852619,0.6930085474743224,0.878973152728882,0.3932352725083673,1.0,0.0,0.9600774409958763,1.0,0.9290351873987653,0.8146128357399318,0.8074004560584039,0.0,0.8246379968532644,1.0,0.5275102716213723,0.8128738588673446,1.0
gex_possorted_bam_SJSO3:TACGGTTAGTCCTTTGx-M1,0.0,0.0,0.0,0.0,0.176847521007608,0.0,0.0,0.0,0.0,0.0,0.5024707766875262,0.0,0.0,0.0,0.0,0.0,0.5071693678504826,0.3390734588296617,0.0,1.0,0.35514077639077946,0.550800607622695,0.08311623374631157,0.5927343336895994,0.0,0.0,0.4888166295008171,0.0,0.0,0.0,0.0,0.04373635707069791,0.0648708317083174,0.0,0.2797113641105421,0.0,0.0,0.0,0.0,0.07860785104471252,0.0,0.0,0.0,0.0,0.0,0.0,0.0,0.18392080525993165,0.0,0.0,0.0,0.0,0.7710625167028609
gex_possorted_bam_SJSO3:TACGGTTAGACAGGTAx-M1,0.0,0.7178211355530033,1.0,0.04019157460156919,0.0,0.5698492499956147,1.0,0.0,0.2701045707804793,0.08551164269337887,1.0,1.0,0.08816425821648358,1.0,0.0,1.0,1.0,1.0,1.0,0.0,0.0,0.0,0.0,0.0,1.0,0.02680261347925825,1.0,0.11978942832993966,0.0,0.04892587179132306,0.19525547627243864,0.0,0.0,0.0019230035212619283,1.0,0.0,1.0,0.0,0.0,1.0,0.2801742780001607,1.0,0.7305653013361844,1.0,0.0,0.0,0.7830853792104144,1.0,0.07395240786994439,0.0,0.0,0.0,0.0
gex_possorted_bam_SJSO3:TACTCAAAGGGCCATCx-M1,0.0,0.0,0.10344835031998412,0.0,0.2818144479012292,0.007292959058968188,0.0,0.0,0.0,0.0,0.6208771310734926,0.0,0.0,0.0,0.0,0.0,0.6078027994715509,0.5817360000237484,0.0,1.0,0.4906059659035311,0.692014858031522,0.10550182462571318,0.6405264260872897,0.0,0.0,0.39680395555988107,0.0,0.0,0.0,0.0,0.09635401208327556,0.09765460011771077,0.0,0.19684560647392865,0.0,0.0,0.0,0.0,0.018206509014053913,0.0,0.0,0.0,0.0,0.010428510624675893,0.0,0.0,0.14453280753198175,0.0,0.0,0.0,0.0,0.9822342923301742
gex_possorted_bam_SJSO3:TACGTAATCGTACCGAx-M1,0.030054093836888326,0.0,0.0,0.0,0.35565538567779015,0.18380888631113956,0.0,0.0,0.0,0.0,1.0,0.0,0.0,0.0,0.0,0.0,0.9943270295778278,1.0,0.0,1.0,0.556227808372104,0.7205354794014743,0.14003389516721912,0.7135381664370926,0.0,0.0,0.48537779977193696,0.0,0.0,0.0,0.0,0.1873403965293414,0.1390273222220967,0.0,0.15664212289515544,0.0,0.0,0.04566352390345975,0.0,0.0,0.0,0.0,0.0,0.0,0.0300320197407625,0.0,0.0,0.4185404310265083,0.0,0.0,0.0,0.0,0.7882457157685889
gex_possorted_bam_SJSO3:TACGTTAAGCTGGACCx-M1,0.0,0.0,0.0,0.0,0.0,0.0,0.22948599774949957,0.0,0.6610016421469345,0.0,1.0,0.07839624304449208,0.26039610725124107,1.0,0.0,1.0,0.9247919383801804,0.4396919800091462,0.7989395618657339,0.0,0.0,0.0,0.0,0.0,1.0,0.0,1.0,0.0,0.35598324433002804,0.0,0.0,0.0,0.0,0.0,1.0,0.0,1.0,0.0,0.0,1.0,0.0,1.0,0.6749617166199235,0.17100120110340072,0.0,0.0,0.9071878251692576,1.0,0.0,0.0,0.40399372957498,0.0,0.0
gex_possorted_bam_SJSO3:TACTGAGGTAACCAGCx-M1,0.32081656492583055,0.0,0.0710078478858076,0.1348271764094515,0.9967306357693007,1.0,0.0,0.047169585193938136,0.0,0.3106503030660712,1.0,0.0,0.0,0.0,0.2905772164683262,0.0,1.0,1.0,0.2518427278995333,1.0,1.0,1.0,0.4521498147760953,0.9510525735114677,0.0,0.11076916419570165,0.30848383494267484,0.23863050469387628,0.0,0.484016939165324,0.21948768329033003,0.4086246539968862,0.395811553233831,0.0,0.1994425808174994,0.32241564102237924,0.0,0.23120293439162573,0.25640321631288404,0.0,0.015124246344841084,0.0,0.0,0.1966033882981806,0.6047939521860536,0.24805071115237526,0.0,0.11749704594940091,0.21958169469190464,0.4896369119493151,0.0,0.31143629622943697,1.0
gex_possorted_bam_SJSO3:TACTGCACAACCCTCCx-M1,0.0,0.0,1.0,0.0,0.0,0.0,1.0,0.0,1.0,0.0,0.8391903549865309,0.8049432614987214,0.3543817386731701,1.0,0.0,1.0,0.8815640254711276,0.0,0.4028932445366455,0.0,0.0,0.0,0.0,0.0,1.0,0.08029223649388842,1.0,0.1825241882888798,0.0,0.0,0.8187705925131893,0.0,0.0,0.0,1.0,0.0,1.0,0.0,0.0,1.0,0.0,1.0,1.0,1.0,0.0,0.0,1.0,1.0,0.030271624275382436,0.0,0.34548582607165423,0.01176261476557268,0.0
gex_possorted_bam_SJSO3:TACGGATTCCGCAACAx-M1,0.0,0.0,0.0,0.0,0.0,0.0,0.20077103604337898,0.0,0.7148620178181719,0.0,0.7356521118278092,0.43436008993760095,0.0,1.0,0.0,1.0,0.7700871370166674,0.09733483508055535,0.31111900158686573,0.0,0.0,0.0,0.0,0.0,0.6283944070375368,0.0,1.0,0.0,0.06254663336359402,0.0,0.0,0.0,0.0,0.0,1.0,0.0,1.0,0.0,0.0,0.7731696873648579,0.010485031614628859,1.0,0.3186549790739452,0.0,0.0,0.0,0.43276601889463845,1.0,0.0,0.0,0.11125898725452095,0.0,0.0
gex_possorted_bam_SJSO3:TAGCCTCTCCCTGACTx-M1,0.1842688184250099,0.0,1.0,0.1180537165928134,1.0,1.0,0.0,0.01894844683089817,0.0,0.6076568916932941,1.0,0.0,0.0,0.0,0.409016777009494,0.0,1.0,1.0,0.0,1.0,1.0,1.0,0.5036653651169941,0.7998423857475571,0.0,0.17950409665279712,0.2582824230184068,0.07284784895510008,0.0,0.3903544247280399,0.8960158398748849,0.5796512861241419,0.3310773390908379,0.00854359859706603,0.1861876022003585,0.25659250929587635,0.0,0.08542914458309137,0.24819719687452269,0.11572634648076478,0.48972549335573623,0.0,0.1091776321164917,0.6848068804879996,0.40548031311329213,0.24359357211356217,0.2608830196012528,0.08629849282751179,0.191661159195194,0.6870796451338784,0.0,0.19405260778513397,1.0
gex_possorted_bam_SJSO3:TAGACCAGTTGTGATGx-M1,0.0,0.36511383119675583,0.6089361137884504,0.003064100165222019,0.0,0.0,1.0,0.0,0.718902344540564,0.0,1.0,1.0,0.0,1.0,0.0,1.0,1.0,1.0,1.0,0.0,0.0,0.0,0.0,0.0,1.0,0.021042913717147088,1.0,0.09790022474297708,0.0,0.0,0.0,0.0,0.0,0.0,1.0,0.0,1.0,0.0,0.0,1.0,0.12487055523115106,1.0,0.8883468437427776,1.0,0.0,0.0,0.8166598486501013,1.0,0.0,0.0,0.07604834468740662,0.0,0.0
gex_possorted_bam_SJSO3:TACGTAATCTAACCTTx-M1,0.05235332912406874,0.0,0.0,0.0,0.17515200455932742,0.06814283390485451,0.0,0.0,0.0,0.0,0.8510442452139672,0.0,0.0,0.0,0.0,0.0,0.7526982003703598,0.9556579567915746,0.0,0.7009555687637663,0.5174225064818201,0.6396000263657869,0.1236649213353561,0.6687709237542392,0.0,0.0,0.4499714071263538,0.0,0.0,0.0,0.0,0.05433787714923519,0.10725486625377666,0.0,0.2307744241214853,0.0,0.0,0.0691620368016514,0.0,0.0,0.0,0.0,0.0,0.0,0.01613011911993059,0.0,0.0,0.3522512348156588,0.0,0.0,0.0,0.0,0.6486784167625134
gex_possorted_bam_SJSO3:TAGACCAGTAATCGTGx-M1,0.0,0.0,0.04884992149280971,0.0,0.0,0.0,0.0,0.0,0.0,0.0,0.9614766940381948,0.0,0.3898525190529323,1.0,0.0,1.0,0.6093893957996849,0.2518817446563385,0.6758456699277778,0.0,0.0,0.0,0.0,0.0,0.9165323259360844,0.0,1.0,0.0,0.7029309833495713,0.0,0.0,0.21425043125612206,0.0,0.0862359884134727,1.0,0.0,0.9500752995579298,0.0,0.0,1.0,0.20377766554282575,0.0,0.2905039427274058,0.0,0.0,0.0,0.6628051567885616,1.0,0.0,0.0,0.4578960060202419,0.0,0.0
gex_possorted_bam_SJSO3:TAGCCGGGTAGGTTTGx-M1,0.0,1.0,1.0,0.28426501128154147,0.0,0.3703173468946709,1.0,0.11778969577653514,1.0,0.5482158731434352,1.0,1.0,1.0,1.0,0.12049667193388201,1.0,1.0,0.9497052894973045,1.0,0.0,0.0,0.0,0.0,0.0,1.0,0.37454544558967545,1.0,0.8975531210239839,0.5612497127557727,0.37967846213663825,1.0,0.0,0.0,0.2830910163972666,1.0,0.0,1.0,0.0,0.0,1.0,0.33603106518910386,1.0,1.0,1.0,0.0,0.09309120679127349,1.0,1.0,0.5175863226970161,0.10958927380125427,0.7266195792094243,0.28934909312107354,0.0
gex_possorted_bam_SJSO3:TACGTACAGCACAGGGx-M1,0.05051824244685524,0.0,0.0,0.0,0.2274193381779233,0.16943113914690583,0.0,0.0,0.0,0.0,0.7209458231183166,0.0,0.0,0.0,0.0,0.0,0.5981297694506412,0.7226867012366144,0.0,1.0,0.5361143111990622,0.6657184503241828,0.14664231413974696,0.7657299338153079,0.0,0.0,0.2962050638919992,0.0,0.0,0.011705626076648832,0.05931922933517329,0.3396609927004977,0.1388411311176753,0.0,0.17885095695316228,0.02328353337496878,0.0,0.10888319426032467,0.013793800765984108,0.13347827503653864,0.0,0.0,0.0,0.0,0.04279237113132749,0.0496797956447042,0.0,0.17078948158767665,0.0,0.0,0.0,0.01919362671538854,1.0
gex_possorted_bam_SJSO3:TACGGTTAGCATGACTx-M1,0.0,0.47298763919218195,0.28785474304073905,0.0,0.0,0.0,0.6555902216536251,0.09377910357831445,0.0,0.22829492950374253,0.0,0.5949599046275321,0.0,0.0,0.39926104248188976,0.14135521505694215,0.5743327844071399,0.0,0.0,1.0,0.2362959950348186,0.24910948077613096,0.02605973893623943,0.5022022010058608,0.0,0.0,0.24906733096573655,0.0,0.0,0.0,0.7318254495749794,0.0,0.07101438193853889,0.14016230105182811,0.5266266795983594,0.07618133996427832,0.20246003021541326,0.0,0.19869157058618808,0.5740464730124616,0.138209338193561,0.717055566355807,0.0,0.0,0.0,0.0,0.0,0.0,0.0,0.0,0.0,0.0,0.20331684103485548
gex_possorted_bam_SJSO3:TACTTCGTCCTTAGGGx-M1,0.0,0.3641030562301955,1.0,0.06449471949101916,0.0,0.0,1.0,0.0,1.0,0.07104698535616782,1.0,0.8459812274809994,0.7551659733687783,1.0,0.0,1.0,1.0,0.5430846892419193,1.0,0.0,0.0,0.0,0.0,0.0,1.0,0.1963868794646081,1.0,0.34943916127848956,0.40969809958574116,0.20481880841667421,1.0,0.0,0.0,0.07332592595157877,1.0,0.0,1.0,0.0,0.0,1.0,0.0,1.0,1.0,1.0,0.0,0.018101341453640053,1.0,1.0,0.23085919609132954,0.0,0.40211605995825134,0.13841454253277818,0.0
gex_possorted_bam_SJSO3:TACGGATTCAAACCGTx-M1,0.0,0.09614118352664508,0.09652226670527818,0.0,0.0,0.0,0.8218861121646627,0.0,0.5896634334669562,0.0,1.0,0.919213705326588,0.0,1.0,0.0,1.0,1.0,0.7724420999302168,0.7807628714213957,0.0,0.0,0.0,0.0,0.0,0.7014487404274328,0.0,1.0,0.0,0.0,0.0,0.0,0.0,0.0,0.0,1.0,0.0,1.0,0.0,0.0,1.0,0.13641620554686906,1.0,0.5845342936647855,0.3842236252923735,0.0,0.0,0.44451813544083224,1.0,0.0,0.0,0.06347596858538869,0.0,0.0
gex_possorted_bam_SJSO3:TACTGCACACGAACAGx-M1,0.0,0.11249587226807226,0.0075703976735824585,0.0,0.0,0.0,0.2534438769098997,0.0,0.0,0.0,0.38975346029824,0.523994283237827,0.0,0.26643490167708805,0.0,0.47034461297948943,0.7637836132222429,0.0,0.0,0.1977333305265085,0.0,0.0,0.0,0.14581403551663613,0.0,0.0,0.6551492208280781,0.0,0.0,0.0,0.0,0.0,0.0,0.04555388592803393,0.794799904915955,0.0,0.4743643672012383,0.0,0.0,0.6424999700152327,0.14321985228685602,1.0,0.0,0.0,0.0,0.0,0.0,1.0,0.0,0.0,0.0,0.0,0.0
gex_possorted_bam_SJSO3:TACTAAGTCCACCTGTx-M1,0.04661313237739457,0.0,0.4791427404407201,0.0,0.9058994885119487,0.391242848113631,0.0,0.0,0.0,0.08380532265407573,0.9228427809339553,0.0,0.0,0.0,0.036412142018034985,0.0,0.930855526014688,1.0,0.0,1.0,0.632143741589408,0.842237894132916,0.2586236779658606,0.6653044382127119,0.0,0.009624427654695733,0.4024177380536309,0.0,0.0,0.14459056468298845,0.0,0.3765726928975229,0.19806373026760282,0.0,0.1529255517777517,0.017308043976559866,0.0,0.04590670778427237,0.01593005336159121,0.0,0.18961217212585624,0.0,0.0,0.0,0.1827781129726516,0.00751221056588604,0.0,0.11604127013245967,0.0,0.29172380986757884,0.0,0.0041953252710842754,1.0
gex_possorted_bam_SJSO3:TAGAGCCGTCATTGTCx-M1,0.3977970290389149,0.0,0.04050703929220575,0.21142702744971,0.8739596356677467,1.0,0.0,0.06188787149400509,0.0,0.17178680279006367,1.0,0.0,0.0,0.0,0.42766460443133636,0.0,1.0,1.0,0.5859261354697045,1.0,1.0,1.0,0.49484612626979135,1.0,0.0,0.09271777202259812,0.1744824579267514,0.3308397910580139,0.3330666074512813,0.47809368073936137,0.855717430445349,0.5576041128326531,0.42433104300869934,0.02315553047700793,0.18039074675141464,0.3839369423442824,0.0,0.3167487145411163,0.32613804345777286,0.0,0.0,0.0,0.0,0.043166670468119964,0.6425784261405251,0.32873266316441013,0.0,0.09581492651803863,0.16080254761875065,0.2292283028288512,0.0,0.4119458188159058,1.0
gex_possorted_bam_SJSO3:TACGTACAGTAGCCATx-M1,0.07105148485678137,0.0,0.0,0.0,0.44700692163799854,0.49830415737108436,0.0,0.0,0.0,0.0,1.0,0.0,0.0,0.0,0.0,0.0,1.0,1.0,0.0,1.0,0.6823511139137908,0.8515498353978642,0.20883078312044615,0.6592408950772489,0.0,0.0,0.4170019828355761,0.0,0.0,0.02492475083253703,0.0,0.1488729032837492,0.17565599725499473,0.0,0.22269897868675612,0.0,0.0,0.009583094811068274,0.0,0.0,0.0,0.0,0.0,0.0,0.08744853195198955,0.0,0.0,0.38783076861994875,0.0,0.042735429565288814,0.0,0.009953966568521062,0.9899280868967297
gex_possorted_bam_SJSO3:TACGCTTGTATTGCAGx-M1,0.0,0.0,0.07144899970840035,0.0,0.18779103943382183,0.031284200850872995,0.0,0.0,0.0,0.0,0.6048976903574096,0.0,0.0,0.0,0.03346243819517465,0.0,0.6489555033259365,0.4506491845900017,0.0,1.0,0.46225266551165956,0.6019835930260231,0.09038624211007343,0.6073609052430194,0.0,0.0,0.44807578577538765,0.0,0.0,0.0,0.16360228737377439,0.07036403111073723,0.1010404298057709,0.0,0.334927782625903,0.007840292209592637,0.0,0.017384715788419436,0.005377628516325309,0.21839157298753098,0.0,0.0,0.0,0.0,0.017770078904144716,0.0,0.0,0.2114009532741426,0.0,0.0,0.0,0.0,0.7760269567370032
gex_possorted_bam_SJSO3:TACGCTTGTCACGAACx-M1,0.0,0.0,0.38704842754438884,0.0,0.0005072696373777863,0.09981615255789585,0.2605096246329486,0.0,0.3572280301389976,0.0,1.0,0.0,0.0,0.4612800700081413,0.0,0.793432735210728,1.0,0.9303428224099487,0.2992117585495943,0.0,0.07748757990526689,0.0,0.0,0.0,0.30144561274891707,0.0,1.0,0.0641090972860164,0.0,0.0,0.28258354958793946,0.014109664326531244,0.0,0.0,1.0,0.0,0.9558576352167639,0.0,0.0,0.8105099784101396,0.0,1.0,0.4160118230396539,0.7310268096830291,0.0,0.0,0.41419590600194406,1.0,0.0,0.0,0.023655335646009086,0.0046540962548052576,0.16222041883908653
gex_possorted_bam_SJSO3:TACTCGCTCCCTGACTx-M1,0.0,0.0,0.15448418010416634,0.0,0.4946527162726548,0.13381476085678357,0.0,0.029107428382699172,0.0,0.0,1.0,0.0,0.0,0.0,0.0,0.0,1.0,1.0,0.0,1.0,0.518810648116122,0.6854964840260795,0.11225206604784493,0.5438227741656093,0.0,0.0,0.6445405581353743,0.0,0.0,0.0,0.0,0.3989963788582978,0.12545836415714975,0.0,0.2447763798817014,0.0,0.0,0.0,0.0,0.0,0.2748652751066176,0.0,0.0,0.0,0.0,0.0,0.0,0.4930100134493916,0.0,0.0,0.0,0.0,1.0
gex_possorted_bam_SJSO3:TACTGGCCACGAATCCx-M1,0.015125691623821515,0.0,0.036773233733363504,0.0,0.5674431024164615,0.08720524262036539,0.0,0.0,0.0,0.0,0.8330855187911663,0.0,0.0,0.0,0.0,0.0,0.9318200770041587,1.0,0.0,1.0,0.6160816241381131,0.6587286137837667,0.13607559869410102,0.5703383574711072,0.0,0.0,0.553855080691149,0.0,0.0,0.0,0.0,0.36951364104662787,0.1151558077176359,0.0,0.20908875925445108,0.0,0.0,0.015227040970671533,0.0,0.0,0.1921441076873815,0.0,0.0,0.0,0.06670580262691626,0.0,0.0,0.3400013979071201,0.0,0.0553852173319088,0.0,0.0,0.867053330178937
gex_possorted_bam_SJSO3:TACGTACAGTAACCCGx-M1,0.0,0.48564747016467036,1.0,0.008212491694323622,0.0,0.0,1.0,0.0,0.1546945986534668,0.0,1.0,1.0,0.0,1.0,0.0,1.0,1.0,1.0,1.0,0.0,0.0,0.0,0.0,0.0,0.9260595420782123,0.02467800151979618,1.0,0.09568925064853986,0.0,0.0,0.26726708451780834,0.0,0.0,0.03670878618923238,1.0,0.0,1.0,0.0,0.0,1.0,0.3118682242721533,1.0,0.9023331338784593,1.0,0.0,0.0,0.727282370724868,1.0,0.01712987359110699,0.0,0.030979776545000122,0.0,0.0
gex_possorted_bam_SJSO3:TACTGACAGATGGACAx-M1,0.1127892116562192,0.0,0.0,0.0,0.6969609287677961,0.5405176289994855,0.0,0.0,0.0,0.048694628917790736,1.0,0.0,0.0,0.0,0.03578529202224323,0.0,1.0,1.0,0.0,1.0,0.6715282279120653,0.9186469439533668,0.2582003025016136,0.9555353287367502,0.0,0.0,0.3578732613619307,0.0,0.0,0.0,0.0,0.34290537756968376,0.20045124722229604,0.0,0.17318501745891862,0.05694393927640045,0.0,0.05990346362791991,0.05134393514680287,0.0,0.0,0.0,0.0,0.0,0.12703304343329588,0.022780229905279573,0.0,0.19620805727423532,0.0,0.12713385876350256,0.0,0.017404169184350008,1.0
gex_possorted_bam_SJSO3:TAGCATATCCTAATAGx-M1,0.10522578628790867,0.0,0.7980562834529761,0.024107617505583833,1.0,0.9099896585174065,0.0,0.0,0.0,0.4066055364828715,1.0,0.0,0.0,0.0,0.24760678676549908,0.0,1.0,1.0,0.0,1.0,0.8036553915873514,1.0,0.29307421307233544,0.6920685538581697,0.0,0.01514103023151131,0.38192208351915685,0.0,0.0,0.2569336121079197,0.6664584799148355,0.23193972018301037,0.2770414972798301,0.0,0.19534487890580335,0.1453751356893301,0.0,0.0670304411598871,0.14862771440386877,0.23514859276755354,0.0,0.0,0.0,0.28379152028628735,0.332771472932982,0.11349687887550461,0.0,0.0,0.1044674322698974,0.38042771690107463,0.0,0.11089539069934737,1.0
gex_possorted_bam_SJSO3:TAGAGCCGTAGCTAATx-M1,0.0,0.0,0.5468980929458374,0.0,0.0,0.0,0.8931673507589118,0.0,0.8738000023008442,0.0,0.663173702278063,1.0,0.0,0.87063185956582,0.0,1.0,0.7610303612787367,0.0,0.21753674909527795,0.0,0.0,0.0,0.0,0.0,0.8070956348118448,0.0,1.0,0.0,0.06240066060160365,0.0,0.0,0.0,0.0,0.0,1.0,0.0,1.0,0.0,0.0,1.0,0.12499991475599832,1.0,0.8632250772467795,1.0,0.0,0.0,0.7214763315267299,1.0,0.0,0.0,0.1809267071775819,0.0,0.0
gex_possorted_bam_SJSO3:TAGCCTCTCTTGTTCGx-M1,0.08352830283333995,0.0,0.14045676465645282,0.0,0.44398979149942225,0.608635380787609,0.0,0.0,0.0,0.0,1.0,0.0,0.0,0.0,0.0557355755153909,0.0,1.0,1.0,0.0,1.0,0.8399899241154858,0.9377464578123564,0.19516086678129538,0.7980994595867512,0.0,0.0,0.32690924621891737,0.0,0.0,0.08930083858496221,0.2720148353870703,0.1231436412027679,0.22003980816587013,0.0,0.13564481508936646,0.047722447411892695,0.0,0.04782731934414254,0.04547582078824199,0.04125382437374102,0.0,0.0,0.0,0.0,0.21827827737552374,0.038962773055558377,0.0,0.1083443921117683,0.0,0.04975304640095505,0.0,0.022792797895216835,1.0
gex_possorted_bam_SJSO3:TAGCATATCAGTATTGx-M1,0.09683261248906416,0.0,0.0,0.0,0.23413658682507804,0.23348896971266556,0.0,0.01883711371564178,0.0,0.0,0.8484291194299698,0.0,0.0,0.0,0.06493189644646705,0.0,0.8850699359050215,0.9323606342854153,0.0,1.0,0.7747524604417053,0.7429424669950738,0.17202905215691894,0.7801645725336146,0.0,0.0,0.39037159469319166,0.013574269607675996,0.0,0.015018164189291151,0.0,0.06636179034331034,0.21696771796089118,0.0,0.24870615341758895,0.05817055720607812,0.0,0.09965034544385588,0.07501043759568791,0.0,0.0,0.0,0.0,0.0,0.20302234954302645,0.0,0.0,0.21195141481264343,0.0,0.0,0.0,0.0002957719094556481,0.7980477859341542
gex_possorted_bam_SJSO3:TAGGAGTCATGCAACCx-M1,0.0,0.5847314191862524,1.0,0.21679342351548855,0.0,0.0,1.0,0.0,1.0,0.06654033968436017,1.0,1.0,1.0,1.0,0.0,1.0,1.0,0.4523099791456841,1.0,0.0,0.0,0.0,0.0,0.0,1.0,0.32628401723209294,1.0,0.6841818697725479,0.6345150486554515,0.2282127620539853,1.0,0.09113882499697361,0.0,0.22293766959346129,1.0,0.0,1.0,0.0,0.0,1.0,0.0,1.0,1.0,1.0,0.0,0.08645948604631558,1.0,1.0,0.3504785423604159,0.031136323010177037,0.8434825883138145,0.23043481391281218,0.0
gex_possorted_bam_SJSO3:TAGGAACCAACTGGCTx-M1,0.055630722587109535,0.0,0.0,0.0,0.2434056667861028,0.12913263936267233,0.0,0.0,0.0,0.0,0.9072640189434543,0.0,0.0,0.0,0.0,0.0,0.843664964227113,0.9401886715044094,0.0,1.0,0.6097556576603157,0.660628763103492,0.14244021241142346,0.6406060664172954,0.0,0.0,0.4685088017007796,0.0,0.0,0.0,0.0,0.11391557742405527,0.13063028526455964,0.0,0.3172566910026412,0.0,0.0,0.029494434793658608,0.0,0.0635814609600636,0.0,0.0,0.0,0.0,0.04983123788503068,0.0,0.0,0.3063901612282155,0.0,0.0,0.0,0.0,0.8315256002520836
gex_possorted_bam_SJSO3:TAGGTTGGTGCAACTAx-M1,0.0,0.03798303475325772,0.8622565241688926,0.04505321755404838,0.9720204237901179,0.8101297373625248,1.0,0.49120575559162805,0.6706307056347348,0.0,1.0,0.0,0.11547696243118621,0.0,0.0,0.0,1.0,1.0,0.1759127195301263,1.0,0.7407472944114759,0.7834392778718924,0.14006620036484618,0.26276795529631364,0.16457064351949052,0.02878173694685711,1.0,0.0,0.23414603090418476,0.0,0.0,0.6802249523105356,0.13639255874908665,0.0,0.5355469270835307,0.01569962364637246,0.0,0.0,0.1673001009557267,0.37010858179182754,1.0,0.0,0.0,1.0,0.0,0.12830201179248166,0.6264947451453068,0.4385092011759786,0.060499562296000224,0.08566152376168577,0.0,0.0,1.0
gex_possorted_bam_SJSO3:TAGGCTTAGTCAATCAx-M1,0.04377507744687399,0.12726242489356443,1.0,0.10570412908927682,1.0,1.0,1.0,0.5173083992387449,0.7104575086527478,0.1671655162854895,1.0,0.0,0.20366331968688758,0.0,0.0,0.0,1.0,1.0,0.2771440270895717,1.0,0.8274904255090653,0.8544264113402813,0.1934289969233848,0.31928130858852466,0.22830972924842047,0.0777457354477591,0.9219796089391533,0.0,0.3355586467932341,0.0,0.3743047502178799,0.656528793533341,0.20054101362498467,0.03968225490054795,0.545528712730132,0.09891178910213827,0.0,0.005794052219465064,0.25760393599728004,0.4751301925884351,1.0,0.0,0.0,1.0,0.07143705317606866,0.21722962648316613,0.7220665304284576,0.3521907798816068,0.18521437784084302,0.221939143834481,0.0,0.0,1.0
gex_possorted_bam_SJSO3:TAGGTTGGTTCGGTAAx-M1,0.0,0.4989925415749436,1.0,0.22822038007290735,0.0,0.0,1.0,0.0,1.0,0.2588740318911358,1.0,1.0,1.0,1.0,0.0,1.0,1.0,0.3180658923467294,1.0,0.0,0.0,0.0,0.0,0.0,1.0,0.39513450642209835,1.0,0.8410019765433981,0.6099553270662489,0.3477483355831371,1.0,0.0,0.0,0.21536692475947888,1.0,0.0,1.0,0.0,0.0,1.0,0.0,1.0,1.0,1.0,0.0,0.10995915584489098,1.0,1.0,0.41240085590431674,0.004506476066081927,0.8738564002916958,0.28420411442063204,0.0
gex_possorted_bam_SJSO3:TAGGAACCACAAAGACx-M1,0.0,0.0,0.4788095829076342,0.0,0.3016228481225768,0.240475533428212,0.0,0.050991016173183724,0.0,0.09753781806414731,0.5938461320486891,0.0,0.0,0.0,0.05166911139745586,0.0,0.6741956282641793,0.573024348886816,0.0,1.0,0.5322971970984354,0.7029316770326937,0.09758172994710931,0.6690675848840119,0.0,0.0,0.41905113018919454,0.0,0.0,0.03881985076283089,0.4385262758366459,0.0,0.15822812457125837,0.045513426847618006,0.133657124196089,0.06762069404720922,0.08852204469715268,0.01713496776127083,0.07840454871895722,0.2885991759251487,0.0,0.0,0.0,0.0,0.16893525441128346,0.045241440227677586,0.0,0.10140067360607304,0.0,0.10120487153096493,0.0,0.008700970255004157,0.939051633852623
gex_possorted_bam_SJSO3:TAGGCTTAGGCCTTAGx-M1,0.0,0.12962759577137084,1.0,0.033330940897526466,0.0,0.0,1.0,0.0,1.0,0.0,1.0,0.9628107631019004,0.7018342231094952,1.0,0.0,1.0,1.0,0.140952109362536,0.9776919661321284,0.0,0.0,0.0,0.0,0.0,1.0,0.15525758181771862,1.0,0.5389398916074282,0.2374537354371544,0.06236825766045501,1.0,0.0,0.0,0.03914647464373761,1.0,0.0,1.0,0.0,0.0,1.0,0.0,1.0,1.0,1.0,0.0,0.0,1.0,1.0,0.13858264821990315,0.0,0.4290213498750894,0.09734996431463686,0.0
gex_possorted_bam_SJSO3:TAGCCTTGTTTGCTGTx-M1,0.001311752505859736,0.0,0.05041224157547774,0.0,0.416136100222866,0.08046605393486879,0.0,0.0,0.0,0.0,0.7344296118324837,0.0,0.0,0.0,0.0,0.0,0.7581137927466771,0.612501130325546,0.0,1.0,0.761415536792789,0.7250400882474533,0.12971461029970036,0.611632042675998,0.0,0.0,0.41943772934613244,0.0,0.0,0.0,0.0,0.0,0.14037624895569542,0.0,0.20701127781393888,0.0,0.0,0.0,0.0,0.08311389032579868,0.0,0.0,0.0,0.0,0.06737722932170169,0.0,0.0,0.19695491529773418,0.0,0.0,0.0,0.0,0.9254949388978981
gex_possorted_bam_SJSO3:TAGGGTTTCTTTAAGGx-M1,0.0,0.45276111615904213,1.0,0.07548512991227188,0.5442705165577292,0.7672039844201084,1.0,0.7140302293639506,0.9510328539287459,0.418991905784528,1.0,0.0,0.23681797525456982,0.47446737321955246,0.057647373168970915,0.011916661644337304,1.0,1.0,0.13137577740810508,1.0,0.7398752956565826,0.5590805455433459,0.15355786937162752,0.23643127757460145,0.15830477940049884,0.005158151272383431,0.8045013328876196,0.3154358382029985,0.47984866190872666,0.0,0.20843560823726023,0.2918329259238415,0.1871934449035108,0.05987254626290109,0.7368107297933982,0.157724089080814,0.023559535402103475,0.05590802742162375,0.3550811380967566,0.6550922904230653,1.0,0.3550945582150568,0.0,1.0,0.18242722536661257,0.12060706859728705,0.7638449186702074,0.2665736620784515,0.15737210085377745,0.2768195990414611,0.0,0.0,1.0
gex_possorted_bam_SJSO3:TAGGAACCAACCCTCCx-M1,0.21787057637188098,0.0,0.7401369150349445,0.07748207982514953,1.0,1.0,0.0,0.01713574809955268,0.0,0.416892880472762,1.0,0.0,0.016155013929432003,0.0,0.2899378342142978,0.0,1.0,1.0,0.0,1.0,0.9960211825849733,1.0,0.39260117961004415,0.8806629967302788,0.0,0.10321597845892203,0.3137059463530987,0.1598141457878636,0.0,0.3445200475348519,0.5543599519097689,0.5592353043002533,0.3657777743215921,0.0,0.23225472044102144,0.2327423204906582,0.0,0.14039617501604607,0.22148815505375571,0.2496385467881897,0.0,0.0,0.0,0.3240229531394767,0.4408301032982041,0.17673724150008768,0.09482126007791555,0.18663779834383606,0.19838200692904537,0.4567542612875439,0.0,0.2080036579139213,1.0
gex_possorted_bam_SJSO3:TAGCTTAAGACTAAGGx-M1,0.0,0.4040528891650496,1.0,0.12142071373929123,0.0,0.0,1.0,0.0,1.0,0.0,1.0,0.8136743361294457,0.7702513378827802,1.0,0.0,1.0,1.0,0.46388946694912897,1.0,0.0,0.0,0.0,0.0,0.0,1.0,0.18417275075337464,1.0,0.4083401288984385,0.3181535640863452,0.1531041006502784,1.0,0.0,0.0,0.12535645231844314,1.0,0.0,1.0,0.0,0.0,1.0,0.0,1.0,1.0,1.0,0.0,0.016650548260625928,1.0,1.0,0.19543553941324893,0.0,0.500770817427899,0.13321284419568816,0.0
gex_possorted_bam_SJSO3:TAGGCTTAGCATGACTx-M1,0.050758614778087865,0.0,0.3631655429620702,0.030817680279633563,0.7463919520938528,0.589372444036674,0.0,0.21241815162863179,0.3831568206940209,0.0,1.0,0.0,0.0,0.015511816317549137,0.029967678343446963,0.0,1.0,1.0,0.0,1.0,0.5388570357777765,0.7284263802708851,0.1192432724311506,0.41344955483342816,0.0,0.028244672749338114,0.73316583435379,0.0,0.0,0.0,0.0,0.6046652348507383,0.15078942894666128,0.0,0.2803378035711011,0.01626004385223785,0.0,0.07085891298184638,0.06864034336893575,0.0,0.5074744052075899,0.0,0.0,0.0,0.19192353837385476,0.0,0.1667683086127108,0.40445777905977554,0.0,0.09438555757180443,0.0,0.0,1.0
gex_possorted_bam_SJSO3:TAGGTTATCCGGAACCx-M1,0.0,0.08787901323658433,0.20337180461829577,0.0,0.0,0.0,0.20502132364863368,0.05800570735315246,0.0,0.16884633373073915,0.0,0.25487313518076987,0.0,0.0,0.14845019873563123,0.0,0.07534075262409126,0.0,0.0,1.0,0.1741068800036884,0.279076552745778,0.0,0.489845438891021,0.0,0.0,0.3641913416086977,0.0,0.00525784499136935,0.0,0.5630923334094385,0.0,0.012374627024296926,0.08580428462592558,0.5066812357466532,0.04740788359599717,0.21415886794661007,0.0,0.06269364946561579,0.5360214004064469,0.0,0.2338512339404527,0.0,0.0,0.0,0.0,0.0,0.06124586313154969,0.0,0.0,0.0,0.0,0.4242828983829879
gex_possorted_bam_SJSO3:TAGGAGTCAACCTAATx-M1,0.017356631903962506,0.0,0.0,0.0,0.16731683120997612,0.05186595802913426,0.0,0.0,0.0,0.0,0.7167628602497672,0.0,0.0,0.0,0.0,0.0,0.7818209463179228,0.7946201527682549,0.0,1.0,0.5753812516206038,0.6214683423416152,0.13501924505190627,0.6521093334532179,0.0,0.0,0.3775968821528289,0.0,0.0,0.0006788717570249921,0.0,0.0,0.12135146480949509,0.0,0.26240299956146934,0.0,0.0,0.029771925209544803,0.011674981113083226,0.0493599134851341,0.0,0.0,0.0,0.0,0.01487431084568578,0.0,0.0,0.2790206831584253,0.0,0.0,0.0,0.0,0.6761186622445371
gex_possorted_bam_SJSO3:TAGCCTGAGTCAGGCCx-M1,0.0,0.45217831651032936,0.7241950427430197,0.00738204220927018,0.2506123445906119,0.40056349234749594,0.5743531609573818,0.14572877849894522,0.0,0.3979245144126671,0.30387846672947205,0.0,0.0,0.0,0.38720869908473743,0.1383351353871894,0.8625164612018991,0.28349455251591443,0.0,1.0,0.6436226311300461,0.6360961873081621,0.13736218780639803,0.7913578029946223,0.0,0.0,0.21016686468540685,0.16620831215362458,0.0,0.04518678852845137,1.0,0.0,0.21293622411998792,0.062110788021863046,0.3958218824762998,0.17322272874114913,0.04327047566356391,0.0,0.28667493147060735,0.5589661975803133,0.13951945384817518,0.3592683353698409,0.0,0.0815412886212661,0.19153559466923642,0.028755777135788346,0.0,0.0,0.08668608313386703,0.18016706684651013,0.0,0.0,1.0
gex_possorted_bam_SJSO3:TAGGTGCGTTTGAGGCx-M1,0.0,0.09819589887480382,0.8621068538645561,0.005153575259363752,0.0,0.0,1.0,0.0,1.0,0.0,1.0,0.7278105097291682,0.3100571583517942,1.0,0.0,1.0,1.0,0.474646877926668,0.9408434645777543,0.0,0.0,0.0,0.0,0.0,1.0,0.0792898097690562,1.0,0.20261662855453538,0.07938077043303995,0.0,0.46405829197720694,0.0,0.0,0.0,1.0,0.0,1.0,0.0,0.0,1.0,0.0,1.0,1.0,1.0,0.0,0.0,1.0,1.0,0.021192598326779038,0.0,0.30397112522472003,0.018046260540664445,0.0
gex_possorted_bam_SJSO3:TAGGGTTTCACGCATGx-M1,0.08535837450751266,0.0,0.19375994909896121,0.0,0.6177850743109393,0.6331763516083005,0.0,0.0,0.0,0.0,1.0,0.0,0.0,0.0,0.09538782075978298,0.0,1.0,1.0,0.0,1.0,0.8526422504906572,0.9726033654445969,0.19684428456455028,0.8078028767765735,0.0,0.0,0.33353966040185734,0.0,0.0,0.07026589918315244,0.1426171297309898,0.1507031841224119,0.23361564419251213,0.0,0.17329007462723664,0.05386542102191773,0.0,0.047568501263441865,0.07657728139754945,0.0194968668106322,0.0,0.0,0.0,0.0,0.2478217479124414,0.006612484141938669,0.0,0.19493279293247626,0.0,0.060033055858860346,0.0,0.021662504017755792,1.0
gex_possorted_bam_SJSO3:TAGGGTTTCCGCCAAAx-M1,0.03941334326183149,0.0,0.0,0.0,0.22039591539063597,0.21556938958305355,0.0,0.0,0.0,0.0,1.0,0.0,0.0,0.0,0.0,0.0,0.9251443351811074,1.0,0.0,0.897432497599982,0.5209110994991492,0.732463414576406,0.1510553345923015,0.6400626859567339,0.0,0.0,0.48273685342902733,0.0,0.0,0.0,0.0,0.21466156756068228,0.11952831882164144,0.0,0.23588404099193114,0.0,0.0,0.036345740355684,0.0,0.0,0.0,0.0,0.0,0.0,0.0790662473635582,0.0,0.0,0.4165523104591211,0.0,0.0,0.0,0.0,0.8498695976580893
gex_possorted_bam_SJSO3:TAGCGGACAGGAACATx-M1,0.0,0.0,0.43535251105855544,0.0,0.7995680607396471,0.5254900745541279,1.0,0.3880596445466704,0.5428112802274163,0.0,1.0,0.0,0.009972128137542544,0.1507835877794144,0.0,0.0,1.0,1.0,0.09610034885959574,1.0,0.5978704915912478,0.6698730316638966,0.07843599678339562,0.24055893514272722,0.09936887500682975,0.0,1.0,0.0,0.023788343786487243,0.0,0.0,0.6654892481908333,0.09719307448386172,0.0,0.4934403384262498,0.0,0.0,0.0,0.04768889549405966,0.23594441629043672,0.8187256462281557,0.0,0.0,1.0,0.0,0.03311409076898045,0.4563250098333628,0.7218175635583235,0.0,0.0,0.0,0.0,1.0
gex_possorted_bam_SJSO3:TAGCCTTGTGTGCACGx-M1,0.015272186333615722,0.0,0.0,0.0,0.0,0.0,0.0,0.0,0.0,0.0,0.7339687191327887,0.0,0.0,0.0,0.0,0.0,0.6523012471178833,0.6650978230158334,0.0,0.7348509694097468,0.4440260558386483,0.5465772087800524,0.094510138482186,0.610790938494196,0.0,0.0,0.5377391077762134,0.0,0.0,0.0,0.018258789861972734,0.07208091217965533,0.09844322504505396,0.0,0.40868811035692654,0.0,0.0,0.019861483517074865,0.0,0.17533691419862957,0.0,0.0,0.0,0.0,0.01213620382776622,0.0,0.0,0.30504269229638353,0.0,0.0,0.0,0.0,0.6339286722951364
gex_possorted_bam_SJSO3:TAGCTAATCCTTAGTTx-M1,0.16023130219673304,0.0,0.0,0.03088923852871429,0.5517595937181327,0.3570336008353468,0.0,0.08343171044464,0.0,0.08879125317135979,0.8047881484298175,0.0,0.0,0.0,0.0753800681142223,0.0,0.8069706046307417,0.8791287614341755,0.0,0.9690180979035711,0.6666081698966521,0.709825566508449,0.31050847339700155,0.6785070651592628,0.0,0.0585853574421404,0.3978911169355953,0.0,0.0,0.06630184800351513,0.0,0.37908962674097585,0.24579225794053164,0.0,0.204639024924316,0.07338614891180316,0.0,0.1615320609328504,0.08737689850225429,0.050110567646895005,0.2815100585154899,0.0,0.0,0.0,0.1616465466947984,0.09135559409845367,0.0,0.26138372742508903,0.010943780797277333,0.1736046395851662,0.0,0.06614010019498114,0.9774062643909045
gex_possorted_bam_SJSO3:TAGGCTTAGGGTGGATx-M1,0.25055377989082256,0.0,0.13446413243145736,0.0686025195979591,0.645890632726826,1.0,0.0,0.0,0.0,0.060222594773988926,1.0,0.0,0.0,0.0,0.22812778825557176,0.0,1.0,1.0,0.12250967726832786,1.0,1.0,1.0,0.35139287412797565,0.9286077000754347,0.0,0.0,0.18247060834885728,0.016668978821246006,0.0,0.30881454634140376,0.5037961730416496,0.13250436502407612,0.3451276914564677,0.0,0.12717313265909808,0.2138022400918779,0.0,0.16135724618431443,0.20502645552077697,0.0,0.0,0.0,0.0,0.0,0.36937940753748394,0.1332569017092618,0.0,0.0,0.053827320253021345,0.1470913941747969,0.0,0.1908721215342196,1.0
gex_possorted_bam_SJSO3:TAGCTTGCAAGGTCCTx-M1,0.0,0.0148861053016912,0.27326787513967427,0.0,0.0,0.0,0.9129380945493765,0.0,0.8107362353143667,0.0,1.0,0.7562766305999652,0.0,1.0,0.0,1.0,1.0,0.7323064947364128,0.8991870018164131,0.0,0.0,0.0,0.0,0.0,0.939006355228619,0.0,1.0,0.0,0.0,0.0,0.0,0.0,0.0,0.0,1.0,0.0,1.0,0.0,0.0,1.0,0.014066250204308973,1.0,0.8084823171271944,0.7737793666816409,0.0,0.0,0.7952682089052084,1.0,0.0,0.0,0.09022852016739466,0.0,0.0
gex_possorted_bam_SJSO3:TAGGCTTAGCGGATAAx-M1,0.09873892838688661,0.0,0.674354659020313,0.0,0.9545368741194636,0.817632118448128,0.0,0.0,0.0,0.26122894478855996,1.0,0.0,0.0,0.0,0.197551520123094,0.0,1.0,1.0,0.0,1.0,0.7656201455712552,0.9739944682823628,0.30246161829540263,0.6685739000854274,0.0,0.035133973803601115,0.3997724643456725,0.0,0.0,0.223627957646007,0.2010289614669199,0.45033411590696715,0.2513120094542517,0.0,0.24701183029985496,0.11325892279778327,0.0,0.07447400569554567,0.10057161609113781,0.026638135411375108,0.13635499808913037,0.0,0.0,0.0,0.32810725983634675,0.09112996414639961,0.0,0.10486985472503438,0.03986623298339981,0.37999735584898814,0.0,0.09044276604347444,1.0
gex_possorted_bam_SJSO3:TAGCTTAAGGAAGTATx-M1,0.0,0.33660130907298763,0.0,0.0,0.0,0.0,0.5401350517816089,0.047206483288131706,0.0,0.08755623199834855,0.1682708314278348,0.7037972417868124,0.0,0.1028246210429723,0.1797717403029696,0.5167421541184828,0.6749735419380772,0.0,0.0,0.5285188339504046,0.036247884226891736,0.0,0.0,0.2200100430622458,0.0,0.0,0.5110737761610593,0.0,0.006503960296674625,0.0,0.3386264767967788,0.0,0.0,0.12158048249492177,0.7430606531929265,0.034581031374457574,0.3603879469515728,0.0,0.12278914405530003,0.8251747400761273,0.19603287326344424,1.0,0.0,0.0,0.0,0.0,0.0,0.607966941304352,0.0,0.0,0.0,0.0,0.0
gex_possorted_bam_SJSO3:TAGTCAATCAATCTCTx-M1,0.0,0.02466578456792175,0.0,0.0,0.0,0.0,0.012601496786441534,0.0,0.0,0.0,0.5468313006180445,0.21717031070934567,0.0,0.05505913529242551,0.041815854515797474,0.302739356538387,0.8910887569591328,0.3498611221902467,0.0,0.5022145406593578,0.06923591902039666,0.08775000798334895,0.0,0.2766584481280014,0.0,0.0,0.5981054874726911,0.0,0.0,0.0,0.0,0.0,0.0,0.007976225626196896,0.6573128551637248,0.0,0.28413999032183523,0.0,0.0,0.5154102328098956,0.07372967541502709,0.856735871845956,0.0,0.0,0.0,0.0,0.0,0.8665205244888388,0.0,0.0,0.0,0.0,0.0
gex_possorted_bam_SJSO3:TATAGCTCAATATACCx-M1,0.046002086611728145,0.0,0.0,0.0,0.23963598154147758,0.12011494357674353,0.0,0.0,0.0,0.0,0.8458592150307788,0.0,0.0,0.0,0.0,0.0,0.778231699339511,0.9623018733414282,0.0,1.0,0.6312756927670644,0.6838116432026486,0.199314997064896,0.6757008451397483,0.0,0.0,0.36027876722732216,0.0,0.0,0.05174135009728338,0.0,0.07098993217445206,0.1676870323898683,0.0,0.2114765193949116,0.0,0.0,0.027641216614582638,0.0,0.0,0.0,0.0,0.0,0.0,0.055010181124724326,0.0,0.0,0.3475799916811648,0.0,0.0,0.0,0.0,0.7487864368517625
gex_possorted_bam_SJSO3:TATAGGTGTACCCACCx-M1,0.03836753717609826,0.0,0.0,0.0,0.18717358601506764,0.12093545786393767,0.0,0.0,0.0,0.0,0.980134347161524,0.0,0.0,0.0,0.0,0.0,0.8535009803503748,1.0,0.0,0.8319494983597153,0.5346826967015388,0.6583733806848443,0.1261919819735395,0.6035917912501435,0.0,0.0,0.4731887769996199,0.0,0.0,0.0,0.0,0.08700170451565006,0.10905411942705079,0.0,0.2711444992440983,0.0,0.0,0.03603145967367819,0.0,0.0,0.0,0.0,0.0,0.0,0.014282027034024073,0.0,0.0,0.4033581031529663,0.0,0.0,0.0,0.0,0.5474412093592171
gex_possorted_bam_SJSO3:TATAACCCAGCTCATAx-M1,0.0,0.0,0.04677386061151802,0.0,0.0,0.0,0.890318011086655,0.0,1.0,0.0,1.0,0.12494114748753046,0.25572509611429806,1.0,0.0,1.0,1.0,0.3129004282906251,0.6199649125169476,0.0,0.0,0.0,0.0,0.0,1.0,0.050820646860443866,1.0,0.0,0.10793708540225386,0.0,0.0,0.09128719615049621,0.0,0.0,1.0,0.0,1.0,0.0,0.0,1.0,0.05044491780828571,1.0,0.8322211061439119,0.7464268278623355,0.0,0.0,1.0,1.0,0.0,0.0,0.19819569214009708,0.0,0.0
gex_possorted_bam_SJSO3:TAGTGTGGTTTGTTGCx-M1,0.004765649809793847,0.0,0.0,0.0,0.26696602179080536,0.2033046211968962,0.0,0.0,0.0,0.0,0.8089745016333894,0.0,0.0,0.0,0.0,0.0,0.8779604547758649,0.9958521238855068,0.0,1.0,0.5413724346567029,0.6973320577312927,0.11769609263542313,0.6671033155174687,0.0,0.0,0.40000531476793344,0.0,0.0,0.0,0.0,0.028179409252009444,0.132466719042285,0.0,0.17169412006187026,0.0,0.0,0.027455735128250662,0.005211318646916106,0.02110100750947505,0.0,0.0,0.0,0.0,0.013893436683497391,0.0,0.0,0.23575109794923252,0.0,0.0,0.0,0.0,0.9109181100971502
gex_possorted_bam_SJSO3:TATAGGTGTTCGCTTGx-M1,0.15345325865947435,0.11042151964099364,1.0,0.13152398232504803,0.9513285796886607,1.0,0.3844280998749378,0.2809519316190861,0.0,0.4519209245784214,1.0,0.0,0.26109498552402055,0.0,0.18337235340209557,0.0,1.0,1.0,0.029198517957377955,1.0,1.0,0.9507780434305231,0.33502571295757355,0.7016539813716816,0.0,0.14015441675629764,0.4925172520876087,0.0736648332941609,0.006619590894320408,0.2002914186366574,0.49512664170451215,0.5503483590290307,0.34030875922663933,0.09357631943615125,0.3109802649093324,0.23152960768513994,0.0,0.1280450018712585,0.3013465425130599,0.2771630847072518,0.7748803287336181,0.0,0.0,1.0,0.2906183195021482,0.2258266969028419,0.27790480927534295,0.22585237377453832,0.2627803804734362,0.5673037098518529,0.0,0.10579212756813602,1.0
gex_possorted_bam_SJSO3:TAGTCAATCAGGAACAx-M1,0.053774653784270335,0.0,0.0,0.0,0.21170275676901487,0.07828029304116356,0.0,0.0,0.0,0.0,0.908983142115359,0.0,0.0,0.0,0.0,0.0,0.8055802229652963,1.0,0.0,1.0,0.6116033999124684,0.7009351486489168,0.13470524265065625,0.6337504363844038,0.0,0.0,0.45851819492117796,0.0,0.0,0.0,0.0,0.10120156611035824,0.11508175259603401,0.0,0.2707269174981246,0.0,0.0,0.006104585128731806,0.0,0.0,0.0,0.0,0.0,0.0,0.0150807443318561,0.0,0.0,0.33538161695318724,0.0,0.0,0.0,0.0,0.8178139289643237
gex_possorted_bam_SJSO3:TAGTTTGAGCCGCAACx-M1,0.0,0.0,0.0,0.0,0.0,0.0,0.0,0.0,0.0,0.0,0.3746843955906326,0.07112392602762123,0.0,0.0,0.0073922589715534484,0.13782209222769062,0.6692495090144858,0.20252954298007708,0.0,0.46631534110372636,0.0731847185217244,0.13685605911631746,0.0,0.3182713850372021,0.0,0.0,0.5259258212018072,0.0,0.0,0.0,0.0,0.0,0.0,0.0,0.5430205173976064,0.0,0.09424013832033228,0.0,0.0,0.38736815691867404,0.08494228642052626,0.6090797523438439,0.0,0.0,0.0,0.0,0.0,0.6057587936588518,0.0,0.0,0.0,0.0,0.0
gex_possorted_bam_SJSO3:TATAGGTGTCTTTGACx-M1,0.0,0.6561478352619241,1.0,0.4019410588601508,0.0,0.0,1.0,0.11243365653824265,1.0,0.5069884042899231,1.0,1.0,1.0,1.0,0.0,1.0,1.0,0.0,1.0,0.0,0.0,0.0,0.0,0.0,1.0,0.5109281341752627,1.0,1.0,0.6986226481395011,0.5719815357247495,1.0,0.0,0.0,0.30077743621848474,1.0,0.0,1.0,0.0,0.0,1.0,0.08982960918238958,1.0,1.0,1.0,0.0,0.2093536568879731,1.0,1.0,0.6539461914664063,0.038624422809733945,1.0,0.4354340959738268,0.0
gex_possorted_bam_SJSO3:TAGTAAGCAGGTTCACx-M1,0.0490486038944555,0.0,0.0,0.0,0.34693547371544053,0.16720632582205708,0.0,0.0,0.0,0.0,1.0,0.0,0.0,0.0,0.0,0.0,0.9484744921792526,1.0,0.0,0.6700178392091247,0.5077052632531772,0.6628427599805167,0.15299040563095043,0.6445167151923376,0.0,0.0,0.4859343880100291,0.0,0.0,0.0,0.0,0.10584356932634294,0.10988041109749906,0.0,0.2400402070217275,0.0,0.0,0.05117033262744887,0.0,0.0,0.0,0.0,0.0,0.0,0.0,0.0,0.0,0.4572967042318575,0.0,0.0,0.0,0.0,0.8100446581191305
gex_possorted_bam_SJSO3:TATCACGCAGTTAAAGx-M1,0.0,0.0,1.0,0.0,0.544160692349839,0.5202634557907658,1.0,0.27414983073632615,0.7834896653872565,0.0,1.0,0.0,0.17815137171881415,0.3408846695417758,0.0,0.16911390785895822,1.0,1.0,0.3043112312462953,1.0,0.35332315827561206,0.35516633557657384,0.0009843598556870182,0.0019187214132955423,0.45867831894386163,0.006166321999328082,1.0,0.0,0.02646206227122221,0.0,0.0,0.6382408638809027,0.0019957828264005363,0.0,0.89543032350143,0.0,0.456422608405705,0.0,0.0,0.7079247482465328,0.677419089897201,0.396788857694266,0.1387095510657298,1.0,0.0,0.011999714446670695,0.9068296397055632,1.0,0.009699862940724047,0.048078753993982724,0.0,0.0,1.0
gex_possorted_bam_SJSO3:TATCACGCAGTTTCTCx-M1,0.0,0.0,0.1076900564174073,0.0,0.1979539882226723,0.0,0.0,0.0,0.0,0.0,0.5884156578509951,0.0,0.0,0.0,0.0,0.0,0.7175526611787658,0.6802215312478308,0.0,1.0,0.47874251659509515,0.6380454981585422,0.08591679570340643,0.618329772817452,0.0,0.0,0.41222606094432174,0.0,0.0,0.0,0.0,0.0,0.1195379335639063,0.0,0.18216754794551432,0.0,0.0,0.0,0.0,0.009236066105210744,0.0,0.0,0.0,0.0,0.07497372953046834,0.0,0.0,0.22242199934071447,0.0,0.0,0.0,0.0,0.7512094204881944
gex_possorted_bam_SJSO3:TAGTGTGGTGTCCAGGx-M1,0.0,0.9932067694290153,1.0,0.16300473539022664,0.0,0.33491076064548114,1.0,0.0,1.0,0.33924085985899527,1.0,1.0,0.429906921509473,1.0,0.07689719209609484,1.0,1.0,1.0,1.0,0.0,0.0,0.0,0.0,0.0,1.0,0.15120424410782288,1.0,0.511452670202508,0.0,0.11866686037017878,1.0,0.0,0.0,0.26272849186534164,1.0,0.0,1.0,0.0,0.0,1.0,0.3240181418714947,1.0,1.0,1.0,0.0,0.0,1.0,1.0,0.2580623619162936,0.0,0.3081127741294961,0.10899077663750427,0.0
gex_possorted_bam_SJSO3:TATCCGGAGGCTAATCx-M1,0.061128104210747256,0.0,0.6654197179318295,0.0,0.6089366215357264,0.6042932099294203,0.0,0.06452208701744744,0.0,0.05419597032849368,1.0,0.0,0.0,0.0,0.06798679442331101,0.0,1.0,1.0,0.0,1.0,0.8423346890556214,0.8686492136781652,0.21736407004476346,0.6746420177672091,0.0,0.0,0.5012667769349717,0.0,0.0,0.05721847014067459,0.09582645083865755,0.3454993409437524,0.25878777405146103,0.0,0.2465377896837341,0.03456535163308624,0.0,0.01942567742317287,0.07342498922808777,0.05114195197547397,0.19032949419928452,0.0,0.0,0.06637590503913113,0.2533650761214986,0.012889263892254647,0.051720981638133774,0.2202839557881214,0.0,0.183890500243224,0.0,0.0,1.0
gex_possorted_bam_SJSO3:TAGTGGCGTTGAAGCCx-M1,0.0,0.0,0.2532050258380028,0.0,0.0,0.0,0.8023116382810875,0.0,1.0,0.0,1.0,0.1858431864207493,0.23268720270204232,1.0,0.0,1.0,1.0,0.6917032506488145,0.6708104495810708,0.0,0.0,0.0,0.0,0.0,1.0,0.03133209355604823,1.0,0.009975471390947113,0.11720678179610573,0.0,0.0,0.06745255069354109,0.0,0.0,1.0,0.0,1.0,0.0,0.0,1.0,0.0,1.0,0.8608331328081797,1.0,0.0,0.0,1.0,1.0,0.0,0.0,0.21637109978347094,0.0,0.0
gex_possorted_bam_SJSO3:TAGTAAGCAATAGTCTx-M1,0.0,0.9267608296894951,1.0,0.1688985056549492,0.0,0.45149220036967247,1.0,0.45632944675977843,0.28888681513022063,0.833326793061565,0.014215870658061116,1.0,0.04841292160611471,0.6894878863115491,0.6276511973332797,0.9521047068103864,1.0,0.036326322473277155,0.0,1.0,0.29630780023442455,0.07387092596062689,0.1355958499161627,0.3749345253049778,0.04591066578953126,0.0,0.44762304793469576,0.5412947543716452,0.04463373237035275,0.0645545857630834,1.0,0.0,0.1931729485452502,0.3382420531421178,0.9094675226084491,0.3337780067960772,0.7224922059100004,0.0643774837601523,0.4483462321723391,1.0,0.801273402912479,1.0,0.0,0.9460378626139262,0.2641176906074921,0.08904055801139421,0.34443635078353735,0.5502296042292998,0.30916925477830937,0.31139958781188837,0.0,0.0,0.5677978872067982
gex_possorted_bam_SJSO3:TAGTGGCGTAATCGGCx-M1,0.0,0.0,0.09026255878228062,0.0,0.0,0.0,0.0,0.011330653547745713,0.0,0.0,0.0,0.0,0.0,0.0,0.02761814782896288,0.0,0.1888475095713789,0.0,0.0,0.9246830061822428,0.2543085215109922,0.32980767542648554,0.015330293638912064,0.465371682122528,0.0,0.0,0.4203978761938908,0.0,0.0,0.0,0.06298635632742336,0.0,0.015344376040074562,0.0,0.36179708029338653,0.0,0.0,0.0,0.01630947742051425,0.26447306688943956,0.0,0.0,0.0,0.0,0.0,0.0,0.0,0.09251320753561716,0.0,0.0,0.0,0.0,0.3106387314205585
gex_possorted_bam_SJSO3:TATCACAAGCATGCATx-M1,0.01796775046806018,0.0,0.0,0.0,0.09411786627553015,0.0,0.0,0.0,0.0,0.0,0.8593346801679445,0.0,0.0,0.0,0.0,0.0,0.7968003446144865,0.894847450959856,0.0,0.6528494881619838,0.3895394516973366,0.5450866164826224,0.06750525909277734,0.5427707425757904,0.0,0.0,0.5501486734354906,0.0,0.0,0.0,0.0,0.12349120473397439,0.0666964263945756,0.0,0.3293145766967203,0.0,0.0,0.000651331855423186,0.0,0.03727197146249745,0.0,0.0,0.0,0.0,0.0,0.0,0.0,0.5053669757133837,0.0,0.0,0.0,0.0,0.5884676422432928
gex_possorted_bam_SJSO3:TATCACGCAAACTCATx-M1,0.012135140157286874,0.0,0.7810910029936199,0.0,0.7212274699991306,0.47095247681561886,0.0,0.11312872851799846,0.0,0.0,1.0,0.0,0.0,0.0,0.011198784233442333,0.0,1.0,1.0,0.0,1.0,0.7010006024213667,0.7860194806323615,0.15294169264290264,0.5258953192494051,0.0,0.0,0.6256231890907984,0.0,0.0,0.0,0.0,0.4813795023145034,0.18210954190014927,0.0,0.2898699279605851,0.0016624852791994856,0.0,0.0,0.05872891752477431,0.0802047469033099,0.41557858926050134,0.0,0.0,0.09143255291292987,0.11753788671661866,0.0,0.11717583618825268,0.3474253425773361,0.0,0.13873592260389,0.0,0.0,1.0
gex_possorted_bam_SJSO3:TATATCCTCGGTACGCx-M1,0.0,0.21688159025744508,1.0,0.003572655683230896,0.0,0.0,1.0,0.0,1.0,0.0310920281701843,1.0,1.0,0.4418359307678484,1.0,0.0,1.0,1.0,0.0,0.5592540893064832,0.0,0.0,0.0,0.0,0.0,1.0,0.07100579811966128,1.0,0.19456281040156512,0.0,0.0,0.8830676954353232,0.0,0.0,0.0,1.0,0.0,1.0,0.0,0.0,1.0,0.03562770946603495,1.0,1.0,1.0,0.0,0.0,1.0,1.0,0.12987937854312662,0.0,0.30355495737942984,0.05159199598158733,0.0
gex_possorted_bam_SJSO3:TATATCCTCCCTCATAx-M1,0.018483915611680005,0.0,0.26929880208112417,0.0,0.5827832318523708,0.384808164514089,0.0,0.08626303889157162,0.0,0.0,1.0,0.0,0.0,0.0,0.0,0.0,1.0,1.0,0.0,1.0,0.6398537187959523,0.7134237110330502,0.1111464112181132,0.45357288258505857,0.0,0.0,0.6243905582479493,0.0,0.0,0.0,0.0,0.38286502172576126,0.1594267012228186,0.0,0.35655046042667604,0.0,0.0,0.0037141935824368203,0.012577716659546087,0.017026753314325148,0.41301227572588395,0.0,0.0,0.0,0.03824562838801188,0.0,0.0,0.49386872294696693,0.0,0.04206505524023006,0.0,0.0,1.0
gex_possorted_bam_SJSO3:TAGTTTGAGCCTCTCGx-M1,0.05972169514023488,0.0,0.0,0.0,0.16258944613526052,0.1225756144784033,0.0,0.0,0.0,0.0,0.9663238580500509,0.0,0.0,0.0,0.0,0.0,0.800024273258162,0.9739690403452389,0.0,0.8429083486556016,0.5536519881145935,0.7004706629041019,0.13827769627985223,0.6822303676521935,0.0,0.0,0.37922091680057474,0.0,0.0,0.0,0.0,0.07698976150485061,0.11318237286520384,0.0,0.2474338414157518,0.0,0.0,0.03867452650156885,0.0,0.0,0.0,0.0,0.0,0.0,0.0,0.0,0.0,0.2702451998431187,0.0,0.0,0.0,0.0,0.6869093619209188
gex_possorted_bam_SJSO3:TAGTGTGGTTAGAGCCx-M1,0.0,0.660022776519058,1.0,0.3295869471394853,0.0,0.22791757799589585,1.0,0.0,1.0,0.23212621352536017,1.0,1.0,1.0,1.0,0.0,1.0,1.0,0.7850693300587132,1.0,0.0,0.0,0.0,0.0,0.0,1.0,0.4781498444873393,1.0,1.0,0.9169484658230546,0.41284164210894086,1.0,0.0,0.0,0.22215043605877097,1.0,0.0,1.0,0.0,0.0,1.0,0.0,1.0,1.0,1.0,0.0,0.17518720011896866,1.0,1.0,0.4800149500993847,0.10110928362146922,0.9641768702322508,0.3693215370795405,0.0
gex_possorted_bam_SJSO3:TAGTAAGCAAGGAATCx-M1,0.0,0.5614769400764452,1.0,0.0704755368963226,0.0,0.0,1.0,0.0,1.0,0.260579385206643,1.0,1.0,0.36934879128117865,1.0,0.0,1.0,1.0,0.19156375820075927,1.0,0.0,0.0,0.0,0.0,0.0,1.0,0.12923766534412534,1.0,0.4914692511502588,0.0,0.07439215898947064,1.0,0.0,0.0,0.06461949677841085,1.0,0.0,1.0,0.0,0.0,1.0,0.2159194307746459,1.0,1.0,1.0,0.0,0.0,1.0,1.0,0.2414445252123051,0.0,0.3859175314852211,0.07061148777183793,0.0
gex_possorted_bam_SJSO3:TAGTGAGAGCCTCTCGx-M1,0.0,0.0,0.0,0.0,0.0,0.0,0.34809201746034624,0.0,0.5031850780124235,0.0,1.0,0.1997723312664928,0.14233705864919097,1.0,0.0,1.0,1.0,0.9309137985575678,1.0,0.0,0.0,0.0,0.0,0.0,1.0,0.0,1.0,0.0,0.2720673636110541,0.0,0.0,0.0,0.0,0.0,1.0,0.0,1.0,0.0,0.0,1.0,0.0,1.0,0.7202206506746707,0.15983236699151765,0.0,0.0,0.8827095438567981,1.0,0.0,0.0,0.3277299220496152,0.0,0.0
gex_possorted_bam_SJSO3:TATCACAAGGGTTATCx-M1,0.0,0.13481852288325094,1.0,0.0012970346184244064,0.0,0.0,1.0,0.0,1.0,0.011142810486425032,0.986846195435773,0.8803814891850726,0.41980432897050196,1.0,0.0,1.0,1.0,0.0,0.49787094101011,0.0,0.0,0.0,0.0,0.0,1.0,0.09241202193754802,1.0,0.23014166781042958,0.19037368562808338,0.0,0.8984658827937383,0.0,0.0,0.0,1.0,0.0,1.0,0.0,0.0,1.0,0.006769924407034133,1.0,1.0,1.0,0.0,0.0,1.0,1.0,0.09760302980382538,0.0,0.3171405680090946,0.024925669323550656,0.0
gex_possorted_bam_SJSO3:TATCCAGCAGCTCAACx-M1,0.0,0.6563085486807045,1.0,0.20900029839209838,0.0,0.4795629331975089,1.0,0.49241073720442663,1.0,0.734958685351049,1.0,1.0,0.9180736878066215,1.0,0.14238511681719523,1.0,1.0,1.0,1.0,0.04506302636309506,0.0,0.0,0.05483081889304543,0.0,1.0,0.29638299262427453,1.0,1.0,0.8795007664769781,0.3788883180025625,1.0,0.0,0.0,0.10906974538484408,1.0,0.08553670023868756,1.0,0.15178022320860696,0.12383641344308714,1.0,1.0,1.0,1.0,1.0,0.02877034781294173,0.08070592981862414,1.0,1.0,0.3718141898555923,0.3526926479556016,0.3116849807472856,0.16013212163108795,0.7145805477450107
gex_possorted_bam_SJSO3:TATGACATCAATTGGCx-M1,0.0,0.7898441358574022,0.8651324379653571,0.14292599768547412,0.0,0.0,0.0,0.07604411721182977,0.0,0.0,0.47433010629132727,0.0,1.0,1.0,0.0,1.0,0.04913275991779459,0.10365017703105425,1.0,0.0,0.0,0.0,0.0,0.0,1.0,0.0,1.0,0.0,1.0,0.4021153724181124,0.30828592990235654,0.9454833491368922,0.0,0.5917180876815488,1.0,0.0,1.0,0.0,0.0,1.0,0.8685776712465499,0.0,0.6991281280292506,0.31688202370737445,0.0011669520023704603,0.08420211447019066,1.0,0.30578009808263656,0.018490140382353863,0.0,1.0,0.031811671372487006,0.0
gex_possorted_bam_SJSO3:TATTAGGTCACGAATCx-M1,0.017274668959103307,0.0,0.010705303763145671,0.0,0.09033822567542825,0.07979905766987878,0.0,0.013076847594690933,0.0,0.0,0.6164180284625691,0.0,0.0,0.0,0.0,0.0,0.562558773366144,0.555298013755415,0.0,0.8608711762840696,0.40894390371730055,0.5747918881815544,0.12641479972167866,0.6069975830078356,0.0,0.0,0.39374791308843243,0.0,0.0,0.0,0.19951785257056567,0.0,0.09837422936647908,0.0,0.2848703546417007,0.036754902552376824,0.0,0.015679257430413557,0.0,0.3117339838198411,0.0,0.0,0.0,0.0,0.013114809249225238,0.04435654138941704,0.0,0.23192924335614107,0.0,0.0,0.0,0.0,0.8482071990896269
gex_possorted_bam_SJSO3:TATGACATCGAGCAAAx-M1,0.0,0.0,0.0,0.0,0.2543142274243186,0.0,0.0,0.0,0.0,0.0,0.7989558586277316,0.0,0.0,0.0,0.0,0.0,0.8894527946518943,0.9931028829162372,0.0,1.0,0.5101619717996568,0.6070920290202676,0.10195017540646614,0.5842531428246831,0.0,0.0,0.5738150774340687,0.0,0.0,0.0,0.0,0.16695681970989693,0.11323826080526028,0.0,0.23143395017327098,0.0,0.0,0.013451683324655307,0.0,0.0,0.11189867194141587,0.0,0.0,0.0,0.0,0.0,0.0,0.4658531319489904,0.0,0.0,0.0,0.0,0.7919712443913672
gex_possorted_bam_SJSO3:TATGGATGTCAGTAATx-M1,0.0,0.0,0.05897806408331242,0.0,0.3697727841321144,0.10799809371363502,0.0,0.12188265267161977,0.0,0.0,1.0,0.0,0.0,0.0,0.0,0.0,1.0,1.0,0.0,1.0,0.5122157950944577,0.6200824234965369,0.09734345193613132,0.45512205689823854,0.0,0.0,0.7023563888720585,0.0,0.0,0.0,0.0,0.3558385698635612,0.11498704558421154,0.0,0.2952093462464601,0.0,0.0,0.0,0.0,0.0,0.41599847932206396,0.0,0.0,0.0,0.0,0.0,0.0,0.5380190728739753,0.0,0.0,0.0,0.0,1.0
gex_possorted_bam_SJSO3:TATGGCCCAGCATGTCx-M1,0.017681215842708157,0.0,0.06869177050442746,0.0,0.5445700560303642,0.3114639592558757,0.0,0.0,0.0,0.0,1.0,0.0,0.0,0.0,0.0,0.0,1.0,1.0,0.0,1.0,0.6811193880347788,0.7495838744269702,0.1667924860467695,0.6581500758971867,0.0,0.0,0.5158850869891324,0.0,0.0,0.0,0.0,0.21025340440409473,0.16785597457464596,0.0,0.16276343191902298,0.0,0.0,0.02622094380347172,0.0,0.0,0.09993060821228329,0.0,0.0,0.0,0.024377923279622345,0.0,0.0,0.35472811481730254,0.0,0.030901408941958648,0.0,0.0,1.0
gex_possorted_bam_SJSO3:TATGTGATCCTGGTCTx-M1,0.04197327583016528,0.0,0.17633784713660747,0.0,0.1983148296079394,0.0,0.0,0.0,0.0,0.0,0.7843845235234022,0.0,0.0,0.0,0.0,0.0,0.7853229997554044,0.8987614790838777,0.0,1.0,0.5945566634182645,0.6424009376149336,0.14129554874085887,0.5820590775473936,0.0,0.0,0.423600635431812,0.0,0.0,0.0,0.0,0.0,0.1401556860479339,0.0,0.2366381746421457,0.0,0.0,0.05883419523642428,0.06597065888683655,0.0,0.0,0.0,0.0,0.0,0.004288662525252156,0.0,0.0,0.22947061142362463,0.0,0.0,0.0,0.0,0.8022719121948725
gex_possorted_bam_SJSO3:TATTCGTTCAAGCGCCx-M1,0.10249628190707823,0.0,1.0,0.0553565957435839,1.0,0.8586091546973709,0.0,0.001146228832485838,0.0,0.48331418966277107,0.9997153590433104,0.0,0.0,0.0,0.29926832095952627,0.0,1.0,1.0,0.0,1.0,0.7267214694786459,0.963968129625115,0.33595568381457763,0.6714633084098484,0.0,0.07468782150121593,0.32088532497511835,0.0,0.0,0.2605894918137031,0.6976203705752692,0.3535041114983069,0.277467633820193,0.027209128164349766,0.1954202539483084,0.18308293703458378,0.0,0.07234387368100492,0.16765265040633415,0.23565577594090167,0.16109458665754267,0.0,0.0,0.30223034641842456,0.346006944664693,0.14218667174504943,0.08295494210808209,0.0,0.16007407401097473,0.5203915381489632,0.0,0.1323497280099761,1.0
gex_possorted_bam_SJSO3:TATTAGGTCATTACAGx-M1,0.040837563681853394,0.0,0.0,0.0,0.23544215387770512,0.17758087086132904,0.0,0.0,0.0,0.0,0.8850721750253189,0.0,0.0,0.0,0.008324662777699431,0.0,0.830384678113133,1.0,0.0,1.0,0.6220336531766828,0.7586820623934302,0.1465344241633998,0.7404953915726223,0.0,0.0,0.35778652314778975,0.0,0.0,0.0,0.0,0.06426542640744665,0.16413931853007888,0.0,0.17957487820088291,0.0,0.0,0.0,0.0019655794404220698,0.0,0.0,0.0,0.0,0.0,0.06590489330905588,0.0,0.0,0.25390398829890753,0.0,0.0,0.0,0.0,0.9525694170667656
gex_possorted_bam_SJSO3:TATGACATCCTTCTAGx-M1,0.0,0.7332328157541108,0.8202650443585591,0.028068928359902538,0.0,0.4829179923474599,1.0,0.0,0.0,0.03053928282407805,1.0,1.0,0.0,1.0,0.0,1.0,1.0,1.0,1.0,0.0,0.0,0.0,0.0,0.0,0.5964457725837004,0.0,1.0,0.08167276766603554,0.0,0.06230029698007527,0.004878433577605297,0.0,0.0,0.0,1.0,0.0,1.0,0.0,0.0,1.0,0.38752629261997307,1.0,0.19007608147970925,0.604219145371613,0.0,0.0,0.28350776070476025,1.0,0.0033933813186350667,0.0,0.0,0.0,0.0
gex_possorted_bam_SJSO3:TATGGTCAGCCAGGTCx-M1,0.0,0.0,0.7972512207833431,0.0,0.6612667530536601,0.4322429192693519,0.027899463505873932,0.18544467550973373,0.16335795043404028,0.0,1.0,0.0,0.0,0.0,0.0,0.0,1.0,1.0,0.0,1.0,0.6386445358586833,0.7330916280902732,0.09502523644732588,0.5152174696636171,0.0,0.0007597800109353328,0.7508085016579608,0.0,0.0,0.0,0.0,0.6361345807889128,0.1657569719084401,0.0,0.280281701189479,0.0,0.0,0.0,0.020311378092038705,0.0889693772076285,0.6403834018589213,0.0,0.0,0.4282580137335871,0.0475329213254502,0.0,0.07022459961080962,0.5080189846662225,0.0,0.03655698467352259,0.0,0.0,1.0
gex_possorted_bam_SJSO3:TATGAAGCACTAGCGTx-M1,0.0,0.0,0.06297082151822889,0.0,0.02146943115725374,0.0,0.0,0.03285519534583526,0.0,0.0,0.08770214357423645,0.0,0.0,0.0,0.006370759012450485,0.0,0.4200273740290572,0.0,0.0,1.0,0.3679245253623748,0.428196782962746,0.08528579726303916,0.5440069026566093,0.0,0.0,0.3653470662653478,0.0,0.0,0.0,0.0,0.0,0.08965560268685811,0.016577308514508303,0.2346448868790257,0.0,0.05995872554963926,0.002514573663363598,0.05968397209975288,0.204580519639449,0.13477158401856643,0.03449621453205419,0.0,0.0,0.0,0.0,0.0,0.1446216848183078,0.0,0.0,0.0,0.0,0.592291814338475
gex_possorted_bam_SJSO3:TATGACATCCCTGGTTx-M1,0.11576389306474401,0.4518451219757425,1.0,0.2058435291127787,0.9362360863660042,1.0,1.0,0.5786143404255839,0.737093519467742,0.5602549069914774,1.0,0.0,0.3374053085646858,0.0,0.17108809921489648,0.2318735450978859,1.0,1.0,0.1413208843985283,1.0,0.9018178878436298,0.832546614203048,0.272431420660031,0.4122680671847939,0.34290792774336615,0.16120539764901426,0.6891979790548495,0.29887540320140693,0.42602291430166234,0.05242463213494173,1.0,0.5196387048422355,0.3280292425291963,0.21390151287915127,0.5464096092437306,0.2499495032393277,0.012696001977253256,0.12410859862964622,0.43628368018017827,0.7637901771191339,1.0,0.06956184896392828,0.4765637444447921,1.0,0.24812248758028171,0.34321430708367545,0.9611448891825537,0.23460960902071742,0.3839601506376121,0.43542923914254683,0.0,0.08420276618546789,1.0
gex_possorted_bam_SJSO3:TATGCATCACAATACTx-M1,0.0,0.0,0.2048739235429472,0.0,0.17100170809615356,0.0,0.0,0.0,0.0,0.01962904821959981,0.4014440764573007,0.0,0.0,0.0,0.026917545754241125,0.0,0.46807070922287164,0.25581179524011927,0.0,1.0,0.5182470981777251,0.6449342252415793,0.11930534235390274,0.6290815115319686,0.0,0.0,0.3417476791510778,0.0,0.0,0.0,0.15862241782795158,0.0,0.12764562799673085,0.0,0.22410465750190295,0.017827058774556523,0.0,0.0012161367305295173,0.017627815937124744,0.1233403039440544,0.0,0.0,0.0,0.0,0.0010141682063940403,0.0,0.0,0.09341930950049486,0.0,0.0,0.0,0.0,0.8419400159286651
gex_possorted_bam_SJSO3:TATCGCGAGCATGACTx-M1,0.0,0.0,0.0,0.0,0.0,0.0,0.23717636916846818,0.0,0.3864763823845601,0.0,1.0,0.10587654201555605,0.1553813762771783,1.0,0.0,1.0,1.0,0.9413239826613391,1.0,0.0,0.0,0.0,0.0,0.0,1.0,0.0,1.0,0.0,0.3181249433399204,0.0,0.0,0.027653855828358286,0.0,0.007068102667979402,1.0,0.0,1.0,0.0,0.0,1.0,0.0,1.0,0.7323648786331624,0.095671149620497,0.0,0.0,0.9291533263855519,1.0,0.0,0.0,0.3307097827038255,0.0,0.0
gex_possorted_bam_SJSO3:TATGGATGTTGGTTCTx-M1,0.0,0.22849652727716022,1.0,0.051823624705662735,0.0,0.0,1.0,0.0,1.0,0.0,1.0,0.8750914226675519,0.5991890369870707,1.0,0.0,1.0,1.0,0.06656402460745356,0.9870363940915257,0.0,0.0,0.0,0.0,0.0,1.0,0.14253886612639,1.0,0.3507794062814502,0.09469333055388685,0.06660686126793246,1.0,0.0,0.0,0.047285530846036414,1.0,0.0,1.0,0.0,0.0,1.0,0.0,1.0,1.0,1.0,0.0,0.0,1.0,1.0,0.15349902026463477,0.0,0.4005574186013684,0.10184273613461464,0.0
gex_possorted_bam_SJSO3:TATGGTCAGCAAGGACx-M1,0.0,0.6243716256744408,1.0,0.13120617003537527,0.2622106892693809,0.6429969708377669,1.0,0.13605182924394696,0.9112461389366469,0.7814214800216625,0.9797026377348524,0.21012286718124093,0.7459787922135557,0.7003660187162064,0.23855784670862262,1.0,1.0,0.5781407655675895,0.24455997990980238,1.0,0.2761111971100081,0.0,0.0471224302562768,0.01673819233983065,1.0,0.19335457747268986,1.0,0.615802818539796,0.14239077820214674,0.3414479382380314,1.0,0.0,0.055347231438475857,0.16459293491733334,1.0,0.13661858892660095,1.0,0.0,0.12585326149137518,1.0,0.04778797927810176,1.0,1.0,1.0,0.14835920080911627,0.185032218735614,1.0,1.0,0.4661555744220893,0.4475715187336249,0.2682900116545165,0.2021386469288381,1.0
gex_possorted_bam_SJSO3:TATGACATCTTGCTATx-M1,0.0,0.9954406723276171,0.9535938464045506,0.01945386082640215,0.0,0.0,1.0,0.25847021140305976,0.03848222331437333,0.7333402793839127,0.0,1.0,0.0,0.0,0.5834842949656407,0.15056247526430752,0.04566825559162497,0.0,0.0,1.0,0.23720771343017175,0.27489265031142335,0.07368119351947434,0.5785723607445878,0.0,0.0,0.1354493960903072,0.19052234705371585,0.219847107729166,0.0,1.0,0.0,0.11318249890115112,0.3824653063850909,0.6244052345448876,0.3122696411686541,0.4771233021919098,0.0,0.3438683016687632,1.0,0.17363206522078983,0.7191881739758424,0.0,0.23409701287881146,0.0,0.1356319729090407,0.0,0.0,0.23551070645782685,0.28141680461980007,0.07583253189080087,0.0,0.7644767998691907
gex_possorted_bam_SJSO3:TATGACATCTTGTCCAx-M1,0.0,0.0,0.2533926012487818,0.0,0.0,0.0,0.6980633309322951,0.0,0.9257847725143517,0.0,1.0,0.3201583320063509,0.16577679535786802,1.0,0.0,1.0,1.0,0.1773788195869509,0.5378371261252345,0.0,0.0,0.0,0.0,0.0,1.0,0.005867751916918647,1.0,0.0,0.05810254957069382,0.0,0.048945216071454196,0.008220298325718873,0.0,0.0,1.0,0.0,1.0,0.0,0.0,1.0,0.0,1.0,1.0,1.0,0.0,0.0,1.0,1.0,0.0,0.0,0.17475316113551073,0.0,0.0
gex_possorted_bam_SJSO3:TATCGCGAGAGAAGGGx-M1,0.0,0.40477549701832444,0.0,0.0,0.0,0.34460471821836036,0.2769868266954203,0.05059546860342819,0.0,0.011417517662503504,0.5760478425725908,0.27494165549263017,0.0,0.1477853399239453,0.28412686836979884,0.22537217963072745,1.0,0.9754213374103201,0.0,1.0,0.37670496036573975,0.3301946604806199,0.02608857673220834,0.6225254662562212,0.0,0.0,0.22551271935217793,0.0,0.0,0.0,0.1561478796713153,0.0,0.0743860415850963,0.06593098168698766,0.3992367083378226,0.029450865735480603,0.0,0.0,0.18826844848282528,0.3862298076987564,0.18505271256784903,0.8960018894391756,0.0,0.0,0.0,0.0,0.0,0.2825227370580307,0.0,0.0,0.0,0.0,0.0
gex_possorted_bam_SJSO3:TATGTGATCCTGTTCAx-M1,0.20066694816633684,0.0,0.7805181502757903,0.08945054607472604,0.904991699628453,1.0,0.0,0.06953302443864316,0.0,0.2825409698201493,1.0,0.0,0.0,0.0,0.2383041810942136,0.0,1.0,1.0,0.0,1.0,1.0,1.0,0.3512574303241944,0.8710365543867808,0.0,0.0463752219926495,0.3597214280641185,0.1118896497898647,0.0,0.29678210476556866,0.567493251930854,0.38428927612817115,0.37291214750898694,0.0,0.23230110851033728,0.19763873806878515,0.0,0.09817844650885912,0.22018879279019066,0.09118238019485655,0.08977862453471719,0.0,0.0,0.5601690573718229,0.38223930074955664,0.1706514386375172,0.17978232738564762,0.21100548217026013,0.17185957471246305,0.4122641307286376,0.0,0.11901684044493703,1.0
gex_possorted_bam_SJSO3:TATCGCACAACGTGCTx-M1,0.0,0.0,0.3820305326996471,0.0,0.0,0.0,0.8963520055721264,0.0,1.0,0.0,1.0,0.5985863081211621,0.28843441146892923,1.0,0.0,1.0,1.0,0.11652289141384928,0.6628021918494899,0.0,0.0,0.0,0.0,0.0,1.0,0.06506703105881682,1.0,0.031873666174720004,0.06097958663862755,0.0,0.0,0.0,0.0,0.0,1.0,0.0,1.0,0.0,0.0,1.0,0.0,1.0,1.0,1.0,0.0,0.0,1.0,1.0,0.0,0.0,0.28305394794232586,0.0,0.0
gex_possorted_bam_SJSO3:TATGCATCAAACTGTTx-M1,0.015614282339431343,0.0,0.7429620315024865,0.0,0.5803184092720135,0.4703189259003569,0.11205826559319315,0.16459579839528982,0.0,0.0,1.0,0.0,0.0,0.0,0.0,0.0,1.0,1.0,0.0,1.0,0.6759181766530983,0.7657779763842177,0.12408210811703967,0.5163898442396636,0.0,0.0,0.5991888687677598,0.0,0.0,0.0,0.0,0.4096258587026754,0.17204521140615314,0.0,0.33036740316982055,0.01090442922310232,0.0,0.0,0.056063131719317434,0.19352116750701104,0.30711233147768247,0.0,0.0,0.4051589356441583,0.057855768364684236,0.008950471278126291,0.13022330713760027,0.4999017971626634,0.0,0.05992004531439774,0.0,0.0,1.0
gex_possorted_bam_SJSO3:TATTAGGTCACAAGCTx-M1,0.19339453048254218,0.0,0.5617254926640532,0.0709664767540955,0.6792304004130244,1.0,0.0,0.035158297284905014,0.0,0.2669148411274293,1.0,0.0,0.0,0.0,0.2815516007316411,0.0,1.0,1.0,0.05098857721120836,1.0,1.0,1.0,0.31755094010699897,0.9889454857522653,0.0,0.0,0.22729817108001804,0.041268083580431436,0.0,0.32255680637675754,1.0,0.23751296799604632,0.3294335188493052,0.0,0.11126077717393149,0.25594805288782496,0.0,0.10875191133360473,0.21052706405470986,0.17364145154922306,0.0,0.0,0.0,0.15639920400022433,0.41783060167313774,0.1699250983301085,0.0,0.0,0.1614345254830703,0.3023682329159235,0.0,0.20437675991944843,1.0
gex_possorted_bam_SJSO3:TATGAAGCACCCTCACx-M1,0.0,0.0,0.09020526765002913,0.0,0.3501207849603517,0.1255049069715248,0.0,0.0,0.0,0.00396864811752427,0.70677963304918,0.0,0.0,0.0,0.020509166258684645,0.0,0.7400695361239671,0.6795349060512987,0.0,1.0,0.4659203588570692,0.6604021578231324,0.16515518584992522,0.5848629622670157,0.0,0.0,0.41742221452822464,0.0,0.0,0.0,0.0,0.08755394023806476,0.11094672922699783,0.0,0.2683907590716581,0.002584487581519129,0.0,0.0017171629405604565,0.0,0.07311149385092856,0.0,0.0,0.0,0.0,0.08389217125773527,0.0,0.0,0.22995392269335754,0.0,0.06109119787864965,0.0,0.0,1.0
gex_possorted_bam_SJSO3:TATTGACCATCCTAGAx-M1,0.0,0.0,0.251839779166875,0.0,0.2591599765772222,0.09962280871400817,0.0,0.06579631588940874,0.0,0.0,0.6506984671781738,0.0,0.0,0.0,0.0,0.0,0.9059285645575341,0.7109679750229264,0.0,1.0,0.4605522038122269,0.575144939683554,0.10137131387023947,0.5031690091579621,0.0,0.0,0.48125607365571493,0.0,0.0,0.0,0.0,0.0769871487667568,0.0954429753300316,0.0,0.3003312664271251,0.0,0.0,0.0,0.027331500897403663,0.15876498530149072,0.17010648977450846,0.0,0.0,0.0,0.013482980933187812,0.0,0.0,0.2576915785319828,0.0,0.0,0.0,0.0,0.859388022115769
gex_possorted_bam_SJSO3:TATGAAGCAAGCCAGAx-M1,0.02360292334460194,0.0,0.0,0.0,0.3274060783689421,0.1076271885004592,0.0,0.0,0.0,0.0,0.9376492875406861,0.0,0.0,0.0,0.0,0.0,0.8438182113142197,1.0,0.0,0.9569543829025572,0.4612914234599959,0.6969857454197871,0.14919239008557034,0.6050259835611674,0.0,0.0,0.4674241858339176,0.0,0.0,0.0,0.0,0.12651980749465958,0.1114048698954053,0.0,0.20060734468745015,0.0,0.0,0.03648156939726502,0.0,0.0,0.0,0.0,0.0,0.0,0.030099780559888965,0.0,0.0,0.3214370726751029,0.0,0.0,0.0,0.0,0.8022033251080651
gex_possorted_bam_SJSO3:TATGACTCATAATTGCx-M1,0.0,0.0,0.0,0.0,0.06750848911073089,0.0,0.0,0.0,0.0,0.0,0.6202451584143074,0.0,0.0,0.0,0.0,0.0,0.6084969535627046,0.6073981100956873,0.0,0.9902595670277002,0.4453571752395085,0.5766684935344899,0.0808353014080088,0.6621922458805632,0.0,0.0,0.41397138908887793,0.0,0.0,0.0,0.0,0.0030061979534912607,0.08418981976576861,0.0,0.2600641229099997,0.0,0.0,0.03237636114920135,0.0,0.12814511156563108,0.0,0.0,0.0,0.0,0.0,0.0,0.0,0.15258059986042696,0.0,0.0,0.0,0.0,0.6935447053222878
gex_possorted_bam_SJSO3:TATGCATCAGCCTGCAx-M1,0.12569873541934076,0.0,0.16683610780056685,0.019611886188226738,0.3937769440538768,0.21872754501795455,0.0,0.0821697956232186,0.0,0.07374448099880479,0.5792089391790118,0.0,0.0,0.0,0.12081398510875632,0.0,0.641170662522232,0.538927206311738,0.0,1.0,0.7652557052806083,0.7496899950772806,0.20489524790771776,0.7172118513114871,0.0,0.0,0.35804979240083534,0.011037335108050493,0.0,0.046316331165780045,0.25403588824747375,0.11799233903109631,0.22958278196132403,0.0,0.2967321761031355,0.13419786723797641,0.0,0.046199322348135397,0.09818306053562291,0.17691715431735647,0.0,0.0,0.0,0.0,0.1779247997882202,0.12150377514634914,0.0,0.08913081633392342,0.031226378093052416,0.09898595279354795,0.0,0.022254306052029584,1.0
gex_possorted_bam_SJSO3:TATCCGGAGTTGCGTGx-M1,0.11300725913520561,0.0,0.18588020558228666,0.005425200147198196,0.7736744293577831,0.7098474464033818,0.0,0.0,0.0,0.019813461291557,1.0,0.0,0.0,0.0,0.043301659706276675,0.0,1.0,1.0,0.0,1.0,0.7521359020276612,0.8409327375739177,0.27776477190636567,0.6295694271192509,0.0,0.06858896988834566,0.44700393563541974,0.0,0.0,0.1973381564361673,0.0,0.4382120747441294,0.23485031033732282,0.0,0.1814609431278956,0.05064318390558566,0.0,0.06828643290323769,0.03485057351139338,0.0,0.23129854859678534,0.0,0.0,0.0,0.21737015087802639,0.007513463813963444,0.0,0.32721995142214355,0.0,0.2986995599931283,0.0,0.03257565040764586,1.0
gex_possorted_bam_SJSO3:TATCGCACAGTAAGTAx-M1,0.0,0.16094961102521926,0.0,0.0,0.0,0.0,0.1941925292964339,0.06015344077977597,0.0,0.0,0.2902334797658279,0.6278704188321262,0.0,0.1369074285898843,0.16766225018759268,0.2426516460607141,0.7561300334344389,0.16147762244660605,0.0,0.560544443989112,0.06354041528259516,0.09295196104568201,0.014790454675802027,0.3426409204932361,0.0,0.0,0.4687356065395165,0.0,0.0,0.0,0.0,0.0,0.028724064122459102,0.1138717522743943,0.6081808669343198,0.0,0.14418934702008399,0.002739063032820594,0.07025716295324824,0.4749220882487308,0.3463832779144664,0.9127795674747451,0.0,0.0,0.0,0.0,0.0,0.6163212749379247,0.0,0.0,0.0,0.0,0.0
gex_possorted_bam_SJSO3:TATTGACCAGCAAGTGx-M1,0.0,0.46443645300570197,0.6673687177922989,0.17063094139162427,0.0,0.4736726505725133,1.0,0.0,1.0,0.0,1.0,0.24995358745743812,1.0,1.0,0.0,1.0,1.0,1.0,1.0,0.0,0.0,0.0,0.0,0.0,1.0,0.317880176256436,1.0,0.45729249750364825,0.335257520373681,0.18405481475506977,1.0,0.0,0.0,0.11767943024975562,1.0,0.0,1.0,0.0,0.0,1.0,0.0,1.0,1.0,1.0,0.0,0.07144448692418566,1.0,1.0,0.187395273983377,0.0,0.6364514663721533,0.23296042338655432,0.0
gex_possorted_bam_SJSO3:TATCGAGGTCTATCGTx-M1,0.0,0.0,0.24523018106264197,0.0,0.10311505232990345,0.0,0.0,0.000841527674941963,0.0,0.027132295978104848,0.27773925269939037,0.0,0.0,0.0,0.15338056836138234,0.0,0.41864650575846984,0.08185496964181545,0.0,1.0,0.4175323317597954,0.5590701127580618,0.08160579696459085,0.64596674431857,0.0,0.0,0.36897677097551523,0.0,0.0,0.0,0.21253445525693723,0.0,0.11167939419374326,0.0049490001468294135,0.33115974347770216,0.038617943452105764,0.0,0.0,0.040758906860600866,0.2745460340224559,0.0,0.03397583369362125,0.0,0.0,0.0,0.0,0.0,0.12257447272332266,0.0,0.0,0.0,0.0,0.8547048348622615
gex_possorted_bam_SJSO3:TATGGATGTTAACGGCx-M1,0.0,0.0,0.07016195997971113,0.0,0.0,0.0,0.5572220159055847,0.0,0.9264176009667148,0.0,1.0,0.4516412506805573,0.07141637172547807,1.0,0.0,1.0,1.0,0.5281670104327908,0.7489186986558675,0.0,0.0,0.0,0.0,0.0,1.0,0.006092397478989817,1.0,0.0,0.021548074856355653,0.0,0.0,0.0,0.0,0.0,1.0,0.0,1.0,0.0,0.0,1.0,0.0,1.0,1.0,1.0,0.0,0.0,0.9437599174481568,1.0,0.0,0.0,0.10711670544580787,0.0,0.0
gex_possorted_bam_SJSO3:TCAAGGAAGTCATTGAx-M1,0.0,0.0,0.0,0.0,0.0,0.0,0.04611246251681004,0.0,0.583542642637374,0.0,0.7280654454600064,0.21510827377929015,0.0,0.8417536197969011,0.0,0.7774375419409904,0.7449244022546325,0.049289891053362976,0.05993017283571398,0.0,0.0,0.0,0.0,0.0,0.3660094430742833,0.0,1.0,0.0,0.0,0.0,0.0,0.0,0.0,0.0,1.0,0.0,1.0,0.0,0.0,1.0,0.0,1.0,0.15626202596206018,0.0,0.0,0.0,0.35078519779468215,1.0,0.0,0.0,0.02290228420391958,0.0,0.0
gex_possorted_bam_SJSO3:TCAAGTATCACAAGCTx-M1,0.0,0.0,0.4028208682340953,0.0,0.0,0.0,0.5873142230634683,0.0,1.0,0.0,0.7715650323842265,0.8532499946172073,0.33148782495869966,0.9207826970506109,0.0,1.0,0.7020677381598661,0.0,0.3186641640426738,0.0,0.0,0.0,0.0,0.0,0.9809696866330868,0.050846435856229874,1.0,0.0860266998970505,0.0,0.0,0.029972363388002812,0.015933436441535442,0.0,0.053388443330085064,1.0,0.0,1.0,0.0,0.0,1.0,0.0,1.0,0.7130439167577235,0.9097736902626148,0.0,0.0,1.0,1.0,0.021846160765292874,0.0,0.2748215430552412,0.0030388839544963865,0.0
gex_possorted_bam_SJSO3:TCAAGGAAGTTAGCCGx-M1,0.0,0.2902257267488147,0.48719080065599174,0.0,0.0,0.0,0.0,0.0,0.0,0.0,0.7262936705882157,0.0,1.0,1.0,0.0,1.0,0.2169961156630046,0.11609885758720176,1.0,0.0,0.0,0.0,0.0,0.0,1.0,0.0,1.0,0.0,1.0,0.15229526888640077,0.0,0.6424595457217479,0.0,0.37144169462960736,1.0,0.0,0.5108525807102218,0.0,0.0,1.0,0.6610037889094262,0.0,0.3570710020370295,0.0,0.0,0.0,0.7315650696874647,0.0,0.0,0.0,1.0,0.0,0.0
gex_possorted_bam_SJSO3:TATTTGCTCGAAGTAGx-M1,0.0,0.05904440411059592,0.23750978166512202,0.0,0.0,0.0,0.0,0.026348992946923853,0.0,0.07710432429792119,0.0,0.08857137477519575,0.0,0.0,0.06983415265599234,0.0,0.2162867619871228,0.0,0.0,1.0,0.20095963878820505,0.2829036072674879,0.0,0.4444991558983499,0.0,0.0,0.370014034013953,0.0,0.0,0.0,0.39207011473145875,0.0,0.0,0.05785892035958645,0.4398771265333705,0.00725474671913452,0.1826475180867693,0.0,0.024370425686988214,0.43955176537121793,0.0,0.1690388735583611,0.0,0.0,0.0,0.0,0.0,0.07060213391318747,0.0,0.0,0.0,0.0,0.3358360486961001
gex_possorted_bam_SJSO3:TCAAGCTAGGCTTAACx-M1,0.0,1.0,1.0,0.778820827038062,0.0,1.0,1.0,0.3258479707981214,1.0,0.4668199403742627,1.0,1.0,1.0,1.0,0.14519080635811768,1.0,1.0,1.0,1.0,0.0,0.0,0.0,0.0,0.0,1.0,1.0,1.0,1.0,1.0,1.0,1.0,0.0,0.0,0.48935792239996795,1.0,0.10387961705903528,1.0,0.08996590110040661,0.04620158065562141,1.0,0.11065800238050082,1.0,1.0,1.0,0.0,0.43892735309402264,1.0,1.0,0.8955318959535153,0.3395516466553086,1.0,0.8001658274099147,0.0
gex_possorted_bam_SJSO3:TATTTGCTCATGTTTCx-M1,0.0,0.2976578709645719,0.34273461581813097,0.0,0.0,0.0,0.5920246076037141,0.026411224061011537,0.0,0.0764657874688523,0.29771458896626757,0.3475841660745024,0.0,0.0952229759463067,0.1928539859148418,0.4820879364215282,0.8844963755137387,0.08258406767704325,0.0,1.0,0.09214182966468575,0.09941245793276354,0.0,0.2615362256816144,0.0,0.0,0.5599487043310952,0.0,0.0,0.0,0.3918070948957562,0.0,0.0,0.06759053012492267,0.739171436465307,0.0,0.4415338458107303,0.0,0.06206980060165792,0.6376367630671222,0.09316440197498631,1.0,0.0,0.0,0.0,0.0,0.0,0.7146883448966774,0.0,0.0,0.0,0.0,0.09457597771120878
gex_possorted_bam_SJSO3:TCAACAATCAAGCTTAx-M1,0.06046674664038095,0.0,0.0,0.0,0.45262138859098744,0.5366178716503883,0.0,0.0,0.0,0.0,1.0,0.0,0.0,0.0,0.0,0.0,1.0,1.0,0.0,1.0,0.7158412150342515,0.8836496581191382,0.18314275193067614,0.7668899835309971,0.0,0.0,0.4069162185713046,0.0,0.0,0.016214234788714733,0.0,0.19795919998597733,0.15423334320128784,0.0,0.17968596448138,0.0,0.0,0.06024049706040119,0.0,0.0,0.0,0.0,0.0,0.0,0.021736429544452575,0.0,0.0,0.3383187683962774,0.0,0.0,0.0,0.000635713687557152,0.9494492075889995
gex_possorted_bam_SJSO3:TATTTGGAGACTATTGx-M1,0.0,0.0,0.5121069464700633,0.0,0.0,0.0,0.9644072051782876,0.0,1.0,0.0,0.8983914918880784,0.509854049318956,0.12358254660801299,1.0,0.0,1.0,0.9169215207168433,0.0,0.4442984305155961,0.0,0.0,0.0,0.0,0.0,1.0,0.018500996069963645,1.0,0.13532620798361228,0.14183262148268402,0.0,0.11806848194694283,0.0,0.0,0.001792000258580629,1.0,0.0,1.0,0.0,0.0,1.0,0.0,1.0,1.0,1.0,0.0,0.0,1.0,1.0,0.0,0.0,0.23320874209806408,0.0,0.0
gex_possorted_bam_SJSO3:TCAATCGCATGACTATx-M1,0.0,0.035854842030613225,0.3065929445724091,0.0,0.12645720794630733,0.0,0.0,0.0,0.0,0.1576301047751538,0.23714720795486127,0.0,0.0,0.0,0.19201235681610462,0.0,0.4257601179651429,0.0,0.0,1.0,0.4884083713586341,0.6222460060446738,0.07673566540393358,0.6140822705404536,0.0,0.0,0.30165919843430705,0.0,0.0,0.0,0.7623290016891113,0.0,0.10223400823176426,0.019139059069624383,0.31529800936308566,0.07809475011333641,0.0,0.0,0.06721498314843485,0.3554669075096017,0.0,0.0,0.0,0.0,0.03443951441177681,0.00028593685351323934,0.0,0.0,0.0,0.0018670567106261308,0.0,0.0,0.8847271402973858
gex_possorted_bam_SJSO3:TCAAGCTAGTTTCCTGx-M1,0.0,0.0,0.0,0.0,0.0,0.0,0.7152167896444257,0.0,1.0,0.0,1.0,0.4022878070499698,0.1833680741076621,1.0,0.0,1.0,1.0,0.5348882010986917,0.8535762507405312,0.0,0.0,0.0,0.0,0.0,1.0,0.02990610568913925,1.0,0.0,0.11989951412422802,0.0,0.0,0.0,0.0,0.0,1.0,0.0,1.0,0.0,0.0,1.0,0.0,1.0,1.0,0.9168589215815793,0.0,0.0,1.0,1.0,0.0,0.0,0.3290679554318281,0.0,0.0
gex_possorted_bam_SJSO3:TCAATCGCACCTCACCx-M1,0.5347295662077293,0.08087401651314918,0.0,0.3762360941011384,0.7774243984368113,1.0,0.0,0.29380083049789835,0.0,0.43611245811754534,1.0,0.0,0.2422074283961031,0.0,0.49270669039086845,0.16450629287258794,1.0,1.0,0.745735201509697,1.0,1.0,1.0,0.5322882439783735,1.0,0.0,0.27939711284304014,0.1491420763967462,0.48731671835398704,0.5301816090862892,0.5831140371122125,0.601692975585773,0.6236299862138298,0.5345690396948289,0.24318655121547983,0.09712467032565067,0.5584227770159312,0.0,0.4346421687462263,0.4159583567439945,0.023246773943608585,0.0,0.0,0.023127404833476917,0.0,0.7639800797001495,0.4234104488030397,0.0,0.27289392676913593,0.31340710312878,0.5344969080653011,0.03587383654199998,0.5109653986500741,1.0
gex_possorted_bam_SJSO3:TCAAGTATCTTGGACGx-M1,0.0,0.4190889985477112,1.0,0.060016281596210856,0.0,0.32164748820514044,1.0,0.0,1.0,0.1265737087831465,1.0,0.7706953440684189,0.6774369870111673,1.0,0.0,1.0,1.0,1.0,1.0,0.0,0.0,0.0,0.0,0.0,1.0,0.1903870922169384,1.0,0.3366318508801541,0.211199938652143,0.16480193398529988,1.0,0.0,0.0,0.0,1.0,0.0,1.0,0.0,0.0,1.0,0.0,1.0,1.0,1.0,0.0,0.012401433303285669,1.0,1.0,0.23680032359039585,0.018364483855537503,0.29877446268652297,0.12209837756619316,0.0
gex_possorted_bam_SJSO3:TATTTGGAGACACTTAx-M1,0.05726477235210257,0.0,0.15545083407951682,0.0,0.5574791332763944,0.4221966079993203,0.0,0.0,0.0,0.0,0.9197588753535189,0.0,0.0,0.0,0.10708046985299612,0.0,0.9461746339375748,0.9962812860410202,0.0,1.0,0.7955229683077765,0.8694939668865902,0.1703299910137079,0.726702954321377,0.0,0.0,0.40720528655656796,0.0,0.0,0.018104177082684303,0.10498018321601776,0.1561057137786714,0.19771804247239658,0.0,0.2248170106969873,0.053885697175452656,0.0,0.006689814256457867,0.050604883418124906,0.11109563680590337,0.0,0.0,0.0,0.0,0.21718196595859207,0.0,0.0,0.18338439079622706,0.0,0.08487192859308551,0.0,0.006796042825002805,1.0
gex_possorted_bam_SJSO3:TCAAACCAGGACAATGx-M1,0.4853617387656816,0.2226265212643176,0.8612397207495227,0.42757575432083145,1.0,1.0,0.0,0.31953923598497763,0.0,1.0,1.0,0.0,0.29047095715963367,0.0,0.6666027788611198,0.1279319993014269,1.0,1.0,0.023911267739823345,1.0,0.9707200548740372,1.0,0.724458699979112,0.9004049016194168,0.14062025162677713,0.458708000542588,0.18171908504285852,0.3766023849906959,0.04966086389031419,0.7541952327333122,0.6567855523245917,0.8505754529061833,0.5857530589243999,0.3558798773812441,0.08970881778430562,0.5899403668425226,0.0,0.35596018599535256,0.5409190222782363,0.16014106138648362,0.7330640880674713,0.0,0.35528082884333645,0.7557180040665229,0.8096109551067203,0.49886925843210944,0.34187278585564107,0.0,0.5449901581151781,1.0,0.22595104650368156,0.5551049583276003,1.0
gex_possorted_bam_SJSO3:TCAATCGCAATCGCACx-M1,0.09215520004003075,0.0,0.6397249340987538,0.0045241376436132566,0.6405869640558363,0.7110802840000765,0.0,0.0,0.0,0.21977679513923293,0.9999512613963754,0.0,0.0,0.0,0.15950788956154877,0.0,1.0,1.0,0.0,1.0,0.8154504881785377,0.9375017085575901,0.2427033836198504,0.711137310054166,0.0,0.0,0.37110195267855084,0.0,0.0,0.1519808308273533,0.9702333774831422,0.23213345586874612,0.2651273209828032,0.0,0.2718305614104638,0.13380745005525319,0.0,0.0,0.13251153458330311,0.29144325624661666,0.0,0.0,0.0,0.5988785809311962,0.2589896625130071,0.11899709779906953,0.0346998440236926,0.11461182929873408,0.09183985615356434,0.2876474455966816,0.019219714031365614,0.06408177278413889,1.0
gex_possorted_bam_SJSO3:TCAACAATCCCTTGCGx-M1,0.0,0.0,0.05116230071644676,0.0,0.26051344203827487,0.02867455370086698,0.0,0.0,0.0,0.0,0.6965752118651316,0.0,0.0,0.0,0.0,0.0,0.6690342322095911,0.6226530045955917,0.0,1.0,0.44959863169552533,0.623419186789832,0.12565212012328983,0.5486095025907645,0.0,0.0,0.45712757070764076,0.0,0.0,0.0,0.0,0.08742208945063094,0.09233809777362131,0.0,0.27464693216064023,0.0,0.0,0.007640617547524814,0.0,0.048081864524278976,0.0,0.0,0.0,0.0,0.03617644368199538,0.0,0.0,0.2732131498259017,0.0,0.0071543448080394895,0.0,0.0,0.8206064598244738
gex_possorted_bam_SJSO3:TCAAGCTAGGCTGTGCx-M1,0.06550083095890671,0.08568246727466856,0.37974634435061,0.007409325000123538,0.27882242082208275,0.29622133400003653,0.0,0.09403368941389384,0.0,0.1536258454951872,0.637744225447908,0.0,0.0,0.0,0.06964092922688107,0.0,0.7403821871925562,0.6044140696834664,0.0,1.0,0.5279177998704486,0.6893992313210203,0.19261291018460433,0.721806484811305,0.0,0.0,0.313691691503526,0.0,0.03191838327113687,0.0,0.5616462127150548,0.16511009943066154,0.16723692201181686,0.060448450458181854,0.23646306747866497,0.12763272671424725,0.21836608991061535,0.2505132558134115,0.08923495122885818,0.27775023465298293,0.0,0.029802790244636782,0.0,0.020006173360355217,0.3015118479956645,0.08491562030933693,0.0,0.27206522812481637,0.017540372947599324,0.02865908962862479,0.11588145700323918,0.03371138435633462,1.0
gex_possorted_bam_SJSO3:TCAAGGAAGTTTGGTAx-M1,0.022911168384836533,0.0,0.0,0.0,0.7016005403444947,0.45748227691224796,0.0,0.0,0.0,0.0,1.0,0.0,0.0,0.0,0.0,0.0,1.0,1.0,0.0,1.0,0.7092298777323248,0.8779145854088024,0.18851009286811668,0.7211289716888017,0.0,0.0,0.47483673943057697,0.0,0.0,0.1111023320779108,0.0,0.2543555332471397,0.15343242076651598,0.0,0.1698635069249216,0.0,0.0,0.0,0.0,0.0,0.0,0.0,0.0,0.0,0.15680103162161788,0.0,0.0,0.339433475985929,0.0,0.1424869010006,0.0,0.0,1.0
gex_possorted_bam_SJSO3:TCAAGACTCAATCTAGx-M1,0.0,0.0,0.537647393853322,0.0,0.0,0.0,0.7675828653232708,0.0,0.687966680053979,0.0,0.437163815927148,0.7284833409410999,0.0,0.6361457621265866,0.0,1.0,0.6062622014999076,0.0,0.0,0.0,0.0,0.0,0.0,0.0,0.5216913854986704,0.0,1.0,0.0,0.06549318789459352,0.0,0.0,0.0,0.0,0.0,1.0,0.0,1.0,0.0,0.0,1.0,0.02476655608256181,1.0,0.3326630989983072,0.429355071560892,0.0,0.0,0.4353873593402705,1.0,0.0,0.0,0.14117527669927224,0.0,0.0
gex_possorted_bam_SJSO3:TCAAGACTCATAAGCCx-M1,0.10036776901968884,0.0,0.0,0.0,0.4325437691262152,0.28743984836601794,0.0,0.0,0.0,0.0,0.8247922923936826,0.0,0.0,0.0,0.022472363715247946,0.0,0.7874868899361267,0.8123877761800143,0.0,1.0,0.7179407694206437,0.7995369575651493,0.2195544517037238,0.6999522201244027,0.0,0.0,0.3539144223571653,0.0,0.0,0.0410270467187381,0.0,0.11413018033217749,0.21258032381202396,0.0,0.23082325859330396,0.05582379558692632,0.0,0.06015015134360106,0.049139183004594696,0.10030245123285123,0.0,0.0,0.0,0.0,0.11160512970937386,0.05189378671810199,0.0,0.09782503666512987,0.0,0.07722544504355101,0.0,0.028412454147093646,0.9801378137100955
gex_possorted_bam_SJSO3:TCAATCGCAATGCCCGx-M1,0.0,0.0,0.4495237302794971,0.0,0.0,0.0,0.5084008010490869,0.0,0.8543351207290671,0.0,0.8846765208980486,0.3268334245437955,0.03221806002181173,0.8775919931632735,0.0,1.0,0.8639272638957224,0.0,0.18773049715181162,0.0,0.0,0.0,0.0,0.0,0.7502273673739411,0.0,1.0,0.0,0.0,0.0,0.0439663984683583,0.0,0.0,0.0,1.0,0.0,1.0,0.0,0.0,1.0,0.0,1.0,0.6998963603862262,0.9633736646474231,0.0,0.0,0.9198417781204425,1.0,0.0,0.0,0.05305658275864542,0.0,0.0
gex_possorted_bam_SJSO3:TATTTGCTCGCCTGTTx-M1,0.0,0.0,0.06598775031322986,0.0289836537414266,0.0,0.0,0.7350573743379475,0.0,0.8551679394253384,0.0,1.0,0.5882702547165627,0.0,1.0,0.0,1.0,1.0,0.2874953435915642,0.6735983419885082,0.0,0.0,0.0,0.0,0.0,0.8937644346829008,0.0,1.0,0.055501030047869576,0.1581420390716555,0.0,0.0,0.0,0.0,0.0,1.0,0.0,1.0,0.0,0.0,1.0,0.1276992973583563,1.0,0.9460577568306946,0.6362690161371395,0.0,0.0,0.6876540430264017,1.0,0.0,0.0,0.27341571449247715,0.0,0.0
gex_possorted_bam_SJSO3:TCACATAAGGAGGACTx-M1,0.0,0.0,0.3801519089831164,0.0,0.0,0.0,0.8709756987728028,0.0,1.0,0.0,1.0,0.5690778392266894,0.23463253880583135,1.0,0.0,1.0,1.0,0.24058965924909242,0.7696300683453905,0.0,0.0,0.0,0.0,0.0,1.0,0.050191049149441384,1.0,0.03455386940700935,0.18530007582428626,0.0,0.24030379783538441,0.0,0.0,0.0,1.0,0.0,1.0,0.0,0.0,1.0,0.0,1.0,1.0,1.0,0.0,0.0,1.0,1.0,0.0,0.0,0.22132736306858994,0.020794724913848563,0.0
gex_possorted_bam_SJSO3:TCAAGTATCTATCGCCx-M1,0.0,0.0,1.0,0.0,0.0,0.0,1.0,0.0,1.0,0.0,0.941619278495739,0.5375501609946747,0.3764794165538637,1.0,0.0,1.0,1.0,0.0,0.5196766266161255,0.0,0.0,0.0,0.0,0.0,1.0,0.11389474720822772,1.0,0.2186450478619372,0.12501911534618645,0.0,0.6373776052000312,0.0,0.0,0.017803853558907685,1.0,0.0,1.0,0.0,0.0,1.0,0.01720728408206277,1.0,1.0,1.0,0.0,0.0,1.0,1.0,0.07157983609154524,0.0,0.2836373141159276,0.0,0.0
gex_possorted_bam_SJSO3:TCACCTCAGCACTAACx-M1,0.08906846566840182,0.0,0.0,0.0,0.3419560383604212,0.4530507908200713,0.0,0.0,0.0,0.0,1.0,0.0,0.0,0.0,0.0,0.0,1.0,1.0,0.0,1.0,0.7196758913847804,0.861529561320862,0.21818166733476135,0.7261470448868427,0.0,0.0,0.366421271001004,0.0,0.0,0.02685073533518457,0.0,0.15609567901466503,0.18656476859584917,0.0,0.17524102046579954,0.0,0.0,0.06796283822980916,0.0,0.0,0.0,0.0,0.0,0.0,0.09003204675740933,0.0,0.0,0.3771938509725644,0.0,0.0,0.0,0.0,0.8517086460790181
gex_possorted_bam_SJSO3:TCAACAATCATTACTCx-M1,0.047565473366133024,0.0,0.2668084262815184,0.0,0.6421066920035027,0.5508155287615584,0.0,0.0,0.0,0.0,1.0,0.0,0.0,0.0,0.02939896133516207,0.0,1.0,1.0,0.0,1.0,0.6594158148271246,0.9103954963925287,0.1910890157647648,0.6867164007020036,0.0,0.0,0.4139426121113031,0.0,0.0,0.14065168574069437,0.0,0.18092195106453002,0.178577726574854,0.0,0.13373537342732683,0.024977244237783743,0.0,0.00881874875781572,0.00213594958965044,0.0,0.0,0.0,0.0,0.0,0.22710181011561298,0.0,0.0,0.27064928298538077,0.0,0.10469499201820251,0.0,0.008287700327865327,1.0
gex_possorted_bam_SJSO3:TCACTGACAATAGCCCx-M1,0.0,0.6565142035945924,0.8854127308589249,0.08839266123001564,0.0,0.0,0.0,0.0,0.0,0.0,0.6020397749679137,0.0,1.0,1.0,0.0,1.0,0.1413378937039515,0.11907871160851191,1.0,0.0,0.0,0.0,0.0,0.0,1.0,0.0,1.0,0.0,1.0,0.3618481211226517,0.08237863360383173,0.8800900753712281,0.0,0.6066021213070105,1.0,0.0,1.0,0.0,0.0,1.0,0.8752272511806518,0.0,0.537395924443062,0.0,0.0,0.044627575160371365,0.9890586377407589,0.0,0.0,0.0,1.0,0.0,0.0
gex_possorted_bam_SJSO3:TCAACAATCTTGACCCx-M1,0.0,0.0,0.6331018266040762,0.0,0.0,0.0,1.0,0.0,1.0,0.0,1.0,0.6643423078696588,0.33807519621206233,1.0,0.0,1.0,0.9875181558374236,0.0,0.5720767267610259,0.0,0.0,0.0,0.0,0.0,1.0,0.06460046858585679,1.0,0.07486964523222199,0.18280793215397464,0.0,0.2826215260865389,0.0,0.0,0.0,1.0,0.0,1.0,0.0,0.0,1.0,0.0,1.0,1.0,1.0,0.0,0.0,1.0,1.0,0.006403886918725093,0.0,0.28289464974433437,0.0026131670441106405,0.0
gex_possorted_bam_SJSO3:TCAAGACTCATGCCTCx-M1,0.0,0.2625892116918263,1.0,0.04313214387526053,0.0,0.0,1.0,0.0,1.0,0.0,1.0,0.5491554508974397,0.9546971694126437,1.0,0.0,1.0,1.0,0.19413142397879468,0.9931508564540473,0.0,0.0,0.0,0.0,0.0,1.0,0.19324449721302697,1.0,0.41964322725254494,0.34784846659908386,0.1436171322758153,1.0,0.0,0.0,0.0318935374690371,1.0,0.0,1.0,0.0,0.0,1.0,0.0,1.0,1.0,1.0,0.0,0.01913746052678136,1.0,1.0,0.21378216430806252,0.0,0.6582084900533786,0.11633937276169268,0.0
gex_possorted_bam_SJSO3:TCACGGATCTCACTATx-M1,0.0,0.6776062831831636,0.8443532979466999,0.09223399225211708,0.0,0.0,0.0,0.02854347130243016,0.0,0.0,0.4723260797670432,0.0,1.0,1.0,0.0,1.0,0.0,0.05389967831772244,1.0,0.0,0.0,0.0,0.0,0.0,1.0,0.0,1.0,0.0,1.0,0.3192643200908927,0.0,0.9332639083349373,0.0,0.6330405607773775,1.0,0.0,0.9235180050569319,0.0,0.0,1.0,1.0,0.0,0.5394777701094711,0.0,0.0,0.04728668069248571,1.0,0.0,0.0,0.0,1.0,0.0,0.0
gex_possorted_bam_SJSO3:TCACTGACAATGAAGCx-M1,0.0,0.41732911483225793,0.23320007392395053,0.020336813571963954,0.0,0.33128876044304234,0.6924136957582294,0.03504123670428121,0.0,0.19993202040297892,0.5471361567010736,0.4838971802029673,0.0,0.2161521292604163,0.39391147521939157,0.5224960310964825,1.0,0.7871091585445611,0.0,1.0,0.2791477903757076,0.23097859595083187,0.053862578449819475,0.43224787249587265,0.0,0.0,0.3003303791757028,0.0,0.0,0.0,0.36031836836240233,0.0,0.05145549345798444,0.1578324143554999,0.5860207871382136,0.03968378050394501,0.1062864670625688,0.025966627485291983,0.2140749103001872,0.5899922200174121,0.13012214647828801,1.0,0.0,0.0,0.0,0.0,0.0,0.363339234229389,0.0,0.0,0.0,0.0,0.0
gex_possorted_bam_SJSO3:TCAAGCTAGTTGGCCAx-M1,0.0,0.2171137691203202,0.9304108836442887,0.0,0.0,0.0,1.0,0.0,0.9515689408965288,0.0,0.7785135849171295,1.0,0.19894911171300225,0.9667087781687506,0.0,1.0,0.9970025775421224,0.0,0.35492733295967277,0.0,0.0,0.0,0.0,0.0,1.0,0.03940639011461651,1.0,0.18920684049376144,0.22789882269846307,0.0,0.5983696152797081,0.0,0.0,0.03908488300176068,1.0,0.0,1.0,0.0,0.0,1.0,0.08357739030690688,1.0,0.8755833023952915,1.0,0.0,0.0,1.0,1.0,0.022955100006537887,0.0,0.18550464282691773,0.0,0.0
gex_possorted_bam_SJSO3:TATTTGGAGGCTCATGx-M1,0.07217539557051816,0.0,0.0,0.0,0.5387909520507563,0.7801142457813377,0.0,0.0,0.0,0.0,1.0,0.0,0.0,0.0,0.07074996058479133,0.0,1.0,1.0,0.0,1.0,0.8224316870928777,0.9723359578217914,0.20717318203072532,0.7996205622744896,0.0,0.0,0.3189611811974626,0.0,0.0,0.09566349688335804,0.0635705943886528,0.05869749655690258,0.19070389713574007,0.0,0.13850639304061974,0.0509999406070107,0.0,0.04515178660329274,0.05600731802210163,0.0,0.0,0.0,0.0,0.0,0.19049511948247705,0.0,0.0,0.06985855791651017,0.0,0.021944869138774654,0.0,0.02932651146061557,1.0
gex_possorted_bam_SJSO3:TCACTGACAAGGCCAAx-M1,0.0,0.21762901191887474,0.2037433987416964,0.0,0.03629606818776633,0.0,0.1330179556744335,0.07181760023012075,0.0,0.13935379736646475,0.0,0.13094366646567204,0.0,0.0,0.3271475883226665,0.0,0.4646767629062479,0.0,0.0,1.0,0.42609972287068687,0.4165515352290666,0.08055124911771509,0.5327523360542125,0.0,0.0,0.2844753591007572,0.0,0.0,0.0,0.5057456073460598,0.0,0.12531381893074087,0.06625858666247515,0.4633393163158975,0.06179813029734648,0.10763499736137305,0.0,0.13549561804602722,0.43576889421512466,0.09472551565397104,0.30851038472056214,0.0,0.0,0.0,0.0,0.0,0.0,0.0,0.0,0.0,0.0,0.511376031020141
gex_possorted_bam_SJSO3:TCACATAAGGTTACACx-M1,0.0,0.0,0.6998516641647708,0.019349240990610212,0.8057216645302301,0.698510905892774,1.0,0.4474725240544459,0.5936978795410578,0.0,1.0,0.0,0.21175998198227883,0.23956018935128107,0.0,0.0,1.0,1.0,0.280033245822495,1.0,0.6664969895242868,0.6689125458187195,0.08712086523366702,0.22221959095758786,0.30640321393992204,0.03405591116054086,1.0,0.0,0.18786803143531,0.0,0.0,0.6525338129407944,0.1200238921663947,0.0,0.5865345272076999,0.0,0.053619678196080295,0.0,0.08562360503506458,0.36589051751780494,0.9570701541259561,0.08305203893677642,0.0,1.0,0.0,0.08228148914252385,0.7060344020119881,0.7988168009741403,0.016955142423111847,0.05123352678034736,0.0,0.0,1.0
gex_possorted_bam_SJSO3:TCAACAATCACTTTACx-M1,0.0,0.0,0.5582501337684791,0.0,0.5965742502833443,0.2843284261918398,0.5051207303477939,0.2681459490788457,0.33194434348795987,0.0,1.0,0.0,0.0,0.0,0.0,0.0,1.0,1.0,0.0,1.0,0.5493987920184091,0.6122319145701507,0.06721598853464164,0.33029149536236413,0.0,0.0,0.8767531713346147,0.0,0.0,0.0,0.0,0.5568054797228877,0.10694184697610858,0.0,0.4450375519308422,0.0,0.0,0.0,0.008874034450561225,0.19012307129489384,0.6816404806949736,0.0,0.0,0.5142563601569499,0.0,0.0,0.26534597362993145,0.6079221744585067,0.0,0.0,0.0,0.0,1.0
gex_possorted_bam_SJSO3:TCACCTCAGCTTTGGGx-M1,0.2361939091595793,0.38743843086950075,0.8990597008548689,0.2319587668951905,0.8441078582586382,1.0,0.8119859602069757,0.39617883336530985,0.3250409122807156,0.6013678884270863,0.9017156950762647,0.0,0.18595463658917905,0.0,0.45070255564656947,0.10091137388697323,1.0,1.0,0.0,1.0,0.8414362682419595,0.9396994190575875,0.3440100047011329,0.7610406276180537,0.0,0.12710416198413294,0.3245869148552738,0.3901003137706703,0.18580024336432824,0.2243718187502732,1.0,0.3874025616611451,0.426543159336573,0.27113542702464744,0.2847296085159235,0.4008215887638571,0.01593627870681427,0.23355114686247788,0.4643742029188431,0.5396946342122743,0.6328541944095454,0.034148988262349016,0.0,1.0,0.4698369234917798,0.31636863101157875,0.07943730776447527,0.0,0.4065801172335098,0.5285788838272557,0.0,0.20307793664646473,1.0
gex_possorted_bam_SJSO3:TCACCGGCAAGTAAGCx-M1,0.0,0.0,0.0,0.0,0.0,0.0,0.0,0.0,0.0,0.0,0.7808713649865798,0.0,0.0,0.056565421907480845,0.0,0.17405524628388394,0.7159731357459083,0.47245020440243923,0.0,0.0,0.0,0.08000999370110348,0.0,0.1729514569544012,0.0,0.0,0.8588803836664269,0.0,0.0,0.0,0.0,0.04543798946020996,0.0,0.0,0.7388002931426534,0.0,0.4432109259798409,0.0,0.0,0.39596118061419855,0.0,0.34614719941423877,0.0,0.0,0.0,0.0,0.0,1.0,0.0,0.0,0.0,0.0,0.11862026314335118
gex_possorted_bam_SJSO3:TCATGCCTCGCTAGCAx-M1,0.0,0.0,0.4555305488800977,0.0,0.0,0.0,0.7409436769614859,0.0,0.8061843725274369,0.0,1.0,0.38332254241182007,0.01568293734814133,0.8228488738668689,0.0,1.0,1.0,0.13399796221713706,0.3980019396740406,0.0,0.0,0.0,0.0,0.0,0.7715376027638956,0.0,1.0,0.06892487001660408,0.029248846614783018,0.0,0.08501567641937889,0.0,0.0,0.0,1.0,0.0,1.0,0.0,0.0,1.0,0.0,1.0,0.9938927952064841,1.0,0.0,0.0,0.7899697001832161,1.0,0.0,0.0,0.14188360789376264,0.0,0.0
gex_possorted_bam_SJSO3:TCAGCCTTCCAAACACx-M1,0.0,0.0,1.0,0.0,0.8449124710186622,0.665083260742354,0.631323321491234,0.28349215282723605,0.07222445129855982,0.0,1.0,0.0,0.0,0.0,0.0,0.0,1.0,1.0,0.011125421502652999,1.0,0.7100349558172274,0.772143789804856,0.13101427025745596,0.4118908051903553,0.0,0.013881677439585323,0.8294128629956254,0.0,0.0,0.0,0.0,0.7783144930138148,0.15883001824012039,0.0,0.42676558553037053,0.0,0.0,0.0,0.07348187354635041,0.24653867924989165,0.8304021053785026,0.0,0.0,0.988558096622659,0.0,0.0,0.4953081078285627,0.43893947489227625,0.0,0.06706296655188679,0.0,0.0,1.0
gex_possorted_bam_SJSO3:TCAGCGATCTCACATTx-M1,0.0,0.0,0.18942126235121176,0.0,0.0,0.0,0.0,0.0,0.24052973008338535,0.0,0.23840869172759416,0.0,0.0,0.0,0.0,0.0,0.40817354898156444,0.0,0.0,0.6752827357535397,0.19473534766580072,0.37219744715316905,0.05925066886807383,0.4760365704937463,0.0,0.0,0.39178993949813007,0.0,0.0,0.0,0.0,0.0,0.0,0.044466718971152966,0.3935146219008912,0.05012706909181237,0.1306286740762056,0.0,0.011047475977248412,0.5855524355396402,0.0931366235375066,0.07027675355250503,0.0,0.0,0.0,0.002545830025167426,0.0,0.1421236160515043,0.0,0.0,0.07460666397809074,0.0,0.603639410676583
gex_possorted_bam_SJSO3:TCAGGTTAGGGTTAGAx-M1,0.030490172617431973,0.0,0.4216602032653607,0.0,0.8924580144186527,0.6365371126179196,0.0,0.0,0.0,0.16913540516148234,1.0,0.0,0.0,0.0,0.16158997040006734,0.0,1.0,1.0,0.0,1.0,0.7326903211383137,0.9286680986179269,0.23230997646183565,0.7188968092055559,0.0,0.0,0.40035149124429736,0.0,0.0,0.19080760847163084,0.0,0.30526550957806786,0.1997162667951475,0.0,0.12543476092799358,0.0657857649829896,0.0,0.0,0.034558899977517564,0.0,0.09397722321080607,0.0,0.0,0.0,0.2474929668283884,0.0,0.0,0.16266876262325783,0.0,0.34193570865190476,0.0,0.009745401257096619,1.0
gex_possorted_bam_SJSO3:TCATACTTCACACAGTx-M1,0.0,0.0,0.6087918654279525,0.0,0.0,0.0,0.8441015287820722,0.0,1.0,0.0,0.9084101348937365,0.5578728842528746,0.27034235827311215,1.0,0.0,1.0,0.9300937950425233,0.0,0.4594979252576318,0.0,0.0,0.0,0.0,0.0,1.0,0.018529834107966825,1.0,0.0,0.16555036974639797,0.0,0.04505129295960935,0.0,0.0,0.0,1.0,0.0,1.0,0.0,0.0,1.0,0.0,1.0,0.8404808455710241,1.0,0.0,0.0,0.9770376906490487,1.0,0.0,0.0,0.30517788688445985,0.0,0.0
gex_possorted_bam_SJSO3:TCATAACCAATAATGGx-M1,0.051487650623361615,1.0,0.8189462994949881,0.2328230212618871,0.0,0.0,1.0,0.6174399844512533,0.2609393554770915,1.0,0.0,1.0,0.004102671919563069,0.2261684400523974,0.7159316012769343,0.8222334790301722,0.0,0.0,0.0,1.0,0.08526664945786509,0.04772999483397868,0.14871803122902144,0.47118430959140567,0.0,0.018916472332354644,0.15463913458207537,0.5027076061397162,0.6817181589801192,0.10138391740835062,1.0,0.0,0.17749027041648077,0.5964972267190204,0.6762004358050832,0.5669796181872087,0.8620575153799547,0.180365461641454,0.5155238264057624,1.0,0.5321606798804666,1.0,0.0,0.6485968049129307,0.1762098729190363,0.3440595549646923,0.0,0.0,0.4753020966038787,0.4792927758725538,0.2746189989035275,0.17814070027745565,0.24803848704934064
gex_possorted_bam_SJSO3:TCAGTGAGTGGACATCx-M1,0.0,0.0,0.0,0.0,0.0,0.0,0.5186156304416024,0.0,1.0,0.0,1.0,0.31398171142134357,0.07430233322576794,1.0,0.0,1.0,1.0,0.2745392343989196,0.5927493361914861,0.0,0.0,0.0,0.0,0.0,1.0,0.0007753596331034792,1.0,0.0,0.140866019238605,0.0,0.0,0.0,0.0,0.0,1.0,0.0,1.0,0.0,0.0,1.0,0.0,1.0,0.7522067664852955,0.39706677335427387,0.0,0.0,0.9189480924610636,1.0,0.0,0.0,0.15489655959525483,0.0,0.0
gex_possorted_bam_SJSO3:TCATAACCAGGAACATx-M1,0.0,0.0,1.0,0.0,0.0,0.0,1.0,0.0,1.0,0.0,1.0,0.7058789318868282,0.20268085147154583,1.0,0.0,1.0,1.0,0.17674308758356042,0.7708671117886047,0.0,0.0,0.0,0.0,0.0,1.0,0.0732525684802146,1.0,0.1261407642103323,0.0,0.0,0.552971701726957,0.0,0.0,0.0,1.0,0.0,1.0,0.0,0.0,1.0,0.0,1.0,1.0,1.0,0.0,0.0,1.0,1.0,0.018800842825219072,0.0,0.23881850475893873,0.0,0.0
gex_possorted_bam_SJSO3:TCAGGTTAGTAGGCGGx-M1,0.035866611780639976,0.0,0.0,0.0,0.33474805911456273,0.24600921477389312,0.0,0.0,0.0,0.0,1.0,0.0,0.0,0.0,0.0,0.0,0.9898675711205411,1.0,0.0,1.0,0.5232700983595683,0.7598860014952018,0.14056247365761748,0.6763965724007438,0.0,0.0,0.4626630151664622,0.0,0.0,0.0,0.0,0.20525843876889555,0.13222382976671743,0.0,0.22090795805661545,0.0,0.0,0.03727645203668198,0.0,0.0,0.0,0.0,0.0,0.0,0.06551709756578945,0.0,0.0,0.30739078556555216,0.0,0.0,0.0,0.0,0.963633367696988
gex_possorted_bam_SJSO3:TCATGAGGTGTCCTGCx-M1,0.0,0.0,0.0,0.0,0.0,0.0,0.46924096925171355,0.0,0.8403944173302645,0.0,1.0,0.38794612742330437,0.04468976705423552,1.0,0.0,1.0,1.0,0.7936603275066892,0.7815466060059981,0.0,0.0,0.0,0.0,0.0,0.9871453065412658,0.0,1.0,0.0,0.006966395746958582,0.0,0.0,0.0,0.0,0.0,1.0,0.0,1.0,0.0,0.0,1.0,0.0,1.0,0.830156249600277,0.6026306049661472,0.0,0.0,0.8591547079028138,1.0,0.0,0.0,0.15020913901073782,0.0,0.0
gex_possorted_bam_SJSO3:TCAGCGATCCTAAGTAx-M1,0.3353420156889242,0.0,0.16826998257932296,0.1643029880671088,0.9043459432145801,1.0,0.0,0.029462795580031335,0.0,0.21806866774674585,1.0,0.0,0.0,0.0,0.3487685693049765,0.0,1.0,1.0,0.48016327443010454,1.0,1.0,1.0,0.43220170427025617,1.0,0.0,0.019548371578450248,0.2095896387342949,0.2848557994470266,0.040987612723596654,0.4323578191242003,0.8979129980904071,0.4429418648039876,0.40846324688157404,0.0,0.14690365849129403,0.3318213021305058,0.0,0.23839551790508076,0.3011610988275078,0.0,0.0,0.0,0.0,0.02537549471204855,0.5859746327550611,0.2507151165649133,0.0,0.033845665290710134,0.13311766488500668,0.28249008794020075,0.0,0.33831356227606524,1.0
gex_possorted_bam_SJSO3:TCACTGACAATTATGCx-M1,0.0,0.8068526495818639,1.0,0.3085288216906351,0.0,0.11900916570529622,1.0,0.07345854108658416,1.0,0.5378708446395579,1.0,1.0,1.0,1.0,0.028182436108835775,1.0,1.0,0.4281836437250416,1.0,0.0,0.0,0.0,0.0,0.0,1.0,0.46864692214856324,1.0,1.0,0.7878623963128911,0.4824908924901779,1.0,0.0,0.0,0.24075482084000502,1.0,0.0,1.0,0.0,0.0,1.0,0.11470791740132164,1.0,1.0,1.0,0.0,0.18266434993743652,1.0,1.0,0.5884645031485303,0.2437899332792505,0.8418505971135918,0.36994050186577393,0.011651171929262485
gex_possorted_bam_SJSO3:TCATGTTTCCCTTGCGx-M1,0.0,0.29500544462943845,0.6022380306924444,0.0,0.0,0.0,0.7407377660256839,0.0,0.6487964690916665,0.0,1.0,0.08615618197532246,0.828620525853306,1.0,0.0,1.0,0.9567678686252524,0.12259242561620631,0.8726621625164612,0.0,0.0,0.0,0.0,0.0,1.0,0.03128649562147019,1.0,0.0,0.7110129709309738,0.11934964407104232,0.5377455206659792,0.10753868143140843,0.0,0.08489554724080804,1.0,0.0,1.0,0.0,0.0,1.0,0.005108868741030009,0.8756585479582533,1.0,1.0,0.0,0.0,1.0,1.0,0.0457348132280677,0.0,0.5797664892733728,0.022723693948953117,0.0
gex_possorted_bam_SJSO3:TCAGTGAGTCATGCCCx-M1,0.0,0.0,0.0,0.0,0.0,0.0,0.5011463191145922,0.0,0.9182027209213355,0.0,1.0,0.1796916869670459,0.09923181920171327,1.0,0.0,1.0,1.0,0.5304018800168188,0.5425360854769025,0.0,0.0,0.0,0.0,0.0,0.9665477950821378,0.011971403312376063,1.0,0.0,0.0,0.0,0.0,0.06713631689788437,0.0,0.0,1.0,0.0,1.0,0.0,0.0,0.9778379915507304,0.0,1.0,0.5303612029274708,0.14362660515976428,0.0,0.0,0.8395926151497004,1.0,0.0,0.0,0.16925347163818222,0.0,0.0
gex_possorted_bam_SJSO3:TCAGTAATCACGCCAAx-M1,0.0,0.5169321850673751,0.35464977693909877,0.008642786419357099,0.0,0.19185078312104425,0.8818186633399395,0.10574210454855808,0.0,0.2655546870161046,0.22398642478186784,0.7447103035002823,0.0,0.0491643320557924,0.42864198543593224,0.3800136982632648,1.0,0.24419063096370422,0.0,1.0,0.2916933741513386,0.2708610010943065,0.034637220927236055,0.5603655703425425,0.0,0.0,0.183529832764918,0.0,0.0,0.0,0.79290302030435,0.0,0.06294059117553595,0.15525796564445027,0.5443516901110278,0.10908932631919854,0.07254440327426175,0.0,0.2591459656313313,0.6512839647425503,0.15590368525750806,1.0,0.0,0.0,0.0,0.0,0.0,0.12985602994191506,0.0,0.0,0.0,0.0,0.0882491999925988
gex_possorted_bam_SJSO3:TCATCCATCCACCTGTx-M1,0.002409957284655015,0.0,0.9179682601448741,0.0,0.5684205117036883,0.5390008433406817,0.6284584054588082,0.25170059846616055,0.19310760384534012,0.0,1.0,0.0,0.0,0.0004194151353296188,0.0,0.0,1.0,1.0,0.0,1.0,0.613912135487773,0.6250357501095725,0.08343116078800375,0.38252158747318354,0.0,0.0,0.8045989156058486,0.0,0.0,0.0,0.0,0.5653733229669444,0.14633267181445853,0.0,0.5023960966246178,0.006385477495364374,0.00020787112740812392,0.0,0.0665672372146955,0.33519715300961844,0.6173280320324862,0.0,0.0,0.8423390561696062,0.07932408371939352,0.0,0.3742626357847497,0.5869898012342462,0.0,0.07674146418472354,0.0,0.0,1.0
gex_possorted_bam_SJSO3:TCATGCCTCGGCCATAx-M1,0.07928276303326756,0.0,1.0,0.07821413940303108,1.0,1.0,0.0,0.0,0.0,0.7021580726961478,1.0,0.0,0.058784407501985506,0.0,0.38370881679692453,0.0,1.0,1.0,0.0,1.0,0.7870070396248694,1.0,0.3608643712795739,0.7172415678525341,0.0,0.1169129055785059,0.32772168355175085,0.17127505398467233,0.0,0.3066382721836088,1.0,0.40650467137108587,0.3020436712648824,0.06417128538815008,0.19364953088355996,0.2395364487671909,0.0,0.03261854710236151,0.23909808151919953,0.43249145416387114,0.16599955131525873,0.0,0.035685870163178084,0.9652523556756964,0.3612841602996957,0.18031780145594908,0.2803436488401485,0.0,0.2900728394887564,0.7012966673557987,0.0,0.1691398015977444,1.0
gex_possorted_bam_SJSO3:TCAGGTCCATTGTGGCx-M1,0.0,0.7595656837482038,1.0,0.0,0.12455338038059915,0.2424082174321994,0.8773192083532859,0.18687797371791706,0.0,0.6543284146409081,0.0,0.3850741064928186,0.0,0.0,0.5623823524181971,0.1811889413251419,0.5481772913405756,0.0,0.0,1.0,0.426530254502857,0.5125242736137607,0.10445901788148189,0.6003168663365486,0.0,0.0,0.1188552620650176,0.08826847685335562,0.0,0.0,1.0,0.0,0.16953567364934566,0.18544058858671128,0.4018958275435143,0.23856992647115416,0.33287886012871737,0.0,0.3078219010091539,0.8318716707963045,0.10509502520142879,0.4589262184438984,0.0,0.2817468584372289,0.09062929001438513,0.07990365475722491,0.0,0.0,0.17272554321211092,0.20494463928166423,0.0,0.0,0.9817728841348587
gex_possorted_bam_SJSO3:TCAGGAGCATGACTATx-M1,0.0,0.3623059098872935,1.0,0.10011983589938366,0.0,0.13958213125285934,1.0,0.04156574496365526,1.0,0.47221930293235337,1.0,0.6200425598055483,0.6884926655726802,1.0,0.0821139401813455,1.0,1.0,0.34475534274819675,0.4652777485182227,0.13828472412479054,0.00886127868201637,0.0,0.0,0.0,1.0,0.18401719058657443,1.0,0.5529896192449304,0.09146825408106944,0.23975551297849035,1.0,0.027921522753518755,0.0,0.111111150831638,1.0,0.0,1.0,0.0,0.0,1.0,0.09708098912274854,1.0,1.0,1.0,0.0,0.0733360459560816,1.0,1.0,0.3616495360058734,0.18998058145095365,0.2834409277472249,0.1535308834949432,0.5394561178142034
gex_possorted_bam_SJSO3:TCAGCAAGTTACTTGCx-M1,0.0,0.0,0.16130273422514735,0.0,0.2263784333114599,0.0,0.0,0.0,0.0,0.0,0.42762957769607324,0.0,0.0,0.0,0.029487820404157008,0.0,0.5835104763867629,0.30015789163610856,0.0,1.0,0.6008688602108787,0.6188520028321189,0.10001877546501833,0.5951377414927166,0.0,0.0,0.34815158122879886,0.0,0.0,0.0,0.0,0.0,0.1165530602344536,0.0,0.25466024704269785,0.0,0.0,0.023089313773120512,0.02361834470217406,0.14662041524183336,0.0,0.0,0.0,0.0,0.014725363084759016,0.0,0.0,0.13601838975816385,0.0,0.0,0.0,0.0,0.747394576236818
gex_possorted_bam_SJSO3:TCAGTGAGTCCTTAGTx-M1,0.0,0.3931508461471906,0.13963053963278335,0.0,0.0,0.0,0.5449746773830886,0.0921997109458373,0.0,0.1848138262560597,0.0,0.6728338514398476,0.0,0.0,0.2786585030755717,0.052820349887231895,0.38202695441485846,0.0,0.0,1.0,0.13973800544322443,0.18274851646225282,0.0,0.4629870227553076,0.0,0.0,0.2662750980824976,0.0,0.0,0.0,0.5596675767537784,0.0,0.01905935760705619,0.14380104142008135,0.506047443710266,0.05478339378429105,0.17096912100328068,0.0,0.15898506401424037,0.5975252260014609,0.1336361619536927,0.6440722913354235,0.0,0.0,0.0,0.0,0.0,0.02783220446729896,0.0,0.0,0.0,0.0,0.06974013633100981
gex_possorted_bam_SJSO3:TCATACTTCCAAGTGTx-M1,0.0,0.0,0.4389521118874921,0.0,0.0,0.0,0.7942046594354704,0.0,1.0,0.0,1.0,0.558249987503132,0.11419324348583008,1.0,0.0,1.0,1.0,0.11708132741778539,0.593232857241916,0.0,0.0,0.0,0.0,0.0,0.9914311202401211,0.013047872584987266,1.0,0.07502952153197731,0.0,0.0,0.16949207371674732,0.0,0.0,0.0,1.0,0.0,1.0,0.0,0.0,1.0,0.0,1.0,1.0,1.0,0.0,0.0,1.0,1.0,0.0,0.0,0.1755938809417748,0.0,0.0
gex_possorted_bam_SJSO3:TCAGCGATCATTTGCTx-M1,0.0,0.08277981757596609,0.22273446938725114,0.0,0.0,0.0,0.024311695598985345,0.04448873488517763,0.0,0.12670726377713945,0.0,0.15386538904629432,0.0,0.0,0.15718346149697185,0.0,0.0,0.0,0.0,1.0,0.17229369572714998,0.3476128802311758,0.0,0.49146214479414774,0.0,0.0,0.3548057959195075,0.0,0.0,0.0,0.6902464843069942,0.0,0.023123566778849417,0.0916745750856297,0.41271921575604575,0.032133916618055494,0.162137814136294,0.0,0.03396660413384605,0.509453318164629,0.0,0.0,0.0,0.0,0.0,0.0,0.0,0.0,0.0,0.0,0.0,0.0,0.6211608507712953
gex_possorted_bam_SJSO3:TCAGGTTAGCATCCAGx-M1,0.10014701182131747,0.0,0.04618031639798749,0.0,0.537770608615921,0.5064828646928495,0.0,0.0,0.0,0.0,1.0,0.0,0.0,0.0,0.00880423621623482,0.0,1.0,1.0,0.0,1.0,0.8168050711229502,0.8917512882913028,0.23650062546547437,0.7739499372961174,0.0,0.0,0.3586442069004723,0.0,0.0,0.10692180962385774,0.0,0.17854081023722768,0.21580888944607984,0.0,0.15911913885006318,0.024594362546083083,0.0,0.06532702300952616,0.034171739166501305,0.0,0.0,0.0,0.0,0.0,0.15451127490024813,0.0027380601609902273,0.0,0.24662720971136726,0.0,0.07720022362484288,0.0,0.0,0.9678056268785052
gex_possorted_bam_SJSO3:TCATCCATCGTAACGTx-M1,0.16955673270600896,0.0390713738279104,0.5186578994717235,0.10685367981475201,0.35086715486576076,0.6399724830678749,0.0,0.14537682575212058,0.0,0.3104254189430233,0.6693064529084933,0.0,0.0,0.0,0.22962279230378044,0.0,0.6615737922122588,0.5922463815881616,0.0,1.0,0.805094740713752,0.8148272519972715,0.28982669960843194,0.9021246788949142,0.0,0.03810130168943167,0.22453257116861294,0.045729058286793,0.061854223434443655,0.18643051083969114,1.0,0.22086384941098797,0.3179556934059125,0.14032683340425312,0.20034922025870966,0.2726820687932138,0.0,0.128237269265627,0.2059634913415331,0.40170046912972396,0.0,0.0,0.0,0.49469089408117,0.2986928992790992,0.23721814815011844,0.0,0.0601220315073342,0.18569505591984892,0.28169791993341076,0.12245948822851543,0.1442634338597995,1.0
gex_possorted_bam_SJSO3:TCATGAGGTGTTGTAGx-M1,0.0,0.21285549749028976,0.0,0.0,0.0,0.0,0.17266783296961696,0.05304567828758748,0.0,0.018134251550011617,0.0,0.4469664431813532,0.0,0.0,0.19091354851864015,0.0,0.540172140967348,0.0,0.0,1.0,0.15395354516431348,0.2396926651791144,0.0047941760102746854,0.4757236943382428,0.0,0.0,0.26999135009364217,0.0,0.0,0.0,0.10108871919106688,0.0,0.014961820929771812,0.11493890008573307,0.4156617388830071,0.01495840052426561,0.05858991244596619,0.0,0.11416809937814838,0.3929949064514883,0.10466092241447864,0.5989644256231381,0.0,0.0,0.0,0.0,0.0,0.09005562585168361,0.0,0.0,0.0,0.0,0.03470359663672106
gex_possorted_bam_SJSO3:TCAGCCTTCTTGAGGTx-M1,0.0,0.17960308742035597,0.0,0.0,0.0,0.0,0.3015312626366136,0.0870805684866243,0.0,0.03888563457318271,0.0,0.4236884014723338,0.0,0.0,0.2273070272871786,0.0,0.5697206500636569,0.0,0.0,1.0,0.2461367090634017,0.24765689146509537,0.0,0.49499655814616933,0.0,0.0,0.3437628057788857,0.0,0.0,0.0,0.07434364914729645,0.0,0.05235382367487793,0.05764072433409438,0.4645118070746276,0.022296086652564114,0.054497915754756314,0.0,0.12832692131991588,0.4135962750319728,0.12518358026343418,0.5633470444298941,0.0,0.0,0.0,0.0,0.0,0.12449117638707419,0.0,0.0,0.0,0.0,0.11187211684654631
gex_possorted_bam_SJSO3:TCAGCAAGTAATCCCTx-M1,0.0,0.6756935451520195,0.8781618762437202,0.006611915619268896,0.0,0.10646585161741996,0.845058026059072,0.17485683897419466,0.0,0.46875444400696115,0.0,0.6237582399350429,0.0,0.0,0.4736810296082306,0.2578738559813193,0.4272061937054541,0.0,0.0,1.0,0.45393566943769265,0.3898175898989006,0.1041916732031384,0.5907419506742232,0.0,0.0,0.22042469262054729,0.1825822262112547,0.14097352961232582,0.0,1.0,0.0,0.17460790032244733,0.21886857717684102,0.5563032129975661,0.2428534875825103,0.3123130430488191,0.0,0.29675052796212403,0.8489302607478921,0.11303456848270628,0.5106095555330411,0.0,0.20712171803840237,0.0021933653806479204,0.11710481399720112,0.0,0.0,0.1876098731295896,0.15626058391276693,0.0,0.003756233807703178,0.7019551130133816
gex_possorted_bam_SJSO3:TCAGCGATCCGCCAAAx-M1,0.0,0.7496547260239644,1.0,0.3851417555809956,0.0,0.1389580164604122,1.0,0.02462934349908511,1.0,0.4783795611808467,1.0,1.0,1.0,1.0,0.0,1.0,1.0,0.8290255307430281,1.0,0.0,0.0,0.0,0.0,0.0,1.0,0.5628914991107646,1.0,1.0,0.4740737047130439,0.9023313079804738,1.0,0.0,0.0,0.31005672724282857,1.0,0.0,1.0,0.0,0.0,1.0,0.03354644023182054,1.0,1.0,1.0,0.0,0.27575883329296047,1.0,1.0,0.6888755960231001,0.04892927768864801,1.0,0.42753499347126267,0.0
gex_possorted_bam_SJSO3:TCAGCGATCAGGTTTAx-M1,0.0,0.3842688860298753,0.8381165266851152,0.06715921699679203,0.0,0.0,1.0,0.0,1.0,0.0,1.0,0.3338247570549707,1.0,1.0,0.0,1.0,0.8996656127109506,0.05956166736490596,0.9356006017858006,0.0,0.0,0.0,0.0,0.0,1.0,0.11757456741088991,1.0,0.05549957931067317,0.7234327925658909,0.22300618905644673,0.9710856423542222,0.20256243987971154,0.0,0.1291154229977308,1.0,0.0,1.0,0.0,0.0,1.0,0.0,1.0,1.0,1.0,0.0,0.02801377877709945,1.0,1.0,0.2067784524607798,0.0,0.8011494235414145,0.10613577962523149,0.0
gex_possorted_bam_SJSO3:TCATCCATCGCTAGATx-M1,0.0,0.05589973595195015,0.1522069030663215,0.0,0.0,0.0,0.0,0.04000626628768622,0.0,0.06824847758471458,0.0,0.0,0.0,0.0,0.06374782801455224,0.0,0.25657350659194256,0.0,0.0,1.0,0.30217434706737656,0.38921392475040645,0.013511933280234405,0.5398464488331827,0.0,0.0,0.3387117525633342,0.0,0.0,0.0,0.4430551351845178,0.0,0.03544469694506133,0.008508669358750193,0.3420114101424794,0.021787898276169643,0.13977621907202178,0.0,0.03420902909956695,0.4183831405849008,0.0,0.11454351727866614,0.0,0.0,0.0,0.0,0.0,0.0880852282291323,0.0,0.0,0.0,0.0,0.5086414638691306
gex_possorted_bam_SJSO3:TCATGTTTCCATAATGx-M1,0.027476705822486566,0.0,0.0503838081987308,0.0,0.1935461539584535,0.1449919791250066,0.0,0.02031217836358101,0.0,0.04333225405276493,0.5322099326953738,0.0,0.0,0.0,0.12123405047280471,0.0,0.5503759620162358,0.4631456784876139,0.0,1.0,0.545455461049197,0.6832449248020389,0.14697236042589717,0.7177039452245411,0.0,0.0,0.2985959330814901,0.0,0.0,0.0,0.39634772370673466,0.06206494601462286,0.14146916067007287,0.03008604248117798,0.2615903839687283,0.09000354719452039,0.0,0.027760413528623143,0.057421467022206324,0.25877290790393387,0.0,0.0,0.0,0.0,0.0,0.061194910768533145,0.0,0.05393120995448928,0.0,0.009725070651235082,0.0,0.0,0.9116635145565728
gex_possorted_bam_SJSO3:TCAGGTCCAGCATGTCx-M1,0.0,0.0694192794508126,0.30807978586179346,0.0,0.0,0.0,0.3233360149273892,0.03860407262219017,0.0,0.0,0.13038415222284302,0.14087125127627886,0.0,0.0,0.1775416194968367,0.16422248533296174,0.6986744551989589,0.1259860092338083,0.0,1.0,0.0,0.21286049614749875,0.0,0.4530272808880954,0.0,0.0,0.27916950044909394,0.0,0.0,0.0,0.17484449492700896,0.0,0.0,0.21125363084405166,0.39859652178851823,0.0028507360126938017,0.05124303856254637,0.0,0.0930793898049077,0.4434763840445222,0.14779902418326116,0.5609024284185388,0.0,0.0,0.0,0.0,0.0,0.1701156814812242,0.0,0.0,0.0,0.0,0.13438622437201597
gex_possorted_bam_SJSO3:TCCATGCTCAGGTTTAx-M1,0.15271894897229313,0.0,0.0,0.0,0.3978472421248272,0.652065391944412,0.0,0.0,0.0,0.0,1.0,0.0,0.0,0.0,0.0,0.0,1.0,1.0,0.05240731374313231,0.8158625665003599,0.7629544682824347,0.8937878630185919,0.23854410372982676,0.8164696309311382,0.0,0.0,0.367320472003067,0.0,0.0,0.11948463105031168,0.0,0.2568819469367738,0.20262588946201257,0.0,0.24721284526689022,0.061919725784126786,0.0,0.11551746164603119,0.014642702254148002,0.0,0.0,0.0,0.0,0.0,0.1427400725474785,0.03479093669653262,0.0,0.26786454886788086,0.0,0.0,0.0,0.08395104381128517,0.99394504967214
gex_possorted_bam_SJSO3:TCCAGGTCAAACCCTAx-M1,0.13683975071497304,0.5446352887330211,1.0,0.22627507412003872,0.9249442713757775,1.0,1.0,0.533745621256351,0.545550119865608,0.7430221337875438,0.9555706086204986,0.0,0.23424971031496333,0.054946919857735935,0.34598757442954636,0.21165135605764665,1.0,1.0,0.0,1.0,0.8631573722259497,0.8435623610646761,0.33310296206620243,0.5966319852300219,0.10305342918287176,0.15580467834769435,0.4712478965012606,0.30259545605729604,0.28798143757846595,0.12982891935877858,1.0,0.3288023260139033,0.3643778086109319,0.22008045045162802,0.4140584763028782,0.34473955900644204,0.0,0.171759989981516,0.48061941883607007,0.6710922317901297,1.0,0.08627997760252988,0.029050462796741033,1.0,0.31488883654040617,0.31811413379464787,0.5246292740644798,0.0,0.4167668289020976,0.5856598693718087,0.0,0.12187592377799378,1.0
gex_possorted_bam_SJSO3:TCCAGGTCAGGATAACx-M1,0.0,0.8796099625637388,1.0,0.07296117100316243,0.05468756774496971,0.3030676069462922,1.0,0.28789757600118,0.0,0.8659583551465715,0.0,0.609084178397455,0.0,0.0,0.5786448802311095,0.4021039583613305,0.2844222520665209,0.0,0.0,1.0,0.45561225450301746,0.4849398381232621,0.12678797224508617,0.6236956976393074,0.0,0.0,0.10496028380631695,0.3679923019026076,0.20649177370108576,0.04184213883859943,1.0,0.0,0.1874001888699085,0.3427053134483936,0.45776999858024897,0.37740923563231077,0.4447246388101251,0.007399252112656653,0.3599871762223033,1.0,0.11545470014679757,0.4728934088997726,0.0,0.913679015185868,0.12225163946589472,0.21967116512917015,0.0,0.0,0.3243578463940541,0.41344992607969727,0.13950794712157596,0.07362838330940419,1.0
gex_possorted_bam_SJSO3:TCCACAACATAGACCCx-M1,0.06613022192924507,0.2761282352875468,1.0,0.06107534797910785,0.7963747463012834,1.0,0.0,0.0831743269625158,0.0,0.6974240577906645,0.8319348350242373,0.0,0.004713853733473954,0.0,0.42133610231595464,0.06600192235656946,1.0,0.8581107480030157,0.0,1.0,0.8504830222228765,0.9801369380180408,0.26139374509807534,0.8013750088478752,0.0,0.02317633839217897,0.23601676163105378,0.2516746563740439,0.0,0.27550028311136227,1.0,0.19023232765398607,0.3027361595726581,0.07879725226800796,0.19469277227144424,0.2965332497155674,0.0,0.02803593026537452,0.2712588206523762,0.5928895188653689,0.0,0.0,0.0,1.0,0.37255561935034076,0.20013414495631685,0.14334582560329265,0.0,0.29677670812707857,0.5777153413178684,0.0,0.14217123761841038,1.0
gex_possorted_bam_SJSO3:TCCGGAATCCGTTATTx-M1,0.0215459308715464,0.0,0.19719604285521813,0.0,0.35831113775425427,0.20925888293343223,0.0,0.0,0.0,0.0,0.7287143596436008,0.0,0.0,0.0,0.01660790224554075,0.0,0.8109608402093695,0.7834088171329648,0.0,1.0,0.7390066016261336,0.7894966437276143,0.16430965251726096,0.7230122799901816,0.0,0.0,0.4030874805239785,0.0,0.0,0.0,0.09568488940312711,0.10746138600266819,0.18346015391441467,0.0,0.21928818114556584,0.0,0.0,0.0,0.0,0.06275328700767606,0.0,0.0,0.0,0.0,0.10035264697611428,0.0,0.0,0.21112867632903168,0.0,0.04009575672823798,0.0,0.0,1.0
gex_possorted_bam_SJSO3:TCATTACTCTCCATGCx-M1,0.0,0.0,0.0,0.0,0.0,0.0,0.6519877878850272,0.0,1.0,0.0,0.9953957778541973,0.4591616282050983,0.1595130344307342,1.0,0.0,1.0,0.9456157070939566,0.30174419126843693,0.6704610683293255,0.0,0.0,0.0,0.0,0.0,1.0,0.03243002415162082,1.0,0.006005638701718363,0.04118218511271781,0.0,0.0,0.0,0.0,0.0,1.0,0.0,1.0,0.0,0.0,1.0,0.0,1.0,0.9697438933107684,0.5888324066659306,0.0,0.0,1.0,1.0,0.0,0.0,0.22888390101019065,0.0,0.0
gex_possorted_bam_SJSO3:TCCCGGACAAGGTGGCx-M1,0.0,0.4049090284192189,1.0,0.05961249629158128,0.0,0.0,1.0,0.0,1.0,0.0,1.0,1.0,0.6593903812499475,1.0,0.0,1.0,1.0,0.0,0.8855115593409,0.0,0.0,0.0,0.0,0.0,1.0,0.167654436678346,1.0,0.29643129901331433,0.40161517304910965,0.10453804048316194,1.0,0.0,0.0,0.08786231311321434,1.0,0.0,1.0,0.0,0.0,1.0,0.0,1.0,1.0,1.0,0.0,0.010045100427169959,1.0,1.0,0.17344605245828576,0.0,0.5115796290471099,0.110167762370549,0.0
gex_possorted_bam_SJSO3:TCCATGCTCTTAGCCCx-M1,0.06887235279353794,0.0,0.12005956551947229,0.0,0.6342344342841545,0.6756025245908718,0.0,0.0,0.0,0.0,1.0,0.0,0.0,0.0,0.04220955614326032,0.0,1.0,1.0,0.0,1.0,0.7690292835708813,0.9580898491167825,0.1995198827391132,0.7916272930001973,0.0,0.0,0.3686278453495908,0.0,0.0,0.09081662338424727,0.0,0.23947163138573516,0.20138556970470914,0.0,0.13702482673071315,0.029863765126179,0.0,0.03387030319723179,0.013246248801911942,0.0,0.0,0.0,0.0,0.0,0.1989353610804581,0.0,0.0,0.25600343521607993,0.0,0.041959927973373716,0.0,0.015724678807414818,1.0
gex_possorted_bam_SJSO3:TCCATCATCGAGGAACx-M1,0.0,0.0,0.8079903434917526,0.0036273286775000283,0.7141272755891509,0.5245824249327524,1.0,0.3938987668513734,0.6875657676601495,0.0,1.0,0.0,0.07706028512285208,0.06811459200019403,0.0,0.0,1.0,1.0,0.09168899557610932,1.0,0.5678101279194472,0.5832484058531288,0.05852240008416062,0.20702738455619996,0.19227405734426184,0.0,1.0,0.0,0.1366123260064449,0.0,0.0,0.6012194552737494,0.07152527765345586,0.0,0.6383448137254416,0.0,0.1001508002076357,0.0,0.07345244156776069,0.4517565267464658,0.8003551443900515,0.05614723068844855,0.0,1.0,0.0,0.059196870948182066,0.578110963847399,0.7017969373850735,0.010254482614536155,0.016092190343588192,0.0,0.0,1.0
gex_possorted_bam_SJSO3:TCCCGGACAGGTTACCx-M1,0.0,0.8740895504139301,1.0,0.23694057228124304,0.0,0.07061794901218911,1.0,0.0,1.0,0.2196442278847707,1.0,1.0,1.0,1.0,0.0,1.0,1.0,0.7461305569391791,1.0,0.0,0.0,0.0,0.0,0.0,1.0,0.3378629891398684,1.0,0.7955838230461213,0.4069735558022215,0.30045162021189753,1.0,0.0,0.0,0.20521701688441402,1.0,0.0,1.0,0.0,0.0,1.0,0.004362387935091982,1.0,1.0,1.0,0.0,0.09669249818822236,1.0,1.0,0.41045544400347506,0.0,0.861831940296876,0.2534988858483431,0.0
gex_possorted_bam_SJSO3:TCATTGTTCATCACTTx-M1,0.047157664643053376,0.0,0.18229984325701967,0.0,0.5498668887800393,0.31822018148890435,0.0,0.0,0.0,0.0,1.0,0.0,0.0,0.0,0.0,0.0,1.0,1.0,0.0,1.0,0.7340832310178848,0.7927928854780675,0.19265776897833378,0.6991419431018482,0.0,0.0,0.48184259707790983,0.0,0.0,0.022488020948982484,0.0,0.2992804664955543,0.19691186974016323,0.0,0.19662928478085115,0.0,0.0,0.050839441994072525,0.0,0.0,0.03528914897569596,0.0,0.0,0.0,0.1488873899551488,0.0,0.0,0.30113387712062967,0.0,0.1061493426698378,0.0,0.0,1.0
gex_possorted_bam_SJSO3:TCCGGTAAGGCCATCAx-M1,0.0,0.06485855809748176,0.4843039944714202,0.0,0.0,0.0,0.6344504175750256,0.0,1.0,0.0,1.0,0.15645810450738182,0.7485711074422492,1.0,0.0,1.0,0.8865351814338858,0.14768388303436922,0.836174112240873,0.0,0.0,0.0,0.0,0.0,1.0,0.049569831386726174,1.0,0.0,0.589298149449828,0.0,0.12404742385141662,0.03713849973651466,0.0,0.04731568989732855,1.0,0.0,1.0,0.0,0.0,1.0,0.0,0.9960674102842204,0.8657543111515883,1.0,0.0,0.0,1.0,1.0,0.0,0.0,0.5908324385933146,0.0,0.0
gex_possorted_bam_SJSO3:TCCGGTAAGCTTAGTAx-M1,0.0,0.4033107383420921,0.0,0.0,0.0,0.0,0.5006203819539486,0.06501262239744941,0.0,0.0924107931580481,0.11777106549189545,0.6265088678294892,0.0,0.0,0.23211606682448557,0.1380779636423699,0.719923450815842,0.0,0.0,1.0,0.17273954239660047,0.1638118274935888,0.0,0.5014883376498142,0.0,0.0,0.32178889152486295,0.0,0.0,0.0,0.27232924330806024,0.0,0.009542743329721727,0.09614108626877649,0.5504684271695621,0.02731539107472171,0.03249620236442034,0.0,0.13154520818673698,0.5181776361078675,0.13865866736006133,0.7982628212864451,0.0,0.0,0.0,0.0,0.0,0.1901129396235052,0.0,0.0,0.0,0.0,0.0
gex_possorted_bam_SJSO3:TCCCTGGTCCACCCTGx-M1,0.058885022770018725,0.0,0.0,0.0,0.3907523608156141,0.1524832332437709,0.0,0.0,0.0,0.0,0.9074986727599691,0.0,0.0,0.0,0.0,0.0,0.9376016153212194,1.0,0.0,1.0,0.6055663214298154,0.680138201184259,0.1529150062380616,0.6141320982759465,0.0,0.0,0.5259673766338204,0.0,0.0,0.0,0.0,0.20911474770907326,0.15852148224114884,0.0,0.2795376205156695,0.0,0.0,0.038332192964444615,0.0,0.0,0.007544442455769984,0.0,0.0,0.0,0.08538644391081483,0.0,0.0,0.31639832130524553,0.0,0.0,0.0,0.0,0.9846601413826773
gex_possorted_bam_SJSO3:TCCAGGTCAGCAATAAx-M1,0.03773614829325818,0.0,0.18602271601073028,0.0,0.6332827184008871,0.7239295991538441,0.0,0.0,0.0,0.09260277189449585,1.0,0.0,0.0,0.0,0.06431621310529016,0.0,1.0,1.0,0.0,1.0,0.7677156949463573,0.9281188113927294,0.20861012820700467,0.7942563964317306,0.0,0.0,0.3693571336357651,0.0,0.0,0.12258537602519867,0.0020567543211013513,0.27828542803663914,0.18563116631884918,0.0,0.1287501042105081,0.04708574379820717,0.0,0.016669623008856892,0.03356059635232581,0.0,0.0,0.0,0.0,0.0,0.2268166283099239,0.0,0.0,0.14283534325990585,0.0,0.1942312185431453,0.0,0.0,1.0
gex_possorted_bam_SJSO3:TCATTGCGTCAATAGTx-M1,0.0,0.0,0.139556576477919,0.0,0.0,0.0,0.5343229796425675,0.0,0.935689101757646,0.0,1.0,0.29953969470402225,0.023153896900361556,0.9453204190458239,0.0,1.0,0.9137597369844633,0.0,0.4022966202383901,0.0,0.0,0.0,0.0,0.0,0.8980915144545645,0.0,1.0,0.0,0.023290393224069356,0.0,0.0,0.0,0.0,0.0,1.0,0.0,1.0,0.0,0.0,1.0,0.0,1.0,0.8649327475440609,0.8322463462793253,0.0,0.0,0.8381954590711621,1.0,0.0,0.0,0.12338933580097372,0.0,0.0
gex_possorted_bam_SJSO3:TCCATCATCACACAGTx-M1,0.038117701048804666,0.0,0.001940710328741192,0.0,0.3361120434417796,0.2338613951690108,0.0,0.0,0.0,0.0,0.8748672869089021,0.0,0.0,0.0,0.0,0.0,0.9115095072836438,1.0,0.0,1.0,0.7244414771376122,0.7901841059579076,0.14439996036405156,0.7522637421613665,0.0,0.0,0.40678777219461926,0.0,0.0,0.0,0.0,0.18547797669996705,0.17203392938835696,0.0,0.24141010330117726,0.0,0.0,0.0006595370383431702,0.0,0.02960707833666559,0.0,0.0,0.0,0.0,0.1262696340980706,0.0,0.0,0.25681055125202124,0.0,0.0,0.0,0.0,1.0
gex_possorted_bam_SJSO3:TCATTGCGTTATTGCCx-M1,0.0,0.0,0.0,0.0,0.15372270609655064,0.0,0.0,0.0,0.0,0.0,0.7292587114287904,0.0,0.0,0.0,0.0,0.0,0.7026723888816513,0.6849267682249582,0.0,0.6490377473262509,0.3531726375192586,0.48639496327072074,0.08811148929947835,0.48422126231911383,0.0,0.0,0.5428872085167575,0.0,0.0,0.0,0.0,0.0063228030654742815,0.07459000375808587,0.0,0.3598564458854092,0.0,0.0,0.0,0.0,0.02361818289660124,0.0,0.0,0.0,0.0,0.0,0.0,0.0,0.48683455178207125,0.0,0.0,0.0,0.0,0.5007790136561159
gex_possorted_bam_SJSO3:TCATTGCGTTCAAGCAx-M1,0.010564376495183252,0.0,0.9427105925450144,0.0,0.3192343482615647,0.3973464194146716,0.552899711911917,0.32440915439734364,0.15263123020141597,0.07521713759189076,0.7444699976453819,0.0,0.0,0.14263236118030842,0.051485845494752734,0.0,1.0,1.0,0.0,1.0,0.7216722754213883,0.6365405850813124,0.1146495397012855,0.5540376220318615,0.0,0.0,0.5170426762310167,0.2192379017386716,0.0,0.0,0.0,0.3386961062102915,0.24361474208121683,0.0,0.37424534765898176,0.06852448802297327,0.0,0.013464811617327344,0.16529502165879514,0.207101672296016,0.6835978641368192,0.0,0.0,0.26572858216228845,0.24636208177555952,0.0,0.32042627104531624,0.2991354378609157,0.0,0.130235882029936,0.0,0.0,1.0
gex_possorted_bam_SJSO3:TCATTGTTCCAGCACAx-M1,0.055990985845876286,0.0,0.0,0.0,0.42564177618359356,0.4507692242776497,0.0,0.0,0.0,0.0,1.0,0.0,0.0,0.0,0.0,0.0,1.0,1.0,0.0,1.0,0.6072120112557848,0.842131060683611,0.18608558950274015,0.6567134522328042,0.0,0.0,0.4192746704128284,0.0,0.0,0.0,0.0,0.21983350573897986,0.14279304226043113,0.0,0.1623191402703135,0.0,0.0,0.05898009225920983,0.0,0.0,0.0,0.0,0.0,0.0,0.06234349096873638,0.0,0.0,0.3503825275121446,0.0,0.0,0.0,0.0,1.0
gex_possorted_bam_SJSO3:TCCCGGACAAGGCCAAx-M1,0.046299953526209525,0.0,0.21795600499574247,0.0,0.7239661721904662,0.5313365241329259,0.0,0.0,0.0,0.019990644950778787,1.0,0.0,0.0,0.0,0.006126704781864938,0.0,1.0,1.0,0.0,1.0,0.6421234350176434,0.801776096806709,0.23466298269163496,0.6056473534327877,0.0,0.0,0.47940624600900106,0.0,0.0,0.12643717684182568,0.0,0.3297683917044882,0.1581151423470785,0.0,0.22392358361173492,0.010218018176419529,0.0,0.035850990001778375,0.0,0.0,0.1384165118507272,0.0,0.0,0.0,0.16579077976040726,0.0,0.0,0.3270734942572613,0.0,0.2367482145685877,0.0,0.01324487122368676,1.0
gex_possorted_bam_SJSO3:TCCGGTTTCACGTTAAx-M1,0.0,0.09335670330199795,0.23346579565163136,0.0,0.0,0.0,0.8184209585682727,0.0,0.3027399997005049,0.0,1.0,0.9099128891635048,0.0,1.0,0.0,1.0,1.0,0.6162797001600269,0.5810992770616774,0.0,0.0,0.0,0.0,0.0,0.4646519761402384,0.0,1.0,0.0,0.0,0.0,0.0,0.0,0.0,0.0,1.0,0.0,1.0,0.0,0.0,1.0,0.13256207674921655,1.0,0.3067307457870272,0.20905868998125723,0.0,0.0,0.2585420344763286,1.0,0.0,0.0,0.0,0.0,0.0
gex_possorted_bam_SJSO3:TCCCTCACAATAACCTx-M1,0.058174510081137706,0.0,0.0,0.0,0.29877854134504556,0.24313908665708706,0.0,0.0,0.0,0.0,1.0,0.0,0.0,0.0,0.0,0.0,0.894358528646673,1.0,0.0,1.0,0.608683266709853,0.7768862791152902,0.15080285739987973,0.6805259949513075,0.0,0.0,0.381277560677763,0.0,0.0,0.0019066116597528573,0.0,0.0676821479437327,0.15386917133415445,0.0,0.21028477825583136,0.0,0.0,0.025589211247142318,0.0,0.0,0.0,0.0,0.0,0.0,0.017540486726374767,0.0,0.0,0.33398825215828365,0.0,0.0,0.0,0.0,0.9089180039548229
gex_possorted_bam_SJSO3:TCCGCCATCAATCTAGx-M1,0.0,0.32788366708306993,0.16369879689804487,0.0,0.0,0.0,0.39710423500568115,0.07281959826742852,0.0,0.13171347447840517,0.0,0.5454531157427112,0.0,0.0,0.23045337803156296,0.0,0.18321246561856117,0.0,0.0,1.0,0.1695557393937047,0.1905422973886572,0.0,0.43609944838931847,0.0,0.0,0.38655261867231394,0.0,0.0,0.0,0.5327284027845094,0.0,0.03363813368684425,0.1336782130142097,0.590514654747744,0.04212996815898728,0.2531333429411221,0.0,0.11456107790353243,0.5883149714877982,0.09464356063656183,0.5053552590183702,0.0,0.0,0.0,0.0,0.0,0.0,0.0,0.0,0.0,0.0,0.29129238464772267
gex_possorted_bam_SJSO3:TCATTACTCGTTCACCx-M1,0.14346490945791776,0.18548234621723605,1.0,0.13340608672619186,0.8490592187061977,1.0,0.2075237649614728,0.0967658225664052,0.056581766172698736,0.5748409506868991,1.0,0.0,0.26068924119166387,0.009799086824041337,0.33430559411462774,0.4349719419070224,1.0,1.0,0.0,1.0,0.755920881617266,0.7765677875645416,0.30076621680582294,0.5700456645501492,0.19274110770400438,0.14881645062691162,0.5686294304379536,0.26738610647306776,0.0,0.3367636471181974,1.0,0.37889968299371257,0.27973522216949703,0.07723679413194753,0.5489395191835355,0.24022557689105167,0.4128103951025994,0.0718721643677855,0.23518185073181994,0.6670568853441755,0.1511942911518619,0.18668945055514902,0.29690635544049,1.0,0.3642271631017357,0.20434750459501527,0.5221852786791938,0.5668751778128288,0.3102752760621446,0.5539308730173135,0.05766564238982688,0.21203897489644286,1.0
gex_possorted_bam_SJSO3:TCCCTCACACCTCAGGx-M1,0.0,0.0,0.3379724596960146,0.0,0.10238734536178291,0.12373740629705432,0.0,0.03248989319896204,0.0,0.03436223410688876,0.47964898517558563,0.0,0.0,0.0,0.16075725091662588,0.0,0.8290083143059147,0.3951051804075688,0.0,1.0,0.5802526987131245,0.5882282140288106,0.10871430932237028,0.6793172581350344,0.0,0.0,0.359496786907906,0.0,0.0,0.0,0.5239512932265571,0.0,0.14205524583011736,0.0,0.32450082302149297,0.0417256737768438,0.0,0.0,0.09857900851938217,0.3341969067087068,0.0,0.02023324892567836,0.0,0.0,0.08137066321886761,0.0,0.0,0.08528972906365792,0.0,0.005514656863485615,0.0,0.0,0.9350650475358809
gex_possorted_bam_SJSO3:TCCAGGTCATCCTGAAx-M1,0.0,0.0,0.4091848520803442,0.0,0.0,0.0,0.7572959861366821,0.0,1.0,0.0,1.0,0.46424074377992863,0.20995454156492063,1.0,0.0,1.0,1.0,0.14929773673051094,0.5477193357649693,0.0,0.0,0.0,0.0,0.0,1.0,0.019470355440168802,1.0,0.004496146648855858,0.14186951025154193,0.0,0.08695883322141257,0.0,0.0,0.0,1.0,0.0,1.0,0.0,0.0,1.0,0.0,1.0,0.8910739162257161,1.0,0.0,0.0,1.0,1.0,0.0,0.0,0.22322513669273086,0.0,0.0
gex_possorted_bam_SJSO3:TCCATGCTCCTGCGAAx-M1,0.0,0.277858642127012,1.0,0.03714842633077186,0.0,0.0,1.0,0.0,1.0,0.037523158223174057,1.0,1.0,0.45003661824850916,1.0,0.0,1.0,1.0,0.3116969170199474,0.9842207857892004,0.0,0.0,0.0,0.0,0.0,1.0,0.1158294530156552,1.0,0.16935221147957516,0.1377737788486018,0.0,0.7515856608971033,0.0,0.0,0.0,1.0,0.0,1.0,0.0,0.0,1.0,0.013654145869400145,1.0,1.0,1.0,0.0,0.0,1.0,1.0,0.13423754646653835,0.0,0.42896547562634074,0.08505985316781461,0.0
gex_possorted_bam_SJSO3:TCCGGTAAGAAGGTGCx-M1,0.0,0.0,0.0,0.0,0.0,0.0,0.0666735686904005,0.0,0.6183811455747097,0.0,1.0,0.0,0.0,0.8581641323025919,0.0,0.8622866255229927,1.0,0.6241188884020836,0.410568485059404,0.0,0.0,0.0,0.0,0.0,0.5506582320095759,0.0,1.0,0.0,0.0,0.0,0.0,0.0,0.0,0.0,1.0,0.0,1.0,0.0,0.0,0.7095550516898949,0.0,1.0,0.35459555620944155,0.0,0.0,0.0,0.3765984802533714,1.0,0.0,0.0,0.039747432014613227,0.0,0.0
gex_possorted_bam_SJSO3:TCCATCATCACTCAAAx-M1,0.04892161916423299,0.0,0.02972656592601386,0.0,0.35661486324992997,0.40634372301509153,0.0,0.0,0.0,0.0,1.0,0.0,0.0,0.0,0.0,0.0,0.9927226223473125,1.0,0.0,1.0,0.6133474997113445,0.8087785477293318,0.13898617913153125,0.6483355368538739,0.0,0.0,0.36474635799507366,0.0,0.0,0.0,0.0,0.0,0.13515367940260936,0.0,0.15384199465339943,0.0,0.0,0.04472513926762311,0.08472157650250053,0.0,0.0,0.0,0.0,0.0,0.024455356387124007,0.0,0.0,0.12187618869678181,0.0,0.0,0.0,0.0,0.9244453278461225
gex_possorted_bam_SJSO3:TCCACAACAGTGAACGx-M1,0.06573784647358784,0.0,0.6178246945289628,0.0,0.4675503696275232,0.4657275451051506,0.0,0.0,0.0,0.0,1.0,0.0,0.0,0.0,0.07298964535795525,0.0,1.0,1.0,0.0,1.0,0.8596700302828745,0.8890917704427123,0.18257229912955975,0.7954055560857108,0.0,0.0,0.4056645855048733,0.0,0.0,0.04886831389153303,0.0,0.38391202449331446,0.25957894130391246,0.0,0.17225072787648799,0.007518477735020509,0.0,0.03831232311607619,0.03818729530647227,0.0,0.016998730129866392,0.0,0.0,0.0,0.22021013202676376,0.0,0.0,0.1806051704837871,0.0,0.09332410339250638,0.0,0.0,1.0
gex_possorted_bam_SJSO3:TCCCGTTAGCGCATTGx-M1,0.0,0.0,0.0,0.0,0.0,0.0,0.12393595883229391,0.0,0.5144720987018295,0.0,0.8924279534876649,0.11351542715297494,0.1717106662423892,1.0,0.0,1.0,0.7380075723365874,0.32620556831093905,0.6201327569901646,0.0,0.0,0.0,0.0,0.0,1.0,0.0,1.0,0.0,0.38570106430557827,0.0,0.0,0.01576734259996929,0.0,0.03496254770140475,1.0,0.0,1.0,0.0,0.0,0.9981728461152048,0.002202139944627024,0.9314492618273078,0.5437788284385098,0.0,0.0,0.0,0.8099305005710891,1.0,0.0,0.0,0.4079802946773926,0.0,0.0
gex_possorted_bam_SJSO3:TCCATGCTCTACTAAGx-M1,0.07903778822343774,0.0,0.007324359036840911,0.0,0.3529410955744462,0.7778359964777523,0.0,0.0,0.0,0.0,1.0,0.0,0.0,0.0,0.058660764856570125,0.0,1.0,1.0,0.0,1.0,0.8212567473955618,0.903846580030168,0.1793811223599241,0.7996449358414897,0.0,0.0,0.4007861305170497,0.0,0.0,0.028489733906963827,0.4239218270812339,0.0933342764470061,0.20310325961494982,0.0,0.19817364208833013,0.07700972876528685,0.0,0.02567106349081178,0.04509437668960792,0.07931902821982975,0.0,0.0,0.0,0.0,0.20350961915517968,0.03880857824391575,0.0,0.10943160944476318,0.0,0.023042486692300756,0.0,0.03954366717096713,1.0
gex_possorted_bam_SJSO3:TCCATATTCCCTCATAx-M1,0.0,0.1444167197409363,0.0,0.0,0.0,0.0,0.0,0.06485068932854361,0.0,0.0,0.20260700258188633,0.26922254009208757,0.0,0.0,0.15875678860289977,0.0,0.6701756727605713,0.10966475533818128,0.0,1.0,0.27279673159731055,0.37747008179580155,0.125255623315857,0.6035106740980978,0.0,0.0,0.31349825828584227,0.0,0.0,0.0,0.017192734708648377,0.0,0.07904595065919894,0.10852845390493063,0.37169119649947674,0.033175964584099236,0.2070195573970614,0.15216963675475587,0.07642153633582893,0.25673806884519157,0.10998976704907865,0.6579773919379985,0.0,0.0,0.08417550628655042,0.0,0.0,0.35659401270585755,0.0,0.0,0.0,0.0,0.4142909593470924
gex_possorted_bam_SJSO3:TCCCTCACATGTGGGAx-M1,0.015352749930852257,0.0,0.005300577576760846,0.0,0.4116892314391645,0.24951413729663344,0.0,0.0,0.0,0.0,0.9759845872446473,0.0,0.0,0.0,0.03645993814479427,0.0,1.0,1.0,0.0,1.0,0.6217846736633951,0.7103496897691417,0.14942995859521893,0.6373827642383395,0.0,0.0,0.43380142487734524,0.0,0.0,0.0,0.0,0.09164056319729172,0.13175515609414334,0.0,0.21272734850701083,0.0,0.0,0.003376273103153414,0.0,0.0,0.0,0.0,0.0,0.0,0.039820704379386694,0.0,0.0,0.2809077172997107,0.0,0.0,0.0,0.0,0.7964586993407013
gex_possorted_bam_SJSO3:TCCATATTCTAACCAAx-M1,0.0,0.5802158318236608,0.7350337560311134,0.0,0.0,0.04350405192762464,1.0,0.0,0.0,0.0,1.0,1.0,0.0,1.0,0.0,1.0,1.0,1.0,1.0,0.0,0.0,0.0,0.0,0.0,0.39219732964365434,0.0,1.0,0.06413530333525612,0.0,0.0,0.0,0.0,0.0,0.0,1.0,0.0,1.0,0.0,0.0,1.0,0.3375274344043353,1.0,0.0,0.23939648236545447,0.0,0.0,0.026700285264875,1.0,0.0,0.0,0.0,0.0,0.0
gex_possorted_bam_SJSO3:TCCCTGGTCCTCGATCx-M1,0.06035568858917038,0.0,0.0,0.0,0.19122574440865345,0.20549463573857185,0.0,0.0,0.0,0.0,1.0,0.0,0.0,0.0,0.0,0.0,0.9902529927084615,1.0,0.0,0.7842679808875241,0.53772489226201,0.71908337824975,0.12031483915507593,0.6600256098711612,0.0,0.0,0.4464427973002541,0.0,0.0,0.004161398779555696,0.0,0.1387586819812858,0.107544478855519,0.0,0.2764696357084404,0.0,0.0,0.029377566377473845,0.0,0.0,0.0,0.0,0.0,0.0,0.10749091635805332,0.0,0.0,0.3814586479054847,0.0,0.0,0.0,0.0,0.8021037214164459
gex_possorted_bam_SJSO3:TCCTCTAAGCCTTAAAx-M1,0.0,0.3660386066179076,0.7398596330278265,0.14788585868502535,0.0,0.0,1.0,0.0,1.0,0.0,1.0,0.7373908074242791,1.0,1.0,0.0,1.0,1.0,0.8287782292144932,1.0,0.0,0.0,0.0,0.0,0.0,1.0,0.2665659760144754,1.0,0.38445546160137256,0.5344294164602083,0.2535070483074358,1.0,0.0,0.0,0.09854208040405313,1.0,0.0,1.0,0.0,0.0,1.0,0.0,1.0,1.0,1.0,0.0,0.03556903765947512,1.0,1.0,0.24185714839855765,0.0,0.6486267637562155,0.21296542905430632,0.0
gex_possorted_bam_SJSO3:TCGCCCATCAATGTGCx-M1,0.29631769672829866,0.0,0.0,0.10962380683440354,0.47504137909290745,0.7001800267411912,0.0,0.11388816839699821,0.0,0.05424122771316149,1.0,0.0,0.0,0.0,0.1291119949074365,0.0,0.9418964662282286,1.0,0.10674404571241344,0.8225375434449222,0.817095926215978,0.9540963387498684,0.34751782733664904,0.8355670410767139,0.0,0.02192713596015043,0.27807544074438995,0.0,0.0,0.25173970309417687,0.0,0.20420159777073238,0.29627230878804206,0.04009080782726248,0.16230365084390216,0.256724723674574,0.0,0.21962295973663742,0.1627908895312135,0.0,0.0,0.0,0.0,0.0,0.3574359107664706,0.18780893329513584,0.0,0.1583590675634196,0.06424639043993673,0.17985274966864037,0.0,0.1982445461731636,1.0
gex_possorted_bam_SJSO3:TCGCCCATCATTAGTGx-M1,0.0,0.0,0.36335081460245183,0.0,0.0,0.0,0.8276207763971082,0.0,1.0,0.0,1.0,0.39268563894088787,0.20370091015698852,1.0,0.0,1.0,1.0,0.35650557155348905,0.6352346572539755,0.0,0.0,0.0,0.0,0.0,1.0,0.024651563373086518,1.0,0.0,0.0395166263349751,0.0,0.04231516260382844,0.0,0.0,0.0,1.0,0.0,1.0,0.0,0.0,1.0,0.0,1.0,1.0,1.0,0.0,0.0,1.0,1.0,0.0,0.0,0.1480276159367952,0.0,0.0
gex_possorted_bam_SJSO3:TCCTCAATCGCCTAAGx-M1,0.08678602454251735,0.0,0.0,0.0,0.17157435570680202,0.36890320077569866,0.0,0.0,0.0,0.0,1.0,0.0,0.0,0.0,0.0,0.0,1.0,1.0,0.0,0.8366453005473793,0.701050920785222,0.7899916718293475,0.17475476172376278,0.8092205058680523,0.0,0.0,0.45610292066556607,0.0,0.0,0.0033926768984429796,0.03177285216540378,0.2940665742175112,0.17263635600922467,0.0,0.3114351888283,0.0,0.0,0.07339362704285297,0.0,0.0,0.0,0.0,0.0,0.0,0.05855741205556053,0.0,0.0,0.10010611094660354,0.0,0.0,0.0,0.04646135700806871,0.8008089953579955
gex_possorted_bam_SJSO3:TCGCTAACACTGACTAx-M1,0.0,0.93858938760999,0.7585593605834342,0.024551575108556493,0.0,0.2671600092065321,1.0,0.20852243982931407,0.0,0.575899909915528,0.0,0.9973726732024496,0.0,0.0,0.6021043762143143,0.39993148421230285,0.7633867120054543,0.0,0.0,1.0,0.38220134883775997,0.3021475687627256,0.053020011290454895,0.6709048715684897,0.0,0.0,0.09087827428469591,0.17207198103854096,0.0,0.0,1.0,0.0,0.12032328155661991,0.2579902662118121,0.5412804969070737,0.228215798365973,0.2018160314304747,0.0,0.3575330764382845,0.9659209390455574,0.1951950773144245,1.0,0.0,0.0,0.03660597000655157,0.027480665164225655,0.0,0.0,0.12791072686598406,0.09242565900229573,0.0,0.0,0.3560080078014916
gex_possorted_bam_SJSO3:TCCTAGTGTGTCCAAAx-M1,0.17516653937362162,0.5389814499703592,0.8715023348222928,0.23442094209839895,0.28894656787503203,0.6716892291161931,0.8108007001919607,0.38738711234600653,0.0,0.763925859871526,0.15838399023385374,0.10295699419488889,0.11702416598005334,0.0,0.45506452358570526,0.5695210612257632,0.44627166063465135,0.05099317176807577,0.0,1.0,0.5351081170265687,0.6972515546448472,0.2789484787484726,0.6958598622050357,0.0,0.058920358661236016,0.18379838394883208,0.4277121347592616,0.24304619625124457,0.23531012451804448,1.0,0.0,0.29322594251990547,0.2852934128632618,0.32096396668175553,0.45485413111539835,0.3198200484928564,0.14801408860066959,0.3518185315586755,0.881817710339033,0.1408625240466319,0.2517231149490733,0.04834016467583362,0.9832584850819366,0.4163625620197475,0.3148768581163712,0.0,0.06106823983997037,0.3816510051881952,0.4947587019133163,0.15906601904361786,0.21738661505220677,1.0
gex_possorted_bam_SJSO3:TCGCCCATCCTAATTCx-M1,0.07234820286884756,0.0,0.0,0.0,0.27665329376645725,0.2887397472630231,0.0,0.0,0.0,0.0,1.0,0.0,0.0,0.0,0.0,0.0,0.9450280613172182,1.0,0.0,0.6779068530236535,0.5567519376689192,0.7435190133818206,0.15944115052094734,0.6625824210628385,0.0,0.0,0.4019997845914052,0.0,0.0,0.0,0.0,0.10326192975230973,0.12294544143490073,0.0,0.2158611500081683,0.0,0.0,0.0974490057472716,0.0,0.0,0.0,0.0,0.0,0.0,0.050683774754608904,0.0,0.0,0.4144258196409396,0.0,0.0,0.0,0.027288490306429783,0.7158733686066052
gex_possorted_bam_SJSO3:TCGACAAGTCAAGACCx-M1,0.05607982419813014,0.0,0.716139741817806,0.0,0.7561243183414147,0.8635900324077556,0.008338584949129523,0.1667005317742321,0.0,0.0,1.0,0.0,0.0,0.0,0.0,0.0,1.0,1.0,0.0,1.0,0.8609264629113007,0.9166773939315352,0.1781268842195335,0.6047455494638089,0.0,0.0,0.5859668339567884,0.0,0.0,0.0,0.0,0.47669930456703924,0.21954234428190744,0.0,0.28615872645158913,0.038087570266214635,0.0,0.003664008909604539,0.07520912870166495,0.11720688133378687,0.3032230051567637,0.0,0.0,0.46646657066789743,0.16348007828766656,0.021289257276916673,0.21210775988710773,0.33450951678618035,0.0,0.11812835476554016,0.0,0.0,1.0
gex_possorted_bam_SJSO3:TCCTTGCAGCAGCTATx-M1,0.0,0.0,0.0,0.0,0.0,0.0,0.0,0.0,0.0,0.0,0.5023517292349984,0.0,0.0,0.0,0.0,0.0,0.5508640488248239,0.18667094236725035,0.0,0.2577028513827936,0.11996037056278072,0.18694271646608204,0.0,0.3160665467633653,0.0,0.0,0.6777924129970829,0.0,0.0,0.0,0.0,0.0,0.0,0.0,0.6033724650430742,0.0,0.2345553985812028,0.0,0.0,0.32536348738552673,0.0,0.26695548934329477,0.0,0.0,0.0,0.0,0.0,0.7608818746730307,0.0,0.0,0.0,0.0,0.163908667118488
gex_possorted_bam_SJSO3:TCGATTAAGAATGACGx-M1,0.0,0.0,0.0,0.0,0.0,0.0,0.0,0.013975442853404796,0.0,0.0,0.09070695487175201,0.0,0.0,0.0,0.0,0.061787426533867054,0.3054267315885094,0.0,0.0,0.45962162470407336,0.05648463975330256,0.11534469481938747,0.0,0.33126977950231706,0.0,0.0,0.5685734928809251,0.0,0.0,0.0,0.0,0.0,0.0,0.004652920857011563,0.6023018631608961,0.0,0.28985950453056974,0.0,0.0,0.436381290211303,0.0,0.43302644957131364,0.0,0.0,0.0,0.0,0.0,0.5549180976967673,0.0,0.0,0.0,0.0,0.06310456430601816
gex_possorted_bam_SJSO3:TCCTCACAGGGCTAAAx-M1,0.5249900582215727,0.7741318711601274,1.0,0.4533015034106711,0.9055189175441632,1.0,0.2620877468652071,0.544612640888351,0.1448941608633025,0.900125941518706,0.832927675349249,0.0,0.30236450578178653,0.2169573568004357,0.6689316688458634,0.1713411636584074,0.9093931086056029,1.0,0.16873442406951344,1.0,1.0,1.0,0.5943083025193282,1.0,0.16563893279991307,0.3620079413622523,0.0668214974123065,0.45603837736994646,0.5324807887630109,0.48476021902201133,1.0,0.47319879621953637,0.6327254321310352,0.444239378411489,0.18395823436766276,0.6563240634739115,0.12070178006062603,0.47017224517353573,0.6427773026633157,0.32680676306014345,0.6021704084284497,0.006044937884421295,0.27061733807047816,0.8316576612602237,0.6192111967155519,0.5602983906967453,0.30738315221502127,0.0,0.5387656147686449,0.7901866214306792,0.25052816578139786,0.48274343348556276,1.0
gex_possorted_bam_SJSO3:TCGCATTGTACCCACCx-M1,0.23049866139983716,0.0,0.41002170678146144,0.10168621181456551,0.6697381299690415,0.9477338843978511,0.0,0.12325596669443643,0.0,0.26835350476964454,1.0,0.0,0.0,0.0,0.1800466391570243,0.0,1.0,1.0,0.0,1.0,0.9836869280691434,1.0,0.3589955287569529,0.9406918264336877,0.0,0.016790030947562203,0.3393374004565884,0.031837364006735494,0.0,0.30031589195664604,0.6166410817346193,0.3997646279049738,0.33006529384075667,0.15126180756276106,0.17419499401131372,0.26464126731815973,0.0,0.18916723897632737,0.24369015699269891,0.1589228932480656,0.0008560934850117505,0.0,0.0,0.4203596132080241,0.4114659257514757,0.22566717201202674,0.0,0.0,0.11467386554461781,0.37517682031132477,0.0,0.18014960326237411,1.0
gex_possorted_bam_SJSO3:TCCTTTACACAATGCCx-M1,0.0,0.0,0.03791980409334723,0.0,0.0,0.0,0.5463977274331346,0.0,0.5670635557972945,0.0,1.0,0.5575857876542636,0.0,1.0,0.0,1.0,1.0,0.3619352444486935,0.4607053024281696,0.0,0.0,0.0,0.0,0.0,0.6046901694323489,0.0,1.0,0.0,0.0,0.0,0.0,0.0,0.0,0.0,1.0,0.0,1.0,0.0,0.0,1.0,0.0467008244050599,1.0,0.4673690276634916,0.20671388077640288,0.0,0.0,0.41731432819859315,1.0,0.0,0.0,0.06441929328874177,0.0,0.0
gex_possorted_bam_SJSO3:TCGCATTGTCAGGCATx-M1,0.0,0.0,0.0,0.0,0.0,0.0,0.587339642440263,0.0,1.0,0.0,1.0,0.37825301652469184,0.13258395647972698,1.0,0.0,1.0,1.0,0.46029779092524425,0.8062593110417379,0.0,0.0,0.0,0.0,0.0,1.0,0.00878289200273396,1.0,0.0,0.14505640254504654,0.0,0.0,0.0,0.0,0.0,1.0,0.0,1.0,0.0,0.0,1.0,0.0,1.0,1.0,0.9320621561188746,0.0,0.0,0.9028730175764105,1.0,0.0,0.0,0.23944254804087123,0.0,0.0
gex_possorted_bam_SJSO3:TCGCATTGTTACGCGGx-M1,0.0,0.0,0.8575788901492954,0.03016725424918724,0.0,0.10289453124213649,0.5726563087937193,0.15388292688503855,0.43521206228294257,0.2806247183530344,0.056263434951141174,0.0,0.0,0.0,0.14471924161582203,0.0,0.622394216103791,0.014174624868927899,0.0,1.0,0.35602986765260036,0.4791144991402523,0.11528376522834463,0.6791401715637614,0.0,0.0,0.37928716366845494,0.2400583843449222,0.4230904614871577,0.0,0.9765476841935802,0.0,0.08759563515404226,0.16082430097861822,0.49144828500464766,0.23894111425921244,0.3129852957020182,0.0,0.2272906868030582,1.0,0.2176222834995287,0.28787142400162075,0.0,0.0,0.1479763809513142,0.0070952413411003576,0.0,0.0,0.0,0.25962442155922477,0.2165455951218803,0.0,1.0
gex_possorted_bam_SJSO3:TCGCCCATCAGCTAACx-M1,0.0,0.25084325818420544,0.17315444061762492,0.0,0.0,0.0,0.36243298970225474,0.08361686177699659,0.0,0.09964924265938384,0.0,0.4476707542769544,0.0,0.0,0.21946582612499305,0.0,0.22397062972306536,0.0,0.0,1.0,0.20348237887643197,0.21732612568846033,0.0,0.45525751629867944,0.0,0.0,0.34805434279064235,0.0,0.0,0.0,0.4546722578579282,0.0,0.038226796440456096,0.0923144131927063,0.539465092461823,0.0244437504622252,0.18126599863452098,0.0,0.10404875084653048,0.5251819846206651,0.14277582862937738,0.4272045399073546,0.0,0.0,0.0,0.0,0.0,0.0,0.0,0.0,0.0,0.0,0.2634985834023092
gex_possorted_bam_SJSO3:TCCTCTAAGCTCAATAx-M1,0.04104180372504835,0.4110449864806137,1.0,0.024579846094984082,0.7921685616531523,0.8621156694947525,0.16960029218610306,0.10906819788837831,0.0,0.7285075167950266,0.5552714939784738,0.0,0.0,0.0,0.47005049651308767,0.025006288188924627,0.8981959024406163,0.45481634379190206,0.0,1.0,0.7724696354797198,0.8895301202243937,0.26838404057322257,0.7266585896267636,0.0,0.006413097706524511,0.21254825185442303,0.15979317757466438,0.0,0.1944325788377219,1.0,0.15877343498034438,0.2808213513493966,0.11522077308086275,0.24757610707386682,0.2874006953546986,0.09260062474700971,0.005244460197015798,0.2840357718085816,0.6343895784238699,0.06950657650215482,0.0,0.0,1.0,0.31935251816479737,0.18485807765035406,0.054039250824588644,0.0,0.27109208981475674,0.5617686033606861,0.0,0.09641291831302355,1.0
gex_possorted_bam_SJSO3:TCCTCACAGTTAACCAx-M1,0.0,0.22928662910776848,0.5643261968363318,0.06077409870655939,0.0,0.0,1.0,0.0,1.0,0.0,1.0,0.7834657105303579,0.4877152751824088,1.0,0.0,1.0,1.0,0.9611090183385237,1.0,0.0,0.0,0.0,0.0,0.0,1.0,0.09251464679720875,1.0,0.23742810502813017,0.2091713258798824,0.07866368397144921,0.5618032663980174,0.0,0.0,0.0,1.0,0.0,1.0,0.0,0.0,1.0,0.0,1.0,1.0,1.0,0.0,0.0,1.0,1.0,0.10823055849873343,0.0,0.30972224884141725,0.09239007338320153,0.0
gex_possorted_bam_SJSO3:TCCTCACAGTTGTCTTx-M1,0.008934055627612484,0.0,0.05296344499698024,0.0,0.2340717025945048,0.16196452358265095,0.0,0.0,0.0,0.0,0.8754263876665102,0.0,0.0,0.0,0.06325530979168617,0.0,0.9712116886105465,0.8286153976371098,0.0,1.0,0.5315193829901955,0.6096871573596834,0.11376714891891623,0.5983288177338262,0.0,0.0,0.5106968626653043,0.0,0.0,0.0,0.031439222381859186,0.033513071293999455,0.12080888005640177,0.0,0.3365916482552822,0.0,0.12359598636470247,0.00433131204270067,0.0,0.12716532824206572,0.0,0.053182600691559875,0.0,0.0,0.10385786236305695,0.0,0.0,0.5361169414093111,0.0,0.0,0.0,0.0,0.7423337637249238
gex_possorted_bam_SJSO3:TCCTGTTCATAGACCCx-M1,0.024800036925305635,0.4124305044400946,1.0,0.15923532781991814,0.0,0.8913388907079786,1.0,1.0,0.51554708442278,0.9931715569747156,0.5678750999522026,1.0,0.11899700694884217,1.0,0.424434035773599,0.20818111048259252,1.0,1.0,0.5353459571022432,1.0,0.6080613490430621,0.3120340324972753,0.252325366003413,0.47251008155267066,0.0,0.01776472122383745,0.3236191760273636,1.0,0.3894555028708357,0.03287519113863493,0.0,0.06194963871485394,0.36175171947196855,0.0,0.7198929095637311,0.4284717668906268,0.12012162870424337,0.2451706394525025,0.5660191065092463,0.44573220551613985,1.0,0.5763596836403666,0.0,0.3665706810695798,0.8250265003576323,0.0,1.0,0.5487080434667485,0.07736778006064081,0.5526393690816062,0.0,0.0,1.0
gex_possorted_bam_SJSO3:TCGCATTGTGTGAGGAx-M1,0.0,0.0,0.0,0.0,0.26432410256002387,0.0,0.0,0.0,0.0,0.0,0.6308405644019424,0.0,0.0,0.0,0.0,0.0,0.7088098830818071,0.6998389400271341,0.0,1.0,0.5460470067246693,0.6236700920359152,0.12829885761474422,0.6288409816463957,0.0,0.0,0.44006373302515894,0.0,0.0,0.0,0.0,0.0,0.117959369334341,0.0,0.21232959643524035,0.0,0.0,0.015036969017138387,0.0,0.0,0.0,0.0,0.0,0.0,0.0,0.0,0.0,0.22336787947066847,0.0,0.0,0.0,0.0,0.7750832898719827
gex_possorted_bam_SJSO3:TCGCTAACAATAGCCCx-M1,0.04694887874226336,0.0,0.0,0.0,0.29564261107834455,0.20572975404501367,0.0,0.0,0.0,0.0,1.0,0.0,0.0,0.0,0.0,0.0,0.9890208988391311,1.0,0.0,0.9999628738325024,0.554102067978689,0.7622837277130652,0.15557854289002482,0.6475664547615545,0.0,0.0,0.44262103394718316,0.0,0.0,0.0,0.0,0.17535028707945366,0.13233171653759962,0.0,0.1732105509495219,0.0,0.0,0.058652439346661395,0.0,0.0,0.0,0.0,0.0,0.0,0.05003940854707355,0.0,0.0,0.3902257292321282,0.0,0.0,0.0,0.0,0.7830043058363435
gex_possorted_bam_SJSO3:TCCTTAGTCACAGACTx-M1,0.0,0.0,0.8342785058285583,0.0,0.0,0.0,1.0,0.0,1.0,0.0,0.8857254438607832,0.7791759230878507,0.3713793939302706,1.0,0.0,1.0,1.0,0.0,0.5380618348427275,0.0,0.0,0.0,0.0,0.0,1.0,0.11573571955652479,1.0,0.17732378464183512,0.001990454675037551,0.0,0.012021630172036621,0.0,0.0,0.0,1.0,0.0,1.0,0.0,0.0,1.0,0.0,1.0,1.0,1.0,0.0,0.0,1.0,1.0,0.013784934059091173,0.0,0.4351773979847833,0.0,0.0
gex_possorted_bam_SJSO3:TCGACAAGTACCCACCx-M1,0.026433787407859153,0.0,0.0,0.0,0.4960861304833228,0.33059960502262725,0.0,0.0,0.0,0.0,1.0,0.0,0.0,0.0,0.0,0.0,1.0,1.0,0.0,1.0,0.6140557178964724,0.8014775420278384,0.18281282008022423,0.6503209980163557,0.0,0.0,0.46672689459401634,0.0,0.0,0.0,0.0,0.1858254593056574,0.1461056630682498,0.0,0.16207122032560117,0.0,0.0,0.013586514438583866,0.0,0.0,0.0,0.0,0.0,0.0,0.05043861375458758,0.0,0.0,0.3324873944209224,0.0,0.04196241209300525,0.0,0.0,1.0
gex_possorted_bam_SJSO3:TCGCCCATCTTAGTCTx-M1,0.3714784322065463,0.7479813919911361,1.0,0.3927054689535804,1.0,1.0,0.5084605194932865,0.3716630346642616,0.0,1.0,0.8360343997115138,0.0,0.35996121544695214,0.0,0.7791294324328489,0.3455217282108971,0.8817093520115342,0.8420053406169432,0.0,1.0,1.0,1.0,0.5302159004534847,1.0,0.21889455437403563,0.3120633708842817,0.046801388477840634,0.5695761742636722,0.52713002198009,0.6809670825997349,1.0,0.41294042333557185,0.529552441687835,0.39713447306171873,0.19944734885152135,0.6931750998749855,0.17835158844699558,0.3327746054680275,0.6068570454035015,0.838646505727203,0.19590804283166421,0.0,0.5105429134358364,1.0,0.6572538687091632,0.5582388511243552,0.2690679755988725,0.0,0.6538544512548047,0.969751335738164,0.3350954197992992,0.5254139044349857,1.0
gex_possorted_bam_SJSO3:TCCTTCAAGGAGCAACx-M1,0.0,0.1542935480001585,0.30882944083251723,0.024132515737551586,0.0,0.30372531115141105,1.0,0.0,1.0,0.0,1.0,0.5031038725112809,0.4418524205126182,1.0,0.0,1.0,1.0,1.0,1.0,0.0,0.0,0.0,0.0,0.0,1.0,0.13964524637725648,1.0,0.09969150562720464,0.1349816650647135,0.0,0.0,0.0,0.0,0.0,1.0,0.0,1.0,0.0,0.0,1.0,0.0,1.0,1.0,1.0,0.0,0.0,1.0,1.0,0.0,0.0,0.3618822449909786,0.01602983671994732,0.0
gex_possorted_bam_SJSO3:TCCTTCAAGGCGAATAx-M1,0.11011588339816063,0.0,0.0,0.05577571956212622,0.052600371118210205,0.0,0.0,0.08000228041236475,0.18525918780599074,0.0,0.5028210216419722,0.0,0.0,0.0,0.01715200993855968,0.005184726670259286,0.5163917282974111,0.39796380511117235,0.0,0.2696701981000486,0.28054788409674863,0.4009768685580684,0.13822295024179063,0.33422374091877083,0.0,0.0,0.5167157501653481,0.0,0.0,0.0,0.0,0.07339209051438525,0.13682916527564243,0.036875701773269536,0.423332391597597,0.02475319148461302,0.12741215269398115,0.12409249873018696,0.00284027683569577,0.18688806530793528,0.0901959049759886,0.23870038728385504,0.0,0.0,0.0,0.06126270695970781,0.0,0.5732710604014805,0.0,0.0,0.0,0.0247661523962601,0.43545601526888783
gex_possorted_bam_SJSO3:TCGCGCACAAGGACCAx-M1,0.1448484032000194,0.0,0.0,0.0,0.5475145335410343,0.7779780728693194,0.0,0.0,0.0,0.0,1.0,0.0,0.0,0.0,0.06207173923609177,0.0,1.0,1.0,0.0,1.0,0.8601913426955207,0.9806281213251973,0.24397925010721766,0.7753322667388376,0.0,0.0,0.3875623583962866,0.0,0.0,0.08665837658491807,0.0,0.20536018526431027,0.23987404918098756,0.0,0.2254581775897354,0.05435101130266703,0.0,0.09802549746399641,0.04732138966943166,0.0,0.0,0.0,0.0,0.0,0.24968656511116427,0.04169938367660359,0.0,0.23102505809492702,0.0,0.0,0.0,0.049448194271892766,1.0
gex_possorted_bam_SJSO3:TCGCCCATCTTGCATTx-M1,0.0,0.0,0.0,0.0,0.0,0.0,0.0,0.0,0.05136887674283312,0.0,0.9664343687608002,0.0,0.0,0.15526663418797673,0.0,0.16927019915258038,0.8585720766115157,0.7734103550607531,0.0,0.0,0.09273169150436994,0.11103951417210307,0.003408176606873767,0.1923121076269195,0.0,0.0,0.9036303592877707,0.0,0.0,0.0,0.0,0.09568267712261949,0.0,0.0,0.7361097846767246,0.0,0.30071254140659687,0.0,0.0,0.3207323563271,0.0,0.4684167029629398,0.0,0.0,0.0,0.0,0.0,1.0,0.0,0.0,0.0,0.0,0.010688148264187474
gex_possorted_bam_SJSO3:TCCTTCAAGTTATCTCx-M1,0.0,0.0,0.4400129981555017,0.0,0.0,0.0,0.9264704866702056,0.0,1.0,0.0,1.0,0.9698039278095468,0.248452964971494,1.0,0.0,1.0,1.0,0.0,0.5174801232823536,0.0,0.0,0.0,0.0,0.0,0.9628994594562689,0.010834090894100609,1.0,0.16313468080199545,0.21354286668731226,0.0,0.22262158461280696,0.0,0.0,0.0,1.0,0.0,1.0,0.0,0.0,1.0,0.0,1.0,1.0,1.0,0.0,0.0,0.8902375573401542,1.0,0.03235166158940919,0.0,0.2595440685129085,0.0,0.0
gex_possorted_bam_SJSO3:TCCTTCAAGGTCGAGGx-M1,0.0,0.06312181158152427,1.0,0.013412269393284465,0.40288881124158854,0.3102223451930031,1.0,0.2906027129659694,1.0,0.0,1.0,0.0,0.3329949861668498,0.5753656204575273,0.0,0.6279703389483642,1.0,1.0,0.5031844420062235,0.9796357883641073,0.08692157677549461,0.0022087502444254645,0.0,0.0,0.9508042423492415,0.05496014460202722,1.0,0.0,0.31914496170369383,0.0,0.03494907710564498,0.47659970606603974,0.0,0.0,1.0,0.0,1.0,0.0,0.0,1.0,0.6565073355061188,0.9686961118884471,0.5046454442921285,1.0,0.0,0.027344982185629807,1.0,1.0,0.047298852250770955,0.011337298089657893,0.0,0.0,1.0
gex_possorted_bam_SJSO3:TCGCTAACACCATATGx-M1,0.0,0.8870315965389644,0.9203621099856794,0.02514221530676275,0.0,0.0,1.0,0.2304997157359809,0.0,0.6549464768904494,0.0,1.0,0.0,0.0,0.5966366131133509,0.31044788139386864,0.21174011396109604,0.0,0.0,1.0,0.22092580032978626,0.2498914309931433,0.059757046833004084,0.49398528324264684,0.0,0.0,0.15024857727596563,0.23937051561634168,0.24286029180993193,0.0,1.0,0.0,0.10371968396817516,0.31656826340578026,0.6612780146418252,0.29520516734173335,0.525730294306435,0.0,0.34381817640337364,1.0,0.18638801860676177,0.8724402758664106,0.0,0.1251016555134801,0.0,0.10216869400707482,0.0,0.0,0.21338992296197679,0.19944689386526207,0.04303667100511153,0.0,0.6714302318892825
gex_possorted_bam_SJSO3:TCCTGTTCACTTCATCx-M1,0.0,0.03378484858604834,0.0,0.0,0.0,0.18515977211683798,0.0,0.006658165272335447,0.0,0.0,0.7528695323622999,0.0,0.0,0.0,0.11687096112652814,0.08687096272234454,1.0,1.0,0.0,0.9846270464672392,0.37113394076655054,0.3995902369139956,0.07113843230348565,0.5316493901240664,0.0,0.0,0.34852398917388544,0.0,0.0,0.0,0.0,0.0,0.06818330847505344,0.0,0.34847605772088247,0.0,0.0,0.0030854104567245924,0.05933404062061091,0.17662425577600366,0.0458326188311595,0.6003161318179143,0.0,0.0,0.0,0.0,0.0,0.47764809306817735,0.0,0.0,0.0,0.0,0.014742864420491485
gex_possorted_bam_SJSO3:TCCTCACAGGCGGATGx-M1,0.0,0.509835326955507,1.0,0.1513986361612125,0.0,0.0018671088266756163,1.0,0.0,1.0,0.0661320354828194,1.0,0.8352064521989662,1.0,1.0,0.0,1.0,1.0,0.5351395748438401,1.0,0.0,0.0,0.0,0.0,0.0,1.0,0.3019210761952917,1.0,0.48859857118479216,0.6509321557151598,0.1780775140708197,1.0,0.032462022250637164,0.0,0.1319565888403765,1.0,0.0,1.0,0.0,0.0,1.0,0.0,1.0,1.0,1.0,0.0,0.09192897774292272,1.0,1.0,0.3157355915885897,0.0,0.71191114487393,0.22630459651723728,0.0
gex_possorted_bam_SJSO3:TCCTCTAAGTTTCCGCx-M1,0.0,0.0,0.0,0.0,0.0,0.0,0.0,0.0,0.0,0.0,0.6119116134218849,0.0,0.0,0.0,0.0,0.0,0.5302299164300099,0.3844632890814054,0.0,0.40844652164251205,0.305233011171327,0.3956631464533923,0.06103410345163355,0.4716231778776066,0.0,0.0,0.5447987583893666,0.0,0.0,0.0,0.0,0.0,0.03281497490994296,0.0,0.445927267079328,0.0,0.0,0.03658486599737671,0.0,0.14321741028081517,0.0,0.010989839834683815,0.0,0.0,0.0,0.0,0.0,0.5212530357779903,0.0,0.0,0.0,0.0,0.37518784555126944
gex_possorted_bam_SJSO3:TCCTTAGTCTCGCCTGx-M1,0.030100086268001452,0.0,0.6441629658927637,0.0,0.8173785740697213,0.6497477224700635,0.0,0.0,0.0,0.2561086554254308,1.0,0.0,0.0,0.0,0.19520069038849763,0.0,1.0,1.0,0.0,1.0,0.7002771431618389,0.8742125018308134,0.22932704062109105,0.6679631981518758,0.0,0.0,0.44169712241793685,0.0,0.0,0.13237213135694453,0.20296113434749377,0.21900622730864427,0.20070971994248954,0.0,0.20111188289688492,0.05900391521452598,0.0,0.0019642941796426494,0.06689674609235893,0.08498271904520178,0.052642347496122656,0.0,0.0,0.0,0.24430704107877596,0.014725981996233805,0.0,0.1585370846982173,0.0,0.28789896270937626,0.0,0.019513024077033207,1.0
gex_possorted_bam_SJSO3:TCCTTGCAGGTGAAGCx-M1,0.0,0.0,0.0,0.0,0.0,0.0,0.0,0.0,0.1348157580036749,0.0,0.3838672651843661,0.0,0.0,0.0,0.0,0.0,0.4293788227040001,0.0,0.0,0.18377575192591256,0.07808168280798754,0.18386571656637501,0.004393582404843108,0.3158484873854972,0.0,0.0,0.6205617056527247,0.0,0.0,0.0,0.0,0.0,0.0,0.0,0.5608361205566907,0.0,0.27281310924179203,0.0,0.0,0.3667139083970916,0.0,0.2536939404402762,0.0,0.0,0.0,0.0,0.0,0.5710031142272928,0.0,0.0,0.0,0.0,0.20513671860294272
gex_possorted_bam_SJSO3:TCGCCCATCGTGCCTTx-M1,0.0,0.0,0.7790203297016961,0.0,0.7118592121571303,0.5394279217285253,0.9974703641491202,0.32651452660896146,0.4677178116610238,0.0,1.0,0.0,0.011702380295682237,0.0,0.0,0.0,1.0,1.0,0.0,1.0,0.6579493354867174,0.6822248662408927,0.07258885900502353,0.36344676189880365,0.0701220180361664,0.0,0.8855887852913613,0.0,0.0,0.0,0.0,0.6285137359121423,0.13073784794300594,0.0,0.4998506482412295,0.0,0.0,0.0,0.09032662108949377,0.3972481747349486,0.7032200261350152,0.0,0.0,1.0,0.0,0.03511620742042669,0.3734692005053578,0.49604096521903984,0.0,0.07690090410801396,0.0,0.0,1.0
gex_possorted_bam_SJSO3:TCGCATTGTAGGATCCx-M1,0.12312344238201577,0.0,0.42788130282568926,0.03302741447865488,0.582401346026315,0.991486369080823,0.0,0.027039967586070655,0.0,0.22400132558848174,1.0,0.0,0.0,0.0,0.16029911460994353,0.0,1.0,1.0,0.0,1.0,0.9628344709052529,1.0,0.24561656174763177,0.8758185761921014,0.0,0.0,0.34164446513089053,0.09250830691696939,0.0,0.20892330336348308,0.7597126698498491,0.16537310735824767,0.28999129475113594,0.0,0.14898675462607502,0.13142420057490317,0.0,0.04369707420008787,0.12697195948334444,0.12358928988228676,0.0,0.0,0.0,0.0,0.33736104774765163,0.08966287872837932,0.0,0.15194775944870684,0.08511544177082211,0.2634315883761722,0.0,0.10173822158646535,1.0
gex_possorted_bam_SJSO3:TCCTGGTTCAATACGCx-M1,0.16846985212762847,0.0,0.0,0.03990579273800854,0.44929772675133056,0.6267469209986227,0.0,0.03743981108528238,0.0,0.0,1.0,0.0,0.0,0.0,0.16285885799026298,0.0,1.0,1.0,0.0,1.0,0.8383688859601901,0.8858638709958582,0.26803866448092956,0.7309539805599096,0.0,0.0,0.29174526874510776,0.0,0.0,0.13314036735968246,0.12564287942823457,0.12784401483749458,0.24579673941871466,0.0,0.24708130100116463,0.09922929339312951,0.0,0.13816784692050604,0.08575543282660646,0.07902590789765306,0.0,0.0,0.0,0.0,0.2885913969422784,0.09622783003962355,0.0,0.20375107387753502,0.0,0.0,0.0,0.10355269843126096,0.9637258688147289
gex_possorted_bam_SJSO3:TCCTGGTTCGTAACGTx-M1,0.0,0.4256908180432475,1.0,0.16506276008609333,0.0,0.0,1.0,0.0,1.0,0.30045982059739446,1.0,1.0,1.0,1.0,0.0,1.0,1.0,0.30180279122666437,1.0,0.0,0.0,0.0,0.0,0.0,1.0,0.30932493754838636,1.0,1.0,0.22685262661066627,0.36770460628023216,1.0,0.0,0.0,0.14188034665444368,1.0,0.0,1.0,0.0,0.0,1.0,0.0,1.0,1.0,1.0,0.0,0.09888574272115826,1.0,1.0,0.40914821986049116,0.0,0.6328690513861557,0.21410016022488862,0.0
gex_possorted_bam_SJSO3:TCCTGGTTCCACCCTGx-M1,0.0,0.26520078116969803,1.0,0.05129942991856622,0.0,0.0,1.0,0.0,1.0,0.0,1.0,0.7290525099120615,0.7329720613961608,1.0,0.0,1.0,1.0,0.5590917573540427,1.0,0.0,0.0,0.0,0.0,0.0,1.0,0.16180710154153896,1.0,0.44183552526481523,0.12367041918211255,0.1557179518890957,1.0,0.0,0.0,0.06608343403417845,1.0,0.0,1.0,0.0,0.0,1.0,0.0,1.0,1.0,1.0,0.0,0.00969209215245464,1.0,1.0,0.14399382017250392,0.0,0.4103345930802215,0.10019715219240533,0.0
gex_possorted_bam_SJSO3:TCGCCCATCTCAATGAx-M1,0.03515829922212526,0.0,0.0,0.0,0.3140039628137742,0.21181032486303766,0.0,0.0,0.0,0.0,1.0,0.0,0.0,0.0,0.0,0.0,0.8970821242202378,1.0,0.0,0.9016662068715244,0.5132709857410287,0.7601169051694984,0.13642667597288283,0.634413535483664,0.0,0.0,0.4231650161381515,0.0,0.0,0.0,0.0,0.14267045958241115,0.11818762043488734,0.0,0.14387822950173704,0.0,0.0,0.02959420538273172,0.0,0.0,0.0,0.0,0.0,0.0,0.07330980000724409,0.0,0.0,0.3521030184844,0.0,0.0,0.0,0.0,0.7988832681009171
gex_possorted_bam_SJSO3:TCCTAGTGTCATGCAAx-M1,0.07722657134295567,0.0,0.0,0.0,0.47386897766585634,0.5650178224248388,0.0,0.0,0.0,0.0,1.0,0.0,0.0,0.0,0.01903431434725448,0.0,1.0,1.0,0.0,1.0,0.7605249450287026,0.9174576064309987,0.2028460615907347,0.7443396613993096,0.0,0.0,0.3468891361135175,0.0,0.0,0.051753185596157936,0.0,0.0676478817680244,0.17717345205525858,0.0,0.16895643969748136,0.0033922749057752042,0.0,0.04625711344729621,0.0041844920610045805,0.0,0.0,0.0,0.0,0.0,0.12877138107638264,0.0,0.0,0.21776598481067228,0.0,0.0,0.0,0.01897543473414181,0.9902826821355238
gex_possorted_bam_SJSO3:TCCTCACAGGCCTGGTx-M1,0.13680474275826224,0.0,0.0675412999015779,0.007408616077211615,0.6754303258420452,0.774641613003631,0.0,0.0,0.0,0.0009264103629344558,1.0,0.0,0.0,0.0,0.11839095856602137,0.0,1.0,1.0,0.0,1.0,0.9187801728915067,1.0,0.2747953783861566,0.8294377193270587,0.0,0.0,0.38300933398768094,0.0,0.0,0.205561018780308,0.08678585012001452,0.24652684505500558,0.2852804977630573,0.0,0.16258884166390344,0.07872691735304906,0.0,0.05873704143541759,0.08700755444148932,0.0,0.0,0.0,0.0,0.0,0.17852448166747756,0.0757023142205699,0.0,0.2482957265068777,0.013757532038162356,0.15667308296178845,0.0,0.04376016108787948,1.0
gex_possorted_bam_SJSO3:TCCTCAATCTTGTCCAx-M1,0.0,0.0,0.0,0.0,0.1104850677322203,0.023182570995138107,0.0,0.0,0.0,0.0,0.7922993621405419,0.0,0.0,0.0,0.0,0.0,0.8483614035350162,0.8365338799288285,0.0,0.9573036490361275,0.4210093527336965,0.555676023145629,0.08078117332271799,0.5631191830793917,0.0,0.0,0.4411772022348614,0.0,0.0,0.0,0.0,0.10159319936551903,0.08054093505057412,0.0,0.3150473979300096,0.0,0.0,0.005005445436173359,0.0,0.022028724088296637,0.0,0.0,0.0,0.0,0.01321027172146014,0.0,0.0,0.35174291450154593,0.0,0.0,0.0,0.0,0.6617100089806408
gex_possorted_bam_SJSO3:TCGCGCACAGTTTGTGx-M1,0.0,0.6058688533443896,1.0,0.15433875430214164,0.0,0.0,1.0,0.0,1.0,0.05474888905441116,1.0,1.0,0.6598490398778043,1.0,0.0,1.0,1.0,0.3180711348498928,1.0,0.0,0.0,0.0,0.0,0.0,1.0,0.23069684665831053,1.0,0.3966184591250941,0.5133899771290155,0.07531996866308731,0.9447991783545863,0.0,0.0,0.11785940147446819,1.0,0.0,1.0,0.0,0.0,1.0,0.14648537152263227,1.0,1.0,1.0,0.0,0.0,1.0,1.0,0.24481504304186863,0.0,0.5315323165739031,0.1608274479701309,0.0
gex_possorted_bam_SJSO3:TCGCGCACAATAAGCAx-M1,0.0,0.0,1.0,0.0,0.0,0.0,1.0,0.0,1.0,0.0,1.0,0.5774936472380584,0.368221494362107,1.0,0.0,1.0,1.0,0.5451590107345153,0.8012073473082942,0.0,0.0,0.0,0.0,0.0,1.0,0.07415838974486015,1.0,0.14505338401649046,0.0,0.0,0.49392379301191286,0.0,0.0,0.0,1.0,0.0,1.0,0.0,0.0,1.0,0.0,1.0,1.0,1.0,0.0,0.0,1.0,1.0,0.014989676490609725,0.0,0.25528651628243665,0.000153515300323149,0.0
gex_possorted_bam_SJSO3:TCGTAATCAACTAACTx-M1,0.0,0.11555701387908175,0.23262207005634647,0.0,0.0,0.0,0.0,0.0,0.0,0.0,0.9284666564884885,0.0,0.6213501573493093,1.0,0.0,1.0,0.4849800952967289,0.19873277185965885,0.8295791803759446,0.0,0.0,0.0,0.0,0.0,1.0,0.0,1.0,0.0,1.0,0.046792367388934775,0.0,0.401544399660752,0.0,0.17528567592526087,1.0,0.0,0.723062097481819,0.0,0.0,1.0,0.3291437380629202,0.0,0.32330925969906993,0.0,0.0,0.0,0.719625576977255,0.42794863660056953,0.0,0.0,0.6486990778708773,0.0,0.0
gex_possorted_bam_SJSO3:TCTACCTCAAATACCTx-M1,0.0,0.0,0.34632073756939147,0.0,0.0,0.0,0.7871082095800582,0.0,0.9315202844768437,0.0,0.9270735992949111,0.5274502208894636,0.0765972109321815,1.0,0.0,1.0,0.9347640417300954,0.0,0.3831372613410072,0.0,0.0,0.0,0.0,0.0,0.9462054410427456,0.0,1.0,0.0,0.07031483601791161,0.0,0.0,0.007027467778008645,0.0,0.0,1.0,0.0,1.0,0.0,0.0,1.0,0.0,1.0,0.9610726705246511,1.0,0.0,0.0,0.9621587054591247,1.0,0.0,0.0,0.14076522940734987,0.0,0.0
gex_possorted_bam_SJSO3:TCGTTAAAGTGAACAGx-M1,0.0,0.747968592131904,0.7632398621909208,0.08227802925445585,0.0,0.08569079987996232,1.0,0.2305236741641869,0.0,0.519375752399423,0.0,1.0,0.0,0.014976913902703984,0.5100680122762076,0.5966239094512094,0.6300176469701035,0.0,0.0,1.0,0.26402680336731743,0.1585204613573782,0.085357250913051,0.4326908770844536,0.0,0.0,0.364487129737331,0.23412160505292176,0.10849975432323383,0.0,1.0,0.0,0.12266839641761694,0.2757970652960404,0.7930324615456366,0.24498915213149958,0.5085301600920373,0.00542889940335529,0.3179749478432312,1.0,0.27413000919779873,1.0,0.0,0.23185022098875324,0.035044457139102224,0.08105022575429548,0.0,0.27276545511123546,0.1880655269535939,0.1215532502136765,0.0,0.007064599336648197,0.3949580717993402
gex_possorted_bam_SJSO3:TCTAACCGTTATCGAGx-M1,0.0,0.0,0.6067435993344206,0.0,0.7913493848252441,0.46511934926798654,0.8688122394547868,0.34813678777770346,0.4439270866452152,0.0,1.0,0.0,0.0,0.0,0.0,0.0,1.0,1.0,0.0,1.0,0.6538350086327039,0.7174465109586496,0.07951494232114666,0.340534407529981,0.0,0.0,0.9120673020118473,0.0,0.0,0.0,0.0,0.6184917777906761,0.12034283513358554,0.0,0.4269580581411254,0.0,0.0,0.0,0.07254544373750756,0.2351920618090264,0.790222765215334,0.0,0.0,0.9566072026826651,0.0,0.018448249581087206,0.3228318858963793,0.4555429203795247,0.0,0.0,0.0,0.0,1.0
gex_possorted_bam_SJSO3:TCTAGCCTCTCAATAGx-M1,0.0,0.0,0.07710663542569449,0.0,0.014476062273292395,0.0,0.0,0.02107697121982801,0.0,0.026836079197565064,0.3129082890887677,0.0,0.0,0.0,0.043111945119804415,0.0,0.40626373595687365,0.09027818795951355,0.0,1.0,0.3358550072545078,0.5088716539659999,0.058487817616137555,0.6016249044266514,0.0,0.0,0.35830905247743866,0.0,0.0,0.0,0.45605405976844043,0.0,0.06138901664382652,0.005886652834241429,0.31466573240292983,0.051230515183150936,0.012211345538735145,0.0,0.0,0.4385368223943797,0.0,0.0,0.0,0.0,0.0,0.010879990137330275,0.0,0.1133124617519979,0.0,0.0,0.0,0.0,0.7118157717926553
gex_possorted_bam_SJSO3:TCTAGCCTCGTTAACAx-M1,0.07672139876245276,0.41277688131026385,1.0,0.20918874299159884,0.0,1.0,1.0,1.0,0.3310161972334734,1.0,0.5601521400863532,1.0,0.15820190576759627,1.0,0.5508954495289735,0.33163227279170254,1.0,1.0,1.0,1.0,0.528621304889048,0.0,0.5893612816129903,0.0,0.2544491664678727,0.10226440188977758,0.4295602634857749,1.0,1.0,0.3481842992987866,0.0,0.0,0.4018797285660311,0.0,1.0,0.630633406222717,0.3788209126634613,0.6379397949493297,0.7635001682985987,0.500888963336933,1.0,0.9301170905494485,0.7181303162550992,0.32090741015574736,0.8929920541548194,0.0,1.0,0.675131060225275,0.12192711353766968,0.9561746080253557,0.0,0.0,1.0
gex_possorted_bam_SJSO3:TCGGTTACAGAGGGAGx-M1,0.10856602097453684,0.16113348260110366,0.792998820341233,0.0,0.7134523038295225,0.515158956910133,0.0,0.002782367429525787,0.0,0.3295161438644518,1.0,0.0,0.0,0.37615448470572027,0.2205572231778023,0.07136247044023361,1.0,0.8472210318494533,0.0,1.0,0.6294470943115122,0.7398529153530718,0.23144418343314627,0.7759661956011388,0.0,0.03583330606079828,0.364713648206322,0.18012362308571667,0.7626320346454031,0.04995042732442437,0.1096364779113736,0.572508510352717,0.23081318088906203,0.0,0.3986611130531419,0.04822489725426758,0.6435905165420819,0.1325578524772555,0.06159688910490838,0.5355271137880051,0.0,0.3582240885904265,0.0,0.04471431092132096,0.3862251811923071,0.031180978258663023,0.08894203249164102,0.7369983816995279,0.11997607579647383,0.1432430112504933,0.0,0.17279545425442097,1.0
gex_possorted_bam_SJSO3:TCGTAATCAGGCGATAx-M1,0.0,0.5682188014538754,1.0,0.2573180780283522,0.0,0.0,1.0,0.0,1.0,0.25991229324805587,1.0,1.0,1.0,1.0,0.0,1.0,1.0,0.5176846966594428,1.0,0.0,0.0,0.0,0.0,0.0,1.0,0.41784759891240003,1.0,1.0,0.5607222755215521,0.5341126174628102,1.0,0.0,0.0,0.1954653172213471,1.0,0.0,1.0,0.0,0.0,1.0,0.0,1.0,1.0,1.0,0.0,0.14553086609363955,1.0,1.0,0.4452228465196717,0.0,0.9064560758487566,0.29932015454936506,0.0
gex_possorted_bam_SJSO3:TCGTTAAAGGGATTAGx-M1,0.0,0.2179403371892643,0.3543643721204786,0.0,0.0,0.0,0.8362441368307962,0.0,0.0,0.0,1.0,0.9306149486614113,0.0,0.9526961653643505,0.0,1.0,1.0,0.5606331883903313,0.38484581094755743,0.0,0.0,0.0,0.0,0.0,0.2490322475844546,0.0,1.0,0.0,0.0,0.0,0.0,0.0,0.0,0.008449855671121182,1.0,0.0,0.9908699392555101,0.0,0.0,1.0,0.1874210400340939,1.0,0.001959075065392905,0.01887981365066924,0.0,0.0,0.0685564187302151,1.0,0.0,0.0,0.0,0.0,0.0
gex_possorted_bam_SJSO3:TCGTTTCCATTATGCGx-M1,0.028751098982306537,0.0,0.0,0.0,0.21372857769007605,0.2711685416604122,0.0,0.0,0.0,0.0,0.9558946698348529,0.0,0.0,0.0,0.0,0.0,0.9422406962066805,1.0,0.0,1.0,0.5509156605381956,0.7262551729335034,0.11316693368138876,0.6780766855981205,0.0,0.0,0.38646465225015175,0.0,0.0,0.0,0.0,0.0,0.11299330093913006,0.0,0.19940170049589492,0.003961674311708128,0.0,0.010465085446457564,0.0,0.01918027468459902,0.0,0.0,0.0,0.0,0.054744743939440704,0.0,0.0,0.27773478504976457,0.0,0.0,0.0,0.0,0.8074286704204228
gex_possorted_bam_SJSO3:TCTAGCACAATGCCTAx-M1,0.0,0.3998013134908515,1.0,0.16598895712928327,0.0,0.878282769407344,1.0,1.0,1.0,1.0,0.9078171815394213,1.0,0.18257216762963965,1.0,0.37125848339760287,0.2643976206837955,1.0,1.0,1.0,1.0,0.46643140301876446,0.19472739948531956,0.20711397300043044,0.39065246534421877,0.011854309496091306,0.0,0.16600626345617267,1.0,0.19875732127083293,0.04252199481079399,0.0,0.26595530425012565,0.37005612342922145,0.0,0.8349327146446466,0.42032204050020816,0.1316179540724315,0.2620873626538035,0.5819577147390136,0.3895906373397742,1.0,0.6958253304755372,0.094488925294639,0.1664117179056722,0.858048076473792,0.0,1.0,0.7145982860806958,0.0,0.5396166828506217,0.0,0.0,1.0
gex_possorted_bam_SJSO3:TCGCTAACAGGCGATAx-M1,0.11526789308657703,0.0,0.0,0.0,0.1568702151661847,0.36983344704891263,0.0,0.0,0.0,0.0,1.0,0.0,0.0,0.0,0.0,0.0,0.9096795233597716,1.0,0.0,0.8319511094440897,0.6442021853768216,0.7816895939399264,0.18650389775426696,0.7532802879988363,0.0,0.0,0.3420926974209139,0.0,0.0,0.06971100116223354,0.0,0.0033745015384160507,0.17809432470158207,0.0,0.21487193891235462,0.04940344134822383,0.0,0.11633791340952047,0.010026244901336469,0.0,0.0,0.0,0.0,0.0,0.09520085190447182,0.03048871723933466,0.0,0.30400294619933466,0.0,0.0,0.0,0.04595514208518422,0.7239003135161464
gex_possorted_bam_SJSO3:TCGGTTTGTACTGAATx-M1,0.0,0.0,0.48882441636990615,0.0,0.26100837213329153,0.39936105885596423,0.0,0.0540573469298809,0.0,0.1619528312447695,0.7167898002172817,0.0,0.0,0.0,0.09467306003084465,0.0,0.8700515863141041,0.696161557163874,0.0,1.0,0.6477583049302894,0.7413827115952024,0.13644541138540675,0.6991913806201354,0.0,0.0,0.364728062150198,0.0,0.0,0.0015762766569539137,0.8334643334460408,0.0,0.1569466990900023,0.0,0.21259783622587777,0.06262562829915716,0.0,0.0,0.056874500869650325,0.3557746357953753,0.0,0.0,0.0,0.0,0.12170235212708928,0.027021583784164627,0.0,0.02879856444461923,0.012184212802811003,0.1379379456438799,0.0,0.0,1.0
gex_possorted_bam_SJSO3:TCTACCTCAAATTCGTx-M1,0.0,0.0944182271169089,0.5245028680976495,0.0,0.1479142861442789,0.09077595641483317,0.0,0.029131395622390345,0.0,0.17752194424925938,0.28186341254163577,0.0,0.0,0.0,0.2231762517736844,0.0,0.5877539724391747,0.03196553032286668,0.0,1.0,0.5546784906056342,0.6009071801443681,0.10079066713711947,0.663522496334681,0.0,0.0,0.325204137114227,0.0,0.0,0.0,0.8440822198216739,0.0,0.14337792107640865,0.06039382232107173,0.3602271048292796,0.10112339218841171,0.09734309177957552,0.0,0.09540906120284606,0.38384335732189645,0.0,0.0,0.0,0.0,0.08429771140313126,0.008367967611503673,0.0,0.0,0.0,0.06622292432117707,0.0,0.0,1.0
gex_possorted_bam_SJSO3:TCGGTTCTCGGTTTCCx-M1,0.0,0.0,0.338173534392982,0.0,0.11620205136700724,0.11677941632905935,0.0,0.023935505127254546,0.0,0.07142363986125648,0.4960970382014972,0.0,0.0,0.0,0.09956514533839589,0.0,0.5542214351054257,0.3269294523865778,0.0,1.0,0.5289991765240424,0.6589710950417323,0.10337636462710634,0.6965032643404221,0.0,0.0,0.36463782386138516,0.0,0.0,0.0,0.7208038494393231,0.0,0.12363662256985163,0.0,0.26930506301615587,0.0672486764755092,0.0,0.0,0.031622348049194025,0.40017839472839645,0.0,0.0,0.0,0.0,0.06947281690895975,0.028792710205635386,0.0,0.02032069532148538,0.0,0.006843027162377949,0.0,0.0,1.0
gex_possorted_bam_SJSO3:TCGTAATCACACCAACx-M1,0.0,0.0,0.0,0.0,0.0,0.0,0.25505134951059666,0.09194219529143534,0.1880660887178383,0.0,0.3041103138764247,0.4016112026584302,0.0,0.7067087551950939,0.0,0.6842762699170776,0.6548051289504129,0.017875908218479057,0.0,0.0,0.0,0.0,0.0,0.0,0.0769346627704012,0.0,1.0,0.0,0.0,0.0,0.0,0.0,0.0,0.02021175906585958,0.9444257944501855,0.0,0.776479073903483,0.0,0.0,0.561937055213383,0.11657416255038637,1.0,0.0,0.0,0.0,0.0,0.0,1.0,0.0,0.0,0.0,0.0,0.0
gex_possorted_bam_SJSO3:TCTAGCGAGACTTATGx-M1,0.0,0.08545078091558694,0.07395629003276613,0.0,0.0,0.0,0.19059745875684753,0.058692628709116255,0.0,0.11484117576541765,0.0,0.3983973697308096,0.0,0.0,0.1502391394800512,0.0,0.0,0.0,0.0,1.0,0.13321392073501045,0.19376255044629703,0.0,0.45817499624854197,0.0,0.0,0.25893951430975864,0.0,0.0,0.0,0.48847459307077906,0.0,0.0,0.09230581121610616,0.4577798332074325,0.03129607110392933,0.1989326373609005,0.0,0.07294502779274668,0.47886087871667854,0.0,0.2578847762549032,0.0,0.0,0.0,0.0,0.0,0.0,0.0,0.0,0.0,0.0,0.21743213970768924
gex_possorted_bam_SJSO3:TCGTGCTTCCTACCTAx-M1,0.017313397724521822,0.1224951977474511,0.8951880934509392,0.0,0.6912176412591385,0.7455407467232004,0.0,0.07764560464339718,0.0,0.37608615030561693,0.8168981409106024,0.0,0.0,0.0,0.2534440641881119,0.0,1.0,0.9632930394476767,0.0,1.0,0.8218303374015551,0.8776206098234727,0.23455268727690975,0.7811430211651281,0.0,0.0,0.2415989989063519,0.17078271426590066,0.0,0.1665956349857895,1.0,0.027545149738551978,0.24143862342040343,0.0,0.2028055598791673,0.1459110180075032,0.0,0.015955616861626977,0.15972419654450679,0.3826847816908445,0.008520656115771678,0.0,0.0,0.4993146575110627,0.2540261784019505,0.0898682906180764,0.0,0.0,0.12266156618792289,0.32900603073271695,0.0,0.03614861147471561,1.0
gex_possorted_bam_SJSO3:TCTACCTCAAGTTATCx-M1,0.2516165237448904,0.0,0.5479093976290219,0.10374243197938367,0.7743762014173639,1.0,0.0,0.09506353174437221,0.0,0.2946028088926968,1.0,0.0,0.06699854001644202,0.0,0.2599297709887468,0.0,1.0,1.0,0.013138743301508115,1.0,1.0,1.0,0.35438866109763817,0.9961532778082587,0.0,0.048245956927235094,0.26214424631704025,0.18126793422197635,0.0,0.3565101367123458,0.6501779585172643,0.4385944246865054,0.4145405922291964,0.0050652944019044105,0.19568394405414546,0.24620122406424044,0.0,0.16409711199449098,0.2447911392364024,0.05178919713177194,0.0,0.0,0.0,0.27192492945032665,0.46276822882554075,0.19069027142005834,0.0,0.22997768456754522,0.18911578385515818,0.4043839455978477,0.0,0.16827862829461365,1.0
gex_possorted_bam_SJSO3:TCGTTACGTTAGCTGAx-M1,0.0,0.0,0.0,0.0,0.0,0.0,0.0,0.0,0.0,0.0,0.5001852087239151,0.0,0.0,0.0,0.0,0.0,0.5020125239255426,0.18779130620572324,0.0,0.5963962437465724,0.27906408642657654,0.3620070848072866,0.03384374668243761,0.4245873264244982,0.0,0.0,0.5706869779707845,0.0,0.0,0.0,0.0,0.0,0.021112807280883526,0.0,0.48227892779431175,0.0,0.06018420404578748,0.0,0.0,0.2588189274248809,0.0,0.05448483677279179,0.0,0.0,0.0,0.0,0.0,0.5098965665702618,0.0,0.0,0.0,0.0,0.47422707001848413
gex_possorted_bam_SJSO3:TCGGTAAGTGCGCATGx-M1,0.0592030952935259,0.0,0.0,0.0,0.4468267525126362,0.2685038207634669,0.0,0.0,0.0,0.0,0.9683781067032996,0.0,0.0,0.0,0.0,0.0,0.8900199836505457,1.0,0.0,1.0,0.532069234058933,0.7053871183691464,0.18834929926845034,0.601440379715104,0.0,0.0,0.4536714824287421,0.0,0.0,0.009452801157975203,0.0,0.1298252333246217,0.16234674526201123,0.0,0.206494324891621,0.0,0.0,0.048423658733065734,0.0,0.0,0.0,0.0,0.0,0.0,0.03549935609548666,0.0,0.0,0.29241424077371764,0.0,0.07261664268223811,0.0,0.0,0.9522738219642006
gex_possorted_bam_SJSO3:TCTAATCTCGAGCTATx-M1,0.0,0.2799373434578002,0.9658779947508376,0.13618010208060286,0.0,0.0,1.0,0.0,1.0,0.0,1.0,0.6842931381863164,0.7383236276474142,1.0,0.0,1.0,1.0,0.6913613557147433,1.0,0.0,0.0,0.0,0.0,0.0,1.0,0.22351580144195665,1.0,0.20177604443247713,0.4624126632315198,0.04346079903994413,0.9282029648462026,0.0,0.0,0.0,1.0,0.0,1.0,0.0,0.0,1.0,0.0,1.0,1.0,1.0,0.0,0.0,1.0,1.0,0.09099607244086898,0.04154140451177635,0.3926839893814505,0.13012582939902534,0.0
gex_possorted_bam_SJSO3:TCTAAGGGTCGCAAACx-M1,0.07379080084839976,0.44910464224959307,1.0,0.2278469280759037,1.0,1.0,1.0,0.7441326198130408,1.0,0.25388037809135094,1.0,0.0,0.3485833867030548,0.01830632551145388,0.0,0.014418496834030785,1.0,1.0,0.49305403979395007,1.0,0.8576237842491201,0.8669268537076572,0.2661253957315187,0.18182600477265437,0.5868944176088347,0.20065780076137507,1.0,0.0,0.8117852715180227,0.0,0.48241593576615854,0.5875666559488143,0.21573796721802493,0.1375674421962999,0.6052588998269315,0.14289485011194114,0.0,0.07850920377474872,0.41090934727783995,0.6047168891195358,1.0,0.05768241836108312,0.0,1.0,0.0,0.35418153687662923,0.9630843875338375,0.26230190724866964,0.3052384845090477,0.26922706482474096,0.0,0.08536912247058374,1.0
gex_possorted_bam_SJSO3:TCGTTAAAGTTATCCTx-M1,0.03261942966656291,0.0,0.07041513222127979,0.0,0.6513965212330513,0.3749424899780814,0.0,0.0,0.0,0.0,1.0,0.0,0.0,0.0,0.02792320850467587,0.0,1.0,1.0,0.0,1.0,0.6605575499121704,0.7877446701988782,0.19864791704885806,0.6323177869321774,0.0,0.0,0.393539932287658,0.0,0.0,0.08591713797803403,0.0,0.17466285950186572,0.16181246807835803,0.0,0.15636018503294488,0.0,0.0,0.020164498704693244,0.0,0.0,0.10841368579586193,0.0,0.0,0.0,0.10069584059185377,0.0,0.0,0.3004379430252932,0.0,0.13115255597152448,0.0,0.0,1.0
gex_possorted_bam_SJSO3:TCGTTTCCAACTCGCGx-M1,0.0,0.0,0.0,0.0,0.12637147382030178,0.0,0.0,0.0,0.0,0.11088252062974138,0.3040981279566805,0.0,0.0,0.0,0.004224580153938634,0.24570897389706298,0.2671594324501676,0.0863226765073748,0.0,1.0,0.33989466858074446,0.5272634880232145,0.14059376037752977,0.5561583264744857,0.0,0.0,0.5177503531470352,0.0,0.07377111282781113,0.0,0.26483111850526364,0.0,0.018991622287954264,0.0,0.2942375139662402,0.012615445047142078,0.43540165149826493,0.0,0.0,0.2145587567899087,0.0,0.0,0.0,0.0,0.0,0.0,0.0,0.11800234679883793,0.0,0.0,0.0,0.0,1.0
gex_possorted_bam_SJSO3:TCTAGCGAGTTAGCTAx-M1,0.0,0.0,0.0,0.0,0.0,0.0274552883499244,0.0,0.0,0.0,0.0,0.8195916555036165,0.0,0.0,0.0,0.0,0.0,0.922537641156883,0.9131686103952807,0.0,0.5969949735764194,0.31635570256144924,0.41275020195107526,0.05090764273573232,0.49226894588190095,0.0,0.0,0.49738394682453496,0.0,0.0,0.0,0.0,0.0,0.037040600119947004,0.0,0.4192168206985852,0.0,0.011095317742434486,0.011654859146026807,0.0,0.1795385666916879,0.0,0.28387997273806054,0.0,0.0,0.0,0.0,0.0,0.5542311038424924,0.0,0.0,0.0,0.0,0.2858925309241648
gex_possorted_bam_SJSO3:TCGGTTCTCCCTTGCGx-M1,0.0,0.059089997387319744,0.008600324500812823,0.025611243001803053,0.0,0.0,0.7768469230135719,0.0,1.0,0.0,1.0,0.28087536690485837,0.4391700447826411,1.0,0.0,1.0,1.0,1.0,1.0,0.0,0.0,0.0,0.0,0.0,1.0,0.1383461380090655,1.0,0.03871465959697468,0.34948110977963204,0.027578556223870863,0.0,0.0,0.0,0.0,1.0,0.0,1.0,0.0,0.0,1.0,0.0,1.0,1.0,0.7967697863143247,0.0,0.0,1.0,1.0,0.0,0.0,0.2679480648262208,0.07762582034895293,0.0
gex_possorted_bam_SJSO3:TCGTTAGCAGCTCATAx-M1,0.0,0.0,0.3896216582442525,0.0,0.0,0.0,0.04177598830820549,0.041618613874738634,0.0,0.036238834136566124,0.0,0.0,0.0,0.0,0.1088915257894007,0.06570196555552497,0.44106409978881495,0.0,0.0,1.0,0.18942582000627292,0.30785862878693276,0.02276783586496948,0.5357988158089266,0.0,0.0,0.42975356942801596,0.0,0.0,0.0,0.389909075999821,0.0,0.03214257313113858,0.04949472696972513,0.44128717233294856,0.032793638594719364,0.15099063712895974,0.0,0.03461162301397549,0.7679429786893942,0.03799060202059901,0.2116320543554204,0.0,0.0,0.0,0.0,0.0,0.19151029536302383,0.0,0.0,0.0,0.0,0.5706504698718419
gex_possorted_bam_SJSO3:TCGTCAACAAATGCCCx-M1,0.0,0.0,0.0,0.0,0.0,0.0,0.45669527157096523,0.0,1.0,0.0,1.0,0.2888607375718172,0.0049310528749682645,1.0,0.0,1.0,1.0,0.640000428534197,0.7439984040870438,0.0,0.0,0.0,0.0,0.0,1.0,0.0,1.0,0.0,0.07353373972950128,0.0,0.0,0.0,0.0,0.0,1.0,0.0,1.0,0.0,0.0,0.973589047993335,0.0,1.0,0.6969360974670765,0.04219660898781175,0.0,0.0,0.8430913473455756,1.0,0.0,0.0,0.18946093278335324,0.0,0.0
gex_possorted_bam_SJSO3:TCTACCTCATTAGGCCx-M1,0.061172106818073224,0.0,0.8703332905758269,0.06146912243292034,0.6113410143033249,0.7271295025133887,0.4898092848329035,0.23677107002611736,0.09884498926026536,0.21456289118590055,0.9797605474992344,0.0,0.0,0.0,0.17755226930841422,0.0,1.0,1.0,0.0,1.0,0.723869452941534,0.7746448070770211,0.1867905591784817,0.6143741049835593,0.0,0.0,0.5996839320568927,0.10085476912672207,0.0,0.0,0.17540548095549638,0.35452987709825684,0.2755325319008731,0.0,0.4014957761207575,0.10157530662925593,0.0,0.024611086914568772,0.2199399440981887,0.2120752551245358,0.6382083156968833,0.0,0.0,0.7466048474518564,0.24703043964230526,0.06613904993072169,0.29980552154163065,0.3287612437299456,0.09824154075316852,0.2627025964322567,0.0,0.0,1.0
gex_possorted_bam_SJSO3:TCGGTTCTCACGCATGx-M1,0.0,0.0,0.03741382336343078,0.0,0.025293287220931743,0.0,0.0,0.0,0.0,0.0,0.4539874675738056,0.0,0.0,0.0,0.0,0.0,0.43324123718319796,0.1733999880345337,0.0,1.0,0.40347467288850003,0.576564424881285,0.08454873981749725,0.551723105708195,0.0,0.0,0.4454639155073431,0.0,0.0,0.0,0.11011645068829805,0.006288305674005432,0.08609553730423405,0.0,0.28505771164212185,0.0,0.0,0.0,0.0,0.18251381558506963,0.0,0.0,0.0,0.0,0.02375599239707722,0.0,0.0,0.10502232456305371,0.0,0.0,0.0,0.0,0.7792108302729013
gex_possorted_bam_SJSO3:TGAACAACAGTAATAGx-M1,0.0,0.0,0.18968243716363453,0.0,0.0,0.0,0.6737452393146928,0.0,0.9079346912553607,0.0,0.9625256170009298,0.5738825168196998,0.0655967653306795,1.0,0.0,1.0,0.9357305947032858,0.0,0.42694167329433513,0.0,0.0,0.0,0.0,0.0,0.9901630177371274,0.005247616072409639,1.0,0.0,0.10122219924621965,0.0,0.0,0.0,0.0,0.0,1.0,0.0,1.0,0.0,0.0,1.0,0.0,1.0,1.0,1.0,0.0,0.0,1.0,1.0,0.0,0.0,0.11459033297165488,0.0,0.0
gex_possorted_bam_SJSO3:TGAAACTGTGCATTAGx-M1,0.0,0.0,0.0,0.0,0.0,0.0,0.3219169735565689,0.0,1.0,0.0,1.0,0.3637280499749453,0.007152403738968614,1.0,0.0,1.0,0.9388776257223035,0.17739356710038695,0.4540078777438626,0.0,0.0,0.0,0.0,0.0,0.8512792787138779,0.0,1.0,0.0,0.07346559592315943,0.0,0.0,0.0,0.0,0.0,1.0,0.0,1.0,0.0,0.0,1.0,0.0,1.0,0.605172502187939,0.05218658795066151,0.0,0.0,0.8457031571054079,1.0,0.0,0.0,0.1150391735519542,0.0,0.0
gex_possorted_bam_SJSO3:TCTGGCTTCATTACAGx-M1,0.0,0.0,0.4727304582501744,0.02071007222635523,0.7723532919681875,0.3896520971274946,1.0,0.3514528139957049,0.16400819588844376,0.0,1.0,0.0,0.016389471312456244,0.0,0.0,0.0,1.0,1.0,0.0,1.0,0.7740975270040409,0.6682302243811747,0.11399071049909429,0.36037954239977527,0.0,0.0,1.0,0.0,0.0,0.0,0.0,0.7240884086847887,0.12857737574479214,0.0,0.43901794462705107,0.0,0.0,0.0,0.10620065874989808,0.09145117855335198,0.8524353365412332,0.0,0.0,1.0,0.05278035423092981,0.0473691081774796,0.2344312949253176,0.36121431878408194,0.0,0.06786191941603786,0.0,0.0,1.0
gex_possorted_bam_SJSO3:TCTCGCCCATACTCCTx-M1,0.0,0.0,0.390908091717574,0.0,0.0,0.0,0.8587032904676305,0.0,1.0,0.0,1.0,0.5328790906037103,0.1969099897283968,1.0,0.0,1.0,1.0,0.0,0.4981059102078822,0.0,0.0,0.0,0.0,0.0,1.0,0.030470198170571266,1.0,0.004006860225811547,0.0,0.0,0.16424457354729574,0.0,0.0,0.0,1.0,0.0,1.0,0.0,0.0,1.0,0.0,1.0,1.0,1.0,0.0,0.0,1.0,1.0,0.0,0.0,0.18716455625965753,0.0,0.0
gex_possorted_bam_SJSO3:TCTTGTCCATTGCAGCx-M1,0.07914822344362551,0.0,0.17502219215456086,0.0,0.36970480059276073,0.555318682377115,0.0,0.0,0.0,0.0,1.0,0.0,0.0,0.0,0.04416371595918833,0.0,1.0,1.0,0.0,1.0,0.8362983659385557,0.9124532174899896,0.14026668026467926,0.7733058147597359,0.0,0.0,0.3976082918107922,0.0,0.0,0.0025675308337482316,0.2904327377341996,0.14231664166488264,0.221284935294306,0.0,0.19806836211468404,0.039580348664137,0.0,0.0,0.05207240186739505,0.09740104056842043,0.0,0.0,0.0,0.0,0.19552388743002805,0.02087021943783457,0.0,0.16156652673552768,0.0,0.05691814727801151,0.0,0.0005256211861904269,1.0
gex_possorted_bam_SJSO3:TCTTGACGTGCTGTAAx-M1,0.013197293535190256,0.0,0.0,0.0,0.1103412718800349,0.0,0.0,0.0,0.0,0.0,0.6795402400782308,0.0,0.0,0.0,0.0,0.0,0.6164885389073559,0.5806991546839474,0.0,0.9350201474974693,0.4559872266357319,0.5990208980050822,0.09216599186414827,0.6015030245849676,0.0,0.0,0.43757677087649505,0.0,0.0,0.0,0.0,0.030837523438833,0.08712339646467336,0.0,0.2909827291719103,0.0,0.0,0.016829646251966812,0.0,0.09535131262370425,0.0,0.0,0.0,0.0,0.0,0.0,0.0,0.22861413370428785,0.0,0.0,0.0,0.0,0.6705136035780389
gex_possorted_bam_SJSO3:TCTCAAGCAAGTGAACx-M1,0.14759817789959231,0.5154635764785093,1.0,0.1778086354974029,0.37385099147806955,0.6289082025652828,0.7260409939812247,0.2991524419648876,0.0,0.839074838181864,0.06661722881490238,0.035219459648788656,0.07886961925712892,0.0,0.5402203363510171,0.2715162486738808,0.3369559334664385,0.0,0.0,1.0,0.7354501122582638,0.7658413290948549,0.3299338713863367,0.8598049925894933,0.0,0.01667406898710603,0.09306092085007148,0.21333552684797433,0.36605294796705007,0.24962658066669266,1.0,0.0074300144170656906,0.32040733565007457,0.34059503633180743,0.3707048373118631,0.467554717437434,0.31313919247047783,0.11932921263576972,0.4107489682450223,0.8844622027044321,0.18950675209293635,0.07111024334095727,0.0,0.925916547965202,0.32412363333819044,0.3093311145789107,0.0,0.0,0.39702672698241614,0.5316828166550386,0.16997676914930165,0.21853691435289238,1.0
gex_possorted_bam_SJSO3:TCTTGTCCACAACCTAx-M1,0.0,0.0,0.6082402740858697,0.0,0.0,0.0,0.5190918242435614,0.0,0.2943349304917015,0.0,0.40463703104715953,0.3566144698798453,0.0,0.4805771455040426,0.0,1.0,0.590317144211217,0.0,0.0,0.0,0.0,0.0,0.0,0.0,0.44788932515363367,0.0,1.0,0.03614228325026017,0.0,0.0,0.06584578256774998,0.0,0.0,0.0,1.0,0.0,1.0,0.0,0.0,1.0,0.02239080953053049,1.0,0.5653478215606841,0.8254432085340638,0.0,0.0,0.29892295122464024,1.0,0.0,0.0,0.07105589418894567,0.0,0.0
gex_possorted_bam_SJSO3:TCTGTGACAATTAAGGx-M1,0.0,0.0,0.0,0.0,0.0,0.0,0.0,0.0,0.0,0.0,0.9119906433493445,0.0,0.27418324652866016,0.9854187609034287,0.0,1.0,0.5953871605928063,0.22277147565255942,0.5749581253188933,0.0,0.0,0.0,0.0,0.0,0.7739045406434764,0.0,1.0,0.0,0.5905660024380878,0.0,0.0,0.12045779268547052,0.0,0.05554832145459946,1.0,0.0,0.9399496024860685,0.0,0.0,1.0,0.18979143794288375,0.0,0.19428107960202112,0.0,0.0,0.0,0.5504711258343012,1.0,0.0,0.0,0.3923043214785065,0.0,0.0
gex_possorted_bam_SJSO3:TCTCACCAGCTTTGGGx-M1,0.0,0.5056894614572661,1.0,0.11192443354374025,0.0,0.02721862326240241,1.0,0.03206473903899986,1.0,0.17627607895714506,1.0,0.8115432912369879,0.9212637105393632,1.0,0.0,1.0,1.0,0.6567804633010318,1.0,0.0,0.0,0.0,0.0,0.0,1.0,0.24187908112702503,1.0,0.46112373418350855,0.30712638693663724,0.0,1.0,0.17405797595078173,0.0,0.0910346997405592,1.0,0.0,1.0,0.0,0.0,1.0,0.24377261985708976,1.0,1.0,1.0,0.0,0.040056390546515504,1.0,1.0,0.27874597058995804,0.10397523102904024,0.414942178417526,0.09888187082374882,0.10247309488621092
gex_possorted_bam_SJSO3:TCTTCAAGTCTTTGACx-M1,0.0,0.7920377267965562,1.0,0.27964206052526036,0.0,0.18729257850532896,1.0,0.0,1.0,0.337860714530041,1.0,1.0,1.0,1.0,0.0,1.0,1.0,0.7083241264448378,1.0,0.0,0.0,0.0,0.0,0.0,1.0,0.39651523076551115,1.0,1.0,0.5769568783750408,0.521839771987993,1.0,0.0,0.0,0.19174944952004513,1.0,0.0,1.0,0.0,0.0,1.0,0.029143471622845068,1.0,1.0,1.0,0.0,0.18633376971179738,1.0,1.0,0.5530395075342964,0.030307353700478067,0.937109683488315,0.3583264887878026,0.0
gex_possorted_bam_SJSO3:TGAACAACACTGACCGx-M1,0.0,1.0,1.0,0.17581314639537401,0.0,0.5294017853364252,1.0,0.40588579233596184,0.16216591410435915,1.0,0.0,1.0,0.0,0.0,0.7518523535917628,0.6369717275322466,0.41679096873684346,0.0,0.0,1.0,0.4198261905672281,0.3679194759875041,0.1695120961908945,0.6856985701494259,0.0,0.0,0.005191737126044157,0.5172268505321543,0.29069858274254234,0.12963431884044102,1.0,0.0,0.23318835712400177,0.5229101320969427,0.5295121422807877,0.46874181767165024,0.5735925049830359,0.07431138784053944,0.5050359357691449,1.0,0.3973794855577534,1.0,0.0,1.0,0.15829960611400312,0.2601013406896117,0.0,0.0,0.4411715408317271,0.5157967195223109,0.1498101489228921,0.09616829059394437,0.9418136358383563
gex_possorted_bam_SJSO3:TCTTAGTTCTAGCGTGx-M1,0.11537167129466384,0.0,0.0,0.0,0.48766146726223153,0.667943137643374,0.0,0.0,0.0,0.0,1.0,0.0,0.0,0.0,0.004443901785597857,0.0,1.0,1.0,0.0,1.0,0.752758779638219,0.8962892690902087,0.22572973155822662,0.848700161333923,0.0,0.0,0.40146216039426236,0.0,0.0,0.02214880309281769,0.0,0.29866327070522286,0.1812159290287116,0.0,0.19781431947955483,0.06191667081759783,0.0,0.08314985564876717,0.01689611715299488,0.0,0.0,0.0,0.0,0.0,0.1489506954935677,0.04241618117937489,0.0,0.15578582725429668,0.0,0.005388507523012649,0.0,0.06151598951250533,1.0
gex_possorted_bam_SJSO3:TCTTGACGTACGGTACx-M1,0.0,0.458251454141028,1.0,0.17557950258960947,0.0,0.0,1.0,0.0,1.0,0.08765987109400177,1.0,0.9394436306963301,1.0,1.0,0.0,1.0,1.0,0.18343051405531274,1.0,0.0,0.0,0.0,0.0,0.0,1.0,0.3006949874703939,1.0,0.5153339336989924,0.6905971891404966,0.2030172772992976,1.0,0.0,0.0,0.03421536362919702,1.0,0.0,1.0,0.0,0.0,1.0,0.0,1.0,1.0,1.0,0.0,0.05751310950714255,1.0,1.0,0.2996676328776225,0.1009897248024677,0.6138338020470974,0.21490239524481017,0.0
gex_possorted_bam_SJSO3:TCTGGCTTCTAAGTGCx-M1,0.0,0.0,0.0,0.0,0.0,0.0,0.0,0.0,0.3281423276274338,0.0,1.0,0.0,0.0,0.6534669616895632,0.0,0.6757403659664704,1.0,1.0,0.39915209332018337,0.0,0.0,0.0,0.0,0.0121649187295168,0.39283692286898325,0.01618671401334836,1.0,0.0,0.0,0.0,0.0,0.2053107860170762,0.0,0.0,1.0,0.0,0.8167477417993203,0.0,0.0,0.6085764040320015,0.0,1.0,0.22542755452121893,0.0,0.0,0.0,0.43373684472691015,1.0,0.0,0.0,0.0,0.012020704780731552,0.0
gex_possorted_bam_SJSO3:TCTCCTCGTTTGACCTx-M1,0.09592082022652519,0.0,0.7850386327998129,0.015616009971322974,1.0,0.8483863875515879,0.0,0.0,0.0,0.2606820733403012,1.0,0.0,0.0,0.0,0.1663543243521977,0.0,1.0,1.0,0.0,1.0,0.876072904166301,0.9903635947927278,0.29572294632236795,0.7708258343341836,0.0,0.04079795331133069,0.4214248617403375,0.0,0.0,0.24541496199664917,0.22179565519620217,0.3709299069445121,0.28474171929557224,0.0,0.2036398767108679,0.10135911608656244,0.0,0.027286242660527666,0.12913570481941866,0.10944625281899693,0.21272706717546228,0.0,0.0,0.10219969683025006,0.30383576186912614,0.08156974993018547,0.0,0.14307630966913978,0.055198113852645225,0.41112787835533166,0.0,0.04743184565953359,1.0
gex_possorted_bam_SJSO3:TGAAACTGTCCTCCAAx-M1,0.11851514799908534,0.0,0.0,0.0,0.2923180523175103,0.4088886813540027,0.0,0.0,0.0,0.0,1.0,0.0,0.0,0.0,0.0,0.0,1.0,1.0,0.0,0.9115504638897375,0.6910970592863904,0.8000471488454938,0.20228691503660928,0.6784056867292306,0.0,0.0,0.3944595928171211,0.0,0.0,0.09401443190832555,0.0,0.1096960863280482,0.16687728023673185,0.0,0.19058976759293872,0.007318875883977251,0.0,0.09152643818710937,0.0,0.0,0.0,0.0,0.0,0.0,0.10800834816579671,0.0,0.0,0.49721849080205494,0.0,0.0,0.0,0.0,0.5557172168433181
gex_possorted_bam_SJSO3:TCTTCAAGTGATGAGGx-M1,0.0,0.16802832613563493,0.7711306900765688,0.07807364377139255,0.0,0.0,1.0,0.0,1.0,0.0,1.0,0.6043663297403361,0.87945834310724,1.0,0.0,1.0,1.0,0.45849013872786093,1.0,0.0,0.0,0.0,0.0,0.0,1.0,0.23897755353936678,1.0,0.24669764938620892,0.3540549780508522,0.09977065793201864,0.8270159381919112,0.0,0.0,0.06102159904191111,1.0,0.0,1.0,0.0,0.0,1.0,0.0,1.0,1.0,1.0,0.0,0.0,1.0,1.0,0.17885844792150923,0.0,0.5335803229778783,0.15799060124158568,0.0
gex_possorted_bam_SJSO3:TGAACAACACCCTCACx-M1,0.20963542370111005,0.9816158812647545,1.0,0.3172835040727621,0.7811038079276291,1.0,1.0,0.40960081802303827,0.14250816012253367,1.0,0.15572111046448653,0.18890180940480608,0.33207186053943216,0.0,0.7902793015032309,0.5781721408698829,0.4650644367258527,0.0,0.0,1.0,0.7606363614528139,0.870337380896904,0.41649197252458386,0.7931082213257771,0.18678056719910102,0.2375170426460625,0.0,0.6438884496388417,0.491956050538208,0.4992333474624273,1.0,0.13712032178463868,0.4222330990444508,0.5119722906129013,0.25057319522568616,0.6799352407524994,0.37925829517156534,0.21902473537325967,0.562824070299499,1.0,0.20595275170486382,0.09895364473354369,0.5008942277627091,1.0,0.48882722048498406,0.5377612607197312,0.3345168099703718,0.0,0.6517353677923373,0.9525854353801568,0.43592712109675674,0.41458618370920985,1.0
gex_possorted_bam_SJSO3:TCTCAAGCAACTGGGAx-M1,0.041239734570869366,0.0,0.2653327198823882,0.0,0.4529280410443582,0.24090752891179326,0.0,0.0,0.0,0.048455102081593336,0.6566623151750489,0.0,0.0,0.0,0.1307998193420209,0.0,0.7746013322510493,0.5950989883548308,0.0,1.0,0.8211020705548006,0.7813632832002074,0.1632563085339312,0.787891893773891,0.0,0.0,0.3255095981764989,0.0,0.0,0.012989964580836875,0.18731341797730833,0.04775680607926542,0.1842928986253643,0.0,0.2547786903551296,0.06644033903388029,0.0,0.02291762586456215,0.08254571092816015,0.2324433102783395,0.0,0.0,0.0,0.0,0.13310085627453774,0.0,0.0,0.02513516610646927,0.0,0.0920552421227468,0.0,0.0,1.0
gex_possorted_bam_SJSO3:TGAACAACAGTTTGTGx-M1,0.009621871383376475,0.02627978237242369,1.0,0.0,0.45291713040409726,0.42768915406698177,0.0,0.051058556207092716,0.0,0.41359053622377384,0.4945520452755328,0.0,0.0,0.0,0.254758125756446,0.0,0.6160873858584771,0.2233699773204176,0.0,1.0,0.714556896826231,0.779619388060076,0.15425268173478887,0.7060741037337835,0.0,0.0,0.3328234178485511,0.04442021499651976,0.0,0.07110011497751113,1.0,0.04699337788119606,0.1961062587681521,0.02412161437279319,0.2745021086973583,0.1811795556369366,0.045650745682405146,0.0,0.13154395576211614,0.6091838143952598,0.0,0.0,0.0,0.790947867751609,0.24325535370957158,0.11744633164797798,0.0,0.0,0.13409079444712427,0.3063660347911263,0.051889537682437724,0.04211610638228252,1.0
gex_possorted_bam_SJSO3:TCTTTGTAGCTTTGTTx-M1,0.033839345333673186,0.0,0.06528328157591493,0.0,0.45810326080839436,0.15419261589383307,0.0,0.0,0.0,0.0,0.9460177814058108,0.0,0.0,0.0,0.0,0.0,0.9106339810146561,1.0,0.0,1.0,0.6579796445309036,0.7440890149777991,0.16398173931252688,0.6797172607875509,0.0,0.0,0.4505911748941593,0.0,0.0,0.01747683335023313,0.0,0.1324424801257742,0.15499445628185068,0.0,0.22929599936670536,0.0,0.0,0.02578724444572486,0.0,0.0,0.0,0.0,0.0,0.0,0.09160471152675297,0.0,0.0,0.3146515478622036,0.0,0.0,0.0,0.0,1.0
gex_possorted_bam_SJSO3:TGAACAACACAGGGACx-M1,0.024203065523011852,0.0,0.09394485284337707,0.0,0.3403820859260176,0.2921774795870297,0.0,0.007686025018648188,0.0,0.0,0.7371842082847734,0.0,0.0,0.0,0.04547728439288128,0.0,0.7827052670153928,0.7224014272396128,0.0,1.0,0.7050834163672894,0.7926543864734287,0.16541509220787992,0.7352501519274672,0.0,0.0,0.380769731661736,0.0,0.0,0.0,0.32642138057253106,0.05541822122945476,0.17345100916019726,0.0,0.1645239950608088,0.03725917867273179,0.0,0.0,0.02924346848389492,0.12573501935294956,0.0,0.0,0.0,0.0,0.15379081271742837,0.0,0.0,0.19554968269384393,0.0,0.03834402991866923,0.0,0.0,1.0
gex_possorted_bam_SJSO3:TCTGGCTTCAGCTAACx-M1,0.008988250015311774,0.17318114183693248,0.6600097981577944,0.07212588795280037,0.0,0.0,0.6046137714865305,0.15285722595259507,0.09273168581347917,0.25554511849955813,0.20434309773031104,0.12705296863107604,0.0,0.012860295585341089,0.16344716287549652,0.7594078773016176,0.4617077614672465,0.0,0.0,0.8312681792572058,0.18013356434112585,0.13328379567520937,0.0686912477827082,0.25868582106773513,0.05120314778839506,0.0,0.7096963445562512,0.12376978729836097,0.024265863378644434,0.0,0.8696624204037633,0.0,0.07329287779882426,0.12763444935973556,0.8065546283122662,0.10107461185677426,0.6605498220441953,0.0,0.0670282506775471,0.8793959820257939,0.08928935308078476,0.5894790770446944,0.16488831658223918,0.6390024465612507,0.05730110509675923,0.07095898163887843,0.12064570337152697,0.858539186639475,0.10606037384542523,0.06623205388329235,0.033916041286840545,0.036126262057667134,0.5296845460399052
gex_possorted_bam_SJSO3:TCTTAGTTCCCGTTTAx-M1,0.0,0.0,0.0,0.0,0.0,0.0,0.0,0.0,0.0,0.0,0.343553456302517,0.0,0.0,0.0,0.0,0.0,0.3631327047599654,0.001996299534899597,0.0,1.0,0.3376514373649544,0.5067438841673468,0.0781775780895187,0.5459467024026865,0.0,0.0,0.45892232627033597,0.0,0.0,0.0,0.0,0.023068142089271014,0.09028639459792072,0.0,0.3042799739597967,0.0,0.0,0.0,0.0,0.1334844848996061,0.0,0.0,0.0,0.0,0.0,0.0,0.0,0.17800429550882715,0.0,0.0,0.0,0.0,0.60781811704426
gex_possorted_bam_SJSO3:TCTGTGACAGGTTCACx-M1,0.13909174591917092,0.013573100666717026,1.0,0.08837723678605289,0.9026235459648202,1.0,0.0,0.09962387184214688,0.0,0.4556455590003906,1.0,0.0,0.08188149712182996,0.0,0.36807688632890895,0.0,1.0,1.0,0.0,1.0,0.9409043588369642,0.98215459117202,0.3137160259150625,0.7586581114437937,0.0,0.0781417961961602,0.34929203283233534,0.17480982577083182,0.0,0.2117396662172541,0.9403434905034042,0.36913368418737325,0.3543449001389552,0.09377126033442776,0.24839928363916103,0.2336824529302625,0.0,0.040225527835148336,0.2594928468505096,0.3689193930143915,0.2208194781313175,0.0,0.0,0.696795650746264,0.3542534062121174,0.1916505010373324,0.0983326771085902,0.09573136611516334,0.19509958186432125,0.5379779898213283,0.0,0.10804311372268847,1.0
gex_possorted_bam_SJSO3:TCTTGTCCAGTAGCCTx-M1,0.0,0.6622915738353776,1.0,0.033767766306354786,0.0,0.0,1.0,0.0,0.872901644904091,0.21717332914755946,1.0,1.0,0.281436948387252,1.0,0.0,1.0,1.0,0.5131518452317161,1.0,0.0,0.0,0.0,0.0,0.0,1.0,0.04508232973633369,1.0,0.32340402068878776,0.0,0.1295970058729365,0.8271466796451081,0.0,0.0,0.06824089168908677,1.0,0.0,1.0,0.0,0.0,1.0,0.2520715143225963,1.0,1.0,1.0,0.0,0.0,0.8158597957234811,1.0,0.1344729683784441,0.0,0.0533087019034519,0.006438163853521438,0.0
gex_possorted_bam_SJSO3:TCTATGTTCCTGTTCAx-M1,0.06538094812008717,0.0,0.0,0.0,0.19078025566799214,0.23966064896921402,0.0,0.0,0.0,0.0,1.0,0.0,0.0,0.0,0.0,0.0,0.9577821911544184,1.0,0.0,0.9287912713367655,0.5880376066122404,0.7343129767674875,0.14479442021605485,0.6871201014129614,0.0,0.0,0.3974095321158352,0.0,0.0,0.0,0.0,0.07358538689017599,0.13451788206392576,0.0,0.24263323771099046,0.0,0.0,0.057609981944761086,0.0,0.0,0.0,0.0,0.0,0.0,0.07270282966139245,0.0,0.0,0.32210575281971365,0.0,0.0,0.0,0.0,0.734463349789052
gex_possorted_bam_SJSO3:TCTCAAGCATTCCTGTx-M1,0.06419372703731724,0.20848547989312918,1.0,0.14681811336708522,1.0,1.0,1.0,0.5606133947990232,0.677338436579201,0.2624298889477616,1.0,0.0,0.17131989661833205,0.0,0.0,0.0,1.0,1.0,0.2840597494409381,1.0,0.9272695850949468,1.0,0.2307681064825088,0.3644419478467694,0.1843368108321792,0.08006070599777831,0.9067715617578718,0.0,0.3158562710141115,0.0,0.4668243548851253,0.7930840471208565,0.2391290777042458,0.07064484624488163,0.4664304862455713,0.16098041811567346,0.0,0.025093573846434507,0.3488547878758017,0.4433396118104594,1.0,0.0,0.0,1.0,0.08782013414729652,0.24559067577269883,0.7388601811119635,0.1415062536782742,0.218292022155081,0.29582708543448455,0.0,0.011553999315242938,1.0
gex_possorted_bam_SJSO3:TCTGTGACATAAAGCAx-M1,0.0,0.0,0.05091854564159043,0.0,0.0,0.0,0.0,0.023223162636544874,0.0,0.004258638986660367,0.1312045574694259,0.07541039261402455,0.0,0.0,0.09793421631303617,0.0,0.4873176655095055,0.0,0.0,1.0,0.27094596788280917,0.32014595937491575,0.03194589928772822,0.4085440022674767,0.0,0.0,0.3899192959527768,0.0,0.0,0.0,0.2781561180113287,0.0,0.04483794003513199,0.0,0.4910029818197485,0.0,0.0,0.0,0.04085306091153205,0.4339343232403109,0.07194797333655273,0.36560925934518107,0.0,0.0,0.0,0.0,0.0,0.16694282799992194,0.0,0.0,0.0,0.0,0.3929354142228707
gex_possorted_bam_SJSO3:TCTCAAGCAGGTTCACx-M1,0.0,0.01870002324303541,1.0,0.015016497495461276,0.534439676817551,0.3432546854169341,1.0,0.33891858646991824,1.0,0.0,1.0,0.0,0.36463682292642313,0.5286753867161634,0.0,0.4257759232634496,1.0,1.0,0.4389413493076554,1.0,0.1586375907756859,0.10696305128219859,0.0,0.0,0.8829349302314154,0.04509112278066352,1.0,0.0,0.23668527013445478,0.0,0.006960952298558667,0.565659218827056,0.0,0.0,1.0,0.0,0.9745316742973377,0.0,0.0,0.9391355596488871,0.7533211771526455,0.8329704439733586,0.3287801506254116,1.0,0.0,0.047598346880021535,1.0,1.0,0.03933606043693701,0.0,0.0,0.0,1.0
gex_possorted_bam_SJSO3:TCTTCAAGTCAAAGAAx-M1,0.42169794952630296,0.25991313469579513,0.7065543374222512,0.24334550818924117,1.0,1.0,0.0,0.22296254754223063,0.0,0.5469093601187419,1.0,0.0,0.2381580652670437,0.0,0.4249543957144703,0.09516899853879383,1.0,1.0,0.4800508104209321,1.0,1.0,1.0,0.5732241087315822,1.0,0.0,0.20756626160350644,0.25067914717099143,0.4313490823035449,0.14061610065515207,0.5387112694044718,1.0,0.5701243648766068,0.5373463606273079,0.11996327365609667,0.19442130625965554,0.4676537092436212,0.0,0.30731722046377147,0.45873235320831496,0.21426721850427538,0.16582153639060226,0.0,0.0936804073515577,1.0,0.6656343668012715,0.397895027617911,0.25464032183529167,0.14565032453659255,0.3981298118407567,0.5973828168950013,0.0,0.3852283103633136,1.0
gex_possorted_bam_SJSO3:TCTCAAGCAATATAGGx-M1,0.21982549735562656,0.0,0.8980693422946397,0.16327775664137245,1.0,0.9937674162384211,0.0,0.06938347150641608,0.0,0.5875323554967672,1.0,0.0,0.09373319560612521,0.0,0.40674746200433154,0.0,1.0,1.0,0.0,1.0,0.7785464336028327,1.0,0.4398048738598757,0.8115391765041235,0.0,0.20449977099627475,0.3204071575009923,0.02919356415665361,0.0,0.409092965862771,0.39070337472817224,0.5976903224150948,0.3831606049986905,0.1471985838539857,0.18750230960003142,0.2809748497159237,0.0,0.15432746680569412,0.2666564530765491,0.17155286760416996,0.4157541714151674,0.0,0.0,0.3178067699363493,0.428296868746792,0.2402382193272709,0.15014739914514558,0.0,0.26635003042813205,0.6783379309825046,0.06948475856375251,0.22552605213008167,1.0
gex_possorted_bam_SJSO3:TGAGCAAAGGTGAGACx-M1,0.0,0.11960702975604182,1.0,0.0,0.0,0.0,1.0,0.0,1.0,0.0,1.0,0.8341152933161758,0.4633201140253337,1.0,0.0,1.0,1.0,0.0,0.5897359465166844,0.0,0.0,0.0,0.0,0.0,1.0,0.10454862629150283,1.0,0.21073628655957055,0.1384085821356469,0.0,0.8857891532393034,0.0,0.0,0.003123913930632994,1.0,0.0,1.0,0.0,0.0,1.0,0.0,1.0,1.0,1.0,0.0,0.0,1.0,1.0,0.096211598119357,0.0,0.3834214179249207,0.029939898293631625,0.0
gex_possorted_bam_SJSO3:TGAGAACCACTTCATCx-M1,0.0,0.7402005603289012,1.0,0.30399420702568386,0.0,0.4885075322040106,1.0,0.0,1.0,0.06213589353037915,1.0,1.0,1.0,1.0,0.0,1.0,1.0,1.0,1.0,0.0,0.0,0.0,0.0,0.0,1.0,0.36382369518072666,1.0,0.790344426619664,0.7139586299768937,0.49265901438126486,1.0,0.0,0.0,0.13904573469873144,1.0,0.0,1.0,0.0,0.0,1.0,0.0,1.0,1.0,1.0,0.0,0.13719120980918545,1.0,1.0,0.39436033720774594,0.08845871428659781,0.7781540428913191,0.32720301400202134,0.0
gex_possorted_bam_SJSO3:TGAAGCAAGTCATTAGx-M1,0.0,0.525235553823712,0.9234980366051116,0.06955675131993926,0.0,1.0,1.0,0.0,1.0,0.0,1.0,0.9008050405053266,0.554852542770206,1.0,0.0,1.0,1.0,1.0,1.0,0.0,0.0,0.0,0.0,0.0,1.0,0.2251264432397905,1.0,0.28465126237137023,0.159769622326803,0.11549872780222596,0.28828407777275433,0.0,0.0,0.0,1.0,0.0,1.0,0.0,0.0,1.0,0.0,1.0,1.0,1.0,0.0,0.0,1.0,1.0,0.10992442815808678,0.0,0.29969530068528905,0.1377798968039045,0.0
gex_possorted_bam_SJSO3:TGAAGGATCTTGAGCGx-M1,0.0,0.0,0.09710368581145382,0.0,0.0,0.0,0.47601241310828485,0.0,0.38346492810280863,0.0,0.9408095061112405,0.7906273800572121,0.0,0.8021187126517644,0.0,1.0,1.0,0.29446758736312795,0.3303092259126466,0.0,0.0,0.0,0.0,0.0,0.3475790837416757,0.0,1.0,0.0,0.0,0.0,0.0,0.0,0.0,0.0,1.0,0.0,1.0,0.0,0.0,0.999733118567092,0.08296177872350538,1.0,0.3518926563833854,0.17599418245670298,0.0,0.0,0.2905533410329346,1.0,0.0,0.0,0.0,0.0,0.0
gex_possorted_bam_SJSO3:TGAAGGATCCTTCTAGx-M1,0.16552073105718274,0.0,0.6422506808573647,0.028245084962262735,0.8524195268533769,1.0,0.0,0.027127972294311554,0.0,0.17899971817374383,1.0,0.0,0.0,0.0,0.19054353157899104,0.0,1.0,1.0,0.0,1.0,1.0,1.0,0.3201572406001058,0.8972188081518566,0.0,0.03002669039102166,0.3371450809575743,0.05097899786148012,0.0,0.30530469177489267,0.38573312294442375,0.42299304875943394,0.35868975535509773,0.0,0.1923339589992139,0.13816642932636825,0.0,0.0775709521959324,0.1600994997224193,0.0,0.07757927511961211,0.0,0.0,0.1704927895531757,0.37603447624444747,0.09206573277710287,0.10475215886031573,0.16730862958133821,0.08683205025967405,0.3820561587121945,0.0,0.07196416022914041,1.0
gex_possorted_bam_SJSO3:TGAGAACCAGGCATCTx-M1,0.018657402362034257,0.0,0.35111943068167045,0.0,0.8172085816790342,0.4676731379071229,0.0,0.0,0.0,0.0,1.0,0.0,0.0,0.0,0.015344861145850491,0.0,1.0,1.0,0.0,1.0,0.6725460594356364,0.8148295199940724,0.23134258513149103,0.623016743714814,0.0,0.012966276281005587,0.49942069755004276,0.0,0.0,0.050497003120871534,0.0,0.3090311588185476,0.178976900425064,0.0,0.15898064305810014,0.0,0.0,0.027953457088943503,0.0,0.0,0.25826243947190086,0.0,0.0,0.0,0.1406976304858079,0.0,0.0,0.2923592340041894,0.0,0.20751384423528946,0.0,0.0,1.0
gex_possorted_bam_SJSO3:TGACCAAGTGCCGCAAx-M1,0.029002237392647772,0.0,0.5981677453211011,0.0,0.8628810826388438,0.585679689973209,0.0,0.0,0.0,0.09878307915388909,1.0,0.0,0.0,0.0,0.06416753301097819,0.0,1.0,1.0,0.0,1.0,0.7812180830008271,0.9406843128683356,0.21060493696887458,0.7022771102223982,0.0,0.0,0.3868817784220005,0.0,0.0,0.1725676906752751,0.009903044843304771,0.3157579767431582,0.20363288067060734,0.0,0.12107463890083077,0.015126363645168743,0.0,0.022887089278397686,0.025482821155059013,0.00993755885102022,0.0,0.0,0.0,0.0,0.30572571057747405,0.0,0.0,0.18641081336886162,0.0,0.26337130200348136,0.0,0.00266700369370302,1.0
gex_possorted_bam_SJSO3:TGAGGAGGTACCCACCx-M1,0.0,0.0,0.06343460687455063,0.0,0.0,0.0,0.7560539504830696,0.0,0.9359044202487372,0.0,1.0,0.5927812226268239,0.03012701693228109,1.0,0.0,1.0,1.0,0.8744485762008398,0.9638587016989233,0.0,0.0,0.0,0.0,0.0,1.0,0.019295065019536917,1.0,0.09388159836374121,0.07531273820935538,0.0,0.0,0.0,0.0,0.0,1.0,0.0,1.0,0.0,0.0,1.0,0.0,1.0,1.0,1.0,0.0,0.0,1.0,1.0,0.0,0.0,0.30034466012470357,0.0,0.0
gex_possorted_bam_SJSO3:TGAAGTGAGCTGTCAGx-M1,0.0,0.09039312983614492,0.13025793269007158,0.05366025062788014,0.0,0.0,0.9765468609435247,0.0,1.0,0.0,1.0,0.36378942855672947,0.4265905945044316,1.0,0.0,1.0,1.0,0.9980947354383625,1.0,0.0,0.0,0.0,0.0,0.0,1.0,0.07709052578213159,1.0,0.05104310020271678,0.39720693474147967,0.0,0.0,0.0,0.0,0.0,1.0,0.0,1.0,0.0,0.0,1.0,0.0,1.0,1.0,1.0,0.0,0.0,1.0,1.0,0.0,0.0,0.44137235851771284,0.024489460847225742,0.0
gex_possorted_bam_SJSO3:TGAAGCAAGGTTACACx-M1,0.0,0.16691317180124052,0.5859519825802951,0.0,0.22369637736112505,0.0,0.3891007282503846,0.12124091220591932,0.0,0.24209932499614273,0.1291215823248185,0.0,0.0,0.0,0.21866323052977596,0.0,0.6547462015129523,0.0,0.0,1.0,0.4710717082416034,0.49498621291224765,0.05858625520380605,0.49457291433433115,0.0,0.0,0.4478037154254853,0.0,0.0,0.0,0.5855311734388058,0.0,0.11639866619902049,0.014110812747891024,0.42213583786342923,0.057063700107778746,0.041665529672080155,0.0,0.13261215276130955,0.43988964106364575,0.20876915744523805,0.02273280115878568,0.0,0.0,0.006595928006598439,0.0,0.0,0.0,0.0,0.10057511340682064,0.0,0.0,0.9391957429427927
gex_possorted_bam_SJSO3:TGAAGGATCCTTGCACx-M1,0.06084677871758607,0.0,0.14718910926414108,0.008199817011958674,0.062757577464818,0.1534200594023836,0.0,0.04001435082533935,0.0,0.003673503139453926,0.5494147663573256,0.0,0.0,0.0,0.13048850439138768,0.0,0.6136283794443477,0.4806582108293866,0.0,1.0,0.5779465203650682,0.7112983388310152,0.15269490061597188,0.6987860950269884,0.0,0.0,0.36815291703547937,0.0,0.0,0.0,0.33696632523948294,0.151730811009234,0.19037361093329294,0.0,0.2015871266617776,0.08377228114234415,0.0,0.0667201300123209,0.04685179103780821,0.14478924490631845,0.0,0.0,0.0,0.0,0.07979718740211349,0.04668385326788509,0.0,0.07443120896528643,0.0,0.0,0.0,0.0,0.8213145071839486
gex_possorted_bam_SJSO3:TGAGCTTAGGCAATAGx-M1,0.06963945412963451,0.5388338486791735,1.0,0.2801369187933101,0.0,0.9632914312487032,1.0,1.0,0.5613833637038294,1.0,0.34691422232528757,1.0,0.2807679609789374,1.0,0.5931485532543922,0.47749433144376496,1.0,1.0,1.0,1.0,0.45373431336416015,0.0,0.47645481044705,0.2431125105332683,0.08935074436733094,0.08105020871785738,0.2042154013510876,1.0,1.0,0.32273407100384877,0.0,0.0,0.41539154553350277,0.0,1.0,0.6922528993070133,0.23651525419718047,0.5548067089203575,0.8357405456389462,0.5018137302307976,1.0,1.0,0.39720727108298176,0.09527430217864134,1.0,0.0,1.0,0.6913955379823996,0.10994765177481326,0.958002506054239,0.0,0.0,1.0
gex_possorted_bam_SJSO3:TGAGCCGGTAACGAGGx-M1,0.0,0.0,0.17766518263873918,0.0,0.0,0.0,0.33423749378120626,0.0,0.6989144387525343,0.0,0.7653760773076291,0.4120116802410526,0.0,0.7913980090401551,0.0,0.9258650009535339,0.7065872005180817,0.0,0.13423931461148908,0.0,0.0,0.0,0.0,0.0,0.5666673531068539,0.0,1.0,0.0,0.0,0.0,0.0,0.03582233870214561,0.0,0.0,1.0,0.0,1.0,0.0,0.0,1.0,0.0,1.0,0.6350445873270646,0.6391265243426157,0.0,0.0,0.6190401717754399,1.0,0.0,0.0,0.13180301182155846,0.0,0.0
gex_possorted_bam_SJSO3:TGAAGCAAGCTGGCTAx-M1,0.0,0.14467377528479114,0.3802256700528581,0.08651558373679284,0.0,0.0,1.0,0.009364040199008734,1.0,0.0,0.914561968847048,0.658509310007205,0.665364499407655,1.0,0.0,1.0,0.8358093231102776,0.0,0.7234602727384971,0.0,0.0,0.0,0.0,0.0,1.0,0.1718747832167868,1.0,0.24554836188398477,0.3168662216912628,0.03061162083282513,0.30971098988365264,0.0,0.0,0.04676752800753309,1.0,0.0,1.0,0.0,0.0,1.0,0.0,1.0,1.0,1.0,0.0,0.056012865862881844,1.0,1.0,0.09833242681584485,0.0,0.571826031058964,0.10494966861141773,0.0
gex_possorted_bam_SJSO3:TGACCAAGTGAATCGCx-M1,0.09196212242295893,1.0,1.0,0.24341619854481755,0.16195508068742492,0.5757363480713278,1.0,0.49331530510808297,0.3147353171620007,1.0,0.0,0.5467405873203699,0.15352209717250268,0.0,0.7051083106226654,0.5965991864000926,0.10378673671406442,0.0,0.0,1.0,0.5157635190741594,0.5640192057770693,0.2504061649074028,0.7387876810137923,0.0,0.09386208740235323,0.0,0.6396397000718256,0.5274616096721974,0.228557181300445,1.0,0.0,0.3196581743783421,0.5500883117645287,0.32326182932842373,0.5871811428548497,0.5399500400264193,0.1488139076555406,0.5106583769381294,1.0,0.3087577725561591,0.5106182682894125,0.011989422452576715,1.0,0.3387420258455657,0.41806731169150774,0.0,0.0,0.5743502000297894,0.7065428069409481,0.3566371094571321,0.24220734113996756,1.0
gex_possorted_bam_SJSO3:TGAGCTTAGTATTGGCx-M1,0.0,0.2465496205902717,0.30847599395312436,0.0,0.0,0.0,1.0,0.0,0.3726719140044846,0.0,1.0,1.0,0.0,1.0,0.0,1.0,1.0,0.7139761252409841,0.7516226968225497,0.0,0.0,0.0,0.0,0.0,0.5868785951705336,0.0,1.0,0.0,0.0,0.0,0.0,0.0,0.0,0.0,1.0,0.0,1.0,0.0,0.0,1.0,0.17496090112674914,1.0,0.3845353887435718,0.4012716515889908,0.0,0.0,0.2583497375365895,1.0,0.0,0.0,0.0,0.0,0.0
gex_possorted_bam_SJSO3:TGACCAAGTGCGCAATx-M1,0.05233780688078592,0.0,0.0,0.0,0.3010147060470852,0.11590242936791967,0.0,0.0,0.0,0.0,0.850225108805342,0.0,0.0,0.0,0.0,0.0,0.8738677088919763,1.0,0.0,1.0,0.5895822348173563,0.6971105932436817,0.14529467358241263,0.6587486090572631,0.0,0.0,0.47956681034362986,0.0,0.0,0.0,0.0,0.10130919704687817,0.16605418267729066,0.0,0.23556427078500472,0.0,0.0,0.019681146902195426,0.0,0.0,0.0,0.0,0.0,0.0,0.1004118260368298,0.0,0.0,0.33378294168843836,0.0,0.0,0.0,0.0,0.9434425486668819
gex_possorted_bam_SJSO3:TGAGAACCAACAGCCTx-M1,0.271895190040778,0.0,0.6363807890732708,0.13648650715614713,0.9815219519096788,1.0,0.0,0.13875900386468437,0.0,0.3324958598083211,1.0,0.0,0.14561217227083315,0.0,0.32430907687803096,0.0,1.0,1.0,0.0,1.0,1.0,1.0,0.45420151867844066,0.8474152661257871,0.0,0.23557429130142948,0.40184259941977785,0.20506643447719056,0.0,0.41578373533601937,0.3665380425783628,0.7124475275195832,0.468406912090069,0.09826305611545987,0.2549612124799305,0.24595782505136868,0.0,0.16392351693530796,0.2842368182808617,0.06027840522365638,0.48278053891204803,0.0,0.0,0.22202352673318698,0.4686041725282082,0.19285047852174922,0.31722333888532306,0.3788781871373545,0.2458448696245433,0.5361204319110076,0.0,0.186176938953446,1.0
gex_possorted_bam_SJSO3:TGAAGCAAGCGATAGAx-M1,0.0,0.0,0.0729843818442286,0.0,0.0,0.0,0.7391408977799151,0.0,1.0,0.0,0.7194052305223888,0.8760960102670795,0.1281904678204487,1.0,0.0,1.0,0.8671798916115686,0.01674430772622037,0.4478410584694659,0.0,0.0,0.0,0.0,0.0,1.0,0.0512569352948726,1.0,0.0,0.0,0.0,0.0,0.0,0.0,0.0,1.0,0.0,1.0,0.0,0.0,1.0,0.0,1.0,0.6457039850373868,0.31315767568129554,0.0,0.0,0.9065051566272148,1.0,0.0,0.0,0.2598220324761327,0.0,0.0
gex_possorted_bam_SJSO3:TGACTCCTCCGCCTATx-M1,0.019583171923370928,0.0,0.46749358396660473,0.0,0.5219511932150298,0.38096126272171055,0.0,0.0,0.0,0.09431035287788082,0.8165442873810052,0.0,0.0,0.0,0.08718338800094359,0.0,0.88196370722086,0.8685564117697566,0.0,1.0,0.6935785453978083,0.8245857510323231,0.1714153220634235,0.7159582935466371,0.0,0.0,0.36756324990985184,0.0,0.0,0.03846646768327616,0.33073045725324585,0.13717906214859762,0.1804147365169098,0.0,0.1833393257271944,0.04921889372438138,0.0,0.0018593565429469584,0.04158966839215972,0.15625065610160388,0.0,0.0,0.0,0.0,0.1636348623019188,0.003890142429726459,0.0,0.11957680070564418,0.0,0.13960002446266376,0.0,0.0,1.0
gex_possorted_bam_SJSO3:TGAGCAAAGTGGCGGAx-M1,0.0,0.1259047072014125,0.08671570217033743,0.046195056057542205,0.0,0.06593591850520025,0.9451735234101935,0.0,1.0,0.0,1.0,0.2907490164318452,0.5624786508397938,1.0,0.0,1.0,1.0,1.0,1.0,0.0,0.0,0.0,0.0,0.0,1.0,0.07475360212814813,1.0,0.08046826780516206,0.2552345654222125,0.025375845299116094,0.0,0.020140673102235235,0.0,0.0,1.0,0.0,1.0,0.0,0.0,1.0,0.0,1.0,1.0,1.0,0.0,0.0,1.0,1.0,0.0,0.0,0.3862444822131731,0.02703921220388175,0.0
gex_possorted_bam_SJSO3:TGAAGGATCGGTTCCTx-M1,0.0,0.03685620703107425,0.8773209394231269,0.0,0.0,0.0,1.0,0.0,1.0,0.0,1.0,0.5510500952088015,0.39393157543300394,1.0,0.0,1.0,1.0,0.645093572687316,0.9028620174951408,0.0,0.0,0.0,0.0,0.0,1.0,0.07915919273471711,1.0,0.04254013550064227,0.007794154333563728,0.0,0.4648540798192885,0.012896371184015437,0.0,0.0,1.0,0.0,1.0,0.0,0.0,1.0,0.0,1.0,1.0,1.0,0.0,0.0,1.0,1.0,0.0,0.0,0.22177052985124185,0.03029172299229509,0.0
gex_possorted_bam_SJSO3:TGACTCCTCCTTAAGAx-M1,0.05929311459810873,0.0,0.0,0.0,0.3722688480133174,0.42063689385796027,0.0,0.0,0.0,0.0,1.0,0.0,0.0,0.0,0.0,0.0,1.0,1.0,0.0,1.0,0.7658640421036125,0.9046728004647346,0.17115699491810518,0.7897749019081896,0.0,0.0,0.35224895955284885,0.0,0.0,0.020679955390385103,0.0,0.08016955625133672,0.18912063356585426,0.0,0.11402596954023737,0.0,0.0,0.0443486987809558,0.0,0.0,0.0,0.0,0.0,0.0,0.11587979892677003,0.0,0.0,0.22190869034583305,0.0,0.0,0.0,0.0,1.0
gex_possorted_bam_SJSO3:TGAGCAAAGTTGGGCCx-M1,0.08422672289392094,0.0,0.0,0.02079602375879953,0.2818267109671399,0.0,0.0,0.035145498602680195,0.0,0.0,0.6009454377570028,0.0,0.0,0.0,0.0,0.0,0.5500720974317492,0.7260841477512842,0.0,0.7907014138874181,0.48865688663682133,0.6484021003499335,0.15221879089323917,0.6889926637328314,0.0,0.0,0.4715234414707462,0.0,0.0,0.009300933019784737,0.0,0.10894539811838327,0.17306242953161394,0.0,0.2823197015258473,0.02785981598965657,0.0,0.06945429654679355,0.003283271544324981,0.0,0.0,0.0,0.0,0.0,0.11950542197387026,0.014736506260209016,0.0,0.36012127257145204,0.0,0.0,0.0,0.0,0.6952049853118468
gex_possorted_bam_SJSO3:TGAGCACGTTGCGCGAx-M1,0.0,1.0,1.0,0.4464662384056195,0.0,0.44858213269727987,1.0,0.0641415850586378,1.0,0.36352193009516204,1.0,1.0,1.0,1.0,0.0,1.0,1.0,1.0,1.0,0.0,0.0,0.0,0.0,0.0,1.0,0.5716284941760709,1.0,1.0,1.0,0.6025341970855496,1.0,0.0,0.0,0.3051691772335992,1.0,0.0,1.0,0.0,0.0,1.0,0.0,1.0,1.0,1.0,0.0,0.23815770672380268,1.0,1.0,0.5992517392243901,0.1322427803118614,1.0,0.47737171161357134,0.0
gex_possorted_bam_SJSO3:TGACCAAGTGATGGCTx-M1,0.0,0.0,0.0,0.0,0.016620253981002062,0.026550004393730307,0.0,0.0,0.0,0.0,0.5508022558899454,0.0,0.0,0.0,0.07668820258350395,0.0,0.7617037507470845,0.4279239828287947,0.0,1.0,0.4483413492808134,0.5201849296079458,0.11113881268774678,0.5835693622135226,0.0,0.0,0.3959700277685623,0.0,0.0,0.0,0.0,0.0,0.11168980116196252,0.0,0.367468144310177,0.0037226245770527926,0.0,0.0,0.04472491142646029,0.21108473760909655,0.0,0.22511921779184474,0.0,0.0,0.02711024336466705,0.0,0.0,0.36932853933539417,0.0,0.0,0.0,0.0,0.4542324557813718
gex_possorted_bam_SJSO3:TGAGCCGGTTACTAGGx-M1,0.0,0.0,0.9634992103559207,0.0,0.5738512319092962,0.5567486094542348,0.38639605062436705,0.1681072192971702,0.010692946673317412,0.19951112777635527,0.9662748301513717,0.0,0.0,0.0,0.08710728404910956,0.0,1.0,1.0,0.0,1.0,0.6640095391720866,0.7383527110692,0.13322964009549476,0.5182842707297342,0.0,0.0,0.5582622092598869,0.0,0.0,0.0,0.5686061800126966,0.2537922107290083,0.1623117792892053,0.0,0.38715464380953524,0.06960809079424307,0.0,0.0,0.1153743660915908,0.41076931619010554,0.275178127602022,0.0,0.0,0.7847797504833528,0.1370077867319269,0.05020661281844214,0.09047288657732366,0.20098734473169275,0.05864377370253166,0.20660076128296426,0.0,0.0,1.0
gex_possorted_bam_SJSO3:TGACTTAAGCTTCCCGx-M1,0.0,0.0,0.5698435753742991,0.0,0.0,0.0,0.7988083323132308,0.0,1.0,0.0,0.952211131737093,0.8746950097841727,0.0,1.0,0.0,1.0,1.0,0.0,0.46721116548543534,0.0,0.0,0.0,0.0,0.0,0.9402216407294546,0.0,1.0,0.0,0.02904531937486675,0.0,0.0,0.0,0.0,0.0,1.0,0.0,1.0,0.0,0.0,1.0,0.04835950768898118,1.0,0.8509736124908005,1.0,0.0,0.0,0.772680196502027,1.0,0.0,0.0,0.08538275446375615,0.0,0.0
gex_possorted_bam_SJSO3:TGACTTCGTGAAACAAx-M1,0.15702502471229707,0.22792827220856524,1.0,0.19382805912588943,0.09835925021623954,0.5297780929099913,0.7833258964305984,0.09537852031086441,0.9080058213919223,0.3568606882551187,1.0,0.15495162390106837,0.5853915171481751,1.0,0.3636516051176944,1.0,1.0,0.7889830442034167,0.6494524559322755,0.35656979981532466,0.19975101450673496,0.046686141746396105,0.15530726162366018,0.06843910249336721,1.0,0.3236399743747477,1.0,0.13077747211138663,0.05915984793467058,0.4953133156177095,1.0,0.38080784886130487,0.11091642658424171,0.12721109060663044,1.0,0.14364657014372148,1.0,0.035843161813749295,0.10862228235548259,1.0,0.4261784355410984,1.0,0.9945468404745091,1.0,0.24123500172973675,0.24964718310985554,1.0,1.0,0.3334543292998828,0.3073610979159858,0.6244854360688022,0.2693761223029894,0.8855737488137864
gex_possorted_bam_SJSO3:TGAGCTTAGTGAACCTx-M1,0.0,0.0,0.0,0.0,0.20620325471724626,0.0,0.0,0.01393451350474104,0.0,0.0,0.44775124143156525,0.0,0.0,0.0,0.0,0.0,0.6566482608229196,0.5011356955437316,0.0,1.0,0.40154514893526794,0.4806350073954841,0.11967181352281842,0.5058912544348172,0.0,0.0,0.5420671346573671,0.0,0.0,0.0,0.0,0.13782880155722152,0.1044161226026417,0.0,0.26538433537659023,0.0,0.0,0.0,0.0,0.019309720758780943,0.05014677408179524,0.0,0.0,0.0,0.0,0.0,0.0,0.42697747173598255,0.0,0.017850338686898386,0.0,0.0,0.710564301323618
gex_possorted_bam_SJSO3:TGATCGAGTGGTTAGCx-M1,0.04441442562486277,0.0,0.0,0.0,0.3362792451128721,0.12938727061573055,0.0,0.0,0.0,0.0,0.9328606626368386,0.0,0.0,0.0,0.0,0.0,0.8830153047802338,1.0,0.0,1.0,0.699487109441548,0.7546694792534194,0.1277709428513959,0.7543363358242028,0.0,0.0,0.4467847227768348,0.0,0.0,0.0,0.0,0.1479248377401204,0.14627131031326251,0.0,0.21580950373310875,0.0,0.0,0.052600119015513015,0.0,0.0,0.0,0.0,0.0,0.0,0.10182673660478278,0.0,0.0,0.34628923617280827,0.0,0.0,0.0,0.0,0.9034930397367061
gex_possorted_bam_SJSO3:TGCAAGCGTAGCTAATx-M1,0.02111595098179759,0.0,0.0,0.0,0.03798700946594247,0.1467636917450164,0.0,0.0,0.0,0.0,0.9895189264630427,0.0,0.0,0.0,0.0,0.0,0.8868625693270774,1.0,0.0,0.7347759267954691,0.45733717116333555,0.5503360354780019,0.11297960244328917,0.42713330758788287,0.0,0.0,0.4544004461625377,0.0,0.0,0.0,0.0,0.0,0.057475510454724155,0.0,0.34961248075309553,0.0,0.0,0.0,0.0,0.11749719243219485,0.0,0.0,0.0,0.0,0.0,0.0,0.0,0.5346167925897433,0.0,0.0,0.0,0.0,0.5467883669838348
gex_possorted_bam_SJSO3:TGATGATGTTGCACAAx-M1,0.0,0.33304375507442646,1.0,0.0,0.0,0.0,1.0,0.0,0.8418054997750897,0.3287662709268973,0.5587757046700195,1.0,0.4247457119057312,1.0,0.0,1.0,0.9646116328942275,0.0,0.3196621695574183,0.0,0.0,0.0,0.0,0.0,1.0,0.1282120265559618,1.0,0.5344501543492441,0.05485055638131167,0.13015327432004092,1.0,0.0,0.0,0.08479303104349091,1.0,0.0,1.0,0.0,0.0,1.0,0.14852700040895253,1.0,1.0,1.0,0.0,0.0,1.0,1.0,0.24147192723323394,0.0,0.2789873539985553,0.061628501216053955,0.0
gex_possorted_bam_SJSO3:TGAGGTGCACCAACCGx-M1,0.0,0.2670705980191686,0.029785352488172507,0.0,0.0,0.0,0.27518626160993337,0.08701758839629617,0.0,0.11992322699926744,0.023591669600913648,0.41228710374417754,0.0,0.0,0.232733623128963,0.09572184857903533,0.5918196963094768,0.0,0.0,1.0,0.18605338018475823,0.2645462826175958,0.0018283231305706933,0.5064041499266039,0.0,0.0,0.27743269975919277,0.0,0.0,0.0,0.4108912759075359,0.0,0.03400452018562295,0.09902618922047211,0.42716248202968105,0.05317575255434276,0.029813663308040667,0.0,0.129944043910185,0.5299009778488034,0.05734311475783102,0.625605466636476,0.0,0.0,0.0,0.0,0.0,0.13892014782401108,0.0,0.0,0.0,0.0,0.15187114565339713
gex_possorted_bam_SJSO3:TGAGGTGCACCTGTAAx-M1,0.04716172517777355,0.0,0.0449693213009253,0.0,0.29370283958093546,0.20322695231457052,0.0,0.0,0.0,0.0,0.9651236896027778,0.0,0.0,0.0,0.0,0.0,1.0,1.0,0.0,1.0,0.7018291833917792,0.7424004805595782,0.15496274151039033,0.6655215430592616,0.0,0.0,0.4279195302999584,0.0,0.0,0.0,0.0,0.15167219781394334,0.16731428287626487,0.0,0.25374264557934384,0.0,0.0,0.008120820333875015,0.006016284271365036,0.0,0.0,0.0,0.0,0.0,0.10559228177034301,0.0,0.0,0.15966426398979078,0.0,0.0,0.0,0.0,1.0
gex_possorted_bam_SJSO3:TGAGGGCCATCCTGAAx-M1,0.0,0.6571755848432774,1.0,0.21944303364011078,0.0,0.0,1.0,0.07978725814524605,1.0,0.3490063358709816,0.9997655339715033,0.806427498094752,0.9063431263687903,1.0,0.0,1.0,1.0,0.0,1.0,0.0,0.0,0.0,0.0,0.0,1.0,0.43895202853162313,1.0,0.5001883723207906,0.5818327198643263,0.045638312810515995,0.9007851159514255,0.0,0.0,0.18044230023110272,1.0,0.0,1.0,0.0,0.0,1.0,0.3061446152589594,1.0,1.0,1.0,0.0,0.1258033220142736,1.0,1.0,0.38447079318432276,0.12109584267539751,0.7853700710688576,0.25886856205299724,0.0
gex_possorted_bam_SJSO3:TGATCGAGTAAAGCAAx-M1,0.013734303296287826,0.0,0.062130591995564616,0.0,0.42984221570609776,0.15591037694141274,0.0,0.0,0.0,0.0,0.8116149534230193,0.0,0.0,0.0,0.0,0.0,0.798491881830893,0.9206867500270977,0.0,1.0,0.6229165181802835,0.7641627090626492,0.13803857144470688,0.6641428336315417,0.0,0.0,0.4158741442284026,0.0,0.0,0.0,0.0,0.09175762773684058,0.1455044247863137,0.0,0.1783406436296225,0.0,0.0,0.002916494569423005,0.0,0.0,0.0,0.0,0.0,0.0,0.05993397871316746,0.0,0.0,0.21595023629194973,0.0,0.00565732475456973,0.0,0.0,1.0
gex_possorted_bam_SJSO3:TGATCGAGTTTCGCGCx-M1,0.12366937399529727,0.2532702016122961,1.0,0.12655769805426442,1.0,1.0,0.47353946977028977,0.251968798046344,0.20440583954159502,0.6427348902003257,1.0,0.0,0.18417285123400276,0.0,0.2703092499493233,0.12212022826989577,1.0,1.0,0.0,1.0,1.0,1.0,0.3278584266540241,0.7287548364556049,0.0,0.08602282282063488,0.43587495184199626,0.15390814405417533,0.0,0.27795986796616456,1.0,0.4987168068648441,0.3511371844516085,0.06294345190916033,0.24933364006319014,0.2898024575412681,0.0,0.08516232090500116,0.35683044198551706,0.501745747015596,0.4334246393750947,0.0,0.13929972543934083,1.0,0.3528535274215089,0.24215186874395273,0.46658331838044304,0.0,0.37284437194890063,0.5840513140367596,0.0,0.13667709158128766,1.0
gex_possorted_bam_SJSO3:TGAGTTTCACAAAGACx-M1,0.008916859020411222,0.0,0.0,0.0,0.398368529761399,0.0848464393844493,0.0,0.0,0.0,0.0,0.8207800440592918,0.0,0.0,0.0,0.0,0.0,0.8071802091484308,0.8629587599392534,0.0,1.0,0.5628013695262792,0.711860067638663,0.1429996473435086,0.6381473258144146,0.0,0.0,0.4756120823356608,0.0,0.0,0.0,0.0,0.15821235525508998,0.12589344024720273,0.0,0.2068236311665912,0.0,0.0,0.0010499485121445566,0.0,0.0,0.0,0.0,0.0,0.0,0.04699863836373882,0.0,0.0,0.2492806627560075,0.0,0.0,0.0,0.0,0.9255677936256625
gex_possorted_bam_SJSO3:TGATCACAGGCCAATTx-M1,0.23424366345286213,0.07374622916304206,0.9692236756232521,0.1412279554512842,0.9840056923488261,1.0,0.0,0.11191743567893934,0.0,0.4980658194842225,1.0,0.0,0.13362981469926347,0.0,0.3341724667282295,0.0,1.0,1.0,0.0,1.0,1.0,1.0,0.3829725437061115,0.8911145503534885,0.0,0.13311720764763768,0.3353298531399348,0.18940302739601983,0.0,0.36082515403808346,0.8580089578906973,0.5064932738213871,0.42550382550338944,0.06454184066584813,0.23115321545983228,0.29262769142500594,0.0,0.1522932555971051,0.3081989697017739,0.2099256814529263,0.13303590615250044,0.0,0.0,0.7907563788525581,0.45959252884936064,0.22359120432026086,0.1764829662184941,0.2251592753503756,0.2589134405225134,0.5575610988065512,0.0,0.20754794540342508,1.0
gex_possorted_bam_SJSO3:TGATCACAGCTTACTTx-M1,0.0,0.0,0.46740302962317654,0.0,0.0,0.0,0.9423694212168718,0.0,1.0,0.0,0.9723146003362739,0.6078418346777235,0.14794009533793692,1.0,0.0,1.0,1.0,0.0,0.461774953997797,0.0,0.0,0.0,0.0,0.0,1.0,0.02305972728079914,1.0,0.05297089377022258,0.08805862943560351,0.0,0.09485773454155341,0.0,0.0,0.0,1.0,0.0,1.0,0.0,0.0,1.0,0.0,1.0,1.0,1.0,0.0,0.0,1.0,1.0,0.0,0.0,0.19638874395388736,0.0,0.0
gex_possorted_bam_SJSO3:TGAGTTTCATTGCGACx-M1,0.05480607004676221,0.0,0.0,0.0,0.3429958765816549,0.36738465110406004,0.0,0.0,0.0,0.0,1.0,0.0,0.0,0.0,0.0,0.0,0.9834559799271579,1.0,0.0,1.0,0.6352419758343792,0.8444652613910809,0.14980233235745238,0.7518251380221971,0.0,0.0,0.3794764540704816,0.0,0.0,0.0,0.0,0.1704501314668537,0.15517690231812395,0.0,0.15787341643608466,0.0,0.0,0.009821222525108588,0.0,0.0,0.0,0.0,0.0,0.0,0.09018406334637578,0.0,0.0,0.2717288072475061,0.0,0.0,0.0,0.0,1.0
gex_possorted_bam_SJSO3:TGATGAACATCCCGCTx-M1,0.13069371889157722,0.0,0.8573450796833213,0.0,0.8432344971947561,0.8033174177774303,0.0,0.09315141743147701,0.0,0.05445448488098889,1.0,0.0,0.0,0.0,0.08667152372677024,0.0,1.0,1.0,0.0,1.0,1.0,0.9695318713771235,0.290032397776107,0.7626004158392277,0.0,0.07812702309483657,0.4652513331138512,0.04221502698183096,0.0,0.10993689673294257,0.0,0.5205990178846986,0.36975054891490855,0.0,0.2070788769504923,0.05496093927964044,0.0,0.06183895539789639,0.12228865901649486,0.0,0.3506171603822609,0.0,0.0,0.0,0.3104447186947681,0.004254324241517402,0.24298656014684944,0.30385039759267185,0.026997971550972544,0.3128470775616842,0.0,0.0,1.0
gex_possorted_bam_SJSO3:TGAGGGCCAATATGGAx-M1,0.0,0.5047391806268876,0.4839469504768454,0.01759693392988837,0.0,0.06893085820710546,1.0,0.01620347093873611,0.06236327894408512,0.13632164716452902,0.8259540658043606,1.0,0.0,0.8598888366668068,0.21032227534220108,1.0,1.0,0.6005437893444632,0.27740634823613747,0.0,0.0,0.0,0.0,0.0,0.10821941408386095,0.0,0.8293628622016176,0.012771978199988142,0.0,0.0,0.36202374375722207,0.0,0.0,0.10730403142618579,1.0,0.0,0.8259639089695857,0.0,0.060873674487564866,1.0,0.22766134178994893,1.0,0.0,0.044096943892184916,0.0,0.0,0.0,1.0,0.0,0.0,0.0,0.0,0.0
gex_possorted_bam_SJSO3:TGAGGTGCAGGATTAAx-M1,0.0,0.9890268059021698,1.0,0.08512031603353766,0.0,0.4800886795372931,1.0,0.3279329774646157,0.0,0.7418809216002817,0.0,0.9876907029172237,0.0,0.2026338391522016,0.6478599545035877,0.48829973933953685,0.954943545072016,0.0,0.0,1.0,0.45804124270612534,0.3319308163516679,0.1086990893744978,0.6683054186412455,0.0,0.0,0.11002848738776057,0.40324447353768567,0.0,0.0,1.0,0.0,0.190218838790018,0.3017729232342852,0.5532566130457306,0.3056759482966457,0.2988878781826045,0.002608312334181985,0.4524543667322667,1.0,0.47903394372408026,0.999492037132227,0.0,0.3560729362568659,0.16339310989304154,0.06156273152956086,0.0,0.0,0.2148581472518535,0.23368510072699536,0.0,0.0,0.683862129103516
gex_possorted_bam_SJSO3:TGATTAGTCCGCCAAAx-M1,0.0,0.0,0.0,0.0,0.0,0.0,0.0,0.0,0.0,0.0,0.47877086505813116,0.0,0.0,0.0,0.0,0.0,0.6141351871840279,0.33806710754183655,0.0,0.6558344883319461,0.18548470005508164,0.2795690061311429,0.03324176913515646,0.38656406362698315,0.0,0.0,0.5886293916698537,0.0,0.0,0.0,0.0,0.0,0.007616824029418849,0.0,0.4577854924627669,0.0,0.11057979229549172,0.0,0.0,0.22138383986279542,0.05300683165249486,0.3617577991482025,0.0,0.0,0.0,0.0,0.0,0.6752941113177667,0.0,0.0,0.0,0.0,0.3703116435663835
gex_possorted_bam_SJSO3:TGAGGGCCATTGCAGCx-M1,0.026827392348132823,0.0,0.13182376905387255,0.0,0.22646380518059503,0.012251738272009293,0.0,0.0,0.0,0.029581837474931313,0.5024034876729622,0.0,0.0,0.0,0.08461391943649882,0.0,0.5209805768691461,0.3298844259255426,0.0,1.0,0.6228129544109222,0.6785506682235695,0.12493183895111717,0.6742751535604662,0.0,0.0,0.35854190289969967,0.0,0.0,0.0,0.3416815963524332,0.0,0.13603447261769389,0.0,0.32254542107636747,0.051140882353491866,0.0,0.01969017260340741,0.042413056778773196,0.2816608737416911,0.0,0.0,0.0,0.0,0.058780872057301155,0.030307358653098946,0.0,0.082822170018187,0.0,0.0,0.0,0.0,0.9248777618076557
gex_possorted_bam_SJSO3:TGATCCTGTGGGAACAx-M1,0.22322049263997468,0.25271701506402494,1.0,0.1409928723171833,1.0,1.0,0.0,0.1568586755740796,0.0,0.6280067218196954,1.0,0.0,0.18485406871933022,0.0,0.38327264774183456,0.0,1.0,1.0,0.0,1.0,1.0,1.0,0.45127533836661965,0.8319056930693597,0.0,0.1855351218297636,0.37383404732968795,0.16236294765513648,0.0,0.38308941553702747,0.8817314822635066,0.5375021292948406,0.45236515034540975,0.06041711468628126,0.2339311344664807,0.30499358438249535,0.0,0.15767233179919996,0.3844755324336334,0.3078585930967354,0.4001871350515308,0.0,0.017408561443422014,1.0,0.442803304927229,0.2500502760095434,0.5416579634395069,0.0,0.37193344289663194,0.7146847498408727,0.0,0.21863250417589392,1.0
gex_possorted_bam_SJSO3:TGATGATGTATTGCAGx-M1,0.0029350928127462495,0.0,1.0,0.05276140082308098,0.4943156798596984,0.8211017607141726,1.0,0.537199963560103,0.5325186996581964,0.3675497900451923,1.0,0.0,0.0,0.8377622786086636,0.15711869964188468,0.0,1.0,1.0,0.24050981979521763,1.0,0.6472821492166527,0.614295618859172,0.12404416123948693,0.3290739072191982,0.0,0.0044830146405231055,0.5729976190850241,0.5326484492434989,0.07720175963757088,0.0,0.0,0.5645780659541062,0.28273924215985696,0.0,0.5403190473551445,0.15335059034126433,0.0,0.021817576949031477,0.3136077835911581,0.38105579414703733,1.0,0.0,0.0,1.0,0.3627503170078816,0.0,1.0,0.4014879386295434,0.0,0.3415067924449101,0.0,0.0,1.0
gex_possorted_bam_SJSO3:TGAGGTGCATGAAATGx-M1,0.03588963226234029,0.0,1.0,0.1404415665993333,0.7939309212024908,0.9992877945085868,1.0,0.2499264191422819,0.3963364460922259,0.29277891632563696,1.0,0.0,0.10605844911309745,0.29715885101182116,0.22096413038195414,0.2904402971621182,1.0,1.0,0.10399499288562383,1.0,0.8087013438672972,0.725455758061126,0.16772486234215156,0.45565144356947074,0.08230838584786758,0.06710408632854346,0.7465438706747726,0.23219832395285822,0.0,0.0,0.566455325999278,0.5179078155664666,0.21408618330513693,0.0,0.4738190763269669,0.14295266409688873,0.3111157261902037,0.0,0.2592972948862435,0.4456321010449521,0.5193473364151984,0.3528951833672491,0.0,1.0,0.15020706273291978,0.057129585396711396,0.4744072304668376,0.6970112171550461,0.12208457704630955,0.3072738073040349,0.0,0.0,1.0
gex_possorted_bam_SJSO3:TGAGGAGGTGGTTAGCx-M1,0.12038977231317563,0.828787940723962,1.0,0.30853237704645103,0.0,0.7426867839851338,1.0,1.0,0.5702697302337757,1.0,0.0,1.0,0.27582553142431093,1.0,0.7088179159608479,0.6765435840886689,1.0,1.0,0.4152355338041462,1.0,0.43383210610896145,0.07781946519097538,0.334800585897043,0.5267636185687714,0.15304175845211737,0.11546872181449398,0.22377850235376184,1.0,0.7905146492378076,0.24562036396501222,0.10846440878973071,0.0,0.3991234610382907,0.2751059392999101,0.8606944381138028,0.6232916514598366,0.48891881866226705,0.369559669058184,0.734578108333126,0.7425063002313607,1.0,1.0,0.022134668273095584,0.5844811352453733,0.8301048901585752,0.09220929762914931,1.0,0.42788291729549593,0.28297442330225014,0.7230664271840153,0.0,0.0,1.0
gex_possorted_bam_SJSO3:TGAGTGAAGCAAGATGx-M1,0.0,0.006674830563238763,0.6683136132625012,0.0,0.0,0.0,0.9320955958746683,0.0,0.7297147197896802,0.0,0.9333387100257196,0.5392330907095826,0.032485313918956336,0.839235846775464,0.0,1.0,1.0,0.0,0.32894895405461927,0.0,0.0,0.0,0.0,0.0,0.8129445666938024,0.0,1.0,0.03651333459179726,0.021513681274078482,0.0,0.10772456517448739,0.0,0.0,0.0,1.0,0.0,1.0,0.0,0.0,1.0,0.0,1.0,0.8649230954491558,1.0,0.0,0.0,0.8262320115091502,1.0,0.0,0.0,0.10311369973288925,0.0,0.0
gex_possorted_bam_SJSO3:TGAGGCACAAGGAATCx-M1,0.0,0.0,0.0,0.0,0.0,0.0,0.5291694729039739,0.0,0.7901198392571389,0.0,1.0,0.2655584334304494,0.048016084517159975,1.0,0.0,1.0,1.0,0.952623261049332,0.9242013621727766,0.0,0.0,0.0,0.0,0.0,1.0,0.0,1.0,0.0,0.09719056023168886,0.0,0.0,0.0,0.0,0.0,1.0,0.0,1.0,0.0,0.0,1.0,0.0,1.0,0.8573138902508127,0.4072150457606168,0.0,0.0,0.943773656193319,1.0,0.0,0.0,0.20497553037014862,0.0,0.0
gex_possorted_bam_SJSO3:TGATCAGGTGCTTAGAx-M1,0.0,0.25222708905622304,1.0,0.03451567997844877,0.0,0.0,1.0,0.0,1.0,0.0,1.0,0.7898469788727738,0.5432929023308694,1.0,0.0,1.0,1.0,0.09312936754746305,0.8691549819789992,0.0,0.0,0.0,0.0,0.0,1.0,0.13702574535907408,1.0,0.2620272182218341,0.30681748805435516,0.0,0.8013383714304139,0.0,0.0,0.006689019889669062,1.0,0.0,1.0,0.0,0.0,1.0,0.0,1.0,1.0,1.0,0.0,0.0,1.0,1.0,0.11153253664831576,0.0,0.49576521741940466,0.07295040503160356,0.0
gex_possorted_bam_SJSO3:TGATTAGTCGGTTTCCx-M1,0.0,0.34162116970761736,1.0,0.06257310874941915,0.0,0.0,1.0,0.0,1.0,0.0021277538210953185,1.0,1.0,0.4597211558689262,1.0,0.0,1.0,1.0,0.0,0.7972902888128296,0.0,0.0,0.0,0.0,0.0,1.0,0.1319849113955906,1.0,0.3230446258519335,0.3569896130668612,0.03302600031113657,0.8587685425090619,0.0,0.0,0.05857794506077671,1.0,0.0,1.0,0.0,0.0,1.0,0.0,1.0,1.0,1.0,0.0,0.0,1.0,1.0,0.1382365793945081,0.0,0.38765677384202374,0.07900655805851083,0.0
gex_possorted_bam_SJSO3:TGATCACAGCGATACTx-M1,0.0,0.0,0.0,0.0,0.0,0.0,0.0,0.0,0.0,0.0,0.5856732016402831,0.0,0.0,0.0,0.0,0.0,0.6798512958270608,0.5217363235175915,0.0,0.8877904459189697,0.19009505817974487,0.4172202832457574,0.02568448139440905,0.49749816260825724,0.0,0.0,0.43127587281448093,0.0,0.0,0.0,0.0,0.0,0.014695344926925235,0.004756889336092359,0.36967430028378856,0.0,0.0,0.0,0.0,0.2346961598869176,0.0,0.02364443061490543,0.0,0.0,0.0,0.0,0.0,0.27899705256531065,0.0,0.0,0.0,0.0,0.4157894850752823
gex_possorted_bam_SJSO3:TGAGGGCCACTAAGAAx-M1,0.2841358094628282,0.9143650960172298,1.0,0.5652848140763734,0.011756150479995934,1.0,1.0,1.0,0.591478947054178,1.0,0.303220853392841,1.0,0.8168666313900308,1.0,0.5172964414882709,0.24985400692259999,1.0,1.0,0.950850101788024,1.0,0.32606272632316863,0.29318181668945686,0.4988358010113804,0.5018351146754777,0.3912645680628277,0.4311475643407857,0.7793616439847185,1.0,1.0,0.33407642201556775,0.0,0.6434403583535385,0.566545155349865,0.6057834924196293,0.9335658617077348,0.5484856438834043,0.4157583468935071,0.5012061208633246,0.7895319150447333,0.4567791083516662,1.0,0.47593691227012813,0.7742934092232943,0.17120036092274007,1.0,0.3366171865552157,1.0,1.0,0.40387158559767233,0.8527807961802826,0.0,0.029128851361099283,1.0
gex_possorted_bam_SJSO3:TGAGGTGCACTTCACTx-M1,0.1355660046523197,0.0,0.0,0.0,0.2965196953378396,0.6271863470971969,0.0,0.0,0.0,0.0,1.0,0.0,0.0,0.0,0.0,0.0,1.0,1.0,0.06501370655986662,0.974319413434237,0.8388921339971535,0.9045398526522654,0.19179682344582388,0.7927642658706775,0.0,0.0,0.3382484954073103,0.0,0.0,0.02282772468352213,0.0,0.11520393476322238,0.20734161445563035,0.0,0.20637827005230672,0.04637154065428498,0.0,0.15335983180155618,0.03266735499250485,0.0,0.0,0.0,0.0,0.0,0.1815687316826073,0.021002701349052025,0.0,0.3644423234440925,0.0,0.0,0.0,0.08143735486228397,0.9330382533959982
gex_possorted_bam_SJSO3:TGAGGGAGTATTTGGGx-M1,0.12117050313334281,0.0,0.5156363025103909,0.008382203542938924,0.7893979674402963,0.880281453195214,0.0,0.0,0.0,0.1971188541565753,1.0,0.0,0.0,0.0,0.12376686585670883,0.0,1.0,1.0,0.0,1.0,0.949422836878728,1.0,0.28305175380775344,0.8162179408334833,0.0,0.01436440967191687,0.4078978240586876,0.0,0.0,0.28718491675053365,0.25764442339599647,0.3313906246018393,0.29697594947663963,0.0,0.147308362089302,0.0965318668545298,0.0,0.04533154663775077,0.10552030937522268,0.0,0.0,0.0,0.0,0.0,0.3716421651481645,0.05656110904893092,0.0,0.28100309299914317,0.04946670530836402,0.33382239649814166,0.0,0.058251194692287435,1.0
gex_possorted_bam_SJSO3:TGATCGAGTTAATGACx-M1,0.0,0.0,0.0,0.028699740856451935,0.0,0.0,0.7862501813131053,0.15034474109692222,1.0,0.0,1.0,0.32744450500903494,0.2567475261611723,1.0,0.0,1.0,1.0,1.0,1.0,0.0,0.0,0.0,0.0,0.0,1.0,0.11411134723309334,1.0,0.0,0.18774153330029156,0.0,0.0,0.0,0.0,0.0,1.0,0.0,1.0,0.0,0.0,0.9008643509882265,0.0,1.0,0.6418357269049453,0.0,0.0,0.0,1.0,1.0,0.0,0.0,0.6375166809278539,0.0,0.0
gex_possorted_bam_SJSO3:TGAGGTGCATTGACATx-M1,0.15066200503152508,0.0,0.0709587614095329,0.0,0.618113178408655,1.0,0.0,0.0,0.0,0.0,1.0,0.0,0.0,0.0,0.13241225107665755,0.0,1.0,1.0,0.13195881438549953,1.0,0.9707680520623901,1.0,0.25412308216211926,0.8948721619438098,0.0,0.0,0.30729342772791274,0.0,0.0,0.17629505056505101,0.0862332386485605,0.16378196141989776,0.27307184207620905,0.0,0.1337621991888333,0.08781818358995581,0.0,0.09090996283577711,0.09207011736408503,0.0,0.0,0.0,0.0,0.0,0.3183368347245587,0.02843011382815922,0.0,0.2833375986772709,0.0,0.08738904307892667,0.0,0.08199819612251977,1.0
gex_possorted_bam_SJSO3:TGATGACTCTTAGTCTx-M1,0.0,0.0,0.3809076467160298,0.0,0.0,0.0,0.8214082480796931,0.0,1.0,0.0,1.0,0.741992254349339,0.23737547208051535,1.0,0.0,1.0,1.0,0.14486233167663892,0.6162571416897158,0.0,0.0,0.0,0.0,0.0,1.0,0.048667413246619835,1.0,0.014778929724402541,0.2649653409976841,0.0,0.11281938337101018,0.0,0.0,0.0,1.0,0.0,1.0,0.0,0.0,1.0,0.0,1.0,1.0,1.0,0.0,0.0,1.0,1.0,0.0,0.0,0.1884046756798442,0.0,0.0
gex_possorted_bam_SJSO3:TGATCACAGTAAGGGCx-M1,0.07661528291585178,0.0,0.0,0.0,0.44901123255110803,0.5927149621282596,0.0,0.0,0.0,0.0,1.0,0.0,0.0,0.0,0.0,0.0,1.0,1.0,0.0,1.0,0.7139468997726132,0.8720099961375798,0.18133808723636977,0.7150309573657243,0.0,0.0,0.4358440111818969,0.0,0.0,0.07320122748824265,0.0,0.19943496925983004,0.15364264872659952,0.0,0.21659529356434343,0.0,0.0,0.04322798167493481,0.0,0.0,0.0,0.0,0.0,0.0,0.0919564375804528,0.0,0.0,0.3358912500780287,0.0,0.0,0.0,0.01248366236304717,1.0
gex_possorted_bam_SJSO3:TGAGGCACAGTTTGGCx-M1,0.0,0.9760665790519883,1.0,0.4491330474297356,0.0,0.312877607220353,1.0,0.09014795662154312,1.0,0.45037200188412374,1.0,1.0,1.0,1.0,0.0,1.0,1.0,1.0,1.0,0.0,0.0,0.0,0.0,0.0,1.0,0.6108452456675182,1.0,1.0,0.7865360003355061,0.7943175801472888,1.0,0.0,0.0,0.34303693640342725,1.0,0.0,1.0,0.0,0.0,1.0,0.07672245697970961,1.0,1.0,1.0,0.0,0.28783152301623394,1.0,1.0,0.7033824498283483,0.072131774637828,1.0,0.5009838895273856,0.0
gex_possorted_bam_SJSO3:TGATGAACAGAACCGAx-M1,0.09313476764205213,0.0,1.0,0.03634311138532348,0.8254599479217646,0.8524908772993884,0.0,0.029496918056393023,0.0,0.44896571823514136,0.9964537552445971,0.0,0.0,0.0,0.3000816042997548,0.0,1.0,1.0,0.0,1.0,0.7753041684508446,0.9372295489414875,0.2817381670255161,0.7031059075538677,0.0,0.048051408362534215,0.3423394526852805,0.029505093100545065,0.0,0.19685610279621635,0.8764029961656798,0.35816006858543864,0.2747349260120286,0.00979390520539865,0.23095598818337515,0.19282506389048865,0.0,0.048696492153240574,0.18090167676284877,0.3494094670095821,0.05337778594182024,0.0,0.0,0.4901938635525266,0.33462335721353753,0.1287163688254916,0.0756633836504614,0.0673937557735693,0.16629948074047574,0.44320580522197095,0.0,0.11052428759158661,1.0
gex_possorted_bam_SJSO3:TGATGACTCTTTGACTx-M1,0.0,0.746965194243444,1.0,0.325846863198716,0.0,0.0,1.0,0.1454340343196554,1.0,0.2079532850060052,0.9504895723963097,1.0,1.0,1.0,0.0,1.0,0.9130797973749378,0.0,1.0,0.0,0.0,0.0,0.0,0.0,1.0,0.5029205939371362,1.0,1.0,1.0,0.4148743267485477,1.0,0.0,0.0,0.27796554539715496,1.0,0.0,1.0,0.0,0.0,1.0,0.0,1.0,1.0,1.0,0.0,0.2063504819108038,1.0,1.0,0.5102253065032043,0.05847507348177958,1.0,0.4014299029173412,0.0
gex_possorted_bam_SJSO3:TGAGGAGGTTTGGGTAx-M1,0.0,0.0,0.18850541257567793,0.0,0.0,0.0,0.462987538422433,0.0,0.893804650262422,0.0,1.0,0.38413909082866965,0.1314193545322082,1.0,0.0,1.0,0.9820327045569863,0.22116340678749458,0.5592283564512127,0.0,0.0,0.0,0.0,0.0,1.0,0.0,1.0,0.0,0.1630351868968562,0.0,0.0,0.0,0.0,0.0004282704445058348,1.0,0.0,1.0,0.0,0.0,1.0,0.0,1.0,0.7112915949166002,0.600676798323481,0.0,0.0,0.8305302749839264,1.0,0.0,0.0,0.19027469832782762,0.0,0.0
gex_possorted_bam_SJSO3:TGCTAGCCACAATACTx-M1,0.030786987999017666,0.0,0.8595546804344653,0.04451140710671587,0.2861963002976844,0.47691502217141984,0.3480124265326989,0.0,0.3198940596390288,0.17998659605933226,1.0,0.0,0.19639787812540602,0.26224251888856137,0.07522639028998926,0.8258679101611833,1.0,0.8886356841263019,0.14198597255632753,0.8088439198205805,0.4225408304960428,0.28293116666861373,0.09360392218743287,0.23484660550238912,0.5069005646810535,0.04778820716984486,0.9493482710139605,0.18644556466884485,0.05022119411725152,0.2214537328982803,1.0,0.053964741154915695,0.06312323526829777,0.0,0.9992205761626008,0.0505037319439703,1.0,0.0,0.0,0.8483210214321064,0.0,0.6739744712019512,0.5452539265818461,1.0,0.1096027303735713,0.09531345722248255,0.48599169186235264,1.0,0.15415071280955528,0.21537806847497729,0.1351227791196086,0.12077521185467426,0.9187792723970903
gex_possorted_bam_SJSO3:TGCGGTTCAGGTTAAAx-M1,0.30057984265940785,0.049375705858794756,0.6602820916936614,0.18369439278496927,0.9804909286056258,1.0,0.0,0.10381738981185469,0.0,0.3526578618058772,1.0,0.0,0.0,0.0,0.3743649679995922,0.0,1.0,1.0,0.13268985610798587,1.0,1.0,1.0,0.43150875034283503,1.0,0.0,0.08642626028407771,0.22158188094478745,0.17985085075471766,0.0,0.5389779917154249,0.9023982769538801,0.2446683212111959,0.45042633216615824,0.09095407575987947,0.09179405285023674,0.3156363254240483,0.0,0.22434680551261357,0.3476910227978794,0.06908022077943912,0.0,0.0,0.0,0.49813460910776225,0.46892216065364667,0.26007396552377665,0.18845058089658845,0.01597739230699509,0.2674955826476358,0.5420493351566434,0.0,0.28886862452607326,1.0
gex_possorted_bam_SJSO3:TGCATTAAGCTATTAGx-M1,0.0050190773263618345,0.0,0.9338402883829882,0.0,0.7624586078088235,0.6443197719516964,0.9469941551980828,0.3762431565462666,0.35618264046763964,0.0,1.0,0.0,0.005493621779531354,0.0,0.0,0.0,1.0,1.0,0.049413857115967234,1.0,0.7411056917774255,0.7827226772827004,0.12421489930133457,0.4025866822587378,0.0,0.0,0.8870256104905672,0.0,0.06898497981662709,0.0,0.0,0.5993599117684358,0.15014329666029969,0.0,0.43744764386716517,0.0,0.0,0.0,0.07110293337986001,0.2266175715976808,0.7630154851922013,0.0,0.0,1.0,0.008792496476512781,0.056088302337516285,0.37558501275289163,0.5546886183814085,0.0,0.01724071545078803,0.0,0.0,1.0
gex_possorted_bam_SJSO3:TGCTAACAGTCGCAATx-M1,0.0,0.9375098297731894,1.0,0.43374378752592135,0.0,0.09872497053732734,1.0,0.10749898252128473,1.0,0.3509371144647052,1.0,1.0,1.0,1.0,0.0,1.0,1.0,0.6255986253566806,1.0,0.0,0.0,0.0,0.0,0.0,1.0,0.61531213972677,1.0,1.0,1.0,0.554136855069495,1.0,0.0,0.0,0.314635872186246,1.0,0.0,1.0,0.0,0.0,1.0,0.009020409185088535,1.0,1.0,1.0,0.0,0.2358190401157659,1.0,1.0,0.607138368656212,0.21022521011680873,1.0,0.4854493079923551,0.0
gex_possorted_bam_SJSO3:TGCAGGCTCTAGCTTTx-M1,0.0,1.0,1.0,0.25298145479144885,0.0,0.2637500127903253,1.0,0.0,1.0,0.2134565230867645,1.0,1.0,0.9528547606416096,1.0,0.0,1.0,1.0,1.0,1.0,0.0,0.0,0.0,0.0,0.0,1.0,0.2537191612075419,1.0,0.6788307623647079,0.42711720576285583,0.2368088911157899,1.0,0.052347410031687504,0.0,0.18955044915909722,1.0,0.0,1.0,0.0,0.0,1.0,0.0463081304690112,1.0,1.0,1.0,0.0,0.06023187266761574,1.0,1.0,0.3654371093620588,0.0,0.8022538632493547,0.20568225166684032,0.0
gex_possorted_bam_SJSO3:TGCCTGTTCATTGCGGx-M1,0.0,0.06283506958559905,1.0,0.0,0.0,0.0,1.0,0.0,1.0,0.0,1.0,0.6721584437016282,0.30611480656684414,1.0,0.0,1.0,1.0,0.22516599610833107,0.686971650414304,0.0,0.0,0.0,0.0,0.0,1.0,0.06930278017826477,1.0,0.1485726615920116,0.07240538505916676,0.0,0.4247265974212753,0.0,0.0,0.0,1.0,0.0,1.0,0.0,0.0,1.0,0.0,1.0,1.0,1.0,0.0,0.0,1.0,1.0,0.02349399872310272,0.0,0.295583361035911,0.0,0.0
gex_possorted_bam_SJSO3:TGCAATATCTGTAAGCx-M1,0.16603085393100978,0.13369211431323225,1.0,0.15774364660063947,1.0,1.0,0.0,0.14241167287400922,0.0,0.7323638725881366,1.0,0.0,0.0930959946876176,0.0,0.43391791679064184,0.0,1.0,1.0,0.0,1.0,0.9131904675462618,1.0,0.42580398888284654,0.7639036812727381,0.0,0.1380120613382551,0.33341085765393275,0.20760539326127614,0.0,0.3975082238341009,1.0,0.5198947647362181,0.3749931176720596,0.125075454416171,0.2011957245418587,0.3373733323978791,0.0,0.07535772607219914,0.34143035008219436,0.4738401674630925,0.2960916246155796,0.0,0.01904334830872075,1.0,0.46172676722976863,0.257141810454222,0.3061415093299303,0.0,0.3516352677712673,0.8077020475601095,0.0036615577618438733,0.23457507162417832,1.0
gex_possorted_bam_SJSO3:TGCGCAGGTTAATCGGx-M1,0.053119451725700866,0.0,0.0,0.0,0.50336365231477,0.43929652912068834,0.0,0.0,0.0,0.0,1.0,0.0,0.0,0.0,0.0,0.0,0.9512563756677007,1.0,0.0,1.0,0.6604955233817135,0.8664116728343508,0.18986846749395056,0.6723598894716131,0.0,0.0,0.4023767744524258,0.0,0.0,0.055052673513988605,0.0,0.13774567949131633,0.16618766194752732,0.0,0.19257618849584593,0.008782016359362859,0.0,0.06029201230343675,0.0,0.0,0.0,0.0,0.0,0.0,0.1483850447252506,0.01230971970301956,0.0,0.1848790258107347,0.0,0.09562309696580164,0.0,0.0331764899796044,1.0
gex_possorted_bam_SJSO3:TGCAAGCGTTCAAGCAx-M1,0.07950501664383663,0.0,0.0,0.0,0.492726750787086,0.3648569427862095,0.0,0.0,0.0,0.0,1.0,0.0,0.0,0.0,0.0,0.0,1.0,1.0,0.0,0.9273719060029872,0.6055352963619998,0.8002525213558036,0.18945018212956344,0.6858333751856297,0.0,0.0,0.407487812584081,0.0,0.0,0.00045405957050763043,0.0,0.18572360876315044,0.15740001438214202,0.0,0.1957519888013551,0.0,0.0,0.08716227880132471,0.0,0.0,0.0,0.0,0.0,0.0,0.07679456384732222,0.0,0.0,0.23386563918082157,0.0,0.0,0.0,0.0,1.0
gex_possorted_bam_SJSO3:TGCAATATCGTTATAGx-M1,0.0,0.0,0.5551789653265776,0.0,0.0,0.0,1.0,0.0,1.0,0.0,1.0,0.6478490040625151,0.0972527936637586,1.0,0.0,1.0,1.0,0.30503641665337183,0.7631181208559811,0.0,0.0,0.0,0.0,0.0,1.0,0.028584119668698844,1.0,0.08616325475292168,0.06996385803092232,0.0,0.0,0.0,0.0,0.0,1.0,0.0,1.0,0.0,0.0,1.0,0.0,1.0,1.0,1.0,0.0,0.0,1.0,1.0,0.0,0.0,0.2737502898513884,0.0,0.0
gex_possorted_bam_SJSO3:TGCTAGCCAGGAAGCCx-M1,0.0,0.0,1.0,0.0,0.0,0.0,1.0,0.0,1.0,0.0,0.5633749275942695,1.0,0.45089270900138356,1.0,0.0,1.0,0.5752888956846879,0.0,0.29718877818130857,0.0,0.0,0.0,0.0,0.0,1.0,0.08236955879212289,1.0,0.07278045715161578,0.036963233224030875,0.0,0.6620928083055672,0.0,0.0,0.0,1.0,0.0,1.0,0.0,0.0,1.0,0.03547790432105509,1.0,1.0,1.0,0.0,0.0,1.0,1.0,0.055802366504550775,0.0,0.36366528430022516,0.008815562723123772,0.0
gex_possorted_bam_SJSO3:TGCATCCTCGGCCAGTx-M1,0.0,0.0,0.0,0.0,0.11905464309333484,0.0,0.0,0.0,0.0,0.0,0.7598392288109275,0.0,0.0,0.0,0.0,0.0,0.6743198227542124,0.7335062001971715,0.0,0.7023941483985563,0.3655826048457785,0.5359547973636012,0.09091637692596856,0.5543909006765055,0.0,0.0,0.5109486771285148,0.0,0.0,0.0,0.0,0.06031368316211618,0.057338221297852196,0.0,0.2997547086234269,0.0,0.0,0.018650309813403477,0.0,0.008078222350877441,0.0,0.0,0.0,0.0,0.0,0.0,0.0,0.38816711072861537,0.0,0.0,0.0,0.0,0.5597644951110972
gex_possorted_bam_SJSO3:TGCTAACAGTTTCCTGx-M1,0.19842023489276098,0.0,0.5860464250414819,0.09291438638747708,0.8361305594637818,1.0,0.0,0.06410840981693296,0.0,0.30410577210866196,1.0,0.0,0.0,0.0,0.2683428471175925,0.0,1.0,1.0,0.0,1.0,1.0,1.0,0.3460962956489293,0.8631371773755134,0.0,0.050178262843368994,0.3209766196501049,0.14246177696740503,0.0,0.30468942025129353,0.6852104246256439,0.32776145046400373,0.3502390612937713,0.0,0.21161742148441845,0.22228169622435195,0.0,0.11399726301265674,0.2200323609149684,0.15759900958361667,0.0,0.0,0.0,0.3535303748594592,0.39707498107827766,0.17202460594660512,0.0,0.16403395449992583,0.15382712887749186,0.40448492844062484,0.0,0.1613433020975641,1.0
gex_possorted_bam_SJSO3:TGCACCTTCTTAGGACx-M1,0.0,0.0,0.2832633286386907,0.0,0.25499567284839103,0.0,0.0,0.0,0.0,0.051853656364019764,0.41608916860456635,0.0,0.0,0.0,0.06109509556261803,0.0,0.5244220067440715,0.23597103299119615,0.0,1.0,0.4826356983708699,0.6320402962292399,0.11430419565098801,0.5985434371969428,0.0,0.0,0.30210727163002715,0.0,0.0,0.0,0.2322610317349891,0.0,0.0950518677804483,0.0,0.21259674002366336,0.0,0.0,0.0,0.010752812784600267,0.15237565719128704,0.0,0.0,0.0,0.0,0.0,0.0,0.0,0.09145678874231518,0.0,0.015443023978649117,0.0,0.0,0.844168898109432
gex_possorted_bam_SJSO3:TGCTAGCCACCTCAGGx-M1,0.0,0.458980139700692,1.0,0.08136882487863992,0.0,0.0,1.0,0.0,1.0,0.0722438839864405,1.0,1.0,0.8716999291716061,1.0,0.0,1.0,1.0,0.0,1.0,0.0,0.0,0.0,0.0,0.0,1.0,0.25284981042206267,1.0,0.33209812845100756,0.7795576502974376,0.2326695375101905,1.0,0.0,0.0,0.08796410689344904,1.0,0.0,1.0,0.0,0.0,1.0,0.0,1.0,1.0,1.0,0.0,0.04949349956303096,1.0,1.0,0.26409114125467303,0.0,0.47342110236646356,0.20351380668517866,0.0
gex_possorted_bam_SJSO3:TGCGATTAGTAAGGGCx-M1,0.0,0.0,0.0,0.0,0.0,0.0,0.27883900741031553,0.0,0.9016191481363588,0.0,1.0,0.16940031095866756,0.21207991084307531,1.0,0.0,1.0,0.8650221980471213,0.4323544308152472,0.7363286694154583,0.0,0.0,0.0,0.0,0.0,1.0,0.0,1.0,0.0,0.3179769535629937,0.0,0.0,0.0,0.0,0.0,1.0,0.0,1.0,0.0,0.0,1.0,0.0,1.0,0.6855598342956543,0.05844561982974333,0.0,0.0,1.0,1.0,0.0,0.0,0.3533371483293473,0.0,0.0
gex_possorted_bam_SJSO3:TGCACACCAACATAAGx-M1,0.02231082398856204,0.0,0.7418569423472744,0.0,0.7652806961649673,0.8243047348890968,0.6228245408638663,0.3110747559023101,0.1316969256549164,0.0,1.0,0.0,0.0,0.0,0.0,0.0,1.0,1.0,0.1064838709146101,1.0,0.9402641078179009,0.8845126849017872,0.12425657678265156,0.5842893729913938,0.0,0.0,0.7210688062713939,0.0,0.0,0.0,0.0,0.6064580379267791,0.20628258840593922,0.0,0.362331322909167,0.01151795433938931,0.0,0.0,0.11261026495339801,0.16831494150303083,0.5441310297232427,0.0,0.0,0.7691525878310624,0.07191206391621328,0.004504384981393396,0.39027262601792734,0.3882344579189923,0.0,0.0,0.0,0.0,1.0
gex_possorted_bam_SJSO3:TGCCTGTTCATCAGTAx-M1,0.0,0.0,0.0,0.0,0.0,0.0,0.5356795213537565,0.0,1.0,0.0,1.0,0.35646578141059604,0.13501350409460164,1.0,0.0,1.0,1.0,0.37963897782643813,0.6918088934175605,0.0,0.0,0.0,0.0,0.0,1.0,0.009621083543876823,1.0,0.0,0.0906035719494867,0.0,0.0,0.0,0.0,0.0,1.0,0.0,1.0,0.0,0.0,1.0,0.0,1.0,0.7308617426877585,0.30166692119744437,0.0,0.0,0.9531606159150425,1.0,0.0,0.0,0.3203785641184778,0.0,0.0
gex_possorted_bam_SJSO3:TGCATTAAGCGGGCAAx-M1,0.08331051419322016,0.0,0.0,0.0,0.34174946473427964,0.4299327183212971,0.0,0.0,0.0,0.0,1.0,0.0,0.0,0.0,0.0,0.0,1.0,1.0,0.0,0.969894994169732,0.6959388818847881,0.8573444160242606,0.18229823936444062,0.8156429407725794,0.0,0.0,0.3934393019589558,0.0,0.0,0.03260422050650678,0.0,0.12600124834776402,0.16005371925751657,0.0,0.16377352433018863,0.0,0.0,0.09121166962936238,0.0,0.0,0.0,0.0,0.0,0.0,0.04942910633077881,0.0,0.0,0.33616234549348395,0.0,0.0,0.0,0.0,0.8570370091957604
gex_possorted_bam_SJSO3:TGCGGTTCAAGTGTCCx-M1,0.0,0.0,0.4600520822467578,0.0,0.0,0.0,1.0,0.0,1.0,0.0,1.0,0.2980917012444369,0.3787360670357178,1.0,0.0,1.0,1.0,0.5593572620714202,0.7634273350570289,0.0,0.0,0.0,0.0,0.0,1.0,0.08638022958221722,1.0,0.0823867159260771,0.10887451048199459,0.0,0.12000868784470373,0.0,0.0,0.0,1.0,0.0,1.0,0.0,0.0,1.0,0.0,1.0,0.9273506916851755,1.0,0.0,0.0,1.0,1.0,0.0,0.0,0.2980942771024097,0.015295928493256993,0.0
gex_possorted_bam_SJSO3:TGCCGGTAGCCAGTATx-M1,0.0,0.0,0.1282172973307682,0.0,0.0,0.0,0.38475760398477016,0.0,0.6690037262743963,0.0,1.0,0.17266260834575758,0.3320807751018509,1.0,0.0,1.0,0.9821248593631262,0.38726366110693666,0.7915164566648709,0.0,0.0,0.0,0.0,0.0,1.0,0.0,1.0,0.0,0.33760390863274975,0.0,0.0,0.0,0.0,0.0,1.0,0.0,1.0,0.0,0.0,1.0,0.0,1.0,0.7464163775127886,0.48157570987438914,0.0,0.0,1.0,1.0,0.0,0.0,0.3606709413147494,0.0,0.0
gex_possorted_bam_SJSO3:TGCACCTTCGACCTGAx-M1,0.0,0.0,1.0,0.0008351391175284449,0.0,0.0,1.0,0.03179631917168693,1.0,0.0,0.5598938960345321,0.7168475335158621,0.5284396238384602,1.0,0.0,1.0,0.6574645577680128,0.0,0.42727527188371367,0.0,0.0,0.0,0.0,0.0,1.0,0.10044945459214773,1.0,0.16760527929406105,0.2608298952661691,0.0,0.2339948519343753,0.0,0.0,0.026966224729878415,1.0,0.0,1.0,0.0,0.0,1.0,0.07088820869301346,1.0,1.0,1.0,0.0,0.0,1.0,1.0,0.05014457636359064,0.0,0.4388197601425127,0.0,0.0
gex_possorted_bam_SJSO3:TGCTAGCCACGTAATTx-M1,0.0,0.0,0.8021476523651581,0.0,0.0,0.0,0.716203894041876,0.0,0.7424310754278948,0.0,1.0,0.29470675404904056,0.16540842924412605,0.8283847291976765,0.0,1.0,1.0,0.23387827520390012,0.3404195550980163,0.0,0.0,0.0,0.0,0.0,0.7913332242596887,0.019130613452206336,1.0,0.10985482218153086,0.08224704429195968,0.0,0.44564608378239656,0.06468381132609899,0.0,0.0,1.0,0.0,1.0,0.0,0.0,1.0,0.0,1.0,0.7671456381171581,1.0,0.0,0.0,0.8799839648523958,1.0,0.017195273696659994,0.0,0.1343631454765738,0.027312694862975346,0.0
gex_possorted_bam_SJSO3:TGCAAGCGTTATTGCCx-M1,0.0,0.4330119655263692,0.740301712421132,0.0830002068765952,0.0,0.0,1.0,0.0,1.0,0.0,0.9309743878277602,0.8879405878917861,0.8456562473165972,1.0,0.0,1.0,0.8336296236136744,0.0,0.8730619433033296,0.0,0.0,0.0,0.0,0.0,1.0,0.2411473109948843,1.0,0.2802326711208921,0.6529100275207256,0.03588576829972751,0.8423203523701024,0.0,0.0,0.07210137686365457,1.0,0.0,1.0,0.0,0.0,1.0,0.0,1.0,1.0,1.0,0.0,0.035185105865934416,1.0,1.0,0.15735289404551056,0.0,0.775593700750301,0.12411715791546056,0.0
gex_possorted_bam_SJSO3:TGCTAACAGCATGGTTx-M1,0.0,0.0,0.01810232654751272,0.0,0.0,0.0,0.553273327030747,0.0,1.0,0.0,1.0,0.4529239231917247,0.18467509680239536,1.0,0.0,1.0,1.0,0.04740170506373669,0.5529572992825742,0.0,0.0,0.0,0.0,0.0,0.9941159215655339,0.044174757731318286,1.0,0.0,0.05777624524055555,0.0,0.0,0.004130634879241055,0.0,0.0,1.0,0.0,1.0,0.0,0.0,1.0,7.298309971370152e-06,1.0,0.9010901541949248,0.8096837547918169,0.0,0.0,1.0,1.0,0.0,0.0,0.3795694007535965,0.016680075648376976,0.0
gex_possorted_bam_SJSO3:TGCTAGCCAATATGGAx-M1,0.14614559035753139,1.0,1.0,0.26945069215581097,0.0,0.27253465264458576,1.0,0.6235471367150499,0.18065026987676808,1.0,0.0,0.9625949074551408,0.22583171390755688,0.0789210533175259,0.6909799699614619,0.83608678527147,0.0,0.0,0.0,1.0,0.34332605839162655,0.38200303844179423,0.2121034152201241,0.6338796823262621,0.1388446911134495,0.15445916552408082,0.03141467839399064,0.673194361583031,0.739842139334512,0.13229715658617916,1.0,0.0,0.28492276633283053,0.6411012905832227,0.4266121484131033,0.6534018651200921,0.7372647172537232,0.21490225188872392,0.460614214122953,1.0,0.19749214704974308,0.568736938947671,0.018330763966118113,1.0,0.34369857769328255,0.4678623397220846,0.0,0.0,0.5856901120135286,0.5436371176749777,0.5478355050203355,0.2919898967297992,0.9692007034657422
gex_possorted_bam_SJSO3:TGCCGGTAGGTTTACAx-M1,0.0,0.1833436222964515,1.0,0.03515744855636442,0.0,0.0,1.0,0.0,1.0,0.0,1.0,0.7341727690331957,0.4870540093367805,1.0,0.0,1.0,1.0,0.0,0.7887144030215777,0.0,0.0,0.0,0.0,0.0,1.0,0.11581228002303799,1.0,0.38451915065119857,0.04726672801904468,0.09231182064470056,1.0,0.0,0.0,0.07464596070356425,1.0,0.0,1.0,0.0,0.0,1.0,0.0,1.0,1.0,1.0,0.0,0.0,1.0,1.0,0.1563335711861069,0.0,0.4005267413752431,0.050645461192141306,0.0
gex_possorted_bam_SJSO3:TGCCTGTTCCAGGAAAx-M1,0.0,0.22384545767471126,1.0,0.0997940535975797,0.6381527723064134,0.4902293118494946,1.0,0.4932040286066188,1.0,0.0038222945411014427,1.0,0.0,0.6319579320657692,0.8602568749955528,0.0,0.643511616328461,1.0,1.0,0.6573657158010366,1.0,0.19014332289341004,0.014691351036968114,0.0,0.0,1.0,0.16028049528146068,1.0,0.016880094821397778,0.5788143810758457,0.0,0.3921673593226814,0.5101588436320854,0.0,0.08425430898515932,1.0,0.0,1.0,0.0,0.033711553919931185,1.0,1.0,1.0,0.5521554889969253,1.0,0.0,0.15521933439623176,1.0,1.0,0.2038081010942227,0.1303357960253207,0.021848536378372703,0.0,1.0
gex_possorted_bam_SJSO3:TGCACTTGTTCATCTAx-M1,0.036308207064528544,0.0,0.0,0.0,0.4251356114296707,0.2340047984561124,0.0,0.0,0.0,0.0,0.8877898127655814,0.0,0.0,0.0,0.0,0.0,0.8360674598444072,0.9983281647897428,0.0,1.0,0.544935140053884,0.7176901802149395,0.17636370475457097,0.559450096764682,0.0,0.0,0.4909662989990115,0.0,0.0,0.03957476871472991,0.0,0.14130301489235977,0.13304747468227257,0.0,0.27747796350140735,0.004864738055527356,0.0,0.004279996385195612,0.0,0.0,0.0,0.0,0.0,0.0,0.09695543241596867,0.0,0.0,0.3534806820629899,0.0,0.12011571384118,0.0,0.0,0.8965133281932647
gex_possorted_bam_SJSO3:TGCATGAGTTATGTGGx-M1,0.3317056191888486,0.0,0.0,0.14135740907150648,0.9186666952339753,1.0,0.0,0.09418075310155745,0.0,0.1315082558290989,1.0,0.0,0.0,0.0,0.2592013968987047,0.0,1.0,1.0,0.35587466597972317,1.0,1.0,1.0,0.41342120636991664,1.0,0.0,0.10418773772042075,0.2030032936733598,0.06401549943329231,0.07345847551267277,0.4155161035604158,0.620158532304589,0.38621674851176657,0.38658598116598386,0.047937359587161714,0.13361603889358267,0.3022568076968727,0.0,0.26123201890435116,0.2516166190953712,0.11872992417804515,0.0,0.0,0.0,0.005256827434804217,0.43761186169332367,0.22803984241127184,0.0,0.0023101136547902658,0.1422211148758533,0.29560638745905554,0.03319773254793082,0.28953667530061955,1.0
gex_possorted_bam_SJSO3:TGCACCTTCGCATTAAx-M1,0.0,0.0,0.0,0.0,0.0,0.0,0.47801627882682224,0.0,0.8465417514138787,0.0,0.9957309540890596,0.4569903086282568,0.0,1.0,0.0,1.0,0.994686894095804,0.19372455435488178,0.46960313586780084,0.0,0.0,0.0,0.0,0.0,0.7955730539972321,0.0,1.0,0.0,0.06914548899660715,0.0,0.0,0.0,0.0,0.0,1.0,0.0,1.0,0.0,0.0,1.0,0.0,1.0,0.6443586304973415,0.3334240662871239,0.0,0.0,0.7098197644653793,1.0,0.0,0.0,0.10068316991232462,0.0,0.0
gex_possorted_bam_SJSO3:TGCTCCGTCTTAAGTGx-M1,0.08772028725416507,0.0,0.061212074696412724,0.0,0.19345469080712646,0.2570261364792961,0.0,0.07571837863341731,0.0,0.0,0.7177504831130976,0.0,0.0,0.0,0.07569311377777882,0.0,0.6936527928413702,0.8090679206150677,0.0,1.0,0.6133219746492106,0.6878498871064633,0.17905035741758865,0.6698442251834379,0.0,0.0,0.3442251338241785,0.0,0.0,0.0,0.01582492227024421,0.10823310328575199,0.19258165269904193,0.0,0.18859869005867375,0.07925080222565889,0.0,0.0500478636039936,0.06426200829726063,0.1274173008287258,0.0,0.0,0.0,0.0,0.07681938847414332,0.06356502937350013,0.0,0.12069597185177323,0.0,0.037579233699452,0.0,0.0008099839877394607,0.8305144436936445
gex_possorted_bam_SJSO3:TGCTTGCTCTTCAATCx-M1,0.0,0.0,0.24326591367116174,0.0,0.08811302930641045,0.0,0.0,0.022869601793674754,0.0,0.061221530437359166,0.36829186815212855,0.0,0.0,0.0,0.09798180380590886,0.0,0.4746424908913415,0.11791057534103107,0.0,1.0,0.4619233969311662,0.611843331118271,0.08228494994679829,0.6488146635490162,0.0,0.0,0.3119081170884645,0.0,0.0,0.0,0.5907594517457028,0.0,0.08981849514616576,0.0,0.2299705647781396,0.044175668970151356,0.0,0.0,0.04181548863145592,0.3098112549675504,0.0,0.0,0.0,0.0,0.018933307212491993,0.0,0.0,0.028933390106445866,0.0,0.0,0.0,0.0,0.866104267796421
gex_possorted_bam_SJSO3:TGCTCTCAGCACAGCCx-M1,0.1352854556757583,0.0,0.08454914757115439,0.009880544341087316,0.625238328291932,0.6152374442974469,0.0,0.017907964632064313,0.0,0.046021585082472505,1.0,0.0,0.0,0.0,0.16305665713984277,0.0,0.9714360140640786,1.0,0.0,1.0,0.8171259834716352,0.978362241321357,0.27016509031683,0.7811703723895744,0.0,0.0,0.2541691034451695,0.0,0.0,0.1104089836369992,0.26114731070691605,0.16047364539292927,0.26137401728579057,0.0,0.1544252366169414,0.11828924073729917,0.0,0.07539582473235198,0.09374895216752618,0.04041238792808779,0.0,0.0,0.0,0.0,0.31480285455479395,0.06918278182760038,0.0,0.20371746592288295,0.0,0.1423071234039996,0.0,0.09381354197482245,1.0
gex_possorted_bam_SJSO3:TGGACTAGTCCTTCTCx-M1,0.0,0.43625042946068837,1.0,0.03553435923787778,0.0,0.0,1.0,0.0,1.0,0.15765868092040664,1.0,1.0,0.44307823871635266,1.0,0.0,1.0,1.0,0.03748110034794235,0.8732181415015231,0.0,0.0,0.0,0.0,0.0,1.0,0.12003225280791667,1.0,0.46088432037350835,0.0,0.07963909103817143,1.0,0.0,0.0,0.05886410414900887,1.0,0.0,1.0,0.0,0.0,1.0,0.09504893603319925,1.0,1.0,1.0,0.0,0.0,1.0,1.0,0.1927485623409677,0.0,0.30438194689322423,0.053138079266179826,0.0
gex_possorted_bam_SJSO3:TGCTTCATCGGTTTCCx-M1,0.03872582678850701,0.0,0.0,0.0,0.4248583306291865,0.160627642211536,0.0,0.0,0.0,0.0,0.9473735093866776,0.0,0.0,0.0,0.0,0.0,0.9084499518310403,0.960278400323707,0.0,1.0,0.5569244285481117,0.7343289175450021,0.14920916635893955,0.6615263552274471,0.0,0.0,0.4266699400043809,0.0,0.0,0.0,0.0,0.23797112202550727,0.15085564463234158,0.0,0.21745291583336596,0.0,0.0,0.0498162778601193,0.0,0.01673048370444992,0.0,0.0,0.0,0.0,0.07699820250795646,0.0,0.0,0.39597938481235034,0.0,0.0,0.0,0.0,0.9019558964303287
gex_possorted_bam_SJSO3:TGCTTTAGTATTGTGGx-M1,0.0,1.0,1.0,0.0646715205687538,0.0,0.002563865462937983,1.0,0.0,0.3374468307451092,0.44257881579581926,1.0,1.0,0.2242962573805963,1.0,0.15985453950589332,1.0,1.0,0.7054181146504807,1.0,0.0,0.0,0.0,0.0,0.0,0.9600665150583615,0.025516035691018128,1.0,0.29086193578534136,0.0,0.19404406924334947,0.9222026288857512,0.0,0.0,0.17121601004353385,1.0,0.0,1.0,0.0,0.0,1.0,0.3940961087550259,1.0,0.6191205298270489,1.0,0.0,0.0,0.6109925577369099,1.0,0.1857656040040599,0.0,0.0,0.0,0.0
gex_possorted_bam_SJSO3:TGCTCCGTCACGAATCx-M1,0.041138504307875925,0.004957071640345804,0.6386647147116485,0.0,0.3208008274709003,0.43929592253987254,0.0,0.05234432812464053,0.0,0.22988698699350368,0.6341784202865517,0.0,0.0,0.0,0.19018327301522198,0.0,0.7220855257057709,0.552168480084349,0.0,1.0,0.6878469100060858,0.785173971425003,0.17555958798983154,0.7477167511806896,0.0,0.0,0.3047515462257611,0.0,0.0,0.04929161985259671,1.0,0.0558882481882182,0.20310100897303385,0.006858415524102616,0.2456665317286303,0.14466345373053652,0.0,0.01572403111775261,0.11913990191652746,0.40220896820262686,0.0,0.0,0.0,0.15010895896569307,0.16742637742476496,0.09794023499394997,0.0,0.0,0.07381906829716861,0.17132696381401522,0.0,0.03180618116235399,1.0
gex_possorted_bam_SJSO3:TGCTCACTCCAGGAAAx-M1,0.0,0.0,0.0,0.0,0.0,0.0,0.0,0.0,0.0,0.0,0.6076617624915661,0.0,0.0,0.0,0.02766715782560814,0.0,0.736038287684417,0.5395511317413073,0.0,0.7993051640861365,0.35896817054494445,0.45816599332937663,0.07070524741118128,0.530204169674476,0.0,0.0,0.4347549915847204,0.0,0.0,0.0,0.0,0.0,0.05480763553784691,0.0,0.36391123549090826,0.0,0.0,0.027859053133023476,0.0,0.13297165370794414,0.0,0.2009792881364385,0.0,0.0,0.014357213320996712,0.0,0.0,0.4313136855725385,0.0,0.0,0.0,0.0,0.2748624196384157
gex_possorted_bam_SJSO3:TGCTGGATCCTTAGGGx-M1,0.0,0.5757281377801787,1.0,0.043088018794620514,0.4691935576683603,0.4098080463256082,0.5561805361827543,0.1651432339408452,0.0,0.771839891688266,0.0,0.0,0.0,0.0,0.5238267485238559,0.09231078899842578,0.3848662638529776,0.0,0.0,1.0,0.5569291731882063,0.6682235283906199,0.19112774080506592,0.6266669135000611,0.0,0.0,0.16108818125929145,0.206636941837488,0.14328191626670964,0.1446749331023343,1.0,0.0,0.21206673812988905,0.16396204882399995,0.36033670277018476,0.3011785525132653,0.22250764925341135,0.01212860866689123,0.28433167934569176,0.8387709913036251,0.1065802657879805,0.0,0.0,0.8332152584129909,0.20176045841320292,0.18761232434072933,0.0,0.0,0.2834769629767232,0.48329710489882927,0.0,0.06666489158228846,1.0
gex_possorted_bam_SJSO3:TGCTTTAGTTAACAGTx-M1,0.025191595420790063,0.0,0.014641356112666228,0.0,0.380295574745608,0.19838806379976087,0.0,0.0,0.0,0.0,1.0,0.0,0.0,0.0,0.0,0.0,1.0,1.0,0.0,1.0,0.6136162524925554,0.7173474750983456,0.14883912708495117,0.6636690078870547,0.0,0.0,0.4210965738274329,0.0,0.0,0.0,0.0,0.17552919027415229,0.14507125904111895,0.0,0.18581455923947715,0.0,0.0,0.05315412409580299,0.0,0.0,0.0,0.0,0.0,0.0,0.0,0.0,0.0,0.35349223479740144,0.0,0.0,0.0,0.0,0.8972940626231805
gex_possorted_bam_SJSO3:TGGAACAAGCGGTTATx-M1,0.005519930533277952,0.0,0.0,0.0,0.07643946265933932,0.0,0.0,0.0,0.0,0.0,0.819953604219383,0.0,0.0,0.0,0.0,0.0,0.7083219273554865,0.8271274115895134,0.0,0.7099598514967242,0.4374240929383945,0.5821738505688535,0.1059592241117756,0.570773971946147,0.0,0.0,0.48143510565706693,0.0,0.0,0.0,0.0,0.10742916608644043,0.07066781909375575,0.0,0.31773313791630575,0.0,0.0,0.06110197473849045,0.0,0.0,0.0,0.0,0.0,0.0,0.0,0.0,0.0,0.3271408414476382,0.0,0.0,0.0,0.0,0.6070177514659424
gex_possorted_bam_SJSO3:TGCTCCGTCGGTCAATx-M1,0.0,0.0,1.0,0.0,0.0,0.0,1.0,0.0,1.0,0.0,0.6165948131175165,0.9428517308432274,0.16529022712338434,1.0,0.0,1.0,0.8773148547481963,0.0,0.3829577612608154,0.0,0.0,0.0,0.0,0.0,1.0,0.07511124494461187,1.0,0.13912182569149337,0.0,0.0,0.0,0.0,0.0,0.0,1.0,0.0,1.0,0.0,0.0,1.0,0.1105071188800287,1.0,1.0,1.0,0.0,0.0,0.8019174092999283,1.0,0.0,0.0,0.25604821989364207,0.0,0.0
gex_possorted_bam_SJSO3:TGCTCCGTCCTCCCTCx-M1,0.05456864200763736,0.0,0.07951003378854174,0.0,0.2705884697429759,0.3075337439675681,0.0,0.014153170509496759,0.0,0.0,0.7804922869583868,0.0,0.0,0.0,0.07260737117746566,0.0,0.8122476351060858,0.8473572608155031,0.0,1.0,0.6642466138089844,0.7360072783775735,0.1659713641372643,0.7255875334473328,0.0,0.0,0.35981418640669505,0.0,0.0,0.010453274565471798,0.24627476683368416,0.033754194649852784,0.17682407140679668,0.0,0.2364994293082151,0.06273543814952473,0.0,0.03516346220159302,0.052776345305895256,0.17186846171649586,0.0,0.0,0.0,0.0,0.10790884689665961,0.03691843855321586,0.0,0.13792726906997307,0.0,0.020840914545372083,0.0,0.0,0.9686904765061946
gex_possorted_bam_SJSO3:TGCTTCATCGTCCTTAx-M1,0.0,0.0,0.0,0.0,0.0,0.0,0.3190040776735671,0.12056681156089327,1.0,0.0,0.8074046648602163,0.22684203214556087,0.021648155581463616,1.0,0.0,1.0,0.8882507901212067,0.7555378720712012,0.8101505946881518,0.0,0.0,0.0,0.0,0.0,1.0,0.038695019058471225,1.0,0.0,0.20740719419115422,0.0,0.0,0.0,0.0,0.0,1.0,0.0,1.0,0.0,0.0,0.6296835216031733,0.0,1.0,0.35471958465006026,0.0,0.0,0.0,0.7663583159484122,1.0,0.0,0.0,0.4737852529540568,0.0,0.0
gex_possorted_bam_SJSO3:TGCTCACTCTGTTGCCx-M1,0.0,0.0,0.24065754036848136,0.0,0.0,0.0,0.7051613335294066,0.0,0.5538785157038056,0.0,1.0,0.713006448126337,0.0,0.9899068211931155,0.0,1.0,1.0,0.2166000694331962,0.4405257466362295,0.0,0.0,0.0,0.0,0.0,0.5606781756367967,0.0,1.0,0.0,0.0,0.0,0.0,0.0,0.0,0.0,1.0,0.0,1.0,0.0,0.0,1.0,0.06166861430824499,1.0,0.6339423494141371,0.665338446388265,0.0,0.0,0.37217094974422826,1.0,0.0,0.0,0.08974766209380913,0.0,0.0
gex_possorted_bam_SJSO3:TGGACTAGTACTTAGGx-M1,0.0,0.0,0.2587962765925293,0.0,0.0,0.0,0.3350373185118065,0.0,0.675330725410423,0.0,1.0,0.30895971815001066,0.0,0.841803847036384,0.0,0.9284671964623685,1.0,0.1992393822470233,0.30161578581283355,0.0,0.0,0.0,0.0,0.0,0.6948874485856685,0.0,1.0,0.0,0.0,0.0,0.0,0.12023539780621886,0.0,0.0,1.0,0.0,1.0,0.0,0.0,0.9343863672652356,0.0,1.0,0.4680611657496113,0.3548832720837899,0.0,0.0,0.8450990192913698,1.0,0.0,0.0,0.09545265818238835,0.0,0.0
gex_possorted_bam_SJSO3:TGCTCAACAGATAGACx-M1,0.0,0.6442413045599764,1.0,0.06965518419213615,0.0,0.0,1.0,0.23299030405098012,0.049411552768149944,0.5938961091043216,0.0,0.8137844683142048,0.0,0.0,0.38510672690179865,0.8610178304860253,0.4878937045472983,0.0,0.0,1.0,0.05173059693085001,0.0,0.0,0.19623013450881946,0.0,0.0,0.5812781084712685,0.29917614439602974,0.12260590477332031,0.0,1.0,0.0,0.04104904738763107,0.25725931045736344,0.9230657506579943,0.20227253391897332,0.7936685142655083,0.0,0.18576290232744597,1.0,0.14107431306530493,1.0,0.0,1.0,0.01504000563962911,0.10662306986036785,0.0,0.6303858101166028,0.21517411309890724,0.15825911730205547,0.10136018353082396,0.011573139842350658,0.35411317978909873
gex_possorted_bam_SJSO3:TGCTCAACATCAGTATx-M1,0.0,0.8547101443846129,1.0,0.38038875613889644,0.0,0.0,1.0,0.20892402326641824,1.0,0.18752225533467223,1.0,1.0,1.0,1.0,0.0,1.0,1.0,0.3850942543078725,1.0,0.0,0.0,0.0,0.0,0.0,1.0,0.41873468332083963,1.0,0.8208584399641621,1.0,0.42690801416636953,1.0,0.0,0.0,0.2586161400711611,1.0,0.03877951599631642,1.0,0.0,0.0,1.0,0.36781158184001234,1.0,1.0,1.0,0.0,0.2166817154833545,1.0,1.0,0.37587772256997737,0.18669220696522135,1.0,0.3463167418648297,0.0
gex_possorted_bam_SJSO3:TGCTAGCCATCGCTCCx-M1,0.0747763540992118,0.0,0.100981517437159,0.0,0.7391040549572976,0.4950803054427084,0.0,0.0,0.0,0.02775493965780995,1.0,0.0,0.0,0.0,0.033395556809466306,0.0,1.0,1.0,0.0,1.0,0.7145627902514895,0.8596274032039701,0.24904520403478758,0.6540787716969008,0.0,0.009569485881064828,0.4355775727703302,0.0,0.0,0.1508933478154989,0.0,0.4047682236684343,0.19754019494768596,0.0,0.19798191364737117,0.03488533703720458,0.0,0.037824048203826385,0.011291193768384356,0.0,0.019137022802509708,0.0,0.0,0.0,0.17961401974252159,0.0,0.0,0.2676481976598081,0.0,0.21405590847516384,0.0,0.02280508192702139,1.0
gex_possorted_bam_SJSO3:TGGACCGGTTGTTGGAx-M1,0.040776412999613626,0.0,0.11705680289156424,0.0,0.5147385945232271,0.34055736838340284,0.0,0.0,0.0,0.0,1.0,0.0,0.0,0.0,0.014586097633546442,0.0,0.9745117204408961,1.0,0.0,1.0,0.7186604911941932,0.8159884015594003,0.16862693606462661,0.6617101955580491,0.0,0.0,0.44532790896936647,0.0,0.0,0.0,0.0,0.07722060732014907,0.16687870984447684,0.0,0.2114695678686741,0.0,0.0,0.021003112751456828,0.006601045366914384,0.0,0.0,0.0,0.0,0.0,0.042062264060383,0.0,0.0,0.20397595835534374,0.0,0.0,0.0,0.0,1.0
gex_possorted_bam_SJSO3:TGGACAAAGGATCACTx-M1,0.011873615837422321,0.0,0.0,0.0,0.286294599370326,0.04446673359350831,0.0,0.0,0.0,0.0,0.8133686397408871,0.0,0.0,0.0,0.0,0.0,0.7103004274882707,0.7797560102872566,0.0,1.0,0.4655045222329267,0.7004241797696691,0.11832443616759011,0.6219717540447218,0.0,0.0,0.4780398995861424,0.0,0.0,0.0,0.0,0.14361069847254643,0.1118456356082218,0.0,0.23689495332670435,0.0,0.0,0.0,0.0,0.0017624959034125357,0.0,0.0,0.0,0.0,0.053651331468996574,0.0,0.0,0.22653293485624298,0.0,0.0,0.0,0.0,0.9209447801096473
gex_possorted_bam_SJSO3:TGCTATGCAACATAAGx-M1,0.0,0.5580867000953792,0.4193169353307372,0.0,0.0,0.08933822719197096,0.6912698206949636,0.12353051054394987,0.0,0.1948073072276963,0.04096997878841971,0.3676135704231068,0.0,0.0,0.37945200650084226,0.052972656298166325,0.7904436649745548,0.0,0.0,1.0,0.4842441825074742,0.40556732648295213,0.05790165508235999,0.6330882858131204,0.0,0.0,0.2083518532360199,0.1583197852613404,0.0,0.0,0.8141469763503357,0.0,0.11966323130065018,0.12794108562083542,0.38375882324250155,0.11794109323314002,0.0,0.0,0.2505178588953499,0.5985348092750562,0.14816937459351096,0.6397476459255772,0.0,0.0,0.016705085973368276,0.0,0.0,0.0499363925479051,0.0,0.00425514906458355,0.0,0.0,0.46924776944886687
gex_possorted_bam_SJSO3:TGCTGGATCCTTGTTGx-M1,0.0,0.417575492474715,1.0,0.10055694058087428,0.5533606416247535,0.48573587490038017,1.0,0.3532513108158106,1.0,0.0,1.0,0.0,0.9103881200448415,1.0,0.0,1.0,1.0,1.0,1.0,0.5560792812487193,0.0,0.0,0.0,0.0,1.0,0.18981275101940853,1.0,0.0978412084164465,0.22258861356501705,0.0,0.3492850260868272,0.6014220037481972,0.0,0.0,1.0,0.0,1.0,0.0,0.0,1.0,0.7762212034002925,1.0,1.0,1.0,0.0,0.08032352306190049,1.0,1.0,0.20216526337039192,0.21254048565789302,0.31239949206257306,0.0,1.0
gex_possorted_bam_SJSO3:TGGACAAAGGTTAGCTx-M1,0.06749327548959805,1.0,1.0,0.2592561658570266,0.024422529039748415,0.5639529432648929,1.0,0.5329745986800813,0.1691532811221744,1.0,0.0,0.9383880851324482,0.10699330712438818,0.0,0.7855880737283706,0.7516959380308647,0.04295521015448723,0.0,0.0,1.0,0.46226165908318206,0.46831326157604586,0.23864148850907094,0.740028961945018,0.0,0.06912697830538998,0.0,0.7542289145313886,0.590969825347007,0.27012299861558303,1.0,0.0,0.2869911386628173,0.6293124380522699,0.4227315301887069,0.6429024422203733,0.6838619861483193,0.15769325501564596,0.5468233357484188,1.0,0.2504330178534895,0.7290393666086585,0.06836346492430033,1.0,0.3060976306156851,0.45387762225494266,0.0,0.0,0.6069731485519259,0.6295948988958241,0.3916075240275279,0.26741768412628025,1.0
gex_possorted_bam_SJSO3:TGCTTAAAGACAACAGx-M1,0.0,0.1081635469293295,0.33537522128358843,0.022364204205029964,0.0,0.0,0.9608458588180001,0.0,1.0,0.0,1.0,0.4465515412884747,0.6150457841496232,1.0,0.0,1.0,1.0,0.6762912428009301,1.0,0.0,0.0,0.0,0.0,0.0,1.0,0.14334186581897373,1.0,0.04369030862731768,0.2582213646176106,0.0,0.1433806557191816,0.0,0.0,0.0,1.0,0.0,1.0,0.0,0.0,1.0,0.0,1.0,1.0,1.0,0.0,0.0,1.0,1.0,0.033257798173653666,0.0,0.4343242509235669,0.07206297147680903,0.0
gex_possorted_bam_SJSO3:TGCTATGCACAGAAACx-M1,0.0,0.06001988646488187,0.8900741273389228,0.005775021380470563,0.0,0.0,1.0,0.0,1.0,0.0,1.0,0.7812433993511799,0.383817404209512,1.0,0.0,1.0,1.0,0.0,0.6457902492896835,0.0,0.0,0.0,0.0,0.0,1.0,0.1067775745085153,1.0,0.2037681090315913,0.04475795266953787,0.0,0.7661223344853983,0.0,0.0,0.024269672636699078,1.0,0.0,1.0,0.0,0.0,1.0,0.0,1.0,1.0,1.0,0.0,0.0,1.0,1.0,0.040066057661714824,0.0,0.3377629535294677,0.039463382248815904,0.0
gex_possorted_bam_SJSO3:TGCTCCGTCCTAAGGTx-M1,0.0648557883258522,0.0,0.09607050541374994,0.0030567316634403695,0.18718578199637265,0.31589882703610017,0.0,0.03726278834800486,0.0,0.01881203526362529,0.7714936881635502,0.0,0.0,0.0,0.08925659241592113,0.0,0.7304227154065862,0.7886507779684405,0.0,1.0,0.6100009311611913,0.697209521104138,0.1566897020768443,0.7458933922487835,0.0,0.0,0.31428769694619557,0.0,0.0,0.012748800718242864,0.5430954076505806,0.002639142933673318,0.1646176519577561,0.0010781106767547447,0.2681868030742916,0.09801799916439101,0.0,0.06043478248624466,0.08480278209888405,0.29268253052677023,0.0,0.0,0.0,0.0,0.11012491338472613,0.06547094791047563,0.0,0.033489893583260315,0.0,0.017381017513651693,0.0,0.02613740131798534,0.9274165356881933
gex_possorted_bam_SJSO3:TGCTATGCACCTGCTCx-M1,0.04947477399963618,0.0,0.0,0.0,0.24471493020050056,0.2646621056161761,0.0,0.0,0.0,0.0,1.0,0.0,0.0,0.0,0.0,0.0,0.994845678415659,1.0,0.0,1.0,0.6528816507093567,0.7669811810870253,0.14167336964233088,0.6958204142472136,0.0,0.0,0.3955514633842121,0.0,0.0,0.0,0.0,0.04958773432205757,0.14815454663975808,0.0,0.17292803379345814,0.0,0.0,0.04798173201622879,0.0,0.0,0.0,0.0,0.0,0.0,0.024215110992016228,0.0,0.0,0.31575969139821225,0.0,0.0,0.0,0.0,0.7620815711405536
gex_possorted_bam_SJSO3:TGCTTTAGTTTATCGCx-M1,0.045060196242229636,0.0,0.0,0.0,0.39020166328793043,0.24134589349393978,0.0,0.0,0.0,0.0,1.0,0.0,0.0,0.0,0.0,0.0,0.9338491510590023,1.0,0.0,0.9335243828467823,0.5688663886672669,0.7532863252044413,0.1536044904751106,0.6896812890406838,0.0,0.0,0.4206473233338686,0.0,0.0,0.0,0.0,0.11359244183794719,0.1153600939830614,0.0,0.20989562646972654,0.0,0.0,0.057852456188131986,0.0,0.0,0.0,0.0,0.0,0.0,0.04892487596365619,0.0,0.0,0.30987895573946195,0.0,0.0,0.0,0.0,0.7775773754550714
gex_possorted_bam_SJSO3:TGCTTCATCGCTCCATx-M1,0.04809281711330514,0.49982124731992805,1.0,0.24185255950172602,0.0,0.8548972971293402,1.0,1.0,0.6256384118547704,1.0,0.25981596745841945,1.0,0.23572551685529572,1.0,0.5619891628920924,0.41293663124391244,1.0,1.0,1.0,1.0,0.47433461611877903,0.01152827309867931,0.37185344142303806,0.3553887681971087,0.05066289118199981,0.04706086306672919,0.17528193861952687,1.0,1.0,0.21614741779127888,0.0,0.0,0.40474488214966436,0.0,0.9456805449360598,0.6410815537153015,0.2460042921761375,0.4459947711296506,0.7814128704361701,0.4745357016974348,1.0,0.9917403803305254,0.2022763751226712,0.14160524017972986,1.0,0.0,1.0,0.648184897974921,0.08092706480270224,0.8155514177783272,0.0,0.0,1.0
gex_possorted_bam_SJSO3:TGGAACAAGGCCGGAAx-M1,0.05860552532635305,0.3021373501495645,1.0,0.13443542131181244,0.8733187428877824,1.0,1.0,0.5278166063827072,0.5958323299276349,0.438657920681458,1.0,0.0,0.18619081394114287,0.031509280521084,0.11669882394500598,0.0685561902132054,1.0,1.0,0.13360224097101425,1.0,0.790241892752033,0.8064843285654656,0.2275620164526721,0.31835930157397296,0.18395793760255139,0.087439132437409,0.763144909392824,0.14752894895890048,0.2792169425679671,0.0,0.699435900767505,0.6731812531861389,0.24029101210490114,0.07714049295581905,0.5846839106083922,0.20098776690747105,0.0,0.06122148211891167,0.3245115822239197,0.6766752365339801,1.0,0.011364671785102457,0.12031823146159541,1.0,0.1680528348286687,0.21048997540980816,0.8704539402108493,0.25593635058784864,0.24472955889401737,0.3436064480918531,0.0,0.0,1.0
gex_possorted_bam_SJSO3:TGCTCACTCTGTAATGx-M1,0.0,0.0,0.23240868837541395,0.0,0.19444708008679232,0.14520183713160287,0.0,0.0,0.0,0.0,0.6286482560282101,0.0,0.0,0.0,0.018657540514685593,0.0,0.6697368569957488,0.6481842233498923,0.0,1.0,0.5642311113466176,0.6781436599976791,0.1286521755444985,0.6364609331216974,0.0,0.0,0.36601201681528095,0.0,0.0,0.0,0.2973289245147676,0.0,0.12387194968858167,0.0,0.19710103050209227,0.02008680690463806,0.0,0.011400454123166839,0.0,0.21445204325017048,0.0,0.0,0.0,0.0,0.02910698728879643,0.010135515481235409,0.0,0.0804689567871768,0.0,0.0,0.0,0.0,0.9403812326343212
gex_possorted_bam_SJSO3:TGGATTGGTAACCTAGx-M1,0.0,0.3991500243784139,0.874313801652315,0.053570561138263806,0.0,0.0,1.0,0.0,1.0,0.0,1.0,1.0,0.22340047559980966,1.0,0.0,1.0,1.0,0.6436904276573384,1.0,0.0,0.0,0.0,0.0,0.0,1.0,0.10234111972621165,1.0,0.22030035587207583,0.20263722338155088,0.0,0.42749395134981294,0.0,0.0,0.042176455734656663,1.0,0.0,1.0,0.0,0.0,1.0,0.11999906272791354,1.0,1.0,1.0,0.0,0.0,1.0,1.0,0.09867593319446391,0.0,0.2854613804921524,0.03955887179400684,0.0
gex_possorted_bam_SJSO3:TGGTCAGTCACTTTACx-M1,0.0,0.0,0.594839071932603,0.0,0.0,0.0,1.0,0.0,1.0,0.0,0.900402630502882,0.6099434642283981,0.2461551450203413,1.0,0.0,1.0,0.982544696004512,0.0,0.5190998513779465,0.0,0.0,0.0,0.0,0.0,1.0,0.035330214094951545,1.0,0.08937829924312629,0.17403776863598222,0.0,0.0,0.0,0.0,0.0,1.0,0.0,1.0,0.0,0.0,1.0,0.0,1.0,0.8716337747984445,1.0,0.0,0.0,1.0,1.0,0.0,0.0,0.33292309989319413,0.0,0.0
gex_possorted_bam_SJSO3:TGGCTATAGTTAACCAx-M1,0.0,0.3495857000454686,1.0,0.07486520904955132,0.3810785124695504,0.24407017683586082,1.0,0.2675531696305511,1.0,0.0,1.0,0.0,0.8583880136526862,1.0,0.0,1.0,1.0,1.0,0.9722603039706712,0.04142474165461475,0.0,0.0,0.0,0.0,1.0,0.19570422841902532,1.0,0.08630411121327061,0.3549459596228769,0.0,0.5365284570849733,0.5189098156544719,0.0,0.0,1.0,0.0,1.0,0.0,0.0,1.0,0.6777710651298634,1.0,1.0,1.0,0.0,0.06586401482554428,1.0,1.0,0.19549826164649545,0.10671718368969633,0.24715898730068575,0.0,0.7214923580725127
gex_possorted_bam_SJSO3:TGGTCAAGTTTACGTCx-M1,0.022742381177654362,0.0,0.18215947493087542,0.0,0.24820677784241474,0.18889558962709058,0.0,0.0,0.0,0.0,0.6767665095495415,0.0,0.0,0.0,0.06027725072695869,0.0,0.6637110170820492,0.544776187169123,0.0,1.0,0.70632868374813,0.7781100685890617,0.13215270862603365,0.7098511721543137,0.0,0.0,0.3547363035278407,0.0,0.0,0.0,0.5067289688717771,0.0005812417395713045,0.15004878050291168,0.0,0.239350936458637,0.04938606657514954,0.0,0.0,0.026443471240037108,0.2146926828367322,0.0,0.0,0.0,0.0,0.09149524204653688,0.006994226526187605,0.0,0.07601078283393425,0.0,0.0,0.0,0.0,1.0
gex_possorted_bam_SJSO3:TGGTCCTTCTCACTCAx-M1,0.13308713718152643,0.0,0.8167626626403932,0.08834065206729443,0.7377182010486428,0.9266339707222625,0.0,0.06972934432846611,0.0,0.3479041131255143,1.0,0.0,0.0,0.0,0.26564879093106425,0.0,1.0,1.0,0.0,1.0,0.9547100025695182,0.9216664684941462,0.2799023323357096,0.8049356568028007,0.0,0.006181095100651761,0.31281056361431414,0.1274248690575993,0.0,0.2702873251736414,0.883630621410138,0.1951075004036623,0.319424685583929,0.0,0.23113784189219158,0.17949441585411777,0.0,0.09525296615533027,0.2627466460154506,0.3178762998411446,0.032490600802272944,0.0,0.0,0.905586478389774,0.28762064443257096,0.15731352703293028,0.059611919390772775,0.15769832992371674,0.1964318348793279,0.3545469249691437,0.0,0.10039675517450296,1.0
gex_possorted_bam_SJSO3:TGGTGATTCTAACCTTx-M1,0.05247495912523796,0.0,1.0,0.0,0.6871157530473931,0.8860598557798762,0.8151678765329285,0.2950764031213497,0.2262367019422016,0.1784885629666009,1.0,0.0,0.016734709333223335,0.0,0.10011326449205354,0.0,1.0,1.0,0.0,1.0,0.867315636178285,0.8551659942970551,0.16161731468875223,0.5496972240465479,0.0,0.0,0.5416209960483749,0.12291343062655112,0.0,0.0,0.620217878268297,0.49736607213780526,0.2838370134602593,0.0,0.3877746664766442,0.10318281940540139,0.0,0.0,0.22135196195639825,0.389116129874472,0.47676038213849226,0.0,0.0,1.0,0.24449281477617907,0.09203044553906832,0.4054116768585511,0.13943148760279955,0.09532665366250322,0.22815235795170244,0.0,0.0,1.0
gex_possorted_bam_SJSO3:TGGATTGGTTGTTGGAx-M1,0.0,0.9879292559586961,1.0,0.5525120296699276,0.0,0.15988787899543752,1.0,0.13827987935799127,1.0,0.456739417483449,1.0,1.0,1.0,1.0,0.011430604931583523,1.0,1.0,0.5012208200941893,1.0,0.0,0.0,0.0,0.0,0.0,1.0,0.8326820379166342,1.0,1.0,1.0,0.7241424966157637,1.0,0.0,0.0,0.38809098046260243,1.0,0.0,1.0,0.0,0.0,1.0,0.0,1.0,1.0,1.0,0.0,0.3506372199492036,1.0,1.0,0.7405683427074677,0.4454052227753416,1.0,0.64454427941714,0.0
gex_possorted_bam_SJSO3:TGGACTAGTTAATGACx-M1,0.0,0.0,0.07168440866769417,0.0,0.0,0.0,0.5400609378284851,0.0,0.8862438718342596,0.0,1.0,0.4701665853357518,0.14451969923352542,1.0,0.0,1.0,1.0,0.5214203137996842,0.7552635808899801,0.0,0.0,0.0,0.0,0.0,1.0,0.009413788015583869,1.0,0.0,0.0,0.0,0.0,0.0,0.0,0.0,1.0,0.0,1.0,0.0,0.0,1.0,0.0,1.0,1.0,1.0,0.0,0.0,1.0,1.0,0.0,0.0,0.11702567286214105,0.0,0.0
gex_possorted_bam_SJSO3:TGGCCTTTCACCTGCTx-M1,0.056086424589229016,0.0,0.2459480278350716,0.0,0.29722231937191196,0.3537373231575713,0.0,0.015341773774215877,0.0,0.08348467508195183,0.6952830983441038,0.0,0.0,0.0,0.15490335864994909,0.0,0.6975155926229902,0.6081224984411404,0.0,1.0,0.7394113752917802,0.8114197488037592,0.16944959141248886,0.8289141679038865,0.0,0.0,0.26345562884000645,0.0,0.0,0.0,0.7195194273698127,0.10164700327299092,0.18186917334352753,0.0,0.1947963321879572,0.11831338586352658,0.0,0.013330157912759186,0.1028521399229068,0.2779254710745939,0.0,0.0,0.0,0.0,0.10765799212461458,0.076744835428468,0.0,0.0,0.0,0.03922874828050754,0.0,0.014931932575325962,1.0
gex_possorted_bam_SJSO3:TGGTCAGTCACAGCCAx-M1,0.07192993543781345,1.0,1.0,0.21879372470031358,0.0,0.702810161158249,1.0,0.45831749955339535,0.12804015859369358,0.911174780147438,0.0,1.0,0.0,0.25529126348625586,0.7717811572779442,0.6560515555712768,0.8062520354742458,0.0,0.0,1.0,0.5218092999978481,0.4154895122471138,0.21904654945529237,0.7760636898691392,0.0,0.0,0.05214250242710786,0.5912320503892445,0.14997879708682468,0.1944580127018823,1.0,0.0,0.3084311550685204,0.453587259586391,0.5422813384410156,0.4770225679183563,0.3916944168058129,0.14478579264505279,0.5828719867322663,1.0,0.5565030454197627,1.0,0.0,0.6135652655109167,0.3032222921838904,0.2194719288836135,0.0,0.0,0.3854099922575093,0.3947849778154598,0.003445327993232451,0.10652016954290332,0.7581059435161258
gex_possorted_bam_SJSO3:TGGTAAACAACCCTCCx-M1,0.19106329823029922,0.0,0.0,0.028493723561740417,0.5846512026963654,1.0,0.0,0.0,0.0,0.0,1.0,0.0,0.0,0.0,0.09325468151918659,0.0,1.0,1.0,0.20746248790106714,1.0,0.9856098842759625,1.0,0.29227482936807725,0.9128485981243375,0.0,0.0,0.2899936404661422,0.0,0.0,0.17746817275507773,0.24696748751324177,0.238799371562037,0.2733033629093309,0.0,0.11485467167766905,0.12328387085941135,0.0,0.1415208394803367,0.12109897682907995,0.0,0.0,0.0,0.0,0.0,0.28157217616807934,0.08413881789259509,0.0,0.1369128602199861,0.0,0.08016694686522179,0.0,0.14250052487913037,1.0
gex_possorted_bam_SJSO3:TGGTCAGTCCTAGTCCx-M1,0.0,0.2864206843545597,1.0,0.03919306742136166,0.5925170202935723,0.9858600287244073,1.0,0.4379946416697756,0.4120317678404894,0.3370667978664974,1.0,0.0,0.11623319983834672,0.12998119837908167,0.14275045371943246,0.10212064736042756,1.0,1.0,0.0,1.0,0.8295444297768714,0.738648155452458,0.12498015370293493,0.5188152602931806,0.0,0.0,0.5963841189302068,0.13360384555073268,0.0,0.0,0.6786867676509645,0.35337873475216747,0.21131986711137024,0.03560985575006572,0.478025796885715,0.14683668403567843,0.0,0.0,0.2866905544577325,0.5510409485526803,0.7545759861107745,0.11242356608367551,0.0,1.0,0.1998425340492431,0.06357140130950809,0.3459715873166283,0.20188189396215867,0.12931725620983522,0.2298036215557639,0.0,0.0,1.0
gex_possorted_bam_SJSO3:TGGCGGTTCGTTTCTGx-M1,0.0,0.0,0.0,0.0,0.0,0.0,0.4370368018738494,0.0,0.8239948638482105,0.0,1.0,0.37278099428933864,0.0,1.0,0.0,1.0,1.0,0.6787963125203231,0.7584577771181334,0.0,0.0,0.0,0.0,0.0,1.0,0.013836787669651357,1.0,0.0,0.0,0.0,0.0,0.0,0.0,0.0,1.0,0.0,1.0,0.0,0.0,0.9188312073403847,0.0,1.0,0.6418750009462841,0.0,0.0,0.0,0.8622617827451527,1.0,0.0,0.0,0.2623548097892101,0.0,0.0
gex_possorted_bam_SJSO3:TGGCCTTTCCTCACTAx-M1,0.04152300135553028,0.0,0.0,0.0,0.26539998533986703,0.19669823579874615,0.0,0.0,0.0,0.0,1.0,0.0,0.0,0.0,0.0,0.0,0.902107377437514,1.0,0.0,0.8828889760918363,0.5675364809987028,0.733642189713673,0.1465101088662273,0.6440820672552995,0.0,0.0,0.43070378879125054,0.0,0.0,0.0,0.0,0.12693553343206604,0.11412827264963246,0.0,0.20500242041448946,0.0,0.0,0.04941903612594129,0.0,0.0,0.0,0.0,0.0,0.0,0.027467542629289,0.0,0.0,0.3400382222480572,0.0,0.0,0.0,0.0,0.772022766401314
gex_possorted_bam_SJSO3:TGGCTATAGTCCTTCAx-M1,0.0,0.019644813180055364,0.3445489966741935,2.5463222046054873e-05,0.0,0.0,0.9124714330137156,0.0,1.0,0.0,1.0,0.5485851940598234,0.42647729612492186,1.0,0.0,1.0,1.0,0.10246872994338173,0.7353616226486231,0.0,0.0,0.0,0.0,0.0,1.0,0.07533870349401894,1.0,0.0016609675721083617,0.2660244911900292,0.0,0.08980547220989046,0.0,0.0,0.0,1.0,0.0,1.0,0.0,0.0,1.0,0.0,1.0,1.0,1.0,0.0,0.0,1.0,1.0,0.0,0.0,0.37461454474899636,0.005928063165474244,0.0
gex_possorted_bam_SJSO3:TGGATTGGTTAAGCGCx-M1,0.0,0.2023524873333002,1.0,0.03424592406920031,0.5097270383881821,0.2877219577300293,1.0,0.2662126211153783,1.0,0.0,1.0,0.0,0.6317958480481161,1.0,0.0,0.9278414272635569,1.0,1.0,0.7936326398951746,0.5987087433811266,0.0,0.0,0.0,0.0,1.0,0.11212970584676024,1.0,0.0,0.20465964600452397,0.0,0.12783276461529813,0.5761390054261923,0.0,0.0,1.0,0.0,1.0,0.0,0.0,1.0,0.6601188041240668,1.0,1.0,1.0,0.0,0.037510862508836694,1.0,1.0,0.09536686791731196,0.09183941944332938,0.18031098844390384,0.0,1.0
gex_possorted_bam_SJSO3:TGGTCATAGCTTTGGGx-M1,0.15440318112255275,0.17161233911459783,0.7291190860234732,0.11431043175768413,0.9244684000172226,0.9954575399475837,0.0,0.05742655046094697,0.0,0.6165869607275132,1.0,0.0,0.0930649986516213,0.0,0.3437053520519024,0.0,1.0,1.0,0.0,1.0,0.8189643072591224,1.0,0.3031547415876573,0.7948815844286248,0.0,0.0505722777827985,0.3581545146350176,0.21597252004155906,0.0,0.3828206188991663,0.8262061608777217,0.33231253964295376,0.3374172029125619,0.0,0.19973573024382138,0.2587250272363217,0.0,0.09403287763129711,0.2742402962438334,0.2620856850331194,0.1610769878959095,0.0,0.002589430607585296,0.5461869403635875,0.41177937475144044,0.16093435702038694,0.0,0.0,0.24664704012500085,0.5669494532689274,0.0,0.17628091039697286,1.0
gex_possorted_bam_SJSO3:TGGTCAGTCATTGTTCx-M1,0.031577870155985226,0.04065311787333256,1.0,0.0,0.6110239523316973,0.7970518322283447,0.324972076558222,0.18560231297961402,0.0,0.20829654550866197,1.0,0.0,0.011229022886457895,0.0,0.08964209093829537,0.0,1.0,1.0,0.0,1.0,0.8370006592248589,0.8236938666903795,0.15514304639661497,0.6462241375907694,0.0,0.0,0.4608925819408505,0.037056981487113956,0.0,0.0,0.7113372665626724,0.3380552917300234,0.22220879679309385,0.0,0.31844745179827766,0.0829111394140791,0.0,0.0,0.13038120070404932,0.4164163808463836,0.2042785832360742,0.0,0.0,0.7873819616801064,0.21428619242008304,0.06634568486974726,0.1469179448380344,0.15497280357007653,0.08359847327943638,0.17397032903296736,0.0,0.0,1.0
gex_possorted_bam_SJSO3:TGGCTTTGTTTATTCGx-M1,0.03437431673869614,0.0,0.0038634694360434076,0.0,0.43153465095844135,0.28269294783191556,0.0,0.0,0.0,0.0,1.0,0.0,0.0,0.0,0.0,0.0,1.0,1.0,0.0,1.0,0.6498393922017531,0.7484437200352264,0.170406983351517,0.7258429756335039,0.0,0.0,0.42459229567916135,0.0,0.0,0.029641296801409034,0.0,0.17687146712867158,0.15715213768408873,0.0,0.1871742955959644,0.0,0.0,0.03761133438066804,0.0,0.0,0.0,0.0,0.0,0.0,0.06997829672749853,0.0,0.0,0.25830269192614463,0.0,0.030378455287891327,0.0,0.0,0.9866344892635146
gex_possorted_bam_SJSO3:TGGCCAATCCAGGGAGx-M1,0.0,0.5010106335027047,0.7152713107100303,0.023152333140491966,0.0,0.0,0.0,0.0,0.0,0.0,0.5819102901152515,0.0,1.0,1.0,0.0,1.0,0.06646390120076878,0.010591664149757742,1.0,0.0,0.0,0.0,0.0,0.0,1.0,0.0,1.0,0.0,1.0,0.25894542889424754,0.0,0.8368940810936426,0.0,0.5712738778861168,1.0,0.0,0.5628319640109242,0.0,0.0,1.0,0.8962093855212896,0.0,0.38233999071623814,0.0,0.0,0.0002532316085056351,0.833122101390144,0.0,0.0,0.0,1.0,0.0,0.0
gex_possorted_bam_SJSO3:TGGTCAGTCGTACCGAx-M1,0.08789645136904599,0.0,0.0,0.0,0.20390484220963498,0.4191648928190087,0.0,0.0,0.0,0.0,1.0,0.0,0.0,0.0,0.0,0.0,1.0,1.0,0.0,0.696323328094365,0.6927656618685046,0.8261842351775653,0.16667017717243787,0.7914099720333492,0.0,0.0,0.38342571559819033,0.0,0.0,0.018053159853324972,0.0,0.11717892198560355,0.13821073531958994,0.0,0.1909010890218226,0.00022627961154257138,0.0,0.14270125483614315,0.0,0.0,0.0,0.0,0.0,0.0,0.06384279430778105,0.0,0.0,0.34315293134219005,0.0,0.0,0.0,0.029021980284399715,0.6964604338319189
gex_possorted_bam_SJSO3:TGGTGATTCGGTTTCCx-M1,0.0,0.1635957919930976,1.0,0.008962360275053472,0.0,0.28290630505159264,1.0,0.0,1.0,0.0,1.0,0.5073337671688298,0.4899866149309086,1.0,0.0,1.0,1.0,1.0,1.0,0.0,0.0,0.0,0.0,0.0,1.0,0.11729141958072771,1.0,0.1739898724812295,0.03811753957361137,0.056139359186971494,0.7965269766600167,0.0,0.0,0.0,1.0,0.0,1.0,0.0,0.0,1.0,0.0,1.0,1.0,1.0,0.0,0.0,1.0,1.0,0.08241773935825147,0.0,0.25946625855829464,0.0772409791811332,0.0
gex_possorted_bam_SJSO3:TGGTAAACAATAATCCx-M1,0.07491617561947587,0.0,0.0,0.0,0.2555942419506581,0.3679870844234745,0.0,0.0,0.0,0.0,1.0,0.0,0.0,0.0,0.0,0.0,1.0,1.0,0.0,0.8911208964963524,0.6378776745514578,0.8266295185494664,0.17142104384833798,0.7266503890621029,0.0,0.0,0.39232303268951585,0.0,0.0,0.0,0.0,0.131542669311365,0.13795617871633015,0.0,0.16943843891992288,0.0,0.0,0.04634907802451035,0.0,0.0,0.0,0.0,0.0,0.0,0.041450887754274406,0.0,0.0,0.4156391849568453,0.0,0.0,0.0,0.0,0.85332109800671
gex_possorted_bam_SJSO3:TGGTGCATCTTAATGGx-M1,0.0,0.6353161246150704,1.0,0.19709780493835705,0.0,0.5432534222123854,1.0,0.0,1.0,0.1395498216318415,1.0,0.9836085405513906,1.0,1.0,0.0,1.0,1.0,1.0,1.0,0.0,0.0,0.0,0.0,0.0,1.0,0.31793089658193896,1.0,0.8674303596930308,0.3139491138395284,0.49896482615564525,1.0,0.0,0.0,0.12954773748837853,1.0,0.0,1.0,0.0,0.0,1.0,0.0,1.0,1.0,1.0,0.0,0.09913643763476021,1.0,1.0,0.39952983118469054,0.0,0.6292585875868537,0.2642253149548039,0.0
gex_possorted_bam_SJSO3:TGGCGGTTCTTAGTCTx-M1,0.0,0.34209781907059994,1.0,0.13886010996038842,0.0,0.0,1.0,0.05654203154980911,1.0,0.32290004382253545,1.0,1.0,0.7865372846307136,1.0,0.031024712446789487,1.0,1.0,0.3422294742775964,0.812936555381703,0.0,0.0,0.0,0.0,0.0,1.0,0.2192052032538852,1.0,0.6093618296310209,0.3168461819523475,0.22351272349143825,1.0,0.0,0.0,0.06734896725823317,1.0,0.0,1.0,0.0,0.0,1.0,0.20665389844590862,1.0,1.0,1.0,0.0,0.07269435274170741,1.0,1.0,0.32867927667963426,0.07309504694597428,0.46034777907530533,0.15628027543787582,0.1761333093979643
gex_possorted_bam_SJSO3:TGGTCAGTCATCACTTx-M1,0.05408459714962258,0.0,0.5131529996900757,0.0,0.6290649683667441,0.38319368256998876,0.0,0.0,0.0,0.0,0.9696037534167599,0.0,0.0,0.0,0.09601386467010363,0.0,1.0,1.0,0.0,1.0,0.7368919163228228,0.8132473006258877,0.20877967613759013,0.7072065620913613,0.0,0.0,0.4770432946878474,0.0,0.0,0.035247211989395205,0.0,0.2015166856772651,0.23548515340383405,0.0,0.24927069755799455,0.0,0.0,0.0,0.030295282961031927,0.02177843703589781,0.11590372737376015,0.0,0.0,0.0,0.13773412900847273,0.0,0.0,0.28029699774876726,0.0,0.16352953197462466,0.0,0.0,1.0
gex_possorted_bam_SJSO3:TGTCAATCACTGACCGx-M1,0.0,0.0,0.3953496802097413,0.0,0.0,0.0,0.7550530236779864,0.0,0.8425018906444931,0.0,1.0,0.4559485911378198,0.03823974446946972,1.0,0.0,1.0,1.0,0.30440287299068464,0.43935778762731015,0.0,0.0,0.0,0.0,0.0,0.8387040319031892,0.0,1.0,0.0,0.0,0.0,0.0,0.0,0.0,0.0,1.0,0.0,1.0,0.0,0.0,1.0,0.0,1.0,0.8621042921710927,1.0,0.0,0.0,0.8678637682164388,1.0,0.0,0.0,0.07473041531260598,0.0,0.0
gex_possorted_bam_SJSO3:TGTGCGGGTCTAACAGx-M1,0.33446797507508225,0.0,0.1674888427465011,0.24278320342499995,0.5958979636654455,0.8496192478950633,0.0,0.3203907867243125,0.0,0.2740757793452726,0.8545178160065143,0.0,0.0,0.0,0.31104370761383293,0.0301380620601853,0.800570477177467,1.0,0.020163369522686624,1.0,0.9126084426245447,0.945458921333464,0.4226609130991442,0.9220775051887273,0.0,0.14554746427397408,0.2833855631233808,0.16104212734847426,0.0,0.29515573903153547,0.5034464157465586,0.32620792332988974,0.4404798362803128,0.1384432239567804,0.13447116574293017,0.32779154018247136,0.0,0.24728510400290005,0.28241996830424376,0.09779381440744304,0.2813412743138468,0.0,0.0,0.0,0.46032757344541897,0.2753659234113858,0.0,0.06789006386951543,0.2144605755547716,0.3698876057537889,0.04168389468412967,0.236040506479556,1.0
gex_possorted_bam_SJSO3:TGTAAGTGTTTGGTTCx-M1,0.09764721075718608,0.0,0.40918677188900876,0.0,0.6346641849763331,0.7897793907654691,0.0,0.046461273957698536,0.0,0.12184748020736794,1.0,0.0,0.0,0.2928012842737274,0.12621012988644864,0.0,1.0,1.0,0.0,1.0,0.8557122608151987,0.8617255810443645,0.3192657476022946,0.6808198104971497,0.0,0.0,0.29963052969940507,0.21644915468672776,0.01849094095908127,0.20318355982927527,0.0,0.04904072407583058,0.21583372572975054,0.0,0.18535363740107638,0.10511224718518206,0.0,0.1256957027680737,0.13054506632540822,0.061027654773532974,0.49497538511461747,0.0,0.0,0.0,0.257058580548827,0.0,0.0,0.3275357349148002,0.10623983746016882,0.30038888385868745,0.0,0.049830641306983246,1.0
gex_possorted_bam_SJSO3:TGTGCTGAGAACAAGTx-M1,0.0,1.0,1.0,0.5842345490788406,0.0,1.0,1.0,0.16110570128754634,1.0,0.43844773181089614,1.0,1.0,1.0,1.0,0.059947751436432425,1.0,1.0,1.0,1.0,0.0,0.0,0.0,0.0,0.0,1.0,0.7881341541357606,1.0,1.0,1.0,0.9334890062729515,1.0,0.0,0.0,0.40045337630002037,1.0,0.0,1.0,0.01752010130659936,0.0,1.0,0.033655440404974646,1.0,1.0,1.0,0.0,0.3577475304659814,1.0,1.0,0.7835366737578803,0.22586033512227124,1.0,0.6467224012075293,0.0
gex_possorted_bam_SJSO3:TGTATCCGTTAGGCTAx-M1,0.0,0.0,0.184341731544083,0.0,0.0,0.0,0.7772116195980009,0.0,1.0,0.0,1.0,0.530287763604011,0.18481207952015405,1.0,0.0,1.0,0.9705866963041819,0.0,0.5444790770259855,0.0,0.0,0.0,0.0,0.0,1.0,0.03167850409440841,1.0,0.07456773163951606,0.20517441082076493,0.0,0.0,0.0,0.0,0.0,1.0,0.0,1.0,0.0,0.0,1.0,0.0,1.0,1.0,1.0,0.0,0.0,1.0,1.0,0.0,0.0,0.23814330794703525,0.0,0.0
gex_possorted_bam_SJSO3:TGTCATAAGGGATGACx-M1,0.024069496579119623,0.0,0.7659578747560059,0.051268967715865386,0.7990039395823754,0.5818335846972642,1.0,0.4516340431157205,0.5644454140551611,0.0,1.0,0.0,0.09597262444153316,0.03189597720815897,0.0,0.0,1.0,1.0,0.11059400747917633,1.0,0.6671409858977199,0.693831674668793,0.14532785078006066,0.307332875160702,0.10175604418121703,0.058115372173400986,0.9289445284403696,0.0,0.16350915063078503,0.0,0.0,0.6557271916132107,0.1634396029609827,0.0,0.4989326590966045,0.012690982724787176,0.0,0.0,0.13073927294322676,0.2685880548292349,1.0,0.0,0.0,1.0,0.0,0.12640388453271023,0.4968359442428465,0.48703325881395165,0.03864219140319005,0.10126697452175373,0.0,0.0,1.0
gex_possorted_bam_SJSO3:TGTCAGTAGATGGAGCx-M1,0.030229489523883952,0.0,0.0,0.0,0.23566045389291224,0.10424904136820896,0.0,0.0,0.0,0.0,0.9800718391283839,0.0,0.0,0.0,0.0,0.0,0.780557063012664,1.0,0.0,0.8131634066159684,0.545635261664124,0.7308807848088003,0.15096921028576896,0.6603235016859672,0.0,0.0,0.3799406339734644,0.0,0.0,0.0,0.0,0.15920888362212274,0.09090622138156887,0.0,0.22078764317942745,0.0,0.0,0.01925523138013756,0.0,0.0,0.0,0.0,0.0,0.0,0.011158705376421546,0.0,0.0,0.22100521400241263,0.0,0.0,0.0,0.0,0.8145858548613719
gex_possorted_bam_SJSO3:TGGTTGAGTTGCTTCGx-M1,0.0,0.8464712370396973,1.0,0.07601731619401202,0.13922862087310753,0.7220179066372115,1.0,0.48656924264965457,0.26442074746703154,0.7562701639735363,0.27742422561129365,0.3999776105591225,0.0,0.23840009929005593,0.4877116584852943,0.4357069220591552,1.0,0.6006257379465434,0.0,1.0,0.5862389001761231,0.4729698348476699,0.11957121310045228,0.5589441651491811,0.0,0.0,0.2816095870522433,0.3587140952939434,0.04023818734637409,0.0,1.0,0.0,0.20116019942581517,0.24153448016672793,0.5318468212798755,0.30298441471587634,0.1306873916124794,0.01917572981049382,0.4212151505248853,0.9286698704257071,0.7382866801787114,0.6397405840072552,0.0,0.9534640108094788,0.2358382155396251,0.1058911276850469,0.0,0.0,0.2395854354486657,0.3231166182297136,0.0,0.0,1.0
gex_possorted_bam_SJSO3:TGGTTCCTCGCTAGCAx-M1,0.060330500331962106,0.0,0.017735400590443765,0.0,0.39050499304078395,0.352021154384633,0.0,0.0,0.0,0.0,1.0,0.0,0.0,0.0,0.0,0.0,0.9350883551482893,1.0,0.0,1.0,0.7047908459649074,0.8880728350799818,0.17546878097452503,0.7235049142039818,0.0,0.0,0.3435910857517118,0.0,0.0,0.031729577139676564,0.0,0.18071789159508728,0.18302810088658314,0.0,0.13182446125012162,0.021868642661165404,0.0,0.05225638837967537,0.0012057415031176025,0.0,0.0,0.0,0.0,0.0,0.14160642006936383,0.0,0.0,0.22068574151160855,0.0,0.05163599640759123,0.0,0.0,1.0
gex_possorted_bam_SJSO3:TGGTTCTGTGTGTCCCx-M1,0.0,0.0702705879762827,0.1249354551485768,0.0,0.0,0.0,0.9287469581135983,0.0,1.0,0.0,1.0,0.3776454630376593,0.5316948882866379,1.0,0.0,1.0,1.0,0.2866782076583857,0.8238381313723434,0.0,0.0,0.0,0.0,0.0,1.0,0.10664274782879236,1.0,0.0,0.3827321921998301,0.0,0.0,0.025521676571190696,0.0,0.02277937088122185,1.0,0.0,1.0,0.0,0.0,1.0,0.0,1.0,0.887044952997235,0.9187709694905006,0.0,0.0,1.0,1.0,0.0,0.0,0.40384399939533105,0.0,0.0
gex_possorted_bam_SJSO3:TGTCCTGGTGAAACAAx-M1,0.0,0.0,0.0,0.0,0.0,0.0,0.4280931355400248,0.0,1.0,0.0,0.8695158562406108,0.39457143717866244,0.0,1.0,0.0,1.0,0.7855970292214032,0.0,0.3983352209770803,0.0,0.0,0.0,0.0,0.0,0.8716012641109087,0.0,1.0,0.0,0.06904676828711341,0.0,0.0,0.0,0.0,0.0,1.0,0.0,1.0,0.0,0.0,1.0,0.0,1.0,0.7426035259291949,0.4839811852109587,0.0,0.0,0.7429802351682543,1.0,0.0,0.0,0.19718824309902774,0.0,0.0
gex_possorted_bam_SJSO3:TGTCCTGGTTCCTCCTx-M1,0.09461872321926199,0.0,0.0,0.0,0.5344483441485995,0.5072637995818166,0.0,0.0,0.0,0.0,1.0,0.0,0.0,0.0,0.06199772162312423,0.0,1.0,1.0,0.0,1.0,0.8062674772614387,0.9392971412250245,0.19818184562557928,0.7976733183847967,0.0,0.0,0.3806264831510747,0.0,0.0,0.02368679502551737,0.0,0.15571340999780517,0.22538365130795435,0.0,0.19199471560660925,0.03501087689347501,0.0,0.030901047084016288,0.039331607401977386,0.0,0.0,0.0,0.0,0.0,0.1799911239080997,0.0,0.0,0.2509006711950961,0.0,0.0027081931368877258,0.0,0.007393635902841544,1.0
gex_possorted_bam_SJSO3:TGGTTCTGTATGGTGCx-M1,0.0,0.0,0.0,0.0,0.07801478361969802,0.0,0.0,0.0,0.0,0.0,0.49650801989129456,0.0,0.0,0.0,0.0,0.0,0.5305438783212727,0.2954373362740574,0.0,1.0,0.3731587485807333,0.5080832766780533,0.059835458173471946,0.568428418346276,0.0,0.0,0.458272731502554,0.0,0.0,0.0,0.0,0.026654714723231703,0.06383344783128987,0.0,0.3576460387861371,0.0,0.0,0.0,0.0,0.13819740133317132,0.0,0.0,0.0,0.0,0.0,0.0,0.0,0.23769852138403347,0.0,0.0,0.0,0.0,0.5772986771623809
gex_possorted_bam_SJSO3:TGTCCTGGTCATCATCx-M1,0.0,0.0,0.0,0.0,0.21403206844598308,0.01796112333323023,0.0,0.0,0.0,0.0,0.6243223763274759,0.0,0.0,0.0,0.0,0.0,0.6272384963483202,0.6081255811471747,0.0,1.0,0.5394400127748691,0.647995502523464,0.12408515210661415,0.6362542200595017,0.0,0.0,0.3877682264247136,0.0,0.0,0.0,0.0,0.0020122360814003,0.1094800309032221,0.0,0.24570088831022732,0.0,0.0,0.01212942918518323,0.0,0.12629996903821425,0.0,0.0,0.0,0.0,0.0007214787321079307,0.0,0.0,0.15911852856991296,0.0,0.0,0.0,0.0,0.8133275256836541
gex_possorted_bam_SJSO3:TGTGATCAGTCATGCGx-M1,0.0,0.0,0.22974476187253626,0.0,0.0,0.0,0.6274152554529672,0.0,0.7515369058239567,0.0,0.9694595626712657,0.4086288729938785,0.0,1.0,0.0,1.0,1.0,0.14847269422722575,0.40678669786169974,0.0,0.0,0.0,0.0,0.0,0.778592260756882,0.0,1.0,0.0,0.0,0.0,0.0,0.0,0.0,0.0,1.0,0.0,1.0,0.0,0.0,1.0,0.0,1.0,0.8008016446595425,0.7474324416045189,0.0,0.0,0.7121537937819084,1.0,0.0,0.0,0.11094957168858964,0.0,0.0
gex_possorted_bam_SJSO3:TGGTTAATCTCACTCAx-M1,0.0,0.6554832223500485,1.0,0.07565640998429844,0.3650052489209244,0.8086499455512209,1.0,0.72093759665442,0.8592814850391491,0.6085348029944838,0.7443418602377264,0.030997577987994043,0.23258991833121265,0.5730770622731739,0.23334064816384398,0.1811287066773583,1.0,1.0,0.02496129888217744,1.0,0.7611132410584717,0.5171994898190877,0.16204496089325943,0.33211619303945283,0.09848030500172637,0.0,0.628265249093831,0.4741077393116554,0.3639962621722483,0.0,0.6499564630960856,0.09718763738623729,0.22671965215490153,0.1129400949040066,0.7389289266795723,0.2337234408632716,0.10080687396979164,0.06337285890436423,0.4129978602749562,0.7739624650977603,1.0,0.5059669403722525,0.0,1.0,0.291545883737247,0.12345908373707346,0.6933568202388252,0.17419497825819374,0.20692916588439897,0.33984855809698455,0.0,0.0,1.0
gex_possorted_bam_SJSO3:TGTGATCAGTTAGTTGx-M1,0.04653107236796039,0.0,0.912941493763251,0.0,0.8988355466228558,0.7735903515829985,0.0,0.0,0.0,0.31474857623520025,1.0,0.0,0.0,0.0,0.1990720249222661,0.0,1.0,1.0,0.0,1.0,0.7580544274550822,0.9155161795694977,0.23470256599967326,0.7066257387890805,0.0,0.03125984109111942,0.41153657168905283,0.006496021612178573,0.0,0.11523374344084437,0.5353707462984726,0.4235454925760331,0.24836030158407224,0.0,0.2596214755646118,0.11035161810391092,0.0,0.0,0.13036708062646923,0.23518079534317524,0.0554889471902792,0.0,0.0,0.2535485038010741,0.2549512930546676,0.045676453204902906,0.0897617321271269,0.21081754018635418,0.08298664871273326,0.39704800657510975,0.0,0.037031294368230695,1.0
gex_possorted_bam_SJSO3:TGTATCGCAGGATTAAx-M1,0.0,0.0,0.7159398062746747,0.0,0.0,0.0,0.4403791003282371,0.0,0.21489347767979083,0.1081745381354911,0.2940083437444195,0.17514513436594628,0.0,0.0,0.0,0.8168418991969048,0.48339418655467015,0.0,0.0,0.18826142631420767,0.0,0.0,0.0,0.0,0.07010718450025927,0.0,0.9581324720556634,0.05120639248249848,0.0,0.0,0.5896093504669795,0.0,0.0,0.05995923631279367,1.0,0.0,0.8265610678919186,0.0,0.0,0.9118600224534456,0.0,0.7635554553965618,0.3275529771446226,0.842825914241782,0.0,0.0,0.0635899533390968,1.0,0.032046661167748215,0.0,0.0,0.0,0.29204255514759964
gex_possorted_bam_SJSO3:TGTAAGTGTAGCAGCTx-M1,0.0,0.0,0.08730591197934545,0.0,0.0,0.0,0.6136632716131651,0.0,0.9846913228431571,0.0,1.0,0.4909769891954545,0.09656107338937453,1.0,0.0,1.0,1.0,0.31134029360148974,0.5762564470192729,0.0,0.0,0.0,0.0,0.0,0.9296598335294486,0.0,1.0,0.0,0.03005826079830302,0.0,0.0,0.0,0.0,0.0,1.0,0.0,1.0,0.0,0.0,1.0,0.0,1.0,0.8813596602629665,0.6784328235466137,0.0,0.0,0.8217710394385208,1.0,0.0,0.0,0.21917732138106913,0.0,0.0
gex_possorted_bam_SJSO3:TGGTTCTGTATTCGTCx-M1,0.0,0.0,0.0,0.0,0.0,0.0,0.0,0.0061837328815009815,0.0,0.0,0.23286749872972573,0.0,0.0,0.0,0.0,0.0,0.4811313610396149,0.13904760596288215,0.0,1.0,0.3438194852246788,0.44862177895206357,0.04127350728101138,0.5602002503208556,0.0,0.0,0.40679166045939114,0.0,0.0,0.0,0.0,0.0,0.08399482415017209,0.0,0.28900751537700786,0.0,0.0,0.0,0.0,0.12492219263357188,0.006959930644764181,0.11523054104685468,0.0,0.0,0.0,0.0,0.0,0.21400662000826193,0.0,0.0,0.0,0.0,0.4265462158538046
gex_possorted_bam_SJSO3:TGGTTAATCCTCCATAx-M1,0.0,0.0,0.0,0.0,0.0,0.0,0.36612661470822794,0.0,0.6824312386721204,0.0,1.0,0.11773277126469643,0.0,1.0,0.0,1.0,1.0,0.8498802273560401,0.7312246100647717,0.0,0.0,0.0,0.0,0.0,0.7669094434175836,0.0,1.0,0.0,0.0927639862150036,0.0,0.0,0.0,0.0,0.0,1.0,0.0,1.0,0.0,0.0,0.9644252491695728,0.0,1.0,0.5887713062000571,0.0,0.0,0.0,0.644559481481682,1.0,0.0,0.0,0.0,0.0,0.0
gex_possorted_bam_SJSO3:TGTAATGTCGTTTCGCx-M1,0.030136072959176682,0.0,0.0,0.0,0.19402710362165515,0.04528573142866311,0.0,0.0,0.0,0.0,0.668738901690088,0.0,0.0,0.0,0.0,0.0,0.6440946312441123,0.7763141309417828,0.0,1.0,0.4932182482874068,0.6597461235485081,0.13364547653593847,0.7057199666112871,0.0,0.0,0.45856451681851707,0.0,0.0,0.030071236871052367,0.0,0.06210101567326327,0.14316441618169554,0.0,0.30401104792874867,0.0,0.0,0.07029741235607809,0.0,0.03444873114577641,0.0,0.0,0.0,0.0,0.1072834416623695,0.0,0.0,0.27565647438532254,0.0,0.0,0.0,0.0,0.7190596503113291
gex_possorted_bam_SJSO3:TGTCATAAGGCATGTTx-M1,0.0,0.5172476201247403,0.8315668670282395,0.0,0.0,0.0,1.0,0.03321049645702854,0.3249445082103814,0.17163717075902832,0.3487636348540238,1.0,0.0,0.5973332818138626,0.1364090978599616,1.0,0.930154255745293,0.0,0.0,0.1469389606201654,0.0,0.0,0.0,0.0,0.22559896923517023,0.0,0.9701760317246176,0.11058306695057195,0.0,0.0,0.7776928847853555,0.0,0.0,0.08526595356653036,1.0,0.0,1.0,0.0,0.0,1.0,0.12392255135082599,1.0,0.06690840672275535,0.8165476658550533,0.0,0.0,0.27012849754332435,1.0,0.04616562747791917,0.0,0.0,0.0,0.0
gex_possorted_bam_SJSO3:TGTAAAGCATGTTGGCx-M1,0.17026885504909178,0.0,0.0,0.11043777923238257,0.27041148713638136,0.09279442990181691,0.0,0.1943026633033375,0.0,0.0,0.4892809980295272,0.0,0.0,0.0,0.05461336228918787,0.0,0.5245180542963327,0.6286089401291297,0.0,1.0,0.5491197159075066,0.6748492974445751,0.21771431194294777,0.6877401445460825,0.0,0.0,0.4755758724722373,0.0,0.007269643509806905,0.0,0.0,0.1064528228553006,0.24861444406921943,0.04585962847727922,0.2689607842231356,0.13479082953931287,0.0,0.13694469808500548,0.09762132789277925,0.0706993686473619,0.11996511609701832,0.0,0.0,0.0,0.17769200726120887,0.1180684862718444,0.0,0.20906029051369793,0.0,0.1039565156379386,0.0,0.039754426059499484,0.813940115059868
gex_possorted_bam_SJSO3:TGTCAATCAATAAGCAx-M1,0.04948941457302958,0.0,0.0,0.0,0.35897629168184747,0.08935432053923861,0.0,0.05020798354261296,0.0,0.0,0.6487875160084972,0.0,0.0,0.0,0.0,0.0,0.6919419666707128,0.7089079186573591,0.0,1.0,0.41717748854630143,0.6608201604335147,0.21506361497633258,0.6853642620643188,0.0,0.0,0.3190041366593446,0.0,0.0,0.005035606101690497,0.0,0.13144034477654892,0.1279986186748259,0.0,0.21536567551948177,0.009824448290578117,0.16920238610136504,0.25176609854061444,0.0020797116840953213,0.0,0.0,0.033958224754428445,0.0,0.0,0.2551134038958647,0.012574623127956796,0.0,0.47341618204400854,0.0,0.0,0.0,0.0,0.8913324425547331
gex_possorted_bam_SJSO3:TGTATCCGTAACCACAx-M1,0.0,0.0,0.0,0.0,0.0,0.0,0.23821368483690908,0.0,0.7563740121876601,0.0,0.9343811365381118,0.10230071000733731,0.0,1.0,0.0,0.9960167012822678,0.8360821728358702,0.1395965369565456,0.2985176666876497,0.0,0.0,0.0,0.0,0.0,0.6703697014140184,0.0,1.0,0.0,0.03622380598119114,0.0,0.0,0.0,0.0,0.0,1.0,0.0,1.0,0.0,0.0,0.845055254444881,0.0,1.0,0.4199219787037328,0.0,0.0,0.0,0.5538070629985096,1.0,0.0,0.0,0.09850932359084198,0.0,0.0
gex_possorted_bam_SJSO3:TGTGCAAGTGTGAGAGx-M1,0.0,0.3990316872434927,1.0,0.12384187882616972,0.0,0.0,1.0,0.0,1.0,0.0470532474986981,1.0,0.7166155888938401,1.0,1.0,0.0,1.0,1.0,0.6889559982152276,1.0,0.0,0.0,0.0,0.0,0.0,1.0,0.27474435310447265,1.0,0.5542178589018099,0.5836606297392233,0.16658545022754742,1.0,0.03240054197991619,0.0,0.09071455725905725,1.0,0.0,1.0,0.0,0.0,1.0,0.0,1.0,1.0,1.0,0.0,0.027444487063099956,1.0,1.0,0.27642377051304723,0.034021509670812855,0.5769864751109186,0.2024170808048325,0.0
gex_possorted_bam_SJSO3:TGTAACTCAGTAAAGCx-M1,0.0,1.0,0.8235935985168348,0.1292254609019347,0.0,0.2722645573718562,1.0,0.3405103812677871,0.174060569649081,0.6995634753445161,0.0,1.0,0.0,0.18268142198058265,0.6298657654314987,0.6400079145172841,0.7161714989661243,0.0,0.0,1.0,0.26153996674965685,0.18269947805142442,0.090706295871049,0.5075219061005404,0.0,0.0,0.1861858803390937,0.2951051396563886,0.15095248496527072,0.0,1.0,0.0,0.16394613063006921,0.3637023398828635,0.6581492440849769,0.33645375815168066,0.38298259696828657,0.044515862750823115,0.4271648694376725,1.0,0.31323734753930216,1.0,0.0,0.260042338159421,0.14781495511637602,0.11926585156448544,0.0,0.02480079321389562,0.2398397871475652,0.1972795670818256,0.01949249562823472,0.008718368455151787,0.21099238229137515
gex_possorted_bam_SJSO3:TGTAACTCAACAGCCTx-M1,0.0,0.41178375264984074,0.6387604687052808,0.0543189044606074,0.0,0.0,1.0,0.0,1.0,0.0,1.0,0.320898324670179,1.0,1.0,0.0,1.0,1.0,0.2011486619381255,1.0,0.0,0.0,0.0,0.0,0.0,1.0,0.1037145263683031,1.0,0.0,0.7802954256745966,0.1682854701398399,0.7652442218787437,0.1524799038301513,0.0,0.12103493098850159,1.0,0.0,1.0,0.0,0.0,1.0,0.0,1.0,1.0,1.0,0.0,0.011663073893833555,1.0,1.0,0.13562269900215018,0.0,0.7367008379692803,0.08711746609925601,0.0
gex_possorted_bam_SJSO3:TGTAAGTGTGTGCACGx-M1,0.609320982363353,0.14995565841642824,0.0,0.425992458778818,0.8971375010849427,1.0,0.0,0.35274073811850803,0.0,0.4232537811943315,1.0,0.0,0.15020050779440783,0.05160539358030795,0.5300795155900487,0.1253020941767664,1.0,1.0,0.6928611222344082,1.0,1.0,1.0,0.6829857266985545,1.0,0.0,0.2770658741774489,0.12330016598512332,0.4223885112302267,0.39040677754020414,0.6513777311799652,0.6284605462746232,0.6288695503777628,0.5697738434188412,0.3202635757344273,0.11455865251872097,0.6422708851362243,0.0,0.44425278861956563,0.5039260350501172,0.0,0.09390510279548606,0.011995933912514082,0.12269027130961992,0.043229742479380114,0.7812635328980243,0.5105461437237307,0.0,0.24128853360245467,0.3764480655095474,0.49467690762728483,0.11456352762843855,0.584952247556152,1.0
gex_possorted_bam_SJSO3:TGTCCTGGTGAGACTCx-M1,0.07231832315718174,0.0,0.0,0.0,0.2401932131097504,0.33207259554653457,0.0,0.0,0.0,0.0,1.0,0.0,0.0,0.0,0.0,0.0,1.0,1.0,0.0,1.0,0.7480812411866447,0.8097742415248459,0.17201485068676123,0.7427144667711243,0.0,0.0,0.35589667373814615,0.0,0.0,0.0,0.0,0.04824824361745254,0.19701480509883038,0.0,0.17808423925801514,0.0,0.0,0.0579638027379733,0.00310080135722751,0.0,0.0,0.0,0.0,0.0,0.08401456817606855,0.0,0.0,0.2747335684431189,0.0,0.0,0.0,0.0,0.8812394716916554
gex_possorted_bam_SJSO3:TGTGCTGAGTCCTGAGx-M1,0.0,0.0,0.0,0.0,0.1806202451848686,0.0,0.0,0.0,0.0,0.0,0.5148678919720459,0.0,0.0,0.0,0.0,0.0,0.5170746112996673,0.3067898674573415,0.0,1.0,0.4248381545431068,0.6327770495900051,0.11386350377687587,0.5613993217571115,0.0,0.0,0.3873102575633303,0.0,0.0,0.0,0.0,0.03899639929777091,0.09565066456603395,0.0,0.27930871032155286,0.0,0.0,0.0,0.0,0.11831778148040702,0.0,0.0,0.0,0.0,0.0,0.0,0.0,0.15495153603627318,0.0,0.0,0.0,0.0,0.833065990013903
gex_possorted_bam_SJSO3:TGTGGAGCATTAGCCAx-M1,0.018236506098760985,0.0,0.0,0.0,0.21663280443736332,0.0230661453898166,0.0,0.0,0.0,0.0,0.7158121047421309,0.0,0.0,0.0,0.0,0.0,0.7283573196471159,0.7291613734193712,0.0,1.0,0.5095267329460003,0.6533685597444445,0.13888671162257818,0.6108670968860589,0.0,0.0,0.45653314348045965,0.0,0.0,0.0,0.0,0.12724767470876164,0.12467969606964267,0.0,0.2750310975635016,0.0,0.0,0.0,0.0,0.03114261483400025,0.0,0.0,0.0,0.0,0.04684974540331281,0.0,0.0,0.2521557182516349,0.0,0.0,0.0,0.0,0.9043840774437831
gex_possorted_bam_SJSO3:TGTTGGCCATCGCTTTx-M1,0.005591232552318103,0.0,0.43421477181842855,0.0,0.16424106912607206,0.208659694821382,0.0,0.019260417463716036,0.0,0.07170640657159084,0.6145547652986885,0.0,0.0,0.0,0.07728968459535103,0.0,0.7083430474892902,0.48448271203232696,0.0,1.0,0.6162034425758314,0.7140101502058427,0.11761264612423053,0.675639172811228,0.0,0.0,0.3688664231667695,0.0,0.0,0.0,0.6426873339294944,0.0,0.15600518355602588,0.0,0.2452643235502973,0.04756911406214585,0.0,0.0,0.02218900500344245,0.3027286473947135,0.0,0.0,0.0,0.0,0.1119080613972425,0.043523961883543925,0.0,0.029739324612731852,0.0,0.06457261549779031,0.0,0.0,1.0
gex_possorted_bam_SJSO3:TGTTAGCAGTTATTCCx-M1,0.0,0.0,0.41669334501832656,0.0,0.0,0.0,0.6129553590607,0.0,0.897651333342203,0.0,0.6831979040323608,0.568638498552552,0.08914844640076502,1.0,0.0,1.0,0.7478630363016967,0.0,0.34965515384321044,0.0,0.0,0.0,0.0,0.0,0.8821294829664137,0.01537505897511566,1.0,0.0,0.0,0.0,0.0,0.0,0.0,0.0,1.0,0.0,1.0,0.0,0.0,1.0,0.029425440016952166,1.0,0.8003611658592498,0.7885616045835802,0.0,0.0,0.6805365844950602,1.0,0.0,0.0,0.2124287709432939,0.0,0.0
gex_possorted_bam_SJSO3:TGTTACTTCCGTTATTx-M1,0.0,0.049049322546885495,1.0,0.05658376278665999,0.0,0.0,1.0,0.031256020929127756,1.0,0.022674123098373546,0.8746888375385543,0.5706220516290809,0.5226229670074176,1.0,0.0,1.0,0.9906382792419245,0.019093558073005786,0.528945811053475,0.0,0.0,0.0,0.0,0.0,1.0,0.16165423633463402,1.0,0.34330999905211196,0.1585060146333426,0.03677660761238602,0.9922458938146554,0.015542774292568883,0.0,0.054279716096044685,1.0,0.0,1.0,0.0,0.0,1.0,0.07112393720361386,1.0,1.0,1.0,0.0,0.018448279779836044,1.0,1.0,0.16775481199860115,0.0,0.43447494162801453,0.07523838116355933,0.0
gex_possorted_bam_SJSO3:TGTTGTGCAATAGTCTx-M1,0.0,0.0,0.0,0.0,0.12131847348673966,0.0,0.0,0.0,0.0,0.0,0.7233772719195813,0.0,0.0,0.0,0.0,0.0,0.7076782101458399,0.666850817122613,0.0,0.9138229831936341,0.42011808979581244,0.5427316366044628,0.10917422639379507,0.5302808803737685,0.0,0.0,0.5101050191296083,0.0,0.0,0.0,0.0,0.06050238990506078,0.09579697429570497,0.0,0.2974702855941513,0.0,0.0,0.0,0.0,0.035839636975190145,0.0,0.0,0.0,0.0,0.0,0.0,0.0,0.39361461884692855,0.0,0.0,0.0,0.0,0.7302366172190351
gex_possorted_bam_SJSO3:TGTTGGCCACAACAAAx-M1,0.0,0.0,0.19591563151854946,0.0,0.0,0.0,0.6993873759279792,0.0,1.0,0.0,1.0,0.5089858887863558,0.240814546315709,1.0,0.0,1.0,1.0,0.16052945247791725,0.6601309698282016,0.0,0.0,0.0,0.0,0.0,1.0,0.02151219082124248,1.0,0.0,0.10273469962760504,0.0,0.0,0.0,0.0,0.0,1.0,0.0,1.0,0.0,0.0,1.0,0.0,1.0,1.0,1.0,0.0,0.0,1.0,1.0,0.0,0.0,0.2639739046409744,0.0,0.0
gex_possorted_bam_SJSO3:TGTTGCACAAGTGAACx-M1,0.0,0.8730801796071219,0.7577206224489745,0.0,0.0,0.191090297587828,1.0,0.19318157804381444,0.0,0.5412520304680448,0.0,0.8652730825715385,0.0,0.0,0.5483349759300508,0.32959847256020447,0.752386129241499,0.0,0.0,1.0,0.39974987783889415,0.3324638474397955,0.04522815325535401,0.5948912682989344,0.0,0.0,0.12499082932707709,0.11564839178249758,0.0,0.0,1.0,0.0,0.12792420345051753,0.20489170576935317,0.5132060719563962,0.19058627746630266,0.22286034907815266,0.0,0.3400875064638494,0.8750806003262699,0.18067191494779378,0.8488751038205173,0.0,0.0,0.03204982897736439,0.0,0.0,0.0,0.0890453117209462,0.08216060495849879,0.0,0.0,0.4314245287968067
gex_possorted_bam_SJSO3:TGTGTGAGTTAGGCTAx-M1,0.0,0.271017324323923,1.0,0.10954356965027973,0.0,0.0,1.0,0.0,1.0,0.09110813284291787,1.0,0.8475106534853072,0.9662626065132578,1.0,0.0,1.0,1.0,0.14712907206438094,1.0,0.0,0.0,0.0,0.0,0.0,1.0,0.25438835712488855,1.0,0.6121246008960823,0.44483637768787604,0.2071585370431368,1.0,0.0,0.0,0.042555017181051855,1.0,0.0,1.0,0.0,0.0,1.0,0.0,1.0,1.0,1.0,0.0,0.03774679023424954,1.0,1.0,0.2954602799522966,0.0,0.4905111467711527,0.17533037702982718,0.0
gex_possorted_bam_SJSO3:TGTTGTTTCAAACTCAx-M1,0.0,0.0,0.43943693430507447,0.0,0.0,0.0,0.8575220274787038,0.0,1.0,0.0,1.0,0.65606961157953,0.2692614200062249,1.0,0.0,1.0,1.0,0.314132863716687,0.7098212995280418,0.0,0.0,0.0,0.0,0.0,1.0,0.06127510445876026,1.0,0.02777951711608511,0.1457451088174603,0.0,0.05623927764683158,0.0,0.0,0.0,1.0,0.0,1.0,0.0,0.0,1.0,0.0,1.0,1.0,1.0,0.0,0.0,1.0,1.0,0.0,0.0,0.1886777327760741,0.0,0.0
gex_possorted_bam_SJSO3:TGTTCATTCAGCAAGAx-M1,0.17206346579853712,0.0,0.6394589779523308,0.06527279461063912,1.0,1.0,0.0,0.0,0.0,0.3446667915596754,1.0,0.0,0.0,0.0,0.3194698802607449,0.0,1.0,1.0,0.0,1.0,0.9515937733131103,1.0,0.38168165753334377,0.7762793299003322,0.0,0.11701163553262457,0.31364638144595564,0.0,0.0,0.3177342704008588,0.4661481879588423,0.5910009637558452,0.3439660379359235,0.008995615710307481,0.1474056388955618,0.20084960925754325,0.0,0.07247222935327773,0.19707772046025082,0.035752698892244424,0.032251119614559544,0.0,0.0,0.07903919972248531,0.46238855999652945,0.1398118874333846,0.12333108214036045,0.1027025880056228,0.16971157484610735,0.4926258718626203,0.0,0.17895876665673344,1.0
gex_possorted_bam_SJSO3:TGTTGTTTCTTGGATAx-M1,0.0,0.15583620610621501,0.0,0.00999358532177261,0.0,0.0,0.1853932453335537,0.13356161541706793,0.0,0.1413284883378356,0.098757883972865,0.2715961864055736,0.0,0.0,0.22669621839226253,0.0,0.4541825549132714,0.0,0.0,0.9888375730825743,0.2826003855017719,0.33284484714237256,0.0677751900179022,0.537240974554288,0.0,0.0,0.32155594564601997,0.0,0.015172221090230642,0.0,0.18150668046338284,0.0,0.078560514205635,0.11576536012323993,0.47910847927278416,0.08430040219797423,0.027239404439520696,0.008501252531152043,0.12166103267827738,0.4194971900192196,0.048695997736775104,0.5345286397427395,0.0,0.0,0.0,0.0,0.0,0.06879728172351238,0.0,0.0,0.0,0.0,0.24191320295019592
gex_possorted_bam_SJSO3:TGTGGCCAGTCATCCCx-M1,0.0,0.0,0.09402435313060009,0.0,0.04783427151758081,0.0,0.0,0.09019809397222056,0.0,0.0,0.5394900478126362,0.0,0.0,0.0,0.0,0.0,0.9698353963027467,0.698885803476501,0.0,1.0,0.5124381715759714,0.49959813904684913,0.10037073389867696,0.5872750569054653,0.0,0.0,0.3846762286407267,0.0,0.0,0.0,0.0,0.061127516395977806,0.14695246258783604,0.0,0.32575479814482533,0.0,0.0,0.033711632700495195,0.0570059852544414,0.10284147203112576,0.23108503420932483,0.06668590565557776,0.0,0.0,0.04966201941889172,0.0,0.0,0.25329340002903705,0.0,0.0,0.0,0.0,0.7318679534579613
gex_possorted_bam_SJSO3:TGTTGTTTCAGGTTTAx-M1,0.017918935075557946,0.0,0.1989476762807194,0.0,0.53830483016446,0.3224612542807594,0.0,0.0,0.0,0.0923777459152387,0.8240610864555145,0.0,0.0,0.0,0.07981704704812688,0.0,0.8936945373796755,0.9073064738044584,0.0,1.0,0.6249344616096925,0.7900200973892515,0.1484178435052689,0.646635588615766,0.0,0.0,0.4107042157494502,0.0,0.0,0.022308146282928886,0.0,0.2363401260508326,0.163889101164433,0.0,0.19426939758693926,0.03538277578503111,0.0,0.0029237240008606327,0.02256196493529017,0.023132630746271646,0.0,0.0,0.0,0.0,0.13448454151718678,0.0,0.0,0.23592228846824165,0.0,0.14410783130711974,0.0,0.0,1.0
gex_possorted_bam_SJSO3:TGTGGCTCAATAATCCx-M1,0.17024741995544954,0.1263998935688823,1.0,0.17103921654136275,1.0,0.9376990284065247,0.6666676108297453,0.21308615032017028,0.03170035763982022,0.7186680443811757,1.0,0.08010711375558534,0.0,0.0,0.5015433739181563,0.268055189302075,1.0,1.0,0.15436830522617312,1.0,0.9759278678362142,0.7487356652234202,0.5657099289183805,0.5105182039226059,0.2383787471569339,0.21577634873256307,0.25734876219025626,0.0799932357185243,0.30430749554066255,0.1358536243306262,1.0,0.5279224372118516,0.1846822344696314,0.09914116525056166,0.42672339956954314,0.3477860922640112,0.07329581411144309,0.05666674072768259,0.28509061432524535,0.4338443245819961,0.9887133271079528,0.0,0.46697666576362934,1.0,0.19542389843643462,0.4195297117736435,0.3192785399138571,0.214859763188348,0.14210848264324016,0.6472573992713994,0.0,0.14816170867934234,1.0
gex_possorted_bam_SJSO3:TGTTACTTCCACCCTGx-M1,0.013109183167248755,0.0,0.0,0.0,0.31632849135836044,0.086206545218547,0.0,0.0,0.0,0.0,0.9064636867133598,0.0,0.0,0.0,0.0,0.0,0.8295614258634901,0.9490787865829675,0.0,0.7022109935433701,0.47762828940684987,0.5967410860208938,0.1507260573140438,0.5224754616622841,0.0,0.0,0.5110088211389218,0.0,0.0,0.0,0.0,0.03562611744698429,0.07571696318336758,0.0,0.3028270158540216,0.0,0.0,0.0,0.0,0.003335291579152489,0.0,0.0,0.0,0.0,0.0,0.0,0.0,0.4280975618496215,0.0,0.0,0.0,0.0,0.6836122130007647
gex_possorted_bam_SJSO3:TGTTCATTCCCAGTAGx-M1,0.1314492857206799,0.008132306470608058,1.0,0.040303219218943115,1.0,1.0,0.0,0.00588920898934062,0.0,0.5134703656258154,1.0,0.0,0.1429758624323699,0.0,0.3194689271832173,0.0,1.0,1.0,0.0,1.0,1.0,1.0,0.33498069624258053,0.8024717293127553,0.0,0.09449373092232735,0.35513149377715497,0.15023071925520856,0.0,0.32795905131674224,0.9720521454731215,0.5022788636917174,0.34722940929708096,0.0,0.2283455341174528,0.2146829682326057,0.0,0.05879281450310344,0.22086187002190635,0.22556644138308585,0.035705049121937345,0.0,0.0,0.6425708192081323,0.46041692840184983,0.11551853411745863,0.2729550851366079,0.17623416716292342,0.21622475090472204,0.5573853141280807,0.0,0.1513831333464543,1.0
gex_possorted_bam_SJSO3:TGTTAGCAGGATTGAGx-M1,0.08231272271724561,0.0,0.0,0.0,0.3533560205687788,0.3486918521725703,0.0,0.0,0.0,0.0,1.0,0.0,0.0,0.0,0.0,0.0,1.0,1.0,0.0,1.0,0.7296417443123089,0.8197702754248404,0.17228061615246834,0.7186866922486584,0.0,0.0,0.4096844021741948,0.0,0.0,0.0,0.0,0.13531846892373134,0.20151905257597286,0.0,0.16332695115491916,0.0,0.0,0.02729209716942193,0.007081612814168795,0.0,0.0,0.0,0.0,0.0,0.12957153962738333,0.0,0.0,0.2888105753237189,0.0,0.0,0.0,0.0,0.995844668111507
gex_possorted_bam_SJSO3:TGTTGTGCAAAGCTCCx-M1,0.01642603338002042,0.0,0.0,0.0,0.06578725242464864,0.194466162459759,0.0,0.0,0.0,0.0,0.8823973834052063,0.0,0.0,0.0,0.012862402395496334,0.0,1.0,1.0,0.0,1.0,0.5932585755250611,0.6532370807299035,0.10938247647754194,0.6896144418316823,0.0,0.0,0.35288272761934186,0.0,0.0,0.0,0.0,0.0,0.14589421075896397,0.0,0.24245760027082874,0.0,0.0,0.029660268193322705,0.037257693231852705,0.0,0.0,0.02102115724132467,0.0,0.0,0.07942365622918156,0.0,0.0,0.30105686764329026,0.0,0.0,0.0,0.0,0.6092748762848991
gex_possorted_bam_SJSO3:TGTTATGAGCGCCTTTx-M1,0.005290251482722682,0.0,0.046341964287539485,0.0,0.284461177098235,0.09660371951337626,0.0,0.0,0.0,0.0,0.5906448437311251,0.0,0.0,0.0,0.18183569844342523,0.0,0.7786053791340284,0.43573072654129225,0.0,1.0,0.5674291404014057,0.6336324515834092,0.12450442161800657,0.6145478657035719,0.0,0.0,0.4573398470546034,0.0,0.0,0.0,0.0,0.0048949416972003034,0.1386628442676627,0.0,0.3199256760282623,0.017001807318058986,0.0,0.0,0.04434714380010027,0.18349143284925543,0.0,0.0,0.0,0.0,0.05234075557434326,0.0,0.0,0.17813603606544196,0.0,0.0,0.0,0.0,0.6969660273527132
gex_possorted_bam_SJSO3:TGTTGTGCACAGGGACx-M1,0.07737186083427716,0.0,0.0,0.0,0.4872582418231222,0.5248225740688348,0.0,0.0,0.0,0.0,1.0,0.0,0.0,0.0,0.0,0.0,1.0,1.0,0.0,1.0,0.7300209614422555,0.8867685209197952,0.1977229905174346,0.7480609227560877,0.0,0.0,0.3915822259757851,0.0,0.0,0.06937695977952384,0.0,0.21428826971533038,0.1835707486576501,0.0,0.18044167559331767,0.03166360815113599,0.0,0.06206098321247739,0.009863631704598414,0.0,0.0,0.0,0.0,0.0,0.11998082179756994,0.0030952660617961456,0.0,0.18685073624401446,0.0,0.06385015070494747,0.0,0.018048792555383334,1.0
gex_possorted_bam_SJSO3:TGTTGCACATGATTGTx-M1,0.0,0.08446627631095421,0.5297377417385056,0.0,0.07478150017329495,0.0,0.0007951207475167638,0.03371715685491089,0.020234378861183986,0.11229031215768823,0.1363922065341586,0.0,0.0,0.0,0.11238335528335683,0.028555098872125352,0.47123454260525033,0.0,0.0,1.0,0.3864812856625703,0.3843780371717161,0.061832063575804994,0.4674423667227274,0.0,0.0,0.49559076311355604,0.0,0.0,0.0,0.4592058714404619,0.0,0.09723761918866188,0.03491236578077106,0.5295568593101425,0.0,0.1896747602203116,0.0,0.03918559893166402,0.46247943736913677,0.0,0.1938740811722023,0.0,0.0050685412095437055,0.0,0.0,0.0,0.2677202184563789,0.0,0.0546020183488905,0.0,0.0,0.760759044449584
gex_possorted_bam_SJSO3:TGTTACTTCACTAAGCx-M1,0.10279683427480085,0.0,0.0,0.0,0.44201228088626543,0.6608189596963862,0.0,0.0,0.0,0.0,1.0,0.0,0.0,0.0,0.0,0.0,1.0,1.0,0.0,1.0,0.8118913156891551,0.9463495744771442,0.21181185594802257,0.7979778679054654,0.0,0.0,0.3583711947122946,0.0,0.0,0.09056639602119924,0.0,0.20917577710906127,0.17721325060638643,0.0,0.19122494102236026,0.045937665595321184,0.0,0.07532106886309983,0.013227199827436906,0.0,0.0,0.0,0.0,0.0,0.18317082432083162,0.004974232215420497,0.0,0.19580901532517095,0.0,0.0,0.0,0.04742673149119051,1.0
gex_possorted_bam_SJSO3:TTAACCAAGAGAAGGGx-M1,0.0,0.0,0.09306097293423544,0.0,0.06565952333551359,0.0,0.0,0.0,0.0,0.0,0.7583027980035004,0.0,0.0,0.0,0.0,0.0,0.7476994178267092,0.5224310358699109,0.0,0.8402651951516964,0.36471453084458216,0.4378431349559877,0.06319400859542551,0.4870421905256112,0.0,0.0,0.5855805784435456,0.0,0.0,0.0,0.1853684988296673,0.10933249954463792,0.046543134381455395,0.0,0.5174720631885323,0.0,0.1626402278942496,0.0,0.0,0.3544207451854607,0.0,0.05617868832461042,0.0,0.0,0.0,0.0,0.0,0.57889789846532,0.0,0.0,0.0,0.0,0.6787768691055687
gex_possorted_bam_SJSO3:TTACAGCAGTCACTCCx-M1,0.020361468040448905,0.0,0.14414560627552084,0.0,0.2203366796838575,0.26664416908969496,0.0,0.047843289322131076,0.0,0.05363387298044768,0.6103428932261146,0.0,0.0,0.0,0.16133040139500202,0.0,0.9175330393549999,0.8273730766197834,0.0,1.0,0.6123439335816233,0.6541715170118251,0.13426464232510268,0.7038161749082806,0.0,0.0,0.29995396205417396,0.0,0.0,0.04978089314686118,0.11015281785114132,0.0,0.17908952254653734,0.0,0.22760490692622923,0.06633665447517725,0.0,0.0,0.11157935788727023,0.13933802011018623,0.02490113484799156,0.0,0.0,0.0,0.14477175179080984,0.0,0.0,0.11356242091472274,0.0,0.017214099883307177,0.0,0.0,0.8586417336450053
gex_possorted_bam_SJSO3:TTAGAAGCACAATGCCx-M1,0.03359746850152829,0.0,0.36093921158362785,0.0,0.3729636701077541,0.341237318939939,0.0,0.026314385838877186,0.0,0.0952715285199361,0.6747167982608288,0.0,0.0,0.0,0.13611698671025851,0.0,0.894690961221063,0.7144439829688485,0.0,1.0,0.7418200473079493,0.7585494601804735,0.15747833569160513,0.7012068224706957,0.0,0.0,0.35269544180553636,0.014285046488730037,0.0,0.03445158615057761,0.44333331255860303,0.1068098199895362,0.19086731174397217,0.0,0.2949440742227933,0.08206562995512774,0.0,0.0,0.08654886402430541,0.24373806057720243,0.0,0.0,0.0,0.0,0.16653458695652898,0.006720036985978143,0.0,0.11079068362343604,0.0,0.08928225486546937,0.0,0.0,1.0
gex_possorted_bam_SJSO3:TTACCGTGTTTCAGGAx-M1,0.0,0.23372052549484135,1.0,0.04221320792128982,0.0,0.0,1.0,0.0,1.0,0.13093599737332742,1.0,0.9040014503896293,0.36709230181769337,1.0,0.0,1.0,1.0,0.026620774561479373,0.5326623679127057,0.0,0.0,0.0,0.0,0.0,1.0,0.12347513292343816,1.0,0.3583380169793303,0.09387858693003923,0.0,1.0,0.0,0.0,0.042644872460429334,1.0,0.0,1.0,0.0,0.0,1.0,0.06727429436480906,1.0,1.0,1.0,0.0,0.0,1.0,1.0,0.14981653031137107,0.0,0.3513747738280552,0.05851126519420664,0.0
gex_possorted_bam_SJSO3:TTAACTGAGTCTTGAAx-M1,0.0,0.0,0.3303565383068686,0.0,0.0,0.0,0.704352821618024,0.0,1.0,0.0,1.0,0.44317176875984626,0.031889875310105176,1.0,0.0,1.0,1.0,0.4197252502091674,0.6875251032401921,0.0,0.0,0.0,0.0,0.0,1.0,0.0028903720273912607,1.0,0.02329736333355973,0.0,0.0,0.0,0.0,0.0,0.0,1.0,0.0,1.0,0.0,0.0,1.0,0.0,1.0,1.0,1.0,0.0,0.0,1.0,1.0,0.0,0.0,0.13655924767885458,0.0,0.0
gex_possorted_bam_SJSO3:TTAGCAGGTTCAAGCAx-M1,0.1208350317847698,0.3127831759278984,1.0,0.06308961279704677,0.7891021042040502,1.0,0.0,0.09873349329336391,0.0,0.578988187890903,0.9395963752153931,0.0,0.0396680139959187,0.0,0.4353669431460805,0.0,1.0,1.0,0.0,1.0,1.0,1.0,0.27389326804425806,0.9044653217613354,0.0,0.015817917603741495,0.17547185903499446,0.17483744038467505,0.0,0.24915626908746719,1.0,0.2422847410576201,0.3289731725518201,0.047422730510909394,0.15792855629868927,0.28934495954871003,0.023802376610590568,0.06647029328049206,0.29450880101304516,0.5618265640069453,0.0,0.0,0.0,0.9937019135802853,0.3049422058986388,0.23117110538170052,0.12269159359484058,0.0,0.2869794260386547,0.4901745421877361,0.0,0.15008382121914374,1.0
gex_possorted_bam_SJSO3:TTACACCGTGATCATGx-M1,0.0,0.0,0.02987817018497371,0.0,0.0,0.0,0.4886619790860213,0.0,0.9966430656648619,0.0,0.830263267898981,0.48186117334543377,0.0,1.0,0.0,1.0,0.7786794882813625,0.0,0.34609464120497935,0.0,0.0,0.0,0.0,0.0,0.8715669752938788,0.0,1.0,0.0,0.06641639823545073,0.0,0.0,0.0,0.0,0.0,1.0,0.0,1.0,0.0,0.0,1.0,0.0,1.0,0.7168969234055173,0.43371637716505895,0.0,0.0,0.7858286068916045,1.0,0.0,0.0,0.17594523197798226,0.0,0.0
gex_possorted_bam_SJSO3:TTACAGCAGACTTATGx-M1,0.0,0.03416558545492528,0.5807261825614429,0.0,0.0,0.0,1.0,0.0,1.0,0.0,1.0,0.403750993426231,0.42499432426717737,1.0,0.0,1.0,1.0,0.4746426905843045,0.9840540704820714,0.0,0.0,0.0,0.0,0.0,1.0,0.08445563479220694,1.0,0.10645029623134188,0.36930382832060527,0.006379682729145433,0.24923442818812838,0.0,0.0,0.022879444266136546,1.0,0.0,1.0,0.0,0.0,1.0,0.0,1.0,1.0,1.0,0.0,0.0,1.0,1.0,0.0,0.0,0.26398403110396723,0.03256855575254239,0.0
gex_possorted_bam_SJSO3:TTAGACTCAAGCCACTx-M1,0.5838047116013425,0.8162090270768841,0.8525714127926228,0.4925749760094042,0.984070764416295,1.0,0.342058970763374,0.4644617283439606,0.0,1.0,1.0,0.0,0.7188423738366355,0.0,0.6840805753553593,0.29508502608745707,0.902823162088876,1.0,0.4950376673242754,1.0,1.0,1.0,0.6740151237532245,1.0,0.27938337889487086,0.4071312482588617,0.024782100528526235,0.48259145644232165,0.7948265142240162,0.6813468899878296,1.0,0.6605783410453695,0.63593063430149,0.6345070637309276,0.18416651278839494,0.7486979395113217,0.32227868748148236,0.5426940227435652,0.7145500812113537,0.405450997249007,0.5223436118516758,0.14810377083601806,0.163941588993516,0.9072843474889597,0.7242009058802251,0.6843093716684788,0.0,0.0,0.669972310731096,1.0,0.4920468918973717,0.6789401450672958,1.0
gex_possorted_bam_SJSO3:TTAACCAAGTTGGGCCx-M1,0.0,0.0,0.0,0.0,0.0,0.0,0.42165985018990854,0.0,0.9407748342187409,0.0,1.0,0.2769350852532614,0.002617248191202608,0.7883860459648907,0.0,0.995173167892188,0.9254941818361058,0.0,0.30604694616261613,0.0,0.0,0.0,0.0,0.0,0.8064761149316347,0.0003955866715144954,1.0,0.0,0.04115914593348771,0.0,0.0,0.0,0.0,0.0,1.0,0.0,1.0,0.0,0.0,1.0,0.0,1.0,0.6785224325127355,0.4743305514900182,0.0,0.0,0.8926483735042313,1.0,0.0,0.0,0.24984305843843305,0.0,0.0
gex_possorted_bam_SJSO3:TTACACCGTTTGAGCAx-M1,0.17814807192339735,0.009347742960425834,0.8927808150537384,0.08142409938325856,0.6261964842973408,1.0,0.0,0.15635950493860068,0.0,0.34344511012426243,1.0,0.0,0.033831171316640374,0.0,0.26703301986882144,0.0,1.0,1.0,0.0,1.0,1.0,1.0,0.2801493669663207,0.9033117796679685,0.0,0.0035639152888024255,0.30669714227926936,0.12730304087117542,0.0,0.23485891792568653,1.0,0.307429816265159,0.3652905564399388,0.005354782566794817,0.22660778178516047,0.2369553874116158,0.0,0.09169737210588591,0.25462529856161686,0.31327022262311793,0.0,0.0,0.0,0.820181512518538,0.3839555368027025,0.18531303690119666,0.15619773931465614,0.04953099659491439,0.20967782636015267,0.340102631149096,0.0,0.10704496093021064,1.0
gex_possorted_bam_SJSO3:TTACCGTGTTGCATCTx-M1,0.08345279468271719,0.0,0.0,0.0,0.4720141386334155,0.5739351669970632,0.0,0.0,0.0,0.0,1.0,0.0,0.0,0.0,0.0,0.0,1.0,1.0,0.0,1.0,0.7207504146693487,0.8935263737874382,0.2228002005691597,0.731057298069287,0.0,0.0,0.42082915539495813,0.0,0.0,0.13792605132961175,0.0,0.10535711448779486,0.19877183622976158,0.0,0.1560594691376798,0.0,0.0,0.05917792587226193,0.0,0.0,0.0,0.0,0.0,0.0,0.1091138934670978,0.0,0.0,0.3800263714005854,0.0,0.1001829351323361,0.0,0.0,1.0
gex_possorted_bam_SJSO3:TTAAGGACACCTGCTCx-M1,0.04432811904027305,0.0,0.0,0.0,0.18461976228841018,0.10785230580570147,0.0,0.0,0.0,0.0,1.0,0.0,0.0,0.0,0.0,0.0,0.8750506270500993,1.0,0.0,0.815917173781258,0.5033749883935327,0.6968330336351961,0.13094859332149372,0.6309667649160351,0.0,0.0,0.43611391784927483,0.0,0.0,0.0,0.0,0.06849349560816881,0.1067892714593436,0.0,0.21458104427595334,0.0,0.0,0.04400075467280789,0.0,0.0,0.0,0.0,0.0,0.0,0.0,0.0,0.0,0.3167596593301846,0.0,0.0,0.0,0.0,0.6660328091969127
gex_possorted_bam_SJSO3:TTAGAAGCAGAGAGCCx-M1,0.0,0.0,0.8279981448060332,0.003924238482526893,0.8720370579547626,0.6912646914679189,0.8029009918148288,0.3648283577207891,0.4401810333475179,0.0,1.0,0.0,0.0,0.0,0.0,0.0,1.0,1.0,0.051918459482625565,1.0,0.7747780641877546,0.8094044284464895,0.12630791677947642,0.37674625876582596,0.0,0.004933899135114497,0.8124772241390932,0.0,0.0,0.0,0.0,0.6637999627229327,0.16205114595277248,0.0,0.38960879993777725,0.0,0.0,0.0,0.09292522037416179,0.18013915655534382,0.7904624836412557,0.0,0.0,1.0,0.018471196510214255,0.05638666597618239,0.543932241345922,0.4310448744477509,0.0,0.06322470176791917,0.0,0.0,1.0
gex_possorted_bam_SJSO3:TTAAGGACATGGCCTGx-M1,0.04156053299119066,0.0,0.21592996018228944,0.0,0.6244993175677614,0.7630053078361437,0.0,0.0,0.0,0.054934431722108316,1.0,0.0,0.0,0.0,0.04717160018634799,0.0,1.0,1.0,0.0,1.0,0.6915645519009489,0.8465185112948488,0.23813861227650837,0.6564780672110044,0.0,0.0,0.417311001246469,0.0,0.0,0.18055977324978167,0.20940146926124856,0.06236136461960343,0.17351868686286614,0.0,0.2540278096627057,0.051832212343082155,0.0,0.028857956536937616,0.024190621952309303,0.11713081051120938,0.0,0.0,0.0,0.0,0.18593686863401254,0.03223778347476846,0.0,0.31767088125690385,0.0,0.22451937523749113,0.0,0.054008666148785224,1.0
gex_possorted_bam_SJSO3:TTAAAGGCAATGCCCGx-M1,0.032666991308304916,0.0,0.0,0.0,0.29954024008284286,0.06379569666623688,0.0,0.0,0.0,0.0,0.6865547011300001,0.0,0.0,0.0,0.0,0.0,0.6787686079371846,0.7075109295249256,0.0,1.0,0.638520372640288,0.6857540420627786,0.131583610743585,0.6316097408141662,0.0,0.0,0.4025842525152019,0.0,0.0,0.0,0.0,0.07098394368625473,0.13606466722963806,0.0,0.2806164617388817,0.0,0.0,0.05294176509136551,0.0,0.07931772710566319,0.0,0.0,0.0,0.0,0.06510777618584455,0.0,0.0,0.23091961313720624,0.0,0.0,0.0,0.0,0.9196042683603592
gex_possorted_bam_SJSO3:TTAACCAAGTATCGCGx-M1,0.04671035063795539,0.0,0.0,0.0,0.3782612240169399,0.43106851436086346,0.0,0.0,0.0,0.0,1.0,0.0,0.0,0.0,0.0,0.0,1.0,1.0,0.0,1.0,0.669425337327663,0.8478636925973898,0.17766831748934853,0.6838963850034333,0.0,0.0,0.38160077666427955,0.0,0.0,0.0,0.0,0.027171805650048043,0.17013320287340428,0.0,0.19884459359734216,0.00028061277768023435,0.0,0.0324390975342842,0.019630240901875977,0.0,0.0,0.0,0.0,0.0,0.1252259476019697,0.0,0.0,0.29941362245430525,0.0,0.020408263709543573,0.0,0.006729546101815922,0.8607736641681764
gex_possorted_bam_SJSO3:TTAGCAATCGCTCCATx-M1,0.021909809785731316,0.0,0.056598673433027685,0.0,0.37820366207107203,0.1100681682723879,0.0,0.0,0.0,0.0,0.8451252430258632,0.0,0.0,0.0,0.0,0.0,0.8231015884513408,0.9308437240824345,0.0,1.0,0.6568845375340842,0.6984407625673981,0.12353613540050132,0.7073353577825978,0.0,0.0,0.45701477284662473,0.0,0.0,0.010865087634207194,0.0,0.039686034985871754,0.13608935227017202,0.0,0.29891856478803575,0.0,0.0,0.0,0.0,0.021051291641464003,0.0,0.0,0.0,0.0,0.054746497555463375,0.0,0.0,0.19785904804651894,0.0,0.0,0.0,0.0,0.966369946735878
gex_possorted_bam_SJSO3:TTAGAAGCACTGGCCAx-M1,0.0,0.0,0.0,0.0,0.028214352204234208,0.0,0.0,0.0,0.0,0.0,0.8483777568694487,0.0,0.0,0.0,0.0,0.0,0.8390051087883712,0.8993749375847175,0.0,0.2912104809786574,0.2322289493455286,0.3314485646319128,0.04030858547303585,0.3635697103352968,0.0,0.0,0.7380506085673394,0.0,0.0,0.0,0.0,0.12222821176373584,0.011782384107970433,0.0,0.4894609238632558,0.0,0.09513668564838378,0.0,0.0,0.12247037605523173,0.005654516620095998,0.14150106063134724,0.0,0.0,0.0,0.0,0.0,0.9229626162428425,0.0,0.0,0.0,0.0,0.3667054320881303
gex_possorted_bam_SJSO3:TTACAGCAGCGCCTTTx-M1,0.0,0.0,0.23780082465866212,0.0,0.0,0.0,0.6887905504802992,0.0,1.0,0.0,1.0,0.48807084503709686,0.17464830732005107,1.0,0.0,1.0,1.0,0.20771902169677017,0.5605302056291236,0.0,0.0,0.0,0.0,0.0,1.0,0.03496226354866946,1.0,0.0,0.0,0.0,0.0,0.0,0.0,0.0,1.0,0.0,1.0,0.0,0.0,1.0,0.0,1.0,1.0,1.0,0.0,0.0,1.0,1.0,0.0,0.0,0.18594518864267737,0.0,0.0
gex_possorted_bam_SJSO3:TTAGCAATCGGCCAGTx-M1,0.0,0.029766845455673215,0.8282452221603047,0.0,0.0,0.0,1.0,0.0,1.0,0.0,1.0,0.7786639100583685,0.2576853776503195,1.0,0.0,1.0,1.0,0.06720670221394622,0.7734691257272456,0.0,0.0,0.0,0.0,0.0,1.0,0.04736271824623724,1.0,0.20284862842270046,0.2634059015488785,0.0,0.2954981589130642,0.0,0.0,0.005690803328912842,1.0,0.0,1.0,0.0,0.0,1.0,0.0,1.0,1.0,1.0,0.0,0.0,1.0,1.0,0.007950034984208598,0.0,0.24850690887617397,0.00043757726844025367,0.0
gex_possorted_bam_SJSO3:TTAAGGTGTTACAAACx-M1,0.22207784037455147,0.0,0.19063967397227274,0.06991037495792113,0.6953578750314666,0.8124800333025002,0.0,0.045925954204266387,0.0,0.08924041196114955,1.0,0.0,0.0,0.0,0.23377342122826086,0.0,1.0,1.0,0.056628528522126624,1.0,0.9291084596698415,0.9859507858172596,0.3335812803979122,0.8541524562317465,0.0,0.0,0.291556264712827,0.007184657881950289,0.009291179341730358,0.18220470825862795,0.15661812539341466,0.28997377779747846,0.27870890424864175,0.02883694983144779,0.15567947019445438,0.1674507703442904,0.0,0.19108076524986528,0.15531729811131767,0.0,0.0,0.0,0.0,0.0,0.2511492562356853,0.15602712072929661,0.0,0.07803874720693448,0.02630869645333751,0.16802305935589243,0.0,0.14089399914416895,1.0
gex_possorted_bam_SJSO3:TTAAGCCAGCACCACAx-M1,0.0,0.2035470395665078,0.15066072958494756,0.0,0.0,0.0,0.10876729532416092,0.1123599484647072,0.0,0.17455830534243258,0.1857700456466384,0.017505870049742033,0.0,0.0,0.27081380729578475,0.1827818876929878,0.4582422640935969,0.008345589309875785,0.0,1.0,0.3338328204015448,0.41400629417928186,0.10705865363952037,0.5768837167987609,0.0,0.0,0.26870357716528076,0.0,0.0,0.0,0.802183067778498,0.0,0.10335581818834229,0.12982889923782395,0.46292476472238625,0.13880452359209347,0.2302138523608292,0.015615966641079282,0.14127943614744673,0.5989780626473934,0.0,0.2905377108777086,0.0,0.0,0.0,0.06066089119319373,0.0,0.021455226353138953,0.04893579403850635,0.0,0.0,0.0,0.6118416184552793
gex_possorted_bam_SJSO3:TTACGTTTCATTGACAx-M1,0.061592121411457076,0.0,0.34453481029858835,0.0,0.3165257200989366,0.3114322085413017,0.0,0.0,0.0,0.0,0.8723482882885675,0.0,0.0,0.0,0.0,0.0,0.6618854383167981,0.7671652683613585,0.0,0.8472864280458663,0.5138749241331659,0.7215677635453756,0.28900693490630847,0.48055687662089713,0.0,0.0,0.44755122003865694,0.0,0.0,0.10498359095289977,0.003885659213721677,0.0039623907311021195,0.14058267783222486,0.0,0.22285607872361773,0.019021603744391487,0.043785516848675314,0.011812953062342056,0.0,0.0,0.0,0.0,0.0,0.0,0.12157395455392833,0.14565348811335654,0.0,0.23889252274169231,0.0,0.10522020588315906,0.0,0.035657814265218496,1.0
gex_possorted_bam_SJSO3:TTAGCAGGTTGCAATGx-M1,0.0,1.0,1.0,0.14289229162338835,0.0,0.5320549508688307,1.0,0.0,0.8178357524006706,0.39259290658323626,1.0,1.0,0.30432439209090284,1.0,0.08953687307591546,1.0,1.0,1.0,1.0,0.0,0.0,0.0,0.0,0.0,1.0,0.1154521586303203,1.0,0.4164068181267676,0.0,0.19654055593780062,0.7429390195604708,0.0,0.0,0.14619014174009348,1.0,0.0,1.0,0.0,0.0,1.0,0.38795066864038336,1.0,0.9826651051199936,1.0,0.0,0.0,1.0,1.0,0.23464372221351104,0.0,0.16677306154144933,0.05379293097389937,0.0
gex_possorted_bam_SJSO3:TTAAGCCAGGCCTAATx-M1,0.0,1.0,1.0,0.6119596261956898,0.0,0.4717573109887261,1.0,0.2252012595533434,1.0,0.3854863728485871,1.0,1.0,1.0,1.0,0.08115747235304649,1.0,1.0,1.0,1.0,0.0,0.0,0.0,0.0,0.0,1.0,0.7826036439921863,1.0,1.0,1.0,0.8937820288065829,1.0,0.0,0.0,0.44467989978362127,1.0,0.010155345286754963,1.0,0.04261662901888505,0.05012368975856007,1.0,0.014256299576258806,1.0,1.0,1.0,0.0,0.3580801092870979,1.0,1.0,0.7761699162981839,0.1493393957005533,1.0,0.6587386661881944,0.0
gex_possorted_bam_SJSO3:TTACACCGTTCACCATx-M1,0.015356899441432785,0.0,0.0,0.0,0.06855362701581007,0.0,0.0,0.0,0.0,0.0,0.9088144627972845,0.0,0.0,0.0,0.0,0.0,0.8030685755014734,1.0,0.0,0.4908845982763249,0.41847688731353444,0.5522640055584844,0.09641173936779933,0.5907421968112299,0.0,0.0,0.4910741140264493,0.0,0.0,0.0,0.0,0.05626035527240339,0.06132470230043677,0.0,0.2996411670282139,0.0,0.0,0.032398714728615816,0.0,0.0,0.0,0.0,0.0,0.0,0.0,0.0,0.0,0.5578681146849976,0.0,0.0,0.0,0.0,0.43910461356678804
gex_possorted_bam_SJSO3:TTAGAAGCATCCAGGTx-M1,0.0,0.0,0.0,0.0,0.0,0.0,0.0,0.0,0.0,0.0,0.9376638538004385,0.0,0.2268077047930623,0.9727643881571433,0.0,1.0,0.6497896115706302,0.2443098669884657,0.5398947793579836,0.0,0.0,0.0,0.0,0.0,0.8060984640952437,0.0,1.0,0.0,0.5476073705432909,0.0,0.0,0.12219685890660995,0.0,0.054691400738049595,1.0,0.0,1.0,0.0,0.0,1.0,0.11050746395378615,0.0,0.2582194995236735,0.0,0.0,0.0,0.5678620874189623,1.0,0.0,0.0,0.34303072468647466,0.0,0.0
gex_possorted_bam_SJSO3:TTAAGCCAGAAAGCATx-M1,0.0,0.6378570669531768,0.7143184116585483,0.04900700952899808,0.08946346925174889,0.4223464926024381,0.7716786245593863,0.12896094074587924,0.0,0.32286295105079704,0.4664933133894203,0.28658158535992817,0.0,0.9388259308668016,0.37238057665932106,0.37789776750226794,1.0,0.3787772187719596,0.0,1.0,0.5873534499684213,0.4209559634163564,0.08516511337562323,0.6617131431987873,0.0,0.0,0.21398671890683865,0.12537404960203066,0.0,0.0,1.0,0.0,0.12962556270301615,0.037948081522756916,0.4724118690672692,0.1689293712122165,0.07095784597357338,0.0,0.4140585003055907,1.0,0.1379460469165792,0.48694547077402645,0.0,0.0,0.0,0.013444377293667731,0.0,0.28813828494960425,0.06117932632992619,0.10761630403082713,0.0,0.0,0.6206983756657406
gex_possorted_bam_SJSO3:TTACCGTGTTTGACCTx-M1,0.0,0.0,0.1530317134941329,0.0,0.0,0.0,0.0,0.0,0.0,0.0,0.19037827224503515,0.0,0.0,0.0,0.11662950059448803,0.0,0.5740365297441017,0.0,0.0,1.0,0.2556831609854231,0.3754513054434067,0.02789384564700167,0.5350069690451631,0.0,0.0,0.4044490732090556,0.0,0.0,0.0,0.014698769765549584,0.0,0.0530522428742305,0.00723505921380987,0.3789187785385553,0.0,0.0,0.0,0.034051142795752685,0.3858492318050451,0.05965256401420027,0.1988783215790149,0.0,0.0,0.0,0.0,0.0,0.19812213531652975,0.0,0.0,0.0,0.0,0.42764266578923976
gex_possorted_bam_SJSO3:TTAAGTGTCCTGGTGAx-M1,0.0,0.14417602161031196,1.0,0.13777687575094805,0.0,0.0,1.0,0.0,1.0,0.4278112534205013,0.6640227071322087,1.0,0.9185484285100142,1.0,0.0,1.0,0.9609220245653014,0.0,0.7586566223330399,0.0,0.0,0.0,0.0,0.0,1.0,0.2778165287000965,1.0,0.8351224423290255,0.23684386662785728,0.2774216393110289,1.0,0.0,0.0,0.12407175642270683,1.0,0.0,1.0,0.0,0.0,1.0,0.16254764911620634,1.0,1.0,1.0,0.0,0.055572417110863026,1.0,1.0,0.39941329756914823,0.0,0.4831149643494147,0.20864023399065004,0.0
gex_possorted_bam_SJSO3:TTATCCTAGTGCACGCx-M1,0.6276472270883008,0.5402946358886446,0.0,0.5642706762200833,0.8038929851397577,1.0,0.25837983511292417,0.608621670369675,0.1361804540233245,0.6981281899816534,0.6037506303916872,0.0,0.38746600725663105,0.13724425175043048,0.6373180872540106,0.24522102291465628,0.4788236577228454,0.8939382334556878,0.3313532099506615,1.0,1.0,1.0,0.6233146256523936,1.0,0.20926449925032933,0.3798763319886002,0.03200860924694563,0.5482002465575099,0.47648351592021976,0.539226985694906,0.9883028845960876,0.6320163564156175,0.6404734559805582,0.6404871988251564,0.07970837887563365,0.73299398459819,0.15967017810581954,0.5374507778006683,0.6442000166317952,0.3947858827090291,0.4085781210760734,0.1149907109635797,0.37594961212283307,0.539686846069381,0.7280615463546654,0.5973199126791703,0.10034390202126245,0.09824191971199596,0.5380148270973224,0.7059653758674099,0.45343286425322976,0.5932660050731146,1.0
gex_possorted_bam_SJSO3:TTCAACCGTCATCCTGx-M1,0.029002722715522705,0.0,0.0,0.0,0.3337140572540195,0.22999523860597565,0.0,0.0,0.0,0.0,0.9736829151896793,0.0,0.0,0.0,0.0,0.0,0.9233231417135278,1.0,0.0,1.0,0.6175187622464928,0.7921064168463727,0.13138857569427653,0.7915832284726652,0.0,0.0,0.40396542652712514,0.0,0.0,0.0,0.0,0.131055370535291,0.14720350818970696,0.0,0.14714901171862632,0.0,0.0,0.03390443232294497,0.0,0.0,0.0,0.0,0.0,0.0,0.03979176971501242,0.0,0.0,0.2654947942216905,0.0,0.0,0.0,0.0,0.912244477664981
gex_possorted_bam_SJSO3:TTATGACCAGATAGACx-M1,0.23321978587236064,0.005046874991649687,0.7565872522891978,0.13505534217453297,1.0,1.0,0.0,0.060797185858354925,0.0,0.46949188088350935,1.0,0.0,0.015981626422288165,0.0,0.3430010609507304,0.0,1.0,1.0,0.0,1.0,1.0,1.0,0.40864095306443865,0.9458078741670589,0.0,0.10183114282632598,0.27530662712805887,0.171258303030765,0.0,0.4081352061477917,1.0,0.48580576504082407,0.3857206795693351,0.06121233204687238,0.16263652200412237,0.30415950172705086,0.0,0.14473916946513118,0.28562854080009453,0.20485145448654746,0.0,0.0,0.0,0.5476802761250297,0.46260995401939337,0.23298357389035088,0.10914422035738967,0.04091265672382081,0.25469740759729775,0.5362331872839978,0.0,0.2527758076252029,1.0
gex_possorted_bam_SJSO3:TTCAGCACATGCAACCx-M1,0.008030643273380444,0.0,0.0,0.0,0.10387510749486267,0.0,0.0,0.0,0.0,0.0,0.8143521921720499,0.0,0.0,0.0,0.0,0.0,0.7686723700773043,0.8860829942102977,0.0,0.7829969540276638,0.4154225988221157,0.5977519429950194,0.09141451552062194,0.6156075155339137,0.0,0.0,0.45012135668906866,0.0,0.0,0.0,0.0,0.02053367053038305,0.08060784213345097,0.0,0.24125761533460782,0.0,0.0,0.01941751659259297,0.0,0.0,0.0,0.0,0.0,0.0,0.0,0.0,0.0,0.3897393328571831,0.0,0.0,0.0,0.0,0.5857836618791966
gex_possorted_bam_SJSO3:TTATCCTAGCTTCTCAx-M1,0.0,0.0,0.4625121250694642,0.0,0.0,0.0,0.7441344955074477,0.0,0.977584848596444,0.0,1.0,0.5113084268381205,0.06074590399478992,1.0,0.0,1.0,1.0,0.44378194977426993,0.5896475729393817,0.0,0.0,0.0,0.0,0.0,0.9213628119652184,0.0,1.0,0.0,0.032214814914545115,0.0,0.0,0.0,0.0,0.0,1.0,0.0,1.0,0.0,0.0,1.0,0.0,1.0,0.7978641969694591,1.0,0.0,0.0,0.9154024347167282,1.0,0.0,0.0,0.174033765291015,0.0,0.0
gex_possorted_bam_SJSO3:TTAGGATGTCCAAATGx-M1,0.0624859809937678,0.0,0.5761030731287691,0.0,0.5551153870713521,0.48840460302183936,0.0,0.0,0.0,0.07338861105533044,0.9645805254499165,0.0,0.0,0.0,0.18107458779989638,0.0,1.0,1.0,0.0,1.0,0.7452170286426563,0.8882410988426357,0.224096802805057,0.6789679476992049,0.0,0.0,0.41173644504413265,0.0,0.0,0.05429062311671513,0.17911207629239495,0.16631326532286675,0.22805333574093206,0.0,0.20401236265842887,0.05599076179462029,0.0,0.04519950972124903,0.04879751348787081,0.0,0.0,0.0,0.0,0.0,0.24234399398253242,0.019496629346262687,0.0,0.17993970672546136,0.0,0.13465748823329984,0.0,0.008378201051976371,1.0
gex_possorted_bam_SJSO3:TTATTGCTCACAGCGCx-M1,0.0,0.647210887619992,1.0,0.19321881507187297,0.18329673982139605,0.235801703135626,1.0,0.2921659387260115,1.0,0.22245074790507677,1.0,0.5618909626843217,1.0,1.0,0.0,1.0,1.0,1.0,1.0,0.0,0.0,0.0,0.0,0.0,1.0,0.3666691400628276,1.0,0.471385996075341,0.5787306940828517,0.0,0.9734743720398521,0.3443545454702892,0.0,0.12220460989235503,1.0,0.0,1.0,0.0,0.0,1.0,0.6698833260464324,1.0,1.0,1.0,0.0,0.11129931592148275,1.0,1.0,0.3639077418601921,0.25361310553246563,0.4762798624367657,0.1313278469805534,0.4052184378306375
gex_possorted_bam_SJSO3:TTCAGCACATCGCTCCx-M1,0.08647825704138763,0.5753325650204295,1.0,0.2613582726685083,0.0,0.9337723654071193,1.0,1.0,0.35322480291633906,1.0,0.07989330875542107,1.0,0.31265742935171054,1.0,0.6655143406161576,0.6307601762910394,1.0,1.0,1.0,1.0,0.48587204255822913,0.0,0.538891872672571,0.2586495248642665,0.3333312596141701,0.09500593067234564,0.15884310608931407,1.0,1.0,0.4492234860001808,0.0,0.0,0.4071417185624031,0.016361685634397435,1.0,0.774981511591795,0.5110619592367465,0.6597591947795398,0.902425571369192,0.5550455266056734,1.0,1.0,0.528505639564385,0.3439567564033738,1.0,0.0,1.0,0.6553630844767435,0.13785719876102512,0.9236470048090868,0.0,0.0,1.0
gex_possorted_bam_SJSO3:TTAGGATGTCCCGGAAx-M1,0.012604973143781131,0.8173615593055726,1.0,0.08926500161441078,0.05820162039135018,0.19524602445890812,1.0,0.31773645898594544,0.0397017348040997,0.8369558531760705,0.0,0.5213237566828546,0.0,0.0,0.56484123553936,0.3825107515937332,0.09637699377667869,0.0,0.0,1.0,0.40726388095171484,0.44547424435185,0.15939877269315686,0.5738321402070065,0.0,0.0,0.15508017580959113,0.34474370695549933,0.3654749775534494,0.06805309693830466,1.0,0.0,0.2052695474718744,0.3357559590192898,0.4803083305258082,0.38872714242784795,0.46055927462047813,0.04871953319392672,0.3213343486241459,1.0,0.14415470023017596,0.35406208741372747,0.0,0.9293923530083341,0.1591732904968049,0.2641255957629936,0.0,0.0,0.3679544293726634,0.43507441138109376,0.18994040591420588,0.10761654445091225,1.0
gex_possorted_bam_SJSO3:TTCACTGTCGATAACCx-M1,0.0,0.9518675308983521,1.0,0.07693262160337311,0.0,0.20578038079634753,1.0,0.0,0.6131383708830405,0.32350070504374856,1.0,1.0,0.18449770579308153,1.0,0.04416092785179406,1.0,1.0,1.0,1.0,0.0,0.0,0.0,0.0,0.0,1.0,0.05760517888987409,1.0,0.3322713059865695,0.0,0.10705804244511388,0.74392653421072,0.0,0.0,0.0934775456572251,1.0,0.0,1.0,0.0,0.0,1.0,0.35530899886049366,1.0,1.0,1.0,0.0,0.0,0.8370788129879462,1.0,0.17952230631733923,0.0,0.0820492419813789,0.006656217952778527,0.0
gex_possorted_bam_SJSO3:TTAGGCCCAATGAAGCx-M1,0.11220817502165192,0.0,0.0,0.0,0.2925791724364962,0.27680896985627357,0.0,0.0,0.0,0.0,1.0,0.0,0.0,0.0,0.0,0.0,0.8859903955863822,1.0,0.0,0.9611473571776036,0.7277792960363805,0.7916106543456756,0.19706862430747663,0.7170218455490357,0.0,0.0,0.4736689363344228,0.0,0.0,0.0,0.0,0.031014750319267956,0.17573961310345548,0.0,0.2121897638113085,0.014672273867097747,0.0,0.0628108482266847,0.0,0.0,0.0,0.0,0.0,0.0,0.08464161742537993,0.01581827074224135,0.0,0.3094878037828765,0.0,0.0,0.0,0.014243951585913102,0.6390451317967937
gex_possorted_bam_SJSO3:TTAGGCGTCTAATCTCx-M1,0.0,0.9676542370200915,1.0,0.4243677707317524,0.1612222417469731,0.3748382225269854,1.0,0.8651193559174416,1.0,0.7645244405350042,0.8525008204356989,1.0,1.0,1.0,0.08283455688414772,1.0,1.0,1.0,1.0,0.7141436171526628,0.0,0.0,0.01645737083136359,0.0,1.0,0.5193498090972047,1.0,1.0,1.0,0.017758487077398053,0.7438031700182051,0.2577065432642874,0.0,0.39094062167266896,1.0,0.13777184716871085,1.0,0.09938813440913694,0.23526950025488158,1.0,1.0,1.0,1.0,1.0,0.1685845092865463,0.2821434829741788,1.0,1.0,0.5479199835779942,0.5620728725281279,0.3218754861726052,0.1707012649915452,1.0
gex_possorted_bam_SJSO3:TTATCCTAGGTCATTAx-M1,0.0,0.5524422147132743,1.0,0.17340431227066075,0.0,0.07476184376623217,1.0,0.0,1.0,0.05257052934416794,1.0,1.0,1.0,1.0,0.0,1.0,1.0,0.6992628260361242,1.0,0.0,0.0,0.0,0.0,0.0,1.0,0.31390060569695766,1.0,0.5619347453651988,0.7177950402030461,0.3236244368965523,1.0,0.0,0.0,0.11627537168824367,1.0,0.0,1.0,0.0,0.0,1.0,0.0,1.0,1.0,1.0,0.0,0.10846119220616868,1.0,1.0,0.32076256042904533,0.05388198697936015,0.7600494087999649,0.2668118933374209,0.0
gex_possorted_bam_SJSO3:TTATTGCTCGGCTAGCx-M1,0.019259332146366787,0.0,0.07759642913729237,0.0,0.1453726248566236,0.06014074396098291,0.0,0.0,0.0,0.0,0.6566420645212467,0.0,0.0,0.0,0.03416695689695027,0.0,0.6369268463113126,0.5339092621082605,0.0,1.0,0.49004670423851987,0.6355940096165139,0.14295837954199148,0.562766120555046,0.0,0.0,0.4313769676985487,0.0,0.0,0.0,0.07017321537581679,0.0,0.13958946055215563,0.0,0.3045635427570092,0.01933890418478225,0.0,0.030256962400966765,0.0,0.08429992981553625,0.0,0.0,0.0,0.0,0.09256037745861523,0.012087668302704592,0.0,0.19087870212149577,0.0,0.011505187399450197,0.0,0.0,0.7870999151379596
gex_possorted_bam_SJSO3:TTAGGCGTCATTGCAAx-M1,0.12481057029209572,0.013792023842381084,0.9321086815931345,0.09184320386753969,0.7583528890660961,0.9797484237153978,0.0,0.0604274118827526,0.0,0.44285272962791294,1.0,0.0,0.03125224256960849,0.06866090165780894,0.2331652439653241,0.15577310786664972,1.0,1.0,0.0,1.0,0.8060245721464148,0.7981074283815859,0.2709110211064172,0.6152094519607424,0.032663425465360996,0.09860643643487901,0.580885591006249,0.15474626529680707,0.0,0.2786262190112223,0.7807723446563184,0.2996545157921279,0.26244861777754,0.0,0.4429266318666848,0.16683116253552932,0.19646381750913017,0.05809577312596492,0.19276546088752353,0.7428242600058076,0.09558673348428179,0.022253507845135606,0.10973753846023743,0.8378693503888388,0.3172544152345568,0.13620226118175235,0.3981393162501308,0.49752877361775893,0.17626899157139456,0.4939455667539218,0.0,0.1526416198701043,1.0
gex_possorted_bam_SJSO3:TTAGGCTAGCATGCATx-M1,0.0,0.0,0.05711550613402673,0.0,0.17098929073564992,0.05124800382309702,0.0,0.0,0.0,0.0,0.6811780561138168,0.0,0.0,0.0,0.0,0.0,0.7629598922541895,0.8485955952469395,0.0,1.0,0.5894423426842861,0.6650190865106774,0.09343483199964056,0.6806033720215204,0.0,0.0,0.40124663215974105,0.0,0.0,0.0,0.0,0.009566066538221878,0.13714666783200705,0.0,0.2584582312269989,0.0,0.0,0.0035711572855882776,0.0,0.0,0.0,0.0,0.0,0.0,0.0363838580971284,0.0,0.0,0.10966691763975694,0.0,0.0,0.0,0.0,0.8400924322258226
gex_possorted_bam_SJSO3:TTAGGAACACTTCATCx-M1,0.030580976527329246,0.0,0.0,0.0,0.14311161872511616,0.045247592659873305,0.0,0.0,0.0,0.0,0.8541897452642141,0.0,0.0,0.0,0.0,0.0,0.8049622614350896,0.8644391248524869,0.0,0.9789033724487574,0.45262054254262374,0.6211926619304788,0.10362105103718854,0.5778918459512715,0.0,0.0,0.4600609960176758,0.0,0.0,0.0,0.0,0.12198431381875634,0.09883285617354043,0.0,0.28719987346938897,0.0,0.0,0.00790593324605135,0.0,0.05885390699212487,0.0,0.0,0.0,0.0,0.031299062117652654,0.0,0.0,0.3662067541914342,0.0,0.0,0.0,0.0,0.769757731205012
gex_possorted_bam_SJSO3:TTAGGCCCAGGAACATx-M1,0.07624513524786584,0.0,0.0,0.0,0.17270426171956557,0.15207884856069626,0.0,0.0,0.0,0.0,0.9743669203558272,0.0,0.0,0.0,0.0,0.0,0.8244750207823983,1.0,0.0,0.623316361320617,0.5769819342470028,0.6446766672048805,0.16090863729638613,0.6642236145964564,0.0,0.0,0.40513065865933834,0.0,0.0,0.0,0.0,0.10198981532031884,0.13017324290940716,0.0,0.21462769971166293,0.0,0.0,0.14437929235987723,0.0,0.0,0.0,0.0,0.0,0.0,0.0,0.0,0.0,0.32414513864605266,0.0,0.0,0.0,0.0006296092758338124,0.5806325277947646
gex_possorted_bam_SJSO3:TTAGCCTGTCATAAGTx-M1,0.0,0.04247637739610033,0.41635212428884977,0.0,0.0,0.0,0.21420026682421509,0.05282655867985978,0.0,0.036960461926689246,0.19142183056088555,0.07835653591159351,0.0,0.0,0.0020595294120436384,0.43676408207388934,0.46696957845519776,0.0,0.0,0.4801866927727303,0.011800595023189963,0.038684100393755555,0.0,0.1471110694815391,0.0,0.0,0.5961707925608427,0.0,0.0,0.0,0.3882112049185061,0.0,0.0,0.05143052546570486,0.7247951717643352,0.0,0.4713162641287025,0.0,0.0,0.7159549143892311,0.0,0.5029394868162653,0.0,0.0,0.0,0.0,0.0,0.7630715904559013,0.0,0.0,0.0,0.0,0.07535299868382914
gex_possorted_bam_SJSO3:TTAGCTGCAAGGCCAAx-M1,0.0,0.0,0.7234195265349892,0.0,0.0,0.0,0.9380464180349671,0.0,1.0,0.0,0.9833677523054691,1.0,0.27849402297948633,0.974770860260598,0.0,1.0,0.9656119653704959,0.0,0.43691979206191867,0.0,0.0,0.0,0.0,0.0,1.0,0.03742907640110792,1.0,0.13685742735634654,0.0,0.0,0.2771908116480509,0.0,0.0,0.0,1.0,0.0,1.0,0.0,0.0,1.0,0.0,1.0,1.0,1.0,0.0,0.0,1.0,1.0,0.0,0.0,0.15273742642882646,0.0,0.0
gex_possorted_bam_SJSO3:TTATCCGTCCTCCATAx-M1,0.07468355227681274,0.0,0.0,0.0,0.2779216221544946,0.027897660156584927,0.0,0.0,0.0,0.0,0.8720372199748982,0.0,0.0,0.0,0.0,0.0,0.6950983482248019,1.0,0.0,0.737533424892994,0.528511265433455,0.6786257929176016,0.15817383009152833,0.6800069220209881,0.0,0.0,0.39825862477614127,0.0,0.0,0.0,0.0,0.1671290407691167,0.10013115246659832,0.0,0.1704089967536659,0.0,0.0,0.06176397776694363,0.0,0.0,0.0,0.0,0.0,0.0,0.0004603543462300285,0.0,0.0,0.3165907005894142,0.0,0.0,0.0,0.0,0.6115567229382562
gex_possorted_bam_SJSO3:TTCAACCGTGATCATGx-M1,0.0,0.6517938303253386,1.0,0.2891196724174636,0.0,0.269092480907234,1.0,0.0,1.0,0.1448853226261248,1.0,1.0,1.0,1.0,0.0,1.0,1.0,1.0,1.0,0.0,0.0,0.0,0.0,0.0,1.0,0.4562671930695767,1.0,0.8602109600290342,0.7965285444571819,0.4462389114301156,1.0,0.0,0.0,0.21529011767317802,1.0,0.0,1.0,0.0,0.0,1.0,0.0,1.0,1.0,1.0,0.0,0.14510601499540324,1.0,1.0,0.4443099506163641,0.06848345628711582,0.9207574189260109,0.37096660709797025,0.0
gex_possorted_bam_SJSO3:TTATAGCCAACTAGAAx-M1,0.2102250343731342,0.0,0.0,0.07642627878414995,0.3796856884703697,0.4344469989036925,0.0,0.08459817485284299,0.0,0.04994335234982368,0.8531201351674197,0.0,0.0,0.0,0.14650021159743615,0.0,0.728852786784575,1.0,0.0,1.0,0.721543155116327,0.9301157285759579,0.3150255960042899,0.8760975274640784,0.0,0.0,0.230979428708216,0.05061555445570563,0.0,0.15780003416347896,0.08741541734965642,0.16548172096174965,0.2707698963276732,0.0,0.2233922374652201,0.19518339054060913,0.0,0.09075295555179455,0.16731626531349436,0.053908889533715865,0.0,0.050380027963178836,0.0,0.0,0.3364584835009763,0.11332781118005195,0.0,0.14475322845331323,0.02089865567093512,0.15054655955007623,0.0,0.12215983532939492,1.0
gex_possorted_bam_SJSO3:TTCAGGTAGCTCCTTAx-M1,0.04033057922928413,0.0,0.0,0.0,0.30093222552445303,0.23239258247047193,0.0,0.0,0.0,0.0,1.0,0.0,0.0,0.0,0.0,0.0,0.9508769520865593,1.0,0.0,0.9394202733054878,0.5662092485832599,0.7814331375016736,0.15017225719574248,0.683157835906622,0.0,0.0,0.42752988289616983,0.0,0.0,0.0,0.0,0.11904316841948606,0.12307144137192237,0.0,0.18238636951437337,0.0,0.0,0.02508412679799147,0.0,0.0,0.0,0.0,0.0,0.0,0.0376268759345078,0.0,0.0,0.3314232300443216,0.0,0.0,0.0,0.0,0.8877735653113219
gex_possorted_bam_SJSO3:TTAGGATGTCCTTCAGx-M1,0.0,0.0,0.6436397068848665,0.0,0.0,0.0,0.7498288158017413,0.0,0.9092199985230901,0.0,0.8082556795536867,0.672070541213117,0.019929621169163428,0.8763401145904584,0.0,1.0,0.8454543960640936,0.0,0.20994562678010184,0.0,0.0,0.0,0.0,0.0,0.8083965084413889,0.0,1.0,0.010513045432883594,0.0,0.0,0.13229511932428165,0.0,0.0,0.0,1.0,0.0,1.0,0.0,0.0,1.0,0.009928125704224097,1.0,0.8441059870763478,1.0,0.0,0.0,0.8590152459916559,1.0,0.0,0.0,0.10444130881496251,0.0,0.0
gex_possorted_bam_SJSO3:TTAGGAACATAGCGAGx-M1,0.01485753455799973,0.0,0.0,0.0,0.06814522935360606,0.10122967162394977,0.0,0.0,0.0,0.0,0.9072827165395966,0.0,0.0,0.0,0.0,0.0,0.8578503892859328,1.0,0.0,0.7168669433026692,0.4405936982156076,0.5623682121058948,0.10194903104948329,0.5686610718476361,0.0,0.0,0.4728050860865457,0.0,0.0,0.0,0.0,0.0,0.0842608680297708,0.0,0.28057798771482095,0.0,0.0,0.042714869452224434,0.0,0.0,0.0,0.0,0.0,0.0,0.0,0.0,0.0,0.35411621373670366,0.0,0.0,0.0,0.0,0.46740445338698133
gex_possorted_bam_SJSO3:TTAGTCAAGTCATCCCx-M1,0.0,0.8402632476787851,1.0,0.27620101315825374,0.0,0.0,1.0,0.010350574079824617,1.0,0.2742593255181736,1.0,1.0,1.0,1.0,0.0,1.0,1.0,0.4129812598874943,1.0,0.0,0.0,0.0,0.0,0.0,1.0,0.4078073881239677,1.0,0.9384739217362472,0.8408201841391011,0.41488533999171096,1.0,0.0,0.0,0.1654362637660951,1.0,0.0,1.0,0.0,0.0,1.0,0.0,1.0,1.0,1.0,0.0,0.18066714058267888,1.0,1.0,0.5047262033815068,0.05578390163399977,0.987868772833964,0.36797211111635786,0.0
gex_possorted_bam_SJSO3:TTCACTGTCCAATTAGx-M1,0.10808709627285246,0.0,0.0,0.04171257945038709,0.23874800945048752,0.2648742041806605,0.0,0.06333086233588707,0.0,0.0,0.7737994712535007,0.0,0.0,0.0,0.09192079973162097,0.0,0.6883389759151785,0.7325857936118416,0.0,0.9076969535717522,0.53735196984529,0.6559945976402605,0.1747421966840906,0.6446876003117114,0.0,0.0,0.4308602803117157,0.0,0.010980690171842474,0.0178830089839783,0.22245413855539858,0.013222304480825727,0.1650402234813242,0.03195898324338682,0.31851242183195916,0.08818035908712989,0.0,0.06959764331002287,0.04143976124520403,0.2342864346002594,0.0,0.0,0.0,0.0,0.1692233187233098,0.09882738363900012,0.0,0.320885823450165,0.0,0.009963808066845607,0.0,0.05488003018442323,0.7686514367363838
gex_possorted_bam_SJSO3:TTCAACCGTTCCTGATx-M1,0.0,0.0,0.0,0.0,0.0,0.0,0.0,0.0,0.0,0.0,0.35144704442154395,0.0,0.0,0.0,0.003702379019017707,0.0,0.6198663978548046,0.25493348091249324,0.0,0.5930990663012152,0.17413717331109155,0.27405761471329115,0.02603145043162227,0.4353601248614375,0.0,0.0,0.4643627150648415,0.0,0.0,0.0,0.0,0.0,0.01850852650198287,0.0,0.42026839946184796,0.0,0.004751771867951278,0.0,0.0,0.2230155848815124,0.09518088361122792,0.36508075271501644,0.0,0.0,0.0,0.0,0.0,0.3678707286618236,0.0,0.0,0.0,0.0,0.08454249471475539
gex_possorted_bam_SJSO3:TTATGACCACCGGTATx-M1,0.0,0.11715226510301394,0.0,0.0,0.0,0.0,0.26900284282945297,0.05325792493687429,0.0,0.0,0.163596244604259,0.38760897321313603,0.0,0.0,0.149010546680054,0.029130650159846186,0.6533960501870149,0.0,0.0,1.0,0.19370210983160754,0.17799681260481617,0.009073086979290006,0.41527299781211713,0.0,0.0,0.40037548266523004,0.0,0.0,0.0,0.175791475628289,0.0,0.0,0.037139979816262526,0.5771732588560361,0.0,0.0554939829930783,0.0,0.06817288597940599,0.505576922035122,0.15447102528475723,0.6161583624728414,0.0,0.0,0.0,0.0,0.0,0.29809240973704526,0.0,0.0,0.0,0.0,0.02494592517868244
gex_possorted_bam_SJSO3:TTAGGCTAGTCAGGCCx-M1,0.0,0.0,0.0,0.0,0.0,0.0,0.43612319591081167,0.0,0.7351654541284052,0.0,0.9787060619508937,0.4243611310546176,0.0,1.0,0.0,1.0,1.0,0.370583528850475,0.5138247280308992,0.0,0.0,0.0,0.0,0.0,0.7324464559537118,0.0,1.0,0.0,0.04137693138243696,0.0,0.0,0.0,0.0,0.0,1.0,0.0,1.0,0.0,0.0,0.9735186547598478,0.019653598217505282,1.0,0.6017599678143426,0.10191806816080683,0.0,0.0,0.4692594621649456,1.0,0.0,0.0,0.11856891603853192,0.0,0.0
gex_possorted_bam_SJSO3:TTCCTTGAGCACCACAx-M1,0.0,0.04536769950754966,0.3123373556413392,0.02869252273225765,0.0,0.0,1.0,0.09509844725440016,1.0,0.0,0.6857572720011523,0.5037314885496726,0.6232344126279687,1.0,0.0,1.0,0.7548082395723391,0.0,0.7421524601638487,0.0,0.0,0.0,0.0,0.0,1.0,0.11574213238080108,1.0,0.09337807447332745,0.4237628664535124,0.0,0.0,0.0,0.0,0.06612657797395749,1.0,0.0,1.0,0.0,0.0,1.0,0.0,1.0,0.870966403243877,1.0,0.0,0.0,1.0,1.0,0.0,0.0,0.6244065955976602,0.0,0.0
gex_possorted_bam_SJSO3:TTCGCAACAGGACCTTx-M1,0.12409227625978685,0.0,0.26519912140785046,0.08689734946612736,0.3025304692945583,0.29523257315020607,0.0,0.10572736733959358,0.0,0.09704234584902123,0.6501752694594122,0.0,0.0,0.0,0.1949667027429429,0.0,0.7423975571921764,0.5901916343274313,0.0,1.0,0.6585621887664619,0.7682842424489791,0.2414103861084492,0.6223402031336539,0.0,0.0,0.335596558829931,0.0,0.0,0.0,0.3225888635927478,0.0,0.28958777626177146,0.0,0.2243921877778495,0.10697818388042336,0.0,0.026352226730191653,0.21372325168709227,0.19350979754344208,0.021883507972768078,0.0,0.0,0.0,0.2229523600423366,0.0720058514666113,0.1265512408064291,0.2223918046939566,0.009660964536962443,0.2278540101143212,0.0,0.03502267968201782,0.9032661688951221
gex_possorted_bam_SJSO3:TTCCCGCCATTGTGATx-M1,0.0,0.00918933487855173,0.02466033231995105,0.0,0.0,0.0,0.01452111809117637,0.0,0.0,0.0,1.0,0.0,0.4421531149973584,1.0,0.0,1.0,0.9481720099168581,0.3856708725686965,0.7862698984202655,0.0,0.0,0.0,0.0,0.0,1.0,0.0,1.0,0.0,0.48218506072744244,0.0,0.0,0.09167682938932854,0.0,0.013768819011544996,1.0,0.0,1.0,0.0,0.0,1.0,0.03655285220992492,0.36346371098910346,0.6657635834277489,0.5485923227193049,0.0,0.0,1.0,1.0,0.0,0.0,0.43660277211030923,0.0,0.0
gex_possorted_bam_SJSO3:TTGACATCACCTAAGCx-M1,0.0,0.23984795380968296,1.0,0.05343908816186818,0.0,0.0,1.0,0.0,1.0,0.0,1.0,0.7405415269090818,0.6555871617779797,1.0,0.0,1.0,1.0,0.4108726889599849,1.0,0.0,0.0,0.0,0.0,0.0,1.0,0.16787569878711803,1.0,0.5435123984833784,0.05299650234134669,0.18916198202048184,1.0,0.0,0.0,0.09681475881714703,1.0,0.0,1.0,0.0,0.0,1.0,0.0,1.0,1.0,1.0,0.0,0.0016355793372448443,1.0,1.0,0.20267386288521363,0.0,0.399470893797811,0.0979349349230602,0.0
gex_possorted_bam_SJSO3:TTCCTTCTCCTCACACx-M1,0.0,0.0,0.2537244856455954,0.0,0.0,0.0,0.8974361124711403,0.0,0.994578524296622,0.0,1.0,0.6973197401875553,0.03400536391562826,1.0,0.0,1.0,1.0,0.15350742871261325,0.6039410098812625,0.0,0.0,0.0,0.0,0.0,1.0,0.0026927940917132,1.0,0.0,0.10999710970453654,0.0,0.0,0.0,0.0,0.0,1.0,0.0,1.0,0.0,0.0,1.0,0.0,1.0,0.9699917544091478,1.0,0.0,0.0,0.9106708472768456,1.0,0.0,0.0,0.22348470921213723,0.0,0.0
gex_possorted_bam_SJSO3:TTGACATCAGCATTATx-M1,0.0,0.0,0.0,0.0,0.16623663488999046,0.0,0.0,0.0,0.0,0.0,0.8171301859962765,0.0,0.0,0.0,0.0,0.0,0.7261933539947851,0.8286875748222232,0.0,0.9386715854379571,0.527150419249382,0.6357225078352595,0.08360677381059853,0.6205466207762109,0.0,0.0,0.4302916199978916,0.0,0.0,0.0,0.0,0.0,0.06308013097432381,0.0,0.2405843421940768,0.0,0.0,0.04004485857771808,0.0,0.0,0.0,0.0,0.0,0.0,0.03398267003761716,0.0,0.0,0.14673143729969956,0.0,0.0,0.0,0.0,0.6094537818904425
gex_possorted_bam_SJSO3:TTCGTGCTCCGGTATGx-M1,0.0007903539639053848,0.0,0.0,0.0,0.04567030326812895,0.04551971997833562,0.0,0.0,0.0,0.0,0.9245308480280114,0.0,0.0,0.0,0.0,0.0,0.8725860818143457,1.0,0.0,0.5651278094462311,0.34892960895861347,0.5364707774357803,0.09962882437952765,0.4914359221979269,0.0,0.0,0.4883017366977251,0.0,0.0,0.0,0.0,0.012309279685703048,0.05685634986108312,0.0,0.31075797648956766,0.0,0.0,0.013115714348336614,0.0,0.056185144411903344,0.0,0.01041177137774975,0.0,0.0,0.0,0.0,0.0,0.4800009780965054,0.0,0.0,0.0,0.0,0.5044898875046796
gex_possorted_bam_SJSO3:TTCCTCAAGGAATAACx-M1,0.0,0.0,0.0,0.0,0.0,0.0,0.01884031458156841,0.0,0.455161245769388,0.0,0.8147773543948605,0.048485707222842414,0.0,0.5215259636313209,0.0,0.6661903135664753,0.7667823385584143,0.19133448669671535,0.10047073487757446,0.0,0.0,0.0,0.0,0.0,0.3516430948744531,0.0,1.0,0.0,0.0,0.0,0.0,0.0,0.0,0.0,1.0,0.0,1.0,0.0,0.0,0.7367528842773566,0.0,1.0,0.18372485945792807,0.0,0.0,0.0,0.1921951926547537,1.0,0.0,0.0,0.06898888949796592,0.0,0.0
gex_possorted_bam_SJSO3:TTCGGTACAGCATGTCx-M1,0.0,0.0,0.0,0.0,0.012651126203814648,0.0,0.0,0.0,0.0,0.0,0.4351759559210485,0.0,0.0,0.0,0.0,0.0,0.44461940043217185,0.19908996614960434,0.0,0.9575658318195699,0.3519643767574773,0.5480940234404944,0.05417807767000312,0.5572741855924684,0.0,0.0,0.35301827596572505,0.0,0.08654531181540771,0.0,0.014687266703523261,0.0,0.05430855119170474,0.0,0.32769008522492754,0.004079723356540086,0.0,0.003361171131346561,0.0,0.20521439141206935,0.0,0.0,0.0,0.0,0.0,0.0,0.0,0.09653684113769401,0.0,0.0,0.0,0.0,0.6537474140000997
gex_possorted_bam_SJSO3:TTCATTCAGGCTAAGAx-M1,0.0,0.6648507251914025,1.0,0.16478108138241684,0.0,0.008296850309021381,1.0,0.30171645198015384,1.0,0.44862828959886275,0.7196132641185544,1.0,0.6403001056552037,1.0,0.1399006950116349,1.0,1.0,0.15044946044271618,0.531885804932555,0.2202571041011183,0.0,0.0,0.0,0.0,1.0,0.17096591290992394,1.0,0.6592501792938268,0.4062132541935962,0.041380865842988154,1.0,0.0,0.0,0.20946645290568627,1.0,0.02407310539148397,1.0,0.0,0.06677162483265768,1.0,0.5909474883444449,1.0,1.0,1.0,0.0,0.0917707362989338,1.0,1.0,0.3317006876838412,0.16443802691007928,0.243223717200889,0.07735211206478536,0.21298889142203872
gex_possorted_bam_SJSO3:TTCGGTACATCCATCTx-M1,0.0,0.6730090012822599,1.0,0.25344026970005473,0.0,0.06089028829273522,1.0,0.0,1.0,0.2385688286773613,1.0,0.8410716280119447,1.0,1.0,0.0,1.0,1.0,0.7000912176521382,1.0,0.0,0.0,0.0,0.0,0.0,1.0,0.37250854768986974,1.0,0.9225160656113172,0.596709502169363,0.463525887805376,1.0,0.0,0.0,0.21057537802242646,1.0,0.0,1.0,0.0,0.0,1.0,0.0,1.0,1.0,1.0,0.0,0.1303547113482564,1.0,1.0,0.46303635459359177,0.02127136854071009,0.768558549072043,0.31594253034549447,0.0
gex_possorted_bam_SJSO3:TTCGTGCTCACAGGAAx-M1,0.0,0.04473702220281498,0.06417413738063314,0.0,0.0,0.0,0.0,0.020923783549963902,0.0,0.052906255705936156,0.0,0.0,0.0,0.0,0.05812538185335648,0.0,0.16573867902337625,0.0,0.0,1.0,0.19537718809995377,0.3027675418882163,0.01026536963262677,0.4538894928190533,0.0,0.0,0.41976024531771455,0.0,0.0,0.0,0.38089756764529326,0.0,0.00794959494054116,0.044003091051401,0.4463777839089053,0.0145572560527662,0.1459950691033428,0.0,0.0,0.41615425069799167,0.0,0.10313521751244968,0.0,0.0,0.0,0.0,0.0,0.11670686517185837,0.0,0.0,0.0,0.0,0.4218855586962345
gex_possorted_bam_SJSO3:TTCCCACAGTTGCGTGx-M1,0.10060970247283584,0.0,0.0,0.0,0.3903703475288076,0.545298789976287,0.0,0.0,0.0,0.0,1.0,0.0,0.0,0.0,0.0,0.0,1.0,1.0,0.0,1.0,0.8397106748999695,0.9076742674309853,0.19813695021242642,0.7917134409525254,0.0,0.0,0.38470585199999496,0.0,0.0,0.03419067569249282,0.0,0.18011969017948218,0.21224016359336323,0.0,0.17389670223801865,0.004628891288521704,0.0,0.07594435229863866,0.0064956800955869925,0.0,0.0,0.0,0.0,0.0,0.15741641932437844,0.0,0.0,0.31448784036434757,0.0,0.0,0.0,0.005542883560043543,1.0
gex_possorted_bam_SJSO3:TTCGTTAGTTAGGACCx-M1,0.0,0.2408078856186556,0.9867710501530934,0.014266908187393675,0.0,0.0,1.0,0.0,1.0,0.0,1.0,0.977629897383514,0.29821774849664606,1.0,0.0,1.0,1.0,0.2831747978810469,0.8494377077166927,0.0,0.0,0.0,0.0,0.0,1.0,0.08195656110598598,1.0,0.1864246048901642,0.12329135947855219,0.0,0.5498911079437041,0.0,0.0,0.010867904807622399,1.0,0.0,1.0,0.0,0.0,1.0,0.00766401051274796,1.0,1.0,1.0,0.0,0.0,1.0,1.0,0.054940668749529596,0.0,0.2791474414649859,0.018647902335108178,0.0
gex_possorted_bam_SJSO3:TTCAGGTAGTGAGCAAx-M1,0.0,0.295846703981758,0.2723205202935302,0.0,0.0,0.0,0.3205583731244597,0.07786113357091379,0.0,0.24406474802851266,0.0,0.4365865722265578,0.0,0.0,0.294635074438437,0.0,0.1977089250646729,0.0,0.0,1.0,0.2675764551029448,0.3566066150649732,0.03168819009518063,0.5313707090024625,0.0,0.0,0.29627993367111644,0.0,0.0,0.0,0.87503930952862,0.0,0.06557285193473546,0.11404893064956133,0.44773409351944593,0.07096741406841209,0.1281252866425967,0.0,0.14308428102806198,0.5643345650606585,0.10125922844714415,0.26937194939458686,0.0,0.0,0.0,0.0,0.0,0.0,0.0,0.0,0.0,0.0,0.56993519800589
gex_possorted_bam_SJSO3:TTCGCAACAGGCCATTx-M1,0.008391060217724256,0.0,0.421594677164364,0.0,0.5975980083246066,0.3820466757796084,0.053150258247894475,0.1922667035662295,0.04536916942559058,0.0,1.0,0.0,0.0,0.0,0.0,0.0,1.0,1.0,0.0,1.0,0.6848975850708819,0.7294066084882144,0.09941194584412974,0.48943002566055155,0.0,0.0,0.7279986232055375,0.0,0.0,0.0,0.0,0.48725575838169455,0.17098240427804323,0.0,0.32495149581479993,0.0,0.0,0.0,0.02550344576050861,0.04085350998670777,0.4761749213746533,0.0,0.0,0.13447283399239243,0.02796006760946013,0.0,0.1493075918097863,0.4603609357534756,0.0,0.0,0.0,0.0,1.0
gex_possorted_bam_SJSO3:TTCGTTAGTTTGAGGCx-M1,0.0,0.0,0.2167907417619201,0.0,0.0,0.0,0.3013173343423604,0.0,0.5186935204703442,0.0,0.8718949832398586,0.20942853628884275,0.0,0.6477661169513135,0.0,0.9310736117522388,0.9058378794616645,0.16927265377907796,0.1620169403562295,0.0,0.0,0.0,0.0,0.0,0.4529440585353194,0.0,1.0,0.0,0.0,0.0,0.0,0.0,0.0,0.0,1.0,0.0,1.0,0.0,0.0,0.9639957114626514,0.0,1.0,0.4187310511560771,0.4122080981409588,0.0,0.0,0.404797709624409,1.0,0.0,0.0,0.07411850889440756,0.0,0.0
gex_possorted_bam_SJSO3:TTCCTCAAGGTCCTGAx-M1,0.0,0.0,0.19057290504777225,0.0,0.0,0.0,0.0,0.0,0.0,0.0,0.9601983347206268,0.0,0.09672538531573067,0.9005007432053002,0.0,1.0,0.7516335740280491,0.34978725141971945,0.4710032504912235,0.0,0.0,0.0,0.0,0.0,0.8363654013546314,0.0,1.0,0.0,0.28856369414880645,0.0,0.0,0.0,0.0,0.0,1.0,0.0,1.0,0.0,0.0,0.9616538538167718,0.03184617556011915,0.4362520495498308,0.38259270722949895,0.0,0.0,0.0,0.5305396943646604,1.0,0.0,0.0,0.3020114610414642,0.0,0.0
gex_possorted_bam_SJSO3:TTCGGTACATAAGTCTx-M1,0.11440625894316092,0.0,0.0,0.0,0.5076607480079237,0.35570328570156223,0.0,0.0,0.0,0.0,1.0,0.0,0.0,0.0,0.0,0.0,0.9380370865021297,1.0,0.0,1.0,0.6445621092107288,0.7913297035419734,0.24709502519525048,0.6700476784311308,0.0,0.0,0.42196075499146085,0.0,0.0,0.08375952653320132,0.0,0.2509947312425342,0.19500768263820062,0.0,0.20917997575578592,0.01638539661275188,0.0,0.07882339575207437,0.0,0.0,0.0,0.0,0.0,0.0,0.10089253602904816,0.0,0.0,0.2829767070079795,0.0,0.09826276980285248,0.0,0.01727058660583864,0.9559232189206227
gex_possorted_bam_SJSO3:TTCTTAGGTACCAGGTx-M1,0.0,0.0,0.3312314658450799,0.0,0.0,0.0,0.6738549108740483,0.0,1.0,0.0,1.0,0.4110836798854233,0.09090361981098669,1.0,0.0,1.0,1.0,0.09293688871081081,0.4995039158103471,0.0,0.0,0.0,0.0,0.0,0.9979373700493412,0.006985530793763586,1.0,0.0,0.0,0.0,0.0,0.04173948527658387,0.0,0.0,1.0,0.0,1.0,0.0,0.0,1.0,0.0,1.0,1.0,1.0,0.0,0.0,1.0,1.0,0.0,0.0,0.14433339288587085,0.0,0.0
gex_possorted_bam_SJSO3:TTCGTTAGTAGGTTGCx-M1,0.0,0.0,0.24466351417041463,0.0,0.40362675532052944,0.17200273851524442,0.0,0.14130816652742134,0.02466478858683787,0.0,1.0,0.0,0.0,0.0,0.0,0.0,1.0,1.0,0.0,1.0,0.5294728300891716,0.5986279081594179,0.06870628463346344,0.4484665542617791,0.0,0.0,0.7323196944837526,0.0,0.0,0.0,0.0,0.38607604216070496,0.12250363142423523,0.0,0.3577790090059626,0.0,0.0,0.0,0.0,0.0727527633683656,0.42219093573616756,0.0,0.0,0.0,0.0,0.0,0.0,0.5672109947972038,0.0,0.0,0.0,0.0,1.0
gex_possorted_bam_SJSO3:TTCCCGCCAGCTCATAx-M1,0.0,0.09655747497789945,0.0,0.0,0.0,0.0,0.1343348223375509,0.044199674113829274,0.0,0.0,0.11237424087683538,0.3964085991885484,0.0,0.0,0.2252942318657441,0.0,0.5747342357674816,0.0,0.0,1.0,0.2095796977646637,0.2844993136566483,0.022129216007096133,0.47516197967235646,0.0,0.0,0.35448292994045827,0.0,0.0,0.0,0.22022915673372026,0.0,0.04379969191160871,0.07104833852821968,0.49541331525565785,0.03749194813341666,0.027443810916602838,0.0,0.12191921395374432,0.42932989459307463,0.10076542790014437,0.5632362548541404,0.0,0.0,0.0,0.0,0.0,0.16551506756392895,0.0,0.0,0.0,0.0,0.23440323701785915
gex_possorted_bam_SJSO3:TTCGGTACAACCTGGTx-M1,0.0,0.0,0.02986483256688328,0.0,0.0,0.0,0.3406500443157158,0.0,0.8067712483729408,0.0,1.0,0.3163154287343895,0.01739200095274866,1.0,0.0,1.0,1.0,0.3295243867926827,0.46098924103955274,0.0,0.0,0.0,0.0,0.0,0.7886707899835582,0.0,1.0,0.0,0.0028988069187988207,0.0,0.0,0.0,0.0,0.0,1.0,0.0,1.0,0.0,0.0,0.9741100481120084,0.0,1.0,0.5572199830029156,0.2237206984759827,0.0,0.0,0.8193778561804865,1.0,0.0,0.0,0.10574226147239278,0.0,0.0
gex_possorted_bam_SJSO3:TTGACATCACAGCCTGx-M1,0.0,0.0,0.49034773402391624,0.0,0.0,0.0,0.9489441368098207,0.0,1.0,0.0,1.0,0.9491947091422028,0.2826859532360954,1.0,0.0,1.0,1.0,0.541400873342037,0.8727715936415129,0.0,0.0,0.0,0.0,0.0,1.0,0.06854109008991477,1.0,0.0,0.058447311326305915,0.0,0.0,0.0,0.0,0.0,1.0,0.0,1.0,0.0,0.0,1.0,0.0,1.0,1.0,1.0,0.0,0.0,0.9761929549558773,1.0,0.0,0.0,0.3153425474913617,0.0,0.0
gex_possorted_bam_SJSO3:TTGACGTAGCGTGCGTx-M1,0.0,1.0,1.0,0.06790345715925139,0.0,0.15265197644445014,1.0,0.2923297200039339,0.0,0.9417781819780735,0.0,0.9234886777429414,0.0,0.0,0.6675633150502085,0.39353729950560157,0.10555600968720201,0.0,0.0,1.0,0.3587940587770959,0.37148705655521763,0.13338364765825253,0.5501110283814616,0.0,0.0,0.1044586021941681,0.38544639945170506,0.47950234392176283,0.0,1.0,0.0,0.17032096762665327,0.37828776575871875,0.5973192943446543,0.40090057389024863,0.5585121211809742,0.005287836785641503,0.3792345800061605,1.0,0.24066600708664776,0.707611580441821,0.0,0.6343981083810175,0.05128491432718515,0.21128692039203487,0.0,0.0,0.3550902586210353,0.40697135475469115,0.11592222346271398,0.03626616213824943,1.0
gex_possorted_bam_SJSO3:TTCATCCCATGGAGGCx-M1,0.0,0.8624881834455497,1.0,0.37093631530656945,0.0,0.0,1.0,0.1319711863994022,1.0,0.3305300217151909,1.0,1.0,1.0,1.0,0.0,1.0,1.0,0.4290341851547839,1.0,0.0,0.0,0.0,0.0,0.0,1.0,0.5517566068254888,1.0,1.0,1.0,0.45737347904651376,1.0,0.0,0.0,0.27703704953245284,1.0,0.0,1.0,0.0,0.0,1.0,0.0909726660041483,1.0,1.0,1.0,0.0,0.217701980213348,1.0,1.0,0.5603435543032993,0.23949251193399798,1.0,0.4089607727644744,0.0
gex_possorted_bam_SJSO3:TTCGCAACATAATCACx-M1,0.0,0.0,0.29168443799024557,0.0,0.0,0.0,0.9407644035437627,0.0,0.9905798119979241,0.0,1.0,0.5446691661090135,0.1408273650612403,1.0,0.0,1.0,1.0,0.7945538079868425,0.9238939677022012,0.0,0.0,0.0,0.0,0.0,1.0,0.035151913974582574,1.0,0.0,0.0,0.0,0.0,0.025095488120620974,0.0,0.0,1.0,0.0,1.0,0.0,0.0,1.0,0.0,1.0,0.9251821224354994,0.9461558966399128,0.0,0.0,1.0,1.0,0.0,0.0,0.2307972068415397,0.0,0.0
gex_possorted_bam_SJSO3:TTCCTTGAGGACCGCTx-M1,0.09941395588489649,0.5378471718184468,1.0,0.2748584635406317,0.0,0.9814418457077458,1.0,1.0,0.3157439608152163,1.0,0.28196071211157137,1.0,0.3244006380505101,1.0,0.61949962481463,0.5422621146589093,1.0,1.0,1.0,1.0,0.45938432206211616,0.0,0.5870992883827545,0.13000613240146408,0.23513782558255877,0.12371740391664901,0.25896796037118275,1.0,1.0,0.4404554120565686,0.0,0.0,0.42011237498298587,0.0,1.0,0.7274734939281308,0.3588284596978494,0.6617686551647314,0.8635427157890203,0.4980169755951317,1.0,1.0,0.5866282696455178,0.05503030399642734,1.0,0.0,1.0,0.6830694297794917,0.12997416598873207,0.9998261242998712,0.0,0.0,1.0
gex_possorted_bam_SJSO3:TTCCTCAAGCCTGTGAx-M1,0.0,1.0,1.0,0.4210785402804628,0.0,0.42858358022657406,1.0,0.09026362939325099,1.0,0.4983431772698396,1.0,1.0,1.0,1.0,0.02354988661459514,1.0,1.0,1.0,1.0,0.0,0.0,0.0,0.0,0.0,1.0,0.5615014407639191,1.0,1.0,0.6514348010537226,0.6198949117334034,1.0,0.0,0.0,0.33348786728438545,1.0,0.0,1.0,0.0,0.0,1.0,0.14534520469359263,1.0,1.0,1.0,0.0,0.24867526657677544,1.0,1.0,0.6805129470866814,0.07745357847910163,1.0,0.46810230280070203,0.0
gex_possorted_bam_SJSO3:TTGACGTAGGGTCTATx-M1,0.0066894696859716935,0.47234419870402977,1.0,0.04360428653461083,0.5583854261731843,0.6090848344252933,0.36380114570693656,0.14708781791576944,0.0,0.7780756857411903,0.2593896480553915,0.0,0.0,0.0,0.46168325345579514,0.16736302590905489,0.6161468749635923,0.0,0.0,1.0,0.5951477133850703,0.7225101054161458,0.22077540965433795,0.6317210427679055,0.0,0.0005595267866021229,0.2318576547173363,0.22545297797134353,0.0,0.15674468764567395,1.0,0.025388808434410586,0.2336109520542458,0.14203791922580128,0.3306804000947719,0.2904431376378942,0.12295735423630508,0.011375572460366254,0.25821785838609784,0.7984246681866126,0.09831596496666453,0.0,0.0,1.0,0.25407282458815394,0.17686819837448808,0.07938534012686893,0.0,0.2773092228422351,0.5327398492703803,0.0198455815658225,0.09193347090713581,1.0
gex_possorted_bam_SJSO3:TTCATCCCATAGACTTx-M1,0.0,0.13698481653767378,0.9906201856913921,0.008609810762695775,0.0,0.0,1.0,0.0,1.0,0.0,1.0,0.8179204657654133,0.38133607455103063,1.0,0.0,1.0,1.0,0.44439629883463067,0.9065607363297661,0.0,0.0,0.0,0.0,0.0,1.0,0.10968187574102925,1.0,0.17551528890517812,0.0037797729683807786,0.0,0.5646436073917278,0.0,0.0,0.0,1.0,0.0,1.0,0.0,0.0,1.0,0.0,1.0,1.0,1.0,0.0,0.0,1.0,1.0,0.04498394706738456,0.0,0.30362707864453903,0.03356447736373327,0.0
gex_possorted_bam_SJSO3:TTCATCCCAATCGCACx-M1,0.036817472534609895,0.0,0.0,0.03594637234478829,0.0,0.0,0.0,0.07839136469165416,0.3257047667763812,0.0,0.5755105506017968,0.0,0.0,0.31481678530710555,0.0,0.22396896401417304,0.5760634897994699,0.44548500784910244,0.0,0.0,0.060479815554327535,0.03599969938026425,0.03121721853530113,0.12128192026420022,0.12497348084829722,0.0,0.9307377757890697,0.0,0.018104317449509424,0.0,0.0,0.0,0.0,0.026795242756902968,0.6710402644056855,0.0,0.5268413500532935,0.009152234003088375,0.0,0.21518950145291285,0.022905400771420455,0.6105124046309713,0.0,0.0,0.0,0.0,0.0,1.0,0.0,0.0,0.032992485524109515,0.0,0.0
gex_possorted_bam_SJSO3:TTCCTTGAGGCGCACTx-M1,0.0,0.0,0.14111643112209157,0.0,0.0,0.0,0.44789088353395473,0.0,0.8987624223874936,0.0,1.0,0.4032938689950954,0.07814383627872425,1.0,0.0,1.0,0.9079131103633764,0.08012287894601598,0.4994835814888115,0.0,0.0,0.0,0.0,0.0,0.9909854342925116,0.0,1.0,0.0,0.0894360158983413,0.0,0.0,0.0,0.0,0.0,1.0,0.0,1.0,0.0,0.0,1.0,0.0,1.0,0.7819699506726397,0.5853134365536673,0.0,0.0,0.9187673430427826,1.0,0.0,0.0,0.25592547375949753,0.0,0.0
gex_possorted_bam_SJSO3:TTCCACGGTAACGTGCx-M1,0.19724928830372998,0.0,0.14592593578842858,0.0659870237031598,0.449717789755609,0.718571541909971,0.0,0.07252062457525206,0.0,0.1006432343711669,1.0,0.0,0.0,0.0,0.24400954500031416,0.0,0.9235378783005934,1.0,0.0,1.0,0.9232063004968097,0.959313962590097,0.2775987600388573,0.9288641328129739,0.0,0.0,0.3096576963498974,0.04653532235273389,0.0,0.12347637106810554,0.44794116324214733,0.207196743610871,0.30974559836694,0.062984078560549,0.20096229139958108,0.19330839324468385,0.0,0.12704530012522242,0.16651128756880715,0.1715179001609443,0.0,0.0,0.0,0.0,0.2671216567745507,0.16572685316521088,0.0,0.045007917279249916,0.06842576421668149,0.17852902653232408,0.0,0.11309874489384131,1.0
gex_possorted_bam_SJSO3:TTCAGTTTCAGCACCAx-M1,0.0,0.0,0.0,0.0,0.004560119002401595,0.0,0.0,0.0,0.0,0.0,0.682892799257092,0.0,0.0,0.0,0.0,0.0,0.7526143990796214,0.7381408679438765,0.0,0.6329726922968205,0.33553302244405686,0.4772643321500238,0.07430033642149894,0.5240053172221127,0.0,0.0,0.43514546627888595,0.0,0.0,0.0,0.0,0.0,0.051674345877889834,0.0,0.33434095795268487,0.0,0.0,0.01448986072573516,0.0,0.09638484083358036,0.0,0.17200194443042524,0.0,0.0,0.0,0.0,0.0,0.3751738291044722,0.0,0.0,0.0,0.0,0.3073130143021757
gex_possorted_bam_SJSO3:TTCCTTGAGGGTTAGAx-M1,0.03825153692027809,1.0,1.0,0.22172711881483556,0.0,0.6304236764930725,1.0,0.4226633910117366,0.2625130715885704,0.8881576119576884,0.0,1.0,0.062445599257939036,0.4376914836683254,0.6725136755956439,0.9549716243680803,0.9444519547521967,0.0,0.0,1.0,0.34177663046767537,0.18108153233363394,0.1452306033236544,0.4846808421339231,0.04809504129941044,0.0,0.30944482817212665,0.6122735932930571,0.33194404300485897,0.1516736809439286,1.0,0.0,0.21961402272564612,0.432598873483655,0.8137485622906911,0.4314842193995648,0.7268800000823317,0.11059996246505813,0.5095923009806326,1.0,0.49438167708797404,1.0,0.0,0.9269976311655763,0.21400716471062356,0.18527349163957385,0.0,0.3154779622158553,0.39116450437596534,0.3977490479484771,0.06799985423850038,0.10736547388249883,0.5042687779783874
gex_possorted_bam_SJSO3:TTCGTGCTCCTCCTAAx-M1,0.0,0.0,0.0,0.0,0.0,0.0,0.32350167592701357,0.0,0.6671068476518125,0.0,1.0,0.11640846538094987,0.290286173943388,1.0,0.0,1.0,1.0,0.5847879741430231,0.8181302994488275,0.0,0.0,0.0,0.0,0.0,1.0,0.0,1.0,0.0,0.32157831634383405,0.0,0.0,0.0,0.0,0.0,1.0,0.0,1.0,0.0,0.0,1.0,0.0,1.0,0.7420710944465386,0.4330795358130358,0.0,0.0,0.9849125392089534,1.0,0.0,0.0,0.3508178555930935,0.0,0.0
gex_possorted_bam_SJSO3:TTCGCAACATCAGTATx-M1,0.02707448640118309,0.0,0.0,0.0,0.22656046738885904,0.16767230120471016,0.0,0.0,0.0,0.0,1.0,0.0,0.0,0.0,0.0,0.0,0.8942633351152445,1.0,0.0,1.0,0.501882433203584,0.7311515620268527,0.13232913414208627,0.6445694725585437,0.0,0.0,0.4470113621574962,0.0,0.0,0.0,0.0,0.13826866642002575,0.1160486463682545,0.0,0.21892915263982363,0.0,0.0,0.03728297183067788,0.0,0.0,0.0,0.0,0.0,0.0,0.025275665082235305,0.0,0.0,0.36807564528845027,0.0,0.0,0.0,0.0,0.9249451752931999
gex_possorted_bam_SJSO3:TTCCTTCTCCTTTACGx-M1,0.0,0.0,0.3127158408674198,0.0,0.0,0.0,0.0,0.08429911304581471,0.0,0.0,0.2586958220834523,0.0,0.0,0.0,0.0696303552821714,0.0,0.7460570086552311,0.37424454673108337,0.0,1.0,0.35898405368009356,0.4067399132289482,0.04583127515961808,0.5385800499205954,0.0,0.0,0.32851921693025443,0.0,0.0,0.0,0.0,0.0,0.10984337453413046,0.0,0.34214188494263,0.004693308078183817,0.0,0.0,0.11544044159053868,0.1887832859453755,0.19411258093710912,0.2241996551417659,0.0,0.0,0.0027721956693855286,0.0,0.0,0.04234650860159436,0.0,0.0,0.0,0.0,0.36260567098152613
gex_possorted_bam_SJSO3:TTCCACGGTACCTTACx-M1,0.0,0.5110919451455144,1.0,0.11194555085351096,0.0,0.0,1.0,0.0,1.0,0.0,1.0,0.8986121589819669,0.9306984940317188,1.0,0.0,1.0,1.0,0.6707325624639972,1.0,0.0,0.0,0.0,0.0,0.0,1.0,0.17475907879810754,1.0,0.37596940810905854,0.3033576988563767,0.30117640124613604,1.0,0.1874530217262884,0.0,0.15495097562240795,1.0,0.0,1.0,0.042031998647750375,0.0,1.0,0.0,1.0,1.0,1.0,0.0,0.024794546851262398,1.0,1.0,0.22020793590736096,0.0,0.6450473651159224,0.1487186265702364,0.0
gex_possorted_bam_SJSO3:TTCCACGGTTTCGCCAx-M1,0.0,0.0,0.0,0.0,0.0,0.0,0.15098316237417017,0.0,0.6412407036751614,0.0,1.0,0.2813160817263491,0.0,1.0,0.0,1.0,1.0,0.606456067480968,0.4835920199182286,0.0,0.0,0.0,0.0,0.0,0.6099096855427806,0.0,1.0,0.0,0.0,0.0,0.0,0.0,0.0,0.0,1.0,0.0,1.0,0.0,0.0,0.9298036139971829,0.0,1.0,0.3766179364873101,0.0,0.0,0.0,0.524736242175269,1.0,0.0,0.0,0.030556996715049897,0.0,0.0
gex_possorted_bam_SJSO3:TTGCCCGTCATGCTCCx-M1,0.07318156695479967,0.0,0.037723842149981215,0.0,0.4355714161184175,0.49183821817855916,0.0,0.0,0.0,0.0,0.9963438535760673,0.0,0.0,0.0,0.1474366932477302,0.0,0.9289382691060876,1.0,0.0,1.0,0.7947038215388124,0.8958205065514263,0.17918199280133085,0.8321129884556931,0.0,0.0,0.3066255498427994,0.0,0.0,0.042066888733017394,0.24748398592749826,0.0993319092276798,0.20506756586377084,0.0,0.16133484871614479,0.07188037154752577,0.0,0.01589547508844044,0.08273403923041962,0.08755910991229347,0.0,0.0,0.0,0.0,0.11698027518175555,0.040305983205784275,0.0,0.06755273715280254,0.0,0.038206110582799074,0.0,0.008753177390173507,1.0
gex_possorted_bam_SJSO3:TTGGCTGAGGGCCATCx-M1,0.0,0.0,0.0,0.0,0.0,0.0,0.0,0.0,0.0,0.0,0.5295039885657277,0.0,0.0,0.0,0.0,0.0,0.6198782866192346,0.3773888497989924,0.0,0.8483221433137696,0.34362914096509717,0.4250408114144332,0.049563091942251766,0.6403863861371883,0.0,0.0,0.46106948207853865,0.0,0.0,0.0,0.0,0.0,0.04307250050600284,0.0,0.3818438114472588,0.0,0.0,0.0,0.0,0.2666145455609788,0.0,0.05772066277589215,0.0,0.0,0.0,0.0,0.0,0.3239500024593542,0.0,0.0,0.0,0.0,0.5973588301713315
gex_possorted_bam_SJSO3:TTGCAACAGGCTAGAAx-M1,0.05390463942760275,0.0,0.2246569859924063,0.0,0.1986431148340903,0.42421708547767406,0.0,0.013142250843443662,0.0,0.04305654862928841,0.77582770872862,0.0,0.0,0.0,0.12509428473546763,0.0,0.7440098531918725,0.7547076917245252,0.0,1.0,0.6738830171830142,0.7981597651077619,0.16755455913595738,0.7808697250409623,0.0,0.0,0.3289066433775693,0.0,0.0,0.006062802819803807,0.7005631052149264,0.06464478210572402,0.16510169301333213,0.007940924007941698,0.25037690373160726,0.10879508194018453,0.0,0.028114544788216074,0.05277400205983046,0.2824188836341094,0.0,0.0,0.0,0.0,0.10615879290652129,0.08009911615917499,0.0,0.0,0.0,0.04728003771265369,0.0,0.026352672707996915,1.0
gex_possorted_bam_SJSO3:TTGAGCTAGCGATAGAx-M1,0.0,0.0,0.11690679510507292,0.0,0.37498654601462783,0.1164982433741823,0.0,0.0,0.0,0.019409150079608403,0.6277831724594666,0.0,0.0,0.0,0.11041152322889389,0.0,0.7336829300051795,0.5937295247426361,0.0,1.0,0.5316568044483244,0.7390842156373688,0.09679194053179575,0.6675503483482804,0.0,0.0,0.34733765477328676,0.0,0.0,0.0,0.0,0.0,0.1307711754484971,0.0,0.1706439850771338,0.026057716645727494,0.0,0.0,0.02790715161385629,0.07805058976134105,0.0,0.0,0.0,0.0,0.08678676110542904,0.0,0.0,0.0836453023450173,0.0,0.038389335529092246,0.0,0.0,0.9037862114288705
gex_possorted_bam_SJSO3:TTGCTTAGTCGAAGTCx-M1,0.0,0.0,0.4504584750139922,0.0,0.5532026506700152,0.2807833556013575,0.0,0.17291196796514077,0.01094126749115295,0.0,1.0,0.0,0.0,0.0,0.0,0.0,1.0,1.0,0.0,1.0,0.606392557619551,0.6763065825889869,0.10181628563946767,0.45912703618024436,0.0,0.0,0.7380339647577089,0.0,0.0,0.0,0.0,0.5011388775060729,0.15309528361007677,0.0,0.3028235400909029,0.0,0.0,0.0,0.0,0.0312879552005575,0.5336283217053852,0.0,0.0,0.07149470756477316,0.016714621260491624,0.0,0.10662194748586969,0.5161740992717305,0.0,0.019202071539468422,0.0,0.0,1.0
gex_possorted_bam_SJSO3:TTGCTTTAGTCTATGAx-M1,0.08577213652452464,0.3917367524888758,1.0,0.23515880195465086,1.0,1.0,1.0,0.6791434668063697,0.9129518643551032,0.42383436713497635,1.0,0.0,0.24382861988543944,0.0,0.0,0.0,1.0,1.0,0.4349519635248746,1.0,0.8898866523421346,1.0,0.3088206498393626,0.28514168913408283,0.29985819091601146,0.1591394059850839,0.8904132054900235,0.11027594082538117,0.6681453437941361,0.0,0.5407942077967827,0.7144231852676699,0.2709293930184581,0.12420218622028145,0.49293884373759733,0.23303919677639365,0.0,0.10315391419835346,0.4739584025302146,0.5729275739707947,1.0,0.0,0.0,1.0,0.12082247528770737,0.33227363256052544,0.8640089068193902,0.035802540962756896,0.3420843914882268,0.4413245281938622,0.0,0.09310836334088322,1.0
gex_possorted_bam_SJSO3:TTGCATTTCTATTGTCx-M1,0.0,0.0,0.06316918827455374,0.0,0.0,0.0,0.0,0.024546229165119417,0.0,0.0,0.2041080987898719,0.0,0.0,0.0,0.09500374474118138,0.0,0.49898596545460305,0.0,0.0,1.0,0.3084532054850642,0.3726769859167509,0.041213542975107764,0.5034906802089473,0.0,0.0,0.3951333890103159,0.0,0.0,0.0,0.13003595619477695,0.0,0.058760248880880495,0.010432518182474582,0.42143190670974806,0.0,0.06020582851479155,0.0,0.04299468681277053,0.3365383577564094,0.01343243598019872,0.20824765292788208,0.0,0.0,0.0,0.0,0.0,0.19331245629070526,0.0,0.0,0.0,0.0,0.4107226064165994
gex_possorted_bam_SJSO3:TTGACGTAGTGAGGTAx-M1,0.0,0.6429992634343796,0.8745515992577577,0.07247781447229602,0.0,0.0,0.0,0.0006926356041033799,0.0,0.0,0.5177682119260825,0.0,1.0,1.0,0.0,1.0,0.0028105905049987338,0.05049652308817426,1.0,0.0,0.0,0.0,0.0,0.0,1.0,0.0,1.0,0.0,1.0,0.30574132201600507,0.0,0.9079197939070344,0.0,0.6420068068818644,1.0,0.0,0.7160214860597758,0.0,0.0,1.0,1.0,0.0,0.46738805775730086,0.0,0.0,0.03380078011914538,0.9818965661980843,0.0,0.0,0.0,1.0,0.0,0.0
gex_possorted_bam_SJSO3:TTGCAGCCAAATATCCx-M1,0.0006352609505105262,0.0,0.0,0.0,0.12692437172305038,0.0,0.0,0.0,0.0,0.0,0.6463282542792033,0.0,0.0,0.0,0.0,0.0,0.6349209420402714,0.5522164960851917,0.0,0.8705618148780548,0.3931825901532884,0.589734617503938,0.1352789088061806,0.5800696301660724,0.0,0.0,0.36997391043066913,0.0,0.0,0.0,0.0,0.0,0.056031714663085,0.0,0.26657480652530013,0.0,0.0,0.005265084035166094,0.0,0.12411564970420298,0.0,0.0,0.0,0.0,0.0,0.0,0.0,0.07586191009731137,0.0,0.0,0.0,0.0,0.7364228371344145
gex_possorted_bam_SJSO3:TTGGCTGAGGCGCATCx-M1,0.055085559401713315,0.0,0.27691939163660173,0.0,0.6706831172663635,0.4380678162735406,0.0,0.0,0.0,0.0,1.0,0.0,0.0,0.0,0.0,0.0,1.0,1.0,0.0,1.0,0.8258663501546377,0.8270265691894026,0.19007108734134162,0.733540700399566,0.0,0.0,0.4419243599931786,0.0,0.0,0.0,0.0,0.2487209785752032,0.25920910142017795,0.0,0.12042244314434035,0.0,0.01625267467848311,0.06082430691324386,0.002082458938102336,0.0,0.0939767487343895,0.0,0.0,0.0,0.10460859634246829,0.0,0.0,0.25079716919725353,0.0,0.07060078805062069,0.0,0.0,1.0
gex_possorted_bam_SJSO3:TTGCTTAGTCATGCAAx-M1,0.018822484937937853,0.0,0.0,0.0,0.24209759747768542,0.11496776415346308,0.0,0.0,0.0,0.0,0.9041164887524753,0.0,0.0,0.0,0.007931790944103892,0.0,0.8730431617084196,0.8441242252893331,0.0,1.0,0.5240891664446171,0.6273336844681981,0.10959070367414923,0.5431632350479332,0.0,0.0,0.49051718214466206,0.0,0.0,0.0,0.0,0.07451788005233408,0.10583350486075552,0.0,0.3372208950629756,0.0,0.0,0.0,0.0,0.07945246634884078,0.0,0.0,0.0,0.0,0.0,0.0,0.0,0.4850543279216646,0.0,0.0,0.0,0.0,0.7679486019955063
gex_possorted_bam_SJSO3:TTGCACACAAACTAAGx-M1,0.0033565633747548074,0.0,0.0,0.0,0.06995580260901665,0.0,0.0,0.0,0.0,0.0,0.7423285138448766,0.0,0.0,0.0,0.0,0.0,0.6578961838690806,0.6715677189071421,0.0,0.5352656822168446,0.33059267971527073,0.5047587303275255,0.06091978218904254,0.5365441666917998,0.0,0.0,0.5014504608537512,0.0,0.0,0.0,0.0,0.07658333044101687,0.05262827595267458,0.0,0.367405491451908,0.0,0.0,0.013534999195548365,0.0,0.11246594658947646,0.0,0.0,0.0,0.0,0.0,0.0,0.0,0.4600975859213192,0.0,0.0,0.0,0.0,0.45971960562486064
gex_possorted_bam_SJSO3:TTGCCCGTCCCTCGCAx-M1,0.0172601739825724,0.0,0.0,0.0,0.12996274755623227,0.0012417846637270964,0.0,0.0,0.0,0.0,0.8548268846315625,0.0,0.0,0.0,0.0,0.0,0.7825849176052021,0.9512664327260684,0.0,0.8072682793024928,0.44382175305248656,0.5946557385624015,0.10553116593875456,0.5918048783290928,0.0,0.0,0.4910948599235953,0.0,0.0,0.0,0.0,0.09191671574086312,0.09099786752038573,0.0,0.2937808076046476,0.0,0.0,0.037681721544419566,0.0,0.0,0.0,0.0,0.0,0.0,0.0,0.0,0.0,0.3811240124507653,0.0,0.0,0.0,0.0,0.6682708210810123
gex_possorted_bam_SJSO3:TTGGATTCACTGGCTGx-M1,0.08144060559973121,0.0,0.7482697358131801,0.0,0.9438036055557802,0.8040926280599487,0.0,0.0,0.0,0.20687676450407108,1.0,0.0,0.0,0.0,0.1449960940417244,0.0,1.0,1.0,0.0,1.0,0.8285641855596548,0.9363423517929322,0.2799822313402552,0.735496649134616,0.0,0.0719764557917137,0.46986665885161605,0.0,0.0,0.17013857288625994,0.0,0.527783774808113,0.28177864298294697,0.0,0.21275377321892658,0.06955574866205011,0.0,0.018423891117151685,0.09248493251874533,0.025587485721898454,0.29292531408508815,0.0,0.0,0.0,0.26047097484766896,0.01130334639749841,0.11177459865304017,0.288623368513821,0.03755825333184048,0.3997728872503388,0.0,0.012375525278988123,1.0
gex_possorted_bam_SJSO3:TTGACTAAGGTGAAGCx-M1,0.0,0.0,0.008684695039489989,0.0,0.1799653652646289,0.0,0.0,0.0,0.0,0.0,0.4106183687064412,0.0,0.0,0.0,0.03572054439219378,0.0,0.5358149465395472,0.3797062550312808,0.0,1.0,0.4982433335930063,0.5661284860018029,0.0665065787538065,0.6169263296222346,0.0,0.0,0.3730510742618195,0.0,0.0,0.0,0.0,0.0,0.09926593369357205,0.0,0.29982801157638034,0.0,0.0,0.0058996329650923525,0.0,0.11692477612586089,0.0,0.0,0.0,0.0,0.0,0.0,0.0,0.13075236459497186,0.0,0.0,0.0,0.0,0.6563872090387172
gex_possorted_bam_SJSO3:TTGATGTCAACACTTGx-M1,0.0,0.0,0.7000142396250354,0.0,0.0,0.0,1.0,0.0,1.0,0.0,1.0,0.1577521791493541,0.43135580870614665,1.0,0.0,1.0,1.0,0.24125624685640107,0.5266107375772145,0.0,0.0,0.0,0.0,0.0,1.0,0.10398172082273496,1.0,0.016728442177261636,0.1606427028912673,0.0,0.20067243485207356,0.040166235438097886,0.0,0.0,1.0,0.0,1.0,0.0,0.0,1.0,0.0890339553660061,1.0,1.0,1.0,0.0,0.0,1.0,1.0,0.0,0.0,0.16329523951549582,0.0,0.0
gex_possorted_bam_SJSO3:TTGCAATCACTAAGTTx-M1,0.0,0.1946841299150818,0.3148438578337268,0.0,0.0,0.0,0.0,0.0,0.0,0.0,0.7383886045001209,0.0,0.8906025049219237,1.0,0.0,1.0,0.25228546401845586,0.16642835319255694,1.0,0.0,0.0,0.0,0.0,0.0,1.0,0.0,1.0,0.0,1.0,0.12593342063446472,0.0,0.5612688586828671,0.0,0.3285099443876628,1.0,0.0,0.3964028687064781,0.0,0.0,1.0,0.6257578819889686,0.0,0.31350125637775733,0.0,0.0,0.0,0.6375914962517367,0.0,0.0,0.0,0.9496763113333989,0.0,0.0
gex_possorted_bam_SJSO3:TTGCACACATTAAGTCx-M1,0.137317057673741,0.7429324579144768,1.0,0.26366783610303784,0.7592744772529715,1.0,1.0,0.6964399936702695,0.8049125618295543,0.9376108931362029,0.6548735734020901,0.0,0.30091897069479095,0.2706010566500681,0.48217946070511136,0.36807759039141197,1.0,1.0,0.0374711993241167,1.0,0.734317315666,0.6259253016548066,0.3133613988409197,0.47265324324041724,0.5066163925903883,0.2635321986795488,0.6584943312847902,0.4267115478196693,0.6396926894822041,0.018241624599877587,1.0,0.22154340409193035,0.364263432969329,0.30775149805656776,0.7635004441383589,0.375287843417809,0.4439003835025398,0.20505241766901164,0.5629234360528848,0.8990264976572198,1.0,0.5950588179381421,0.01438335082413897,1.0,0.37728999352803355,0.3298224997720109,0.9314426471564274,0.4253737421499285,0.4988900773332355,0.5626888809656176,0.0,0.12202464830591317,1.0
gex_possorted_bam_SJSO3:TTGCAAGGTGAGGTAGx-M1,0.0,0.0,0.9325982732196098,0.008763346279411464,0.0,0.0,1.0,0.0,1.0,0.0,1.0,0.5527455425472566,0.28162826748546804,1.0,0.0,1.0,1.0,0.1075027318103599,0.6585247124040804,0.0,0.0,0.0,0.0,0.0,1.0,0.07691010116783067,1.0,0.24008444700734607,0.0,0.0032055265151864354,0.8312929733802451,0.0,0.0,0.027085386310486737,1.0,0.0,1.0,0.0,0.0,1.0,0.0,1.0,1.0,1.0,0.0,0.0,1.0,1.0,0.015644924141868143,0.0,0.2617711755621762,0.005571951590405546,0.0
gex_possorted_bam_SJSO3:TTGCTTAGTACTTAGGx-M1,0.1396282703573936,0.0,0.0,0.0,0.2556460245577502,0.33370128778358266,0.0,0.0,0.0,0.0,1.0,0.0,0.0,0.0,0.0,0.0,0.943425521015965,1.0,0.0,0.6134641055257128,0.6989414600938894,0.7751062688261015,0.21051635229482882,0.7030671499803325,0.0,0.0,0.42568720812933075,0.0,0.0,0.15800432110326382,0.0,0.12236462906243983,0.1980593190094476,0.0,0.30170211631337923,0.04411445375190186,0.0,0.14390231620626992,0.010951180684223542,0.0,0.0,0.007703112991729492,0.0,0.0,0.14142962817402685,0.03388141077858254,0.0,0.3384786687430205,0.0,0.009733224309209438,0.0,0.06892353645462927,0.8862098102152632
gex_possorted_bam_SJSO3:TTGGATTCACCACAACx-M1,0.0,0.5077866107227067,0.4448775103922051,0.0,0.0,0.0,0.8669106494378088,0.14923475830872662,0.0,0.3177687001829562,0.0,0.8085213408104243,0.0,0.0,0.36731124975254364,0.011568760412640712,0.2991092654074663,0.0,0.0,1.0,0.17727437969932722,0.18164290258178756,0.015886931762530962,0.5855530824069329,0.0,0.0,0.2619558150242513,0.09372458980030439,0.0,0.0,0.9412060835394388,0.0,0.06122567405613568,0.26511372688158286,0.6062774855772053,0.097648274213825,0.24806927112318586,0.0,0.24017235883792315,0.7350378457738991,0.18674693844879403,0.5956194241970433,0.0,0.0,0.0,0.0,0.0,0.0,0.017461191033710608,0.0,0.0,0.0,0.3331986644173761
gex_possorted_bam_SJSO3:TTGATGTCAGATTCATx-M1,0.4697864254264919,0.16738822838599685,0.2842881225038076,0.31298042792735215,0.8105286589064564,1.0,0.0,0.3446304665228713,0.0,0.34500889094299025,0.9380408509343812,0.0,0.03680686396245939,0.0,0.38833093601933655,0.0,0.8654647794479878,1.0,0.21748061740916647,1.0,1.0,1.0,0.5300921519780686,0.9369620703485093,0.0,0.24768164452133873,0.24443902313282517,0.23045762487657753,0.18610636015704296,0.3447640083127062,0.19252166838761312,0.5176502111512037,0.5342745224942234,0.21798871785602403,0.1550163124158202,0.4441781121614818,0.0,0.3335195318491638,0.39319862820396057,0.0,0.3609456492867944,0.0,0.0,0.06863781923164346,0.553871792513336,0.3783404800912235,0.0,0.0766767060760151,0.2531918893185327,0.5061243223465285,0.11628410304206246,0.33099786479460563,1.0
gex_possorted_bam_SJSO3:TTGACTAAGGCCCAGTx-M1,0.0,0.2480679469131628,0.41234956572548814,0.0,0.0,0.0,0.0,0.0,0.0,0.0,0.7573420085252959,0.0,0.9296983943049919,1.0,0.0,1.0,0.24704275326401898,0.13407055804134146,1.0,0.0,0.0,0.0,0.0,0.0,1.0,0.0,1.0,0.0,1.0,0.14156522429435228,0.0,0.6172928281178639,0.0,0.33771069303518814,1.0,0.0,0.4587451868667287,0.0,0.0,1.0,0.6392901046729957,0.0,0.3599284397990946,0.0,0.0,0.0,0.7012642414528235,0.0,0.0,0.0,1.0,0.0,0.0
gex_possorted_bam_SJSO3:TTGCGAGTCAATCTAGx-M1,0.0,0.0,0.0,0.0,0.0,0.0,0.17833699880177006,0.0,0.7490969509384908,0.0,1.0,0.0,0.0,0.8064492822486361,0.0,0.8475837255142393,1.0,0.5607407643649536,0.3404918543894791,0.0,0.0,0.0,0.0,0.0,0.573575179696493,0.0,1.0,0.0,0.0025200949764343722,0.0,0.0,0.04911166107115662,0.0,0.0,1.0,0.0,1.0,0.0,0.0,0.7819934000806479,0.0,1.0,0.3742973026917326,0.0,0.0,0.0,0.5482686199818081,1.0,0.0,0.0,0.037541650105059825,0.0,0.0
gex_possorted_bam_SJSO3:TTGCAATCAGAGGGAGx-M1,0.27418410213832806,0.07385691677095611,0.55969613365459,0.13921596777966846,0.9768990175659417,1.0,0.0,0.13863808825929408,0.0,0.3373475523202346,1.0,0.0,0.06390537715155774,0.0,0.31528990982511507,0.08187522016219942,1.0,1.0,0.11736760888064501,1.0,1.0,1.0,0.39944631546175396,0.8976008307962041,0.0,0.08430251385918051,0.3004295267454986,0.22014640903888494,0.0,0.3531226861210375,0.7444104005418932,0.41852946318505097,0.4109322262705429,0.003420454971575666,0.22669782187436271,0.2952015998584933,0.0,0.17303020552033932,0.28951221258741167,0.21704429144616683,0.0,0.0,0.0,0.6147078413394682,0.48927703943495277,0.21414415991537278,0.1427306907274534,0.18536778524499137,0.21908041315571347,0.4397867482999074,0.0,0.2049030304044628,1.0
gex_possorted_bam_SJSO3:TTGAGGCGTTACTAGGx-M1,0.0,0.0,0.08125507923904687,0.0,0.0,0.0,0.0,0.0,0.26897028048892824,0.0,0.7232707808874814,0.0,0.0,0.45921070774144673,0.0,0.6068323819203745,0.6981824875608191,0.14332444194647997,0.0,0.0,0.0,0.0,0.0,0.0,0.24655580249951528,0.0,1.0,0.0,0.022066969336798196,0.0,0.0,0.04505790543228694,0.0,0.0,1.0,0.0,1.0,0.0,0.0,0.7737628253928328,0.013515598755759058,0.9117147769329391,0.13144998794760743,0.0,0.0,0.0,0.20623456764363077,1.0,0.0,0.0,0.02756343555208465,0.0,0.0
gex_possorted_bam_SJSO3:TTGCCCGTCTTAGCCCx-M1,0.05869862643119161,0.0,0.0,0.0,0.5755113075604181,0.5540641860541682,0.0,0.0,0.0,0.0,1.0,0.0,0.0,0.0,0.0,0.0,1.0,1.0,0.0,1.0,0.6773252968477785,0.8545676751410202,0.2119885561097511,0.7171323670683637,0.0,0.0,0.41090179814656314,0.0,0.0,0.03326109069404495,0.0,0.19599563482216553,0.14930155658374042,0.0,0.1652069379525805,0.0,0.0,0.04369725160944833,0.0,0.0,0.0,0.0,0.0,0.0,0.1071929331553987,0.0,0.0,0.23564686077738195,0.0,0.04166400510991852,0.0,0.0008574906005345889,1.0
gex_possorted_bam_SJSO3:TTGCCCGTCACGAATCx-M1,0.0,0.0,0.0,0.0,0.0,0.0,0.0,0.0,0.0,0.0,0.22278219097777893,0.0,0.0,0.0,0.0,0.0,0.40733003061895073,0.04311867512449569,0.0,0.8057725146518059,0.2782905291181563,0.35500964291759823,0.035260620837236994,0.5005656360486364,0.0,0.0,0.4316722721805001,0.0,0.0,0.0,0.0,0.0,0.0342209779225298,0.0,0.3613963871912847,0.0,0.02706475133767418,0.00433457193969856,0.0,0.21217062087878744,0.0,0.06232695949959594,0.0,0.0,0.0,0.0,0.0,0.15067912480112716,0.0,0.0,0.0,0.0,0.2773258208830244
gex_possorted_bam_SJSO3:TTGCATTTCATAGACCx-M1,0.0,0.7106058397096944,1.0,0.25175857565786436,0.0,0.24866465877548766,1.0,0.0,1.0,0.2780859335388214,1.0,1.0,1.0,1.0,0.0,1.0,1.0,0.7912648175403386,1.0,0.0,0.0,0.0,0.0,0.0,1.0,0.3764230851295401,1.0,0.804067978771754,0.6741391644984757,0.4073811478268635,1.0,0.0,0.0,0.17615101242844117,1.0,0.0,1.0,0.0,0.0,1.0,0.0,1.0,1.0,1.0,0.0,0.1239232687056906,1.0,1.0,0.45814402363227846,0.10481055850208193,0.7694850757603139,0.31214507232983324,0.0
gex_possorted_bam_SJSO3:TTGCCCGTCATAACGCx-M1,0.0,0.0,0.04211098891012528,0.0,0.0,0.0,0.0,0.0,0.0,0.0,0.23319173758139417,0.0,0.0,0.0,0.11352962779003371,0.0,0.5005866070490744,0.0,0.0,1.0,0.3195884068308852,0.43657524914441675,0.04082693341200715,0.5347543904529475,0.0,0.0,0.33325952715266555,0.0,0.0,0.0,0.2584186942277556,0.0,0.05701990851039788,0.0,0.37131233831953137,0.006631921701106279,0.0,0.0,0.04618299629027989,0.35106857978196104,0.0,0.10001971926049918,0.0,0.0,0.0,0.0,0.0,0.016015988942415932,0.0,0.0,0.0,0.0,0.5298754620064272
gex_possorted_bam_SJSO3:TTGCACACATTCCTGTx-M1,0.0,0.33436618015430397,0.5144976336787002,0.0,0.0,0.0,0.0,0.0,0.0,0.0,0.9010264115442134,0.0,1.0,1.0,0.0,1.0,0.42770507295405435,0.22581558125982668,1.0,0.0,0.0,0.0,0.0,0.0,1.0,0.0,1.0,0.0,1.0,0.1900697647841608,0.14127145590542847,0.5519611216756547,0.0,0.28923002739264075,1.0,0.0,1.0,0.0,0.0,1.0,0.4650261921485135,0.0,0.48298040036080464,0.14193382417942318,0.0,0.0,1.0,0.38275879001055074,0.0,0.0,0.9786319642906366,0.0,0.0
gex_possorted_bam_SJSO3:TTGGATCAGACAAACGx-M1,0.061804142798079886,0.0,0.0,0.0,0.4146628773363662,0.4631066458810125,0.0,0.0,0.0,0.0,1.0,0.0,0.0,0.0,0.03025367272692786,0.0,1.0,1.0,0.0,1.0,0.6508727323250362,0.7951391173685667,0.1761102983442791,0.6657320562367063,0.0,0.0,0.4029357045586621,0.0,0.0,0.011332963592348469,0.0,0.06761440172590177,0.14687820940974555,0.0,0.2514928910591246,0.009175685378030304,0.0,0.044916209148808714,0.003513455069397019,0.001168160258988986,0.0,0.0,0.0,0.0,0.10112387634279074,0.0,0.0,0.26915464797087313,0.0,0.0,0.0,0.010910341118137094,0.9188171477105829
gex_possorted_bam_SJSO3:TTGCTCTCAGCACGAAx-M1,0.05439438682939782,0.0,0.26908998752396196,0.0,0.4674152001847769,0.18719370583236297,0.0,0.0,0.0,0.0,0.84256018558767,0.0,0.0,0.0,0.06376897590397153,0.0,0.8961628164739538,0.833994491318491,0.0,1.0,0.785900617881025,0.7546189137247452,0.18847966212722755,0.7534980291995983,0.0,0.0,0.36106399307052495,0.0,0.0,0.0,0.0,0.05657535206374136,0.17163638680340762,0.0,0.21042835400927573,0.0,0.0,0.06166600344764493,0.00326505078613148,0.11496337609058659,0.0,0.0,0.0,0.0,0.07608629477591021,0.0,0.0,0.17801005874792578,0.0,0.0,0.0,0.0,0.9979536143398101
gex_possorted_bam_SJSO3:TTGGATATCACAGGAAx-M1,0.03266200057140786,0.1942918558828693,0.8863018447727413,0.1614146212987511,0.0,0.0,1.0,0.4401144074424359,1.0,0.0,0.6371393094893292,0.10007695311063132,0.45161571075341783,1.0,0.0,1.0,1.0,0.3869303482742327,0.35955082015649015,0.17435281619919965,0.0025284824403680522,0.0,0.0,0.0,1.0,0.202506523578276,1.0,0.27935919237635715,0.2905827521822089,0.0,0.0,0.2609819457277466,0.0,0.18515460079325122,1.0,0.0,1.0,0.017741596893099097,0.0,1.0,0.7641470985054766,1.0,0.7190688796986388,1.0,0.0,0.11141041711851236,1.0,1.0,0.1572472566000428,0.09715915318491003,0.23321808673854644,0.0,0.15182336331625462
gex_possorted_bam_SJSO3:TTGAGCTAGAAAGCATx-M1,0.0,0.4191426185883905,1.0,0.09196558974115504,0.0,0.0,1.0,0.0,1.0,0.09695591864008402,1.0,0.9191128343224291,0.7704682369445871,1.0,0.0,1.0,1.0,0.3989492482307551,1.0,0.0,0.0,0.0,0.0,0.0,1.0,0.2092428807406736,1.0,0.527782257491173,0.23459450374245217,0.13569895304796548,1.0,0.0,0.0,0.09982986332948704,1.0,0.0,1.0,0.0,0.0,1.0,0.0,1.0,1.0,1.0,0.0,0.011883026481103265,1.0,1.0,0.24676321822990935,0.0,0.4537446848541219,0.12108251320540937,0.0
gex_possorted_bam_SJSO3:TTGACTAAGCCGCAACx-M1,0.0,0.0,0.11270433393845486,0.0,0.0,0.0,0.6759314455566865,0.0,0.828481364675454,0.0,1.0,0.5454444027896487,0.05470562924455081,1.0,0.0,1.0,1.0,1.0,1.0,0.0,0.0,0.0,0.0,0.0,1.0,0.03192685350081368,1.0,0.0,0.0,0.0,0.0,0.0,0.0,0.0,1.0,0.0,1.0,0.0,0.0,1.0,0.0,1.0,0.8315105970996052,0.6646909509802857,0.0,0.0,1.0,1.0,0.0,0.0,0.15605616618871998,0.0,0.0
gex_possorted_bam_SJSO3:TTGTCCCAGTTATCCTx-M1,0.0,0.22608356257376494,0.7913071031337255,0.025504883082499957,0.0,0.0,1.0,0.0,1.0,0.0,1.0,1.0,0.19663021299356864,1.0,0.0,1.0,1.0,0.5904938974599113,1.0,0.0,0.0,0.0,0.0,0.0,1.0,0.07684406481477699,1.0,0.16257883759280659,0.07009122556893056,0.0,0.028655877557713722,0.0,0.0,0.0,1.0,0.0,1.0,0.0,0.0,1.0,0.06244770458426786,1.0,1.0,1.0,0.0,0.0,1.0,1.0,0.013961350439830959,0.0,0.2859854845194601,0.0,0.0
gex_possorted_bam_SJSO3:TTGTTCCCACTGACTAx-M1,0.01729738206964949,0.0,0.0,0.0,0.19494663231113746,0.02488338569117796,0.0,0.0,0.0,0.0,0.8137617257401315,0.0,0.0,0.0,0.0,0.0,0.7870231804570766,0.9722078066599849,0.0,1.0,0.5248094783475316,0.6582511680572325,0.11279199655951362,0.6846077029426306,0.0,0.0,0.46261080677990213,0.0,0.0,0.0,0.0,0.1021972621006532,0.1196505556853796,0.0,0.21506778479577737,0.0,0.0,0.033489072657832804,0.0,0.0,0.0,0.0,0.0,0.0,0.028915075935313925,0.0,0.0,0.2944305867717697,0.0,0.0,0.0,0.0,0.6971990100658104
gex_possorted_bam_SJSO3:TTGTGAGGTTATCCGTx-M1,0.0,0.0,0.0,0.0,0.0,0.0,0.40985092599829775,0.0,0.9189743391002896,0.0,1.0,0.31152850054469355,0.0,1.0,0.0,1.0,1.0,0.7888569196627019,0.8233897404519828,0.0,0.0,0.0,0.0,0.0,0.9598388408843203,0.0,1.0,0.0,0.05711987206533309,0.0,0.0,0.0,0.0,0.0,1.0,0.0,1.0,0.0,0.0,1.0,0.0,1.0,0.7318123010944055,0.25739346865458324,0.0,0.0,0.8524219342360178,1.0,0.0,0.0,0.12581417693203345,0.0,0.0
gex_possorted_bam_SJSO3:TTGTGCGAGATAACCCx-M1,0.0,0.0,0.7780329013757444,0.0,0.6543752186010574,0.49456175087672083,0.745596989873447,0.3041827205960547,0.23207284368677733,0.0,1.0,0.0,0.0,0.0019992740448385522,0.0,0.0,1.0,1.0,0.0,1.0,0.6122956531311752,0.6873065614728567,0.08652014647906703,0.35668967671869684,0.0,0.0,0.8817441314499364,0.0,0.0,0.0,0.0,0.5825950535101364,0.129973043809701,0.0,0.494917069860536,0.0,0.0,0.0,0.037738099075930204,0.2776427448803613,0.6558241584809964,0.0,0.0,0.7562227480386976,0.0,0.0007913733130633826,0.3296964059406262,0.6269366624893599,0.0,0.00043036527677978316,0.0,0.0,1.0
gex_possorted_bam_SJSO3:TTGTGAGGTGCATTTCx-M1,0.0,0.0,0.0807173307278607,0.0,0.24277972716473536,0.0,0.0,0.0,0.0,0.0,0.48511314143816503,0.0,0.0,0.0,0.0,0.0,0.5910009648091819,0.3952413618009946,0.0,1.0,0.4057169008843696,0.5966723333178737,0.11092227745944375,0.579696726597654,0.0,0.0,0.46610829776028295,0.0,0.0,0.0,0.0,0.06504780273709011,0.10452759239545406,0.0,0.2892335736629245,0.0,0.0,0.007052084170460656,0.0,0.05294618333358633,0.0,0.0,0.0,0.0,0.03084964321133903,0.0,0.0,0.141468969853582,0.0,0.014881055282409347,0.0,0.0,0.911684395514112
gex_possorted_bam_SJSO3:TTGTCCGGTCGTAAATx-M1,0.0,0.40722977964636276,0.29381930564220804,0.001447433688317506,0.0,0.0,0.615728292996167,0.16266584082490396,0.0,0.3097128436806204,0.0,0.6328252434945454,0.0,0.0,0.34411612846631573,0.10747017200019371,0.12033390673351298,0.0,0.0,1.0,0.26585635389824513,0.24557506134564164,0.07150492407082705,0.5104403645950879,0.0,0.0,0.3642283151247768,0.04035678445456688,0.046795555068713135,0.0,0.9921034990218998,0.0,0.08557401855947387,0.21604586276019258,0.6230793957910215,0.16409965203695273,0.3462535152863092,0.0,0.20624552928598736,0.7499158570947042,0.06513742512141556,0.511113299592466,0.0,0.0,0.0,0.05846026306616334,0.0,0.05463105622579707,0.09930864978217849,0.0,0.0,0.0,0.5619189526818907
gex_possorted_bam_SJSO3:TTGTTGTTCTCCATGCx-M1,0.0,0.0,0.633364316990647,0.001840005121430983,0.0,0.0,0.9410658702052905,0.0,1.0,0.0,0.9343089142815689,0.7239452049925398,0.4032078582983141,1.0,0.0,1.0,0.8251516396411509,0.0,0.5463898500137552,0.0,0.0,0.0,0.0,0.0,1.0,0.07900955361119036,1.0,0.01674935978334937,0.2344947223613108,0.0,0.31094229157777475,0.0,0.0,0.0,1.0,0.0,1.0,0.0,0.0,1.0,0.0,1.0,1.0,1.0,0.0,0.0,1.0,1.0,0.0,0.0,0.3766307533145813,0.031038918028896426,0.0
gex_possorted_bam_SJSO3:TTGTTGCGTTAACGGCx-M1,0.0,0.0,0.0,0.0,0.2192152732906283,0.012682429606836678,0.0,0.0,0.0,0.0,0.6972880856324893,0.0,0.0,0.0,0.0,0.0,0.6322842857874819,0.7942202763200682,0.0,0.9838505885927301,0.44112165155070787,0.6260547286722421,0.12279424876849167,0.5841668387854729,0.0,0.0,0.41382513687777106,0.0,0.0,0.0,0.0,0.0,0.0788801593731036,0.0,0.1869063276278273,0.0,0.0,0.0008050127138976658,0.0,0.026116543877171425,0.0,0.0,0.0,0.0,0.0,0.0,0.0,0.1634158175683659,0.0,0.0,0.0,0.0,0.8617226655843929
gex_possorted_bam_SJSO3:TTGTCAAAGAGGAGGAx-M1,0.032003174768705685,0.0,0.2091966455660128,0.0,0.48576263079118276,0.35581624242284376,0.0,0.0,0.0,0.03311395200528442,0.9884662781920645,0.0,0.0,0.0,0.0120205172460801,0.0,1.0,1.0,0.0,1.0,0.6248128005398048,0.7087385264417843,0.16252505068957865,0.6206150108440103,0.0,0.0,0.5137825730424261,0.0,0.0,0.0006261975578232311,0.0,0.12769112341585387,0.14823757912183425,0.0,0.2967943833507483,0.009095549752361225,0.0,0.027598505311058574,0.008950371751241068,0.11975551263442771,0.0,0.0,0.0,0.0,0.10062643027765589,0.0,0.0,0.3314817157622806,0.0,0.0996969686676808,0.0,0.0,1.0
gex_possorted_bam_SJSO3:TTGTTGCGTTTGCTGTx-M1,0.0,0.0,0.0,0.0,0.0,0.0,0.0,0.0,0.1938845242481626,0.0,0.8055420107385552,0.0,0.0,0.3945331091449932,0.0,0.43416939492296086,0.7730155267859284,0.40286484625136865,0.0,0.0,0.0,0.0,0.0,0.0,0.11392311466148335,0.0,1.0,0.0,0.0,0.0,0.0,0.022439767016918695,0.0,0.0,0.9750951439354151,0.0,0.758908790338443,0.0,0.0,0.5499893008494963,0.0,0.6985154627901151,0.0,0.0,0.0,0.0,0.05959056822831296,1.0,0.0,0.0,0.0,0.0,0.0
gex_possorted_bam_SJSO3:TTGTGAGGTTGACTTCx-M1,0.0,0.3886473914583726,0.8750470634778951,0.12866289834754369,0.0,0.42974479958458023,1.0,0.0,1.0,0.0,1.0,0.851859056900857,0.9737509414112763,1.0,0.0,1.0,1.0,1.0,1.0,0.0,0.0,0.0,0.0,0.0,1.0,0.26302127756013777,1.0,0.38945947591771285,0.34550856408631914,0.16233274991798935,0.531954924325194,0.07231041694354279,0.0,0.11551308760949322,1.0,0.0,1.0,0.0,0.0,1.0,0.0,1.0,1.0,1.0,0.0,0.05774757259323604,1.0,1.0,0.19018468197989014,0.0,0.5763903905465537,0.17911624042363203,0.0
gex_possorted_bam_SJSO3:TTGGTGAGTGACATATx-M1,0.0,0.0,1.0,0.005945377704460374,0.0,0.0,1.0,0.0,0.9464008954267136,0.0,0.8061671215220663,1.0,0.33496362602001606,1.0,0.0,1.0,1.0,0.0,0.42764794801849393,0.0,0.0,0.0,0.0,0.0,1.0,0.09208530231053932,1.0,0.21379464299804452,0.0,0.0,0.6310610716497947,0.0,0.0,0.017428960054915628,1.0,0.0,1.0,0.0,0.0,1.0,0.020610832820843743,1.0,1.0,1.0,0.0,0.0,1.0,1.0,0.08687427291871266,0.0,0.42125554410818483,0.009414873058469882,0.0
gex_possorted_bam_SJSO3:TTGTCCCAGATGCCTGx-M1,0.10080378309051582,0.0,0.0,0.0,0.4972378550932241,0.6319825512782288,0.0,0.0,0.0,0.0,1.0,0.0,0.0,0.0,0.0,0.0,1.0,1.0,0.0,1.0,0.805981476965987,0.9659596252159911,0.21190546434922322,0.7387960256586521,0.0,0.0,0.3951523657788096,0.0,0.0,0.0652356252851654,0.0,0.2004620759111909,0.15816307201732022,0.0,0.162485459991653,0.028381480845455786,0.0,0.06830763332180939,0.004580217840395641,0.0,0.0,0.0,0.0,0.0,0.1607347978842042,0.0,0.0,0.20342654706542596,0.0,0.0,0.0,0.06219598588124526,1.0
gex_possorted_bam_SJSO3:TTGTTGTTCTACTAAGx-M1,0.029397096083681663,0.0,0.0,0.0,0.25923180406447893,0.11051189730362367,0.0,0.0,0.0,0.0,0.9999834594283857,0.0,0.0,0.0,0.0,0.0,0.8186506265082926,1.0,0.0,0.9044833150908993,0.549822040667376,0.7406082446876344,0.12103459392303642,0.6649239464204787,0.0,0.0,0.41818342985917833,0.0,0.0,0.0,0.0,0.16258673778906627,0.09336177974266464,0.0,0.21427048038518506,0.0,0.0,0.025675498724822592,0.0,0.0,0.0,0.0,0.0,0.0,0.053743199028384966,0.0,0.0,0.16902053477142856,0.0,0.0,0.0,0.0,0.7846472409137275
gex_possorted_bam_SJSO3:TTGTTGTTCTGGCATGx-M1,0.3885643275536068,0.7407253074027921,1.0,0.3192230441192804,0.9842881185385626,1.0,0.4015097890121031,0.3179995479047241,0.04362618383395022,0.9416363205149418,0.6075334525219483,0.0,0.3502599685112625,0.0,0.7229200967776733,0.26674667127663193,0.7524606634131544,0.5026857686228937,0.0,1.0,1.0,1.0,0.56588990194108,0.8913119402261395,0.06287823932774177,0.289321646903998,0.14415762005654215,0.4712890159806648,0.5231578718651374,0.5899378936557005,1.0,0.3322486316067474,0.5630287956327349,0.40607657032713546,0.28686617792945474,0.5759656472498824,0.29548794342094425,0.34775711868198117,0.6009074345628388,0.6417155578550056,0.5531242341559732,0.0740681782724237,0.19486908078590703,1.0,0.5556886976342891,0.5194431798256994,0.19291189719405571,0.0,0.5437914778325187,0.8498076471814688,0.24879932538694896,0.4579141298845735,1.0
gex_possorted_bam_SJSO3:TTGGGCCAGGCATTACx-M1,0.10137271091935388,0.0,0.3236257497546242,0.0,0.5314323611567796,0.6840008861994075,0.0,0.04199693499096613,0.0,0.0,1.0,0.0,0.0,0.0,0.013658008755510705,0.0,1.0,1.0,0.0,1.0,0.9190458570000195,0.948277350157901,0.223229242889186,0.7799259997374116,0.0,0.0,0.46005447315124187,0.0,0.0,0.08871252085274746,0.057540872339818215,0.33304262652835676,0.2707257945492021,0.0,0.2086265451451472,0.014822239493230109,0.0,0.04254981221851219,0.06634479044171673,0.0,0.014412790525290535,0.0,0.0,0.0,0.22248431444583208,0.026674811551087325,0.0,0.29563876648529763,0.0,0.07326300385085857,0.0,0.0,1.0
gex_possorted_bam_SJSO3:TTGTAAGTCTCGCCTGx-M1,0.07061293092957564,0.0,0.0,0.0,0.364178585451027,0.6212524513115494,0.0,0.0,0.0,0.0,1.0,0.0,0.0,0.0,0.002978348307161218,0.0,1.0,1.0,0.0,1.0,0.7583807768623165,0.8616171059973751,0.18414546956108266,0.8791357466207158,0.0,0.0,0.3509143492616058,0.0,0.0,0.05985751230446488,0.227301135439383,0.1087429802808402,0.17462906355851124,0.0,0.16204011670179477,0.04915281401646696,0.0,0.06682165251882828,0.05294675585591788,0.09252240950328114,0.0,0.0,0.0,0.0,0.06965777955895237,0.02950561206980462,0.0,0.12088974271531419,0.0,0.0,0.0,0.035387402614076024,1.0
gex_possorted_bam_SJSO3:TTGTGAGGTATTGAGTx-M1,0.0,0.8977984210684656,1.0,0.350965217878864,0.22149388913111578,0.19419289401113712,1.0,0.39705099416848205,1.0,0.4478507284308462,1.0,0.897123184440374,1.0,1.0,0.0,1.0,1.0,1.0,1.0,0.0,0.0,0.0,0.0,0.0,1.0,0.5993519715172876,1.0,0.8607800201288437,0.8720752477051269,0.10087366413502852,1.0,0.22606373001394384,0.0,0.23109172525971924,1.0,0.0,1.0,0.0,0.0,1.0,0.7370766919882611,1.0,1.0,1.0,0.0,0.2289814997980014,1.0,1.0,0.5606373076612733,0.4523496932720611,0.8564943635585768,0.3044693950567592,0.39639976321908654
gex_possorted_bam_SJSO3:TTGTGAGGTGCGCATGx-M1,0.0,0.5502399714255587,1.0,0.07059981323103647,0.0,0.0,1.0,0.0,1.0,0.11426699962385516,1.0,1.0,0.23485323643733888,1.0,0.0,1.0,1.0,0.61188890871293,1.0,0.0,0.0,0.0,0.0,0.0,1.0,0.10725269397092373,1.0,0.38562240255099256,0.0,0.06828226957177576,0.9372900286455481,0.0,0.0,0.07288635005211273,1.0,0.0,1.0,0.0,0.0,1.0,0.16338052776418147,1.0,1.0,1.0,0.0,0.0,1.0,1.0,0.17150974301477526,0.0,0.3217334104076302,0.0506522675485391,0.0
gex_possorted_bam_SJSO3:TTGTCCGGTTCGCGCTx-M1,0.0,0.0,0.13182526448377963,0.0,0.07762897334421236,0.0,0.0,0.0,0.0,0.016401294066981268,0.33242158055108456,0.0,0.0,0.0,0.05508428216310663,0.0,0.4103399575306959,0.02607803752345903,0.0,1.0,0.41516832860236097,0.5527522944697236,0.08686466659233688,0.6039987337655791,0.0,0.0,0.3877098069965541,0.0,0.0,0.0,0.2895258360508134,0.0,0.08221053324435512,0.0,0.32582041431395836,0.022755630132308784,0.011896527995460803,0.0,0.013479058378608284,0.30103855184124395,0.0,0.0,0.0,0.0,0.0,0.0,0.0,0.05608559800065335,0.0,0.0,0.0,0.0,0.7853127642793819
gex_possorted_bam_SJSO3:TTGTGTGCATGAATCTx-M1,0.0,0.0,0.0,0.0,0.0,0.0,0.35717939805191096,0.0,1.0,0.0,0.9990809400645431,0.23373627255779914,0.028607003530692964,1.0,0.0,1.0,0.8837996136799028,0.28120277941343036,0.5561795753517098,0.0,0.0,0.0,0.0,0.0,0.961262125521987,0.0,1.0,0.0,0.129850883320306,0.0,0.0,0.0,0.0,0.0,1.0,0.0,1.0,0.0,0.0,0.9463130007019985,0.0,1.0,0.6030429916184578,0.0,0.0,0.0,0.8314627051177973,1.0,0.0,0.0,0.21561689422243743,0.0,0.0
gex_possorted_bam_SJSO3:TTGTCCATCATGCTCCx-M1,0.0,0.0,0.0,0.0,0.0902096244864199,0.0,0.0,0.0,0.0,0.0,0.5910463345130001,0.0,0.0,0.0,0.0,0.0,0.6610981899965886,0.5422586068010737,0.0,0.9441830287679922,0.3362614041693278,0.5217174798461918,0.08125088608991633,0.520990258957467,0.0,0.0,0.46810019025604177,0.0,0.0,0.0,0.0,0.07655620883230842,0.07349066421039656,0.0,0.28782152261539334,0.0,0.0,0.0,0.0,0.0,0.0,0.0,0.0,0.0,0.0,0.0,0.0,0.3358240866811537,0.0,0.0,0.0,0.0,0.6123621029946982
gex_possorted_bam_SJSO3:TTGTTGCGTTTATCTGx-M1,0.006103830572807269,0.0,0.0,0.0,0.13054031246847403,0.0,0.0,0.0,0.0,0.0,0.907076687707404,0.0,0.0,0.0,0.0,0.0,0.8335381718851503,1.0,0.0,0.5805184136802213,0.4069832988306728,0.519838250096958,0.09269159502639111,0.4536373704808012,0.0,0.0,0.5867822113523462,0.0,0.0,0.0,0.0,0.05999110249383337,0.068465124853199,0.0,0.39783274066759583,0.0,0.0,0.03314889020920385,0.0,0.010329075932041017,0.0,0.0,0.0,0.0,0.0,0.0,0.0,0.571553693918759,0.0,0.0,0.0,0.0,0.6017555672671817
gex_possorted_bam_SJSO3:TTGTGCGAGCTATGACx-M1,0.012430321618527015,0.0,0.0,0.0,0.18953475617125343,0.0,0.0,0.0,0.0,0.0,0.824884638420232,0.0,0.0,0.0,0.0,0.0,0.6986873687883882,0.8169360139834592,0.0,0.6783097937050632,0.35355417425102925,0.5334494600975297,0.12388596533017175,0.5093451329589308,0.0,0.0,0.4937835154661685,0.0,0.0,0.0,0.0,0.19121420850259013,0.05178961475425635,0.0,0.3266995996826369,0.0,0.0,0.020818717897457484,0.0,0.08962592237313957,0.0,0.0,0.0,0.0,0.0,0.0,0.0,0.34977238559792184,0.0,0.0,0.0,0.0,0.5910627794676112
gex_possorted_bam_SJSO3:TTGTTTGGTCGCAATAx-M1,0.0,0.3803623459389191,0.0,0.0,0.0,0.35360483074289284,0.11830267689421614,0.024560437684973055,0.0,0.1056149792675312,0.44424655010420117,0.36694547286252666,0.0,0.0,0.3113884324364052,0.2391643200200768,1.0,0.6277229999098785,0.0,1.0,0.5179113539109998,0.41688947971237567,0.12472283359176158,0.5791143184131842,0.0,0.0,0.32657947554710637,0.0,0.0,0.0,0.06835851854080617,0.0,0.15241301681762648,0.06648076342951945,0.45897944828680864,0.06909701499975823,0.0,0.0,0.1977462202819813,0.34074424626320315,0.1817101556157083,0.709966225779489,0.0,0.0,0.0,0.0,0.0,0.38614039352580737,0.0,0.0,0.0,0.0,0.18203635609427826
gex_possorted_bam_SJSO3:TTGTCAAAGGTCGAGGx-M1,0.0,0.0,0.0,0.0,0.0,0.0,0.5154140164292612,0.031004849544055815,0.7552427907590147,0.0,0.7322563461788182,0.42452559359036085,0.0,1.0,0.0,1.0,0.8951453797478905,0.2482023732573958,0.38837383906386763,0.0,0.0,0.0,0.0,0.0,0.8636802040081467,0.008540680023243355,1.0,0.0,0.0,0.0,0.0,0.0,0.0,0.0,1.0,0.0,1.0,0.0,0.0,1.0,0.0,1.0,0.50648303348362,0.07488644242090627,0.0,0.0,0.7665774125397247,1.0,0.0,0.0,0.22679050050207153,0.0,0.0
gex_possorted_bam_SJSO3:TTGTGTGCATTATGACx-M1,0.08145292471203959,0.0,0.0,0.0,0.5664792777618763,0.46671628699933054,0.0,0.0,0.0,0.0,1.0,0.0,0.0,0.0,0.10638529225932718,0.0,0.9562551383504018,1.0,0.0,1.0,0.7259971525644409,0.9584331590325232,0.22099400243649622,0.7154132801771533,0.0,0.0,0.39753575117227474,0.0,0.0,0.05540611888564264,0.07130455928617647,0.13401193802578773,0.21923269196454562,0.0,0.12906782460841584,0.06157990543736196,0.0,0.02778088213358302,0.029126790990185763,0.013755737514269008,0.0,0.0,0.0,0.0,0.12121422214707493,0.018480139459875793,0.0,0.07493230882039197,0.0,0.090786647008662,0.0,0.01155046452241753,1.0
gex_possorted_bam_SJSO3:TTGGGTTAGGCATGAAx-M1,0.05682062103440609,0.0,0.0,0.0,0.16635096718337958,0.15374008764963898,0.0,0.0,0.0,0.0,0.9041402718511514,0.0,0.0,0.0,0.0,0.0,0.9646114144237818,1.0,0.0,0.9912028993258233,0.5212926614097727,0.6331913586055973,0.12341375786475071,0.6216247548954181,0.0,0.0,0.45941269945940855,0.0,0.0,0.0,0.0,0.10019192780970435,0.14365201325149873,0.0,0.21925340568995194,0.0,0.0,0.03153583995181314,0.0,0.0,0.0,0.008908224767726871,0.0,0.0,0.0627153671665469,0.0,0.0,0.3896301070045639,0.0,0.0,0.0,0.0,0.6733470275835011
gex_possorted_bam_SJSO3:TTGGGCGGTTCCGGGAx-M1,0.24987243510672413,0.0,0.2985558171622691,0.1394380325112047,0.9495911152364745,1.0,0.0,0.05298036315368652,0.0,0.2191432127696186,1.0,0.0,0.0,0.0,0.4288546322057225,0.05575263629945629,1.0,1.0,0.0,1.0,1.0,1.0,0.3685513055116271,1.0,0.0,0.04589229304791694,0.28442909447736736,0.16066839383002754,0.0,0.3869285835159084,0.5804403990740642,0.49446607505135504,0.3984656758283452,0.05297467336041952,0.08784224386739752,0.29544410807216703,0.0,0.11230517688519343,0.2806744540099812,0.07054316102043641,0.022347287102864318,0.0,0.0,0.2591524984919604,0.38624408994067516,0.2129637965183359,0.07822637233959819,0.037852232353315446,0.15924875838315133,0.46922327442995626,0.0,0.221778006005618,1.0
gex_possorted_bam_SJSO3:TTGTCAAAGAACCTGTx-M1,0.0,0.12517999310850964,0.0,0.0,0.0,0.0,0.6755995766368613,0.0,0.5397283744622022,0.0,1.0,0.8138992382462815,0.0,1.0,0.0,1.0,1.0,0.639623719953892,0.7509413710697656,0.0,0.0,0.0,0.0,0.0,0.6822643773564349,0.0,1.0,0.0,0.029297359301614756,0.0,0.0,0.0,0.0,0.0,1.0,0.0,1.0,0.0,0.0,1.0,0.13011925648556882,1.0,0.6468712554896864,0.17864812716637804,0.0,0.0,0.375475618373641,1.0,0.0,0.0,0.2141306794137392,0.0,0.0
gex_possorted_bam_SJSO3:TTGGGTTAGGAAGTATx-M1,0.0,0.23628424875310353,0.7537941145797935,0.04369328858382765,0.0,0.0,1.0,0.0,1.0,0.0,1.0,1.0,0.5115182693311265,1.0,0.0,1.0,1.0,0.4980909153566562,0.9562842835762893,0.0,0.0,0.0,0.0,0.0,1.0,0.2270963408957771,1.0,0.13390718457707929,0.7137122063934599,0.17392895992214782,0.5837235123246307,0.0,0.0,0.015424569174098186,1.0,0.0,1.0,0.0,0.0,1.0,0.0,1.0,1.0,1.0,0.0,0.04434441659175255,1.0,1.0,0.09565494695620903,0.0,0.22485936167155504,0.15082112635666975,0.0
gex_possorted_bam_SJSO3:TTGGGCCAGCACAGGGx-M1,0.21206329991517844,0.0,0.1680544587960911,0.04874584662474281,0.8382564706164551,1.0,0.0,0.0,0.0,0.07874079328902867,1.0,0.0,0.0,0.0,0.16230065328485757,0.0,1.0,1.0,0.025374004421375825,1.0,0.8940522575037704,1.0,0.3507508051781558,0.82881853467179,0.0,0.02050577083466769,0.29933708343891585,0.0,0.0,0.31063894488844795,0.0,0.3431453679683106,0.30478179321723975,0.0,0.14812935516238063,0.1665759741164046,0.0,0.16789644432899928,0.14779637918103203,0.0,0.0,0.0,0.0,0.0,0.3398061145680805,0.11989005970327386,0.0,0.13832342283543458,0.05342836344957402,0.2964865811744221,0.0,0.1600360053495805,1.0
gex_possorted_bam_SJSO3:TTGTGCGAGCGGATTTx-M1,0.0,0.0,0.0,0.0,0.012096168803672919,0.0,0.0,0.0,0.0,0.0,0.8898252623156515,0.0,0.0,0.0,0.0,0.0,0.9136301244273795,0.9173195311577094,0.0,0.582929952606839,0.3923409995843148,0.4115227728824376,0.0590020687571101,0.4609367255032689,0.0,0.0,0.6028478659210447,0.0,0.0,0.0,0.0,0.0,0.04977660461437446,0.0,0.5133047479801166,0.0,0.0,0.012802786412704065,0.0,0.17738496400177867,0.0,0.22073734332962247,0.0,0.0,0.0,0.0,0.0,0.7110941316839248,0.0,0.0,0.0,0.0,0.39219520714047057
gex_possorted_bam_SJSO3:TTTCATCAGCGGATTTx-M1,0.13482074284559445,0.7786935251270249,1.0,0.24358359887508974,0.6820693001713413,1.0,1.0,0.31553087815911157,0.3788494064947682,1.0,0.4910425800722373,0.0,0.4015358655136175,0.0,0.6091576999536501,0.8424028411098136,0.8654044021612066,0.3124815989090418,0.0,1.0,0.6730865392500577,0.6810016167663595,0.28229859754817627,0.5920485419589944,0.44271290183848777,0.20158590954106673,0.30710872560559227,0.6167090603283176,0.4720166798510761,0.431262210107987,1.0,0.032458577135805536,0.31374467396168615,0.3135826588322397,0.49597658049348003,0.4789247248161652,0.7302492817645716,0.11361840532345352,0.4238680656473233,1.0,0.1843161957666592,0.4659002754964395,0.5258816193466462,1.0,0.3654616649413049,0.3765638197490254,0.5473803782622895,0.2425427929725563,0.5626524042633583,0.761808630216892,0.2619466165335268,0.30285427049953456,1.0
gex_possorted_bam_SJSO3:TTTCCGGGTAGCTGCGx-M1,0.023683826667850873,0.15440315629124815,0.0,0.0350466202744649,0.0,0.0,0.05257000969875083,0.1749870286677375,0.0,0.016123255896953414,0.0,0.5836340103725854,0.0,0.0,0.25625599377891684,0.14042761825952957,0.2889791245094013,0.0,0.0,0.7955958034226961,0.16684583387607554,0.2745586707185216,0.09511012484831695,0.5310998982617299,0.0,0.0,0.3068931846435266,0.0,0.0,0.0,0.0,0.0,0.10626355751805212,0.16975337611755414,0.36034247342818326,0.12611582902048168,0.09550895798521657,0.0384758945463948,0.1618966967326886,0.34048779370390153,0.32006200064427776,0.5550415406339709,0.0,0.0,0.0,0.0,0.0,0.1364546892757059,0.0,0.0,0.0,0.0,0.0
gex_possorted_bam_SJSO3:TTTATGGAGATAGACGx-M1,0.0,0.0,0.031191925566868013,0.0,0.0,0.0,0.37084591778287485,0.0,0.13055260934005072,0.0,0.4270007740865708,0.4963765051182682,0.0,0.4893032440818074,0.0,0.7800473464784518,0.6968659290450336,0.0,0.0,0.0,0.0,0.0,0.0,0.0,0.03720324286449287,0.0,1.0,0.0,0.0,0.0,0.0,0.0,0.0,0.0,1.0,0.0,0.8178965219848061,0.0,0.0,0.845858625908469,0.1236893677591871,1.0,0.0,0.0,0.0,0.0,0.0,1.0,0.0,0.0,0.0,0.0,0.0
gex_possorted_bam_SJSO3:TTTAGGATCGTGCTTCx-M1,0.0,0.0,0.0,0.0,0.0,0.0,0.0,0.0,0.0,0.0,0.462934380254442,0.0,0.0,0.0,0.0,0.0,0.4810322985952044,0.2811970516695023,0.0,0.88458892448849,0.3001674744648548,0.4534806272983665,0.05109465355387669,0.5596217142917342,0.0,0.0,0.5173715368834131,0.0,0.0,0.0,0.0,0.01375699092701732,0.03297700312275489,0.0,0.3388692534415172,0.0,0.008896330224696722,0.0,0.0,0.059939376270944617,0.0,0.0,0.0,0.0,0.0,0.0,0.0,0.20756741466556655,0.0,0.0,0.0,0.0,0.5482204805979477
gex_possorted_bam_SJSO3:TTTCGTCCACTGACCGx-M1,0.0,0.04591976482377998,0.45347568672816463,0.0,0.06696141415175169,0.0,0.0,0.047402032173001395,0.0,0.10145073770719146,0.09648641026128624,0.0,0.0,0.0,0.12351154539624434,0.0,0.35772455229536787,0.0,0.0,1.0,0.3731111975301802,0.47467129900765265,0.02858950025690244,0.5409972053760354,0.0,0.0,0.438808510791246,0.0,0.0,0.0,0.6015570427269108,0.0,0.09261858177175264,0.0,0.40116263759414356,0.01444887874154798,0.08455016640676084,0.0,0.05968641634780323,0.38151528705056553,0.00018108608109838637,0.0,0.0,0.0,0.014277752594968824,0.0,0.0,0.12691365351212514,0.0,0.03382358701669973,0.0,0.0,0.6717724662108766
gex_possorted_bam_SJSO3:TTTCACCCATAGCTTGx-M1,0.0,0.7064635317654521,0.7303008351595106,0.2031060984771262,0.0,0.0,1.0,0.028339221075944724,1.0,0.0011582664559678525,1.0,0.8217595758181181,1.0,1.0,0.0,1.0,1.0,0.11249336647331125,1.0,0.0,0.0,0.0,0.0,0.0,1.0,0.31236004072489637,1.0,0.3745506377380831,1.0,0.4212154008345223,1.0,0.15236753297054093,0.0,0.18881621273738247,1.0,0.0,1.0,0.0,0.0,1.0,0.0,1.0,1.0,1.0,0.0,0.12933396343828124,1.0,1.0,0.3700437792184869,0.08529691161066362,0.9490719253031584,0.30021799192701454,0.0
gex_possorted_bam_SJSO3:TTTCCGGGTGGTTATGx-M1,0.36499601986305846,0.1658711909560124,0.3924319550014151,0.25645561959969915,0.8079375830982881,1.0,0.0,0.26292670814798147,0.0,0.42378222709719554,1.0,0.0,0.10750497958637302,0.0,0.3980585142185179,0.053765899629805686,1.0,1.0,0.14062894355132158,1.0,1.0,1.0,0.4523993967453503,0.9517972280067123,0.0,0.17190950295558324,0.23722886930878154,0.2741931931306157,0.11998421136349603,0.41584674379450154,0.8216162751900973,0.4169190685346382,0.4667189018449021,0.1835727680486692,0.17992692844374822,0.402605504913496,0.0,0.26392449423912223,0.371942809532599,0.19581293225747912,0.13148596423641515,0.0,0.0,0.40181611904737274,0.5289721438067397,0.32775929709138507,0.027591605312504038,0.17164865056900694,0.29024323065680663,0.4981573092076987,0.06248015008490377,0.3144376737758052,1.0
gex_possorted_bam_SJSO3:TTTCACCCACAACAGGx-M1,0.008049182607202368,0.0,0.0,0.0,0.059576452299298616,0.0,0.0,0.0,0.0,0.0,0.6045737611022027,0.0,0.0,0.0,0.0,0.0,0.566826790541369,0.4040017082758403,0.0,0.7498123977252004,0.42987411632632283,0.5097016327952649,0.07740790646996434,0.4969293159725196,0.0,0.0,0.4846960488635787,0.0,0.0,0.0,0.0,0.0,0.05729137193573014,0.0,0.4103632722164417,0.0,0.0,0.0,0.0,0.211850665076926,0.0,0.0,0.0,0.0,0.0,0.0,0.0,0.3358223275147772,0.0,0.0,0.0,0.0,0.4494700885465388
gex_possorted_bam_SJSO3:TTTCAGTTCTCATCATx-M1,0.20795246956775434,0.0,0.2847043572307862,0.09875236656728138,0.8330727089695832,0.7395667597367624,0.0,0.06353183028414276,0.0,0.28508693676169466,1.0,0.0,0.0,0.0,0.2599283484849742,0.0,0.9187716078938996,1.0,0.0,1.0,0.8256306288810836,0.9947039574703858,0.36264549883945607,0.7833964354777286,0.0,0.07062702839131799,0.2981797105652839,0.0,0.0,0.27794103083532423,0.30576917058990993,0.3565639515082377,0.33648499423303624,0.06049186995911607,0.16521228528045556,0.2137108521923256,0.0,0.11016901295239794,0.17818855132676384,0.10059631082444076,0.14020955822897965,0.0,0.0,0.0,0.3957362974588058,0.19551426485993578,0.0,0.11578645357003903,0.11469598107625205,0.39817660802893823,0.0,0.17609211234897268,1.0
gex_possorted_bam_SJSO3:TTTATGGAGCCGCAGTx-M1,0.0,0.0,0.0,0.0,0.0,0.0,0.34537921371326286,0.0,1.0,0.0,1.0,0.17540161324384,0.04572728159466075,1.0,0.0,1.0,1.0,0.6440389066425695,0.7190839515995928,0.0,0.0,0.0,0.0,0.0,1.0,0.005902825738037104,1.0,0.0,0.18873660849228707,0.0,0.0,0.0,0.0,0.0,1.0,0.0,1.0,0.0,0.0,0.8443465612149909,0.0,1.0,0.5367442276556812,0.0,0.0,0.0,0.8231152315929657,1.0,0.0,0.0,0.3218406094427093,0.0,0.0
gex_possorted_bam_SJSO3:TTTCGTCCAACATAAGx-M1,0.3669696128355451,0.3149896662749236,0.44788404190764913,0.2324177837394137,0.7079164821722614,1.0,0.0,0.20951917300422646,0.0,0.4456987749912485,1.0,0.0,0.10786507521117143,0.0,0.44906543635895935,0.11433972384923559,1.0,1.0,0.291967318219296,1.0,1.0,1.0,0.42933765338775043,0.9672166608886306,0.0,0.1614936796728455,0.21480283449996365,0.3431248951072727,0.22361197043627135,0.4060378498506504,1.0,0.5039726231845838,0.44877808806287567,0.12755680814237041,0.3047567773619863,0.41027682186999337,0.020346486562346753,0.2805042549716861,0.3744412269678381,0.2840477381094223,0.020750975900613443,0.0,0.05113894589360606,0.5899307042379287,0.5407126633591625,0.32506526670622243,0.02144043852424695,0.13504617464499402,0.3001501462225625,0.44908868212451514,0.062044459014637676,0.3534692008587511,1.0
gex_possorted_bam_SJSO3:TTTAGCTTCTCAATAGx-M1,0.035690083673602886,0.5703186270058881,1.0,0.07133262469685489,0.7889311592119631,0.8380414171182134,0.6034779207735981,0.16997338171484877,0.0,0.8501347100713113,0.33819510285432935,0.0,0.0,0.0,0.5882172400344721,0.16169736164991913,0.7885445768626475,0.07672067516894751,0.0,1.0,0.7142775295848418,0.8194521294736042,0.2877990729770066,0.6458112277537579,0.0,0.008510307628511536,0.23201795813730772,0.32865153112212275,0.0,0.20536985055664408,1.0,0.012863214843957513,0.30113352607818705,0.20828520415711563,0.32616224670447586,0.33599447856072656,0.1601264228332375,0.0012560538366267664,0.36633191491060263,0.799224321125054,0.19648858629445856,0.05284656343530025,0.0,1.0,0.34659646105106884,0.21341475443495547,0.0871949372293415,0.0,0.32507486978920935,0.6487538278678139,0.0,0.1150518934160387,1.0
gex_possorted_bam_SJSO3:TTTACGCGTAGCTGGTx-M1,0.0,0.010260142913912529,0.7843580242529212,0.0,0.0,0.0,1.0,0.0,1.0,0.0,1.0,0.9440472533546997,0.19516079595487143,1.0,0.0,1.0,1.0,0.0,0.61860596812897,0.0,0.0,0.0,0.0,0.0,1.0,0.050671381490479304,1.0,0.2519055597547931,0.24655155955394925,0.0,0.3667972248723514,0.0,0.0,0.0,1.0,0.0,1.0,0.0,0.0,1.0,0.0,1.0,1.0,1.0,0.0,0.0,1.0,1.0,0.0,0.0,0.2752038542628635,0.0,0.0
gex_possorted_bam_SJSO3:TTTCAGTTCCAAGTGTx-M1,0.0,0.002992358740769189,0.2967871681694465,0.0,0.0,0.0,0.6441264835871272,0.0,0.4514929423544152,0.0,0.8434577818602375,0.5080954584782098,0.0,0.8142995698663896,0.0,1.0,1.0,0.18410541735729435,0.21105435589513105,0.0,0.0,0.0,0.0,0.0,0.46114013651422603,0.0,1.0,0.0,0.0,0.0,0.0,0.0,0.0,0.0,1.0,0.0,1.0,0.0,0.0,1.0,0.03994255486418571,1.0,0.20759480341129982,0.16172732966888742,0.0,0.0,0.32235603399439894,1.0,0.0,0.0,0.014158202544479356,0.0,0.0
gex_possorted_bam_SJSO3:TTGTTTGGTTGCTGGGx-M1,0.09520317329138285,0.0,0.0,0.0,0.1502575849615227,0.2848712743194978,0.0,0.0,0.0,0.0,1.0,0.0,0.0,0.0,0.0,0.0,0.9714900358469882,1.0,0.0,0.8153175960122667,0.5860731839820407,0.7581509839425482,0.1650028261612228,0.7260193177904154,0.0,0.0,0.42712710703047574,0.0,0.0,0.0,0.0,0.14392159118413525,0.14698339541032862,0.0,0.19039942945722726,0.0,0.0,0.07822845346186458,0.0,0.0,0.0,0.0,0.0,0.0,0.109428848384822,0.0,0.0,0.39003130196322316,0.0,0.0,0.0,0.0019277932777746845,0.737681806458276
gex_possorted_bam_SJSO3:TTTAAGGTCATCCACCx-M1,0.0,0.0,0.24017791153854934,0.0,0.34755630148985833,0.23859062903685468,0.0,0.0,0.0,0.05746204667333029,0.695530136019084,0.0,0.0,0.0,0.07423898300463619,0.0,0.6793108356943799,0.6929368087888027,0.0,1.0,0.5643781873211579,0.7289700947039432,0.1266118007762837,0.6683264843670098,0.0,0.0,0.4318380929909088,0.0,0.0,0.016655287768880228,0.4142380795086566,0.006158478024476103,0.11738266484980209,0.0,0.21971069134539775,0.03653059708031112,0.0,0.0,0.0,0.2064162216964644,0.0,0.0,0.0,0.0,0.1308306030513703,0.0,0.0,0.11673207113784746,0.0,0.05616395503885412,0.0,0.0,1.0
gex_possorted_bam_SJSO3:TTTAGCTTCATTTGTCx-M1,0.0,0.0,0.36865326550829886,0.0,0.2169746675876954,0.01251319355924464,0.0,0.0,0.0,0.07544610402140345,0.5901854990137384,0.0,0.0,0.0,0.0145701655912933,0.0,0.6090932376608618,0.3000840303801061,0.0,1.0,0.477302215393319,0.5979906442583169,0.10824452789375294,0.5909858124143985,0.0,0.0,0.41321016103038,0.0,0.0,0.0,0.34916321111905546,0.04407214015890618,0.10585750570614699,0.0,0.35341402982264664,0.044373727979323256,0.10088240176846652,0.05680576313775137,0.010268851670631315,0.28491724461467965,0.0,0.0,0.0,0.0,0.07123054296919731,0.01653410188504928,0.0,0.1884763372568071,0.0,0.04329089223392211,0.0,0.0,0.9527658809665318
gex_possorted_bam_SJSO3:TTTACGAAGTGGACAAx-M1,0.04634870420899509,0.0,0.0,0.0,0.19015983040120812,0.08001183863778093,0.0,0.0,0.0,0.0,0.9157913205673444,0.0,0.0,0.0,0.0,0.0,0.8584692366144916,1.0,0.0,0.8311319154367038,0.4635213964360524,0.6662653399527622,0.11981501835565767,0.6439889434200026,0.0,0.0,0.4369926147775327,0.0,0.0,0.0,0.0,0.12780640759404674,0.11389850911771862,0.0,0.22070462591416767,0.0,0.0,0.04384882573176768,0.0,0.0,0.0,0.0,0.0,0.0,0.04171844571893542,0.0,0.0,0.3672444523037464,0.0,0.0,0.0,0.0,0.6919909182161785
gex_possorted_bam_SJSO3:TTTCACCCATGATTGTx-M1,0.0,0.0,0.5891284090791438,0.0,0.7776065331411189,0.4920627743965469,1.0,0.3905058450050725,0.5721560365433129,0.0,1.0,0.0,0.016504972716011958,0.02057362554726537,0.0,0.0,1.0,1.0,0.01803545136382341,1.0,0.620535180956301,0.6580039132060003,0.09380379557806505,0.26186837856707784,0.04243233896686465,0.0,0.995141313433925,0.0,0.0786871607277636,0.0,0.0,0.6206871552516653,0.09867180023803622,0.0,0.5260578575956537,0.0,0.0,0.0,0.07540373932742572,0.2694277022429092,0.8687557724396459,0.0,0.0,1.0,0.0,0.06276655935445638,0.451219094662429,0.5577964352192163,0.0,0.009827139240177715,0.0,0.0,1.0
gex_possorted_bam_SJSO3:TTTACGCGTATTGAGTx-M1,0.0,0.0,0.0,0.0,0.18052741350758655,0.026141055190017203,0.0,0.0,0.0,0.0,0.7327937244305933,0.0,0.0,0.0,0.0,0.0,0.7521371484051346,0.758014578992173,0.0,1.0,0.5556303141926325,0.6389815760381482,0.09435555874093678,0.6506083179465587,0.0,0.0,0.47810900378770926,0.0,0.0,0.0,0.0,0.06056518810561672,0.0996151072829777,0.0,0.22452609378005323,0.0,0.0,0.019126188246593075,0.0,0.0,0.0,0.0,0.0,0.0,0.06785599389614487,0.0,0.0,0.16732661508832,0.0,0.0,0.0,0.0,0.7965895482607549
gex_possorted_bam_SJSO3:TTTAGCAAGACAAGTGx-M1,0.053957749927547996,0.0,0.0,0.0,0.2551715821012954,0.2636317371135158,0.0,0.0,0.0,0.0,1.0,0.0,0.0,0.0,0.0,0.0,0.9294050570323255,1.0,0.0,0.9857191920852011,0.593327463292935,0.7432577401503622,0.15320309810850494,0.6965933144648068,0.0,0.0,0.3812616767025249,0.0,0.0,0.0,0.0,0.17007530759748243,0.13932381278553413,0.0,0.2091359494229482,0.0,0.0,0.076302342211821,0.0,0.0,0.0,0.0,0.0,0.0,0.028418857401394982,0.0,0.0,0.24572438977331115,0.0,0.0,0.0,0.0,0.8501618396141882
gex_possorted_bam_SJSO3:TTTAGGATCTTTGTACx-M1,0.008668761966752783,0.0,0.14123628780829395,0.0,0.43505726427134733,0.17736589862023006,0.0,0.0,0.0,0.0,0.7745664584220713,0.0,0.0,0.0,0.05628537322350026,0.0,0.7895023949902041,0.7124337636841703,0.0,1.0,0.59607280804603,0.7104924655677479,0.1536786356527462,0.743832619165608,0.0,0.0,0.40578501989244614,0.0,0.0,0.039886166919329585,0.11202477042600026,0.24583141741210382,0.13250723059677177,0.0,0.21942895400798243,0.016012210390693234,0.0,0.0,0.0,0.13773680691821807,0.0,0.0,0.0,0.0,0.08054136724164003,0.0,0.0,0.271053366127643,0.0,0.04398209429670799,0.0,0.0,1.0
gex_possorted_bam_SJSO3:TTTACGAAGCGGATTTx-M1,0.32948658711431517,0.26686647091492127,0.9405496357037267,0.3153160926145485,0.5059439187804319,0.8267764758906438,0.561309594639327,0.2818749479089779,0.2518498173689159,0.49913583824323515,0.9909037108331369,0.0,0.4630457972770116,0.4593980518075884,0.3751881154551479,0.6130010642130896,0.975020224305672,0.8578216967396695,0.32867793086361485,1.0,0.6406613855816693,0.6619658660174281,0.370075783553528,0.6144861513516603,0.4612829779711094,0.22153425841182414,0.5189342884055406,0.37194238094931326,0.25452309817952534,0.340834199100076,1.0,0.6053722348424538,0.3658439230281689,0.2328192069699992,0.6349629853330143,0.3860236897304093,0.8442559604865588,0.21936532586341762,0.33380168425376205,0.7324834112083677,0.30347538347616415,0.6351970649860378,0.5926147547287175,1.0,0.4308245270458542,0.3274896826616268,0.5645453101935097,0.9386128955005929,0.37888404976586515,0.5342007186237018,0.32069450231792507,0.3291965619471841,1.0
gex_possorted_bam_SJSO3:TTTAGGATCTAATCTCx-M1,0.0,0.0,0.45548328116992615,0.0,0.0,0.0,0.5705111992825459,0.0,0.7097351208190442,0.0,0.9588857776824271,0.5412876413993691,0.0,0.8449405292992658,0.0,1.0,0.9390582173648182,0.0,0.33566508463498784,0.0,0.0,0.0,0.0,0.0,0.7438354319344943,0.0,1.0,0.0,0.0,0.0,0.0,0.0,0.0,0.0,1.0,0.0,1.0,0.0,0.0,1.0,0.0,1.0,0.9407539665737581,1.0,0.0,0.0,0.7873060680586016,1.0,0.0,0.0,0.10392448690589516,0.0,0.0
gex_possorted_bam_SJSO3:TTTAGCAAGAGAGCCGx-M1,0.0,0.0415798213944423,0.5140579974945269,0.0,0.5142572564401588,0.36380104102233657,0.0,0.027898602759490666,0.0,0.2840931814769269,0.502257951959233,0.0,0.0,0.0,0.1552837883172136,0.0,0.6108680291974549,0.36376935939389593,0.0,1.0,0.5998782218484467,0.7678094319187279,0.17318030045756314,0.5858319616388105,0.0,0.0,0.3463941873722829,0.00023372894447477055,0.06642199719070516,0.12158609239679949,0.904924073410662,0.049636613333830515,0.16070995242479688,0.0,0.2471526655477634,0.12530186893250325,0.0,0.0,0.07245316832350766,0.343280864435886,0.0,0.0,0.0,0.0,0.18210070206318874,0.08506030251509092,0.0,0.09776635402556168,0.07294257298914372,0.3493581736171151,0.0,0.02557540686292712,1.0
gex_possorted_bam_SJSO3:TTTAAGCCAATGCCCGx-M1,0.0,0.0,0.21386673170628162,0.0,0.0,0.0,0.908347154666288,0.0,1.0,0.0,1.0,0.4242026274516161,0.21562540358202043,1.0,0.0,1.0,1.0,0.5497287979851739,0.817047139879924,0.0,0.0,0.0,0.0,0.0,1.0,0.057087884288666985,1.0,0.045864221447097835,0.0009705580276827813,0.0,0.0,0.0,0.0,0.0,1.0,0.0,1.0,0.0,0.0,1.0,0.0,1.0,1.0,1.0,0.0,0.0,1.0,1.0,0.0,0.0,0.26260648217829635,0.0,0.0
gex_possorted_bam_SJSO3:TTTAAGCCAAACCCTAx-M1,0.0,0.0597314888179057,0.8024538375969331,0.0,0.0,0.0,1.0,0.0,1.0,0.0,1.0,1.0,0.31892892647956406,1.0,0.0,1.0,1.0,0.08893438502069755,0.750838616955755,0.0,0.0,0.0,0.0,0.0,1.0,0.08149188707207661,1.0,0.11949954236073417,0.10291703951665944,0.0,0.10211578415552776,0.0,0.0,0.0,1.0,0.0,1.0,0.0,0.0,1.0,0.0,1.0,1.0,1.0,0.0,0.0,1.0,1.0,0.013711962038740729,0.0,0.34198713310763534,0.00472495506275539,0.0
gex_possorted_bam_SJSO3:TTGTTTGGTTCATTTGx-M1,0.0,0.5865134430429895,1.0,0.10758172216279922,0.0,0.0,1.0,0.0,1.0,0.4344125426233908,0.6459454915455816,1.0,0.7362405769241901,1.0,0.0,1.0,0.9782675848976846,0.0,0.6415462995447228,0.0,0.0,0.0,0.0,0.0,1.0,0.21379228778369633,1.0,0.613750232052584,0.4736213021732625,0.1670258179946202,1.0,0.0,0.0,0.14898760879685047,1.0,0.0,1.0,0.0,0.0,1.0,0.20938735708182094,1.0,1.0,1.0,0.0,0.027288812512763484,1.0,1.0,0.34623111599942846,0.0,0.4126600012798063,0.16177072373073084,0.0
gex_possorted_bam_SJSO3:TTTAGCTTCAGGCTATx-M1,0.0,0.0,0.0,0.0,0.18571006155000494,0.05772386061195956,0.0,0.0,0.0,0.0,0.8375760682820297,0.0,0.0,0.0,0.0,0.0,0.756351582327217,0.9924955327403172,0.0,1.0,0.5463713890340205,0.6737057734575843,0.10221930528170298,0.7074908323240187,0.0,0.0,0.4026798809190094,0.0,0.0,0.0,0.0,0.08103732056133854,0.0884598816497608,0.0,0.2215353778606182,0.0,0.0,0.05074896322025203,0.0,0.0,0.0,0.0,0.0,0.0,0.0,0.0,0.0,0.12352232206936962,0.0,0.0,0.0,0.0,0.7079307553306875
gex_possorted_bam_SJSO3:TTTAGCTTCCTAATGAx-M1,0.0,0.0,0.0305298340797583,0.0,0.0,0.0,0.0,0.0,0.0,0.0,1.0,0.0,0.3945385195362084,1.0,0.0,1.0,0.8741580362532161,0.34502062672859896,0.769042449379986,0.0,0.0,0.0,0.0,0.0,1.0,0.0,1.0,0.0,0.5393842397335066,0.0,0.0,0.1243085293258198,0.0,0.053301641566210665,1.0,0.0,1.0,0.0,0.0,1.0,0.06482448635757178,0.2404272555966598,0.5776079425294302,0.26596617406711304,0.0,0.0,0.9331838511356193,1.0,0.0,0.0,0.4572800192331316,0.0,0.0
gex_possorted_bam_SJSO3:TTTAGCAAGGCATGTTx-M1,0.0,0.2366764913489037,0.14062126194623317,0.0,0.0,0.0,0.4677574316504073,0.09606676338960521,0.0,0.06115430110206675,0.0,0.6051245727987012,0.0,0.0,0.2712059157190223,0.005616939630399471,0.5706799522013676,0.0,0.0,1.0,0.19255306501082747,0.2673501409665853,0.00804842973680738,0.5154015921512755,0.0,0.0,0.33616420730398633,0.0,0.0,0.0,0.4163526032455352,0.0,0.06122799671859295,0.13215797191160464,0.5192047221910238,0.08808812087925189,0.03141103284323107,0.0,0.165591462486389,0.5673314819405295,0.06251076681345329,0.7005348045773228,0.0,0.0,0.0,0.0,0.0,0.08707706835821365,0.0,0.0,0.0,0.0,0.26177958981812816
gex_possorted_bam_SJSO3:TTGTTTGGTTAGCATGx-M1,0.0,0.0,0.0,0.0,0.0,0.0,0.0,0.0,0.7269530966561994,0.0,0.20985198103842875,0.3958080581472287,0.0,0.0,0.0,0.0,0.46004466513066583,0.0,0.0,0.3411160580326439,0.01653700478021637,0.148646990004502,0.0536931449549323,0.38659912914541844,0.21908999994436734,0.0,0.5164673085013669,0.0,0.0,0.0,0.0,0.0,0.0,0.07743714943454294,0.4488092629108506,0.004302794555108425,0.5608144957585489,0.0014119523121067141,0.0,0.3513182014918883,0.2584291100967792,0.7988019207940928,0.0,0.0,0.0,0.0,0.0,0.4670666941865055,0.0,0.0,0.0,0.0,0.21581305007415189
gex_possorted_bam_SJSO3:TTTAGCTTCCCTGTTAx-M1,0.00959099675981706,1.0,1.0,0.19184434244070128,0.0,0.41093056848136106,1.0,0.5651373324486456,0.29901459294120425,1.0,0.0,1.0,0.0030872754477991662,0.07291810234517548,0.7015634881215008,0.6031794609336928,0.34361717679628256,0.0,0.0,1.0,0.33657692666981254,0.3245574939521815,0.19026068440626737,0.5651954507873028,0.0,0.0,0.08656573682490815,0.5662008819331686,0.49925145880561805,0.10357688584876863,1.0,0.0,0.22103013742223288,0.4974889117356395,0.5752210563954225,0.538503903771596,0.5844584849718976,0.11734360272147114,0.5269104912909697,1.0,0.6144133018383308,0.8715363503211876,0.0,1.0,0.22549630340619448,0.3191758010093187,0.0,0.0,0.47825533475044024,0.5730805900456696,0.15709532743999993,0.13072026372582868,1.0
gex_possorted_bam_SJSO3:TTTAAGCCATCAGTATx-M1,0.0,0.18630199827546134,1.0,0.03864418922742228,0.0,0.0,1.0,0.0,1.0,0.2715466039757494,0.9271056501417184,1.0,0.6972781205357499,1.0,0.0,1.0,1.0,0.0,0.6466812429877096,0.0,0.0,0.0,0.0,0.0,1.0,0.18571304819657042,1.0,0.6416026613645665,0.03694958359709069,0.16519452371217905,1.0,0.0,0.0,0.06392888094279753,1.0,0.0,1.0,0.0,0.0,1.0,0.045724826416156654,1.0,1.0,1.0,0.0,0.0,1.0,1.0,0.3146496681981164,0.0,0.3795966379606757,0.1245527396554689,0.0
gex_possorted_bam_SJSO3:TTTAAGCCATTAGCGCx-M1,0.0,0.0,0.36676936737006877,0.0,0.0,0.0,0.8955565624211448,0.0,1.0,0.0,1.0,0.6194086770826637,0.12737354844529622,1.0,0.0,1.0,1.0,0.0,0.5544190374453546,0.0,0.0,0.0,0.0,0.0,1.0,0.014549673411285179,1.0,0.0,0.13648396734902826,0.0,0.0,0.0,0.0,0.0,1.0,0.0,1.0,0.0,0.0,1.0,0.0,1.0,0.8056264782584706,0.8668682830745529,0.0,0.0,0.8914517439647694,1.0,0.0,0.0,0.24800588722774694,0.0,0.0
gex_possorted_bam_SJSO3:TTTAACCTCGATATTGx-M1,0.5705396726549139,0.39240544689495593,0.22206213218442653,0.40863310425098104,0.8914020088074603,1.0,0.0,0.4030971048686903,0.0,0.6794845590540807,1.0,0.0,0.2509959573462137,0.003200571665216817,0.6259087914289406,0.13328779908277266,1.0,1.0,0.6080271819952994,1.0,1.0,1.0,0.6003795969435095,1.0,0.09663998511635971,0.315437303303213,0.07423433737871181,0.524104006109385,0.4261840494517951,0.5622330713464678,1.0,0.6351287922306715,0.5851626525318768,0.44469825625273407,0.1348027000711816,0.6658352060977438,0.0,0.4688745910595046,0.5630581929020075,0.24636481786938844,0.07427062166414694,0.09199783861277018,0.1404371194274914,0.23614274659046908,0.7351867786974859,0.5163299757070846,0.0,0.08825287415917427,0.4629478576085447,0.6108485957136534,0.18469643194523205,0.5847548757553414,1.0
gex_possorted_bam_SJSO3:TTTGTCTAGTTATCCTx-M1,0.0,0.6133707717252567,0.619673037810726,0.008359560974781887,0.0,0.16806936521556484,0.8981274542623879,0.14217671462166948,0.0,0.3709038697790683,0.021161616521402252,0.5430965832893887,0.0,0.0,0.46415328900653524,0.30615125504166757,0.7567639591959332,0.0,0.0,1.0,0.3492245729257001,0.3642440208519541,0.05191772087025281,0.626929493659425,0.0,0.0,0.14961792745781669,0.12087710167390936,0.0,0.0,1.0,0.0,0.10934416415204101,0.16520836724318158,0.456791892101989,0.17105673792478815,0.12325204681755017,0.0,0.293693064536857,0.8319828199525197,0.18229859264070578,0.7864446918031646,0.0,0.0,0.03390101181151086,0.0,0.0,0.0,0.054872082899336184,0.026330100733247836,0.0,0.0,0.47055603002578056
gex_possorted_bam_SJSO3:TTTGTCTAGTATTGCAx-M1,0.0,0.0,0.0,0.0,0.0,0.0,0.4529692197683107,0.0,1.0,0.0,1.0,0.17467918390087223,0.13142330680126083,1.0,0.0,1.0,1.0,0.7929359296467114,0.7231885309872549,0.0,0.0,0.0,0.0,0.0,0.9872682532048515,0.0,1.0,0.0,0.026838339885215244,0.0,0.0,0.0,0.0,0.0,1.0,0.0,1.0,0.0,0.0,0.9619833905502232,0.0,1.0,0.6130865935051363,0.06066187009272739,0.0,0.0,0.7536250179528702,1.0,0.0,0.0,0.21619099766077218,0.0,0.0
gex_possorted_bam_SJSO3:TTTGACTTCGCGCTAAx-M1,0.05332838322335337,0.29382016613787654,1.0,0.1894413085943584,1.0,1.0,1.0,0.6050906879706938,0.8694269690643841,0.37675467133416335,1.0,0.0,0.18315719127763533,0.0,0.0,0.0,1.0,1.0,0.40002890011948783,1.0,0.8567229399708659,0.9574152820682998,0.2489819210936336,0.21877813334729776,0.32154694929932937,0.13946926746322072,0.9697588228237313,0.043983053898323084,0.565377530345455,0.0,0.6765399847925149,0.8665568897396018,0.22801431861267743,0.12202657504332737,0.5610855600337408,0.19181081779534298,0.0,0.07967507156299973,0.3925775622477106,0.7443904318276088,1.0,0.0,0.03763573690814396,1.0,0.0673053036645213,0.2787378190722986,0.881859045776031,0.20244233286219668,0.2664105134060878,0.3656876269583692,0.0,0.04593765614195218,1.0
gex_possorted_bam_SJSO3:TTTGCGGAGTTTGTCTx-M1,0.13595189295888213,0.0,0.0,0.006896107776905809,0.41522967785278725,0.40859177937946045,0.0,0.0,0.0,0.0,0.9222374487965265,0.0,0.0,0.0,0.0,0.0,0.8373146877573321,1.0,0.0,1.0,0.7583096623396388,0.8719545706157609,0.24519731512337903,0.7920035824532925,0.0,0.0,0.353198625267908,0.0,0.0,0.079371073051552,0.0,0.07228857861496206,0.22711296353304897,0.0,0.2116958756965582,0.09098807857409522,0.0,0.062451682976489446,0.046509111501228835,0.0,0.0,0.0,0.0,0.0,0.21838195444281489,0.03662384975815631,0.0,0.3097015293694922,0.0,0.00885216453172639,0.0,0.03540498883511866,1.0
gex_possorted_bam_SJSO3:TTTGTCTAGCCGCTAAx-M1,0.05934525445230416,0.0,0.0,0.0,0.13010180052679904,0.07114741824172999,0.0,0.0,0.0,0.0,0.8921031817240545,0.0,0.0,0.0,0.0,0.0,0.761380414487611,0.9358568701110567,0.0,0.9075121028382772,0.517047105521767,0.688557134908848,0.13966147563070636,0.6809234942103661,0.0,0.0,0.411949924144028,0.0,0.0,0.0,0.0,0.0912064902892884,0.13044322991364254,0.0,0.24379084061769524,0.0,0.0,0.10805016860841472,0.0,0.0,0.0,0.0,0.0,0.0,0.058549772865761705,0.0,0.0,0.3253784455569258,0.0,0.0,0.0,0.0,0.7723142462786704
gex_possorted_bam_SJSO3:TTTGGCTGTTAGCGTAx-M1,0.0,0.4067079037648007,0.8025864498960726,0.1795421668422146,0.0,0.0,1.0,0.0,1.0,0.0,1.0,0.6558910010516609,0.7958745715007532,1.0,0.0,1.0,1.0,0.6592250587008124,1.0,0.0,0.0,0.0,0.0,0.0,1.0,0.23318140296932932,1.0,0.5070109481282657,0.637409767641392,0.17416380113665889,0.9217317137455531,0.0,0.0,0.024655830633858088,1.0,0.0,1.0,0.0,0.0,1.0,0.0,1.0,1.0,1.0,0.0,0.06441097182574064,1.0,1.0,0.2252223210564869,0.0,0.7178826754252232,0.19972549901973924,0.0
gex_possorted_bam_SJSO3:TTTGTGAAGGTCGAGGx-M1,0.0,0.3156018694479956,0.22107995807166192,0.0,0.0,0.0,0.16951988553884587,0.0,0.0,0.0,1.0,0.0,0.6063756864054791,1.0,0.0,1.0,0.7956821215135876,0.1752685645885524,0.8462992978924587,0.0,0.0,0.0,0.0,0.0,1.0,0.0,1.0,0.0,0.8511983432628805,0.13770652151311844,0.017228487099768156,0.3812632976663679,0.0,0.17204965701387115,1.0,0.0,1.0,0.0,0.0,1.0,0.10956480871670256,0.0,0.6747013058403386,0.6213469970210563,0.0,0.0,1.0,1.0,0.0,0.0,0.41723676047241204,0.0,0.0
gex_possorted_bam_SJSO3:TTTGCATTCTTAAGTGx-M1,0.034252508785806116,0.0,0.0,0.0,0.1766983449700504,0.15806684756397782,0.0,0.0,0.0,0.0,1.0,0.0,0.0,0.0,0.0,0.0,0.9798967785932996,1.0,0.0,0.7709800452674197,0.5110482910271406,0.6580375011586225,0.11018359502698616,0.6069012653947938,0.0,0.0,0.5012671333062111,0.0,0.0,0.0,0.0,0.0994068924988149,0.09746572624812562,0.0,0.2791289064217552,0.0,0.0,0.02567248276569523,0.0,0.0,0.0,0.0,0.0,0.0,0.01490368391406572,0.0,0.0,0.37121675500633516,0.0,0.0,0.0,0.0,0.7288429428566839
gex_possorted_bam_SJSO3:TTTGGTGCATGCTATGx-M1,0.0,0.20217868588817461,0.3145241591698048,0.0,0.0,0.0,0.0,0.05933928157780486,0.0,0.16488539313391465,0.0,0.0,0.0,0.0,0.17458849218156364,0.020249848320704845,0.22153864850027447,0.0,0.0,1.0,0.27368257872130225,0.4144430671631873,0.007000542047572117,0.5472266328472981,0.0,0.0,0.2291344057094608,0.0,0.0,0.0,0.7996957013852314,0.0,0.020706557412489807,0.02248459492119194,0.29288726911673113,0.07153300174736872,0.03921951811060978,0.0,0.06729433030828418,0.5005016970550358,0.0,0.09132081158610256,0.0,0.0,0.0,0.0,0.0,0.0,0.0,0.0,0.0,0.0,0.5920522929897688
gex_possorted_bam_SJSO3:TTTCTCACAATAACGAx-M1,0.1262333185660637,0.17057310371604903,1.0,0.11103669019789476,0.9511450026653319,1.0,0.9102385831475546,0.45767169038441285,0.3114061632664632,0.42489459518858735,1.0,0.0,0.25154467867105895,0.095416633788679,0.10883133491310278,0.0,1.0,1.0,0.12546664596653276,1.0,0.9343521131554525,0.9215457894643712,0.3343910457087191,0.5123546921626474,0.1433409693377429,0.20075731756509815,0.5852945777964492,0.11431843689220916,0.1194302451664442,0.08549419954035653,0.25434178772781046,0.5439040139308051,0.36900954814667086,0.059222616659466716,0.364363173818479,0.17550214845414963,0.0,0.11336417770995401,0.3311125952701987,0.2748108403261222,1.0,0.0,0.0,1.0,0.29870576643666563,0.214166899573259,0.6730545639632242,0.2906027457617557,0.2289202434031718,0.49575181745458724,0.0,0.010529072347321748,1.0
gex_possorted_bam_SJSO3:TTTGACTTCATAGCCGx-M1,0.0,0.0,1.0,0.0,0.49942240825391604,0.5713741600462194,1.0,0.33210012706492065,0.4648711601375085,0.0,1.0,0.0,0.04039471917043558,0.23196610486900943,0.0,0.020093892596151047,1.0,1.0,0.15371037467489881,1.0,0.5241247315743476,0.5057220976086382,0.034927818939471965,0.23919983863209834,0.0891169788292389,0.0,0.9342243401727021,0.0,0.0,0.0,0.0,0.5553136631503922,0.08409729137532072,0.0,0.7046537853762549,0.0,0.11678254235718943,0.0,0.06760196215587715,0.5281082273446719,0.7328686641717481,0.14652667021957588,0.0,1.0,0.010957417657267668,0.0,0.6175056479587095,0.7791978948838412,0.0007926363516423691,0.03797028820553174,0.0,0.0,1.0
gex_possorted_bam_SJSO3:TTTCTTGCATTTAAGCx-M1,0.0,0.0,0.6208991791877257,0.0,0.8542445702582235,0.45789402017884356,0.9944107086551681,0.36271350214824566,0.6537074531079359,0.0,1.0,0.0,0.0,0.02510318520929256,0.0,0.0,1.0,1.0,0.06641219275781525,1.0,0.6065557637967344,0.6700747969792945,0.07855288140562837,0.23469840701101852,0.0,0.0025419943650198903,1.0,0.0,0.05411781484746367,0.0,0.0,0.6978364024516466,0.09056091889625868,0.0,0.5067286487204784,0.0,0.0,0.0,0.05706458660645841,0.2402026081081863,0.8739583330192624,0.0,0.0,1.0,0.0,0.05731980731573545,0.49064527477120323,0.5748877211732113,0.0,0.0,0.0,0.0,1.0
gex_possorted_bam_SJSO3:TTTGTCCCATCCCGCTx-M1,0.1881685252331298,0.13238138357875198,0.5516489120925769,0.04717102808215512,0.6233029910869556,0.9396535076174478,0.0,0.14322979724431156,0.0,0.4438514446260689,0.8679489733222029,0.0,0.012453787151778377,0.0,0.20709351895427006,0.0,1.0,1.0,0.0,1.0,1.0,0.9834455781510053,0.3467586220060603,0.840433019614669,0.0,0.04900023095806305,0.33209712053527823,0.09134016826571054,0.0,0.2642036918758183,0.9373573666416619,0.2228971839305352,0.3347323887643685,0.14750739853773104,0.12820708306479947,0.2987822454246068,0.0,0.06994871425814836,0.24694795583626777,0.2568771402071282,0.0,0.0,0.0,0.3036568663979137,0.46798486932967204,0.17196567308821878,0.0,0.2834480060595459,0.20715019192414702,0.3482556216218719,0.0,0.15103905510866353,1.0
gex_possorted_bam_SJSO3:TTTGGCTGTTAATGACx-M1,0.0,0.0,0.0,0.0,0.0,0.0,0.0,0.009756041145979067,0.0,0.0,0.08192986980754183,0.13155417436951422,0.0,0.0,0.030567453350766896,0.0,0.3753392563001484,0.0,0.0,0.7503634224987844,0.1363928453351556,0.19040381998398787,0.0,0.38253982862671304,0.0,0.0,0.49990467514812414,0.0,0.0,0.0,0.0,0.0,0.0,0.030391859506411163,0.5268167771043165,0.0,0.1698273648241503,0.0,0.0,0.4243881447054702,0.03154902392068149,0.3390362145168297,0.0,0.0,0.0,0.0,0.0,0.34792302912454726,0.0,0.0,0.0,0.0,0.11505227905896943
gex_possorted_bam_SJSO3:TTTGACCGTTGTCATCx-M1,0.0,0.5109238158770586,1.0,0.003845956207039022,0.0,0.0,1.0,0.0,0.7705578627191904,0.12133185915660213,1.0,1.0,0.1080607125292784,1.0,0.0,1.0,1.0,0.4350932628943886,0.9605451591476316,0.0,0.0,0.0,0.0,0.0,0.9638725737486651,0.020640715541831223,1.0,0.2665090514926533,0.02836149914725566,0.0,0.4535928416658132,0.0,0.0,0.09475517750551096,1.0,0.0,1.0,0.0,0.0,1.0,0.2082949829681967,1.0,0.8482131525044574,1.0,0.0,0.0,0.7019853284395338,1.0,0.09582233706046757,0.0,0.15869733388546386,0.0,0.0
gex_possorted_bam_SJSO3:TTTGTGGCAGAAACGTx-M1,0.0,0.0,0.0,0.0,0.01051629279859142,0.0,0.0,0.0,0.0,0.0,0.44749023740341887,0.0,0.0,0.0,0.033606300743376734,0.0,0.7049528469477607,0.5001990381500477,0.0,1.0,0.44652456914934424,0.49970545633547164,0.08702061956196555,0.5882673132227177,0.0,0.0,0.371945788863077,0.0,0.0,0.0,0.0,0.0,0.0874555371960592,0.0,0.2885254537690745,0.0,0.0,0.009422938510938037,0.020800207501711205,0.11062309579723925,0.00994801057950068,0.14383525391984853,0.0,0.0,0.0,0.0,0.0,0.2189236213111492,0.0,0.0,0.0,0.0,0.4963508255705707
gex_possorted_bam_SJSO3:TTTGTGTTCCCGTTGTx-M1,0.01496893233522275,0.0,0.0,0.0,0.1480141751220741,0.18886739878367895,0.0,0.0,0.0,0.0,0.7616794041993328,0.0,0.0,0.0,0.0,0.0,0.742732186387592,0.9034525584481066,0.0,1.0,0.5237933936068809,0.694833934855045,0.10417375257278631,0.6630245791802503,0.0,0.0,0.40011986266628546,0.0,0.0,0.0,0.053609147597775256,0.0,0.1243857442302864,0.0,0.20008296789159913,0.0031342838201454787,0.0,0.00034703044994167297,0.0,0.09140497421505175,0.0,0.0,0.0,0.0,0.04260878945395269,0.0,0.0,0.11645769369557063,0.0,0.0,0.0,0.0,0.9582980086973913
gex_possorted_bam_SJSO3:TTTCTTGCAAGCTTTGx-M1,0.023431766144047284,0.0,0.4422037221353454,0.04148389810500612,0.33694249048343494,0.0,0.0,0.0,0.3678711519752972,0.0,0.777219730550424,0.0,0.0,0.18403419717355635,0.0,0.06885602117584917,0.8557340660795005,0.6553443218990567,0.0,0.6349355866221466,0.420912545552145,0.36622229726147654,0.09725945613358696,0.21305032108890712,0.12925947996635137,0.018959414649517635,0.8517331102748065,0.0,0.0,0.0,0.0,0.17034490517424322,0.06918736484658981,0.0,0.587647524487714,0.0,0.683247551327209,0.002754408942498036,0.0,0.15117265886121975,0.1793537763283173,0.21593120348872707,0.0,0.0,0.0,0.0,0.375785468020332,1.0,0.0,0.0,0.0,0.0,0.7445270568284252
gex_possorted_bam_SJSO3:TTTGTGAAGGTTTGACx-M1,0.0,0.26751472117416425,1.0,0.0776122638507962,0.0,0.0,1.0,0.0,1.0,0.08337203074398139,1.0,0.7939195222071332,0.8366309994072821,1.0,0.0,1.0,1.0,0.3895375469028015,1.0,0.0,0.0,0.0,0.0,0.0,1.0,0.2199697850145316,1.0,0.6106003956690023,0.19635952521297628,0.25255958547647744,1.0,0.0,0.0,0.04192843579981795,1.0,0.0,1.0,0.0,0.0,1.0,0.0,1.0,1.0,1.0,0.0,0.03832328434985042,1.0,1.0,0.2711524019629275,0.0,0.5491530620987026,0.15440058041197913,0.0
gex_possorted_bam_SJSO3:TTTGTGAAGTCATCCCx-M1,0.0,0.685157288474048,1.0,0.2696980203220272,0.0,0.011001518343813356,1.0,0.021483775461901666,1.0,0.4043486672417378,1.0,1.0,1.0,1.0,0.0,1.0,1.0,0.571604591496542,1.0,0.0,0.0,0.0,0.0,0.0,1.0,0.4242599805857844,1.0,1.0,0.5652283016692679,0.5284345929406283,1.0,0.0,0.0,0.23966773580671072,1.0,0.0,1.0,0.0,0.0,1.0,0.08228396759531227,1.0,1.0,1.0,0.0,0.16140678624744095,1.0,1.0,0.5394379984941539,0.019321883840064915,0.8271726687478633,0.33322839427578554,0.0
gex_possorted_bam_SJSO3:TTTGTCTAGGAGCAACx-M1,0.0,0.0,0.0,0.0,0.0,0.0,0.0,0.0,0.0,0.0,0.2087647645461355,0.0,0.0,0.0,0.0,0.0,0.31968898277256863,0.0,0.0,0.6152832402485007,0.17922740889858674,0.2866913498446497,0.0012850282093723592,0.4141955540771968,0.0,0.0,0.5269473975419429,0.0,0.0,0.0,0.0,0.0,0.0045004411915343144,0.0,0.4710441206311825,0.0,0.09199427147927906,0.0,0.0,0.3301162282623596,0.0,0.06459539440579963,0.0,0.0,0.0,0.0,0.0,0.32605099849318603,0.0,0.0,0.0,0.0,0.3157984497123596
gex_possorted_bam_SJSO3:TTTGCATTCATTTGTCx-M1,0.0,0.0825680199871033,0.0,0.0,0.0,0.0,0.06258323981625931,0.057451266676878464,0.0,0.0,0.18054849830703218,0.16640454090199286,0.0,0.07915353115661136,0.13641448914925974,0.0,0.8029088656613671,0.20631424968305218,0.0,1.0,0.3704065394428646,0.2897686240639698,0.024300610494996336,0.5695203421411973,0.0,0.0,0.29551796741505126,0.0,0.0,0.0,0.0,0.0,0.07991930775339318,0.0,0.40335061265298,0.0,0.0,0.012072813423035277,0.1255538108046119,0.265584905908214,0.208379827978325,0.533433858976371,0.0,0.0,0.0,0.0,0.0,0.12421666766372456,0.0,0.0,0.0,0.0,0.012009669011217286
gex_possorted_bam_SJSO3:TTTGGTAAGCAAACCTx-M1,0.0,0.06847402844641134,0.09766443160958958,0.0,0.0,0.0,0.8586681135305503,0.0,0.4919604950259038,0.0,1.0,0.7892912650946474,0.0,1.0,0.0,1.0,1.0,0.6801516470631936,0.742261429357319,0.0,0.0,0.0,0.0,0.0,0.6652382594230354,0.0,1.0,0.0,0.006659757312449946,0.0,0.0,0.0,0.0,0.0,1.0,0.0,1.0,0.0,0.0,1.0,0.06934900719763083,1.0,0.39576531728074027,0.1957276248985893,0.0,0.0,0.39797099387562535,1.0,0.0,0.0,0.021085001068714204,0.0,0.0
gex_possorted_bam_SJSO3:TTTGCATTCGGCCATAx-M1,0.0,0.0,0.45144834856992716,0.0,0.0,0.0,0.8389244438623747,0.0,1.0,0.0,0.9756843294303763,0.7749871068477466,0.1365480384254499,1.0,0.0,1.0,1.0,0.0,0.45299398924827655,0.0,0.0,0.0,0.0,0.0,1.0,0.02535799694796395,1.0,0.0,0.03862939188983648,0.0,0.0,0.015410599803070356,0.0,0.0,1.0,0.0,1.0,0.0,0.0,1.0,0.0,1.0,0.8495867976675008,1.0,0.0,0.0,1.0,1.0,0.0,0.0,0.21994156405395138,0.0,0.0
gex_possorted_bam_SJSO3:TTTGGTAAGGTAAGGCx-M1,0.18803204435198806,0.0,0.944583254750429,0.11342569596358627,1.0,0.9585931595403728,0.0,0.025730470744674192,0.0,0.40951546442574915,1.0,0.0,0.028945325080617878,0.0,0.3804416945339107,0.0,1.0,1.0,0.0,1.0,0.8789115050958487,0.967477735874605,0.39286766579177906,0.6525545652815418,0.0,0.12149842901837297,0.47777811945577536,0.15581687560968183,0.0057520136507815895,0.28120638268271664,0.6064811456466156,0.3547662605310196,0.3426610941469027,0.07482959614688049,0.34240058420911706,0.19265564002644903,0.02213618759740192,0.103411446061191,0.22157358051309553,0.2738783258888115,0.23181866101779547,0.0,0.0,0.5079862041520493,0.39607169077127435,0.19012887667888387,0.1662830549204428,0.33750587599313003,0.18243446936548594,0.5120891751969138,0.0,0.17317657260852037,1.0
gex_possorted_bam_SJSO3:TTTGCATTCGGTCAATx-M1,0.0,0.0,0.0,0.0,0.0,0.0,0.474076687167824,0.0,1.0,0.0,1.0,0.2363392511819322,0.21963629063995038,1.0,0.0,1.0,0.9433130285974357,0.30429105829526515,0.6746450042965004,0.0,0.0,0.0,0.0,0.0,1.0,0.0,1.0,0.0,0.28351658374813904,0.0,0.0,0.0,0.0,0.0,1.0,0.0,1.0,0.0,0.0,1.0,0.0,1.0,0.7995769706732423,0.41490839122254464,0.0,0.0,0.9701374741300642,1.0,0.0,0.0,0.32215341290618604,0.0,0.0
gex_possorted_bam_SJSO3:TTTGTCTAGTCATCCCx-M1,0.0,0.9712747686314107,1.0,0.05348205318683407,0.020917022972126314,0.2011360037934959,1.0,0.2906649550944136,0.023036748781725788,0.8943231031241209,0.0,0.7084610120199619,0.0,0.0,0.660536369272496,0.4118809309546259,0.3347437176231517,0.0,0.0,1.0,0.38935365694173946,0.39903138090229556,0.09215008530208604,0.6537595319992741,0.0,0.0,0.07684227483557966,0.3169077038684588,0.08460333505108245,0.025484607304563367,1.0,0.0,0.1664524562707343,0.3076445132999779,0.5020950643457868,0.34807587426961273,0.45267881301831214,0.0,0.3950882366779043,1.0,0.23973491182044082,0.6575213020702638,0.0,0.6823350620221414,0.11405620266468039,0.14153540552728885,0.0,0.0,0.28315896564033355,0.3917760203166512,0.0,0.0,1.0
gex_possorted_bam_SJSO3:TTTGACTTCCTAGTAAx-M1,0.05143798591582827,0.0,0.0,0.0,0.1597726977137254,0.16828409482433754,0.0,0.0,0.0,0.0,1.0,0.0,0.0,0.0,0.0,0.0,0.9438284202395326,1.0,0.0,0.7865350649015052,0.5987743258582847,0.6871381897103552,0.1298958306715113,0.6822795470267907,0.0,0.0,0.43969854159766864,0.0,0.0,0.0,0.0,0.10169313081721375,0.12115456064955386,0.0,0.21694469687991058,0.0,0.0,0.070918677760142,0.0,0.0,0.0,0.0,0.0,0.0,0.019497555087990958,0.0,0.0,0.3798037187010152,0.0,0.0,0.0,0.0,0.5819540333002196
gex_possorted_bam_1WGCZ:AAATGGCCATTGTCAGx-M2,1.0,1.0,0.16741350541280323,0.9089419089231697,0.8318491930981121,1.0,0.876541376977119,1.0,0.35146388616761653,1.0,0.31615583923826335,0.6040559799919796,0.8942020851947562,0.3705762191917156,0.9732526425971125,0.6340704812588522,0.28780596204972136,1.0,0.9768131063035731,1.0,1.0,1.0,0.9650661182572327,1.0,0.8332698552995237,0.8313871588650671,0.0,0.9696244797637436,1.0,1.0,1.0,0.892547726210454,0.9657624051380765,1.0,0.0,1.0,0.34778443298609313,0.9834437482253106,1.0,0.39617383885348567,0.7470585974375934,0.3358111189610499,0.6361035572283478,0.7980664817792361,1.0,1.0,0.35406047824735687,0.0,1.0,0.9700767216123513,0.8291427348934728,1.0,1.0
gex_possorted_bam_1WGCZ:AACATTGTCTAGCGATx-M2,0.03260995778178741,1.0,1.0,0.8501489124800293,0.0,0.0,1.0,0.6336237969665516,1.0,0.5318414363027346,0.036967475129542716,1.0,1.0,1.0,0.0,1.0,0.03167740825602756,0.10583301833913243,1.0,0.0,0.0,0.0,0.0,0.0,1.0,1.0,1.0,1.0,1.0,1.0,1.0,0.10251267508036005,0.0,0.7280894678552886,1.0,0.2297826974006217,1.0,0.10080554649431091,0.18043889576525002,1.0,0.1257807304008088,1.0,1.0,1.0,0.0647287759229419,0.5310696981340465,1.0,1.0,1.0,0.45541071166580094,1.0,0.9458616395448113,0.0
gex_possorted_bam_1WGCZ:AAAGGACGTAGACAAAx-M2,1.0,1.0,0.2362143958208702,1.0,1.0,1.0,0.7996934036274399,1.0,0.4066402095336045,1.0,0.0,1.0,1.0,0.5615851936790255,1.0,0.43413218031327167,0.0,0.7845760400060652,1.0,0.9435738184103206,1.0,1.0,1.0,1.0,1.0,1.0,0.0,1.0,1.0,1.0,1.0,1.0,1.0,1.0,0.0,1.0,0.2578151983233407,1.0,1.0,0.05668662042538466,1.0,0.18292764920689294,0.8079117406176811,0.3756358104913969,1.0,1.0,0.5526777411790008,0.0,1.0,1.0,1.0,1.0,0.8489803736984192
gex_possorted_bam_1WGCZ:AAAGCACCAATTGCGCx-M2,1.0,1.0,0.5657167041477821,1.0,1.0,1.0,0.30582319855452006,1.0,0.7185167603939177,1.0,0.0,0.8102554145721406,0.8822201448071422,0.4298727472460779,1.0,0.2980021615562418,0.0,0.17817275910867325,0.880050548193105,0.8847180571407878,1.0,1.0,1.0,1.0,0.4967883509665883,1.0,0.0,1.0,1.0,1.0,0.5210737926975596,1.0,1.0,1.0,0.0,1.0,0.27565341221619766,1.0,1.0,0.0,1.0,0.3287078379745377,0.9419770090362407,0.7326014920673477,1.0,1.0,0.6017774688073164,0.0,1.0,1.0,0.9685875256480598,1.0,0.45369846720663914
gex_possorted_bam_1WGCZ:AAACCAACAAGCTTATx-M2,0.07214106706583226,1.0,1.0,0.9505745240173415,0.0,0.5975078945640165,1.0,0.8610684077779551,1.0,0.6005890321644192,1.0,1.0,1.0,1.0,0.12159299559142372,1.0,1.0,1.0,1.0,0.0,0.0,0.0,0.0,0.0,1.0,1.0,1.0,1.0,1.0,0.9527215922767566,1.0,0.04265940030136988,0.0,0.8072731574054101,1.0,0.26617498617703395,1.0,0.09804796192426114,0.03983488009558379,1.0,0.048412476510759174,1.0,1.0,1.0,0.10850507634437229,0.5395501953434004,1.0,1.0,1.0,0.4077139290874085,1.0,0.9206181296726264,0.0
gex_possorted_bam_1WGCZ:AACAGGATCAGGTCCAx-M2,1.0,0.8478252347563868,1.0,1.0,1.0,1.0,0.0,0.9926381781584716,0.7973166762524453,1.0,0.0,1.0,1.0,0.2874566815372043,1.0,0.2522639800798102,0.0,0.0,0.46098512098312416,0.8378553097064102,0.9352062270563904,1.0,1.0,1.0,0.8028847029998093,1.0,0.0,1.0,0.9549535915900826,1.0,0.1974129015125016,1.0,1.0,1.0,0.0,1.0,0.026509065621405432,1.0,1.0,0.0,1.0,0.0,1.0,0.6338971972861855,1.0,1.0,0.9887777365096472,0.0,1.0,1.0,0.9733619742468856,1.0,1.0
gex_possorted_bam_1WGCZ:AAAGGCTCAGCACGTTx-M2,1.0,1.0,0.0,1.0,1.0,1.0,0.8314861841841586,1.0,0.534653567795745,1.0,0.0,1.0,1.0,0.20009515285235308,1.0,0.20021226792227492,0.0,0.31494609869469864,1.0,0.9575266570310995,1.0,1.0,1.0,1.0,0.773995821828327,0.9825043400312812,0.0,1.0,1.0,1.0,1.0,1.0,1.0,1.0,0.0,1.0,0.1701509426450139,1.0,1.0,0.0,1.0,0.23401677631150858,0.7752338848127481,0.5650217861497175,1.0,1.0,0.16773884632560268,0.0,1.0,1.0,1.0,1.0,1.0
gex_possorted_bam_1WGCZ:AACCCGCAGCAACATCx-M2,1.0,1.0,0.017882660019268044,1.0,1.0,1.0,0.4880147560725296,0.9809242338168566,0.16581239806474637,1.0,1.0,1.0,0.8858810803975089,0.5818085549734887,1.0,0.6163091376465974,0.6715290137550145,1.0,1.0,0.5339376399289161,1.0,1.0,1.0,1.0,0.6826089480342775,0.9176271344724145,0.0,0.9864151855571907,1.0,1.0,1.0,1.0,0.9979953424423967,1.0,0.0,1.0,0.45690742268706247,1.0,1.0,0.0,0.7915152950485811,0.25149753710095735,0.2497539335778202,0.28863553856631247,1.0,1.0,0.0,0.2933809945942565,1.0,1.0,1.0,1.0,1.0
gex_possorted_bam_1WGCZ:AAAGGCTCATTGTTGGx-M2,1.0,0.45318634603021046,0.0,0.8736346692520155,1.0,1.0,0.55534906930005,0.9425600847189054,0.0,1.0,0.48413201299503644,0.3603587265486762,0.9798067690721393,0.2326804281798239,1.0,1.0,0.0,1.0,1.0,0.5996433419060626,1.0,1.0,1.0,1.0,1.0,0.7410473230649605,0.0,0.8842167385784445,1.0,1.0,1.0,1.0,0.7796068248487066,1.0,0.0,1.0,0.9436519641281069,1.0,0.9868117202776758,0.18902274270087674,0.8916728263518575,0.2501187755048174,0.5163684336844044,0.5286396281999468,0.9262224201786801,0.9447014961107947,0.3878248244239927,0.06056963432524932,0.855184186146439,0.5166400739125293,0.8667857911011055,1.0,0.9820189593607488
gex_possorted_bam_1WGCZ:AAATGCCTCGACCTGAx-M2,1.0,0.9392256815537325,0.03742103780230688,1.0,1.0,1.0,0.42107817995801633,1.0,0.6111352871096386,0.8676458135639852,0.0,1.0,0.8952194285249794,0.3284874726415962,1.0,0.0,0.0,0.304169643444325,0.8511973684196407,0.4809792360528083,1.0,1.0,1.0,1.0,0.6433342499519984,0.9278384358717151,0.0,0.8262808148367757,1.0,1.0,0.43784958293899945,1.0,1.0,1.0,0.0,1.0,0.1423062030240771,1.0,0.9564030120868694,0.0,1.0,0.2761561600714571,0.6464906862439782,0.06280177274502964,1.0,1.0,0.615671919748162,0.0,0.9195965030949083,1.0,0.7587753136072515,0.9888827255918068,1.0
gex_possorted_bam_1WGCZ:AACAAAGGTTTGACCTx-M2,0.94496827665593,0.9180757663015848,0.556496398657703,0.8544252858624231,1.0,1.0,0.798182473384759,0.9601959859345346,0.7068447339822873,0.7616234180097041,0.14261988654521976,0.19943311726669785,0.5529530237113609,0.3765100192815387,0.9287826615756837,0.4835489202532133,0.0,0.7327431733665161,0.8930188014132475,0.5716532099257247,1.0,1.0,0.8777611099640203,1.0,0.6707156112305195,0.6706809917174658,0.020555283079338533,1.0,1.0,0.8061254587050039,0.741521629197965,0.8189066394435699,0.8589711927251447,1.0,0.1476550471798661,1.0,0.904453036615903,0.9766073228733912,0.8350140585572708,0.25821029431001374,0.8061486437794074,0.6518723176919701,0.5723029658283735,0.26827710983103065,1.0,0.8910777136671594,0.4412665717623671,0.914668199290923,0.7627062899796957,0.8760253119285364,0.8881855613584656,0.8893007176010491,0.7480759660818871
gex_possorted_bam_1WGCZ:AACAGCAAGTAAAGGTx-M2,1.0,0.6893856850335338,0.17262590718802848,0.7053578632118204,1.0,1.0,0.1796468502762427,0.7360614756173484,0.1612896011050221,1.0,0.7156356144575896,0.29673225440493467,1.0,0.3455183976687869,0.9629552326208565,1.0,0.5974849090447356,1.0,1.0,0.3462370084279088,1.0,1.0,1.0,0.9767467556023789,0.8974565086375624,0.9103685255563019,0.4253762551317102,1.0,1.0,0.8181366337581245,0.15589604185018346,1.0,0.9880128993038699,1.0,0.17512587467222404,1.0,0.8673156944296992,1.0,1.0,0.14286891867961946,0.6449034367401327,0.9813804727814913,0.9757079612567133,0.5017006159085212,0.7768628882895987,0.9558749727888511,1.0,0.6675490531433359,0.991450811863821,0.9482491468569957,0.5469952617535064,1.0,0.6657934555055296
gex_possorted_bam_1WGCZ:AACCGCTCAGGAAGCCx-M2,1.0,0.7088979099050655,0.0,0.9834815870163133,1.0,1.0,0.5699574888113763,1.0,0.3637588756817458,0.8804979020543716,0.13752469008942486,0.6463629782121181,1.0,0.2240782706211776,1.0,0.3576502849434957,0.0,0.9323038135433249,1.0,0.6825124853627041,1.0,1.0,1.0,1.0,0.784074563943713,0.9242928128690922,0.0,0.9592930885575988,0.6625369685583173,0.9230958809586023,0.4842446767196526,1.0,1.0,0.9414764670959687,0.014531002555744672,1.0,0.05601273348491669,1.0,0.9777143098358687,0.1512969596202886,0.766365405155643,0.1408275187072281,0.6533624883594041,0.0,1.0,0.9652501290720952,0.3187846426401955,0.0,0.8654793123987573,0.9060307521505295,0.9643191917128721,1.0,1.0
gex_possorted_bam_1WGCZ:AACAGATAGCAGGCCTx-M2,0.9474612508449541,1.0,0.5483634424824354,1.0,0.3674775983940343,1.0,1.0,1.0,0.7601125781025614,1.0,0.0,1.0,1.0,1.0,1.0,0.9986978360587605,0.0,0.0,0.5213948534560087,0.695797351443106,1.0,0.915594393059173,0.8385000986264064,1.0,1.0,0.8920113242844279,0.0,1.0,1.0,0.8639931121881581,1.0,1.0,0.9267366164133557,1.0,0.0,1.0,0.8374322566944818,1.0,1.0,0.9615251248339204,0.6890933750828756,0.3294927197537603,1.0,1.0,1.0,1.0,0.5737601034216343,0.0,1.0,1.0,1.0,1.0,0.882898791461999
gex_possorted_bam_1WGCZ:AACAGGATCGGTCAGCx-M2,0.045418081418909274,1.0,1.0,0.9034150814541685,0.05824491008736846,1.0,1.0,0.6914626500363248,1.0,0.4098813010814031,1.0,1.0,1.0,1.0,0.1007228737421214,1.0,1.0,1.0,1.0,0.0,0.0,0.0,0.0,0.0,1.0,1.0,1.0,1.0,1.0,1.0,1.0,0.0,0.0,0.7026474649695676,1.0,0.2514565763115297,1.0,0.24556442170415205,0.12216929486997004,1.0,0.12315640134070971,1.0,1.0,1.0,0.043541685777770456,0.5424155371910556,1.0,1.0,1.0,0.3405598443514854,1.0,0.9156506176275816,0.0
gex_possorted_bam_1WGCZ:AACCGCTCACCACAACx-M2,1.0,1.0,0.6634478036393109,1.0,1.0,1.0,0.0,1.0,0.517630729864291,1.0,0.0,0.6801614349455871,0.8828693928272437,0.22472480484433802,1.0,0.24407852768581978,0.0,0.0,0.97275858350183,0.7238075456636,1.0,1.0,1.0,1.0,0.0,1.0,0.0,1.0,0.9796955835161004,1.0,0.23984884490144687,1.0,1.0,1.0,0.0,1.0,0.2122267926703749,1.0,1.0,0.0,1.0,0.19972373408671223,0.8621444015526263,0.5111670222766703,1.0,1.0,0.33642064217527395,0.0,1.0,1.0,1.0,1.0,0.2922279125117753
gex_possorted_bam_1WGCZ:AACAGATAGGAGGTTAx-M2,1.0,0.5105742670728824,0.5661339796131419,0.8621582599508609,0.836238002168172,1.0,0.0,0.7597411745183259,1.0,0.7252241024690658,0.3885502517152208,1.0,0.48657903442485134,0.38150913289014,0.743319322461453,0.0,0.15930601536246836,0.7190740171419769,1.0,0.5091452306116908,1.0,1.0,1.0,1.0,0.8517746158025099,0.9457757938658933,0.0,0.8139590121971592,0.12912695753277476,0.921966307175224,0.39454280174212764,1.0,0.993830772646288,1.0,0.0,1.0,0.1954031925494749,1.0,0.8820884377708376,0.0,1.0,0.0,0.6364457530338645,0.0,0.6471661048578702,0.8652045883018687,0.9694589454085837,0.0,0.8975246946516281,0.827741271640104,0.678435403687203,1.0,1.0
gex_possorted_bam_1WGCZ:AACAAAGGTTACAACGx-M2,1.0,0.9135405398786768,0.03293826436215768,1.0,1.0,1.0,0.4005830305414512,1.0,0.5129362533226469,1.0,0.33447151515527773,0.7463616278260627,0.9762141199081824,0.3599390979511613,1.0,0.31529677054044136,0.07560212272081557,0.8438392843006993,1.0,0.680244578847753,1.0,1.0,1.0,1.0,0.4640038330296298,0.9881739651849226,0.0,1.0,1.0,1.0,0.7926155120616615,1.0,1.0,1.0,0.0,1.0,0.10642331680436827,1.0,1.0,0.0,1.0,0.15371790418882647,0.6594120742577758,0.5891018445125586,1.0,1.0,0.059830040925447255,0.0,1.0,1.0,1.0,1.0,0.9133759816984046
gex_possorted_bam_1WGCZ:AACCGCTCAGGCTACTx-M2,1.0,0.8953406909138719,0.0,1.0,1.0,1.0,0.2412944092030699,1.0,0.5561054336611783,0.9831492581768769,0.5326612380554615,0.6797905439864899,0.9214908342675896,0.19416626052976826,1.0,0.07824213969668864,0.17885030198117063,1.0,1.0,0.7546704106711842,1.0,1.0,1.0,1.0,0.49145339423643486,0.8969432582626552,0.0,0.9309640456867441,0.9127143776283151,1.0,0.837180218666761,1.0,1.0,1.0,0.0,1.0,0.04479689484242357,1.0,1.0,0.0,1.0,0.09556328194638292,0.5748457439913068,0.11604703809353971,1.0,1.0,0.0,0.2099463589868572,0.9086255834469115,1.0,0.9775805172570491,1.0,0.9754174979802627
gex_possorted_bam_1WGCZ:AAACCGAAGGAATAACx-M2,0.9509933498414669,0.8337083994227145,1.0,1.0,1.0,0.24665391919390456,0.0,1.0,0.8750529981376667,1.0,0.0,1.0,1.0,0.5913950603121133,1.0,0.021939103011190626,0.0,0.0,0.0,0.0,0.0,0.3490171050504325,1.0,0.4650220595129339,0.554907724147592,1.0,0.0,0.7065903655824166,0.6307211478884862,1.0,0.0,1.0,1.0,1.0,0.0,0.892023055549237,0.0,1.0,1.0,0.0,1.0,0.0,1.0,1.0,0.7507266662845063,1.0,1.0,0.0,1.0,1.0,1.0,1.0,0.0
gex_possorted_bam_1WGCZ:AAATGCCTCCCGCATTx-M2,0.08974479544945939,1.0,1.0,0.9917590353836315,0.0,0.0,1.0,0.9282089730063126,1.0,0.7422833151264393,0.0,1.0,1.0,1.0,0.07514554465891322,1.0,0.016262371946577158,0.0645193817720582,1.0,0.0,0.0,0.0,0.0,0.0,1.0,1.0,1.0,1.0,1.0,0.7174858569837436,1.0,0.11337311056752242,0.0,0.8015277073203901,1.0,0.2694835931171852,1.0,0.05077506457240569,0.0,1.0,0.003453291120926379,1.0,1.0,0.6565920734066472,0.08026490967566383,0.48850264702527774,1.0,1.0,1.0,0.5517580469506722,1.0,0.900750563368261,0.0
gex_possorted_bam_1WGCZ:AACCGCTCAATCCTAGx-M2,1.0,1.0,0.28828855917338214,1.0,1.0,1.0,0.606768009288576,1.0,0.2242870902931451,1.0,0.0,1.0,1.0,0.539665292414318,1.0,0.34003483837296844,0.0,0.31624171056541556,1.0,1.0,1.0,1.0,1.0,1.0,0.9289880048330328,1.0,0.0,1.0,1.0,1.0,1.0,1.0,1.0,1.0,0.0,1.0,0.2328607189354941,1.0,1.0,0.0,1.0,0.005451278179243794,0.966698229908907,0.7976816831061162,1.0,1.0,0.8334882723099116,0.0,1.0,1.0,1.0,1.0,1.0
gex_possorted_bam_1WGCZ:AAAGGCTCATTTAAGCx-M2,1.0,1.0,0.3463663077645333,1.0,1.0,1.0,0.45307968374100144,1.0,0.657719228158164,1.0,0.21456043060941524,0.8813061472135455,1.0,0.7200478012638161,1.0,0.26413923250110294,0.0,0.9368109581141696,1.0,0.8265114950389751,1.0,1.0,1.0,1.0,0.6525737160996613,1.0,0.0,1.0,0.7351264018834134,1.0,0.8844003839159249,1.0,1.0,1.0,0.0,1.0,0.02905238729339412,1.0,1.0,0.0,1.0,0.34349769605831887,1.0,0.4543861367863888,1.0,1.0,0.6206939618512229,0.024937981935033944,1.0,1.0,1.0,1.0,0.8420368304120874
gex_possorted_bam_1WGCZ:AAAGGTTAGCAGGCCTx-M2,1.0,0.7379353886788069,0.0,1.0,1.0,1.0,0.6735825420963176,1.0,0.696609401363501,0.9689828403846702,0.0,0.7924120109903048,0.9607154212414394,0.40157323492701746,1.0,0.46552626061814395,0.0,0.04795154945178074,0.792346449731278,0.7507042940348253,1.0,1.0,1.0,1.0,0.5412580554881636,0.9894836566802935,0.0,1.0,0.9329561571044099,1.0,0.5996390232575712,1.0,1.0,1.0,0.0,1.0,0.0,1.0,1.0,0.0,1.0,0.351384941691804,0.8548364082815004,0.5130882623759304,1.0,1.0,0.4231817277261186,0.2295081578104624,1.0,1.0,1.0,1.0,0.9056092561962108
gex_possorted_bam_1WGCZ:AACCGGCTCTATCGCCx-M2,0.0,0.7916486068843837,1.0,0.3926647595924252,0.0,0.0,1.0,0.18419461213588012,1.0,0.46202748071058974,0.9795654002213654,1.0,1.0,1.0,0.0,1.0,1.0,0.0,1.0,0.0,0.0,0.0,0.0,0.0,1.0,0.6470445528547034,1.0,1.0,1.0,0.5088456107884235,1.0,0.0,0.0,0.3967107382048748,1.0,0.0,1.0,0.0,0.0,1.0,0.10786424210546326,1.0,1.0,1.0,0.0,0.21848060965439545,1.0,1.0,0.6319388828095416,0.26024649074165235,1.0,0.43046066753795376,0.30600618338498253
gex_possorted_bam_1WGCZ:AAAGGACGTTTGTGGAx-M2,1.0,1.0,0.3462652854117555,1.0,1.0,1.0,0.6459708567000425,1.0,0.6930872304518098,1.0,0.0,1.0,1.0,0.7198709447867636,1.0,0.42789177013217927,0.0,0.4728827480200656,0.9679272644211576,1.0,1.0,1.0,1.0,1.0,1.0,1.0,0.0,1.0,0.7156366733815702,1.0,0.753562862391025,1.0,1.0,1.0,0.0,1.0,0.0149411585255289,1.0,1.0,0.17014308083395321,1.0,0.1309058903176413,1.0,0.5650615716231595,1.0,1.0,0.7093560363236167,0.020400645494857123,1.0,1.0,1.0,1.0,1.0
gex_possorted_bam_1WGCZ:AAACGCGCATTGTCAGx-M2,1.0,0.9079560079264609,0.12698532579798208,1.0,1.0,1.0,0.6441729174548235,1.0,0.18951518650106533,0.9516789835597009,0.24566098884147564,0.6070067681938837,0.830179432509979,0.3928519114741332,1.0,0.5420243471954719,0.019197184746938482,0.8498582488037579,1.0,0.8411083434399109,1.0,1.0,1.0,1.0,0.987285332373278,0.9536307757684606,0.0,1.0,0.934307148492377,1.0,1.0,1.0,1.0,1.0,0.0,1.0,0.18522603871195426,1.0,1.0,0.21510744254809164,0.7654261834024467,0.16820217380703512,0.7978965337715253,0.19899080081285211,1.0,1.0,0.17398494086740973,0.006372606454433892,1.0,0.9281879585967895,1.0,1.0,1.0
gex_possorted_bam_1WGCZ:AAAGCCGCAGTTTACGx-M2,0.7380679199446686,0.4453727943021126,0.0,0.49455529201286635,1.0,0.87769230089452,0.0,0.6015199040931519,0.6383158041812249,0.3067773133189494,0.4784221934627524,0.21469245106454451,0.36351553492011485,0.0,0.55905254610394,0.0,0.3137345509170577,0.8236626498119017,0.3769469442136382,0.6306158030480581,1.0,1.0,0.7730741659248276,1.0,0.17943776090374092,0.4648207400509768,0.0,0.4498271725813045,0.638895067880838,0.6418735577276645,0.06901760847476976,0.6047208179634873,0.7309465962410683,0.4738732857349848,0.03566502371087179,0.661379537415234,0.06081770628190274,0.6349013048332056,0.6337103948211451,0.10991901560848498,0.6993272878973191,0.0,0.1693440016021827,0.01309659836759051,0.6230864141231808,0.5956226523973935,0.11666328697579455,0.0,0.4730581441866131,0.71475189289071,0.4098417396155468,0.5995731534600773,0.8027606332923122
gex_possorted_bam_1WGCZ:AACATCATCTAAGTCAx-M2,1.0,0.9533940516460646,0.19222600176750337,1.0,1.0,1.0,0.5333821830258678,0.9491141114536344,0.7790839672382983,1.0,0.4198907604009658,0.7105032383256731,1.0,0.3623577429172105,1.0,0.3620680517294006,0.31875460453772886,0.8591065571973653,1.0,1.0,1.0,1.0,1.0,1.0,0.9028265920048292,1.0,0.07548316402163353,1.0,0.9176210620580671,1.0,0.7621980416504128,0.9307955066796165,1.0,1.0,0.0,1.0,0.35269058304316386,1.0,1.0,0.06712721884469416,1.0,0.3469765621075679,0.9730136367198429,0.8587821774540543,1.0,1.0,0.3700645999436937,0.0,0.9765913676907073,1.0,0.8083527117349966,1.0,1.0
gex_possorted_bam_1WGCZ:AACCGGCTCGGTTACGx-M2,0.6875647767013234,0.7184009906577585,0.0,0.6632028471203444,0.45421361956788936,0.749528295271986,0.7579323274505786,0.8436593362195868,0.561101638875623,0.6474003570331646,0.0,0.5701021658803869,0.47116379450627044,0.23937011285256893,0.6834457261466863,0.357587617419966,0.0,0.06584110149881935,0.2018468929826262,0.9934890280529872,0.8372082982090308,0.8347885398406772,0.6421892972662834,0.8100009402793856,0.341052705648315,0.4847069179673624,0.0,0.743222728100468,0.7401881443363995,0.5646881960869574,0.7452722831750476,0.42291248162768247,0.6749917851119941,0.8278724895121984,0.10281743558140065,0.8330815645545685,0.40926398218593335,0.6618497423305341,0.7123629438154256,0.4016800652939306,0.7586069781494178,0.2976278768730512,0.406763484596562,0.2268616174838984,0.7466358911073391,0.6924841276848219,0.07611253143518915,0.2952211613925308,0.6123989102915754,0.736839603132992,0.5632189470411451,0.5901603686870142,0.8325628656282338
gex_possorted_bam_1WGCZ:AAACCGCGTCCCGAAGx-M2,0.0757860683404802,1.0,1.0,0.9782408636485599,0.0,0.0,1.0,0.8101260177857404,1.0,0.6936254112050297,0.0,1.0,1.0,1.0,0.1756916201488176,1.0,0.0,0.0,1.0,0.0,0.0,0.0,0.0,0.0,1.0,1.0,1.0,1.0,1.0,0.8739293810167394,1.0,0.10583344207603232,0.0,0.875418850162989,1.0,0.2620545721463395,1.0,0.0787694411303329,0.09805402039888218,1.0,0.1359133036795149,1.0,1.0,0.4780157868624313,0.01811433564959797,0.5217416096207647,1.0,1.0,1.0,0.6553740658316036,1.0,0.9872534618632807,0.0
gex_possorted_bam_1WGCZ:AACAAGCCAGCTTAGCx-M2,1.0,1.0,1.0,1.0,1.0,0.7332614658910264,0.0,1.0,0.4341967346141838,1.0,0.0,1.0,1.0,0.5863165381453154,1.0,0.0,0.0,0.0,0.40362209325061377,0.5396847594647399,0.707907720429421,0.7659298673699664,1.0,1.0,0.449103271515811,1.0,0.0807623584680694,1.0,0.9284397824529066,1.0,0.0,1.0,1.0,1.0,0.0,1.0,0.15394198254091548,1.0,1.0,0.0,1.0,0.18776102787560187,0.9714444632163952,0.8832213291586448,0.9917833554050115,1.0,1.0,0.0,1.0,1.0,1.0,1.0,0.0
gex_possorted_bam_1WGCZ:AACCGGCTCATAAGCCx-M2,1.0,1.0,1.0,1.0,1.0,1.0,0.0,0.9154347206242073,1.0,1.0,0.0,1.0,1.0,0.3382526030220437,1.0,0.01801059592705925,0.0,0.0,0.4154546480169304,0.653939174756427,0.7048032544183552,1.0,1.0,0.8761180829058047,0.857962191815325,1.0,0.0,1.0,0.7570440425626807,1.0,0.0,1.0,1.0,1.0,0.0,1.0,0.03100829683838553,1.0,1.0,0.0,1.0,0.0,1.0,0.37340355331646424,1.0,1.0,0.9301246223073381,0.0,1.0,1.0,0.754199723425447,1.0,1.0
gex_possorted_bam_1WGCZ:AAAGGCTCACTGACCGx-M2,1.0,1.0,0.0,1.0,1.0,1.0,0.5444802425369017,1.0,0.1312435051774451,1.0,0.4357345516811495,0.6576199002897497,0.9724345796511519,0.5022169945373377,1.0,0.6158676629801685,0.20217690784152753,1.0,1.0,0.9023277181156213,1.0,1.0,1.0,1.0,0.4475576651459325,0.9213180099120193,0.0,1.0,1.0,1.0,1.0,1.0,1.0,1.0,0.0,1.0,0.23884446205746074,1.0,1.0,0.07778814911979577,1.0,0.3010161302560381,0.7472362182311643,0.11550228652699894,1.0,1.0,0.6285686815156157,0.2570002524023035,1.0,1.0,1.0,1.0,1.0
gex_possorted_bam_1WGCZ:AACAGATAGTCATCCCx-M2,1.0,0.9461753082762004,0.21581214455582517,1.0,1.0,1.0,0.5432501762090312,1.0,1.0,1.0,0.0,1.0,0.8204289212724497,0.41116354267989863,1.0,0.08677406715383486,0.0,0.3458339473373337,1.0,0.6561646758347678,1.0,1.0,1.0,1.0,0.9695375629179966,1.0,0.0,1.0,0.7815464357187347,1.0,0.914651838638642,1.0,1.0,1.0,0.0,1.0,0.09526548540537158,1.0,1.0,0.062375195059191695,1.0,0.04139827670300014,0.8374253669218756,0.11083839281967157,1.0,1.0,0.3373770317102006,0.0,1.0,1.0,1.0,1.0,1.0
gex_possorted_bam_1WGCZ:AAACAGCCACAGGGACx-M2,0.16813346675430768,0.0,0.0,0.021394548039086993,0.48654463805164505,0.5448865728184291,0.0,0.027416922922095147,0.0,0.0,1.0,0.0,0.0,0.0,0.0,0.0,1.0,1.0,0.14126013339660218,0.6548610541941975,0.6346093571551031,0.7547495935404134,0.20709067389225871,0.6824406166826067,0.0,0.0,0.37286303115913044,0.0,0.2280237037439204,0.0,0.0,0.23344253014005537,0.1761905409146508,0.06179160628060477,0.24219379876232755,0.11934468978595063,0.0,0.18757464623581147,0.08357742601017233,0.011822326218963298,0.0,0.0,0.0,0.0,0.1765874483689205,0.08854079891662843,0.0,0.3430112790645745,0.0,0.0,0.11169111172495355,0.13198927941959682,0.8590220109374151
gex_possorted_bam_1WGCZ:AAACGCGCAGTAGGATx-M2,1.0,1.0,0.09534978903257962,1.0,1.0,1.0,0.7690845274374323,1.0,0.8833007037689947,1.0,0.0,0.5304596035933578,1.0,0.2903856900819074,1.0,0.31067908848201814,0.0,0.0,0.9323896220435208,0.8564707960943078,1.0,1.0,1.0,0.9388738945226109,0.8011692389090388,0.9816283993803647,0.07179812631278992,1.0,1.0,0.9258654499873492,0.21822441346658614,1.0,1.0,1.0,0.0,1.0,0.49524800083836085,1.0,1.0,0.05126572046056557,1.0,0.844929050603313,0.6751994231140619,0.646609365029862,1.0,1.0,0.9309621095234811,0.027102412983271963,1.0,1.0,1.0,1.0,0.7820376394348802
gex_possorted_bam_1WGCZ:AAACCAACATTATGACx-M2,1.0,1.0,0.0,1.0,1.0,1.0,0.7256340726422863,1.0,0.47373178678067573,1.0,0.0,1.0,0.886289979226091,0.6481862395125515,1.0,0.3556395550854522,0.0,0.4381447422583738,1.0,0.6731546120065396,1.0,1.0,1.0,1.0,0.43707705095288485,0.9708463369492346,0.0,1.0,1.0,1.0,0.8731604851720518,1.0,1.0,1.0,0.0,1.0,0.08190085326808451,1.0,1.0,0.0,1.0,0.17178412552114092,0.8844287066641825,0.5446013572657747,1.0,1.0,0.5384766553971754,0.0,1.0,1.0,1.0,1.0,0.6442892547293616
gex_possorted_bam_1WGCZ:AAATGCCTCTCACACCx-M2,1.0,0.8441988035783483,0.0,1.0,1.0,1.0,0.5080328027424277,1.0,0.5243680086563146,0.980830618437538,0.4174790389847296,0.6561896920185661,0.833499031115514,0.3200105648399984,1.0,0.10995626900057776,0.08124152019378535,1.0,1.0,0.4156682158298049,1.0,1.0,1.0,1.0,0.6923541004088188,0.8248594152040499,0.0,0.9009529067747287,1.0,0.999427373647609,0.7297563328775982,1.0,1.0,1.0,0.0,1.0,0.216389976482175,1.0,1.0,0.0,0.6278149529259375,0.18695651946623756,0.5859966382517001,0.0,1.0,1.0,0.0,0.09146847275779973,0.8417205829130567,1.0,0.9279717419858837,1.0,1.0
gex_possorted_bam_1WGCZ:AACAGATAGTTTGCGGx-M2,0.0866661983246999,1.0,1.0,0.9271237407756777,0.0,0.0,1.0,0.8038476143074597,1.0,0.8332036198405118,0.0,1.0,1.0,1.0,0.22268554961396803,1.0,0.0,0.0,1.0,0.0,0.0,0.0,0.0,0.0,1.0,1.0,1.0,1.0,1.0,0.7339893825110023,1.0,0.0,0.0,0.8340581113045874,1.0,0.2539497166239925,1.0,0.03604489843273088,0.0748089386345125,1.0,0.305813603257066,1.0,1.0,1.0,0.0,0.5452862000582586,1.0,1.0,1.0,0.622858203037879,1.0,0.9664337326773467,0.0
gex_possorted_bam_1WGCZ:AACAGGATCCCAGTAGx-M2,1.0,1.0,1.0,1.0,1.0,1.0,0.4548957552678338,0.9444576380525397,1.0,1.0,0.0,1.0,1.0,0.5864209188380718,1.0,0.022118758301202288,0.0,0.0,0.23271281130799937,0.5230876650191681,0.49841061166280826,0.9291799098959864,1.0,0.9678356594403088,1.0,1.0,0.11868738575621071,1.0,0.8110940874470879,1.0,0.0,1.0,1.0,1.0,0.0,1.0,0.5674053813624435,1.0,1.0,0.09050927539449877,1.0,0.5193407004060118,1.0,0.6168626725841163,1.0,1.0,0.8540669594169843,0.0,1.0,1.0,0.8034458000651102,1.0,1.0
gex_possorted_bam_1WGCZ:AAACGGATCATTACTCx-M2,0.46848767310270834,1.0,1.0,1.0,0.7028004424347811,0.37753022704990974,1.0,0.8817996515652385,1.0,1.0,0.0,1.0,1.0,1.0,0.5617690399166413,1.0,0.10486687445801209,0.017576115056636542,1.0,0.0,0.12648808259949154,0.0,0.31676519027183503,0.0,1.0,1.0,1.0,1.0,1.0,1.0,1.0,0.2634900818115119,0.27807667552778,1.0,1.0,0.6455675360990497,1.0,0.5802079726910577,0.5904788583522562,1.0,0.7891532047905033,1.0,1.0,1.0,0.5507099515837851,0.7973702863061692,1.0,1.0,1.0,0.8858468154279173,1.0,1.0,0.5050672536014242
gex_possorted_bam_1WGCZ:AAACGGATCCACCTGTx-M2,1.0,1.0,0.0,1.0,1.0,1.0,0.5140436074847045,1.0,0.24491627595703713,1.0,1.0,0.6650233982797458,0.9822861372341277,0.5745467395974792,1.0,0.518654436401075,0.7169864731719743,1.0,1.0,0.8050027894141032,1.0,1.0,1.0,1.0,0.7979105514284636,0.9325709821601741,0.0,0.9747892981768835,1.0,1.0,1.0,1.0,1.0,1.0,0.0,1.0,0.0,1.0,1.0,0.0,0.4203808772216697,0.295168586745702,0.6726931349602249,0.14242205113636414,1.0,1.0,0.2569191944876054,0.03683112816861271,1.0,1.0,0.8354151107467968,1.0,1.0
gex_possorted_bam_1WGCZ:AAACGTACATGGTTATx-M2,1.0,0.6939307615323144,0.0,0.8887915485217991,0.8900082858745642,1.0,0.34577793745856006,1.0,0.35004399881770076,1.0,0.0,0.2853758283134802,0.79635586272415,0.2480549684998851,0.9835435090560147,0.6591848310770384,0.0,0.15045658682178947,0.7873527267049036,0.8066619180203464,1.0,1.0,1.0,1.0,0.5865008207213434,0.8695266640699189,0.0,0.7340865840883101,1.0,0.9784662690960636,0.789247888191505,0.7957908206644806,0.962177852771407,0.98309253198362,0.0,0.991657225694958,0.6736573360881672,0.883201006315567,0.9508349544269852,0.08236407893116833,1.0,0.45426727832906666,0.6515831484838605,0.5200990354034694,0.8428152360922434,0.9592755029034262,0.26068658284095153,0.1511313224565923,0.8749677527038666,0.9436635591850966,0.8452770050020707,0.8830725881288781,1.0
gex_possorted_bam_1WGCZ:AAAGCTTGTTAACGGCx-M2,1.0,0.8000722345883172,0.0,0.9350278445585547,1.0,1.0,0.42406327091086937,0.9770392720294591,0.6196308636731407,1.0,0.6262093261583478,0.6178722515152746,0.7951521625890768,0.4262976819907024,1.0,0.20844964962960508,0.35614733073266375,1.0,1.0,0.38496702737887967,1.0,1.0,1.0,1.0,0.5644794065605526,0.8170423004386969,0.0,1.0,1.0,0.9586102886789056,0.7433025818961527,1.0,0.9685117712974458,1.0,0.0,1.0,0.2166893254271837,1.0,1.0,0.039619854154091534,0.6911713229821741,0.41960628264572375,0.43853025834514014,0.0,1.0,1.0,0.0,0.267179524229699,0.8700888771274891,1.0,0.8216105749223417,1.0,1.0
gex_possorted_bam_1WGCZ:AACCCGCAGCTGTCAGx-M2,1.0,0.9294718849336772,0.14092186356607134,0.953132425296174,1.0,1.0,0.2388423948996363,0.9250606293512972,0.5154519657400504,1.0,0.511635435918893,0.14569827307781658,0.9416555525018425,0.160456487507079,1.0,0.06593242600249725,0.19957031709424106,1.0,1.0,0.6322784845193163,1.0,1.0,1.0,1.0,0.7899723366161203,0.964881210426641,0.0,0.9603948644166406,1.0,0.8587883705783402,1.0,1.0,1.0,1.0,0.0,1.0,0.09660533434800628,1.0,1.0,0.0584347412350652,0.7110968652011306,0.5173078309181222,0.40724636996392344,0.17418104292907607,1.0,1.0,0.0,0.0,0.9114173807519049,1.0,0.8628488307755005,1.0,1.0
gex_possorted_bam_1WGCZ:AAACCGCGTCAGTAATx-M2,0.9050508746295937,1.0,0.9254164508822784,1.0,1.0,1.0,0.6174380607203188,1.0,0.7500537934712469,1.0,0.0,1.0,0.9632489867225669,0.8631072708362061,1.0,0.8688541232643123,0.08774729201016761,0.6811946387860138,0.6679033750928349,1.0,1.0,1.0,1.0,1.0,0.9006193687292264,1.0,0.0,1.0,1.0,1.0,1.0,1.0,1.0,1.0,0.0,1.0,0.21870876671505207,1.0,1.0,0.5863327684112475,1.0,0.12205015302856015,1.0,1.0,1.0,1.0,0.9517050216441952,0.0,1.0,1.0,0.9481962021862109,1.0,1.0
gex_possorted_bam_1WGCZ:AAACATGCAAGGTAACx-M2,1.0,1.0,0.0,1.0,1.0,1.0,0.23107397076714184,1.0,0.4239852298681151,1.0,0.5129130745365014,0.41104511071830174,0.8563385425783763,0.7365137582750628,1.0,0.41868358710987585,0.1477569128924848,1.0,1.0,0.5043196598173708,1.0,1.0,1.0,1.0,0.5168174289684752,1.0,0.0,1.0,0.9364698232056674,1.0,0.8754178586327614,1.0,1.0,1.0,0.0,1.0,0.08832395193364832,1.0,1.0,0.0,1.0,0.1689234983213591,0.83072657811817,0.4780731637965076,1.0,1.0,0.4113976602571246,0.0,1.0,1.0,0.9225637639919982,1.0,0.786865865514623
gex_possorted_bam_1WGCZ:AAAGGAGCAGGCTACTx-M2,1.0,0.977298844501222,0.0184208531177238,1.0,1.0,1.0,0.7701942665772152,1.0,0.25753733617172647,1.0,0.7311407533944426,0.9445852320435465,0.8376353661207824,0.8174484463833642,1.0,0.29209233724291495,0.31964606326048495,1.0,1.0,0.30288376240064135,1.0,1.0,1.0,1.0,0.7597685105581152,1.0,0.0,1.0,0.850633579080695,1.0,1.0,1.0,1.0,1.0,0.0,1.0,0.172476283355728,1.0,1.0,0.26386911334995544,0.7144355832077192,0.14805167772423997,0.8001853006438961,0.5343452220346716,1.0,1.0,0.2902560624897089,0.0,1.0,1.0,1.0,1.0,1.0
gex_possorted_bam_1WGCZ:AAAGGAGCAAGGTACGx-M2,0.07392779940727473,1.0,1.0,0.9176245389584289,0.0,0.0,1.0,0.8017167108175309,1.0,1.0,0.0,1.0,1.0,1.0,0.18144100106332156,1.0,0.0,0.0,1.0,0.0,0.0,0.0,0.0,0.0,1.0,1.0,1.0,1.0,1.0,0.7283058389088188,1.0,0.0,0.0,0.9101487013640613,1.0,0.2844208575455552,1.0,0.1077336703094035,0.14850994608871562,1.0,0.1857683524067095,1.0,1.0,1.0,0.018624911914702693,0.5319339742467154,1.0,1.0,1.0,0.5299891793776703,1.0,1.0,0.11280666924980888
gex_possorted_bam_1WGCZ:AAACGGATCGATTATGx-M2,1.0,0.9582922638436714,0.0,0.8858213118983689,0.6541592732555082,1.0,0.4179468499010118,1.0,1.0,0.9238213400064316,0.0,0.7831862576263999,0.7833141213900636,0.23291440929896426,0.8391219642880429,0.0,0.0,0.4148124158154847,0.769127169498417,0.5124626483644245,1.0,1.0,0.8770207109960885,1.0,0.7503297393738335,0.8318295847264106,0.0,0.7832883023664117,0.6507760109381885,0.8799245906795496,0.48642620101127665,1.0,1.0,1.0,0.0,1.0,0.31110743944113284,0.9373965943208519,0.9513369140947794,0.15459188339315486,1.0,0.48812248161789556,0.5928441600296716,0.0,1.0,0.9108950688256139,0.29020244195671324,0.07974966778897852,0.8859188884159442,1.0,0.807033419755249,0.9113756993512396,1.0
gex_possorted_bam_1WGCZ:AAACGTACAGCAAATAx-M2,1.0,0.8687914775299285,0.0,0.9216386753109432,1.0,1.0,0.2803234461875717,0.9474247955435297,0.4377030149216151,0.8215058100704344,0.623466027439232,0.3672075771561482,0.6289146124369508,0.4451325430838273,1.0,0.22700888420509688,0.23759435932189302,1.0,1.0,0.5355840409686021,1.0,1.0,1.0,1.0,0.462786040935921,0.7818579269508067,0.0,0.8864609109380274,0.9287751720442884,1.0,0.7147357519733484,0.925361936307508,1.0,0.9927595152104732,0.0,1.0,0.12465416476034628,1.0,1.0,0.0,1.0,0.31389431787871647,0.4700348005335529,0.28117388976491353,1.0,0.9791565472232113,0.0,0.11184920291390377,0.875128425042253,0.8582347484264455,0.8520194721161215,1.0,1.0
gex_possorted_bam_1WGCZ:AAAGCGGGTCTCACTGx-M2,1.0,1.0,0.19183957459610537,1.0,1.0,1.0,0.5938131078077334,1.0,0.8200250567032679,1.0,0.0,1.0,1.0,0.3150364410516046,1.0,0.0,0.0,0.0,0.6608345354869443,0.9588524946772526,1.0,1.0,1.0,1.0,0.6998800940052541,1.0,0.0,0.9669180367441401,1.0,1.0,0.667058018961183,1.0,1.0,1.0,0.0,1.0,0.2607974809318277,1.0,1.0,0.1755034715973343,1.0,0.2919593575778406,0.8903014419068148,0.41716503650011144,1.0,1.0,0.600460096017876,0.018284263319285603,1.0,1.0,1.0,1.0,0.8562520376080373
gex_possorted_bam_1WGCZ:AACAGATAGGACCTGCx-M2,1.0,0.6947548251670739,0.0,0.9274286420753483,0.9515455581371369,1.0,0.4186160740376951,0.9805552088174946,0.2872088701513656,1.0,0.6521432777343632,0.4207575627409131,0.8413319233657405,0.2955856242202016,0.9471905716449952,0.4213742637928294,0.24797018016649902,1.0,1.0,0.6552662843112967,1.0,1.0,1.0,1.0,0.6036821070546603,0.7718345645795297,0.0,0.678516323511905,0.9328532632605652,1.0,0.9083540078103934,1.0,0.9604509802421493,0.930078773624761,0.0,1.0,0.3107803890778013,1.0,0.9470641462984027,0.2552420832614419,0.9144138150061425,0.5216975927176912,0.5873498599995941,0.0,1.0,1.0,0.3918818637390891,0.15953377060336824,0.9047268091346905,1.0,0.7627205761433249,1.0,1.0
gex_possorted_bam_1WGCZ:AAACGTACACCCACAGx-M2,1.0,0.913681951340269,0.0,1.0,0.9681557467439089,0.9269159549789806,0.7708915281622031,1.0,0.0,1.0,0.0,0.7154544916363769,0.8902089760285465,0.0652297975747542,0.9713799163804865,0.3394263677596344,0.0,0.0,0.8451635341149749,1.0,1.0,1.0,0.9905275804966736,1.0,0.8953527080706455,1.0,0.0,1.0,1.0,1.0,0.761134486568764,0.8904866920427968,1.0,1.0,0.0,1.0,0.39886632190170723,1.0,1.0,0.12257464261321357,1.0,0.0,0.6401233904495455,0.27507109154517345,1.0,1.0,0.1541688481347498,0.0,0.9489908379346162,0.8634549272715678,0.6619121284811076,1.0,0.9911535552390797
gex_possorted_bam_1WGCZ:AACAGCAAGCATGCATx-M2,1.0,0.8309081485978674,0.0,1.0,1.0,0.5032370886591145,0.08750645710047844,1.0,0.4015772766351435,0.8769138261199829,0.0,0.7361864102111495,0.9542237607703021,0.15276606045893323,1.0,0.17245919590215505,0.0,0.0,0.4149833844843239,0.5234623269301126,1.0,0.8656231875465566,1.0,1.0,0.2953795618524966,1.0,0.0,1.0,0.7595954708228678,0.9345891470393918,0.0,1.0,1.0,1.0,0.0,0.9371929389420962,0.19930846116162068,1.0,1.0,0.0,1.0,0.16609212764034023,0.6635269274261141,0.17311344195223885,0.8910439511551191,1.0,0.4180437858114951,0.0,0.9012255834344455,1.0,0.8639599867111022,0.8067538539445063,0.0
gex_possorted_bam_1WGCZ:AACAAAGGTTAAGCGCx-M2,1.0,1.0,0.5831093522035198,0.9638960233506317,0.9606162420854473,0.9161048651000093,0.5240492086816713,0.9857217130095531,1.0,1.0,0.11564418855395737,0.4248495760255857,0.7173490126345942,0.7905693833882216,0.5293664428989204,0.06996306353260577,0.0,0.0,0.9283089791105349,0.0,0.9231919013403038,1.0,0.9589018333846213,0.9003487103418009,0.4710049872826844,0.9414206206477296,0.3862898585210388,0.7495807356850605,0.8134886927959719,0.4723072729476962,0.0,0.7661594342403755,1.0,0.8788324421722815,0.16380544787760254,0.9956065657887407,0.676613211589615,1.0,0.9310999946664893,0.0,1.0,0.27946223840487827,0.6542095820516303,0.0,1.0,1.0,0.0,0.2028353883943387,0.8473620518840114,1.0,1.0,1.0,0.09148518447289569
gex_possorted_bam_1WGCZ:AAAGGAGCATAAACCTx-M2,1.0,0.905673755825652,0.4067490392638352,1.0,1.0,0.7084863927867594,0.0,1.0,0.864483400472342,1.0,0.0,1.0,0.76903659335141,0.26896633686137744,1.0,0.09622662835022389,0.0,0.0,0.8886263966565524,0.8740700274176655,1.0,1.0,1.0,1.0,0.0,1.0,0.0,1.0,0.7159847388685436,1.0,0.32136661338763467,1.0,1.0,1.0,0.0,1.0,0.02980206185934138,1.0,1.0,0.0,1.0,0.14313373946211627,0.9708888967260045,0.27746126765739,1.0,1.0,0.5582212490311153,0.0,1.0,1.0,1.0,1.0,0.2639788332324494
gex_possorted_bam_1WGCZ:AAACGGATCGCTATGGx-M2,0.02739741215343945,1.0,1.0,0.7898922050488629,0.0,0.0,1.0,0.48272636096885674,1.0,0.9637704390563686,0.4176077849270695,1.0,1.0,1.0,0.1417385888525492,1.0,0.8009709533651834,0.719198067516286,1.0,0.0,0.0,0.0,0.0,0.0,1.0,1.0,1.0,1.0,1.0,1.0,1.0,0.0,0.0,0.715957925237503,1.0,0.16064650524760338,1.0,0.2433898708209931,0.23085567308548363,1.0,0.13781547963358057,1.0,1.0,1.0,0.007475229440722906,0.5366091875106196,1.0,1.0,1.0,0.2274728329410621,1.0,0.9358032988170758,0.17703155636994347
gex_possorted_bam_1WGCZ:AACAGCAAGTTAGTTGx-M2,1.0,0.906624351020154,0.0,0.9139619854052107,1.0,1.0,0.5223982776476646,0.9526730703180638,0.33513800146264283,1.0,0.8657125195382521,0.4557481731777334,0.9778901527901329,0.411169821084834,1.0,0.556812246849259,0.47466492582000863,1.0,1.0,0.7159298857542145,1.0,1.0,0.9594402991193519,1.0,0.7390103299295043,0.7741624001205817,0.0,0.9363654270426027,1.0,1.0,1.0,1.0,1.0,1.0,0.0,1.0,0.20546062259327597,1.0,1.0,0.1119492416260914,0.3144792248583685,0.11056371359467618,0.5406653181839519,0.0,1.0,1.0,0.02669937541420195,0.0,0.8773891956518584,0.9470130058364645,0.828789760644815,1.0,1.0
gex_possorted_bam_1WGCZ:AAACAGCCATGCATATx-M2,1.0,0.8961624282541171,0.0,1.0,0.9885554373878118,1.0,0.14423677276275867,0.9840845831204303,0.536912347298363,1.0,0.2911392676562492,0.7117866919537265,0.9075589467956251,0.29327296049802615,0.9411599807013655,0.17249820580636033,0.0,0.6922382999507987,0.9184319766995366,0.3948365302559805,1.0,1.0,1.0,1.0,0.5338780966792585,0.9663106210893293,0.0,1.0,0.560320489623838,1.0,0.5570165308045294,0.9425769901487914,1.0,0.8648862921097943,0.0,1.0,0.05013229850136699,1.0,0.9679005125109413,0.0,1.0,0.29353361508430903,0.43708608567050666,0.0,1.0,1.0,0.0,0.20956984486989552,0.9022144570389166,1.0,0.8616543548980682,1.0,1.0
gex_possorted_bam_1WGCZ:AAAGCACCACAACCTAx-M2,1.0,1.0,0.0,1.0,0.9993690062244439,1.0,0.7322261949148335,1.0,0.7247980640006061,1.0,0.09836708188194426,1.0,1.0,0.6460380523140347,1.0,0.22214757900299217,0.0,0.6017980225468359,0.9645492660833368,0.34664320519563274,1.0,1.0,1.0,1.0,0.8247163921159213,0.9290595674441048,0.0,1.0,0.699816981802733,0.9547231370959033,0.927125502262009,1.0,1.0,1.0,0.0,1.0,0.22596377606591445,1.0,1.0,0.0,1.0,0.3425374035650345,0.7060351384286617,0.19594414114363165,1.0,1.0,0.3223459194877507,0.0,0.9120531214885172,1.0,1.0,1.0,1.0
gex_possorted_bam_1WGCZ:AAAGCTTGTTTAACGGx-M2,1.0,0.9179589276356528,0.0,0.9889212384496586,0.7540803376176072,1.0,0.5565599856389845,1.0,0.7674218383112222,0.8433121882292773,0.029749543222903123,0.6662377437471523,0.6585290742338252,0.598188559736888,0.93452483513774,0.0,0.0,0.19876437911103595,0.882405545385051,0.4035227086189242,1.0,1.0,0.9100739747828809,1.0,0.6540449831055608,0.8261110175273721,0.0341183906214251,0.7357512038069652,0.8208835042542227,0.6627317868771502,0.21919125539301326,1.0,1.0,1.0,0.0,1.0,0.2259146869428468,1.0,0.958211190033008,0.0,1.0,0.13819323974665187,0.6714272617344809,0.0,1.0,1.0,0.0,0.007417866356542853,0.7882982769953208,0.9931888777210532,0.9375290381910767,0.9936477140635187,0.48025325339797964
gex_possorted_bam_1WGCZ:AAAGGACGTTCGGTAAx-M2,0.89940422386706,0.48445244638527735,0.06094940445408289,0.7588831220277601,0.858519174495645,0.6365977327881928,0.6810154661914093,0.9861983703003957,0.5379292174322471,0.7191017881295659,0.0,0.4856965001987062,0.6107173791150188,0.39176428835438026,0.7741868956581628,0.5969340507734807,0.0,0.0,0.611706336394358,0.24861159553179657,0.841238535562728,0.7577190709517874,0.8010775425560899,0.8559287249519412,0.9554252939595979,0.7263058924379464,0.07399645957646753,0.5637821291582858,0.9817496871840226,0.5578873938494352,0.11688486877849208,1.0,0.7303179289359744,0.9383364104949627,0.08241893937548311,0.9603461504887356,0.7922962286193674,0.8677859069876033,0.7987021883189173,0.4748739987734279,1.0,0.2801084497879587,0.6823526043531773,0.0,0.8601453464364217,0.8783609450283523,0.04756522352501659,0.09446036840827214,0.7069342896236956,0.8920400044991293,0.8660082127699733,0.7726539958566613,0.4581511866068991
gex_possorted_bam_1WGCZ:AAAGGAGCAGTGAACGx-M2,1.0,1.0,0.3273803094555554,1.0,1.0,1.0,0.4520807923505638,1.0,0.8332996722454422,1.0,0.0,1.0,1.0,0.5210820096598001,1.0,0.07843307849662644,0.0,0.32190614484547203,0.7554036628085535,0.3966045427277537,1.0,1.0,1.0,1.0,0.8954931253431885,1.0,0.0,0.8105697695946439,0.4580462866778496,0.9812966352137662,0.3316291893035065,1.0,1.0,1.0,0.0,1.0,0.06335921276123767,1.0,1.0,0.0,1.0,0.2850307902848805,0.7592240939991617,0.24058036106329617,1.0,1.0,0.683669321675631,0.0,0.9408417723997421,1.0,0.8840536666202488,1.0,0.744147023401213
gex_possorted_bam_1WGCZ:AACCGCTCAGCAAATAx-M2,1.0,1.0,0.0,1.0,1.0,1.0,0.5934059704973174,1.0,0.43671125804805316,1.0,0.5993607099015602,0.7448589976951456,1.0,0.30746931833925967,1.0,0.3213964094973267,0.240263297562161,1.0,1.0,0.7924647881320716,1.0,1.0,1.0,1.0,0.7693216098469255,0.9323808399532582,0.0,1.0,1.0,1.0,1.0,1.0,1.0,1.0,0.0,1.0,0.1387679979350625,1.0,1.0,0.0,0.8233874805431727,0.260932498433607,0.722256609668447,0.19957478513332572,1.0,1.0,0.08371807936006297,0.2021268644441149,1.0,1.0,1.0,1.0,1.0
gex_possorted_bam_1WGCZ:AAAGCGGGTACCGAACx-M2,1.0,1.0,0.06064435696154797,1.0,1.0,1.0,0.5060956162754273,1.0,0.6707851610227551,1.0,0.0,0.8319350367716252,1.0,0.39826203953540423,1.0,0.4485206269372244,0.0,0.5516170229843519,1.0,0.8516432241636069,1.0,1.0,1.0,1.0,0.5894759061036052,1.0,0.0,1.0,1.0,1.0,1.0,1.0,1.0,1.0,0.0,1.0,0.05804993209222256,1.0,1.0,0.0,1.0,0.09299311053005481,1.0,0.6681394945541775,1.0,1.0,0.5440346298749906,0.0,1.0,1.0,0.9353210969622086,1.0,0.8423419362573563
gex_possorted_bam_1WGCZ:AACCGCTCAGTATGTTx-M2,1.0,0.8209843857749941,0.4851651398042716,1.0,0.8708600115896171,0.7966591318082333,0.08393625435585542,0.9779384400347098,0.5830803851201221,1.0,0.12902621646393014,1.0,0.8944099599088929,0.6016485798539408,1.0,0.17705221363404863,0.0,0.0,0.8928725837367992,0.6634535607198613,1.0,1.0,1.0,1.0,0.31070414273717173,1.0,0.009235977952803178,0.334837440789532,0.46177143505638,1.0,0.48928539500450774,1.0,1.0,0.9317345610253079,0.06115462166446799,1.0,0.12173407223060101,1.0,1.0,0.0,1.0,0.3437126718576292,0.6624341197208526,0.022555579181588303,1.0,1.0,0.7350404915090977,0.0,0.9496145744160618,1.0,1.0,0.9606119539633796,0.6566506596599319
gex_possorted_bam_1WGCZ:AAAGGTTAGGGTCTATx-M2,0.0758444688597621,1.0,1.0,0.9653699170495745,0.04012354682014885,0.6086715481687477,1.0,0.7117509845210073,1.0,0.6389310001888843,1.0,1.0,1.0,1.0,0.10596800551931462,1.0,1.0,1.0,1.0,0.0,0.0,0.0,0.0,0.0,1.0,1.0,1.0,1.0,1.0,0.9682888613217282,1.0,0.2702367033660107,0.0,0.8145155376088287,1.0,0.2140521274180313,1.0,0.10114322303572373,0.0899231787584066,1.0,0.10458418663765182,1.0,1.0,1.0,0.16824637375702228,0.5996156819644616,1.0,1.0,1.0,0.5912161293245524,1.0,1.0,0.0
gex_possorted_bam_1WGCZ:AAACCAACACATTGCAx-M2,1.0,1.0,0.3852815366921327,1.0,1.0,0.9590407403597885,0.05861014150319156,1.0,0.4922694700713246,1.0,0.0,0.9334712427617184,0.8914545775345946,0.4746319381714497,1.0,0.15417605077771562,0.0,0.0,0.9827325262212782,0.5650435242952797,1.0,1.0,1.0,1.0,0.07625046592668502,1.0,0.0,1.0,1.0,1.0,0.4065866361026575,1.0,1.0,1.0,0.0,1.0,0.17665540929431206,1.0,1.0,0.0,1.0,0.3811854115918492,0.7856873842172811,0.739465971346902,1.0,1.0,0.5577527669195862,0.0,1.0,1.0,1.0,1.0,0.060946067717890365
gex_possorted_bam_1WGCZ:AAAGGCTCAGTGAACGx-M2,0.947793146981682,0.908821525710317,1.0,1.0,1.0,0.36461395409368347,0.0,1.0,1.0,1.0,0.0,1.0,1.0,0.7460253295243603,1.0,0.1128036899953957,0.0,0.0,0.0,0.0,0.0,0.3726160869626525,1.0,0.4574956701168677,0.7476141927983022,1.0,0.05133373062702166,0.8931547135764767,0.7159504148385055,1.0,0.0,1.0,1.0,1.0,0.0,0.960288328126366,0.0,1.0,1.0,0.0,1.0,0.0,1.0,0.6943899261693554,0.9101840124367108,1.0,1.0,0.0,1.0,1.0,1.0,1.0,0.11231249166857425
gex_possorted_bam_1WGCZ:AAACGTACAACAACAAx-M2,0.8997097669716797,0.3594889663274842,0.0,0.7365164860023171,0.849129516664446,1.0,0.0797190228166953,0.8322180853155972,0.01313928029477044,0.6505512251203979,0.36772053072125793,0.0,0.4618889388492293,0.24659178180828756,0.8106403566691127,0.0,0.2684679115316562,0.5732492722530275,0.7573917743414019,0.7598982437955982,1.0,1.0,0.8744964883632226,1.0,0.30761100713164885,0.6531534879452546,0.09258618344912381,0.5110689131021763,0.4861825495925332,0.6334272100187225,0.1477617376063189,1.0,0.9310119898122697,0.7788914904592723,0.05465178079671751,0.8299301180497471,0.16808620046222478,0.7766184522060947,0.7832140590449085,0.0,1.0,0.2077227781414258,0.30821973315788426,0.0,0.8617104487366676,0.7488596805214265,0.2117298837384319,0.15487859627219244,0.6716730366669581,0.769761949012549,0.5355033494691076,0.7041163058549035,0.5197985252800876
gex_possorted_bam_1WGCZ:AAATCCGGTTGTTGCTx-M2,1.0,1.0,0.6418649347128297,1.0,1.0,1.0,0.37180368136745934,1.0,0.38523204684672274,1.0,0.0,0.8705802400467667,1.0,0.3181167856837214,1.0,0.047781780324728,0.0,0.0,0.8767606854678327,0.8493655748278869,1.0,1.0,1.0,1.0,0.512038599354662,1.0,0.0,0.9890179093017695,0.8438700063572311,1.0,1.0,1.0,1.0,1.0,0.0,1.0,0.0154237630071342,1.0,1.0,0.0,1.0,0.15551951877997494,0.8872145531611287,0.585268664982038,1.0,1.0,0.39196685895612543,0.0,1.0,1.0,1.0,1.0,1.0
gex_possorted_bam_1WGCZ:AACAAGCCACTAGCGTx-M2,0.9568391932892963,0.9105402905984055,1.0,1.0,1.0,0.45782657597439325,0.0,1.0,0.9341350038744801,1.0,0.0,1.0,1.0,0.507899083646196,1.0,0.09608325646573641,0.0,0.0,0.0,0.15795950696819677,0.0,0.5234746913675394,1.0,0.4581231994169959,0.6312873173778243,1.0,0.0,0.9558219214760795,0.8966286226525039,1.0,0.0,1.0,1.0,1.0,0.0,1.0,0.0,1.0,1.0,0.0,1.0,0.0,1.0,1.0,1.0,1.0,1.0,0.0,1.0,1.0,1.0,1.0,0.14335424507885375
gex_possorted_bam_1WGCZ:AAACCAACACAGGAATx-M2,0.07859657310913455,1.0,1.0,0.9575271888048613,0.15587155347589168,0.1488610207380466,1.0,0.7510025493058494,1.0,0.6820164979927164,0.5285931507002355,1.0,1.0,1.0,0.20409939982194994,1.0,0.7701506523334853,1.0,1.0,0.0,0.0,0.0,0.0,0.0,1.0,1.0,1.0,1.0,1.0,1.0,1.0,0.0,0.0,0.7466950070143349,1.0,0.24469305634223992,1.0,0.175716781993876,0.16249299629506742,1.0,0.2519928375058835,1.0,1.0,1.0,0.09287413772542397,0.5679501557208301,1.0,1.0,1.0,0.6117435336084657,1.0,0.9603160842830586,0.0
gex_possorted_bam_1WGCZ:AACCTCCTCTCACACCx-M2,1.0,0.8484834608371515,0.0,1.0,0.9495331273033609,1.0,0.6268777195363473,1.0,0.5893879427686315,1.0,0.2759953516598509,0.8599926493995262,0.8624228412144519,0.3945278918789202,1.0,0.1664566202983138,0.04463512871537837,0.8051271757054146,1.0,0.6051185697552411,1.0,1.0,1.0,1.0,0.6792779951377993,0.8784351392366473,0.0,0.8300670702290289,1.0,1.0,0.9476150377721076,1.0,1.0,1.0,0.0,1.0,0.23325295839151677,1.0,1.0,0.02178878680767705,0.8621801073044032,0.11698584045939742,0.6241138867841509,0.0,1.0,1.0,0.14971867750802673,0.0,0.911304517668231,1.0,1.0,1.0,0.9691938295154866
gex_possorted_bam_1WGCZ:AAGACCAAGGGCTAAAx-M2,0.7699724148220883,1.0,1.0,1.0,1.0,0.622335311801552,1.0,1.0,1.0,1.0,0.0,0.24128925917159705,1.0,0.9497914657424182,0.951991474460723,0.0,0.0,0.0,0.41277487092943393,0.4047037606561743,0.16929738862610083,0.47175325112373423,1.0,0.012965218198289372,1.0,1.0,0.5775932234929559,0.5689613476225752,1.0,0.45216832880052416,0.0,1.0,1.0,1.0,0.2003241769398283,0.9694104651630697,0.0,1.0,1.0,0.12099341926616769,1.0,0.0,0.9185647727746763,1.0,0.46410627621119943,1.0,1.0,0.0,1.0,1.0,0.7438867622572011,1.0,0.5114430329831643
gex_possorted_bam_1WGCZ:AAGCTCCCAATCCCTTx-M2,1.0,0.8209903796509505,0.6996491607259868,1.0,1.0,0.8413525370703243,0.16468966013477515,1.0,0.2768547034485474,1.0,0.0,0.8765486916217726,0.9452796002477176,0.27172286612683516,1.0,0.0,0.0,0.0,0.8055840977169509,0.7092407143083753,1.0,1.0,1.0,1.0,0.03552499309366694,1.0,0.0,0.9977969273625721,0.9251493703454045,1.0,0.4557201430914249,1.0,1.0,1.0,0.0,1.0,0.13689392990232355,1.0,1.0,0.0,1.0,0.11635962255935857,0.7265057829296458,0.28695417356835345,1.0,1.0,0.5313875993710093,0.0,1.0,1.0,1.0,1.0,0.23140809228249268
gex_possorted_bam_1WGCZ:AACCTCCTCCTCGATCx-M2,0.0,1.0,1.0,0.7838542441603549,0.0,1.0,1.0,0.3616725463320833,1.0,0.35989897505158563,1.0,1.0,1.0,1.0,0.09142918242781087,1.0,1.0,1.0,1.0,0.0,0.0,0.0,0.0,0.0,1.0,1.0,1.0,1.0,1.0,1.0,1.0,0.0,0.0,0.4806393029971038,1.0,0.10577828434174107,1.0,0.13300144240684644,0.08660837439419236,1.0,0.09104551970120313,1.0,1.0,1.0,0.0,0.46574869758118737,1.0,1.0,0.9361445996933989,0.3104767289193806,1.0,0.8343017980443199,0.0
gex_possorted_bam_1WGCZ:AACCTCCTCTCTAGCCx-M2,1.0,1.0,0.06520634776974872,1.0,1.0,1.0,0.40164989079728525,1.0,0.509728713161836,1.0,0.0,0.7711321225303035,0.9036597186574497,0.26415297561062434,1.0,0.18567393937390722,0.0,0.0,0.6938365024336121,0.7795906128968589,1.0,1.0,1.0,1.0,0.5821649644409346,1.0,0.0,0.8359705753452163,0.850328940273063,1.0,0.3772774624929343,1.0,1.0,1.0,0.0,1.0,0.13310806939821848,1.0,1.0,0.0,1.0,0.27149997135337434,0.7526805740541356,0.11820660877883732,1.0,1.0,0.6742986543466255,0.003542580366797368,0.9971543566850516,1.0,0.9137687670723045,1.0,0.5558972350838253
gex_possorted_bam_1WGCZ:AACGACAAGTTATGGCx-M2,1.0,1.0,0.0,1.0,1.0,1.0,0.5248752218961269,1.0,0.755365497073205,1.0,0.26429431580348295,0.9898290336534615,0.9533681677105678,0.19980855693128974,1.0,0.22515796911589406,0.0,0.7583206897984811,1.0,0.8460054039834937,1.0,1.0,1.0,1.0,0.6775682927769482,0.9550073691514501,0.0,0.9142103927334356,1.0,1.0,1.0,1.0,1.0,1.0,0.0,1.0,0.032693348070888084,1.0,1.0,0.0,0.9328957467679958,0.10424448896836183,0.8407119802872247,0.27769466250986824,1.0,1.0,0.4081368312659727,0.05905990198736272,0.9590026406798919,1.0,1.0,1.0,1.0
gex_possorted_bam_1WGCZ:AAGCATGAGGGTGAACx-M2,1.0,1.0,0.0,1.0,0.7263700551150618,1.0,1.0,1.0,0.9098383663649031,1.0,0.0,1.0,0.9792374520341194,0.9149755615696528,1.0,0.40625662558317427,0.0,0.23051727883372938,0.7757548891736783,0.48285549643575304,1.0,1.0,0.9822085400866934,1.0,0.8055128965305544,0.8754896660985804,0.0,1.0,1.0,0.9600482083540159,1.0,0.9750426193652926,1.0,1.0,0.0,1.0,0.5915769602666394,1.0,1.0,0.3203970606849229,1.0,0.5186515764049717,0.8215600051227241,0.5122293104309374,1.0,1.0,0.3507077695024096,0.005885684955197037,1.0,1.0,1.0,1.0,0.9208958241712417
gex_possorted_bam_1WGCZ:AACCTCACAGGACCAAx-M2,0.10308097464063656,1.0,0.9371587079723666,1.0,0.0,0.0,1.0,1.0,1.0,0.7156382111639903,0.0,1.0,1.0,1.0,0.13792597053283437,1.0,0.0,0.0,1.0,0.0,0.0,0.0,0.0,0.0,1.0,1.0,1.0,1.0,1.0,0.8762436882374613,0.819173308976861,0.33307789849262337,0.0,0.912961994568243,1.0,0.3165618001677562,1.0,0.0,0.03233247280921005,1.0,0.19233700391783073,1.0,1.0,1.0,0.13939014533939462,0.4869127478254852,1.0,1.0,1.0,0.640036608487909,1.0,0.931130628604793,0.0
gex_possorted_bam_1WGCZ:AAGCTATGTTAGCGTAx-M2,1.0,1.0,0.0,0.9531374522040951,1.0,1.0,0.6086335211925238,1.0,0.6786622894077189,0.9151465701172994,0.34802933802659103,0.9533408123020727,0.9453225994712072,0.2865791550693659,1.0,0.14286247386316403,0.1851012180922971,1.0,1.0,0.4550125412527051,1.0,1.0,1.0,1.0,0.9000235138326904,0.8498854225997792,0.0,0.8615274365586256,0.9811663786360643,1.0,0.6514236772913821,1.0,1.0,1.0,0.0,1.0,0.08146078743170979,1.0,1.0,0.0,0.8545995183725338,0.10299260344763414,0.6914461960252115,0.25099415191507596,1.0,1.0,0.10651660194211386,0.0,0.8898081747495622,1.0,0.9361928365073168,1.0,0.7120791766891452
gex_possorted_bam_1WGCZ:AACCTAATCATCCTATx-M2,1.0,1.0,1.0,1.0,1.0,1.0,0.6477138785936227,1.0,1.0,1.0,0.0,0.4474281609862981,1.0,0.19870223123908856,0.4539752247259606,0.0,0.0,0.0,0.5596591286478195,1.0,1.0,1.0,1.0,0.7107494941851497,1.0,1.0,0.4651905463624591,1.0,1.0,0.36096041510258997,0.0,0.6258634992462795,1.0,1.0,0.0,1.0,0.3800489299543489,1.0,1.0,0.0,1.0,1.0,0.41001173104781496,0.6646340260364622,0.9409912647207265,1.0,1.0,0.13495887273154236,1.0,1.0,1.0,0.864493867455337,1.0
gex_possorted_bam_1WGCZ:AAGCGCTGTATCTGGAx-M2,0.8915016872286146,1.0,1.0,1.0,1.0,0.9494690846438834,1.0,1.0,1.0,1.0,0.0,0.4145333150674798,1.0,0.9076965557440737,0.9039081916065165,0.119409836904172,0.0,0.0,0.7013014614353411,0.9528637548822374,0.7604683162148376,0.6750761187246301,1.0,0.4660842487567835,1.0,1.0,0.4768372993839778,0.892880760412876,1.0,0.5745539066546164,0.27334258929997146,1.0,1.0,1.0,0.22663590427367653,1.0,0.20446936956155695,1.0,1.0,0.20075340320899943,1.0,0.2836494974037317,0.8717503961209311,1.0,0.7848284698706396,1.0,1.0,0.0,1.0,1.0,0.6942691337768456,0.9902517684016977,0.9064584405387605
gex_possorted_bam_1WGCZ:AAGCTATGTTCACCCAx-M2,1.0,0.45996267429015036,0.013892428648383767,1.0,0.9482918608452381,1.0,0.639337238382504,1.0,0.2825806553407312,0.9691968593728805,0.0,1.0,1.0,0.16101553083104161,1.0,0.0,0.0,0.0,0.9520290538353869,1.0,1.0,1.0,1.0,1.0,0.7164430073104426,0.9945377097171317,0.0,1.0,1.0,1.0,0.3351743200386344,1.0,1.0,1.0,0.0,1.0,0.3601131425680979,1.0,1.0,0.0,1.0,0.5044099249520769,0.6599455238112942,0.0,1.0,1.0,0.41176075133236417,0.32792787147943214,0.9758037962113412,0.8965360075506422,1.0,1.0,0.8000028989475357
gex_possorted_bam_1WGCZ:AAGCCTGTCGGCCAGTx-M2,0.09782343149306907,1.0,0.7506546312622038,0.9639483547510403,0.0,0.0,1.0,0.9351532163622628,1.0,0.6685543227241054,0.0,1.0,1.0,1.0,0.1405645158804765,1.0,0.0565851840358688,0.006429468675444196,1.0,0.0,0.0,0.0,0.0,0.0,1.0,1.0,1.0,1.0,1.0,0.8531469924981999,1.0,0.033595210692922504,0.0,0.7792596103721667,1.0,0.27280733526628237,1.0,0.022143854939036606,0.0,1.0,0.04977060055188736,1.0,1.0,0.5779638632553237,0.12776021867745246,0.5437320576870454,1.0,1.0,1.0,0.6206765967912543,1.0,0.9400044878331378,0.0
gex_possorted_bam_1WGCZ:AACGCTAGTTCCTGTGx-M2,1.0,0.890487275603876,0.0,0.9900814015363004,1.0,0.7904300965444263,0.13561694711404657,1.0,0.788397162789649,0.8265472168733823,0.0,1.0,0.8610827292449277,0.2847637763893662,1.0,0.0,0.0,0.0,0.6672426776180475,0.5405436794210401,1.0,1.0,1.0,1.0,0.22870432877306107,0.9861017377378771,0.0,0.8126892291624472,0.790652162708707,1.0,0.08523214437401891,1.0,1.0,0.9276776677755025,0.0,1.0,0.0125732791695842,1.0,1.0,0.0,1.0,0.223210298727491,0.6663716393024015,0.39007817755133284,1.0,1.0,0.3800927011063263,0.07719428170576459,0.8799527505129401,1.0,0.8824664701269118,0.9123339666445317,0.10657624876737584
gex_possorted_bam_1WGCZ:AACCTTGCAGTTAGCCx-M2,0.7870361487089372,1.0,1.0,1.0,1.0,0.14729827520906,1.0,1.0,1.0,1.0,0.0,0.25814014188535217,1.0,0.982851282369116,0.908022451851211,0.0,0.0,0.0,0.2827001541493684,0.07729056208582766,0.0,0.1868981946088828,1.0,0.0,1.0,1.0,0.5934613529384908,0.28847960601135636,1.0,0.2808167456013462,0.0,1.0,1.0,1.0,0.2428808858332025,0.8375173312750562,0.0,1.0,1.0,0.08902630095241439,1.0,0.0,0.6688695936325779,1.0,0.28829861430714104,1.0,1.0,0.0,1.0,1.0,0.9240432700189637,0.9018596108845908,0.0
gex_possorted_bam_1WGCZ:AACGCCCAGGAGCATAx-M2,1.0,1.0,0.21441688824399416,1.0,1.0,1.0,0.3732716503773547,1.0,0.44383987309625295,1.0,0.443837895463218,0.8207570064975156,0.9784932690475695,0.43275011369948163,1.0,0.3702271619515191,0.20629213632036245,0.9796500679565421,1.0,0.836516329003519,1.0,1.0,1.0,1.0,0.653269347127306,1.0,0.0,1.0,1.0,1.0,0.8702802659858772,1.0,1.0,1.0,0.0,1.0,0.0058766388632610625,1.0,1.0,0.0,1.0,0.2654668919889407,0.8832241852600781,0.5481454548075855,1.0,1.0,0.16161031965492545,0.19791405481604715,1.0,1.0,1.0,1.0,0.9393683537779246
gex_possorted_bam_1WGCZ:AAGACAAGTGTTGTGAx-M2,0.6878249825607111,0.6750119827744808,0.0,0.548950390219098,0.3733956547173005,0.45872052445159317,0.1043756629324137,0.7034804364156786,0.550398393034125,0.6724107993576899,0.0,0.6155237048620401,0.45396826963094994,0.0,0.6880049408297702,0.09095970403665218,0.0,0.0,0.14850776992016612,0.9126085223540952,0.9245472003083457,0.8036993796938031,0.6712107076018112,1.0,0.14284088689109614,0.564806740226102,0.1151092912380229,0.577948756490575,0.4339992868078618,0.6303979826030874,0.29240115072479395,0.6929995421534876,0.7103185088093626,0.6065559126803303,0.12313064190771168,0.7061242205695334,0.25728437285428496,0.6709047382631695,0.6263912455373561,0.24432512920329816,1.0,0.32343918834016033,0.37718643117243206,0.0,0.6343245610454549,0.6432675808475206,0.020484079317676044,0.12201121128021818,0.5896501888249716,0.6223540450440851,0.4155058798935072,0.5535948873117573,0.4642745807507629
gex_possorted_bam_1WGCZ:AAGCCTCCACTTCATCx-M2,1.0,0.976255029865273,0.0,0.9887293351656484,0.9886476787205641,1.0,0.5583398935964465,1.0,0.6398614185062013,0.9939247609062194,0.15069291880355304,0.8848934304497091,0.8791365478971688,0.49615537142872496,1.0,0.46846467116586726,0.0,0.7560147210249991,0.9341490214518368,0.6636877615115392,1.0,1.0,1.0,1.0,0.6613517356678132,0.8266866963692296,0.0,0.9196115210537368,1.0,1.0,0.9863358473279948,0.929452189354175,1.0,1.0,0.0,1.0,0.3053607762640135,1.0,1.0,0.13625755839397433,0.8992281231026701,0.28429515850746234,0.6905133559672243,0.2847522965954047,1.0,1.0,0.18354795669435922,0.0,0.9473197532749738,0.9957218348065854,1.0,1.0,0.9543532605036018
gex_possorted_bam_1WGCZ:AACCTAATCCTTCGTAx-M2,1.0,1.0,0.6768900048222467,1.0,1.0,1.0,0.3099963268534407,1.0,1.0,1.0,0.0,1.0,1.0,0.39274119931949836,1.0,0.01852644947750605,0.0,0.12950439487317827,0.9689351431402091,1.0,1.0,1.0,1.0,1.0,0.5874678161801778,1.0,0.0,1.0,1.0,1.0,0.5450797131733071,1.0,1.0,1.0,0.0,1.0,0.0,1.0,1.0,0.0,1.0,0.06396275658001355,1.0,0.9086976047830344,1.0,1.0,0.6384303027513557,0.0,1.0,1.0,1.0,1.0,0.44413869235640213
gex_possorted_bam_1WGCZ:AAGACATAGGGTGAGTx-M2,0.027445095125900217,0.8384037419725681,1.0,0.6087990588081631,0.0,0.0,1.0,0.6244639056619486,1.0,0.16198905711745173,0.16508625624384757,1.0,1.0,1.0,0.0,1.0,0.241415351804607,0.0,1.0,0.0,0.0,0.0,0.0,0.0,1.0,0.8970465716157198,1.0,1.0,1.0,0.3466560934548932,0.9104298186887638,0.00041889359332553355,0.0,0.6706480747789563,1.0,0.09900563116744426,1.0,0.0,0.0,1.0,0.08735970062877714,1.0,1.0,1.0,0.0,0.34176766621862853,1.0,1.0,0.6978799416535024,0.29290906445790243,1.0,0.5737493358976642,0.0
gex_possorted_bam_1WGCZ:AACTCACAGAACCTGTx-M2,1.0,0.965248450297518,1.0,1.0,1.0,1.0,0.0,1.0,0.9053863942621845,1.0,0.0,0.9932383504933276,0.9420441191018537,0.5663905610170158,1.0,0.28708581452644644,0.0,0.12106463079685749,0.37652504670256615,0.5482008751528867,0.8243017204982442,1.0,1.0,0.8649896285009375,1.0,1.0,0.0,1.0,0.5334695520893004,1.0,0.0,1.0,1.0,1.0,0.0,1.0,0.0,1.0,1.0,0.0,1.0,0.0,1.0,0.9974261841223208,1.0,1.0,1.0,0.0,1.0,1.0,0.7068050322743034,1.0,1.0
gex_possorted_bam_1WGCZ:AACGGTAAGTAGGATGx-M2,0.0,1.0,1.0,0.38556060012687576,0.0,0.0,1.0,0.2807620573306727,1.0,0.326071633424179,1.0,1.0,1.0,1.0,0.0,1.0,1.0,0.34135068422373055,1.0,0.0,0.0,0.0,0.0,0.0,1.0,0.5384409411902332,1.0,1.0,0.8008237429880758,0.3340023940847124,1.0,0.0,0.0,0.47668602446543656,1.0,0.0,1.0,0.0,0.0,1.0,0.1770830184670091,1.0,1.0,1.0,0.0,0.2054498948225141,1.0,1.0,0.5637403083559341,0.09952079895911667,1.0,0.364747928809453,0.0
gex_possorted_bam_1WGCZ:AAGCTATGTGTCCAAAx-M2,1.0,0.9643260954801179,0.0,0.9383775697649964,1.0,1.0,0.3176410878930811,1.0,0.5804295302634553,0.8202888361595934,0.5881037267275148,0.5480079090310561,0.5927162368902331,0.5880339913939712,1.0,0.0,0.23992232477944345,1.0,1.0,0.24653304230717699,1.0,1.0,1.0,1.0,0.44453941829460747,0.8699469007724168,0.0,0.8250793851406667,0.9446942363848617,0.9197023319707684,0.663827516508554,1.0,1.0,1.0,0.0,1.0,0.1120716438925128,0.9386594828530893,0.9632623599316333,0.0,1.0,0.5448755423564736,0.5603276599724769,0.3595370928654861,1.0,1.0,0.24300260384705002,0.12241824824661968,0.8388086968861833,0.987957440068417,0.8533908632587812,0.9664543146979824,0.8139663915349025
gex_possorted_bam_1WGCZ:AACCTTGCAGCTCAACx-M2,1.0,0.9335403854211041,0.0,1.0,1.0,1.0,0.5758114889383644,1.0,0.7806709710441382,1.0,0.421397346617026,1.0,0.9344805373924825,0.18408955325087367,1.0,0.17054661999662796,0.05141235999088127,0.9584452748890837,1.0,0.8594708895810399,1.0,1.0,1.0,1.0,0.48757761792736776,0.9412248918086221,0.0,1.0,1.0,1.0,1.0,1.0,1.0,1.0,0.0,1.0,0.17181208068734052,1.0,1.0,0.0,0.9504989740868766,0.08374933458616061,0.7585156602531513,0.2353102322010559,1.0,1.0,0.0,0.0,1.0,1.0,1.0,1.0,1.0
gex_possorted_bam_1WGCZ:AAGGATGTCTTAGGACx-M2,0.9165733294387682,1.0,0.5244682307076393,0.9709809774500214,0.7133518177987371,1.0,1.0,1.0,1.0,1.0,0.0,1.0,1.0,1.0,0.8242528642706172,0.6549664929885025,0.0,0.10621333292433567,0.4924331337588265,0.9587369205718737,1.0,0.8845805304060871,0.8323486992134228,1.0,0.7506992729697421,0.7856972809107715,0.0,1.0,1.0,0.7262823361246549,1.0,1.0,0.8886057549349515,1.0,0.0,1.0,0.4858544577772683,0.8896819254853499,0.9851884163658909,0.434959882125917,0.9509171068603292,0.7087075534801138,0.8562826823588111,1.0,1.0,1.0,0.8583675854706747,0.0,1.0,1.0,1.0,0.9634335960688851,0.5390801081627504
gex_possorted_bam_1WGCZ:AACTAGCTCTTTAGGAx-M2,1.0,0.8712763582659957,0.045421749473357975,1.0,1.0,1.0,0.16165401787238562,1.0,0.33732446184516524,0.9962233043492553,0.19345643760255168,0.2514114146590211,0.7903164296608388,0.12338462864150468,1.0,0.024479528643753714,0.0,0.29648006159018314,1.0,0.9011058038910034,1.0,1.0,1.0,1.0,0.4589547308976866,0.9923170430922063,0.0,0.908849050037294,0.9241332556010552,1.0,0.6703586190518847,1.0,1.0,1.0,0.0,1.0,0.11429036176518119,1.0,1.0,0.0,1.0,0.26538746833612387,0.6343389859064016,0.18877365154900383,1.0,1.0,0.17765770475076348,0.0,1.0,1.0,1.0,1.0,0.816345845233574
gex_possorted_bam_1WGCZ:AAGCTAGAGAATCTCAx-M2,0.9846671216142614,1.0,0.0,0.9651648235028998,0.9992220238534908,1.0,0.464868548998968,0.9363822423152477,0.05603772586911337,1.0,1.0,0.27036344024626313,0.8739393872830811,0.8587974553469165,1.0,0.6871206372333727,1.0,1.0,1.0,0.5371160550177113,1.0,1.0,0.9247314025368494,1.0,0.6776670113318857,0.692623319776354,0.0,0.9153325548238944,1.0,0.9167243335776305,1.0,0.7588411317180026,0.9127796296769665,0.8998624130599903,0.0,1.0,0.08505360614317296,1.0,1.0,0.02814598626920027,0.2599019711622801,0.06145238218636058,0.3403765324642178,0.16017377460037996,1.0,0.9737897161733294,0.0,0.37296069277820354,0.7978552108101993,0.8875407906807458,0.8289924164854588,1.0,1.0
gex_possorted_bam_1WGCZ:AAGCCACGTCACAGCGx-M2,1.0,1.0,0.0,1.0,1.0,1.0,0.6829741324979267,1.0,0.0,1.0,1.0,0.6413155775287827,1.0,0.8316612430341398,1.0,0.701326030930496,0.7885919889215305,1.0,1.0,0.4406645545112535,1.0,1.0,1.0,1.0,0.8694389809552022,0.8604586748171277,0.0,1.0,1.0,1.0,1.0,0.9519276329629413,1.0,1.0,0.0,1.0,0.22458107279237,1.0,1.0,0.16773520642951006,0.4855780087299788,0.35543554798546456,0.5483787586980453,0.15990174103830088,1.0,1.0,0.07461784391375836,0.00982858069746539,0.9576119015486063,0.991392411409957,0.9697007366599747,1.0,0.8990631064908411
gex_possorted_bam_1WGCZ:AAGCTTGGTGGTTCTTx-M2,1.0,0.9027646092683954,1.0,1.0,1.0,0.8081807173789436,0.1432220175680989,1.0,0.8976884328419366,1.0,0.0,1.0,0.9385377611455468,0.3723678637324948,1.0,0.132465067619245,0.0,0.0,0.27315312486473053,1.0,0.958765961695138,0.9183365523911926,1.0,1.0,0.5135470188741067,1.0,0.0,1.0,0.9011073347664885,1.0,0.0,1.0,1.0,1.0,0.0,1.0,0.1542831598383774,1.0,1.0,0.0,1.0,0.0,1.0,0.8533973205516759,1.0,1.0,1.0,0.0,1.0,1.0,0.7835853266419454,0.9168790458774895,0.7339131136955336
gex_possorted_bam_1WGCZ:AAGCAAGTCCCTGTTAx-M2,1.0,0.9369680756002128,0.12138148514031889,1.0,1.0,1.0,0.5447439763399052,1.0,0.5185070107289378,1.0,0.0,0.680227852067667,0.9464941691226856,0.10046173008131398,1.0,0.17957275679930712,0.0,0.24651070026293587,1.0,0.9697824811246641,1.0,1.0,1.0,1.0,0.4998781902307984,1.0,0.0,0.928045955292318,0.9661721678079989,1.0,0.6155824448267584,1.0,1.0,1.0,0.0,1.0,0.12075173731931058,1.0,1.0,0.0,1.0,0.13246675769326538,0.872202067174613,0.1366048461862836,1.0,1.0,0.5172368738239347,0.23184960825734438,1.0,1.0,1.0,1.0,0.8756445486724299
gex_possorted_bam_1WGCZ:AAGACAAGTGCCGCAAx-M2,0.19142772717707568,1.0,1.0,0.9378582085432087,0.03319592084971284,0.0,1.0,0.704666660579399,1.0,0.8604351258481826,0.0,1.0,1.0,1.0,0.4281641545645183,1.0,0.0,0.0,1.0,0.0,0.0,0.0,0.0,0.0,1.0,1.0,1.0,1.0,1.0,0.9402754190355262,1.0,0.5006461625008088,0.0,0.9509231503506722,1.0,0.36664715821542326,1.0,0.2742762084514125,0.21669263936091862,1.0,0.2714503820680583,1.0,1.0,1.0,0.11936417916334317,0.44367654166609793,1.0,1.0,1.0,0.6142987970743627,1.0,1.0,0.0994998599146857
gex_possorted_bam_1WGCZ:AAGCTAGAGTAGCTTAx-M2,0.7366830187662295,1.0,1.0,1.0,1.0,0.9502846325506487,1.0,1.0,1.0,1.0,0.0,0.23925240062898517,1.0,0.9133858517543719,0.7557536887300954,0.18134024941809782,0.1748372382270736,0.0,0.6237524472633594,1.0,0.6668432459621004,0.5635916343801843,1.0,0.3389969094761293,1.0,1.0,0.6198407348167253,0.7755717974806434,1.0,0.37201399862939943,0.32289564998375764,1.0,0.8863954445221512,1.0,0.35515415725973676,0.9162950131521259,0.28909444028777653,0.901782995784268,1.0,0.35208114231129006,1.0,0.45676912339279807,0.7412970603908675,1.0,0.5954549823764468,1.0,1.0,0.0,1.0,1.0,0.5570865896427043,0.8134884991729937,1.0
gex_possorted_bam_1WGCZ:AAGACATAGACAAGTGx-M2,0.09652800767533598,1.0,1.0,0.8241973714427377,0.0,0.0,1.0,0.6369108554270219,1.0,0.7156075544610024,0.030872870843467765,1.0,1.0,1.0,0.2579908224798271,1.0,0.11712100091686486,0.0,1.0,0.0,0.0,0.0,0.0,0.0,1.0,1.0,1.0,1.0,1.0,0.5331659706583531,1.0,0.0,0.0,0.6237263777527118,1.0,0.197713270036928,1.0,0.030275812145512684,0.05783246430181282,1.0,0.43930410957771276,1.0,1.0,1.0,0.0,0.47569844243897946,1.0,1.0,0.9496335965434799,0.6606756545156716,1.0,0.850183534465719,0.0
gex_possorted_bam_1WGCZ:AAGCATGAGCCTGATGx-M2,1.0,0.7924574343379535,0.17515100121169352,1.0,1.0,1.0,0.44793909644727625,1.0,0.5610066487316537,1.0,0.0,0.7452489263207012,0.8880995329308706,0.21815980398791496,1.0,0.0,0.0,0.3124137222891369,0.8387546253640856,0.5212543781920606,1.0,1.0,1.0,1.0,0.7282297143401129,1.0,0.0,1.0,0.8166465035594671,1.0,0.7015086651104455,1.0,1.0,1.0,0.0,1.0,0.05737270738958064,1.0,1.0,0.0,1.0,0.2995696292719414,0.9296700659443659,0.47977459070468215,1.0,1.0,0.23187055053450756,0.0,1.0,1.0,0.9206617759722294,1.0,1.0
gex_possorted_bam_1WGCZ:AAGACATAGGCTGGCTx-M2,1.0,0.9199402075245422,0.0,1.0,1.0,0.8484261413417996,0.40969120032992995,1.0,1.0,1.0,0.0,1.0,0.8500425560204297,0.37874743057272836,1.0,0.1063447907938473,0.0,0.0,0.9477446617471701,0.5091755274773195,1.0,1.0,1.0,1.0,0.7775807852924593,1.0,0.0,0.841850489112925,0.7687840693058295,1.0,0.3878171744962077,1.0,1.0,0.9956346234845954,0.0,1.0,0.012421986807975616,1.0,1.0,0.0,1.0,0.01580680183612458,0.9944339063958505,0.3632165518024699,1.0,1.0,0.28534326312411984,0.0,0.951243228650711,1.0,1.0,1.0,0.29732564469041917
gex_possorted_bam_1WGCZ:AAGCGAGGTTGCGCGAx-M2,1.0,0.9955603926646822,0.0,1.0,1.0,1.0,0.18613306417590136,1.0,0.4734408874984426,1.0,0.0,1.0,0.7104930883586112,0.5157877668051176,1.0,0.17193344306418948,0.0,0.08973525111647243,0.9239365960550121,0.6987623402492608,1.0,1.0,1.0,1.0,0.012285992860499634,0.9908308218880764,0.0,0.9480580905065377,1.0,1.0,0.6854911020714046,1.0,1.0,1.0,0.0,1.0,0.15586916468912776,1.0,1.0,0.0,1.0,0.3736305713709154,0.7873208854418116,0.3800406233858864,1.0,1.0,0.2604405288906158,0.006167020294335593,1.0,1.0,1.0,1.0,0.6156817942040498
gex_possorted_bam_1WGCZ:AACCTCACAAACCTATx-M2,0.10114869396900597,0.5862102581267921,1.0,0.34079244047571733,0.0,0.7905922621343849,1.0,1.0,0.6568033091532648,1.0,0.0,1.0,0.31808137701925343,1.0,0.6830947043740806,0.6471756698189879,1.0,1.0,1.0,1.0,0.34620650736154385,0.0,0.4666560088886326,0.32606166632277744,0.08645202422547975,0.06841692522233218,0.0,1.0,1.0,0.43590816978449215,0.0,0.0,0.43888059675385094,0.010904599126850947,1.0,0.8732371029590499,0.46484131409038093,0.6314507149489671,1.0,0.6047669664902897,1.0,1.0,0.5884475361719275,0.15895833406889373,1.0,0.0,1.0,0.8651495431168574,0.16981728154689343,1.0,0.0,0.0,1.0
gex_possorted_bam_1WGCZ:AAGCTTGGTTGGATCAx-M2,0.050578608523780516,1.0,1.0,1.0,0.043990102235315506,0.0,1.0,0.7357254496299875,1.0,0.8062452868602866,0.0,1.0,1.0,1.0,0.15317326214492233,1.0,0.0,0.0,1.0,0.0,0.0,0.0,0.0,0.0,1.0,1.0,1.0,1.0,1.0,0.787103276725139,1.0,0.14873917964865513,0.0,0.897295784327668,1.0,0.2274334309323143,1.0,0.011665791997863417,0.019921328624235627,1.0,0.09498716783060454,1.0,1.0,0.0,0.0,0.582588706299385,1.0,1.0,1.0,0.6618991299058363,1.0,1.0,0.0
gex_possorted_bam_1WGCZ:AAGCGCTGTTAGCTGAx-M2,0.44272299387152797,0.0,0.0,0.38210765144795356,0.45754206762582017,0.6830395314290582,0.0,0.2965718002713431,0.0,0.0,0.8851469349577767,0.0,0.0,0.2895497425718239,0.22422565651512655,0.2117023206099148,0.661545538025359,1.0,0.3375145653676653,0.5475770802419319,0.7187029647716898,0.8770875873753328,0.5791664226802216,0.7050731966012487,0.0,0.31268889664858124,0.004979250774601286,0.22619024767526916,0.05232332360633103,0.4581309385160659,0.0,0.34542944441934864,0.467049720999355,0.1841557660817956,0.10169574443748318,0.35387795243039266,0.0,0.4284227953260608,0.37670534605711375,0.0,0.6075618839500383,0.0,0.0,0.0,0.26052455877726216,0.3392701300326267,0.0,0.7069361975443123,0.2337375163739483,0.2312301314788755,0.3609104619482442,0.3463027405755178,0.5381834310729804
gex_possorted_bam_1WGCZ:AAGCGTTTCGCTCACTx-M2,1.0,0.7344801916388847,0.0,1.0,1.0,1.0,0.6923941247025994,1.0,0.4875185650138449,1.0,0.3667724600747398,0.2809350850585905,0.9882805803013894,0.0,1.0,0.47520969333361396,0.031924637356637246,0.708807359644775,1.0,1.0,1.0,1.0,1.0,1.0,0.863070106170189,0.8924869355278392,0.0,0.8404313223195762,1.0,1.0,1.0,1.0,1.0,1.0,0.0,1.0,0.03453908331394633,1.0,1.0,0.01986132663114446,0.8433614366103083,0.0,0.7692423681100948,0.0,1.0,1.0,0.13215027987795244,0.0,0.8285968616966377,0.9520196222130587,0.9404164204111907,1.0,1.0
gex_possorted_bam_1WGCZ:AAGCCTGTCCGGTTGAx-M2,1.0,0.9804565587709966,0.5384353338505188,1.0,1.0,0.754267094161068,0.22057981567393745,1.0,0.0,1.0,0.0,0.8216532368526156,0.8155877356767223,0.263864336997251,1.0,0.0,0.0,0.0,0.8067588130584961,0.7280835670984471,1.0,1.0,1.0,1.0,0.051038399396537655,1.0,0.0,0.8367699231059186,1.0,1.0,0.23526336644400028,1.0,1.0,1.0,0.0,1.0,0.03137283487608516,1.0,1.0,0.0,1.0,0.12129526147389999,0.6867019727550666,0.5519577336631217,1.0,1.0,0.3487301939004606,0.0,1.0,1.0,1.0,1.0,0.09353933723962714
gex_possorted_bam_1WGCZ:AACTACTCACAATGCCx-M2,1.0,0.8405235306943087,0.0,1.0,0.9766112246077541,0.8808546341547895,0.5080840143964102,1.0,0.5370514583718552,1.0,0.0,0.8771370127714717,0.9231691433637537,0.3672094908663079,1.0,0.29490818118839357,0.0,0.0,0.7644227182935028,0.8000949685227782,1.0,1.0,1.0,1.0,0.7375422013152296,1.0,0.0,0.7900413406288749,0.8001955123876338,1.0,0.3147344773466416,1.0,1.0,1.0,0.0,1.0,0.33976941036329955,1.0,1.0,0.0,1.0,0.3301834487362373,0.7113732494206266,0.3590944910960517,1.0,1.0,0.5641695797760042,0.055204833282837734,0.914208323907973,1.0,0.9722148023543014,0.934871116289279,0.37973704259614754
gex_possorted_bam_1WGCZ:AAGCTAGAGCTAATTGx-M2,0.3917020669327753,0.011177425990118874,0.0,0.2779980897749901,0.596596495538574,1.0,0.0,0.2178711965072771,0.0,0.1707080913977875,1.0,0.0,0.10379694612312873,0.0,0.3791306491477424,0.0,0.89058256490889,1.0,0.11089163139690736,1.0,0.9951481845443554,1.0,0.4441247848508741,0.9053876151352827,0.0,0.15926130866005367,0.3486293096026479,0.04633551704200302,0.03756607725717028,0.35680127129703026,0.49873923161409117,0.12870983693510804,0.4208048957000051,0.10961010591490906,0.1268615616882467,0.40385115774202685,0.0,0.21926959577252836,0.2947074921190222,0.0,0.0,0.0,0.0,0.0,0.495081815352842,0.35923526125865496,0.0,0.06154196759138466,0.17466736999597685,0.3347077823615136,0.026229795267787702,0.3384180968797767,1.0
gex_possorted_bam_1WGCZ:AACGCCCAGTAGCCATx-M2,1.0,1.0,1.0,1.0,1.0,1.0,0.03313063452008398,1.0,1.0,1.0,0.0,1.0,1.0,0.7286583948764177,1.0,0.16927535852700748,0.0,0.0,0.42239612655344505,0.5699866194550107,0.7690740704554888,1.0,1.0,1.0,0.8955186033145845,1.0,0.0,1.0,0.705767375827731,1.0,0.019134252119419368,1.0,1.0,1.0,0.0,1.0,0.1655161244289501,1.0,1.0,0.0,1.0,0.16353892317063,1.0,0.9133069626378737,1.0,1.0,1.0,0.0,1.0,1.0,0.9957536687840356,1.0,1.0
gex_possorted_bam_1WGCZ:AAGCGAATCACAGACTx-M2,0.2968769585432113,1.0,0.965797281952879,0.7634996280302964,0.11590320957427093,0.0,1.0,1.0,1.0,0.6950898558997833,0.0,1.0,1.0,1.0,0.1178936607304794,1.0,0.1589707625332354,0.0,0.902986627038723,0.0,0.008428831883347082,0.0,0.21404593831144567,0.0,1.0,0.8775529037888952,1.0,1.0,1.0,0.0,0.27483748188441925,0.40832290586862585,0.19751641016391838,0.8687828385576937,1.0,0.38490812569825494,1.0,0.3048592803034919,0.43486980590547425,1.0,1.0,1.0,0.8980533010216789,1.0,0.2551501202313396,0.6091816414926449,1.0,1.0,0.7335679920516318,0.6801003504906914,0.6486467113991256,0.3629627130298049,0.20072788579329465
gex_possorted_bam_1WGCZ:AAGCCTCCAAGGTCCTx-M2,0.8888114050247923,1.0,0.916503294570009,1.0,1.0,1.0,1.0,0.9994754721130427,1.0,1.0,0.0,1.0,1.0,1.0,1.0,1.0,0.0035582360917077163,0.34048363509346474,1.0,0.19481198514811493,0.8347380402923308,0.6666662137873056,0.967848050082646,0.7501744592088109,1.0,1.0,0.4199554858466834,1.0,1.0,1.0,1.0,0.9423914163794018,0.884868789097735,1.0,0.3961644902293591,1.0,1.0,0.8938254763314368,0.9919959905928611,0.6615391070798863,1.0,1.0,1.0,1.0,0.93800447303059,0.9903149396262159,1.0,1.0,1.0,1.0,1.0,1.0,0.9819478116893674
gex_possorted_bam_1WGCZ:AAGCCTTAGTGGACAAx-M2,1.0,0.8674191733424422,0.0,1.0,1.0,1.0,0.7489349401538764,1.0,0.7795057671807001,0.7419167008886015,0.02950133821700199,0.4590708493112677,0.9718144759558053,0.3116158953002299,0.9878998794428052,0.2748201442724866,0.0,0.40536799403675267,0.8607512333584891,0.5932982980825788,1.0,1.0,1.0,1.0,0.5400493283330648,0.8100641640640912,0.0,1.0,0.9740584266943038,1.0,0.6643408235744859,0.8709629141504045,1.0,1.0,0.0,1.0,0.011968662173087416,1.0,1.0,0.050297417990981086,1.0,0.04472719162943681,0.7092718989522384,0.5082392127986924,1.0,1.0,0.2946422099574082,0.20087450864956982,0.8853059326790427,1.0,1.0,1.0,1.0
gex_possorted_bam_1WGCZ:AACCTTAAGTAGCCATx-M2,0.24562477606343128,1.0,1.0,0.9604739880071725,0.16848591463243234,1.0,1.0,0.5600472216302312,1.0,0.5748246766273439,1.0,1.0,1.0,1.0,0.42714219418836086,1.0,1.0,1.0,1.0,0.0,0.0,0.0,0.02811296712208602,0.0,1.0,1.0,1.0,1.0,1.0,1.0,1.0,0.0,0.016704862070553533,0.6483465567311715,1.0,0.33486951645740837,1.0,0.3492141995001478,0.36834814482673905,1.0,0.555190212309308,1.0,1.0,1.0,0.17131812266340773,0.7115552264609991,1.0,1.0,1.0,0.597774965596633,1.0,1.0,0.0
gex_possorted_bam_1WGCZ:AAGACATAGCGGATAAx-M2,1.0,0.7233917097381319,0.8515902551680247,1.0,1.0,0.5523036989703797,0.0,1.0,0.8983725643270625,1.0,0.0,1.0,0.9272061153974314,0.21525290250284343,1.0,0.0,0.0,0.0,0.22989012938670947,0.4178837451438077,0.825761330732843,0.7866354037635649,1.0,1.0,0.38692122634068804,1.0,0.0,0.855903577906083,0.6292581739178188,1.0,0.0,1.0,1.0,1.0,0.0,1.0,0.2617824991713886,1.0,1.0,0.0,1.0,0.16847538750419616,0.9610877784352024,0.3129129939865074,0.9181517038370289,1.0,0.9083537851589503,0.0,1.0,1.0,0.9902523933039002,0.8901619410430851,0.0008837461376707151
gex_possorted_bam_1WGCZ:AAGCGAATCCTAATGAx-M2,1.0,0.9687368756253031,0.5198092794576246,1.0,1.0,1.0,0.21922898400001734,0.9222213925964161,0.4977851486187646,1.0,0.5460657446986901,0.8020282798551973,1.0,0.3288296014964541,1.0,0.37549207285068026,0.2454101434850729,1.0,1.0,0.9072798183890657,1.0,1.0,1.0,1.0,0.7041568290307442,1.0,0.0,1.0,1.0,1.0,0.8423459678585814,1.0,1.0,1.0,0.0,1.0,0.2670903592548488,1.0,1.0,0.06302346040727931,1.0,0.0,0.9056405785399123,0.4940204181973436,1.0,1.0,0.13467196134653486,0.0,1.0,1.0,0.8075540241960814,1.0,1.0
gex_possorted_bam_1WGCZ:AACCTAATCCCTCAGTx-M2,0.003902794270475874,1.0,1.0,0.7617024762247664,0.12778481229188654,0.0,1.0,0.47520397117776414,1.0,0.9725330547165303,0.0,1.0,1.0,1.0,0.0,1.0,0.20498878136387041,0.0,1.0,0.0,0.0,0.0,0.0,0.0,1.0,1.0,1.0,1.0,1.0,1.0,1.0,0.09006223817286245,0.0,0.5552565431530817,1.0,0.1970348859566872,1.0,0.17718925750929418,0.19416975209383838,1.0,0.0,1.0,1.0,1.0,0.011407137966335181,0.4364955002437319,1.0,1.0,1.0,0.25322789800184514,1.0,0.9209957257686266,0.0
gex_possorted_bam_1WGCZ:AAGCTTGGTGAGCACTx-M2,1.0,1.0,0.0,1.0,1.0,1.0,0.569131980566203,1.0,0.5023988546168138,0.9673816988435867,0.6766436860352522,0.9416363118232008,0.9723119934393682,0.5535082468002817,1.0,0.3649477880255086,0.29391938080677316,1.0,1.0,0.862871295137834,1.0,1.0,1.0,1.0,0.6490310144781088,0.9446499104381225,0.0,1.0,1.0,1.0,0.9794606638818201,1.0,1.0,1.0,0.0,1.0,0.30787955337446815,1.0,1.0,0.1370148216242857,1.0,0.18679363677870545,0.8346800996853225,0.5335403942436165,1.0,1.0,0.16693910274821125,0.0,0.9846011607805406,1.0,1.0,1.0,1.0
gex_possorted_bam_1WGCZ:AAGCGGGTCCCTCGCAx-M2,0.0344112174546191,1.0,1.0,0.9117895878128848,0.16760701238012454,0.0,1.0,0.6477231645475358,1.0,1.0,0.0,1.0,1.0,1.0,0.09734286252805,1.0,0.28136533414802417,0.33394438783090763,1.0,0.0,0.0,0.0,0.0,0.0,1.0,1.0,1.0,1.0,1.0,1.0,1.0,0.0,0.0,0.6725462964152511,1.0,0.26213714560178897,1.0,0.19697795440101762,0.23618838399879444,1.0,0.05022907417296189,1.0,1.0,1.0,0.07120634306808427,0.5262731915953748,1.0,1.0,1.0,0.34668624102240014,1.0,1.0,0.0
gex_possorted_bam_1WGCZ:AACGCCCAGGCCCAGTx-M2,1.0,1.0,0.13593729255804307,1.0,1.0,1.0,0.39268033896117466,1.0,0.665572753613241,1.0,0.0,0.905101254949518,0.8732164660402313,0.30698172503202625,1.0,0.15394366919782654,0.0,0.31420458420461017,0.7652278090482907,0.6502958346347679,1.0,1.0,1.0,1.0,0.5758082449145118,1.0,0.0,0.9311371220080829,1.0,1.0,0.6276471622996559,1.0,1.0,1.0,0.0,1.0,0.1037804752221091,1.0,1.0,0.0,1.0,0.27060540055709736,0.7069487069273147,0.3326405218130871,1.0,1.0,0.3621583766997482,0.0,0.9821266913438602,1.0,0.9271541045585003,1.0,1.0
gex_possorted_bam_1WGCZ:AACCTCACAGCACGAAx-M2,0.06020744671702644,1.0,1.0,0.9603010322991724,0.0,0.09141802220829615,1.0,0.7584073359491181,1.0,0.48159297734846895,0.4830633266122751,1.0,1.0,1.0,0.1555250449570463,1.0,0.5878268407935435,0.7557605500095603,1.0,0.0,0.0,0.0,0.0,0.0,1.0,1.0,1.0,1.0,1.0,1.0,1.0,0.0,0.0,0.8164330857639783,1.0,0.17522201444613278,1.0,0.07441446267895059,0.04156771056050076,1.0,0.11567144960073486,1.0,1.0,0.7353683697701575,0.0,0.5791691207742837,1.0,1.0,1.0,0.6343869473268964,1.0,1.0,0.0
gex_possorted_bam_1WGCZ:AAGCGAATCCTAGTCCx-M2,1.0,0.8240919380094487,0.40524027173865085,1.0,1.0,1.0,0.13459799678996473,1.0,0.33566769362709353,1.0,0.08570506368400235,0.8062267294408098,1.0,0.4139084436319902,1.0,0.3763834281887023,0.0,0.41402599276835234,0.9252038376921174,0.8348896425489398,1.0,1.0,1.0,1.0,0.6280258623440219,1.0,0.0,1.0,0.9570968438405805,1.0,0.6159364713699292,1.0,1.0,1.0,0.0,1.0,0.3075186457220756,1.0,1.0,0.04899257051391188,1.0,0.005589581722486113,0.9958474260009976,0.07129095035886365,1.0,1.0,0.7127158494859023,0.0,1.0,1.0,1.0,1.0,1.0
gex_possorted_bam_1WGCZ:AAGACCAAGGAACGCGx-M2,0.10958031342825865,1.0,0.8923119977778644,0.960047066036599,0.03700055717387548,0.0,1.0,0.7626488104269212,1.0,0.6958565729486966,0.0,1.0,1.0,1.0,0.057323326809572965,1.0,0.12229469884363474,0.002308880218069873,1.0,0.0,0.0,0.0,0.0,0.0,1.0,1.0,1.0,1.0,1.0,0.8831975421630615,1.0,0.06404866163196353,0.0,0.6301515701791145,1.0,0.26560955208414594,1.0,0.15119727822639642,0.07742266801661614,1.0,0.0681430175493458,1.0,1.0,0.9717697968392406,0.1246324526992424,0.4971051486899346,1.0,1.0,0.980020360093997,0.631702399798134,1.0,0.9818780698234194,0.0
gex_possorted_bam_1WGCZ:AACTGTTCATCCTAGAx-M2,0.9175992211092006,0.6678390108210105,0.0,0.746630076935322,1.0,1.0,0.0,0.6913585114987182,0.5459875854694389,0.6135954497025458,0.7291718721589767,0.02750930493144826,0.4211569418206594,0.13716413576632572,0.6382020026482279,0.17244988386050608,0.49493996430169085,1.0,1.0,0.6000233882305739,1.0,1.0,0.9286242532341159,1.0,0.1195314960361472,0.6367107252021216,0.0,0.8772059920351729,0.6791067766897542,0.8814341774149504,0.25241417781958436,0.7544606566487368,0.8446641681528541,0.7541336463410153,0.010199978904435133,0.9177662559907509,0.0,0.8131023988887893,0.7137508322992869,0.014897539122344398,0.7133782211402167,0.2019580516732303,0.28038229526738556,0.0,0.8841666527176562,0.7786456426762064,0.0,0.17571376899010765,0.6314139367310975,0.9167906656382749,0.5959461519969288,0.8139199319185866,0.9877704133536435
gex_possorted_bam_1WGCZ:AAGCGAATCCCTGACTx-M2,1.0,1.0,0.0,1.0,1.0,1.0,0.5930846080460672,1.0,0.6939314569630703,1.0,0.0,0.8623259659195942,1.0,0.45464733312100714,1.0,0.3038867510756225,0.0,0.2239404206546481,1.0,0.9823965934242953,1.0,1.0,1.0,1.0,0.6970175306071765,0.9939877805285801,0.0,1.0,0.9850048536943175,1.0,0.6718577740536152,1.0,1.0,1.0,0.0,1.0,0.25215432272946026,1.0,1.0,0.0,1.0,0.3824094162921887,0.9193888685071686,0.41065007482595334,1.0,1.0,0.3506679483712879,0.01099212484622099,1.0,1.0,0.8181470118497934,1.0,1.0
gex_possorted_bam_1WGCZ:AAGCAAGTCGGGACTCx-M2,1.0,1.0,0.4304697101182587,1.0,0.9218512014636189,0.538502976971641,0.4309034527398978,0.9940823585508529,1.0,1.0,0.0,1.0,0.4158890209524956,0.0,1.0,0.30326158590113406,0.0,0.0,0.5882290230464805,0.40477174841677077,0.6558749442164484,0.8903070927284273,1.0,1.0,0.6119572972250716,1.0,0.16383274890380467,0.4874365475595066,1.0,0.8837149403401781,0.0,1.0,1.0,0.5955265588261811,0.0,0.8451052174865934,0.0,0.9123163882697259,0.8401012861647382,0.0,1.0,0.08068556259308854,0.5997438024675221,0.6978247163255582,1.0,0.9839666492386165,0.5566254922640917,0.0,0.7324274493001495,1.0,0.7995051391129555,0.7872438031045589,0.368507780320987
gex_possorted_bam_1WGCZ:AATCATCCACTAAGAAx-M2,1.0,1.0,1.0,1.0,1.0,0.989313293308427,0.8988552315295425,1.0,1.0,1.0,0.0,1.0,1.0,1.0,1.0,0.7492362335377127,0.0,0.0,0.7430560869907316,0.5507600233257582,0.8456720043773316,0.8457412795911807,1.0,0.992573725330554,1.0,1.0,0.1934375895951505,1.0,1.0,1.0,0.6747197003656175,1.0,1.0,1.0,0.0606670790454627,1.0,1.0,1.0,1.0,0.29359952030641195,1.0,0.8803186803450095,1.0,0.6857166981246288,1.0,1.0,1.0,0.6410030356030582,1.0,1.0,1.0,1.0,0.7656586773074807
gex_possorted_bam_1WGCZ:AATGCGCGTCCCGGAAx-M2,1.0,0.924617578925331,0.0,0.7984044357951076,1.0,1.0,0.2304792956340411,0.9598589025689521,0.19627046071955123,1.0,0.5727801331256259,0.4549674316055445,0.6557495341648933,0.630628989609653,0.8836419226086824,0.28646719294879236,0.2516151649138657,1.0,1.0,0.6738172425303071,1.0,1.0,1.0,1.0,0.5227347461979157,0.7687205679274292,0.0,0.7478129702386445,1.0,0.9740093316804,0.7424590877683279,1.0,0.9272711708760929,0.9841517667212464,0.0,1.0,0.2879760448488839,1.0,0.958574857782185,0.0,0.4861402417165152,0.016784831667116563,0.3798583320459525,0.3047023069383622,1.0,1.0,0.0,0.032988137322790836,0.8373496027557652,0.9603631801489979,0.8686074598882983,1.0,0.966885980735442
gex_possorted_bam_1WGCZ:AATTAGCGTCCACAAAx-M2,0.08134596763912208,1.0,1.0,1.0,0.05422520051752982,0.0,1.0,1.0,1.0,0.9126091565797754,0.0,1.0,1.0,1.0,0.2150468797972458,1.0,0.0,0.0,1.0,0.0,0.0,0.0,0.0,0.0,1.0,1.0,1.0,1.0,1.0,0.4442536447823683,1.0,0.49047968065607506,0.0,1.0,1.0,0.27989429911870856,1.0,0.0,0.0,1.0,0.14935422847414837,1.0,0.85084496357473,0.0,0.039268041329737574,0.5093146991430093,1.0,1.0,1.0,0.8025349900079246,1.0,0.9954134684270651,0.2812761947420896
gex_possorted_bam_1WGCZ:AATAGCTGTGATTTGGx-M2,0.069666341016905,1.0,0.9404101363436095,1.0,0.028679651028940524,0.0,1.0,0.8399949699636847,1.0,0.7936025308492728,0.0,1.0,1.0,1.0,0.1425067883065448,1.0,0.0,0.0,1.0,0.0,0.0,0.0,0.0,0.0,1.0,1.0,1.0,1.0,1.0,0.6435796199735929,1.0,0.40371970065725565,0.0,0.9787254462442935,1.0,0.26852993532988134,1.0,0.0,0.0,1.0,0.0,1.0,0.5914848983806046,0.0,0.0921969021775634,0.5694408958188267,1.0,1.0,1.0,0.6248853080276235,1.0,1.0,0.0
gex_possorted_bam_1WGCZ:AATTAGGCATGTTGCAx-M2,0.050515144469170305,1.0,1.0,0.9555452336856967,0.033187132766374215,0.04668390020894863,1.0,0.624126051291413,1.0,0.5510567770072774,0.5528821858234546,1.0,1.0,1.0,0.265438834115908,1.0,0.555567872433788,0.4365423155065138,1.0,0.0,0.0,0.0,0.0,0.0,1.0,1.0,1.0,1.0,1.0,0.9573961533706735,1.0,0.13479081143665939,0.0,0.6858342872776432,1.0,0.16481202890289512,1.0,0.17232620082580377,0.19766236035341753,1.0,0.039937939502679015,1.0,1.0,1.0,0.0,0.5829122103964711,1.0,1.0,1.0,0.40577600737219116,1.0,1.0,0.0
gex_possorted_bam_1WGCZ:AATTAGCGTAGCTAATx-M2,0.04064970328568695,1.0,1.0,0.9357639428487831,0.0,1.0,1.0,0.6787277409355509,1.0,0.516481080829148,1.0,1.0,1.0,1.0,0.13392965955928463,1.0,1.0,1.0,1.0,0.0,0.0,0.0,0.0,0.0,1.0,1.0,1.0,1.0,1.0,1.0,1.0,0.0,0.0,0.6585197048382544,1.0,0.2157496597814814,1.0,0.19296342451230497,0.11444793547931757,1.0,0.10461856461074406,1.0,1.0,1.0,0.05359171948432545,0.5648680744327831,1.0,1.0,1.0,0.3611967611338496,1.0,0.9403602985747744,0.0
gex_possorted_bam_1WGCZ:AATGCAACATGGCCTGx-M2,1.0,1.0,0.0,1.0,1.0,1.0,0.2784990931645098,1.0,0.4705080346687035,1.0,0.32881745140805885,0.7840572237098467,0.8275331688087165,0.36358755864451353,1.0,0.22113550269260174,0.0,0.6678059136653544,1.0,0.7678615794761321,1.0,1.0,1.0,1.0,0.43355686746292477,0.97507278157211,0.0,0.8380481237901769,0.7253743259346913,1.0,0.7875840836606282,1.0,1.0,1.0,0.0,1.0,0.04121662463669652,1.0,1.0,0.0,1.0,0.08621137611025871,0.8139780072155646,0.0,1.0,1.0,0.4535577141756033,0.007315335838639103,0.9368699106416404,1.0,0.949762698997842,1.0,1.0
gex_possorted_bam_1WGCZ:AAGTGTTGTGAGCAAGx-M2,1.0,0.8343297296341745,0.0,0.9747796871673567,1.0,1.0,0.6137983703180735,1.0,0.24676652714426942,0.9513414183211467,0.5770201530994498,0.6071177592207386,0.9742358482289544,0.6841796275810603,1.0,0.35361724809454775,0.29314557834944216,1.0,1.0,0.725564339900493,1.0,1.0,1.0,1.0,0.9128978967501284,0.8836865931680026,0.0,0.9523004256221708,1.0,0.9311947882542667,0.8040662775066938,1.0,1.0,1.0,0.0,1.0,0.2842185171344593,1.0,1.0,0.0,0.7569509562468514,0.034779975250085644,0.5953215441075549,0.15499010501647434,1.0,1.0,0.18785576601911305,0.06285215269852443,0.8474628183720941,1.0,0.9742548900131348,1.0,0.7066305423052925
gex_possorted_bam_1WGCZ:AATCATGTCATTAGGCx-M2,0.09355522711473797,1.0,0.9613420527149376,0.9996077787318401,0.0,0.0,1.0,0.903885022366358,1.0,0.8009495633978491,0.0,1.0,1.0,1.0,0.11144768446021315,1.0,0.0,0.0,1.0,0.0,0.0,0.0,0.0,0.0,1.0,1.0,1.0,1.0,1.0,0.6663863895948972,1.0,0.21432080177283488,0.0,0.9562157864293804,1.0,0.31202223718960687,1.0,0.0,0.0,1.0,0.12053780913182933,1.0,1.0,0.06063299437258452,0.03453072984520673,0.5431691469686785,1.0,1.0,1.0,0.5867619591856104,1.0,0.9635015342856001,0.11985490691375829
gex_possorted_bam_1WGCZ:AATTACCCAGCTAACCx-M2,1.0,0.9155927088774344,0.0,1.0,1.0,1.0,0.4571732599560657,1.0,0.4932078512246116,1.0,0.22815281155134,0.656885125091654,0.9647607149971777,0.5268664986688717,1.0,0.3076581279434607,0.0,0.7758192614780185,1.0,0.6076976614567884,1.0,1.0,1.0,1.0,0.44620846577926865,1.0,0.0,1.0,1.0,1.0,0.8722588473007781,1.0,1.0,1.0,0.0,1.0,0.04283751275496444,1.0,1.0,0.0,1.0,0.33246010114739766,0.8319850703301628,0.2183734859046492,1.0,1.0,0.39310631044646027,0.08497458884825812,1.0,1.0,1.0,1.0,0.7713573802098332
gex_possorted_bam_1WGCZ:AATACCGGTAAGCTTGx-M2,0.7631864686106831,1.0,1.0,1.0,1.0,0.3308868665324423,1.0,1.0,1.0,1.0,0.0,0.0,1.0,0.7553682327514928,0.8570067723033774,0.0,0.0,0.0,0.3631004564056667,0.36979125700650967,0.17222812842050314,0.32733294315724387,1.0,0.0687286976900465,1.0,1.0,0.6294066934458198,0.25207301868675525,1.0,0.14665572219398101,0.0,1.0,0.9713595175162445,1.0,0.30661385977191635,0.8772299637597377,0.0,0.9833473262379157,1.0,0.17556018095399042,1.0,0.036384773260466456,0.5815609393985229,1.0,0.18067503415694663,1.0,1.0,0.0,1.0,1.0,0.9288798102169787,0.9153480669381261,0.19686691139148912
gex_possorted_bam_1WGCZ:AATCTTGAGGTCAAAGx-M2,0.04298228635326506,1.0,1.0,0.8633288850210818,0.0,0.0,1.0,0.648717628765014,1.0,0.7036540515008127,0.0,1.0,1.0,1.0,0.15804640918558102,1.0,0.0,0.0,1.0,0.0,0.0,0.0,0.0,0.0,1.0,1.0,1.0,1.0,1.0,0.6965131972477707,1.0,0.09852642288277272,0.0,0.7200409967970485,1.0,0.1830553996109712,1.0,0.08043631295244476,0.09241241309311929,1.0,0.24977409951352017,1.0,1.0,1.0,0.0033589939509261974,0.4919746273796387,1.0,1.0,1.0,0.5010316785412655,1.0,0.9555862557187056,0.0
gex_possorted_bam_1WGCZ:AATCCTAAGGTTAGAGx-M2,1.0,1.0,0.0,1.0,1.0,1.0,0.4769715129192779,1.0,0.6202933203097866,0.9945984728212357,1.0,0.7107045795410124,0.7916176996083955,0.6389946546871849,1.0,0.5071187043739949,0.4753592963955129,1.0,1.0,0.24833998366506863,1.0,1.0,1.0,1.0,0.8166495719207386,0.965044147308483,0.0,1.0,1.0,1.0,1.0,1.0,1.0,0.9987729671378801,0.0,1.0,0.40355867383274896,1.0,1.0,0.0,0.6689294257182758,0.05769003055875502,0.4733788826938554,0.4757417851591616,1.0,1.0,0.0,0.04413508193823486,1.0,1.0,1.0,1.0,1.0
gex_possorted_bam_1WGCZ:AAGTTTGTCCCGCCTAx-M2,1.0,0.9667798122527337,1.0,1.0,1.0,1.0,0.18641752502575337,1.0,1.0,1.0,0.0,1.0,1.0,0.5556632871872842,1.0,0.26047283841632374,0.0,0.0,0.38740906462713526,0.8915053521044145,0.8995665364477772,1.0,1.0,1.0,0.8625701404689636,1.0,0.0,1.0,0.8904622341487156,1.0,0.37505967759889913,1.0,1.0,1.0,0.0,1.0,0.025689387756164053,1.0,1.0,0.08462040310598665,1.0,0.023938554927357705,1.0,1.0,1.0,1.0,1.0,0.0,1.0,1.0,1.0,1.0,1.0
gex_possorted_bam_1WGCZ:AATATCCCATAGCAGGx-M2,0.8177420983031723,0.4945593263101385,0.0,0.6920623899424032,0.7965499578742891,0.7312012293148787,0.06390933576410533,0.7167920440042926,0.12267061254953501,0.6139668555278941,0.1893432912737777,0.0,0.41319748913254656,0.0,0.7273677919066649,0.0784421388614741,0.15973076163059496,0.0,0.6633589845806913,0.815966523839461,1.0,0.9759646879032499,0.8737202481345866,0.8854861174123687,0.4053205107890458,0.6242002886010914,0.1815750728795416,0.5199530421335699,0.7385637083200751,0.754428030766965,0.03339467461836278,0.5452935316334341,0.8324597472738349,0.6918378972032517,0.14325963278872803,0.7276875984927647,0.3483897602753673,0.7272503059551935,0.7453168616413374,0.20779658554405156,1.0,0.6940386651400573,0.2672610325337337,0.019222912994477252,0.6253880570731543,0.6426365175927425,0.6196952945883575,0.3940563796571014,0.7583088773759309,0.7037060732872071,0.4331679949980039,0.64057329065015,0.4312699106407805
gex_possorted_bam_1WGCZ:AAGTCTATCCATTACTx-M2,0.9438043915147292,1.0,1.0,1.0,1.0,1.0,0.7376685456366495,1.0,1.0,1.0,0.0,1.0,1.0,1.0,1.0,0.6254038647668642,0.0,0.0,0.07523181978091172,0.9902109801147273,0.6385048955141421,0.838843070121519,1.0,0.934565656438386,1.0,1.0,0.0,1.0,0.8148818589229748,1.0,1.0,1.0,1.0,1.0,0.0,1.0,0.4899571088601409,1.0,1.0,0.6229546167416229,1.0,0.095409570581347,1.0,1.0,1.0,1.0,1.0,0.0,1.0,1.0,1.0,1.0,1.0
gex_possorted_bam_1WGCZ:AATATCCCAGGAATCGx-M2,1.0,1.0,0.0,1.0,1.0,1.0,0.5913369637413645,1.0,0.2182669774476819,1.0,0.9978368901253467,0.4779090883406327,1.0,0.5133284006352271,1.0,0.7413981119080026,0.6036496703425961,1.0,1.0,0.8535849200103236,1.0,1.0,1.0,1.0,0.796240061794478,0.9185865795376036,0.0,1.0,1.0,1.0,1.0,1.0,1.0,1.0,0.0,1.0,0.050825781016471804,1.0,1.0,0.03702660794438787,0.5722218020877335,0.13145543596161224,0.7526064115074798,0.29919013083880663,1.0,1.0,0.0,0.0,1.0,1.0,0.8062793482209317,1.0,1.0
gex_possorted_bam_1WGCZ:AAGTTAGCAGAAACGTx-M2,1.0,0.9409680447086981,1.0,1.0,1.0,0.9899737839941681,0.0,1.0,1.0,1.0,0.0,1.0,1.0,0.5667379071379467,1.0,0.13896462101343382,0.0,0.0,0.029389916275274177,0.6984270651115727,0.5219192922430917,0.9214779007601323,1.0,0.8494334094800788,0.8439323725940101,1.0,0.0,1.0,0.5811191082391648,1.0,0.0,1.0,1.0,1.0,0.0,1.0,0.0,1.0,1.0,0.0,1.0,0.0,1.0,0.9065861646026439,1.0,1.0,1.0,0.0,1.0,1.0,0.9509411214530592,1.0,0.822473080254299
gex_possorted_bam_1WGCZ:AATGCAACAGCTCATAx-M2,1.0,0.6742261615353552,0.0,0.9010512746756194,0.9697542722693578,1.0,0.2767900828942814,1.0,0.44175481372837694,0.9157924624535119,0.20556985087047025,0.8542814353462655,0.762918590643135,0.24422031330749205,0.913148586446147,0.04891410781079089,0.05167527924167427,0.7523945204557718,0.7950915644746862,0.41234883085825635,1.0,1.0,0.9920626209535265,1.0,0.6003266032827802,0.7830923877554958,0.0,0.6183747478570255,0.7936117930606732,0.857384892204955,0.35678945844750687,1.0,0.936440772180261,0.9917277248743805,0.0,1.0,0.32364734274231605,1.0,0.861837681070527,0.0,1.0,0.2507237526219551,0.5597259598620083,0.0,1.0,0.9169710570948071,0.0,0.06919795155788026,0.7128184869426334,0.8975811121670592,0.8518994958674425,0.9309999164786115,0.6228624963949866
gex_possorted_bam_1WGCZ:AATCCATCAAGGTATAx-M2,1.0,0.9954658948091328,1.0,1.0,1.0,1.0,0.0,1.0,1.0,1.0,0.0,1.0,0.9868285605655407,0.668983057933857,1.0,0.27687810547691183,0.0,0.0,0.0,0.67951925170365,0.4146789484830743,0.9195939946174949,1.0,0.8483636740358058,0.9337732623124055,1.0,0.0,1.0,0.42905133181818306,1.0,0.0,1.0,1.0,1.0,0.0,1.0,0.0,1.0,1.0,0.0,1.0,0.0,1.0,1.0,1.0,1.0,1.0,0.0,1.0,1.0,0.9412081832364417,1.0,1.0
gex_possorted_bam_1WGCZ:AATTACCCAAGGTATAx-M2,0.9644698439644978,0.9511237663395601,1.0,1.0,1.0,1.0,0.0,1.0,1.0,1.0,0.0,1.0,1.0,0.4701638361351982,1.0,0.1975874466690012,0.0,0.0,0.0,0.4141296472111097,0.273601557893684,0.8165000616376731,1.0,0.4536512862266895,0.9558548965085527,1.0,0.0,1.0,0.9319969187036548,1.0,0.0,1.0,1.0,1.0,0.0,1.0,0.0,1.0,1.0,0.0,1.0,0.0,1.0,1.0,1.0,1.0,1.0,0.0,1.0,1.0,1.0,1.0,1.0
gex_possorted_bam_1WGCZ:AAGTAGCCATCATGGCx-M2,1.0,0.8449407657828316,1.0,1.0,1.0,0.9374886206860643,0.0,1.0,0.2037077776683058,1.0,0.0,1.0,0.853170140221156,0.19747997612617943,1.0,0.07550708400443508,0.0,0.0,0.47783056193748263,0.8095605131914962,0.9426214779212726,1.0,1.0,1.0,0.2403812058306188,1.0,0.006055237366454155,1.0,1.0,1.0,0.23067332774652474,1.0,1.0,1.0,0.0,1.0,0.0,1.0,1.0,0.0,1.0,0.191534843656328,1.0,1.0,1.0,1.0,1.0,0.0,1.0,1.0,1.0,1.0,0.0
gex_possorted_bam_1WGCZ:AATATCCCAGTAATAGx-M2,1.0,0.7240311682807187,0.0,0.9838049632767191,1.0,1.0,0.0,0.8702909487421919,0.27097053640960034,1.0,0.12507647616267933,0.40106090244831477,0.7529316312500216,0.22513652672291598,1.0,0.17421027919349946,0.0,0.27436642208502365,0.5555476996080204,0.6912073296637034,1.0,1.0,1.0,1.0,0.6737768135295755,0.9834572542447533,0.0,1.0,0.7278089933733461,1.0,0.3263138246201141,1.0,1.0,0.963208225217473,0.0,1.0,0.11149330772878369,0.9892153182435748,1.0,0.05363728934414584,1.0,0.028887859112418365,0.7064456428733763,0.43367020958924923,0.9968222340449433,0.9316344068859201,0.5815158828567988,0.0,1.0,1.0,0.706187757341533,1.0,1.0
gex_possorted_bam_1WGCZ:AATCTTGAGCAAGACAx-M2,0.010501947796039532,1.0,1.0,0.8157778162553446,0.0,0.0,1.0,0.5831626902948991,1.0,1.0,0.10617282073614333,1.0,1.0,1.0,0.031573040234333806,1.0,0.36686956228798756,0.0,1.0,0.0,0.0,0.0,0.0,0.0,1.0,1.0,1.0,1.0,1.0,0.71762582733096,1.0,0.023040488684313427,0.0,0.6015844505755561,1.0,0.15139807857536688,1.0,0.1602171471056662,0.04134758683318968,1.0,0.23339146407031588,1.0,1.0,1.0,0.0,0.3827608612129329,1.0,1.0,1.0,0.45719256898763544,1.0,0.8796265035617324,0.0
gex_possorted_bam_1WGCZ:AATGGCGCACTTAACGx-M2,1.0,0.7031138300860027,1.0,1.0,1.0,0.4025774691750701,0.0,1.0,0.9464915955895529,1.0,0.0,1.0,1.0,0.40428524057437726,1.0,0.03688056745991883,0.0,0.0,0.025971482593160643,0.4908134646615029,0.5328991762610809,0.7165062426849544,1.0,0.955734999879219,0.4119512798913528,1.0,0.0,0.7331444230589476,0.5493458087654611,1.0,0.0,1.0,1.0,1.0,0.0,1.0,0.0,1.0,1.0,0.0,1.0,0.042279182228757844,1.0,0.4369416504681325,1.0,1.0,0.9691764291925273,0.0,1.0,1.0,0.8917301733645998,0.9424199546666078,0.0
gex_possorted_bam_1WGCZ:AATCCTAAGCGATAGAx-M2,1.0,0.6581751328191043,1.0,1.0,1.0,0.46916495139196873,0.06308331478089142,1.0,0.0,1.0,0.0,0.5560265455151945,0.81350357246295,0.17210575836580402,1.0,0.0,0.0,0.0,0.7049192722535763,0.6696267272787794,1.0,0.9533799325604023,1.0,1.0,0.0,1.0,0.0,0.9278280748082621,0.9474469922954012,1.0,0.10079473535289088,1.0,1.0,1.0,0.0,0.9349333066996847,0.20816770621118943,1.0,1.0,0.0,1.0,0.14295214727669187,0.6673451499861154,0.24493863187576653,0.9254643100518732,1.0,0.6687247817447173,0.0,1.0,1.0,1.0,0.9041220287095573,0.0
gex_possorted_bam_1WGCZ:AATGAAGGTTTAACCCx-M2,1.0,0.8851100667911641,1.0,1.0,1.0,0.9997139554429467,0.0,1.0,0.8492030339774865,1.0,0.0,1.0,0.9550348249320432,0.4500116949440439,1.0,0.29861605161003096,0.0,0.0,0.15389274899604197,0.5512130432930349,0.5565329367273733,0.8271439866237783,1.0,0.8092373152246041,0.6501070226911052,1.0,0.0,1.0,0.7702300951346134,1.0,0.0,1.0,1.0,1.0,0.0,1.0,0.0,1.0,1.0,0.0,1.0,0.0,1.0,1.0,1.0,1.0,1.0,0.0,1.0,1.0,1.0,1.0,0.23389010653830344
gex_possorted_bam_1WGCZ:AATGCAACAGGCCTTGx-M2,1.0,1.0,0.6261509107695076,1.0,1.0,1.0,0.1917418356818924,0.9650356060551072,0.9438284652812635,1.0,0.0,1.0,1.0,0.2333753857064013,1.0,0.06598438887274392,0.0,0.318798244349438,0.7164167073224784,0.9052176303899326,1.0,1.0,1.0,1.0,0.6417939932693753,1.0,0.0,1.0,1.0,1.0,0.5422238116241952,1.0,1.0,1.0,0.0,1.0,0.0772060547730314,1.0,1.0,0.0,1.0,0.24002087429685426,0.9028370854813543,0.41601704582833265,1.0,1.0,0.27912919532600255,0.00020830367830652148,1.0,1.0,0.9414536680588022,1.0,1.0
gex_possorted_bam_1WGCZ:AAGGTGCAGCCTCTGTx-M2,1.0,1.0,0.0,1.0,1.0,1.0,0.531481090209414,1.0,0.5953814962927175,1.0,0.2515804630372998,0.5406362712200095,0.8162517022395366,0.5668441978806552,1.0,0.15888735660623132,0.0,0.7953211353827063,1.0,0.45405236040378316,1.0,1.0,1.0,1.0,0.7008058920650577,0.8633942336501786,0.0,0.8645178698189445,0.834912486494933,1.0,0.7890277316065241,1.0,1.0,1.0,0.0,1.0,0.1362033674797487,1.0,1.0,0.0,0.9528961678356217,0.22864476587259924,0.6069278129806962,0.051850720450896476,1.0,1.0,0.12473260095287568,0.023363396747154538,0.872756661242567,0.9721489083037765,1.0,1.0,1.0
gex_possorted_bam_1WGCZ:AATGTCATCACGAATCx-M2,1.0,1.0,0.8263329977504424,1.0,1.0,0.7413544671346574,0.22112059893148042,1.0,0.11279048072789453,1.0,0.0,1.0,1.0,0.5242715277952014,1.0,0.13904322806771405,0.0,0.0,0.7204923016698972,0.7706648662874536,1.0,0.9697377406867326,1.0,1.0,0.3001030129322564,1.0,0.0,0.8931136796435666,0.9267728761005296,1.0,0.2794418556923273,1.0,1.0,1.0,0.0,1.0,0.41534377267570277,1.0,1.0,0.0,1.0,0.11310196880871735,0.7079101378086827,0.5014675594030322,1.0,1.0,0.5485686432412308,0.0,1.0,1.0,1.0,1.0,0.2539279809373015
gex_possorted_bam_1WGCZ:AATAGAGGTCATTGAGx-M2,0.09757255192159442,1.0,1.0,0.955491957054739,0.06844011986307028,0.0,1.0,0.7878130463224071,1.0,1.0,0.0,1.0,1.0,1.0,0.1816229155874407,1.0,0.0,0.0,1.0,0.0,0.0,0.0,0.0,0.0,1.0,1.0,1.0,1.0,1.0,0.5890210287039378,1.0,0.022303580933975255,0.0,0.7022727762745421,1.0,0.34162012123456237,1.0,0.01132569825391469,0.11197373024005489,1.0,0.21689676592435952,1.0,1.0,1.0,0.0,0.5059349110390837,1.0,1.0,1.0,0.6713807399344065,1.0,0.980452721022849,0.017017242702174033
gex_possorted_bam_1WGCZ:AAGTGAAGTGATTACGx-M2,0.08077136962136204,1.0,1.0,0.9533125991283685,0.0,0.0,1.0,0.9269479833908351,1.0,0.7432002158694239,0.0,1.0,1.0,1.0,0.13737815484664817,1.0,0.05411321080496518,0.10346613757789733,1.0,0.0,0.0,0.0,0.0,0.0,1.0,1.0,1.0,1.0,1.0,0.9597816916069906,1.0,0.0,0.0,0.7791308786271157,1.0,0.2495666355099967,1.0,0.13369316150317206,0.08106890029621923,1.0,0.13497211500590067,1.0,1.0,0.4268795984309906,0.1600209172415196,0.5488223603036191,1.0,1.0,1.0,0.6604298660870253,1.0,1.0,0.0
gex_possorted_bam_1WGCZ:AATCAGGAGCCTCTGTx-M2,0.07010386767735882,1.0,1.0,0.9711716777133327,0.0,0.80311857300377,1.0,0.6838568844304439,1.0,0.45335160224145216,1.0,1.0,1.0,1.0,0.07654694795888492,1.0,1.0,1.0,1.0,0.0,0.0,0.0,0.0,0.0,1.0,1.0,1.0,1.0,1.0,1.0,1.0,0.0,0.0,0.6137411325630506,1.0,0.20974150960745766,1.0,0.18846846785792457,0.07041781671146656,1.0,0.13539595184856484,1.0,1.0,1.0,0.03772146159873137,0.5641436728850506,1.0,1.0,0.9948415522463193,0.4602936163499279,1.0,0.933440189535491,0.0
gex_possorted_bam_1WGCZ:AATAGAGGTTGAGGTCx-M2,1.0,0.7731870497866951,0.17638127522944996,1.0,1.0,0.9581524027551341,0.2273845875031399,1.0,0.4571463019816374,0.9351716283336426,0.0,1.0,0.8755946414764381,0.2253705078420562,1.0,0.0,0.0,0.030450218560052058,0.8982137586340204,0.5999705107455304,1.0,1.0,1.0,1.0,0.1608560789027475,1.0,0.0,0.9819988378886558,0.7502511796524896,1.0,0.3849715573949502,1.0,1.0,1.0,0.0,1.0,0.10167343115834847,1.0,1.0,0.0,1.0,0.06811782423690554,0.6418376684182884,0.010248904807601105,1.0,1.0,0.34646560590371295,0.0,0.9451029367073638,1.0,0.8717087636391356,1.0,0.2843136912414809
gex_possorted_bam_1WGCZ:AAGTTACGTACCGGATx-M2,1.0,1.0,0.050043517060817784,1.0,1.0,1.0,0.18823272645166853,1.0,0.38511044917934134,1.0,0.1430949902300391,0.7928035571018074,0.9661110589521383,0.43732309162662514,1.0,0.18355222004647984,0.0,0.3981721018453003,1.0,0.7215128866686437,1.0,1.0,1.0,1.0,0.342461273495496,1.0,0.0,1.0,1.0,1.0,0.6506723852604879,1.0,1.0,1.0,0.0,1.0,0.2202210589597811,1.0,1.0,0.0,1.0,0.3280613514517824,0.7553961606093977,0.4440835097087546,1.0,1.0,0.44641420358665806,0.030034969588811872,1.0,1.0,1.0,1.0,0.7586398863661339
gex_possorted_bam_1WGCZ:AAGTGTTGTCATTACCx-M2,0.861561658018147,1.0,0.0,0.8712821193100075,0.6508146360722064,1.0,0.9039022596683964,0.99993955100879,0.4740532782878949,1.0,0.0,0.8415612538907946,0.7418936171354691,0.649080921058664,0.9555809256469133,0.7135509798780014,0.0,0.535087373403539,0.6163844994929089,0.7826106329534841,1.0,1.0,0.8115143757728914,1.0,0.6104744243508003,0.6742519847184602,0.0,1.0,1.0,0.8219543545672026,1.0,0.7006101938834559,0.834870076734988,1.0,0.0,1.0,0.46831796047201185,0.8333141816232719,0.9467197901288633,0.6127457460161039,0.40385483775168735,0.32831906561392493,0.7799598676466116,0.8994923842108999,1.0,0.9438259739840528,0.3030687161445323,0.0,0.9182228469421292,0.9350805456356941,0.9934067865261632,0.956066686709527,1.0
gex_possorted_bam_1WGCZ:AATCAGGAGTGATTCAx-M2,0.0,1.0,1.0,0.41620198416781795,0.0,0.0,1.0,0.33321110114519903,0.7334886659983941,0.0,0.7537243484942912,0.16819197738593197,1.0,1.0,0.0,1.0,0.49343395615986935,0.9495409451104784,1.0,0.0,0.0,0.0,0.0,0.0,1.0,0.39233115799383567,1.0,0.0,1.0,0.6787945023634309,1.0,0.8872876717058239,0.0,0.6164470388403076,1.0,0.13212210823694226,1.0,0.0,0.0,1.0,0.6274455514685209,0.3140821832487281,1.0,1.0,0.11500567613996257,0.27560321914012176,1.0,1.0,0.5102498829071478,0.24438878354757088,1.0,0.3826471921074865,0.0
gex_possorted_bam_1WGCZ:AATCTCAAGGGATGACx-M2,1.0,1.0,0.09890353674720283,1.0,1.0,0.9624126852031978,0.06045223060119916,1.0,0.2646273735244475,1.0,0.0,0.922940464519119,0.7025203370170379,0.47662838251265555,1.0,0.035704943174801496,0.0,0.0,0.8957705838357459,0.4657921626516437,1.0,1.0,1.0,1.0,0.10106346913666425,1.0,0.0,0.909485459767995,0.8610886977571331,1.0,0.33525008368614245,1.0,1.0,0.974287384888517,0.0,1.0,0.14005204943395316,1.0,1.0,0.0,1.0,0.3460994718519686,0.6621445111910268,0.27644295944610964,1.0,1.0,0.44393094814483214,0.024527728582347245,1.0,1.0,1.0,1.0,0.22839262290706894
gex_possorted_bam_1WGCZ:AATGTCATCCAATTAGx-M2,1.0,1.0,1.0,1.0,1.0,1.0,0.0,0.9387119549395627,1.0,1.0,0.0,1.0,1.0,0.6335010945828644,1.0,0.12965434110205998,0.0,0.0,0.0,0.6276720975144272,0.536816376302011,1.0,1.0,0.816253480615907,1.0,1.0,0.0,1.0,0.8799637583451754,1.0,0.0,1.0,1.0,1.0,0.0,1.0,0.0,1.0,1.0,0.0,1.0,0.0,1.0,1.0,1.0,1.0,1.0,0.0,1.0,1.0,0.8120953184304263,1.0,1.0
gex_possorted_bam_1WGCZ:AAGGTGCAGCCGCAACx-M2,0.9048107206936548,0.6368987174436262,0.0,0.7703675443060709,0.7946332299389166,1.0,0.7748874479793271,0.8124173563920942,1.0,0.6816039538667007,0.8039931453191446,0.568305740182511,0.7077701286806767,1.0,0.9423070924852682,0.5930873050928728,0.42720513710293545,1.0,1.0,0.17722077532906302,1.0,0.9295125926267174,0.9127267087049254,1.0,1.0,0.8434718704876082,0.0870326086035022,1.0,1.0,0.9400026419325173,1.0,0.6205089503285633,0.8441948282902729,0.7963146302157351,0.29167919634709927,0.989367438922324,0.8379341180024995,0.874073095135794,0.7658674326355592,0.22027913479385453,0.6443209091032327,0.57589579814851,0.8812326559229043,0.8110264112084223,1.0,1.0,0.0,0.0,0.592264242355625,0.911347148384442,0.8407622703952959,0.9569663792266733,0.5510721335269259
gex_possorted_bam_1WGCZ:AAGGTATAGGAGCAACx-M2,1.0,0.7895897209721854,0.0,1.0,1.0,1.0,0.2851502067254902,1.0,0.18032773399212038,1.0,0.0,0.8471533894874643,0.8722599656963688,0.16080507162334937,1.0,0.2022305984197184,0.0,0.1826980573928315,0.8154017209228408,0.549863632938668,1.0,1.0,1.0,1.0,0.42666171118520635,1.0,0.05023031617728558,0.8253476112661492,0.5456087999913436,1.0,0.0,1.0,1.0,1.0,0.0,1.0,0.33726097195882865,1.0,1.0,0.0,1.0,0.35985896853859456,0.8724240849357205,0.35591038764799393,1.0,1.0,0.2784111411748689,0.24335922996467083,0.9339548157850203,1.0,0.9906845103284039,0.9912891799570448,0.3395587881106816
gex_possorted_bam_1WGCZ:AATAACCGTGCAACTAx-M2,0.8877693359251958,0.8800874816674632,1.0,1.0,1.0,0.5309786490338984,0.20529400706107104,1.0,1.0,1.0,0.0,1.0,1.0,0.9616785466630118,1.0,0.07988151204515209,0.0,0.0,0.0,0.2357285847706995,0.0,0.4018229825645738,1.0,0.265932382703947,0.9701668962809897,1.0,0.1596062496432234,0.9488463806133766,1.0,1.0,0.0,1.0,1.0,1.0,0.012457620733270046,0.9999704067570468,0.0,1.0,1.0,0.0,1.0,0.0,1.0,1.0,0.9260396605088158,1.0,1.0,0.0,1.0,1.0,1.0,1.0,0.4434847373460559
gex_possorted_bam_1WGCZ:AATCCTAAGATGCCTGx-M2,1.0,0.8433927530078701,0.14239007260715378,1.0,1.0,1.0,0.4502694131536777,1.0,0.48381547579682654,1.0,0.07996662728795927,0.8569638425502308,0.8857546224258571,0.16378359998162695,1.0,0.0945670715222943,0.0,0.31683540739825095,1.0,0.8772486968882041,1.0,1.0,1.0,1.0,0.5326295387332979,1.0,0.0,1.0,0.9279722262190127,1.0,0.7245468529238464,1.0,1.0,1.0,0.0,1.0,0.057303098697385146,1.0,1.0,0.0,1.0,0.2000745371721911,0.7934967839141466,0.06562132668328775,1.0,1.0,0.4584359543797962,0.0,1.0,1.0,0.969607066877291,1.0,1.0
gex_possorted_bam_1WGCZ:AATGGCGCACCTGGTGx-M2,1.0,0.9210552465920913,0.4025619365665332,1.0,1.0,1.0,0.5950739889149611,1.0,0.3844109412449972,1.0,0.46986703120252615,0.7177690997127899,1.0,0.4233785774087143,1.0,0.43552349161712367,0.18436056355984706,1.0,1.0,0.8825202158373368,1.0,1.0,1.0,1.0,0.8317620469766974,1.0,0.0,1.0,1.0,1.0,1.0,1.0,1.0,1.0,0.0,1.0,0.3330190245701452,1.0,1.0,0.0,1.0,0.07022438530105193,0.7112832871973206,0.7775300851104622,1.0,1.0,0.33885452305391167,0.11875655656241692,1.0,1.0,1.0,1.0,1.0
gex_possorted_bam_1WGCZ:AATGCAACATCTAGCAx-M2,0.059450068015857456,1.0,1.0,0.9642151031085411,0.0,0.0,1.0,0.7776493285973216,1.0,0.546311652133647,0.25415616348828074,1.0,1.0,1.0,0.12501606125301246,1.0,0.3842834363426118,0.4083498651373198,1.0,0.0,0.0,0.0,0.0,0.0,1.0,1.0,1.0,1.0,1.0,1.0,1.0,0.003688862486412626,0.0,0.7957705272672791,1.0,0.19124035724929947,1.0,0.07000712629007073,0.049158454183437936,1.0,0.030379180748495865,1.0,1.0,1.0,0.0,0.5527408216100822,1.0,1.0,1.0,0.5538966660985299,1.0,0.9900247394383875,0.0
gex_possorted_bam_1WGCZ:AATGCGCGTTTCGCCAx-M2,1.0,0.8989728330401557,0.4919781365843816,1.0,1.0,1.0,0.4600235085730306,1.0,0.781844770937181,1.0,0.0,1.0,1.0,0.11156566399304799,1.0,0.1938695427322176,0.0,0.0,0.752650004663876,1.0,1.0,1.0,1.0,1.0,0.527456686454574,1.0,0.0,0.9963716033706571,1.0,1.0,0.6551804926472934,1.0,1.0,1.0,0.0,1.0,0.1364076161139915,1.0,1.0,0.0,1.0,0.23026588883702306,1.0,0.8985949511071942,1.0,1.0,0.6025039542413533,0.0,1.0,1.0,1.0,1.0,0.9876599881438838
gex_possorted_bam_1WGCZ:AATGCAACAACCTGGTx-M2,1.0,0.972874148504166,0.009338763747233421,1.0,1.0,1.0,0.611608761359993,1.0,0.7496320738655704,1.0,0.3549684453297383,0.932667795981041,1.0,0.32739980530772406,1.0,0.24168420043642524,0.054623915262956686,0.9349543793759204,1.0,0.8149909698538513,1.0,1.0,1.0,1.0,0.6837058742798541,0.9914384664951149,0.0,1.0,1.0,1.0,1.0,1.0,1.0,1.0,0.0,1.0,0.2156451950442504,1.0,1.0,0.0,1.0,0.03409937140764461,0.8367617805025649,0.5876331280144798,1.0,1.0,0.1758580201195643,0.0,1.0,1.0,1.0,1.0,1.0
gex_possorted_bam_1WGCZ:AAGGTGCAGCCTGATGx-M2,1.0,1.0,0.4618822257423815,1.0,1.0,1.0,0.028838861746099464,1.0,0.24870535760479365,1.0,0.2030948098723365,0.6660906240961315,1.0,0.5449349522186901,1.0,0.15069368277006434,0.0,0.3234173939061981,1.0,0.7495011955798213,1.0,1.0,1.0,1.0,0.1263539611205429,1.0,0.0,0.7759311164068305,0.9180046252691147,1.0,0.7948771616012479,1.0,1.0,1.0,0.0,1.0,0.17819579756446255,1.0,1.0,0.0,1.0,0.0,0.876681513707437,0.40491746953716784,1.0,1.0,0.5870924486166988,0.0,1.0,1.0,1.0,1.0,0.4767108675385518
gex_possorted_bam_1WGCZ:AATCCGTAGCTATTAGx-M2,1.0,1.0,1.0,1.0,1.0,0.40036290251665124,0.0,1.0,0.764903281973744,1.0,0.0,1.0,0.9593999158062764,0.40572250894926276,1.0,0.0,0.0,0.0,0.0,0.20895612731925745,0.1517569341683581,0.5904227277333173,1.0,0.6213536980176789,0.4339381099378711,1.0,0.0,0.8391166929495545,0.6252709031460674,1.0,0.0,1.0,1.0,1.0,0.0,0.9504470955313358,0.0,1.0,1.0,0.0,1.0,0.0,1.0,0.9924871574911815,0.8874732053294289,1.0,1.0,0.0,1.0,1.0,1.0,1.0,0.0
gex_possorted_bam_1WGCZ:AAGTTTGTCGCTAGATx-M2,1.0,0.7265716914666605,0.0,1.0,1.0,0.917030128311822,0.0,1.0,0.4252305615813458,0.916353057176527,0.0,0.8316224468768019,0.7198502829542496,0.1608101120329454,1.0,0.14735972018292706,0.0,0.0,0.7776051677881783,0.6940491892267027,1.0,1.0,1.0,1.0,0.3591543579456474,0.9973202656445969,0.0,0.6374392311702843,0.6923490100828891,1.0,0.09995815399155694,1.0,1.0,0.9897169476776023,0.0,1.0,0.08705442197598647,1.0,1.0,0.0,1.0,0.2140767620800007,0.6631903440625301,0.0,0.9461111111004556,1.0,0.5435870743289406,0.03254361961008794,0.9906734440013465,0.9914939730357096,0.9700927945882276,0.9201168408971899,0.2882209680235114
gex_possorted_bam_1WGCZ:AATCATGTCTAAGGTCx-M2,1.0,0.8037099723960008,0.9616704107263621,1.0,1.0,0.3933975825502563,0.36796380171981824,1.0,0.44419682523400994,1.0,0.0,0.8980995447630177,0.989305140182142,0.260107861210539,1.0,0.0,0.0,0.0,0.3778669626126997,0.7122277834498497,0.9292455663923088,0.7283338244014408,1.0,1.0,0.3706776461001668,1.0,0.050133523203178154,0.9270812572292997,0.8462240192805206,1.0,0.0,1.0,1.0,1.0,0.0,0.9834296199978416,0.07043238716105857,1.0,1.0,0.0,1.0,0.0,0.9296287688134931,0.2656395400825099,1.0,1.0,0.8868498845502613,0.0,1.0,1.0,1.0,0.9023202871467141,0.0
gex_possorted_bam_1WGCZ:AATCCTAAGTGTTGCGx-M2,0.04138646385338646,1.0,1.0,0.9117090283910736,0.29501155290156694,0.0,1.0,0.5457288489908266,1.0,1.0,0.0,1.0,1.0,1.0,0.18080931455470298,1.0,0.4444067532170041,0.10753449129413374,1.0,0.0,0.0,0.0,0.0,0.0,1.0,1.0,1.0,1.0,0.8414969708965245,1.0,1.0,0.0,0.0,0.7670344141996218,1.0,0.20922157189681193,1.0,0.36469513322415104,0.35358121619048183,1.0,0.36363916563527465,1.0,1.0,1.0,0.058543514648580736,0.5936488621723712,1.0,1.0,1.0,0.29503554690698885,1.0,0.9663553530335977,0.922301569860871
gex_possorted_bam_1WGCZ:AATTAGGCATCATGTGx-M2,0.09320725061342126,1.0,1.0,0.7140355716034699,0.0,0.32396084716456713,1.0,0.5040295879979729,1.0,0.5536945496096619,0.8707171412652863,1.0,1.0,1.0,0.10240669145774632,1.0,0.9758482670163581,0.8757830263617798,1.0,0.0,0.0,0.0,0.0,0.0,1.0,1.0,1.0,1.0,1.0,0.753610353524981,1.0,0.0,0.0,0.5388636632511606,1.0,0.18771794551659574,1.0,0.027084639098566395,0.057357249959792626,1.0,0.24815596239610663,1.0,1.0,1.0,0.020724297176659863,0.43727049828522985,1.0,1.0,0.7665079221654898,0.5057316054236545,1.0,0.6803779157816607,0.0
gex_possorted_bam_1WGCZ:AATTAGCGTTTGGCTTx-M2,1.0,0.6691551329002102,0.0,0.836450867667938,1.0,1.0,0.39423729132736784,0.9624719484992482,0.3149514229529996,0.8805529632792753,1.0,0.09763058434267834,0.6812211053131838,0.3593310300117598,0.9186662414960947,0.4609811873169027,0.6772024489234073,1.0,1.0,0.36642353102434,1.0,1.0,0.954982227621095,1.0,0.6320694430280385,0.7358577037097711,0.0,1.0,0.7069295763564591,1.0,1.0,1.0,0.952047101333188,1.0,0.0,1.0,0.17469026594321313,1.0,0.9718681533089667,0.0008959538685004717,0.44751742575135633,0.1967302144239608,0.45104870565864175,0.0,1.0,0.9915706036035175,0.0,0.0,0.793303751293496,0.8949242237050107,0.7010569168127893,1.0,1.0
gex_possorted_bam_1WGCZ:AATCGCCCAGTTATCGx-M2,0.09707257229585314,1.0,1.0,0.9404928453566301,0.0,0.0,1.0,0.9058103098495981,1.0,0.7271456131237883,0.0,1.0,1.0,1.0,0.14009807689344142,1.0,0.0,0.0,1.0,0.0,0.0,0.0,0.0,0.0,1.0,1.0,1.0,1.0,1.0,0.7188177617349875,1.0,0.023307288550372018,0.0,0.8277753914429995,1.0,0.2784230646575058,1.0,0.031825571613569185,0.034837120046917934,1.0,0.20234802496545312,1.0,1.0,0.7260241944803412,0.08385048451684601,0.5184064507378312,1.0,1.0,1.0,0.5984722469930069,1.0,0.8962447554328988,0.0
gex_possorted_bam_1WGCZ:AAGGATTAGGCGCTACx-M2,0.7103948257942317,0.8039891277377436,0.0,0.677166587646825,0.5942549342126161,1.0,0.09897179242366005,0.6925389949798436,0.34014448977792316,0.8210541083767465,0.6797419853134788,0.0,0.6350689562591648,0.3140411281700492,0.6359671354211738,0.2443393487442585,0.4421993834454194,0.9570318256287503,0.5720802635705083,0.5566954786249405,1.0,1.0,0.7808321509932349,1.0,0.45452462672524574,0.5971444708533685,0.03837756785189725,0.4423553783832071,0.3816068543578703,0.5548641122146821,0.3248704173915019,0.8531153117922914,0.711081350382917,0.5552914202582061,0.04682859555449261,0.715219119815082,0.0,0.6330144232279876,0.6493986292289288,0.22466028190034165,0.5438014411505989,0.18806487378990033,0.3219800964013912,0.0,0.7415410063556827,0.6394065500116883,0.2658608277974278,0.4240705805801867,0.6058116283645396,0.6084441157745754,0.25138480498316096,0.7073723890403212,0.9224851393883172
gex_possorted_bam_1WGCZ:AATCCCTGTTAACGGCx-M2,1.0,1.0,0.0,1.0,0.9410760394089807,1.0,0.9317259039787238,1.0,0.5187921096996059,1.0,0.0,1.0,1.0,0.38997622515726144,1.0,0.35303730085203044,0.0,0.0,0.7758504856811639,1.0,1.0,1.0,1.0,1.0,0.914565199920845,1.0,0.0,1.0,1.0,1.0,0.719641999189884,1.0,1.0,1.0,0.0,1.0,0.423737854877425,1.0,1.0,0.06377293173797974,1.0,0.31380902457950216,0.8130138419002781,0.3954012796711876,1.0,1.0,0.572743451443799,0.012648629423564726,1.0,1.0,0.9965941949961543,1.0,1.0
gex_possorted_bam_1WGCZ:AATCATCCACCCACAGx-M2,1.0,1.0,0.0,0.9952819526057106,0.7035497103951539,1.0,0.7094341643928742,1.0,0.6022750782174427,1.0,0.0,1.0,0.9716956883137225,0.5241157083960942,1.0,0.4045637635252029,0.0,0.0,0.7694819049571293,0.5871293712193828,1.0,1.0,1.0,1.0,0.7625904808864025,0.9179938260593296,0.0,1.0,1.0,1.0,1.0,1.0,1.0,1.0,0.0,1.0,0.3777636024034342,1.0,1.0,0.2198713242149755,0.9193632672067501,0.3382434454002604,0.898325752447038,0.44755764109655105,1.0,1.0,0.43172076727731523,0.06463928194336349,1.0,0.9554681125730015,1.0,1.0,0.7039218553483708
gex_possorted_bam_1WGCZ:AAGTAGCCATTGTTGGx-M2,1.0,1.0,0.0,0.908874754589148,1.0,1.0,0.5079089221243444,1.0,0.8637287172750764,0.961470392988302,0.22006695387893196,0.48459379704674393,0.7003139901374041,0.21365539331692462,0.9412705614029682,0.0,0.0,0.9506743819060229,0.7769602646406963,0.446594031839468,1.0,1.0,1.0,1.0,0.7596955378023054,0.7376284221911347,0.0,0.8808851459104493,1.0,0.8823868727822533,0.3159532193910685,1.0,1.0,1.0,0.0,1.0,0.3696845745092456,1.0,1.0,0.0,1.0,0.518998655933517,0.4569341537348611,0.20399499152442088,1.0,1.0,0.03915717214237654,0.0,0.8316084292116078,1.0,0.8114515955590159,0.9728491810998108,0.8819999043438763
gex_possorted_bam_1WGCZ:AATTAGCGTCTAACCTx-M2,1.0,0.9615754827503848,0.0,1.0,1.0,1.0,0.496468415752335,1.0,0.10754031505749974,0.9949387175659635,1.0,0.47130144210437946,0.8863569043153827,0.9654343769235826,1.0,0.7865796681921731,1.0,1.0,1.0,0.632897904064286,1.0,1.0,1.0,1.0,0.7319812048469359,0.8348749090792824,0.0,0.9312316898304441,1.0,1.0,1.0,1.0,1.0,1.0,0.0,1.0,0.0,1.0,1.0,0.023782374633184913,0.3908117829994653,0.32084608861759184,0.5754067578134201,0.0,1.0,1.0,0.0,0.28269229969173615,0.9726510171024184,0.8816153626677783,0.9201263392414841,1.0,0.9548836825498205
gex_possorted_bam_1WGCZ:AAGTGAAGTTTGCTGTx-M2,1.0,0.8337036210880359,0.39423691869076527,1.0,1.0,1.0,0.14279939712261208,1.0,0.3776069990383375,0.9217864652248252,0.0,0.6800154604173607,0.7160674637777087,0.259490101536195,1.0,0.04522843528303022,0.0,0.2661989827374552,0.6801039950768734,0.6799041736782414,1.0,1.0,1.0,1.0,0.6456788001801637,0.9813573690341112,0.0,0.6206767978831302,0.6958779255125879,0.9994452514801194,0.4863189848226988,0.9700075031132799,1.0,1.0,0.0,1.0,0.10244772920724944,0.9463856161475765,1.0,0.0,1.0,0.1257788459026049,0.8521781534731908,0.7464712262191561,0.9753413693755717,1.0,0.696430317042077,0.0,0.9276870017156319,1.0,0.9747930817374885,0.9095465568766365,0.5311317792962654
gex_possorted_bam_1WGCZ:AAGGTGCAGCGCAATTx-M2,0.7780395082699896,1.0,1.0,0.9173076289342805,0.0,0.8419078011490545,1.0,1.0,0.9705216919120011,1.0,0.0,1.0,1.0,1.0,1.0,1.0,0.0,0.0,0.5628691611970585,0.22421938805254463,0.7099931589214026,0.5565887082582318,0.6639961639322962,0.9736693826516591,1.0,0.9191942634871222,0.0,1.0,1.0,0.6752235081014177,1.0,0.88600427394472,0.7641873709953435,1.0,0.06673246393197048,1.0,1.0,0.9592797284637972,0.9516435157221197,1.0,0.6701474196199004,0.7235411037442667,1.0,1.0,0.9924161093864468,1.0,0.4750886176358492,0.28104726908016053,1.0,1.0,1.0,1.0,0.5449806857239393
gex_possorted_bam_1WGCZ:AATAACCGTTGCTGGGx-M2,0.9325486216253221,1.0,1.0,1.0,1.0,1.0,0.3654808832963084,1.0,1.0,1.0,0.0,1.0,1.0,0.8618643588867774,1.0,0.38266259659719853,0.0,0.0,0.0,0.8905229298117354,0.5041671859214953,0.7813363696381704,1.0,0.9473615089630667,1.0,1.0,0.0,1.0,0.7589978171255777,1.0,1.0,1.0,1.0,1.0,0.0,1.0,0.32903586051673306,1.0,1.0,0.44324225742148726,1.0,0.0,1.0,1.0,1.0,1.0,1.0,0.0,1.0,1.0,1.0,1.0,0.8916788530678349
gex_possorted_bam_1WGCZ:AAGTCTATCGTTAGTAx-M2,0.9829633471295717,0.8716251871763288,0.0,0.8969738078763054,1.0,1.0,0.25040809480986287,0.8573866608675346,0.10101151006757356,0.9953311653956763,0.7798138139257338,0.13392570936284792,0.619268908787583,0.5369355126910144,1.0,0.5042830618534788,0.5331896308889786,1.0,1.0,0.8224463560693356,1.0,1.0,0.9957520278663742,1.0,0.2738122187075297,0.7418145329032857,0.0,0.9015630851526343,0.6763178362267787,1.0,1.0,0.8124645406064577,0.9623375043063557,0.9558040459303845,0.0,1.0,0.018161468135900027,0.8483943320787396,0.9625332669987308,0.080684384898337,1.0,0.3456937142020928,0.6250002023089537,0.7078240579436422,1.0,0.9289083960257221,0.1856936575365012,0.16607655671254987,0.8374242830739662,0.9493508834864414,0.7093134614006259,0.93747684773373,1.0
gex_possorted_bam_1WGCZ:AAGGTGCAGGCGGGTAx-M2,0.8559458252581708,0.2963339055004888,0.0,0.7922999865304646,0.8530216111889793,1.0,0.0,0.8704378362001518,1.0,0.5567076611321433,1.0,0.0,0.08229418720109592,0.5831524873426097,0.9781664447955921,0.06860702892707285,0.8579127725286236,1.0,0.7302225684811587,0.0,0.8019731766878844,1.0,0.7746595123146486,0.9829902909264617,0.40311322570704333,0.7354226781689576,0.02189065702323732,0.0,0.2061116185497582,0.8968164015496233,0.5008778721626028,0.49602739415659836,0.8587403488851112,0.6659738686846086,0.0,0.8546776926125823,0.2501056015948748,0.774725937853683,0.8565987282803641,0.0,1.0,0.22555540588976283,0.1198875091737323,0.018474107199861006,1.0,0.8025039830149071,0.03497909235941499,0.13888115734537168,0.7726730305978836,0.8631379485369499,0.9756712396731113,0.7462683217211795,0.7681240782467093
gex_possorted_bam_1WGCZ:AATATCCCATAATGAGx-M2,1.0,1.0,0.05740931769374621,1.0,1.0,1.0,0.69643641701423,1.0,0.1308599776509658,1.0,0.8194559659724377,0.5569808049679047,0.9583496222625808,0.43421333576237453,1.0,0.4930305920662887,0.3656589897436428,1.0,1.0,0.7861113497110583,1.0,1.0,1.0,1.0,0.8508874948141086,0.9419178702552633,0.0,1.0,1.0,1.0,1.0,1.0,1.0,1.0,0.0,1.0,0.13145387644082754,1.0,1.0,0.11935187153503696,0.6981620644000622,0.07835366213521112,0.603727350599015,0.34234835554620496,1.0,1.0,0.0,0.0,1.0,1.0,0.9480226971563148,1.0,1.0
gex_possorted_bam_1WGCZ:AATGTCCAGCCATCAGx-M2,1.0,0.9772840169933928,0.11565980864767905,1.0,1.0,1.0,0.6532454985620378,1.0,0.5260952964518357,1.0,0.0,1.0,0.9058092187338759,0.24861992767300506,1.0,0.165942360700942,0.0,0.1717893692768231,0.9314694589992166,0.6515058437937987,1.0,1.0,1.0,1.0,0.6671590649754536,1.0,0.0,0.9746041604939697,1.0,1.0,0.6546460920804488,1.0,1.0,1.0,0.0,1.0,0.07350148333124079,1.0,1.0,0.019115440757096095,1.0,0.13637080625343712,1.0,0.6731683510195355,1.0,1.0,0.48937154448571124,0.0,1.0,1.0,1.0,1.0,0.6933901862364983
gex_possorted_bam_1WGCZ:AAGTAGCCATTTAAGCx-M2,0.0,1.0,1.0,0.7088852036832197,0.0,1.0,1.0,0.28977534755058393,1.0,0.5434161042072351,1.0,1.0,1.0,1.0,0.21734159175801313,1.0,1.0,1.0,1.0,0.0,0.0,0.0,0.0,0.0,1.0,0.9669253276715677,1.0,1.0,0.8500001320623142,1.0,1.0,0.0,0.0,0.39914197703882953,1.0,0.18410125092656926,1.0,0.15102936026674724,0.0,1.0,0.25181710869487045,1.0,1.0,1.0,0.011762004088725646,0.36739280247821454,1.0,1.0,0.8425946311998362,0.3215700256256374,1.0,0.6971587054491635,0.0
gex_possorted_bam_1WGCZ:AATCTTGAGAATGACGx-M2,1.0,1.0,0.6837254573011777,1.0,1.0,1.0,0.5225605203936856,1.0,0.6375876642379914,1.0,0.10860954790331137,0.8590868858971622,1.0,0.47891761275162154,1.0,0.320925773878851,0.005132414956933168,0.828611211246199,0.9540019216260471,0.7390980422022047,1.0,1.0,1.0,1.0,0.9333485287342648,1.0,0.0,1.0,1.0,1.0,0.5689608349891846,1.0,1.0,1.0,0.0,1.0,0.1061567202485444,1.0,1.0,0.0,1.0,0.3507237810530548,1.0,0.3891652088969421,1.0,1.0,0.34714053313294624,0.0,1.0,1.0,0.8529949036639047,1.0,1.0
gex_possorted_bam_1WGCZ:AATGCAACAATTAGGAx-M2,0.8673347839218843,0.7514909059122116,0.0,0.7610066898692124,0.7183842231583684,0.9305870578984538,0.6342620018826655,0.8709245165553873,0.0,0.884947484752546,0.019594627020605965,0.7229336321439658,0.9759915120132994,0.33100829643726254,1.0,0.46255442739120484,0.0,0.43941670102044433,0.8079815692845138,0.7142171758734378,1.0,1.0,0.73672735119271,0.8941763146159817,0.6017531293227376,0.6916227618193325,0.05838937206373264,0.6601521245385819,1.0,0.5157158979939963,0.6758857857091516,1.0,0.7533255930576938,0.754393157920784,0.0,1.0,0.13739137161083684,0.7580631628461388,0.7168276759855416,0.378024560381024,0.69865695624282,0.07491881843394366,0.49162380240278325,0.0,0.9876826613372159,0.7740007731151496,0.24547721570748252,0.14216205514963762,0.6207726700895553,0.8551303382083252,0.8136644138711636,0.8666438863892917,0.6806703756734224
gex_possorted_bam_1WGCZ:AATAGCTGTTAGACCAx-M2,1.0,1.0,1.0,1.0,1.0,1.0,0.43259220985752717,1.0,1.0,1.0,0.0,1.0,1.0,0.7428673625844651,1.0,0.34140916149273093,0.0,0.0,0.2313213474032841,0.7468027564437024,0.7765169551114358,1.0,1.0,1.0,1.0,1.0,0.0,1.0,0.9141325999494845,1.0,1.0,1.0,1.0,1.0,0.0,1.0,0.24449334159554348,1.0,1.0,0.2998845153243867,1.0,0.08740832540923447,1.0,1.0,1.0,1.0,1.0,0.0,1.0,1.0,1.0,1.0,1.0
gex_possorted_bam_1WGCZ:ACAGGATCATCGCTCCx-M2,1.0,1.0,0.3317923733113137,1.0,1.0,1.0,0.8038998754365082,1.0,0.41350899954490883,1.0,0.319287544482236,0.5181075361742074,1.0,0.4194195567416581,1.0,0.4445554589323668,0.059573263903055014,0.940591516484333,1.0,0.9531954686755191,1.0,1.0,1.0,1.0,1.0,0.9715112051937567,0.0,1.0,1.0,1.0,0.8919434963472876,1.0,1.0,1.0,0.0,1.0,0.5088493972348163,1.0,1.0,0.1948075036779837,1.0,0.4323341522926899,1.0,1.0,1.0,1.0,0.5338995302732128,0.20077053403986483,1.0,1.0,1.0,1.0,1.0
gex_possorted_bam_1WGCZ:ACATCATCATGAATAGx-M2,1.0,0.7586527703333152,0.0,0.8868721504789849,0.9293418685291758,1.0,0.27793839857972813,0.9303675886171341,0.564901308903771,0.8602387443153162,0.1964295787046472,0.8685452709567658,0.898336356237297,0.2221544612350971,0.9475640263020947,0.2922323534367181,0.04011128105949145,0.8468890225066465,0.9466507937643326,0.4910348870102749,1.0,1.0,0.9393003714960404,1.0,0.5774211172493025,0.7765426595165303,0.0,0.88225385741363,1.0,1.0,0.4379864789402283,0.9210886528648169,0.9634829550056189,0.8957261656450983,0.0,1.0,0.15112575059952535,0.936076513446045,0.9035545715636876,0.06613678264889039,0.9326608425523337,0.3871255854593966,0.508847658382198,0.0,1.0,0.901632161291856,0.02400594446691242,0.10811977019610534,0.8297537256181255,0.8855664436603189,0.8670412609138142,0.9841047636783422,1.0
gex_possorted_bam_1WGCZ:ACATTGCAGCCGCAACx-M2,1.0,0.655467027358282,0.0,1.0,0.9182333018477105,0.8474335628239601,0.10996054550697333,1.0,0.568973898855035,0.8275903171032161,0.0,0.715078132715936,0.6156918520569407,0.44935034899093046,1.0,0.22630406332298944,0.0,0.0,0.7496088291045528,0.623164410625944,1.0,1.0,1.0,1.0,0.27190085579949663,0.8808311159534449,0.0,0.8678096937318173,0.670888657988206,1.0,0.3080005870222941,1.0,1.0,1.0,0.0,1.0,0.12457816343315331,0.9253614537755044,0.9408703611376295,0.0,1.0,0.3391062834207005,0.787286949746404,0.0,1.0,0.9371552213562026,0.452056991311375,0.4247573775128522,0.8220535730562776,0.8586873186909522,0.6892463038894062,0.8936642563925525,0.6483022851784617
gex_possorted_bam_1WGCZ:ACACGGACACGAATCCx-M2,0.7881058893011186,1.0,1.0,1.0,1.0,0.2843521586662557,1.0,1.0,1.0,1.0,0.0,0.23390333165947885,1.0,0.7601212152009802,0.8472308522101559,0.0,0.0,0.0,0.4827047473357199,0.464029356526217,0.1856330743142248,0.32311663990459255,1.0,0.0038222189525624365,1.0,1.0,0.5978708870130942,0.46775064265507005,1.0,0.3474543853955625,0.0,1.0,1.0,1.0,0.2760351653185948,0.8565190499518927,0.0,1.0,1.0,0.09579723993350739,1.0,0.03608670527934061,0.8038453959154896,1.0,0.24301226416847702,1.0,1.0,0.0,1.0,1.0,0.7304781413520506,0.92620178619048,0.06476376214376298
gex_possorted_bam_1WGCZ:AATTTCCTCGTCAAGTx-M2,0.0328941224137669,1.0,1.0,0.9278676801829623,0.0,0.0,1.0,0.7495078152201158,1.0,0.7081412418562256,0.0,1.0,1.0,1.0,0.07695041744558626,1.0,0.0,0.0,1.0,0.0,0.0,0.0,0.0,0.0,1.0,1.0,1.0,1.0,1.0,0.8483265495368391,1.0,0.0,0.0,0.8725178838258748,1.0,0.18553074767550048,1.0,0.028856670319074483,0.0,1.0,0.2349819521529087,1.0,1.0,1.0,0.0,0.44135049994700654,1.0,1.0,1.0,0.6690555659370351,1.0,0.9326006762394605,0.0
gex_possorted_bam_1WGCZ:ACACTTAAGTCACTAAx-M2,0.045889774809757346,1.0,1.0,0.7541083328732495,0.10197831710428591,0.0,1.0,0.5531616319253854,1.0,0.49614075191640256,0.30558599779779677,1.0,1.0,1.0,0.006911760905565897,1.0,0.36743445933305524,0.0,1.0,0.0,0.0,0.0,0.0,0.0,1.0,1.0,1.0,1.0,1.0,0.8172601340867339,1.0,0.1569103793076286,0.0,0.5434819527738081,1.0,0.13632116531596636,1.0,0.07408536831534866,0.07159113657722208,1.0,0.16874452678782806,1.0,1.0,1.0,0.0,0.4487252110795532,1.0,1.0,0.9243698566513485,0.5496725799360126,1.0,0.7932758142485523,0.0
gex_possorted_bam_1WGCZ:ACAGCGCTCCTAGTTTx-M2,1.0,0.7893608429326078,1.0,1.0,1.0,0.43635133662793424,0.0,1.0,0.4216350914415104,1.0,0.0,0.7442664825332117,0.9294152654604857,0.45062747382584506,1.0,0.0,0.0,0.0,0.12120964315491382,0.2616918538966594,0.5980767850804675,0.6949502506909745,1.0,1.0,0.35345766209331436,1.0,0.0,0.7867656519500529,0.5916144181117174,1.0,0.0,1.0,1.0,1.0,0.0,0.8541016471185879,0.028403574301852582,1.0,1.0,0.0,1.0,0.0,0.878142288768439,0.2897862928356361,0.8504769214966034,1.0,0.516949588473934,0.0,1.0,1.0,0.9546548826208168,0.8758435607591628,0.0
gex_possorted_bam_1WGCZ:ACATCATCATCCCTCAx-M2,1.0,1.0,0.0,1.0,0.9735175106833813,1.0,0.8354978000003279,1.0,0.5343637128909405,1.0,0.027208974357290375,1.0,1.0,0.4644170087129149,1.0,0.3192965860516145,0.0,0.5779351091140928,1.0,0.8769265139309054,1.0,1.0,1.0,1.0,0.8277946186443819,0.998535633543634,0.0,1.0,1.0,1.0,1.0,1.0,1.0,1.0,0.0,1.0,0.17371842758074602,1.0,1.0,0.11101530779150812,1.0,0.3420184534529108,0.8225350885953984,0.44848974701824046,1.0,1.0,0.27010262745585534,0.024492545254820784,1.0,1.0,1.0,1.0,1.0
gex_possorted_bam_1WGCZ:ACATTAGTCGCTAAACx-M2,1.0,1.0,0.7810071942515834,1.0,1.0,1.0,0.42986884059930663,1.0,0.9487350307776427,1.0,0.0,0.9089700093685645,1.0,0.522379030848383,1.0,0.46183268543882167,0.0,0.42338646789479656,0.9233935231583777,0.632738576299057,1.0,1.0,1.0,1.0,0.9675935524962126,1.0,0.12101203989668204,1.0,1.0,1.0,0.8990705449377817,1.0,1.0,1.0,0.004816200077730257,1.0,0.6058434274670995,1.0,1.0,0.06203535291012577,1.0,0.38903386253117556,0.9345892538287168,0.6826019687233542,1.0,1.0,0.6294438289675323,0.1818141378837521,1.0,1.0,1.0,1.0,1.0
gex_possorted_bam_1WGCZ:ACACTAGGTAGTTGGCx-M2,1.0,0.7483302680560876,0.34849090949226885,1.0,0.8536754982570555,0.2663309572943564,0.5221708860954697,1.0,0.7365485311907983,0.9924659536822981,0.0,1.0,0.6642161559239761,0.06859847132140942,1.0,0.19043860907353027,0.0,0.0,0.3905841350214255,0.817271417388748,1.0,0.8574994390055913,1.0,1.0,0.6296840593718622,1.0,0.0,0.5298900833274938,0.9928603791849323,0.9398665648415094,0.0,1.0,1.0,1.0,0.0,1.0,0.46553037700598093,1.0,1.0,0.0,1.0,0.0,0.7574600904475041,0.26511654861813405,0.9431845451605982,1.0,0.7272798837996952,0.0,0.9931019971620141,1.0,1.0,0.8091286079868529,0.09178786690776408
gex_possorted_bam_1WGCZ:AATTTGCCAGGCAAGCx-M2,1.0,0.8078530295747376,0.0,0.8662273270877942,0.7331157409265465,1.0,0.11200489422443412,0.9334763246462626,0.708590081473651,0.8307152622817019,0.41265046852430326,0.659262185302471,0.7947926524856196,0.2833253142332606,0.8536476718947632,0.0,0.1346095799473112,0.6837603445719409,0.871255580850898,0.6562198766730669,1.0,1.0,0.9387246226108071,1.0,0.5309269784452909,0.7393853668701723,0.0,0.5909530314537824,0.6098853731628822,0.7999288898310778,0.554171927393536,1.0,1.0,0.9447793654444749,0.0,1.0,0.0,0.9701325908550535,0.9202787631368765,0.0,1.0,0.0,0.6467526437081422,0.0,1.0,0.9262159510748742,0.11173861405892291,0.0,0.7442115648952724,0.8879148872681164,0.8665029053790297,0.9514683223549353,0.961410124898914
gex_possorted_bam_1WGCZ:AATTGCCAGCTGGAAAx-M2,1.0,0.9424380847022067,0.3000381317449076,1.0,1.0,1.0,0.3088195619755055,0.9774155224466692,0.37142499162409326,1.0,0.22054516367907134,0.9296913355574884,1.0,0.3939219815885387,1.0,0.329261645107766,0.04600628895380185,0.7697166643019903,1.0,0.6386198822044792,1.0,1.0,1.0,1.0,0.8349056372064376,1.0,0.0,1.0,1.0,1.0,0.6516298444042552,1.0,1.0,1.0,0.0,1.0,0.04547127837395544,1.0,1.0,0.0,1.0,0.4628534704499853,0.9830916180764071,0.6386749344241566,1.0,1.0,0.23639554121490716,0.015333196082472748,1.0,1.0,0.9150058038780213,1.0,1.0
gex_possorted_bam_1WGCZ:ACACAATGTGTGTCCCx-M2,0.8110216221475935,0.5087227923221426,0.0,0.6004933738264372,0.7601150071108542,0.8079531358391373,0.0,0.6290790531975465,0.1340390625436833,0.9196091825709851,0.3839981661210931,0.46351883546783235,0.3796158714029082,0.0,0.6162605505326684,0.0,0.20091899473771827,0.6342921418093491,0.3052633888850854,0.6147509464506159,1.0,1.0,0.8701169197539921,1.0,0.05987142666034522,0.7549359464194291,0.2399837780830072,0.8944091795254403,0.28757292250161054,1.0,0.04649738633080538,0.4476482095857297,0.852440171982676,0.46912433889061994,0.12801676275351437,0.6970333494676939,0.0,0.7419637290864775,0.5841861518468336,0.0,1.0,0.47521540432935405,0.1779290081436795,0.0,1.0,0.655569720664578,0.0,0.05735403572662385,0.6151584253842127,0.9358545516861985,0.2739418289205261,0.6950459397218649,0.762103519008332
gex_possorted_bam_1WGCZ:AATTGTGTCATCGTTTx-M2,1.0,0.9831790883056893,0.41805404477419633,1.0,0.6266636413656232,0.8210613093560228,1.0,1.0,0.6808316702024471,1.0,0.0,1.0,1.0,0.18522019670866965,1.0,0.044436072820195606,0.0,0.0,0.7422850765215095,1.0,1.0,1.0,1.0,1.0,0.8588727648986907,1.0,0.0,1.0,1.0,0.8838422030991292,0.8963993208144081,1.0,1.0,1.0,0.0,1.0,0.5153795133455242,1.0,1.0,0.11747671466946019,1.0,0.17746007358757362,0.7247980800018882,0.5497606929858767,1.0,1.0,0.5377484867393936,0.0,1.0,1.0,1.0,0.9946723652674606,0.7579986275876346
gex_possorted_bam_1WGCZ:ACACTTAAGCTTAGCGx-M2,1.0,0.5511533218065789,0.0,0.9418675328129267,1.0,0.9205659637093845,0.0,0.9461835216261437,0.8314361815658841,0.8252680574035758,0.015344070616382734,0.5024346899468529,0.5216583498739638,0.07776193596692477,1.0,0.0,0.0,0.0,0.7510113747012476,0.4878783826689703,1.0,1.0,1.0,1.0,0.12064160764697447,0.9512365301207928,0.0,0.7891449452973478,0.9559095436475364,0.7888886492719468,0.09385068381209086,1.0,1.0,0.8491097829311687,0.0,0.9318285322086493,0.41713086930390714,1.0,1.0,0.0,1.0,0.26831954013815085,0.5625268933860011,0.3551915165221125,1.0,0.9957475586504738,0.1889814787642855,0.38308613936572644,0.8752025282328019,0.9639154965702758,0.9878023402583598,0.8553419754622404,0.3818814681623774
gex_possorted_bam_1WGCZ:AATTGGGAGCGCTCAAx-M2,0.0513415684380111,1.0,1.0,0.936644145832747,0.0,0.4528571095656048,1.0,0.7540817558452667,1.0,0.554804509823251,0.9779023089336655,1.0,1.0,1.0,0.09632174190328632,1.0,1.0,1.0,1.0,0.0,0.0,0.0,0.0,0.0,1.0,1.0,1.0,1.0,1.0,0.9740705025219517,1.0,0.0,0.0,0.686952395283689,1.0,0.19877522973865258,1.0,0.1322129686805751,0.02167538970651558,1.0,0.093899969823343,1.0,1.0,1.0,0.03124791133029098,0.5197416974779846,1.0,1.0,1.0,0.4550057748176986,1.0,0.9181141676712581,0.0
gex_possorted_bam_1WGCZ:ACAGCCGGTGATTACGx-M2,0.0566574716612876,1.0,1.0,0.9115869862376581,0.04288233414241255,0.21119447473420502,1.0,0.6771700025279049,1.0,0.5846520702476783,0.7706471448550422,1.0,1.0,1.0,0.12935501545194722,1.0,1.0,1.0,1.0,0.0,0.0,0.0,0.0,0.0,1.0,1.0,1.0,1.0,1.0,1.0,1.0,0.008916350251174003,0.0,0.6873066775580352,1.0,0.21536913354157866,1.0,0.0883415409962884,0.08888358552152134,1.0,0.07633791541118216,1.0,1.0,1.0,0.033428938378204244,0.5387639195791434,1.0,1.0,1.0,0.4440804772632586,1.0,0.9030841909735149,0.0
gex_possorted_bam_1WGCZ:ACAACAGAGGATGATGx-M2,0.1502553368172015,1.0,1.0,0.888356957294269,0.0,0.0,1.0,0.817511209888839,1.0,1.0,0.0,1.0,1.0,1.0,0.3414973796295089,1.0,0.20949292695775507,0.0,1.0,0.0,0.0,0.0,0.0,0.0,1.0,1.0,1.0,1.0,1.0,1.0,1.0,0.0,0.0,0.8534604094771739,1.0,0.3866521988292143,1.0,0.2553761129113714,0.23070425090874472,1.0,0.6024194222787144,1.0,1.0,1.0,0.2036779991736578,0.645091283290744,1.0,1.0,1.0,0.563327243522506,1.0,0.9212376083826392,0.13172816992673295
gex_possorted_bam_1WGCZ:ACATAGCTCGTCAAGTx-M2,1.0,0.7353723989368333,0.6777188670567658,1.0,0.8734441240157202,1.0,0.0,0.9750599481133492,0.0,1.0,0.0,0.6371142221940791,0.6768758782504487,1.0,0.8969228919975866,0.3003472104879372,0.0,0.0,0.675761189640491,0.368577160780803,1.0,0.9558729146439016,1.0,1.0,0.0,1.0,0.08865207406285813,0.8521599505707522,0.760335289297053,0.801604952201964,0.20880227175474736,0.932507659386232,1.0,1.0,0.0,1.0,0.0,1.0,1.0,0.0,1.0,0.10442204577188799,0.8520167761893382,0.9082376853299187,0.8708584607215043,1.0,1.0,0.25242812647781876,1.0,1.0,1.0,0.9626173597596517,0.37702156094515943
gex_possorted_bam_1WGCZ:ACCAAACTCTCACATTx-M2,0.07288949964867357,1.0,1.0,1.0,0.0,0.0,1.0,0.747253735978848,1.0,0.5917710085197316,0.0,1.0,1.0,1.0,0.17128837352104062,1.0,0.0,0.0,1.0,0.0,0.0,0.0,0.0,0.0,1.0,1.0,1.0,1.0,1.0,0.7271545625580306,1.0,0.4608134846992243,0.0,0.7266171706698815,1.0,0.224550997407903,1.0,0.050993167204887155,0.0,1.0,0.0,1.0,0.9389483461125594,0.3690131459970281,0.0,0.4863907231931902,1.0,1.0,1.0,0.5003976365781647,1.0,0.9614076082519775,0.0
gex_possorted_bam_1WGCZ:ACAACAGAGGCTACTGx-M2,0.06413470368701253,1.0,1.0,0.9143327735706664,0.0,0.0,1.0,0.7978419703529431,1.0,0.646085759780727,0.0,1.0,1.0,1.0,0.11542674046300126,1.0,0.0,0.0,1.0,0.0,0.0,0.0,0.0,0.0,1.0,1.0,1.0,1.0,1.0,0.7839183751240439,1.0,0.1612724149199933,0.0,0.8163443327292215,1.0,0.233109357685023,1.0,0.03243115846540491,0.05382341268971132,1.0,0.08907765033055105,1.0,1.0,0.48709092463984355,0.018108713118225234,0.53140182397393,1.0,1.0,1.0,0.5809784880478527,1.0,0.973277643115263,0.0
gex_possorted_bam_1WGCZ:ACACTTGCATTAGCCAx-M2,1.0,0.9231376574195378,1.0,1.0,1.0,0.9482127041292776,0.0,1.0,1.0,1.0,0.0,1.0,1.0,0.6811550281105104,1.0,0.22420159727086333,0.0,0.0,0.1003576782895046,0.5482481901571432,0.528050673398271,0.8062258633300462,1.0,0.8312629152815022,0.8442688260313703,1.0,0.0,1.0,0.4340316372931129,1.0,0.0,1.0,1.0,1.0,0.0,1.0,0.0,1.0,1.0,0.0,1.0,0.02306406932734751,1.0,1.0,1.0,1.0,1.0,0.0,1.0,1.0,0.9409454238595639,1.0,0.4792817249341405
gex_possorted_bam_1WGCZ:AATTTGGTCCCGTTTAx-M2,1.0,0.8325158067258771,0.41754503276744115,1.0,1.0,0.7034067713018323,0.2494793863809055,1.0,0.6329890294096046,1.0,0.0,0.7192882196119474,0.6972863617486263,0.193058617256813,1.0,0.08862196212142189,0.0,0.0,0.6107853614703046,0.8271658496766935,1.0,1.0,1.0,1.0,0.08530771307353316,1.0,0.0,0.840692994824119,0.8598023203993693,1.0,0.41883483971030905,1.0,1.0,1.0,0.0,1.0,0.06809039403078314,1.0,1.0,0.0,1.0,0.2470667428045404,0.8234632951257433,0.7942145562758356,1.0,1.0,0.7509242520927385,0.0,1.0,1.0,1.0,0.9631208170427434,0.0
gex_possorted_bam_1WGCZ:ACAACATGTATCTGGAx-M2,0.94282371575881,0.9190597679236199,0.0,0.8528862357031194,0.9580591110877318,1.0,0.5243282003257581,0.9524213041577423,0.5332555963044853,0.8822007019581134,0.0,0.4635145298061251,0.8002014790645277,0.38555224881203454,0.8128895248007606,0.25796982873489066,0.0,0.4091599032349994,0.5890736999380074,0.5352713210121547,1.0,1.0,0.836822745935161,1.0,0.5138894950017403,0.7266934748818595,0.0,0.8874866749155923,0.9809894290455468,0.8086769555523821,0.2540686788050457,0.8524214910989252,0.8883492177668058,1.0,0.0,1.0,0.33673393471791935,0.8629297249168296,0.8808152875425629,0.18271907373753457,1.0,0.5218899520357261,0.4820188911662933,0.1686321006509665,0.9876449037922274,0.8592878078366278,0.07656070871253236,0.17563245349357834,0.7451945748827964,0.988446194830618,0.7662487400930243,0.830239255636207,0.9369680343632889
gex_possorted_bam_1WGCZ:ACACGGACAGCAGGTAx-M2,1.0,1.0,0.0,1.0,0.7904552342420748,1.0,0.8862503514489096,1.0,0.31433114309712495,1.0,0.0,1.0,1.0,0.4346678569083992,1.0,0.3778160564341049,0.0,0.2358103421818922,0.8204565682291868,0.7807912947253016,1.0,1.0,1.0,1.0,0.8936217099714386,0.9950847865758674,0.025260821650827724,1.0,1.0,1.0,1.0,1.0,1.0,1.0,0.0,1.0,0.3691068697168744,1.0,1.0,0.009330692590049575,1.0,0.11935130795761098,0.7271871203280927,0.9569922338079149,1.0,1.0,0.672495999052979,0.08678397023494704,0.936749267877214,1.0,0.9002405719986233,1.0,1.0
gex_possorted_bam_1WGCZ:AATTGCCAGCCTGAGCx-M2,0.9642544819387526,1.0,1.0,1.0,1.0,1.0,0.0,0.9685592528926755,1.0,1.0,0.0,1.0,1.0,0.3789116418116716,1.0,0.24369035816591136,0.0,0.0,0.0,0.44604701781803674,0.35101696340393346,0.8587526692378349,1.0,0.5534278446129203,1.0,1.0,0.0,1.0,0.9019608189875623,1.0,0.0,1.0,1.0,1.0,0.0,1.0,0.0,1.0,1.0,0.0,1.0,0.0,1.0,1.0,1.0,1.0,1.0,0.0,1.0,1.0,1.0,1.0,1.0
gex_possorted_bam_1WGCZ:ACACGGACATTAAGTCx-M2,1.0,1.0,0.33412635543455455,1.0,1.0,1.0,0.5815317110493363,1.0,0.7015233899732959,0.9981803631192162,0.0,0.7716947643013364,0.773220985020752,0.21659170603412994,1.0,0.0,0.0,0.4072191685249169,0.8330411709400075,0.46688015336779815,1.0,1.0,1.0,1.0,0.7884886259217654,0.9544268118420449,0.0,0.6645159926324886,1.0,1.0,0.6699572687475983,0.8972286199173573,1.0,1.0,0.0,1.0,0.09009913142747425,1.0,1.0,0.028936013919887104,1.0,0.18578552500992607,0.8266364392726216,0.6136359968198587,1.0,1.0,0.41537648274269856,0.0,0.925689793762256,1.0,0.8519883109046326,1.0,0.7808427456916717
gex_possorted_bam_1WGCZ:AATTGTGTCTCAATAGx-M2,0.040078745189488806,1.0,1.0,0.9352745067668842,0.0,0.0,1.0,0.6531319184959209,1.0,0.7011469426527204,0.0,1.0,1.0,1.0,0.16158691675863548,1.0,0.06190164246835712,0.0,1.0,0.0,0.0,0.0,0.0,0.0,1.0,1.0,1.0,1.0,1.0,1.0,1.0,0.5073860036531305,0.0,0.8513995099405524,1.0,0.21338682607836507,1.0,0.11352023141862426,0.15030979137104608,1.0,0.03278330961708258,1.0,1.0,1.0,0.13510748620899507,0.5952996918777868,1.0,1.0,1.0,0.602742452864337,1.0,1.0,0.0
gex_possorted_bam_1WGCZ:AATTGGGAGTGCACGCx-M2,1.0,1.0,0.0,1.0,1.0,0.9647355485257813,0.09429903974808225,1.0,0.25023135370145705,0.8304588230330078,0.0,0.8011303604439753,1.0,0.6401615537227765,1.0,0.224487250440366,0.0,0.0,1.0,0.5057581885758121,1.0,1.0,1.0,1.0,0.2761448609027028,1.0,0.0,0.8472811129447136,0.5792019677100496,1.0,0.26131678687717136,1.0,1.0,0.8827286907162294,0.0,1.0,0.0,1.0,1.0,0.0,1.0,0.4630954099374343,0.5999216255114569,0.37766052019930113,1.0,1.0,1.0,0.28904071104444184,0.9852806477931935,1.0,1.0,0.9649498216353568,0.2682053249855838
gex_possorted_bam_1WGCZ:AATTGGACAGGCGAGTx-M2,0.6655830234614858,1.0,0.46185255964638666,0.5391573828198762,0.5927503405519818,0.6302066759973709,1.0,0.63189046768797,0.7302304815659676,0.4501894854822228,0.3092702312187576,0.2503507303565988,0.860643244245288,1.0,0.1375023489093545,1.0,0.0,0.0,0.645056629149097,0.0,0.883051695352832,0.36014920230794134,1.0,0.1979245656759734,1.0,0.6207324378133727,0.899676191291749,0.18441328428512332,0.32410885285017593,1.0,0.2659169146617092,0.15073151961386305,0.5649084345331921,0.6282043805807885,0.5418015316230028,0.5433005293377782,1.0,0.48755202232888406,0.4182759553745999,0.01178454955196911,0.5060505877498754,1.0,0.8888174404727444,1.0,0.5889876684049871,0.9905957275930497,1.0,1.0,0.47732194499803104,0.6334970579405188,0.5314375708545265,0.7491932123674749,1.0
gex_possorted_bam_1WGCZ:ACAAAGGTCATGTCAAx-M2,1.0,1.0,0.11809513645989395,1.0,1.0,1.0,0.7027783635205654,1.0,0.8724733055522516,1.0,0.1646181007156837,0.8355383660409462,0.9984836190264321,0.5566866671917478,1.0,0.3248084757851415,0.0,0.5652107223670799,1.0,0.6462742288608008,1.0,1.0,1.0,1.0,0.7515942639730275,1.0,0.0,1.0,1.0,1.0,1.0,1.0,1.0,1.0,0.0,1.0,0.32009303768367775,1.0,1.0,0.02363607321639101,1.0,0.6391112478575677,1.0,0.9994725893623537,1.0,1.0,0.30146267806490396,0.20120947230697123,1.0,1.0,1.0,1.0,1.0
gex_possorted_bam_1WGCZ:ACACAATGTTCACCCAx-M2,1.0,0.7935199222028434,0.7894531095519349,1.0,1.0,0.8553184158606691,0.16094069049546283,1.0,0.7831167905105494,1.0,0.0,1.0,0.9514472624847375,0.2576525096826777,1.0,0.05193402808523635,0.0,0.0,0.38362489311591447,0.7413750979805237,0.9467776882234178,0.9931336396854132,1.0,1.0,0.5878017424225317,1.0,0.0,0.8063294081563593,0.8359100655675391,1.0,0.5040302302983786,1.0,1.0,1.0,0.001684983118378974,1.0,0.24904489771379965,1.0,1.0,0.0,1.0,0.2281744604549954,1.0,0.6949134083660056,1.0,1.0,0.8174148533534834,0.0,1.0,1.0,1.0,1.0,0.7102453713699637
gex_possorted_bam_1WGCZ:ACATCAATCGTTACAAx-M2,1.0,1.0,0.0,0.9537126035108011,0.7764714683221817,0.9976949891090503,0.5327060446943962,1.0,1.0,0.9367051149708063,0.0,1.0,0.9938281534810963,1.0,1.0,0.569776395729933,0.0,0.4129928866367968,1.0,0.34861350202968927,1.0,1.0,1.0,1.0,0.9388107997802434,0.9035079248413613,0.0,0.964976410566157,0.5750386571780094,1.0,0.475386663202888,0.9538006655957232,0.9848869557391263,1.0,0.04960675519089541,1.0,0.6276324476312822,0.8211345633300223,0.8821918436036453,0.04095271994190603,0.9760346400497096,1.0,1.0,0.13461030359924417,1.0,0.9840317728405177,0.8754711358426587,1.0,0.8291686566893808,0.9432399914397576,0.6020365366954501,0.9638754075678801,0.7918144695525005
gex_possorted_bam_1WGCZ:ACAGGTAAGCGCATTGx-M2,1.0,1.0,0.5256494586661454,1.0,1.0,1.0,0.20999146438769012,1.0,0.8382281053984421,1.0,0.0,1.0,1.0,0.6334700120570225,1.0,0.2048176681527935,0.0,0.0,0.4274760674764086,0.45774340558170507,1.0,1.0,1.0,1.0,0.8406552805411057,1.0,0.0,0.7619217605925295,0.4168827763413531,1.0,0.3322556007049678,1.0,1.0,1.0,0.0,1.0,0.0,1.0,1.0,0.0,1.0,0.33152435111311296,0.9204654523395872,0.5297161736764644,1.0,1.0,0.7541885051552565,0.0,0.9896964361414058,1.0,1.0,1.0,0.8281894481418981
gex_possorted_bam_1WGCZ:AATTGGACATGTTGTGx-M2,1.0,1.0,0.253204884378417,1.0,0.5271452993080913,1.0,1.0,1.0,0.45291344026344305,1.0,0.0,1.0,1.0,1.0,1.0,0.8851053557332637,0.0,0.8485731599974671,1.0,0.6531964309422986,1.0,1.0,0.9685695900474999,1.0,1.0,0.9551378091446281,0.0,1.0,1.0,0.9878847348488827,1.0,1.0,1.0,1.0,0.0,1.0,0.37808899541695157,1.0,1.0,0.4915335089179016,0.6989133762386054,0.5597231797719807,0.817959447418285,0.5614291054670467,1.0,1.0,0.34422330924845385,0.04271790275671464,1.0,1.0,1.0,1.0,0.7203552603811205
gex_possorted_bam_1WGCZ:ACAAAGGTCACTAGGTx-M2,1.0,0.965773291680646,0.0,0.9768019434799393,1.0,1.0,0.5011075840862613,1.0,0.2899925698169527,0.8113130736642115,0.08877517445816441,0.5520854336495714,0.7611562445964846,0.35862027920178174,0.8663471217414291,0.3845587296183725,0.0,0.08792244870681626,0.8600694223442457,0.1509993341718137,1.0,1.0,1.0,1.0,0.3528638124710769,0.8251477562416014,0.0,0.7626707289737308,0.7989638117838996,1.0,0.4704407837025777,0.7690172726011321,1.0,0.9156559772398404,0.0,1.0,0.2578900947506577,1.0,1.0,0.0,1.0,0.681302770585907,0.5829931693188112,0.3314760657821036,1.0,1.0,0.3643253680476385,0.1777529578948373,0.8276193228792569,0.869209635430265,0.9159978100630267,1.0,1.0
gex_possorted_bam_1WGCZ:ACAACACTCCGCATGAx-M2,1.0,0.8022858190857314,1.0,1.0,1.0,1.0,0.0070930976362536275,1.0,1.0,1.0,0.0,1.0,0.997548746377108,0.41400226599306655,1.0,0.0,0.0,0.0,0.23554270216154546,0.6747394611437352,0.868964520571217,1.0,1.0,0.9141799291799477,0.8660029159751154,1.0,0.0,1.0,0.506595201532247,1.0,0.0,1.0,1.0,1.0,0.0,1.0,0.0,1.0,1.0,0.0,1.0,0.05363795685349506,1.0,0.8364445608863169,1.0,1.0,1.0,0.0,1.0,1.0,0.7602351996121683,1.0,0.8993771591405447
gex_possorted_bam_1WGCZ:AATTGGACAGCAGGTAx-M2,1.0,0.6313880788744197,0.0,1.0,1.0,1.0,0.18956133947716777,1.0,0.28030396074837605,1.0,0.17075354635793577,0.550252415552798,0.8394788361492473,0.29832009064014714,1.0,0.2023625106205189,0.0,0.7037553277533057,0.9712084997576003,0.7320936409000506,1.0,1.0,1.0,1.0,0.6069889554552895,0.9681702024307717,0.0,0.8712830369191312,0.860176407117828,1.0,0.4388416400692057,1.0,1.0,1.0,0.0,1.0,0.0,1.0,1.0,0.0,1.0,0.23300787580899443,0.8949912244902117,0.1719668459932399,1.0,0.9913650860181993,0.4651801315083606,0.0,0.9083858215350608,1.0,0.7767602097196443,1.0,0.9227409844636836
gex_possorted_bam_1WGCZ:ACAGGAATCGGTACGCx-M2,1.0,0.843912941801969,0.0,1.0,1.0,1.0,0.6311967451140591,1.0,0.40245571052402773,1.0,0.0,0.8157373034717718,0.9270767956902248,0.1873340737506382,1.0,0.1958880074572885,0.0,0.11800063983276364,0.8516258729521204,0.9265666181975692,1.0,1.0,1.0,1.0,0.7987669683710127,1.0,0.0,0.954561087465585,0.9812929202412323,1.0,0.38398726141621325,1.0,1.0,1.0,0.0,1.0,0.27336737437250563,1.0,1.0,0.06898537251377637,1.0,0.20497514163479696,0.7639338855906587,0.26690537107016665,1.0,1.0,0.3935961437204491,0.0,0.9805538107255245,1.0,0.9355659786643468,1.0,0.7557961895392256
gex_possorted_bam_1WGCZ:ACCAAACTCGCATTAAx-M2,1.0,0.7813577086803805,0.0,0.87718852129207,0.9550830367278061,1.0,0.5444628560560746,0.9313687715920625,0.3124456240874956,0.8982768195621437,0.4920313230657166,0.5006753562076938,0.920282303581452,0.3592029328654308,1.0,0.2237733775826375,0.2780495287515031,1.0,1.0,0.6697836468968383,1.0,1.0,0.9627091090667071,1.0,0.712846424243183,0.7894736593626441,0.0,0.800503551218254,0.8312308082658934,1.0,0.7594013084642889,0.8236813720668782,1.0,0.9202312233652923,0.0,1.0,0.1707183087314016,0.9441578202801177,0.9725418163521986,0.029076467715625727,0.7354288526471696,0.5172384040068262,0.5974611113898481,0.3014861896664073,1.0,0.9848791044352053,0.0,0.09179391853741889,0.8466611649780131,0.945350141224736,1.0,1.0,1.0
gex_possorted_bam_1WGCZ:ACAACAACACTATGGCx-M2,0.6673372229928796,0.10233492171395467,0.0,0.4173628389913617,0.7125437568899833,0.9416617450531659,0.0,0.5014666736908889,0.0,0.24141261484921694,0.8250424057318719,0.0,0.3571283021801691,0.1549512990893924,0.5475337080050214,0.36994884096616176,0.5158067121103995,1.0,0.3382449771834496,0.7696702336710953,1.0,1.0,0.7389062984366973,1.0,0.0335771300729736,0.4142223172229465,0.0011001498346330922,0.48948514873668775,0.44757182378488813,0.5889400863500557,0.10922740880655905,0.7488755359063985,0.6129438201264799,0.4539782812379385,0.17845320488139174,0.6335124831934099,0.1834991591269987,0.41498846174980897,0.5004526616086664,0.07945047032142623,0.4924894910191883,0.1707111725023136,0.3043991873079666,0.0011056198140915107,0.8272533187039379,0.4914947118827441,0.0,0.14796593886833564,0.40237809927620133,0.5142129665163995,0.26571245452641057,0.5831932794934414,1.0
gex_possorted_bam_1WGCZ:ACAGGTAAGTCTTGAAx-M2,1.0,1.0,0.11510825772262076,1.0,1.0,1.0,1.0,0.9735877692268066,0.6421885806293763,1.0,0.7020138573792721,0.8497296581224161,0.8820413192705425,0.4432837739009603,0.9146082649840028,0.7370749168748086,0.2405641115047891,1.0,1.0,0.7180735946226882,1.0,1.0,1.0,1.0,0.7751264806333368,0.8833906196892879,0.0,1.0,1.0,1.0,1.0,0.8800205025488891,1.0,0.8436022836274262,0.0,1.0,0.030105277953916654,1.0,1.0,0.02005036521269252,0.6770636380464319,0.4002197577268599,0.7757516260549502,0.7234521762324667,1.0,1.0,0.034961274450402036,0.355301419262481,0.9606979185307168,1.0,0.9347563530562135,1.0,0.897315705659462
gex_possorted_bam_1WGCZ:AATTGGACACCAACCGx-M2,0.043218703303067166,1.0,1.0,0.9304080302490962,0.0,0.0,1.0,0.7607815906310209,1.0,1.0,0.0,1.0,1.0,1.0,0.13238111246907538,1.0,0.0,0.0,1.0,0.0,0.0,0.0,0.0,0.0,1.0,1.0,1.0,1.0,1.0,1.0,1.0,0.0,0.0,0.7638335851925054,1.0,0.30045760275221906,1.0,0.2130438444858553,0.24672340822198954,1.0,0.14409198307474821,1.0,1.0,1.0,0.11824713671699338,0.5320995992847989,1.0,1.0,1.0,0.42166448300721915,1.0,1.0,0.0
gex_possorted_bam_1WGCZ:ACAGGTAAGGATGATGx-M2,1.0,0.8464167053430596,0.5335626270620948,1.0,1.0,0.651124812567002,0.6559692352825208,1.0,0.53337091163995,1.0,0.0,1.0,0.9575356963652849,0.27172140706089953,1.0,0.1883733072957331,0.0,0.0,0.6662699028996021,0.8639200771479523,1.0,1.0,1.0,1.0,0.374800854029018,1.0,0.0,1.0,1.0,1.0,0.2431838995318519,1.0,1.0,1.0,0.0,1.0,0.2302485777855074,1.0,1.0,0.0,1.0,0.01729439034500412,0.9445375029373958,0.5846194894617196,1.0,1.0,0.39822822382506107,0.0,1.0,1.0,0.9464234233666733,1.0,0.0
gex_possorted_bam_1WGCZ:ACATAGCTCCTTGCGTx-M2,1.0,1.0,0.1695329741784251,1.0,1.0,1.0,0.5231246176945542,1.0,0.4180634491743926,1.0,0.46665385894865197,0.7751800600386165,0.9044517533756038,0.1427473178903926,1.0,0.23898299527394964,0.06497603802250106,1.0,1.0,0.7790955860243697,1.0,1.0,1.0,1.0,0.5755827889034788,1.0,0.0,1.0,1.0,1.0,1.0,1.0,1.0,1.0,0.0,1.0,0.20940243182275323,1.0,1.0,0.0,0.9837658321096232,0.3704836246541255,0.6780996394306262,0.47068149083462835,1.0,1.0,0.10437499542800036,0.0,1.0,1.0,0.9765590326404345,1.0,1.0
gex_possorted_bam_1WGCZ:AATTGCTCACCCACCTx-M2,1.0,1.0,0.6124312972345497,1.0,1.0,0.4027812037483314,0.20369993556825025,1.0,1.0,1.0,0.0,1.0,0.9895007189481149,0.6959890419797563,1.0,0.0,0.0,0.0,0.2519383803987257,0.3612185668186499,0.6514988989232549,0.767476921987753,1.0,1.0,0.5261953826555377,1.0,0.053613138347643925,0.8383341383153524,0.6368774869631153,1.0,0.0,1.0,1.0,1.0,0.0,0.9614148582038213,0.1547289869383917,1.0,1.0,0.0,1.0,0.36900841743061574,0.7140295725047361,0.0,0.9941243505945441,1.0,0.3201900283180711,0.0,0.9832200943087066,1.0,0.8414951731544011,0.85532878893014,0.15721101615914823
gex_possorted_bam_1WGCZ:AATTGTGTCGGGACTCx-M2,1.0,0.9883465952903625,0.0,0.993677294853284,0.9584636983443355,1.0,0.5801215649066424,1.0,0.4807318791357751,1.0,0.7540757404782508,0.8354170259668362,0.9848957692564855,0.46625955254778967,1.0,0.2666197926118578,0.5083953485195264,1.0,1.0,0.8298154899150533,1.0,1.0,1.0,1.0,0.9431006308950736,0.9282989002602405,0.0,0.9654964829820321,0.9363428034288551,1.0,1.0,1.0,1.0,1.0,0.0,1.0,0.09464224295382015,1.0,1.0,0.021319350730546614,0.8679862105127524,0.14872017542098606,0.6886510694207906,0.19865547570139025,1.0,1.0,0.014867464963985864,0.0,0.9433128021556152,1.0,0.9323688383655824,1.0,1.0
gex_possorted_bam_1WGCZ:ACAACAACATGCAACCx-M2,0.07095320697461033,1.0,1.0,0.997386443976078,0.14048884544078377,0.0,1.0,0.699261453253799,1.0,0.7634266258398893,0.0,1.0,1.0,1.0,0.18538772829703776,1.0,0.0,0.0,1.0,0.0,0.0,0.0,0.0,0.0,1.0,1.0,1.0,1.0,1.0,0.9573089693484375,1.0,0.141261835365412,0.0,0.841718934845911,1.0,0.20705464001672158,1.0,0.1111891833033939,0.15132610365026167,1.0,0.23524740014087497,1.0,1.0,1.0,0.012383299285462578,0.5705237021576945,1.0,1.0,1.0,0.7417145611691139,1.0,1.0,0.13017926012457437
gex_possorted_bam_1WGCZ:ACAGTATGTTAACACGx-M2,1.0,1.0,0.0,1.0,1.0,1.0,0.6148233802735429,1.0,0.41972007278635876,1.0,0.29754598577847036,0.8641679675046904,0.9779164353793331,0.2859753316854136,1.0,0.25074443944568375,0.06866147555201121,0.9303963225828846,1.0,0.7322649246072156,1.0,1.0,1.0,1.0,0.7662094516050774,0.8982763585337585,0.0,1.0,1.0,1.0,0.8413014023923917,1.0,1.0,1.0,0.0,1.0,0.10800734861962552,1.0,1.0,0.0,0.9985642986334191,0.20897622278697806,0.629741638936418,0.3902891795152926,1.0,1.0,0.07985724934259955,0.0,0.9846547182266694,1.0,1.0,1.0,1.0
gex_possorted_bam_1WGCZ:AATTTGGTCATTACTCx-M2,0.08418469393295297,1.0,1.0,0.9751585742400185,0.0,0.0,1.0,1.0,1.0,0.8857941824337787,0.0,1.0,1.0,1.0,0.14165110487053437,1.0,0.11097904197523913,0.0003043315901708807,1.0,0.0,0.0,0.0,0.0,0.0,1.0,1.0,1.0,1.0,1.0,0.9701442315005641,1.0,0.0,0.0,0.913175908224432,1.0,0.29914438601585647,1.0,0.052285793981167054,0.018930822352328448,1.0,0.2894624989284543,1.0,1.0,1.0,0.09766156974790312,0.5677596167149429,1.0,1.0,1.0,0.675340456199952,1.0,0.8912561349087125,0.0
gex_possorted_bam_1WGCZ:ACAGGCTGTATACTGGx-M2,0.07574928895527594,1.0,1.0,1.0,0.0,0.0,1.0,0.9377243857092382,1.0,0.9196991561851523,0.0,1.0,1.0,1.0,0.13456660933186185,1.0,0.0,0.0,1.0,0.0,0.0,0.0,0.0,0.0,1.0,1.0,1.0,1.0,1.0,0.6845398148113195,1.0,0.058999487461711526,0.0,1.0,1.0,0.2922736154985972,1.0,0.044983159006201826,0.062442780733902796,1.0,0.01248093822807875,1.0,1.0,0.15540875130251652,0.0,0.5363025207259563,1.0,1.0,1.0,0.7024353489277239,1.0,1.0,0.14462107905533583
gex_possorted_bam_1WGCZ:ACATTGCAGGCTTAGTx-M2,1.0,0.6284076670182271,0.09431972074576346,1.0,1.0,0.9889905544031511,0.2618044357915671,1.0,0.8573146973982281,1.0,0.0,1.0,1.0,0.2737877450818365,1.0,0.10476283431299259,0.0,0.0,0.6849499583218732,0.7220590103539732,1.0,1.0,1.0,1.0,0.6044810234434361,1.0,0.0,0.6998821146136333,0.8060782233898744,1.0,0.0,1.0,1.0,1.0,0.0,1.0,0.10551721998453008,0.9880158535576917,1.0,0.0,1.0,0.20333503403280614,0.9485380776514498,0.14054581376946262,1.0,1.0,0.5204575935645851,0.13173395317674386,0.929938445942377,1.0,0.8456736049468129,0.9676624116217811,0.3252991235271419
gex_possorted_bam_1WGCZ:ACACTAGGTTCCGGCTx-M2,0.04624427890374175,1.0,1.0,0.940013506055598,0.0,1.0,1.0,0.5080837280979659,1.0,0.3301526053897195,1.0,1.0,1.0,1.0,0.16795441349576745,1.0,1.0,1.0,1.0,0.0,0.0,0.0,0.0,0.0,1.0,1.0,1.0,1.0,1.0,1.0,1.0,0.0,0.0,0.6155934807146106,1.0,0.17221722448578314,1.0,0.18021018409873563,0.1837531749191393,1.0,0.11893701197073077,1.0,1.0,1.0,0.04542107442963184,0.6075456680617276,1.0,1.0,1.0,0.38928046866516286,1.0,0.9760263581829737,0.0
gex_possorted_bam_1WGCZ:ACACCTTGTGGCTTCCx-M2,0.06725728724166884,1.0,1.0,0.9938675010188082,0.0,1.0,1.0,0.5980930029571234,1.0,0.4948408026310482,1.0,1.0,1.0,1.0,0.14367057657634164,1.0,1.0,1.0,1.0,0.0,0.0,0.0,0.0,0.0,1.0,1.0,1.0,1.0,1.0,1.0,1.0,0.0,0.0,0.7108079106755857,1.0,0.21128991269073075,1.0,0.20357266836981577,0.19272398947225602,1.0,0.09514327057165903,1.0,1.0,1.0,0.06341902751584928,0.5816686349783354,1.0,1.0,1.0,0.3902102095829765,1.0,1.0,0.0
gex_possorted_bam_1WGCZ:ACACCTTGTAATGGCCx-M2,1.0,0.8850836706835871,0.4429608239428363,1.0,1.0,0.5471567697616856,0.0024489806033608473,1.0,0.28046728531086706,1.0,0.0,0.7283936348841874,0.86976381502894,0.26547483629140933,1.0,0.11337563391563092,0.0,0.0,0.6063361647919548,0.5903704490109478,1.0,0.9047963522904573,1.0,1.0,0.08963924290596915,1.0,0.0,0.7582316587121314,0.7105400070104831,1.0,0.08470066738825932,1.0,1.0,1.0,0.0,0.9687961851154059,0.0,1.0,1.0,0.0,1.0,0.05842648775519763,0.6966650230478194,0.2811848408430357,1.0,1.0,0.5678277557202344,0.0,0.969079935871145,1.0,1.0,0.9109237472586428,0.0
gex_possorted_bam_1WGCZ:ACACTTAAGGAAGCTAx-M2,0.8097563530578221,1.0,1.0,1.0,1.0,0.17493882850463233,1.0,1.0,1.0,1.0,0.0,0.3943882404340015,1.0,0.9326875432043242,0.9790526883543172,0.0,0.0,0.0,0.2735571516893681,0.2385075018110115,0.02933332272044697,0.251622959070719,1.0,0.0,1.0,1.0,0.5457350601829514,0.38584026616601125,1.0,0.36759702159546237,0.0,1.0,1.0,1.0,0.22923192055433633,0.8579039215704621,0.0,1.0,1.0,0.03777630105591212,1.0,0.0,0.7382975169042839,1.0,0.36179650716897827,1.0,1.0,0.0,1.0,1.0,0.7877182861479622,0.9018301041388072,0.0
gex_possorted_bam_1WGCZ:ACAGTATGTCTTGCATx-M2,0.7741938340752773,0.32925827660746243,0.6792167826108676,1.0,0.8824972787565775,1.0,1.0,1.0,1.0,1.0,0.01940019029199334,0.7744751797024741,0.3350416686957727,1.0,1.0,1.0,0.5947943906910712,0.7695472391589222,1.0,0.8363821850308781,1.0,0.8612808808716408,0.7781902426882483,1.0,1.0,0.932015682723072,0.09723860997841051,1.0,0.45075553406345,0.795840889832174,0.5979319114741725,1.0,1.0,1.0,0.03041590842448624,1.0,0.7039705325223435,0.9349314912576449,1.0,0.15990578889585885,1.0,0.710572633622936,1.0,1.0,1.0,0.8154709180892112,0.8314993599685769,0.0,0.9374981487187735,1.0,0.994125184616217,0.9863742761584119,0.4214894941805991
gex_possorted_bam_1WGCZ:ACACTAGGTCCGCTGTx-M2,0.0,0.9214196889205625,0.8635680161974141,0.3240160053311003,0.0,0.0,1.0,0.282145989193132,1.0,0.0,0.46418427344620045,0.9068754795792157,1.0,1.0,0.0,1.0,0.3522173890248289,0.0,1.0,0.0,0.0,0.0,0.0,0.0,1.0,0.42882194574849425,1.0,0.44119219079435695,1.0,0.4853499709052292,1.0,0.44908894967186436,0.0,0.40903172911683067,1.0,0.0,1.0,0.0,0.0,1.0,0.0910099771041793,1.0,1.0,1.0,0.0,0.18977087051123334,1.0,1.0,0.5060429801413907,0.20368758180484775,1.0,0.33720714203837454,0.0
gex_possorted_bam_1WGCZ:AATTGGACAAACCTTGx-M2,0.6584402840498693,0.9128395707559086,0.5941725830732258,0.8643003672005858,0.6888324548141342,0.3990697609299334,1.0,1.0,1.0,0.9173049123402447,0.0,0.20756816979693013,0.9922617594702734,0.8110049105553808,0.491556349523402,0.13152388027456088,0.08107103380242657,0.0,0.38840920715869104,1.0,0.7372205003532527,0.42741924885950444,0.724159221756689,0.5136747849627346,1.0,0.8907379852407828,0.5596829468431465,0.6395391226549735,1.0,0.05595391560723691,0.16374131458364463,0.9753468068198264,0.7598438661643506,1.0,0.3663155277867157,0.7211096830987171,0.4913591478815173,0.6796776089603773,0.9228302954962774,0.3332108100243561,1.0,0.46635315540130057,0.3500536745231632,1.0,0.6449839489196424,0.8945607920617239,1.0,0.1598291530173025,0.8147508305957687,0.984079805368044,0.4171036719433432,0.46005953478576583,0.8342968233905987
gex_possorted_bam_1WGCZ:ACACGGACATGGCCTGx-M2,0.47602997479288806,1.0,0.9603294041656877,0.5114994278132801,0.3375935532896138,0.5805857001052089,1.0,0.7711954223629567,0.6219669271054765,1.0,0.0,1.0,0.37394756372265914,0.20611336653867332,0.8994318093181111,0.48636555278600263,0.0,0.0,0.0,1.0,0.6666334982489978,0.6150838449473318,0.5137907592921872,0.9339507941890877,0.19775944398369572,0.4075966501286552,0.0,0.749706258190624,0.7684337259830227,0.4992103897092156,1.0,0.315204145631996,0.5814176996166291,0.8005835752220325,0.26492384132441943,0.8029907167013317,0.6918622504656246,0.6058000712755411,0.7588884984399021,0.8895231597848512,0.845946146889623,0.6881257301003236,0.10825591905094091,0.9325789617737923,0.6299823830912354,0.6521783860690286,0.13618367823972866,0.0,0.6866634195618142,0.6965008251501871,0.5702958026212975,0.492967535941247,0.9329415608451745
gex_possorted_bam_1WGCZ:AATTCGTCAGGAATCGx-M2,1.0,0.7973644487310205,0.4711160810399297,1.0,1.0,0.4038768301107143,0.07600105052255741,1.0,0.520348328472319,1.0,0.0,0.7824498005291999,0.8402720858241844,0.07885888826584206,1.0,0.0,0.0,0.0,0.5656599045155694,0.6854431665510773,1.0,0.9825440386226809,1.0,1.0,0.1869257435644143,1.0,0.0,0.7738885965175483,0.926762347630323,1.0,0.17986186554796504,1.0,1.0,1.0,0.0,0.9809815697626582,0.1438873936682245,1.0,1.0,0.0,1.0,0.0,0.7144466030447214,0.20184081889414107,0.9709367243305941,1.0,0.43075200377323575,0.0,0.9354554400212942,1.0,0.9685694990547468,0.8662927761700292,0.0
gex_possorted_bam_1WGCZ:ACACTTGCAAGGACCAx-M2,1.0,1.0,0.0,1.0,1.0,1.0,0.5190248497792131,1.0,0.4884369101878475,1.0,0.655721796652054,0.9636900313256072,1.0,0.6585528587714541,1.0,0.5678909338051351,0.21317280342137748,1.0,1.0,0.7287058696365079,1.0,1.0,1.0,1.0,0.9759629836912781,0.9766686896111003,0.0,1.0,1.0,1.0,1.0,1.0,1.0,1.0,0.0,1.0,0.512276559886281,1.0,1.0,0.07004511521703054,1.0,0.42003161189780636,0.9246448094335807,0.6920010672858752,1.0,1.0,0.4480119620251622,0.24601530863076815,1.0,1.0,1.0,1.0,1.0
gex_possorted_bam_1WGCZ:ACATTGCAGCTCAATAx-M2,0.6501399525169967,1.0,1.0,0.8552941675623085,1.0,1.0,1.0,1.0,1.0,1.0,0.0,1.0,0.8884360905977553,1.0,1.0,0.746481832288664,0.9354168910043678,0.7934034733952576,0.6900334803810869,1.0,0.6906115637920036,0.42348112081447037,0.9324223511731987,0.47047955330460517,0.9919020850051725,0.957536480821321,0.20909870553327473,1.0,1.0,0.898689338100473,0.0,0.732152289548519,0.8594843750922482,0.9312610799323595,0.49795413820043427,0.9800608212811533,0.5987938505717756,0.90271126808656,1.0,0.53672754685321,1.0,0.8491935596515519,1.0,1.0,1.0,0.7779413474554603,1.0,0.1530613511492392,0.9060466769902799,1.0,0.1852840422981764,0.6278920208334372,1.0
gex_possorted_bam_1WGCZ:ACCAAACTCATTAGTGx-M2,0.02545460806413768,1.0,0.793146686025425,0.8301213031549862,0.0,0.635249531102604,1.0,0.5692735955905213,1.0,0.35606898349765187,1.0,1.0,1.0,1.0,0.01972228458847556,1.0,1.0,1.0,1.0,0.0,0.0,0.0,0.0,0.0,1.0,1.0,1.0,1.0,1.0,0.9995087894214462,1.0,0.0,0.0,0.6278363090772862,1.0,0.12823246006685532,1.0,0.04109694043742182,0.11261472924115941,1.0,0.04643382358518491,1.0,1.0,1.0,0.0,0.5407580939596414,1.0,1.0,1.0,0.2810175246359607,1.0,0.8636627398912221,0.0
gex_possorted_bam_1WGCZ:AATTGCCAGTCTTGAAx-M2,1.0,1.0,0.07458249120210556,1.0,1.0,1.0,0.5487456015330433,1.0,0.7863239771897691,1.0,0.0,1.0,1.0,0.5108505883347801,1.0,0.2976514583228237,0.0,0.30946288756845897,0.8300656783187882,0.9425884283306362,1.0,1.0,1.0,1.0,0.8252072791437812,1.0,0.0,1.0,0.989017991813225,1.0,0.7114401247028103,1.0,1.0,1.0,0.0,1.0,0.09858870854706124,1.0,1.0,0.0,1.0,0.3170096327042171,1.0,0.7139667087896616,1.0,1.0,0.6615872761702138,0.0,1.0,1.0,0.8350145867976447,1.0,1.0
gex_possorted_bam_1WGCZ:ACCAAGTTCTAACCTTx-M2,1.0,0.8820196893166612,0.0,0.935108189155241,0.7250095256450354,1.0,0.31774887941295477,1.0,0.4858702482192725,0.9812562133348002,0.13742707077232394,0.8319230129822831,0.976581937095667,0.4333422733987723,0.9279309137334442,0.1326792445771716,0.0,0.5552631763228693,0.8799038965809286,0.5272935279692091,1.0,1.0,0.969949821891707,1.0,0.6158679254761428,0.857529489465873,0.010887695009317291,0.8148203705384891,0.8048428886816429,0.8289995972317442,0.46459949601779166,1.0,0.9942251391253656,0.9232272434057378,0.0,1.0,0.06252343492637276,0.9511529383049436,0.8958649267964981,0.0,1.0,0.19585325256687666,0.4490805332164416,0.0,1.0,0.9621392200583934,0.0,0.3070319418809974,0.7468867593294053,1.0,0.8126556915762914,0.9454972299809115,0.7293811838307986
gex_possorted_bam_1WGCZ:ACCTACCTCCGTCCATx-M2,1.0,0.7575584792979227,0.6853240354965392,1.0,1.0,0.9120593122607185,0.2171965991701677,1.0,0.1277308622013717,1.0,0.0,0.8241470709603999,0.8412221381142775,0.4608108697745213,1.0,0.2979192424394323,0.0,0.0,0.8555576899283142,0.6657199324649612,1.0,1.0,1.0,1.0,0.3339609020091613,1.0,0.0,1.0,1.0,1.0,0.3382936973108358,1.0,1.0,1.0,0.0,1.0,0.1949525512428574,1.0,1.0,0.0,1.0,0.28551967680186163,0.7540861775057194,0.0,1.0,1.0,0.20437455991281162,0.0,1.0,1.0,1.0,1.0,0.0
gex_possorted_bam_1WGCZ:ACCTGTTGTCAAGTGCx-M2,1.0,1.0,0.07086830810866604,1.0,1.0,1.0,0.7664735690027047,1.0,0.6973246070939646,1.0,0.0,1.0,1.0,0.3636892511188186,1.0,0.24094473204800207,0.0,0.5267716330608577,1.0,0.7920142780646623,1.0,1.0,1.0,1.0,0.7710463036933717,1.0,0.0,1.0,1.0,1.0,1.0,1.0,1.0,1.0,0.0,1.0,0.15435403127328845,1.0,1.0,0.0,1.0,0.35409185752655004,0.8299977568505339,0.6705407121425666,1.0,1.0,0.3876432030654835,0.0,1.0,1.0,1.0,1.0,1.0
gex_possorted_bam_1WGCZ:ACCAGCTCACTAAGCCx-M2,1.0,0.9515259533204696,0.4636410331897344,1.0,1.0,1.0,0.5072963555411341,0.9579679137917773,0.5689220013305051,1.0,0.4857542324744483,0.7873417221651147,0.9504868903810068,0.5699566950203001,1.0,0.176323810635657,0.20858262019382945,0.8793740744270279,1.0,0.5427779990664824,1.0,1.0,1.0,1.0,0.5119126516470063,1.0,0.0,1.0,1.0,1.0,1.0,1.0,1.0,1.0,0.0,1.0,0.16997834150008018,1.0,1.0,0.0,1.0,0.1965267944909958,0.587306021607223,0.18266335029106928,1.0,1.0,0.0,0.0,1.0,1.0,0.9343769532067016,1.0,1.0
gex_possorted_bam_1WGCZ:ACCCAGGGTAGTTAACx-M2,1.0,1.0,0.0,1.0,0.44055251919673294,0.3660471453338178,1.0,1.0,1.0,1.0,0.0,1.0,1.0,0.6818224844549061,0.7701680854166099,0.2896194868315073,0.0,0.0,0.5219548871738413,0.9800369822908794,1.0,0.552922243030001,0.9342150092740406,0.8465934326706034,1.0,1.0,0.2573804219566064,1.0,1.0,0.4164816560170225,0.29461039848882886,1.0,0.9887986974249666,1.0,0.2054707304775709,1.0,0.688530424889185,0.9452898694090364,1.0,0.2621635448876759,1.0,0.3572339526137394,0.6001021307805479,1.0,1.0,1.0,1.0,0.040118800076238116,0.9658216809124971,1.0,0.7233281511158968,0.7464261840645944,0.5328808033553657
gex_possorted_bam_1WGCZ:ACCCTGTTCCCGAACAx-M2,0.2513716459996356,0.67082279790001,1.0,0.5041074570312156,0.0,1.0,1.0,1.0,0.4931259077648276,1.0,0.0,1.0,0.4777953506638386,1.0,0.838387383339873,0.6065713930774017,1.0,1.0,1.0,1.0,0.3542575801278953,0.0,0.9138507419078026,0.0,0.38213580404424946,0.4274689106426621,0.22703321542735774,1.0,1.0,0.7693129459265584,0.0,0.0,0.5718451541869134,0.22549645600425974,1.0,0.9299815564117004,0.327068744130141,0.9491432228937963,1.0,0.5002846845189073,1.0,1.0,1.0,0.3223166770215913,1.0,0.18789184396011133,1.0,0.5104444681278418,0.3789781538923304,1.0,0.0,0.023599583020796594,1.0
gex_possorted_bam_1WGCZ:ACCGAAGCAGCACCATx-M2,1.0,0.9669423594622351,0.24327785690190626,1.0,1.0,1.0,0.8264611416309798,1.0,0.6269969380139184,1.0,0.0,1.0,1.0,0.6061309188365951,1.0,0.1320480391594513,0.0,0.10831521514091241,0.6498730021768224,0.5925715294419304,1.0,1.0,1.0,1.0,0.8692048033744462,1.0,0.0,1.0,0.7515440427565575,1.0,0.5412421714593038,1.0,1.0,1.0,0.0,1.0,0.11424458734174193,1.0,1.0,0.03305865329810508,1.0,0.4218538986498613,0.994151946449682,0.1660634400449691,1.0,1.0,0.41646675680415757,0.0,0.9826087314441253,1.0,0.9482182644728638,1.0,0.6045262721921522
gex_possorted_bam_1WGCZ:ACGAACAAGGCTGTGCx-M2,1.0,1.0,0.11259397525301373,1.0,1.0,1.0,1.0,1.0,0.8617684208415579,1.0,0.0,1.0,0.9566518884959245,0.7332054191155539,1.0,0.4610298028856917,0.0,0.005386800446467173,0.9595816585222298,0.785775989779456,1.0,1.0,1.0,1.0,0.749862119021739,1.0,0.0,1.0,1.0,1.0,1.0,1.0,1.0,1.0,0.0,1.0,0.3026326206270341,1.0,1.0,0.0,1.0,0.37446989412047527,1.0,0.9852514521600955,1.0,1.0,0.5993909456562085,0.0,1.0,1.0,1.0,1.0,0.5868480725001478
gex_possorted_bam_1WGCZ:ACCCTGTTCGGCTATGx-M2,1.0,0.8071303798062464,0.0,0.8520491696042213,1.0,1.0,0.1868930041019588,0.9686368820771163,0.4270897301450839,0.8447424876090835,0.6084537305418447,0.4285460667598518,0.5569471099663087,0.12080261250477844,0.8842393267763812,0.0,0.2737715239019438,1.0,0.9332801048172219,0.32072885367891213,1.0,1.0,0.9677298837805924,1.0,0.5952595429580606,0.6471879876690989,0.0,0.7648077239056699,1.0,0.8183580821712775,0.7507482325169504,0.9562702811337868,0.9060865267062798,1.0,0.0,1.0,0.2604583555912786,1.0,0.9637779346670801,0.07890873369572368,0.4292969749232844,0.18640871637354098,0.41385228590583245,0.13118002043156085,1.0,0.9453732521796518,0.0,0.07645761109351955,0.6788299874484662,0.9917177550372117,0.5980356567951672,1.0,1.0
gex_possorted_bam_1WGCZ:ACCTCACTCCAAACACx-M2,1.0,0.5573849691635516,0.0,0.9743987807385216,1.0,1.0,0.23136518266786016,1.0,0.9947493201745639,1.0,0.04799182955245373,0.8054616156456778,0.8914970058747766,0.25722222671683304,1.0,0.060513438565565604,0.0,0.5365076122287676,0.9084432195076526,0.6633006772921296,1.0,1.0,1.0,1.0,0.7018019640012212,0.9224695643081354,0.0,0.7206800770552653,0.8087903260166099,1.0,0.75994852360617,1.0,1.0,1.0,0.0,1.0,0.2807346889036336,1.0,0.994637051112255,0.0,1.0,0.1922625880963995,0.5380781076234559,0.0,1.0,0.9727900016919302,0.5380966714277738,0.0,0.8927045706702494,1.0,1.0,1.0,1.0
gex_possorted_bam_1WGCZ:ACCACACCAATTAACCx-M2,0.9999606160487005,1.0,0.16219126209210832,1.0,0.2881199178220558,0.46161948790392754,1.0,1.0,1.0,1.0,0.0,1.0,1.0,1.0,0.9737470574916754,0.7904338802845534,0.0,0.0,0.643446884841432,0.8731070229313928,0.919423256531522,0.4997490688339536,0.8450601936922607,0.9606351674477323,1.0,0.9931086728080056,0.15963351840680334,1.0,1.0,0.5674711205418027,0.8592622588494048,1.0,0.9407524079217244,1.0,0.21217708173203156,1.0,1.0,0.8989319164812705,0.9871550462269626,0.5982387910167815,1.0,0.9318572939651627,0.734418445031979,0.3418977664633053,1.0,1.0,1.0,0.6698863682364228,0.9820553814511482,1.0,1.0,0.81606377123246,0.30552743180164965
gex_possorted_bam_1WGCZ:ACCTCACTCCTGTTCAx-M2,0.05866763047691348,1.0,1.0,0.9310054159562221,0.0,0.5193177015207714,1.0,0.749110415035601,1.0,0.6048476291196101,1.0,1.0,1.0,1.0,0.07853712557033511,1.0,1.0,1.0,1.0,0.0,0.0,0.0,0.0,0.0,1.0,1.0,1.0,1.0,1.0,1.0,1.0,0.012416737210402509,0.0,0.7173805097010002,1.0,0.2362803710549892,1.0,0.15351133052489735,0.1263209410852732,1.0,0.09242965367680374,1.0,1.0,1.0,0.09720566794235566,0.5517569463724564,1.0,1.0,1.0,0.38599792425611684,1.0,0.9548920199008535,0.0
gex_possorted_bam_1WGCZ:ACCGGTTCATATAACCx-M2,1.0,0.8657752795097874,0.20999162822973133,1.0,1.0,0.6305263365050069,0.4514497671978962,1.0,0.6664122241903653,1.0,0.0,0.9275909942699573,0.9462624710089813,0.6287573175130076,1.0,0.152651728284364,0.0,0.0,0.578113099356402,0.5399123887280489,1.0,0.935375321156987,1.0,1.0,0.4840896767758724,1.0,0.0,1.0,1.0,1.0,0.0,1.0,1.0,1.0,0.0,1.0,0.15880346307442336,1.0,1.0,0.0,1.0,0.36252782338498135,0.898102135792589,0.050178072407810616,1.0,1.0,0.3518896503624621,0.0,1.0,1.0,1.0,0.9728791390957422,0.0
gex_possorted_bam_1WGCZ:ACGAATCTCACCTGCTx-M2,0.05183791623090504,1.0,1.0,1.0,0.0029777675753720474,0.0,1.0,0.722867972770352,1.0,0.8156022747830535,0.0,1.0,1.0,1.0,0.1740906111194749,1.0,0.0,0.0,1.0,0.0,0.0,0.0,0.0,0.0,1.0,1.0,1.0,1.0,1.0,1.0,1.0,0.09025367326178106,0.0,0.7959097824694176,1.0,0.25577463187653676,1.0,0.14907094720740294,0.1400703009776146,1.0,0.03749869937926549,1.0,1.0,1.0,0.02444362907997232,0.5717496958642481,1.0,1.0,1.0,0.6397636933038984,1.0,1.0,0.1791550887853743
gex_possorted_bam_1WGCZ:ACCTTCCAGGACCGCTx-M2,0.9836208463830823,0.9603735639178812,1.0,1.0,1.0,1.0,0.0,0.9011896331070496,1.0,1.0,0.0,1.0,1.0,0.34531006073881926,1.0,0.0,0.0,0.0,0.0,0.8892591189139937,0.4729014633507109,1.0,1.0,0.7472979580688849,0.8618863075962672,1.0,0.0,1.0,0.8867862244271696,1.0,0.0,1.0,1.0,1.0,0.0,1.0,0.0,1.0,1.0,0.0,1.0,0.0,1.0,1.0,1.0,1.0,1.0,0.0,1.0,1.0,0.9757077991828866,1.0,1.0
gex_possorted_bam_1WGCZ:ACCAATATCCCTGATCx-M2,0.09534999963847493,1.0,1.0,0.8789921715576262,0.0,0.0811549780963479,1.0,0.6679771033998158,1.0,1.0,0.008856146864879342,1.0,1.0,1.0,0.3396257108073539,1.0,0.6974924109226183,0.5366301545508964,1.0,0.0,0.0,0.0,0.0,0.0,1.0,1.0,1.0,1.0,1.0,1.0,1.0,0.0,0.0,0.7916774014493698,1.0,0.324739462467824,1.0,0.2694638309693466,0.2441627452830947,1.0,0.5091396017586842,1.0,1.0,1.0,0.10720893490160567,0.653161929120417,1.0,1.0,1.0,0.47053084233928094,1.0,0.9585846249307545,0.1998687395574256
gex_possorted_bam_1WGCZ:ACCAGCTCACTCGCTCx-M2,0.9850451072466772,0.6053244815661437,1.0,1.0,1.0,0.9584267668403547,0.0,1.0,0.983382991069963,1.0,0.0,1.0,1.0,0.45123842452582247,1.0,0.0,0.0,0.0,0.0,0.6137889594913164,0.2809670175769436,0.8317751712912145,1.0,0.4868096570910836,0.8301937851276718,1.0,0.0,1.0,0.9232277723871604,1.0,0.0,1.0,1.0,1.0,0.0,1.0,0.0,1.0,1.0,0.0,1.0,0.0,1.0,0.993601248894009,1.0,1.0,1.0,0.0,1.0,1.0,0.9288581797941889,1.0,0.8434212226553573
gex_possorted_bam_1WGCZ:ACCTTGCTCCTCATGCx-M2,0.06654079699271173,1.0,1.0,0.9899525923914527,0.38130301110231846,0.0,1.0,0.6906441291491894,1.0,0.8094306207524213,0.0,1.0,1.0,1.0,0.0709532126654994,1.0,0.0,0.0,1.0,0.0,0.0,0.0,0.0,0.0,1.0,1.0,1.0,1.0,1.0,0.9831528151898935,1.0,0.2273444572330139,0.0,1.0,1.0,0.2656741699319346,1.0,0.0361470862243399,0.1253495847898266,1.0,0.1538635229346572,1.0,1.0,0.9533286332717967,0.10695685259834481,0.5860894902204018,1.0,1.0,1.0,0.8559933416468538,1.0,1.0,0.26386195473989976
gex_possorted_bam_1WGCZ:ACCTACCTCTAGCGATx-M2,1.0,1.0,0.5515352897324063,1.0,1.0,1.0,0.3169464754546358,1.0,0.579580242538502,1.0,0.013409600266325239,0.8099622631367537,0.9566577729854029,0.30480002353110797,1.0,0.3283721353996203,0.0,0.24334939473921377,1.0,0.7966687516984292,1.0,1.0,1.0,1.0,0.48358330381122056,1.0,0.0,0.8989890978128702,1.0,1.0,0.5752821637588644,1.0,1.0,1.0,0.0,1.0,0.10604993956765951,1.0,1.0,0.0,1.0,0.10848191510126941,0.9682295781641659,0.028534842008266514,1.0,1.0,0.8960598388892234,0.0,1.0,1.0,0.9526935952251107,1.0,0.8338432950894786
gex_possorted_bam_1WGCZ:ACCGGTTCAAGATTCTx-M2,1.0,0.8567392809719159,0.7568955392062477,1.0,1.0,0.19935474510789836,0.2865732023942288,1.0,0.5641182347077922,1.0,0.0,1.0,0.7664807707403026,0.2594875371172778,1.0,0.11943580995006858,0.0,0.0,0.3563175137211062,0.6214376673523277,0.9476442656565446,0.7502097551441278,1.0,1.0,0.2450134581340608,1.0,0.0,0.8954535669200381,0.8123704579764388,1.0,0.0,1.0,1.0,1.0,0.0,0.9946321822595923,0.25019683475607435,1.0,1.0,0.0,1.0,0.025251613169135007,0.9969071986119992,0.634334184045281,1.0,1.0,0.8208868253246479,0.0,1.0,1.0,1.0,0.8765256253577473,0.0
gex_possorted_bam_1WGCZ:ACCTAAGGTTGGTTCTx-M2,0.07836737129273964,1.0,1.0,0.9652175201060205,0.0,0.0,1.0,0.8754011034865208,1.0,0.7007040885833393,0.0,1.0,1.0,1.0,0.08356645878354592,1.0,0.05993056238634303,0.0,1.0,0.0,0.0,0.0,0.0,0.0,1.0,1.0,1.0,1.0,1.0,0.878021629336818,1.0,0.08984158897260272,0.0,0.8380941140397925,1.0,0.26591507666178316,1.0,0.07922813303173062,0.08190719657590019,1.0,0.0557441292339594,1.0,1.0,1.0,0.10425425630488462,0.5519795262508763,1.0,1.0,1.0,0.5148779881551092,1.0,0.9209933692400764,0.0
gex_possorted_bam_1WGCZ:ACCATAATCCTAATTCx-M2,1.0,1.0,0.0,1.0,0.9893267090988337,1.0,0.7531860512474992,1.0,0.5104891324012862,1.0,0.3644601145548729,0.9074087489505703,1.0,0.5458514224827756,1.0,0.4032916211867778,0.01728151671430585,0.8472297186105933,1.0,0.8805450603119829,1.0,1.0,1.0,1.0,0.7690788480440011,0.8728882626213004,0.0,0.8524492714272126,1.0,1.0,1.0,1.0,1.0,1.0,0.0,1.0,0.34254768110180306,1.0,1.0,0.11395486475763963,0.9203603692725898,0.0,0.9424021449865521,0.28857107184227265,1.0,1.0,0.3964144365084304,0.008887557967207185,1.0,1.0,1.0,1.0,1.0
gex_possorted_bam_1WGCZ:ACCAGGACAGATTCATx-M2,1.0,0.8534904115851061,0.13306162126372575,0.9943118023419806,0.8887090314833274,0.7125181080011912,0.3168990704921659,1.0,0.814584155579717,0.9226431716497068,0.0,0.6385221936119974,0.9706726873835406,0.4686030246682678,1.0,0.0,0.0,0.0,0.5828481220332533,0.5482382183928052,1.0,1.0,1.0,1.0,0.43532600697807033,0.9543682702314737,0.0,0.6694676117193865,0.6812053068504558,0.8953886666327547,0.0,1.0,1.0,0.9710184475904841,0.0,1.0,0.26596588686663764,1.0,0.9872091630908212,0.0,1.0,0.06402237017623862,0.7570404494694105,0.0,0.9875060941239318,0.9929280826625763,0.5085007151244321,0.16678836268959527,0.7933173945911952,1.0,0.972249142977333,0.8529793425002562,0.4419711879975403
gex_possorted_bam_1WGCZ:ACCTAAGGTACCGAACx-M2,1.0,1.0,0.04583446791920364,1.0,1.0,1.0,0.35791770975516995,1.0,0.518720867091629,1.0,0.4446307248007021,0.6531685861200636,0.9076337251899048,0.39204491536934316,1.0,0.21685780243586028,0.1230908051473655,1.0,1.0,0.9019239803714161,1.0,1.0,1.0,1.0,0.5009885765367351,1.0,0.0,1.0,1.0,1.0,1.0,1.0,1.0,1.0,0.0,1.0,0.0,1.0,1.0,0.0,1.0,0.1679541812467385,0.8712334184318759,0.7337784553143235,1.0,1.0,0.01924698568595022,0.013907352350143431,1.0,1.0,1.0,1.0,1.0
gex_possorted_bam_1WGCZ:ACCTTCATCCCTGATCx-M2,1.0,1.0,0.1805875962219093,1.0,0.8823630558776165,0.840544154399445,1.0,1.0,1.0,1.0,0.0,1.0,1.0,0.3110621134564596,1.0,0.1986238517368529,0.0,0.0,0.7523213100148219,0.8266988047959688,1.0,1.0,1.0,1.0,0.9252584693328278,1.0,0.0,1.0,1.0,1.0,0.9237521268608394,1.0,1.0,1.0,0.0,1.0,0.35840662470943085,1.0,1.0,0.05924424124208529,1.0,0.2704580174045839,0.8394765382437278,0.577871867742094,1.0,1.0,0.49060254211792786,0.0,1.0,1.0,1.0,1.0,0.5176095760254175
gex_possorted_bam_1WGCZ:ACCTGTTGTAGGTTATx-M2,0.050052194978785325,1.0,1.0,0.9348146521046741,0.021121429765505823,0.0,1.0,0.7990440772187014,1.0,0.8218025049589386,0.0,1.0,1.0,1.0,0.11640091846326919,1.0,0.0,0.0,1.0,0.0,0.0,0.0,0.0,0.0,1.0,1.0,1.0,1.0,1.0,0.8041260691924942,1.0,0.003145251111865187,0.0,0.8465271195186558,1.0,0.26688023944186534,1.0,0.03297908727510007,0.07954209368143035,1.0,0.139909085254626,1.0,1.0,0.5230736310382028,0.0,0.5375059302981803,1.0,1.0,1.0,0.6123501361889016,1.0,1.0,0.0
gex_possorted_bam_1WGCZ:ACCGGTTCAAAGCGCAx-M2,1.0,1.0,0.05834478993468263,0.9802212720268256,0.7666584395448005,1.0,0.9379239668683906,1.0,0.5001273015748766,1.0,0.06070771753472076,0.9538413597895748,0.9754796419378619,0.8524846960408894,1.0,0.5926166443067171,0.0,0.8579610084117535,0.8849639324521089,0.6390570796273217,1.0,1.0,0.9549069518187603,1.0,0.845875716880154,0.8104932921671195,0.0,1.0,1.0,0.8822021393324513,1.0,0.9734712654960429,0.9626116324917166,1.0,0.0,1.0,0.47199380451702316,1.0,1.0,0.4335280281637281,0.6033024228899682,0.34829237174609395,0.7064722628159854,0.7641819864522716,1.0,1.0,0.3912946157863775,0.0,0.9718529188146752,1.0,1.0,1.0,1.0
gex_possorted_bam_1WGCZ:ACCATAATCCACCTTAx-M2,1.0,0.7354535782323467,0.0,0.9105480060039326,1.0,1.0,0.09868854350008557,0.7835849432733657,0.2756948821457029,0.9135293305234387,0.7734109530709036,0.34282710555009344,0.7246014483032858,0.06851649834429559,0.9388359224877696,0.12827389384679858,0.48239730988363194,1.0,0.9566398309147507,1.0,1.0,1.0,0.99829364472538,1.0,0.2737429268661857,0.7139126885594838,0.059685163344978684,0.7211460673379811,0.6753927653635232,1.0,0.6765123883729269,1.0,1.0,0.88210275727609,0.0,1.0,0.0,0.9207243057363544,0.9052835639531536,0.0,0.8665978235030903,0.248917469827656,0.6374445131801806,0.5030306217636547,1.0,0.8919300582541568,0.24849655516584165,0.0,0.8129452290229398,1.0,0.7551325270315878,0.9776621650386447,1.0
gex_possorted_bam_1WGCZ:ACCTGGTCAGGGAGGAx-M2,0.06314413543315966,1.0,0.9793160895640824,0.8823319288782755,0.0,0.0,1.0,0.8059927042885289,1.0,0.3699965889886409,0.22389160705897718,1.0,1.0,1.0,0.07740241801932948,1.0,0.3515676340865041,0.46345849988826154,1.0,0.0,0.0,0.0,0.0,0.0,1.0,1.0,1.0,1.0,1.0,0.94848950442287,1.0,0.0,0.0,0.7264596725745117,1.0,0.16522219027286042,1.0,0.019940585915657595,0.006293777126469423,1.0,0.12529874863000381,1.0,1.0,1.0,0.0,0.5506894658986314,1.0,1.0,1.0,0.5889741606607583,1.0,0.9323857056828808,0.0
gex_possorted_bam_1WGCZ:ACCTTGCTCTCACACCx-M2,0.009264212690705147,1.0,1.0,0.6304410230917675,0.0,0.5322499211075306,1.0,0.28175150781308334,1.0,0.35023143236328264,1.0,1.0,1.0,1.0,0.05928827868745574,1.0,1.0,1.0,1.0,0.0,0.0,0.0,0.0,0.0,1.0,0.7674269675064693,1.0,1.0,1.0,0.8246667394487557,1.0,0.0,0.0,0.4413542609369758,1.0,0.05371586728569674,1.0,0.0819824355286124,0.017405934775265048,1.0,0.13881118996088174,1.0,1.0,1.0,0.0,0.35377998260319543,1.0,1.0,0.7066099900533434,0.25226732949737946,1.0,0.6484445096539905,0.0
gex_possorted_bam_1WGCZ:ACCAGGGAGTTTCCGCx-M2,0.6590793895664206,1.0,0.7500794161692914,0.7946494429906752,0.14859923338476566,1.0,1.0,1.0,0.5920572429374221,1.0,0.0,0.792861514629243,0.9783782433801034,1.0,1.0,1.0,0.0,0.5000108056458126,0.7645342677714634,0.36529653510754406,0.8495692816508994,0.5871240235863374,0.6328010841271862,0.9897037077995836,1.0,0.7389280813540489,0.0,1.0,1.0,0.5918290506456072,1.0,0.5171223721597599,0.641760481058901,1.0,0.27939658474296575,1.0,1.0,0.7682147038594362,0.8559269438740633,1.0,0.5483591753398185,0.7604737993246221,0.8532244040147916,1.0,0.8573327107375381,0.9541222374054318,0.3484490348783249,0.5081267664270402,0.9401371457065574,0.9078191704209827,1.0,0.9033638783221424,0.5232104737419826
gex_possorted_bam_1WGCZ:ACCTGGATCGAGCTATx-M2,1.0,1.0,0.0,1.0,1.0,1.0,0.5038410371926114,1.0,1.0,0.9073363087445544,0.0,1.0,1.0,0.4769827144644299,0.9949521789794247,0.33261834249928945,0.0,0.3074583103969856,0.6913195818914478,0.561715023977929,1.0,1.0,1.0,1.0,0.6775497920613306,0.8902766356464521,0.0,1.0,1.0,1.0,1.0,0.78829220453127,1.0,1.0,0.0,1.0,0.25679277133083117,1.0,1.0,0.12260827937149608,1.0,0.08634491056580298,0.9219792388724728,1.0,1.0,1.0,0.4365193500550867,0.0,1.0,1.0,1.0,1.0,0.680148138352896
gex_possorted_bam_1WGCZ:ACCAGGCTCCCTGACTx-M2,1.0,0.864930708855366,0.0,1.0,0.8991180667310404,1.0,0.7491984292409969,1.0,0.5626930129993181,1.0,0.0,1.0,0.8479923018113259,1.0,0.9577980874436778,0.047744146253703386,0.0,0.11234185718043682,0.8655238451345352,0.7347551522864317,1.0,1.0,1.0,1.0,0.7225913019226149,0.8913501542330466,0.0,0.8462736856105499,0.928810974059409,0.9104924762294284,0.8249486111633251,1.0,1.0,1.0,0.0,1.0,0.07134077270206861,1.0,1.0,1.0,1.0,0.0,0.7527127672821056,0.1886529184955086,1.0,1.0,0.7602694572506601,0.19243425155381033,0.9382879132832181,1.0,0.979462781011768,1.0,0.9923141249557348
gex_possorted_bam_1WGCZ:ACCTGGTCAGTTTACGx-M2,1.0,1.0,0.5844629789800992,1.0,1.0,0.6693295539203545,1.0,1.0,0.8048108876700419,1.0,0.0,1.0,0.978502007953586,0.2825996190509716,1.0,0.16055765164435068,0.0,0.0,0.5834540689506982,1.0,1.0,0.9482244518325172,1.0,1.0,0.7107555824180516,1.0,0.0,1.0,1.0,1.0,0.45038586447780327,1.0,1.0,1.0,0.0,1.0,0.3923527792891409,1.0,1.0,0.013763765980092038,1.0,0.20081823971340568,0.9406208015997604,0.7524560291549314,1.0,1.0,0.8976307461179492,0.0,1.0,1.0,1.0,0.9728651879453355,0.48814680404446775
gex_possorted_bam_1WGCZ:ACCAGGGAGCAAGACAx-M2,0.9415714694995156,1.0,0.0,0.7076829477616189,1.0,0.8476809568096605,0.403469551490401,0.7202094243305835,0.7795867465997807,0.8013755260704682,0.5212052046579899,0.0,0.9794786575506004,0.03263585627990769,0.8848702071995287,0.6892615511115144,0.3127341151638513,0.4244813613503867,1.0,0.3956279118594307,1.0,1.0,1.0,0.5746691921332112,0.748954382165378,0.7430512814731999,0.22168401948748456,0.7542355187594397,0.9929441026928518,1.0,0.20891148253602804,0.42057282090781656,0.8618761952742847,0.6592302951338173,0.2646806938698356,0.7856045140310536,0.7472364386357052,0.9503196908913331,0.8591174551948579,0.36118284250437654,1.0,1.0,0.48914040126506036,0.7700018516878394,0.7345243721651172,0.7440341016472343,0.7931708705690227,0.8078261615207466,1.0,0.7398054011655489,0.5290925686936435,0.9090746996386257,0.0
gex_possorted_bam_1WGCZ:ACCCTCCCATTGTGATx-M2,1.0,1.0,0.0,0.8854564958713834,1.0,1.0,0.16789947795576413,0.9562270947507923,0.5548725541403655,1.0,0.48992863322446023,0.5944781944099992,0.6627896253959104,0.4768201833620188,1.0,0.33570968864995065,0.1287256743238267,1.0,0.9778330185736204,0.5857292880217477,1.0,1.0,1.0,1.0,0.5830061152027792,0.8475670489252207,0.0,0.9041284102418127,0.7923142264864305,1.0,0.5858561007870645,0.9864885625228077,0.9835328795368241,0.9941634620580032,0.0,1.0,0.13348933877689953,1.0,0.9953632755887679,0.0,1.0,0.20244156379522868,0.6323117392498115,0.0757744612133489,1.0,0.9522695441633096,0.12927321073649517,0.0,0.8763559986436945,1.0,0.6974639807295793,1.0,0.5482357526559435
gex_possorted_bam_1WGCZ:ACCAGGCTCCGGTTAGx-M2,1.0,1.0,0.3701807865328586,1.0,1.0,1.0,0.5584251401800555,1.0,0.8750026591456072,1.0,0.0,1.0,1.0,0.3522111773298803,1.0,0.19756550884115245,0.0,0.24824237231964424,0.9532508861982417,0.9489048966049544,1.0,1.0,1.0,1.0,0.7972098591434283,1.0,0.0,1.0,1.0,1.0,0.8215006161365168,1.0,1.0,1.0,0.0,1.0,0.2548031623396183,1.0,1.0,0.07251250080920435,1.0,0.11286865036441478,0.9589603040074457,0.6141189109542295,1.0,1.0,0.5444748914514786,0.0,1.0,1.0,1.0,1.0,0.9942644673561895
gex_possorted_bam_1WGCZ:ACCACATAGCAACATCx-M2,1.0,0.6998453024626647,1.0,1.0,1.0,0.874340714419739,0.0,1.0,1.0,1.0,0.0,1.0,1.0,0.23407343822132706,1.0,0.07470104710206185,0.0,0.0,0.008228410590527153,0.6992294699238999,0.6440924449201071,0.9363048326458553,1.0,0.754252589208525,0.6180328663070326,1.0,0.0,1.0,0.7893423201642481,1.0,0.0,1.0,1.0,1.0,0.0,1.0,0.0,1.0,1.0,0.0,1.0,0.0,1.0,0.810927903161352,1.0,1.0,1.0,0.0,1.0,1.0,0.8995990307843136,1.0,0.47373025564480115
gex_possorted_bam_1WGCZ:ACGAAGTCAAATACCTx-M2,1.0,0.9580230109718215,1.0,1.0,1.0,1.0,0.0,0.9865231175867253,1.0,1.0,0.0,1.0,1.0,0.4203494680979996,1.0,0.09217467379504317,0.0,0.0,0.0881744427972463,0.7077654189086336,0.5074328280647287,0.9456578354528837,1.0,0.8540322993491094,0.6461898017574087,1.0,0.0,1.0,0.7616864545656179,1.0,0.0,1.0,1.0,1.0,0.0,1.0,0.0,1.0,1.0,0.0,1.0,0.0,1.0,1.0,1.0,1.0,1.0,0.0,1.0,1.0,0.9984622519189683,1.0,0.8164413489415595
gex_possorted_bam_1WGCZ:ACCAGGCTCTAGCGATx-M2,1.0,0.8945295476445919,0.08757919169061079,1.0,1.0,1.0,0.4163719439346435,1.0,0.6110548539802899,1.0,0.0,0.8672084402924546,0.9528636386089445,0.4593812150709729,1.0,0.19212022956770916,0.0,0.44792813801206427,0.9223133684777415,0.6105746341797564,1.0,1.0,1.0,1.0,0.7869730643294766,1.0,0.0,0.9552982559552877,0.7535186482150905,1.0,0.42929607951847654,1.0,1.0,1.0,0.0,1.0,0.12731018621969922,1.0,1.0,0.0,1.0,0.24030756983808474,0.9145607000735573,0.1989119737127842,1.0,1.0,0.4375938078790133,0.0,0.9986535265596418,1.0,0.9287603402914495,1.0,0.727992508704997
gex_possorted_bam_1WGCZ:ACCTGGTCATGCTTAGx-M2,1.0,1.0,0.0,1.0,1.0,1.0,0.6121795825210742,0.9997212024060156,0.290427769925131,1.0,0.4764087963163844,0.508286572315591,0.9788179991833634,0.21748451290158577,1.0,0.42572080604395957,0.16234932455829976,1.0,1.0,0.9665529692230285,1.0,1.0,1.0,1.0,0.6726987725727696,0.9080776916178992,0.0,1.0,1.0,1.0,1.0,1.0,1.0,1.0,0.0,1.0,0.2548722185818756,1.0,1.0,0.17773244280387884,0.7907917789012056,0.23884877928184317,0.6997454509591875,0.7149703337747333,1.0,1.0,0.13654238686755998,0.0,1.0,1.0,0.9960834489648827,1.0,1.0
gex_possorted_bam_1WGCZ:ACCCTGTTCCTACCTAx-M2,0.006437797420468014,1.0,1.0,0.7418130746437823,0.0,0.0,1.0,0.466212506566071,1.0,0.7043899332129935,0.4242456731443091,1.0,1.0,1.0,0.13171455565131113,1.0,0.6903126220318808,0.0,1.0,0.0,0.0,0.0,0.0,0.0,1.0,1.0,1.0,1.0,1.0,0.7455267264812847,1.0,0.0,0.0,0.6460132054118872,1.0,0.14844483349589052,1.0,0.0,0.0,1.0,0.15775168463164427,1.0,1.0,1.0,0.0,0.3825523388521039,1.0,1.0,0.8745019876033949,0.3736905478774854,1.0,0.7309833886898602,0.0
gex_possorted_bam_1WGCZ:ACCACATAGTATTGTGx-M2,1.0,1.0,0.0,1.0,1.0,1.0,0.5915285413183076,1.0,0.8580743454051158,1.0,0.4011720350615293,0.2799904732654238,0.8724961503673494,0.3630536819972355,0.9989937966981317,0.218437233759475,0.17382208153802434,1.0,1.0,0.8006405834446213,1.0,1.0,1.0,1.0,0.6915960792544535,0.8086873936399408,0.0,1.0,1.0,1.0,1.0,1.0,1.0,1.0,0.0,1.0,0.12195765661267578,1.0,1.0,0.1996907477842588,0.7192105413272926,0.5443259967125029,0.5802368664551553,0.4511925092580067,1.0,1.0,0.025406811219778683,0.0,1.0,1.0,1.0,1.0,1.0
gex_possorted_bam_1WGCZ:ACCAGGCTCGCTATGGx-M2,1.0,1.0,1.0,1.0,1.0,1.0,0.7312248299517885,1.0,1.0,1.0,0.0,1.0,1.0,0.8211134077860255,1.0,0.44730813200071307,0.0,0.0,0.6417808772671446,0.7415736005342232,1.0,0.9965509708650625,1.0,1.0,1.0,1.0,0.0,1.0,0.6703947066795413,1.0,0.398115614555037,1.0,1.0,1.0,0.0,1.0,0.2342519457223685,1.0,1.0,0.227968778659627,1.0,0.565387663685293,1.0,0.9375515519096951,1.0,1.0,1.0,0.0,1.0,1.0,1.0,1.0,0.7672806247363017
gex_possorted_bam_1WGCZ:ACCTTGTGTCAGGCATx-M2,1.0,1.0,0.36648279045773763,1.0,1.0,0.9960982409342112,0.9862146532281548,1.0,0.9079166315595182,1.0,0.0,0.9836932796381822,1.0,0.6685387944635014,1.0,0.3976883308282368,0.0,0.0,0.8370703155006234,0.8330366411367254,1.0,1.0,1.0,1.0,1.0,1.0,0.0,1.0,0.955299266218834,1.0,0.7609447953380807,1.0,1.0,1.0,0.0,1.0,0.571473622706317,1.0,1.0,0.04068333016788035,1.0,0.2713447008635141,0.8393718727277771,0.6625232380134362,1.0,1.0,0.642748454045426,0.057458272898474425,1.0,1.0,1.0,1.0,0.4568613835771239
gex_possorted_bam_1WGCZ:ACCTTCCAGCACTTGGx-M2,1.0,0.8055435744984346,1.0,1.0,1.0,0.5876367281969485,0.0,1.0,0.655686950018796,1.0,0.0,1.0,1.0,0.3861846875739739,1.0,0.07748845156899081,0.0,0.0,0.2405121061232471,0.4422847118344211,0.6096646911857995,0.7259080398231554,1.0,0.7949890442437239,0.590478680600438,1.0,0.056813511171016046,0.7478245592671785,0.5432338083739098,1.0,0.0,1.0,1.0,1.0,0.0,0.9818769402406754,0.0,1.0,1.0,0.0,1.0,0.08570438540267002,0.9718345279307222,0.13862486810956717,1.0,1.0,0.9017195088931778,0.0,1.0,1.0,0.7694049947974553,0.9749209833414589,0.0
gex_possorted_bam_1WGCZ:ACCTAAATCCTGGTCTx-M2,0.30022287150747595,0.0,0.24026903172032077,0.24028727919468076,0.6711932621499389,0.9426941835128599,0.0,0.22070442823500766,0.0,0.46643847326592863,1.0,0.0,0.0,0.12052220656041197,0.2746862987992883,0.012153271394488616,0.9951192431354371,1.0,0.004305071691944864,1.0,0.8250037069172776,0.8792590323123793,0.380863316411307,0.729671726822089,0.07583924734792624,0.1588553926203568,0.30968751698610164,0.14573826692549238,0.04168776903338632,0.3775359565258954,0.02565994467158318,0.22289503362396243,0.36451365501631006,0.10815597714674524,0.2474890347516352,0.32571582865349474,0.0,0.2858610419052596,0.27343884952856107,0.22873232567994725,0.1804361433029737,0.024535149455733967,0.22209088600514387,0.0,0.338457956490041,0.21946138952026387,0.0,0.0,0.19853809918238347,0.5574016829809111,0.07886067194651511,0.29031298850648823,1.0
gex_possorted_bam_1WGCZ:ACCACATAGGCATGAAx-M2,1.0,1.0,0.22113270228865536,1.0,1.0,1.0,0.35671865630999017,1.0,0.4840268738557241,1.0,0.306971320155185,0.7632501993937911,0.8783365061746745,0.2306575437952988,1.0,0.35177774235367165,0.046246765331547875,0.8575893235005415,1.0,0.8398242243996613,1.0,1.0,1.0,1.0,0.6793074561882815,1.0,0.0,1.0,1.0,1.0,0.8882434039290642,1.0,1.0,1.0,0.0,1.0,0.14373365474260427,1.0,1.0,0.0,1.0,0.0009688860224635254,0.7181141706953996,0.47613135814075047,1.0,1.0,0.13582595528345984,0.0,1.0,1.0,0.7399003609652194,1.0,1.0
gex_possorted_bam_1WGCZ:ACCCAGGGTGATTACGx-M2,1.0,0.7611844389297759,0.0,1.0,1.0,0.8806433923857072,0.20612355506050278,1.0,0.0,1.0,0.0,0.7469301669794872,0.5926541262501688,0.22848892967368248,1.0,0.3912979632196889,0.0,0.0,0.8392114290383996,0.8474064114347961,1.0,1.0,1.0,1.0,0.35601060976621923,1.0,0.0,0.8532180524925672,1.0,1.0,0.39649356805193875,1.0,1.0,1.0,0.0,1.0,0.4232704033084066,1.0,1.0,0.0,1.0,0.24085734476511786,0.7568694200906525,0.0,1.0,1.0,0.6592248337335849,0.0,1.0,1.0,1.0,0.9268311673342947,0.790174338924888
gex_possorted_bam_1WGCZ:ACCTAAGGTACCAGGTx-M2,0.5405814114817785,0.19349668231106718,0.0,0.47242787407552694,0.5520912331745655,1.0,0.0,0.4994883313742281,0.04942665607250214,0.47103184562089284,0.7114630662109956,0.0,0.11495288423578598,0.18885645430510517,0.46120037506682804,0.12073340520233425,0.6764899889950081,1.0,0.5572388544576443,0.5849145541742613,0.9981274723145183,0.8909730197890973,0.5758091539380888,1.0,0.047319370984266904,0.3660439880520901,0.19687905392569288,0.39362594253868494,0.3892212596232892,0.377343604752344,0.3028922547771295,0.5930602221864615,0.5454016421111941,0.5152815752773682,0.2400345032053275,0.5721104428500438,0.12174622612923827,0.507782492921871,0.5305718536680083,0.20290201583037223,0.46406274621753973,0.31503739482934967,0.0,0.0,0.48991110314835495,0.46152584043597467,0.0,0.4209592847939484,0.4025256384977331,0.4719394606864748,0.26951293097947276,0.4882916794015308,0.6149890189025707
gex_possorted_bam_1WGCZ:ACCTTCATCAGGATGAx-M2,0.07714416351879447,1.0,1.0,1.0,0.1849204354908804,0.0,1.0,0.9347602241232096,1.0,0.9769667968046775,0.0,1.0,1.0,1.0,0.16264951759340812,1.0,0.0,0.0,1.0,0.0,0.0,0.0,0.0,0.0,1.0,1.0,1.0,1.0,1.0,0.8189530526997016,1.0,0.23023671205972326,0.0,0.9323522276307926,1.0,0.27605938064606345,1.0,0.029997856030055354,0.04239717926664449,1.0,0.3962261412245988,1.0,1.0,0.45095173405040245,0.016318249238864192,0.5649841644631232,1.0,1.0,1.0,0.948284338551776,1.0,1.0,0.04861679202709572
gex_possorted_bam_1WGCZ:ACCATAATCCCTCAACx-M2,0.060619631434694926,1.0,1.0,1.0,0.1298583974521621,0.0,1.0,0.8162813909021878,1.0,0.9714678196641278,0.0,1.0,1.0,1.0,0.2123470292786839,1.0,0.0,0.0,1.0,0.0,0.0,0.0,0.0,0.0,1.0,1.0,1.0,1.0,1.0,0.8228593466448311,1.0,0.06917951276961756,0.0,0.9547874486958196,1.0,0.26632125596386,1.0,0.05057632173638136,0.08627539104822593,1.0,0.06135770285272659,1.0,1.0,0.7229235930029647,0.0,0.5741619417238648,1.0,1.0,1.0,0.6819218185364466,1.0,1.0,0.3528605540086882
gex_possorted_bam_1WGCZ:ACCCAACCATTATGCGx-M2,1.0,0.8664165194490744,0.07602707649235844,1.0,1.0,0.9233359529157718,0.41238004522675814,1.0,0.9240115803140067,1.0,0.0,0.7093952890799086,0.7844382418558596,0.2029276861888241,1.0,0.0050482339516747686,0.0,0.0,0.7457753895572845,0.7330812356215105,1.0,1.0,1.0,1.0,0.4534441409819661,0.9454756107417948,0.0,0.8842272479885996,0.9146233083849973,1.0,0.3743869820836148,1.0,1.0,1.0,0.0,1.0,0.20048738932944063,1.0,1.0,0.0,1.0,0.18293819622776358,0.8620881727157744,0.3249014026525697,1.0,1.0,0.2892290533783793,0.0,0.9243539048430403,1.0,1.0,0.9877337925762912,0.4664283981754129
gex_possorted_bam_1WGCZ:ACGAATCTCTAGCGATx-M2,1.0,1.0,0.0,0.9483984099503561,1.0,1.0,0.4532762643982184,1.0,0.7087389132909018,1.0,0.6360533567596416,0.6232014812323665,1.0,0.4740447746676357,1.0,0.3379370283416668,0.26439578131345143,1.0,1.0,0.7183017411288752,1.0,1.0,1.0,1.0,0.814634889314686,0.8596016775704385,0.0,0.9145259786807658,0.8379365135263551,1.0,1.0,1.0,1.0,1.0,0.0,1.0,0.5878813069452774,1.0,1.0,0.16038716417400603,1.0,0.3181711806983576,0.7021130726407138,0.9802216658862174,1.0,1.0,0.3143993140381019,0.0,1.0,1.0,0.7307441471538288,1.0,1.0
gex_possorted_bam_1WGCZ:ACCAGGACATAATTGCx-M2,1.0,0.9694822434411253,0.0,1.0,1.0,1.0,0.5771939394581141,1.0,0.6380786662355481,0.9753790055090595,0.6408095501652942,0.7574538884028655,0.9722715485527295,0.5888729100928691,1.0,0.29091876831834185,0.26340367127031694,1.0,1.0,0.5777875408718298,1.0,1.0,1.0,1.0,0.7137362303762786,0.8722930895804927,0.0,0.9530716948705076,0.902118293951108,1.0,1.0,1.0,1.0,1.0,0.0,1.0,0.08794244579070801,1.0,1.0,0.0,0.5868252803714251,0.21847422779046655,0.6580526364041365,0.07510412092659834,1.0,1.0,0.15889558303770973,0.12367434555174112,0.9066034435789584,0.9842226422468583,1.0,1.0,1.0
gex_possorted_bam_1WGCZ:ACCAATATCGCCTGTTx-M2,1.0,0.6993803369662754,0.5556194906852904,1.0,1.0,0.37071412732899417,0.10261666070323842,1.0,0.45549501272822973,1.0,0.0,1.0,0.8205788293738139,0.4226990063956405,1.0,0.0,0.0,0.0,0.5949201486637675,0.698128802517537,1.0,0.927169924731191,1.0,1.0,0.0,1.0,0.0,0.8245800532059891,0.805837659582592,1.0,0.07740537626943499,1.0,1.0,1.0,0.0,0.9642823799172044,0.1874597516543702,1.0,1.0,0.0,1.0,0.038222614575474836,0.8618335571087898,0.32019042447491997,1.0,1.0,0.4667684274998654,0.0,1.0,1.0,1.0,0.8846169040170578,0.0
gex_possorted_bam_1WGCZ:ACCCGGTAGTAGCTTAx-M2,1.0,0.8091802329892936,0.3949731956263743,1.0,1.0,1.0,0.5481162544321446,1.0,0.8143542800740053,1.0,0.0,1.0,0.9197087415137091,0.4763590300981047,1.0,0.0,0.0,0.0,0.8029144784582711,0.6913810299974297,1.0,1.0,1.0,1.0,0.5814345501450633,1.0,0.0,0.9164772876860832,0.5669610400854367,1.0,0.20595243595330728,1.0,1.0,1.0,0.0,1.0,0.0,1.0,1.0,0.0,1.0,0.24403510712549495,1.0,0.0,1.0,1.0,0.533563522419673,0.0,1.0,1.0,0.8763320077644356,1.0,0.20478602215899416
gex_possorted_bam_1WGCZ:ACCACACCATGTTGTGx-M2,0.11428511426486664,1.0,1.0,0.9985537177743515,0.03775767403310781,0.15382608943592094,1.0,0.7609338090375152,1.0,0.8584191547199354,0.30256433125685334,1.0,1.0,1.0,0.24927437371307862,1.0,0.5457211989249713,0.6432676212043897,1.0,0.0,0.0,0.0,0.0,0.0,1.0,1.0,1.0,1.0,1.0,1.0,1.0,0.0,0.0,0.8069631883438527,1.0,0.2939142777333034,1.0,0.16064796356130603,0.1913683004213886,1.0,0.2391586386453956,1.0,1.0,1.0,0.07591640226361251,0.603787367329743,1.0,1.0,1.0,0.6400626452724145,1.0,1.0,0.0
gex_possorted_bam_1WGCZ:ACCTCACTCAATCTCTx-M2,1.0,1.0,0.11516799408485545,1.0,1.0,1.0,0.3937070114308965,1.0,0.7463098931977871,1.0,0.7916598881113516,0.9671129894407627,1.0,0.5804722274328808,1.0,0.5304839591475673,0.3574825029304136,1.0,1.0,0.7618223873020262,1.0,1.0,1.0,1.0,0.7306994087927389,0.9625243007927043,0.0,1.0,1.0,1.0,1.0,1.0,1.0,1.0,0.0,1.0,0.17644981899593404,1.0,1.0,0.0,0.8550611580453336,0.19512266501683131,0.7830755495246318,0.39230473319207815,1.0,1.0,0.1756869075363284,0.0,1.0,1.0,0.899879116837209,1.0,1.0
gex_possorted_bam_1WGCZ:ACCTAAGGTAGGTGTCx-M2,1.0,0.7858579778127461,0.29371816203835666,1.0,1.0,1.0,0.22646814594336312,1.0,0.029615137598493792,1.0,0.46297426541433434,1.0,0.889005876052848,0.3946618076033442,1.0,0.4152400612218956,0.04300958943448964,1.0,1.0,0.5563544375010708,1.0,1.0,1.0,1.0,0.3852220997415485,1.0,0.0,0.8134479478471315,1.0,1.0,0.8758343596446333,1.0,1.0,1.0,0.0,1.0,0.3178323336157168,1.0,1.0,0.0,1.0,0.0,0.38602946646874,0.22214985155180828,1.0,1.0,0.2899215255614237,0.0,1.0,1.0,1.0,1.0,1.0
gex_possorted_bam_1WGCZ:ACCGGTTCATCGTTCTx-M2,1.0,0.8214144778112739,1.0,1.0,1.0,1.0,0.0,0.8416401183043217,1.0,1.0,0.0,1.0,1.0,0.44742760958653616,1.0,0.0,0.0,0.0,0.2643495021378405,0.6827373079474451,0.6618547801506968,1.0,1.0,1.0,0.8262482293934416,1.0,0.0,1.0,0.5926906468563945,1.0,0.0,1.0,1.0,1.0,0.0,1.0,0.0,1.0,1.0,0.0,1.0,0.0,1.0,1.0,1.0,1.0,1.0,0.0,1.0,1.0,0.993819588811694,1.0,1.0
gex_possorted_bam_1WGCZ:ACCTTCATCAATAGCCx-M2,1.0,0.9911849156105752,0.0,0.9501479672494801,1.0,1.0,0.37075703542043337,0.9806052800820331,0.30657889011793393,1.0,1.0,0.5750976352449926,0.8991623585122538,0.5242688307339263,1.0,0.6040811769667027,0.6660617114103209,1.0,1.0,0.5540650866051583,1.0,1.0,1.0,1.0,0.7257753341398352,0.8372434050736445,0.0,0.944722314317325,1.0,1.0,1.0,0.983804748704203,0.9897286086492245,1.0,0.0,1.0,0.16320396359533,1.0,1.0,0.037109036483915496,0.46440203998961355,0.16755073477013183,0.5161082917799448,0.1397342846417812,1.0,1.0,0.0,0.10992304701290621,0.8930029918366748,1.0,0.8048060520984779,1.0,1.0
gex_possorted_bam_1WGCZ:ACCTGTTGTACAAAGAx-M2,1.0,1.0,1.0,1.0,1.0,0.18423181720265555,0.0,1.0,0.1474196261591548,1.0,0.0,0.4323930695714174,0.9242641195047948,0.2739471458246037,1.0,0.0,0.0,0.0,0.3900689133329707,0.43033066928234137,0.7618715179505343,0.6405767337880826,1.0,0.9490805118074944,0.10641013474585555,1.0,0.0,0.9547025427767533,0.7034169448447596,1.0,0.0,1.0,1.0,0.9961943477715092,0.0,0.8272000000183186,0.12715707866543688,1.0,1.0,0.0,1.0,0.1546452166064146,0.7357606409419132,0.5825272782380788,0.9214948905835258,1.0,1.0,0.0,1.0,1.0,1.0,0.8337018609726573,0.0
gex_possorted_bam_1WGCZ:ACCTGGATCACAGGAAx-M2,1.0,0.9492943557587741,0.0,0.947168579075732,0.984254307897321,1.0,0.34624219844794046,0.8949070662020209,0.06753230452194883,1.0,0.11006079400562133,0.9871216341445067,1.0,0.2935414286301917,1.0,0.0,0.0,0.3923113353460487,0.9338851278715039,0.844924323971366,1.0,1.0,1.0,1.0,0.41080864437957343,0.7960110497998119,0.0,0.7864513143114731,0.9775439849969003,0.8807030550449991,0.7541125639429878,1.0,0.9974142086945671,0.8665548149042689,0.0,1.0,0.09730820851205799,1.0,0.9794944092300238,0.04994733696054788,1.0,0.25664536373277025,0.5006559769922253,0.05920048229374556,1.0,0.9660540046671835,0.0,0.02068079930433947,0.8357863947968812,1.0,0.9128961191238983,1.0,0.9105973663960891
gex_possorted_bam_1WGCZ:ACGAGTAAGGGTTAGAx-M2,0.08377610060455888,1.0,1.0,0.8018558806981558,0.0,0.0,1.0,0.9371943528469142,1.0,0.6219451954928038,0.0,1.0,1.0,1.0,0.06400904712399372,1.0,0.0,0.0,1.0,0.0,0.0,0.0,0.0,0.0,1.0,1.0,1.0,1.0,1.0,0.3760253980337449,0.9652006922154741,0.0,0.0,0.7430686371076686,1.0,0.24337040104384053,1.0,0.0,0.0,1.0,0.13609218128856518,1.0,1.0,0.9852274062786526,0.08580975037854066,0.41343620672017806,1.0,1.0,0.9018245957672686,0.4112177291313926,1.0,0.6987330545416327,0.0
gex_possorted_bam_1WGCZ:ACGTCCAAGCTATTGAx-M2,1.0,1.0,0.6038554391795278,1.0,1.0,1.0,0.5337924744521086,1.0,0.8024021837707094,1.0,0.0,1.0,0.8800615398738612,0.6841575205214288,1.0,0.6177637121090754,0.0,0.022988005304994563,0.7762569761409026,0.543858867093824,1.0,1.0,1.0,1.0,0.9234046413154569,1.0,0.0,1.0,0.8088500192258907,1.0,0.677591613302728,1.0,1.0,1.0,0.0,1.0,0.22978081053081006,1.0,1.0,0.1331800537554136,1.0,0.2518691224032124,1.0,0.8117188344475184,1.0,1.0,0.669344147426186,0.0,1.0,1.0,1.0,1.0,1.0
gex_possorted_bam_1WGCZ:ACGCAAGCATAAGTCTx-M2,0.09025114898229127,1.0,1.0,0.8861898873650388,0.35432426609887546,0.7970105089102724,1.0,0.7182645224813314,1.0,0.9254102083584527,0.8102769688721506,1.0,1.0,1.0,0.22839010269291818,1.0,1.0,1.0,1.0,0.0,0.0,0.0,0.0,0.0,1.0,1.0,1.0,1.0,1.0,1.0,1.0,0.0,0.0,0.849925983901345,1.0,0.37658033161985355,1.0,0.260709947508939,0.2793919429176856,1.0,0.3674778955164982,1.0,1.0,1.0,0.16691196512461068,0.6536690567099028,1.0,1.0,1.0,0.6485636575258161,1.0,1.0,0.0
gex_possorted_bam_1WGCZ:ACGTTACAGGGATGACx-M2,1.0,0.9961195626101056,0.07249367874957917,1.0,1.0,1.0,0.9137654129152079,0.9809658460556218,0.6914616489504911,1.0,0.22161535236597443,0.41982577632304446,1.0,0.37899246522168445,1.0,0.49517999584186156,0.0,0.6377105297930981,1.0,0.6854784408194836,1.0,1.0,1.0,1.0,0.8228250201444742,0.8922989374860955,0.0,0.8888107846845021,1.0,1.0,1.0,1.0,1.0,1.0,4.856710542493906e-05,1.0,0.5186115822474342,1.0,1.0,0.20453829996328382,1.0,0.5986277922309159,0.8133853529257508,0.16777995697057968,1.0,1.0,0.17249248248012777,0.5752636445253451,0.9942003403395636,1.0,0.9364698846213145,1.0,1.0
gex_possorted_bam_1WGCZ:ACTGAATGTGGATTCAx-M2,0.045197380841539986,1.0,1.0,0.9848176059501405,0.0,0.0,1.0,0.652327606128639,1.0,0.7877776994883284,0.027107264306614393,1.0,1.0,1.0,0.21386357951736817,1.0,0.011707501487416332,0.0,1.0,0.0,0.0,0.0,0.0,0.0,1.0,1.0,1.0,1.0,1.0,0.9812983793925477,1.0,0.10941327477057393,0.0,0.75284617993853,1.0,0.18700464894935018,1.0,0.15393233180767124,0.19421025389004454,1.0,0.019043421545784495,1.0,1.0,1.0,0.019189357072004185,0.5814661131089035,1.0,1.0,1.0,0.4962054523417931,1.0,1.0,0.0
gex_possorted_bam_1WGCZ:ACGTTACAGGAGGTTAx-M2,1.0,0.9798077636139393,0.4555117145466732,1.0,1.0,1.0,0.5102660565840145,1.0,0.8469193982920674,1.0,0.0,1.0,1.0,0.3560804433348324,1.0,0.03754445730490442,0.0,0.052352112315844516,0.9068138375086047,0.8376127143172029,1.0,1.0,1.0,1.0,0.9091950753493119,1.0,0.0,1.0,1.0,1.0,1.0,1.0,1.0,1.0,0.0,1.0,0.02709639882698303,1.0,1.0,0.0,1.0,0.0,0.987712674350509,0.8562757752768623,1.0,1.0,0.6990969468213755,0.0,1.0,1.0,1.0,1.0,1.0
gex_possorted_bam_1WGCZ:ACTATGTCACAGGATGx-M2,1.0,0.7887673758613014,0.7626791851017268,1.0,1.0,0.23805847947833425,0.3959136339694111,1.0,0.45241628447273013,0.9858754192816392,0.0,1.0,0.7540733100370349,0.18766815563579017,1.0,0.14009758608072687,0.0,0.0,0.4245607192802913,1.0,1.0,0.7639733637297321,1.0,1.0,0.3487519975218876,1.0,0.0,0.9359728002025285,1.0,1.0,0.0,1.0,1.0,1.0,0.0,0.9708651905181306,0.3284224043212273,1.0,1.0,0.0,1.0,0.03770902051568906,1.0,0.6962887113928621,0.9189993305817438,1.0,0.9496158680213801,0.0,1.0,1.0,1.0,0.816190296760047,0.0
gex_possorted_bam_1WGCZ:ACGGTACGTAAGCTCAx-M2,1.0,0.8016110574520661,0.0,0.9619482469088276,0.9560247368794517,0.8575950653073532,0.37382616103061783,1.0,1.0,0.9600797345380659,0.0,0.9181265973156829,0.6861351846563741,0.2315406412421645,1.0,0.027913616651684386,0.0,0.0,0.6975353892433577,0.5836020800490236,1.0,1.0,1.0,1.0,0.5222754559750137,0.9068504029473546,0.0,0.8902262740277483,0.9516833322438844,0.9716723812815681,0.2830250663443201,1.0,1.0,0.9919616539523124,0.0,1.0,0.34631357448671823,1.0,1.0,0.0,1.0,0.2620362670960217,0.6686145799337818,0.17794335813638032,1.0,1.0,0.14858448798741752,0.0,0.8795303623268115,0.9699709606415072,0.8867682064981185,0.9271722623072186,0.46312902398533107
gex_possorted_bam_1WGCZ:ACTCACTGTTGAAGCCx-M2,1.0,1.0,0.0,1.0,1.0,1.0,0.63328201964966,1.0,0.2794978620469324,1.0,0.7560257312542048,0.9936766462429152,1.0,0.6278231616012168,1.0,0.45422689505364044,0.35290907042775743,1.0,1.0,0.8005768523385296,1.0,1.0,1.0,1.0,0.8780692282892573,0.9359917124593302,0.0,1.0,1.0,1.0,1.0,1.0,1.0,1.0,0.0,1.0,0.1735189931531062,1.0,1.0,0.0,0.6605155656170323,0.0,0.6965127822973456,0.4290422943060354,1.0,1.0,0.0,0.0,1.0,1.0,1.0,1.0,1.0
gex_possorted_bam_1WGCZ:ACGGTACGTATTGGATx-M2,0.07344904456859658,1.0,1.0,0.9295291376983936,0.0,0.0,1.0,0.800212061608098,1.0,0.7661615977914229,0.07709085173537315,1.0,1.0,1.0,0.15736028819926434,1.0,0.3822667436037484,0.2604928082371124,1.0,0.0,0.0,0.0,0.0,0.0,1.0,1.0,1.0,1.0,1.0,0.8547904138090322,1.0,0.0,0.0,0.7884798866237143,1.0,0.25494768538833623,1.0,0.06944205530092377,0.071359842030309,1.0,0.20215801872772307,1.0,1.0,1.0,0.05335182481242221,0.5233667160319072,1.0,1.0,1.0,0.5739045290131147,1.0,0.9309359643048698,0.0
gex_possorted_bam_1WGCZ:ACGTCAAGTCCTAATCx-M2,1.0,0.9590671714083064,0.0,0.973024759240112,0.8601207926214137,1.0,0.6517664746092395,1.0,0.5492427171063049,1.0,0.504587650107007,0.5484911995180455,0.9867223616322921,0.7062198885212257,0.9788070172111102,0.3951464370809993,0.18163871574984705,1.0,1.0,0.2468785859879034,1.0,1.0,0.9240498921792573,1.0,0.6876795725280415,0.8119350563685976,0.0,1.0,0.8819343210798057,0.9485621681567498,0.7549520005774375,1.0,1.0,1.0,0.0,1.0,0.3053603027354952,1.0,1.0,0.035335824870364366,0.7794806665916245,0.3316068930155785,0.6572081988326854,0.29214971112489374,1.0,1.0,0.031539356397594996,0.4003352251692987,0.832400063669646,0.977702250683361,0.9165025546757892,1.0,0.8138560730161666
gex_possorted_bam_1WGCZ:ACTCACCTCCGCAAGCx-M2,1.0,0.8727412217302692,0.0,1.0,1.0,1.0,0.4947706624127226,1.0,0.5465715852601779,1.0,0.29466001891940935,0.7469862207402771,1.0,0.2907007598957763,1.0,0.2526168812906266,0.002083520862074515,0.6910805154862975,1.0,1.0,1.0,1.0,1.0,1.0,0.5157151186987545,0.9726620120827486,0.0,1.0,1.0,1.0,1.0,1.0,1.0,1.0,0.0,1.0,0.07995133635809058,1.0,1.0,0.0,1.0,0.0,0.8074756147229339,0.31975185187573807,1.0,1.0,0.05591619694210356,0.0,1.0,1.0,1.0,1.0,1.0
gex_possorted_bam_1WGCZ:ACGACAAAGAGGCTAAx-M2,0.09386130407452006,1.0,0.7557545827709692,1.0,0.0,0.0,1.0,1.0,1.0,0.7712198119281939,0.0,1.0,1.0,1.0,0.10970098259448091,1.0,0.0,0.0,1.0,0.0,0.0,0.0,0.0,0.0,1.0,1.0,1.0,1.0,1.0,0.6822509289963382,0.8916562066901007,0.20888933546414695,0.0,0.9002522948565432,1.0,0.29616966122656185,1.0,0.0,0.0,1.0,0.12494703220265965,1.0,1.0,0.10131994300242786,0.09083092845674348,0.4902798373555181,1.0,1.0,1.0,0.6174614383519073,1.0,0.9314205818942858,0.0
gex_possorted_bam_1WGCZ:ACTGAATGTGGACCTGx-M2,1.0,1.0,0.0,1.0,1.0,1.0,0.6423080270515308,1.0,0.4986155250785873,1.0,0.4384745062509444,0.6931629873856967,1.0,0.5368355003532412,1.0,0.4589503652608868,0.125954714357658,0.9309185748490161,1.0,0.779854067589018,1.0,1.0,1.0,1.0,1.0,1.0,0.0,1.0,1.0,1.0,1.0,1.0,1.0,1.0,0.0,1.0,0.742366276746028,1.0,1.0,0.11967951573879158,1.0,0.6592202895626802,0.7860793676036176,0.7019369623864897,1.0,1.0,0.4673720072721575,0.3714118386806048,1.0,1.0,1.0,1.0,1.0
gex_possorted_bam_1WGCZ:ACGGGAAGTTAGGATTx-M2,0.5734148466966511,0.2348599592183806,0.0,0.44561377364177357,0.519614998657523,1.0,0.0,0.5169366404761057,0.0,0.4377983561166578,0.8760153822463979,0.0,0.03634762493657316,0.0,0.6179631121063369,0.0,0.6943407006638749,1.0,0.39334942077722446,1.0,1.0,1.0,0.6386873360272335,0.9591317866244727,0.0,0.29719248382609503,0.1148632678074514,0.3210745331737301,0.23260411861965388,0.4591897391307793,0.9548063231769103,0.6295479258583266,0.6289419950395385,0.5662824450451927,0.1493884102471943,0.6554563119597469,0.0,0.47499552002556616,0.5491773890256694,0.0711940138114689,0.3855765396215904,0.12045581032582507,0.04524633869087481,0.0,0.6519975142821682,0.4939968156295099,0.0,0.30633988057731026,0.441679625548683,0.6979556320686934,0.018409038547289824,0.4936730179155634,1.0
gex_possorted_bam_1WGCZ:ACTATGTCATAAGTTCx-M2,1.0,1.0,0.08644563561252126,1.0,0.5463339987763957,0.9430027435915677,1.0,1.0,1.0,0.9636818577346252,0.0,1.0,1.0,0.5199429213052249,1.0,0.05910631356936393,0.0,0.0,0.736572583288399,0.8932443904956241,1.0,0.9598569426241911,1.0,1.0,1.0,1.0,0.0,1.0,1.0,0.7697159384340273,0.719704378027428,1.0,1.0,1.0,0.0,1.0,0.4448895056559263,1.0,1.0,0.206431154938603,1.0,0.2297019442167333,0.8327378554196327,0.4704167265672131,1.0,1.0,0.6017582709581161,0.0,0.9592580773787777,1.0,1.0,0.938590520564076,0.7318987414391503
gex_possorted_bam_1WGCZ:ACGCACGGTTTAGCTCx-M2,1.0,1.0,1.0,1.0,1.0,1.0,0.0,1.0,1.0,1.0,0.0,1.0,1.0,0.6339215266429372,1.0,0.17895525937803228,0.0,0.0,0.1039131983338754,0.6044741360055119,0.6052575185357002,1.0,1.0,0.7815893215882613,1.0,1.0,0.0,1.0,0.6784424223950852,1.0,0.0,1.0,1.0,1.0,0.0,1.0,0.0,1.0,1.0,0.0,1.0,0.0,1.0,1.0,1.0,1.0,1.0,0.0,1.0,1.0,0.9094610888500181,1.0,1.0
gex_possorted_bam_1WGCZ:ACTGAATGTCGCAAACx-M2,1.0,1.0,0.7950053437318447,1.0,1.0,1.0,0.5458255428549912,1.0,1.0,1.0,0.0,0.6505074352579708,1.0,0.3595294099220695,0.7744053448208416,0.0,0.0,0.0,0.7135076208655765,0.9888296024546172,1.0,1.0,1.0,0.9889557514664452,0.8458674760268722,1.0,0.2918338524531666,1.0,1.0,0.679291730358781,0.0,1.0,1.0,1.0,0.0,1.0,0.21095994604098375,1.0,1.0,0.0,1.0,0.7683894760578455,0.5965587677750608,0.5924859032828004,1.0,1.0,1.0,0.006520691504619665,1.0,1.0,1.0,0.9475787215660137,0.945846007845936
gex_possorted_bam_1WGCZ:ACGCCACAGGTCTTGGx-M2,0.06926324801442668,1.0,1.0,1.0,0.0,0.0,1.0,0.877432855739455,1.0,0.7190698284510271,0.0,1.0,1.0,1.0,0.13826902628431348,1.0,0.02617973851939696,0.0,1.0,0.0,0.0,0.0,0.0,0.0,1.0,1.0,1.0,1.0,1.0,0.7984867218347924,1.0,0.23965016463521702,0.0,0.8605495925735227,1.0,0.24892581858214555,1.0,0.0,0.017412520104722964,1.0,0.07637742635641721,1.0,1.0,0.05888753715679501,0.10889959610907571,0.5582032015013345,1.0,1.0,1.0,0.6534009988932319,1.0,0.989971278830585,0.0
gex_possorted_bam_1WGCZ:ACTAAAGCACAGAACGx-M2,1.0,1.0,0.3862823026361748,1.0,0.8960661599329012,0.592864711767146,0.6751959422595128,1.0,0.843785880389928,1.0,0.0,1.0,0.9918395985833146,0.5336488207642968,1.0,0.09982379453618569,0.0,0.0,0.5837860344486272,0.7338102936978488,1.0,0.8615154565407577,1.0,1.0,0.5428112159735504,1.0,0.0,1.0,1.0,1.0,0.4339347507577589,1.0,1.0,1.0,0.0,1.0,0.47636052667028844,1.0,1.0,0.0,1.0,0.3373739123143981,0.8870708615954594,0.7345680370867353,1.0,1.0,0.8887124808062452,0.10400791571306676,1.0,1.0,1.0,0.8985977993292396,0.18849346451939714
gex_possorted_bam_1WGCZ:ACGTCCAAGTTATCTCx-M2,1.0,0.7708478034702803,0.0,0.9307105255073687,1.0,1.0,0.4165796494535872,1.0,0.4129980579721381,0.9465208553662516,0.26272481400353076,0.4921096602109484,0.724890516529896,0.4036406871437599,0.9627202349976233,0.21412873665147825,0.004618771078400998,0.7521772087093983,0.8561051815038135,0.41614386729284514,1.0,1.0,0.9693743705392892,1.0,0.6376742190293914,0.7531047113349871,0.0,0.8564305666271967,0.7598898158991004,0.9090419735502514,0.6001986431266731,1.0,0.9226177256455729,1.0,0.0,1.0,0.19414329100501923,0.9652680927205097,0.9583135252447688,0.06383029904441327,0.7440448957763617,0.22941062632896492,0.6280272532871031,0.0,1.0,0.9459975358153124,0.09138040196693226,0.1742329184882501,0.7689205927731674,0.8191915909204516,0.8760628225511149,1.0,1.0
gex_possorted_bam_1WGCZ:ACGAGTAAGTATTGCAx-M2,0.09939613644667239,1.0,1.0,1.0,0.058658433013443215,0.16397141895831424,1.0,0.7515732802153509,1.0,0.9198491559915448,0.25524147164828587,1.0,1.0,1.0,0.27296740214063114,1.0,0.8882507305383578,0.8738065741256077,1.0,0.0,0.0,0.0,0.0,0.0,1.0,1.0,1.0,1.0,1.0,1.0,1.0,0.0,0.0,0.7410823997488968,1.0,0.26622106199762663,1.0,0.1794932950493987,0.17888356618974133,1.0,0.3689168530853236,1.0,1.0,1.0,0.09716628830254627,0.542835964172585,1.0,1.0,1.0,0.4071979841994445,1.0,0.9488220160013503,0.0
gex_possorted_bam_1WGCZ:ACTCGCGCACCCACCTx-M2,1.0,0.9668168757829042,0.0,1.0,0.962051557473839,1.0,0.4422074697992828,1.0,0.5029351183253923,1.0,0.6076850583564665,0.8305763056338695,0.7782121665460447,0.6326431195985641,1.0,0.3691196162411599,0.3779765957696042,1.0,1.0,0.5920998208959115,1.0,1.0,1.0,1.0,0.6199202277298824,0.8963639795838574,0.0,0.7422836541049072,0.9346356437180497,1.0,0.9066407483097597,1.0,1.0,1.0,0.0,1.0,0.12789594099688212,1.0,1.0,0.0,1.0,0.3138685464625023,0.7037928504068084,0.05838394253126286,1.0,1.0,0.16267698309142006,0.318924024737886,0.8844915593915059,1.0,0.8336727634377383,1.0,0.9079857225462125
gex_possorted_bam_1WGCZ:ACTATGTCAGCCGCTAx-M2,1.0,0.8876590149356178,0.0,0.9163166191509294,1.0,1.0,0.13582312995638524,0.9741957617042655,0.3103828340598668,0.9783548650656122,0.10663447473861272,0.8910583421541428,0.8992944594458309,0.16948191567225485,1.0,0.0,0.0,0.2070190666509969,0.7482990291042699,0.4653722377491722,1.0,1.0,1.0,1.0,0.6855060886792496,0.8682128809566049,0.0,0.7895115010404798,0.6090961621660396,1.0,0.3589392564197203,1.0,1.0,1.0,0.0,1.0,0.0,0.9024329571523818,0.9331958666682729,0.023471319635053594,0.9779837697586178,0.459953094738505,0.641046571886532,0.0,1.0,1.0,0.348880713530131,0.09667678676136257,0.8342409623696865,1.0,0.890283801720221,1.0,1.0
gex_possorted_bam_1WGCZ:ACTATCCGTAACCTAGx-M2,1.0,1.0,0.0,1.0,1.0,1.0,0.6303058549999662,1.0,0.17692769097019725,1.0,0.8229829548429972,0.42968669781017066,1.0,0.5005228421295337,1.0,0.5894134949316812,0.4970093123901314,1.0,1.0,0.6675686941814537,1.0,1.0,1.0,1.0,0.8616339314645142,0.9579683038842445,0.0,1.0,0.9927408362738325,1.0,1.0,1.0,1.0,1.0,0.0,1.0,0.02570185734048027,1.0,1.0,0.005929387948680844,0.8414007404603905,0.29261987622401514,0.8451737867845321,0.4236229957464025,1.0,1.0,0.09831751293070681,0.0,0.9560816129510068,1.0,0.9328169790285865,1.0,1.0
gex_possorted_bam_1WGCZ:ACGGTTAGTCATGCCCx-M2,0.0682244791103798,1.0,1.0,0.97427789864078,0.02146745216138743,0.28799194685111607,1.0,0.7403816146291008,1.0,0.5848298791250073,0.7220684909431433,1.0,1.0,1.0,0.15529380274377272,1.0,0.9267569410116172,1.0,1.0,0.0,0.0,0.0,0.0,0.0,1.0,1.0,1.0,1.0,1.0,0.9499277667045267,1.0,0.0,0.0,0.7832480601891103,1.0,0.23734787242131775,1.0,0.0819673335568056,0.07833788740849316,1.0,0.15908392814095912,1.0,1.0,1.0,0.03368559652327429,0.5628480635127041,1.0,1.0,1.0,0.5617240072030006,1.0,0.9734470499416288,0.0
gex_possorted_bam_1WGCZ:ACGCACGGTCACCAAAx-M2,0.0,0.6012606535774737,0.6142886171374581,0.40857315515164616,0.0,0.0,1.0,0.346418393966503,1.0,0.12032231580114407,0.471886176692377,1.0,1.0,1.0,0.0,1.0,0.47747502377345735,0.0,1.0,0.0,0.0,0.0,0.0,0.0,1.0,0.5760145866494415,1.0,1.0,1.0,0.34876840608508597,1.0,0.0,0.0,0.43441348465215607,1.0,0.0,1.0,0.0,0.0,1.0,0.05727582537511615,1.0,1.0,1.0,0.0,0.236921581337009,1.0,1.0,0.511050467460817,0.1765839355126599,1.0,0.3949470427366681,0.0
gex_possorted_bam_1WGCZ:ACGTCAAGTTGTTGCTx-M2,0.07561036528233048,1.0,1.0,0.974532423448678,0.0,0.0,1.0,0.9114489995037702,1.0,0.5911919383389518,0.0,1.0,1.0,1.0,0.08388749417662521,1.0,0.0,0.0,1.0,0.0,0.0,0.0,0.0,0.0,1.0,1.0,1.0,1.0,1.0,0.8376903791384955,1.0,0.0,0.0,0.8915784489280728,1.0,0.2678061889061488,1.0,0.03764402205532766,0.028162807839684428,1.0,0.07450104466572563,1.0,1.0,0.1378233860795025,0.0,0.5698942545359801,1.0,1.0,1.0,0.6254028033780107,1.0,0.9925926912176763,0.0
gex_possorted_bam_1WGCZ:ACTCAGTAGCTGTACGx-M2,1.0,1.0,1.0,1.0,1.0,0.384932624282315,0.04700820033601286,1.0,0.6380693793101059,1.0,0.0,0.8719263032636085,0.9746941431016779,0.4221036190656436,1.0,0.0,0.0,0.0,0.4202614707258583,0.4555608187034615,0.7701403870076878,0.7536868318395026,1.0,1.0,0.22336034144118644,1.0,0.08888198442239477,0.7719274106909693,0.6124910113076935,1.0,0.0,1.0,1.0,0.9820501660572484,0.0,0.9415509576021638,0.011267839965948514,1.0,1.0,0.0,1.0,0.06242335009903066,0.7326280173205704,0.3220206104920767,0.9840140966177601,1.0,0.7337893391680561,0.0,1.0,1.0,1.0,0.8721820042463841,0.0
gex_possorted_bam_1WGCZ:ACGGTTTAGGGCTTATx-M2,1.0,0.9629216737580053,0.20569618769821407,1.0,1.0,1.0,0.8887300924503201,1.0,1.0,0.9643783717217866,0.1878218733570642,0.8652508958173954,1.0,0.5588523189673735,1.0,0.4535056732333134,0.0,0.8011674017461666,1.0,0.6128643242513268,1.0,1.0,1.0,1.0,0.9858506478885717,1.0,0.0,1.0,1.0,1.0,1.0,1.0,1.0,1.0,0.0,1.0,0.44926340965838635,1.0,1.0,0.21370682271859365,0.8478664521562239,0.4398716953993961,0.844340313053136,0.4660300384818562,1.0,1.0,0.371831363144708,0.31790154210191823,0.9928052612083331,1.0,1.0,1.0,1.0
gex_possorted_bam_1WGCZ:ACTCAGTAGCGAGCGAx-M2,1.0,0.8106511532023483,0.0,1.0,0.7743367623777093,1.0,0.4835931129678979,1.0,0.07843994305990011,0.885179025609559,0.1298473576365284,0.859326760494536,0.7075765260492303,0.27713604496233535,1.0,0.3905962044053308,0.0,0.3164228005158852,0.9473047535703965,0.8473663463102241,1.0,1.0,1.0,1.0,0.5660307883951062,0.8142358832969768,0.0,0.684142931817506,0.7952527564278341,1.0,0.44105020065506967,1.0,1.0,1.0,0.0,1.0,0.2037305861515314,1.0,1.0,0.0,1.0,0.005170635710860926,0.7039414757005023,0.0,1.0,1.0,0.4078470286624435,0.0,0.8116048154229303,1.0,0.8147526735761014,1.0,0.8940592669857216
gex_possorted_bam_1WGCZ:ACTATCCGTCATTGTCx-M2,1.0,0.8119090602852622,0.04883759430033235,1.0,1.0,1.0,0.3584536608451193,1.0,0.7107959351416556,1.0,0.0,0.9389363126703054,0.9207886331611991,0.3960186151239947,1.0,0.32388985546030935,0.0,0.33405428059231806,0.9326237933594704,0.7070690912832686,1.0,1.0,1.0,1.0,0.4978839724103953,1.0,0.0,1.0,1.0,1.0,0.7306194313926055,1.0,1.0,1.0,0.0,1.0,0.2530949082097172,1.0,1.0,0.0,1.0,0.34261889993673544,0.8760489849755194,0.5716432522242164,1.0,1.0,0.3741768671946413,0.0,1.0,1.0,1.0,1.0,0.6878884959306063
gex_possorted_bam_1WGCZ:ACTAGGCGTAACGTGCx-M2,1.0,0.7863771292052372,0.11481602242685741,1.0,1.0,1.0,0.25767022897117386,0.9770051275243845,0.9611780648091149,1.0,0.4406381698464826,0.5122756834345482,0.7718764523651022,0.45628679266328276,1.0,0.21623657180869912,0.24362222108026174,1.0,1.0,0.3052490462469331,1.0,1.0,1.0,1.0,0.3096613039586342,0.9244162695720308,0.0,1.0,1.0,1.0,0.6215595560776556,1.0,1.0,1.0,0.0,1.0,0.16859405979814124,1.0,1.0,0.023071567092774088,0.993301492489163,0.35050293560734697,0.5199270729737012,0.25277779585021354,1.0,1.0,0.0,0.030779464552999066,1.0,1.0,1.0,1.0,1.0
gex_possorted_bam_1WGCZ:ACGACTTAGTATTGCAx-M2,1.0,1.0,0.03597758418874054,1.0,0.948006013340614,1.0,0.8122343079843856,1.0,0.8018123033316802,1.0,0.0,1.0,1.0,0.27547681286592524,1.0,0.17622285468141932,0.0,0.0,0.8324093371900982,0.781301838884133,1.0,1.0,1.0,1.0,0.8538560767896557,0.9136973124791776,0.02296059803156597,1.0,1.0,1.0,0.931750949078439,1.0,1.0,1.0,0.09447596058488907,1.0,0.5293048032485224,1.0,1.0,0.024919666697842215,1.0,0.2559728306541256,0.7022987269989733,0.6822351334342767,1.0,1.0,0.6595002910248364,0.18082500064029064,0.9190051088470946,1.0,1.0,1.0,0.808617162702196
gex_possorted_bam_1WGCZ:ACGACTTAGCCGCTAAx-M2,1.0,1.0,0.0,1.0,1.0,1.0,0.4684241853219865,1.0,0.37746721313635306,0.9385051126475167,0.10650053620381542,0.9004107174710474,0.9609193876006241,0.28155241647904894,1.0,0.2353796546171288,0.0,0.5264236469280112,1.0,0.9066192737955935,1.0,1.0,1.0,1.0,0.5252983383063096,0.936156223040381,0.0,1.0,0.8484539944792527,1.0,0.8661838097451249,1.0,1.0,1.0,0.0,1.0,0.005869772699745065,1.0,1.0,0.0,1.0,0.14602637457740966,0.7148894573436927,0.45293739180047493,1.0,1.0,0.42627161093999116,0.0,1.0,0.916824167455755,1.0,1.0,0.9455447428775282
gex_possorted_bam_1WGCZ:ACTCACTGTTTGCAGAx-M2,0.982043789701034,0.814870768523982,0.0,0.9364613296515172,0.8452045573916108,1.0,0.594502188890348,0.945276709657499,0.9493312417506238,0.9109994826504051,0.5149239746097689,0.6687120391972557,0.7223002067117957,0.6638296812631469,0.9334240827517861,0.5860003128767137,0.41699127038574046,1.0,1.0,0.24454922932315903,1.0,1.0,0.8870439507121327,1.0,0.6904924916524743,0.7513791796592832,0.0,0.872074346583623,1.0,0.9241872696850852,0.8463321750369199,0.68212596205034,0.903129129213337,0.9547320757988306,0.09331313957739955,1.0,0.4303335546879227,0.8856106911298091,0.9854912203185744,0.15494769376153736,0.5614284988318312,0.6443388099671623,0.4044258372706138,0.15318945333382866,1.0,0.9061170076827414,0.0,0.47297993503889585,0.8480154527267827,0.9360031552713002,0.8360907468684918,1.0,0.753234141773898
gex_possorted_bam_1WGCZ:ACTATGTCAATGCCCGx-M2,0.8716227571186538,1.0,1.0,1.0,0.8885897818883451,1.0,1.0,1.0,1.0,1.0,0.0,1.0,1.0,1.0,1.0,0.9389936961269133,0.0,0.0,0.18965054609901516,0.9109773926983994,0.7232760817992261,0.7212599639795453,0.9921585180686929,0.9589982723067184,1.0,1.0,0.0,1.0,1.0,1.0,1.0,1.0,0.9608100746611205,1.0,0.0,1.0,0.745702206236293,1.0,1.0,0.9100263829580919,1.0,0.41450546821302636,1.0,1.0,1.0,1.0,1.0,0.0,1.0,1.0,1.0,1.0,0.8963708042268789
gex_possorted_bam_1WGCZ:ACGCTTGAGGCTACTGx-M2,1.0,0.9926511098829721,1.0,1.0,1.0,0.07680494064320496,0.0,1.0,0.24851809269816966,1.0,0.0,0.9164421216850026,0.8640394290422435,0.16566163891144634,1.0,0.0,0.0,0.0,0.16186081214766965,0.3164078066754985,0.7572490975816506,0.5805017321274769,1.0,0.908996728067152,0.18494944959989906,1.0,0.0,0.8105181756444669,0.7213588056515917,1.0,0.0,1.0,1.0,1.0,0.0,0.9419898891333784,0.0,1.0,1.0,0.0,1.0,0.0,0.7386631870744891,0.8724838874579296,0.9411199362963909,1.0,1.0,0.0,1.0,1.0,1.0,0.9417635611875496,0.0
gex_possorted_bam_1WGCZ:ACGCCTAAGGTGCGGAx-M2,1.0,0.9212976213313747,0.0,1.0,1.0,1.0,0.6541126994017847,1.0,0.5028511503801312,1.0,0.09951500465747784,0.8908553118826815,1.0,0.33781903936854984,1.0,0.23246230102844956,0.0,0.5998478494281543,1.0,0.8033394380709209,1.0,1.0,1.0,1.0,0.5687332663508081,0.999707311618384,0.0,1.0,1.0,1.0,0.9228324283624886,1.0,1.0,1.0,0.0,1.0,0.03229960910789059,1.0,1.0,0.0,1.0,0.5665695720153751,0.8795437807800023,0.2523414573742806,1.0,1.0,0.2713533385193204,0.25541424576108546,1.0,1.0,1.0,1.0,1.0
gex_possorted_bam_1WGCZ:ACTAACTCAGCTCAACx-M2,0.005854115776232431,1.0,0.8652813544921866,0.5894271945836571,0.0,0.07506130513270384,1.0,0.32739983855376564,1.0,0.41763097409101957,1.0,1.0,1.0,1.0,0.0735242222756978,1.0,1.0,0.8679597749487588,1.0,0.0,0.0,0.0,0.0,0.0,1.0,0.736629969056805,1.0,1.0,1.0,0.7741555960213339,1.0,0.0,0.0,0.381160747743387,1.0,0.07710367736347476,1.0,0.06537088747389304,0.03745763676245059,1.0,0.03473810931916881,1.0,1.0,1.0,0.0,0.4117061249282106,1.0,1.0,0.750258339073849,0.19916722339674328,1.0,0.6415299158942926,0.0
gex_possorted_bam_1WGCZ:ACGTCCTTCACTAATGx-M2,1.0,1.0,1.0,1.0,1.0,1.0,0.0,1.0,1.0,1.0,0.0,1.0,1.0,0.4660449372128867,1.0,0.22232534671699397,0.0,0.0,0.006250550206006895,0.6318320445598,0.47774326234393416,0.950343603243327,1.0,0.7263468961295602,0.9012901947884931,1.0,0.0,1.0,0.9577013397394005,1.0,0.0,1.0,1.0,1.0,0.0,1.0,0.0,1.0,1.0,0.0,1.0,0.0,1.0,1.0,1.0,1.0,1.0,0.0,1.0,1.0,0.9104266917719556,1.0,1.0
gex_possorted_bam_1WGCZ:ACGTTGTAGTCAGTACx-M2,1.0,1.0,1.0,1.0,1.0,1.0,0.0,1.0,1.0,1.0,0.0,1.0,1.0,0.6883833291841184,1.0,0.2388207476293629,0.0,0.0,0.0,0.5594421231014174,0.5122602436382292,0.9144263315067939,1.0,0.6987400373900365,1.0,1.0,0.0,1.0,0.43218135646212363,1.0,0.0,1.0,1.0,1.0,0.0,1.0,0.0,1.0,1.0,0.0,1.0,0.0,1.0,1.0,1.0,1.0,1.0,0.0,1.0,1.0,0.8916238008276032,1.0,1.0
gex_possorted_bam_1WGCZ:ACTAACCAGGAGTCTTx-M2,1.0,1.0,1.0,1.0,1.0,0.977257347950349,0.7065004822340115,1.0,0.6651405420312432,1.0,0.0,1.0,1.0,0.3668415409658004,1.0,0.33847234489808276,0.0,0.0,0.7314041101449634,1.0,0.983306491338509,1.0,1.0,1.0,0.3365741109216888,1.0,0.0,1.0,1.0,1.0,1.0,1.0,1.0,1.0,0.0,1.0,0.26395638967765456,1.0,1.0,0.1564966110352437,1.0,0.39511756759578803,1.0,0.7482263172843314,1.0,1.0,0.8426122518259461,0.0,1.0,1.0,1.0,1.0,0.7942064061009708
gex_possorted_bam_1WGCZ:ACGAATCTCTCCATGCx-M2,0.9720534183208319,1.0,1.0,1.0,1.0,0.22497422799236952,1.0,1.0,1.0,1.0,0.0,1.0,1.0,0.7505402012559682,1.0,0.0,0.0,0.0,0.12719176911830893,0.8393733327596371,0.48951151198320897,0.5216447095488387,1.0,0.6684331397343309,0.964054504319615,1.0,0.1327636042451928,0.8247838733475659,1.0,0.7892772959089377,0.0,1.0,1.0,1.0,0.07548702000682762,0.9214283482490648,0.14714298115321178,0.9746928097602859,1.0,0.0,1.0,0.17857686552793275,0.7368083859593308,0.8951681676354675,0.9554085640507255,1.0,0.6460248718114421,0.0,1.0,1.0,0.6004810777284814,0.7771062805105894,0.2266471425141204
gex_possorted_bam_1WGCZ:ACGTCCAAGGTAGCTTx-M2,1.0,1.0,0.5891010245241829,1.0,1.0,0.6200734212243411,0.14759644992921545,1.0,0.9893517848153183,1.0,0.0,1.0,0.8545629051972818,0.3916813426666428,1.0,0.0,0.0,0.0,0.7161946768749627,0.6263018702540658,1.0,1.0,1.0,1.0,0.05637943375598634,1.0,0.0,0.7706765631504781,0.7265767885158778,1.0,0.2647868194210279,1.0,1.0,1.0,0.0,1.0,0.2227246042362294,1.0,1.0,0.0,1.0,0.022181604676765516,0.9104197555763269,0.30251163932368,1.0,1.0,0.5337773069994727,0.0,1.0,1.0,1.0,0.9950559028237419,0.0
gex_possorted_bam_1WGCZ:ACGTTACAGACTTATGx-M2,0.21059567545270963,1.0,1.0,0.9298491412043398,0.03129987509825864,0.0,1.0,0.9402127931816551,1.0,0.6806988954902173,0.0,1.0,1.0,1.0,0.2550338069875756,1.0,0.0,0.0,1.0,0.0,0.0,0.0,0.0,0.0,1.0,1.0,1.0,1.0,1.0,0.8609968684391237,1.0,0.18686319032121396,0.0,0.7615300577825677,1.0,0.3658706773169045,1.0,0.20255497066178083,0.2692844540392112,1.0,0.48610325412313193,1.0,1.0,1.0,0.29109271647668494,0.5701289139139413,1.0,1.0,1.0,0.6899287698129242,1.0,0.8968036538105533,0.0
gex_possorted_bam_1WGCZ:ACGTCCAAGCGGTTATx-M2,1.0,0.992811959526206,0.6634578209988372,1.0,1.0,1.0,0.03464196873819077,1.0,0.44236635294854126,1.0,0.0,0.6081516190217001,1.0,0.8764378720081488,1.0,0.08301770700180909,0.0,0.0,0.9800400250184012,0.642568226036372,1.0,1.0,1.0,1.0,0.33294631562262467,1.0,0.00428731783083406,1.0,0.8702813563520572,1.0,0.6735593255683148,1.0,1.0,1.0,0.0,1.0,0.29071146125647784,1.0,1.0,0.0,1.0,0.4761105254049807,0.8896669096636491,0.3444169470506412,1.0,1.0,0.7816788638012866,0.1445525784615544,1.0,1.0,1.0,1.0,0.5712998524097342
gex_possorted_bam_1WGCZ:ACGCCTAAGGTAACGAx-M2,1.0,0.8194194287737714,0.0,0.9252563518955846,0.9180127813320567,0.9902718426425033,0.5161396339816391,1.0,0.5857113004015747,0.9955354593526559,0.0,0.7935039428309815,0.6004265685452347,0.4668865441302359,1.0,0.31884180607162227,0.0,0.0,0.6884258791560014,0.33447759334763866,1.0,1.0,1.0,1.0,0.7676520335741788,0.8738685001872871,0.0,0.7828804680893308,1.0,0.776259966408861,0.14790234273027947,1.0,1.0,1.0,0.0,1.0,0.35861039981515513,1.0,0.931954713869021,0.11610899232883198,1.0,0.3677900530936115,0.5874208051812814,0.0,1.0,1.0,0.05242419005911963,0.0,0.8379455447694782,1.0,0.8387034413339971,0.9582119549822021,0.6241202768760101
gex_possorted_bam_1WGCZ:ACTAACGGTGCATTAGx-M2,1.0,1.0,0.0,1.0,1.0,1.0,0.5863998868371607,1.0,0.35343379087347837,1.0,0.6686494993676001,0.7955661944715609,1.0,0.3738267970258191,1.0,0.42400940379495733,0.3081824621785256,1.0,1.0,0.7226066857679371,1.0,1.0,1.0,1.0,0.7241711559052567,0.9773680021970573,0.0,1.0,1.0,1.0,1.0,0.9789756110124451,1.0,1.0,0.0,1.0,0.05963491096451643,1.0,1.0,0.0,1.0,0.21437501348757612,0.982310346581081,0.8744828208074236,1.0,1.0,0.10684678675134654,0.0,1.0,1.0,1.0,1.0,1.0
gex_possorted_bam_1WGCZ:ACTAAAGCAATATGGAx-M2,0.7647451962654886,1.0,0.8082369196749201,0.7958442358874394,0.2914826946827222,0.6431773376433277,1.0,1.0,0.6342805226051803,1.0,0.0,1.0,0.9187892387995897,0.922535822250688,0.939573870028201,0.9405782364895949,0.0,0.0,0.40136480158711113,0.34484040178076564,0.6262193699470777,0.64749313043209,0.6000344131031896,1.0,1.0,0.6945922928840556,0.0,0.9227571578905156,1.0,0.6329542074208055,1.0,0.8459198426426924,0.7072983094043975,1.0,0.0,1.0,0.7828393905796573,0.9149980638096806,0.9467344152163711,1.0,0.7426686984971838,0.5787046073761885,0.8805410921331683,0.9596703793671194,0.9764566143654982,0.9621427684113835,0.0,0.0,0.9162870453709527,0.8508154055095476,1.0,0.8954112212013283,0.5419670758206467
gex_possorted_bam_1WGCZ:ACGTCCAAGGTCGATTx-M2,1.0,0.9949905762542733,0.0,1.0,1.0,0.8968530515247831,0.08591351984635331,1.0,0.0,0.9832766135291346,0.0,0.789920996747402,0.8330286598651294,0.47808435345998923,1.0,0.08865140830717676,0.0,0.0,0.8294071505226409,0.7499026523677281,1.0,1.0,1.0,1.0,0.20138610616543368,1.0,0.0,0.8613490296215418,1.0,1.0,0.4563073320569271,1.0,1.0,1.0,0.0,1.0,0.17775596849234707,1.0,1.0,0.0,1.0,0.3917438966155703,0.8497216267957924,0.13357453565020308,1.0,1.0,0.7255013516802256,0.13823333776323812,1.0,1.0,1.0,0.9734538186938476,0.2522087648261277
gex_possorted_bam_1WGCZ:ACGGGAAGTCATTAGGx-M2,1.0,1.0,1.0,1.0,1.0,0.9383001120836242,0.0,1.0,0.9605851315745252,1.0,0.0,1.0,1.0,0.6151837597557139,1.0,0.3952933324407053,0.0,0.0,0.08840494199042209,0.673809102314521,0.4950061356851657,0.849326960933362,1.0,0.857162435669377,0.7835560219857151,1.0,0.0,1.0,0.8084194039250342,1.0,0.0,1.0,1.0,1.0,0.0,1.0,0.004960361180278721,1.0,1.0,0.0,1.0,0.0,1.0,1.0,1.0,1.0,1.0,0.0,1.0,1.0,1.0,1.0,0.6384706615992699
gex_possorted_bam_1WGCZ:ACGCAAGCAGATTCATx-M2,0.0,0.7631255430836713,1.0,0.3079933700669975,0.0,0.0,1.0,0.11549401751373002,1.0,0.3766104561087459,0.7050566221577734,1.0,1.0,1.0,0.0,1.0,0.9450224605294312,0.0,1.0,0.0,0.0,0.0,0.0,0.0,1.0,0.4630416003117216,1.0,0.8661666579462179,1.0,0.3264153721153728,1.0,0.033339509183368664,0.0,0.2694531894770047,1.0,0.0,1.0,0.0,0.003707055675302302,1.0,0.1921885790678808,1.0,1.0,1.0,0.0,0.18757288477472753,1.0,1.0,0.47582535211383353,0.10061858550037284,0.9930386598126595,0.36622490814778164,0.0
gex_possorted_bam_1WGCZ:ACGCCTAAGCGGGCAAx-M2,1.0,0.8293371243690595,1.0,1.0,1.0,1.0,0.17709046270653864,1.0,0.8636514976147388,1.0,0.0,1.0,0.8458496962486916,0.5480210093150157,1.0,0.08198876834572999,0.0,0.0,0.33261398454562646,0.582836636904,0.8923344302642239,1.0,1.0,0.9288153556622656,0.7133484295555956,1.0,0.0,1.0,0.5235932001996018,1.0,0.0,1.0,1.0,1.0,0.0,1.0,0.0,1.0,1.0,0.0,1.0,0.25742552228090726,1.0,0.5085952481035323,1.0,1.0,0.8009528235268557,0.0,1.0,1.0,0.7992287164569662,1.0,0.5926364873120444
gex_possorted_bam_1WGCZ:ACGCCACAGCGCTCAAx-M2,0.8921224637179231,1.0,1.0,1.0,1.0,1.0,1.0,1.0,1.0,1.0,0.0,0.4787704611578687,1.0,0.9244108104062781,0.9421703661643253,0.19165651506127,0.0,0.0,0.7221799337079655,0.9531828852586165,0.7644297916949254,0.72308123021054,1.0,0.49479576437881656,1.0,1.0,0.42933424139101006,0.9344939170176065,1.0,0.6355821678201233,0.32353328711689,1.0,1.0,1.0,0.2068302707653693,1.0,0.2371995818275972,1.0,1.0,0.23553768504490039,1.0,0.2998982377569794,0.9486173370785119,1.0,0.826332999095033,1.0,1.0,0.0,1.0,1.0,0.7236276338129808,1.0,1.0
gex_possorted_bam_1WGCZ:ACTATCCGTTATAGCGx-M2,1.0,1.0,0.9456628945178142,1.0,1.0,1.0,0.17813313881813,1.0,0.6133672502133587,1.0,0.2743292912913303,1.0,1.0,0.37956291578841694,1.0,0.20193356945879595,0.0018615548893549335,0.9537038636886763,0.95363937532423,0.8373664727896749,1.0,1.0,1.0,1.0,0.8419996384064665,1.0,0.0,1.0,1.0,1.0,1.0,1.0,1.0,1.0,0.0,1.0,0.20023184177237807,1.0,1.0,0.00030588380858881137,1.0,0.0,1.0,0.8130721707480946,1.0,1.0,0.517153091741129,0.0,1.0,1.0,1.0,1.0,1.0
gex_possorted_bam_1WGCZ:ACTCACCTCCCTCAACx-M2,1.0,1.0,0.04616016851126633,1.0,0.7902322785552364,1.0,1.0,1.0,0.7420681141030868,1.0,0.0,0.9467377050462962,0.8474677405608193,0.5975180084041439,1.0,0.8179858709296423,0.0,0.3511274578681619,0.8873288355101908,0.5830543452793195,1.0,1.0,1.0,1.0,0.9680955234717364,0.9230709141183381,0.0,1.0,1.0,1.0,1.0,0.7402480088224721,1.0,1.0,0.0,1.0,0.242792585000516,1.0,1.0,0.21540059983373896,1.0,0.3322444833555126,0.9923079982309586,1.0,1.0,1.0,0.5302816455496189,0.10238396884179223,1.0,1.0,0.9163952960732809,1.0,0.7147468333265814
gex_possorted_bam_1WGCZ:ACTCGCGCACAATGCCx-M2,1.0,0.9463882690123205,0.0,1.0,0.8859660694195338,1.0,0.7287263709043972,1.0,0.42908561574790083,0.8448926240177516,0.08078073402292084,0.8475831683862678,0.8408064472381382,0.49615307229452327,1.0,0.28642801526005296,0.0,0.36200944822758874,1.0,0.6932706623806814,1.0,1.0,1.0,1.0,0.5477086177313323,0.8273798321857916,0.0,0.8982619157931707,1.0,0.9545293089995975,0.6725989155202748,1.0,1.0,1.0,0.0,1.0,0.2667172187823993,1.0,1.0,0.0,1.0,0.31452818466171717,0.6411874702834255,0.2747786409376804,1.0,1.0,0.3840659431744392,0.07094858466446424,0.8332053875955954,0.9824753767133624,1.0,1.0,0.9276497317833384
gex_possorted_bam_1WGCZ:ACGTACCCATTAAGTCx-M2,0.0876556907795134,1.0,1.0,0.9177706415258254,0.10668446319285649,0.0,1.0,0.7533996587774392,1.0,0.6246226106009388,0.0,1.0,1.0,1.0,0.10723936352439531,1.0,0.14864672315642413,0.020039891738408738,1.0,0.0,0.0,0.0,0.0,0.0,1.0,1.0,1.0,1.0,1.0,1.0,1.0,0.0,0.0,0.8696228159870008,1.0,0.2108067406924443,1.0,0.10855044082866379,0.10502263219161587,1.0,0.18851751189858848,1.0,1.0,1.0,0.03578933842503781,0.5733452543095756,1.0,1.0,1.0,0.664552520321873,1.0,0.971430375426385,0.0
gex_possorted_bam_1WGCZ:ACGAGTAAGATGGAGCx-M2,1.0,1.0,0.16556252694104145,1.0,1.0,1.0,0.5458970076615727,1.0,0.8477564266327432,1.0,0.06656147607504828,0.9597772898772176,1.0,0.42064738283359426,1.0,0.3653729036998515,0.0,0.7171981524619634,1.0,0.7748314696551097,1.0,1.0,1.0,1.0,0.9664135996538223,1.0,0.0,1.0,1.0,1.0,0.9388169440059932,1.0,1.0,1.0,0.0,1.0,0.31653336596849846,1.0,1.0,0.06473852848151335,1.0,0.2602167317407155,0.9764436479765742,0.6343492534003053,1.0,1.0,0.44709339194987663,0.0,1.0,1.0,1.0,1.0,1.0
gex_possorted_bam_1WGCZ:ACGGTTAGTTACTTCAx-M2,1.0,0.7458395925413425,0.4383893654466428,1.0,1.0,0.7962167827483535,0.3621330379485737,1.0,0.3620751785933608,1.0,0.0,1.0,0.9093128247398795,0.21547208073485444,1.0,0.099084921782859,0.0,0.0,0.8320294941168418,1.0,1.0,1.0,1.0,1.0,0.12434999162375639,1.0,0.0,1.0,1.0,1.0,0.7527437405466383,1.0,1.0,1.0,0.0,1.0,0.05096034203709919,1.0,1.0,0.0,1.0,0.10161736363933267,1.0,0.5160488618096393,1.0,1.0,0.5206057930750392,0.0,1.0,1.0,1.0,1.0,0.20455464590788566
gex_possorted_bam_1WGCZ:ACTGAAACAGTTTGTGx-M2,0.06444164613925488,1.0,1.0,0.9742305511832675,0.0,0.0,1.0,0.7941418514959208,1.0,0.7787004992955028,0.0,1.0,1.0,1.0,0.13028345995592608,1.0,0.0,0.0,1.0,0.0,0.0,0.0,0.0,0.0,1.0,1.0,1.0,1.0,1.0,1.0,1.0,0.0,0.0,0.862251890228501,1.0,0.2294117032706336,1.0,0.08626305728180345,0.09372935778232919,1.0,0.10563234817609486,1.0,1.0,0.8565860213863038,0.0,0.5291151279027315,1.0,1.0,1.0,0.6528156084976089,1.0,1.0,0.0
gex_possorted_bam_1WGCZ:ACTCGCGCAAGCTACCx-M2,1.0,1.0,0.023134892772153852,1.0,1.0,1.0,0.34572650827934825,1.0,0.49271410171105046,1.0,0.808048249924389,1.0,0.771023055010397,0.8835410913383617,1.0,0.5311671777708945,0.4938310798192935,1.0,1.0,0.5772721634598755,1.0,1.0,1.0,1.0,0.8721159191331086,1.0,0.0,1.0,1.0,1.0,1.0,1.0,1.0,1.0,0.0,1.0,0.47534930651937957,1.0,1.0,0.016540269684535605,1.0,0.39282620438334376,0.769802476762794,0.612905813023653,1.0,1.0,0.44419729176517575,0.3366336445450502,1.0,1.0,0.8783669651784146,1.0,0.7623030921893666
gex_possorted_bam_1WGCZ:ACGACTTAGTAACCACx-M2,1.0,0.7961090460822912,0.0,0.9683567596551541,1.0,1.0,0.19805981712296614,0.9894884687232534,0.0,0.937611681226254,0.9143283504023066,0.07776759925839227,0.4909716301640844,0.0497869552832555,1.0,0.20210848483571606,0.5275241559891851,1.0,1.0,0.7971843326157783,1.0,1.0,1.0,1.0,0.6983720521915848,0.8088207646478955,0.0,0.8833128280908592,0.9579571007109451,1.0,1.0,1.0,1.0,0.9616000652111751,0.0,1.0,0.0,0.9396799193181259,1.0,0.02654846203160202,0.6958048914430288,0.23249430009185362,0.6775540904964759,0.6163349997921234,1.0,0.9708010063968606,0.24025766018749065,0.0,0.9829392409080157,1.0,0.7730304695889584,1.0,1.0
gex_possorted_bam_1WGCZ:ACGAATCTCTTGCAAAx-M2,1.0,1.0,0.0,1.0,1.0,1.0,0.2613511365199915,0.9445926740629319,0.013892437094255595,1.0,0.7081653766607701,0.8310349273130588,0.8914123980409825,0.18949671896615405,1.0,0.21467797932423402,0.26930540805435155,1.0,1.0,0.9126632144289077,1.0,1.0,1.0,1.0,0.6010964981332488,0.9045459958532751,0.0,0.9277967743097979,1.0,1.0,1.0,0.9505411014118593,1.0,0.9493767681763211,0.0,1.0,0.021742764320083378,1.0,1.0,0.011745035601854721,1.0,0.0,0.90628914188791,0.636078384728168,1.0,1.0,0.3326889806250211,0.0,0.9803098934945776,1.0,1.0,1.0,1.0
gex_possorted_bam_1WGCZ:ACGTCCAAGCAAACCTx-M2,0.5070466685352191,0.028234582323303194,0.0,0.5021009837057291,0.4751343677481668,0.2885773125028276,0.0,0.5057159795964333,0.40020292414111547,0.356568884778865,0.0,0.15427331041375802,0.04382602060982575,0.041148400661631716,0.5131703223037923,0.19317311946604768,0.0,0.11825336464043323,0.0,0.7161260564752668,0.7376170279445725,0.8041730022257301,0.5022131692395607,0.9998110838440537,0.0,0.2764424729070814,0.22115102175268075,0.4367139337594173,0.3049110090141041,0.48947018090285943,0.0,0.2549033758701046,0.5613583331924582,0.5389626641818499,0.28631139266242106,0.5037824834208807,0.143578574152849,0.46259160751315603,0.4527790578152193,0.009687907570316378,0.7285335413769216,0.0,0.17491889238275743,0.0,0.5909486111620034,0.3835817145446264,0.0,0.587655264992572,0.3160985587116427,0.27995326526034403,0.44950112352362315,0.3886681150325674,0.5372053182488078
gex_possorted_bam_1WGCZ:ACTAACTCATAATGTCx-M2,1.0,1.0,1.0,1.0,1.0,1.0,0.6919270172402184,1.0,0.8491169612100231,1.0,0.0,1.0,1.0,0.8428422863698686,1.0,0.3516242195048641,0.0,0.0,0.49261067412927884,0.8907655252009427,0.961974219658919,0.9265610215900854,1.0,1.0,1.0,1.0,0.0,0.7727366099693773,0.9422390510356474,1.0,1.0,1.0,1.0,1.0,0.0,1.0,0.6600250340637482,1.0,1.0,0.450215726650912,1.0,0.19145954709863433,1.0,1.0,1.0,1.0,0.37458587540051175,0.0,1.0,1.0,1.0,1.0,1.0
gex_possorted_bam_1WGCZ:AGCAATACAAGGTCCTx-M2,1.0,1.0,0.1558839429142309,1.0,1.0,1.0,0.5863436254903553,1.0,0.0,1.0,0.587800261290887,0.7707741857728189,0.9456405741545277,0.5432672486970292,1.0,0.4287976807785446,0.37512927442441685,1.0,1.0,0.6890715829437953,1.0,1.0,1.0,1.0,0.5132858524988531,0.9076525174341333,0.0,0.9087435595133668,1.0,1.0,1.0,1.0,1.0,1.0,0.0,1.0,0.030704054765353737,1.0,1.0,0.026362240066516798,1.0,0.28594150260875073,0.6396591958190391,0.44356247600787324,1.0,1.0,0.157245765976532,0.18421841945210463,0.9791326685095183,1.0,0.9254030752966113,1.0,1.0
gex_possorted_bam_1WGCZ:AGCATCCCAGCAACCTx-M2,1.0,0.8938548593625555,0.0,1.0,1.0,1.0,0.3865352512335993,1.0,0.5020839346537224,1.0,0.11721429939612917,0.9673516187170974,0.7785514322491323,0.5809566815376466,1.0,0.15360717731445656,0.0,0.37095091319647855,0.8984268397403922,0.7660813312425054,1.0,1.0,1.0,1.0,0.4070031213447331,0.898525652159689,0.0,0.8128174254104019,0.9588813195592705,1.0,0.7919730756106077,1.0,1.0,0.9906457004844627,0.0,1.0,0.17299803286151583,1.0,1.0,0.0,1.0,0.13655505812238525,0.6375786505423737,0.22467100152524505,1.0,1.0,0.20383369918024516,0.0,0.9959230894666355,1.0,1.0,1.0,1.0
gex_possorted_bam_1WGCZ:ACTTACAAGTCACGATx-M2,1.0,0.9951037787751761,0.7507173989012772,1.0,1.0,1.0,0.2337831853479419,1.0,0.8840180625236957,1.0,0.0,1.0,1.0,0.10811908496825096,1.0,0.0,0.0,0.0,0.5995938277597952,0.9855363764056727,1.0,1.0,1.0,1.0,0.6510429089288012,1.0,0.0,1.0,1.0,1.0,0.4504009878622013,1.0,1.0,1.0,0.0,1.0,0.01307466694908351,1.0,1.0,0.0,1.0,0.08117934659628258,1.0,0.3779745501128581,1.0,1.0,0.7851084379442232,0.0,1.0,1.0,0.9366647892502115,1.0,1.0
gex_possorted_bam_1WGCZ:AGCACTTAGCGCTCAAx-M2,1.0,0.9204283206992314,0.0,0.9323406830021124,0.8604644268053347,1.0,0.4277975109846552,1.0,0.45605992451304245,0.896281643503378,0.2476858106048133,0.696600746212971,0.7796249197569535,0.5562052550183872,0.9831065633138648,0.22287844843403665,0.03985737867981644,0.8436246175922196,0.8864326835761716,0.5357648639911413,1.0,1.0,0.9499385199932726,1.0,0.550157764989776,0.7803391891867729,0.0,0.8215562276865971,0.9679008974069817,0.8804138328277645,0.6310351146214693,0.9252916467163113,0.9919930424988193,0.9568740052102659,0.0,1.0,0.1501000878288071,0.9610205356368691,0.9467373038731578,0.0,1.0,0.24737223955688806,0.5436733181847871,0.0,1.0,0.9511367135969669,0.06231314472549437,0.028885866358070892,0.7985299192058916,0.9458371427392377,0.8827307484732384,0.9483201756979553,0.8056954747368001
gex_possorted_bam_1WGCZ:ACTTGTCGTCTCACTGx-M2,1.0,0.9031707677160662,1.0,1.0,1.0,0.47773203345440307,0.0,1.0,1.0,1.0,0.0,1.0,1.0,0.6446044183397526,1.0,0.13564852747919057,0.0,0.0,0.0,0.3099495375380656,0.1799338645640111,0.575477946413828,1.0,0.7480299455132994,0.6919252738735481,1.0,0.04589687372604854,0.9546331351233275,0.3452115673309676,1.0,0.0,1.0,1.0,1.0,0.0,1.0,0.0,1.0,1.0,0.0,1.0,0.0,1.0,0.6985974130335306,1.0,1.0,1.0,0.0,1.0,1.0,0.9778792702531233,1.0,0.0
gex_possorted_bam_1WGCZ:ACTTGCACAGTAAGTAx-M2,1.0,0.8829594075124875,0.0,1.0,1.0,1.0,0.55165500147486,1.0,0.5123878587685514,0.8871139180333494,0.0,0.8223496719081487,1.0,0.34047657322097746,1.0,0.28188060136455934,0.0,0.21955084706672534,0.7995303676924531,0.582665904357279,1.0,1.0,1.0,1.0,0.6903507489760283,0.9754748027062646,0.0,0.9766711236181078,0.887860371821089,0.9025047291850358,0.24763183716083975,1.0,1.0,1.0,0.0,1.0,0.23083354334849301,1.0,1.0,0.0,1.0,0.29145089945865277,0.6844276220271486,0.08486031761675325,1.0,1.0,0.434598291344109,0.0,0.904609929242557,0.9951778421801284,1.0,1.0,0.7094309835427877
gex_possorted_bam_1WGCZ:ACTTATCTCCTAAGTAx-M2,1.0,0.8065314637567979,0.3266915629407773,1.0,0.9669953843201856,0.5870679828595883,0.4266001744350352,1.0,0.6268016394347665,1.0,0.0,0.9539486148533128,0.8364774098404855,0.38601074922879286,1.0,0.01831973893135199,0.0,0.0,0.7334042318989299,0.7462749652026743,1.0,1.0,1.0,1.0,0.3674070231170886,1.0,0.0,0.7161217764389656,0.65674575787374,1.0,0.08186834575014197,1.0,1.0,0.9617316642817595,0.0,1.0,0.17424870059986378,1.0,1.0,0.0,1.0,0.06723545129954847,0.791192015056172,0.12946749393418105,1.0,1.0,0.71791805415356,0.0880519484771624,0.9532888229864513,1.0,1.0,0.9305555604301713,0.15179557792531023
gex_possorted_bam_1WGCZ:AGATGCTTCAGAAACGx-M2,0.45003403516745166,1.0,1.0,1.0,0.5330754644026751,0.18655360384429095,1.0,0.8884141250883062,1.0,1.0,0.0,1.0,1.0,1.0,0.5690609981471888,1.0,0.0,0.0,1.0,0.0,0.0,0.0,0.33328196238546665,0.0,1.0,1.0,1.0,1.0,1.0,1.0,1.0,0.7346144021351538,0.21061582310774138,0.9631435428219989,1.0,0.6314984378672298,1.0,0.47544569184242913,0.49287523206746475,1.0,0.8582861656219778,1.0,1.0,1.0,0.465800378890114,0.7691534813405322,1.0,1.0,1.0,0.9271838757518391,1.0,1.0,0.6485074825006145
gex_possorted_bam_1WGCZ:AGAGAAGCAGGCGAGTx-M2,1.0,0.769887714479246,0.0,0.8016347397146564,1.0,1.0,0.13244128075405692,0.962511027436024,0.5246497174171759,0.8185143988702068,0.2982112070674949,0.39001950250042877,0.8991911661622377,0.3123288921874665,0.9791466636952144,0.3526198193739945,0.05713374346379624,0.7567566446396539,0.8735622898616662,0.1602570743944184,1.0,1.0,0.9575976783926371,0.975160648731518,0.465417002019893,0.8088428947930207,0.0,0.784839764583747,0.8587020126694863,0.6004958563233228,0.16830768183744682,1.0,0.9495974846667503,0.9749491785168206,0.0,1.0,0.43436178287199684,0.9488488564124989,0.9576221060524769,0.12214963662779266,0.7797827614126384,0.0,0.5835326881409314,0.0,1.0,0.9799948946901154,0.08121141042758508,0.0,0.791422476742904,0.8958867735906111,1.0,0.988320292421327,0.7622084724927221
gex_possorted_bam_1WGCZ:ACTTATCTCTCGCCCAx-M2,1.0,1.0,0.22746212957894307,1.0,0.9239341449263808,1.0,0.8916587045311384,1.0,0.5003576591009399,1.0,0.0,1.0,0.9692251102908677,0.3819186440627547,1.0,0.3070253285726654,0.0,0.03449087549460304,0.7446364155886083,0.8354339686032833,1.0,1.0,1.0,1.0,0.8214087470994749,0.9270229055991804,0.0,1.0,1.0,1.0,1.0,1.0,1.0,1.0,0.0,1.0,0.5076195647512751,1.0,1.0,0.3666821789538941,1.0,0.298954325245673,0.7742438108992372,0.7040245503955458,1.0,1.0,0.2881040836779232,0.0,1.0,1.0,1.0,1.0,1.0
gex_possorted_bam_1WGCZ:AGAGATTAGTAGGATGx-M2,0.0,1.0,1.0,0.6310285998836936,0.0,1.0,1.0,0.1786323621156495,1.0,0.2573845889799614,1.0,1.0,1.0,1.0,0.05712173431659958,1.0,1.0,1.0,1.0,0.0,0.0,0.0,0.0,0.0,1.0,0.7963572046120506,1.0,1.0,1.0,0.849969235800899,1.0,0.0,0.0,0.37834498938400657,1.0,0.0,1.0,0.006246823083458392,0.0,1.0,0.0,1.0,1.0,1.0,0.0,0.3653354417455543,1.0,1.0,0.7121596726424841,0.2819768088336781,1.0,0.6582791932597989,0.0
gex_possorted_bam_1WGCZ:AGCAAATAGGTAAGGCx-M2,1.0,0.9821031980503306,0.35278863358567125,1.0,1.0,1.0,0.8281714725901004,1.0,0.6795490461813419,1.0,0.1860413485787185,0.675169572717784,0.9584285798154331,0.10788536913382628,1.0,0.26816735326319835,0.003242645602577816,0.7008288502161093,1.0,0.9581886431211173,1.0,1.0,1.0,1.0,0.8390953831581611,1.0,0.0,1.0,0.8868370845020739,1.0,1.0,1.0,1.0,1.0,0.0,1.0,0.19166547411140064,1.0,1.0,0.13458473956668193,1.0,0.2017482118145178,0.9919497808615525,0.7670482632686499,1.0,1.0,0.4666773817758536,0.0,1.0,1.0,0.9321421321753307,1.0,0.9592114362779172
gex_possorted_bam_1WGCZ:ACTTGTAAGCTATATGx-M2,1.0,1.0,0.7819122041811419,1.0,1.0,1.0,0.4786050341661829,1.0,0.7471239613023782,1.0,0.0,0.9994768935934467,1.0,0.2750614300582724,1.0,0.07544424869637123,0.0,0.0,0.6439851195879975,0.8435892437885391,1.0,1.0,1.0,1.0,1.0,1.0,0.0,1.0,0.7765110622584298,1.0,0.3073176371146619,1.0,1.0,1.0,0.0,1.0,0.0,1.0,1.0,0.012551571138529491,1.0,0.10908236158509407,1.0,0.8941000371843343,1.0,1.0,0.5450895714019813,0.0,1.0,1.0,1.0,1.0,1.0
gex_possorted_bam_1WGCZ:AGATGAAGTAACGTGCx-M2,1.0,1.0,0.0,1.0,0.6854936204492201,0.8564938709121948,1.0,1.0,1.0,0.980326897546544,0.0,1.0,1.0,0.943030216096234,1.0,0.4364835631111338,0.0,0.0,0.7655317693608464,0.6930432959785072,1.0,0.8998342128898528,0.912136998664501,1.0,1.0,0.9775976639253569,0.08188212781218117,1.0,0.9167720465683609,0.6540223422574366,0.7621884785347139,1.0,1.0,1.0,0.0676142828596275,1.0,0.5775867969566291,0.9606842783703397,1.0,0.1517706834600132,1.0,0.5841921764785496,0.718315879248025,0.3412688478547114,1.0,1.0,0.7632755538324737,0.44465289282366693,0.9259028692914668,1.0,0.9422831519587013,0.8997744090204944,0.7707265314269537
gex_possorted_bam_1WGCZ:AGAATCTGTACCGGATx-M2,1.0,0.9030154613602115,0.0,1.0,1.0,1.0,0.36547885565042104,1.0,0.5345822287836978,1.0,0.4695209170769346,0.4734606885084585,1.0,0.2949466417686114,1.0,0.4137556378907806,0.1335451919363957,0.943913893398351,1.0,0.8814664309862665,1.0,1.0,1.0,1.0,0.6659612569509531,0.9687768438045644,0.0,0.874368510334852,0.7989108216716702,1.0,0.8367206016646812,1.0,1.0,0.9468618630175816,0.0,1.0,0.015444124733422711,1.0,1.0,0.0,1.0,0.3111040347224803,0.8878960993946241,0.0,1.0,1.0,0.44886108016574183,0.4000619636161413,1.0,1.0,0.8497625664603118,1.0,1.0
gex_possorted_bam_1WGCZ:ACTTGCACAAGGTGGCx-M2,1.0,1.0,0.41586732207977967,1.0,1.0,1.0,0.29469971189793326,1.0,0.2942351844135958,1.0,0.46530563792067725,0.6319662224732486,0.8920601017485468,0.5108543553777414,1.0,0.23732461293775964,0.06336038949451256,1.0,1.0,0.553505921615788,1.0,1.0,1.0,1.0,0.9286625048631596,1.0,0.0,1.0,0.8738615665581553,1.0,0.7530495006787177,1.0,1.0,1.0,0.0,1.0,0.2768691177656086,1.0,1.0,0.0,1.0,0.12324279180596268,0.8562860628761612,0.749485316762169,1.0,1.0,0.5948346561126577,0.0,1.0,1.0,1.0,1.0,1.0
gex_possorted_bam_1WGCZ:AGCATCCCAGCATTATx-M2,0.11691669666696759,1.0,1.0,0.8324561085416833,0.0,0.0,1.0,0.8211443834872019,1.0,1.0,0.0,1.0,1.0,1.0,0.4079443585752676,1.0,0.4284182081547399,0.15872625973830645,1.0,0.0,0.0,0.0,0.0,0.0,1.0,1.0,1.0,1.0,1.0,1.0,1.0,0.0,0.0,0.8789015931270283,1.0,0.41819637580052454,1.0,0.20453098938253103,0.20165882711811928,1.0,0.4696773550575795,1.0,1.0,1.0,0.23660022746208234,0.6224950241634761,1.0,1.0,1.0,0.5365286876781279,1.0,0.9613256938154031,0.0
gex_possorted_bam_1WGCZ:ACTTAGGGTGCTGTAAx-M2,0.06029014573491262,1.0,1.0,0.9543826430751443,0.3352038185083473,0.0,1.0,0.7825111096031232,1.0,1.0,0.0,1.0,1.0,1.0,0.15699266580763244,1.0,0.0,0.0,1.0,0.0,0.0,0.0,0.0,0.0,1.0,1.0,1.0,1.0,1.0,0.7934241619417176,1.0,0.1571847977329961,0.0,0.9167761705735469,1.0,0.307311339178229,1.0,0.04548145754731608,0.13687120448804832,1.0,0.31082903465140566,1.0,1.0,1.0,0.0,0.5600598054814333,1.0,1.0,1.0,0.7871825899242013,1.0,1.0,0.03641008908121329
gex_possorted_bam_1WGCZ:AGAGAAGCAGGCGATAx-M2,0.07254029366274041,1.0,1.0,0.9672113980196131,0.0705808701305108,0.41918267435650913,1.0,0.749233963072189,1.0,0.7517737687263266,0.7905086257543138,1.0,1.0,1.0,0.22938902751715004,1.0,0.9968268875819686,1.0,1.0,0.0,0.0,0.0,0.0,0.0,1.0,1.0,1.0,1.0,1.0,1.0,1.0,0.0,0.0,0.7400821499936715,1.0,0.26072763738157295,1.0,0.09255077765807551,0.08804763248790519,1.0,0.14784435824815426,1.0,1.0,1.0,0.07115220565343393,0.5854170003219474,1.0,1.0,1.0,0.5960752658844496,1.0,1.0,0.0
gex_possorted_bam_1WGCZ:AGAACAAGTCGTAATGx-M2,0.07669193966394516,1.0,1.0,0.9734703495140334,0.03895258502873477,0.0,1.0,0.9575252027475929,1.0,0.8814161110268411,0.0,1.0,1.0,1.0,0.19385896586346574,1.0,0.0,0.0,1.0,0.0,0.0,0.0,0.0,0.0,1.0,1.0,1.0,1.0,1.0,0.600053881420087,1.0,0.0938747317264225,0.0,0.9098432976805609,1.0,0.26561731516179726,1.0,0.009597021445862204,0.00938268044979894,1.0,0.35989649566129867,1.0,1.0,0.21385670856756647,0.0,0.535588581534764,1.0,1.0,1.0,0.8559260760809123,1.0,0.941960281182591,0.0
gex_possorted_bam_1WGCZ:ACTTAGGGTTATAGCGx-M2,1.0,0.8946497500066463,0.25725707504788436,1.0,1.0,0.7029858800383092,0.2945937615737504,1.0,0.7096615002439991,0.9207197380552593,0.0,1.0,0.8543224242634607,0.3958172198107513,1.0,0.008458622394147344,0.0,0.0,0.723363355759925,0.478767174809906,1.0,1.0,1.0,1.0,0.5525613471969494,1.0,0.0,0.6335947944688405,0.5206248679931104,0.973341124330782,0.0,1.0,1.0,1.0,0.0,1.0,0.0,1.0,1.0,0.0,1.0,0.010634359374731842,0.8710065909385537,0.0,1.0,1.0,0.5954157019166151,0.0,0.8977499129466421,1.0,0.950937666542156,0.9660428999103406,0.0
gex_possorted_bam_1WGCZ:AGAACCAAGCACTAGTx-M2,0.5533361496026593,0.4953927684745849,0.0,0.5529147623314455,0.4438275084716152,0.9627727288286416,0.23528234592196642,0.6176806988062872,0.20287976310820638,0.6103624074656844,0.39544283326814117,0.2593399299792339,0.3781812196938409,0.2200613648291822,0.5716824687078805,0.30339912727305757,0.29838684322674824,0.6270408370254765,0.27602619932218037,0.7506824680812489,0.741971041741473,0.8899985371636635,0.5850680890688286,0.9659921893139567,0.19549547556587038,0.3517742147492249,0.23076464503503394,0.4808716327995358,0.46226593408892835,0.4005514732012973,1.0,0.550071183355719,0.5757023943281174,0.5302671531885051,0.25885613926249906,0.6093301235142554,0.24178980944151762,0.47805149826939497,0.4920345965817984,0.38040313014594357,0.5301265563483722,0.2852889630131479,0.2504048267418294,0.22720665392878936,0.6507540032402824,0.5519988383507677,0.11625332342671754,0.2649910687451277,0.4954948307380283,0.6605791118255011,0.48336236277544375,0.5137719527054948,0.9735612265797581
gex_possorted_bam_1WGCZ:ACTTATCTCAGCAAGAx-M2,0.0735913574129519,1.0,1.0,0.9726775588733625,0.2029093737465703,0.0,1.0,0.8158819662789528,1.0,0.8096891300509829,0.0,1.0,1.0,1.0,0.18902007271365118,1.0,0.0,0.0,1.0,0.0,0.0,0.0,0.0,0.0,1.0,1.0,1.0,1.0,1.0,0.6123752026066105,1.0,0.3917227472208566,0.0,0.9631028416946225,1.0,0.24545630929153794,1.0,0.0,0.057114138180570005,1.0,0.11730304459469133,1.0,0.9244262309246808,0.08001185691824461,0.0,0.549031608944358,1.0,1.0,1.0,0.7444713256043077,1.0,1.0,0.4312242011578172
gex_possorted_bam_1WGCZ:ACTTGTCGTTATCCGTx-M2,1.0,0.8875740632706212,0.2170514719870732,1.0,1.0,1.0,0.34752808330339974,1.0,0.41264762917647363,1.0,0.0,0.7305484697027006,0.9193470649812896,0.6459035883345317,1.0,0.1827877265947785,0.0,0.006603613022811707,0.6644086914377432,0.4430458304898084,1.0,1.0,1.0,1.0,0.43213892564513573,1.0,0.0,0.9688130200343552,0.9667862358337369,1.0,0.6061723936254819,1.0,1.0,1.0,0.0,1.0,0.37332829753642993,1.0,1.0,0.0,1.0,0.1514602914431682,0.6926275106345336,0.005887831655564057,1.0,1.0,0.2244833212786207,0.0,0.9856450692779302,1.0,1.0,1.0,0.6139590999654961
gex_possorted_bam_1WGCZ:AGAGAAGCATGCATATx-M2,1.0,0.5999301807760324,0.11343499290765607,1.0,1.0,0.9775712914337965,0.6195009573479562,1.0,0.7561156010771295,1.0,0.0,1.0,0.8186476555674636,0.359639361593853,1.0,0.15585855214069916,0.0,0.0,0.7821656923106493,1.0,1.0,1.0,1.0,1.0,0.6793473556529206,1.0,0.0,1.0,1.0,1.0,0.20956001205794136,1.0,1.0,1.0,0.0,1.0,0.1398044729402826,1.0,1.0,0.0,1.0,0.05665467996216182,0.7902325876860522,0.20494861347353865,1.0,1.0,0.3958561672996539,0.0,1.0,1.0,0.9358209719376203,1.0,0.6453461055291891
gex_possorted_bam_1WGCZ:AGATGCTTCGCTAAGTx-M2,0.0795664666085159,1.0,1.0,1.0,0.0,0.0,1.0,0.8901722146402451,1.0,0.6957830704165975,0.0,1.0,1.0,1.0,0.13003892207405793,1.0,0.2873122387036371,0.2694668414243838,1.0,0.0,0.0,0.0,0.0,0.0,1.0,1.0,1.0,1.0,1.0,0.7994009019970735,1.0,0.07555274399246023,0.0,0.8725149196815573,1.0,0.27462293203317073,1.0,0.027560051832184858,0.00413382946505189,1.0,0.12012574793114017,1.0,1.0,0.6227652907779466,0.05686459170836256,0.5495714780173501,1.0,1.0,1.0,0.6221567244087601,1.0,0.9707941879261726,0.0
gex_possorted_bam_1WGCZ:ACTTAGGGTGTGTCCCx-M2,1.0,1.0,0.0,1.0,1.0,1.0,0.4856665789910515,1.0,0.9119057677205629,0.9818171495635042,0.14178719387185618,1.0,1.0,0.9963975688576481,1.0,0.3643170356260307,0.0,0.9638108769743021,0.9238774968084378,0.6493561908719228,1.0,1.0,1.0,1.0,0.6470009764154411,0.8778487789114094,0.0,1.0,0.8559004050049492,1.0,0.8940177088191767,1.0,1.0,1.0,0.0,1.0,0.3368325075711532,1.0,1.0,0.040392679005542345,1.0,0.49316221504276836,1.0,0.7813976494766054,1.0,1.0,0.8926926741334998,0.25839109660060844,1.0,1.0,1.0,1.0,1.0
gex_possorted_bam_1WGCZ:ACTTATGAGGTCAAAGx-M2,1.0,1.0,0.5940508166826152,1.0,1.0,1.0,0.5734043003696819,1.0,0.7745272199784715,1.0,0.0,0.818558084451415,1.0,0.35513420812565893,1.0,0.24534584621888617,0.0,0.0,0.9010383209434653,0.9460610783025315,1.0,1.0,1.0,1.0,0.7187199550721867,1.0,0.0,1.0,1.0,1.0,0.5362890103294683,1.0,1.0,1.0,0.0,1.0,0.04074577944663009,1.0,1.0,0.0,1.0,0.1901291550573392,1.0,0.7417702693111088,1.0,1.0,0.7823091014400887,0.0,1.0,1.0,1.0,1.0,0.6259519178915635
gex_possorted_bam_1WGCZ:ACTTAGTCAGCAATAAx-M2,0.7952274848128176,0.9663879783302942,0.0,0.8304039700542369,0.402443510337823,0.4826898080179681,0.8939470466370442,0.8887529707509247,0.6110795012876052,1.0,0.0,1.0,0.8093280221658591,0.41114276204384503,1.0,0.4209669668360202,0.0,0.0,0.29772650386993926,0.9677504712796796,1.0,0.751856191221731,0.8219564043703955,0.9379236856101044,0.5332069478532382,0.7793387689284321,0.0,0.8992694865141504,0.828982071350641,0.8376185127434873,0.7956078382870142,0.559638149554465,0.8596316751043622,0.8739047384341865,0.2542863797021025,0.9544288422856019,0.5353275335518322,0.8236505163511633,0.9359398482109438,0.3050649235565266,1.0,0.8821230096476169,0.34151021310415935,0.11211797722501708,0.7972568398279103,0.8141287346964462,0.4825266772160011,0.3399545962046457,0.7922137187541386,0.8174519636323535,0.8824442440298284,0.7737076148131545,0.03710513537734445
gex_possorted_bam_1WGCZ:AGCAATTGTTTCCTCCx-M2,1.0,0.564776434661717,0.0,1.0,0.7619628257393152,0.9102395698134923,1.0,1.0,0.8712375339093288,1.0,0.0,1.0,0.673568465807826,0.6115359711169746,1.0,0.2383581656685297,0.0,0.0,0.9275074718249849,0.6781597932704222,1.0,1.0,1.0,1.0,0.7271309133004146,0.8833264521040447,0.0,0.9625296748082663,0.8530339398773717,0.9269832817100019,0.6224517674491691,1.0,1.0,1.0,0.0,1.0,0.2792547544409908,1.0,1.0,0.007766768147263213,1.0,0.37807559955984626,0.8047860933921827,0.37249771965106226,1.0,1.0,0.2592067107213128,0.0,0.8900341086828649,0.9125633277293622,1.0,1.0,0.5855039942223458
gex_possorted_bam_1WGCZ:AGACAATAGACCATACx-M2,0.09348118302145454,1.0,1.0,1.0,0.03538656864682697,0.0,1.0,0.783987738289682,1.0,0.9500486354013236,0.0,1.0,1.0,1.0,0.2611957661546048,1.0,0.0,0.0,1.0,0.0,0.0,0.0,0.0,0.0,1.0,1.0,1.0,1.0,1.0,0.9135704845880565,1.0,0.3366084591085992,0.0,1.0,1.0,0.27964831008622465,1.0,0.08098920922423206,0.105098464482368,1.0,0.08291476242404433,1.0,1.0,0.6101153917942813,0.07513592257241643,0.6184316919090787,1.0,1.0,1.0,0.6596719265449543,1.0,1.0,0.02150204561748493
gex_possorted_bam_1WGCZ:AGACAATAGGCTGTCAx-M2,1.0,1.0,1.0,1.0,1.0,1.0,0.5303456085124958,1.0,1.0,1.0,0.0,1.0,1.0,0.8048761261996075,1.0,0.572861156337626,0.0,0.0,0.24042401250447865,0.8634445867933496,0.7854607669259229,1.0,1.0,0.9853320143943757,0.962047698595824,1.0,0.0,1.0,0.7634119847615982,1.0,0.991721288610605,1.0,1.0,1.0,0.0,1.0,0.21461282395285572,1.0,1.0,0.3872039503967021,1.0,0.03753393996923709,1.0,1.0,1.0,1.0,1.0,0.0,1.0,1.0,1.0,1.0,1.0
gex_possorted_bam_1WGCZ:AGAGAAGCAAGGTACGx-M2,1.0,0.9466723179555872,0.33059020933410815,1.0,1.0,1.0,0.4509596517812625,1.0,0.7786445574857155,1.0,0.0,1.0,1.0,0.0,1.0,0.12444714808266925,0.0,0.0,0.6912128616982026,1.0,1.0,1.0,1.0,1.0,0.6824240370213908,1.0,0.0,0.9690818281416198,1.0,1.0,0.3631544127848453,1.0,1.0,1.0,0.0,1.0,0.11643797143867947,1.0,1.0,0.06612787445246608,1.0,0.3002610094183155,1.0,0.2705805554707608,1.0,1.0,0.53206548361493,0.0,1.0,1.0,0.7111119956874373,1.0,1.0
gex_possorted_bam_1WGCZ:ACTTATGAGTTCCTGCx-M2,0.8248302146252167,0.54927898125737,0.0,0.6350266415378558,0.9911110925242032,1.0,0.05363316425692876,0.7471412793992313,0.0,0.8706208745226193,0.9441150320046916,0.0,0.2660195859538095,0.0,0.882120061689247,0.0,0.5799393052558003,1.0,0.8106995093862002,0.6400087217290599,1.0,1.0,0.7836123891703135,1.0,0.3779841995084649,0.5326913772313018,0.0,0.5811167633575418,0.785761162308891,0.6985997956993559,0.6391727386326408,0.7906569059179998,0.773430721333813,0.6676732431570626,0.09626865225499065,0.7812161704998513,0.0,0.7480766790665534,0.7093962124938193,0.0,0.3550041261957317,0.1964263685096626,0.19420877046642232,0.0,0.8740755460358196,0.683334103074276,0.0,0.0,0.6004263117307596,0.69111476794926,0.45646931396534113,0.8087696760983596,1.0
gex_possorted_bam_1WGCZ:AGCAATTGTTTGTGGAx-M2,0.07702280044520644,1.0,1.0,0.9298518909659376,0.07651410099157234,0.4677223657314505,1.0,0.6234612731977078,1.0,0.5377622474066965,0.9810628320253297,1.0,1.0,1.0,0.2706366629009831,1.0,1.0,1.0,1.0,0.0,0.0,0.0,0.0,0.0,1.0,1.0,1.0,1.0,1.0,1.0,1.0,0.0,0.0,0.6562735276627838,1.0,0.18897308898680268,1.0,0.19014861211781378,0.18389639573465144,1.0,0.26403051986559417,1.0,1.0,1.0,0.022352496773421895,0.5131192673781113,1.0,1.0,1.0,0.3802937687768604,1.0,0.9458123279314244,0.0
gex_possorted_bam_1WGCZ:AGAACCGCATTGCGGTx-M2,1.0,1.0,0.47092579768850806,1.0,0.9791170358821563,0.9610633082672786,1.0,1.0,0.9491955851563187,1.0,0.0,1.0,1.0,0.6498494862509906,1.0,0.10204702350681359,0.0,0.0,0.65953431426791,1.0,1.0,0.9917447616445091,1.0,1.0,1.0,1.0,0.0,1.0,1.0,1.0,1.0,1.0,1.0,1.0,0.03133885721571531,1.0,0.42027273102307366,1.0,1.0,0.19475347047660183,1.0,0.2621985536475914,0.9339653591208423,0.7303329917311536,1.0,1.0,0.770994889198931,0.0,1.0,1.0,1.0,1.0,0.9775166438759396
gex_possorted_bam_1WGCZ:AGAATCGAGAGAAGGGx-M2,1.0,1.0,0.3031268007584245,1.0,1.0,1.0,0.3914616305577765,1.0,0.21624345601136916,1.0,0.0,0.9494349702185195,0.9666251320516219,0.24542090350196225,1.0,0.6623619319031373,0.0,0.6580975399396918,0.9560370335308157,0.6891155909853888,1.0,1.0,1.0,1.0,0.9863545829341275,1.0,0.09712444390638633,1.0,1.0,1.0,0.2406816010165013,0.9607499246427375,1.0,0.8926983815958217,0.012313332002775547,1.0,0.15151704299851118,1.0,1.0,0.0,1.0,0.0,0.6552629786675522,0.09507878410933795,1.0,0.980702149388249,0.18083763285290755,0.0,0.937944891691827,1.0,1.0,1.0,0.7048178160841231
gex_possorted_bam_1WGCZ:ACTTAGGGTCCAAGACx-M2,0.8265150372516409,1.0,1.0,1.0,1.0,0.3218275441380332,1.0,1.0,1.0,1.0,0.0,0.48085904203430024,1.0,0.6001631092462347,0.8443363415336725,0.0,0.0,0.0,0.5723456269331458,0.49621734691107316,0.47250778411712613,0.3961436593756,1.0,0.0711500915046742,1.0,1.0,0.4793685533866711,0.3714382160354872,1.0,0.35353079903907214,0.0,1.0,1.0,1.0,0.28143543173958097,0.8467979593609385,0.0,0.968323037554814,1.0,0.0,1.0,0.0,0.8387624855296892,1.0,0.24485385691499945,1.0,1.0,0.0,1.0,1.0,0.6319291927625991,0.8625397662939385,0.12290462410786118
gex_possorted_bam_1WGCZ:AGACCCGGTGAGACTCx-M2,0.08738811610114153,1.0,1.0,1.0,0.28611813331519476,0.0,1.0,0.8849330817815858,1.0,0.9373988443731205,0.0,1.0,1.0,1.0,0.2840070224269574,1.0,0.0,0.0,1.0,0.0,0.0,0.0,0.0,0.0,1.0,1.0,1.0,1.0,1.0,0.9075291164796354,1.0,0.0,0.0,0.9448797963141312,1.0,0.3183151596709207,1.0,0.04080621084801338,0.07864630707157343,1.0,0.4351764494393245,1.0,1.0,1.0,0.0,0.6397314885493449,1.0,1.0,1.0,0.9048378255172622,1.0,0.9785122827131514,0.27560557596554847
gex_possorted_bam_1WGCZ:AGAACCGCACTGGCCAx-M2,1.0,1.0,0.9327698232801681,1.0,1.0,1.0,0.16280938759026808,1.0,0.5017703964823058,1.0,0.0,1.0,1.0,0.3215761868031046,1.0,0.04945828339061345,0.0,0.0,0.942485500702549,0.7715294250390637,1.0,1.0,1.0,1.0,0.2035944488236072,1.0,0.0,0.9419154667885004,0.8303175786713592,1.0,0.2609059240050836,1.0,1.0,1.0,0.0,1.0,0.24417244710295039,1.0,1.0,0.0,1.0,0.0,0.9237556354790494,0.12834061766420632,1.0,1.0,0.36538052187311953,0.0,1.0,1.0,1.0,1.0,0.39754699655775133
gex_possorted_bam_1WGCZ:ACTTAGGGTCCACAAAx-M2,0.05743997390994819,1.0,0.9204622330596618,0.730750968485369,0.0,0.0,1.0,0.6486260994627009,1.0,0.5427221105320571,0.33965099797891574,1.0,1.0,1.0,0.10234158820175371,1.0,0.602594775865589,0.2184250218910187,1.0,0.0,0.0,0.0,0.0,0.0,1.0,1.0,1.0,1.0,1.0,0.7173713329591074,1.0,0.0,0.0,0.6042102057946565,1.0,0.1269645745378993,1.0,0.0,0.031729834362218004,1.0,0.30956610783313115,1.0,1.0,1.0,0.0,0.3986163307740111,1.0,1.0,0.8700638990426997,0.43119414047213217,1.0,0.6625255824990111,0.0
gex_possorted_bam_1WGCZ:AGAGATTAGCGATACTx-M2,0.06681054753530614,1.0,1.0,0.9352353871116527,0.058338050353836476,0.0,1.0,0.7629224510992035,1.0,0.6794485748623474,0.0,1.0,1.0,1.0,0.1053939967969957,1.0,0.0,0.0,1.0,0.0,0.0,0.0,0.0,0.0,1.0,1.0,1.0,1.0,1.0,1.0,1.0,0.0,0.0,0.8007057158421561,1.0,0.2349609634038231,1.0,0.18608121423969226,0.25860168613159096,1.0,0.03955818583253704,1.0,1.0,1.0,0.0748239433218807,0.5969189034931532,1.0,1.0,1.0,0.5018868156009608,1.0,1.0,0.0
gex_possorted_bam_1WGCZ:ACTTGAATCACCTGCTx-M2,1.0,0.44831732778088057,1.0,1.0,1.0,0.47737480663862225,0.16741633888398427,1.0,0.05737478605526702,1.0,0.0,1.0,0.8698673352020528,0.19187013288819707,1.0,0.0001365094970381635,0.0,0.0,0.554069084611602,0.9381698174492702,0.8819293007741752,0.9210645421431995,1.0,1.0,0.07487980600460005,1.0,0.0,0.75035478832453,0.881225644620716,1.0,0.0,1.0,1.0,1.0,0.0,0.990147984266714,0.3738762489535655,1.0,1.0,0.0,1.0,0.0,0.981418555662346,0.0,0.8888134063747655,1.0,0.5138242514121703,0.0,1.0,1.0,1.0,0.9842822052642861,0.0
gex_possorted_bam_1WGCZ:ACTTACTTCCAGGAAAx-M2,0.054839743365566955,1.0,1.0,1.0,0.21167762687574276,0.0,1.0,0.7768675736321019,1.0,0.8478279967614123,0.0,1.0,1.0,1.0,0.14605752842340353,1.0,0.0,0.0,1.0,0.0,0.0,0.0,0.0,0.0,1.0,1.0,1.0,1.0,1.0,0.9357517667814698,1.0,0.0,0.0,0.9995719082978652,1.0,0.30536643690391424,1.0,0.0,0.034920588087777774,1.0,0.17644864349804282,1.0,1.0,0.49123319964176243,0.01877522968814714,0.59713103460447,1.0,1.0,1.0,0.8249411872003152,1.0,1.0,0.18757720200594985
gex_possorted_bam_1WGCZ:ACTTAGGGTGAGAAACx-M2,0.9792458224399817,0.7177377557086246,0.49408174166788105,1.0,1.0,1.0,0.37069486981740424,1.0,0.6807907306072452,1.0,0.0,0.8618075831445678,0.820613375132941,0.17385707962981534,1.0,0.31639575923955565,0.0,0.15720802701637904,0.515827388075576,0.603943156513301,0.9715619727680986,1.0,1.0,0.9207719584853992,0.6445807064803721,1.0,0.054498752696207915,0.9738914942807528,0.7441979091717065,1.0,0.31631922400988405,1.0,0.9471049077474213,1.0,0.06112543416648339,1.0,0.02585488597332272,0.9224420496925704,0.9402560266607105,0.05800082705321996,1.0,0.0,0.7211978355500219,0.0,1.0,0.9627402808561859,0.27539283288060584,0.16487730411197646,0.9977035744440387,1.0,0.7827976963071068,1.0,0.7258506254334515
gex_possorted_bam_1WGCZ:AGCAATTGTTACAAACx-M2,0.9231819710265367,1.0,0.264274763848656,1.0,0.3739570321142018,0.17424456643197472,1.0,1.0,1.0,1.0,0.0,1.0,1.0,0.9692896005242566,0.8118046760069845,0.3343907847618396,0.0,0.0,0.3766892097210581,0.9889964429606655,0.7991648061186079,0.33268276313100176,0.8406338895438489,0.631003667457008,1.0,1.0,0.30519102832910483,1.0,1.0,0.36377530786281653,0.48452702087986366,0.7434158959572917,0.9666093667038808,1.0,0.2857388275302029,1.0,0.8348819110161381,0.9314675069666938,1.0,0.3952698971789799,1.0,0.5149958322300615,0.834405377178809,1.0,0.9983051903946265,1.0,1.0,0.0,0.9507547708909527,1.0,0.5984656159895422,0.6743123366405523,0.32445156317439217
gex_possorted_bam_1WGCZ:AGAAACTAGCCTGACAx-M2,1.0,1.0,0.197064222729759,1.0,1.0,1.0,0.8741851436933987,1.0,0.6441154087831439,1.0,0.0,0.9860998840170968,1.0,0.5624072225843649,1.0,0.3800835301864055,0.0,0.32770796886360354,1.0,0.7227739417641661,1.0,1.0,1.0,1.0,0.7325967279133043,1.0,0.0,1.0,1.0,1.0,1.0,1.0,1.0,1.0,0.0,1.0,0.23521447135730839,1.0,1.0,0.025190535010693436,1.0,0.3838677482823054,0.9531749205500114,0.7656557329561625,1.0,1.0,0.3902571585564863,0.0,1.0,1.0,1.0,1.0,0.9142052453026305
gex_possorted_bam_1WGCZ:AGAAGGTGTTTGCGAAx-M2,0.9879307238189398,0.4152073875317551,0.0,0.682977113175676,1.0,1.0,0.15435674561778534,0.8097280250288473,0.07434710825386592,0.6715741209279735,0.9345123902117911,0.020997120425553437,0.6208435150279759,0.20542649135309726,0.9616782035674024,0.10456795257650081,0.5866352329535862,1.0,1.0,0.49498998891714835,1.0,1.0,0.9271005419113936,1.0,0.7510322034423244,0.6483174591310661,0.0,0.5679128309407143,0.5902372872534586,0.8137500988731349,0.6465872681426357,0.8743359243471652,0.9341201623084447,0.769441217461953,0.052132387268400186,0.995063136390778,0.17001338261043708,0.8286590487102081,0.8543152955914112,0.0,0.3750932851368126,0.3636034360873327,0.31831220897204465,0.0,1.0,0.864045862308385,0.0,0.0,0.6049082365994093,0.8752290628680659,0.6901494429157209,0.9620744556927959,1.0
gex_possorted_bam_1WGCZ:AGAGGAACATAAAGCAx-M2,1.0,0.9707943364201411,0.0,1.0,1.0,1.0,0.0,1.0,0.0784205015723827,1.0,0.0,0.5400241458302201,0.8132163596070895,0.5378244375587989,1.0,0.02020127469804929,0.0,0.0,1.0,0.591787270527293,1.0,1.0,1.0,1.0,0.0,1.0,0.0,1.0,0.9625249440194458,1.0,0.649039210023035,1.0,1.0,0.9860177625975856,0.0,1.0,0.11792895490008361,1.0,1.0,0.0,1.0,0.20462525568156778,0.8164674058348412,0.45659500023724336,1.0,1.0,0.44809251413807866,0.0,1.0,1.0,1.0,1.0,0.2178733436713888
gex_possorted_bam_1WGCZ:ACTTACTTCATCCACCx-M2,1.0,0.8276199627380014,1.0,1.0,1.0,0.20693624707865477,0.0,1.0,0.8984802155389355,1.0,0.0,1.0,1.0,0.5060241397047252,1.0,0.0,0.0,0.0,0.0,0.061092134708377696,0.02671695664136552,0.43577003468022,1.0,0.7209212200485049,0.5614986624590373,1.0,0.03701638881200869,0.726828933882536,0.4490737435318874,1.0,0.0,1.0,1.0,1.0,0.0,0.9020803083460487,0.0,1.0,1.0,0.0,1.0,0.0,1.0,0.49194600376705216,0.8860426053781228,1.0,1.0,0.0,1.0,1.0,1.0,1.0,0.0
gex_possorted_bam_1WGCZ:AGCAATACAATCCTAGx-M2,1.0,0.9453281179207492,1.0,1.0,1.0,0.9219099572405641,0.0,1.0,0.6963369313260468,1.0,0.0,0.9720496710639069,0.871506780319199,0.34239369743222536,1.0,0.0,0.0,0.0,0.40104914833977623,0.7177644868869958,0.7462158343954998,0.9656546336462,1.0,0.8908525645249454,0.33570137022226415,1.0,0.002301184548853506,0.9395526629250367,0.5878146014051676,1.0,0.0,1.0,1.0,1.0,0.0,1.0,0.0,1.0,1.0,0.0,1.0,0.19573796904309987,1.0,0.7859333458342647,1.0,1.0,1.0,0.0,1.0,1.0,1.0,1.0,0.3802606531825674
gex_possorted_bam_1WGCZ:ACTTGTAAGCAAGGGTx-M2,1.0,1.0,1.0,1.0,1.0,1.0,0.0,1.0,0.43920394595999174,1.0,0.0,0.9934115073738883,1.0,0.9194463695100031,1.0,0.4729042499412202,0.0,0.4225319589082137,0.8179833492142146,0.6140812865113414,0.932038569992921,1.0,1.0,1.0,0.5895138827024786,1.0,0.0,1.0,0.5898175794825123,1.0,0.0,1.0,1.0,1.0,0.0,1.0,0.0527738773409106,1.0,1.0,0.0,1.0,0.12186278290996341,1.0,0.9382723084806306,1.0,1.0,1.0,0.0,1.0,1.0,0.9297263304016777,1.0,0.7748738858751724
gex_possorted_bam_1WGCZ:ACTTAGGGTCCTAACTx-M2,1.0,1.0,0.09663531312284952,1.0,1.0,1.0,0.7844947837877299,1.0,0.7601418528052529,1.0,0.0,0.944746551217219,1.0,0.18718846781308104,1.0,0.042492708452639805,0.0,0.4452539714007086,1.0,0.9525946189978111,1.0,1.0,1.0,1.0,0.8645350551885724,0.9547129890431844,0.0,1.0,1.0,1.0,0.9958692217370047,1.0,1.0,1.0,0.0,1.0,0.1840649467849917,1.0,1.0,0.0,1.0,0.40749564300275015,0.8204918986880619,0.32639734833487094,1.0,1.0,0.29118239662407064,0.26182136600957406,1.0,1.0,1.0,1.0,1.0
gex_possorted_bam_1WGCZ:ACTTGTAAGTAATCCAx-M2,1.0,1.0,1.0,1.0,0.9579481934007698,1.0,0.7899234366351067,1.0,0.31637712668182555,1.0,0.0,1.0,1.0,0.4328681653979142,1.0,0.4004882771890983,0.15861356335469537,0.6573249985842389,0.957594116238401,1.0,1.0,1.0,1.0,1.0,0.573444081455536,1.0,0.11582941569232896,1.0,1.0,1.0,0.27072188165219724,1.0,1.0,1.0,0.12593509257283336,1.0,0.5606470245058969,1.0,1.0,0.11747667031329545,1.0,0.28438797229112367,1.0,0.0,1.0,1.0,1.0,0.39014407240480947,1.0,1.0,0.9362568789398177,0.9963455256075986,1.0
gex_possorted_bam_1WGCZ:AGCAACAAGACAAACGx-M2,1.0,0.8282538151203842,0.0,0.9742832263038756,0.9185783783506526,1.0,0.4466102425902731,0.9987849600768678,0.1602850706921409,1.0,0.7870264471650628,0.572165827453407,0.8256142397174128,0.5132119406450882,1.0,0.21384245428997226,0.5306723508598494,1.0,1.0,0.41476703458654895,1.0,1.0,1.0,1.0,0.7001449824992401,0.8223908909537219,0.0,0.7438959292012314,0.8047793961812966,1.0,0.8840623277759712,1.0,1.0,1.0,0.0,1.0,0.11754074043646688,1.0,1.0,0.0,0.852061694990021,0.5031109905469437,0.533438895752311,0.21505480558735687,1.0,1.0,0.20192786530386247,0.4780207343934897,0.8506009153535437,0.8800334896503634,0.9508412045362206,1.0,0.9525586412733494
gex_possorted_bam_1WGCZ:AGAGAAGCATGTCAGCx-M2,0.3891014194151574,0.3312311524954481,0.0033154954176547254,0.29464303046069895,0.6265175914706883,0.7743917017075452,0.0,0.261563262988567,0.4413026143691298,0.5483042553410926,0.7643714266389088,0.012468546446998017,0.22500679484708114,0.0,0.008790058595301214,0.0,0.7552334625032561,1.0,0.11711133017244295,0.5595224229383903,0.7350492963935583,0.7921923199252013,0.4324003394666328,0.5940111303898823,0.06356209280257138,0.3818241781844221,0.2753512371706949,0.27722652435245165,0.007446132316739847,0.563935290169867,0.0,0.5528226989987288,0.4010214777803766,0.3221812951843491,0.4300725201398016,0.46656684207027377,0.0,0.38904306883439055,0.37247404765596487,0.1714172855938617,0.7519335622455159,0.17395754552628437,0.09585183503096231,0.0,0.456776106435878,0.36044553198661833,0.0,0.46367420747030885,0.38746113163573265,0.6511802339648642,0.3222558316550583,0.41799563177823473,1.0
gex_possorted_bam_1WGCZ:AGCAATTGTTTATCTGx-M2,1.0,1.0,1.0,1.0,1.0,0.6680102406461155,0.0,1.0,0.9616492075681827,1.0,0.0,1.0,1.0,0.6152503815906196,1.0,0.22812763792234175,0.0,0.0,0.0,0.2816190173469989,0.2068126205141537,0.7212025728604989,1.0,0.7433598860292968,0.6151551603410498,1.0,0.0,0.9686771062018963,0.976208321183644,1.0,0.0,1.0,1.0,1.0,0.0,1.0,0.06597222204684153,1.0,1.0,0.0,1.0,0.0,1.0,0.7671453120329045,1.0,1.0,1.0,0.0,1.0,1.0,1.0,1.0,0.24849161144872733
gex_possorted_bam_1WGCZ:AGACAATAGGTGCGGAx-M2,0.04060103349004716,1.0,1.0,1.0,0.3110565134550742,0.0,1.0,0.7799293885026441,1.0,0.8521634535123203,0.0,1.0,1.0,1.0,0.19340440004125262,1.0,0.0,0.0,1.0,0.0,0.0,0.0,0.0,0.0,1.0,1.0,1.0,1.0,1.0,0.9638549719828203,1.0,0.0,0.0,0.9196280199966539,1.0,0.2925238072044142,1.0,0.06350813354169388,0.0,1.0,0.0,1.0,1.0,0.8916731852916144,0.0,0.5201125894517706,1.0,1.0,1.0,0.6117789217514821,1.0,1.0,0.2515730448359274
gex_possorted_bam_1WGCZ:AGCAATACAGGATGGCx-M2,1.0,0.6420339423764484,0.0,1.0,1.0,1.0,0.6519160076668633,1.0,0.613934074012233,1.0,0.0,0.7368267771918577,1.0,0.1772376558173763,1.0,0.05668011564769499,0.0,0.0,0.7875936076937236,0.8527618254828736,1.0,1.0,1.0,1.0,0.7409346584467006,0.9826455992065205,0.0,0.9280430538179254,0.957686438172155,1.0,0.5439459921456165,1.0,1.0,1.0,0.0,1.0,0.1328395787283214,1.0,1.0,0.0,1.0,0.1835408438289872,0.7269362833302698,0.07149021349026072,1.0,1.0,0.2837690394896908,0.1396291968985262,0.9384512404088049,1.0,0.7957104183627562,1.0,0.8609206081912674
gex_possorted_bam_1WGCZ:AGAGGATGTTCGCTCAx-M2,0.02073649320332776,1.0,1.0,0.9679659283055518,0.0,1.0,1.0,0.5918759428357984,1.0,0.29428762541159387,1.0,1.0,1.0,1.0,0.22547076458392357,1.0,1.0,1.0,1.0,0.0,0.0,0.0,0.0,0.0,1.0,1.0,1.0,1.0,1.0,1.0,1.0,0.0,0.0,0.5466639021179966,1.0,0.18707776988039304,1.0,0.17268141871772938,0.04514027199184256,1.0,0.0,1.0,1.0,1.0,0.00709020660279232,0.566923452617581,1.0,1.0,1.0,0.3144907662907467,1.0,0.949882428779515,0.0
gex_possorted_bam_1WGCZ:AGCAATACATTCCTGTx-M2,0.9071439104148264,0.5968438571316913,0.0,0.7149910622006815,0.6768502386049826,0.8585109265165217,0.0,0.8319142653065714,0.30367568153982266,0.6545176560779116,0.2107467046618603,0.49578914730311996,0.4401293117148404,0.13169467235700377,0.9257479868608068,0.0,0.004883438092758792,0.18833087490698605,0.4920702468407928,0.7341458232172801,1.0,1.0,0.8931791231430991,1.0,0.0,0.6373044347026651,0.09772671130083252,0.5334775565161202,0.49840721633832596,0.7747782865339643,0.5494386906015861,0.8486315063996512,0.9358497176028661,0.7308930419430518,0.04524645491947007,0.8282545415129278,0.0,0.8167792300599191,0.7788008378874237,0.0,1.0,0.15616692243498,0.47279535188523,0.3757342281404168,0.967569617165538,0.8102128025351996,0.1051796825273818,0.0609939347527319,0.6337415756590031,0.7025812951807708,0.6287420233069184,0.6937753195831262,0.7119819049584776
gex_possorted_bam_1WGCZ:AGAGGATGTAACAGGGx-M2,1.0,0.8819546369006876,1.0,1.0,1.0,0.689521833139088,0.0,1.0,0.9220973489587626,1.0,0.0,1.0,1.0,0.6286367013956579,1.0,0.3334425840236252,0.0,0.0,0.07890529568770124,0.5784496117557621,0.45468778931338044,0.7658012179514341,1.0,0.8441103665274554,0.6619097787825415,1.0,0.009186124161931559,1.0,0.3339177529783126,1.0,0.0,1.0,1.0,1.0,0.0,1.0,0.0,1.0,1.0,0.0,1.0,0.0,1.0,1.0,1.0,1.0,1.0,0.0,1.0,1.0,1.0,1.0,0.17718171636532712
gex_possorted_bam_1WGCZ:ACTTGTCGTAGTTAACx-M2,1.0,0.7134967321901748,0.0,1.0,1.0,1.0,0.7557865529337042,1.0,0.3304867782138886,0.931446873071199,0.1399276661669225,0.944593605753981,0.897964425762391,0.43319137060972734,1.0,0.3444370850894583,0.006420318094637122,0.9678729511041723,1.0,0.5955407070674584,1.0,1.0,1.0,1.0,0.8981343325547408,1.0,0.0,0.9705419782607673,1.0,1.0,0.45189488315029763,1.0,1.0,1.0,0.0,1.0,0.33430418096891207,1.0,1.0,0.03276154092109919,1.0,0.20043258560244165,0.6474577360933742,0.0,1.0,1.0,0.20504395221711744,0.0,0.8667892074885157,1.0,0.7740536742150961,1.0,0.6858464297327277
gex_possorted_bam_1WGCZ:AGAACAAGTGGAAGGCx-M2,1.0,1.0,0.6432762163748814,1.0,0.2733247233462058,1.0,1.0,1.0,1.0,1.0,0.0,1.0,0.9638286967643918,0.8733963385299213,1.0,1.0,0.0,0.1669301777739483,0.7054120226036842,0.5432872713165972,1.0,0.9335719397007648,0.9349666000532652,1.0,1.0,0.9427967812634366,0.0,1.0,0.917048247204196,1.0,1.0,0.9739105176370817,0.9535429679761941,1.0,0.0,1.0,0.5074420704783186,1.0,1.0,0.6579505307108661,1.0,0.33617067148818996,1.0,0.8179288060131731,1.0,1.0,0.17072309587633963,0.0,1.0,0.9918117544620451,1.0,1.0,0.6916888149611543
gex_possorted_bam_1WGCZ:AGAAAGGCAACTAGAAx-M2,0.08218006779810116,1.0,1.0,1.0,0.0,0.0,1.0,0.8013466064112343,1.0,0.5024622376275498,0.16997263242394325,1.0,1.0,1.0,0.18022864851472825,1.0,0.2468964177873727,0.3518984673851225,1.0,0.0,0.0,0.0,0.0,0.0,1.0,1.0,1.0,1.0,1.0,0.9098041796777733,1.0,0.16146832403387784,0.0,0.7964273310043948,1.0,0.23670598876840807,1.0,0.0637495876812422,0.04315885544008604,1.0,0.08993571936282449,1.0,1.0,1.0,0.0,0.5510113090645307,1.0,1.0,1.0,0.5781172355418914,1.0,0.9664052287096696,0.0
gex_possorted_bam_1WGCZ:ACTTCGCTCACAGCCAx-M2,1.0,1.0,0.0,1.0,0.8325050524535942,1.0,0.8282369243778436,1.0,0.6440997109870246,1.0,0.0,0.9472168244235069,0.9354098329510324,0.5823011886903181,1.0,0.38273210134049745,0.0,0.5166905476545252,0.9032023257573896,0.6532440342458641,1.0,1.0,1.0,1.0,0.8450849452013716,0.8628930301233825,0.0,0.9949691537931412,1.0,0.9854651602094864,1.0,1.0,1.0,1.0,0.0,1.0,0.34546745794586964,1.0,1.0,0.2601648043543608,0.7641573903302944,0.2701545383431855,0.7748739576063811,0.5281814533000663,1.0,1.0,0.2905844275975955,0.0,0.9825558665511792,1.0,1.0,1.0,0.976178586020202
gex_possorted_bam_1WGCZ:AGCAACAAGGTCCTGAx-M2,1.0,1.0,0.8607617328507859,1.0,1.0,0.9314152302684465,0.7039839870045457,1.0,1.0,1.0,0.0,1.0,1.0,0.22573589332364655,1.0,0.044720920623933985,0.0,0.0,0.7354874453458535,0.7297573141755395,0.9625078146307486,1.0,1.0,1.0,0.822676918276246,1.0,0.0,1.0,1.0,1.0,0.543561390955397,1.0,1.0,1.0,0.0,1.0,0.7414221398018835,1.0,1.0,0.0,1.0,0.7095371913131179,0.9654043988910236,0.6994636329817868,1.0,1.0,0.43944600605822254,0.5273268202543806,1.0,1.0,1.0,1.0,0.6572605970021226
gex_possorted_bam_1WGCZ:AGAACCAAGGGTCTATx-M2,0.960338532991752,0.9555184196052054,1.0,1.0,1.0,0.9444293458475912,0.43989376269788966,1.0,1.0,1.0,0.0,1.0,1.0,0.8579565735411233,1.0,0.2101781239549639,0.0,0.0,0.0,0.5867461027261228,0.2460356946528974,0.7221395795387947,1.0,0.45705556514229195,1.0,1.0,0.06858082585555021,1.0,1.0,1.0,0.0,1.0,1.0,1.0,0.0,1.0,0.0,1.0,1.0,0.0,1.0,0.0,1.0,1.0,1.0,1.0,1.0,0.0,1.0,1.0,0.8709770820123326,1.0,1.0
gex_possorted_bam_1WGCZ:AGATGAAGTCAATGTGx-M2,0.7702352009814276,1.0,1.0,1.0,1.0,0.2467701931540221,1.0,1.0,1.0,1.0,0.0,0.14164544016955713,1.0,0.845963157663702,0.8695948401046488,0.0,0.0,0.0,0.4092775216024988,0.21902733796002347,0.028167053990600575,0.3012286066989767,1.0,0.0,1.0,1.0,0.6251793096209124,0.4156498538219489,1.0,0.3088070775186929,0.0,1.0,1.0,1.0,0.22982246162042766,0.8506069217879836,0.0,1.0,1.0,0.07912955346932816,1.0,0.0,0.7288925521746963,1.0,0.23113814099532606,1.0,1.0,0.0,1.0,1.0,0.7992542559923084,0.9422496829441251,0.0
gex_possorted_bam_1WGCZ:AGCAATACATGAATAGx-M2,1.0,0.600465648714418,0.061467348623256236,0.9391264501501521,1.0,1.0,0.517215684678411,0.9625606581263034,0.48404801848181744,1.0,0.10286749785676523,0.28003425989827774,0.824949358277503,0.43000158718961057,1.0,0.008278254019865174,0.04339818877434581,0.48519113405371744,0.7188619958076864,0.5883432808984776,1.0,1.0,0.9638633532939326,1.0,0.3191462170539159,0.8250506983428924,0.16437831508856662,0.5937257107478242,0.8409342845874848,0.8915861700127553,0.4058989647481889,0.9080173207148196,1.0,0.9558387517407366,0.0,0.9804888098049772,0.19995096043958444,0.9582921792589506,0.9745767033551062,0.0,1.0,0.1493691382008154,0.5204212700219953,0.0,1.0,0.9555849742036173,0.0,0.10354423096372624,0.7969895885871426,0.9697712762903085,0.6565610046201839,0.8880970705050979,0.5904470046022545
gex_possorted_bam_1WGCZ:AGCACAGCAGCCAGAAx-M2,1.0,0.9998849427307682,0.06452390631079509,1.0,1.0,1.0,0.4319420890972308,1.0,0.3734964901527422,1.0,0.046460240630672625,0.8744665721007089,1.0,0.28089928550929455,1.0,0.18846181363753195,0.0,0.3016610723798065,1.0,0.8336601647071541,1.0,1.0,1.0,1.0,0.5179621933673523,1.0,0.0,1.0,1.0,1.0,0.8648709578988014,1.0,1.0,1.0,0.0,1.0,0.2588832418964502,1.0,1.0,0.0,1.0,0.18671081973656506,0.6756881558627859,0.3434490551235458,1.0,1.0,0.22285646278275842,0.0,1.0,1.0,1.0,1.0,0.7693899215208263
gex_possorted_bam_1WGCZ:AGAATCTGTCTAACAGx-M2,1.0,0.8918833038038887,0.0071859913534102525,1.0,1.0,1.0,0.5673424781923773,1.0,0.7154619724825511,1.0,0.6421675163763181,0.9450723959083882,0.9325838727501753,0.4913203452595329,1.0,0.27931260873302455,0.2546626647700625,1.0,1.0,0.44490728585529227,1.0,1.0,1.0,1.0,0.8550148506391116,0.9749631537509695,0.0,1.0,1.0,1.0,1.0,1.0,1.0,1.0,0.0,1.0,0.5309855138029402,1.0,1.0,0.0,0.8364128416384783,0.4112827572010955,0.7983299317584495,0.2101298423100798,1.0,1.0,0.08483241897182298,0.13325326903294926,0.9776711504429608,1.0,1.0,1.0,1.0
gex_possorted_bam_1WGCZ:AGCCTGGGTGATTTGGx-M2,1.0,1.0,0.4077905455685894,1.0,1.0,1.0,0.18377638030420612,1.0,0.4785441494329934,1.0,0.43935130068650086,1.0,1.0,0.42271439290914403,1.0,0.22444261975426452,0.12177684444378757,1.0,1.0,0.908944373805833,1.0,1.0,1.0,1.0,0.8251066377230779,1.0,0.0,1.0,1.0,1.0,1.0,1.0,1.0,1.0,0.0,1.0,0.11274871075231514,1.0,1.0,0.0,1.0,0.0,0.9626847465784077,0.654953234234462,1.0,1.0,0.3216628036024604,0.0,1.0,1.0,1.0,1.0,1.0
gex_possorted_bam_1WGCZ:AGCGGACCAATGAATGx-M2,1.0,0.7837639145551187,1.0,1.0,1.0,0.37539495263572475,0.0,1.0,0.8714614002279897,1.0,0.0,1.0,0.7050558420376077,0.2151024860691104,1.0,0.0,0.0,0.0,0.34580381094767876,0.08546954564956019,0.6678594487286241,0.7116046911988868,1.0,0.8673637700136299,0.3466041221246688,1.0,0.0,0.7994786644306219,0.5620495087340164,1.0,0.0,1.0,1.0,1.0,0.0,0.9351319018638594,0.05460367045718491,1.0,1.0,0.0,1.0,0.0,1.0,0.18968518674859325,0.9056512438210759,1.0,0.8718200324709935,0.0,1.0,1.0,1.0,0.9483560751541679,0.0
gex_possorted_bam_1WGCZ:AGGATCCGTTGTGACAx-M2,1.0,0.9580738331718011,0.64059797416192,1.0,0.8726421141383948,1.0,0.4437287169528389,1.0,0.29703511209768924,0.9777538886083785,0.16391607805053887,0.36649485272886373,0.6597788380647072,0.2348844578109701,1.0,0.08632650190881397,0.0,0.3186784564822382,1.0,0.7714685430084972,1.0,1.0,1.0,1.0,0.4350325639274632,0.9480571462665623,0.0,0.8284472209350164,1.0,0.9673208420979875,0.9508149519160943,1.0,1.0,1.0,0.0,1.0,0.0,1.0,1.0,0.0,1.0,0.03624500230562476,0.7787356831174566,0.4670077321404312,1.0,1.0,0.0,0.07852665331421763,0.8803661585927997,0.8321938448449973,0.8199713760631652,1.0,0.8508856010373295
gex_possorted_bam_1WGCZ:AGCGCCTAGATGCCTGx-M2,1.0,1.0,0.0,1.0,0.938177984445412,1.0,0.8825015371847611,1.0,0.7721661075551938,0.9623765704526579,0.0,1.0,1.0,0.48928419663922884,1.0,0.450790164439296,0.0,0.27248725586490535,1.0,0.6590142177264151,1.0,1.0,1.0,1.0,0.6762676114339806,0.8000818358996864,0.0,1.0,1.0,0.9477368912786465,0.8812051420370367,1.0,1.0,1.0,0.0,1.0,0.4348718520076654,1.0,1.0,0.23061993923512966,0.7934849760564601,0.5111725830210813,0.903743534010067,0.5556881099477706,1.0,1.0,0.2496017659425157,0.2290230742462459,0.9248921340915285,0.8016537781414844,1.0,1.0,0.8579563200241768
gex_possorted_bam_1WGCZ:AGCGATTTCTGGTCCTx-M2,1.0,0.9046313767858674,0.0,0.9812140218936878,1.0,1.0,0.25822688380169717,0.9585401316394032,0.011661807580175066,0.9590348059393137,1.0,0.3799945335845723,0.8183298931356293,0.4951329641348851,1.0,0.5411525387556859,0.6168792848186447,1.0,1.0,0.5985545032507638,1.0,1.0,1.0,1.0,0.5748539541044866,0.8032819335697542,0.0,0.8595617973062345,0.8559476048932664,1.0,0.9461891498982238,0.9562954836516827,0.9938445105645429,1.0,0.0,1.0,0.03622855414595323,1.0,1.0,0.0,0.5843439153690634,0.16272992081324267,0.5551209316778912,0.0,1.0,1.0,0.014467342966355148,0.07858507339164024,0.8389067624168535,0.9424169789475425,0.8542685893305412,1.0,1.0
gex_possorted_bam_1WGCZ:AGGACTAAGCGCTCAAx-M2,0.06339221630938899,1.0,1.0,0.9310900570554049,0.0,0.0,1.0,0.8517208758964324,1.0,0.6226266779757239,0.05379480919772067,1.0,1.0,1.0,0.09341471319360392,1.0,0.17654893430732332,0.36993025206335794,1.0,0.0,0.0,0.0,0.0,0.0,1.0,1.0,1.0,1.0,1.0,0.8791211471822649,1.0,0.0,0.0,0.8727597073585219,1.0,0.22920818776731428,1.0,0.06262024404507023,0.06826821165336956,1.0,0.10939119348245421,1.0,1.0,1.0,0.0,0.5410217063880651,1.0,1.0,1.0,0.6012438105286588,1.0,1.0,0.0
gex_possorted_bam_1WGCZ:AGCTTGGTCGCAAACTx-M2,0.01954903754783494,1.0,0.8827656259216509,0.4238826955998874,0.0,0.0,1.0,0.43981184747579094,1.0,0.0,0.3004650134793529,1.0,1.0,1.0,0.0,1.0,0.3116575325298819,0.0,1.0,0.0,0.0,0.0,0.0,0.0,1.0,0.5507368218049576,1.0,0.6772424413011614,1.0,0.5573515945861737,1.0,0.3931217644230063,0.0,0.5197315602388044,1.0,0.08478843868592592,1.0,0.0,0.0,1.0,0.218265242178213,1.0,1.0,1.0,0.02813040948586364,0.2551681183751335,1.0,1.0,0.6189962180801862,0.3576674016956972,1.0,0.42102518362897756,0.0
gex_possorted_bam_1WGCZ:AGGACTAAGGTCGATTx-M2,1.0,0.6648389459676918,1.0,1.0,1.0,0.8918659336142565,0.0,0.9545500268050885,0.6223760338452844,1.0,0.0,1.0,0.8318946587267019,0.40939046806921,1.0,0.0,0.0,0.0,0.046810196087950076,0.6459643918974441,0.6219617046045024,0.9286550090363904,1.0,0.7393380433606648,0.3647041605882334,1.0,0.0,1.0,0.5186980857848381,1.0,0.0,1.0,1.0,1.0,0.0,1.0,0.0,1.0,1.0,0.0,1.0,0.0,1.0,0.7716549091819732,1.0,1.0,1.0,0.0,1.0,1.0,1.0,1.0,0.9009972470972345
gex_possorted_bam_1WGCZ:AGCTATATCCGGGACTx-M2,1.0,1.0,0.0,1.0,1.0,1.0,0.4147946063469621,0.971442833446728,0.13898989357569086,1.0,1.0,0.4578835273104073,0.9659301035816603,0.5492114302620553,1.0,0.8261040668930922,0.6632554227870053,1.0,1.0,0.8628428891764973,1.0,1.0,1.0,1.0,0.7048394738470923,0.9678069336396361,0.0,1.0,1.0,1.0,1.0,1.0,1.0,1.0,0.0,1.0,0.2598719694427378,1.0,1.0,0.0,0.63706034157408,0.033087315970191655,0.647820573938232,0.3989505395873843,1.0,1.0,0.03441084512159117,0.0,1.0,1.0,1.0,1.0,1.0
gex_possorted_bam_1WGCZ:AGCCTAGTCATTAGTGx-M2,1.0,1.0,0.0,0.9770419675919113,1.0,0.9046529984118086,0.07841670703766611,1.0,0.5753895093990437,0.9884049519186524,0.0,0.6050834485763444,0.9384591988195998,0.29909366087077427,1.0,0.010545610322992045,0.0,0.05975608716461684,0.786431611801583,0.5464987136350662,1.0,1.0,1.0,1.0,0.3337896296084558,1.0,0.0,0.959427635998047,0.6892128822299598,1.0,0.20940391468654868,1.0,1.0,0.9321277570033217,0.0,0.987887274129348,0.1398467748212541,1.0,0.9937353457860448,0.0,1.0,0.46332676571872283,0.6280689289315016,0.3159113552687269,1.0,1.0,0.3894498935468647,0.0,0.9485739901739493,1.0,0.9241299182909103,0.9633379310375257,0.4815131372163319
gex_possorted_bam_1WGCZ:AGCCGCTAGGCAATAGx-M2,1.0,1.0,0.40387245858646625,1.0,1.0,1.0,0.30679876813287404,0.9982767796977918,0.0,1.0,0.6362906802112189,0.787432530402717,1.0,0.5135353227133784,1.0,0.47400835606862807,0.265137349449583,1.0,1.0,0.7798016649498952,1.0,1.0,1.0,1.0,0.2028809282769635,1.0,0.0,1.0,1.0,1.0,1.0,1.0,1.0,1.0,0.0,1.0,0.046696217729473695,1.0,1.0,0.0,1.0,0.27542791120864846,0.6455167578901669,0.7525518898305219,1.0,1.0,0.157169960251293,0.055647644341593444,1.0,1.0,1.0,1.0,1.0
gex_possorted_bam_1WGCZ:AGGACTAAGCATGGTTx-M2,1.0,0.45884001713200645,0.8552082881809918,1.0,1.0,0.5062501727096707,0.054495574103500324,1.0,0.0837804072095078,0.9773451325685418,0.0,0.7946536604306744,0.6633955572790964,0.011349499130121085,1.0,0.04451959596132834,0.0,0.0,0.7172307894121904,0.6874117420686707,1.0,0.9909448283728629,1.0,1.0,0.026739831452670955,1.0,0.0,1.0,1.0,1.0,0.003398691700743213,1.0,1.0,1.0,0.0,1.0,0.11554702753142819,1.0,1.0,0.0,1.0,0.051183252387393845,0.8258139032768991,0.3987782021610399,0.9212688933186024,1.0,0.6239803576462862,0.0,1.0,1.0,1.0,0.9673922130609863,0.0
gex_possorted_bam_1WGCZ:AGGAACCAGCATTAGCx-M2,1.0,1.0,0.6565842148487628,1.0,1.0,1.0,0.6775142057375838,1.0,0.7953318771177167,1.0,0.0,0.7285602502507842,1.0,0.6336111435257104,1.0,0.24787821819380693,0.0,0.6135798490889806,0.928682005193483,0.9308782700352631,1.0,1.0,1.0,1.0,0.9213494617829022,1.0,0.0,1.0,0.9842122189885009,0.9183240943560356,0.49667689106726226,1.0,1.0,1.0,0.0,1.0,0.13690182204429585,1.0,1.0,0.05171892218139077,1.0,0.5507843503010841,0.7928246939926983,0.6197176173591595,1.0,1.0,0.9676019174387185,0.0,1.0,1.0,1.0,1.0,0.8508422235153175
gex_possorted_bam_1WGCZ:AGGACTAAGGGATGCGx-M2,1.0,1.0,0.0,1.0,1.0,1.0,0.6713498615890852,1.0,0.4714286614057041,1.0,0.32555631961706577,0.79814924795907,1.0,0.34134392159856164,1.0,0.2415527496430937,0.0,0.9922211053015847,1.0,0.7854222804447691,1.0,1.0,1.0,1.0,0.8783804990524638,0.9852214497428959,0.0,1.0,1.0,1.0,1.0,1.0,1.0,1.0,0.0,1.0,0.02306177800791148,1.0,1.0,0.001778981611318,1.0,0.14947589239467093,0.774821827157359,0.28880157395713374,1.0,1.0,0.002522974972955892,0.0,0.9969482990280923,1.0,1.0,1.0,1.0
gex_possorted_bam_1WGCZ:AGCTAACTCAAATCGCx-M2,1.0,1.0,0.0,1.0,1.0,1.0,0.393839732895799,1.0,0.35690427313612555,1.0,0.6534443898541858,0.4470235473060262,1.0,0.37184578341223606,1.0,0.5338192640109782,0.23613170366085642,1.0,1.0,0.5848753793857909,1.0,1.0,1.0,1.0,0.82231798791156,0.9220740936969377,0.0,0.8775952703713694,1.0,1.0,0.9451084768394741,1.0,1.0,1.0,0.0,1.0,0.0,1.0,1.0,0.03516786285977543,0.6306574980034433,0.0,0.673812653973429,0.3056379396754232,1.0,1.0,0.03012678289940272,0.0,0.9764511949265289,1.0,0.8587803753495622,1.0,0.9741157912805328
gex_possorted_bam_1WGCZ:AGCCTGGGTTTAAAGCx-M2,1.0,1.0,1.0,1.0,1.0,1.0,0.9823878173255134,1.0,1.0,1.0,0.0,1.0,1.0,1.0,1.0,0.7975546559166768,0.0,0.04798401301038955,0.7520866487714373,0.8201967226429457,0.8538646680624852,0.8996329227737845,1.0,0.8968858628252986,1.0,1.0,0.0,1.0,0.9048984621379161,1.0,1.0,1.0,1.0,1.0,0.08258065148263692,1.0,1.0,1.0,1.0,0.31554094037340347,1.0,0.7482342108873523,1.0,1.0,1.0,1.0,1.0,0.2748475860548977,1.0,1.0,1.0,1.0,0.8083866033994992
gex_possorted_bam_1WGCZ:AGGATCCGTATTGTGGx-M2,1.0,1.0,0.912174823225206,1.0,1.0,0.4319665496763095,0.12719235035862655,1.0,0.4075819166273181,1.0,0.0,0.9431516241890668,1.0,0.525882062460655,1.0,0.11825061355727426,0.0,0.0,0.5022557308946743,0.6360261211557342,0.9407044230081034,0.7743561234842266,1.0,1.0,0.2231113303245232,1.0,0.0,0.9556442314730752,0.9313583682897235,1.0,0.2672958011880926,1.0,1.0,1.0,0.0,0.9671255400876269,0.463179702519536,1.0,1.0,0.0,1.0,0.0792462152405387,0.8592494517949455,0.4071891983751669,0.8979847633729041,1.0,0.7858986349134283,0.0,1.0,1.0,1.0,0.9340658604003116,0.0
gex_possorted_bam_1WGCZ:AGGCAGGTCGATATTGx-M2,1.0,1.0,0.04807957300553365,1.0,1.0,0.8733423961309306,0.611194267035572,1.0,0.8261045223213668,1.0,0.0,1.0,0.9193443349880366,0.25667224728731936,1.0,0.1939259686710744,0.0,0.0,0.8631004307428011,0.8519852404174928,1.0,1.0,1.0,1.0,0.6341584306611816,1.0,0.0,1.0,1.0,1.0,0.4028512831106932,1.0,1.0,1.0,0.0,1.0,0.2423205559891537,1.0,1.0,0.0,1.0,0.304852072575353,0.9048356107926583,0.5341973016383375,1.0,1.0,0.6206639216148361,0.04644930469060565,1.0,1.0,1.0,1.0,0.6633789766678619
gex_possorted_bam_1WGCZ:AGCCGGTTCGATAACCx-M2,1.0,1.0,1.0,1.0,1.0,1.0,0.0,1.0,0.8993484787983996,1.0,0.0,1.0,1.0,0.7359594900759806,1.0,0.21768136443283234,0.0,0.0,0.008856077624252246,0.3811157217026699,0.4327956375132047,0.8417025172880972,1.0,0.910430902368151,0.9456851479034253,1.0,0.0,1.0,0.4414596686396046,1.0,0.0,1.0,1.0,1.0,0.0,1.0,0.0,1.0,1.0,0.0,1.0,0.0,1.0,1.0,1.0,1.0,1.0,0.0,1.0,1.0,0.8204667909273027,1.0,1.0
gex_possorted_bam_1WGCZ:AGGACTAAGGAACACAx-M2,0.11771879787106038,1.0,1.0,0.9424302457449051,0.10372748782015591,0.1938709322875315,1.0,0.895090190892786,1.0,0.7476306374714891,0.406227499125522,1.0,1.0,1.0,0.10784421212850427,1.0,1.0,1.0,1.0,0.0,0.0,0.0,0.0,0.0,1.0,1.0,1.0,1.0,1.0,0.8112766602554392,0.9783547441976255,0.12287129215845696,0.0,0.8407971678867138,1.0,0.3321644552949602,1.0,0.08997756576585506,0.1337812103432748,1.0,0.149120009661237,1.0,1.0,1.0,0.1449500506999163,0.517819069973269,1.0,1.0,1.0,0.5111547026226592,1.0,0.9120758139557412,0.0
gex_possorted_bam_1WGCZ:AGCGGATAGTCATTAGx-M2,0.06264164021718341,1.0,1.0,0.9727264745542863,0.0,0.39220437917152984,1.0,0.7311759124130444,1.0,0.6797944886015096,0.895760378745816,1.0,1.0,1.0,0.1417978124262817,1.0,1.0,1.0,1.0,0.0,0.0,0.0,0.0,0.0,1.0,1.0,1.0,1.0,1.0,0.9148945343055734,1.0,0.05997611971255192,0.0,0.7203633437677918,1.0,0.23565286864305232,1.0,0.12683593490374226,0.10641088428262514,1.0,0.13861885447528838,1.0,1.0,1.0,0.061042088677901736,0.529542872041108,1.0,1.0,1.0,0.4886559001542081,1.0,0.9598235948855067,0.0
gex_possorted_bam_1WGCZ:AGGACTAAGTAGAGGCx-M2,1.0,1.0,0.7412388156910926,1.0,1.0,0.08648663391021595,0.4494673743269935,1.0,0.5279771681741374,1.0,0.0,0.7779363706049305,1.0,0.949299539451497,1.0,0.0,0.0,0.0,0.3089636941514045,0.5599913332852327,0.8717747166073293,0.6524660266175216,1.0,1.0,0.3006791859242046,1.0,0.07487612379808939,0.9705655780437646,0.6273867205158187,1.0,0.0,1.0,1.0,1.0,0.0,0.931026564400158,0.14939910777882884,1.0,1.0,0.0,1.0,0.3689760885188167,0.6459249651493463,0.05293349538621659,0.9722652747894799,1.0,0.5300540160754116,0.0,1.0,1.0,1.0,0.7821279175039321,0.0
gex_possorted_bam_1WGCZ:AGCTGCTCAGCAAGTGx-M2,1.0,0.8625954549633207,0.7128319614038762,1.0,1.0,1.0,0.2129372221178318,1.0,0.6469781276517148,1.0,0.0,1.0,1.0,0.35218859275776065,1.0,0.4659346481744254,0.0,0.08520630876931677,1.0,0.7832787666022986,1.0,1.0,1.0,1.0,0.525964199251474,1.0,0.0,1.0,1.0,1.0,0.2821273725751925,1.0,1.0,1.0,0.0,1.0,0.038844641366926204,1.0,1.0,0.0,1.0,0.23217068080625367,1.0,0.37612847986682135,1.0,1.0,0.9191445595497206,0.0,1.0,1.0,1.0,1.0,0.7024233951589527
gex_possorted_bam_1WGCZ:AGCGCCTAGGCTCATGx-M2,1.0,1.0,1.0,1.0,1.0,0.8439732315734368,0.6369727274869332,1.0,0.9169248046323318,1.0,0.0,1.0,1.0,0.3051339285597829,1.0,0.3386639548361573,0.0,0.0,0.7595449960857833,1.0,1.0,1.0,1.0,1.0,0.4222847879859436,1.0,0.0,0.9664347810018833,0.9977633077937685,1.0,0.6759220982256194,1.0,1.0,1.0,0.0,1.0,0.1518959447346007,1.0,1.0,0.08530937262794326,1.0,0.2511389934192919,1.0,0.4803216345075043,1.0,1.0,1.0,0.0,1.0,1.0,1.0,1.0,0.3444483981089596
gex_possorted_bam_1WGCZ:AGCTATATCTGGTCCTx-M2,1.0,0.6362900843991177,0.0221182025204524,1.0,0.6604264915342,1.0,1.0,1.0,1.0,1.0,0.0,1.0,0.9742178800427982,0.16748432176394826,1.0,0.12488283418266763,0.0,0.0,0.9469670069287358,1.0,1.0,1.0,1.0,1.0,1.0,0.989285272223771,0.0,0.945269157895185,1.0,0.993451194221147,0.6183452562753392,1.0,1.0,1.0,0.0,1.0,0.4722028673578691,1.0,1.0,0.09117683567426056,1.0,0.302289476671407,0.8886407790737678,0.7393041588364415,1.0,1.0,0.4485113032386839,0.0,0.9921294908977608,1.0,1.0,1.0,0.7060935358987404
gex_possorted_bam_1WGCZ:AGCATCCCATGTCGCGx-M2,0.09279056857044518,1.0,1.0,0.9893450454559223,0.0,0.0,1.0,1.0,1.0,0.6803465877137739,0.0,1.0,1.0,1.0,0.0611466139075823,1.0,0.0,0.0,1.0,0.0,0.0,0.0,0.0,0.0,1.0,1.0,1.0,1.0,1.0,0.6208990105410815,1.0,0.1803511140341819,0.0,1.0,1.0,0.2971062290731364,1.0,0.0,0.0,1.0,0.19479159982345362,1.0,1.0,0.31403164403388334,0.1304922647599936,0.5126158346055476,1.0,1.0,1.0,0.6786315260399783,1.0,0.924127953323166,0.0
gex_possorted_bam_1WGCZ:AGCTTCCTCCCGTTGTx-M2,1.0,1.0,0.0,1.0,1.0,1.0,1.0,1.0,0.9670969694480723,1.0,0.0,1.0,1.0,0.36299102174741577,1.0,0.5224143619744529,0.0,0.1833925606158958,1.0,0.6705151979142611,1.0,1.0,1.0,1.0,0.978289912228176,0.8934220866114908,0.0,1.0,1.0,1.0,1.0,1.0,1.0,1.0,0.0,1.0,0.38015184348566744,1.0,1.0,0.28526805752183154,0.7938995994297987,0.39926827887449434,0.8191683021496491,0.6321117647610481,1.0,1.0,0.2999255005170439,0.0685947150280899,1.0,0.9281047743866786,1.0,1.0,0.7359305037837363
gex_possorted_bam_1WGCZ:AGCTAACTCGATTATGx-M2,0.9027496110648768,0.994725755916566,0.0,0.8215511555550878,0.7182858838349634,1.0,0.7006339228994722,0.985593043297204,0.572940926349283,0.8057719231980608,0.0,0.7072221322966837,0.6952591917183969,0.46522193559692343,0.8592294344480627,0.16026184751052805,0.0,0.028710706534910542,0.44525102209011425,0.6741112230316637,1.0,0.9515156823900391,0.8199870117771155,1.0,0.6360069913998299,0.681585550895017,0.0,1.0,1.0,0.7365466164607296,0.8678262885279934,0.692110771891643,0.8631523812611605,1.0,0.0,0.990786783632118,0.43614745891464585,0.8849322555593458,0.8668842250782142,0.49459758842392587,1.0,0.4210052761792903,0.6137817140167947,0.4996565377725892,0.8717634909907116,0.9200717891301455,0.0,0.0,0.8464232267895435,0.8962243265813611,0.8260315727330747,0.7990510013847463,0.74565004082151
gex_possorted_bam_1WGCZ:AGCCAGTGTAGTTGGCx-M2,1.0,1.0,0.04962794921474384,1.0,1.0,1.0,0.76576644420232,1.0,1.0,1.0,0.42267334132817647,0.5866052604874233,1.0,0.6941518568961361,1.0,0.8127340136672432,0.24280857358584507,1.0,1.0,0.6027892809256282,1.0,1.0,1.0,1.0,1.0,0.9923749158806137,0.0,1.0,1.0,1.0,1.0,1.0,1.0,1.0,0.0,1.0,0.692262776670718,1.0,1.0,0.1776327671089505,0.8463693755397895,0.550528195263766,0.9354728088152202,0.8631454201593043,1.0,1.0,0.47413128792189374,0.19339601669358056,1.0,1.0,1.0,1.0,1.0
gex_possorted_bam_1WGCZ:AGCTTCCTCCCTCAACx-M2,0.027447667337137282,1.0,1.0,0.9784973004000689,0.0,1.0,1.0,0.5175634432715538,1.0,0.49316420409453876,1.0,1.0,1.0,1.0,0.24398662846453759,1.0,1.0,1.0,1.0,0.0,0.0,0.0,0.0,0.0,1.0,1.0,1.0,1.0,1.0,1.0,1.0,0.0,0.0,0.5882465384584878,1.0,0.18577040337700843,1.0,0.2357292681090156,0.142511316964425,1.0,0.14107137993836608,1.0,1.0,1.0,0.023921489909218024,0.5697950969441218,1.0,1.0,1.0,0.32975062024411494,1.0,0.9721237087439413,0.0
gex_possorted_bam_1WGCZ:AGCTTTAAGGTGAAATx-M2,0.03695582999753465,1.0,1.0,0.8954015242701907,0.0,0.0,1.0,0.7429283761621261,1.0,0.5305513144372702,0.03249241561246516,1.0,1.0,1.0,0.10709322497015708,1.0,0.002151723362997903,0.0,1.0,0.0,0.0,0.0,0.0,0.0,1.0,1.0,1.0,1.0,1.0,0.9941239800400666,1.0,0.0,0.0,0.7712897859571282,1.0,0.12854910706833642,1.0,0.06767042325147657,0.07001053630492837,1.0,0.0,1.0,1.0,1.0,0.0,0.5822248113757081,1.0,1.0,1.0,0.37618863012023107,1.0,0.9718260465977548,0.0
gex_possorted_bam_1WGCZ:AGCTCATAGTGAGAGCx-M2,0.960168136130368,1.0,0.6148457819872216,0.9902266448031977,0.22547638687020694,0.5465721016779121,1.0,1.0,1.0,1.0,0.0,1.0,1.0,1.0,1.0,1.0,0.0,0.0,0.4553274622949164,0.16878309401177147,0.8251502635779767,0.4957854204249175,0.8111595793339154,0.8474706469522836,1.0,1.0,0.0,1.0,1.0,0.9007764348888531,1.0,0.951681203205384,0.9573227500252194,1.0,0.07630222014137504,1.0,1.0,1.0,1.0,0.7092679564134325,1.0,0.7472382969774927,1.0,1.0,1.0,1.0,0.8416131736138599,0.0,1.0,1.0,1.0,1.0,0.31163517437230404
gex_possorted_bam_1WGCZ:AGCCAGTGTTAAGCCAx-M2,0.8057303975925069,0.9541444178514519,1.0,1.0,1.0,0.9918905793719132,1.0,1.0,1.0,1.0,0.0,0.0,0.8303407216824117,0.3209981667791543,0.8217384940189645,0.0,0.0,0.0,0.5106467927276087,0.8177014921227777,0.650475653946309,0.9047425899662923,1.0,0.5724887904614616,0.913855312217023,1.0,0.3732429801741918,0.9404861279657394,1.0,0.6172210358276623,0.48515580256785895,1.0,0.9088318237050653,1.0,0.0571353026672065,0.9675926902664802,0.0,1.0,1.0,0.37885036867129057,1.0,0.0,0.8775020657701973,1.0,0.8369248398720466,1.0,1.0,0.0,1.0,1.0,0.6370103607565845,1.0,1.0
gex_possorted_bam_1WGCZ:AGCTTAATCGCAACATx-M2,0.033719777954722405,1.0,1.0,0.9542790114349267,0.0,0.0,1.0,0.739001769092894,1.0,0.6662334815865573,0.0,1.0,1.0,1.0,0.010120241873058121,1.0,0.0,0.0835308580396365,1.0,0.0,0.0,0.0,0.0,0.0,1.0,1.0,1.0,1.0,1.0,1.0,1.0,0.0,0.0,0.7742089467780814,1.0,0.21968416206479652,1.0,0.1671646085410459,0.22325135479568836,1.0,0.08289871649431996,1.0,1.0,1.0,0.06865227257169539,0.5710768224416832,1.0,1.0,1.0,0.3426607251594712,1.0,1.0,0.0
gex_possorted_bam_1WGCZ:AGCTTTAAGGGTCTATx-M2,0.0536055349397903,1.0,1.0,0.9752642037538972,0.0,0.8462390004767385,1.0,0.6390533680486759,1.0,0.6590466782532368,1.0,1.0,1.0,1.0,0.14854990202505267,1.0,1.0,1.0,1.0,0.0,0.0,0.0,0.0,0.0,1.0,1.0,1.0,1.0,1.0,0.8717569129062142,1.0,0.18854236009959197,0.0,0.7922092530978195,1.0,0.2279308403591638,1.0,0.08725863426020951,0.0795915846543506,1.0,0.17492846419354297,1.0,1.0,0.6167814563927128,0.0,0.5490666002346537,1.0,1.0,1.0,0.5613058078176225,1.0,1.0,0.0
gex_possorted_bam_1WGCZ:AGGAACCAGTTAACCAx-M2,1.0,1.0,0.0,1.0,1.0,1.0,0.6410123147169623,1.0,0.4972289774696621,0.9094353077866519,0.0,0.4927557685510674,0.9960016452944758,0.46562334674288924,1.0,0.4382024653288155,0.0,0.41985188853422134,0.9726419527764733,0.5284975167603149,1.0,1.0,1.0,1.0,0.8215610449354991,1.0,0.0,1.0,0.8847424318787068,0.9180045981785218,0.42267898407262267,1.0,1.0,1.0,0.0,1.0,0.12885673036058815,1.0,1.0,0.0,1.0,0.339474328592472,0.8438880938074512,0.5036362215494122,1.0,1.0,0.5459199921112308,0.0,0.9833470162219895,1.0,1.0,1.0,0.5840603274944994
gex_possorted_bam_1WGCZ:AGCCTCCGTTATCGAGx-M2,0.07212643458115343,1.0,1.0,0.9375050790030137,0.0,0.0,1.0,0.6074456080512391,1.0,0.9513289139590027,0.01303483628718774,1.0,1.0,1.0,0.19419185071297074,1.0,0.35636292531275204,0.07102278781970327,1.0,0.0,0.0,0.0,0.0,0.0,1.0,1.0,1.0,1.0,1.0,1.0,1.0,0.0,0.0,0.7252094441659666,1.0,0.19850330700036012,1.0,0.16963852884946642,0.23481930208464286,1.0,0.24664371978802957,1.0,1.0,1.0,0.02487479941954983,0.5518037000754303,1.0,1.0,1.0,0.4557994045683535,1.0,1.0,0.0
gex_possorted_bam_1WGCZ:AGGATGCAGTAACGGAx-M2,0.04629321562696274,1.0,1.0,0.8859066834029761,0.1211254442424764,0.42622138772035006,1.0,0.6867247056432507,1.0,0.6359657851019552,0.9067859512531663,1.0,1.0,1.0,0.08960412905428393,1.0,1.0,1.0,1.0,0.0,0.0,0.0,0.0,0.0,1.0,1.0,1.0,1.0,1.0,0.9161668815806386,1.0,0.0,0.0,0.7582553709382706,1.0,0.2393229836790973,1.0,0.1598120660953741,0.1307945816305148,1.0,0.2751918874181028,1.0,1.0,1.0,0.0778360309231444,0.555575532866776,1.0,1.0,1.0,0.44848194012920195,1.0,0.931726830328009,0.0
gex_possorted_bam_1WGCZ:AGCATTTCAGGACACAx-M2,0.0800330883753211,1.0,1.0,0.8249142858493187,0.07419065250913685,0.0,1.0,0.669194771348403,1.0,1.0,0.0,1.0,1.0,1.0,0.21822933842905795,1.0,0.0,0.0,1.0,0.0,0.0,0.0,0.0,0.0,1.0,1.0,1.0,1.0,1.0,1.0,1.0,0.008853135862249114,0.0,0.7542424743783053,1.0,0.315735632779795,1.0,0.2320829291717101,0.23275475281861854,1.0,0.16132919367843115,1.0,1.0,1.0,0.07881230184327323,0.5217022410218226,1.0,1.0,1.0,0.5353400279850441,1.0,1.0,0.06829861866521673
gex_possorted_bam_1WGCZ:AGGAGCTAGTAAGAACx-M2,0.09701320113082142,1.0,0.9815646604102648,1.0,0.0,0.0,1.0,1.0,1.0,0.6134047897034501,0.0,1.0,1.0,1.0,0.08416502466265918,1.0,0.0,0.010019327425092563,1.0,0.0,0.0,0.0,0.0,0.0,1.0,1.0,1.0,1.0,1.0,0.6457183070786462,1.0,0.12415465523719695,0.0,0.8915632930645393,1.0,0.28186715405751606,1.0,0.00040273698911739666,0.0,1.0,0.1475401325966876,1.0,1.0,0.0653434559899455,0.15816408447575003,0.5227534941979515,1.0,1.0,1.0,0.6953316117201372,1.0,0.9052985381230013,0.0
gex_possorted_bam_1WGCZ:AGGACTAAGCTTTGTTx-M2,1.0,0.9385416461784216,0.3655447517357445,1.0,1.0,0.8614985645018574,0.4296086648875538,1.0,0.6123909983277753,1.0,0.0,1.0,0.9195795023156871,0.10703831503698402,1.0,0.0,0.0,0.0,0.679404040883222,0.7880013212699678,1.0,1.0,1.0,1.0,0.5988195915757711,1.0,0.0,0.8324930823747593,0.604912255911872,1.0,0.3143490591931097,1.0,1.0,1.0,0.0,1.0,0.0,1.0,1.0,0.0,1.0,0.045755388594482936,0.8887331037435617,0.43220463765192824,1.0,1.0,0.5624089429028549,0.0,1.0,1.0,0.985264179538853,1.0,0.047274527496700365
gex_possorted_bam_1WGCZ:AGCGGACCATAAGGACx-M2,0.9702139637377442,0.9931050726350358,1.0,1.0,1.0,1.0,0.14234694464567907,1.0,1.0,1.0,0.0,1.0,1.0,0.7269125296347235,1.0,0.35524551310684616,0.0,0.0,0.13944002964611574,0.693201300958671,0.45772213221910146,0.8914172231625218,1.0,0.6813734026418165,0.9678150734998033,1.0,0.0,1.0,0.6987312539609891,1.0,0.10909860729968965,1.0,1.0,1.0,0.0,1.0,0.0,1.0,1.0,0.06664314523319023,1.0,0.0,1.0,1.0,1.0,1.0,1.0,0.0,1.0,1.0,1.0,1.0,1.0
gex_possorted_bam_1WGCZ:AGCTTCCTCGGTTAGTx-M2,1.0,0.9596078777008713,0.0,1.0,1.0,0.8083573082189265,0.6509918556145838,1.0,0.661697470659261,1.0,0.0,1.0,1.0,0.0,1.0,0.2581463380648858,0.0,0.0,0.7460613392041386,1.0,1.0,1.0,1.0,1.0,0.6391798297913426,1.0,0.0,0.7720472820690818,1.0,1.0,0.025313937484005504,0.9920232319862017,1.0,1.0,0.0,1.0,0.21547740810591964,1.0,1.0,0.0,1.0,0.20195163174748304,0.6905168539542893,0.0,1.0,1.0,0.47083552066489853,0.13908280507328408,1.0,1.0,0.8551830089387927,1.0,0.3702829345360034
gex_possorted_bam_1WGCZ:AGGATATAGTTAACCAx-M2,1.0,1.0,0.0,0.8847744046175372,1.0,1.0,0.0,0.9207041429631749,0.0,1.0,1.0,0.5566377032762225,1.0,1.0,1.0,1.0,1.0,1.0,1.0,0.1445506721848866,1.0,1.0,1.0,0.7279937628210141,0.7247789051000294,1.0,0.2419216803360094,1.0,0.6996184536300082,0.8815624057014415,0.344697376802117,0.9811995598049612,1.0,0.609282486044224,0.4214985255028577,1.0,0.8160009873259028,1.0,1.0,0.16494235008565536,1.0,1.0,0.9095215821364174,0.026927952089942392,0.6709641867795169,1.0,1.0,1.0,1.0,1.0,0.7182371984270446,1.0,0.22589910888303683
gex_possorted_bam_1WGCZ:AGCCTAGTCTTTAAGGx-M2,1.0,1.0,0.16544244796120422,1.0,0.6522709288167813,0.8102408781324892,1.0,1.0,1.0,1.0,0.0,1.0,1.0,1.0,1.0,0.6320119495870105,0.0,0.0,0.5309210024999692,0.6466033140427349,1.0,0.927076332063209,1.0,1.0,1.0,1.0,0.0,1.0,1.0,1.0,1.0,1.0,1.0,1.0,0.0,1.0,0.48254299392711736,1.0,1.0,0.5011246424257348,1.0,0.7156308931192512,1.0,1.0,1.0,1.0,0.9953197599828484,0.0,1.0,1.0,1.0,1.0,0.5212804254984353
gex_possorted_bam_1WGCZ:AGCTTAATCCCTGACTx-M2,1.0,0.9053616236873452,0.0,1.0,1.0,1.0,0.7213033418766108,1.0,0.3145044776155857,1.0,0.0,0.6186090235212433,1.0,0.17325806674203892,1.0,0.2689487258390418,0.0,0.32400524882080795,1.0,0.8927758193244396,1.0,1.0,1.0,1.0,0.8704978619281282,0.9229630173663277,0.0,0.9714019364720125,1.0,0.9869302080938591,0.9605517747808001,1.0,1.0,1.0,0.0,1.0,0.19223639166167575,1.0,1.0,0.057850023485702194,1.0,0.0,0.7392277530502581,0.3950328495022185,1.0,1.0,0.2304162452187802,0.0,0.873308672299391,1.0,1.0,1.0,1.0
gex_possorted_bam_1WGCZ:AGCGGATAGTACCGCAx-M2,1.0,1.0,0.13355377937125776,1.0,1.0,1.0,0.25573503907502815,1.0,0.5326733799890475,1.0,0.0,0.9010430829062291,1.0,0.32172757594746143,1.0,0.25067833233920267,0.0,0.0,0.957258772574159,1.0,1.0,1.0,1.0,1.0,0.18265780564980247,1.0,0.0,1.0,1.0,1.0,0.9760415494644223,1.0,1.0,1.0,0.0,1.0,0.1119883817947052,1.0,1.0,0.0,1.0,0.1260076703988844,0.8821315211289125,0.4493167251727586,1.0,1.0,0.4920819441480523,0.0,1.0,1.0,1.0,1.0,0.5630561570643069
gex_possorted_bam_1WGCZ:AGCTACGTCTTAGCGGx-M2,1.0,1.0,0.28326480386008557,1.0,1.0,1.0,0.6371548466007811,1.0,0.5982861027298487,1.0,0.2582196018212303,0.7888729660518587,1.0,0.7611187387884989,1.0,0.23168319354381803,0.06937206060676814,0.9646452437118888,1.0,0.8289550436682933,1.0,1.0,1.0,1.0,0.5157118910312192,0.917648084343133,0.0,1.0,1.0,1.0,1.0,1.0,1.0,1.0,0.0,1.0,0.362214662132478,1.0,1.0,0.17490866282048648,1.0,0.20986675820135678,0.9380721329832357,1.0,1.0,1.0,0.33609115491822394,0.0009525360803481345,1.0,1.0,1.0,1.0,1.0
gex_possorted_bam_1WGCZ:AGGATGCAGGCCAATTx-M2,0.0,1.0,1.0,0.9038974283069482,0.0,1.0,1.0,0.41551671700099074,1.0,0.7630335002527326,1.0,1.0,1.0,1.0,0.4365453594963389,1.0,1.0,1.0,1.0,0.0,0.0,0.0,0.04390722199000039,0.0,1.0,1.0,1.0,1.0,0.8445241799428894,1.0,1.0,0.0,0.0,0.46857218992881333,1.0,0.3235154931997119,1.0,0.26682615738601306,0.08037855172497423,1.0,0.2831160317829512,1.0,1.0,1.0,0.07726941018596474,0.5223996856563915,1.0,1.0,1.0,0.5019493326116882,1.0,0.972353971666645,0.0
gex_possorted_bam_1WGCZ:AGCATCCCAGGCTGTTx-M2,0.0917299763144561,1.0,1.0,0.7448806571242779,0.0,0.0,1.0,0.7478647463899813,1.0,1.0,0.0,1.0,1.0,1.0,0.35239224356109594,1.0,0.3961097341139603,0.0,1.0,0.0,0.0,0.0,0.0,0.0,1.0,1.0,1.0,1.0,0.9980127568996069,1.0,1.0,0.0,0.0,0.8270850735113378,1.0,0.39574422880775334,1.0,0.22753728001020318,0.17627227297552922,1.0,0.3923624150630655,1.0,1.0,1.0,0.266229734785113,0.5514729573382442,1.0,1.0,1.0,0.5021610425522257,1.0,0.9191949995186163,0.0
gex_possorted_bam_1WGCZ:AGGATTGAGTTAGCTAx-M2,0.0,1.0,1.0,0.8179805256727839,0.0,1.0,1.0,0.3277663522798512,1.0,0.4480009226327847,1.0,1.0,1.0,1.0,0.2525031063926134,1.0,1.0,1.0,1.0,0.0,0.0,0.0,0.0,0.0,1.0,0.9411877328360518,1.0,1.0,0.8835743889618872,0.9127607807347878,1.0,0.12830063128214814,0.0,0.4274532083194297,1.0,0.12077539846858686,1.0,0.2202364279993103,0.052659546609803445,1.0,0.28460791503933497,1.0,1.0,1.0,0.0,0.34761917208822424,1.0,1.0,0.8496831207907237,0.23575841118682547,1.0,0.7063548199567563,0.0
gex_possorted_bam_1WGCZ:AGGCAATCAATCTCTCx-M2,0.9398488887534228,0.7964283981166362,1.0,0.9351181785235456,1.0,1.0,0.0,0.7644619717612386,0.47966190642648204,1.0,0.04460540255083001,1.0,0.8411027649508535,0.06958161647734377,1.0,0.17154096148175166,0.0,0.0,0.34609506114278066,1.0,1.0,1.0,1.0,0.9589496932662838,0.44329010493709603,1.0,0.0,0.668529786032576,0.5756159225057853,1.0,0.4440655466660688,1.0,1.0,0.8464548256772205,0.0,0.9298422343001249,0.0,0.7991159327880469,0.9690913259205944,0.0,1.0,0.0,1.0,1.0,0.9397950793912528,1.0,0.9206974016933341,0.0,0.8785880513813239,1.0,0.6570905143917068,0.9021153945101048,1.0
gex_possorted_bam_1WGCZ:AGCCGCTAGGAACCAAx-M2,1.0,0.6593510411640225,0.5000736868034596,1.0,1.0,0.44015455284907595,0.5206253693413309,1.0,0.5360678155075462,0.9575832701595971,0.0,1.0,0.8625216698978189,0.18345777770072338,1.0,0.09008328152217529,0.0,0.0,0.6206424047042031,0.9532437164128343,1.0,0.9641968085025497,1.0,1.0,0.5100056495238349,1.0,0.0,0.9100627182198681,0.8246055923342289,1.0,0.0,1.0,1.0,1.0,0.0,1.0,0.33312343760843854,1.0,1.0,0.0,1.0,0.24362768029492488,0.8864831606119559,0.33957561488411764,1.0,1.0,0.7972686601244199,0.0,1.0,1.0,1.0,0.9029833741696333,0.0
gex_possorted_bam_1WGCZ:AGCCGCTAGATGGAGCx-M2,0.07097186763915096,1.0,1.0,1.0,0.270369398254804,0.0,1.0,0.933832462848548,1.0,1.0,0.0,1.0,1.0,1.0,0.21053300505107383,1.0,0.0,0.0,1.0,0.0,0.0,0.0,0.0,0.0,1.0,1.0,1.0,1.0,1.0,0.9834699131215829,1.0,0.13715731630632114,0.0,0.8690175868714921,1.0,0.27004727353641644,1.0,0.06102389244373023,0.04979405967851398,1.0,0.34497196938046165,1.0,1.0,1.0,0.052221093200995314,0.5752767134383934,1.0,1.0,1.0,1.0,1.0,1.0,0.0
gex_possorted_bam_1WGCZ:AGCCTAGTCTAAGTCAx-M2,0.08308682079145556,1.0,0.8954137416988123,0.9651989592152352,0.0,0.0,1.0,0.8060782858383452,1.0,0.6869657770686907,0.0,1.0,1.0,1.0,0.2088206424264121,1.0,0.0,0.0,1.0,0.0,0.0,0.0,0.0,0.0,1.0,1.0,1.0,1.0,1.0,0.8189329323516149,1.0,0.042169558151930284,0.0,0.7172613443965924,1.0,0.24708482426445155,1.0,0.0,0.017266289430041444,1.0,0.16434764010382877,1.0,1.0,0.593315271820055,0.02816368434989413,0.5471966937056854,1.0,1.0,1.0,0.6131997177769718,1.0,0.9590265868464652,0.0
gex_possorted_bam_1WGCZ:AGCGGACCAGTTATCGx-M2,1.0,1.0,0.11850631905880803,1.0,1.0,1.0,0.8074069997490149,1.0,0.7679283934987927,1.0,0.0,0.7539719135216895,1.0,0.4338672276367831,1.0,0.39960547886232134,0.0,0.6680105615792226,0.9265599661638384,0.7080713553519261,1.0,1.0,1.0,1.0,1.0,1.0,0.0,1.0,0.7920773576418548,1.0,0.5574653961322449,1.0,1.0,1.0,0.0,1.0,0.13708420944527552,1.0,1.0,0.10497563193547824,1.0,0.3607938931538546,1.0,0.8847741481287409,1.0,1.0,0.5405576658564669,0.0,1.0,1.0,0.992788625527881,1.0,1.0
gex_possorted_bam_1WGCZ:AGCTACGTCCAAATCAx-M2,1.0,0.9713534958867603,0.6202903411721183,1.0,1.0,0.41311311184295185,0.49098481447828674,1.0,0.7535693767714654,1.0,0.0,1.0,1.0,0.3170333629052985,1.0,0.4533139290676114,0.0,0.0,0.6645350964487247,0.9352880453907448,0.9856787327018788,1.0,1.0,1.0,0.08293764366970545,1.0,0.0,1.0,0.9193931835602718,1.0,0.1007090361746355,1.0,1.0,1.0,0.0,1.0,0.0,1.0,1.0,0.0,1.0,0.0,1.0,0.730539861212803,1.0,1.0,1.0,0.0,1.0,1.0,1.0,1.0,0.0
gex_possorted_bam_1WGCZ:AGGATCCGTGCATCGGx-M2,1.0,0.6861160152205468,0.0,0.8533127709884684,0.9176408374445565,1.0,0.6351215295199488,0.9336995415945992,0.49414039993164344,0.9716406740820022,0.1945453137348934,0.3911483445115785,0.6070904798802123,0.07917316222556416,0.969180701839653,0.4409118919334677,0.0,0.7398980008689426,0.7512257249529743,0.4563253460742091,1.0,1.0,0.9991311538268802,1.0,0.7134587883157936,0.7299908074917973,0.0,0.7144003502376488,0.8233334557974384,1.0,0.8449679009513243,0.7810301568034306,0.9283809534022723,0.8400263935453449,0.0,1.0,0.34391183784171253,0.9330714649943623,0.9519219983966826,0.08230586885760413,0.6719966440058758,0.4775917857013379,0.5042621686747116,0.4608512671808889,1.0,0.9606726782178524,0.08923103139374244,0.0007507570713629496,0.8043056742389715,0.8181172809995908,0.9816098815574639,0.9815935566051546,1.0
gex_possorted_bam_1WGCZ:AGCTCATAGTTTCCTGx-M2,1.0,1.0,0.95650775220406,1.0,1.0,1.0,0.230846291770894,1.0,0.3780392106203354,1.0,0.0,0.8301569759805658,1.0,0.24791493354135496,1.0,0.06023831387558516,0.0,0.0,0.8619806712615236,0.9720723747016291,1.0,1.0,1.0,1.0,0.4829788097534942,1.0,0.0,1.0,1.0,1.0,0.6245938917041138,1.0,1.0,1.0,0.0,1.0,0.047576665087901884,1.0,1.0,0.0,1.0,0.1273087142081917,0.9418375137498306,0.942129231704825,1.0,1.0,0.6073965549220017,0.0,1.0,1.0,1.0,1.0,0.7784587347621212
gex_possorted_bam_1WGCZ:AGCGGATAGACTATTGx-M2,1.0,0.9820835502926065,1.0,1.0,1.0,0.5254943054553176,0.0,1.0,0.994138793197138,1.0,0.0,1.0,1.0,0.6461286028302854,1.0,0.0874566985312924,0.0,0.0,0.0,0.12877770675252093,0.0,0.5595916008224716,1.0,0.5972237646307696,0.6957622082941473,1.0,0.0012591550450898317,0.9181783866976131,0.7603765946330991,1.0,0.0,1.0,1.0,1.0,0.0,1.0,0.0,1.0,1.0,0.0,1.0,0.0,1.0,1.0,1.0,1.0,1.0,0.0,1.0,1.0,1.0,1.0,0.20300479112808664
gex_possorted_bam_1WGCZ:AGCCGGTTCATTAGGCx-M2,1.0,0.9298604913844479,0.3205547429808209,1.0,1.0,1.0,0.27927376265609377,1.0,0.17357662121600395,0.9247005069977695,0.31858392308126465,0.4783409699711675,0.5995101259120243,0.2863889989852391,1.0,0.0,0.0602391220993148,0.7619936008350862,0.9461860392676468,0.6652956237171133,1.0,1.0,1.0,1.0,0.5247274806647282,0.9267396397415775,0.0,0.8780811323798687,1.0,1.0,0.6992412367166582,1.0,1.0,1.0,0.0,1.0,0.024400679893509563,0.9832272422770728,1.0,0.0,1.0,0.4023768527779602,0.7845445017830078,0.4767973825662882,1.0,1.0,0.4067615919737293,0.06408127174317337,0.9548276069030921,1.0,0.7620980443849128,0.9996428856468248,0.9066001109769548
gex_possorted_bam_1WGCZ:AGCGCTCAGGAGGACTx-M2,1.0,1.0,1.0,1.0,1.0,1.0,0.0,0.9984196799587076,1.0,1.0,0.0,1.0,1.0,0.26671738568506004,1.0,0.2220016903504914,0.0,0.1801706190256396,0.592608437727188,0.844380964567647,1.0,1.0,1.0,0.9473483916616146,0.9671642177749895,1.0,0.0,1.0,0.8240431581520563,1.0,0.2793531222740766,1.0,1.0,1.0,0.0,1.0,0.0,1.0,1.0,0.0,1.0,0.0,1.0,0.9335477189393715,1.0,1.0,0.6751942400774932,0.0,1.0,1.0,0.7858392241425719,1.0,1.0
gex_possorted_bam_1WGCZ:AGGATGCAGGTTTGACx-M2,0.7994494217437398,1.0,1.0,1.0,1.0,0.6713977518697087,1.0,1.0,1.0,1.0,0.0,0.08061765243946943,1.0,0.8953193170973296,0.9031239652766829,0.3438919531377909,0.0,0.0,0.6391458534177337,0.3667573392273082,0.44356787546546944,0.46477140657204485,1.0,0.10488687232801563,1.0,1.0,0.5890276110747023,0.8943124524663218,1.0,0.5288219002974834,0.0,1.0,0.9828346043785541,1.0,0.1891401961281511,0.9342908045137893,0.1874921094364564,1.0,1.0,0.22445055116792922,1.0,0.276492197327717,1.0,1.0,0.47509248879156457,1.0,1.0,0.025596619077570902,1.0,1.0,0.668967791459076,0.9670532113873596,0.500829440406494
gex_possorted_bam_1WGCZ:AGCATTTCAAAGGTACx-M2,1.0,0.9831418047206321,0.0,1.0,0.936052945392612,1.0,0.602801840707813,1.0,0.2401682951563576,1.0,0.11495033720525906,0.962636375214336,1.0,0.5098884537283197,1.0,0.5048327239875702,0.0,0.5351687577942988,1.0,0.8054252835721821,1.0,1.0,1.0,1.0,0.7122629443613251,0.9720019239495734,0.0,1.0,1.0,1.0,1.0,1.0,1.0,1.0,0.0,1.0,0.284259082744197,1.0,1.0,0.17316255282360885,1.0,0.2377649123892453,0.7714234935670716,0.4247346786868835,1.0,1.0,0.3726142138279373,0.0,1.0,1.0,1.0,1.0,0.7712709299973063
gex_possorted_bam_1WGCZ:AGGAGCTAGTTGTCTTx-M2,1.0,0.8018928848888593,0.0,1.0,0.8271623069998203,0.8681613619158713,0.6703418978428343,1.0,0.9587324542181894,0.954606580481524,0.0,1.0,0.8752829391904845,0.5939300326259437,1.0,0.1357505404759938,0.0,0.0,0.7873666359780789,0.4125962764593694,1.0,1.0,1.0,1.0,0.42795744801620483,1.0,0.0,0.8870645356949932,0.6291298239544321,1.0,1.0,1.0,1.0,1.0,0.0,1.0,0.23168731526705488,1.0,1.0,0.0,1.0,0.4783306274416297,0.8824007095066364,0.907939023084953,1.0,1.0,0.2073143784223503,0.01037418483627025,0.9823921008085768,1.0,1.0,0.9900699396615378,0.0898342018439929
gex_possorted_bam_1WGCZ:AGCCGGTTCTCCATATx-M2,1.0,1.0,1.0,1.0,1.0,1.0,0.0,0.9185628859781593,1.0,1.0,0.0,1.0,1.0,0.5845664106625243,1.0,0.12321440155287802,0.0,0.0,0.04303985452831982,0.45999738045651406,0.576549361554069,1.0,1.0,0.8183328580547804,0.8803478310890352,1.0,0.0,1.0,0.7701010409548049,1.0,0.0,1.0,1.0,1.0,0.0,1.0,0.0,1.0,1.0,0.0,1.0,0.0,1.0,1.0,1.0,1.0,1.0,0.0,1.0,1.0,0.9470617628316544,1.0,1.0
gex_possorted_bam_1WGCZ:AGGAACCAGGTCCACAx-M2,1.0,0.6970429768346021,0.0,1.0,0.9976694848252068,1.0,0.36643555491513374,1.0,0.0,0.937098109209621,0.22836465673673,0.7651688240078729,1.0,0.034126933237936426,1.0,0.18699341372943454,0.0,0.39384152782564646,0.97416976115333,1.0,1.0,1.0,1.0,1.0,0.9755705817275129,0.9547628949793466,0.0,0.8159249972648122,0.852682744539635,1.0,0.5762802798059455,1.0,1.0,1.0,0.0,1.0,0.06850962461235083,1.0,1.0,0.004530542365773567,1.0,0.09742469356020654,0.9062209702967128,0.2352781925491443,1.0,1.0,0.4900792566675284,0.0,0.9740626944249277,1.0,1.0,1.0,1.0
gex_possorted_bam_1WGCZ:AGGCCCAGTTCCGCACx-M2,1.0,0.8542717216990581,0.6711592142905785,1.0,1.0,0.4955307978500396,0.0,1.0,0.2819422354522887,1.0,0.0,0.876750877365173,0.7583387159029398,0.3548679683851044,1.0,0.0,0.0,0.0,0.7037218336110034,0.5749863739083694,1.0,1.0,1.0,1.0,0.0,1.0,0.0,0.6763534936495439,0.7021424609198966,1.0,0.4254486877953034,1.0,1.0,1.0,0.0,0.9561891145580921,0.0,1.0,1.0,0.0,1.0,0.2708824203530944,0.6290734711982274,0.17653091442476046,0.9868700247122038,1.0,0.6125534823873351,0.12191800171848766,1.0,1.0,1.0,0.9128048085697096,0.0
gex_possorted_bam_1WGCZ:AGGACTAAGGCTTAGTx-M2,1.0,1.0,0.0,1.0,1.0,1.0,0.6983549576847007,1.0,0.0,1.0,0.5539423862179561,0.8759708769737128,1.0,0.5417532157682792,1.0,0.2587126108678646,0.24605832543618947,1.0,1.0,0.8232861889154957,1.0,1.0,1.0,1.0,0.816987391966268,0.9950567353874687,0.0,0.9376913839710825,1.0,1.0,0.9834089191524282,1.0,1.0,1.0,0.0,1.0,0.1096864807456489,1.0,1.0,0.02255045608368878,1.0,0.08717528210460664,0.6042074884802674,0.17412400175918746,1.0,1.0,0.0,0.0,0.9641880172098265,1.0,1.0,1.0,1.0
gex_possorted_bam_1WGCZ:AGCTTCCTCCTCCTAAx-M2,1.0,0.7263318735555822,0.49997913117460435,1.0,1.0,0.5916701873312255,0.16029230993700078,1.0,0.7093534249699014,1.0,0.0,0.5143909156126178,0.6904611444074776,0.37266445204451165,1.0,0.0,0.0,0.0,0.392900441943942,0.7693921520286958,1.0,0.8954842166257835,1.0,1.0,0.1993942232534603,1.0,0.0,0.7254410675876514,0.6511842243322065,1.0,0.10872192983390645,1.0,1.0,0.916839512401239,0.0,0.9043687659010703,0.28595810306799035,1.0,1.0,0.0,1.0,0.046912534353825364,0.6847726893145843,0.38973714444867996,0.9140045937451329,1.0,0.624222104970103,0.0,0.9396964741164053,1.0,1.0,0.7551106185086225,0.24447979270482756
gex_possorted_bam_1WGCZ:AGCCGGTTCATGGCTGx-M2,0.8769984844749787,0.7383095605769031,0.24189131045885842,0.91581506693199,0.8390708508950603,0.6407808505742337,1.0,0.7977465199397247,1.0,0.6220446734729872,0.0,0.5302704579357794,0.9610718061247383,0.834381136480376,0.743947310460263,0.4894031743288077,0.0,0.11876598820746968,0.7708730562414813,0.4218797177174403,0.8558174297364326,0.8085981447838009,0.7929031717558872,0.4573040074321275,0.9972492519329382,0.7516741400691322,0.14747269987256953,0.9476616090914705,0.4006288005810422,0.8830861015973428,0.0047415307455795355,0.5457163084954575,0.772259757357791,1.0,0.2905493728087053,0.8889183383039188,1.0,0.9962249173074459,0.7858330203298636,0.16471166845808405,1.0,0.9976757484250847,0.6984599211344883,0.0,0.9903735851240251,0.8701813421128185,0.48142947312524936,1.0,0.6959044567849573,0.8162154212659635,0.8875202304020514,0.8544065715097764,0.9237747137944696
gex_possorted_bam_1WGCZ:AGCGCTCAGTTACCGGx-M2,0.12176156168527713,1.0,1.0,0.9467416356226459,0.03335068503492008,0.0,1.0,0.8773584427471052,1.0,0.8910161511753006,0.0,1.0,1.0,1.0,0.15275942734739792,1.0,0.0,0.0,1.0,0.0,0.0,0.0,0.0,0.0,1.0,1.0,1.0,1.0,1.0,0.8987808451944033,1.0,0.0,0.0,0.8964151057709843,1.0,0.3367107844375519,1.0,0.041041610893137,0.0978009902246784,1.0,0.2897252294605801,1.0,1.0,1.0,0.1349825410673788,0.5403381728071553,1.0,1.0,1.0,0.7554140838159539,1.0,0.9390630296078559,0.08680887116964373
gex_possorted_bam_1WGCZ:AGCTCATAGTAACGGAx-M2,1.0,0.8768569501878626,1.0,1.0,1.0,0.4799796693824441,0.23370831782527357,1.0,0.6827708059425271,1.0,0.0,1.0,0.8867849570108367,0.0,1.0,0.14909838741873938,0.0,0.0,0.6090044892424138,0.9565642461022278,1.0,0.9825227194527529,1.0,1.0,0.1630821393954768,1.0,0.0,0.9981059343854071,1.0,1.0,0.0,1.0,1.0,1.0,0.0,1.0,0.16207380886489872,1.0,1.0,0.0,1.0,0.0,1.0,0.7175745272715952,1.0,1.0,0.6279033607930715,0.0,1.0,1.0,1.0,0.9660839636738014,0.0
gex_possorted_bam_1WGCZ:AGCTAACTCGTCCTTAx-M2,0.0,1.0,1.0,0.5449211129917858,0.0,0.06014726470475212,1.0,0.25693137363112617,1.0,0.4312155239827651,1.0,1.0,1.0,1.0,0.08126766897863043,1.0,1.0,0.8635111922780424,1.0,0.0,0.0,0.0,0.0,0.0,1.0,0.6413266269380925,1.0,1.0,1.0,0.5337478100122365,1.0,0.0,0.0,0.3834817360486832,1.0,0.04979477865112193,1.0,0.04919567774115695,0.0,1.0,0.29354825848583677,1.0,1.0,1.0,0.0,0.2554637037289052,1.0,1.0,0.6445171260541602,0.17333409022937615,1.0,0.5410137398750873,0.0
gex_possorted_bam_1WGCZ:AGGAACCAGCTTAGTAx-M2,0.05350643200873193,1.0,1.0,1.0,0.2804638067020739,0.0,1.0,0.7522331723405233,1.0,0.9331622298764215,0.0,1.0,1.0,1.0,0.18660284050294992,1.0,0.0,0.0,1.0,0.0,0.0,0.0,0.0,0.0,1.0,1.0,1.0,1.0,1.0,1.0,1.0,0.08377922733977285,0.0,0.8771138342759575,1.0,0.2678891044396603,1.0,0.07770035014819768,0.11183733715876606,1.0,0.15778498424924425,1.0,1.0,1.0,0.0,0.5739242081132705,1.0,1.0,1.0,0.7655937525844562,1.0,1.0,0.14532514836377589
gex_possorted_bam_1WGCZ:AGCTAAACAGGCATGAx-M2,0.2945266450132695,0.8011607937178564,0.613828614814631,0.5279950306652125,0.11352872983232654,0.21227485203399316,1.0,0.5640028471230342,1.0,0.4200934034871483,0.7645793638033894,1.0,0.6425385720399072,1.0,0.34738244843720184,1.0,0.7342850146922765,0.3484216031319685,1.0,0.0,0.0,0.0,0.27792408241938216,0.0,1.0,0.7200180198788465,1.0,0.7256813754566215,1.0,0.7221703474382954,0.5627424053444244,0.4329331067902893,0.03532136176806817,0.6325749257297522,1.0,0.3407977153090459,1.0,0.3755497031805017,0.17585837491889772,0.8186808866636472,0.0,1.0,1.0,1.0,0.47061602221035803,0.5036377918697187,1.0,1.0,0.43868223344310736,0.6564911423222437,0.4787288581604348,0.6169668235576523,0.0
gex_possorted_bam_1WGCZ:AGTAATGCAATATAGGx-M2,1.0,1.0,0.19956367215136855,1.0,0.5189074908641602,0.21356296430752247,1.0,1.0,1.0,1.0,0.0,1.0,1.0,0.539790993155383,1.0,0.21786143918417955,0.0,0.0,0.30600786395123886,1.0,0.9369409713377336,0.5600905817186292,1.0,0.958102987966745,1.0,1.0,0.11561062920647669,1.0,1.0,0.6106446782532713,0.548807634258214,1.0,1.0,1.0,0.12335794790346576,1.0,0.5585705230315692,1.0,1.0,0.2946575626900167,1.0,0.4099689652535185,0.7363778529282305,0.8902826566502461,1.0,1.0,1.0,0.0,1.0,1.0,0.8096836491471858,0.7566536057158111,0.2883106616431656
gex_possorted_bam_1WGCZ:AGTCGCATCGCACAATx-M2,0.33224271145483486,0.8301290809479969,1.0,0.5613948144222417,0.0,0.6082799623408851,1.0,1.0,0.9434471871830922,1.0,0.0,1.0,0.22363768493313727,1.0,0.9178616259455205,0.63490338885438,1.0,0.683918114422132,0.4488184590360918,1.0,0.568663604480671,0.10141717270499306,0.569705325444884,0.6193966746844778,0.2650259994903623,0.380580534844849,0.005965189990805216,1.0,0.9326744444536196,0.38347617472340845,0.0,0.0,0.6337710443549073,0.5851391246829698,0.7180446582657867,0.8378622018110055,0.5278861118075844,0.6020600491078424,0.9752341050786643,0.47360259584459397,1.0,1.0,0.2095034839690126,0.2570170770001633,0.9446717759493367,0.31011835066338117,1.0,0.0,0.5120083954805743,0.9257458324161524,0.0,0.12374248241069542,1.0
gex_possorted_bam_1WGCZ:AGTAATGCATCATGGCx-M2,1.0,1.0,0.0,1.0,1.0,1.0,0.6730678067081068,0.996963405802916,0.5790147041272321,1.0,0.3283327756096879,0.7293367150756166,0.9934535515650712,0.4095793507867019,1.0,0.19993626236348971,0.025364287650756694,0.9006131958999555,1.0,0.6207540588141283,1.0,1.0,1.0,1.0,0.6640144515064309,0.9428693681394473,0.0,1.0,0.8556963908993587,1.0,0.7951460764146991,1.0,1.0,0.9700581169647624,0.0,1.0,0.0,1.0,1.0,0.0,1.0,0.29643459610307404,0.9681994276040156,0.0,1.0,1.0,0.18139294504699682,0.0,0.9077016944160838,1.0,0.922439990319697,1.0,0.8842333285139474
gex_possorted_bam_1WGCZ:AGTAAGTAGAACCTGTx-M2,1.0,1.0,0.0,1.0,1.0,1.0,0.4307942006934845,1.0,1.0,0.9368561655639335,0.23574344684427406,0.7497063024841806,0.9865233282904065,0.3144292397089407,1.0,0.4853723186788047,0.0,1.0,1.0,0.6209390791354321,1.0,1.0,1.0,1.0,0.7466739595105002,0.8873145206392512,0.0,1.0,1.0,1.0,1.0,0.9524381458013709,1.0,1.0,0.0,1.0,0.17360304446511104,1.0,1.0,0.15273846104831457,0.8119058370960511,0.1537655950658067,0.9297734523456435,0.7049493224525352,1.0,1.0,0.4075575596708277,0.040819972286381824,1.0,1.0,1.0,1.0,1.0
gex_possorted_bam_1WGCZ:AGGGCTACAGAATGACx-M2,1.0,0.923500182126855,0.0,1.0,1.0,1.0,0.7392236855515572,1.0,0.7549575311148962,1.0,0.0,0.7617837408291448,0.9770509762850004,0.3073380908332868,1.0,0.0,0.0,0.23376241683544172,0.8099658687153212,0.8232543064036669,1.0,1.0,1.0,1.0,0.9356513802448246,1.0,0.0,1.0,0.7701965274851766,1.0,0.5529905683880714,1.0,1.0,1.0,0.0,1.0,0.11639480142209102,1.0,1.0,0.0,1.0,0.2782233761620949,0.857005858554038,0.22353561492451265,1.0,1.0,0.39283663070698227,0.0,0.9755459124912099,1.0,1.0,1.0,0.8998571772987474
gex_possorted_bam_1WGCZ:AGGTTAGAGCTGTCAGx-M2,0.05304624077001939,1.0,1.0,0.963229743225973,0.0,0.0,1.0,0.8145473346760788,1.0,0.7482269484356201,0.0,1.0,1.0,1.0,0.06151122533289549,1.0,0.0,0.0,1.0,0.0,0.0,0.0,0.0,0.0,1.0,1.0,1.0,1.0,1.0,0.4302338329545911,1.0,0.10752292407732934,0.0,0.9703256719512222,1.0,0.21530050849363574,1.0,0.0,0.0,1.0,0.17650747857369856,1.0,0.9038698922666976,0.0,0.0,0.5187814935296471,1.0,1.0,1.0,0.5969643990507352,1.0,1.0,0.0
gex_possorted_bam_1WGCZ:AGGCTAAAGTAGCCATx-M2,1.0,0.6582500457897544,1.0,1.0,1.0,0.9162091211777151,0.22017413112130277,1.0,0.26923388135191173,1.0,0.0,0.8522539095544287,1.0,0.270214236163459,1.0,0.13636517717096028,0.0,0.0,0.6715752193079676,0.8321942983906979,1.0,1.0,1.0,1.0,0.4492158278368841,1.0,0.0,1.0,1.0,1.0,0.2535120371634043,1.0,1.0,1.0,0.0,1.0,0.1357281026901777,1.0,1.0,0.0,1.0,0.06805692665553092,0.953927770900434,0.53252948046373,1.0,1.0,0.8037649308466784,0.0,1.0,1.0,1.0,1.0,0.10937060861650742
gex_possorted_bam_1WGCZ:AGTACGCGTGTGTGGTx-M2,1.0,0.9277219875185498,0.1063223038907595,1.0,1.0,1.0,0.7739130048709104,1.0,0.844436302585127,1.0,0.35779896904540687,1.0,1.0,0.966023061393099,1.0,0.6664804298045881,0.0,1.0,1.0,0.9497108627616879,1.0,1.0,1.0,1.0,1.0,0.8672150573019586,0.0,1.0,0.49013502946484117,1.0,0.4594614935230917,1.0,1.0,0.5574598109881352,0.0,1.0,0.12600829847995096,1.0,1.0,0.1572349193978108,0.9414790851004774,0.2946188576752814,1.0,0.5104396137006161,0.857142059795572,1.0,0.6643158425176592,0.1350147984685807,0.9924667412126295,1.0,1.0,1.0,1.0
gex_possorted_bam_1WGCZ:AGTAACCTCTGGCTTCx-M2,1.0,0.9889724628240061,0.3126551142880844,1.0,1.0,1.0,0.6897868781805345,1.0,0.2699222064140972,1.0,0.0,0.649328631539298,1.0,0.29823564167235467,1.0,0.06306590273845875,0.0,0.0,0.8844302661622244,0.9522767266125829,1.0,1.0,1.0,1.0,0.6947546747045443,1.0,0.0,1.0,1.0,1.0,0.5511909949374588,1.0,1.0,1.0,0.0,1.0,0.47697445639431246,1.0,1.0,0.053172621554728045,1.0,0.2931882689357156,0.6700499097493235,0.38176284830268803,1.0,1.0,0.6491820233184052,0.24664033781865324,1.0,1.0,1.0,1.0,0.47675996065113113
gex_possorted_bam_1WGCZ:AGTCCTTGTCCGTAGGx-M2,1.0,0.9315205644906631,0.0,1.0,1.0,1.0,0.660679995830663,1.0,0.3606213730780325,1.0,0.41778098435348415,0.6859857298748028,1.0,0.4614319897219293,1.0,0.3343696774674352,0.08988198659497915,1.0,1.0,0.5118204192564707,1.0,1.0,1.0,1.0,0.7851768604786782,0.9191256305303738,0.0,1.0,1.0,1.0,1.0,1.0,1.0,1.0,0.0,1.0,0.06444540826088324,1.0,1.0,0.052406960223887224,0.7487517233959363,0.38056207348707416,0.788396333733653,0.442686168928578,1.0,1.0,0.1287689563293393,0.0,1.0,1.0,0.9917380645598055,1.0,1.0
gex_possorted_bam_1WGCZ:AGGTTTATCTTAGGACx-M2,0.1339564798699392,1.0,1.0,1.0,0.17913432116998335,1.0,1.0,0.630923869792375,1.0,0.69318170074446,1.0,1.0,1.0,1.0,0.31724575293717394,1.0,1.0,1.0,1.0,0.0,0.0,0.0,0.0,0.0,1.0,1.0,1.0,1.0,1.0,1.0,1.0,0.0,0.0,0.7964662447080622,1.0,0.29461120523697715,1.0,0.3160881463108656,0.2621309783123224,1.0,0.3749433937233933,1.0,1.0,1.0,0.18084192908185553,0.632308228398205,1.0,1.0,1.0,0.6615740228614038,1.0,1.0,0.0
gex_possorted_bam_1WGCZ:AGGGCCTTCCTTAGGGx-M2,1.0,1.0,0.10874993225980406,0.9036863196567783,0.9477925501254733,0.5563464312088774,0.325932566976931,0.9628604909382852,1.0,0.7977874308768188,0.0,0.20208427693240866,0.20116208230280763,0.0,1.0,0.0,0.0,0.0,0.3933053926317425,0.6490401215558551,1.0,0.9611675855754506,1.0,1.0,0.6246736205765658,0.8564048059837489,0.0,0.46516370832928,0.5840827970512278,0.8464874687419803,0.0,1.0,1.0,1.0,0.0,0.8587771100314562,0.21017262595782857,1.0,0.9197521185838133,0.08567686345304795,1.0,0.5272202329572777,0.781846790202692,0.0,0.9534762435952292,0.8346491922250672,0.6655467946573423,0.0,0.9208072707391161,0.8823823134805535,1.0,0.841559580076239,0.0
gex_possorted_bam_1WGCZ:AGGTGAGGTTTGTCTAx-M2,0.023759100245750796,1.0,1.0,1.0,0.42663634973801906,0.0,1.0,1.0,1.0,1.0,0.0,1.0,1.0,1.0,0.1704179576876253,1.0,0.0,0.0,1.0,0.0,0.0,0.0,0.0,0.0,1.0,1.0,1.0,1.0,1.0,0.6157610086864962,1.0,0.23408238507491727,0.0,0.9531725113746248,1.0,0.2888206292765014,1.0,0.0390801286518572,0.09916686027568945,1.0,0.8799439177157375,1.0,1.0,0.7629004003758071,0.0,0.5602579621217185,1.0,1.0,1.0,1.0,1.0,1.0,0.23197489139539645
gex_possorted_bam_1WGCZ:AGGTGAATCAAGTGAGx-M2,0.09086780022716302,1.0,1.0,1.0,0.023762751943297116,0.0,1.0,0.8580829444265027,1.0,0.7248840573738176,0.0,1.0,1.0,1.0,0.19189065213500034,1.0,0.0,0.0,1.0,0.0,0.0,0.0,0.0,0.0,1.0,1.0,1.0,1.0,1.0,0.8908108202522729,1.0,0.06898665570377181,0.0,0.8994586414916976,1.0,0.27229944009965507,1.0,0.08269524416265935,0.07970909036434133,1.0,0.21068086606185502,1.0,1.0,1.0,0.0534466844791493,0.5732842754859544,1.0,1.0,1.0,0.7084806314882206,1.0,0.9849542796859848,0.0
gex_possorted_bam_1WGCZ:AGGTCAAAGCCTCTGTx-M2,0.0,0.9268287952130141,1.0,0.5788525996740244,0.0,0.015439851216947737,1.0,0.26514854616497346,1.0,0.5251326414662755,0.9919586176356795,1.0,1.0,1.0,0.06615870637506921,1.0,1.0,0.47618162786364376,1.0,0.0,0.0,0.0,0.0,0.0,1.0,0.7554041809477986,1.0,1.0,1.0,0.8313241515028075,1.0,0.0,0.0,0.4828728389907715,1.0,0.03176602213418004,1.0,0.0688427664813834,0.09985755225368532,1.0,0.12998778338395672,1.0,1.0,1.0,0.0,0.3762987487210321,1.0,1.0,0.7907204817518134,0.1917655819445668,1.0,0.6089764293897456,0.0
gex_possorted_bam_1WGCZ:AGTCAGGCATTGTTGGx-M2,1.0,1.0,0.8430807174085312,1.0,1.0,1.0,0.5720026843234797,1.0,1.0,1.0,0.0,1.0,1.0,0.05735234480212528,0.888900018136923,0.0,0.0,0.0,0.7629697661627214,1.0,1.0,1.0,1.0,1.0,0.826300366525204,1.0,0.15343988172405157,1.0,1.0,1.0,0.0,0.8974945758458899,1.0,1.0,0.0,1.0,0.1720106469793632,1.0,1.0,0.0,1.0,0.8278166468106007,0.7498891412196377,0.8336841014450954,1.0,1.0,1.0,0.0,1.0,1.0,1.0,1.0,0.9633592784565309
gex_possorted_bam_1WGCZ:AGTAACGAGGGTGGATx-M2,1.0,1.0,0.617940630763787,1.0,1.0,1.0,0.3129197882475796,1.0,0.7536514166353196,1.0,0.0,1.0,0.9327899689432384,0.2794959293638839,1.0,0.0,0.0,0.2100184730207658,0.6920364250502736,0.6497493378562148,1.0,1.0,1.0,1.0,0.7465308433585073,1.0,0.0,1.0,0.6754157176024544,1.0,0.30627104016946594,1.0,1.0,1.0,0.0,1.0,0.050341361342212954,1.0,1.0,0.0,1.0,0.2730812907781647,0.9372478545200759,0.3503201334607892,1.0,1.0,0.5761481429905304,0.0,1.0,1.0,0.7387944097337588,1.0,1.0
gex_possorted_bam_1WGCZ:AGTCCTGAGCAGGTTTx-M2,1.0,0.9265466743697055,0.0,0.861065036373116,1.0,1.0,0.4807226111983341,1.0,0.4569823025906541,0.8698585550161909,0.590607676929673,0.421474761735517,0.9470173543980405,0.48351741980633406,0.9500460108845247,0.2327611252838881,0.4039662014462989,1.0,1.0,0.4481224251884307,1.0,1.0,0.9099608894258313,1.0,0.8818579674529137,0.7914707584094568,0.0,0.8666873629509868,1.0,0.9129916290257313,0.6923071581393727,0.962218422180922,0.9944848812075997,1.0,0.0,1.0,0.34688575477970895,1.0,1.0,0.11821088312331564,0.611407644709071,0.2937057608075622,0.49156856553241246,0.09619543248559485,1.0,0.9289065237032934,0.09552525703615124,0.0,0.8493164138804842,1.0,0.8737776223663546,1.0,0.8274472291716183
gex_possorted_bam_1WGCZ:AGTAAGTAGTAATCCAx-M2,0.9267975698236791,0.92782778152494,0.0,0.8922345722799541,0.7771022648689974,1.0,0.19915738727992174,0.869463528255024,0.25164865420881866,0.7129345106256844,0.4148109290653014,0.3031597427661428,0.6733397004241394,0.8027410882801594,0.940179714384951,0.2168995304495197,0.03009667527743432,0.7719444712542612,0.9881421649780432,0.136193867303186,0.8866571025108643,0.9553396545960968,0.8410541889765258,1.0,0.6492552274937716,0.7615618298973615,0.20774884764400658,0.7131558876277254,0.7885424607195861,0.5832370826960385,0.7443907824931169,0.6928088700765788,0.8823185417299522,0.87937812773548,0.00039351431442957686,0.912350839135197,0.20755898530086703,0.7592970893002857,0.78070619994406,0.11840272353593818,1.0,0.17683688222395846,0.7843552776506353,0.03678614360911702,0.8032917997689771,0.937287310683685,0.3151071778616979,0.3134740879197249,0.5881555090035158,0.822482981837165,0.6348941876202173,0.8325951198459723,0.4119114599236965
gex_possorted_bam_1WGCZ:AGTCAGGCATCCCGCTx-M2,1.0,1.0,0.0,0.9337963380479571,1.0,0.7610332567372147,0.22648435157294558,1.0,0.7280498375623553,0.8040250270289933,0.0,0.8889303747791951,1.0,1.0,0.6981400573506104,0.09685867269061517,0.0,0.3482567354462785,0.36875972485544617,0.9000054841396896,1.0,1.0,0.9865468202959813,1.0,0.6949422502599921,0.7617863377607519,0.0,1.0,1.0,0.8422252875749027,0.3132751590061297,1.0,0.9887205731427806,0.7018671614255494,0.0,1.0,0.2906613461549539,0.8338348780961407,0.9221514005501941,0.030738825880726905,1.0,0.8550569328645162,0.5927306386024386,0.2848036943441383,1.0,0.8822444739320799,0.5037043614808094,0.0,0.9333342881333212,1.0,0.9903941116642989,0.87353965299004,1.0
gex_possorted_bam_1WGCZ:AGGTTGCGTTGCTGGGx-M2,0.14920425688956085,1.0,1.0,0.9978465349459252,0.36993425677788544,0.0,1.0,0.8827898642411174,1.0,1.0,0.0,1.0,1.0,1.0,0.20455092622776894,1.0,0.0,0.0,1.0,0.0,0.0,0.0,0.0,0.0,1.0,1.0,1.0,1.0,1.0,0.8907219917186143,1.0,0.2593972738306911,0.0,0.8746750808148256,1.0,0.38852547414606275,1.0,0.1497781585761283,0.18927086490886869,1.0,0.3892955289089572,1.0,1.0,1.0,0.09837898502288342,0.5511952798425422,1.0,1.0,1.0,0.7530850991452703,1.0,1.0,0.13003115774179494
gex_possorted_bam_1WGCZ:AGTAAACAGCCTCTGTx-M2,0.8634944563675109,0.5333747909753647,0.0,0.6235874549860805,1.0,1.0,0.0,0.7007257238323921,0.0,0.6611268156734447,0.9959307453138532,0.0,0.621078916710543,0.18034528056107843,0.7489112037582549,0.14256418651823494,0.6793469985114099,1.0,0.8757605895960328,0.913063475622621,1.0,1.0,0.8359099610313261,1.0,0.5030513307869313,0.5984218385669885,0.0,0.561340775264275,0.6505167810487146,0.9108441462762513,0.486461229337922,0.8073923373464583,0.8386089691216845,0.624784513969517,0.0660431488078144,0.895452099099469,0.044348147649879516,0.7761455675558624,0.7454418212978617,0.0,0.5774492813060644,0.139818306379749,0.3561188577892317,0.0,1.0,0.7561163794732686,0.0,0.0,0.5903949258899878,0.8775891243823034,0.4552770718665101,0.8186936696292776,0.9877534189976902
gex_possorted_bam_1WGCZ:AGGGTTGCAATCCTAGx-M2,1.0,1.0,0.0,1.0,1.0,1.0,0.41225192286670354,0.9607688866722619,0.5557730645613563,1.0,0.5490408651879992,0.8022962529031405,1.0,0.2013336787611509,1.0,0.29688074006490295,0.17117519689619118,1.0,1.0,0.9006080636132522,1.0,1.0,1.0,1.0,0.6460904994753639,0.9145613126873468,0.0,1.0,1.0,1.0,1.0,1.0,1.0,1.0,0.0,1.0,0.12318141214689837,1.0,1.0,0.0,0.7260540225191624,0.026652716106875574,0.642067390234863,0.22594924287383977,1.0,1.0,0.0,0.0,1.0,1.0,0.9743941661089295,1.0,1.0
gex_possorted_bam_1WGCZ:AGTAATGCACAGACTCx-M2,1.0,0.903029534394144,0.0,1.0,1.0,1.0,0.6464032502433312,1.0,0.4755426569051764,1.0,0.11811918387392466,1.0,0.9812826341646057,0.40343995504230545,1.0,0.18181721051351335,0.0,0.40915628771557644,1.0,0.5673840907155128,1.0,1.0,1.0,1.0,0.8216991891060119,0.9238744842768851,0.0,0.829687685583131,0.807329624665358,1.0,0.8122872372403837,1.0,1.0,1.0,0.0,1.0,0.10892260032415135,1.0,1.0,0.04246785260344727,1.0,0.3836408497637501,0.8429626804458821,0.4131337354364319,1.0,1.0,0.6289779550945992,0.15835368503943228,0.9779905328857158,1.0,0.9874748608694721,1.0,0.8789729275794438
gex_possorted_bam_1WGCZ:AGTACGCGTTTGAGGCx-M2,1.0,0.8887708370103021,1.0,1.0,1.0,1.0,0.15309284634800127,1.0,0.9633195366254814,1.0,0.0,1.0,1.0,0.4432297442472208,1.0,0.2588648753326655,0.0,0.0,0.3601221968609342,1.0,0.974266024202427,1.0,1.0,1.0,0.590900715299129,1.0,0.0,1.0,0.7263102991114391,1.0,0.07703643126577399,1.0,1.0,1.0,0.0,1.0,0.0,1.0,1.0,0.0,1.0,0.08839580170239737,1.0,1.0,1.0,1.0,1.0,0.0,1.0,1.0,1.0,1.0,0.7252337531747058
gex_possorted_bam_1WGCZ:AGGTTGCGTAAGCTCAx-M2,1.0,1.0,1.0,1.0,1.0,1.0,0.06949797841762843,1.0,0.8794201667931815,1.0,0.0,0.8887827255088817,0.9500273000423161,0.6538176592407342,1.0,0.43506489453897795,0.0,0.2943814713991863,0.5958321882446038,0.5669130605208095,1.0,1.0,1.0,1.0,1.0,1.0,0.0,1.0,0.3641541370611693,1.0,0.2382033250477862,1.0,1.0,1.0,0.0,1.0,0.0,1.0,1.0,0.0,1.0,0.14059630966709957,1.0,1.0,1.0,1.0,1.0,0.0,1.0,1.0,0.9701273585891192,1.0,1.0
gex_possorted_bam_1WGCZ:AGGTATTGTGTGTCCCx-M2,1.0,1.0,0.6184331950624155,1.0,0.7942861744401082,1.0,0.7933352110939795,1.0,1.0,1.0,0.0,1.0,1.0,0.8128681112267753,1.0,0.7273602678467476,0.0,0.23899883070296055,0.7856167738238287,0.7490027345537973,1.0,1.0,1.0,1.0,0.8778936843796007,1.0,0.0,1.0,0.9213765873770617,1.0,1.0,1.0,1.0,1.0,0.0,1.0,0.37291798507529084,1.0,1.0,0.5353386961927638,1.0,0.2614225221945777,1.0,0.9754923239903015,1.0,1.0,0.519453270063369,0.0,1.0,1.0,1.0,1.0,0.7802169875947909
gex_possorted_bam_1WGCZ:AGTGAACCAAGTCGCTx-M2,1.0,1.0,0.3243487901147042,1.0,1.0,1.0,0.6502801270480962,1.0,0.5091826001707385,1.0,0.15447773554708352,0.9503612314189049,1.0,0.6615746285383711,1.0,0.47179133512576615,0.0,0.8602405648643977,1.0,0.8209392205547225,1.0,1.0,1.0,1.0,0.7870598679840441,1.0,0.0,1.0,1.0,1.0,1.0,1.0,1.0,1.0,0.0,1.0,0.3226332024988774,1.0,1.0,0.07242401026049174,1.0,0.24496724365871617,0.9228179400061808,0.8398511985067814,1.0,1.0,0.4342731410419336,0.0,1.0,1.0,1.0,1.0,1.0
gex_possorted_bam_1WGCZ:AGTAACGAGTGAACAGx-M2,1.0,0.906918595839829,0.0,1.0,1.0,1.0,0.22956663745950237,1.0,0.5548831585881024,1.0,0.3221134953059056,0.7220147283575351,0.9981962158761358,0.3829190769393208,1.0,0.2528090281392106,0.029462793210029137,0.9005581734030518,0.9196065520618147,0.5771228413765501,1.0,1.0,1.0,1.0,0.7300575699348908,1.0,0.0,0.9702053313205333,0.597401185277614,1.0,0.5358142152966151,1.0,1.0,1.0,0.0,1.0,0.08924827960144231,1.0,1.0,0.0,1.0,0.006440313597231246,0.7964435247638953,0.10930653328329286,1.0,1.0,0.24383023434756895,0.0,1.0,1.0,0.8746732856802835,1.0,1.0
gex_possorted_bam_1WGCZ:AGTAAACAGGTCTTGGx-M2,1.0,0.5729020064049176,0.0,0.8512783340913079,1.0,1.0,0.20474351285579162,0.9993969838087968,0.5027948825377462,0.7647511898045064,0.5285132798884846,0.37333692277798897,0.8127302890657457,0.3027713913110786,0.9798450940808433,0.30800233791540466,0.21204204011690173,1.0,1.0,0.31273963041630054,1.0,1.0,0.9985315565421234,1.0,0.39408850246114707,0.7746175611427732,0.0,0.8035403152891536,0.8727978780822032,0.8462761552533898,0.3551070208687705,1.0,0.9840739338534145,0.9567922678135671,0.0,1.0,0.25109156689147233,0.9345003199832843,0.9298142797912121,0.0,1.0,0.21177210044993686,0.51446094218125,0.0,1.0,0.97820809511799,0.0,0.1458348532126043,0.7651431884062146,1.0,0.864655287530418,0.9588346551168823,0.5728011322904987
gex_possorted_bam_1WGCZ:AGTACGCGTGGATTATx-M2,1.0,0.9556330367646643,0.7059120858441359,1.0,1.0,1.0,0.0,1.0,0.5938937083425966,1.0,0.0,0.8366998497773527,0.9576417123231143,0.5712951448386326,1.0,0.2421834852641182,0.0,0.14890008668112678,0.6062938653904217,0.4588487027357963,1.0,1.0,1.0,1.0,0.7065064473836776,1.0,0.0,0.9905388216927945,0.5283828403824468,1.0,0.14341470041106946,1.0,1.0,1.0,0.0,1.0,0.0,1.0,1.0,0.0,1.0,0.054944778595974936,1.0,0.5243126894809325,1.0,1.0,0.7474644721205923,0.0,1.0,1.0,0.7156131340284585,1.0,1.0
gex_possorted_bam_1WGCZ:AGTAGCTTCCTGAGTGx-M2,1.0,1.0,0.7296172553550615,1.0,1.0,1.0,0.3201017876681701,1.0,0.7913761449670429,1.0,0.0,1.0,1.0,0.8208391033901172,1.0,0.2666184503355841,0.0,0.37152937727511326,0.7247913309234784,0.7366697988744426,1.0,1.0,1.0,1.0,0.8530755100341872,1.0,0.0,1.0,0.8098875647539389,1.0,0.6733022826799241,1.0,1.0,1.0,0.0,1.0,0.20605277000545652,1.0,1.0,0.0,1.0,0.28263624969435436,1.0,0.8239604997091625,1.0,1.0,1.0,0.0,1.0,1.0,1.0,1.0,1.0
gex_possorted_bam_1WGCZ:AGGTATTGTTCACCATx-M2,0.05696818345452514,1.0,1.0,0.9993929536070106,0.0,0.849356446756643,1.0,0.7726418937414852,1.0,1.0,1.0,1.0,1.0,1.0,0.2039922094210054,1.0,1.0,1.0,1.0,0.0,0.0,0.0,0.0,0.0,1.0,1.0,1.0,1.0,1.0,0.9589498429124069,1.0,0.0,0.0,0.8152491447084458,1.0,0.3139067159120442,1.0,0.14358752547235282,0.08928961350343868,1.0,0.2969354593553557,1.0,1.0,1.0,0.11891012413466963,0.5199791502402146,1.0,1.0,1.0,0.490598680266664,1.0,0.9949965383598376,0.0
gex_possorted_bam_1WGCZ:AGTAATCGTAAGCTTGx-M2,1.0,1.0,0.2525004358496144,1.0,1.0,0.0,1.0,1.0,0.9608206145836612,1.0,0.0,1.0,0.7488954350321211,0.6556475489946759,1.0,1.0,0.0,0.0,0.0,0.9334344165035636,0.6629933757475207,0.7312725866561403,1.0,1.0,0.5236308703185274,1.0,0.12693041797969398,0.9276112064664365,0.8426670134402208,1.0,0.13781050968764527,1.0,1.0,0.9785166900502651,0.0,1.0,0.23878550775692792,1.0,1.0,0.22997996109715962,1.0,0.1812797459807804,1.0,1.0,1.0,1.0,1.0,0.0,1.0,1.0,1.0,0.9549130531716371,0.0
gex_possorted_bam_1WGCZ:AGTCCTTGTTAAATGCx-M2,0.0,0.5372399251197233,0.4682385909795091,0.28148721500493346,0.0,0.0,1.0,0.20120822423934498,1.0,0.03481864332514868,0.6459298543865929,0.8414685991426862,1.0,1.0,0.0,1.0,0.4616616244813278,0.0,1.0,0.0,0.0,0.0,0.0,0.0,1.0,0.41649338156503724,1.0,1.0,1.0,0.0465176592308463,0.7650456369504606,0.0,0.0,0.17305087495693897,1.0,0.0,1.0,0.0,0.0,1.0,0.0,1.0,1.0,1.0,0.0,0.11468353871167734,1.0,1.0,0.3323328640800733,0.0,1.0,0.3225807709937688,0.0
gex_possorted_bam_1WGCZ:AGGTCATTCCATAAGCx-M2,0.059438112895705296,1.0,1.0,1.0,0.0,0.587962045070691,1.0,0.6757323866919831,1.0,0.5532587394891577,0.9535201360290113,1.0,1.0,1.0,0.1477556517853015,1.0,1.0,1.0,1.0,0.0,0.0,0.0,0.0,0.0,1.0,1.0,1.0,1.0,1.0,1.0,1.0,0.0,0.0,0.6563559986479631,1.0,0.2592250490225753,1.0,0.1602145081414298,0.018476677024494383,1.0,0.0,1.0,1.0,1.0,0.003884267710320985,0.5638891125315957,1.0,1.0,1.0,0.6090898516885948,1.0,0.9616581774313375,0.0
gex_possorted_bam_1WGCZ:AGGGTTGCACCTGTAAx-M2,1.0,0.8034931030659441,0.0,0.8929129900241657,1.0,1.0,0.4271354651805385,0.9834118702843202,0.4455536643219272,1.0,0.7850345745858064,0.36408887816748603,0.7109889371063519,0.5249506566670825,1.0,0.2531434227159029,0.4903286609403391,1.0,1.0,0.4427792892991639,1.0,1.0,1.0,1.0,0.5430024724434641,0.7803254389899351,0.0,0.9585064347473652,1.0,0.9774965679856409,0.8760779458630764,0.9740683917583616,0.9548007347096299,1.0,0.0,1.0,0.14119001738493686,0.9682494126702347,1.0,0.04464248750815079,0.5328429985346171,0.16615073239109074,0.42424754643617013,0.0,1.0,0.9935268332560817,0.0,0.21265567212799918,0.7987961135642153,1.0,0.5669453618200864,1.0,1.0
gex_possorted_bam_1WGCZ:AGTCAATGTACTTAGGx-M2,0.05560979708248592,1.0,1.0,1.0,0.2828764307507841,0.0,1.0,0.67554972460419,1.0,0.9760345913529006,0.0,1.0,1.0,1.0,0.36670567330067105,1.0,0.0,0.0,1.0,0.0,0.0,0.0,0.0,0.0,1.0,1.0,1.0,1.0,1.0,0.912925138438896,1.0,0.07275573849829518,0.0,0.7856559805912599,1.0,0.24326128512325582,1.0,0.0711054898166772,0.1735361271668974,1.0,0.09859543157602967,1.0,1.0,1.0,0.0,0.6392591046204142,1.0,1.0,1.0,0.689031563257836,1.0,1.0,0.3888910013711626
gex_possorted_bam_1WGCZ:AGGTTAACATCAGCACx-M2,0.9930263551667199,1.0,0.5906285152359744,1.0,0.5091130129927761,1.0,1.0,1.0,0.6673575946387516,1.0,0.0,1.0,1.0,0.8699052270442027,1.0,0.7244465216255541,0.0,0.0,0.5896253908915203,1.0,1.0,1.0,0.9760611001488705,1.0,0.9244391911690685,0.9080648462981066,0.0,1.0,1.0,0.9785175105769806,1.0,1.0,1.0,1.0,0.0,1.0,0.680083307493409,1.0,1.0,0.7991154563113246,0.851064863173008,0.687814501271416,0.8968536741890274,1.0,1.0,1.0,0.702329358143174,0.0,1.0,1.0,1.0,1.0,0.9584408222536993
gex_possorted_bam_1WGCZ:AGTCTTGCAGGTCCTGx-M2,1.0,1.0,1.0,1.0,1.0,1.0,0.7176577787593,1.0,0.8980649550059714,1.0,0.0,1.0,1.0,1.0,1.0,0.07775660481157465,0.0,0.26202588361772383,0.5019304797355912,0.792561147936439,1.0,1.0,1.0,0.7020146441265251,1.0,1.0,0.016158463821452175,1.0,1.0,1.0,0.0,1.0,1.0,1.0,0.0,1.0,0.07176663268289304,1.0,1.0,0.029284461164918053,1.0,0.0,1.0,1.0,1.0,1.0,1.0,0.0,1.0,1.0,0.9403136293658848,1.0,1.0
gex_possorted_bam_1WGCZ:AGGTTAACAATAGTCTx-M2,0.9988437263392207,0.6986600030134945,0.0,0.8558218854814521,1.0,1.0,0.4679975406597576,0.9058998785964586,0.6087583162167911,0.6347373523617712,0.28069480263204255,0.3040310523864279,0.6814206656242764,0.445754105172428,0.9524347740530571,0.36391217154496774,0.1166439210465446,0.977378351472331,0.8641933701965002,0.3830361512356454,1.0,1.0,0.8272320273843711,1.0,0.43740180924596267,0.6573749714813739,0.001675205739448486,0.9424527371877677,0.950972995225084,0.7220882464513655,0.2835819101775506,0.9127617409519245,0.8909791918738186,0.9730990832638939,0.03906708282709293,1.0,0.224748544045022,0.8774830139241533,0.8559936455853218,0.0,0.800341488096098,0.2716033871858411,0.614464702517345,0.2576089905210697,1.0,0.8530056527090158,0.021217782900385417,0.18236131739543135,0.7057653752768288,0.7653112050998335,0.809242314062987,0.891647594412035,0.8290158615716277
gex_possorted_bam_1WGCZ:AGTCGCATCACTCAAAx-M2,1.0,0.9550062680538661,0.0,1.0,1.0,1.0,0.6877087951843893,1.0,0.057554001222018085,0.9567306407872466,0.31368702569682505,0.8568037686975973,0.9885224006152783,0.4551704745801281,1.0,0.38186603952100856,0.02245581046956371,0.7961686702226127,1.0,0.811460999195796,1.0,1.0,1.0,1.0,0.5942633886133643,0.863292159585241,0.0,1.0,1.0,1.0,1.0,1.0,1.0,1.0,0.0,1.0,0.18366213185872626,1.0,1.0,0.0575475735835359,0.8743376553472076,0.09434661430404033,0.6171751269312481,0.2215087873194244,1.0,1.0,0.2651759831958587,0.026175043484590904,0.9145687285842501,0.8735318768483666,1.0,1.0,1.0
gex_possorted_bam_1WGCZ:AGTGAGTCAAGGTAACx-M2,0.815663703091333,1.0,1.0,1.0,1.0,0.21557643350277636,1.0,1.0,1.0,1.0,0.0,0.23169693768714422,1.0,0.916371622385385,0.8946827567648946,0.0,0.0,0.0,0.36190390896442776,0.3823130626508836,0.06317814666801119,0.26023214474374606,1.0,0.03789238334640057,1.0,1.0,0.5426754858179702,0.43755281410872154,1.0,0.2987230269136379,0.0,1.0,1.0,1.0,0.2227781859809049,0.875690430970047,0.0,1.0,1.0,0.13552804733741955,1.0,0.0,0.7222302638218393,1.0,0.4259896646420065,1.0,1.0,0.0,1.0,1.0,0.8259274414206081,0.888434568011565,0.0324340042095402
gex_possorted_bam_1WGCZ:AGGTTTGGTTTGTGGAx-M2,1.0,0.954512978349942,0.5368937780141958,1.0,1.0,0.44224296131298463,0.1978913127578447,1.0,0.3576128430530812,1.0,0.0,1.0,1.0,0.5397821503315304,1.0,0.16331594549459313,0.0,0.0,0.6398502785491764,0.622523665411493,1.0,0.8301982871155043,1.0,1.0,0.10313075585616548,1.0,0.0,0.8820335224846664,0.7600370927655755,1.0,0.0,1.0,1.0,1.0,0.0,1.0,0.1268710674403611,1.0,1.0,0.0,1.0,0.11108060933056063,0.8191700511431816,0.12613759134461505,1.0,1.0,0.788863613068702,0.0,1.0,1.0,1.0,0.9278503659322825,0.0
gex_possorted_bam_1WGCZ:AGGTCCGGTCCTTAGTx-M2,0.866620582779154,0.9675978610539288,0.3270912266877043,0.986938080309795,0.40401916672120985,0.47008468713609786,1.0,1.0,0.5811309341445161,0.8505665991811147,0.0,0.7703387671442526,1.0,1.0,0.8444732338133889,0.6348378857722222,0.0,0.0,0.3301063026350916,0.4259413546984137,0.8576355710996371,0.7710408089606766,0.7585990571253736,0.8060255274548861,0.7409283404591844,0.6441705040223566,0.0,0.7597457475776219,1.0,0.800332978679495,1.0,0.675947333572335,0.8618340272473478,0.7616944858686097,0.0,1.0,0.9732829717023408,0.8849413256128978,0.9976152360590229,0.36502004256961684,1.0,0.1027006802525808,1.0,0.18590191210757173,0.8547247001083015,0.8402776350362612,1.0,0.543060003509642,0.5817826807865241,0.8804438552292934,1.0,0.7611141632891177,0.6033151461717325
gex_possorted_bam_1WGCZ:AGGTCATTCGCACAATx-M2,1.0,1.0,0.0,1.0,1.0,1.0,0.49590430291395016,1.0,0.1968837512803267,1.0,0.695196888417917,0.522036066003126,0.6765028623653563,0.38632122077425823,1.0,0.31212304218348036,0.23072112816040788,1.0,1.0,0.5854841657738903,1.0,1.0,1.0,1.0,0.680709431352837,0.8735585011143728,0.0,0.9693722286164589,1.0,1.0,1.0,1.0,1.0,1.0,0.0,1.0,0.1266095218553997,1.0,1.0,0.013988932657843782,0.595238566787547,0.1524753734170448,0.5136670988159943,0.0,1.0,1.0,0.1406147116739629,0.0,0.9063328168802653,0.9757335689765837,1.0,1.0,1.0
gex_possorted_bam_1WGCZ:AGTAACACATCAATCGx-M2,1.0,1.0,0.0,1.0,1.0,1.0,0.512375181207256,1.0,0.7277318808710485,1.0,0.31698230953028317,1.0,1.0,0.6539120033284178,1.0,0.7681159365735568,0.27540089237391535,1.0,1.0,0.8990264875211539,1.0,1.0,1.0,1.0,0.9402936520523815,1.0,0.0,1.0,1.0,1.0,1.0,0.9996675487309009,1.0,1.0,0.0,1.0,0.14725315545514472,1.0,1.0,0.17803559501198726,0.8683550339716252,0.13696198970154042,0.9689637638821145,0.7448713615207595,1.0,1.0,0.5247362725036249,0.06607871326673374,1.0,1.0,0.9114112520282895,1.0,1.0
gex_possorted_bam_1WGCZ:AGTCTTGCACAGCCTGx-M2,1.0,0.694655287006743,0.0,0.959750242161622,1.0,1.0,0.2471090139572811,1.0,0.5770420037033306,0.9746786036109794,0.0,0.6287731048169801,0.7912938697116636,0.3247722486281568,1.0,0.018617724264119544,0.0,0.11041012321081266,0.7033830161279493,0.5939145802527145,1.0,1.0,1.0,1.0,0.5090931123704371,0.9455319491734736,0.0,0.9511011214247449,0.9270635262140555,0.9390196726049354,0.09311835407346802,1.0,1.0,0.9843108474313588,0.0,1.0,0.3582356809143111,1.0,1.0,0.09170955321312693,1.0,0.32569918562966765,0.7106445978314677,0.23662702186120083,1.0,1.0,0.2410145497981836,0.0,0.8926660877983973,1.0,0.9537237692404845,0.947219200545383,0.524701861840672
gex_possorted_bam_1WGCZ:AGGTCTTAGCTGTAACx-M2,1.0,0.8992686915956649,1.0,1.0,1.0,0.6408858042198775,0.0,1.0,0.5220411196780056,1.0,0.0,1.0,0.9008045336226531,0.4912652898382265,1.0,0.13734784924172935,0.0,0.0,0.18233378314737633,0.5866894603912782,0.5316406034301574,0.8436416761527974,1.0,1.0,0.19388734172171665,1.0,0.0,1.0,0.5633133833341947,1.0,0.0,1.0,1.0,1.0,0.0,1.0,0.0,1.0,1.0,0.0,1.0,0.03189412691343939,1.0,0.8983884044757254,1.0,1.0,1.0,0.0,1.0,1.0,1.0,1.0,0.0
gex_possorted_bam_1WGCZ:AGTCGCATCATCACTTx-M2,1.0,0.8988654043403228,0.0,1.0,0.939290488711473,1.0,0.6208349230478477,1.0,0.855385973297744,0.9860399724843087,0.08103741486637829,0.7216224522302509,0.8620078749209723,0.35359640568639317,1.0,0.2704938200577293,0.0,0.3841531631456329,1.0,0.683983354520112,1.0,1.0,1.0,1.0,0.7556856965450999,0.8798701168602872,0.0,0.7485735613864541,0.9314216869094719,1.0,0.7554900624514354,0.9714961626657813,1.0,1.0,0.0,1.0,0.20898091252001366,1.0,1.0,0.0,1.0,0.14901971081371101,0.6251295625694087,0.2159628669190042,1.0,1.0,0.05332606437455552,0.04670254588015208,0.8966614732796049,0.8530908252945025,0.9427157231848542,1.0,0.6318932819070405
gex_possorted_bam_1WGCZ:AGTGAACCAGGACCTTx-M2,0.8201294500571851,0.16555612475255224,0.0,0.5987625192026809,0.9288084117451412,1.0,0.0,0.6937841679794219,0.021515267609023093,0.5284335955244136,1.0,0.0,0.5237421910509984,0.1175740975161871,0.682670286148488,0.15052145194569166,0.6285318533027839,1.0,0.9735492797219834,0.5941988433714765,1.0,1.0,0.768685167814058,1.0,0.1636331777849157,0.4832704846719544,0.0,0.5682932227524763,0.6128727792015671,0.6736456367667207,0.546112160805747,0.766616998669647,0.7021338424230131,0.7397112223360341,0.07618751995845569,0.8544746239050987,0.11120919061778159,0.6487198840209369,0.6856388890595263,0.025541318347068846,0.29444993621421595,0.010173683845749135,0.17513341818649436,0.0,0.8677842074322364,0.7166797427500857,0.0,0.3551127158483525,0.5208740711872045,0.708957962679871,0.61839284886458,0.7484138406883813,1.0
gex_possorted_bam_1WGCZ:AGTCTTGCATAGCTGCx-M2,1.0,0.9321499948177074,0.5521244284902646,0.9505022783278614,0.9209473034872502,1.0,0.43371717265585746,1.0,0.5093408635195369,1.0,0.4858596906724509,0.6694340963753153,0.5673164960362699,0.14060832722868258,1.0,0.0,0.27800351093128195,1.0,1.0,0.5711590309923797,1.0,1.0,1.0,1.0,0.44037401032957596,0.8479119841205726,0.0,1.0,1.0,0.9176385075107019,0.7690105866887601,1.0,0.9853094282344502,1.0,0.0,1.0,0.21008841680298437,0.9833281438508187,0.9764677635305883,0.0,1.0,0.4593557114763942,0.3859653541088011,0.0,1.0,1.0,0.0,0.19413809608602733,0.8613922097910541,1.0,0.706503658311337,1.0,1.0
gex_possorted_bam_1WGCZ:AGGTTAACATCCGTAAx-M2,1.0,0.9036384472227225,0.0,0.8647642390926302,0.7632198101205391,1.0,0.33081199969537156,1.0,0.4839003595807557,0.5443649803905596,0.0,0.5499191275634646,1.0,0.16319051178583177,0.9027352661208203,0.2878824554949035,0.0,0.3896062322573142,0.5981549948710898,0.8118022099074946,1.0,1.0,0.9295913722074987,1.0,0.5621938745766402,0.8473328037979752,0.038891245174512444,0.6390536823724033,0.752790731867836,0.8643659553195465,0.23959324331120788,1.0,1.0,0.9279046110057712,0.0,1.0,0.0,0.8659459723343896,0.9282255993600742,0.0,1.0,0.01825912175837677,0.4603764014202248,0.0,1.0,0.9100951794653739,0.29738566752753504,0.30023767374864563,0.7413508816337063,0.9900909946540056,0.5693030257826748,0.8299770542308116,0.24173078111333557
gex_possorted_bam_1WGCZ:AGGTCATTCGCAGGCTx-M2,1.0,0.5353596996741208,1.0,1.0,1.0,0.3805752100482267,0.1499124255079998,1.0,0.0631022161431959,1.0,0.0,0.9084046479308947,0.6721606565927415,0.3942831225146797,1.0,0.0,0.0,0.0,0.8576347349555337,0.0,0.9816681033798824,0.9937368188345927,1.0,1.0,0.1475474442216284,1.0,0.0,0.5364083290526888,0.9266113584130814,1.0,1.0,1.0,1.0,1.0,0.0,1.0,0.43399314092047137,0.8743228431629425,1.0,0.0,1.0,0.5050381605430649,0.0470417327607843,0.0,0.9364137788965131,1.0,0.24550526943656673,0.49171111851451765,0.9618568370266467,1.0,0.5606790469527009,0.9506636555981055,0.0
gex_possorted_bam_1WGCZ:AGGTTAACATAGCAGGx-M2,1.0,1.0,0.45949167999333035,1.0,1.0,1.0,0.4573336226626051,1.0,0.7862551768182405,1.0,0.0,0.7934387567159056,1.0,0.2951877855750723,1.0,0.2824025287151447,0.0,0.68761508769195,1.0,0.9729279452983088,1.0,1.0,1.0,1.0,0.6650105371773499,1.0,0.0,1.0,1.0,1.0,0.6379076887032176,1.0,1.0,1.0,0.0,1.0,0.2416486979430532,1.0,1.0,0.0,1.0,0.5201233352112229,0.9788735742896492,0.6230754335753305,1.0,1.0,0.6443977555245557,0.01777279225942452,1.0,1.0,1.0,1.0,1.0
gex_possorted_bam_1WGCZ:AGTCCTTGTCTTGCATx-M2,1.0,0.7093550582135817,0.4019842156181007,1.0,1.0,0.4695373465192732,0.031089704056226426,1.0,0.6766905048224855,1.0,0.0,1.0,0.8504468438684504,0.15124359147622776,1.0,0.0,0.0,0.0,0.3131203131646027,0.5830050800150312,0.9945059664274087,0.8787167434773104,1.0,1.0,0.4651926722588086,1.0,0.0,0.7308956370176992,0.6409814037952045,1.0,0.0,1.0,1.0,1.0,0.0,0.964818241710694,0.03208265412507255,1.0,1.0,0.0,1.0,0.11495567651164416,0.8332148477229648,0.1665167216983741,0.9993712245349164,1.0,0.631278406372041,0.0,0.9681955916270496,1.0,0.8754061661016026,0.8883964624435182,0.03194956599463223
gex_possorted_bam_1WGCZ:AGTCCTGAGCCTGACAx-M2,0.0,1.0,1.0,0.6097119710656336,0.0,0.07726630222052833,1.0,0.45992596347835446,1.0,0.44836131095921866,1.0,1.0,1.0,1.0,0.035352566374618706,1.0,1.0,1.0,1.0,0.0,0.0,0.0,0.0,0.0,1.0,0.8218829598628078,1.0,1.0,1.0,0.602009080917325,1.0,0.0,0.0,0.5254013464439374,1.0,0.08454357502045405,1.0,0.06603082811853117,0.0,1.0,0.1916144626038201,1.0,1.0,1.0,0.0,0.3163500285822854,1.0,1.0,0.7517029357576425,0.15068164411677498,1.0,0.5716884814859936,0.0
gex_possorted_bam_1WGCZ:AGTCAATGTTTGCGAAx-M2,0.0672539789574048,1.0,1.0,0.880855908410597,0.0,0.0,1.0,0.7794256358948715,1.0,0.864608850758804,0.0,1.0,1.0,1.0,0.12126189361331369,1.0,0.0,0.0,1.0,0.0,0.0,0.0,0.0,0.0,1.0,1.0,1.0,1.0,1.0,1.0,1.0,0.0,0.0,0.776462590171337,1.0,0.20818064092035832,1.0,0.07768154475599191,0.12326886308587574,1.0,0.12415823672720672,1.0,1.0,1.0,0.03927757661686092,0.5959604405026871,1.0,1.0,1.0,0.7562611643856196,1.0,1.0,0.0
gex_possorted_bam_1WGCZ:AGTCAATGTGTTAGCAx-M2,1.0,1.0,0.0,1.0,1.0,1.0,0.5564540663898343,1.0,0.38476445497091233,1.0,0.5215371453560605,0.6659146473506897,1.0,0.4569268362537353,1.0,0.41055308415084124,0.15666947430318642,1.0,1.0,0.8109282899077304,1.0,1.0,1.0,1.0,0.7819412748568028,1.0,0.0,1.0,1.0,1.0,1.0,1.0,1.0,1.0,0.0,1.0,0.30927472623232877,1.0,1.0,0.0,0.7891065378782217,0.20984089507191742,0.7195184493496436,0.4235608535436622,1.0,1.0,0.14239321194865887,0.0,1.0,1.0,1.0,1.0,1.0
gex_possorted_bam_1WGCZ:AGGTTTGGTTGCGGATx-M2,0.09152793640162746,1.0,1.0,0.9030022949768085,0.0,0.0,1.0,0.719832834671194,1.0,0.9414868250861821,0.0,1.0,1.0,1.0,0.2696292599542665,1.0,0.057422998333757684,0.0,1.0,0.0,0.0,0.0,0.0,0.0,1.0,1.0,1.0,1.0,1.0,0.9549908685388658,1.0,0.0,0.0,0.7659269748788398,1.0,0.2978911935075923,1.0,0.17202451620838863,0.1709507086413439,1.0,0.21895392312976777,1.0,1.0,1.0,0.055011282614788604,0.5255445350439291,1.0,1.0,1.0,0.44927257457234193,1.0,0.9518556955374741,0.0
gex_possorted_bam_1WGCZ:AGGTACGCATTGGGAGx-M2,1.0,0.8150427990512115,0.0,0.9985155863146944,1.0,0.9038266836955638,0.6450661459651312,1.0,0.5581283766730689,1.0,0.0,0.9911370501654566,0.9534452223190613,0.45456076187549005,1.0,0.0629925389508728,0.0,0.0,0.7267259983721439,0.6711141397288941,1.0,1.0,1.0,1.0,0.6289291285374777,1.0,0.0,0.8687096821682609,1.0,0.8403528057563782,0.3180884035563348,1.0,1.0,1.0,0.0,1.0,0.2409404571224603,1.0,1.0,0.10712358660707365,1.0,0.1017016480930727,0.7399896681470116,0.0,1.0,1.0,0.29835042768865333,0.0,0.8505619707795699,1.0,1.0,0.9601106401184907,0.6999946197240793
gex_possorted_bam_1WGCZ:AGGTATTGTTAACGATx-M2,0.04903221615871241,1.0,1.0,0.9824018329738952,0.0,0.31882440422172525,1.0,0.6435076839510153,1.0,0.42299619133416294,0.9729972859109458,1.0,1.0,1.0,0.1576356612212432,1.0,1.0,1.0,1.0,0.0,0.0,0.0,0.0,0.0,1.0,1.0,1.0,1.0,1.0,0.8618952326373824,1.0,0.11047493661734382,0.0,0.7596792773505526,1.0,0.19451843546771552,1.0,0.0821136297506521,0.10071184724787764,1.0,0.04018669454762558,1.0,1.0,1.0,0.0,0.5044360127490843,1.0,1.0,0.9870626794727044,0.41458636433950624,1.0,0.9355616292934108,0.0
gex_possorted_bam_1WGCZ:AGTCTTGCAGAAACGTx-M2,0.7754432654618972,1.0,1.0,1.0,1.0,0.1496635423217938,1.0,1.0,1.0,1.0,0.0,0.043386962096209514,1.0,0.7135336908586648,0.8265432613032743,0.0,0.0,0.0,0.44552774710326565,0.2173239808480093,0.07831034613433628,0.29400939792210384,1.0,0.0,1.0,1.0,0.6121487925322134,0.3056657642086032,1.0,0.2509738466496338,0.0,1.0,1.0,1.0,0.25452317720483475,0.8162690840399369,0.0,1.0,1.0,0.05853291621308547,1.0,0.0,0.6795907347302556,1.0,0.11012922070408183,1.0,1.0,0.0,1.0,1.0,0.7601617902013992,0.9160372888654457,0.0
gex_possorted_bam_1WGCZ:AGGCTAGCATGCTATGx-M2,1.0,1.0,0.0,1.0,1.0,1.0,0.41041631291302566,1.0,0.2432209139761417,1.0,0.6821140727997382,0.6303204233649516,0.9293151779062354,0.4852308053560174,1.0,0.3965671190675657,0.30575525552801824,1.0,1.0,0.9769723945528257,1.0,1.0,1.0,1.0,0.4986052530938793,0.9885153398858143,0.0,0.9265170301086386,1.0,1.0,1.0,1.0,1.0,1.0,0.0,1.0,0.15554984862492896,1.0,1.0,0.0,1.0,0.03241193978157349,0.6863675756333983,0.4289789898426453,1.0,1.0,0.2989027373755217,0.0,1.0,1.0,1.0,1.0,1.0
gex_possorted_bam_1WGCZ:AGTACGCGTTGCACAAx-M2,1.0,0.7526545037580503,0.5902806459059646,1.0,1.0,0.9226518814008187,0.0,1.0,0.07037734931095858,0.9436072601776695,0.0,0.8507134044870843,0.823810182594223,0.582125393352128,1.0,0.21133906709333727,0.0,0.0,1.0,0.6625730098359882,1.0,1.0,1.0,1.0,0.0,1.0,0.0,0.9748048345601148,0.7928904494000217,1.0,0.34018771609209014,1.0,1.0,1.0,0.0,1.0,0.004699683730934233,1.0,1.0,0.0,1.0,0.26917504110059404,0.7342092902046498,0.34283689243931925,0.934128022611695,1.0,0.8526774203049968,0.12135277105929022,1.0,1.0,1.0,1.0,0.0
gex_possorted_bam_1WGCZ:AGTCCTGAGTCGCTAGx-M2,1.0,1.0,0.3397940751994655,1.0,1.0,1.0,0.21256424403717328,1.0,0.7396759917038518,1.0,0.25536190974721507,1.0,0.9896749993753039,0.5447720674033248,1.0,0.4345980340725223,0.028903270537923024,0.8240762652338962,1.0,0.83300577615187,1.0,1.0,1.0,1.0,0.6928218375063346,1.0,0.0,1.0,0.9014563826788404,1.0,0.6291399236754621,1.0,1.0,1.0,0.0,1.0,0.05603712020361092,1.0,1.0,0.0,1.0,0.009259119566430624,0.9794639901287853,0.5224858758276211,1.0,1.0,0.4818998507590139,0.0,1.0,1.0,1.0,1.0,1.0
gex_possorted_bam_1WGCZ:AGGTCCGGTACTGATGx-M2,1.0,0.9419296740839381,1.0,1.0,1.0,0.5016268402699953,0.0,1.0,0.8931847238881386,1.0,0.0,1.0,1.0,0.607948914992455,1.0,0.08122330174373013,0.0,0.0,0.061651171265085986,0.3284168804780485,0.2671282243108597,0.6333988263129516,1.0,0.9219169158002415,0.42587844555028814,1.0,0.006078051489542592,0.9602582505191392,0.37406283595850703,1.0,0.0,1.0,1.0,1.0,0.0,1.0,0.0,1.0,1.0,0.0,1.0,0.10379215934285058,1.0,0.8410177078649128,0.9982500610909133,1.0,1.0,0.0,1.0,1.0,1.0,1.0,0.0
gex_possorted_bam_1WGCZ:AGGTCTTAGTTTGAGCx-M2,1.0,1.0,0.47633979958201944,1.0,1.0,1.0,0.13850156471724,1.0,0.745022947060862,1.0,0.0,0.9977315260581697,0.9530465408378818,0.19075704243574865,1.0,0.3188883662798672,0.0,0.0,0.6572512374902104,0.7359753791121523,1.0,1.0,1.0,1.0,0.8107180254846317,1.0,0.0,1.0,0.9911814576832361,1.0,0.2130744707388565,1.0,1.0,1.0,0.0,1.0,0.05503276621621802,1.0,1.0,0.0,1.0,0.0,1.0,0.4180350789945044,1.0,1.0,0.7614340433658366,0.0,1.0,1.0,0.7793501270893444,1.0,0.870585397492194
gex_possorted_bam_1WGCZ:AGGGCTACAATGCGCTx-M2,1.0,1.0,0.11954768390397645,1.0,1.0,1.0,0.26266895874036617,0.8986864443682421,0.1220957229434427,1.0,1.0,0.505008323367974,0.9206808972344301,0.5294647856014868,1.0,0.552814427974043,0.770667990348643,1.0,1.0,0.8012440108573281,1.0,1.0,1.0,1.0,0.6847725153896204,0.9470969733654893,0.0,1.0,1.0,1.0,1.0,1.0,1.0,1.0,0.0,1.0,0.02126094905267555,1.0,1.0,0.022263619551520886,0.7238325023696291,0.11972164596000631,0.7400480897518745,0.4995511555994758,1.0,1.0,0.07633840186476205,0.0,1.0,1.0,0.9937577652659372,1.0,1.0
gex_possorted_bam_1WGCZ:AGGTCTTAGGTTTGACx-M2,1.0,0.8711230009677072,0.0,0.8380307990484965,0.8600150941167701,1.0,0.6847675643096445,1.0,0.5291136436246161,0.8666886204036547,0.3087107954879286,1.0,0.44598579131609695,0.7274914516267069,1.0,0.503668467104646,0.2498840209917685,0.9455586693000844,0.979173110087306,0.5037968120615545,1.0,1.0,1.0,1.0,1.0,0.8981394073601036,0.0,0.865133724627857,1.0,1.0,0.47508306160263775,1.0,0.9397325970567766,1.0,0.05833390621039301,1.0,0.9426674983384841,1.0,0.9014161979263837,0.0,0.579901677366483,0.5095372445067884,0.665735880153325,0.2765397499302199,1.0,0.9803245593319674,0.6063907150029972,0.38779427248169385,0.7707711872177656,1.0,0.4504729884715729,1.0,0.5918468060776939
gex_possorted_bam_1WGCZ:AGGTTAACATCTTGAGx-M2,0.8758448234690094,0.6259957963019819,0.0,0.7230369161939261,0.771556219517837,1.0,0.0,0.7223965803419048,0.14708381864749098,0.7285632557773739,0.894538640053265,0.4783033226278954,0.6406687667253212,0.0,0.6787307283337859,0.25032212577306234,0.716185540657491,1.0,1.0,0.987984419112456,1.0,1.0,0.7853681989763063,1.0,0.40257582592978575,0.6028805297191139,0.0,0.7862166744389912,1.0,0.8742381567239569,0.437915329359429,0.762577462800049,0.7714879852371143,0.6793621265694838,0.004325538184131244,0.9127912122811017,0.0,0.8161162734561538,0.7053825753915738,0.016058044246563728,0.5532058009654054,0.04963403259134013,0.3285641890807151,0.0,1.0,0.7428056316432747,0.0,0.2620294990224858,0.5933567080651643,0.8388902540281015,0.5658309192515693,0.8088924537427734,0.9346099645941265
gex_possorted_bam_1WGCZ:AGTGTTTCACAGAACGx-M2,1.0,1.0,0.33326120881627613,1.0,1.0,1.0,0.626929436159612,1.0,1.0,0.9987754551707348,0.0,0.9792886650074584,1.0,0.12821387160389722,1.0,0.33598493917833183,0.0,0.6147914857638352,1.0,0.5822414260216021,1.0,1.0,1.0,1.0,0.8513482203189573,0.9770555245478891,0.0,1.0,1.0,1.0,1.0,1.0,1.0,1.0,0.0,1.0,0.2953407549731611,1.0,1.0,0.0,1.0,0.26991668926556966,0.6508592087354867,0.5901215784302359,1.0,1.0,0.4042176798203698,0.0,1.0,1.0,0.8249263139729807,1.0,1.0
gex_possorted_bam_1WGCZ:AGTGATGAGAAGCTAGx-M2,1.0,1.0,0.0,1.0,1.0,1.0,0.21869674637648226,1.0,0.0,1.0,0.28164505567984766,0.2579871248519397,1.0,0.4045090524460871,1.0,0.5232485866785744,0.0,0.5758920456898139,0.9328082673696203,0.6776791813633875,1.0,1.0,1.0,1.0,0.729619994360386,1.0,0.0,1.0,1.0,1.0,1.0,1.0,1.0,1.0,0.0,1.0,0.06705273520426698,1.0,1.0,0.09845457340860703,1.0,0.0,0.6961763490339529,0.41814337585904726,1.0,1.0,0.4799205464407861,0.0,1.0,1.0,0.743113048363049,1.0,1.0
gex_possorted_bam_1WGCZ:ATAGGTACAGAGGCTAx-M2,1.0,1.0,0.0,1.0,0.9803187224229528,1.0,0.7246064352927973,1.0,0.5467528409797511,0.9576064452610332,0.030774733840480222,0.9624827140493518,0.8811369815591585,0.22342423768339023,0.935247585596201,0.3837087331680348,0.0,0.35372750157408306,0.8984030665948612,0.7773757958517374,1.0,1.0,1.0,1.0,0.5828634454303392,0.9039688219971692,0.0,0.8656178238219722,1.0,0.9981557427316863,0.8650193637928535,1.0,1.0,1.0,0.0,1.0,0.06542198190853386,1.0,1.0,0.22817584802215335,0.9108060304818981,0.03646869086130632,0.7727684565414006,0.15544497509276725,1.0,1.0,0.3843249473326873,0.0,0.8558726301802548,1.0,0.9398278495334478,1.0,1.0
gex_possorted_bam_1WGCZ:ATATGGTGTCACAGACx-M2,0.10334713379395657,1.0,1.0,0.9114898637987227,0.028124324663467797,0.0,1.0,0.9869679654160662,1.0,0.681586542330505,0.0,1.0,1.0,1.0,0.17913425472063807,1.0,0.0,0.0,1.0,0.0,0.0,0.0,0.0,0.0,1.0,1.0,1.0,1.0,1.0,0.48281987407253446,1.0,0.01588884648212012,0.0,0.8832467084499303,1.0,0.3149681352700543,1.0,0.01977404287855177,0.0,1.0,0.16190995281232395,1.0,1.0,0.0911745956187201,0.05340558410361763,0.5330668380316816,1.0,1.0,0.9739154114480735,0.5889918350874429,1.0,0.8803943683620539,0.0
gex_possorted_bam_1WGCZ:AGTGCCGGTACTTCACx-M2,1.0,0.8907732945623171,0.8406067913379035,1.0,1.0,0.6653034874897694,0.46814337578848336,1.0,0.8854323905722222,1.0,0.0,0.8175234946346719,0.7254911443216329,0.04563003221837766,1.0,0.0,0.0,0.0,0.7341014826263357,0.7780917108713378,1.0,1.0,1.0,1.0,0.5269377873929338,1.0,0.0,0.7633247162411604,0.8412422010443884,1.0,0.16410422799361843,1.0,1.0,1.0,0.0,1.0,0.12965896659207077,1.0,1.0,0.0,1.0,0.0,1.0,0.34137048109152895,1.0,1.0,0.6718676031035808,0.0,0.954091353614564,1.0,1.0,0.9789050082238333,0.0
gex_possorted_bam_1WGCZ:AGTTATGTCTAAATCGx-M2,0.0738643757962374,1.0,1.0,0.8838745021696264,0.04898019062571017,0.47961401488445454,1.0,0.6867983652536176,1.0,0.7455091410853996,0.9819180085073007,1.0,1.0,1.0,0.04786443539047136,1.0,1.0,1.0,1.0,0.0,0.0,0.0,0.0,0.0,1.0,1.0,1.0,1.0,1.0,0.9183239074797376,1.0,0.0,0.0,0.8418609456596011,1.0,0.24986410380021518,1.0,0.11206653911924189,0.1327272142232499,1.0,0.1568193384730663,1.0,1.0,1.0,0.14440320198339235,0.5084767216107787,1.0,1.0,1.0,0.4753331145280205,1.0,0.9124503515785166,0.0
gex_possorted_bam_1WGCZ:AGTTTGCAGCTTCTCAx-M2,0.8209197012944152,0.8448231621641988,0.0,0.7517269748820019,1.0,1.0,0.1613467945610396,0.746586001631865,0.04612696968779684,1.0,1.0,0.0,0.5782010479349176,0.534355663046132,0.8255807430922624,0.5547446296448897,0.7024944903839021,1.0,0.7887028127382609,0.9715575908470758,1.0,1.0,0.7789143231256042,1.0,0.3803039585030076,0.5039970376371352,0.0,0.686117655046412,0.5596248194334758,0.7668862201541579,1.0,0.7441832085801378,0.7560951429737652,0.7528102080363838,0.0,0.9542915921897159,0.0,0.6654280447781138,0.8053749450955733,0.17961226445945036,0.08475689554430291,0.015762504348467956,0.446108307964661,0.0,1.0,0.7473402153735209,0.0,0.14114207998216144,0.617739995862087,0.7622253793073241,0.596023198743854,0.880982322235344,1.0
gex_possorted_bam_1WGCZ:AGTTGCAGTGTGCACGx-M2,1.0,1.0,0.24206013237026203,1.0,0.8061144717300837,0.8575236783276003,0.4811082911986318,1.0,0.6122033478048701,1.0,0.0,0.9868965459452166,0.9777428795348037,0.5278362911607883,1.0,0.06627250847489942,0.0,0.0,0.7423460001645317,0.6119166674635673,1.0,1.0,1.0,1.0,0.47188737664782654,1.0,0.08209849606462381,0.8464820097850504,0.9672547744930093,1.0,0.003894634880884693,1.0,1.0,1.0,0.0,1.0,0.07788343731851247,1.0,1.0,0.0,1.0,0.06197404700994307,0.9572475955646154,0.0,1.0,1.0,0.11762656104748032,0.0,0.9555641141277873,1.0,1.0,1.0,0.0
gex_possorted_bam_1WGCZ:ATATAGGCATTGTCAGx-M2,0.7702678470334806,1.0,1.0,1.0,1.0,0.21304562669429644,1.0,1.0,1.0,1.0,0.0,0.23291391693697808,1.0,0.8496525960027873,0.9024691867901559,0.0,0.0,0.0,0.3835279714713669,0.17948503570569335,0.008854724311869155,0.2758300319651903,1.0,0.0,1.0,1.0,0.5924411511731352,0.4145933460241462,1.0,0.3406833774691545,0.0,1.0,1.0,1.0,0.2385032958683145,0.8552804481201501,0.0,1.0,1.0,0.056480556469259764,1.0,0.0,0.7710104765756778,1.0,0.20885695885350167,1.0,1.0,0.0,1.0,1.0,0.8340376437263413,0.9637252791506117,0.0
gex_possorted_bam_1WGCZ:AGTGGACAGGTAAGCAx-M2,0.6618017111687023,0.8787580357888256,0.32999209799680734,0.879939851113299,1.0,0.8407712430923384,1.0,1.0,1.0,0.9922004724137512,0.0,0.015933272916082278,1.0,0.9119540836159228,0.610861954306808,0.03653082059834579,0.3719898302881459,0.1946376062125433,0.6778518331869128,1.0,0.829562527077398,0.6547497481961954,0.8518036605210538,0.4229397033119994,1.0,0.9868095089570819,0.6508100828007841,0.6374419217817126,1.0,0.24949567381993004,0.3404897793968722,1.0,0.7780494886736923,0.8717472584364818,0.31403956030876456,0.7032048621617469,0.6020474650212697,0.6463764749085186,0.9685115745235283,0.05422918539950719,1.0,0.1494349882963379,0.424476755954266,1.0,0.5540312948506992,0.9814075619627027,1.0,0.1445525784615544,0.8596235443879693,1.0,0.5244622621049989,0.6263640878325722,1.0
gex_possorted_bam_1WGCZ:ATATGGTGTCAGGAAGx-M2,1.0,1.0,0.5475018525623143,1.0,1.0,1.0,0.5122680189567956,1.0,1.0,1.0,0.0,0.9912908687848251,1.0,0.750916596053255,1.0,0.5967430784166362,0.0,0.5442294093124211,1.0,0.7260061161947151,1.0,1.0,1.0,1.0,1.0,1.0,0.0,0.9749272194247652,0.9695202648038753,1.0,0.7896290876448544,1.0,1.0,1.0,0.0,1.0,0.5730741490982962,1.0,1.0,0.1277919625671347,1.0,0.5238029615099131,1.0,0.5521308162276827,1.0,1.0,0.6923836742873374,0.008751682056797133,1.0,1.0,1.0,1.0,0.9353903789509705
gex_possorted_bam_1WGCZ:ATAATGGCAAACGGGCx-M2,1.0,1.0,0.0,1.0,1.0,1.0,0.0799006563831563,1.0,0.1735204819123793,0.978579202779558,0.7514958021084917,0.7976574177188407,0.6851915401654581,0.8777663913352949,1.0,0.4915484673832924,0.4256740008876812,1.0,1.0,0.5000131210527174,1.0,1.0,1.0,1.0,0.30370203391861184,0.8920159470258542,0.0,0.7678260416844266,0.9948438351659018,1.0,0.9348010775073943,1.0,1.0,0.9933769583879942,0.0,1.0,0.14940463227820938,1.0,1.0,0.0,1.0,0.0,0.5465702093252892,0.11549376328223407,1.0,1.0,0.4245893122097873,0.0,0.8980173769858008,1.0,0.8472758347701369,1.0,0.9048884363970149
gex_possorted_bam_1WGCZ:ATCAAGACACCTACGGx-M2,0.021707511034036002,1.0,1.0,0.9877267033430441,0.0,1.0,1.0,0.47972500191842554,1.0,0.5868966400300812,1.0,1.0,1.0,1.0,0.23978281212399966,1.0,1.0,1.0,1.0,0.0,0.0,0.0,0.0,0.0,1.0,1.0,1.0,1.0,1.0,1.0,1.0,0.0,0.0,0.6260729522836443,1.0,0.23854397978034186,1.0,0.18796198631006036,0.0560683030209777,1.0,0.2654096934059305,1.0,1.0,1.0,0.005883466696882201,0.5817997790849787,1.0,1.0,1.0,0.5430642796879419,1.0,1.0,0.0
gex_possorted_bam_1WGCZ:ATATGGTGTCTCAGCCx-M2,1.0,1.0,1.0,1.0,1.0,0.5037523904354778,0.32585410251922114,1.0,0.5095263288835146,1.0,0.0,0.933251808606226,1.0,0.2340217077017892,1.0,0.0,0.0,0.0,0.43275293589831915,1.0,0.780837693480542,0.7441569468819772,1.0,1.0,0.19446406410388364,1.0,0.07551233555308051,1.0,0.8156261287404678,1.0,0.0,1.0,1.0,1.0,0.0,0.9589331642421833,0.14235773871115615,1.0,1.0,0.0,1.0,0.005963771680330107,1.0,0.5383039818912974,0.9169561487133135,1.0,0.9192489649144476,0.0,1.0,1.0,1.0,0.9372370208148356,0.0
gex_possorted_bam_1WGCZ:AGTGTTTCAATATACCx-M2,0.9880711196379393,0.8921173793303094,1.0,1.0,1.0,0.9730470325969821,0.0,1.0,1.0,1.0,0.0,1.0,1.0,0.7537357767257085,1.0,0.18615595078380268,0.0,0.0,0.0,0.21641675379865388,0.13791022530039176,0.729090600933962,1.0,0.5151190208642982,0.9511207941259262,1.0,0.0,1.0,0.8134802508929407,1.0,0.0,1.0,1.0,1.0,0.0,1.0,0.0,1.0,1.0,0.0,1.0,0.0,1.0,1.0,1.0,1.0,1.0,0.0,1.0,1.0,1.0,1.0,1.0
gex_possorted_bam_1WGCZ:AGTGTTTCAGTTGCGTx-M2,0.9292489922858956,0.5114607445607383,0.0,0.7026260932182071,0.9960525110332074,1.0,0.0,0.7922028180957992,0.0,0.7204811138448671,0.4681292611879975,0.010877756174940998,0.649522419554698,0.35984819372195637,0.863773433082459,0.05032346434129774,0.21089729470390817,0.9081016026417803,0.7187496997736346,0.7573834258811949,1.0,1.0,0.8995639256063138,1.0,0.43791555777430163,0.7422584419761336,0.02037353374728676,0.5666776651102097,0.5381756426448239,0.7514304913422641,0.08386176355596994,1.0,0.932532109372562,0.6339834416791387,0.03642978071913132,0.8825577946690562,0.020276325420213268,0.8294349263718888,0.7842765595321167,0.0,1.0,0.09981694132010858,0.33162762303999843,0.0,0.8647451908649243,0.7862859714341006,0.0,0.0,0.5974418276622542,0.9330956580056062,0.5238299054437051,0.7706332600900861,0.9459513423696972
gex_possorted_bam_1WGCZ:ATAGCATGTAGGTTATx-M2,0.21569404887473298,1.0,0.506470287188493,0.40039530615695257,0.0,0.2802131847990803,1.0,0.7515652397351237,0.6891161861212977,1.0,0.0,1.0,0.25619739226609156,1.0,0.7337668966776238,1.0,0.1877647859317935,0.0,0.11489895785575624,0.2793461334292702,0.0,0.0,0.1801905031667848,0.4174941861868713,0.5421889285401132,0.23754314638169016,0.20345613969817794,0.711351170555394,1.0,0.23338978367959703,1.0,0.0,0.2154725967304875,0.8414215000931138,0.7193599801625546,0.7306557553832698,1.0,0.3817519233331304,0.5591398612733286,1.0,0.6753006389656147,1.0,0.18783594054319996,0.5757423815280149,0.38220834887875127,0.5111559274301296,0.0,0.6902703935474555,0.6025040797788578,0.4900316799607624,0.5520675028236078,0.4145282431902166,0.0
gex_possorted_bam_1WGCZ:ATAATGGCACAACCTAx-M2,1.0,1.0,1.0,1.0,1.0,1.0,0.00801051029080405,1.0,0.6037247544250919,1.0,0.19932148880070127,0.8656568418480386,1.0,0.8123896083424624,1.0,0.5224337410881548,0.3411642462438545,1.0,0.6977292278664772,0.5791507726342502,1.0,1.0,1.0,1.0,1.0,1.0,0.04068249429876347,1.0,0.5008433617620635,1.0,0.3604173834961887,1.0,1.0,1.0,0.0,1.0,0.0,1.0,1.0,0.0,1.0,0.18667569357140462,1.0,1.0,1.0,1.0,1.0,0.0,1.0,1.0,0.8556230037558308,1.0,1.0
gex_possorted_bam_1WGCZ:ATAATGGCAGGATAACx-M2,1.0,1.0,0.07576125372211633,1.0,1.0,1.0,0.5386624370543166,1.0,1.0,1.0,0.14995272441729376,0.9185663244687633,1.0,0.19661355624509982,1.0,0.23858660431186454,0.0,0.6933574744736718,1.0,0.9348919390988389,1.0,1.0,1.0,1.0,0.6789496658082994,1.0,0.0,1.0,1.0,1.0,0.8238276227411079,1.0,1.0,1.0,0.0,1.0,0.12847151491092085,1.0,1.0,0.0,1.0,0.21828832508346893,1.0,0.7965992955910126,1.0,1.0,0.34289482111662484,0.0,1.0,1.0,1.0,1.0,1.0
gex_possorted_bam_1WGCZ:ATATGCTCATTAAGCTx-M2,1.0,1.0,0.0,1.0,0.7508318393826454,0.9906853791136354,0.8623641701578367,1.0,0.5676040452176225,1.0,0.0,1.0,0.9405063131705117,0.41056833220637884,0.9489791804718681,0.11233083962106839,0.0,0.019086859847548415,0.6360406975347921,0.715203286701395,1.0,1.0,1.0,1.0,0.9114325494238362,0.8849753347926549,0.0,0.9486330969419489,1.0,0.9049315047911158,0.679858604525512,1.0,1.0,1.0,0.0,1.0,0.5223785016108057,1.0,1.0,0.08988429703291442,1.0,0.6615986886256131,0.8296539490994853,0.5669340535967615,1.0,1.0,0.498919957209359,0.2542099257110998,0.8953783107426986,0.8641673372944733,1.0,1.0,0.7174622265764354
gex_possorted_bam_1WGCZ:ATAAGTCGTGTTTGTCx-M2,1.0,0.7270533811344243,0.14548904796192227,1.0,1.0,1.0,0.4233549699204949,1.0,0.5566471281323855,1.0,0.0,1.0,0.9563703405590394,0.023552772903212813,1.0,0.0880319897529852,0.0,0.2999053380898854,0.6566740475867825,0.34901528951386246,1.0,1.0,1.0,1.0,0.8128066697488879,1.0,0.052132574942584047,0.8759327761513974,0.5067407569808022,1.0,0.0,1.0,1.0,1.0,0.0,1.0,0.3223752083778034,1.0,1.0,0.0,1.0,0.0,1.0,0.3874829011764561,1.0,1.0,0.21853919101100538,0.0,0.906013111246025,1.0,0.95566740978524,1.0,0.826364604868726
gex_possorted_bam_1WGCZ:ATATGGTGTAGCCATAx-M2,1.0,0.8906113865598672,1.0,1.0,1.0,1.0,0.0,0.9140223056359019,0.9570535451986311,1.0,0.0,1.0,1.0,0.26093731808791476,1.0,0.3128901530739155,0.0,0.12575429249689146,0.44714984551444825,0.8588973011468237,0.7532067271682089,1.0,1.0,0.812501992434044,0.6668201873537531,1.0,0.0,1.0,0.8336921489882758,1.0,0.0,1.0,1.0,1.0,0.0,1.0,0.0,1.0,1.0,0.0,1.0,0.0,1.0,0.6512294544247008,1.0,1.0,0.9513639717015091,0.0,1.0,1.0,0.7623500518407892,1.0,1.0
gex_possorted_bam_1WGCZ:AGTGCGGAGAATCGCTx-M2,1.0,0.9545056222294501,0.0,1.0,1.0,1.0,0.6891105650520036,0.9714449922605972,0.4514653707902997,0.9651668032785745,0.3255561572058072,0.6085855060485288,1.0,0.34906344153718266,1.0,0.13873279312250772,0.03807994285639362,0.9255528300459257,1.0,0.6253036762933012,1.0,1.0,1.0,1.0,0.6861620468657205,0.8941593253483824,0.0,0.9549332605980937,0.8381558465126263,1.0,0.7479144354266966,1.0,1.0,1.0,0.0,1.0,0.0,1.0,1.0,0.0,1.0,0.2920371303926082,0.9557903184906785,0.40240228583506643,1.0,1.0,0.10475114286039755,0.12875447671576382,0.8800542326393116,0.931472344972093,0.9813108902916721,1.0,0.9699300737884267
gex_possorted_bam_1WGCZ:AGTTTGCAGACTAAGGx-M2,1.0,1.0,0.30552890577648717,1.0,0.4389422753323711,0.32123517247789996,1.0,1.0,1.0,1.0,0.0,1.0,1.0,0.8417549285348314,1.0,0.34823983766519495,0.0,0.0,0.5037435005351618,0.5198966156371215,1.0,0.6308293587373399,0.9516686275414294,1.0,1.0,1.0,0.0,1.0,0.7953662048239754,0.7233585443163624,0.5650705458613053,1.0,1.0,1.0,0.01838883225118036,1.0,0.9562612393572266,1.0,0.9840482049509991,0.3861536259857671,1.0,0.9584257439609434,0.838814994492237,0.39109010624304674,1.0,1.0,1.0,0.29972187041337994,0.9977409030605862,1.0,1.0,0.8800783679112449,0.10983402869970264
gex_possorted_bam_1WGCZ:ATAGATGCACCTCACCx-M2,0.10485868806532016,1.0,1.0,1.0,0.0,0.0,1.0,0.7393398327362029,1.0,1.0,0.0,1.0,1.0,1.0,0.24649401422266687,1.0,0.08770780844236452,0.0,1.0,0.0,0.0,0.0,0.0,0.0,1.0,1.0,1.0,1.0,1.0,1.0,1.0,0.0,0.0,0.7675201838305704,1.0,0.2810320926399433,1.0,0.275465261425455,0.22047647674563722,1.0,0.33268311645950194,1.0,1.0,1.0,0.18590519394460278,0.5192193014010787,1.0,1.0,1.0,0.5268177612998969,1.0,1.0,0.0
gex_possorted_bam_1WGCZ:ATAAGTCGTATTGGTGx-M2,0.9761191298183177,1.0,0.9481845530943953,1.0,1.0,1.0,1.0,1.0,1.0,1.0,0.0,0.7367350957981246,1.0,0.86742607063453,1.0,0.24160655814321683,0.0,0.0,0.7729469610671419,0.8983256234213663,0.9771159556157826,0.8065624772552321,1.0,0.6674488018246828,0.9844379870842608,1.0,0.32465246170821965,0.7054682287955137,1.0,0.7540278974668557,0.49051988394847623,1.0,1.0,1.0,0.15552673268591746,1.0,0.10799369521401342,1.0,1.0,0.0,1.0,0.0,0.7951641490470364,1.0,0.8792996887284981,1.0,1.0,0.0,1.0,1.0,0.6491719486967771,0.9958607450667403,0.8282582028860288
gex_possorted_bam_1WGCZ:ATACCGGTCGCTATAAx-M2,0.7665385128206009,1.0,1.0,0.9236754752844768,0.0,0.688223636459497,1.0,1.0,0.995058118479189,1.0,0.0,1.0,1.0,1.0,1.0,1.0,0.0,0.0,0.4348715361039683,0.12836366654771145,0.541497746660262,0.4218117455692243,0.6350190310571505,0.9633617051138497,1.0,0.9676608156680894,0.0,1.0,1.0,0.6588277665936467,1.0,0.8944420306932034,0.7421604465949114,1.0,0.07763254619454957,1.0,1.0,0.9624159046090095,0.9711715022138234,1.0,0.6974127928101101,0.9375949650319945,1.0,1.0,1.0,1.0,0.6127052151512362,0.1089773638045614,1.0,1.0,1.0,1.0,0.5240081415615525
gex_possorted_bam_1WGCZ:ATAGCATGTGTAACCAx-M2,1.0,1.0,1.0,1.0,1.0,1.0,0.16571039727324052,1.0,1.0,1.0,0.0,1.0,1.0,0.3920266991522068,1.0,0.0,0.0,0.0,0.20796771973582584,0.5375471472787143,0.9921752701713348,0.9696919703512943,1.0,1.0,0.8037523206354439,1.0,0.0,1.0,0.963781813839735,1.0,0.020651016915629785,1.0,1.0,1.0,0.0,1.0,0.09968098099602556,1.0,1.0,0.0,1.0,0.3834063390475229,1.0,0.7939017273649501,1.0,1.0,1.0,0.0,1.0,1.0,0.9340007327687324,1.0,0.46003691997158125
gex_possorted_bam_1WGCZ:ATAAGCCTCGAAGTGAx-M2,0.0772386235276828,1.0,1.0,0.9007976950982707,0.0,0.0,1.0,0.8516381580792998,1.0,0.9763729184118374,0.0,1.0,1.0,1.0,0.22011249634001634,1.0,0.0,0.0,1.0,0.0,0.0,0.0,0.0,0.0,1.0,1.0,1.0,1.0,1.0,0.49503134669252186,1.0,0.06952792023834997,0.0,0.8108866057281792,1.0,0.2584098630385217,1.0,0.0,0.02914975884170021,1.0,0.3300094418520786,1.0,1.0,0.29642785052256704,0.039375806514381606,0.4940346773108842,1.0,1.0,1.0,0.7070043293304534,1.0,0.9294643623641372,0.0
gex_possorted_bam_1WGCZ:AGTGCGGAGGTACCGCx-M2,1.0,1.0,0.1310254721941437,1.0,0.8485397021032148,0.7690574300139094,0.2782830284617546,1.0,0.0,0.9248793509000323,0.0,0.841653507845925,0.8893840935631546,0.6715882068977818,1.0,0.060105051009284115,0.0,0.0,0.5751061440619119,0.848608704347613,1.0,0.9100708056505243,1.0,1.0,0.36116543517838934,1.0,0.0,0.9171624236306426,1.0,1.0,0.0,1.0,1.0,1.0,0.0,1.0,0.1224683571197023,1.0,1.0,0.0,1.0,0.5046956483331229,1.0,0.49654755510452736,1.0,1.0,1.0,0.5607981769501532,0.9824204493188553,1.0,1.0,0.8869641944740128,0.6584747256127867
gex_possorted_bam_1WGCZ:ATAGGTACAGCTTAGCx-M2,1.0,1.0,0.7717489028210128,1.0,1.0,0.6667910359532545,0.07996353671193884,1.0,1.0,1.0,0.0,1.0,0.8274695738720526,0.2913288656740278,1.0,0.16624537956973595,0.0,0.0,0.1555007374970998,0.39820776670620794,0.7039333879975677,0.843915261366889,1.0,1.0,0.8707989552375318,1.0,0.014101336297581844,0.8883532795274813,0.8091381046005967,1.0,0.0,1.0,1.0,1.0,0.0,1.0,0.0,1.0,1.0,0.0,1.0,0.1877470874654079,1.0,0.5449556026892141,1.0,1.0,1.0,0.0,1.0,1.0,0.6959040214433215,1.0,0.3047853632657136
gex_possorted_bam_1WGCZ:ATATGGTGTAATCACGx-M2,0.7722605504030385,0.48025826312124154,0.025927062493820853,0.6694779964291768,0.8871363268225887,1.0,0.17209888019488026,0.7075479369300766,0.038236714281922615,0.7519657947481774,0.5701383211417056,0.06736687833717604,0.5294285474265881,0.3731101303666836,0.7002723478306224,0.2801511622781288,0.37257769850752,1.0,0.5401812096003213,0.8926641966154734,1.0,1.0,0.7164266643004416,1.0,0.4704977627631935,0.5052177600477308,0.0,0.667397173573592,0.49161379701022156,0.8123100301205971,0.49613055026738795,0.5955079716500531,0.7790451366470308,0.5323650970814984,0.005128662269894033,0.8358508889206101,0.05141390343624643,0.7659385861174297,0.7675624075562916,0.25420562754469106,0.8914907110882773,0.051944013588451514,0.6442049409537176,0.16763211741593068,0.7974289134001362,0.7006072287412523,0.0,0.0,0.6414702383268723,0.7572421677313401,0.7088631763101645,0.7195891720381061,1.0
gex_possorted_bam_1WGCZ:ATAACGACAGGAACCAx-M2,0.06841789645346405,1.0,1.0,1.0,0.010154035928145358,0.0,1.0,0.7667381325843687,1.0,1.0,0.0,1.0,1.0,1.0,0.16172377110491795,1.0,0.0,0.0,1.0,0.0,0.0,0.0,0.0,0.0,1.0,1.0,1.0,1.0,1.0,0.7223180233182003,1.0,0.10645189799225854,0.0,0.8419106360387146,1.0,0.24382711016250036,1.0,0.09184856923331436,0.07984332200313937,1.0,0.29697302926070485,1.0,1.0,1.0,0.0,0.4961826871379134,1.0,1.0,1.0,0.6076566498513737,1.0,1.0,0.0
gex_possorted_bam_1WGCZ:ATCAAGCTCATTGCAAx-M2,1.0,0.7765877884816085,0.0,0.9419342145316737,1.0,1.0,0.3595195810812125,0.9616125863783008,0.192133440714614,0.9661520471907904,0.9975141078996534,0.5123745934159214,0.7438335005717687,0.3788191016600539,1.0,0.3112719551336701,0.5858522650652342,1.0,1.0,0.41042077835237284,1.0,1.0,1.0,1.0,0.7654309931345735,0.8524514965298193,0.0,0.9862970769934623,1.0,1.0,1.0,1.0,1.0,1.0,0.0,1.0,0.23561302452690885,1.0,1.0,0.0,0.6085330077721166,0.2435796225650449,0.545800309550972,0.02973075656083683,1.0,1.0,0.0,0.013827664738917634,0.8486700309099644,0.9934693128590504,0.774423245438762,1.0,0.9560441455754517
gex_possorted_bam_1WGCZ:ATATAGGCAAGGTGGCx-M2,0.6279829087434529,0.5293375791491582,0.0,0.5072600617106654,0.7825951657955712,1.0,0.0,0.4445704151499301,0.0,0.48927099458367257,0.8694420910771115,0.0,0.38980279365303633,0.030226982634215672,0.6046637307769359,0.6973449569517947,0.7964010680281257,1.0,0.8738122461729705,1.0,1.0,1.0,0.7349753406519004,0.9053057895889252,0.2898102215202551,0.43853327897487765,0.0,0.39109680996874946,1.0,0.8929132408970905,0.6648616445170381,0.32392430931037275,0.5964487214835185,0.3383506726466417,0.15922831346084496,0.619244178664485,0.0,0.62932702289421,0.47848407929841236,0.0567615527730664,0.5215712548273463,0.0,0.11135512253840271,0.0,0.6540331720418511,0.5901612539654789,0.0,0.19897519972797198,0.44700392247579057,0.6781028986228751,0.6179674455361218,0.598529975930618,0.7828662628929625
gex_possorted_bam_1WGCZ:ATAGATGCATTGTCCTx-M2,1.0,0.7536797289954914,0.0,1.0,0.9668265994524,0.9495383865020818,0.2717742773945895,1.0,0.49639170811881045,0.9103005518537537,0.0,0.676904548263701,0.6498182315233547,0.4522896594254218,1.0,0.19089443770686138,0.0,0.04413486443096144,0.8050786792431694,0.5378590192960174,1.0,1.0,1.0,1.0,0.26839365165345525,0.9148146979312205,0.0,0.869866957159584,0.8128406137252724,1.0,0.45990837791969824,1.0,1.0,1.0,0.0,1.0,0.19325124219789197,1.0,1.0,0.0,1.0,0.34358610760718195,0.6544819943204179,0.1957811792865286,1.0,1.0,0.16120502667263648,0.05510112123527851,0.8597381850248121,0.9282964064725411,0.9060756707988742,0.9244628060023771,0.533700060865705
gex_possorted_bam_1WGCZ:ATCAAGACAATTGAAGx-M2,0.09555339036663878,1.0,1.0,1.0,0.0,0.0,1.0,0.9946014651715529,1.0,0.7910021856942018,0.0,1.0,1.0,1.0,0.14375225674296424,1.0,0.0,0.0,1.0,0.0,0.0,0.0,0.0,0.0,1.0,1.0,1.0,1.0,1.0,0.6375663269143442,1.0,0.12124670086034857,0.0,0.9470658155103917,1.0,0.2692621862331059,1.0,0.029704930999811544,0.008711037446278108,1.0,0.18390314247891723,1.0,1.0,0.18541497655135272,0.048625062424277866,0.5626427799676896,1.0,1.0,1.0,0.714069478189886,1.0,0.9684723429636699,0.0
gex_possorted_bam_1WGCZ:ATACCGGTCGGGCCATx-M2,1.0,0.1883589141724851,0.0,1.0,1.0,0.9844788062956614,0.8482555459358477,1.0,0.38025068785910954,0.7133261808732133,0.0,0.0,0.854086554310201,0.773134367839438,0.9978902182713497,0.0,0.0,0.10707161917726311,0.6476325509523483,0.0,0.9652700134785079,0.997634468536724,0.8698527335009213,1.0,0.20198748243366832,0.8220008299335547,0.7986120321522272,0.28508120352165917,0.8325837036464081,0.7870948049996287,0.269160860122692,0.8177070805172285,1.0,1.0,0.0,0.8640338766668144,0.031374728990158605,0.9146357717195078,1.0,0.0,1.0,0.0,0.37061944991490775,0.0,1.0,0.9353673497284929,0.2186239890937292,0.0,0.675803192997519,1.0,0.8217574086357374,0.8988204662077867,0.0038943534507185477
gex_possorted_bam_1WGCZ:AGTGAGTCAGGAAGCCx-M2,1.0,1.0,0.7281932748659921,1.0,1.0,1.0,0.0716486503596652,1.0,0.38098319812019804,0.9182132912028098,0.12646428036711257,1.0,1.0,0.32733233456172867,1.0,0.0,0.0,0.22193270368999157,1.0,0.6383183550447377,1.0,1.0,1.0,1.0,0.21264414185494707,1.0,0.0,1.0,1.0,1.0,0.9463982679153696,1.0,1.0,1.0,0.0,1.0,0.05194804360493079,1.0,1.0,0.0,1.0,0.44379069321523645,0.9357433741990462,0.35276201725791256,1.0,1.0,1.0,0.08721785418074825,1.0,1.0,1.0,1.0,0.6066667684803867
gex_possorted_bam_1WGCZ:AGTGTTTCAAGCTACCx-M2,1.0,1.0,0.5082642170301503,1.0,1.0,1.0,0.8488521088771883,1.0,0.9745454210669506,1.0,0.0,1.0,1.0,0.4495615598386503,1.0,0.3895520812489053,0.0,0.655715616714752,1.0,0.9183271426552766,1.0,1.0,1.0,1.0,0.9245495224597554,1.0,0.0,1.0,1.0,1.0,1.0,1.0,1.0,1.0,0.0,1.0,0.20474030679546548,1.0,1.0,0.15356008507370472,1.0,0.18927640549164496,0.9982706956968967,0.959910089169128,1.0,1.0,0.5692446510091234,0.0,1.0,1.0,1.0,1.0,1.0
gex_possorted_bam_1WGCZ:ATAACGACAAGGATTAx-M2,1.0,0.9081715464483944,1.0,1.0,1.0,1.0,0.0,1.0,1.0,1.0,0.0,1.0,0.9148238833449498,0.5390384688455251,1.0,0.16509513269541867,0.0,0.0419046312748672,0.37609191818829624,0.2028748773635904,0.7732384953583946,1.0,1.0,0.8690761631789277,0.7176411587038299,1.0,0.0,0.8173670637761161,0.562596843994465,1.0,0.0,1.0,1.0,1.0,0.0,1.0,0.0,1.0,1.0,0.0,1.0,0.0,1.0,0.8872746486046335,1.0,1.0,0.9555444701708431,0.0,1.0,1.0,0.7936187602019461,1.0,0.8386240589051508
gex_possorted_bam_1WGCZ:ATATGTCCATCCTGAAx-M2,1.0,1.0,0.27408619863505085,1.0,1.0,1.0,0.46215999476261405,1.0,0.7274176839384846,1.0,0.06772946679171823,0.9594702824560174,0.8897551237989987,0.42062616005634795,1.0,0.3260371619292046,0.0,0.5432368407652175,0.9743654055089952,0.8025625562268396,1.0,1.0,1.0,1.0,0.5783311821467157,1.0,0.0,1.0,1.0,1.0,1.0,0.9940698382904024,1.0,1.0,0.0,1.0,0.1795039990177886,1.0,1.0,0.0,1.0,0.3085942656361122,0.8222365849977186,0.6858517786401449,1.0,1.0,0.4420855586814925,0.0,1.0,1.0,1.0,1.0,1.0
gex_possorted_bam_1WGCZ:AGTTTGATCAAGTGTCx-M2,1.0,1.0,1.0,1.0,1.0,1.0,0.07568167687340369,1.0,0.9252886450337223,1.0,0.0,1.0,1.0,0.23214136963776824,1.0,0.2870012930673351,0.0,0.0,0.7065130668569489,1.0,1.0,1.0,1.0,1.0,0.5175450001699643,1.0,0.0,1.0,1.0,1.0,0.2263597833147714,1.0,1.0,1.0,0.0,1.0,0.0,1.0,1.0,0.0,1.0,0.19754205989132226,1.0,0.6763584336529359,1.0,1.0,0.9058482292771289,0.0,1.0,1.0,0.8583631427364721,1.0,1.0
gex_possorted_bam_1WGCZ:AGTGAGTCAATGCCCGx-M2,1.0,1.0,0.0,0.9712533112607679,1.0,0.06860489684124606,0.8181387351207792,1.0,0.8614719301232454,0.8922742266092734,0.0,1.0,1.0,1.0,0.7904680203370623,0.4648921189710749,0.0,0.0,0.2616908759176045,0.0,1.0,0.6710857619532677,0.9584808473377546,1.0,0.9983620074841936,0.7892410351455839,0.1546866719598915,1.0,1.0,0.8795564443724515,0.0,0.9224374500037826,0.9524000740061477,0.638349976296155,0.2203995385783648,0.90392894706125,1.0,0.7868515349966807,0.8573431937154675,0.2221630593946671,1.0,1.0,0.5577331246531709,0.0,0.8975899257652964,0.800959498203577,0.3912061479726059,0.20206575310469863,0.8465511875326003,1.0,1.0,0.7612865408456241,1.0
gex_possorted_bam_1WGCZ:AGTTGGCGTTATCGAGx-M2,1.0,1.0,0.0,1.0,1.0,1.0,0.3921617743520524,1.0,0.21858671761429005,1.0,0.5537144876947273,0.7083684860981679,1.0,0.4414358890004784,1.0,0.4744105355971436,0.196623548002221,1.0,1.0,0.6197053615979246,1.0,1.0,1.0,1.0,0.6614752385889956,0.8869276266887418,0.0,0.9672466455881638,1.0,1.0,1.0,1.0,1.0,1.0,0.0,1.0,0.16132160881352012,1.0,1.0,0.01212239567362039,0.9514359826232607,0.23224905892830594,0.716544514260902,0.2712564487806158,1.0,1.0,0.07732149551694138,0.0,0.9333121033463687,1.0,1.0,1.0,1.0
gex_possorted_bam_1WGCZ:AGTTGCGTCACGCATGx-M2,0.026468981405005317,1.0,1.0,0.9243948172149684,0.0,1.0,1.0,0.5038514990709886,1.0,0.6389156219250205,1.0,1.0,1.0,1.0,0.21745967853785578,1.0,1.0,1.0,1.0,0.0,0.0,0.0,0.0,0.0,1.0,1.0,1.0,1.0,1.0,1.0,1.0,0.0,0.0,0.6548367257332003,1.0,0.19974247710055726,1.0,0.19671120612190562,0.1414404131120188,1.0,0.1600319320212842,1.0,1.0,1.0,0.028714966426925354,0.5355894678680428,1.0,1.0,1.0,0.34550628419741325,1.0,0.92665499175571,0.0
gex_possorted_bam_1WGCZ:ATAGATGCAAGGTGGCx-M2,1.0,1.0,0.0,1.0,1.0,1.0,0.6040746196682072,1.0,0.18325358145941523,1.0,0.7859198682055375,0.6296480931442424,1.0,0.5762626365091369,1.0,0.5842121156464009,0.4402407204290947,1.0,1.0,0.913013243707708,1.0,1.0,1.0,1.0,0.8020947760084884,1.0,0.0,1.0,1.0,1.0,1.0,1.0,1.0,1.0,0.0,1.0,0.13814167754814197,1.0,1.0,0.0,1.0,0.17029039222618914,0.768904629627648,0.37889826967825907,1.0,1.0,0.0730686411728368,0.0,1.0,1.0,1.0,1.0,1.0
gex_possorted_bam_1WGCZ:AGTTGTCAGGATGATGx-M2,1.0,1.0,0.8058592750400945,0.9268806231819082,1.0,1.0,0.0,1.0,1.0,1.0,0.05739881653230246,1.0,0.6334422960005024,0.5077625504459116,1.0,0.011067168547602209,0.0,0.7025511409513675,0.8572012658250471,0.0,1.0,0.9519264058106891,1.0,0.9711897624266043,0.2586116901342556,1.0,0.0,0.29910644996897207,0.4339138244939627,1.0,0.04160693191676669,1.0,1.0,1.0,0.0,1.0,0.2546854905028115,1.0,1.0,0.0,1.0,0.0,0.7518006345244123,0.4597646180434029,1.0,1.0,0.44015870725456335,0.0,0.902839694052258,1.0,1.0,1.0,0.09591824224160411
gex_possorted_bam_1WGCZ:ATAAGCCTCGGGCCATx-M2,1.0,1.0,0.17886421429654473,0.9742282525544319,1.0,1.0,0.7360640158415546,1.0,0.8692971931183694,0.808553056210854,0.16728860366349982,0.9853748495197715,0.9778244426576238,0.47887008257341385,1.0,0.36692533010268413,0.15798700997769224,0.8063111822002577,0.8898824959439958,0.7772776044988182,1.0,1.0,0.9568806929685751,1.0,1.0,0.7979327529175259,0.0,0.841384296401763,1.0,1.0,0.1811729413870874,1.0,1.0,1.0,0.0,1.0,0.19095052497013154,1.0,1.0,0.1780629775510375,1.0,0.32056801411950786,0.8924432084832142,0.7795103835475384,1.0,1.0,0.0,0.0,0.9066878196417173,1.0,1.0,1.0,0.6855169526092798
gex_possorted_bam_1WGCZ:ATAGATGCATGTCAATx-M2,1.0,0.9409112076751541,0.3309476979159527,1.0,1.0,1.0,0.2809366731152281,1.0,0.3979496075358165,1.0,0.0,0.7884471235126614,0.7123947555488767,0.369689814528729,1.0,0.0,0.0,0.03350258277484342,1.0,0.6790879474578609,1.0,1.0,1.0,1.0,0.07112190823435051,1.0,0.0,1.0,1.0,1.0,0.7813617058152436,1.0,1.0,1.0,0.0,1.0,0.17092271520848373,1.0,1.0,0.0,1.0,0.5159416707190921,0.829143021100746,0.5058968959972315,1.0,1.0,0.2508226490680843,0.06298336813084768,1.0,1.0,0.9592797127289238,1.0,0.4079881246184082
gex_possorted_bam_1WGCZ:ATACCTGCATGACTATx-M2,0.10740857445014317,1.0,0.8142072235147215,1.0,0.07327253259637301,0.0,1.0,1.0,1.0,0.6450243338302383,0.0,1.0,1.0,1.0,0.04927783513892524,1.0,0.0,0.0,1.0,0.0,0.0,0.0,0.0,0.0,1.0,1.0,1.0,1.0,1.0,0.5423640033592385,1.0,0.28652583057273473,0.0,1.0,1.0,0.3390725611892689,1.0,0.0,0.0,1.0,0.2104546270795861,1.0,1.0,0.6553707957438978,0.10397197892573316,0.5609148377570784,1.0,1.0,1.0,0.7310532435724588,1.0,0.8865636598288263,0.0
gex_possorted_bam_1WGCZ:AGTGGACAGCATCCAGx-M2,1.0,0.826718649359273,0.12725131023632225,1.0,1.0,0.9998681407040481,0.7663055571768523,1.0,0.6097277876827608,1.0,0.0,1.0,1.0,0.361205956267583,1.0,0.06415352403537983,0.0,0.07992158965940134,0.7414365362022104,0.5465720179740979,0.9969559160255613,1.0,0.9631968340128162,1.0,0.6709418638573695,0.9485537467231724,0.0,0.8340204303034635,1.0,0.9900076869696429,0.7009438401740847,1.0,1.0,1.0,0.0,1.0,0.22700980056292097,1.0,1.0,0.1724172214016201,1.0,0.30503170209776315,0.8556179081901611,0.0,1.0,1.0,0.4277494662239714,0.0,0.8901101971925375,1.0,0.9388658281032014,1.0,0.8145717259214896
gex_possorted_bam_1WGCZ:ATAGGTACATCACAGCx-M2,1.0,0.6906325684145141,0.0,1.0,1.0,1.0,0.014917946259475491,0.9422504711583732,0.11450470577188543,0.9335652591285536,0.8142976118384686,0.4564662899882571,0.6716223582796701,0.6294631517129236,1.0,0.7810884495132615,0.39476275656776877,1.0,1.0,0.5547749812568334,1.0,1.0,1.0,1.0,0.46505825020702807,1.0,0.0,1.0,1.0,1.0,1.0,1.0,1.0,1.0,0.006604079152744258,1.0,0.18918568418228912,1.0,1.0,0.0,1.0,0.5580344641607601,0.6270126347292794,0.26099180179821413,1.0,1.0,0.24696398752805812,0.3431123654906765,1.0,0.9724770655767365,1.0,1.0,0.9782484223674501
gex_possorted_bam_1WGCZ:ATATGCTCAGTAAGTAx-M2,1.0,0.9974658060117466,0.02630415333255572,1.0,0.8303876476289157,1.0,0.7744301322597678,1.0,0.1517220594814402,0.8628134975594612,0.18964175241350087,0.6779084631035869,1.0,0.7459141221715896,1.0,0.4870092245946151,0.0,0.8205821130891852,0.925965730845075,0.4009141849496754,1.0,1.0,1.0,1.0,0.5740787645057844,0.8263528754245406,0.0,0.83586370999476,1.0,1.0,1.0,0.9898879659986313,1.0,0.9653778969343936,0.0,1.0,0.23224710489714903,1.0,1.0,0.015985300136343757,1.0,0.0,1.0,0.0972688318516736,1.0,1.0,0.42565230591523406,0.05617434400590662,0.7906610376036316,0.9535545631131489,1.0,1.0,0.9328056822054217
gex_possorted_bam_1WGCZ:ATAGATGCACTTAACGx-M2,0.12544393282129385,1.0,1.0,0.9296282150459652,0.08243348559003015,0.0,1.0,0.7776004689119954,1.0,1.0,0.0,1.0,1.0,1.0,0.2475648086791697,1.0,0.0,0.0,1.0,0.0,0.0,0.0,0.0,0.0,1.0,1.0,1.0,1.0,1.0,1.0,1.0,0.0,0.0,0.8148959981929147,1.0,0.3531583025659822,1.0,0.28772251849006375,0.2894339764494035,1.0,0.32775343589390393,1.0,1.0,1.0,0.17648255473051366,0.565334213260451,1.0,1.0,1.0,0.49559345060338256,1.0,1.0,0.002989659292579474
gex_possorted_bam_1WGCZ:ATAGCATGTACGATTGx-M2,1.0,1.0,0.0,1.0,0.8600552912124686,1.0,0.5889150067633645,1.0,0.636272584179874,1.0,0.0,1.0,0.9542365763686562,0.3830738705708609,1.0,0.20682423695438848,0.0,0.3907267102700847,0.8156510799892719,0.6165013896233175,1.0,1.0,1.0,1.0,0.5203236098752342,0.8893551167321977,0.0,0.8659472086417056,0.8504534126991152,1.0,1.0,1.0,1.0,1.0,0.0,1.0,0.19844064123034807,1.0,1.0,0.0,1.0,0.2335162972428924,0.5908560307881339,0.039993143591975,1.0,1.0,0.2676368563111289,0.0,0.9661315984617553,0.9555745917416981,1.0,1.0,0.7171647720017392
gex_possorted_bam_1WGCZ:AGTGCCGGTGCATCGGx-M2,1.0,1.0,0.41863833348911267,1.0,1.0,1.0,0.4820015352464559,1.0,1.0,1.0,0.15113281477272672,1.0,1.0,0.5678874388674918,1.0,0.47025090531712976,0.0,0.7188694263152576,1.0,0.6528970999449408,1.0,1.0,1.0,1.0,0.7317149566121584,1.0,0.0,1.0,1.0,1.0,1.0,1.0,1.0,1.0,0.0,1.0,0.3978762526912841,1.0,1.0,0.0,1.0,0.42782910696934406,1.0,0.6332105014092916,1.0,1.0,0.5270859012099425,0.2473151225331522,1.0,1.0,1.0,1.0,1.0
gex_possorted_bam_1WGCZ:ATAGATGCATAATGTCx-M2,1.0,0.8733235183963842,0.0,1.0,1.0,1.0,0.15746455964375156,0.9442659441924366,0.0,1.0,1.0,0.5480124107950419,0.6563839304361769,0.8522308097252569,1.0,0.7051878184945963,0.6668097740769714,1.0,1.0,0.5171044368285914,1.0,1.0,1.0,1.0,0.5028176064531058,0.8671631055568246,0.0,0.9083968333234254,0.9593177337780692,1.0,1.0,1.0,1.0,1.0,0.0,1.0,0.014216580971053439,1.0,1.0,0.0,0.7385423151316981,0.2522051138028597,0.45338359897238567,0.10463230837018986,1.0,1.0,0.14934894452287428,0.0,0.9229133711379186,1.0,0.8571475948809002,1.0,1.0
gex_possorted_bam_1WGCZ:ATATGTCCAAACCTATx-M2,1.0,1.0,1.0,1.0,1.0,1.0,0.0,0.9794741056719783,0.7578905606854308,1.0,0.0,1.0,1.0,0.717748843918612,1.0,0.31674060679272964,0.0,0.0,0.04643201876797232,0.19123756552011106,0.592833273225904,0.8934779034558086,1.0,0.7664185411131353,0.7516986824514847,1.0,0.0,0.919583349761667,0.6269410062932378,1.0,0.0,1.0,1.0,1.0,0.0,1.0,0.2332789235386055,1.0,1.0,0.0,1.0,0.13390133595811693,1.0,1.0,1.0,1.0,1.0,0.0,1.0,1.0,0.9586627430792288,1.0,1.0
gex_possorted_bam_1WGCZ:ATATGTCCACCTACGGx-M2,0.11134454296573404,1.0,1.0,0.9674758047832533,0.0,0.0,1.0,0.6795752516089304,1.0,0.7977751366720216,0.0,1.0,1.0,1.0,0.19398553076579303,1.0,0.0,0.0,1.0,0.0,0.0,0.0,0.0,0.0,1.0,1.0,1.0,1.0,1.0,1.0,1.0,0.2381230654625299,0.0,0.664399874537751,1.0,0.25139312292538896,1.0,0.24204872258463495,0.22835910600661985,1.0,0.23210791909503,1.0,1.0,1.0,0.07363452037419461,0.5775321885330903,1.0,1.0,1.0,0.6092391692468558,1.0,1.0,0.06231273400961432
gex_possorted_bam_1WGCZ:AGTGTGGCAGGACCTTx-M2,0.0,1.0,1.0,0.7218047351324365,0.0,1.0,1.0,0.5413944596046659,1.0,0.5712310831921047,1.0,1.0,1.0,1.0,0.20709274131887437,1.0,1.0,1.0,1.0,0.0,0.0,0.0,0.0,0.0,1.0,0.9078607571819517,1.0,1.0,1.0,0.7056869858635929,0.5966847445711061,0.0,0.0,0.642905300094849,1.0,0.24863824961216952,1.0,0.21455444083759634,0.12530704275351226,1.0,0.4291243992237306,1.0,1.0,1.0,0.13565494321107685,0.3352030621929961,1.0,1.0,0.7874801870057035,0.14282056727355902,1.0,0.6621821309975369,0.0
gex_possorted_bam_1WGCZ:ATAGATGCAACTAGAAx-M2,1.0,0.7059202738840842,0.758600840575695,1.0,1.0,0.7253830653577449,0.26932341286736783,1.0,0.23318351498109627,1.0,0.0,0.4739003025806629,0.6983951049602009,0.1303353534743792,1.0,0.0,0.0,0.0,0.6853535320802829,0.7861956857383584,1.0,1.0,1.0,1.0,0.41310972410667757,1.0,0.0,0.9096619689383976,0.8732460553234542,1.0,0.008295266508829157,0.9908554189837793,1.0,0.978041086391662,0.0,1.0,0.16172434481836587,1.0,1.0,0.0,1.0,0.0,0.8241651114111493,0.4452395006080058,1.0,1.0,0.27532328996083266,0.0,1.0,1.0,1.0,0.968188469016448,0.0
gex_possorted_bam_1WGCZ:ATATGCATCGCTCACTx-M2,0.009139557510282238,1.0,1.0,0.8947486277508088,0.0,1.0,1.0,0.43742498576146605,1.0,0.6768983679963272,1.0,1.0,1.0,1.0,0.19656044751968685,1.0,1.0,1.0,1.0,0.0,0.0,0.0,0.0,0.0,1.0,1.0,1.0,1.0,1.0,1.0,1.0,0.0,0.0,0.6263856062045648,1.0,0.23019451750012887,1.0,0.11773430248548321,0.047920452646135155,1.0,0.13816987038254547,1.0,1.0,1.0,0.07831891649524089,0.5210310783583804,1.0,1.0,1.0,0.41691683187752093,1.0,0.958849859739922,0.0
gex_possorted_bam_1WGCZ:AGTGAGTCAATTAAGGx-M2,1.0,0.8521426277992593,1.0,1.0,1.0,0.1003024218599656,0.0,1.0,0.696130674817567,1.0,0.0,1.0,1.0,0.6583695470329892,1.0,0.0,0.0,0.0,0.0,0.0,0.0,0.33891835033533196,1.0,0.7332393326499588,0.5104959802940983,1.0,0.08203979026671843,0.7700711334065352,0.669526912085255,1.0,0.0,1.0,1.0,1.0,0.0,0.8931893574372859,0.0,1.0,1.0,0.0,1.0,0.0,1.0,0.6725646470100377,0.8492072212954286,1.0,1.0,0.0,1.0,1.0,1.0,1.0,0.0
gex_possorted_bam_1WGCZ:AGTTATGTCCCTGGTTx-M2,0.938698390434855,0.5809224690363651,0.0,0.7596903489168195,1.0,1.0,0.20229599666334952,0.7802543560761033,0.0,0.7439817122337621,0.7321595845961766,0.021462698725719268,0.7166020228051152,0.0,0.8434521606054177,0.40734126870461307,0.4579218950599936,1.0,0.882763183080568,0.8927712828500172,1.0,1.0,0.8658397253204512,1.0,0.4048213554383932,0.6229815824926075,0.0,0.7893800490683517,0.8862663475213485,0.8326597128002827,0.5525642310286235,1.0,0.8674517014900598,0.747930168930532,0.013628952904293825,1.0,0.26346455138994174,0.8166988857958134,0.8537533407441994,0.11690026195213239,0.5160877912688491,0.1867884091248826,0.3997572122880842,0.0,0.969024570459359,0.8135204563976777,0.0,0.0,0.746868729861549,0.8303576241704097,0.5878134853243948,0.8801452281414955,1.0
gex_possorted_bam_1WGCZ:AGTTGCAGTTTAGCTCx-M2,0.0,0.7377536023849424,1.0,0.30462978864000445,0.0,0.0,1.0,0.0033678025049224247,1.0,0.2901327095835255,1.0,0.980984534609944,1.0,1.0,0.0,1.0,1.0,0.33822824553380604,1.0,0.0,0.0,0.0,0.0,0.0,1.0,0.40999237111933134,1.0,1.0,0.552594061783181,0.5530276383441809,1.0,0.0,0.0,0.2617013190404976,1.0,0.0,1.0,0.0,0.0,1.0,0.03936455632035299,1.0,1.0,1.0,0.0,0.1996674383921705,1.0,1.0,0.4871241608814986,0.034287707592554444,0.7063698847568303,0.32348119052504243,0.0
gex_possorted_bam_1WGCZ:ATAGCATGTAATCACGx-M2,0.9708426186350555,0.8267399213316357,1.0,1.0,1.0,0.32799449206421893,0.0,1.0,0.9324082463013459,1.0,0.0,1.0,1.0,0.7040513097709048,1.0,0.0,0.0,0.0,0.0,0.0,0.0,0.45167238584899955,1.0,0.5945731392195084,0.5182765819200505,1.0,0.0,0.8849969315474429,0.725852401944762,1.0,0.0,1.0,1.0,1.0,0.0,0.9460646910337841,0.0,1.0,1.0,0.0,1.0,0.0,1.0,1.0,0.7319504584074216,1.0,1.0,0.0,1.0,1.0,1.0,1.0,0.0
gex_possorted_bam_1WGCZ:AGTGATGAGCACAGAAx-M2,1.0,1.0,0.0,1.0,0.9316540736317065,1.0,1.0,1.0,0.6182166802307197,1.0,0.0,0.7136304255370493,1.0,0.1467889305322321,1.0,0.18366129677217358,0.0,0.10001312623841059,0.9890896846371164,1.0,1.0,1.0,1.0,1.0,1.0,0.9770410661864074,0.0,1.0,1.0,1.0,1.0,1.0,1.0,1.0,0.0,1.0,0.29540397103035915,1.0,1.0,0.12830801697343652,1.0,0.0,0.688924369238535,0.6973301485910726,1.0,1.0,0.4295800099571632,0.0,0.9875470280835786,1.0,0.9945727147130703,1.0,1.0
gex_possorted_bam_1WGCZ:ATAAGCCTCATTGCGGx-M2,0.7807075950409991,0.3203777730439198,0.0,0.6552830181383298,0.7511927948117423,1.0,0.38118257684131174,0.7483296844055337,0.0,0.6378929384814438,0.810428564555965,0.0,0.5793277666516649,0.34583585504509595,0.6475243858636317,0.11003786261956697,0.6655288619935263,1.0,0.8229875706856223,0.6208722954484207,1.0,1.0,0.7278920455734675,1.0,0.3652043803824349,0.49642230992530983,0.11056835799646557,0.563132483179744,0.5127332388045374,0.6324525629156121,0.4244608999131771,0.8132772293223047,0.7238465231965749,0.7031347985962618,0.15142054634732632,0.8063951054988353,0.18960396770682023,0.669685725283384,0.6501534372673529,0.04250363324302702,0.6122511343750896,0.5332728472386282,0.07763058546958118,0.0,0.8932550636779216,0.696337261547829,0.0,0.36340178966060654,0.6143959266385708,0.6270034424828461,0.8163183289977924,0.6574485420152845,0.9464670410546147
gex_possorted_bam_1WGCZ:ATACCGGTCCTAGTTTx-M2,1.0,1.0,0.0,1.0,0.8998177591678465,1.0,0.8883528726276902,1.0,0.29024156546328067,1.0,0.19126166768318184,0.8717253055851073,0.9599392980657306,0.610376093283522,1.0,0.5589661891964824,0.02577779262141016,0.8911530466117333,1.0,0.7643589548554829,1.0,1.0,1.0,1.0,0.9469121216811656,0.9435671857111559,0.0,0.9565222564231268,1.0,1.0,1.0,1.0,1.0,1.0,0.0,1.0,0.24788514745097234,1.0,1.0,0.29748031508892525,0.7528299732856709,0.2544813901897978,0.8117796659192638,0.5907880729256365,1.0,1.0,0.38147714505454494,0.0,1.0,1.0,1.0,1.0,1.0
gex_possorted_bam_1WGCZ:AGTGTGGCAAACCTATx-M2,1.0,0.7639510318357912,0.0,0.9303563862890872,0.9167474382089702,1.0,0.6029775777868085,0.9924645478429887,0.511491204510374,0.7868342926499587,0.3722674927477131,0.5893370224838306,0.8119070899742096,0.4538152233964757,0.9604135977135624,0.2892243123072953,0.18709180162681754,1.0,1.0,0.46896956021346575,1.0,1.0,0.8687034100087224,1.0,0.6558348621014656,0.7170634074826239,0.0,0.8222377452226841,0.9539841550922569,0.8571614255277832,0.345515043686758,1.0,0.9280839046796395,0.9777534228884748,0.0,1.0,0.09997717308424525,0.9755558175941089,0.8968986417178244,0.046037592387829195,0.5732937909691327,0.27080469339493923,0.5794734568825849,0.0,1.0,0.905841474298208,0.0,0.1859827057902661,0.7485507799465843,0.8690187891373471,0.9731270328595235,0.9919930048405402,0.7285937431079504
gex_possorted_bam_1WGCZ:AGTTGTCAGCAAGGACx-M2,0.09904091245709021,1.0,1.0,1.0,0.0,0.11901138351640377,1.0,0.7678591517577531,1.0,0.6726131441052765,0.4169438050691027,1.0,1.0,1.0,0.12295341181602758,1.0,0.6694347520913967,0.7285977044267964,1.0,0.0,0.0,0.0,0.0,0.0,1.0,1.0,1.0,1.0,1.0,1.0,1.0,0.0,0.0,0.6972853576893647,1.0,0.23858254244970376,1.0,0.19095877413839799,0.1480924240808425,1.0,0.31268760190936584,1.0,1.0,1.0,0.04847459120943144,0.5299299747032782,1.0,1.0,1.0,0.5184255813693326,1.0,0.9661758557525354,0.0
gex_possorted_bam_1WGCZ:ATCATCAAGCCGCAGTx-M2,1.0,0.8042471578103815,0.0,1.0,0.9298352758036447,1.0,0.6097287762595389,1.0,0.4796357005866962,1.0,0.0,0.7551057425426091,0.8906804817265295,0.3326418312875568,1.0,0.30359032613902326,0.0,0.17393635034093974,0.8941100191219612,0.7299141829172499,1.0,1.0,1.0,1.0,0.6804187352533237,0.91474217006893,0.0,0.9744857398530536,1.0,0.9950777032270086,0.8876803686614985,1.0,1.0,1.0,0.0,1.0,0.385918079174878,1.0,1.0,0.1709761265717711,1.0,0.36347806410880995,0.8071541914786637,0.15877854526038368,1.0,1.0,0.4368522795805162,0.1329118726029775,0.9978146599745437,1.0,0.9246067779007995,1.0,0.8980399852961479
gex_possorted_bam_1WGCZ:ATCTATGAGGAGGCATx-M2,1.0,1.0,0.25190848810855226,0.9396266489708051,1.0,1.0,0.0,1.0,0.8856701069423211,0.9846357010919237,0.0,0.7383228085526715,0.7384509346250105,0.7007574993709857,1.0,0.0,0.0,0.32472661154737537,0.7014458033896102,0.37309878778881983,1.0,1.0,1.0,1.0,0.4134285901896589,1.0,0.0,0.8177288118436553,0.6114391814885226,0.9562086541641192,0.12224074637199916,1.0,1.0,1.0,0.0,1.0,0.251305207174662,1.0,1.0,0.0,1.0,0.1713461031587238,0.5755471817631873,0.0,1.0,1.0,0.3627440172496042,0.0,0.9314579999656447,1.0,0.8361074183027867,0.9682441733402636,0.32688450474133396
gex_possorted_bam_1WGCZ:ATCACACAGTTCCTCAx-M2,0.012845701378455405,1.0,1.0,0.8439037742411356,0.15840531219700274,0.0,1.0,0.426892060198701,1.0,1.0,0.5134400736937837,1.0,1.0,1.0,0.23204752110936328,1.0,1.0,0.5272935646875035,1.0,0.0,0.0,0.0,0.0,0.0,1.0,1.0,1.0,1.0,1.0,1.0,1.0,0.0,0.0,0.6920281945236839,1.0,0.14820833328997438,1.0,0.20559189735791628,0.1940807289437732,1.0,0.21581025806461301,1.0,1.0,1.0,0.07249310814517955,0.512279349576267,1.0,1.0,1.0,0.2863672579243163,1.0,0.8469914285234956,0.34155334479560734
gex_possorted_bam_1WGCZ:ATCACTAAGGAGGTTAx-M2,1.0,1.0,0.0,1.0,1.0,1.0,0.7386429724306739,1.0,0.42462319987089603,1.0,0.5277173835158895,0.705114047116255,0.93979651492472,0.2719635235779842,1.0,0.3989527970242214,0.12420710968053313,1.0,1.0,0.8058043971636345,1.0,1.0,1.0,1.0,0.7656176896656713,0.9361781761443453,0.0,1.0,1.0,1.0,1.0,1.0,1.0,1.0,0.0,1.0,0.16144591004958367,1.0,1.0,0.0,0.6963680820092425,0.16797967752327794,0.680254484301948,0.4945862699602803,1.0,1.0,0.07046395099452081,0.0,1.0,1.0,1.0,1.0,1.0
gex_possorted_bam_1WGCZ:ATGACTCAGAGAAGGGx-M2,1.0,0.9074237475500164,0.0,0.9490569993355459,0.7572890278475833,1.0,0.5533603992725304,0.9818637143668083,0.4573604796912296,1.0,0.3664123993898542,0.6399592797769653,1.0,0.589375713057129,0.8883695190633287,0.5267864913670511,0.06295848331842503,0.9994201087426459,1.0,0.3814087016358362,1.0,1.0,0.9482589014752009,0.9359960726475274,0.9091403217466323,0.9321105177716487,0.025809977003071343,0.8406302504403743,0.6299350276192724,0.9703767928242393,0.44765928357612733,1.0,0.9539095705365968,0.9066280352269935,0.11360825411106676,1.0,0.03479873478483453,1.0,0.8983566053792612,0.09187818056618746,1.0,0.03786484128489901,0.9903436435544919,0.0,1.0,0.9908384198382055,0.03768726288760719,0.23556861725795758,0.7535743760530401,1.0,0.7963840142999954,1.0,0.6576038372676564
gex_possorted_bam_1WGCZ:ATCACAATCTAGCGTGx-M2,0.9648042071591729,0.5194431988930359,0.0,0.8004222452276061,0.6732691952714118,0.9221615366338932,0.3184848138762079,0.9229455865346936,0.2774982809547527,0.6651809925772479,0.0842461842525398,0.8894084206037858,0.9615971871051227,0.43268175867110087,0.9103444806260913,0.0,0.0,0.41737021503130517,0.7531826631030373,0.5201159774937727,0.9985703053900113,1.0,0.8550708683686329,1.0,0.5967427866707296,0.719787649985903,0.08987674382677184,0.4046673177811372,0.7136123206839597,0.5408021161772321,0.0,1.0,0.9267961233856129,0.797842374774119,0.017590030588783164,0.9207972072435382,0.15266969033356345,0.7949372105362541,0.7490028685028507,0.0,1.0,0.2865458927612486,0.5335542895162773,0.0,1.0,0.8102900358353907,0.23779933465410497,0.1918218253489199,0.6155732393470332,0.9420599078739732,0.7064229891201133,0.7414559394492095,0.5653345743633236
gex_possorted_bam_1WGCZ:ATCCATAAGCATTATGx-M2,1.0,0.8140776487977872,0.0,1.0,1.0,0.9639559405323487,0.35870072289304894,1.0,0.4976702349669263,0.9750023825275729,0.0,0.8725245440395148,0.7844604331146887,0.37589160523822956,1.0,0.0974748110571629,0.0,0.02120381307140435,0.8748599863213194,0.5339807152374505,1.0,1.0,1.0,1.0,0.4210130869770168,1.0,0.0,0.8134947509907527,0.81144311797138,1.0,0.31130853021969296,1.0,1.0,1.0,0.0,1.0,0.08778460295126236,1.0,1.0,0.0,1.0,0.2098596045698097,0.7655696122136764,0.14732348509248724,1.0,1.0,0.3831974148861688,0.0,0.9222393322103029,1.0,0.9494458747328829,1.0,0.4055319311145442
gex_possorted_bam_1WGCZ:ATGACTCAGGCCAATTx-M2,0.09002616947490813,1.0,1.0,0.9608920377000909,0.036489506648124004,0.0,1.0,0.8061862485605199,1.0,1.0,0.0,1.0,1.0,1.0,0.24244934286252806,1.0,0.0,0.0,1.0,0.0,0.0,0.0,0.0,0.0,1.0,1.0,1.0,1.0,1.0,0.8555155187621872,1.0,0.0,0.0,0.907415507084845,1.0,0.30590425342918653,1.0,0.20397815963925386,0.17218706384628213,1.0,0.4094375445228451,1.0,1.0,1.0,0.06355825366795027,0.5241772444113679,1.0,1.0,1.0,0.617247138674407,1.0,1.0,0.0
gex_possorted_bam_1WGCZ:ATGAAGCCAGGCGATAx-M2,1.0,1.0,0.27294114391348645,1.0,1.0,1.0,0.9461749862595917,1.0,0.8296158317078005,1.0,0.0,1.0,1.0,0.6443137016627739,1.0,0.5657848184393899,0.0,0.24886893232113005,0.9860650592931413,1.0,1.0,1.0,1.0,1.0,0.90746860971941,1.0,0.0,1.0,1.0,1.0,1.0,1.0,1.0,1.0,0.0,1.0,0.17815089127664022,1.0,1.0,0.11187796866200296,1.0,0.29156260616665614,1.0,1.0,1.0,1.0,0.6460273890649707,0.05966957128972328,1.0,1.0,1.0,1.0,0.793751064052444
gex_possorted_bam_1WGCZ:ATGATGACAGCACGAAx-M2,0.059939613199787946,1.0,1.0,0.9072191188345995,0.0,0.0,1.0,0.5828048492731025,1.0,0.6047444418622528,0.34330629174374105,1.0,1.0,1.0,0.13866443965798267,1.0,0.4183718208811343,0.6561954151712373,1.0,0.0,0.0,0.0,0.0,0.0,1.0,1.0,1.0,1.0,1.0,1.0,1.0,0.00886084690786233,0.0,0.6820637988868299,1.0,0.20090550062415855,1.0,0.20368716393580477,0.20345528883393382,1.0,0.08458366851803178,1.0,1.0,1.0,0.05039303617814799,0.5461380086174638,1.0,1.0,1.0,0.34684343340888096,1.0,1.0,0.0
gex_possorted_bam_1WGCZ:ATCCCGCGTTCAAGATx-M2,1.0,0.6751500410187549,0.0,0.7578395767601321,1.0,1.0,0.33141298306012185,1.0,0.3700787248492228,1.0,0.5938487509302334,0.6519337143265659,0.5018581040365343,0.6959905806311065,0.8622383618446555,0.0,0.26819935177117704,1.0,1.0,0.6034044607748761,1.0,1.0,1.0,1.0,0.7631016404133354,0.7125568857101677,0.0,0.7083222505867773,1.0,0.8763984841043209,0.2963347266128043,1.0,0.8917506399020595,0.8629363990331081,0.05854022394423767,1.0,0.3601534714135763,1.0,0.9469996060296353,0.0,1.0,0.25119814844939226,0.35857941106741203,0.0,0.8651920889482053,0.92467670574647,0.23625674349474055,0.0,0.7673693890694503,0.9991453149824826,0.7352359259625103,0.9531043548356802,0.8212921782767991
gex_possorted_bam_1WGCZ:ATCCATAAGCCTGAGCx-M2,0.0,1.0,1.0,0.8489755591307231,0.0,1.0,1.0,0.3890448787334222,1.0,0.7156837785307447,1.0,1.0,1.0,1.0,0.23527058274052465,1.0,1.0,1.0,1.0,0.0,0.0,0.0,0.0,0.0,1.0,1.0,1.0,1.0,1.0,1.0,1.0,0.0,0.0,0.5296943248515238,1.0,0.23232481910284827,1.0,0.17216819561416877,0.06786699136596447,1.0,0.31992694740243144,1.0,1.0,1.0,0.0,0.49849589167085495,1.0,1.0,1.0,0.5193150187135323,1.0,0.8743693014564479,0.0
gex_possorted_bam_1WGCZ:ATGATGGAGCCGCAACx-M2,0.1794084068972738,1.0,1.0,0.8755917905867497,0.0,0.0,1.0,0.9535351639994172,1.0,0.9919057582582421,0.0,1.0,1.0,1.0,0.15728660250384374,1.0,0.0,0.0,1.0,0.0,0.0,0.0,0.0023404228804154528,0.0,1.0,1.0,1.0,1.0,1.0,0.5893266337432989,1.0,0.0,0.0,0.7879626285450897,1.0,0.3850282495512503,1.0,0.07058645655656244,0.09985745125169977,1.0,0.35895530698768446,1.0,1.0,1.0,0.18563280257577922,0.5513471795492721,1.0,1.0,1.0,0.6496746082112422,1.0,0.8707406486002887,0.0
gex_possorted_bam_1WGCZ:ATGACAACATGCTTAGx-M2,0.06749529766824355,1.0,1.0,1.0,0.03651546839050599,0.0,1.0,0.8521644680891348,1.0,0.7667800278163215,0.0,1.0,1.0,1.0,0.11942941477009376,1.0,0.0,0.0,1.0,0.0,0.0,0.0,0.0,0.0,1.0,1.0,1.0,1.0,1.0,0.7881964843809227,1.0,0.07002806304992057,0.0,0.9749809425256515,1.0,0.25113156585049307,1.0,0.031532557878645145,0.009097450842601282,1.0,0.2026228330790919,1.0,1.0,0.41052061190357764,0.02769834041807452,0.4975852891675082,1.0,1.0,1.0,0.6784328809633193,1.0,1.0,0.0
gex_possorted_bam_1WGCZ:ATGACGAAGCCTGTGAx-M2,1.0,1.0,0.1848591907089621,1.0,1.0,1.0,0.10472506283196834,1.0,0.7043909290453836,1.0,0.1438589474135671,0.9989583104219314,0.98484583892412,0.5084474271532968,1.0,0.03403729074309605,0.0,0.4097258271699511,0.9926193085170717,0.6836663100740282,1.0,1.0,1.0,1.0,0.2576764219605558,1.0,0.0,0.9654094387502475,0.7844874608467188,1.0,0.47526111998615317,1.0,1.0,1.0,0.0,1.0,0.05925987637799349,1.0,1.0,0.0,1.0,0.1054795909689217,0.8238138639114924,0.17825217079102054,1.0,1.0,0.3623962874865605,0.014799013397006499,0.991429250374733,1.0,1.0,1.0,0.5880644568638894
gex_possorted_bam_1WGCZ:ATCCTGACAATTAGGAx-M2,1.0,0.9840044198757473,1.0,1.0,1.0,0.5947934112933999,0.0,1.0,0.7994353806408677,1.0,0.0,1.0,1.0,0.7820646472199595,1.0,0.1538287367918887,0.0,0.0,0.0,0.02982516988657352,0.0,0.5789553687087152,1.0,0.7001573182877011,0.665660534479947,1.0,0.0,1.0,0.7362781261061143,1.0,0.0,1.0,1.0,1.0,0.0,1.0,0.0,1.0,1.0,0.0,1.0,0.0,1.0,0.8607954840935838,1.0,1.0,1.0,0.0,1.0,1.0,0.9496776143709165,1.0,0.33765866212687223
gex_possorted_bam_1WGCZ:ATGCAGGCATTAAAGGx-M2,0.7873584597188853,0.31750414963262835,0.0,0.599839703936606,0.8088520804423475,1.0,0.0,0.645330207488337,0.0,0.5318870607913069,1.0,0.0,0.3173234489192204,0.24081759468900427,0.5809892043817858,0.06775199894070852,0.6385577043545041,1.0,0.8104892978548044,0.5779245678375617,1.0,1.0,0.7554951490192534,1.0,0.11207702617881964,0.41780657454114795,0.0,0.43415749865282605,0.5044807960729513,0.6782771789368337,0.1880192169006638,0.6684289484916004,0.6838204231684659,0.5935608842876632,0.0,0.7952150938606724,0.0,0.693589452248888,0.6548633618575938,0.0,0.4623175356889224,0.0,0.20405340476048908,0.0,0.8147153751455,0.6643593232075651,0.0,0.0,0.4931606644963758,0.6108830987834337,0.4052850546466385,0.6881624822223736,1.0
gex_possorted_bam_1WGCZ:ATGAATGCACTAAGAAx-M2,1.0,0.8271793709399939,1.0,1.0,1.0,1.0,0.23579460229943908,1.0,1.0,1.0,0.0,1.0,1.0,0.6098965027318752,1.0,0.08485825300679736,0.0,0.04972089902668697,0.6750823629842223,0.40547795453316793,0.9565169786851369,1.0,1.0,0.8793951269989932,1.0,1.0,0.0,1.0,1.0,1.0,0.41727871312988224,1.0,1.0,1.0,0.0,1.0,0.3721102243444275,1.0,1.0,0.0,1.0,0.17000213756013438,1.0,0.3952923887623126,1.0,1.0,0.9109300485694061,0.0,1.0,1.0,0.9677024727824874,1.0,1.0
gex_possorted_bam_1WGCZ:ATCACTAAGCTTATGAx-M2,0.0,0.5753589946601796,1.0,0.41211004245159294,0.0,0.0,1.0,0.3392034397570929,1.0,0.2346042523584344,0.6258673540273848,1.0,1.0,1.0,0.0,1.0,0.7716247320127314,0.0,1.0,0.0,0.0,0.0,0.0,0.0,1.0,0.629384281981609,1.0,1.0,0.888745858766218,0.33493417176505696,1.0,0.07821890448774974,0.0,0.37578224457445225,1.0,0.0,1.0,0.0,0.0,1.0,0.0,1.0,1.0,1.0,0.0,0.2056990797986734,1.0,1.0,0.6071317201456581,0.04317015050081031,1.0,0.4314213164292487,0.0
gex_possorted_bam_1WGCZ:ATCCTCATCCAAGTGTx-M2,0.087751016280862,1.0,1.0,0.945036031544062,0.01010090492047997,0.0,1.0,0.8155239115786407,1.0,0.9122102253959089,0.0,1.0,1.0,1.0,0.1743811622567074,1.0,0.0,0.0,1.0,0.0,0.0,0.0,0.0,0.0,1.0,1.0,1.0,1.0,1.0,0.8885475614069598,1.0,0.0,0.0,0.8589239307100732,1.0,0.2795339080124047,1.0,0.0699225020251445,0.09203593829217438,1.0,0.24825361826948253,1.0,1.0,1.0,0.0,0.49592612460740937,1.0,1.0,1.0,0.6183335016451125,1.0,1.0,0.0
gex_possorted_bam_1WGCZ:ATGATGGAGCTCGCTTx-M2,0.06763701194771982,1.0,0.7991791653948909,1.0,0.0,0.06663724345323119,1.0,0.7164730594292711,1.0,0.3984044192223171,0.5095903178235867,1.0,1.0,1.0,0.1407143055277311,1.0,0.682858350845494,0.8444506971787076,1.0,0.0,0.0,0.0,0.0,0.0,1.0,1.0,1.0,1.0,1.0,1.0,1.0,0.0,0.0,0.7742567231243066,1.0,0.1787518788730055,1.0,0.09837326416278386,0.12563253175215078,1.0,0.08939434177150773,1.0,1.0,1.0,0.0,0.5605078341194142,1.0,1.0,1.0,0.5720528134310907,1.0,1.0,0.0
gex_possorted_bam_1WGCZ:ATGAATGCATGACTATx-M2,1.0,0.8747644692296572,0.39493494091266984,1.0,1.0,1.0,0.5177613700223712,1.0,0.6408371080347076,1.0,0.0,0.7585607497819753,0.8354472435928914,0.3486842170362632,1.0,0.15700347185605507,0.0,0.18686117577605038,1.0,0.6361343181905571,1.0,1.0,1.0,1.0,0.3512945067806357,1.0,0.0,1.0,1.0,1.0,0.961687913910603,1.0,1.0,1.0,0.0,1.0,0.15491492580325877,1.0,1.0,0.0,1.0,0.47402854348512413,0.7945954520529611,0.7046073982833841,1.0,1.0,0.383060861464329,0.08992192920708333,1.0,1.0,1.0,1.0,0.4915654740408698
gex_possorted_bam_1WGCZ:ATCCAACAGGACCTTGx-M2,0.957188989751394,0.49032704211432426,0.0,0.7407567365399708,0.8264544436580475,1.0,0.0,0.7844982537123311,0.0,0.6983581021192273,0.6952559655132199,0.34892916432714516,0.5967190927910677,0.1712462358873295,0.773785180592781,0.011958188316555773,0.3523555815121396,1.0,0.9175835856914557,0.6849387275540855,1.0,1.0,0.9078552268030284,1.0,0.2549307069946356,0.6467289081358772,0.0,0.5623370368983923,0.5502324528859697,0.9087530627935134,0.30161770457533915,1.0,0.8636497011040406,0.814019117911613,0.04430461223641596,0.919689963387593,0.04877753341040464,0.8907430773986057,0.7721671688791764,0.0,0.9014303894305606,0.1583169555677583,0.3952837175541471,0.0,0.9378315774508535,0.836748458251573,0.09238088893114371,0.0021401046654371675,0.703000255120433,0.7950731973732412,0.6510588810487727,0.8295704653128073,0.9936227970551692
gex_possorted_bam_1WGCZ:ATCCCGCGTTGAAGCCx-M2,1.0,1.0,0.0,1.0,0.37371713085597913,0.3116764407245001,1.0,1.0,1.0,1.0,0.0,1.0,1.0,0.5534230019783423,0.9572584843459387,0.3674887841254881,0.0,0.0,0.3627477226504741,1.0,1.0,0.5936427647912618,0.9142043711026562,0.9605074163379385,1.0,0.9830809630926641,0.10485308606477588,1.0,1.0,0.60598749665507,0.6299268314815377,0.8835409474753424,1.0,1.0,0.12415314011954737,1.0,0.7074689927843859,1.0,1.0,0.33329666138126496,1.0,0.4855028767733131,0.6673748567717874,0.7402334378819505,1.0,1.0,0.8969689207384072,0.0,1.0,1.0,0.7709176426529362,0.7919269899522335,0.3757316634176202
gex_possorted_bam_1WGCZ:ATGACGAAGCAATAGGx-M2,1.0,0.6778527865712701,1.0,1.0,1.0,0.5938609525166605,0.5252465063875003,1.0,0.0,1.0,0.0,0.9426911130572667,0.7703916946672672,0.2748214358189122,1.0,0.2387653787330717,0.0,0.0,0.522334725581122,0.5885573855324338,1.0,0.8552981861105907,1.0,1.0,0.4771971644385819,1.0,0.0,0.9872336712405594,1.0,1.0,0.547004030637414,1.0,1.0,1.0,0.025729109225225026,0.9384437578474811,0.2850805758020921,1.0,1.0,0.023483931571236058,1.0,0.41182881774251784,0.757271120832847,0.2547022024640438,0.6521263502593349,1.0,0.49962826079411354,0.0,1.0,1.0,0.8660151821592095,0.8914099360007959,0.0
gex_possorted_bam_1WGCZ:ATCCACCTCGGTCAATx-M2,1.0,1.0,0.0,1.0,1.0,1.0,0.7526102114686278,1.0,0.0,1.0,0.8291596833970356,0.5490114144895429,1.0,0.6155801393349076,1.0,0.5928091183351428,0.36731911488216346,1.0,1.0,0.7038925416605908,1.0,1.0,1.0,1.0,0.93012494728867,0.9244578349023859,0.0,1.0,1.0,1.0,1.0,1.0,1.0,1.0,0.0,1.0,0.09331296948142823,1.0,1.0,0.0896799629672155,0.5606959244983208,0.12872394098257658,0.6787783598648693,0.3973273328209383,1.0,1.0,0.0049147146012557714,0.0,0.9955676711732742,1.0,1.0,1.0,1.0
gex_possorted_bam_1WGCZ:ATCACACAGGTAGCTTx-M2,1.0,1.0,0.6416176310232209,1.0,1.0,1.0,0.05845748540477574,0.9634139843799022,0.8460229689767208,1.0,0.0,1.0,1.0,0.1396033402978322,1.0,0.4462048647959763,0.0,0.4673613141933572,0.8686055913514427,1.0,1.0,1.0,1.0,0.9781689472334932,0.8917658698123916,1.0,0.0,1.0,1.0,1.0,0.6883325086694357,1.0,1.0,1.0,0.0,1.0,0.08223579577338833,1.0,1.0,0.0,1.0,0.0,1.0,0.8447885204889676,1.0,1.0,0.9760252998051986,0.0,1.0,1.0,0.649237806446688,1.0,1.0
gex_possorted_bam_1WGCZ:ATGACCAGTCAAGTATx-M2,0.06756249062027603,1.0,1.0,0.9055297555354527,0.0,0.0,1.0,0.7195328917156476,1.0,0.5221116127911408,0.3707343050901055,1.0,1.0,1.0,0.1327847336895125,1.0,0.5001375231733091,0.6339657079780738,1.0,0.0,0.0,0.0,0.0,0.0,1.0,1.0,1.0,1.0,1.0,0.9500772054508427,1.0,0.11014981257569531,0.0,0.7224890969946595,1.0,0.19805829415894613,1.0,0.05441131335233654,0.08037410763760999,1.0,0.1009250676472134,1.0,1.0,1.0,0.03878031687342844,0.5304769510518129,1.0,1.0,1.0,0.5463503601652389,1.0,0.9789973139485362,0.0
gex_possorted_bam_1WGCZ:ATCAAGCTCGGTCAATx-M2,1.0,0.786656368377413,1.0,1.0,1.0,0.3557210471460732,0.0,1.0,0.9868316860127146,1.0,0.0,1.0,1.0,0.7061964904093118,1.0,0.0,0.0,0.0,0.0,0.03750523199332668,0.0,0.5024961421590419,1.0,0.7207414559868667,0.5228265630382298,1.0,0.0,0.9761695227979311,0.585355372288767,1.0,0.0,1.0,1.0,1.0,0.0,0.9804787127775773,0.0,1.0,1.0,0.0,1.0,0.0,1.0,1.0,0.817638516054063,1.0,1.0,0.0,1.0,1.0,1.0,1.0,0.0
gex_possorted_bam_1WGCZ:ATCGCCCGTGTGTCCCx-M2,1.0,1.0,1.0,1.0,1.0,1.0,0.054653823707812264,1.0,1.0,1.0,0.0,1.0,1.0,0.5512540341437718,1.0,0.20913588837454822,0.0,0.0,0.4527700877445572,0.7612148389050777,0.900581370114174,1.0,1.0,0.9495819949468507,0.9511907315007772,1.0,0.0,1.0,0.8834148274311661,1.0,0.3029777449329989,1.0,1.0,1.0,0.0,1.0,0.0,1.0,1.0,0.00331473988947659,1.0,0.0,1.0,0.8204248253285608,1.0,1.0,0.9835813973459947,0.0,1.0,1.0,0.9637174862169531,1.0,1.0
gex_possorted_bam_1WGCZ:ATGAAGTAGTAGCGCCx-M2,1.0,1.0,0.0,1.0,1.0,1.0,0.5793307597042997,1.0,0.2769673516047328,1.0,0.7702463696977752,0.9513492147379127,1.0,0.42244689748760234,1.0,0.5119495063477791,0.369400899897243,1.0,1.0,0.7813881590890309,1.0,1.0,1.0,1.0,0.7865213007525717,0.9307517071897198,0.0,1.0,1.0,1.0,1.0,0.9884444166410064,1.0,0.9602036404384209,0.0,1.0,0.03164345642431497,1.0,1.0,0.0,0.7555576605629888,0.0,0.8235669556230224,0.7851432281305532,1.0,1.0,0.0,0.0,0.9911865566544089,1.0,1.0,1.0,1.0
gex_possorted_bam_1WGCZ:ATCTATGAGCTATATGx-M2,1.0,0.8078693241151435,0.22135350049358654,1.0,1.0,1.0,0.49478163189928565,0.9653278609898336,0.6318709671365598,1.0,0.0,0.6009420976760717,0.7495294960924368,0.19181579373562274,1.0,0.33399363038012375,0.0,0.07800444145629164,0.9069631673907586,0.4114380763820603,1.0,1.0,1.0,0.9715359511247884,0.4679620796779139,0.8962322216175919,0.0,0.8265925462091133,1.0,0.9292157433414012,0.807484121395863,0.9053963744614989,1.0,1.0,0.0,1.0,0.4224488313290918,1.0,1.0,0.026366195157875267,1.0,0.15258662155892339,0.39956884307419205,0.0,1.0,1.0,0.0,0.0042509730359482,0.926806674279996,1.0,0.8304233527197021,1.0,0.918978449297179
gex_possorted_bam_1WGCZ:ATCCTTAGTTGTCATCx-M2,0.8100923582615576,0.6018344854656211,0.2831236474019633,0.6609787626029845,1.0,1.0,0.05060684450436617,0.5487556360049048,0.1973953355468995,1.0,1.0,0.0,0.5668559959437952,0.0,0.9290545779134952,0.15347949328391827,0.8660542127101902,1.0,0.861529956685329,1.0,1.0,1.0,0.8543068727597137,1.0,0.2079219269031795,0.5318258466006522,0.0,0.712162984534563,0.735976660619395,1.0,1.0,0.8390426997913828,0.8139326070629505,0.6501287112641544,0.06078966653699753,0.9046162028313104,0.04923543548763654,0.715911164506992,0.8161678758688347,0.16072242285271254,0.3721591229766874,0.2093471110687234,0.46733830933305265,0.7306375685914258,0.9517897855861638,0.7977578117508234,0.00495333776232471,0.08064920570021322,0.7668786689692951,0.9234219342761429,0.5106523949956152,0.8640523567897739,1.0
gex_possorted_bam_1WGCZ:ATGACAACATGTCAATx-M2,0.06904045245998064,1.0,0.823390407988634,0.8591602034737653,0.2686020878615694,0.9168661998463676,1.0,0.485707779804554,1.0,0.6885114423241104,1.0,1.0,1.0,1.0,0.0549651000553591,1.0,1.0,1.0,1.0,0.0,0.0,0.0,0.0,0.0,1.0,1.0,1.0,1.0,1.0,1.0,1.0,0.014131259878563314,0.0,0.9393434748030792,1.0,0.21746820830406985,1.0,0.13272669296557893,0.1958527279786871,1.0,0.158269769744329,1.0,1.0,1.0,0.17538160719122203,0.5636655209950892,1.0,1.0,1.0,0.7897616595365675,1.0,1.0,0.0
gex_possorted_bam_1WGCZ:ATCCTTAGTGTTTGCTx-M2,1.0,0.7731822295368002,0.0,0.9559980850488373,1.0,1.0,0.15441159305060037,0.9745804931759617,0.4400287952531153,0.942664462795606,0.548680824804521,0.3989058328796287,0.512332949087149,0.19280008845865781,1.0,0.025599196786710042,0.17013070955677395,1.0,1.0,0.4234354655832008,1.0,1.0,1.0,1.0,0.49381680228385977,0.8189949857595862,0.0,0.9430163991956837,1.0,1.0,0.7054370427619939,1.0,1.0,0.9247055172891725,0.0,1.0,0.18723829815062767,1.0,1.0,0.0,0.9129757442768739,0.3060143175900033,0.5044087584792906,0.14358596477904448,1.0,1.0,0.0,0.03508535246172436,0.844767032023329,0.9458203326847923,0.8827315451876062,1.0,1.0
gex_possorted_bam_1WGCZ:ATCCCGCGTGTCCAGGx-M2,0.597109191120073,0.43745788110176703,0.0,0.48365859217791646,1.0,1.0,0.0,0.498916590888812,0.0,0.6045266663114658,1.0,0.0,0.457074416431574,0.17902615231286395,0.5341097722452919,0.21256422976218187,1.0,1.0,0.7276142694734247,1.0,1.0,1.0,0.6380796595821775,1.0,0.22381152815836158,0.40934221696241246,0.17671805107625405,0.4278247187133178,0.4004679175577765,0.6171662561555028,0.6527720629433238,0.6454599632812263,0.6142601575651359,0.536927864755181,0.055997658661795326,0.5865361037063479,0.0,0.5293743896411136,0.521038417654575,0.09934199241173666,0.05937585799489534,0.0,0.2781910413105487,0.0,0.7326359249904886,0.5494934142515655,0.07980026236211382,0.3272748794230279,0.46071841925918,0.7284435956303424,0.13175982543526554,0.6283963304779194,1.0
gex_possorted_bam_1WGCZ:ATGAAGTAGTTCCTCAx-M2,1.0,0.9428115073658083,1.0,1.0,1.0,0.9468977127433507,0.0,1.0,1.0,1.0,0.0,1.0,1.0,0.6347210063474525,1.0,0.08410939707368487,0.0,0.0,0.0,0.6783876345185172,0.3012321071812658,0.8260976192997422,1.0,0.7431329597158478,0.8831879724988088,1.0,0.0,1.0,0.6852613673949707,1.0,0.0,1.0,1.0,1.0,0.0,1.0,0.0,1.0,1.0,0.0,1.0,0.0,1.0,1.0,1.0,1.0,1.0,0.0,1.0,1.0,0.9936207676243158,1.0,0.6452294160321677
gex_possorted_bam_1WGCZ:ATCCATAAGACTTACAx-M2,1.0,0.4863239398434071,0.0,0.8528118632449034,1.0,0.8002298607672216,0.17117268884357625,1.0,0.3565031197321203,0.8277002083799413,0.0,0.5916916239738409,0.6827087101085401,0.4150277682752547,1.0,0.019161010585910642,0.0,0.03333585024229311,0.6596766540520619,0.4615174640018619,1.0,1.0,1.0,1.0,0.3456052276962562,0.8465243551718806,0.047231770387037506,0.6101627597074094,0.5747490086167278,0.7489364527273169,0.2682319263868951,1.0,0.9997505550546597,0.7972499927665199,0.0,0.9083813513416823,0.08198372075879348,0.848136866744412,0.8301462274628185,0.0,1.0,0.21069364463761167,0.34308336752572205,0.0,1.0,0.8667069458585493,0.38379450439032675,0.06124415647760251,0.7111160042301979,0.9782944681832776,0.7309380689201413,0.7861051736340875,0.6272924448824264
gex_possorted_bam_1WGCZ:ATGAATGCATGAGTTTx-M2,1.0,0.9046594704597115,0.0,1.0,1.0,1.0,0.28180353446024203,1.0,0.541032303782851,0.891201898746411,0.25347536594448955,0.5100308992205286,1.0,0.40476779347201475,1.0,0.42661904054788446,0.0,0.3327698292591885,1.0,0.6256149547532032,1.0,1.0,1.0,1.0,0.6556692827569022,1.0,0.0,1.0,0.7912707516299918,1.0,0.8894289570438423,1.0,1.0,1.0,0.0,1.0,0.42623161389782777,1.0,1.0,0.0,1.0,0.20173133658112508,0.830544408694785,1.0,1.0,1.0,0.8086932386169887,0.0,1.0,1.0,0.8544268897740906,1.0,0.8913608833333958
gex_possorted_bam_1WGCZ:ATGATGGAGCTGGACCx-M2,1.0,1.0,1.0,1.0,0.4732315665769249,1.0,1.0,1.0,1.0,1.0,0.0,1.0,1.0,1.0,1.0,1.0,0.0,0.0,0.5471571230365454,0.658710443527941,0.9748162608223495,0.8134467763445152,0.9367243323789892,1.0,1.0,1.0,0.0,1.0,0.9775832820120401,0.9716196821655267,1.0,1.0,1.0,1.0,0.0,1.0,0.8000724034575116,1.0,1.0,0.6945535306282926,1.0,0.3740446198963276,1.0,1.0,1.0,1.0,0.9375112449961095,0.0,1.0,1.0,1.0,1.0,0.6560083187296184
gex_possorted_bam_1WGCZ:ATCACCCTCCGCAACAx-M2,0.5374553902234249,0.26975758345028816,0.2268222876638294,0.46141701230239046,0.7681253316570663,0.9589932754109568,0.06188987814788245,0.5733075992440054,0.31685932377429155,0.9319493803035146,0.5184057928490401,0.0,0.12053656212519068,0.0,0.6147608854137648,0.0,0.49244037243427463,0.8534336835338135,0.12466055202699713,1.0,0.7525424932917522,0.9934605768242488,0.5808042584361339,0.9302714661735648,0.18536348380352896,0.3818859930893479,0.11466783636531866,0.480383957369541,0.3290188583993492,0.5673778505814613,0.3658731683255608,0.6003613939331376,0.5649924536966842,0.4837480048348322,0.12304000470023001,0.6147671974017246,0.008369135140948045,0.554051002702958,0.5226797807213767,0.1547248779605182,0.6474772124947562,0.20601627016456278,0.20118923206810463,0.0,0.7500284531049745,0.49465947734515014,0.0,0.0,0.4316842443936244,0.7253009265901417,0.3045214910424511,0.497812078560565,1.0
gex_possorted_bam_1WGCZ:ATCCATAAGTTATCTCx-M2,1.0,0.906369642728422,0.0,1.0,1.0,1.0,0.6415614726958333,1.0,0.7851144435213223,0.9256046039043905,0.0,0.7084974841809661,0.9442059004884102,0.3968651740227014,1.0,0.30858132039685016,0.0,0.35103709842616065,0.9364212442371644,0.6698235763511472,1.0,1.0,1.0,1.0,0.6404303792768462,0.8475381518734972,0.0,0.847144018279653,1.0,1.0,0.4955335659390913,0.9482345739104753,1.0,1.0,0.0,1.0,0.1276657272155506,1.0,1.0,0.0,1.0,0.4264300217225526,0.8664261139248447,0.12451532084369253,1.0,1.0,0.3865487133625729,0.19793033366908175,0.8979006817745158,0.9544174313614934,0.8872996522110961,1.0,0.7144059859882983
gex_possorted_bam_1WGCZ:ATCATCAAGCTCATAAx-M2,0.9266960321895314,0.47209835548058277,0.0,0.8246190731627778,0.9883196081651514,1.0,0.36750210442064024,0.7795303603962423,0.1508822996921048,0.7368157932867958,0.4291088904940039,0.0,0.35804177402447485,0.027755059654454527,0.8402173870265285,0.3785533520128098,0.21549510453610227,1.0,0.7101873686414145,0.7347951750140465,1.0,1.0,0.8576548950974248,1.0,0.23589467928270902,0.5774507189748758,0.07506041863899342,0.8869339440437608,0.6775034845541422,0.9749032233059263,0.7447438527247178,0.49861244069486277,0.8446702898988654,0.7924666979689244,0.021592104453647502,0.9839156361308724,0.017037390354787494,0.7884071489736315,0.8648240875789188,0.0968194573213677,0.4883894799156206,0.2587940670237865,0.42898636609943086,0.0849183015091689,1.0,0.778779619425492,0.0,0.16769590874627435,0.6415164316241585,0.7012451260981373,0.6864911390247064,0.871081304857791,1.0
gex_possorted_bam_1WGCZ:ATCACCCTCACTAGGTx-M2,1.0,0.6889531514358944,0.0,1.0,1.0,0.6982636862990581,0.2312479365692703,1.0,0.6444655965686324,0.8683802819680074,0.0,0.7766278387876779,0.8092812024156185,0.158140375083601,1.0,0.10667218036623609,0.0,0.0,0.6552086240965174,0.5984445255437376,1.0,1.0,1.0,1.0,0.254076995798914,1.0,0.0,0.7502462782429498,0.8805550393185503,0.9924562398936521,0.10131423112083922,1.0,1.0,0.9403240256595101,0.0,1.0,0.004516822801436259,1.0,1.0,0.0,1.0,0.0,0.6688741814775532,0.22724088896192832,1.0,1.0,0.47671242813195686,0.0,0.8604643039517669,1.0,0.8852135189293601,0.9133129287709965,0.1275016812219135
gex_possorted_bam_1WGCZ:ATCCAACAGGAGGTTAx-M2,0.0,1.0,1.0,0.3923056149487352,0.0,0.0,1.0,0.3680344430381926,1.0,0.0,0.2772439491142871,0.32103969007915756,1.0,1.0,0.0,1.0,0.1072648457907095,0.09662995151093702,1.0,0.0,0.0,0.0,0.0,0.0,1.0,0.39609788573530963,1.0,0.03268213165001132,1.0,0.6960362266431258,1.0,0.8864814801528473,0.0,0.5836169807188744,1.0,0.12855695447870152,1.0,0.0,0.0,1.0,0.4998158813675865,0.6358415796744565,1.0,1.0,0.09928223427581766,0.25427006798174745,1.0,1.0,0.5503682837384111,0.2749419763730143,1.0,0.3757833639894299,0.0
gex_possorted_bam_1WGCZ:ATGCAAACAGGAATCGx-M2,1.0,1.0,0.0,1.0,1.0,1.0,0.801027307177266,1.0,1.0,1.0,0.0,1.0,1.0,0.2802070338868161,1.0,0.1343205967831388,0.0,0.0,0.9364470050882885,0.796708469167952,1.0,1.0,1.0,1.0,0.608218971481366,0.9246337744739416,0.0,1.0,1.0,1.0,0.7065469243084066,1.0,1.0,1.0,0.0,1.0,0.005014343431369212,1.0,1.0,0.0,1.0,0.2847358405534036,0.8941855453985732,0.10427567514681575,1.0,1.0,0.03426311570065132,0.08081455421148007,0.9729678601835036,1.0,1.0,1.0,0.7566196613450099
gex_possorted_bam_1WGCZ:ATCCCGCGTGAGCGAAx-M2,0.3279928320593893,0.11617120802493645,0.09862724596761102,0.2224727553406063,0.3725551852355628,0.28776229914540624,0.0,0.23424957542684735,0.16337674922775533,0.2533055241923445,0.4817907567485396,0.0,0.2319887708892854,0.0,0.3142480159035922,0.12036012655983735,0.33509444610431227,0.24684291892528804,0.0,1.0,0.604381003324067,0.7165496370237442,0.370764933638338,0.6955037799998525,0.0,0.19699574368853337,0.3849094927081762,0.10139952094397324,0.003400800205119401,0.33506543367678576,0.27118751658637036,0.380941630300339,0.37348584333541257,0.18912662865486726,0.3412004210286336,0.3269000037712222,0.2431763009432085,0.2602548259709199,0.23002664878807633,0.2639680645608592,0.3877952776139537,0.1085333662204731,0.2312316548198896,0.0,0.28980503623122783,0.3313048868960749,0.05679703854281523,0.5415477111908347,0.20530619981989046,0.3159787286018864,0.20968913828580218,0.2796029422873423,0.9486941704542743
gex_possorted_bam_1WGCZ:ATCACACAGGTTTGACx-M2,0.07506062388448084,1.0,1.0,0.7501816947940784,0.0,0.07390603405782203,1.0,0.5672630261479611,1.0,0.9005893384687526,0.45884932325735783,1.0,1.0,1.0,0.2230420907012114,1.0,0.8855680326322074,0.7836519132415394,1.0,0.0,0.0,0.0,0.0,0.0,1.0,1.0,1.0,1.0,1.0,0.9199477877590071,1.0,0.6370182446506866,0.0,0.6913768536002792,1.0,0.06305171375196714,1.0,0.21093029137604696,0.029981590994305845,1.0,0.0,1.0,1.0,1.0,0.2122756880902256,0.40280205553763426,1.0,1.0,1.0,0.33762597232582575,1.0,0.9910611607503544,0.0
gex_possorted_bam_1WGCZ:ATCCATAAGTCCTTCAx-M2,1.0,1.0,0.025592490364877075,1.0,1.0,1.0,0.40513769809255473,1.0,0.5636801906795391,1.0,0.0,0.9466813363767378,0.9376781792216756,0.4219959665280619,1.0,0.09446891756977796,0.0,0.1250551652147756,0.9658383164902581,0.8223183511760999,1.0,1.0,1.0,1.0,0.3492371777588499,1.0,0.0,1.0,1.0,1.0,0.9055429299507213,1.0,1.0,1.0,0.0,1.0,0.2064918887847944,1.0,1.0,0.0,1.0,0.20733198808986383,0.836617684318989,0.46406121155739294,1.0,1.0,0.3484985004265805,0.0,1.0,1.0,1.0,1.0,0.7929366000173937
gex_possorted_bam_1WGCZ:ATGAATGCAGGTTAAAx-M2,1.0,0.8782751305797839,0.5720813003119525,1.0,1.0,1.0,0.20210555332510197,0.9738470251495317,0.680453380630456,1.0,6.492694582226564e-05,0.6275014316396749,0.9912232641816017,0.3160832014823346,1.0,0.032876859347551995,0.0,0.2957307071316616,0.6863479167979849,0.8088529079755108,1.0,1.0,1.0,1.0,0.609796751515932,1.0,0.0,0.9345691697924108,0.8279449692181177,1.0,0.2670080183473676,1.0,1.0,0.9705956846452821,0.0,1.0,0.08109995870073693,1.0,1.0,0.0,1.0,0.27822117504469585,0.980620871037414,0.424771154300275,1.0,1.0,0.5039715997876483,0.07681540452949143,0.9391362216767073,1.0,0.8719303619223191,1.0,1.0
gex_possorted_bam_1WGCZ:ATGATGGAGCATGTCGx-M2,0.7629357993457876,1.0,1.0,1.0,1.0,0.2211214768653623,1.0,1.0,1.0,1.0,0.0,0.22585361940550525,1.0,0.9066789058894665,0.9334611057833077,0.0,0.0,0.0,0.4997821899273879,0.11293264953410005,0.0,0.30517465977283204,1.0,0.0,1.0,1.0,0.6634572080736991,0.5169416887368076,1.0,0.38341833650917145,0.0,1.0,1.0,1.0,0.22406441885964337,0.8435521551604923,0.0,1.0,1.0,0.015644644790923864,1.0,0.009681275540929563,0.7838990056997874,1.0,0.20387830596384895,1.0,1.0,0.0,1.0,1.0,0.8125651937592216,1.0,0.0
gex_possorted_bam_1WGCZ:ATCACAATCTTAGGACx-M2,1.0,1.0,0.27375696155334306,1.0,1.0,1.0,0.7206182982176271,1.0,0.6189714598320555,1.0,0.0,0.8388314672312077,0.9510498398744417,0.692953300551152,1.0,0.29209398153135036,0.0,0.6880683786823495,0.8510013647838565,0.9001522963231476,1.0,1.0,1.0,1.0,0.6594413410600409,0.9284414970798075,0.0,1.0,1.0,1.0,1.0,0.9079906615376322,1.0,1.0,0.0,1.0,0.28773762323990115,1.0,1.0,0.22057378540371575,0.9144252352221474,0.3783283612078409,0.7737079532165639,0.7091595858282627,1.0,1.0,0.3834221025098668,0.00582516438060887,1.0,1.0,1.0,1.0,1.0
gex_possorted_bam_1WGCZ:ATGATGACAAAGCGCAx-M2,0.14960451884193549,0.5943074703488878,1.0,0.3530687382396671,0.0,0.8070669743431594,1.0,1.0,0.5759370041818161,1.0,0.0,1.0,0.28661625060043483,1.0,0.7432643663990384,0.802003395727598,1.0,1.0,1.0,1.0,0.3944109861290033,0.0,0.595750100769215,0.30216849872624174,0.2123198642783108,0.14547397252091826,0.0,1.0,1.0,0.611815346134584,0.0,0.0,0.47491065505251656,0.10489605889084479,1.0,0.9491782791311797,0.5070269438105762,0.7625361406983786,1.0,0.5418910258157966,1.0,1.0,0.7034556927468406,0.23164335150710386,1.0,0.00935688604018801,1.0,0.636755777821472,0.2345759674271369,1.0,0.0,0.0,1.0
gex_possorted_bam_1WGCZ:ATCCGTGAGTGAACCTx-M2,1.0,1.0,0.0,1.0,1.0,1.0,0.34581662587434175,1.0,0.4848545027995424,1.0,0.4824424994257087,1.0,0.9094703153426115,0.5497394352742953,1.0,0.31142846454718665,0.2546287780178565,1.0,1.0,0.7560284191284752,1.0,1.0,1.0,1.0,0.5914949563618973,0.8954920518659235,0.0,0.8324274449511404,1.0,1.0,1.0,1.0,1.0,1.0,0.0,1.0,0.25523983455494476,1.0,1.0,0.05058170404367481,0.890216927386907,0.1998007731956803,0.6192633534220471,0.16640323340292895,1.0,1.0,0.11917599125107012,0.04851435596668872,1.0,1.0,1.0,1.0,1.0
gex_possorted_bam_1WGCZ:ATGACCAGTTCCTGTGx-M2,1.0,0.9685340793291789,1.0,1.0,1.0,0.3296244770766306,0.0,1.0,0.5555946206271679,1.0,0.0,1.0,1.0,0.404395475216524,1.0,0.0,0.0,0.0,0.0,0.13402355858375303,0.2709207339511619,0.5987435975962311,1.0,0.8656203395721274,0.3797901413008913,1.0,0.08326593006199434,0.7861409999382577,0.7921557343213869,1.0,0.0,1.0,1.0,1.0,0.0,0.9267823069411327,0.0,1.0,1.0,0.0,1.0,0.0,0.8801297849787354,0.5904298990612011,0.9656840415371466,1.0,0.6615829619616062,0.0,1.0,1.0,1.0,1.0,0.0
gex_possorted_bam_1WGCZ:ATCCTCATCTCACACCx-M2,1.0,1.0,0.14752374201862176,1.0,0.7334719266401825,1.0,1.0,1.0,0.9839121851467169,1.0,0.0,1.0,1.0,0.7872887841671385,1.0,0.8084833434989639,0.0,0.264009709610614,0.880644788177844,0.7438385647003433,1.0,1.0,0.9948185301011488,1.0,1.0,0.9908584403091928,0.0,1.0,1.0,1.0,1.0,1.0,0.993277816935246,1.0,0.1177854975249038,1.0,1.0,1.0,1.0,0.39941181670348375,0.988697203536633,0.665271986711781,0.7250022815229069,0.9699375833229504,1.0,1.0,0.2923816859603333,0.2362762222406713,1.0,1.0,0.9965558931390696,1.0,0.9026206119925162
gex_possorted_bam_1WGCZ:ATCCCGCGTGCACGCAx-M2,0.11569447571620145,1.0,0.5473181571858888,0.8876595275265099,0.0,0.6985018450918388,1.0,0.6736100083139668,1.0,0.3348579758488123,1.0,1.0,1.0,1.0,0.07099415706575406,1.0,1.0,1.0,1.0,0.0,0.0,0.0,0.0,0.0,1.0,1.0,1.0,1.0,1.0,1.0,1.0,0.0,0.0,0.7821811544247321,1.0,0.3167027293481045,1.0,0.1392632698869634,0.0496065393921389,1.0,0.15116832435160912,1.0,1.0,1.0,0.10192284572292601,0.6233802853867231,1.0,1.0,0.9082853782384631,0.5192992944052522,1.0,0.9251487814355769,0.0
gex_possorted_bam_1WGCZ:ATCATGTCAACCTAATx-M2,1.0,0.9456588708939764,0.0,0.9443077099233526,1.0,1.0,0.6986876353322533,1.0,0.4240176377030924,1.0,0.09298885843134165,0.7594271783163489,1.0,0.1909474284332956,1.0,0.45552923860822436,0.0,0.691556403473091,1.0,0.6078534278776111,1.0,1.0,1.0,1.0,0.7017672013351278,0.8634869442048232,0.0,0.9555269326231308,1.0,1.0,0.5666289238723995,0.9033131667024086,1.0,1.0,0.0,1.0,0.3288986950892546,1.0,1.0,0.01219139908061149,0.9976357655398617,0.35605617137878065,0.5031941992880503,0.012886216275977391,1.0,1.0,0.08652129895522824,0.0,0.9444537142687948,0.9818857278269426,0.7888863662082551,1.0,0.8410312065453175
gex_possorted_bam_1WGCZ:ATCATGTCAAACTAAGx-M2,0.8164755673739261,0.6053624336989036,0.0,0.7029108868861936,0.9045060070836326,0.7536734031876605,0.30962978907332095,0.7638463573490986,0.9351977944805332,0.7256172122944214,0.05689440269066412,0.9981841358426882,0.36450197004254287,0.4173578523604199,0.9198808700507242,0.5289845107114132,0.05305565496071174,0.2711972765928685,0.6220442046780018,0.28132859819004863,0.9177319457714427,1.0,0.7242564234388158,0.9540730047668684,0.501547306389237,0.5382110813725457,0.20969788649823748,0.624433051692781,0.9868001100100812,0.8304572136686658,0.2546548527141244,0.48649143422255325,0.7013277705195377,0.7748033396373535,0.11026991731868963,0.8527673332413419,0.775080073356766,0.7043182389686922,0.6921745861417887,0.24744889732171213,0.9136540850932848,0.6598169758042813,0.11084057908288325,0.0,0.9128277529924095,0.6568428999162141,0.0,0.3974499953905248,0.5930615188135916,0.7929124357631168,0.665082696494223,0.7530190866077289,0.6046841291828331
gex_possorted_bam_1WGCZ:ATGCAGGCAGCCAGAAx-M2,1.0,0.7815358064351952,0.0,0.8748209980388614,1.0,1.0,0.178811056195227,0.9313263883483441,0.0,0.9209248989112953,0.969589948459782,0.3643710564636949,0.7314610760017513,0.44441385141802964,1.0,0.4709165065643643,0.6320449136785334,1.0,1.0,0.4777609932624014,1.0,1.0,1.0,1.0,0.5605354028536905,0.8315062092102207,0.0,0.7599458818345776,1.0,1.0,0.7092157303296677,0.9403571685576005,0.9644320777092711,0.9177246967551893,0.0,1.0,0.21876298573040162,0.9533233644204725,0.8962729950185236,0.015939199295761368,1.0,0.2990939127740648,0.43473573856316183,0.0,1.0,0.9240897326650171,0.06082297612907287,0.0,0.7822679855824924,0.9794667360665477,0.6689187682092979,1.0,1.0
gex_possorted_bam_1WGCZ:ATGAAGTAGCCTGAGCx-M2,1.0,0.9462555444793432,0.0,1.0,0.9594650031680908,0.8626457983809306,0.5739058047858208,1.0,0.5979473870287298,0.9865259613491534,0.0,0.5123683954387962,0.8676842188816285,1.0,0.9912859600063064,0.5918560518454361,0.0,0.2505334223182437,0.7545480302063874,0.47256555989269416,1.0,1.0,1.0,1.0,0.6764566703430192,0.8698962866716102,0.0,1.0,1.0,1.0,0.3584954185585436,1.0,1.0,0.7755532197403224,0.0,1.0,0.28615280221044664,1.0,1.0,0.0,1.0,0.43884514927239915,0.5463004012948193,0.0,1.0,0.9776402680433098,0.14667839632001073,0.0,0.889410764648223,0.8956468363621174,1.0,0.9030443681479607,0.5128693243156861
gex_possorted_bam_1WGCZ:ATCGAGGCAAATGCCCx-M2,1.0,0.8484400471516845,0.0,1.0,1.0,1.0,0.5006104923247738,1.0,0.6102715709088253,1.0,0.17091524199189218,0.7022187186426911,0.8956886872848158,0.20501560954278536,1.0,0.09688543432382261,0.0,0.6570244537749373,0.9386125543401266,0.5745169547980404,1.0,1.0,1.0,1.0,0.7258807895923305,0.9316527090005381,0.0,0.9803282465308434,0.9231699570883376,1.0,0.6363123014343688,1.0,1.0,1.0,0.0,1.0,0.12476915326888262,1.0,1.0,0.05091932838450227,0.9606506566875892,0.2480720114633462,0.7127771104047733,0.06796213254590405,1.0,1.0,0.03418251809520119,0.0,0.973947569000857,1.0,0.9010934137767641,1.0,1.0
gex_possorted_bam_1WGCZ:ATCCGTGAGCATCCAGx-M2,0.8596519933924877,0.9628162779461716,0.0,0.7626645383225467,0.9429269036785375,1.0,0.7610686994316479,0.8388557330446896,0.583492400049385,0.8437899967193914,0.3071459731623638,0.36730821197873065,0.5637949540477839,0.5590809943922023,0.9710802896691849,0.5135570583593285,0.17449936375249353,0.8837155901501987,0.7589795125084844,0.7305357647070378,1.0,1.0,0.7705215861259257,1.0,0.7701220439261807,0.643359423384335,0.077750066930019,1.0,1.0,0.8086681599079553,1.0,0.8806978375585305,0.7717712780363567,0.9698830611552501,0.22422343502232692,0.9974730414314593,0.786003429217766,0.7592154366421466,0.7981606156723897,0.34405332704532465,0.5760382056968459,0.6510412124473668,0.5238689539447194,0.3407685979570491,1.0,0.798481630462703,0.06463487134450661,0.22746450534925552,0.7298293822054631,0.7961174148040756,0.59748696705598,0.8801081002821025,1.0
gex_possorted_bam_1WGCZ:ATGCAAACACATTAACx-M2,1.0,1.0,0.08938265995005384,1.0,1.0,1.0,0.9544017205126937,1.0,0.8769639678218643,1.0,0.0,0.8945771899893012,1.0,0.34370163950826627,1.0,0.2151690007636169,0.0,0.0,0.7782087957157648,0.9148510670092379,1.0,1.0,1.0,1.0,1.0,1.0,0.0,1.0,0.8956381726844141,1.0,0.3797066619180424,1.0,1.0,1.0,0.0,1.0,0.11531768188571362,1.0,1.0,0.0,1.0,0.6201977797530566,0.9863535236450616,0.9521115784894081,1.0,1.0,0.7355618935686041,0.0,1.0,1.0,1.0,1.0,1.0
gex_possorted_bam_1WGCZ:ATCAGGTTCGGCCAGTx-M2,0.16078313857165938,0.8242373628530189,0.0,0.17366139349754425,0.0,0.0,0.7122517476035188,0.4740278086286843,0.0,0.4230101457820011,0.0,0.7267914792683952,0.0,0.39606601265984476,0.21587568265363336,0.5595863963379849,0.05292421519626477,0.0,0.0,1.0,0.2755986107435723,0.16723056051126078,0.2260800741598254,0.5149626938483665,0.0,0.11743854078552017,0.19570003786304455,0.30098597278662304,0.37258041692056937,0.18974594553495275,0.7520681064225156,0.0,0.2907089164273153,0.5069469823688898,0.2874997917215794,0.4027031381810943,0.37750552936094056,0.2400121518315522,0.4335911773295033,0.6639248595864207,0.7468409076576669,0.5144376288576544,0.0,0.0,0.10257418255415157,0.21614241112696583,0.0,0.23427694278209096,0.18032975407304896,0.04548473319220153,0.0,0.12003425911178582,0.5030601363346677
gex_possorted_bam_1WGCZ:ATCCCGCGTTGAGCCGx-M2,1.0,1.0,1.0,1.0,1.0,1.0,0.35553891599766857,1.0,1.0,1.0,0.0,0.8246747864862011,1.0,0.28523301199428164,0.8431795614657954,0.0,0.0,0.0,0.41885621419735714,1.0,1.0,1.0,1.0,0.8111927236589079,0.8268213876065641,1.0,0.3179781374975781,1.0,1.0,0.7634193035317216,0.0,1.0,1.0,1.0,0.0,1.0,0.3293427069966154,1.0,1.0,0.0,1.0,0.7271851086263819,0.6456902606590326,0.629400357884849,1.0,1.0,1.0,0.0,1.0,1.0,1.0,1.0,1.0
gex_possorted_bam_1WGCZ:ATCCCGCGTGTAATACx-M2,1.0,1.0,0.0,0.9326663364088414,0.8706762735632347,0.909320789434148,0.22505148958130683,1.0,1.0,0.839944012191354,0.0,0.9819028085788376,1.0,0.4635639061245572,0.7913931219571756,0.0,0.0,0.03204944843158009,0.7314601578435146,0.22603613158694535,1.0,1.0,0.9562634039248629,1.0,0.33971239953581783,0.8526164595493927,0.0,0.7798551918327423,0.192938146239088,0.8890791248074661,0.34971479387249216,1.0,1.0,0.8858591771527927,0.05013417996363528,1.0,0.047110397340179154,0.8513454259086807,0.8203503882909223,0.0,1.0,0.28607246909399603,0.40959646255355275,0.0,1.0,0.9497328190609213,0.07108295273572018,0.25073709497831304,0.8029396361712022,1.0,1.0,0.9078740483422678,0.8924189687007859
gex_possorted_bam_1WGCZ:ATGTCCACATCCCTCAx-M2,1.0,0.9403961220586613,1.0,1.0,1.0,0.5047519901262596,0.0,1.0,0.15048077673916346,1.0,0.0,0.8402055716424792,0.9623914028902726,0.44350576415095644,1.0,0.007156614408631914,0.0,0.0,0.6753963103508888,0.7046457660025439,0.8909869682141489,0.8520399603065136,1.0,1.0,0.0,1.0,0.0,1.0,0.8418278482863892,1.0,0.0,1.0,1.0,1.0,0.0,0.9598123579184618,0.07228309445355936,1.0,1.0,0.0,1.0,0.14307687726263987,0.8495187304938278,0.5372370665191034,0.9490033719268692,1.0,0.7172602730602594,0.0,1.0,1.0,1.0,0.9582627958322015,0.0
gex_possorted_bam_1WGCZ:ATGTAAGCAAGTTATCx-M2,1.0,0.8991213281733327,0.585223910300663,1.0,1.0,0.2948422459775362,0.12646973931566774,1.0,0.6657805686541912,1.0,0.0,1.0,0.7560567416230816,0.42192481716734365,1.0,0.06266636581635715,0.0,0.0,0.5744070782700093,0.46855914070880283,1.0,0.8306834008312222,1.0,1.0,0.16694517671884596,1.0,0.0,0.7121551235632428,0.6369499586575404,1.0,0.0,1.0,1.0,0.9941429811613361,0.0,1.0,0.0,1.0,1.0,0.0,1.0,0.0,1.0,0.4794293928347009,1.0,1.0,0.8285244606499229,0.0,1.0,1.0,1.0,0.9228972437530659,0.0
gex_possorted_bam_1WGCZ:ATTAGCGGTGTGAGAGx-M2,1.0,0.4846230517951465,0.231731541546672,1.0,1.0,0.9130074738983254,0.42615835738806307,1.0,0.10826623770711558,0.9180936854027214,0.0,0.8860341445214305,0.9697630580230361,0.23948630755799244,1.0,0.11176142924729988,0.0,0.0,0.8223355099316154,0.6888056692281176,1.0,1.0,1.0,1.0,0.300418610143436,1.0,0.0,1.0,0.9879517820686026,1.0,0.18943566461319344,1.0,1.0,1.0,0.0,1.0,0.13265064084950487,1.0,1.0,0.0,1.0,0.1645043882898025,0.8030026942853806,0.3096394739524617,1.0,1.0,0.7500226598310111,0.0,1.0,1.0,1.0,1.0,0.13088806956279156
gex_possorted_bam_1WGCZ:ATGTTTGAGCTCAATAx-M2,0.08813106453549628,1.0,1.0,0.988278846878881,0.17956621186108185,0.0,1.0,0.7841388772892417,1.0,0.93636597355215,0.0,1.0,1.0,1.0,0.20572860761774478,1.0,0.14068331652706398,0.0,1.0,0.0,0.0,0.0,0.0,0.0,1.0,1.0,1.0,1.0,1.0,0.9357056706279583,1.0,0.014797577457216191,0.0,0.8332377434028891,1.0,0.31484794719015746,1.0,0.04517234391293285,0.13704115042893736,1.0,0.17107135913473193,1.0,1.0,1.0,0.09122390284732688,0.5359717342005843,1.0,1.0,1.0,0.6575769222852806,1.0,0.9759133576250981,0.0
gex_possorted_bam_1WGCZ:ATGTTGTCACTTCACTx-M2,1.0,0.8351438907990412,1.0,1.0,1.0,0.7877288594823735,0.0,1.0,0.47586928996281347,1.0,0.0,1.0,0.9673547794708781,0.34877467912427546,1.0,0.2977153842303599,0.0,0.0,0.1615521811935681,0.5029287004449293,0.6348274060212736,0.8234202166763792,1.0,0.9747469524567534,0.4629753058662916,1.0,0.0,1.0,0.7665338717935541,1.0,0.0,1.0,1.0,1.0,0.0,1.0,0.07093645826882858,1.0,1.0,0.0,1.0,0.0,1.0,0.9267219041974324,0.9673505247637039,1.0,1.0,0.0,1.0,1.0,0.927275875275989,1.0,0.2632544438564246
gex_possorted_bam_1WGCZ:ATGTTTGAGTCACCAGx-M2,1.0,0.805847438860291,0.32656119782820076,1.0,0.9974381100203608,1.0,0.7941507287161217,1.0,1.0,1.0,0.0,1.0,1.0,0.34631663937796286,1.0,0.22246091662064044,0.0,0.19529279541914454,1.0,0.9694169684770876,1.0,1.0,1.0,1.0,0.9420117944204688,1.0,0.0,1.0,1.0,1.0,0.5471271215980518,1.0,1.0,1.0,0.0,1.0,0.2898250947915705,1.0,1.0,0.059600569099056686,1.0,0.4531124804282833,1.0,0.49869273571158024,1.0,1.0,0.6359969071264102,0.1683577754032038,1.0,1.0,1.0,1.0,0.793616480946553
gex_possorted_bam_1WGCZ:ATTATGGTCGCTCACTx-M2,1.0,0.8160189939641774,0.0,1.0,1.0,1.0,0.3261337778140286,1.0,0.09668184259541886,0.9984623995327699,0.0,0.6529821171870174,0.7548938742825358,0.3128800653982003,1.0,0.39827637367452995,0.0,0.2697979849454339,0.9525738531429825,0.7650986206505173,1.0,1.0,1.0,1.0,0.6062292174564906,0.9829925015258835,0.0,0.8434190565339482,1.0,1.0,0.7668374916005448,1.0,1.0,1.0,0.0,1.0,0.21752952286155317,1.0,1.0,0.04265326137217843,1.0,0.2610411786051866,0.7445986837753392,0.4376748897184464,1.0,1.0,0.46506539933849494,0.0,1.0,1.0,0.9987903716577218,1.0,0.773333176040281
gex_possorted_bam_1WGCZ:ATGTAACGTTTGACCTx-M2,1.0,0.7369197934623517,0.0,0.8896328037106315,1.0,1.0,0.31634572515263115,0.9357870264913006,0.3107513064840288,0.7897910489036726,0.37472114113788285,0.5615470966231741,0.8242946575899122,0.38485172030642995,0.9643006366889804,0.07119518925962039,0.20493670595402155,0.8357578181992006,0.940636439907673,0.7036778434692338,1.0,1.0,0.9049649930327541,1.0,0.5133353319554321,0.7507260453094874,0.0,0.8252823112232737,1.0,0.7862111728828638,0.4414510454803832,1.0,0.9959741579710762,0.9444145075798497,0.0,1.0,0.3230661654074769,0.9406534975358384,0.9318506818239028,0.0,1.0,0.14430464220520284,0.49796341906934466,0.1498024320903307,1.0,0.9480005584292241,0.0,0.05013679310562544,0.7290283982794588,0.9433848561713324,0.8525435463597145,0.9295797445200157,0.8849158157524054
gex_possorted_bam_1WGCZ:ATTACTGAGACAACAGx-M2,1.0,0.9240152363069354,0.9329219529604466,1.0,1.0,0.19810653826978467,0.10042144270174544,1.0,0.6144606330443979,1.0,0.0,1.0,0.811295710546846,0.2003399222165936,1.0,0.053073368964829504,0.0,0.0,0.5018490771257907,0.7937193564931395,0.9833051222383823,0.884614960757521,1.0,1.0,0.046849985716094646,1.0,0.0,0.878607404166903,0.7798696094782438,1.0,0.0,1.0,1.0,1.0,0.0,0.9789813443901817,0.09201865819797352,1.0,1.0,0.0,1.0,0.13272016133383469,1.0,0.5817900924671587,1.0,1.0,1.0,0.0,1.0,1.0,1.0,0.9680879405112719,0.0
gex_possorted_bam_1WGCZ:ATGGCTGTCCAGCACAx-M2,0.8330330367038035,1.0,0.40353319808267857,0.8025537401161645,0.4573506144672818,1.0,1.0,1.0,0.5018384256212716,1.0,0.0,1.0,0.7769956142175337,0.6803767711832414,1.0,0.6343707736289651,0.0,0.26803066196430947,0.6012400912584568,1.0,1.0,0.9356778935301906,0.7939115104677937,1.0,0.7561907029015825,0.7040168823775843,0.0,1.0,1.0,0.7000394595532479,1.0,0.6878352803384391,0.8278068241922393,1.0,0.10975871277383732,1.0,0.6024288133213708,0.8133711518936744,0.9500690159697533,0.6385227597159016,0.7902480289278059,0.47783794399713525,0.46183797919094505,0.5344071440019328,1.0,0.9443275752024985,0.1966861245916272,0.0,0.8880624328568245,0.9359342294009112,0.7571187285046278,0.8574002151299983,0.933925252085741
gex_possorted_bam_1WGCZ:ATTAGTCCACAGAACGx-M2,1.0,1.0,0.0,1.0,1.0,1.0,0.499918777633133,1.0,0.3330204860577544,1.0,0.6487721376924518,0.442700542284637,0.8092304523533757,0.4516708386122156,1.0,0.43564207333668076,0.252490810348551,1.0,1.0,0.5722309108647909,1.0,1.0,1.0,1.0,0.6576476094652269,1.0,0.0,1.0,1.0,1.0,1.0,1.0,1.0,1.0,0.0,1.0,0.0,1.0,1.0,0.0,1.0,0.10702541737565209,0.7360124372757408,0.48726562920371125,1.0,1.0,0.0,0.0,1.0,1.0,1.0,1.0,1.0
gex_possorted_bam_1WGCZ:ATTAACCCAAGCCAGAx-M2,1.0,1.0,0.21362491664860211,1.0,1.0,0.929669301124236,0.0,1.0,0.27344328474632484,1.0,0.0,0.6807816763931823,0.9057110634000514,0.39097060069948847,1.0,0.20747532483941325,0.0,0.0,0.7506130543647326,0.6968792369974208,1.0,1.0,1.0,1.0,0.11984670867417357,1.0,0.0,0.925661095162758,0.9418459243917117,1.0,0.2819670114203575,1.0,1.0,0.9385950656008708,0.0,1.0,0.061698311483170294,1.0,1.0,0.0,1.0,0.2726362064974254,0.6188670301823556,0.4018654505549513,0.9639378016618576,1.0,0.2572336995369067,0.0,1.0,1.0,0.9127462325797472,0.9668303815573703,0.0
gex_possorted_bam_1WGCZ:ATTATCCTCCAGCACAx-M2,1.0,0.7034698264983534,0.0,0.9646699523453426,1.0,1.0,0.42415252617370386,0.9667634061267381,0.9888500176965744,0.9550151263640139,0.37621039147469687,0.845337339247698,0.6969770637596798,0.3800002818561675,1.0,0.5176473013452173,0.15139442595061228,0.9543265703076191,1.0,0.37199901919795,1.0,1.0,1.0,1.0,0.5916304085203381,0.8174627928673163,0.0,0.9503480876055862,1.0,1.0,0.6615704299413153,0.7092688888518996,1.0,0.9774742124099116,0.0,1.0,0.3375877855579009,1.0,1.0,0.04937188964962147,1.0,0.6027901510891923,0.6354288177122196,0.21162760886739898,1.0,0.9851906045296225,0.0,0.238633636466013,0.9081320007936012,0.958324554420758,0.8899033892244099,1.0,0.9183733587757894
gex_possorted_bam_1WGCZ:ATGGCTGTCTCGCCTGx-M2,1.0,0.7570471031780883,0.0,0.9594826989511593,1.0,1.0,0.43799636004157566,0.992109004415953,0.3816679401644361,1.0,0.5317541610256754,0.681107907563295,1.0,0.3827658750160742,1.0,0.5365361150812694,0.16222694933124984,1.0,1.0,0.5329120575337879,1.0,1.0,1.0,1.0,0.6691721680846274,0.8254959175203316,0.0,0.9543208049001707,1.0,0.9677490379888494,0.7799243285409274,1.0,1.0,1.0,0.0,1.0,0.3515191524102178,1.0,1.0,0.0,0.6915956990025844,0.0,0.5917077775862879,0.16505316434617934,1.0,1.0,0.13844946420652912,0.0,0.8585807208905659,1.0,0.8677660178269531,1.0,1.0
gex_possorted_bam_1WGCZ:ATGTTGTCAATCCCTTx-M2,0.08974513517547182,1.0,1.0,1.0,0.03498687856643487,0.0,1.0,0.9410294856856156,1.0,0.727974342351856,0.0,1.0,1.0,1.0,0.096103672074947,1.0,0.0,0.0,1.0,0.0,0.0,0.0,0.0,0.0,1.0,1.0,1.0,1.0,1.0,0.6614842007115727,1.0,0.27152340751249004,0.0,0.9705242249349109,1.0,0.285771046637351,1.0,0.012070440572839512,0.05897184750042298,1.0,0.1432459484897679,1.0,1.0,0.40415399343035024,0.06967004391101103,0.5528102938318181,1.0,1.0,1.0,0.6843579541020538,1.0,0.9707709861477335,0.0
gex_possorted_bam_1WGCZ:ATGGTTATCCCATAAAx-M2,1.0,0.8923761010040193,0.42466982668318026,1.0,0.6665361817419321,0.419922026993218,1.0,1.0,0.6990919668480546,1.0,0.0,1.0,0.4998528032283962,1.0,1.0,0.9194142309126683,0.0,0.0,0.8196836633738832,0.0,0.717812616927741,0.6660539626509225,1.0,1.0,0.6541261211734973,1.0,0.10545710349655797,0.95720802495658,1.0,1.0,1.0,1.0,1.0,1.0,0.0,1.0,0.9955952014185763,1.0,0.9949313102969609,0.36721589450646774,1.0,1.0,0.9298152063031853,1.0,1.0,1.0,0.4634208745753985,0.0,0.9589511378082052,0.8294071315593475,1.0,1.0,0.03831280156027402
gex_possorted_bam_1WGCZ:ATGTAACGTTCACCCAx-M2,1.0,1.0,0.18239615702644144,1.0,1.0,1.0,0.5627503652268022,1.0,0.5974832656994514,1.0,0.35011025765370724,0.5185877892229844,0.9935583598851345,0.4226031501850781,1.0,0.254195683422238,0.008047525695292181,1.0,1.0,0.6965237809080966,1.0,1.0,1.0,1.0,0.6401132025687876,0.9715440955072229,0.0,1.0,1.0,1.0,1.0,1.0,1.0,1.0,0.0,1.0,0.27164617712976996,1.0,1.0,0.0,1.0,0.40923351690255033,0.7049223347674909,0.6062153964818077,1.0,1.0,0.35943449608326883,0.0,1.0,1.0,0.953779077598654,1.0,1.0
gex_possorted_bam_1WGCZ:ATTAGTCCAGCAGGTAx-M2,1.0,1.0,0.5469756229031152,1.0,0.5653966294995546,1.0,1.0,1.0,0.9926129577739251,1.0,0.0,1.0,1.0,1.0,1.0,0.9296910923579799,0.0,0.0,0.6904653864097575,0.6377362872190777,1.0,0.9246461842910783,0.9263838311330076,1.0,1.0,0.9844400884144345,0.0,1.0,1.0,1.0,1.0,1.0,1.0,1.0,0.0,1.0,0.8276394501710116,1.0,1.0,0.7193718619713747,0.9892657298058221,0.6759353916648583,1.0,1.0,1.0,1.0,0.6073545501492646,0.04190540419678584,1.0,1.0,1.0,1.0,0.8366838064272442
gex_possorted_bam_1WGCZ:ATGTTTGAGGACCTTGx-M2,1.0,1.0,0.2769859382674675,1.0,1.0,1.0,0.8638702915391986,1.0,0.829430430613203,1.0,0.0,1.0,1.0,0.6714820399546072,1.0,0.49134167294487124,0.0,0.3724659109799748,0.9847469678542701,0.795750162264539,1.0,1.0,1.0,1.0,0.7885957295449171,1.0,0.0,1.0,1.0,1.0,1.0,1.0,1.0,1.0,0.0,1.0,0.37977365204235547,1.0,1.0,0.1939341603644738,1.0,0.4131120691861826,0.9069576098264829,0.5893836410640956,1.0,1.0,0.41991917001868806,0.024715591797609703,1.0,1.0,1.0,1.0,0.9209819695522717
gex_possorted_bam_1WGCZ:ATGCGATTCTTAGGACx-M2,1.0,0.8262293625585225,1.0,1.0,1.0,0.3894755385121175,0.0,1.0,0.979194394887397,1.0,0.0,1.0,1.0,0.5841792806770805,1.0,0.0,0.0,0.0,0.0,0.0332765764390847,0.0,0.5134166633949915,1.0,0.6328556923451766,0.5856747781905153,1.0,0.0,0.8580188033455574,0.6961022575660504,1.0,0.0,1.0,1.0,1.0,0.0,0.9692774680050483,0.0,1.0,1.0,0.0,1.0,0.0,1.0,0.795439475688621,0.9548176502515814,1.0,1.0,0.0,1.0,1.0,1.0,1.0,0.05069735844303546
gex_possorted_bam_1WGCZ:ATGTCCACAGTTTGGCx-M2,1.0,0.7915820874358332,0.0,1.0,1.0,1.0,0.2404931239459301,1.0,0.6920108147371493,0.9310241415677893,0.0,0.6302099190152843,0.805781072942578,0.4012682459323407,1.0,0.4319334143277325,0.0,0.2758891742062299,0.845120112546317,0.66154730872938,1.0,1.0,1.0,1.0,0.4219371338554981,0.9358076289943686,0.0,0.9725265277038232,0.7795556593645909,1.0,0.23867810095440803,0.8996463968819133,1.0,0.9793079974214925,0.0,1.0,0.134003511826394,0.9988773203029292,1.0,0.0,1.0,0.30110101084574015,0.7898187940893211,0.032277037192322736,1.0,1.0,0.3022518977028442,0.2297155819055807,0.9407769955920535,0.9738912224967824,0.741645761105033,0.9453919884186349,0.5033434467279068
gex_possorted_bam_1WGCZ:ATTACGTCACCTGCTCx-M2,1.0,0.9265161286556972,0.0,1.0,1.0,1.0,0.35769162335435084,1.0,0.5014443579164358,0.9926137993758842,0.08540541998730272,0.7868446386740657,0.8578246469752957,0.29341232340194345,1.0,0.10022468212378771,0.0,0.3911004122605537,0.9521714127500388,0.6726230898332761,1.0,1.0,1.0,1.0,0.5333216742656756,0.9312996692542604,0.0,0.8227860732758149,0.9215050503628373,1.0,0.6596718099352505,1.0,1.0,1.0,0.0,1.0,0.09447200945147798,1.0,1.0,0.0,1.0,0.2173806392960225,0.6532638594815788,0.2363246145541415,1.0,1.0,0.20748503608024985,0.0,0.9032212677708195,1.0,0.998178993900459,1.0,0.9772727024705283
gex_possorted_bam_1WGCZ:ATTAGCTCAACAGGATx-M2,0.11138160545594865,1.0,1.0,0.9522395261473326,0.013939687308912433,0.0,1.0,0.8508314005248803,1.0,0.7514614696548108,0.0,1.0,1.0,1.0,0.13210169479470307,1.0,0.34362794143096526,0.1180969839108625,1.0,0.0,0.0,0.0,0.0,0.0,1.0,1.0,1.0,1.0,1.0,0.8098886178642704,1.0,0.12801813186595062,0.0,0.8306589527417462,1.0,0.2996679469614846,1.0,0.11093537703712546,0.1384528551809917,1.0,0.188904555251858,1.0,1.0,1.0,0.15549416572086255,0.5494446432721681,1.0,1.0,1.0,0.4901599331984744,1.0,0.9515847448930992,0.0
gex_possorted_bam_1WGCZ:ATGGCTAGTACCGTTTx-M2,0.9357716993699451,0.9690714533620337,1.0,1.0,1.0,0.41158503619871495,0.0,1.0,1.0,1.0,0.0,1.0,1.0,0.7113225515971412,1.0,0.24384790784354007,0.0,0.0,0.0,0.0,0.0,0.36974668221012014,1.0,0.3684167843504729,0.835329059115431,1.0,0.1189753464451233,0.9064464352461151,0.6323652202407387,1.0,0.0,1.0,1.0,1.0,0.0,0.9614643324652418,0.0,1.0,1.0,0.0,1.0,0.0,1.0,1.0,0.9677324623334445,1.0,1.0,0.0,1.0,1.0,1.0,1.0,0.0
gex_possorted_bam_1WGCZ:ATTAGCGGTTTATCTGx-M2,1.0,1.0,0.1001744096660856,1.0,1.0,1.0,0.0,0.9904710814931639,0.14191382902892397,1.0,0.5063149039925436,1.0,0.943157422060872,0.7653736668701352,1.0,0.6590700832340881,0.1918958475596488,1.0,1.0,0.503340832786664,1.0,1.0,1.0,1.0,0.1874634592410477,1.0,0.0,1.0,0.948099827000455,1.0,0.2519853731762862,1.0,1.0,0.8404571030784539,0.10639212426585384,1.0,0.3596406400282173,1.0,1.0,0.0,1.0,0.5911838424702833,0.8251260528353721,0.08361762853003393,0.9226191228555686,1.0,0.920463357771882,0.0,1.0,1.0,0.9274108252872256,1.0,0.41814571061388833
gex_possorted_bam_1WGCZ:ATTACCCGTTGAGGTCx-M2,1.0,1.0,0.0,1.0,1.0,1.0,0.39029372206417684,1.0,0.047763300242957746,1.0,0.6913871263201415,0.5875141730774721,1.0,0.4857051874844151,1.0,0.3185289718075767,0.29694116470542903,1.0,1.0,0.6776733645008569,1.0,1.0,1.0,1.0,0.5776777923595177,1.0,0.0,1.0,1.0,1.0,1.0,1.0,1.0,1.0,0.0,1.0,0.14800480305658534,1.0,1.0,0.0,1.0,0.1407232407704465,0.6949301258810688,0.2628302269519769,1.0,1.0,0.030921749760760887,0.0,1.0,1.0,0.9922875889875967,1.0,1.0
gex_possorted_bam_1WGCZ:ATTAGGTGTTCACCCAx-M2,0.053374230057604055,1.0,1.0,0.9544626009866058,0.0,0.0,1.0,0.7590941603787449,1.0,0.6567401856085521,0.19838394443387883,1.0,1.0,1.0,0.1325260466367862,1.0,0.17743395808240928,0.0,1.0,0.0,0.0,0.0,0.0,0.0,1.0,1.0,1.0,1.0,1.0,0.9484247455563963,1.0,0.24986767001790258,0.0,0.9645893451747177,1.0,0.22290121774566743,1.0,0.0748875025623733,0.08947881042277388,1.0,0.08393661208847691,1.0,1.0,0.38308911684413205,0.056546491241897694,0.5372739510591799,1.0,1.0,1.0,0.5630376103823628,1.0,1.0,0.0
gex_possorted_bam_1WGCZ:ATGGCCGGTCACACCCx-M2,1.0,0.810984242948894,1.0,1.0,1.0,0.33462443554480037,0.0,1.0,0.5803910329047018,1.0,0.0,0.894731824508661,0.966992532055151,0.2857451529805298,1.0,0.0,0.0,0.0,0.12269029718265652,0.19719460934990932,0.6382449238578823,0.6576539720996133,1.0,0.9531456085525393,0.4143592503528987,1.0,0.0,0.8307720610303344,0.6725274391538625,1.0,0.0,1.0,1.0,1.0,0.0,0.9150087577519942,0.0,1.0,1.0,0.0,1.0,0.0,0.7677856914369228,0.15530613660115025,0.9734328323373832,1.0,0.7730171096569864,0.0,1.0,1.0,0.9905949432524184,0.90048520321183,0.0
gex_possorted_bam_1WGCZ:ATGGCCCAGGCTGTCAx-M2,1.0,0.8674384333844138,0.0,0.9974924386926689,0.9248046683114444,1.0,0.521587965093509,1.0,0.5659042647168369,0.9637546772553466,0.0,1.0,0.8983491425595841,0.37565359179141256,1.0,0.013836284500301593,0.0,0.48758227019301864,0.9273671612736086,0.620575143654664,1.0,1.0,1.0,1.0,0.645389614903752,0.9395078286017862,0.0,0.8802953621984794,0.9290726382772544,0.9751459756170535,0.39892815287734473,1.0,1.0,1.0,0.0,1.0,0.2880980573637756,1.0,1.0,0.0,1.0,0.18609634112932125,0.6331603535222358,0.0,1.0,1.0,0.04615979235460731,0.11894959225194969,0.8372702823312399,1.0,0.8518915510615505,1.0,1.0
gex_possorted_bam_1WGCZ:ATGCATTCACCTCACCx-M2,0.08529297725011739,1.0,1.0,0.9236267529461656,0.0,0.0,1.0,0.7787321499824481,1.0,0.7250565230006,0.0,1.0,1.0,1.0,0.14647759852913111,1.0,0.0,0.0,1.0,0.0,0.0,0.0,0.0,0.0,1.0,1.0,1.0,1.0,1.0,0.7812743495923065,1.0,0.13814622611404492,0.0,0.8309831839549827,1.0,0.24212215959193487,1.0,0.06335185807132301,0.090741052436609,1.0,0.19779443166132366,1.0,1.0,1.0,0.007443253348559294,0.5313432459508427,1.0,1.0,1.0,0.6109935914107187,1.0,0.957492887871488,0.0
gex_possorted_bam_1WGCZ:ATTACCCGTACCAGGTx-M2,1.0,1.0,0.6974400288123274,1.0,1.0,1.0,0.2829580806897564,1.0,0.14588824750189766,1.0,0.2938260472573846,0.8259770916982587,1.0,0.5074091912047609,1.0,0.06017644332859301,0.04066691098547609,0.25775424256466534,1.0,0.76901994914127,1.0,1.0,1.0,1.0,0.2784926800026697,1.0,0.0,0.9667333376561928,1.0,1.0,0.7324653859543575,1.0,1.0,1.0,0.0,1.0,0.0,1.0,1.0,0.0,1.0,0.3042638789783834,0.7463554042046747,0.5916265367981757,1.0,1.0,0.1891282983345524,0.0,1.0,1.0,1.0,1.0,0.767031836510089
gex_possorted_bam_1WGCZ:ATGGCCCAGCGGCTGTx-M2,0.07764601972631877,1.0,1.0,0.9317661976532933,0.0,0.0,1.0,0.9164511254397854,1.0,0.532589854100311,0.0,1.0,1.0,1.0,0.08832662583290563,1.0,0.0989646371780476,0.0,1.0,0.0,0.0,0.0,0.0,0.0,1.0,1.0,1.0,1.0,1.0,0.8588623486755163,1.0,0.0,0.0,0.8833098491924551,1.0,0.2449651131192832,1.0,0.0,0.0,1.0,0.0939656632399294,1.0,1.0,0.49417144234617294,0.0,0.5126165895742688,1.0,1.0,1.0,0.6372697090136061,1.0,0.8921961140362873,0.0
gex_possorted_bam_1WGCZ:ATGCGATTCGTTAAGCx-M2,1.0,0.9236209608231363,0.0,0.8782297571896062,1.0,1.0,0.3227146696474253,0.997260749370334,0.22950777238536288,1.0,0.7372716058432884,0.23515575245980191,1.0,0.4825643933084418,1.0,0.6620434516895153,0.2618746085382008,1.0,1.0,0.4691755839873759,1.0,1.0,1.0,1.0,0.4526699128161469,0.8229318500567828,0.0,1.0,0.9958593239400982,0.9186827971808739,0.5524960596752847,1.0,1.0,0.8182834640256589,0.12230657412110495,1.0,0.39830534845031723,1.0,1.0,0.0,0.8211454630124432,0.49684290521486824,0.4642127273685069,0.0,1.0,1.0,0.04812544891274001,0.18609166908073968,0.874861630471171,1.0,0.7142767387505532,1.0,0.7086797872849235
gex_possorted_bam_1WGCZ:ATTACGTCAGGCTTGTx-M2,1.0,0.9877932096448129,0.1739930534593085,1.0,0.8477095770676665,0.8171026492185871,0.5865868031591904,1.0,0.6497965006479322,1.0,0.0,1.0,0.9710511756974676,0.5695058878602935,1.0,0.09452663544954824,0.0,0.0,0.8105051621717435,0.8068231112516931,0.9264793153229098,0.8456047245837998,1.0,1.0,0.4474736427793474,1.0,0.0,0.9121643725189411,0.8436908050129699,1.0,0.20646383039609933,1.0,1.0,1.0,0.0,1.0,0.2024832331128116,1.0,1.0,0.0,1.0,0.2812525722693565,0.6994943594436491,0.25662844286689923,1.0,1.0,0.7407507977358404,0.27335839920491356,1.0,1.0,1.0,0.8710462201587901,0.084458559362078
gex_possorted_bam_1WGCZ:ATTACTGAGCAGCTATx-M2,1.0,1.0,0.756865909485575,1.0,1.0,1.0,0.0,1.0,0.6283708566896299,1.0,0.0,0.9898307513376533,0.9613065123543327,0.4930413710090251,1.0,0.1574514230055047,0.0,0.0,0.7678105711717282,0.5600958841817346,1.0,1.0,1.0,1.0,0.4648187160716389,1.0,0.0,0.9855621436511841,0.7071296346784459,1.0,0.18247041027872968,1.0,1.0,1.0,0.0,1.0,0.018884388340561303,1.0,1.0,0.0,1.0,0.16025879967987328,0.9900792714350778,0.7047659435500181,1.0,1.0,0.6562799048960994,0.0,1.0,1.0,1.0,1.0,0.44962541543579526
gex_possorted_bam_1WGCZ:ATGTTCAAGTTGTCCCx-M2,0.6868022697551096,0.14793396178004997,0.0,0.6370724426841196,0.6177237187306227,0.6200346531279549,0.12070023220274416,0.6871332589651327,0.35691290130042047,0.478724891733371,0.1326437749878984,0.10648173941243884,0.3370996078724789,0.10266403536180882,0.6641845271893815,0.1816133523044411,0.13682655844631195,0.4801889259228025,0.3406497276729022,0.6689723302441037,0.9344956326170197,0.9041390868175697,0.6189120692000907,0.8452449980947017,0.37795819961636107,0.498873708393997,0.29089994343790304,0.3798176066057909,0.45852536250135856,0.5210768058968592,0.09533761168732088,0.48476506059058727,0.6899653777992429,0.6243922191509567,0.15853766150472004,0.6640219787450232,0.07867359857277771,0.4769297677124026,0.5032467764968858,0.014355432861935335,0.8612548330011432,0.2345886082691451,0.24891642671954667,0.0,0.8421605345102743,0.5408298763856646,0.009139788171477894,0.3434895360130024,0.3732316546141982,0.557947713810627,0.2916020453132116,0.5299967081803098,0.7912567346041577
gex_possorted_bam_1WGCZ:ATTACTGAGTAGCGCCx-M2,0.030230524879350438,1.0,1.0,0.850996633905119,0.0,0.0,1.0,0.6482246349806468,1.0,0.8117066563435978,0.0,1.0,1.0,1.0,0.11573635789246582,1.0,0.0,0.0,1.0,0.0,0.0,0.0,0.0,0.0,1.0,1.0,1.0,1.0,1.0,0.6244518902606065,1.0,0.0,0.0,0.7794622595351889,1.0,0.18744852665009318,1.0,0.0,0.0,1.0,0.22126548596290188,1.0,1.0,1.0,0.0,0.4013362641360024,1.0,1.0,1.0,0.6379895629460199,1.0,0.8906499304738842,0.20339373020748153
gex_possorted_bam_1WGCZ:ATGCTTAAGCGTGCGTx-M2,1.0,1.0,0.0,1.0,1.0,1.0,0.8763198352998405,1.0,0.8498888686011883,1.0,0.36699516651304626,0.6635114926541935,1.0,0.4050701296195358,1.0,0.607455516901999,0.0597758853108651,1.0,1.0,0.6390181592205947,1.0,1.0,1.0,1.0,0.8972501920082764,0.852065310743954,0.0,1.0,1.0,1.0,1.0,1.0,1.0,1.0,0.0,1.0,0.0654945106932591,1.0,1.0,0.1160222760267101,0.5093080840207895,0.14738602313746746,0.7825011878798616,0.3165583599444317,1.0,1.0,0.0,0.0,0.9661957750566855,1.0,1.0,1.0,1.0
gex_possorted_bam_1WGCZ:ATGGCCCAGACAACGAx-M2,1.0,0.7863107983751609,0.0,0.9914616099983051,1.0,1.0,0.7589602351528525,1.0,0.432341695358125,1.0,0.0,0.6141397810228059,0.9264518687628306,0.16008482362055343,1.0,0.22659722485039815,0.0,0.0,0.8776954623476232,0.9613856280771745,1.0,1.0,1.0,1.0,0.8199287997281186,0.9727751217133885,0.029920019233661336,0.8560080141151872,0.890611102022662,0.8895048040975145,0.478229791161745,1.0,1.0,1.0,0.0,1.0,0.2432526968775003,1.0,1.0,0.06544349579356303,1.0,0.17688044600581526,0.8231204923933665,0.5212951346263429,1.0,1.0,0.5982413038383361,0.024030698440500414,0.9372862043597612,0.9883190738106974,0.8347366079425631,1.0,0.6689870379246048
gex_possorted_bam_1WGCZ:ATTACTGAGCCTGACAx-M2,1.0,1.0,0.033013258151147286,1.0,1.0,1.0,0.5723469801489041,1.0,0.4316373672202641,0.9822215921237946,0.678010376776072,0.7830731051802703,0.9297308175492572,0.45758668776961775,1.0,0.45298940022153106,0.25719805401303614,1.0,1.0,0.7813745072688063,1.0,1.0,1.0,1.0,0.8149919380178727,0.9111658796029737,0.0,1.0,1.0,1.0,1.0,1.0,1.0,1.0,0.0,1.0,0.23783071642112094,1.0,1.0,0.0,0.7785769011670125,0.1431724424430501,0.7080738710129281,0.5504898552841114,1.0,1.0,0.1595139175550823,0.0,1.0,1.0,1.0,1.0,1.0
gex_possorted_bam_1WGCZ:ATGCGATTCGCTATAAx-M2,0.047626365209506166,1.0,1.0,1.0,0.08236775609342589,0.0,1.0,0.7308648273344871,1.0,0.8306593656813442,0.0,1.0,1.0,1.0,0.1901081648160288,1.0,0.0,0.0,1.0,0.0,0.0,0.0,0.0,0.0,1.0,1.0,1.0,1.0,1.0,0.8921212840629241,1.0,0.5114757665223852,0.0,0.8252547516331934,1.0,0.20372590632039334,1.0,0.07147778335954444,0.13098101109544588,1.0,0.0,1.0,1.0,1.0,0.02160419593624205,0.5589838693579295,1.0,1.0,1.0,0.6123812257065352,1.0,1.0,0.011042057632113534
gex_possorted_bam_1WGCZ:ATGTCATCACTTCATCx-M2,0.16609343631573056,1.0,1.0,0.946194067861968,0.2638593404121627,0.0,1.0,0.8215475529916385,1.0,0.8362659066060015,0.0,1.0,1.0,1.0,0.378530508082785,1.0,0.0,0.0,1.0,0.0,0.0,0.0,0.0,0.0,1.0,1.0,1.0,1.0,1.0,0.7675025506434456,1.0,0.5615558699937041,0.0,0.9641816263790673,1.0,0.25191664198390806,1.0,0.21517377691486558,0.27494968570939454,1.0,0.4098545489051105,1.0,1.0,1.0,0.08075631672562056,0.6083287910766044,1.0,1.0,1.0,0.8152695800421705,1.0,1.0,0.12750120873309326
gex_possorted_bam_1WGCZ:ATGTTTGAGCCGCTAAx-M2,1.0,0.8926600346804406,0.0,0.9559346686719877,1.0,1.0,0.5137386837257824,1.0,0.9369950234290818,1.0,0.0,0.7765405231745989,0.9784548222525074,0.11963376804793915,1.0,0.08439496635092034,0.0,0.24199603921750118,0.8603272548223128,0.6530813995179718,1.0,1.0,1.0,1.0,0.6071106453887498,0.8926405088993882,0.0,0.8614510788618869,0.9908085794349334,1.0,0.41592337372666816,1.0,1.0,1.0,0.0,1.0,0.3412705746878479,1.0,1.0,0.04448935524198258,1.0,0.24596994434722286,0.55724498121085,0.028878419170341663,1.0,1.0,0.032015754209979146,0.024133622801622536,0.9102721286387804,1.0,0.8087296618739755,1.0,0.7565114918883272
gex_possorted_bam_1WGCZ:ATGCCTGAGCGGCTGTx-M2,1.0,1.0,0.0,0.9503607730181363,1.0,0.5701926391865364,0.0,1.0,0.7161819502144963,0.9088600545886862,0.0,1.0,0.678831043793752,0.36240774908609713,1.0,0.4030854139942265,0.0,0.0,0.2803813742597997,0.14170817666752894,0.9195221622130954,0.8036533069587913,1.0,1.0,0.17004957482385366,1.0,0.0,1.0,0.886238204946568,1.0,0.0,1.0,1.0,0.9327839649325345,0.0,0.9429940383407478,0.2683810401529964,1.0,0.9794750976503864,0.0,1.0,0.4787485646077804,0.6642227527560617,0.39257300877805634,0.7978583630039915,0.9553676338081234,0.04204001883560737,0.0,0.9255383323811996,1.0,0.6808333352320451,0.8145778546342572,0.0
gex_possorted_bam_1WGCZ:ATTAGCTCAGAGGCTAx-M2,1.0,0.7808921773285687,0.0,0.9163634725106548,1.0,1.0,0.3887880124269989,0.9239794160622162,0.26340962944267743,0.9509148514461551,0.8771341166735562,0.4323835249729254,0.8074365906205384,0.3778714604418879,1.0,0.3459666089033706,0.511488786752146,1.0,1.0,0.6127558304378034,1.0,1.0,1.0,1.0,0.7101906032518112,0.7737857037409461,0.0,0.8758325740706223,1.0,0.985992550039337,0.9651635600033748,1.0,1.0,0.9799363140932441,0.0,1.0,0.24042304829475736,0.9988388446478854,1.0,0.009941846613614483,0.4070560438659072,0.10222725658532826,0.5153182922848035,0.11104727688644722,1.0,1.0,0.0,0.0,0.8166354063165315,0.9626329599684629,0.8795617910144945,1.0,1.0
gex_possorted_bam_1WGCZ:ATTACTGAGCCTTAAAx-M2,1.0,0.9645925924264842,0.0,1.0,1.0,1.0,0.9759437334015141,1.0,0.4945708441056852,0.9313366455427186,0.0,0.5509565572847379,0.8917013601418498,0.4856201195189529,1.0,0.16818547213887453,0.0,0.45950009031186945,0.8749826921468689,0.41843546522749026,1.0,1.0,1.0,1.0,0.7021282743216671,0.8603479060640611,0.03996625174545718,1.0,1.0,1.0,1.0,0.9335174364163423,1.0,1.0,0.0,1.0,0.11892494321698592,1.0,1.0,0.17170449176073602,0.9948680669603602,0.17544559260128872,0.8899312230482058,0.32285760604199504,1.0,1.0,0.3445285641492462,0.0,0.9219408417885592,1.0,0.9519345647022982,1.0,0.8323567233284405
gex_possorted_bam_1WGCZ:ATTAGTCCATTTGCTCx-M2,0.11855975726000496,1.0,1.0,0.9767579043293493,0.025863439284250524,0.0,1.0,0.9020600976993245,1.0,0.7878374787456712,0.0,1.0,1.0,1.0,0.26666976456377145,1.0,0.0,0.0,1.0,0.0,0.0,0.0,0.0,0.0,1.0,1.0,1.0,1.0,1.0,0.7463976136345246,1.0,0.029369742669506056,0.0,0.7892816951092327,1.0,0.26552137971837597,1.0,0.08778396555261968,0.16258481518009263,1.0,0.3389556515524581,1.0,1.0,1.0,0.07942549752600539,0.5610971385442785,1.0,1.0,1.0,0.7381269939073503,1.0,0.9468370167395453,0.0023200359432915814
gex_possorted_bam_1WGCZ:ATGGACAAGGCAAGTAx-M2,0.5420156376417383,0.16226487908188322,0.0,0.4605075393951684,0.6229472548401775,1.0,0.0,0.44222974324092174,0.0,0.2730665249561666,1.0,0.0,0.18810104072151407,0.4673927957957983,0.4079856346085685,0.23166465335278713,0.9176572497337927,1.0,0.6300190703554136,0.50974044997348,0.887647780215254,1.0,0.5440483772794833,0.966670506884238,0.0,0.3445395949104279,0.20068478057299452,0.2846432917513086,0.25424611508099937,0.41010257129203076,0.0,0.7002482140495812,0.5418373275166327,0.22033232824263893,0.06886070042622991,0.5166757029751541,0.0,0.46101484190520775,0.41001027002329377,0.0,0.4799738815053235,0.0,0.0418870311503059,0.0,0.5791515429728992,0.4648309817625484,0.0,0.2741582947818477,0.3021219490166863,0.558310663544855,0.33234001666488194,0.4466215899189273,0.6239402281523533
gex_possorted_bam_1WGCZ:ATGGCCCAGCTCAAACx-M2,1.0,0.9232072890729116,0.0125787743090507,1.0,1.0,1.0,0.5486442969262575,1.0,0.23606140142339996,1.0,0.48633166794054283,0.7656396555588584,0.923748809491478,0.3457556506327527,1.0,0.33517059694151485,0.19851550206103233,1.0,1.0,0.7366851465729559,1.0,1.0,1.0,1.0,0.7363351429329204,0.9940586756779413,0.0,1.0,1.0,1.0,0.9999049931778511,1.0,1.0,1.0,0.0,1.0,0.09105755314858853,1.0,1.0,0.0,0.9835508554721152,0.23684346961805458,0.7086066940613006,0.0,1.0,1.0,0.04930764822052807,0.0,0.9589965462118842,1.0,0.8699814198763497,1.0,1.0
gex_possorted_bam_1WGCZ:ATGGTCTAGGCGGATGx-M2,1.0,1.0,0.0,0.8555423335465114,1.0,1.0,0.21409200917885,0.9761335394677491,0.0,1.0,0.27342246295378386,0.17317427783840122,0.7085297108784985,0.05218557125327849,0.949357756142549,0.2196346364771336,0.21781057348416497,0.9547735626826029,0.8130102917936414,1.0,1.0,1.0,1.0,1.0,0.775449700633802,0.840771107576526,0.0,0.8482577964586396,0.9329659552761054,1.0,1.0,0.6831766295876974,1.0,1.0,0.0,1.0,0.12115747233810575,0.9288290084298342,1.0,0.16938340758535603,0.9403046822099285,0.20502952757719917,0.6666240034065176,0.3674071858872238,1.0,0.921591390172421,0.0,0.25038939705684404,0.942745855035151,0.9468296710481467,0.1976536881002638,1.0,1.0
gex_possorted_bam_1WGCZ:ATGTTGTCAGTCTAATx-M2,1.0,1.0,0.08746050709811932,0.9034079062949991,1.0,1.0,0.0,0.8616175395344079,0.6177596606679558,1.0,0.44039718706623576,0.7435301828903959,0.8179653036345377,0.2583600770760689,1.0,0.3291424006392988,0.24003346665340006,0.809992732425379,0.6814830264896813,0.844325288883427,1.0,1.0,1.0,1.0,0.5876763097682058,0.8975616236955543,0.0,0.7935805236682537,0.6146503370806671,1.0,0.43836601167912725,1.0,0.9944800018159259,0.9961176002659987,0.0,1.0,0.01304538710236641,0.9708664668506518,0.9727666669724335,0.0,1.0,0.062178475788382884,0.8340973063254625,0.43432773918083795,1.0,0.9498543086275563,0.4845289400995443,0.0,0.8631347659391512,1.0,0.6553116924564597,1.0,1.0
gex_possorted_bam_1WGCZ:ATGTGAGAGTGTTGCGx-M2,0.9807919478774686,0.7644802009650205,1.0,1.0,1.0,1.0,0.0,1.0,0.636482375504266,1.0,0.0,1.0,1.0,0.417074528284182,1.0,0.4172319153198398,0.0,0.0,0.10900088477628567,0.6933741533532529,0.3449028108788554,0.7945300198277353,1.0,0.659224343864387,0.6012674958388449,1.0,0.10215305846140517,1.0,0.9986946818286999,1.0,0.0,1.0,1.0,1.0,0.0,1.0,0.0,1.0,1.0,0.0,1.0,0.0,1.0,0.4425570482273936,1.0,1.0,1.0,0.0,1.0,1.0,0.9953805532983223,1.0,1.0
gex_possorted_bam_1WGCZ:ATGGCCCAGTTTGCGGx-M2,1.0,0.6246966006350764,0.0,0.9150265083462783,0.7554619249453435,0.6646250268473618,0.19236690219702895,1.0,0.13553573573562014,0.6515994794591659,0.0,0.6249382174045801,0.7243229414178661,0.17081184100839347,0.9746037366803267,0.2635416175471328,0.0,0.0,0.46982967831369304,0.8552595150265604,1.0,0.9942675084860232,1.0,1.0,0.5521131134522002,0.8514141533537896,0.0,0.6837966526570495,0.6573392992948883,0.9587040382884121,0.0,1.0,1.0,0.9474119054260711,0.0,0.958927880881422,0.2211895826226201,0.876827131518635,0.9305919950799592,0.0,1.0,0.16867926600328598,0.749498117169306,0.28443157722610807,1.0,0.9214512981764926,0.5835210345162286,0.0,0.8153978830343651,1.0,0.8224009900345032,0.8378856517885716,0.6996856730019492
gex_possorted_bam_1WGCZ:ATGCTTAAGGCTAATCx-M2,1.0,0.8646191949665023,0.3316578654537243,1.0,1.0,1.0,0.6590113465898544,1.0,0.35697209339960567,1.0,0.4104556250123319,0.2561302223564804,1.0,0.539816195203363,1.0,0.38169233219273474,0.19801504585303392,1.0,1.0,0.7429354755940124,1.0,1.0,1.0,1.0,0.9634622479290119,1.0,0.0,1.0,1.0,1.0,0.831723477525819,1.0,1.0,1.0,0.0,1.0,0.3901744691833706,1.0,1.0,0.012921176274154827,1.0,0.04759231277724167,0.7522725038429569,0.5749110358562551,1.0,1.0,0.349625638604474,0.0,1.0,1.0,0.9308930776407384,1.0,1.0
gex_possorted_bam_1WGCZ:ATGTCATCAAGGTAACx-M2,1.0,0.783633694456326,1.0,1.0,1.0,0.8541607184625243,0.0,1.0,1.0,1.0,0.0,1.0,1.0,0.45590973465420714,1.0,0.12923434285601082,0.0,0.0,0.0,0.56043760365692,0.27992248073250864,0.828872264985938,1.0,0.6275881622925655,0.7823201824233192,1.0,0.0,1.0,0.7987916526038559,1.0,0.0,1.0,1.0,1.0,0.0,1.0,0.0,1.0,1.0,0.0,1.0,0.0,1.0,1.0,1.0,1.0,1.0,0.0,1.0,1.0,0.9015972797699434,1.0,0.7916060867412047
gex_possorted_bam_1WGCZ:ATGCCTGAGCTGCACAx-M2,1.0,1.0,0.4445517289660934,1.0,1.0,1.0,0.4088666243357392,1.0,0.4038267049429391,0.9835773486926341,0.8540874769248369,0.31491050620591154,0.9133213697124449,0.22836380371616788,1.0,0.5022230368992826,0.3482498823169223,1.0,1.0,0.7680497795692273,1.0,1.0,1.0,1.0,0.7534208353681691,1.0,0.0,1.0,1.0,1.0,1.0,1.0,1.0,1.0,0.0,1.0,0.19326284364659124,1.0,1.0,0.0,0.9977421819732564,0.0,0.7082080475316928,0.42964421618253684,1.0,1.0,0.0,0.0,1.0,1.0,1.0,1.0,1.0
gex_possorted_bam_1WGCZ:ATGTTTGAGCTTAGTAx-M2,1.0,0.6751680069284176,0.04084136891900256,0.95349646795271,0.767040298537014,0.2607094582110763,0.7577807201345184,1.0,1.0,0.7229144784799115,0.0,0.9795461172397273,0.9368426768629589,0.4384919802975837,1.0,0.10046654352986002,0.0,0.0,0.39352624258743885,0.7142953134655924,1.0,0.6387345803865504,1.0,1.0,0.5316380542054612,1.0,0.10678401362352291,0.6706808581760313,0.6930155509260774,0.6724237834673804,0.0,1.0,1.0,0.9220956924838797,0.07578455424200715,0.8803739892649697,0.2527837999731696,1.0,0.9426154128427982,0.002252631524101356,1.0,0.13519678526070167,0.6009126522348772,0.3958696577990321,0.9301048712524024,0.9411294673014842,0.9013364617598436,0.04502136046111078,0.7962040716822185,1.0,0.8598615614222624,0.6521470672565983,0.0
gex_possorted_bam_1WGCZ:ATGTCCACATAGCTGCx-M2,1.0,0.7050283914290635,0.7249571365380426,1.0,1.0,0.5943000791159568,0.12860781810067992,1.0,0.8446128023705637,1.0,0.0,0.7243787055404252,0.7532179731428873,0.30947292536778614,1.0,0.07197815578853896,0.0,0.0,0.33775635622172134,0.40546366675858514,0.9357845538340869,0.821068217594015,1.0,0.9583709471202053,0.48844318221705957,1.0,0.0,0.6690661961109479,0.7705084866659828,0.9015089899770892,0.0,1.0,1.0,0.9854910311733027,0.0,0.8968814827532042,0.21826025628676707,0.9522776471215744,0.9453487891769862,0.0,1.0,0.15883596070781678,0.6803946321978853,0.10140365159722478,0.9111488629324918,1.0,0.3910599956261659,0.0,0.8803278142315841,1.0,0.8780767675543837,0.7898815733095125,0.09739742183884184
gex_possorted_bam_1WGCZ:ATTAGGTGTCACAGACx-M2,0.7222027070748607,1.0,1.0,1.0,1.0,0.6241093408020519,1.0,1.0,1.0,1.0,0.0,0.5430137994997688,1.0,0.9665691322944698,0.7832804122415934,0.5473831335415269,0.0,0.0,0.41916764473680096,1.0,0.7052064544056954,0.4884135106634385,0.8516576405700368,0.5125968969805339,1.0,1.0,0.4698545867758842,0.955491710073525,1.0,0.414694452082494,0.84634804980898,0.7930589602108405,0.8526678649240272,1.0,0.35215081273430354,0.8977480432772184,0.6611682108284337,0.8304558950650067,1.0,0.5847505396578002,1.0,0.6015625695730793,0.8472490981327905,1.0,0.6978825818112773,1.0,1.0,0.2562568076866992,1.0,1.0,0.60742363332697,0.7111884611245842,0.9109551318824513
gex_possorted_bam_1WGCZ:ATGGACAAGGCTGGCTx-M2,1.0,0.8856480800310702,0.0,1.0,1.0,1.0,0.8837434664063865,0.9910913219350237,0.23375364865305215,0.9724823017172394,0.1662381022663458,0.4772420328417956,0.9570824882092125,0.3713274170779956,1.0,0.0,0.0,0.576718686633265,0.6781479154663155,0.6431417720736309,1.0,1.0,0.9702634672535783,1.0,0.736290896418175,0.7922223099406533,0.16534350840762455,1.0,0.48432614816449565,1.0,0.44649466002313565,0.935046119416989,1.0,0.9351066848045488,0.0,1.0,0.0,1.0,1.0,0.0,1.0,0.20979999097358437,0.9893213959912966,0.0,1.0,0.9969509334941364,0.08817957762766486,0.0,0.6863875294589327,1.0,0.6299720482816055,1.0,0.7139254648581258
gex_possorted_bam_1WGCZ:ATTAGGTGTATTTGGGx-M2,1.0,0.8540983394060974,0.0,1.0,1.0,1.0,0.35172583079702163,1.0,0.47952955970525835,1.0,0.12793605626757543,0.6326270442098733,0.711199190500937,0.23484382503536733,1.0,0.0,0.0,0.26336378755116535,1.0,0.6745658880008805,1.0,1.0,1.0,1.0,0.06110370892107437,1.0,0.0,0.8216591878549492,0.9382713826931072,1.0,0.5812200389122086,1.0,1.0,1.0,0.0,1.0,0.13228712879026155,1.0,1.0,0.0,1.0,0.7646400101383469,0.7033277029663926,0.47000484076395027,1.0,1.0,0.5483364190211247,0.3250327299796572,1.0,0.9623357316747932,0.9439635863708591,1.0,0.6055850129472606
gex_possorted_bam_1WGCZ:ATTACCGCAATAAGCAx-M2,0.07910476278017657,1.0,1.0,0.9866857896831952,0.35498668632878894,0.0,1.0,0.8330214284195091,1.0,1.0,0.0,1.0,1.0,1.0,0.23817034245592905,1.0,0.0,0.0,1.0,0.0,0.0,0.0,0.0,0.0,1.0,1.0,1.0,1.0,1.0,0.9044683630325244,1.0,0.1356877667364263,0.0,0.8911295076731308,1.0,0.2769380186200207,1.0,0.07145649423629256,0.14966270195021283,1.0,0.4192502171746496,1.0,1.0,1.0,0.0,0.6178328446795769,1.0,1.0,1.0,1.0,1.0,1.0,0.1335819417089629
gex_possorted_bam_1WGCZ:ATTAGTCCATGCATATx-M2,1.0,0.7102064191330726,0.0,0.9895353805165212,0.9823005358427153,1.0,0.5360558400004365,1.0,0.5082185112653622,1.0,0.018595310546658892,0.761687836795107,0.7773051427555083,0.1400497260459126,1.0,0.0,0.0,0.20592168038990982,0.8932022349108453,1.0,1.0,1.0,1.0,1.0,0.802006413459175,0.8782410037679887,0.0,0.6506161168694048,0.7452456441027951,0.8671570774146652,0.689418250179506,1.0,1.0,1.0,0.0,1.0,0.1634289685629597,1.0,1.0,0.0,1.0,0.0,0.6370921823487086,0.09463811944098643,1.0,1.0,0.5915610285553722,0.03585177136507924,0.8741361348420806,0.9647123751100406,0.7914987404988275,0.9807235588546867,0.6262475892020026
gex_possorted_bam_1WGCZ:ATGGTCTAGGAGGTTAx-M2,1.0,1.0,0.0,1.0,1.0,1.0,0.5291025605896911,1.0,0.7735253085428342,0.9564553872020661,0.0,1.0,0.8316322866137389,0.17914977499032353,1.0,0.075923525218359,0.0,0.3042435808165259,0.8917856447276836,0.952331333893481,1.0,1.0,1.0,1.0,0.6658425886636961,0.8457981520006914,0.0,1.0,1.0,1.0,0.8494879212479719,0.9013313586150922,1.0,1.0,0.0,1.0,0.20522330588416918,1.0,1.0,0.11279462577040898,1.0,0.5358091856462678,0.7962001862495385,0.2388206984395652,1.0,1.0,0.0889861450851038,0.0,1.0,1.0,0.8751384849658733,1.0,1.0
gex_possorted_bam_1WGCZ:ATGGTTATCCCGCATTx-M2,0.6771463748115869,0.5018183082878214,0.008790486601160887,0.5932215798712295,0.7189574611135464,1.0,0.3787686682967956,0.7219994246761039,0.0,0.6565035747055438,0.5665637711491459,0.006774652376003858,0.44888973564057655,0.12101430970781016,0.6487482464677453,0.3633037009316337,0.45096362328451495,0.8874896215563512,0.4589292221571895,1.0,1.0,1.0,0.6781242579202578,1.0,0.3182061760526904,0.43610149666682946,0.1020479416733508,0.5412002987283813,0.5108937907348012,0.615178683454238,1.0,0.7507231232447358,0.6629831880847964,0.6685343903859247,0.17932227934428,0.7403883439858172,0.299753961842643,0.6175481745637941,0.6315773742890757,0.3491629871946592,0.4486225934745403,0.08670671923827704,0.298439420058805,0.24068008302704522,0.8022000970741551,0.6194373555440018,0.3485861493747464,0.29604389987614255,0.5822326279723029,0.6064961477388073,0.4642039361829707,0.6092107034248753,1.0
gex_possorted_bam_1WGCZ:ATTAGCTCACGTAAGGx-M2,1.0,0.7593575223043705,0.683438613636485,1.0,1.0,0.8307797197180367,0.0,1.0,0.0,1.0,0.0,0.4512890539942204,0.8625325239996802,0.5984160855946159,1.0,0.17021725895596213,0.0,0.0,0.5958859169532964,0.5565074905166314,1.0,0.9807216923932096,1.0,1.0,0.10316516141861673,1.0,0.0,0.8712113350766506,0.9094707046255454,1.0,0.0,1.0,1.0,1.0,0.0,1.0,0.050008707558081,1.0,1.0,0.0,1.0,0.0,0.9120762939171628,0.49024893146211207,0.9680175016578317,1.0,0.7866305300162831,0.0,1.0,1.0,0.992890143319384,0.9718669850139525,0.0
gex_possorted_bam_1WGCZ:ATTACGTCACCTACTTx-M2,1.0,1.0,0.21088351070972713,1.0,1.0,1.0,0.6904913802481546,1.0,0.500898164588613,0.9975330049355086,0.16501700814347714,0.7660020582952415,1.0,0.5204914416688029,1.0,0.222906636235785,0.0,0.816038071191176,1.0,0.5901522742690988,1.0,1.0,1.0,1.0,0.8007349871453576,0.9834027452384048,0.0,1.0,0.9210158199124071,1.0,0.7461960391667734,1.0,1.0,1.0,0.0,1.0,0.22607829104593224,1.0,1.0,0.0,1.0,0.397494728530184,0.8134796550024116,1.0,1.0,1.0,0.1565630140315109,0.0,0.9789413160651385,1.0,0.8466765715388223,1.0,0.8654756595250439
gex_possorted_bam_1WGCZ:ATTATGGTCCTTGTTGx-M2,0.8891169966616993,0.6792948376789755,0.17731353431693722,0.8019021110650192,1.0,0.5319617080240607,0.06381603297825422,0.7182471638555258,0.8308536117688552,0.8700993690661386,0.0,1.0,1.0,0.45974177237073965,0.9035129726416962,0.0,0.0,0.0,0.13844039103992156,0.6599716682112923,0.8469558190082936,0.8245599174687628,0.8751257702681157,1.0,0.7321322459528345,0.9058834041259629,0.13690039977382015,0.3013721050473879,0.3248870815484512,1.0,0.0,1.0,0.8960752213358232,0.824802924433721,0.2041694849758233,0.879928917781602,0.3904623745225196,0.869798682710218,0.8207057940776812,0.0,1.0,0.4198451038835242,0.5126008738545987,0.09051830577182442,0.7710995196300451,0.8447315881070703,0.37779594988828796,0.2373659207859434,0.7345849371451081,1.0,1.0,0.749895959264506,0.9045324846580594
gex_possorted_bam_1WGCZ:ATTAGGTGTAATCGTGx-M2,1.0,0.7803426793193476,0.0,1.0,1.0,1.0,0.6570471271749834,1.0,0.38379491923556225,0.9163143882246865,0.25558395638978365,0.5302936753004376,0.9720241657860994,0.2578538254105064,1.0,0.38633397388264396,0.0,0.7446459580624106,1.0,0.4927658954177873,1.0,1.0,1.0,1.0,0.8192240144859535,0.835163604199156,0.0,0.7521171894171266,1.0,1.0,0.7742531140380482,0.9667067825240444,1.0,1.0,0.0,1.0,0.17099737487154149,1.0,1.0,0.03554843875348675,1.0,0.29430084206772655,0.655927002335246,0.16021959349799478,1.0,1.0,0.12032513265107235,0.17011043023830982,0.9046159775403524,0.7370718936667016,0.9377750814580874,1.0,0.890867422106179
gex_possorted_bam_1WGCZ:CAAACGCGTCCTTAGTx-M2,1.0,1.0,0.6255105697041412,1.0,1.0,1.0,0.0,0.9072973801460961,0.3286035729019472,1.0,0.5499866367001383,0.3057345084274269,0.9491932248918682,0.6365507634590365,1.0,0.40935761934455284,0.3144494656588273,1.0,0.7407321931919376,0.5285334354624708,1.0,1.0,1.0,1.0,0.692290268132774,1.0,0.0,0.9859475168052766,0.7333713554559288,1.0,0.37115056825932446,1.0,1.0,1.0,0.0,1.0,0.0,1.0,1.0,0.04161436606636533,1.0,0.0,0.8909160630333096,0.6305447532970179,1.0,1.0,0.614437085578941,0.0,0.9873130836184626,1.0,0.36751021294745434,1.0,1.0
gex_possorted_bam_1WGCZ:CAAGAACCAAGTGTTTx-M2,0.8697010888405549,0.6256771756881643,0.0,0.8763577710518419,0.3400331923090146,0.6471353305418663,0.6320732474879858,0.7769924323771106,1.0,1.0,0.0,1.0,1.0,0.1299353041232867,0.9114206521468545,0.0,0.0,0.0,0.7493041922255396,0.4882203565258989,1.0,0.9039376023017758,0.8584989041465879,0.6812165533351634,0.8874115677553872,0.7976306223406563,0.0,0.7067416133696608,0.6159359815317105,0.9509934225647724,0.2070962392372632,0.9697240325908881,0.8944793901814788,0.7574113904246149,0.3903570693517555,1.0,0.2378450011980907,0.895066432631491,0.9588325946489153,0.3073873384168495,1.0,0.9264279352466847,1.0,0.36375205693984153,1.0,0.898817517103775,0.9043831194846598,0.5170857806822048,0.8506683238633264,0.9809583062657237,1.0,0.9438123371369275,0.0726539901269347
gex_possorted_bam_1WGCZ:ATTTAGCCAAATACCTx-M2,1.0,1.0,0.3966582217954731,1.0,1.0,1.0,0.3123440378094275,1.0,0.6294938034355715,1.0,0.3215114976746291,1.0,1.0,0.3527509432978441,1.0,0.19955908273057238,0.10018485419951775,1.0,1.0,0.805192566674007,1.0,1.0,1.0,1.0,0.8184229486079467,1.0,0.0,1.0,1.0,1.0,1.0,1.0,1.0,1.0,0.0,1.0,0.25113063299423516,1.0,1.0,0.02612157090917851,1.0,0.11156072806323543,0.8783456680014536,0.4809957934661897,1.0,1.0,0.3159795730153286,0.0,1.0,1.0,0.9356277798723175,1.0,1.0
gex_possorted_bam_1WGCZ:ATTGCTCGTTAGAGCCx-M2,1.0,1.0,0.073058506667191,1.0,1.0,1.0,0.6214675174896694,1.0,0.35752458512669033,1.0,0.20795250523924003,1.0,1.0,0.4147933096436265,1.0,0.3242971020817582,0.0,0.6631242917387742,1.0,0.9324433452316119,1.0,1.0,1.0,1.0,0.5436419283212383,1.0,0.0,1.0,1.0,1.0,1.0,1.0,1.0,1.0,0.0,1.0,0.16709652585890028,1.0,1.0,0.0,1.0,0.25417277518780146,0.8566018671524034,0.5764558571816801,1.0,1.0,0.2564599473604074,0.0,1.0,1.0,1.0,1.0,0.7526482861199643
gex_possorted_bam_1WGCZ:ATTTAGCCACATAGCCx-M2,1.0,0.8839888452291845,1.0,1.0,1.0,0.31881087746953424,0.0,0.9895674416591841,0.7222740126311188,1.0,0.0,1.0,1.0,0.3437005341552847,1.0,0.0,0.0,0.0,0.0,0.36518471737257463,0.4011368761959063,0.645413355765737,1.0,0.8739429521680024,0.34890555208803736,1.0,0.0,0.6759939638603922,0.6042243990461793,1.0,0.0,1.0,1.0,1.0,0.0,0.939574288562777,0.0,1.0,1.0,0.0,1.0,0.0,1.0,0.623849253801931,0.8368425021197314,1.0,1.0,0.0,1.0,1.0,1.0,0.9808155637459575,0.0
gex_possorted_bam_1WGCZ:CAACTAATCTTACTCGx-M2,1.0,1.0,0.0,1.0,1.0,1.0,0.6220619750975409,1.0,0.8710016974186016,1.0,0.4861660246979329,0.8633441089102015,0.9817440762145379,0.47075400619912205,1.0,0.3121987969006788,0.08913370545788311,1.0,1.0,0.4695575466543535,1.0,1.0,1.0,1.0,0.6790688148119979,0.8899611089550669,0.0,1.0,1.0,1.0,1.0,1.0,1.0,1.0,0.0,1.0,0.19120867693404492,1.0,1.0,0.0,0.86027454100067,0.2445523330289892,0.7478525100380485,0.28903464595943157,1.0,1.0,0.23663225403166668,0.05626960155237359,0.9445827830969441,1.0,0.9544875874954325,1.0,1.0
gex_possorted_bam_1WGCZ:ATTTGCAAGGAACGCGx-M2,0.0,1.0,1.0,0.7762657829333898,0.1355881137450992,0.0,1.0,0.4394042678230214,1.0,0.9670455311513898,0.29287648953278017,1.0,1.0,1.0,0.09124700711133343,1.0,1.0,0.34178683955497,1.0,0.0,0.0,0.0,0.0,0.0,1.0,1.0,1.0,1.0,0.6504007392234548,1.0,1.0,0.0,0.0,0.657328051794177,1.0,0.09651161862573493,1.0,0.23261458067258564,0.2183321460112257,1.0,0.4271621114211063,1.0,1.0,1.0,0.0,0.524634732807427,1.0,1.0,1.0,0.2808729387341406,1.0,0.7539171120062732,0.6936216143089612
gex_possorted_bam_1WGCZ:ATTTGTGAGTGAACCTx-M2,0.868534857972125,1.0,0.2561075138280865,0.9132346519800755,0.4383067359039369,1.0,1.0,1.0,0.706502981552953,1.0,0.0,1.0,0.9570917321273856,0.9326921856868469,1.0,0.9947146882632163,0.0,0.26114759783367214,0.7645269608537203,0.6046129012464898,1.0,0.9418889215691628,0.8162492214510312,1.0,1.0,0.7788004851140262,0.0,1.0,1.0,0.8258781899675062,1.0,0.7189945983119692,0.8041783610095641,1.0,0.07925131602551604,1.0,0.8391482766920837,0.9118219705583712,1.0,0.7987157850886806,0.3118201727514198,0.6468530363162637,0.6381314075487503,1.0,1.0,1.0,0.1500498024962882,0.27081850428829696,1.0,0.8963616967071085,1.0,1.0,0.9150292810466841
gex_possorted_bam_1WGCZ:ATTGCACAGCACAGCCx-M2,1.0,1.0,0.3577686172614169,1.0,1.0,1.0,0.644843874024583,1.0,0.4041762821693155,1.0,0.0,0.9103025744504666,0.9369799377033546,0.5370235430024672,1.0,0.22317395894492442,0.0,0.09504169188650041,1.0,0.7020563294434352,1.0,1.0,1.0,1.0,0.6666734452263162,1.0,0.0,1.0,1.0,1.0,1.0,1.0,1.0,1.0,0.0,1.0,0.0,1.0,1.0,0.0,1.0,0.1680409419575522,0.8211823595676973,0.9218950357189948,1.0,1.0,0.44588773365890305,0.05197820707409202,1.0,1.0,1.0,1.0,0.7365234924946981
gex_possorted_bam_1WGCZ:CAAAGTGAGGAAGCACx-M2,0.04515715566392379,1.0,1.0,1.0,0.0,1.0,1.0,0.650848796599498,1.0,0.5672602047797358,1.0,1.0,1.0,1.0,0.10160714950396106,1.0,1.0,1.0,1.0,0.0,0.0,0.0,0.0,0.0,1.0,1.0,1.0,1.0,1.0,1.0,1.0,0.10624345698415409,0.0,0.7677159439647138,1.0,0.21191563908921937,1.0,0.16528245046004944,0.0,1.0,0.10302656683046196,1.0,1.0,1.0,0.20131988978775386,0.5653439010190829,1.0,1.0,1.0,0.4430171261966908,1.0,0.9535756981499114,0.0
gex_possorted_bam_1WGCZ:ATTGTCCGTGGCTTCCx-M2,1.0,1.0,0.0,1.0,1.0,1.0,0.7498703064086018,1.0,0.846025909300866,0.933839645814678,0.40066161707867587,0.6750973154694523,1.0,0.5656352070035251,1.0,0.7589069649639425,0.1283715138705754,1.0,1.0,0.6750344591720651,1.0,1.0,1.0,1.0,0.9933659833147626,0.9208958060855104,0.0,0.9410871548909815,1.0,1.0,0.9591938533363473,1.0,1.0,1.0,0.0,1.0,0.5011633190894277,1.0,1.0,0.0,1.0,0.13379659945521077,0.8035107834326773,0.5236207097088444,1.0,1.0,0.2986996890336633,0.0,0.986645208414173,1.0,0.8023455375231545,1.0,1.0
gex_possorted_bam_1WGCZ:ATTCACTTCCCTGATCx-M2,1.0,1.0,1.0,1.0,1.0,0.7387018892274172,0.0670775441162336,1.0,0.3138499582473974,1.0,0.0,0.9743612159368448,0.8499969219509049,0.4985745911783246,1.0,0.2306598756696351,0.0,0.0,0.8245130927344495,0.47330524264651147,1.0,0.9589001071738649,1.0,1.0,0.09434037500809095,1.0,0.0,1.0,1.0,1.0,0.29444864385142067,1.0,1.0,1.0,0.0,1.0,0.22638497968297525,1.0,1.0,0.0,1.0,0.2991910003940093,0.7716574345042387,0.747282251700556,1.0,1.0,0.5851523588624775,0.0,1.0,1.0,1.0,1.0,0.0
gex_possorted_bam_1WGCZ:ATTCATGAGGATCACTx-M2,1.0,0.9672621935215695,1.0,1.0,1.0,0.4320927014258984,0.0,1.0,0.9718731966413598,1.0,0.0,1.0,0.9505450765642822,0.5552574457865681,1.0,0.0,0.0,0.0,0.0,0.22182528275473534,0.1806977909611946,0.5879445416289475,1.0,0.6286661043048407,0.5390702462894171,1.0,0.0,0.831173620025589,0.33611782940822493,1.0,0.0,1.0,1.0,1.0,0.0,0.9947029991203586,0.0,1.0,1.0,0.0,1.0,0.035472776951446794,1.0,0.9246586978340069,0.9498144522176611,1.0,1.0,0.0,1.0,1.0,1.0,1.0,0.0
gex_possorted_bam_1WGCZ:CAAACGCGTAGGTGTCx-M2,1.0,1.0,0.23156284088634196,1.0,1.0,1.0,0.5603590404623419,1.0,0.4011701943808127,1.0,0.4008161133260612,0.567307651154842,1.0,0.3907153968031018,1.0,0.32181503191019534,0.14322408808737902,1.0,1.0,0.8494891195612232,1.0,1.0,1.0,1.0,0.782503719960659,1.0,0.0,1.0,1.0,1.0,0.8432247772065226,1.0,1.0,1.0,0.0,1.0,0.20596903437913042,1.0,1.0,0.0,1.0,0.3383455222196428,0.8944518100856159,0.33305870319486947,1.0,1.0,0.27647214324145514,0.0,1.0,1.0,1.0,1.0,1.0
gex_possorted_bam_1WGCZ:CAAACCGTCACAGCGCx-M2,0.7678967697732069,1.0,1.0,1.0,1.0,0.1473466917315465,1.0,1.0,1.0,1.0,0.0,0.2405531885533401,1.0,0.8856312165554622,0.8698173196946833,0.0,0.0,0.0,0.2573928405168198,0.18528482074177482,0.0,0.21339907626779916,1.0,0.0,1.0,1.0,0.600009909920514,0.2220948587424024,1.0,0.23378575586747039,0.0,1.0,0.9954161788272777,1.0,0.2457133654086024,0.819544362803193,0.0,1.0,1.0,0.07095914791902115,1.0,0.0,0.6046677674536114,1.0,0.259682620324521,1.0,1.0,0.0,1.0,1.0,0.9036743141268433,0.8511840939256524,0.0
gex_possorted_bam_1WGCZ:CAACTAGGTTAGGACCx-M2,1.0,1.0,1.0,1.0,1.0,0.8417723668174197,0.0,1.0,1.0,1.0,0.0,1.0,1.0,0.6091949042445844,1.0,0.28101738349292527,0.0,0.0,0.0,0.5256805781287688,0.2251156794793023,0.7466853961154477,1.0,0.706758784846188,0.9071502243528702,1.0,0.0,1.0,0.6550063693941018,1.0,0.0,1.0,1.0,1.0,0.0,1.0,0.0,1.0,1.0,0.0,1.0,0.0,1.0,1.0,1.0,1.0,1.0,0.0,1.0,1.0,1.0,1.0,0.594964439729311
gex_possorted_bam_1WGCZ:CAACAGGCACCTCGCTx-M2,1.0,1.0,0.0,1.0,1.0,1.0,0.49107175465118086,0.9696809990135873,0.13968295850466775,1.0,1.0,0.43190295415257285,0.9211190428540019,0.7545736696570395,1.0,0.7615021219115671,0.7330090360687118,1.0,1.0,0.5253219846646103,1.0,1.0,1.0,1.0,0.7794175135392707,0.8864834107445484,0.0,0.9387083254422086,0.9245169231404616,1.0,1.0,1.0,1.0,1.0,0.0,1.0,0.16640477961502953,1.0,1.0,0.006842607454317288,0.5437109024234716,0.28109418352984755,0.6374890864108792,0.13869927861916603,1.0,1.0,0.15400753161042643,0.12202401118482199,0.9376841454185406,1.0,0.8931524797675131,1.0,1.0
gex_possorted_bam_1WGCZ:ATTGTCCGTTATAGCGx-M2,0.08774806390003961,1.0,1.0,0.9577054936584697,0.25053122588547416,0.0,1.0,0.7401021892167975,1.0,0.8338297468782429,0.0,1.0,1.0,1.0,0.20828227216527598,1.0,0.0,0.0,1.0,0.0,0.0,0.0,0.0,0.0,1.0,1.0,1.0,1.0,1.0,0.8205428031377429,1.0,0.15745347044671484,0.0,0.994377580523159,1.0,0.2884247123162838,1.0,0.051995685324520105,0.1515167145973946,1.0,0.17146966051934037,1.0,1.0,0.8478853381622286,0.0854046924775509,0.5998529837329472,1.0,1.0,1.0,0.8484408321739931,1.0,1.0,0.2704962937214863
gex_possorted_bam_1WGCZ:CAAACATGTAACCAGCx-M2,1.0,0.8548862197302324,0.0,0.9890050632133671,0.9509738362940463,1.0,0.6874200560794026,1.0,0.6797714985736378,0.9563777866017013,0.1648837446304732,0.9314238204613273,1.0,0.5456406979903677,1.0,0.4056791112164031,0.08547420632854942,0.7496877903832969,1.0,0.6928534763216462,1.0,1.0,1.0,1.0,0.9131946292746705,0.9724675225317682,0.0,1.0,0.8696604809009091,1.0,0.5331141515486126,1.0,1.0,1.0,0.0,1.0,0.20139687977032666,1.0,1.0,0.011850714164414999,1.0,0.21598531429145454,0.8765060922665617,0.4501792827085672,1.0,1.0,0.3806191710340814,0.0,0.9260500599278966,1.0,1.0,1.0,1.0
gex_possorted_bam_1WGCZ:CAAAGTGAGCTTTGGGx-M2,1.0,0.7101974911919626,0.7422755333867822,0.975830224992798,1.0,1.0,0.0,0.9548950845647595,0.8391530542512625,1.0,0.0,0.8711040192129621,1.0,1.0,1.0,1.0,0.0,0.0,0.5182417971344593,0.31753063921109553,0.5869060532258388,0.8811988391761655,1.0,1.0,0.9470055935595136,1.0,0.0,1.0,0.712161408810373,1.0,0.0,1.0,1.0,1.0,0.0,1.0,1.0,0.8097770378368461,1.0,0.3977658111777938,1.0,0.3704195629664897,1.0,0.9174222305764946,0.9287726162796687,1.0,1.0,0.4915416346494557,1.0,1.0,0.8921526553574031,1.0,1.0
gex_possorted_bam_1WGCZ:ATTGAAGCAAAGCTAAx-M2,1.0,1.0,0.31525172623663056,1.0,0.9939770810462767,1.0,0.7191878367722687,1.0,0.05534257218527925,1.0,0.35045899522865975,1.0,1.0,0.7278205726876775,1.0,0.6309079944656836,0.043507225387644975,1.0,1.0,0.9249147988267505,1.0,1.0,1.0,1.0,0.8612474011087119,1.0,0.0,0.9799940540355173,1.0,1.0,1.0,1.0,1.0,1.0,0.0,1.0,0.46984177524402054,1.0,1.0,0.07431676173809319,1.0,0.31412488492627033,0.6317033505443002,0.6197191476690149,1.0,1.0,0.1194390139164572,0.0,1.0,1.0,1.0,1.0,1.0
gex_possorted_bam_1WGCZ:CAAAGTGAGGGCTTATx-M2,1.0,1.0,1.0,1.0,1.0,1.0,0.41967436535324654,1.0,1.0,1.0,0.0,1.0,0.9133230164912169,0.5043789853838884,1.0,0.42085413173676,0.0,0.0,0.2833059890833997,0.5817968176106377,0.7615162285992403,1.0,1.0,0.9175518861042379,1.0,1.0,0.0,1.0,0.7079095239364318,1.0,0.13256091929433378,1.0,1.0,1.0,0.0,1.0,0.10880011428074156,1.0,1.0,0.11199798905117167,1.0,0.15718393038658082,1.0,0.9099475773698256,1.0,1.0,0.89445565538855,0.0,1.0,1.0,0.7971386517248918,1.0,0.8829938988890387
gex_possorted_bam_1WGCZ:ATTGAAGCAAGGTACGx-M2,0.14334315812602982,1.0,1.0,0.945170232799543,0.0,0.34213077457022617,1.0,0.9936812377167208,1.0,0.637889502408821,0.5677274833442231,1.0,1.0,1.0,0.22989397368130937,1.0,0.8953832146193399,1.0,1.0,0.0,0.0,0.0,0.0,0.0,1.0,1.0,1.0,1.0,1.0,0.6030904842202838,1.0,0.23663523828676628,0.0,0.7696897065955155,1.0,0.34601363223885623,1.0,0.16994028886585974,0.1380111532977776,1.0,0.06518064560954395,1.0,1.0,0.9586534271265971,0.33665660375118917,0.5150283265849674,1.0,1.0,1.0,0.5306528702380061,1.0,0.9302117704910863,0.0
gex_possorted_bam_1WGCZ:ATTGCGCCAGTAGGATx-M2,0.014328985592354902,1.0,0.9795297137471621,0.628690812724264,0.0,0.0,1.0,0.5677493981012153,1.0,0.35658073239929994,0.21805333849243527,1.0,1.0,1.0,0.0,1.0,0.31112486186163374,0.0,1.0,0.0,0.0,0.0,0.0,0.0,1.0,0.9598898889745177,1.0,1.0,1.0,0.5840050633011691,1.0,0.03306953010060297,0.0,0.5295455329991373,1.0,0.08372616343464215,1.0,0.0,0.0,1.0,0.08053379663143063,1.0,1.0,1.0,0.013096747004191589,0.39296623244001466,1.0,1.0,0.7632433049516035,0.3578765493597782,1.0,0.6332725646458204,0.0
gex_possorted_bam_1WGCZ:ATTCAACCACAACAAAx-M2,0.0708979772314446,1.0,1.0,0.9274885997676882,0.0,0.0,1.0,0.7475222880184388,1.0,0.5657051433893334,0.41787579395581187,1.0,1.0,1.0,0.11176700336540685,1.0,0.5602544527663103,0.6771021372058416,1.0,0.0,0.0,0.0,0.0,0.0,1.0,1.0,1.0,1.0,1.0,0.9607880204718251,1.0,0.0,0.0,0.6986218888726656,1.0,0.21210726423835216,1.0,0.08799805429832133,0.09698984327871372,1.0,0.09310198675909635,1.0,1.0,1.0,0.0,0.5577370234152931,1.0,1.0,1.0,0.5397636975285917,1.0,0.9693043604933543,0.0
gex_possorted_bam_1WGCZ:ATTGCAGGTTGTGATGx-M2,0.09117589936559056,1.0,1.0,1.0,0.0,0.0,1.0,0.8581937047952224,1.0,0.7697037788586955,0.0,1.0,1.0,1.0,0.13735208035249644,1.0,0.0,0.0,1.0,0.0,0.0,0.0,0.0,0.0,1.0,1.0,1.0,1.0,1.0,0.7773449888827914,1.0,0.024274972751280453,0.0,0.8501063833629879,1.0,0.32685988569385604,1.0,0.08691002486696002,0.04723038688044971,1.0,0.06009887378532256,1.0,1.0,0.4083691124727923,0.0,0.5199976167751381,1.0,1.0,1.0,0.7118758273428029,1.0,0.953946412681156,0.0
gex_possorted_bam_1WGCZ:CAACAGGCAGCGCTTGx-M2,0.760847535902158,1.0,1.0,1.0,1.0,0.23692810475480858,1.0,1.0,1.0,1.0,0.0,0.22212540018141105,1.0,0.8286554522499244,0.8699750753630645,0.0,0.0,0.0,0.4216813270919192,0.18339483222408254,0.011504743501538439,0.32577741919140374,1.0,0.0,1.0,1.0,0.66139428951719,0.3914398249705141,1.0,0.33132296795292004,0.0,1.0,1.0,1.0,0.23687008825208547,0.856080450026963,0.0,1.0,1.0,0.045518410871911316,1.0,0.0,0.7188580346126345,1.0,0.22722694705898172,1.0,1.0,0.0,1.0,1.0,0.7987870611978347,0.9736714215429568,0.0
gex_possorted_bam_1WGCZ:CAAACACTCAGTATTGx-M2,0.06613789003066879,1.0,1.0,1.0,0.11556733037076178,0.0,1.0,0.7943312323411642,1.0,0.8027794769728994,0.0,1.0,1.0,1.0,0.18503822860346877,1.0,0.0,0.0,1.0,0.0,0.0,0.0,0.0,0.0,1.0,1.0,1.0,1.0,1.0,0.6692362033060137,1.0,0.0,0.0,0.824122046333523,1.0,0.26194752963768164,1.0,0.07615034674227066,0.08485229327220144,1.0,0.22913903388805507,1.0,1.0,0.6901640626729065,0.0,0.5440725878387347,1.0,1.0,1.0,0.6698345233280295,1.0,1.0,0.0
gex_possorted_bam_1WGCZ:ATTCACTTCCAGGGAGx-M2,1.0,0.5120434415171707,0.0,0.7913501157585184,0.9953029411921094,1.0,0.3060116297843966,0.8688856269994568,0.6656573803196493,0.6986235466102386,0.3156565108991587,0.42827141907742017,0.6466480484493559,0.2928399274139634,1.0,0.0004817261761873171,0.04529812693489595,0.4450965393161478,0.9087656944112713,0.7191899573826137,1.0,1.0,0.9968801578672499,1.0,0.5856322347854482,0.8046071850160531,0.0,0.7810264596903957,0.6828007135009502,0.8955344924373093,0.49810074336366156,0.8595035604787795,0.9656796715412467,0.7177463767152612,0.0,0.9068862468129388,0.018560731598277837,0.8557026219770685,0.8114459926435044,0.0,1.0,0.021006483125330624,0.6183954219076219,0.018593639250684812,1.0,0.9330179625646132,0.0,0.0,0.6407996852502763,0.8966324572975612,0.5411793436655125,0.8713048115630022,0.54580798316501
gex_possorted_bam_1WGCZ:ATTGGTTCAATGCCCGx-M2,0.03482066818675888,1.0,1.0,0.9503917078361117,0.0,1.0,1.0,0.6086995286527304,1.0,0.5376157388392303,1.0,1.0,1.0,1.0,0.1551586032435457,1.0,1.0,1.0,1.0,0.0,0.0,0.0,0.0,0.0,1.0,1.0,1.0,1.0,1.0,1.0,1.0,0.0,0.0,0.640460089565568,1.0,0.1921166816585682,1.0,0.2075526256094142,0.1405328496706466,1.0,0.10157212407676827,1.0,1.0,1.0,0.02908062824795549,0.5740531658304969,1.0,1.0,1.0,0.2656623109065323,1.0,0.9544067129014894,0.0
gex_possorted_bam_1WGCZ:ATTGCGCCAAGGTATAx-M2,0.04017273605293137,1.0,1.0,0.9450086198581338,0.0,0.0,1.0,0.7138253182760765,1.0,0.6579959125341726,0.0,1.0,1.0,1.0,0.08883851855715441,1.0,0.0,0.0,1.0,0.0,0.0,0.0,0.0,0.0,1.0,1.0,1.0,1.0,1.0,1.0,1.0,0.0,0.0,0.7327672301780577,1.0,0.2060768063859765,1.0,0.13072716528695447,0.18510731863962782,1.0,0.0,1.0,1.0,1.0,0.027226069702965303,0.5575921902157948,1.0,1.0,1.0,0.4641530426223895,1.0,1.0,0.0
gex_possorted_bam_1WGCZ:CAAACTGGTAAAGCGGx-M2,1.0,1.0,0.0,0.9832974389193092,1.0,1.0,0.5673123509481199,1.0,0.6392139045004573,1.0,0.0,0.8148323415553639,0.9745251470045928,0.6309934023806194,1.0,0.36932011875954784,0.0,0.5772973352936808,0.9136591036288586,0.5419653341905082,1.0,1.0,1.0,1.0,0.8914756544293196,0.8758489612992134,0.0,0.9013160381033156,1.0,1.0,1.0,1.0,1.0,1.0,0.0,1.0,0.2704767195323168,1.0,1.0,0.19239880868449236,0.923840378591876,0.08309972981375637,0.7033551386709104,0.2423846415819705,1.0,1.0,0.31292729696260674,0.0,1.0,1.0,1.0,1.0,0.7935226690533754
gex_possorted_bam_1WGCZ:ATTGAAGCAAGCTAAAx-M2,0.0405816691073379,1.0,1.0,0.8317435550851363,0.0,0.4742610301726531,1.0,0.5688408679590465,1.0,0.7061157558540946,1.0,1.0,1.0,1.0,0.04201728104999742,1.0,1.0,1.0,1.0,0.0,0.0,0.0,0.0,0.0,1.0,1.0,1.0,1.0,1.0,1.0,1.0,0.0,0.0,0.6372962974672244,1.0,0.19317947631001164,1.0,0.1265690225209718,0.16805607253702426,1.0,0.0560226468904914,1.0,1.0,1.0,0.0,0.4841419929890495,1.0,1.0,1.0,0.44198000202582494,1.0,0.9325270973958966,0.0
gex_possorted_bam_1WGCZ:ATTGCGCCACAGGAATx-M2,1.0,0.7685020917317238,1.0,1.0,1.0,0.7262727829337549,0.0,1.0,0.9946990454518847,1.0,0.0,1.0,0.9908075440293954,0.39109944064302116,1.0,0.0,0.0,0.0,0.05693778938293003,0.4257993333711214,0.6824946805857071,0.8414729096119726,1.0,0.9171914154563262,0.8228895597604258,1.0,0.0,0.9737140910513805,0.4720428054109201,1.0,0.0,1.0,1.0,1.0,0.0,1.0,0.00301968346929391,1.0,1.0,0.0,1.0,0.19032248653555864,1.0,0.6687138579392726,1.0,1.0,1.0,0.0,1.0,1.0,0.7374893990452026,1.0,0.5295203790372379
gex_possorted_bam_1WGCZ:CAAGACAAGGCTACTGx-M2,1.0,0.9711668683853926,0.07623043475121093,1.0,1.0,1.0,0.33606230516100133,0.926911283555058,0.4566498531541069,1.0,1.0,0.7164773010023716,0.8071680924905439,0.4213571520901248,1.0,0.405243039211976,0.5821313217189069,1.0,1.0,0.380754694653167,1.0,1.0,1.0,1.0,0.6303100208523875,0.9214219724160075,0.0,1.0,1.0,1.0,1.0,1.0,1.0,1.0,0.0,1.0,0.4053834948995807,1.0,1.0,0.0,0.7553378226989218,0.22591042778358986,0.39685137700349193,0.06221793047863546,1.0,1.0,0.0,0.0,0.9609622199103411,1.0,0.8151092888838792,1.0,1.0
gex_possorted_bam_1WGCZ:ATTCAACCAGCCGCTAx-M2,0.06858259885978232,1.0,1.0,0.9112395495632712,0.0,0.0,1.0,0.9141808242543001,1.0,0.9522895431919558,0.0,1.0,1.0,1.0,0.11286541336181503,1.0,0.5802829000810839,0.8545613735563804,1.0,0.0,0.0,0.0,0.0,0.0,1.0,1.0,1.0,1.0,1.0,1.0,1.0,0.0,0.0,0.7759441628197027,1.0,0.30010928351091065,1.0,0.09455920685135968,0.02680374532249961,1.0,0.1928455563679642,1.0,1.0,1.0,0.04616065650714886,0.5895932607976802,1.0,1.0,1.0,0.5498970370434962,1.0,0.8946220348315175,0.0
gex_possorted_bam_1WGCZ:ATTCAACCACTAAGTTx-M2,1.0,0.9187362453252353,0.0,1.0,1.0,1.0,0.37559259796138006,1.0,0.0,1.0,1.0,0.3851503731023345,1.0,0.6726484968490062,1.0,0.8248956826776693,0.9168043411142085,1.0,1.0,0.7361924939300709,1.0,1.0,1.0,1.0,0.9626083787836024,0.9505157955543545,0.0,1.0,1.0,1.0,1.0,1.0,1.0,1.0,0.0,1.0,0.18918402683247496,1.0,1.0,0.0,0.6984631757608672,0.24911044362429802,0.6993888846918848,0.1489556993789688,1.0,1.0,0.3196853644781123,0.0,1.0,1.0,0.8179753980857798,1.0,1.0
gex_possorted_bam_1WGCZ:ATTTAGCCAAGCCACTx-M2,1.0,0.9649957224997645,0.0,1.0,1.0,1.0,0.6606125187276599,1.0,0.12894732089553754,1.0,0.5771971712205813,0.6143306586786109,0.9624626461994552,0.2959104211403084,1.0,0.575507177166798,0.07071271442660734,1.0,1.0,0.7280238721826826,1.0,1.0,1.0,1.0,0.9281091727695573,0.91679927033233,0.0,1.0,1.0,1.0,1.0,1.0,1.0,1.0,0.0,1.0,0.3272722035501865,1.0,1.0,0.0,0.7897875323118279,0.0,0.7731935011263783,0.35482076828884745,1.0,1.0,0.2370853596668219,0.0,0.9925881227004506,0.8331998710488431,0.9897459956949725,1.0,1.0
gex_possorted_bam_1WGCZ:ATTGCACAGTCACCAGx-M2,0.13801671530765303,1.0,1.0,1.0,0.07126212771768743,0.0,1.0,0.8244853682369773,1.0,0.7113919346832648,0.0,1.0,1.0,1.0,0.3085712443233209,1.0,0.1103682184703185,0.12474999634642252,1.0,0.0,0.0,0.0,0.0,0.0,1.0,1.0,1.0,1.0,1.0,1.0,1.0,0.12373354197257043,0.0,0.840991453396297,1.0,0.28914516501696247,1.0,0.14322575452217626,0.12992459092776779,1.0,0.24669306533535382,1.0,1.0,1.0,0.16315186164877082,0.6162154570686411,1.0,1.0,1.0,0.6152730324614952,1.0,1.0,0.0
gex_possorted_bam_1WGCZ:CAACCCTTCCTCACTAx-M2,1.0,0.9426428719711135,0.0,0.9634390903101194,0.8915688482216824,1.0,0.4312628976437909,1.0,0.8404850371563786,0.9815915193818744,0.0,1.0,0.8808677881225715,0.3321122345670234,1.0,0.18959029046853465,0.0,0.22725255042545914,0.8346111457380937,0.6787721325235365,1.0,1.0,1.0,1.0,0.6213710574196432,0.8946777215390357,0.0,1.0,1.0,1.0,0.8116065619881284,0.7975571703453609,1.0,1.0,0.0,1.0,0.2320896566648018,1.0,1.0,0.0,1.0,0.23952452232336138,0.5633135658777734,0.39193576709180944,1.0,1.0,0.3487097222603181,0.0,0.9061606943292585,1.0,0.9908932122631288,1.0,0.7046323718429707
gex_possorted_bam_1WGCZ:CAAACAACACAATGTTx-M2,0.08227003048168191,1.0,1.0,0.9606065136266799,0.020509551077480096,0.0,1.0,0.8538632783745215,1.0,0.8633260503129614,0.0,1.0,1.0,1.0,0.17245080092889498,1.0,0.0,0.0,1.0,0.0,0.0,0.0,0.0,0.0,1.0,1.0,1.0,1.0,1.0,0.7094020119176996,1.0,0.17814940819782743,0.0,0.9068535112803008,1.0,0.26933060743044834,1.0,0.04017163974191701,0.11188408087767934,1.0,0.1120967874124475,1.0,1.0,0.4427508487337368,0.0,0.5456753713347252,1.0,1.0,1.0,0.6587448936555146,1.0,1.0,0.0725982669292974
gex_possorted_bam_1WGCZ:ATTGAAGCAGGTTATTx-M2,0.04893153592831049,1.0,1.0,0.9766608678204638,0.004807325774178253,0.0,1.0,0.7162088690748448,1.0,0.631983503026547,0.12181584683151743,1.0,1.0,1.0,0.0910651162956105,1.0,0.1990768718014512,0.25282968627643215,1.0,0.0,0.0,0.0,0.0,0.0,1.0,1.0,1.0,1.0,1.0,1.0,1.0,0.1951022402451106,0.0,0.8111595006429699,1.0,0.21114097329878428,1.0,0.0985073856392707,0.17921953919448008,1.0,0.0,1.0,1.0,1.0,0.0253013117165671,0.5868976600775772,1.0,1.0,1.0,0.5392623865555796,1.0,1.0,0.0
gex_possorted_bam_1WGCZ:CAACAGGCAGAGGGAGx-M2,1.0,1.0,0.15950607623433516,1.0,1.0,1.0,0.3817702600920423,1.0,0.2813225500881811,1.0,0.39188440766834587,1.0,0.947808144883345,0.578246046527984,1.0,0.5908668445670594,0.008470444756055741,1.0,1.0,0.7621351072584738,1.0,1.0,1.0,1.0,0.5393088533288121,1.0,0.0,1.0,1.0,1.0,0.9326112059819247,1.0,1.0,1.0,0.0,1.0,0.1566792930625827,1.0,1.0,0.0,1.0,0.08211518834379221,0.6658548704483948,0.5340110523394357,1.0,1.0,0.3244788824204707,0.0,1.0,1.0,1.0,1.0,1.0
gex_possorted_bam_1WGCZ:CAAACATGTTAAGCTGx-M2,0.06704355913626918,1.0,1.0,1.0,0.2790863115352816,0.0,1.0,0.8513100844573144,1.0,1.0,0.0,1.0,1.0,1.0,0.23663922103693413,1.0,0.0,0.0,1.0,0.0,0.0,0.0,0.0,0.0,1.0,1.0,1.0,1.0,1.0,0.9410369150331155,1.0,0.011295606670028107,0.0,0.9011534543098938,1.0,0.2875614189868208,1.0,0.08000095038194385,0.14351471108968858,1.0,0.3506558949115416,1.0,1.0,1.0,0.03355130789628719,0.5871285446119315,1.0,1.0,1.0,0.8293694684190154,1.0,1.0,0.1804342074711823
gex_possorted_bam_1WGCZ:CAAAGCGCAATCCTAGx-M2,1.0,1.0,0.2702797232661288,1.0,1.0,1.0,0.7996142477502513,1.0,0.502378159876382,1.0,0.3773987597289648,0.6729136664986229,1.0,0.6883904918714391,1.0,0.7777799230615113,0.19343024097063735,1.0,1.0,0.8851517016986152,1.0,1.0,1.0,1.0,0.8376790345720067,1.0,0.0,1.0,1.0,1.0,1.0,1.0,1.0,1.0,0.0,1.0,0.2961671411590791,1.0,1.0,0.21064315720344062,0.9757093066678383,0.3935080555256444,0.7905748226481404,0.7889207560383621,1.0,1.0,0.4263166030557711,0.11730557250463508,1.0,1.0,1.0,1.0,1.0
gex_possorted_bam_1WGCZ:ATTGTCCGTATTGCAGx-M2,0.36893815683238956,1.0,0.321848431310043,0.5016850511144161,0.20407097723549786,0.7688482506196007,1.0,0.712796973898079,0.07942374659765948,0.9011950907516955,0.0,0.962854864643523,0.26023961203478907,0.5147422797410225,0.7058277181972611,0.7920773549648785,0.2306464907118144,0.0,0.0,1.0,0.6403900126260778,0.5281613555567184,0.45324015810939594,0.783310443612283,0.1902996862455123,0.24693083262877027,0.06807980607570296,0.6667641376503245,0.611641082944848,0.3443405528506042,1.0,0.0,0.4343917976828194,0.6560455492162838,0.34641785339735964,0.7287341786440705,0.6031928515857075,0.43974802122755335,0.6691399925153086,0.9857941420398184,0.5864587689067277,0.8519447638026318,0.0,0.43973254822437047,0.4600907585616556,0.49605075635386253,0.0,0.0,0.5764640801093441,0.5602239566503212,0.4770968073927827,0.439793272680567,0.44244268611540394
gex_possorted_bam_1WGCZ:ATTTGCGCAGCTCATAx-M2,0.3025626858858904,0.8937309370250385,1.0,0.9423157439533709,0.43823623669187173,0.2705374966821452,1.0,0.890177259215511,1.0,1.0,0.0,0.9564117739842399,1.0,1.0,0.4815296562401092,1.0,0.5074379315831518,0.0,1.0,0.0,0.0,0.0,0.0,0.0,1.0,1.0,1.0,1.0,1.0,1.0,1.0,0.0,0.10084329157907045,0.6923829236539575,1.0,0.3898086396737404,1.0,0.22802222849694492,0.44164074267220554,1.0,1.0,1.0,1.0,1.0,0.0679927321055137,0.5451163773940846,1.0,1.0,1.0,0.6721696253545405,1.0,0.85794750635107,0.0
gex_possorted_bam_1WGCZ:ATTCCGGAGTTGTCAAx-M2,1.0,0.9630645836885868,0.0,1.0,1.0,0.9218619615335185,0.03820495430645614,1.0,0.31871399348141405,0.9942609601220184,0.0,1.0,0.786139327732194,0.4132510681067865,1.0,0.009498215368149132,0.0,0.0,0.7928313612424277,0.6480308195922991,1.0,1.0,1.0,1.0,0.22763301784643508,1.0,0.0,0.8077824901489337,0.7268010336290415,1.0,0.1396520105698003,1.0,1.0,1.0,0.0,1.0,0.029832999055872663,1.0,1.0,0.0,1.0,0.35890345430433057,0.7050195801131189,0.0,0.9986421038729847,1.0,0.4577388874508531,0.0,0.9782774576693084,1.0,0.9128576460104543,0.9466985330830385,0.44922404380379843
gex_possorted_bam_1WGCZ:ATTGAAGCAGCAACAGx-M2,0.09856052369806645,1.0,1.0,0.9121749196392914,0.0,0.32294291356862953,1.0,0.8887885911797672,1.0,1.0,0.21776488594652116,1.0,1.0,1.0,0.27460181630023367,1.0,0.9465482978433325,1.0,1.0,0.0,0.0,0.0,0.0,0.0,1.0,1.0,1.0,1.0,1.0,0.9592770383933992,1.0,0.0,0.0,0.8286498512546953,1.0,0.3799152855519612,1.0,0.15381615085275813,0.10577402636292824,1.0,0.3721036523701673,1.0,1.0,1.0,0.15819522212025283,0.5816499268534211,1.0,1.0,1.0,0.5632114121503597,1.0,0.9500068986119836,0.0
gex_possorted_bam_1WGCZ:CAAACTGGTGGATTGCx-M2,1.0,1.0,0.3413418047362832,1.0,1.0,1.0,0.5908504841035632,1.0,0.5605078058697099,1.0,0.0,1.0,0.6715255730657838,0.567638195034382,1.0,0.2699440236960106,0.0,0.3282005358123669,0.8748889993574159,0.8359587750985232,1.0,1.0,1.0,1.0,0.9357170255085914,1.0,0.0,0.9092431950907135,1.0,1.0,0.5549564717438745,1.0,1.0,1.0,0.017336834613900745,1.0,0.6692798332689679,1.0,1.0,0.0,1.0,0.3963435441304642,0.779987388190368,0.37533628300794747,1.0,1.0,0.6595166910832172,0.15225357870793357,0.9316035515595421,1.0,0.6521338296670252,1.0,0.7479473576733359
gex_possorted_bam_1WGCZ:ATTGCGCCAGAGGCTAx-M2,0.28270107371384967,0.23437914977016264,0.6530589550738698,0.2766704490210312,0.43662323565021816,0.5444938193224963,0.14967303899316095,0.3589589084869659,0.06831044604299558,0.5570461200648154,0.40155383601597927,0.0,0.04499132518295393,0.09572321449164943,0.3863214327457998,0.3809367648782536,0.5882941959485021,0.41646686798893706,0.0,1.0,0.6347444810429043,0.6089204448411775,0.3628469583088665,0.5948666485949277,0.1688923530017658,0.21850187773494548,0.3647694521241358,0.21249668023674434,0.17838573123432816,0.33044334744735265,0.9671245042006082,0.315497188486873,0.37904039391433414,0.28076454665926237,0.3461035642015052,0.3425146106870404,0.25458699657099726,0.23424597062261107,0.3212797671511538,0.5167946404611707,0.4696699963597006,0.0,0.46143161881672734,1.0,0.3542744348082545,0.30389617025099125,0.46832266474784423,0.20892577992644581,0.283520778508082,0.5373516520088399,0.16355736598843643,0.2355530309725366,1.0
gex_possorted_bam_1WGCZ:ATTGTGATCGCTCACTx-M2,1.0,1.0,0.0,1.0,1.0,1.0,0.4526427998554794,1.0,0.5489335813874336,1.0,0.16569378600861887,1.0,1.0,0.6516871134758034,1.0,0.22598976094426948,0.0,0.8725217136679119,0.922374408770153,0.7218779244702994,1.0,1.0,1.0,1.0,0.997168367957978,0.9869001737027551,0.0,1.0,1.0,1.0,1.0,1.0,1.0,1.0,0.0,1.0,0.3531976531648833,1.0,1.0,0.18973911693996592,0.7221852927881452,0.3269297936822043,0.8816739765894871,0.4085218722641919,1.0,1.0,0.44094160343032635,0.0,1.0,1.0,1.0,1.0,1.0
gex_possorted_bam_1WGCZ:ATTTGCAAGGCTACATx-M2,0.9415760315345397,1.0,1.0,1.0,0.1765533080526607,0.8001595011837256,1.0,1.0,1.0,1.0,0.0,1.0,1.0,1.0,1.0,1.0,0.0,0.0,0.38763611099838907,0.49677232308107006,0.7578537834709833,0.5661937611097284,0.8395699579697133,0.939162931408519,1.0,1.0,0.0,1.0,1.0,0.8142978893655191,1.0,1.0,0.965605076265585,1.0,0.0,1.0,0.9662967687070544,1.0,1.0,1.0,1.0,0.6453211503197275,1.0,1.0,1.0,1.0,0.8862427624260157,0.0,1.0,1.0,1.0,1.0,0.4862516818696804
gex_possorted_bam_1WGCZ:ATTGTGATCCTAATGAx-M2,0.08769941028182898,1.0,1.0,0.9903282570872419,0.0,0.0,1.0,0.8978719106781509,1.0,0.9732168016448639,0.0,1.0,1.0,1.0,0.18538304351794668,1.0,0.0,0.0,1.0,0.0,0.0,0.0,0.0,0.0,1.0,1.0,1.0,1.0,1.0,0.679148221820322,1.0,0.12403735948188752,0.0,0.9083700658215058,1.0,0.25131954821732516,1.0,0.05795914574226194,0.0782866188006272,1.0,0.262890568707653,1.0,1.0,1.0,0.09401808173757177,0.5559901918872745,1.0,1.0,1.0,0.5833083484974473,1.0,0.9432089404807974,0.0
gex_possorted_bam_1WGCZ:CAAACACTCTCGCCTGx-M2,1.0,0.9661446919350525,1.0,1.0,1.0,1.0,0.0,1.0,1.0,1.0,0.0,1.0,1.0,0.5826358011449012,1.0,0.16318691918778114,0.0,0.0,0.2366752744117392,0.653288856309036,0.66766108657807,1.0,1.0,0.8592702149174812,0.8802988872879195,1.0,0.0,1.0,0.7617362887449943,1.0,0.0,1.0,1.0,1.0,0.0,1.0,0.0,1.0,1.0,0.0,1.0,0.0,1.0,0.9364818846917027,1.0,1.0,1.0,0.0,1.0,1.0,0.9638707234290063,1.0,1.0
gex_possorted_bam_1WGCZ:CAAACGCGTCGCAATAx-M2,0.07341413367646073,1.0,0.3844437523994517,0.927997778278559,0.0,0.589616661055352,1.0,0.8559514241326114,1.0,0.427755046838057,0.791724294326076,1.0,1.0,1.0,0.0,1.0,1.0,1.0,1.0,0.0,0.0,0.0,0.0,0.0,1.0,1.0,1.0,1.0,1.0,1.0,1.0,0.0,0.0,0.8200572958669962,1.0,0.2816848334316689,1.0,0.0,0.0,1.0,0.10798268867272932,1.0,1.0,0.7968640585670271,0.17694402974698317,0.5868025430783153,1.0,1.0,0.9589885818502832,0.6994592130707818,1.0,0.8901348534994835,0.0
gex_possorted_bam_1WGCZ:ATTCGTTTCTCATCATx-M2,0.9392083353569612,1.0,1.0,1.0,1.0,0.7558359017070819,0.0,1.0,1.0,1.0,0.0,1.0,1.0,0.7781776071390637,1.0,0.2724430904408895,0.0,0.0,0.0,0.3478395455756561,0.10580883233842342,0.5899967115342387,1.0,0.38219653834186573,1.0,1.0,0.03805482914829061,1.0,0.763195129573848,1.0,0.0,1.0,1.0,1.0,0.0,1.0,0.0,1.0,1.0,0.0,1.0,0.0,1.0,1.0,1.0,1.0,1.0,0.0,1.0,1.0,0.9308838446891863,1.0,1.0
gex_possorted_bam_1WGCZ:CAAACACTCCCATAGGx-M2,1.0,1.0,0.23492565857715128,1.0,0.8479334719389838,1.0,0.6484718724457538,1.0,0.9078953101926293,1.0,0.0,1.0,1.0,0.7818431344824515,1.0,0.31336137593826086,0.0,0.5763771951150453,0.9888345957526847,0.917679622407062,1.0,1.0,1.0,1.0,0.7646130609768502,1.0,0.0,1.0,0.3999842078163318,1.0,1.0,1.0,1.0,1.0,0.0,1.0,0.23405795687268977,1.0,1.0,0.31545276771053843,1.0,0.571211178330689,1.0,0.608463014868328,1.0,1.0,0.7126882506821546,0.18258022858442483,1.0,1.0,1.0,1.0,0.9125565184268049
gex_possorted_bam_1WGCZ:ATTCAACCAAATTGCTx-M2,1.0,0.873774934799047,0.0,1.0,1.0,0.8929525094117555,0.0,1.0,0.4270836245539628,1.0,0.0,0.46559558150018304,0.9973810603840236,0.5185259472110811,1.0,0.0,0.0,0.0,0.7785590891657341,0.6351788603626694,1.0,1.0,1.0,1.0,0.21942657012714908,1.0,0.0,0.8504799294211632,0.6025730941304548,1.0,0.07248804950028254,1.0,1.0,0.9461680819524835,0.0,1.0,0.11112498146293716,1.0,1.0,0.0,1.0,0.08905100098152414,0.7850946189838476,0.13842922090019155,0.9081948090614789,1.0,0.6220261955349892,0.026681000739392235,0.9386324354065053,1.0,1.0,0.9089863799568965,0.2672402193213848
gex_possorted_bam_1WGCZ:CAAAGTGAGCAACATCx-M2,1.0,1.0,0.11321298219198937,1.0,1.0,1.0,0.7060830801410879,1.0,0.6703221162055953,1.0,0.09495685148023725,1.0,1.0,0.3637326163269919,1.0,0.2826331485574245,0.0,0.7650404180819207,1.0,1.0,1.0,1.0,1.0,1.0,0.7909829879952148,1.0,0.0,1.0,1.0,1.0,1.0,1.0,1.0,1.0,0.0,1.0,0.07887295407899762,1.0,1.0,0.0,1.0,0.1105190492541199,1.0,0.726123838960047,1.0,1.0,0.6713794985458706,0.0,1.0,1.0,0.9868791642379909,1.0,1.0
gex_possorted_bam_1WGCZ:ATTGCAGGTGTTTGCTx-M2,1.0,0.8624276369153474,0.0,1.0,1.0,1.0,0.5093587277775935,1.0,0.5643039250146007,1.0,0.2429638047690885,1.0,0.8959592347395042,0.41693472323907205,1.0,0.11673853933492048,0.0,0.8027080506885169,1.0,0.4586047506439581,1.0,1.0,1.0,1.0,0.6745676332800019,0.9842476250011855,0.0,1.0,1.0,1.0,0.7838513673562779,1.0,1.0,1.0,0.0,1.0,0.2680061634093128,1.0,1.0,0.0,1.0,0.2648263209691954,0.6437903315950777,0.05749292768914527,1.0,1.0,0.10867105251489466,0.0,0.9817034490088062,1.0,1.0,1.0,1.0
gex_possorted_bam_1WGCZ:CAAACAACAAATACCTx-M2,0.0565044008265382,1.0,1.0,0.9993071309696412,0.0,0.0,1.0,0.7932913449175798,1.0,0.6838692136399117,0.0,1.0,1.0,1.0,0.17236507610987892,1.0,0.0,0.0,1.0,0.0,0.0,0.0,0.0,0.0,1.0,1.0,1.0,1.0,1.0,0.9946480123257627,1.0,0.03435047697464555,0.0,0.8677080011006063,1.0,0.2356328884917593,1.0,0.05932521999376082,0.10938066586419515,1.0,0.0912805580642885,1.0,1.0,1.0,0.0,0.6029368950651747,1.0,1.0,1.0,0.7332801976764391,1.0,1.0,0.0
gex_possorted_bam_1WGCZ:CAAACATGTTACAAACx-M2,1.0,0.9312388208843028,1.0,1.0,1.0,0.91137118423656,0.048910264247240307,1.0,1.0,1.0,0.0,1.0,1.0,0.480934484015927,1.0,0.3581922289890131,0.0,0.0,0.05814627705565358,0.7859231920149204,0.5202481245653376,0.9733880275377839,1.0,0.9067897856220754,0.8156286812814416,1.0,0.00261644582020666,1.0,0.9699740670824704,1.0,0.0,1.0,1.0,1.0,0.0,1.0,0.0,1.0,1.0,0.0,1.0,0.0,1.0,0.8269816671281316,1.0,1.0,1.0,0.0,1.0,1.0,0.8101504939830121,1.0,0.6793847488351551
gex_possorted_bam_1WGCZ:ATTCCTCCAGGTTATTx-M2,0.9529590692591795,1.0,0.11068285624877212,0.9281915505411552,0.6476709172827909,1.0,1.0,1.0,0.5141684419476221,1.0,0.0,1.0,0.9164623769899167,0.809579836434588,1.0,0.720870596961624,0.0,0.6433903680888016,0.8058489991480069,0.6222443966542913,1.0,1.0,0.8868369365339274,1.0,0.8609252318170401,0.8028635656350668,0.0,0.994424663445966,1.0,0.9140630282175362,1.0,0.8368120110594476,0.9129086724818584,1.0,0.0,1.0,0.476115475662049,0.9781464156036518,1.0,0.48324748902412623,0.7096241421651328,0.4695378421101622,0.6424204454629101,0.49024407837819894,1.0,1.0,0.2143620210787168,0.008171944839048862,0.9598824140729817,1.0,1.0,1.0,0.9675699159235104
gex_possorted_bam_1WGCZ:ATTTGTGAGCTGCACAx-M2,0.061387849013403765,1.0,1.0,0.9445606879903519,0.010426775100827868,0.0,1.0,0.719784074115076,1.0,0.7614635092844023,0.0,1.0,1.0,1.0,0.1949243927390666,1.0,0.0,0.0,1.0,0.0,0.0,0.0,0.0,0.0,1.0,1.0,1.0,1.0,1.0,0.7759196086072782,1.0,0.18514159245078143,0.0,0.7857153528487979,1.0,0.23046036102257714,1.0,0.061707029362244856,0.09354038306736219,1.0,0.11233717441877425,1.0,1.0,0.8022831634165518,0.0,0.5274080832263265,1.0,1.0,1.0,0.5970262612340086,1.0,1.0,0.0
gex_possorted_bam_1WGCZ:ATTGACTCACTAGGTCx-M2,1.0,1.0,0.303722608325328,1.0,1.0,0.8777738860142372,0.17728830190258218,1.0,0.39568934983745335,1.0,0.0,0.9989190183960456,0.8380029710567809,0.4315596927524421,1.0,0.031129668657401452,0.0,0.0,0.9018707029893642,0.694383073744194,1.0,1.0,1.0,1.0,0.0,1.0,0.0,0.9072163212334041,0.8831675083626526,1.0,0.4756051120886371,1.0,1.0,1.0,0.0,1.0,0.1591223845315233,1.0,1.0,0.0,1.0,0.2298748236457862,0.8447538521321515,0.5673907355082674,1.0,1.0,0.5245101291188502,0.0,1.0,1.0,1.0,1.0,0.17433846154408927
gex_possorted_bam_1WGCZ:CAATCTAAGCGGATTTx-M2,0.86564387049338,0.3565745594105597,0.0,0.68246334814839,0.5493065042353015,1.0,0.41933572518378387,0.7710259334455086,0.9484586081733046,0.7882353433810018,0.7874619123520886,0.19987181380926325,0.7225060686963223,0.5985646450353399,0.7578042516266924,0.18461627600557035,0.7277512190760099,1.0,1.0,0.0,1.0,1.0,0.6926715527581927,1.0,0.8468973972678905,0.6670663797086486,0.04827409262431913,0.7002339689908736,0.9435086489157075,0.7020359836291878,0.24088310406123206,0.974435204001631,0.7137979471959903,0.9047855923818215,0.0,0.9352145828295574,0.4029511367437224,0.735012275940488,0.7593687022800087,0.08700691262439972,0.580685063810787,0.5269202023131379,0.45871366328888186,0.0,0.9713530218142793,0.7384877692341709,0.0,1.0,0.6550553846438184,0.7043506009389567,0.5028429225800184,0.8166971133497954,0.781235551558605
gex_possorted_bam_1WGCZ:CAAGCTAGTTAGACCAx-M2,1.0,0.798131937302339,0.0,0.9497259003267275,1.0,1.0,0.39555355202734643,0.9910174376317847,0.663720526142567,1.0,0.40324338511276975,0.8462840552039997,0.9602626009932554,0.6432292177454887,1.0,0.2636047045319979,0.09169316219958093,1.0,1.0,0.3951687019364001,1.0,1.0,1.0,1.0,0.6209165468916444,0.8555397041861338,0.0,0.8256355066889689,0.929143972792569,1.0,0.33648101282860005,1.0,1.0,1.0,0.0,1.0,0.1387847292760437,1.0,0.9966151749992825,0.0,1.0,0.4039556042324517,0.649447770954731,0.0,1.0,1.0,0.1978780138090827,0.19813014346197416,0.8656816071834239,0.9369264408578263,0.7702425649758914,1.0,0.709353510617845
gex_possorted_bam_1WGCZ:CAAGGTTTCAGCATTAx-M2,1.0,0.8753175614686913,0.2960806583723936,1.0,1.0,0.6693953831033829,0.124398238788336,1.0,0.5176031422328304,1.0,0.0,0.9976638779290858,0.909310511930582,0.4496715645673769,1.0,0.0,0.0,0.0,0.7183520186757726,0.5705686618424963,1.0,1.0,1.0,1.0,0.16916594933071938,1.0,0.0,0.8439838825054288,0.8018427702324408,1.0,0.2630433705302923,1.0,1.0,1.0,0.0,1.0,0.2156252279250605,1.0,1.0,0.0,1.0,0.17635658006483382,0.6358977176574161,0.20414160424838407,1.0,1.0,0.7520044374266517,0.01874295938785754,1.0,1.0,1.0,0.9364225769714675,0.11530618083354292
gex_possorted_bam_1WGCZ:CACCTCAGTGGGAACAx-M2,1.0,1.0,0.0,0.8358732458722963,0.6903031506235396,1.0,0.5739553694630672,1.0,0.37325536750549165,1.0,0.351127094242172,0.9235310043442325,0.9725007582007336,0.7148407044382011,0.942896578048633,0.5007323635942681,0.19321493238822332,1.0,1.0,0.37302572935214007,1.0,1.0,0.9311755742403366,1.0,0.810510198032244,0.7996731068726536,0.0,0.773584700812975,0.9098182310826651,0.7847588575035962,0.9051693263435557,0.8154656402524296,0.8999228107244918,1.0,0.01566187327918092,1.0,0.2792754318529582,0.9236002223498125,0.9409865942226022,0.1776137457069591,0.6976296889203945,0.17994302572696294,0.47506281105654213,0.0,1.0,0.9785237626397488,0.0,0.1369761376971045,0.8220314806097494,1.0,0.7813832602507989,1.0,0.6778522084843812
gex_possorted_bam_1WGCZ:CAATGTCAGCCTAATAx-M2,0.21829697296107003,1.0,1.0,0.9628730046236812,0.0,0.0,1.0,1.0,1.0,0.7871408912034382,0.0,1.0,1.0,1.0,0.271749430702136,1.0,0.0,0.0,1.0,0.0,0.0,0.0,0.0,0.0,1.0,1.0,1.0,1.0,1.0,0.40195688262976215,1.0,0.1294333226105483,0.0,0.8715040235838644,1.0,0.3822810834662029,1.0,0.1950793504723091,0.23254095181560294,1.0,1.0,1.0,1.0,1.0,0.30740001383548243,0.5698982468105784,1.0,1.0,1.0,0.7404356197812576,1.0,0.7539123488102674,0.0
gex_possorted_bam_1WGCZ:CAATAGCTCCAGGTTGx-M2,1.0,0.9256944332306687,0.8310592190960616,1.0,1.0,0.20404501374059097,0.0,1.0,0.588723558050579,1.0,0.0,1.0,1.0,0.2828435571897699,1.0,0.0,0.0,0.0,0.08088481249354908,0.5585827367785879,0.8090111696523119,0.7281502030604496,1.0,1.0,0.4822222994222307,1.0,0.006671123233259866,0.7750426832608466,0.5838337432629289,1.0,0.0,1.0,1.0,1.0,0.0,0.9618154455767627,0.0,1.0,1.0,0.0,1.0,0.04633593330849068,0.9023497101604467,0.2567362360851605,0.8350514847553132,1.0,0.8487455840245945,0.0,1.0,1.0,0.9501181676326046,0.8946849090187947,0.0
gex_possorted_bam_1WGCZ:CAAGGTAAGGGACCTCx-M2,0.07252886430903607,1.0,1.0,0.9490470314497538,0.0,0.0,1.0,0.7992820313760025,1.0,0.7512437466433604,0.0,1.0,1.0,1.0,0.0997315308629975,1.0,0.0,0.0,1.0,0.0,0.0,0.0,0.0,0.0,1.0,1.0,1.0,1.0,1.0,0.751611562016625,1.0,0.0,0.0,0.8239561883085138,1.0,0.24009773324375158,1.0,0.006995246646612156,0.015044629555451917,1.0,0.12917228782651632,1.0,1.0,0.933116881830514,0.024545119607285143,0.5042323101085724,1.0,1.0,1.0,0.5188558537028608,1.0,0.9642821970415058,0.0
gex_possorted_bam_1WGCZ:CAATAGCTCCTTGAGGx-M2,1.0,0.7586600007081576,0.0,0.9372495230345166,1.0,1.0,0.1315128675379107,0.894261008108582,0.1416779604035065,0.925633605618271,0.3674563688092029,0.4451247995902707,0.7971254866129722,0.23985974000928845,0.9831637005487309,0.32070438218595315,0.030480825764580312,0.8652173558937688,1.0,0.5203002346698465,1.0,1.0,1.0,1.0,0.4637780336497101,0.8326224143878567,0.0,1.0,0.8860337387514228,1.0,0.5990292926622075,1.0,1.0,0.8808840322104181,0.0,1.0,0.10145174089034714,1.0,1.0,0.0,0.9751823164954988,0.1940477860202798,0.4467317915285334,0.1478031888046633,1.0,1.0,0.1785483424103878,0.07972918794161245,0.8700759263829726,0.8479067042062771,0.8784501362016719,1.0,1.0
gex_possorted_bam_1WGCZ:CAATCCTGTGAGCAAGx-M2,0.05515555913770573,1.0,1.0,1.0,0.0,0.0,1.0,0.7349763632460748,1.0,0.836322775184089,0.0,1.0,1.0,1.0,0.23516155730971344,1.0,0.0,0.0,1.0,0.0,0.0,0.0,0.0,0.0,1.0,1.0,1.0,1.0,1.0,0.7191882128497613,1.0,0.47358176582015066,0.0,0.9874791304317713,1.0,0.2504328609371338,1.0,0.025057581922436786,0.030551504797979134,1.0,0.10202179831702621,1.0,0.8740756112353886,0.0,0.08406854666926684,0.5785358167723408,1.0,1.0,1.0,0.569926464482311,1.0,1.0,0.0
gex_possorted_bam_1WGCZ:CAATAGCTCTAGCTAAx-M2,1.0,0.7896904537161858,0.0,0.9720685726094958,0.8874988184891544,1.0,0.5126197727900814,1.0,0.5583888926058017,0.9035433889466242,0.37819224023408876,0.5752592979555033,0.7995318402637211,0.622666822584516,1.0,0.2711341193972041,0.2033677505185406,1.0,1.0,0.6013030979872727,1.0,1.0,0.9042021417808178,1.0,0.6249016175173606,0.7957984823791692,0.0,0.7808063103208408,0.7280187194565798,0.9631328819672732,0.43861969381542953,1.0,0.967507624900233,1.0,0.0,1.0,0.18607444397397496,0.9723195825696128,0.9363454721849189,0.0,0.9278225444192001,0.2799027370243694,0.6934433443304132,0.0,1.0,0.9307178597588616,0.0187926820807421,0.31773757204191644,0.8082847616352795,0.9986830236988056,0.7587287542152705,0.9745400655429809,0.6143216970310845
gex_possorted_bam_1WGCZ:CACGCAATCCCTGGAAx-M2,1.0,0.9482563673379155,0.0,1.0,1.0,1.0,0.49146221243776483,0.8931118802974717,0.0,1.0,1.0,0.05760928700540976,1.0,0.2460828772955693,1.0,0.49489677554810513,0.8185557586964376,1.0,1.0,0.9918298994467439,1.0,1.0,1.0,1.0,0.8465924719617107,0.855903268045871,0.0,0.8945463838392425,1.0,1.0,1.0,1.0,1.0,1.0,0.0,1.0,0.029273288347198417,1.0,1.0,0.0,0.5666178689670669,0.0,0.647197005535121,0.10881218508692986,1.0,1.0,0.04946565895407281,0.0,0.9215052027515349,1.0,0.7900085644560763,1.0,1.0
gex_possorted_bam_1WGCZ:CACAGGCTCATTTGCTx-M2,0.12290156894103207,0.7360135445668832,0.48166646028555155,0.3201160807562017,0.0,0.0,1.0,0.34249748131956886,1.0,0.24901059103186415,0.5970251446470705,0.7622005225842308,0.7449413801393651,1.0,0.07001812981058178,1.0,0.6867163641382606,0.0,0.501111904311405,0.0,0.0,0.0,0.04497296164816886,0.0,1.0,0.2449671314134187,1.0,0.5722855887641728,0.8000390546255861,0.20053396538385682,0.7625817958218132,0.18956668060103865,0.0,0.25148897422099337,1.0,0.1250273854955754,1.0,0.08073617912391545,0.07762148032497583,1.0,0.5161883198812562,1.0,1.0,1.0,0.030344514116004796,0.2064645878833443,1.0,1.0,0.2827105143694293,0.23695000704171867,0.6664016362815444,0.2156790719577424,0.0
gex_possorted_bam_1WGCZ:CACCTGTTCCTCAGCTx-M2,1.0,0.8824265603230123,1.0,1.0,1.0,1.0,0.0,0.9928872568158131,0.9140152333855784,1.0,0.0,1.0,1.0,0.2855211642523431,1.0,0.12380025481099977,0.0,0.0,0.221290433122122,0.8286095508639155,0.6412475650141158,1.0,1.0,0.8877367101544054,0.6474708149305439,1.0,0.0,1.0,0.9919247624634104,1.0,0.0,1.0,1.0,1.0,0.0,1.0,0.0,1.0,1.0,0.0,1.0,0.0,1.0,0.9909567314096044,1.0,1.0,1.0,0.0,1.0,1.0,1.0,1.0,1.0
gex_possorted_bam_1WGCZ:CACCGGTAGTGGACAAx-M2,0.09931577506730042,1.0,1.0,0.9159158843630726,0.0,0.7741808769627739,1.0,0.6761693482420873,1.0,0.5062995268953567,1.0,1.0,1.0,1.0,0.15029358344110777,1.0,1.0,1.0,1.0,0.0,0.0,0.0,0.0,0.0,1.0,1.0,1.0,1.0,1.0,0.9093636499512422,1.0,0.06081811502604432,0.0,0.7455087683745761,1.0,0.22231474655008657,1.0,0.07770066061457846,0.06807137898392665,1.0,0.26057512379474684,1.0,1.0,1.0,0.03494294469158905,0.5287791607819938,1.0,1.0,1.0,0.6403245171082671,1.0,0.8944078664974231,0.0
gex_possorted_bam_1WGCZ:CAAGTATGTTCCGCACx-M2,0.0806471997638141,1.0,1.0,0.9872523050198831,0.16569821384513858,0.0,1.0,0.8056372049189191,1.0,0.8429037474254609,0.0,1.0,1.0,1.0,0.2007316932655115,1.0,0.0,0.0,1.0,0.0,0.0,0.0,0.0,0.0,1.0,1.0,1.0,1.0,1.0,0.7957106121356149,1.0,0.2237500810671359,0.0,0.7322346523887262,1.0,0.22626206628894832,1.0,0.06154241565193377,0.08693184335311985,1.0,0.20807258293148015,1.0,1.0,0.7816634326591901,0.14769563798618257,0.567950632861062,1.0,1.0,1.0,0.8067036933992076,1.0,0.9986523163637773,0.0
gex_possorted_bam_1WGCZ:CAAGCTAGTGTTTGCTx-M2,0.20463753638033863,1.0,1.0,0.9227020381963369,0.0,0.0,1.0,0.8993434727607309,1.0,1.0,0.0,1.0,1.0,1.0,0.3234820474096799,1.0,0.0,0.0,1.0,0.0,0.0,0.0,0.037978422897329014,0.0,1.0,1.0,1.0,1.0,1.0,0.8208074573509978,1.0,0.0,0.0,0.9189687436567406,1.0,0.5127710606160568,1.0,0.12931722657108866,0.1270099564303089,1.0,0.2939116642867167,1.0,1.0,1.0,0.014931111564670531,0.6590813821749316,1.0,1.0,1.0,0.6082757913213783,1.0,1.0,0.11263721342067008
gex_possorted_bam_1WGCZ:CAATGAACACCAACCGx-M2,1.0,0.5864861650392578,0.0,0.9714140004541404,0.8177715288557073,1.0,0.4041331665836718,1.0,1.0,0.9895949941654805,0.5614655142561975,0.4711842473747854,0.669930792248441,0.4048245113442054,1.0,0.09933483684657363,0.3933624205943843,1.0,1.0,0.23082897193029223,1.0,1.0,0.9775699119436755,1.0,0.621102240785593,0.8768327593596602,0.0,0.4789831187850746,0.9248075210898081,0.8692383000580773,0.8702361390377239,0.7699271759834878,1.0,0.9098961532891595,0.0,1.0,0.29197728190741273,0.9466872564126515,1.0,0.0,1.0,0.15577328927344417,0.5156865813770408,0.0,1.0,0.9752694850658681,0.23703885113325365,0.5193191342936939,0.8690285782047754,1.0,0.9533858878892432,1.0,0.5794917416422597
gex_possorted_bam_1WGCZ:CAATGACTCGTTTCCAx-M2,0.072669114531173,1.0,0.9919967087123599,0.8685719714652084,0.11025469919645885,0.0,1.0,0.7258768085862459,1.0,0.6031519430420631,0.4736244983976496,1.0,1.0,1.0,0.13712075278899646,1.0,0.7560987127169211,0.869386982211949,1.0,0.0,0.0,0.0,0.0,0.0,1.0,1.0,1.0,1.0,1.0,0.8820752254092564,1.0,0.028055454482797237,0.0,0.5969228420945584,1.0,0.21719978174319415,1.0,0.04754455099978349,0.09095145977291003,1.0,0.07582845714243523,1.0,1.0,1.0,0.11019926122403788,0.4977221951954326,1.0,1.0,1.0,0.43610461127972144,1.0,0.8997779688827724,0.0
gex_possorted_bam_1WGCZ:CAATCTAAGGATAAACx-M2,0.05379018411626773,1.0,1.0,0.9180503868033785,0.19712272274882814,1.0,1.0,0.6733190178273638,1.0,0.38426660909896526,1.0,1.0,1.0,1.0,0.1473093175182525,1.0,1.0,1.0,1.0,0.0,0.0,0.0,0.0,0.0,1.0,1.0,1.0,1.0,1.0,1.0,1.0,0.018572775908605177,0.0,0.61825930773899,1.0,0.22854698577944318,1.0,0.268624791140118,0.12983572938087948,1.0,0.09882559577229023,1.0,1.0,1.0,0.024240757626348024,0.5681476343992035,1.0,1.0,1.0,0.4308479944553098,1.0,0.9640127380295644,0.0
gex_possorted_bam_1WGCZ:CACCTCAGTTTGCTGTx-M2,1.0,1.0,0.781507288241879,1.0,1.0,0.7943299372983859,0.0,1.0,0.3353567101635408,1.0,0.0,0.5603227885874555,0.9524442589483563,0.601710125907955,1.0,0.0,0.0,0.0,0.6310608805154102,0.4177859777604607,1.0,0.9655703073651473,1.0,1.0,0.28066558699173183,1.0,0.0,0.9678605941958762,1.0,1.0,0.35077093480715565,1.0,1.0,1.0,0.0,0.9795122118439665,0.12732107737562096,1.0,1.0,0.0,1.0,0.0836225869092635,0.5568833826714841,0.4389287868720316,1.0,1.0,0.2924995419508429,0.0,1.0,1.0,1.0,1.0,0.0
gex_possorted_bam_1WGCZ:CAAGTAACATGAATCTx-M2,1.0,0.7750151190805538,0.03281204199459401,1.0,1.0,0.978391123317573,0.0,0.9876142217679216,0.16953263113893918,0.8939931560893942,0.03603709208415265,0.8385466179360809,0.7956857481872538,0.6028020377972766,1.0,0.0,0.0,0.0,0.8842865307847795,0.7655922823409841,1.0,1.0,1.0,1.0,0.11082778149508556,1.0,0.0,0.9052820668246632,0.5555739335755564,1.0,0.018658937945999654,1.0,1.0,1.0,0.0,1.0,0.0320384581300278,1.0,1.0,0.0,1.0,0.022714917079918132,0.7560428705463383,0.0,1.0,1.0,0.36272944447465827,0.0,1.0,0.9810342915985352,1.0,0.9955755173690745,0.730387737433634
gex_possorted_bam_1WGCZ:CACAAGCGTCACAGCGx-M2,0.7303753744254858,0.7971160172429561,0.7632751038154475,0.8262894459208897,0.056051444736817474,0.06009900361859963,1.0,1.0,0.2866093493053029,0.6499659736866505,0.0,0.9921992946976864,1.0,1.0,0.575270687057468,0.8036811403990367,0.0,0.0,0.2935851052690516,0.2778483167658539,0.48830872604825654,0.3539929042717691,0.7283897950867468,0.40372039531471526,0.6009540412495186,0.6189219303146359,0.0,0.7567975290828148,1.0,0.6732452293813744,0.7370100244431326,0.16525131445639618,0.7620357033083048,0.5972731287321548,0.09401101042615574,1.0,1.0,0.7772998372071751,0.9278186219594926,0.5423567359750865,1.0,0.21834014305557228,1.0,0.2593289684006151,0.5305126845225678,0.7342618771146986,1.0,0.6543625257799434,0.39661190378555317,0.8689105102493255,0.7798712006236829,0.5270152846647881,0.46642685877635337
gex_possorted_bam_1WGCZ:CAAGGTAAGGCTACATx-M2,0.08034878281674117,1.0,1.0,0.8648855078755966,0.07182284768545348,0.2653321461586351,1.0,0.44146189279931713,1.0,0.3510178306477388,0.703282685186103,1.0,1.0,1.0,0.4249484814179518,1.0,0.8473149102396895,0.6802720533745052,1.0,0.0,0.0,0.0,0.0,0.0,1.0,1.0,1.0,1.0,1.0,0.8165978694033929,1.0,0.0,0.0,0.3817413886114969,1.0,0.08824387390769803,1.0,0.06711431143503147,0.12614810648759733,1.0,0.11991011996691481,1.0,1.0,1.0,0.0,0.5647737697798654,1.0,1.0,0.9219669048733349,0.2680364195258292,1.0,0.8460230081018755,0.0
gex_possorted_bam_1WGCZ:CAAGTGAAGGCTGGCTx-M2,0.9298387404660677,1.0,0.16833747901026472,1.0,0.4222613446672614,1.0,1.0,1.0,0.7455565596575063,1.0,0.0,1.0,0.8904621993705542,1.0,1.0,0.9068462045388246,0.0,0.0,0.49739772709971514,0.5529387266427206,0.8955256138183778,0.8406579427615324,0.9253784677492565,1.0,0.9981483221585981,0.8764720084872589,0.0,1.0,1.0,0.9945510235270907,1.0,1.0,0.9046934153705876,1.0,0.0,1.0,0.9329383498321623,1.0,1.0,0.7830495129710852,0.9157711227321631,1.0,0.728322386809185,0.6362331797671054,1.0,1.0,0.37752267623865166,0.0,1.0,0.9268642354604733,1.0,1.0,0.7681338176130359
gex_possorted_bam_1WGCZ:CAATGAACAGGCTTCGx-M2,1.0,0.974088285622273,0.4803877868809371,1.0,1.0,1.0,0.4183863052454943,1.0,0.9893961788897071,1.0,0.0,1.0,1.0,0.37176540214341586,1.0,0.24120815376672106,0.0,0.11720449294128825,0.8397196097697187,0.9493611726585455,1.0,1.0,1.0,1.0,0.70495040946702,1.0,0.0,1.0,0.8128752072702371,1.0,0.437205131402852,1.0,1.0,1.0,0.0,1.0,0.0,1.0,1.0,0.0,1.0,0.13665713494176765,1.0,0.5866111974241743,1.0,1.0,0.7037597192220234,0.0,1.0,1.0,1.0,1.0,0.7901472241632369
gex_possorted_bam_1WGCZ:CAATGAACAGTTAGCCx-M2,1.0,1.0,0.0,1.0,1.0,1.0,0.5213565337870558,1.0,0.06938695816172628,1.0,0.7777657064481994,1.0,0.9241157410779341,0.5313798759632485,1.0,0.47400843996089514,0.27947894115510064,1.0,1.0,0.7442534274061229,1.0,1.0,1.0,1.0,0.8295979851701577,0.9396398226229331,0.0,1.0,1.0,1.0,1.0,1.0,1.0,1.0,0.0,1.0,0.32634077295461744,1.0,1.0,0.0,0.587357642910827,0.0,0.6403899096543036,0.5768428228252114,1.0,1.0,0.0,0.0,1.0,1.0,1.0,1.0,1.0
gex_possorted_bam_1WGCZ:CACAGGCTCACTAAGCx-M2,0.8058948816035312,1.0,1.0,1.0,1.0,0.9014104448386573,1.0,1.0,1.0,1.0,0.0,0.6379918729318386,1.0,1.0,1.0,0.0,0.0,0.0,0.32312385683306916,0.6928528827642451,0.26940441621878275,0.5891769278905927,1.0,0.07721903764760027,1.0,1.0,0.41804613147545927,0.9061352689865227,1.0,0.797477645888377,0.0,1.0,1.0,1.0,0.18134183139947943,1.0,0.0,1.0,1.0,0.17659919454290962,1.0,0.053315584867754416,1.0,1.0,0.82438314247931,1.0,1.0,0.0,1.0,1.0,0.6786104500243341,1.0,1.0
gex_possorted_bam_1WGCZ:CAAGTAACATAATCCGx-M2,0.5645950579133239,0.7404036919467571,1.0,0.5489765065095236,1.0,1.0,0.3774194913683698,0.5580989229534419,0.23940067774632234,1.0,0.385468416878331,0.0,0.39997942536559394,0.0,0.723464726055409,0.1955092254820693,0.4148962420894681,0.14644127658129885,0.01846103499559608,1.0,0.8207727783691325,1.0,0.6401281043558358,0.9107884613953744,0.2773031815052283,0.5214066890427155,0.09839700741935548,0.6816854251793838,0.5988041947852676,0.7200549451199754,1.0,0.7435598046466364,0.6956255441613278,0.7138542988266346,0.00596507347167901,0.7730171248303175,0.12114768608206024,0.4941155566025862,0.7695321482785183,0.612284634851831,1.0,0.0,0.5361756017307834,1.0,0.7560683724913554,0.6452577236950465,0.5100528900442187,0.0,0.6376385031627367,0.9535504398125358,0.3179356666103904,0.6484311351009951,1.0
gex_possorted_bam_1WGCZ:CACCAACCAGCATGGAx-M2,1.0,1.0,0.6597902367138133,1.0,1.0,1.0,0.20790862147340236,1.0,0.40209106212798906,1.0,0.12967631827985265,0.869709660442263,0.9559180838751463,0.35952516536662027,1.0,0.24129699567758842,0.0,0.369609812382705,1.0,0.9514853958854814,1.0,1.0,1.0,1.0,0.22097015062059575,1.0,0.0,1.0,1.0,1.0,0.8826718507533607,1.0,1.0,1.0,0.0,1.0,0.1458585350472223,1.0,1.0,0.0,1.0,0.12968005135280278,0.8979464035811455,0.7895700981493736,1.0,1.0,0.3259134136482381,0.0,1.0,1.0,1.0,1.0,0.7223041243488152
gex_possorted_bam_1WGCZ:CAAGGTTTCCGGTTAGx-M2,1.0,1.0,0.0,1.0,1.0,1.0,0.39491626525557855,1.0,0.46231351194950976,1.0,0.13828741396245817,0.7571036382821389,0.8903204446538652,0.5404246699126617,1.0,0.24598330161050597,0.0,0.5929527494236483,0.9929262363900901,0.7063970147174327,1.0,1.0,1.0,1.0,0.6116918456061115,0.9991776241359068,0.0,0.926382895959601,1.0,1.0,0.8506023794283263,1.0,1.0,1.0,0.0,1.0,0.1952885197266175,1.0,1.0,0.0,1.0,0.2753000171164393,0.7688470825195514,0.2433807506148405,1.0,1.0,0.23607348440502002,0.0,1.0,1.0,1.0,1.0,0.9514533679902359
gex_possorted_bam_1WGCZ:CACGCAATCCTTGTTGx-M2,1.0,1.0,0.1542827214454661,1.0,1.0,1.0,0.2754326710821751,0.9386224522788412,0.5766639551415154,1.0,1.0,0.565192809749926,0.7912544275303214,0.3833361487263296,1.0,0.3004744666679132,0.5538552627498567,1.0,1.0,0.585435612778483,1.0,1.0,1.0,1.0,0.6720801591864204,0.9214418403685201,0.0,1.0,1.0,1.0,1.0,1.0,1.0,1.0,0.0,1.0,0.011238796883490677,1.0,1.0,0.0,0.8504887927287953,0.10486896431712656,0.5870753528542246,0.34607850196152545,1.0,1.0,0.0,0.0,1.0,1.0,0.83490472956603,1.0,1.0
gex_possorted_bam_1WGCZ:CAATATGTCCAGGTCAx-M2,0.10665222301572604,1.0,1.0,0.9751004640437522,0.0,0.0,1.0,0.8806554581858295,1.0,0.9680313792659783,0.0,1.0,1.0,1.0,0.20253579790014736,1.0,0.0,0.0,1.0,0.0,0.0,0.0,0.0,0.0,1.0,1.0,1.0,1.0,1.0,0.8478404219935912,1.0,0.0,0.0,0.8627904819538539,1.0,0.31726849155668485,1.0,0.10476820632126715,0.15385283800217,1.0,0.2816388141612616,1.0,1.0,1.0,0.06232936887970371,0.5478545432506957,1.0,1.0,1.0,0.6512925516596336,1.0,0.9813526140956166,0.0
gex_possorted_bam_1WGCZ:CAAGGGAGTAAAGCGGx-M2,0.2631053618562624,1.0,1.0,0.9624476079114938,0.2794719473907925,0.6632258117151691,1.0,0.8018574742932905,1.0,0.7050934349319414,0.8710381115903761,1.0,1.0,1.0,0.37701782515769044,1.0,1.0,1.0,1.0,0.0,0.0,0.0,0.02009992776933158,0.0,1.0,1.0,1.0,1.0,1.0,1.0,1.0,0.17729891570513617,0.0,0.773881475859372,1.0,0.4014272973126541,1.0,0.27766196630249795,0.258816315350888,1.0,0.4532646119290322,1.0,1.0,1.0,0.30087366328460907,0.6315395343455301,1.0,1.0,1.0,0.6451928846229177,1.0,0.9424390826589892,0.0
gex_possorted_bam_1WGCZ:CAATCGCCATTAAGTCx-M2,1.0,1.0,0.0,1.0,1.0,1.0,0.20890407130396224,0.964154391450912,0.0,1.0,1.0,0.5807671382004643,0.906701355644314,0.423330295590479,1.0,0.7018743507883134,0.6301918036649482,1.0,1.0,0.6630592690177245,1.0,1.0,1.0,1.0,0.5489744127954072,0.9486350873010325,0.0,1.0,1.0,1.0,1.0,1.0,1.0,1.0,0.0,1.0,0.04434088687926489,1.0,1.0,0.0,0.6282215792149458,0.028220645400821566,0.6172948742533694,0.13256734639913878,1.0,1.0,0.17283055266185976,0.0,0.9593479015265739,1.0,0.8859737259089026,1.0,1.0
gex_possorted_bam_1WGCZ:CAATAAGCACAGGGACx-M2,1.0,0.8294066407555881,0.49766796446170275,0.9014366709495637,1.0,0.7739765729617718,0.38120075573547424,1.0,1.0,1.0,0.0,0.6553750802906427,0.9178697946376045,0.2382484006468642,1.0,0.0,0.0,0.0,0.5151184630772933,0.9565014986055437,1.0,1.0,1.0,1.0,0.41441363998455816,0.9537728808070247,0.0,0.8264779042325227,0.7781092336104317,1.0,0.418872297068342,0.9450636000452528,1.0,0.8902043669516827,0.0,0.9490696100064314,0.09390085513694381,0.9191956358060194,0.9529893873799915,0.0,1.0,0.3308498003435194,0.7174481369903626,0.3681169913800372,1.0,0.9802584542707284,0.2619232973682302,0.0,0.9073782259095508,1.0,0.9416979391947893,0.8306393766354244,0.948359587403253
gex_possorted_bam_1WGCZ:CACATTAAGCTGGACCx-M2,1.0,1.0,1.0,1.0,1.0,0.43279002862724053,0.0,1.0,0.48906842111791604,1.0,0.0,1.0,0.953867661328657,0.3926460859061396,1.0,0.08978999415636599,0.0,0.0,0.20337518662094228,0.460782088778898,0.5655723731041644,0.7152467484615466,1.0,0.9574575987252804,0.30422769734732075,1.0,0.014069771987813756,1.0,0.6164055060939734,1.0,0.0,1.0,1.0,1.0,0.0,0.9903710582577567,0.07979199401167034,1.0,1.0,0.0,1.0,0.1366542918317938,1.0,0.5753477165533794,1.0,1.0,1.0,0.0,1.0,1.0,0.9968965667135626,0.9939480085022346,0.0
gex_possorted_bam_1WGCZ:CAAGGCTGTTTACGTCx-M2,0.0,0.5935668707033039,1.0,0.43648371228127314,0.0,0.2262659797507933,1.0,0.22112224683355705,1.0,0.7437309682491707,1.0,1.0,1.0,1.0,0.07505218099463833,1.0,1.0,1.0,1.0,0.0,0.0,0.0,0.0,0.0,1.0,0.721091715506602,1.0,1.0,0.4659290331760756,0.7872672233013914,1.0,0.0,0.0,0.446708930300269,1.0,0.0,1.0,0.029223308938577955,0.0,1.0,0.21501067903423787,1.0,1.0,1.0,0.0,0.2829535795115309,1.0,1.0,0.7736719462235038,0.051535972570182026,1.0,0.49444414049125834,0.0
gex_possorted_bam_1WGCZ:CACCTGTTCGAGCTATx-M2,1.0,0.9485138629915434,0.0,0.9505324827404124,1.0,1.0,0.3232469383459931,1.0,0.3183662157976839,0.8902642817429499,0.7028281112994368,0.3272352910744834,0.7490052861547348,0.40034770796928304,1.0,0.43401380832438236,0.34197721052160496,1.0,1.0,0.5033687554226883,1.0,1.0,1.0,1.0,0.6713292801048995,0.8818875599036229,0.0,0.8890628165343036,1.0,1.0,0.7581323786422108,0.998895785204665,1.0,1.0,0.0,1.0,0.18845952819941916,1.0,1.0,0.0,0.9000407558419498,0.21960890380969322,0.6266877493914681,0.0,1.0,1.0,0.14539057851326498,0.0,0.9118389147891082,0.9626640325873235,0.8856733571463067,1.0,0.8606860860791107
gex_possorted_bam_1WGCZ:CAAGCTAGTCGTTACTx-M2,1.0,1.0,1.0,1.0,1.0,0.999602799508462,0.1261727785338895,1.0,0.0,1.0,0.0,1.0,1.0,0.7129202199538893,1.0,0.3511736341382273,0.0,0.0,0.7514452497716089,0.772419930728492,1.0,1.0,1.0,1.0,0.5263579746907863,1.0,0.0,0.9765953647721883,0.9232254249990879,1.0,0.17449888392565313,1.0,1.0,1.0,0.0,1.0,0.3772823395859644,1.0,1.0,0.0,1.0,0.12607847300855504,0.4795195728822053,0.6835962310531919,1.0,1.0,0.6840358550192501,0.09363749864358761,1.0,1.0,1.0,1.0,0.8283886860082862
gex_possorted_bam_1WGCZ:CAATGTGGTCATAACGx-M2,1.0,0.908612431652917,0.0,1.0,0.9750639852633155,1.0,0.582212370798074,1.0,0.5126623532914827,1.0,0.5528515814519189,0.8713663668451774,0.9755174592974825,0.5903601846366412,1.0,0.49194359996137094,0.25497879150483155,1.0,1.0,0.9278144030454822,1.0,1.0,1.0,1.0,0.858258594705736,1.0,0.0,0.9577526418215339,1.0,1.0,1.0,1.0,1.0,1.0,0.0,1.0,0.14983285990162556,1.0,1.0,0.0,0.872735620234004,0.0,1.0,0.2523632949604888,1.0,1.0,0.6123299624053342,0.0,1.0,1.0,1.0,1.0,0.9912151616846074
gex_possorted_bam_1WGCZ:CACAGGCTCTACCTGCx-M2,0.982500235864895,0.928492263451764,1.0,1.0,1.0,0.31725163115362837,0.0,1.0,0.9180846259351763,1.0,0.0,1.0,1.0,0.605740685019979,1.0,0.25001424115277615,0.0,0.0,0.0,0.0,0.0,0.41943583532058826,1.0,0.504014879993015,0.6084654691377784,1.0,0.0,0.8085209828580538,0.7330663428050112,1.0,0.0,1.0,1.0,1.0,0.0,0.9407056505138014,0.0,1.0,1.0,0.0,1.0,0.0,1.0,0.9275898029666271,0.9550540267313391,1.0,1.0,0.0,1.0,1.0,1.0,1.0,0.0
gex_possorted_bam_1WGCZ:CAATGTCAGTGAACAGx-M2,1.0,0.8299132699771565,0.0,0.868245329862905,0.8152179533420908,0.7461910013576759,0.4342265312865256,1.0,0.605783607953182,0.841242274963999,0.0,0.9618775882226436,0.6330371950097192,0.6383362180231188,0.8740757269883342,0.084551593213611,0.0,0.0,0.5308111980968718,0.4606451720452549,1.0,0.9804065056377994,0.9367032075490849,1.0,0.41394154210218065,0.7926336945851011,0.017279595012799978,0.8360546590609779,1.0,0.799263759711167,0.29017479591293316,1.0,0.9768106262520421,0.9531632391141336,0.009381213884637722,0.9831658987556149,0.42535179791075745,0.9514010674716783,0.8611709467635039,0.04162589866920505,1.0,0.42190709232033907,0.5613464193377499,0.0,1.0,0.8914983671393052,0.10729046026785843,0.0,0.7533498272261027,1.0,0.8955251845060173,0.8072896132173535,0.912492046565206
gex_possorted_bam_1WGCZ:CAATAAGCAGTACCGTx-M2,0.982031252193432,0.6142437567049284,0.0,0.8628404586172695,0.8455759511853448,0.9603389370393794,0.4113715050386496,0.9607665736574019,0.29102847975472773,0.6769066376879301,0.180295065688746,0.4181999452934763,0.7414998101194548,0.398823470421807,0.8247279805306651,0.18467634286881957,0.04080335570922204,0.580795184782728,0.7686109492911901,0.5378566874633703,1.0,1.0,0.864373735363946,1.0,0.5319756956991694,0.6954076756222892,0.03599786708249568,0.6843651392095953,0.5980537235162483,0.7467282227225607,0.04912462012196434,1.0,0.9213303764747943,0.8857891697241854,0.0,0.920672537242911,0.15012707895435234,0.8463088850468575,0.8319007935550262,0.02067078967469393,1.0,0.2527886391966788,0.5253868408232636,0.0,1.0,0.8458103478135918,0.061818094974313696,0.13265620271358333,0.6727687943126257,0.8011596706929347,0.8025768304054677,0.8008384658942982,0.6846394189375167
gex_possorted_bam_1WGCZ:CACATACAGCAAGGTAx-M2,1.0,1.0,0.0,0.927084341847784,1.0,1.0,0.7382235138697699,1.0,0.60361027459157,1.0,0.0,0.38285808490058937,0.8794733178155395,0.0,1.0,0.5921457654006668,0.0,0.37637049118087285,0.8657637042747052,1.0,1.0,1.0,1.0,1.0,0.9014180447597816,0.8065732271089778,0.02490084851648447,0.9836672025335622,1.0,1.0,1.0,0.8791996403559078,0.9813348306211818,1.0,0.0,1.0,0.6374962045110835,0.9425224164433126,1.0,0.18340996535996446,1.0,0.32427772235598556,0.6364517178849419,0.917366661603429,1.0,0.9738373697990192,0.34630829272235075,0.0,0.9017923227889549,1.0,0.8154024797712361,1.0,1.0
gex_possorted_bam_1WGCZ:CACGCAATCTGTGCAGx-M2,0.0844393509341374,1.0,1.0,0.9075374896695969,0.0,0.0,1.0,0.67024333808489,1.0,1.0,0.0,1.0,1.0,1.0,0.21138195530256063,1.0,0.07268415200571425,0.0,1.0,0.0,0.0,0.0,0.0,0.0,1.0,1.0,1.0,1.0,1.0,0.9521853569687997,1.0,0.0,0.0,0.7303365201236169,1.0,0.23890413213012054,1.0,0.1847837974106807,0.17845547937417952,1.0,0.32854559583849263,1.0,1.0,1.0,0.11165648873863823,0.49988106751242417,1.0,1.0,1.0,0.5430368825522096,1.0,0.9921251459255236,0.07049255191486163
gex_possorted_bam_1WGCZ:CAATCCCTCTAAGTGCx-M2,0.06968709665852234,1.0,1.0,1.0,0.11951105320779408,0.0,1.0,0.8925793802192974,1.0,0.9361749090001614,0.0,1.0,1.0,1.0,0.174187251284106,1.0,0.0,0.0,1.0,0.0,0.0,0.0,0.0,0.0,1.0,1.0,1.0,1.0,1.0,0.4419907229373127,1.0,0.45199412945958645,0.0,1.0,1.0,0.27056605376659915,1.0,0.0,0.0,1.0,0.11237435611614624,1.0,0.8428348342395299,0.0,0.0,0.5270652187113508,1.0,1.0,1.0,0.7577251769107198,1.0,1.0,0.3678552580186764
gex_possorted_bam_1WGCZ:CACGCTAAGGCGCACTx-M2,0.04607003990293137,1.0,1.0,0.9617083516919306,0.0,1.0,1.0,0.6483731657805928,1.0,0.8656899789605701,1.0,1.0,1.0,1.0,0.20830854106827662,1.0,1.0,1.0,1.0,0.0,0.0,0.0,0.0,0.0,1.0,1.0,1.0,1.0,1.0,1.0,1.0,0.0,0.0,0.6746506154528069,1.0,0.3013185224788031,1.0,0.19279836284335874,0.13314229198307267,1.0,0.20291463607528795,1.0,1.0,1.0,0.1267103506848716,0.5334774926980823,1.0,1.0,1.0,0.4450163397615928,1.0,1.0,0.0
gex_possorted_bam_1WGCZ:CAAGCTAGTACTTAGGx-M2,1.0,0.9896099513514185,0.0,1.0,1.0,1.0,0.6556664456014734,1.0,0.8381938980208186,1.0,0.1809367931741488,0.8261227799457864,1.0,0.23472771875818244,1.0,0.4199939843221021,0.0,0.8097621003442889,1.0,0.9550349878553378,1.0,1.0,1.0,1.0,0.7626104992924994,0.9679129616238362,0.0,1.0,1.0,1.0,0.8108735628314067,1.0,1.0,1.0,0.0,1.0,0.40735810882104645,1.0,1.0,0.0,1.0,0.08990292512819391,0.7478090788740224,0.3521087622027135,1.0,1.0,0.14161160472801596,0.0,1.0,1.0,1.0,1.0,1.0
gex_possorted_bam_1WGCZ:CAAGTGAAGTTCCTGCx-M2,0.8896398511722785,0.9663449418817754,0.0,0.8208004061913461,0.7275240914604734,1.0,0.43557740180423665,0.8809753150978841,0.2135567549078832,0.9243617858938071,0.662207253782568,0.44000505863720096,0.740121009827315,0.4120437573661883,0.9713225894784508,0.26985115495632206,0.43501891531020587,1.0,0.8502488082480153,0.6496070027914391,1.0,1.0,0.8194262081940789,1.0,0.5753536931822466,0.648593487939432,0.0,0.7131767208886274,0.8973138860890779,0.7876312271838835,1.0,0.7933508238653391,0.8797805918695979,0.8689540216158363,0.07011660949981033,1.0,0.13757012862650897,0.8510358465747264,0.8997364945058669,0.24043252089556832,0.6991556740908644,0.22795370672251247,0.456295947300058,0.4817769049412663,1.0,0.8776961497711058,0.20177921086807168,0.10198500566137171,0.803066281063212,0.934076885260069,0.785585779622462,0.9211957047925141,0.8428154919878242
gex_possorted_bam_1WGCZ:CAATGTGGTTAACGGCx-M2,1.0,0.9647973796953911,0.0,0.9528438077409656,0.9225535102000446,1.0,0.41907764703674205,1.0,0.27033851132449,0.8412144501312615,0.2007144952407604,0.474665495102987,0.912307341896816,0.2986564716595008,0.9509274890556115,0.10394438135508739,0.0,0.7389093561117656,0.9297502336405613,0.6714303786327908,1.0,1.0,1.0,1.0,0.7598719950732007,0.8584455594466165,0.0,0.7361926665096397,0.776513522668891,0.8565580767119978,0.5782480411385129,1.0,1.0,1.0,0.0,1.0,0.09716938573476562,1.0,1.0,0.02599623517293177,1.0,0.024468290514736916,0.5546072881709097,0.015919303323610134,1.0,1.0,0.15995659023585387,0.0,0.8395833637912451,0.9886319123459293,0.8343797841487824,1.0,0.921651669109434
gex_possorted_bam_1WGCZ:CACATACAGGCACAGGx-M2,0.05338332177279417,1.0,0.9804901435007372,0.9925857898765379,0.13600881472397722,0.0,1.0,0.7027439284268613,1.0,0.8998694182070733,0.0,1.0,1.0,1.0,0.19029547062944607,1.0,0.0,0.0,1.0,0.0,0.0,0.0,0.0,0.0,1.0,1.0,1.0,1.0,1.0,1.0,1.0,0.2763457127785245,0.0,1.0,1.0,0.29276739470927904,1.0,0.0,0.010165223633455393,1.0,0.0,1.0,1.0,0.2282598945295985,0.03478327795272364,0.5918701558649384,1.0,1.0,1.0,0.8240481292939994,1.0,1.0,0.2888089895052308
gex_possorted_bam_1WGCZ:CAAGTGAAGATTGAGGx-M2,0.08062438958869289,1.0,1.0,1.0,0.023053600577096146,0.0,1.0,0.8240441331165604,1.0,0.7884647721566778,0.021521027561253493,1.0,1.0,1.0,0.1419246997627975,1.0,0.20125754448458474,0.23899317907523088,1.0,0.0,0.0,0.0,0.0,0.0,1.0,1.0,1.0,1.0,1.0,0.8505855538317671,1.0,0.0,0.0,0.7730708792072837,1.0,0.2620943216171408,1.0,0.10538383897813737,0.07982538405050538,1.0,0.1185298680710862,1.0,1.0,1.0,0.014909985971647196,0.5497488141302387,1.0,1.0,1.0,0.6459855722669775,1.0,1.0,0.0
gex_possorted_bam_1WGCZ:CAAGTTATCATGTTTCx-M2,1.0,0.9098116783903702,0.0,0.8557863748883179,1.0,1.0,0.0777934584119458,0.9379714597537011,0.2501432082464816,0.9604420983435614,1.0,0.5260777482781742,0.7815190593384771,0.5332325359886109,0.9604322325129834,0.5790218436972858,0.839667948120292,1.0,1.0,0.2862550737425499,1.0,1.0,0.9774996484249259,1.0,0.5957622350082467,0.8045822615548319,0.0,0.8559713914354965,0.7747051470620109,1.0,0.44155266041548025,1.0,0.9598518233538571,0.9523837734249792,0.0,1.0,0.0048259580024906995,1.0,0.9565120538304709,0.0,0.29770795009576617,0.27398938927512345,0.42028643502021784,0.0,1.0,0.9444464827761067,0.0,0.0635476929506425,0.748704111221234,1.0,0.5399494772891059,1.0,0.8641546112668342
gex_possorted_bam_1WGCZ:CAAGTTATCCGCAAATx-M2,0.9790453517377818,1.0,1.0,1.0,1.0,0.5292629920635233,0.0,1.0,1.0,1.0,0.0,1.0,0.9227066327373739,0.8743403984044269,1.0,0.0,0.0,0.0,0.0,0.2674574415470479,0.29836903555404976,0.6973033729717543,1.0,0.7293001800088781,0.9550517841519809,1.0,0.0,0.9925879458101278,0.5663778836830017,1.0,0.0,1.0,1.0,1.0,0.0,0.9991530580018994,0.0,0.9626042024689383,1.0,0.0,1.0,0.023510712732911332,1.0,0.6298324166587895,0.801844189742251,1.0,0.8624365650594366,0.0,1.0,1.0,0.7105369019405892,1.0,0.5349371585296624
gex_possorted_bam_1WGCZ:CACCGGTAGCAGGTGGx-M2,1.0,0.550079010707001,0.0,0.9512047994510789,1.0,1.0,0.0,0.8848470156000847,0.0,0.9524362330201336,0.3755484539383065,0.5902198119601304,0.8053696197771452,0.0,0.9981974980529481,0.0,0.0,0.7313104191353689,0.8670230977409014,0.9779695370690512,1.0,1.0,1.0,1.0,0.39312130098098047,0.8205919953880229,0.0,0.7003656402604849,0.21054288734258847,1.0,0.7523143429901668,1.0,0.962081957420653,1.0,0.0,1.0,0.0,1.0,0.9066222038688597,0.0,1.0,0.03602259773509249,0.7091791370340612,0.0,1.0,0.8455062464126435,0.22907958359507213,0.0,0.8328363260045347,0.8291702741322337,0.6289641532294088,1.0,0.6841273477474127
gex_possorted_bam_1WGCZ:CACAATATCCTAAGTAx-M2,1.0,1.0,1.0,1.0,1.0,1.0,0.0,0.9151806855064517,1.0,1.0,0.0,1.0,1.0,0.2997472339817213,1.0,0.020357440153270748,0.0,0.0,0.16051696452365,0.5359481884341564,0.8133965468578638,1.0,1.0,0.9784958291850094,1.0,1.0,0.0,1.0,0.8293462468750157,1.0,0.0,1.0,1.0,1.0,0.0,1.0,0.0,1.0,1.0,0.0,1.0,0.07251244683739755,1.0,1.0,1.0,1.0,1.0,0.0,1.0,1.0,0.8146230474038645,1.0,1.0
gex_possorted_bam_1WGCZ:CAAGGCCTCAATAGCCx-M2,0.0,1.0,1.0,0.6302707462530739,0.049754454310143574,0.558665916634543,1.0,0.22304373216094175,1.0,0.41945774055979906,1.0,1.0,1.0,1.0,0.09518184221351068,1.0,1.0,1.0,1.0,0.0,0.0,0.0,0.0,0.0,1.0,0.7988319056317738,1.0,1.0,1.0,0.653664038102034,1.0,0.0,0.0,0.4401345948671969,1.0,0.011609191012513766,1.0,0.020482859801989065,0.0,1.0,0.12715645320357005,1.0,1.0,1.0,0.0,0.27899460507354423,1.0,1.0,0.7278878786130826,0.2323354379741183,1.0,0.6244043460443246,0.0
gex_possorted_bam_1WGCZ:CAATCTAAGCTAATTGx-M2,0.950042489087497,1.0,1.0,1.0,1.0,0.9671005313037574,0.0,1.0,1.0,1.0,0.0,1.0,1.0,0.730643122476019,1.0,0.23930304427296648,0.0,0.0,0.0,0.3380095990596406,0.16766637335034099,0.6994282699744596,1.0,0.5215010232629765,1.0,1.0,0.0,1.0,0.8787768493834767,1.0,0.0,1.0,1.0,1.0,0.0,1.0,0.0,1.0,1.0,0.0,1.0,0.0,1.0,1.0,1.0,1.0,1.0,0.0,1.0,1.0,1.0,1.0,1.0
gex_possorted_bam_1WGCZ:CAAGGTAAGCTCAAACx-M2,0.2983230993797504,0.6969042060316479,1.0,0.431735462622684,0.0,1.0,1.0,1.0,0.049364154100235653,1.0,0.0,1.0,0.18396141947771863,1.0,0.7260072144649667,0.7391793124490781,1.0,1.0,1.0,1.0,0.5537297907700747,0.0,0.8507491584484574,0.02284437721086055,0.1782952352700054,0.26794032687609215,0.07632948207729069,1.0,1.0,0.7296030407315205,0.0,0.0,0.5440794980163949,0.1135986078650442,1.0,0.9247034315391424,0.2010884548620498,0.880146970704235,1.0,0.43090736984419764,1.0,1.0,1.0,0.13413678569652626,1.0,0.1704499072870477,1.0,0.5033470326139352,0.38853004361152826,1.0,0.0,0.04663551449571402,1.0
gex_possorted_bam_1WGCZ:CAATCTAAGGGACCTCx-M2,1.0,1.0,0.5736631458591642,1.0,1.0,1.0,0.5194601022255154,1.0,0.6416929673037887,1.0,0.07114883282671948,0.820161714412805,1.0,0.6621996393282742,1.0,0.41868618777015626,0.0,0.4999879622232264,1.0,0.831802126536422,1.0,1.0,1.0,1.0,0.8165490472454571,1.0,0.0,1.0,1.0,1.0,1.0,1.0,1.0,1.0,0.0,1.0,0.3701869093457815,1.0,1.0,0.0,1.0,0.3168405135173876,1.0,0.9379150553849098,1.0,1.0,0.572988170946481,0.0,1.0,1.0,1.0,1.0,1.0
gex_possorted_bam_1WGCZ:CACCTCAGTTTAGCGAx-M2,0.5815997360950097,0.28399207479661404,0.0,0.6062938455394463,0.0,0.0,1.0,0.8462380614151044,0.48505436450468997,0.3521125350141186,0.0,1.0,0.0,0.0,0.7539555491279459,0.5090374044150209,0.0,0.0,0.0,1.0,0.4391409216790555,0.4970306802684038,0.5228134007269574,0.9100773055464009,0.15214130788353278,0.24748536488750808,0.2946684038356075,0.12011531282446068,0.5676151736785574,0.5939541082393249,0.2947874964622962,0.0,0.6577403807596023,0.6588515139832578,0.28580787044528255,0.5746445124535626,0.4364073471497933,0.4129072718772924,0.5539121399039589,0.4317383825911304,1.0,0.2482391129592265,0.36762619758416504,0.575532983483752,0.6231761115827411,0.5444184541093464,0.07336369058191368,0.0,0.4624877622101287,0.6445205331414174,0.21743033525844843,0.39847837597759206,0.007668411247806831
gex_possorted_bam_1WGCZ:CAGGTGGAGTATCGCGx-M2,1.0,0.734576696185423,0.0,1.0,0.8425157393130277,0.7265321720550867,0.7417473549961479,1.0,0.5295974956536229,0.9088911578760364,0.0,1.0,0.5112540308688887,0.6635066971219299,1.0,0.5141430374558509,0.0,0.0,0.6592339854841407,0.3891033338809072,1.0,1.0,0.9890063409850344,1.0,0.7300154317051102,0.911229398037293,0.0,0.7310561459063484,0.8978858923981685,0.9853149116658788,0.11989289217518471,1.0,1.0,1.0,0.0,1.0,0.16902362908569288,1.0,0.9622872261619272,0.025821945016169176,1.0,0.2679484684299557,0.8608977607296449,0.0,1.0,1.0,0.1924714991399667,0.0,0.8844237815200258,1.0,1.0,0.9689908669878118,0.011016543235821186
gex_possorted_bam_1WGCZ:CAGGTTTAGTTGTCTTx-M2,0.5794216879195203,0.42407130314837665,0.19551400754593345,0.5166664425324531,0.918445383119975,1.0,0.14829423978976003,0.5005262194718249,0.02596727184643182,0.8075499751938149,0.6595849209989716,0.05689181031852817,0.3006254854415634,0.0636683317388586,0.761456624896424,0.2679359448336078,0.5881496921677937,0.9574886655368995,0.2405782696568348,1.0,1.0,1.0,0.6762461163527937,0.9868951644868602,0.03647358398017236,0.38819797472032813,0.08706456746714246,0.4452464108420164,0.3970760895915122,0.7387092860240287,0.8019825155806996,0.3801866414775285,0.6326960297450454,0.5030431391360779,0.16620938368488494,0.675066936568082,0.01607052404176293,0.45963659737158324,0.6229980555521952,0.20064881137247595,0.6719321454071749,0.22275420885975625,0.29302475144322004,0.5965675612262318,0.742060898705908,0.5895006110361996,0.0,0.10265270119793614,0.5372532794580515,0.7740309381722227,0.2892479926260288,0.5520584306969872,1.0
gex_possorted_bam_1WGCZ:CATAATCCAAAGCGCAx-M2,0.08761565164233258,1.0,1.0,0.9298771544006175,0.0018130379438217334,0.0,1.0,0.7969766604794988,1.0,0.8381324085751575,0.0,1.0,1.0,1.0,0.2049980902886853,1.0,0.0,0.0,1.0,0.0,0.0,0.0,0.0,0.0,1.0,1.0,1.0,1.0,1.0,0.728264601539056,1.0,0.13112446936532104,0.0,0.8345431361756573,1.0,0.2536009505868479,1.0,0.06984756874653189,0.09540724316710614,1.0,0.2251052941996176,1.0,1.0,1.0,0.030620193514870924,0.5390982876761294,1.0,1.0,1.0,0.6309921739416392,1.0,0.9664746460240915,0.0
gex_possorted_bam_1WGCZ:CAGAATCTCCGTCCATx-M2,0.9443464162788675,1.0,0.0,0.944845911308588,0.307286304950525,0.6876909447693724,1.0,1.0,0.6865936611495908,1.0,0.0,1.0,0.923891340023944,0.9719202787206439,1.0,0.6236600801027582,0.0,0.0,0.47338082167297885,0.42446713618138543,0.8961632682682352,0.6118900302523991,0.8227889011883105,1.0,0.9709730646206535,0.9142313079632393,0.0,1.0,1.0,0.737867252571203,0.8952293829014067,0.9130151071822972,0.9439568538764957,1.0,0.025521722025805438,1.0,0.6659631606051152,1.0,1.0,0.47431939885994256,1.0,0.8069203387824166,0.5511428054263493,0.1430825509496134,1.0,0.978202825436315,0.4266876401602216,0.17259342793794913,0.9296718591372496,0.9868553865869776,0.9793195064522769,0.8773034552655021,0.2091937789134581
gex_possorted_bam_1WGCZ:CATAGACTCTTGTCTGx-M2,1.0,1.0,0.0,1.0,1.0,1.0,0.3118671525879898,1.0,0.23334296731342902,1.0,0.6421296694777207,0.7223413603206256,0.9794797334460645,0.3197958610768568,1.0,0.2514891511008011,0.1864865431599746,1.0,1.0,0.7092003863226686,1.0,1.0,1.0,1.0,0.6413470643263958,1.0,0.0,1.0,0.7324015364207875,1.0,1.0,1.0,1.0,1.0,0.0,1.0,0.04062700270994707,1.0,1.0,0.0,1.0,0.28960498737984763,0.6339268890944408,0.03556458183820881,1.0,1.0,0.4911137720469101,0.0,0.9917189915412685,1.0,0.9976551579265834,1.0,1.0
gex_possorted_bam_1WGCZ:CATCAATCAGAGGCTAx-M2,0.6344477976956703,1.0,1.0,0.8128898146896991,0.5118727341327504,0.9943541315324476,1.0,0.9604561450344906,0.8411920003388287,1.0,0.0,0.8904014281490542,1.0,1.0,0.7478191286453141,1.0,0.0,0.6830835383649998,0.759161448227924,0.20924362108615963,0.3664550662620938,0.5726840551547794,0.5089707963416601,0.9042683521225982,1.0,0.7806183437551926,0.0,1.0,0.6518968626607209,0.9015977188433889,1.0,0.44289044819924306,0.6358956863338195,0.7199963112043203,0.19959457861234697,1.0,1.0,0.9155942036130734,0.8752280799062181,1.0,1.0,0.36189004961859733,1.0,1.0,0.8336124784071985,0.8456429259499515,0.0,0.31056608087480975,0.9039277643575976,0.8218934934890887,1.0,0.8976927670186761,0.7202052223183356
gex_possorted_bam_1WGCZ:CAGAACCGTCTTACTAx-M2,1.0,1.0,0.21045575713076148,1.0,0.9386702512815847,0.6543605800172773,0.7961402300007674,1.0,0.7289359355748313,1.0,0.0,1.0,0.9023370405858577,0.631707725691434,1.0,0.0,0.0,0.0,0.39129921910746124,0.6459611697286956,1.0,0.7959074498847876,1.0,1.0,0.6559343772722201,1.0,0.0,0.9400233934071968,0.6505914227730025,0.8249529841036418,0.5170864925917126,1.0,1.0,1.0,0.020812820537994135,1.0,0.4498670795978463,1.0,1.0,0.07840329519818967,1.0,0.6871589809960018,0.5518849464544328,0.26257818427307367,0.9927410215551496,0.9637709490551593,0.9877693641729363,0.0,0.961098398951166,1.0,0.9179335504774621,0.832198746729928,0.4094755361902203
gex_possorted_bam_1WGCZ:CAGGTTAGTGACATGCx-M2,0.7587320620226748,0.5383407654076905,0.13230525706693233,0.658365479406971,0.6047430286680737,0.6156443728288176,0.26859229503419196,0.7416203552444974,0.7071035789111344,0.6703940191236567,0.0,0.5369136731174327,0.5304893949924575,0.01569610076663767,0.7794896578048632,0.1314617161046339,0.0,0.16441546984093544,0.2936126345249167,0.8331366131618478,0.8814142830747557,0.9018705932174161,0.7306486871095589,0.7889471011314299,0.3196748677919394,0.6015179127522237,0.038031824112038266,0.4722241088834542,0.5306933483801257,0.5796002892894928,0.19260429370725105,0.6258973122390973,0.7633961353233778,0.6932703311161461,0.1364967781030546,0.740347212240398,0.31160890614205183,0.7270138192777371,0.6508134650425352,0.07096942376385905,1.0,0.18112218266029606,0.4300875467849246,0.0,0.7123451079945111,0.6884033254542131,0.24256044674832664,0.13593704800542,0.5725916689882781,0.8016624936836612,0.6100840141257607,0.6050934970752322,0.8096600827026141
gex_possorted_bam_1WGCZ:CAGGTTTAGTTAGAGGx-M2,1.0,1.0,0.0,0.9894838439690746,1.0,1.0,0.5643314706622053,1.0,0.6225723607345197,1.0,0.20769655524644612,0.8145060817571814,1.0,0.5679027723240522,1.0,0.6867021826050383,0.021257003551761435,1.0,1.0,0.6396126493547197,1.0,1.0,1.0,1.0,0.8287412523282328,0.9361193984788927,0.0,0.9988688365913089,1.0,1.0,1.0,1.0,1.0,1.0,0.0,1.0,0.43041918442832205,1.0,1.0,0.09411399740749461,0.7210023928876597,0.31273286159780095,0.6032613025574517,0.2063438815555566,1.0,1.0,0.2480412052323596,0.029172059096904884,1.0,1.0,0.8525377534272084,1.0,0.9843902893000275
gex_possorted_bam_1WGCZ:CATATCGCAGCTACGTx-M2,0.11240551539130846,1.0,1.0,0.9903722317902947,0.03876199766411671,0.06107408227990509,1.0,0.6866995576645454,1.0,0.9531823441411778,0.3170663979594049,1.0,1.0,1.0,0.21656648841904114,1.0,0.6697502869698677,0.6645677117522193,1.0,0.0,0.0,0.0,0.0,0.0,1.0,1.0,1.0,1.0,1.0,0.8953873834155085,1.0,0.3996292857595562,0.0,0.7744231024812309,1.0,0.2794458557230156,1.0,0.21254398252475223,0.19963067492760833,1.0,0.5426745596612236,1.0,1.0,1.0,0.07857074123614845,0.5394478306444139,1.0,1.0,1.0,0.6347683526335911,1.0,1.0,0.0
gex_possorted_bam_1WGCZ:CAGGGTGAGCAAGGGTx-M2,1.0,0.8347723857565934,1.0,0.9974390546491487,1.0,0.7734526766934755,0.0,0.8283384544767339,0.762283244284894,1.0,0.21258034299710846,1.0,0.9891308085218357,0.5154615550331946,1.0,0.5445975747044742,0.10024352344463351,0.0,0.6104257593990725,0.6802872217073239,0.6781955724249258,0.99893189230663,1.0,0.8254399980850782,0.6793197487944268,1.0,0.07552656494756461,0.0,0.0,1.0,0.5220924694433932,1.0,1.0,0.8699606241728279,0.12828782771571234,1.0,0.0,0.9595784192982549,1.0,0.0,1.0,0.22823710058764426,0.9172635150603748,0.0,1.0,1.0,1.0,0.0,1.0,1.0,1.0,1.0,1.0
gex_possorted_bam_1WGCZ:CAGTATGGTTGCACGGx-M2,1.0,1.0,0.570444873593983,1.0,1.0,1.0,0.27565238710127915,1.0,0.6079397331882391,1.0,0.0,0.9507687519933906,1.0,0.2778983848066697,1.0,0.17379845205426647,0.0,0.5680862572356059,1.0,1.0,1.0,1.0,1.0,1.0,0.5329224323936863,1.0,0.0,1.0,1.0,1.0,0.9671651201191406,1.0,1.0,1.0,0.0,1.0,0.15262273208882832,1.0,1.0,0.0,1.0,0.40600420253842223,0.7175304114734397,0.7288554743371546,1.0,1.0,0.6345867598966793,0.008024910037445779,1.0,1.0,1.0,1.0,1.0
gex_possorted_bam_1WGCZ:CACGCTAAGGCTACATx-M2,0.7534309126147959,1.0,1.0,1.0,1.0,0.3550928189774693,1.0,1.0,1.0,1.0,0.0,0.1608171003087805,1.0,0.9369352997558162,0.8884319195621533,0.0,0.0,0.0,0.44930637076953334,0.2657167666332896,0.0879250799580835,0.3261517833833406,1.0,0.0,1.0,1.0,0.6375550645588595,0.46296801758251654,1.0,0.3327174015134813,0.0,1.0,1.0,1.0,0.2708927292233159,0.8685320495957022,0.0,1.0,1.0,0.12268982078772842,1.0,0.06314183150338107,0.8048721595366121,1.0,0.264853085926755,1.0,1.0,0.0,1.0,1.0,0.7957823311418625,0.9748001736490791,0.11180863568731236
gex_possorted_bam_1WGCZ:CAGGACACATAGCGGAx-M2,0.08635261503778575,1.0,1.0,0.9276108997112535,0.0,0.09243436732072252,1.0,0.9087084073254854,1.0,0.6790238153405397,0.3555038594203552,1.0,1.0,1.0,0.13861424898320615,1.0,0.786626724125559,1.0,1.0,0.0,0.0,0.0,0.0,0.0,1.0,1.0,1.0,1.0,1.0,0.962371859389639,1.0,0.0,0.0,0.78418843125008,1.0,0.2714024416093102,1.0,0.057590511267453674,0.0,1.0,0.0747823229123177,1.0,1.0,1.0,0.1454303661285295,0.5470782542126844,1.0,1.0,1.0,0.5170137395811882,1.0,0.892615551048781,0.0
gex_possorted_bam_1WGCZ:CACTTAAAGTAACAGGx-M2,1.0,1.0,0.10596669470055496,1.0,1.0,1.0,0.39650278551543944,1.0,1.0,1.0,0.020843315831375057,1.0,1.0,0.31928960941129436,1.0,0.3374407636355897,0.0,0.6976594478317846,0.9187691167643731,0.7164037989420086,1.0,1.0,1.0,1.0,0.6331619466823538,1.0,0.0,1.0,1.0,1.0,0.7107324814642842,1.0,1.0,1.0,0.0,1.0,0.1506741622358712,1.0,1.0,0.0,1.0,0.3427146485435955,0.868293719238924,0.5445927617025695,1.0,1.0,0.050918356866944535,0.0,1.0,1.0,0.8780550775641646,1.0,1.0
gex_possorted_bam_1WGCZ:CAGCTATAGGATTGAGx-M2,0.14865109396544304,0.5722951652359135,1.0,0.3799955423786598,0.0,1.0,1.0,1.0,0.433564002565891,1.0,0.3142697166897397,1.0,0.5218309542463138,1.0,0.7277687957201603,0.6950931374965362,1.0,1.0,1.0,1.0,0.41443543514138476,0.0,0.5700832951127637,0.2059799575294079,0.11785304024398933,0.17099414113948372,0.15754852392477284,1.0,1.0,0.47794497728898583,0.0,0.0,0.457348284007884,0.0,1.0,0.7782469259407331,0.17384849008044914,0.5869653399967343,0.8960328728980734,0.5635970551090573,1.0,1.0,0.509570355562032,0.0,1.0,0.0,1.0,0.5947376950798507,0.1703788729227447,1.0,0.0,0.0,1.0
gex_possorted_bam_1WGCZ:CAGCATTAGGTTACACx-M2,0.06898040184292403,1.0,1.0,1.0,0.1912753803083651,0.0,1.0,0.8660907560724598,1.0,0.8265344340527533,0.0,1.0,1.0,1.0,0.17731987960876405,1.0,0.0,0.0,1.0,0.0,0.0,0.0,0.0,0.0,1.0,1.0,1.0,1.0,1.0,0.8918076184259083,1.0,0.0,0.0,0.9063538518776124,1.0,0.29098230013562254,1.0,0.0529424082002971,0.0441949338078741,1.0,0.20913139862218627,1.0,1.0,1.0,0.051908664586353834,0.5438967254247902,1.0,1.0,1.0,0.7136920609936203,1.0,0.9762634650662542,0.0
gex_possorted_bam_1WGCZ:CAGCATTAGCTCGCTTx-M2,1.0,1.0,0.010954171591603255,1.0,1.0,1.0,0.48003252017715475,1.0,0.17749287589987592,0.8526236403088917,0.554070868749536,0.6911540268971654,0.5849035839170648,0.5807098341098007,1.0,0.17888291068687837,0.12173116425970956,1.0,1.0,0.48907055118840337,1.0,1.0,1.0,1.0,0.8414188780061916,0.8199203602369024,0.0,0.9299684098095604,0.768108404078263,1.0,0.4282182617328426,1.0,1.0,1.0,0.0,1.0,0.43026315678153,1.0,1.0,0.0,1.0,0.37428619253087686,0.5806172288236434,0.405553284225617,1.0,0.978552919531766,0.5474327856610544,0.034519005913407654,0.9006137126975302,1.0,0.8670585354683313,1.0,1.0
gex_possorted_bam_1WGCZ:CACTAGCCACCCACCTx-M2,1.0,1.0,0.0,1.0,0.9239320317613033,0.9469337284792853,0.3424835955484737,1.0,0.3360140413171138,0.9982829514281347,0.0,1.0,0.9507953576615508,0.4461751120160512,1.0,0.1611464914671814,0.0,0.025787873060711543,0.7259120375977968,0.6969592824526504,1.0,1.0,1.0,1.0,0.5334571950978937,0.9099655011889014,0.0,1.0,0.9019476996964461,1.0,0.6300436654321896,0.9016143089020227,1.0,1.0,0.0,1.0,0.19934523854321146,1.0,1.0,0.0,1.0,0.3835229524130617,0.9106597592560004,0.3036879116712694,1.0,1.0,0.37498572444294065,0.0,0.9081032367514131,1.0,0.8716284295147023,1.0,0.6555719829249248
gex_possorted_bam_1WGCZ:CACTTAAAGTGCACGCx-M2,1.0,1.0,0.0,0.9990707374022787,1.0,1.0,0.1209810728112801,1.0,0.3930070672538577,1.0,0.7365650255122,0.1336795795322093,1.0,0.5372136637152986,1.0,0.372156600202735,0.39110649477321974,1.0,1.0,0.6995651181548115,1.0,1.0,1.0,1.0,0.903677762270789,0.9956607801575668,0.0,0.9315122050495032,0.9132971297583597,0.9493138157734334,1.0,1.0,1.0,1.0,0.0,1.0,0.0,1.0,1.0,0.017769305083321783,0.8435334429381621,0.0,0.7791821071905409,0.14419777878507614,1.0,1.0,0.5632041296447923,0.03771386210252128,0.9879681465888722,1.0,0.8239363330805738,1.0,1.0
gex_possorted_bam_1WGCZ:CAGGTTAGTCACAGCGx-M2,0.07029245605783763,1.0,1.0,0.8980642816924526,0.08306093461502445,0.0,1.0,0.6225949235690122,1.0,1.0,0.0,1.0,1.0,1.0,0.2225635936238639,1.0,0.051267653112102136,0.0,1.0,0.0,0.0,0.0,0.0,0.0,1.0,1.0,1.0,1.0,1.0,1.0,1.0,0.20502389350142886,0.0,0.733129905896238,1.0,0.2566499775236775,1.0,0.281767329783752,0.2516141869675591,1.0,0.0722358942529769,1.0,1.0,1.0,0.09447814838117308,0.5126911699143734,1.0,1.0,1.0,0.461124440299964,1.0,1.0,0.0
gex_possorted_bam_1WGCZ:CAGCCTTTCTTAGCCCx-M2,1.0,1.0,1.0,1.0,1.0,1.0,0.0,0.9389390489413788,0.8870968229138855,1.0,0.0,1.0,1.0,0.18052283562121513,1.0,0.10659423606086613,0.0,0.0,0.5525980191636564,0.8285620662718302,0.9288695753028908,1.0,1.0,1.0,0.7798693526573306,1.0,0.0,1.0,1.0,1.0,0.20054465796474327,1.0,1.0,1.0,0.0,1.0,0.0,1.0,1.0,0.0,1.0,0.0,1.0,0.5486818064581304,1.0,1.0,0.6096613855455955,0.0,1.0,1.0,0.8073398346119258,1.0,1.0
gex_possorted_bam_1WGCZ:CAGCATTAGCAGCTATx-M2,0.07659047482822884,1.0,1.0,0.9148477308773953,0.0,0.0,1.0,0.7791421704166127,1.0,0.8821436442384138,0.0,1.0,1.0,1.0,0.21179865407434717,1.0,0.0,0.0,1.0,0.0,0.0,0.0,0.0,0.0,1.0,1.0,1.0,1.0,1.0,0.6516610231893428,1.0,0.1609026315542013,0.0,0.8304302518781636,1.0,0.2665884398738164,1.0,0.031446248224794825,0.05322580414159979,1.0,0.1702536205978677,1.0,1.0,1.0,0.07127020209156033,0.506945204142206,1.0,1.0,1.0,0.5242071585771058,1.0,0.947985423296555,0.0
gex_possorted_bam_1WGCZ:CAGTATGGTCTAACAGx-M2,1.0,0.9059457855805935,0.0,0.9599194384299377,0.8629100833138611,0.6841363281133025,0.2724277076458744,1.0,0.8800934367530496,1.0,0.0,0.8961985550399709,0.9768746977662347,0.13352204190614758,1.0,0.10880241475877488,0.0,0.0,0.47971094076038695,0.8108874531585372,1.0,0.9460954940355399,1.0,1.0,0.468495166741954,0.9729122499282045,0.000563047466804879,0.5963044829899808,0.8552879627628022,0.9556106126351974,0.18341950852705735,1.0,1.0,0.8792669723235687,0.02692450437168661,0.9184070589562321,0.3726067979173236,0.9884371564363785,0.9311863917649302,0.0,1.0,0.09514085083220898,0.6682326336819715,0.2343306530974269,0.9536066139864158,0.9731889271642765,0.478954072727567,0.0,0.8097504581060394,1.0,0.8338820833845427,0.8059536370155241,0.3550605274944446
gex_possorted_bam_1WGCZ:CATAGGTTCATTATGGx-M2,1.0,1.0,0.18741314248813157,1.0,1.0,1.0,0.2825000813194764,0.9918948853260652,0.34141514362696174,1.0,0.5364343358116161,0.9130925945690429,1.0,0.6052226723986925,1.0,0.42737298035238375,0.22812690681253173,1.0,1.0,0.8020526904193236,1.0,1.0,1.0,1.0,0.7341291145810434,1.0,0.0,1.0,0.8778214276618467,1.0,0.9204040800546778,1.0,1.0,1.0,0.0,1.0,0.0,1.0,1.0,0.1330593680237733,1.0,0.0049679494836954935,0.956888431911395,0.5593518280013546,1.0,1.0,0.031441001539843416,0.02008373298497373,1.0,1.0,1.0,1.0,1.0
gex_possorted_bam_1WGCZ:CAGGTGGAGTCCTTCAx-M2,1.0,1.0,0.0,1.0,1.0,1.0,0.5146255651606497,1.0,0.7930767288350813,0.9524674413861572,0.5083380559651292,0.4202364331025835,1.0,0.6580163646483156,1.0,0.6285248500554945,0.152869955479179,1.0,1.0,0.48641099006205435,1.0,1.0,1.0,1.0,0.7420555793100824,0.9637067980495156,0.0,1.0,1.0,1.0,0.9098330119611874,1.0,1.0,1.0,0.0,1.0,0.3901990137449044,1.0,1.0,0.0703230065893035,0.8718931701026799,0.2621011083460696,0.7877161514540691,0.20437555440317276,1.0,1.0,0.0,0.09931560196637902,0.9239631201671489,0.9055307385808148,1.0,1.0,1.0
gex_possorted_bam_1WGCZ:CACTTAAAGTGATTCAx-M2,0.017123879141866086,1.0,1.0,0.8264994374804107,0.0,1.0,1.0,0.6168707889430445,1.0,0.71790607163437,1.0,1.0,1.0,1.0,0.2781425704406087,1.0,1.0,1.0,1.0,0.0,0.0,0.0,0.0,0.0,1.0,1.0,1.0,1.0,1.0,0.9369280907854027,0.9046039002970653,0.0,0.0,0.6074359842577127,1.0,0.34301524123262067,1.0,0.2845662196881444,0.12865184470743526,1.0,0.526852858864543,1.0,1.0,1.0,0.19834430480001233,0.41277790117405994,1.0,1.0,0.9560297638027285,0.3578810824556364,1.0,0.7366809482658853,0.0
gex_possorted_bam_1WGCZ:CAGCTCAAGACAAAGTx-M2,0.7269450314584145,1.0,0.7868670626135972,0.7774832183983111,0.5241756851956884,1.0,1.0,1.0,0.4305198673042963,1.0,0.0,0.5985748998353221,0.8415333866211917,0.44557755819421047,0.9181941362023653,0.9109849204766485,0.0,0.0,0.2544243888527362,1.0,1.0,0.9023017718092128,0.7645901550121937,1.0,0.6623080180173815,0.6279430685748539,0.0,1.0,1.0,0.8303567552000604,1.0,0.47836592857825166,0.7549225405304284,1.0,0.11792060667587939,1.0,0.7102866926641829,0.7313442265326996,0.8928581582878192,1.0,0.5172536445257134,0.32540652872881476,0.8334972449175164,1.0,0.9293971227857473,0.9328566408482414,0.5588701696952786,0.0,0.96874774119451,0.993519696550761,1.0,0.856286717785821,1.0
gex_possorted_bam_1WGCZ:CAGGACCTCGAAGTGAx-M2,1.0,0.7837949318153123,0.0,1.0,1.0,0.9224066331947539,0.4300383160592018,1.0,1.0,1.0,0.0,0.7009301549041673,0.9717586172198609,0.0,1.0,0.34519756849079203,0.0,0.13168730278293006,0.6041740473651487,0.9146409900862177,1.0,1.0,0.9794064446912415,1.0,0.8375467414073239,0.9826178824292037,0.18992275097194158,0.26593902985772516,1.0,1.0,0.010200280140818379,1.0,0.9421515869880221,1.0,0.0,0.9636547155417768,0.2392775828088998,1.0,1.0,0.027020330305100534,1.0,0.10224486552452106,0.5411501362870582,0.0,0.6989757038390676,1.0,0.33850990194733405,0.0,1.0,0.8762992199154609,0.8616830217234522,0.9381036717933731,0.6223136930095036
gex_possorted_bam_1WGCZ:CATATCGCAGGTATTTx-M2,1.0,0.9174589838911126,0.3937970400044448,1.0,1.0,0.822803940217048,0.40248556057817003,1.0,0.2652800290806094,1.0,0.0,1.0,0.8843093874185488,0.2831313026779341,1.0,0.0,0.0,0.0,0.8057884674469327,0.8687010124257122,1.0,1.0,1.0,1.0,0.2924170781083781,1.0,0.0,0.9587317882148862,1.0,1.0,0.33214957676368584,1.0,1.0,1.0,0.0,1.0,0.1587355906534615,1.0,1.0,0.0,1.0,0.2027881480723592,0.7170169317714494,0.2874392882495545,1.0,1.0,0.4867093214165056,0.0,1.0,1.0,1.0,1.0,0.2615025010357413
gex_possorted_bam_1WGCZ:CAGTACCCAGCTTAATx-M2,0.10840065529362283,1.0,1.0,0.9679910413626444,0.004258506615452444,0.0,1.0,0.7135755126712076,1.0,0.6967416768850861,0.0,1.0,1.0,1.0,0.162065826362077,1.0,0.0,0.0,1.0,0.0,0.0,0.0,0.0,0.0,1.0,1.0,1.0,1.0,1.0,0.8254413043287865,1.0,0.2825780295561211,0.0,0.8381861663608126,1.0,0.24880730040168603,1.0,0.1116478308524516,0.19555075224228502,1.0,0.2430322209761279,1.0,1.0,1.0,0.029598492979654455,0.5677662393005664,1.0,1.0,1.0,0.652396772408711,1.0,0.9740854059494966,0.08735317829054713
gex_possorted_bam_1WGCZ:CACTTTGTCAAGCCTGx-M2,0.06394815366260835,1.0,1.0,0.9169242305339972,0.0,0.0,1.0,0.816309455482488,1.0,1.0,0.0,1.0,1.0,1.0,0.11013248488886096,1.0,0.09253505196432757,0.0,1.0,0.0,0.0,0.0,0.0,0.0,1.0,1.0,1.0,1.0,1.0,1.0,1.0,0.0,0.0,0.7996184781330867,1.0,0.30794570549119693,1.0,0.1899476960171242,0.1743168422146154,1.0,0.1777036767541142,1.0,1.0,1.0,0.17665203623905604,0.5194549528079396,1.0,1.0,1.0,0.4473090765641834,1.0,1.0,0.0
gex_possorted_bam_1WGCZ:CATATCGCAGGATGGCx-M2,1.0,1.0,0.0,1.0,1.0,1.0,0.5857149154276281,1.0,0.385364859520953,1.0,0.6446355077107597,0.6095171636400829,0.9625986994020849,0.4225710507344931,1.0,0.46724512927891887,0.2929776341596321,1.0,1.0,0.694300823647189,1.0,1.0,1.0,1.0,0.783056825430796,0.9408511972602276,0.0,1.0,1.0,1.0,1.0,1.0,1.0,1.0,0.0,1.0,0.1635310139586613,1.0,1.0,0.0,0.7977251000458436,0.20072313309912052,0.7398798143853208,0.4013946058517278,1.0,1.0,0.11884040799451095,0.0,1.0,1.0,0.963856874001678,1.0,1.0
gex_possorted_bam_1WGCZ:CATAGACTCCCTCGCAx-M2,0.6371139027316073,0.7724297151765683,0.20657851155191181,0.5408215965416592,0.8215529136555558,1.0,0.01157349585906942,0.5882187160857638,0.5489018805156387,0.6064860263043759,0.6446373500634741,0.0,0.25474185940219596,0.0,0.7033441024771717,0.0,0.44010530847472795,1.0,0.25687530917045764,1.0,1.0,1.0,0.5989088235748157,1.0,0.1548653906095885,0.37101528418178015,0.0,0.4627259384646438,0.6427264086181568,0.5033676336057454,0.9333955180851675,0.5866446391727652,0.6716899673853719,0.5132326849937923,0.08513444615361684,0.6839629893267977,0.057812852147375055,0.5631359808175065,0.6333755045576915,0.23019196877936346,0.3791520858068895,0.04967337756484863,0.32689624312534615,0.4712563759456151,0.6517451470163037,0.5985400251793846,0.1722915116306394,0.0,0.5547886983418838,0.7199100743623746,0.4241976166743889,0.5735910423596636,1.0
gex_possorted_bam_1WGCZ:CAGCCAATCTAAGGAGx-M2,1.0,0.9325952811199605,0.2576558092032475,1.0,1.0,1.0,0.2551054977551747,1.0,0.6345960852620739,1.0,0.49332736795427207,0.8099496811000493,1.0,0.3077561795450386,1.0,0.16811475095770248,0.2255645662609521,1.0,1.0,0.8086844563850882,1.0,1.0,1.0,1.0,0.5669064065258017,0.9704083764593964,0.0,0.9315369181889535,1.0,1.0,0.742284478937261,1.0,1.0,1.0,0.0,1.0,0.2187576979952801,1.0,1.0,0.0,1.0,0.15122000279376838,0.6689219851254108,0.30495884369177784,1.0,1.0,0.2373661699128663,0.15007601955240976,1.0,1.0,0.9323805135817388,1.0,0.9227291112768785
gex_possorted_bam_1WGCZ:CATAATGTCATTGCGGx-M2,1.0,0.7558724501939035,0.31660789928575456,1.0,1.0,1.0,0.8373742503158059,1.0,0.9089119553836825,1.0,0.0,1.0,1.0,0.40467273311559904,1.0,0.2216806346442693,0.0,0.0,0.8306586631560988,1.0,1.0,1.0,1.0,1.0,0.5640940505263431,1.0,0.0,1.0,1.0,1.0,0.9243118150379106,1.0,1.0,1.0,0.0,1.0,0.29885409981496314,1.0,1.0,0.17427855392917738,1.0,0.24426820545805772,1.0,0.37299483144497025,1.0,1.0,0.6436109014983652,0.0,1.0,1.0,1.0,1.0,0.6665053589834407
gex_possorted_bam_1WGCZ:CAGGAAGGTTAGGCTAx-M2,1.0,0.8461731988929312,0.7550655614204245,1.0,1.0,1.0,0.34469774601367353,1.0,0.7536096415381749,1.0,0.002192311418943373,0.7077940638763868,1.0,0.4381836752439621,1.0,0.20552449406008494,0.0,0.42862452777510535,0.9298452329031739,0.7001632205096915,1.0,1.0,1.0,1.0,0.9824365035782142,1.0,0.0,1.0,0.916861342949445,1.0,0.28147250270757085,1.0,1.0,1.0,0.0,1.0,0.0,1.0,1.0,0.0,1.0,0.0,1.0,0.7238516904168132,1.0,1.0,0.869387969777284,0.0,1.0,1.0,0.998308642410482,1.0,0.711907297449606
gex_possorted_bam_1WGCZ:CACTTTGTCTTAATGGx-M2,1.0,1.0,0.0,1.0,1.0,1.0,0.405525126063445,1.0,0.42966567903910113,1.0,0.24198240936245363,0.9267269418653823,0.982618830460161,0.149075419495804,1.0,0.0,0.0,0.6465231347953937,1.0,0.8741389224731464,1.0,1.0,1.0,1.0,0.6717407733787676,0.9039966961444069,0.0,1.0,1.0,1.0,1.0,1.0,1.0,1.0,0.0,1.0,0.21504405059022155,1.0,1.0,0.0,1.0,0.30409457636510395,0.873085204491019,0.4679380572205249,1.0,1.0,0.0,0.046533455858308884,0.9620604014921482,0.9131782571801957,1.0,1.0,0.991372073697648
gex_possorted_bam_1WGCZ:CAGAATCTCTAAATCGx-M2,0.046398538779534655,1.0,1.0,0.7775596961427506,0.0,0.0,1.0,0.6988287432452944,1.0,0.56097020326613,0.2754719052488495,1.0,1.0,1.0,0.04040051067885435,1.0,0.6016177911272311,0.1282044348646289,1.0,0.0,0.0,0.0,0.0,0.0,1.0,1.0,1.0,1.0,1.0,0.6729546429671641,1.0,0.0,0.0,0.5643278152956773,1.0,0.13730725070730784,1.0,0.0,0.0,1.0,0.38489532089004186,1.0,1.0,1.0,0.05385004904466715,0.38896963942058194,1.0,1.0,0.8242743371770288,0.5562343257543351,1.0,0.685549079525408,0.0
gex_possorted_bam_1WGCZ:CATAGTCAGCTCCCTGx-M2,0.07604838535437376,1.0,1.0,1.0,0.0,0.0,1.0,0.9250256257264176,1.0,0.7702051197177353,0.0,1.0,1.0,1.0,0.18076461474448868,1.0,0.0,0.0,1.0,0.0,0.0,0.0,0.0,0.0,1.0,1.0,1.0,1.0,1.0,0.7195259232371222,1.0,0.09117084837980496,0.0,0.9572064287821691,1.0,0.26659512784898726,1.0,0.00837229810228779,0.007490125444930683,1.0,0.15469394293211003,1.0,1.0,0.1468030376875336,0.0,0.5265889617928797,1.0,1.0,1.0,0.6672491293498668,1.0,0.9890771141277507,0.0
gex_possorted_bam_1WGCZ:CATAACGGTAACGGGAx-M2,1.0,0.6972866509455963,0.0,1.0,0.9455754039091319,1.0,0.5601305535152424,1.0,0.5874214604072665,0.9577086605406608,0.0,0.7844151175252265,0.8901275885621286,0.2849546045281058,1.0,0.24995576824260193,0.0,0.023855977344165783,0.8559149030200542,0.6731934984957009,1.0,1.0,1.0,1.0,0.5845243894092733,0.9091117496968304,0.0,0.8167278031781338,0.965174640899572,0.981757285288384,0.4510858162389885,0.9578567680745622,1.0,0.9505742303474533,0.0,1.0,0.18497341124742142,1.0,1.0,0.0,1.0,0.07559483661513672,0.5172255677742045,0.0,1.0,1.0,0.3037240360917625,0.0,0.8641437928412389,0.9657830813675583,0.9119450283169412,0.9829435717004746,0.6020995848530327
gex_possorted_bam_1WGCZ:CAGCTAAGTTGACTTCx-M2,1.0,0.7509375202666622,0.12708887421479226,1.0,1.0,1.0,0.3167491567653909,0.9312475696134039,0.44199326919634835,1.0,0.7305109732872479,0.6813970081267964,0.8788689500062361,0.4312016468146495,1.0,0.20468875929515543,0.3190647134047694,1.0,1.0,0.621593348979236,1.0,1.0,1.0,1.0,0.5938075046098185,0.8588157328430313,0.0,1.0,1.0,1.0,0.9429973507409876,1.0,1.0,1.0,0.0,1.0,0.069427401802308,1.0,1.0,0.0,0.9927486325685649,0.4276908951393267,0.6541422262223417,0.24355984206696069,1.0,1.0,0.0,0.0035112041903836537,0.9927089501457257,1.0,1.0,1.0,1.0
gex_possorted_bam_1WGCZ:CACTGACCAAGCCACTx-M2,1.0,1.0,0.0,1.0,1.0,1.0,0.0341719588677505,0.9930535956273093,0.0,0.9930194030555166,0.789145102033036,0.19097495402596806,0.937779855002564,0.7641823085837672,1.0,0.40987372457180093,0.39150270482896227,1.0,1.0,0.5755924808087725,1.0,1.0,1.0,1.0,0.509094691867316,0.9612582401079005,0.0,0.9494761270743962,0.8533649129015654,1.0,0.8755283399422708,1.0,1.0,1.0,0.0,1.0,0.0,1.0,1.0,0.0,1.0,0.12833544376163844,0.61689335950489,0.10486894463848023,1.0,1.0,0.1701558646384341,0.035978195038243274,0.8841347098215668,0.9522246043295942,0.9680114341467698,1.0,0.7898079467071629
gex_possorted_bam_1WGCZ:CAGGAAGGTCACGAACx-M2,0.07927630015031656,1.0,1.0,0.9569263014482006,0.09033268448700252,0.0,1.0,0.7387549373642736,1.0,0.9995250338880036,0.0,1.0,1.0,1.0,0.1788859140120178,1.0,0.0,0.0,1.0,0.0,0.0,0.0,0.0,0.0,1.0,1.0,1.0,1.0,1.0,0.9000386472642725,1.0,0.18922954490063137,0.0,0.9493305185878474,1.0,0.2816831858720235,1.0,0.09526824553649747,0.10729087418194176,1.0,0.21952368303763992,1.0,1.0,0.8895551589675419,0.0,0.5428289429634766,1.0,1.0,1.0,0.6757634451623157,1.0,1.0,0.0
gex_possorted_bam_1WGCZ:CAGATTCAGGTGCGGAx-M2,1.0,0.7795493185806582,0.27863695351043605,1.0,1.0,0.30091533310474605,0.0,1.0,1.0,1.0,0.0,1.0,0.7055060347587734,0.4078335120734793,1.0,0.02614957200507176,0.0,0.0,0.7535338664182427,0.9312311738277629,1.0,0.9375593372763013,1.0,1.0,0.14972927880174572,1.0,0.0,0.9065532837275342,0.5829018221126958,1.0,0.0,1.0,1.0,0.8073935106018245,0.0,0.8939878332570713,0.0,1.0,1.0,0.0,1.0,0.0,1.0,0.5041683703363076,0.9933852562414834,1.0,0.6611776007405166,0.16845024979092613,0.9367197651116309,1.0,1.0,0.8066078995911061,0.0
gex_possorted_bam_1WGCZ:CACTGACCAAACCTTGx-M2,1.0,0.7937842395579531,0.4795609353933877,1.0,1.0,0.8403964519708118,0.004825630183602016,1.0,0.2923789401066578,1.0,0.0,0.944324959946396,0.8817690957610151,0.28048827105662477,1.0,0.1497118915680999,0.0,0.0,0.829667969225073,0.6030165625338879,1.0,1.0,1.0,1.0,0.12908951236741562,1.0,0.0,1.0,1.0,1.0,0.18651422839835682,1.0,1.0,1.0,0.0,1.0,0.08384595057857389,1.0,1.0,0.0,1.0,0.22722045948894334,0.6931208442804234,0.11829269355096263,1.0,1.0,0.24352447902890648,0.0,1.0,1.0,1.0,1.0,0.1483519879540348
gex_possorted_bam_1WGCZ:CATAAGCTCTGGCAATx-M2,1.0,1.0,0.06684762250980882,1.0,1.0,1.0,0.5234842645861603,1.0,0.6148847306171425,0.9442800263846246,0.0,0.8832694888727518,0.8771312397700138,0.43825058004923106,1.0,0.2224617555433114,0.0,0.5726806937656572,0.9927808725871711,0.6615103809796422,1.0,1.0,1.0,1.0,0.5879956428328732,0.982014054042747,0.0,1.0,1.0,1.0,0.9060812650565966,0.9295204904898312,1.0,1.0,0.0,1.0,0.23067633188040504,1.0,1.0,0.0,1.0,0.3246288922943641,0.8165381552336702,0.45623775359852636,1.0,1.0,0.4790094523051971,0.0,1.0,1.0,1.0,1.0,0.8298570440873831
gex_possorted_bam_1WGCZ:CATAGCTAGACAAGTGx-M2,0.07962800554905558,1.0,0.9810692992535399,0.9752718515283412,0.0,0.0,1.0,0.8902832613822333,1.0,0.5140846802444671,0.0,1.0,1.0,1.0,0.09919496243997333,1.0,0.1440755269966929,0.2288554338745094,1.0,0.0,0.0,0.0,0.0,0.0,1.0,1.0,1.0,1.0,1.0,0.9346739265865933,1.0,0.0,0.0,0.8246245358237508,1.0,0.21841681869466287,1.0,0.05278777376651025,0.07031255244212473,1.0,0.12018768867061355,1.0,1.0,1.0,0.003127659117233709,0.5828170541388358,1.0,1.0,1.0,0.5793609472127282,1.0,0.9680100246523972,0.0
gex_possorted_bam_1WGCZ:CAGAACCGTGATCAGCx-M2,1.0,0.9908439562821358,0.0,0.9680833732012961,0.8804641590304229,1.0,0.19167747152029577,0.8887452607013917,0.26660934480644627,1.0,0.8217687784246729,1.0,0.882184237710897,0.37429294648521005,0.8997842583361686,0.8484568510626188,0.6616836272357317,1.0,1.0,0.6556499767741288,1.0,1.0,0.9435931062974089,1.0,0.714288367546155,0.8459273723769826,0.0,1.0,1.0,1.0,0.7946232062330685,0.5139540734608866,0.8959917135181744,0.7532616256179228,0.0,1.0,0.0,0.9990819398240178,0.883332055018537,0.03612839560783134,0.5175515510139956,0.0,0.44627003765765827,0.07903217450255783,1.0,0.8984233630337475,0.0,0.07131735319812724,0.802695903621104,1.0,0.7356702246441148,1.0,0.9384564198717336
gex_possorted_bam_1WGCZ:CACTGACCAACTAGGGx-M2,1.0,0.9840566671930869,0.34966094193498404,1.0,1.0,0.8900877798642096,0.2521474420808197,1.0,0.8436477654918293,1.0,0.0,1.0,0.9727167789805289,0.30447098205555206,1.0,0.0,0.0,0.0,0.6402875658474722,0.8139867216075959,1.0,1.0,1.0,1.0,0.5078812262215803,1.0,0.0,0.9243342610443456,0.7336619881813948,1.0,0.19136067881858704,1.0,1.0,1.0,0.0,1.0,0.1363331932151928,1.0,1.0,0.0,1.0,0.22809998931632647,0.98472180404454,0.4818524777115149,1.0,1.0,0.7090244837055389,0.0,1.0,1.0,1.0,1.0,0.4985684747106761
gex_possorted_bam_1WGCZ:CAGGACCTCCAACTGGx-M2,0.047096748533536494,1.0,1.0,0.9223772440901071,0.0,0.0,1.0,0.7372372581711297,1.0,0.6274856366779087,0.0,1.0,1.0,1.0,0.010804229103715916,1.0,0.0,0.06691247504911019,1.0,0.0,0.0,0.0,0.0,0.0,1.0,1.0,1.0,1.0,1.0,1.0,1.0,0.04336979916476497,0.0,0.7802306059593527,1.0,0.2620884797615845,1.0,0.1473115031810175,0.23042174835515694,1.0,0.07474194928268874,1.0,1.0,1.0,0.08463751286787682,0.5410266816319386,1.0,1.0,1.0,0.4448631946312463,1.0,0.9883221099566449,0.0
gex_possorted_bam_1WGCZ:CAGATTCAGGTCCGTAx-M2,0.8352607495868263,1.0,0.14810807115056263,0.7044310195450048,0.5292616274248492,0.5802989731447378,1.0,1.0,0.769091026587022,1.0,0.0,1.0,0.6942590188015025,0.3819174944956539,1.0,0.1321396830720401,0.0,0.0,0.199260239435563,0.8402672726026,0.8673426090244611,0.7272888394754548,0.7958510124566804,1.0,0.1984137677342657,0.7424777841718708,0.0,0.913640219277173,0.5386827880132621,0.8323493984782114,1.0,1.0,0.9345181658248586,0.9732856456135339,0.17921252543964508,0.9810445679755408,0.5710654411235104,0.913898391889041,0.8987016887630969,0.3816461968781848,1.0,1.0,0.2698384485999257,0.20983965165385013,0.9413814442857737,0.8053105792364188,0.26748183292062716,0.0,0.8041365989219684,0.872415459409874,0.8217783689249468,0.7166196452313454,0.48107571925982406
gex_possorted_bam_1WGCZ:CAGGATGCAATTTGGTx-M2,1.0,0.9575430293491289,0.4888816670851331,1.0,1.0,1.0,0.3922182920678781,0.904779035652778,0.6263372770953123,1.0,0.1348674388852372,0.6478324427240999,1.0,0.4357132555442559,1.0,0.17081557860497606,0.08755344914208023,0.6293866716578596,0.7996883249634364,0.8897121304018789,1.0,1.0,0.9967451695175479,1.0,0.7540688892028672,0.9226098595926092,0.020438444223019468,0.9975782371647323,0.9385275088139076,1.0,0.5155896190761557,0.9956734930013963,1.0,0.936848194067146,0.0,1.0,0.38653421869865423,0.9584954682098359,1.0,0.0,1.0,0.6092899590554562,0.8098204668580609,0.7485107612073483,1.0,0.9380863695783314,0.3495767189666222,0.32089415979829156,0.9727525915692145,1.0,0.8464195008514493,0.9996561975261886,1.0
gex_possorted_bam_1WGCZ:CACTAAGGTTCAAGCAx-M2,0.08307286775880167,1.0,1.0,0.9930521107750053,0.0,0.0,1.0,0.8998323780159746,1.0,0.8792914412648124,0.0,1.0,1.0,1.0,0.16267063703275197,1.0,0.0,0.0,1.0,0.0,0.0,0.0,0.0,0.0,1.0,1.0,1.0,1.0,1.0,0.8396241252367209,1.0,0.0,0.0,0.8892919243861681,1.0,0.30099886798285114,1.0,0.05927142060520973,0.09178791781645396,1.0,0.146811078015504,1.0,1.0,1.0,0.0009041616812710484,0.5468887419642584,1.0,1.0,1.0,0.6466126941825332,1.0,1.0,0.0
gex_possorted_bam_1WGCZ:CAGCTCAAGCTAATTGx-M2,1.0,1.0,1.0,1.0,1.0,1.0,0.7302971998264678,1.0,1.0,1.0,0.0,0.7456378100217067,1.0,0.49956286517209325,1.0,0.11215396116509806,0.0,0.17908546844344206,0.7887987965217188,0.402645693641283,1.0,1.0,1.0,1.0,1.0,1.0,0.22995211224561846,0.9717677752810647,1.0,1.0,0.5423486512688463,1.0,1.0,1.0,0.21127791072542007,1.0,0.8093914762669535,1.0,1.0,0.12707191415906388,1.0,0.8482920553354679,0.8252395155277475,0.5848383650958809,1.0,1.0,0.845976081978953,0.6786971136478995,1.0,1.0,0.903578261646985,1.0,0.8894237706199075
gex_possorted_bam_1WGCZ:CAGGACACAAGGATTAx-M2,1.0,1.0,0.9338390556637404,1.0,1.0,1.0,0.0,1.0,0.9349416488656557,1.0,0.0,1.0,1.0,0.3063586596633706,1.0,0.25589047500235296,0.0,0.0,0.45290359996952756,0.552203012244099,0.8790236611487641,1.0,1.0,1.0,0.5636309420414204,1.0,0.0,1.0,1.0,1.0,0.0,1.0,1.0,1.0,0.0,1.0,0.16481474977187321,1.0,1.0,0.0,1.0,0.29860957523304177,1.0,0.6085903004890865,1.0,1.0,0.5175763997667434,0.0,1.0,1.0,0.8246646714854037,1.0,0.639752935291071
gex_possorted_bam_1WGCZ:CATATCGCACCGGTATx-M2,0.08986178252845857,1.0,1.0,1.0,0.3088188125155654,0.0,1.0,0.7248543238458934,1.0,1.0,0.0,1.0,1.0,1.0,0.24938454188858714,1.0,0.12958806058855962,0.0,1.0,0.0,0.0,0.0,0.0,0.0,1.0,1.0,1.0,1.0,0.8460663530483172,1.0,1.0,0.0,0.0,0.8634996981674403,1.0,0.2812416817741595,1.0,0.33038884874127383,0.2904138532723512,1.0,0.48548557209718524,1.0,1.0,1.0,0.1692159754562148,0.6013342927616773,1.0,1.0,1.0,0.44903759713372476,1.0,1.0,0.7507992392259365
gex_possorted_bam_1WGCZ:CAGGTCCAGTAGCGGGx-M2,0.5511886201472876,1.0,0.0,0.7556121517120811,0.3180983308412275,1.0,1.0,0.7276342152480835,0.6752206640967916,0.6283740033071097,0.8400500180795198,0.9991144049728539,0.7687498928267229,1.0,0.6309679355795459,1.0,0.9815804310127155,1.0,1.0,0.0,0.5848941684579103,0.3514180604637408,0.5054810865884691,0.6080003211595665,1.0,0.6679621942134495,0.6054131024669158,1.0,0.7440759232382053,0.7058505773748791,0.5555812710772607,0.13908629159235983,0.48336955765503875,0.6909168377659394,0.5444799814189627,0.7468092399644709,1.0,0.5992851893013206,0.6378593947844269,0.6803549256403201,0.7891077197558412,1.0,0.22901500130025942,0.30620988814116823,0.45636776050484573,0.5911521353128387,0.6899748052037006,1.0,0.6449632226442433,0.5450786146973969,0.6676651031556724,0.7246581652275279,0.0
gex_possorted_bam_1WGCZ:CATAGTCAGAGGATATx-M2,1.0,0.9995094138275387,0.0,1.0,1.0,1.0,0.9316848383229362,1.0,0.352414815917392,1.0,0.10907132371422476,1.0,0.5189233284564019,0.35641288929757164,1.0,0.26764059371802745,0.0,0.3373358116513806,1.0,0.4104198371399226,1.0,1.0,1.0,1.0,0.7611557002584077,0.9131395934795419,0.15477241742558007,1.0,1.0,1.0,1.0,0.8725833435648236,1.0,0.8313628625411961,0.1598592758695649,1.0,0.603171621723802,1.0,1.0,0.10230350567942847,1.0,0.6581654040491702,0.3996112692195466,0.685625873911854,1.0,1.0,0.26703753767282207,0.36886753271994,0.9856797892774894,1.0,1.0,1.0,0.957608022604109
gex_possorted_bam_1WGCZ:CACTTAAAGTCATTAGx-M2,0.083358544980408,1.0,1.0,0.989443779083294,0.1527215220250856,0.0,1.0,0.6779083168711844,1.0,0.8468463307780285,0.0,1.0,1.0,1.0,0.2675095728576797,1.0,0.0,0.0,1.0,0.0,0.0,0.0,0.0,0.0,1.0,1.0,1.0,1.0,1.0,0.9551327699411619,1.0,0.08526733197444905,0.0,0.711545762906512,1.0,0.2451729513723169,1.0,0.12195586909782041,0.16600441920451514,1.0,0.1942246867740809,1.0,1.0,1.0,0.022782406701483078,0.5890228366305986,1.0,1.0,1.0,0.6915861127505737,1.0,1.0,0.0
gex_possorted_bam_1WGCZ:CATAGCTAGAGAGGCTx-M2,1.0,0.7199853177283961,1.0,1.0,1.0,0.36323126449758963,0.0,1.0,0.9778670393776571,1.0,0.0,1.0,0.8157735362362981,0.4570446226674523,1.0,0.0,0.0,0.0,0.0,0.2115492948106015,0.5562485809257518,0.7142161707152384,1.0,1.0,0.45998136953214774,1.0,0.05012490029194114,0.8026449742724495,0.595589556364746,1.0,0.0,1.0,1.0,1.0,0.0,0.9743303854364466,0.0,1.0,1.0,0.0,1.0,0.01873713108687729,0.932074462172742,0.24542652306851978,1.0,1.0,0.6682525995737847,0.0,1.0,1.0,0.9323608488841181,0.9612988318968754,0.0
gex_possorted_bam_1WGCZ:CAGCTATAGGACCTCAx-M2,1.0,0.9994886867529904,0.8924531542359868,1.0,1.0,0.6582064540342859,0.4186648929141554,1.0,0.5793313914982797,1.0,0.0,0.626107702686513,1.0,0.210991015118835,1.0,0.0,0.0,0.0,0.6141084202787723,1.0,1.0,0.962756824933733,1.0,1.0,0.2762095516009644,1.0,0.0,1.0,0.9587545866854448,1.0,0.0,1.0,1.0,1.0,0.0,1.0,0.0876258130547799,1.0,1.0,0.0,1.0,0.14781634158898802,1.0,0.4988608205553473,1.0,1.0,0.6950800470851363,0.0,1.0,1.0,1.0,0.9602138886592806,0.0
gex_possorted_bam_1WGCZ:CATAGCTAGGGACCTCx-M2,0.07340949075429068,1.0,1.0,0.9751662864619999,0.0,0.0,1.0,0.7987374815918437,1.0,0.7322326188170928,0.0,1.0,1.0,1.0,0.14859687309962386,1.0,0.0,0.0,1.0,0.0,0.0,0.0,0.0,0.0,1.0,1.0,1.0,1.0,1.0,0.7544837510498243,1.0,0.20835999010202327,0.0,0.8500642299538478,1.0,0.2616045859087751,1.0,0.0367161045717565,0.06449609049897492,1.0,0.11810391765165718,1.0,1.0,0.4111046091380586,0.02570456120103345,0.5385866468836275,1.0,1.0,1.0,0.632642482765026,1.0,1.0,0.0
gex_possorted_bam_1WGCZ:CATATCGCATGTTGGCx-M2,1.0,1.0,1.0,1.0,1.0,0.8060069971144308,0.0,1.0,1.0,1.0,0.0,1.0,1.0,0.8182654879360508,1.0,0.29984264044741643,0.0,0.0,0.0,0.366275056880159,0.31316737129922606,0.626170979708263,1.0,0.5910006166548473,1.0,1.0,0.0,1.0,0.3671028303235237,1.0,0.0,1.0,1.0,1.0,0.0,1.0,0.0,1.0,1.0,0.0,1.0,0.08401090070375154,1.0,1.0,1.0,1.0,1.0,0.0,1.0,1.0,1.0,1.0,0.4476057848360902
gex_possorted_bam_1WGCZ:CATAGTCAGTTTAACGx-M2,0.05661156011732025,1.0,1.0,0.9960780085882788,0.007973115398848766,1.0,1.0,0.7659121219348298,1.0,0.5716335066656841,1.0,1.0,1.0,1.0,0.1425058731624511,1.0,1.0,1.0,1.0,0.0,0.0,0.0,0.0,0.0,1.0,1.0,1.0,1.0,1.0,1.0,1.0,0.22200887610021164,0.0,0.7515543939287473,1.0,0.2800663769500143,1.0,0.10761968479532573,0.0701153561655338,1.0,0.18212980843906268,1.0,1.0,1.0,0.11741832298417201,0.5358936145671143,1.0,1.0,1.0,0.47448020388166845,1.0,0.9433108478058699,0.0
gex_possorted_bam_1WGCZ:CATAGGTTCCGCCTCAx-M2,1.0,0.7293799271402464,0.5207544719929571,0.8805792136498165,0.8715486350664928,1.0,0.7078640455819147,1.0,0.725786334260291,1.0,0.0,0.6213065892882004,0.7442209180861479,0.25688753467683534,0.9915298719865147,0.026537238171377663,0.0,0.04044928956185084,0.6939483318701068,1.0,1.0,1.0,0.9844061632366415,1.0,0.5389841293726229,0.8918405779202617,0.01338295551683963,0.9201639145448248,1.0,0.8296696920319722,0.4741462861119678,0.9161155371189865,1.0,1.0,0.049550251759682716,1.0,0.310308912516377,0.8894830717684753,0.9565773819147256,0.05424648430376682,1.0,0.2691193253164298,0.48977231001792715,0.3783285488787594,1.0,0.9638378241844938,0.17590047981763784,0.00045379928455429615,0.8863791361760606,1.0,0.6781106792919238,0.8217471038940992,0.9175486828855923
gex_possorted_bam_1WGCZ:CATAATGTCATGGCTGx-M2,0.9465068876775704,0.5573156183421282,0.0,0.7935221266656198,0.9598124678829937,1.0,0.24816535531452713,0.8489359619476894,0.0,0.8589367565036962,0.4963096852924764,0.21220520141282861,0.7147869944757959,0.28662757837278274,0.8395319772920982,0.17714088776038164,0.20743775561513836,0.9161781021613348,0.8208517763599963,0.7450188281541892,1.0,1.0,0.8742936167572952,1.0,0.5797718618521844,0.6713483621437301,0.0,0.6916520150222624,0.6467311656922424,0.7613087724555699,0.38674542382440497,1.0,0.8821054509533516,0.8338007595284673,0.0,1.0,0.1359003881494327,0.8653762665257014,0.8502320883215178,0.13479724995208656,0.8675109404265309,0.07451537195733698,0.5773789026898114,0.0,0.9868557765820195,0.8309817353693816,0.08721131454145545,0.0,0.6846408872470576,0.9525948141991739,0.6417868837911381,0.8960077989663343,1.0
gex_possorted_bam_1WGCZ:CAGGACACACTGACCGx-M2,0.033649584089579986,1.0,1.0,0.8663797669963732,0.0,0.0,1.0,0.6012153351078856,1.0,1.0,0.25526112848592397,1.0,1.0,1.0,0.14600042438029215,1.0,1.0,0.7666681629842665,1.0,0.0,0.0,0.0,0.0,0.0,1.0,1.0,1.0,1.0,0.8352997011985379,1.0,1.0,0.0,0.0,0.7524725339073347,1.0,0.17594585162526952,1.0,0.24891626110313989,0.18086465145498523,1.0,0.4027446492053316,1.0,1.0,1.0,0.05791418569843989,0.5568781181501076,1.0,1.0,1.0,0.30265070013137446,1.0,0.8221346024239011,0.27182945750754106
gex_possorted_bam_1WGCZ:CCACTTGGTCGTAAATx-M2,0.9257492885912837,0.568006529175186,0.8513648231512327,0.8964703222312426,1.0,0.7960595266718723,0.0,0.8200507239753033,0.3772541922756049,1.0,0.0,0.7722164822465016,0.7946259911548821,0.11258258873609923,1.0,0.0,0.0,0.0,0.15706859860825248,0.9141636427448888,0.8678844107286601,0.9668690271332251,1.0,1.0,0.4510810763034279,1.0,0.0,0.6103075559313887,0.5710714678765167,1.0,0.0,1.0,1.0,0.8226111668625945,0.0,0.8601213274176562,0.022750906535623172,0.8720419797205445,0.8865958533800476,0.0,1.0,0.0,0.7523974459369135,0.44966344560419097,0.8696133933453983,0.8600202180925558,0.6186631296565476,0.0,0.8423249740755989,1.0,0.7065997033452667,0.800072920018348,0.6207981927394076
gex_possorted_bam_1WGCZ:CATTTGTTCACTAGGTx-M2,0.0,1.0,1.0,0.7532965087265188,0.0,0.7367489075128831,1.0,0.3574622248601362,1.0,0.5205747200287766,1.0,1.0,1.0,1.0,0.1499493470114974,1.0,1.0,1.0,1.0,0.0,0.0,0.0,0.0,0.0,1.0,0.9600194634331309,1.0,1.0,1.0,0.9502722420138757,1.0,0.0,0.0,0.5181418665537016,1.0,0.12182983524542194,1.0,0.08402965084332104,0.12030041473051505,1.0,0.12911043335548228,1.0,1.0,1.0,0.0,0.3969895815509309,1.0,1.0,0.9097842710917805,0.2776540815758525,1.0,0.7505537064940081,0.0
gex_possorted_bam_1WGCZ:CCACAGGGTGGATTCAx-M2,1.0,1.0,1.0,1.0,1.0,1.0,0.45590767486575456,1.0,1.0,1.0,0.0,0.5302699182966625,1.0,0.0,0.6988760513191945,0.0,0.0,0.0,0.5437496870588511,1.0,1.0,1.0,1.0,0.9476864998619707,0.8113116072791375,1.0,0.4374572910547418,1.0,1.0,0.9819087173818791,0.0,0.5823392895723273,1.0,1.0,0.0,1.0,0.13998630789132405,1.0,1.0,0.0,1.0,0.7029090765451325,0.5038140980677904,0.7450157272074663,1.0,1.0,0.9717290607481699,0.0,1.0,1.0,1.0,1.0,1.0
gex_possorted_bam_1WGCZ:CATTATGAGACCATACx-M2,0.11780755533616846,1.0,1.0,0.9834768178985419,0.03572067681674727,0.0,1.0,0.8867470581782825,1.0,0.9505140813855028,0.0,1.0,1.0,1.0,0.2531469837585632,1.0,0.0,0.0,1.0,0.0,0.0,0.0,0.0,0.0,1.0,1.0,1.0,1.0,1.0,0.7829257006873847,1.0,0.369313523805902,0.0,0.8671729656036747,1.0,0.30482402675895254,1.0,0.2012384490622677,0.14893688148164214,1.0,0.32117563992820863,1.0,1.0,1.0,0.13084324004683376,0.5599030739748869,1.0,1.0,1.0,0.7379427381359038,1.0,1.0,0.158854774281574
gex_possorted_bam_1WGCZ:CATTTGTTCGAGGAACx-M2,1.0,1.0,0.0,1.0,1.0,1.0,0.7707671083923013,1.0,0.4846754483062418,1.0,0.23603630479557675,0.8370038655652523,0.9916794438584805,0.5321781530437198,1.0,0.38849629706735156,0.0,0.7877979149946477,1.0,0.5972561388328885,1.0,1.0,1.0,1.0,0.7602202329307536,0.9611004177484875,0.0,1.0,1.0,1.0,1.0,1.0,1.0,1.0,0.0,1.0,0.2308472756755248,1.0,1.0,0.06100754664550473,1.0,0.22960133480895029,0.8672719937633504,0.5108210456920538,1.0,1.0,0.2188648417310509,0.0,1.0,1.0,1.0,1.0,1.0
gex_possorted_bam_1WGCZ:CCAAATCAGCTCGCTTx-M2,0.5577347359713373,0.7673971437525418,0.5449022901709785,0.41515668377892007,0.742270783766447,1.0,0.2808922202808701,0.5378312932560626,0.19090695599713353,0.8723172646272785,0.9641980672374044,0.0,0.5641884536650942,0.21308756022605246,0.6645836817479728,0.4176861919462294,0.9999739742116454,1.0,0.4400234823619335,1.0,1.0,0.9949508451221359,0.666248725372279,0.9767996450421008,0.3598654062363066,0.4818605131287441,0.10856539253719935,0.5814324252155392,0.48498086947403746,0.634869440307107,1.0,0.569176518525519,0.6214774440406111,0.5183195215751911,0.2994004481517066,0.6879924580650648,0.2528338361532738,0.49961682128406176,0.6035290218994184,0.45552672682482365,0.6092938091389914,0.23439692762897502,0.37002949742853597,0.9400301373153362,0.7386479235217585,0.6046738667016929,0.23177577442273647,0.1662549676905663,0.5850813877765735,0.8444553410549236,0.28457661057186956,0.5497636106044547,1.0
gex_possorted_bam_1WGCZ:CCACATTGTATTGGATx-M2,1.0,0.9617527212432616,0.580517012334465,1.0,1.0,1.0,0.0381052811388901,1.0,0.2340994179186504,1.0,0.06897313100417546,0.8376276855215804,1.0,0.15790223783724985,1.0,0.23403964343461334,0.0,0.0,1.0,1.0,1.0,1.0,1.0,1.0,0.0011132500024521328,1.0,0.0,0.9458172750853511,1.0,1.0,0.8060279047836201,1.0,1.0,1.0,0.0,1.0,0.11002481687200077,1.0,1.0,0.0,1.0,0.0434761315277336,0.8281112454384555,0.7881810158768138,1.0,1.0,0.32905204969400575,0.0,1.0,1.0,1.0,1.0,0.428735986629359
gex_possorted_bam_1WGCZ:CATTATGAGCTTAGTAx-M2,1.0,1.0,0.0,0.9878046848633573,0.8610638478820933,0.7600513919530331,1.0,1.0,0.7707879953024229,1.0,0.0,1.0,0.8157305662888756,0.382179507366407,1.0,0.2809835329631472,0.0,0.0,0.599257816861047,0.5942250107734721,1.0,0.9885016126191654,1.0,1.0,0.6365094087549065,1.0,0.0,1.0,0.8838388178812401,1.0,1.0,1.0,1.0,1.0,0.061329078236390576,1.0,0.5850256142940261,1.0,1.0,0.19273587118056612,1.0,0.9110868623382385,0.7211725012481813,0.03001434815937728,1.0,1.0,0.47384392675100373,0.0,1.0,0.9856574748156741,1.0,1.0,0.6289605590414562
gex_possorted_bam_1WGCZ:CCACTTGGTGTCACGGx-M2,1.0,0.925014882783521,0.0,0.9460009830397712,1.0,1.0,0.21190180202638903,0.9704812801263989,0.0,0.9188677999902478,0.6422153921701319,0.6514672485562344,0.9752849121778335,0.3659886506052152,1.0,0.30402819343796655,0.23163768715126729,1.0,1.0,0.6718166573100132,1.0,1.0,1.0,1.0,0.6639566350532818,0.8270214025197234,0.0,0.7388215372618282,0.7387844497391899,1.0,0.8795036861534943,1.0,1.0,1.0,0.0,1.0,0.0,1.0,1.0,0.053430478725914,0.8239902898901705,0.08266886108288632,0.5667927251579878,0.21215824542404882,1.0,1.0,0.0,0.0,0.8270074983125537,0.957029052235358,0.8116788304102032,1.0,1.0
gex_possorted_bam_1WGCZ:CATTGTAAGCACAGCCx-M2,1.0,0.7775617828457094,0.6370798136373833,1.0,1.0,0.5755868486470279,0.02768403584129026,1.0,0.36611855811131344,1.0,0.0,0.9832388949133324,0.9019209983969139,0.25741495606270093,1.0,0.050760492717569945,0.0,0.0,0.6914389235486109,0.6983828874821506,1.0,0.9750651139721528,1.0,1.0,0.1205548726661843,1.0,0.0,0.9877719622165755,0.8903194781777876,1.0,0.0,1.0,1.0,1.0,0.0,1.0,0.10105034654963661,1.0,1.0,0.0,1.0,0.06524344005337933,0.9413359963804713,0.2628456850186186,0.966531333998807,1.0,0.7351005219400847,0.0,1.0,1.0,1.0,0.9653524871840194,0.0
gex_possorted_bam_1WGCZ:CATGCATAGTGAGGGTx-M2,0.06321391677385839,1.0,1.0,0.8803884919039929,0.3747991988364621,0.3869312049514465,1.0,0.7018931575039649,1.0,0.5546285382465278,0.8652677157038587,1.0,1.0,1.0,0.09891159968847167,1.0,1.0,1.0,1.0,0.0,0.0,0.0,0.0,0.0,1.0,1.0,1.0,1.0,1.0,0.7925459928420647,1.0,0.3554840582987512,0.0,0.6790149679233783,1.0,0.24744665907980068,1.0,0.09147168522324596,0.1578011470201608,1.0,0.3482214858207332,1.0,1.0,1.0,0.0,0.49997850075572303,1.0,1.0,1.0,0.5259499353740225,1.0,0.8845405926031537,0.0
gex_possorted_bam_1WGCZ:CCAAGGCTCCACCCTGx-M2,0.07823269419494967,1.0,1.0,0.943235367347741,0.10680854958790538,0.0,1.0,0.7635802284679326,1.0,0.4503987969458611,0.1826470395557026,1.0,1.0,1.0,0.14212017548954875,1.0,0.35339879377859246,0.4385813923449027,1.0,0.0,0.0,0.0,0.0,0.0,1.0,1.0,1.0,1.0,1.0,0.9764981502174227,1.0,0.0,0.0,0.6521544953724905,1.0,0.199872278272114,1.0,0.12878799227274906,0.1466340463112648,1.0,0.1575987306886271,1.0,1.0,1.0,0.034633699986038755,0.5218402236351436,1.0,1.0,1.0,0.5312256710477412,1.0,0.972592344557285,0.0
gex_possorted_bam_1WGCZ:CATTCCTCATAAGTCTx-M2,1.0,0.784510518869827,0.0,1.0,0.9166362454751252,1.0,0.33972265657565065,0.9794542357728961,0.22137102783898918,1.0,0.39326969449827137,0.876258760844245,0.9399792414972549,0.19439957843711955,1.0,0.47455088736001527,0.0,0.881387167098195,1.0,0.7878482682544071,1.0,1.0,1.0,1.0,0.6772767039183293,0.9735412378307636,0.0,1.0,1.0,1.0,1.0,0.9451421209175238,1.0,0.9913804061049012,0.0030892805404913455,1.0,0.19774423862271373,1.0,1.0,0.0,0.8405695224798734,0.07439550277231195,0.33076315035606657,0.0,1.0,1.0,0.06402064631934051,0.08048392282948295,0.8590756655651354,1.0,0.99594847661586,1.0,0.9313536021282603
gex_possorted_bam_1WGCZ:CCACAATAGTATTGCAx-M2,0.6919325774223025,0.3623744203086266,0.764823116271437,0.6305135437574075,1.0,1.0,0.0,0.609829835131495,0.7905026116184005,1.0,0.35951261083733504,0.0,0.5117674818519473,0.0,0.7711328938586955,0.0,0.3747538071444356,0.3589532211157295,0.05484281301159371,1.0,0.8878795830298244,1.0,0.8371808610093876,1.0,0.3017130009683985,0.6749458582065264,0.13553617248708094,0.4645233175058074,0.11204168471569015,0.82838764587704,0.337333082338888,1.0,0.8146615989820891,0.6617083197833584,0.0,0.7005542123547075,0.020988512311792194,0.537310269587206,0.7076995003389355,0.08338486213636774,1.0,0.0,0.5580463354591526,0.695363371119555,0.8027505352234754,0.668755234283079,0.3486222097897531,0.0,0.7180143925894555,1.0,0.49875440037631125,0.6196546499387368,1.0
gex_possorted_bam_1WGCZ:CCAACATAGCTGAGGGx-M2,1.0,1.0,0.19915808731034995,1.0,1.0,1.0,0.0,1.0,0.33922291506756447,1.0,0.15684503190121532,0.8026641522289373,0.844293783069875,0.45787982738033217,1.0,0.1449530607702675,0.0,0.0,1.0,0.6996186315942132,1.0,1.0,1.0,1.0,0.0,1.0,0.0,0.9679000930464039,0.8803847232728449,1.0,0.5701560878356002,1.0,1.0,1.0,0.0,1.0,0.21884001303605108,1.0,1.0,0.0,1.0,0.2526853701053719,0.7386531629921534,0.4210154252366527,1.0,1.0,0.2831013000807741,0.0,1.0,1.0,1.0,1.0,0.41175453724155364
gex_possorted_bam_1WGCZ:CATTCATTCGTCAAGTx-M2,1.0,1.0,0.40289442721871455,0.9438827213789023,0.6952214719028226,0.67799493998624,1.0,1.0,1.0,1.0,0.0,1.0,1.0,0.6042375818215108,1.0,0.5821836845199977,0.0,0.0,0.36995979044226524,0.7496107917142324,0.9752334429414443,0.6830317763026977,0.9553219643221764,0.9883981610962556,1.0,0.9328271803913838,0.11381353177563758,1.0,1.0,0.9399157133078886,1.0,0.62806597156288,1.0,1.0,0.1348913320307101,1.0,0.8880856812224207,1.0,1.0,0.3648067929147994,1.0,1.0,0.7954008439964078,1.0,1.0,1.0,0.08055245107766298,0.0,1.0,1.0,0.60810703130809,0.9087769748188077,0.4146670040541675
gex_possorted_bam_1WGCZ:CATCATAAGCTGCACAx-M2,0.5101685402829921,1.0,0.24725741817831823,0.615070977147118,0.0,0.6365256634050224,1.0,1.0,0.6241172359616236,1.0,0.0,1.0,0.7149462562805848,1.0,0.9403673426325566,1.0,0.0071814691270734475,0.0,0.04631406290555352,0.4924581952610746,0.41337853390649437,0.20924017493417904,0.515994957917359,0.8861041013993122,0.6258785020001332,0.49485858206801747,0.0,1.0,1.0,0.6905885209290429,1.0,0.0,0.5785258966321976,1.0,0.36577518030494455,1.0,0.8956997041116024,0.7624582801653189,0.9718896465314922,0.8353796520139409,1.0,1.0,0.0,0.4824139103011811,0.7198168822636642,0.6979275729605434,0.0,0.04413435989233414,0.7879754087015461,0.7638155665210568,0.5379985248423954,0.6224141574058186,0.07562999906508189
gex_possorted_bam_1WGCZ:CATTCATTCTGCAAACx-M2,1.0,1.0,1.0,1.0,1.0,1.0,0.0,1.0,1.0,1.0,0.0,1.0,1.0,0.6754154164324908,1.0,0.3897870634890746,0.0,0.0,0.1299376584136618,0.6188677673111055,0.570497364601069,1.0,1.0,0.9211005213725706,1.0,1.0,0.0,1.0,0.6909106350004155,1.0,0.26105097734400357,1.0,1.0,1.0,0.0,1.0,0.012755193042045341,1.0,1.0,0.16923015703608182,1.0,0.0,1.0,1.0,1.0,1.0,1.0,0.0,1.0,1.0,1.0,1.0,1.0
gex_possorted_bam_1WGCZ:CATCCTGGTGCTAGACx-M2,0.06165017411601192,1.0,1.0,1.0,0.0,0.0,1.0,0.7430780172092051,1.0,0.5889638842970532,0.3637361156163036,1.0,1.0,1.0,0.1167877968143028,1.0,0.5198494520953876,0.5217669768427123,1.0,0.0,0.0,0.0,0.0,0.0,1.0,1.0,1.0,1.0,1.0,0.922622336419421,1.0,0.13833257445623223,0.0,0.8218914904965103,1.0,0.21957377556855306,1.0,0.0869038155393449,0.10718191323992872,1.0,0.060565154700160766,1.0,1.0,1.0,0.04190038338128898,0.5381619679182595,1.0,1.0,1.0,0.5342690285338149,1.0,1.0,0.0
gex_possorted_bam_1WGCZ:CCAAACCCAGGACCTTx-M2,0.09537030231207569,1.0,1.0,0.9424220823901616,0.04914042220627693,0.0,1.0,0.6916556215617791,1.0,0.7516601524106264,0.29995076868121956,1.0,1.0,1.0,0.21557369458606918,1.0,0.5733366179636593,0.4113650465892028,1.0,0.0,0.0,0.0,0.0,0.0,1.0,1.0,1.0,1.0,1.0,1.0,1.0,0.0,0.0,0.7504288569429105,1.0,0.26455082746352176,1.0,0.1953044829506977,0.2285968364000523,1.0,0.27371014070334587,1.0,1.0,1.0,0.11720355982189391,0.548378748232658,1.0,1.0,1.0,0.5238956191350485,1.0,0.9694616713088106,0.0
gex_possorted_bam_1WGCZ:CATGCGCAGTTAGGCTx-M2,0.7504244991789659,1.0,0.6197989974676303,0.8771320867317773,0.002861308699984239,0.789221162023002,1.0,1.0,0.6872335753011234,1.0,0.0,1.0,1.0,1.0,1.0,1.0,0.0,0.0,0.2144090290210757,0.6565662598135463,0.793819705460958,0.7095875132442374,0.6182387066642167,1.0,1.0,0.7338466262797355,0.0,1.0,1.0,0.6083393660116939,1.0,0.9863811165588963,0.7441502481153561,1.0,0.0,1.0,0.8964430649639717,0.9228311749485086,1.0,1.0,0.45186270665491973,0.6406191967023888,0.7081043739822231,1.0,1.0,1.0,0.19826843073286812,0.0,1.0,0.9076251513834334,1.0,0.9940355886351105,0.7487204103495293
gex_possorted_bam_1WGCZ:CATCACACATTGCGGTx-M2,0.895397398211731,1.0,0.06505735040887019,0.8479723472802816,0.6865873678595447,0.6581790820749756,1.0,1.0,0.6564173072556471,0.8910983174440283,0.0,1.0,0.7209452956903744,0.24108132306758476,1.0,0.3337370458811741,0.0,0.0,0.23248994098488104,0.6605388547049683,1.0,0.7692074899466831,0.8407712581560753,1.0,0.5643636912457216,0.7507553161147731,0.014702267299880592,1.0,0.9361618806666742,0.6265729798475964,0.6505460701637003,0.7781017282709888,0.9190175088111686,1.0,0.14889763249482466,1.0,0.3769445559095505,0.8744992324195524,0.9143538250612442,0.39734583222437997,1.0,0.48964368302372346,0.6079839897132034,0.04024095047651029,1.0,0.8827654627472894,0.3240140397116337,0.0,0.8135287974197887,0.911149432740298,0.7512542927454123,0.7814477707184762,0.5998066423331876
gex_possorted_bam_1WGCZ:CATGCATAGTTTCCTGx-M2,0.0109920672787054,1.0,1.0,0.9463392466813277,0.0,1.0,1.0,0.47361203275268693,1.0,0.5673232493568569,1.0,1.0,1.0,1.0,0.16272761305052377,1.0,1.0,1.0,1.0,0.0,0.0,0.0,0.0,0.0,1.0,1.0,1.0,1.0,1.0,1.0,1.0,0.0,0.0,0.6193632988215331,1.0,0.20810537257682818,1.0,0.15085935774711295,0.08812330317548046,1.0,0.12869457634346057,1.0,1.0,1.0,0.011864365943999741,0.5268073319657096,1.0,1.0,1.0,0.3615762230816487,1.0,1.0,0.0
gex_possorted_bam_1WGCZ:CATTGCGAGGACGTAAx-M2,1.0,0.7096313004477793,0.5765436874049358,1.0,1.0,0.9155524595333733,0.4411730596464046,1.0,0.67252078777036,1.0,0.0,0.931753945048941,0.8154267758600441,0.5859422744685772,1.0,0.10597205745108668,0.0,0.0,0.4885945896342843,0.7710403337405851,1.0,1.0,1.0,1.0,0.9560179211885986,0.9493761225872658,0.0,0.855557062579106,1.0,1.0,0.7678941475772967,1.0,1.0,1.0,0.0,1.0,0.0,1.0,1.0,0.0,1.0,0.0,0.7908507002735168,0.677811130325059,1.0,1.0,0.7288793011992597,0.0,1.0,1.0,0.895094571559105,1.0,0.532513047016692
gex_possorted_bam_1WGCZ:CATCCTGGTTAATGACx-M2,0.0401364581680312,1.0,1.0,1.0,0.46092783277080823,0.0,1.0,0.8608360489137438,1.0,1.0,0.0,1.0,1.0,1.0,0.2631870722857146,1.0,0.0,0.0,1.0,0.0,0.0,0.0,0.00035114136277287865,0.0,1.0,1.0,1.0,1.0,1.0,0.7212915927929088,1.0,0.34561788526416853,0.0,0.9257652733587142,1.0,0.28845046730375795,1.0,0.023498974162528767,0.11684754065205183,1.0,0.6259395633222986,1.0,1.0,0.37962086649522336,0.0,0.5737031170331691,1.0,1.0,1.0,1.0,1.0,1.0,0.44259232789724284
gex_possorted_bam_1WGCZ:CCAACCAAGAGAAGGGx-M2,1.0,0.8913257266366915,1.0,1.0,1.0,1.0,0.0,1.0,0.7119304985780726,1.0,0.0,1.0,1.0,0.5677339628167057,1.0,0.022516030132092007,0.0,0.04161411477470213,0.5340444532065245,0.39845553452419585,0.7544428200045217,1.0,1.0,1.0,0.7384747019357024,1.0,0.0,0.8920305356360764,0.48634317179490194,1.0,0.04328521773713037,1.0,1.0,0.9976813353455257,0.0,1.0,0.0,1.0,1.0,0.0,1.0,0.0,1.0,0.5163648314070806,1.0,1.0,0.2376982199159786,0.0,1.0,1.0,1.0,1.0,0.5709260527866339
gex_possorted_bam_1WGCZ:CCAACCCGTTTGAGGCx-M2,1.0,0.7030662144000839,0.0,0.9596227004850107,1.0,1.0,0.3966366101440048,1.0,0.7836284069118125,0.9336703903413702,0.002635135866122993,0.5698100879976198,0.7876698073277549,0.27776530030768776,1.0,0.16725233845183268,0.0,0.2069102870889878,1.0,0.4937386257660461,1.0,1.0,1.0,1.0,0.8509689281792877,1.0,0.0,0.8141508721913839,0.8334564625317661,0.9821291068293433,0.505897128083511,1.0,1.0,0.9908049301465507,0.0,1.0,0.24050220647873932,1.0,0.9946611299856104,0.0,1.0,0.006520837808747786,0.8230680552178666,0.4100655222891621,1.0,1.0,0.3224627443141643,0.0,0.8341044832224824,1.0,0.9708191151463876,1.0,0.4939400961603151
gex_possorted_bam_1WGCZ:CCAAATCAGACAACGAx-M2,1.0,0.8526240659757245,0.0,0.9387949535000276,0.9797491070364792,1.0,0.06281777862598814,1.0,0.1965103461812325,0.7505579664426949,0.014892668824610185,0.3488573422254754,0.9727974052692032,0.27460496349100016,1.0,0.27426992844943243,0.0,0.3888271068507015,0.6769766459477289,0.627591924868326,1.0,1.0,1.0,1.0,0.5915798646202102,0.9081878505625225,0.0,0.8877300023422153,0.8285179405645269,1.0,0.30900651613490115,1.0,1.0,0.9072613790279269,0.0,1.0,0.2341837576157279,0.9999048974947234,0.9737628697563258,0.05011433792090027,1.0,0.26181294539323974,0.8376725427802516,0.4512735420705076,1.0,0.978985682702202,0.22038785593676777,0.0,0.8480955349598087,1.0,0.9698062603611028,0.9843603216787821,0.939704506711155
gex_possorted_bam_1WGCZ:CATTATCTCTCAATGAx-M2,0.03716273122782711,1.0,1.0,0.9933977858833685,0.0,1.0,1.0,0.5883095096290644,1.0,0.6212864362730237,1.0,1.0,1.0,1.0,0.1988063012175447,1.0,1.0,1.0,1.0,0.0,0.0,0.0,0.0,0.0,1.0,1.0,1.0,1.0,1.0,1.0,1.0,0.0,0.0,0.6924513968772145,1.0,0.209448551162709,1.0,0.17284690838675765,0.03127473961571975,1.0,0.15687959697797185,1.0,1.0,1.0,0.15046095893275416,0.5708976985628627,1.0,1.0,1.0,0.5059233241157286,1.0,0.981178444073245,0.0
gex_possorted_bam_1WGCZ:CATTATCTCAGGCTATx-M2,0.9495212280536907,1.0,0.0,0.7991932736534815,0.7335947585531059,1.0,0.3035254096386564,0.8960033691594737,0.0,1.0,0.178749610905765,0.707208576905604,0.6341142673719516,0.1609666300151366,0.8508748611577047,0.08736768883589079,0.01079596334461554,0.5370623432767476,0.5783241974231563,0.9582268003826144,1.0,1.0,0.9456429929608656,1.0,0.528882834788756,0.7114341988589151,0.0,0.6438489170502395,0.9186349598247922,0.8736568219360781,1.0,0.82373066726702,0.8799401353737346,1.0,0.0,1.0,0.10564452023454306,0.8840645242013012,0.8921352062756382,0.0913991339866906,0.6871622905747744,0.15832878657377825,0.5116566783908406,0.15415600220417316,1.0,0.8652221035762034,0.0,0.14354150415081815,0.7752947599263122,0.838543685541954,0.4992300239620409,0.931738111581707,1.0
gex_possorted_bam_1WGCZ:CATGCAAGTTTGCGAAx-M2,1.0,0.8057336600051618,0.0,0.9563503767710453,0.9859106938951331,0.8030922246495861,0.33508362031061356,1.0,0.7689274449470099,0.8561929264199882,0.0,0.6725284901326646,0.7398925833141045,0.32323607326847986,0.9324366233079614,0.0,0.0,0.0,0.7022351371448972,0.51344710571105,1.0,1.0,1.0,1.0,0.28582745146608013,0.8731288418878618,0.0,0.7151075930554163,0.7134432391905001,0.8436861805762497,0.0,1.0,1.0,0.9629518043912011,0.0,0.9250134519998798,0.22334863590197807,1.0,0.9692870071674021,0.0,1.0,0.41781723276639504,0.4734470477589574,0.0,1.0,0.9842079372419507,0.15276196120326374,0.0,0.8312147588974552,1.0,0.9605021852981599,0.7985205443011373,0.6085205250210418
gex_possorted_bam_1WGCZ:CATTGCGAGAATCTCAx-M2,1.0,0.9208476510036805,0.0,1.0,0.9655860709249391,0.6346021804737838,0.48949788969840996,1.0,0.969245992916615,0.9839374533066498,0.0,0.9219853175962431,0.9337408043681252,0.38423939896875536,1.0,0.14847632625813392,0.0,0.0,0.6561204616406114,0.4074018351784611,1.0,0.9653087749340545,1.0,1.0,0.5248308346996367,1.0,0.0,0.760611036404612,0.6752744570046688,0.8796388941951375,0.02148367739952718,1.0,1.0,0.9781674349051009,0.005844001056375384,1.0,0.256618828521762,1.0,0.9917642112364173,0.0,1.0,0.24697548814570353,0.6688540093170716,0.0,1.0,1.0,0.8300487319659864,0.023915302377456992,0.9139020768905831,1.0,1.0,0.8813168490116704,0.1582309366231237
gex_possorted_bam_1WGCZ:CATGCATAGAGCCGCTx-M2,0.975402421174067,1.0,0.23361556093597563,1.0,0.5638488232901984,0.5894340499007727,1.0,1.0,1.0,0.9971472085858273,0.0,1.0,1.0,1.0,1.0,1.0,0.0,0.0,0.9240164822227521,0.31968849170449753,0.9279603511876539,0.4693091281713163,0.8698301210069393,0.791739375388348,1.0,1.0,0.4054388752349429,1.0,1.0,0.9232151391827883,0.7081206989357759,0.8780261394457767,0.9555506485960191,1.0,0.40580598975442017,1.0,1.0,0.9140784402137099,0.9503189554831992,0.4081825090169874,1.0,1.0,1.0,0.80394177393379,1.0,0.9996029121215216,1.0,1.0,0.9672447622774148,1.0,1.0,0.9182517989663744,0.29675736257228286
gex_possorted_bam_1WGCZ:CATCACACACCTCGCTx-M2,0.0555565733405365,1.0,1.0,0.9175800486750769,0.0,0.4723728388715004,1.0,0.747938322291239,1.0,0.5899850125762623,0.8879394138361266,1.0,1.0,1.0,0.11527449462589927,1.0,1.0,1.0,1.0,0.0,0.0,0.0,0.0,0.0,1.0,1.0,1.0,1.0,1.0,0.9611082392376913,1.0,0.09949238452626542,0.0,0.8042820341611675,1.0,0.23934886153542637,1.0,0.11290331254389097,0.09990195272653381,1.0,0.01795324727736444,1.0,1.0,1.0,0.017749167033074262,0.546523095513148,1.0,1.0,1.0,0.46875247461407177,1.0,1.0,0.0
gex_possorted_bam_1WGCZ:CATTCCTCATCCAGGTx-M2,1.0,1.0,0.2863884538083211,1.0,1.0,1.0,0.7826194987859801,1.0,0.3759597105538487,1.0,0.31057284056737006,0.703107333931208,0.9590939516294661,0.32783101677007326,1.0,0.5682813684162555,0.0436923294379086,0.9939028641612058,1.0,0.854741424209344,1.0,1.0,1.0,1.0,0.8622865383706504,1.0,0.0,1.0,1.0,1.0,1.0,1.0,1.0,1.0,0.0,1.0,0.3174339382889559,1.0,1.0,0.03600974286707632,0.9840254699181973,0.08773610847524756,0.7826760350243529,0.470231081256429,1.0,1.0,0.2599163942462548,0.0,1.0,0.8358674691082826,1.0,1.0,1.0
gex_possorted_bam_1WGCZ:CCAAACCCAGGCGAGTx-M2,0.11062047359121362,1.0,0.8820164418092626,0.9604215921592267,0.0,1.0,1.0,0.8055477022581975,1.0,0.5344318351729204,1.0,1.0,1.0,1.0,0.07340513500153513,1.0,1.0,1.0,1.0,0.0,0.0,0.0,0.0,0.0,1.0,1.0,1.0,1.0,1.0,1.0,1.0,0.11518052416747018,0.0,0.7543114577620794,1.0,0.27256285416974485,1.0,0.08222839143068172,0.006399889812489895,1.0,0.09188905250144135,1.0,1.0,0.7416497041397073,0.12875882628167024,0.5514588394231555,1.0,1.0,1.0,0.6315293436884959,1.0,0.9341071873930256,0.0
gex_possorted_bam_1WGCZ:CCACTTGGTTGAGGTCx-M2,0.13566884456951495,1.0,1.0,0.8611341885807987,0.007840690387319008,0.0,1.0,0.9029503000184038,1.0,1.0,0.0,1.0,1.0,1.0,0.09162325935918578,1.0,0.0,0.0,1.0,0.0,0.0,0.0,0.0,0.0,1.0,1.0,1.0,1.0,1.0,0.8823599003032392,1.0,0.0,0.0,0.7768027778649769,1.0,0.3567458776562651,1.0,0.19939334736143152,0.1296983262797351,1.0,0.33324459459719374,1.0,1.0,1.0,0.2647857361113838,0.5202738296315207,1.0,1.0,1.0,0.8581939843612673,1.0,0.9894970023903923,0.005123601703630184
gex_possorted_bam_1WGCZ:CCAAACTAGCTTTGGGx-M2,1.0,0.9402270151177813,1.0,1.0,1.0,0.7254014295919414,0.0,1.0,1.0,1.0,0.0,1.0,1.0,0.855570089925426,1.0,0.24599907335672222,0.0,0.0,0.0,0.28011545165618373,0.03798356484682733,0.5587785995692587,1.0,0.5288064776805359,0.9270953692640826,1.0,0.01439922447101833,1.0,0.576149755068399,1.0,0.0,1.0,1.0,1.0,0.0,1.0,0.0,1.0,1.0,0.0,1.0,0.0,1.0,1.0,1.0,1.0,1.0,0.0,1.0,1.0,0.946593041621803,1.0,0.3944396768798326
gex_possorted_bam_1WGCZ:CATCGCTTCAATGTGCx-M2,1.0,1.0,0.42164796701118845,1.0,1.0,1.0,0.07165365343993903,1.0,0.6502345928782204,1.0,0.09973504146072167,0.8431766499888982,1.0,0.7952152527123824,1.0,0.0,0.0,0.47703943458452136,0.9480809572704283,0.62764979671493,1.0,1.0,1.0,1.0,0.5093338139600412,1.0,0.013672290780532411,0.9805751248897903,0.6718646150084555,1.0,0.23507233774327857,1.0,1.0,1.0,0.0,1.0,0.19746722443948644,1.0,1.0,0.0,1.0,0.35550506660998554,0.7997565361846143,0.03295978784001126,1.0,1.0,0.5942356710862644,0.0,1.0,1.0,1.0,1.0,0.7662602927498053
gex_possorted_bam_1WGCZ:CCAACCCGTGCTCCGTx-M2,0.055772849391029486,1.0,1.0,0.9535323867135816,0.2683983921650097,0.0,1.0,0.6020818829949978,1.0,1.0,0.0,1.0,1.0,1.0,0.12414584457012527,1.0,0.4175020145656312,0.0,1.0,0.0,0.0,0.0,0.0,0.0,1.0,1.0,1.0,1.0,0.9843446290638501,1.0,1.0,0.0,0.0,0.7691648929279205,1.0,0.19577647012585256,1.0,0.3089780004919695,0.3094791698686401,1.0,0.46344152718557863,1.0,1.0,1.0,0.10929699838011642,0.5987503519154576,1.0,1.0,1.0,0.384312174481048,1.0,0.9067747528430238,0.6783496934873574
gex_possorted_bam_1WGCZ:CCAAGTTAGCTCCTTAx-M2,0.08954753596694869,1.0,1.0,0.9569141638286478,0.24140907462771816,0.0,1.0,0.6974739994274958,1.0,0.7538414385619262,0.0,1.0,1.0,1.0,0.14143249449076145,1.0,0.0,0.0,1.0,0.0,0.0,0.0,0.0,0.01709968955916022,1.0,1.0,1.0,1.0,1.0,1.0,1.0,0.0,0.0,0.6943757148996625,1.0,0.25489345414749925,1.0,0.09823727988801248,0.15233891116057866,1.0,0.15782505593933532,1.0,1.0,0.8996193676438894,0.0,0.5437542175289536,1.0,1.0,1.0,0.6423338107912658,1.0,1.0,0.2213018764908738
gex_possorted_bam_1WGCZ:CCACAGGGTTAAGTGTx-M2,1.0,0.9141694462655152,0.07938445809337027,1.0,0.8003486572108528,0.6905607165199493,0.7976151986617911,1.0,0.6870291022679447,0.8470543445200494,0.0,0.8749697676846733,0.8038765257192159,0.2518652882410356,1.0,0.007043779309371729,0.0,0.0,0.6150633705039412,0.866292390409751,1.0,0.9735813472650948,1.0,1.0,0.6275161655685465,1.0,0.0,0.9584008936163264,0.9749103546840259,0.9951381888554676,0.218133864422512,1.0,1.0,1.0,0.0,1.0,0.33466911361371054,1.0,1.0,0.0,1.0,0.20569481531107178,0.8262554001480541,0.2742026245596612,1.0,1.0,0.5710806083538195,0.03408354659473204,0.9500351850490215,1.0,0.9994833865769355,0.8974560612466383,0.4066142246752623
gex_possorted_bam_1WGCZ:CCAAGTTAGGTCCAATx-M2,1.0,0.9326158405336428,0.01768865830159087,1.0,1.0,1.0,1.0,1.0,1.0,0.9089258338382845,0.0,0.6937191735269759,1.0,0.5609760557579377,1.0,0.1544648918533683,0.0,0.21497954605517147,1.0,1.0,1.0,1.0,1.0,1.0,0.8454666134537375,0.9239141611681896,0.0,1.0,0.7928545865266918,1.0,0.5566107131590524,1.0,1.0,1.0,0.0,1.0,0.08551040332052867,1.0,1.0,0.29456101410470453,1.0,0.29837873304581314,0.7214735304447307,0.09209298815614309,1.0,1.0,0.0,0.015240642926106548,1.0,0.985717085237445,1.0,1.0,0.8766160466531194
gex_possorted_bam_1WGCZ:CCAAGGCTCAACCAACx-M2,0.0581222569849381,1.0,1.0,1.0,0.28858757802488055,0.0,1.0,0.8120939969146804,1.0,0.930368030330581,0.0,1.0,1.0,1.0,0.19363344685703718,1.0,0.0,0.0,1.0,0.0,0.0,0.0,0.0,0.0,1.0,1.0,1.0,1.0,1.0,0.875206213322957,1.0,0.11799722924443119,0.0,0.9254150872637013,1.0,0.2721486465049894,1.0,0.05283778102998213,0.10838189762986988,1.0,0.2771439696643486,1.0,1.0,0.8850019383020857,0.012934866325097567,0.5756650240505177,1.0,1.0,1.0,0.8460975215684955,1.0,1.0,0.09016837337249331
gex_possorted_bam_1WGCZ:CATTCCTCAGTTAAAGx-M2,1.0,0.9436909933955557,0.023010711464328152,1.0,1.0,1.0,0.6107226257259118,1.0,0.4202904474684905,1.0,0.44850588026913313,0.8829959762932902,0.9958076547551407,0.46118368322814773,1.0,0.44287258005418123,0.07930329012240821,1.0,1.0,0.7615198426153112,1.0,1.0,1.0,1.0,0.7871362744287214,1.0,0.0,0.9927000574311432,1.0,1.0,1.0,1.0,1.0,1.0,0.0,1.0,0.1913276115135673,1.0,1.0,0.0,1.0,0.22836256427939197,0.9947758411575562,0.2962031080549259,1.0,1.0,0.2960097155189311,0.03056954611749649,1.0,1.0,1.0,1.0,1.0
gex_possorted_bam_1WGCZ:CATCCTCAGGACCTCAx-M2,1.0,1.0,0.11615526074270914,1.0,1.0,1.0,0.5478284064037222,1.0,0.6496676405405856,1.0,0.26168278336858125,0.8748583758648403,0.9933881707883168,0.3450207235423615,1.0,0.3057878337405559,0.0,0.7596128669257461,1.0,0.8387087180582717,1.0,1.0,1.0,1.0,0.7167136506669703,1.0,0.0,1.0,1.0,1.0,1.0,1.0,1.0,1.0,0.0,1.0,0.41601697238593877,1.0,1.0,0.0,1.0,0.3623651241238992,0.9349068593072538,0.806914048921426,1.0,1.0,0.30577817562784465,0.0,1.0,1.0,1.0,1.0,1.0
gex_possorted_bam_1WGCZ:CATGCATAGGTACCGCx-M2,1.0,0.5483877694458129,0.1690413010751873,1.0,0.5227261948301252,0.8223692264931861,0.2450527246584837,1.0,0.24431937408821852,0.7515530877502179,0.0,0.6665802141898941,0.858391526780733,0.0,1.0,0.41944680539911716,0.0,0.0,0.6471516367824698,0.9678005081685895,1.0,1.0,0.9604948698533674,0.9738344505329977,0.45059211900871154,0.8923681999225272,0.15663296802833412,0.39967949774047773,0.8362501673231258,0.5671090975480696,0.5955782647615634,0.9465431843791541,1.0,0.8049847709638084,0.0,1.0,0.3419632679887554,1.0,0.8207166618913266,0.0,1.0,0.0,0.6897278686143531,0.48535767503507865,0.8955564435854918,0.9210666416129795,0.6428721937369545,0.2706219108816895,0.6834995365168622,1.0,0.8078983239378371,0.7875587506383559,0.5084795373779657
gex_possorted_bam_1WGCZ:CCAAGGCTCACCAATAx-M2,0.9882596433087014,0.756129474301346,1.0,1.0,1.0,0.08641357883322,0.0,1.0,0.5188667585847346,1.0,0.0,1.0,1.0,0.6941632199247867,1.0,0.0,0.0,0.0,0.0,0.0,0.0,0.3286195194224509,1.0,0.566835371612496,0.26620391958894296,1.0,0.0,0.5657973910114324,0.8059648010758229,1.0,0.0,1.0,1.0,1.0,0.0,0.8612623741710719,0.0,1.0,1.0,0.0,1.0,0.0,0.6244016419029198,0.5022602314973716,0.5978101599355629,1.0,1.0,0.0,1.0,1.0,1.0,1.0,0.0
gex_possorted_bam_1WGCZ:CCAAATCAGCTCCTTAx-M2,1.0,0.8682238302319724,1.0,1.0,1.0,0.9866892626108277,0.0,1.0,0.9405230589217184,1.0,0.0,1.0,1.0,0.5623736552250204,1.0,0.0,0.0,0.0,0.11504873567156486,0.8363030723087074,0.753769985976119,1.0,1.0,0.9401101026301629,0.7390900258481164,1.0,0.0,1.0,0.6659771266367858,1.0,0.00992352357249411,1.0,1.0,1.0,0.0,1.0,0.0,1.0,1.0,0.0,1.0,0.0,1.0,0.9487888819158704,1.0,1.0,1.0,0.0,1.0,1.0,0.9652948615303728,1.0,0.8168600959688809
gex_possorted_bam_1WGCZ:CATTCATTCCCGAAGCx-M2,1.0,0.9793697496017454,0.5547762905113242,1.0,1.0,1.0,0.42873693253115525,1.0,0.4361819032978486,1.0,0.1998453107877381,0.73423307406236,0.9261315007610282,0.0,1.0,0.30712796237224527,0.0,0.3927708298066162,1.0,0.9533747230106411,1.0,1.0,1.0,1.0,0.7065323854693819,1.0,0.0,0.9138770605590051,0.8413019464178487,1.0,0.6768316598213293,1.0,1.0,1.0,0.0,1.0,0.18642674919161764,1.0,1.0,0.0,1.0,0.24029353771466558,0.9061639322240471,0.2918969452615862,1.0,1.0,0.3019150558195208,0.1321472259941062,1.0,1.0,0.8817097031664154,1.0,1.0
gex_possorted_bam_1WGCZ:CCACTTGGTTATTGCCx-M2,0.9667261908971407,0.6724012620797427,0.0,0.737664199972975,0.9070908440234767,1.0,0.2613491088741042,0.8333592607613319,0.3196325475309024,0.7542304030336131,0.8053809190714666,0.3504966570759485,0.751948226200534,0.2838825005642141,0.8380216102031454,0.13040061315334553,0.5306931035660855,1.0,1.0,0.554995954197859,1.0,1.0,0.8588398080917916,1.0,0.5805813471352941,0.6680820707506878,0.0,0.6890663458742597,0.8196714086879089,0.8193405157868052,0.6381899645554593,0.8882557836558893,0.882710945649279,0.8445520386628687,0.024283325451015542,1.0,0.12756597054102087,0.8559401731106874,0.8443716501138587,0.024856902724695176,0.6247488431877836,0.269886139590335,0.38483836271651195,0.0,1.0,0.8506510260622104,0.0,0.11642474214628289,0.6889140558098461,0.8478315722615023,0.692863632834943,0.9196918384662051,0.9667677518393608
gex_possorted_bam_1WGCZ:CATGCGGGTGACATATx-M2,0.08783944210867221,1.0,1.0,0.9532857889527898,0.0,0.0,1.0,0.8509885974205017,1.0,0.7498645943078704,0.0,1.0,1.0,1.0,0.08706958769913573,1.0,0.0,0.0,1.0,0.0,0.0,0.0,0.0,0.0,1.0,1.0,1.0,1.0,1.0,0.8243914083696737,1.0,0.10396117245525999,0.0,0.8965736651491814,1.0,0.24398608570591399,1.0,0.1454968493616655,0.09952319528071539,1.0,0.24235225313695027,1.0,1.0,1.0,0.022690396660792842,0.5669258081199916,1.0,1.0,1.0,0.5153344873843393,1.0,1.0,0.0
gex_possorted_bam_1WGCZ:CCACAGGGTACAAAGAx-M2,0.7526557953625486,0.43908155084247125,0.06539107378029929,0.7173192294910213,0.3541327865090025,0.4189798761923821,0.679763704052544,0.8288247603438492,0.41404147136005415,0.5861242592406672,0.0,0.5569024785687623,0.2957489416758482,0.324695316060639,0.9094373689370222,0.0,0.0,0.0,0.12021294411332906,0.9591056893057646,0.8859189372275608,0.7812949624965778,0.7001308148797855,1.0,0.2074707401860044,0.6311536372460329,0.1380476351584479,0.5758521612157487,0.37145749601892114,0.470684966166856,0.31693635413432775,0.6292927376477612,0.8501014849549908,0.7494966968596047,0.10418719817765348,0.7409746797464103,0.2684744041925285,0.6249173047846663,0.6921996952353969,0.34853884420751136,1.0,0.059899035295183464,0.4479642185160153,0.12829335239778294,0.6897428058786328,0.8102103715359169,0.0248272060127203,0.0,0.5601582778588423,0.8522466470891001,0.616839251379779,0.5647042899118145,0.4875839784101264
gex_possorted_bam_1WGCZ:CATCCTGGTCACGGATx-M2,1.0,1.0,0.049210906147274844,1.0,0.7253246622884812,1.0,0.8242342193273171,1.0,0.6023404723118194,1.0,0.0,1.0,0.9679693573085676,0.7760895511427447,1.0,0.2317767334216434,0.0,0.0,0.70041797295902,0.7339945508739225,1.0,0.9967806865410349,1.0,1.0,0.8523617353945673,0.9684249646614533,0.0,0.8982744663568234,0.8539776507407288,0.9351344520770125,1.0,1.0,1.0,1.0,0.0,1.0,0.536420516293574,1.0,1.0,0.33625196478588926,1.0,0.15108417550759998,0.935735823506818,0.7646634981254584,1.0,1.0,0.6545496570354283,0.00958715480447631,0.9040879057385438,1.0,1.0,1.0,0.5979838566726198
gex_possorted_bam_1WGCZ:CCAATATCAATGAGGTx-M2,1.0,0.7282016799262485,0.0,0.9094292612013579,1.0,1.0,0.21574407445155236,0.9373003109562107,0.16440843345378087,0.8812211322942655,0.4395373204516384,0.4510914370044892,0.949728025446828,0.1590180253509734,1.0,0.426991052417148,0.12822545644722352,1.0,1.0,0.5871805867437033,1.0,1.0,1.0,1.0,0.5317187458938448,0.878844910839406,0.0,1.0,1.0,1.0,0.3298155321157883,1.0,1.0,1.0,0.0,1.0,0.5204341935145136,1.0,1.0,0.05437403784825194,1.0,0.556186442677781,0.6214983387432925,0.10186432006275928,1.0,1.0,0.4302329036359319,0.20133497701262515,0.9746812367575031,0.8745572521473018,0.9606350578952972,1.0,0.8270153591483544
gex_possorted_bam_1WGCZ:CCAATATCATCATGTGx-M2,1.0,1.0,0.6974750441015168,1.0,1.0,1.0,0.20113360398806412,1.0,0.7947762683256913,1.0,0.0,1.0,1.0,0.21096492878846976,1.0,0.1584146236810779,0.0,0.0,0.5418733256409128,0.9639273256624546,1.0,1.0,1.0,1.0,0.6563407474822982,1.0,0.0,1.0,1.0,1.0,0.03148337665320007,1.0,1.0,1.0,0.0,1.0,0.0641138593766277,1.0,1.0,0.0,1.0,0.2070592329588276,1.0,0.4692408003150172,1.0,1.0,0.521512246972196,0.0012376785705994397,1.0,1.0,0.8415885376540092,1.0,0.8302754558000579
gex_possorted_bam_1WGCZ:CATCATGCATGCATATx-M2,1.0,0.9353076357358533,0.1354320999601046,1.0,0.8523851124506843,1.0,0.9105341300153424,1.0,1.0,1.0,0.309583624043565,0.9796105303969169,0.9500310327408656,0.9785204917016482,1.0,0.8840237243442141,0.13144447943634818,0.9141812888420963,1.0,0.7144111419527147,1.0,1.0,1.0,1.0,0.9078088058776357,0.9653964592188765,0.0,1.0,1.0,1.0,1.0,1.0,0.9514422368169969,1.0,0.0,1.0,1.0,1.0,1.0,0.2705841413853581,0.8789118452412386,0.8165179718621809,0.7403151767269213,0.6707792338559111,1.0,1.0,0.2556405510084791,0.8562529267556234,1.0,0.9744678086316703,1.0,1.0,1.0
gex_possorted_bam_1WGCZ:CATTATGAGGCATTGTx-M2,1.0,1.0,0.10750385518546182,1.0,1.0,1.0,0.30094663250785136,1.0,1.0,1.0,0.1324974830467465,0.5140428083029203,0.9477252496994736,0.4923880631827936,1.0,0.3183310363925622,0.0,0.5498938550099074,1.0,0.5246939500579336,1.0,1.0,1.0,1.0,0.5936554608667705,1.0,0.0,0.8959638468598374,0.6057365507969659,1.0,0.3922091146181413,1.0,1.0,1.0,0.0,1.0,0.1416530493544509,1.0,1.0,0.0,1.0,0.1621351605493657,0.9529896447052776,0.23768358136186538,1.0,1.0,0.5122976432962949,0.0,1.0,1.0,0.9763666298435709,1.0,0.49488964627322624
gex_possorted_bam_1WGCZ:CATCCTCAGGTGCTGCx-M2,1.0,1.0,1.0,1.0,1.0,1.0,0.0,0.9395960773338675,0.6437051451944921,1.0,0.06688154806286419,0.8645538452583603,1.0,0.5985664136001104,1.0,0.16499848880371032,0.0,0.26252458743498164,0.5833128951938414,0.5823243544699226,0.930992939442063,1.0,1.0,1.0,0.8456496290703696,1.0,0.0,1.0,0.5786488939551667,1.0,0.40017508070251867,1.0,1.0,1.0,0.0,1.0,0.0,1.0,1.0,0.0,1.0,0.0,1.0,0.7248140874338366,1.0,1.0,0.9639411787484262,0.0,1.0,1.0,1.0,1.0,1.0
gex_possorted_bam_1WGCZ:CATTTGTTCGTTACTTx-M2,1.0,1.0,0.0,1.0,1.0,1.0,0.575220364127756,1.0,0.3102008713771112,1.0,0.6857726807693086,0.6049648066978188,0.9379936654392964,0.39458147939146704,1.0,0.6087929442026875,0.33127315967954424,1.0,1.0,0.7437798533939863,1.0,1.0,1.0,1.0,0.7067147143482403,0.9166488246879588,0.0,1.0,1.0,1.0,1.0,1.0,1.0,1.0,0.0,1.0,0.19415954881748212,1.0,1.0,0.09833237217467057,0.6141490831756259,0.25172705861774664,0.6505736007020619,0.2650041709273098,1.0,1.0,0.09364354936678092,0.0,1.0,0.9694350118310001,0.959677697616399,1.0,1.0
gex_possorted_bam_1WGCZ:CATTGCGAGCACTTGGx-M2,0.6684291994614466,1.0,1.0,0.7688712228640958,0.0,0.8245257956851338,1.0,1.0,0.55023969586701,1.0,0.0,1.0,0.9091435358821237,1.0,0.9833346380854048,1.0,0.0,0.0,0.3624138907623171,0.3328340159453033,0.5932994832926426,0.4853356489249471,0.5449160127229151,0.8785260532485574,1.0,0.7677198132580064,0.0,1.0,1.0,0.48201273733897193,1.0,0.7018466548451753,0.6382766134089828,1.0,0.11922593397123823,1.0,1.0,0.7490381934477566,0.8126900340995431,1.0,0.6037600338266489,0.5840166373659728,0.9257832280186888,1.0,0.8877796168490925,0.9556116396988544,0.3240325400086514,0.09321083515679353,0.9465911411565613,0.9633480104246503,1.0,0.8440911936838937,0.5340950310362665
gex_possorted_bam_1WGCZ:CCAACCCGTTGTGACAx-M2,1.0,1.0,1.0,1.0,1.0,1.0,0.22166242320262075,1.0,0.8757133499521103,1.0,0.0,0.7763537107047143,0.9677132941880555,0.7531901302798826,1.0,0.4337355376743853,0.0,0.04562802638004759,0.7366953077778505,0.6689438818858098,1.0,1.0,1.0,0.9829745621714027,0.7801562991686007,1.0,0.0,1.0,0.6629957177399244,1.0,0.6603950820371471,1.0,1.0,1.0,0.0,1.0,0.05301056267865949,1.0,1.0,0.0245282974707039,1.0,0.12033979309624844,1.0,0.64959064108053,1.0,1.0,0.8123916875848414,0.0,1.0,1.0,0.994299687400555,1.0,1.0
gex_possorted_bam_1WGCZ:CCAAACTAGTCTTGAAx-M2,1.0,1.0,0.0,1.0,1.0,1.0,1.0,1.0,0.13834543236550728,1.0,0.23518194036989845,0.8032538188979198,1.0,0.5262611189479214,1.0,0.7418444607151505,0.16187387725803656,1.0,1.0,0.7553683832984894,1.0,1.0,1.0,1.0,0.9315098913564432,0.9890062750252723,0.0,1.0,1.0,1.0,1.0,1.0,1.0,1.0,0.0,1.0,0.03852311550297544,1.0,1.0,0.13478700367802507,1.0,0.37157359047618327,1.0,0.9713040531688688,1.0,1.0,0.5298478287487313,0.0,1.0,0.9649974151636813,1.0,1.0,0.7014903669131748
gex_possorted_bam_1WGCZ:CCAACCCGTTTGGCTTx-M2,0.0,0.6167334398769236,1.0,0.3041124768499075,0.0,0.0,1.0,0.25317896962391384,1.0,0.3928412022347355,0.5922141729691152,1.0,1.0,1.0,0.011316899463360447,1.0,0.8343374678573867,0.0,1.0,0.0,0.0,0.0,0.0,0.0,1.0,0.4739492478739703,1.0,0.9522930201148543,0.9914372621249301,0.3340188267405182,1.0,0.0,0.0,0.4237467059736036,1.0,0.0,1.0,0.0,0.0,1.0,0.13860207526382934,1.0,1.0,1.0,0.0,0.16359497248994398,1.0,1.0,0.4834187063263987,0.04014315778651353,0.987516982487965,0.32047914237081554,0.03657812744389135
gex_possorted_bam_1WGCZ:CATCCTCAGACTAAGGx-M2,1.0,1.0,0.0,1.0,1.0,1.0,0.6850338641334777,1.0,0.359465311533931,1.0,0.2532312821242745,0.6888705375326923,0.8610948422176724,0.4335189088052284,1.0,0.34606420916692404,0.0,0.8062435529579973,1.0,0.836443321443188,1.0,1.0,1.0,1.0,0.8406589133839274,0.9321115210048943,0.0,1.0,1.0,1.0,1.0,1.0,1.0,1.0,0.0,1.0,0.24078229859733571,1.0,1.0,0.1115433013988267,0.9631303394553832,0.1382107569726195,0.6064115335838347,0.44959559153605755,1.0,1.0,0.3862368317160455,0.0,0.9945398991650414,1.0,1.0,1.0,1.0
gex_possorted_bam_1WGCZ:CATCACACATTATGACx-M2,1.0,0.8810812180985252,0.0,1.0,1.0,1.0,0.6316776856272716,1.0,0.7165746843296924,0.919843140237488,0.43917289090389744,0.6864754130097923,0.8406013391123385,0.4990882708159232,1.0,0.383700343941324,0.1357413958821157,1.0,1.0,0.7720121567939594,1.0,1.0,1.0,1.0,0.6436020021424999,0.9249439505880167,0.0,1.0,1.0,1.0,1.0,1.0,1.0,1.0,0.0,1.0,0.3609898806197991,1.0,1.0,0.0,1.0,0.060231128882770026,0.6090707150976727,0.13178284628856776,1.0,1.0,0.0,0.0,0.9572392617661017,1.0,0.9330347203207182,1.0,1.0
gex_possorted_bam_1WGCZ:CCACAATAGCCACATGx-M2,0.05452412172257814,1.0,1.0,0.9457580158235891,0.020866709517897736,0.0,1.0,0.5763522559500297,1.0,0.7347048152759217,0.0,1.0,1.0,1.0,0.23396251465475243,1.0,0.0,0.0,1.0,0.0,0.0,0.0,0.0,0.0,1.0,1.0,1.0,1.0,1.0,1.0,1.0,0.0,0.0,0.7614273777380772,1.0,0.2225778073722187,1.0,0.2555884940919789,0.3367285359513932,1.0,0.1800494881576814,1.0,1.0,1.0,0.0,0.5988619815905921,1.0,1.0,1.0,0.4214644987027995,1.0,1.0,0.0
gex_possorted_bam_1WGCZ:CATTGTGCAGTCTAATx-M2,0.07571517884588373,1.0,1.0,0.9647787612710688,0.005964837102161883,0.0,1.0,0.788855775449962,1.0,0.8614929843777068,0.0,1.0,1.0,1.0,0.14145724131472542,1.0,0.0,0.0,1.0,0.0,0.0,0.0,0.0,0.0,1.0,1.0,1.0,1.0,1.0,0.9793637113712521,1.0,0.0,0.0,0.8367486122237515,1.0,0.25395095927491157,1.0,0.07254370314936187,0.0967091385604688,1.0,0.11629202161940061,1.0,1.0,1.0,0.0,0.5344752986185539,1.0,1.0,1.0,0.6451688841405591,1.0,1.0,0.0
gex_possorted_bam_1WGCZ:CCACTTGGTGTTTGTCx-M2,1.0,0.9839395979934642,0.0,1.0,1.0,1.0,0.5014045137930069,1.0,0.42224173012143273,1.0,0.3295674919768687,0.8088596959681233,0.9411538412216737,0.316776655728857,1.0,0.13503539245580537,0.05532206736326461,0.8385346322613333,1.0,0.6277509134578974,1.0,1.0,1.0,1.0,0.6851979769098009,0.8491442299436252,0.0,0.9706259017206758,1.0,1.0,0.9305097659534814,1.0,1.0,1.0,0.0,1.0,0.1674764535734461,1.0,1.0,0.0,0.9908836857595129,0.14740335693698528,0.5611650624132261,0.18679702068997786,1.0,1.0,0.0010541727031720834,0.0,0.8710126276476802,1.0,0.9908794521869445,1.0,1.0
gex_possorted_bam_1WGCZ:CATGGCGGTACCGTAAx-M2,0.6948772173448698,0.37670178529586335,0.20988759480862698,0.5868037673452491,0.5710011625641406,1.0,0.18269173736087727,0.647966284438024,0.0,0.6371076487769929,0.6444886168780919,0.14545590783836482,0.48380171640940917,0.0,0.6504084648457829,0.14386929851763347,0.6626965197765267,1.0,0.5623257803460366,1.0,1.0,1.0,0.6248705300257587,1.0,0.2146172081519271,0.5106744932052676,0.06563869490524048,0.5614380293121148,0.6558067852566772,0.5853177696273966,0.4323997135797667,0.6937841612760082,0.7322632937824308,0.5688095866087408,0.07614010698463057,0.6974110539126448,0.05407876409460808,0.5670724505876289,0.6114642954153102,0.0644207535244197,0.8725352962909243,0.0,0.326001502411549,0.2696561062639519,0.7645282819890409,0.6308641393274362,0.014986154984279082,0.14759316626195054,0.5238763423299523,0.7383791236005662,0.4137471068658,0.5382217035397034,1.0
gex_possorted_bam_1WGCZ:CATGAGGCAGGCGAGTx-M2,1.0,0.9597046704145228,0.16423333225578196,1.0,1.0,1.0,0.029497186315043507,1.0,0.613920786317872,1.0,0.20984122636790067,1.0,0.9196848815190578,0.3640205033003378,1.0,0.10617692236736427,0.020128107176547946,0.7299651319306845,1.0,0.4812095108862477,1.0,1.0,1.0,1.0,0.4446002632613376,1.0,0.0,0.7626918743118203,0.6264203034545764,1.0,0.33328239790218905,1.0,1.0,1.0,0.0,1.0,0.0,1.0,1.0,0.0,1.0,0.0,0.8970925684325048,0.44798802104955293,1.0,1.0,0.4379122556145642,0.0,1.0,1.0,0.9506061291221424,1.0,0.5013068903593352
gex_possorted_bam_1WGCZ:CATTCCTCAAGTCGCTx-M2,0.08042530205668669,1.0,1.0,0.9290300989334148,0.0,0.0,1.0,0.8443843672489564,1.0,0.6135721905381709,0.2788644378987249,1.0,1.0,1.0,0.12595029060566654,1.0,0.5607020291960011,0.7226240480908231,1.0,0.0,0.0,0.0,0.0,0.0,1.0,1.0,1.0,1.0,1.0,0.891412773725033,1.0,0.0,0.0,0.794663851325373,1.0,0.24382131577900157,1.0,0.035025859066407684,0.06093201323441948,1.0,0.13677689389190859,1.0,1.0,1.0,0.09699291595845355,0.527427078239355,1.0,1.0,1.0,0.5820739539651062,1.0,0.903302433093667,0.0
gex_possorted_bam_1WGCZ:CATCCCAGTTAGAGGGx-M2,1.0,0.9750523356012645,0.0,1.0,1.0,1.0,0.8400598323341947,1.0,0.7710495234778942,1.0,0.0,0.6986609223184855,0.8040554903171339,0.6282922203496552,1.0,0.33677159696700304,0.0,0.4299961892425282,1.0,0.7230116191063359,1.0,1.0,1.0,1.0,0.7435402583046979,1.0,0.0,1.0,0.9537465994193192,1.0,1.0,1.0,1.0,1.0,0.0,1.0,0.020859160104866402,1.0,1.0,0.0,1.0,0.3169061801864603,0.8927138587062787,0.6196902254584462,1.0,1.0,0.39991754356962494,0.0,1.0,1.0,1.0,1.0,0.793372280434369
gex_possorted_bam_1WGCZ:CATGGATTCATCCTATx-M2,1.0,1.0,0.0,1.0,0.9657483485859779,1.0,0.5018592347473311,0.9850613362526958,0.2222210867965052,1.0,0.6677268004048807,0.42896779687681347,0.9407540326119127,0.7759490386717266,0.9633493799661681,0.3422604163270754,0.35131864133356994,1.0,1.0,0.3758776285146088,1.0,1.0,0.9724240590115599,1.0,0.6640748294914751,0.7974474240814996,0.0,0.8499384333280853,1.0,0.962818244573508,0.9765872208461978,0.9305449844030983,1.0,0.9834014211433533,0.0,1.0,0.17603674428510455,1.0,1.0,0.0,0.7442267496465705,0.11052427690794252,0.6191692993370064,0.11355295587923502,1.0,1.0,0.10261679998749015,0.265086247522951,0.819688111490554,1.0,0.9486581252631857,1.0,0.8992287366846935
gex_possorted_bam_1WGCZ:CCCAGTTTCTCTAGCCx-M2,0.0,1.0,1.0,0.3307562188114198,0.0,0.6896106593172933,1.0,0.045852135987166184,1.0,0.16200211839656525,1.0,1.0,1.0,1.0,0.0,1.0,1.0,1.0,1.0,0.0,0.0,0.0,0.0,0.0,1.0,0.49737737813957406,1.0,0.8274311566538227,1.0,0.6194732814298121,1.0,0.0,0.0,0.2265686719065738,1.0,0.0,1.0,0.0,0.0,1.0,0.0,1.0,1.0,1.0,0.0,0.19586055391303145,1.0,1.0,0.5485350031233802,0.137224031630177,1.0,0.45442339912918145,0.0
gex_possorted_bam_1WGCZ:CCAGCTGCAGCATGTCx-M2,0.15111820853394867,1.0,1.0,0.9320187675525554,0.2574825729724639,0.0,1.0,0.5732321024389783,1.0,0.9703259822587587,0.0,1.0,1.0,1.0,0.2602635093405154,1.0,0.3239635357890876,0.0,1.0,0.0,0.0,0.0,0.0,0.0,1.0,1.0,1.0,1.0,1.0,1.0,1.0,0.0,0.0,0.8218753292071403,1.0,0.290983611202154,1.0,0.3367252746398356,0.4696376103097479,1.0,0.3776662844754818,1.0,1.0,1.0,0.09175513890119885,0.6254591370590044,1.0,1.0,1.0,0.4523508846355579,1.0,1.0,0.07597579991518986
gex_possorted_bam_1WGCZ:CCGATGCAGGCACAGGx-M2,1.0,0.7960830272116625,0.03066413985222513,1.0,1.0,1.0,0.6298658713799268,1.0,0.23223801599394955,1.0,0.20591051863601287,0.8203684806473834,0.8022210299983057,0.13415005925616041,1.0,0.3739879683937017,0.0,0.7614392465622881,1.0,0.6387095941659547,1.0,1.0,1.0,1.0,0.6200931483012442,1.0,0.0,1.0,1.0,1.0,1.0,1.0,1.0,1.0,0.0,1.0,0.14369498324694027,1.0,1.0,0.0,1.0,0.14619155009556564,0.6616836252908227,0.0016889455201969101,1.0,1.0,0.0,0.0,1.0,1.0,1.0,1.0,1.0
gex_possorted_bam_1WGCZ:CCCTCATAGGATGATGx-M2,0.11329867934416513,1.0,1.0,0.9034842551443636,0.03380887289142868,0.0,1.0,0.7183214446755978,1.0,0.6590072579888808,0.0,1.0,1.0,1.0,0.12440784605664174,1.0,0.2240040517290508,0.0,1.0,0.0,0.0,0.0,0.0,0.0,1.0,1.0,1.0,1.0,1.0,0.8823686211971469,1.0,0.23629839160605964,0.0,0.7544805927305552,1.0,0.2329828865386818,1.0,0.1342397153903239,0.17114514958376895,1.0,0.2559366854804891,1.0,1.0,1.0,0.16114725933283974,0.5751232282973487,1.0,1.0,1.0,0.5469480199150013,1.0,0.8939570550649223,0.0
gex_possorted_bam_1WGCZ:CCCAGTTTCCGCAAATx-M2,1.0,1.0,0.0,0.9836311053031946,1.0,1.0,0.059770716289060694,0.9259700407080701,0.3011286217322156,0.9494781317593993,1.0,0.5005147713440133,0.6875095093697626,0.2655527415695509,0.9993177008071524,0.3927867153917866,0.6484408505111646,1.0,1.0,0.7895311730742588,1.0,1.0,1.0,1.0,0.5726053686127871,0.8421935349489748,0.0,1.0,0.9784732029124172,1.0,0.9001571881130461,1.0,1.0,1.0,0.0,1.0,0.0,1.0,1.0,0.0,0.7066787737347322,0.13109060075271425,0.577649145684531,0.23052909222218254,1.0,0.9975884441817946,0.07304710804024249,0.0,0.9456163494668052,1.0,0.6970202852859917,1.0,1.0
gex_possorted_bam_1WGCZ:CCGACAGGTCGCGCAAx-M2,1.0,1.0,0.17501200706438277,1.0,1.0,1.0,0.4021255951674782,1.0,0.3177583881342274,0.8605528402321485,0.0,0.7065792031037227,0.9640094984355176,0.3091590935492567,1.0,0.08516543293203989,0.0,0.11184995624840917,0.8899525975609649,0.785640870676799,1.0,1.0,1.0,1.0,0.4898330707968019,1.0,0.0,0.7760870537864072,1.0,1.0,0.6253088712185402,1.0,1.0,1.0,0.0,1.0,0.04170278058218923,1.0,1.0,0.017965921176351093,1.0,0.0,0.8612200519445862,0.09780699727453239,1.0,1.0,0.2833161916455595,0.0,0.9216505465794776,1.0,0.9803151462504739,1.0,0.26007845783550926
gex_possorted_bam_1WGCZ:CCAGGAACAGGCTGTTx-M2,0.05764439190486399,1.0,0.8753634095496334,0.9459878357421316,0.0,0.0,1.0,0.7357130694933088,1.0,0.5711805766023031,0.027316927090717452,1.0,1.0,1.0,0.10729199616398145,1.0,0.22596222219382547,0.0,1.0,0.0,0.0,0.0,0.0,0.0,1.0,1.0,1.0,1.0,1.0,0.9312249999224465,1.0,0.0,0.0,0.8582164088252111,1.0,0.19239922976033672,1.0,0.037266206646117045,0.0927121869862364,1.0,0.18427103423864485,1.0,1.0,1.0,0.0,0.5239939425356434,1.0,1.0,1.0,0.6176528528660674,1.0,0.975205233330471,0.0
gex_possorted_bam_1WGCZ:CCCAGCACAATACTGTx-M2,1.0,0.9776434714111033,0.7174356336832048,1.0,1.0,1.0,0.2052765273551455,1.0,0.8461028879510277,1.0,0.0,1.0,1.0,0.41815476764601794,1.0,0.18595167311339475,0.0,0.2875866259424708,0.7339054883225028,0.790144657045218,1.0,1.0,1.0,1.0,0.7754944896713882,1.0,0.0,1.0,1.0,1.0,0.4862028749365212,1.0,1.0,1.0,0.0,1.0,0.07818815292006256,1.0,1.0,0.0,1.0,0.029488580735917765,1.0,0.5724585793614211,1.0,1.0,0.6877949637314719,0.0,1.0,1.0,0.9110409659954712,1.0,1.0
gex_possorted_bam_1WGCZ:CCAGGATGTTCCTCCTx-M2,1.0,0.7133128920507027,0.0,1.0,1.0,0.7493152337604565,0.22397410265812653,1.0,0.12087155192365018,1.0,0.0,0.6841120656444393,0.7409251648372307,0.5157187043508287,1.0,0.08961759554745907,0.0,0.0,0.7888410422645329,0.6109610400478507,1.0,1.0,1.0,1.0,0.37558957236185764,1.0,0.0038492739399918338,0.8555148056410014,1.0,1.0,0.5184061888965577,1.0,1.0,0.965367619248066,0.0,0.9864314736718065,0.5514997951957596,1.0,1.0,0.0,1.0,0.2679632342591745,0.7932551095540837,0.486533650360502,1.0,1.0,0.5593440350899562,0.0,1.0,1.0,1.0,0.9566757490619587,0.24391960386293454
gex_possorted_bam_1WGCZ:CCATTGTGTTGTCATCx-M2,1.0,0.8284521684035617,0.0,1.0,1.0,0.7287160146369621,0.014759308217254085,1.0,0.18171119667079494,0.9884259939230168,0.0,1.0,0.7764996264084745,0.30209951355475656,1.0,0.1936631341982252,0.0,0.0,0.8526657975913889,0.6345021625284966,1.0,1.0,1.0,1.0,0.17849136757811082,1.0,0.0,0.7529121427936466,0.8174440330041163,1.0,0.3923565737637391,1.0,1.0,1.0,0.0,1.0,0.05151563314626909,1.0,1.0,0.0,1.0,0.17305334484138668,0.689720004669552,0.24569202214294575,1.0,1.0,0.7211985905102891,0.0,0.9564907502862396,1.0,1.0,0.9821162045542591,0.0
gex_possorted_bam_1WGCZ:CCAGGAACATGATTGTx-M2,1.0,1.0,0.00780103742398336,1.0,0.7939760691420853,1.0,0.8602149432048231,1.0,0.3742819583831343,1.0,0.2412860609406549,1.0,1.0,0.6737605350054162,1.0,0.46023861491459656,0.08258761591381471,1.0,1.0,0.6909339625629466,1.0,1.0,1.0,1.0,1.0,0.9413668001347851,0.0,0.9863422944475897,1.0,1.0,1.0,1.0,1.0,1.0,0.0,1.0,0.3079713389856059,1.0,1.0,0.16163837765517636,0.8027588462298633,0.4901922656788322,0.7408153236162737,0.5290464316956683,1.0,1.0,0.2049679341933881,0.022013564756011423,1.0,1.0,1.0,1.0,1.0
gex_possorted_bam_1WGCZ:CCAGCTAAGCTCAATAx-M2,0.10046813379022201,1.0,1.0,1.0,0.06910715551385167,0.0,1.0,0.8330501318324849,1.0,0.7931974630708752,0.0,1.0,1.0,1.0,0.18940013252993482,1.0,0.0,0.0,1.0,0.0,0.0,0.0,0.0,0.0,1.0,1.0,1.0,1.0,1.0,0.7691909343915815,1.0,0.5815885319979341,0.0,1.0,1.0,0.2675391432236542,1.0,0.037312443960679696,0.06079856941110872,1.0,0.12620991588671446,1.0,0.9178198385778169,0.0,0.1226400270545688,0.611954573658873,1.0,1.0,1.0,0.7341966646080581,1.0,1.0,0.0
gex_possorted_bam_1WGCZ:CCGCAAATCGCTATAAx-M2,1.0,1.0,1.0,1.0,1.0,1.0,0.0,0.9170310092795183,0.8146017011205178,1.0,0.0,1.0,1.0,0.4732701432981463,1.0,0.08830191312240503,0.0,0.0,0.35322093903383606,0.6216193807109684,0.8438831806409801,1.0,1.0,1.0,1.0,1.0,0.0,1.0,0.7824586394177407,1.0,0.48118786777130207,1.0,1.0,1.0,0.0,1.0,0.0,1.0,1.0,0.13038465432477875,1.0,0.0,1.0,1.0,1.0,1.0,0.9287380553742157,0.0,1.0,1.0,0.9215956964676708,1.0,1.0
gex_possorted_bam_1WGCZ:CCATATTTCTACTAAGx-M2,1.0,0.7198491299506573,0.22506828984239396,1.0,1.0,0.5598625678944487,0.3764475653376065,1.0,0.6174234675400109,0.8986361098164398,0.0,0.8910541051998033,0.7124437161115208,0.04969790804705962,1.0,0.0,0.0,0.0,0.523968614912571,0.687793145095813,1.0,0.9877544480730858,1.0,1.0,0.32029018483697574,1.0,0.0,0.7292973547877054,1.0,0.9323088824509589,0.11620159782340428,1.0,1.0,1.0,0.0,1.0,0.35077460773655245,1.0,1.0,0.0,1.0,0.14009161179013496,0.6380587427409593,0.26472225814970785,1.0,1.0,0.8309671716293421,0.0,0.9548940689235252,1.0,1.0,0.8852912346894962,0.07631855245032865
gex_possorted_bam_1WGCZ:CCCGTTGTCGAAGTGAx-M2,0.12165183018325802,1.0,1.0,0.7394959171410901,0.0,0.0,1.0,0.5385329892698029,1.0,0.909348197566337,0.1636210326225974,1.0,1.0,1.0,0.14796675608683438,1.0,0.24746602982187518,0.0,1.0,0.0,0.0,0.0,0.0,0.0,1.0,1.0,1.0,1.0,1.0,0.8600121424743402,1.0,0.0,0.0,0.720657509024721,1.0,0.26789290918545167,1.0,0.21806016068058917,0.20603831361242972,1.0,0.2282314899057983,1.0,1.0,1.0,0.202897541402662,0.4925188133637794,1.0,1.0,1.0,0.31980989590119246,1.0,0.9241104047063025,0.5739155657600948
gex_possorted_bam_1WGCZ:CCCTCAGTCATTAGGCx-M2,0.06267117211412221,1.0,1.0,1.0,0.281633138337571,0.0,1.0,0.7424821845812953,1.0,0.7680360699779624,0.0,1.0,1.0,1.0,0.18211083438144202,1.0,0.0,0.0,1.0,0.0,0.0,0.0,0.0,0.0,1.0,1.0,1.0,1.0,1.0,0.8662467032996537,1.0,0.03370024045213655,0.0,0.957649858814008,1.0,0.2748636851769509,1.0,0.0,0.05547471435189108,1.0,0.1214738648333005,1.0,1.0,0.742568432441318,0.0,0.6100817378512657,1.0,1.0,1.0,0.7721893859347524,1.0,1.0,0.19411248446845428
gex_possorted_bam_1WGCZ:CCCTCACCATCTAGCAx-M2,1.0,0.9340049736805449,0.0,1.0,0.9366326905545368,0.5218062713488252,0.7608772570310972,1.0,0.8154473736928335,1.0,0.0,1.0,0.8736231838018175,0.42335284479130314,1.0,0.1779681494063333,0.0,0.0,0.45951655649808426,0.7137772226483761,1.0,0.8414509424429587,1.0,1.0,0.38559080925212885,1.0,0.0,0.8979040223006244,0.8833369984755175,1.0,0.5234955424555383,1.0,1.0,1.0,0.0,1.0,0.5043956247555966,1.0,1.0,0.0,1.0,0.6001127669128842,0.6731129912994623,0.39850869974437586,1.0,1.0,0.8001525229692106,0.0,1.0,1.0,1.0,0.9119283178310021,0.09693968686306421
gex_possorted_bam_1WGCZ:CCATAAATCACACAGTx-M2,0.08418872211281478,1.0,1.0,0.8855216738142566,0.0,0.0,1.0,0.6216402542214807,1.0,0.49093466791795065,0.07527443406888468,1.0,1.0,1.0,0.26386029590449306,1.0,0.025374218125556205,0.0,1.0,0.0,0.0,0.0,0.0,0.0,1.0,1.0,1.0,1.0,1.0,0.7725730029455069,1.0,0.06615881758794201,0.0,0.671147529372678,1.0,0.1692736260076544,1.0,0.2131704837225659,0.15239304822483427,1.0,0.1980106635046247,1.0,1.0,1.0,0.0037273409964910242,0.5271771171553502,1.0,1.0,0.9247653506888822,0.4662898671205542,1.0,0.8961748241946972,0.0
gex_possorted_bam_1WGCZ:CCAGTTTGTAACCTAGx-M2,0.07447038229271927,1.0,1.0,0.9603083793184415,0.0969218015373884,0.0,1.0,0.8351505696124015,1.0,0.7107018515109202,0.0,1.0,1.0,1.0,0.11143118815813025,1.0,0.05155420689291809,0.0,1.0,0.0,0.0,0.0,0.0,0.0,1.0,1.0,1.0,1.0,1.0,1.0,1.0,0.0,0.0,0.7937580371227797,1.0,0.22462292316008467,1.0,0.1438876134055241,0.10763084686530838,1.0,0.13992099029926025,1.0,1.0,1.0,0.06672893391826551,0.542082777177446,1.0,1.0,1.0,0.616810660266493,1.0,0.9923910074710077,0.0
gex_possorted_bam_1WGCZ:CCATAAGGTGGAAACGx-M2,0.2339831016900328,1.0,0.8337890031195371,0.5750827409709537,0.31333241236903336,0.0,1.0,0.524217509000409,1.0,0.31061937315853244,0.2329207391704239,0.8964364399864891,1.0,1.0,0.19183605169852877,1.0,0.2153028704049325,0.0,1.0,0.0,0.0,0.0,0.11176555412013772,0.0,1.0,0.8063345952951875,1.0,1.0,1.0,0.4821379769128288,1.0,0.0724955514029873,0.051380502069345566,0.4959284275329834,1.0,0.23256215816794656,1.0,0.16802097239432073,0.06741636090722755,1.0,0.43898679700399257,1.0,1.0,1.0,0.19928886267038093,0.456604872773781,1.0,1.0,0.6038761846125076,0.6062950650141425,1.0,0.5451518754572856,0.40143553382350855
gex_possorted_bam_1WGCZ:CCATAGCCATTCAGCAx-M2,1.0,0.7367601384027873,0.0,0.8237290097055843,1.0,1.0,0.264513930047662,0.9119697142205155,0.05022311436691231,0.922837462116971,1.0,0.25327697714561365,0.7500772000739518,0.5477259596543492,0.875099787454228,0.406707127057544,0.7783359613805265,1.0,1.0,0.5519968782381002,1.0,1.0,0.9227094839580547,1.0,0.578970294655603,0.7064233832078415,0.0,0.8448185455954413,1.0,0.9109283651945587,0.819174074026117,1.0,0.9004001088568875,0.9179299525777873,0.0,1.0,0.1345457809013097,0.9662417374667323,0.9378636128293475,0.03273684932271161,0.31282468245953743,0.12508723647316838,0.33646888934681796,0.0,1.0,0.9115502608807251,0.0,0.13706409601592048,0.763140174548657,0.8837065647035262,0.6626657755974907,1.0,1.0
gex_possorted_bam_1WGCZ:CCCAGCACATCAGTATx-M2,1.0,1.0,0.8783464405861727,1.0,1.0,1.0,0.16700443932479836,1.0,0.16499007134479657,1.0,0.8717843659467207,1.0,1.0,0.5802138401199073,1.0,0.4019144457299336,0.5162642527785042,1.0,1.0,0.5805854856665418,1.0,1.0,1.0,1.0,0.342940273092497,1.0,0.0,1.0,1.0,1.0,1.0,1.0,1.0,1.0,0.0,1.0,0.0,1.0,1.0,0.0,1.0,0.516579627911926,0.6493187761556112,0.41959835831044817,1.0,1.0,0.7784981395798036,0.06960269110550667,1.0,1.0,1.0,1.0,0.7779959700666444
gex_possorted_bam_1WGCZ:CCCAATTGTACCCACCx-M2,0.06857462338720446,1.0,1.0,0.8840877161060198,0.16134802538254467,0.8180337886820521,1.0,0.5238981499372672,1.0,0.6109650152693237,1.0,1.0,1.0,1.0,0.19456644337308837,1.0,1.0,1.0,1.0,0.0,0.0,0.0,0.0,0.0,1.0,1.0,1.0,1.0,1.0,1.0,1.0,0.0,0.0,0.5599176005117693,1.0,0.2007070143664684,1.0,0.16323621089682314,0.19039728753269292,1.0,0.07644519021554866,1.0,1.0,1.0,0.0590062500765666,0.5043909909443571,1.0,1.0,0.9771494732155391,0.3549026187927131,1.0,0.9175564350231524,0.0
gex_possorted_bam_1WGCZ:CCATAAATCCTCATCAx-M2,1.0,0.950310349169786,0.0,0.9694867612942698,1.0,0.941499257217149,0.11453704326858823,1.0,0.46179366906757824,0.8739954971371605,0.0,0.6575780675226639,0.8517632495426753,0.26583323594215597,0.9015537581956962,0.19411204171951993,0.0,0.055189505357362514,0.615390786675689,0.6491671004427261,1.0,1.0,1.0,1.0,0.8327767501086555,0.9552301459457105,0.0,1.0,0.788544947212137,1.0,0.0,1.0,1.0,0.9496750817457754,0.0,1.0,0.19294826286757596,1.0,1.0,0.056702263366159564,1.0,0.344367742738241,0.5875721649088936,0.3397134977392004,0.9852925922992983,0.9323630422982417,0.751592343310582,0.0,0.9537290328744815,1.0,0.8313323889215244,1.0,1.0
gex_possorted_bam_1WGCZ:CCATAAGGTGACATATx-M2,1.0,1.0,0.7227256090660944,1.0,1.0,1.0,0.3752192314428121,1.0,1.0,1.0,0.0,0.8733920890686131,1.0,0.11057040416843554,1.0,0.15601228472017448,0.0,0.5147255904485741,0.6750361763584416,1.0,1.0,1.0,1.0,0.9456547289221887,1.0,1.0,0.0,1.0,0.9435757146623421,1.0,0.6151527330536283,1.0,1.0,1.0,0.0,1.0,0.0,1.0,1.0,0.0,1.0,0.0,1.0,0.5618328012069309,1.0,1.0,0.07722793253940095,0.0,1.0,1.0,0.7337928156348896,1.0,1.0
gex_possorted_bam_1WGCZ:CCCTGTTAGGTGTTACx-M2,1.0,0.7498748961773187,0.0,1.0,0.9891767750052324,1.0,0.6589849972927043,1.0,0.7813306801647795,0.9035647724566773,0.1234122682975767,0.8499871819248599,1.0,0.29706405594012114,1.0,0.2924197687614374,0.0,0.6905724493766389,1.0,0.748679415358045,1.0,1.0,0.9667637947284943,1.0,1.0,0.9098726332643359,0.0,0.9078428794463993,1.0,0.9452164283551593,0.6887581629491909,1.0,1.0,1.0,0.02979682153975536,1.0,0.47151056866406016,1.0,1.0,0.0,0.9794544848966892,0.38922618516392044,0.4949568097794114,0.2102689519958484,1.0,1.0,0.16571884135393594,0.5676417279972564,0.8742535918618666,0.9567524193212865,1.0,1.0,0.7573679159789287
gex_possorted_bam_1WGCZ:CCATAAGGTGGTGAGAx-M2,1.0,1.0,0.0562463582303213,1.0,1.0,1.0,0.3985613510603862,1.0,0.4516915990086837,1.0,0.4461401197164651,0.9614624812096445,1.0,0.14718517746906803,1.0,0.27278474169868666,0.06657845915805646,0.9755966901023368,1.0,0.8454079036654061,1.0,1.0,1.0,1.0,0.610830154517462,1.0,0.0,1.0,1.0,1.0,0.9864974366601172,1.0,1.0,1.0,0.0,1.0,0.29314523999789105,1.0,1.0,0.0,1.0,0.2269758970032604,0.7892988274486318,0.5733438552187303,1.0,1.0,0.2910928066611357,0.0,0.9897713934808801,1.0,1.0,1.0,1.0
gex_possorted_bam_1WGCZ:CCATAAGGTCACGAACx-M2,1.0,0.9358212019257486,0.03645078671177447,1.0,1.0,1.0,0.5372522520678318,1.0,0.017974828126003286,1.0,0.09261645449080519,1.0,0.8734468906450185,0.2547379326265021,1.0,0.133844424275034,0.0,0.4605808252031086,1.0,0.6127458671528568,1.0,1.0,1.0,1.0,0.4597604803273085,0.9470286158061024,0.0,1.0,1.0,1.0,1.0,1.0,1.0,1.0,0.0,1.0,0.15372218638698737,1.0,1.0,0.0,1.0,0.29881051890893295,0.5627093865037115,0.19198092272601341,1.0,1.0,0.03175799351431755,0.08152655711013464,0.9813799574171671,1.0,0.8224646452787131,1.0,1.0
gex_possorted_bam_1WGCZ:CCATAAATCGACCTGAx-M2,1.0,1.0,0.5469755824860908,1.0,1.0,1.0,0.44054909629493094,1.0,1.0,1.0,0.16976381214824401,0.7838027631108782,1.0,0.450305152896417,1.0,0.24633539745555807,0.0,0.21182227468996356,0.8402789995829226,0.6547615909325616,1.0,1.0,1.0,1.0,0.3948757786446624,0.9634803230621141,0.0,1.0,1.0,1.0,0.7428134968361266,1.0,1.0,1.0,0.0,1.0,0.21196793041368397,1.0,1.0,0.0,1.0,0.29655565756002344,0.8383435754742661,0.6008713736702573,1.0,1.0,0.08371322682314032,0.0,0.9692876325706367,1.0,0.9002494326537419,1.0,0.0
gex_possorted_bam_1WGCZ:CCCTGGACAATTGCGCx-M2,0.041343407625666614,1.0,1.0,1.0,0.5599715678804325,0.0,1.0,1.0,1.0,1.0,0.0,1.0,1.0,1.0,0.21838109113151877,1.0,0.0,0.0,1.0,0.0,0.0,0.0,0.0,0.0,1.0,1.0,1.0,1.0,1.0,0.7089790174171325,1.0,0.39611510678021294,0.0,1.0,1.0,0.3047759124323579,1.0,0.006049100351256567,0.12611293759622827,1.0,0.8548911445184292,1.0,1.0,0.9694222498648558,0.0,0.5652078616952507,1.0,1.0,1.0,1.0,1.0,1.0,0.1989901694585727
gex_possorted_bam_1WGCZ:CCCTTAATCGGTTTCCx-M2,1.0,0.8328347291292534,0.0,1.0,0.941232386790881,0.8488643959811732,0.3259069533811816,1.0,0.6343624660649643,0.9948827106329988,0.0,1.0,1.0,0.3774375784467353,1.0,0.0,0.0,0.0,0.7378602012408202,0.5503224528096922,1.0,1.0,1.0,1.0,0.6841051710908653,1.0,0.0,0.782136231473055,0.7449532464892599,1.0,0.1835451405441523,1.0,1.0,0.9534437156844905,0.07099437337049548,1.0,0.3054493260969426,1.0,1.0,0.0,1.0,0.4121260603046188,0.7408685765536822,0.47607588860554045,1.0,1.0,0.8923187497695804,0.0852705620270203,0.9074395630364319,1.0,1.0,0.9500460320275894,0.610913558962901
gex_possorted_bam_1WGCZ:CCAGGATGTGCGCAATx-M2,0.5783639105362057,1.0,1.0,1.0,0.631604757993902,0.6112258978951385,1.0,0.956745408337826,1.0,1.0,0.0,1.0,1.0,1.0,0.6709997522472596,1.0,0.02512702874684569,0.19886019037574618,1.0,0.0,0.17387635186854628,0.0,0.47454149592335987,0.17538784711640976,1.0,1.0,1.0,1.0,1.0,1.0,1.0,0.7600926679473077,0.42004493854913033,1.0,1.0,0.7130196221034915,1.0,0.6526396019122006,0.6277256231692723,1.0,0.9856367163440155,1.0,1.0,1.0,0.6062157402168454,0.8188608031448157,1.0,1.0,1.0,0.9928656041934913,1.0,1.0,0.4665932510489481
gex_possorted_bam_1WGCZ:CCCTCAGTCTCATCATx-M2,1.0,0.7646665350598729,0.20296197598970295,1.0,1.0,0.8664194513695651,0.2487622290061954,1.0,0.43494621199165123,1.0,0.0,0.8998801534522948,0.7886132871407938,0.21414816851893562,1.0,0.06824565459727859,0.0,0.0,0.8189819333099297,0.8136197335459081,1.0,1.0,1.0,1.0,0.09323163687281048,1.0,0.0,0.9959512522679979,0.9758143946889576,1.0,0.5108263404393176,1.0,1.0,1.0,0.0,1.0,0.06647179463368728,1.0,1.0,0.0,1.0,0.23664215908926362,0.8684562842721159,0.32671268256315705,1.0,1.0,0.3850133555160589,0.0,1.0,1.0,1.0,1.0,0.2704502611171362
gex_possorted_bam_1WGCZ:CCGATGCAGCCTCTGTx-M2,0.0,1.0,1.0,0.6582943078431149,0.0,0.0,1.0,0.2906954868905643,1.0,0.4218402996562157,0.8478673490372989,1.0,1.0,1.0,0.06240204461208915,1.0,0.8007147073934557,0.0,1.0,0.0,0.0,0.0,0.0,0.0,1.0,0.9088692426487381,1.0,1.0,1.0,0.5825662590782481,1.0,0.0,0.0,0.33127378181209244,1.0,0.01916839572385062,1.0,0.0,0.0,1.0,0.10829079640396796,1.0,1.0,1.0,0.0,0.36295138792792914,1.0,1.0,0.7488127497304935,0.4733933085996132,1.0,0.6409274342731848,0.0
gex_possorted_bam_1WGCZ:CCCATAACAGGCGATAx-M2,1.0,0.964168232296058,0.0,1.0,0.7403498429178406,1.0,0.6054264457431754,0.9994747451655153,0.2837860275668084,0.8480067198232006,0.0,0.9337468738183498,1.0,0.5656236582755736,0.8654854163727814,0.6264379460189168,0.0,0.6902419147851759,0.8953678541523168,0.2649023210851123,1.0,1.0,0.8884615343682616,1.0,0.6807257070380686,0.7889681360315197,0.10680864142166861,1.0,1.0,0.7344933629699208,0.32963211469885123,0.7862016325502071,0.9456359407765942,0.8762643611581956,0.08274722074594391,1.0,0.3613479471010816,0.8540132856946918,0.9025034439000522,0.0,0.8303703887867653,0.36873392891962775,0.5385426776349621,0.0,1.0,0.9130090567421855,0.2775550171841071,0.34121528834731735,0.7888166068823594,1.0,0.936508052451683,0.9843618258459419,0.9533989092946141
gex_possorted_bam_1WGCZ:CCCTGGACAGGCTAAGx-M2,0.9086262482491199,0.612954741196225,0.0,0.7472441416651396,1.0,1.0,0.029731725124772325,0.7562173624654104,0.18980351500808942,0.7401842267674692,0.9286810088976827,0.0,0.4760434342160769,0.21448932466316975,0.772830946095405,0.3529188449708741,0.5204368635129208,1.0,0.9835347474010903,0.6334618683892135,1.0,1.0,0.8315604432364663,1.0,0.4673045007902976,0.5909073382910118,0.009545193640632204,0.7904999760113858,0.6101856458286994,0.7911101973275418,0.44459687337429604,1.0,0.7641112992985849,0.7717761886339739,0.0,0.974633075652999,0.0,0.7547389549550383,0.7506653207842354,0.003758227610217527,0.2460366919143462,0.0826361194615749,0.31655075712363784,0.0,1.0,0.7758337918723943,0.04213259614158538,0.0,0.6271194282962396,0.8139671958314649,0.6160220015129829,0.885465755684205,1.0
gex_possorted_bam_1WGCZ:CCATTATTCGCTAGTGx-M2,1.0,1.0,0.6335901754070475,1.0,1.0,1.0,0.4800998053918306,1.0,0.402311216889942,1.0,0.0,1.0,0.9114424683238245,0.3297438610545764,1.0,0.4290784262504213,0.0,0.2369106779456665,0.9463613399698252,1.0,1.0,1.0,1.0,1.0,0.4418302377782363,1.0,0.0,1.0,1.0,1.0,0.6538296615700516,1.0,1.0,1.0,0.0,1.0,0.2925938160382875,1.0,1.0,0.0,1.0,0.2273763261147659,1.0,0.35051468297955113,1.0,1.0,0.8286673936413982,0.0,1.0,1.0,1.0,1.0,1.0
gex_possorted_bam_1WGCZ:CCCTCAGTCATGCATAx-M2,0.06571670257367054,1.0,1.0,0.964852081086173,0.02103173764776761,0.0,1.0,0.8103927414421561,1.0,0.8831407883104012,0.028446015235609367,1.0,1.0,1.0,0.20174819075301423,1.0,0.4901481566860026,0.5447236546233589,1.0,0.0,0.0,0.0,0.0,0.0,1.0,1.0,1.0,1.0,1.0,1.0,1.0,0.0,0.0,0.8249648910883636,1.0,0.2571901592744066,1.0,0.1257578403965651,0.046836317533621726,1.0,0.0,1.0,1.0,1.0,0.062474212083127374,0.51568204192126,1.0,1.0,1.0,0.5049399507170944,1.0,1.0,0.0
gex_possorted_bam_1WGCZ:CCCAGTTTCAATGACCx-M2,1.0,0.8238835774683372,0.0,0.9128976343242429,1.0,1.0,0.18255997922199022,0.9415562142409967,0.2799875304548494,0.8672419646981999,0.8207774353284512,0.6218483611963038,0.8124725572094113,0.4443900111649229,1.0,0.3087347677426173,0.4252210639876936,1.0,1.0,0.5900799959364318,1.0,1.0,1.0,1.0,0.5851363071023311,0.8220930093647163,0.0,0.6603431410809485,0.8108404304307788,1.0,0.8342233579390571,1.0,1.0,0.8637458785453784,0.0,1.0,0.28310209473106,1.0,0.9777241272288643,0.0,0.9708600951457811,0.30568286599499156,0.5797739202666743,0.0,1.0,0.9913784036664435,0.06894547087799101,0.3493566709526043,0.8786019486151903,1.0,0.7493784920567801,1.0,0.798046719023915
gex_possorted_bam_1WGCZ:CCAGCTGCACTTCACTx-M2,1.0,0.8748360289829891,0.3816737312072194,1.0,1.0,0.5774039865878765,0.16070459793409614,1.0,0.5611653941008039,1.0,0.0,0.9479962665676045,0.8935969854837764,0.42194582771681755,1.0,0.0,0.0,0.0,0.4476706290457829,0.5464362289995167,1.0,0.84413257866035,1.0,1.0,0.39813050364828456,1.0,0.0,0.8408774408765088,0.7709225137577936,1.0,0.0,1.0,1.0,1.0,0.0,0.9629991473701512,0.20718118846465372,1.0,1.0,0.0,1.0,0.22423592772223827,0.7383768089618223,0.15504541570939548,0.9544202918209413,1.0,0.6438099616614403,0.0,0.956764308793406,1.0,0.932922539959358,0.8519964068655445,0.06375496802942515
gex_possorted_bam_1WGCZ:CCCTCACCACATAGCCx-M2,1.0,1.0,0.12826371628342492,1.0,0.6853688833334965,0.9549255444605903,1.0,1.0,0.8835905747411443,1.0,0.0,1.0,1.0,0.7945368666377048,1.0,0.50319523082589,0.0,0.0,0.7077646261501626,0.561722265378222,1.0,1.0,0.8833025899922616,1.0,1.0,0.8590618003855836,0.0,1.0,1.0,1.0,1.0,1.0,1.0,1.0,0.0,1.0,0.5812325719407261,1.0,1.0,0.45177794338135474,0.7224840274534454,0.5315352117932131,0.905625790408029,1.0,1.0,1.0,0.19737304668556627,0.0,1.0,1.0,1.0,1.0,0.7223697393285277
gex_possorted_bam_1WGCZ:CCGATGCAGATAGACGx-M2,1.0,1.0,0.3480000649380336,1.0,1.0,1.0,0.6275672123631459,1.0,0.16460927526697688,1.0,0.294722836549011,1.0,1.0,0.6282067632999435,1.0,0.6724028044010741,0.378371113672441,1.0,1.0,1.0,1.0,1.0,1.0,1.0,0.7525536023056877,1.0,0.0,1.0,1.0,1.0,0.8132026459982638,1.0,1.0,1.0,0.0,1.0,0.4237504823045808,1.0,1.0,0.09874347989513071,1.0,0.2768838494835937,0.9137214115912748,0.07982682502280342,1.0,1.0,1.0,0.24934525304385455,1.0,1.0,0.9671341846144448,1.0,1.0
gex_possorted_bam_1WGCZ:CCCTAATGTGATTTGGx-M2,1.0,1.0,0.0,1.0,1.0,1.0,0.7725704546932199,1.0,0.4684284703328367,0.9547577571690596,0.0,0.7523962961266593,0.8685193918845908,0.23256777060394157,0.9894761084564292,0.26786044179321056,0.0,0.0,0.7175830705677527,0.24912610804582366,1.0,1.0,1.0,1.0,0.7632425796065863,0.8596815428052903,0.0,0.8469657715984223,0.9740534710972618,1.0,0.3926336349856064,0.7856333620148008,1.0,1.0,0.0,1.0,0.28411149968931515,1.0,1.0,0.0,1.0,0.4834469414093457,0.8045376841018005,0.5620045394233403,1.0,1.0,0.3354431289405557,0.0,0.8632885358308168,1.0,1.0,1.0,1.0
gex_possorted_bam_1WGCZ:CCATAATCATTAAACCx-M2,0.4696599260191443,1.0,1.0,1.0,1.0,0.1588585227245135,1.0,1.0,1.0,1.0,0.0,1.0,1.0,1.0,0.6105953296830305,1.0,0.0,0.0,1.0,0.0,0.004839712295788789,0.0,0.5825220893225783,0.0,1.0,1.0,1.0,1.0,1.0,0.6445157082672119,1.0,0.7078690912965582,0.4172891553595302,1.0,1.0,0.7104076382873508,1.0,0.6115818201558602,0.8395613295499796,1.0,1.0,1.0,1.0,1.0,0.3864866776735848,0.973825214802606,1.0,1.0,1.0,1.0,1.0,1.0,0.8245745885940772
gex_possorted_bam_1WGCZ:CCCAAACCAGCTTACAx-M2,1.0,0.8751246362060477,1.0,1.0,1.0,1.0,0.0,1.0,1.0,1.0,0.0,1.0,1.0,0.7072455146029479,1.0,0.2532084811690451,0.0,0.0,0.09847052447007208,0.5551851294209703,0.519348012047496,0.9163844119448039,1.0,0.7140753214323883,1.0,1.0,0.0,1.0,0.4765767941669973,1.0,0.0,1.0,1.0,1.0,0.0,1.0,0.0,1.0,1.0,0.0,1.0,0.0,1.0,0.8580553254717111,1.0,1.0,1.0,0.0,1.0,1.0,0.8364945619181166,1.0,1.0
gex_possorted_bam_1WGCZ:CCATAAATCCCATAAAx-M2,1.0,0.9618359124691661,0.48434707901955437,1.0,1.0,1.0,0.0749380513395433,1.0,0.5422044808740434,1.0,0.10932745641968455,1.0,0.9801823370983771,0.45818693865273363,1.0,0.36721693962315144,0.0,0.44416170871122496,0.9687503705076228,0.7315381559665671,1.0,1.0,1.0,1.0,0.3436044171932277,1.0,0.0,0.8176712968614326,1.0,1.0,0.4576587369211108,1.0,1.0,1.0,0.0,1.0,0.12257600593620434,1.0,1.0,0.0,1.0,0.0032135672034021537,0.791364467123699,0.4417235007174029,1.0,1.0,0.6824034615984604,0.0,1.0,1.0,0.8496164698938543,1.0,0.6605174929231081
gex_possorted_bam_1WGCZ:CCAGCTAAGGGACCTCx-M2,1.0,0.7716468227631942,0.31584585649701663,1.0,1.0,0.8908516167564328,0.2740217247573878,1.0,0.11403833501429916,0.9302381530901598,0.0,0.7848481313959244,0.775207695526309,0.41931273542951847,1.0,0.07668828712531507,0.0,0.009182001670293873,0.9779254515496693,0.2009172572197423,1.0,1.0,1.0,1.0,0.23305804023558016,1.0,0.0,0.8700864739402451,1.0,1.0,0.5245200663635421,1.0,1.0,1.0,0.0,1.0,0.2789475922754295,1.0,1.0,0.0,1.0,0.35590484455759375,0.5483747320972633,0.0,1.0,1.0,0.40066177109178536,0.2072878384928045,0.959094981104252,1.0,0.8411240010560709,1.0,0.0
gex_possorted_bam_1WGCZ:CCAGGATGTATGGTGCx-M2,1.0,0.7507803277260658,0.0,0.9084931607199135,1.0,0.5461850159214765,0.3479515583122874,0.9220792192830277,0.4745167890580612,1.0,0.0,1.0,0.6115859246387209,0.040645067127940485,1.0,0.21385864549752406,0.0,0.0,0.3928995554085836,0.7122056522381814,1.0,0.9008022587243659,1.0,1.0,0.07984505745440146,0.9149317418098828,0.010726755212132788,0.5882105890654116,0.527980237245922,1.0,0.15749071871615164,0.7207250055028773,1.0,0.9194426343676225,0.0,1.0,0.6347496601833085,1.0,0.9678228419840523,0.0,1.0,0.5442098877697014,0.633534076894005,0.4798876980369143,1.0,1.0,0.3553701476344326,0.10764643628790979,0.8780788170260848,1.0,0.9466309860743115,0.8462042602446243,0.04395924110247933
gex_possorted_bam_1WGCZ:CCATAAATCAGGCCTAx-M2,0.8433089558861785,0.6642394022378765,0.0,0.629581769853977,0.7461538017438374,1.0,0.0,0.844120683554928,0.0,0.5734459945189179,0.5561664713694968,0.0,0.5308886327189108,0.1895315154780142,0.5845948815943423,0.2747977785940756,0.4248192968382532,1.0,0.6071653063178201,0.9712371122474572,1.0,1.0,0.7513537210981629,1.0,0.34449541825004915,0.587755293526288,0.14240026438265896,0.5424343759155723,0.5588275595037534,0.6509969333474911,0.29515972571312,0.7139988581039723,0.8015847032605066,0.6165325186553973,0.0,0.8597689590890832,0.0,0.6616902956678455,0.6985362972037402,0.0,0.8305666926205699,0.0,0.1661102104519542,0.0,0.9111769975095558,0.6903816454915632,0.0,0.11514829627486797,0.5245839423848017,0.7540253299764259,0.3001973498718727,0.6422605274879578,0.7766832437083008
gex_possorted_bam_1WGCZ:CCATAAGGTTGCTGGGx-M2,1.0,1.0,0.0900242195887094,1.0,1.0,1.0,0.5563845593103164,1.0,0.32562139332288725,1.0,0.13292156929496923,1.0,1.0,0.6104442714554257,1.0,0.2389749416163073,0.0,0.5024437790535531,1.0,0.890342233980068,1.0,1.0,1.0,1.0,0.6688886140579583,1.0,0.0,1.0,1.0,1.0,1.0,1.0,1.0,1.0,0.0,1.0,0.30012323516552636,1.0,1.0,0.0,1.0,0.3273875343879884,0.8913948304345554,0.7147214679416062,1.0,1.0,0.3155870634349952,0.0,1.0,1.0,1.0,1.0,1.0
gex_possorted_bam_1WGCZ:CCATCACTCACTAATGx-M2,0.0,0.8109953923964771,1.0,0.35125266248889087,0.0,0.0808119945563467,1.0,0.15578865287117785,1.0,0.2225396181931724,1.0,1.0,1.0,1.0,0.0,1.0,1.0,0.6708919497834039,1.0,0.0,0.0,0.0,0.0,0.0,1.0,0.5129823880102188,1.0,1.0,1.0,0.6062687330251694,1.0,0.0,0.0,0.35189903901026187,1.0,0.0,1.0,0.0,0.0,1.0,0.10727899701272278,1.0,1.0,1.0,0.0,0.22084645513639978,1.0,1.0,0.5662588380260979,0.25445901586210085,1.0,0.46138766612912074,0.0
gex_possorted_bam_1WGCZ:CCAGTTTGTTGCGGATx-M2,0.11844082888950613,1.0,1.0,0.9387964787584139,0.08920432142016864,0.16501468109443915,1.0,0.6254210972971133,1.0,0.646179715876619,0.6522416329774794,1.0,1.0,1.0,0.27559639774627986,1.0,0.8324442943362701,0.5854160564684765,1.0,0.0,0.0,0.0,0.0,0.0,1.0,1.0,1.0,1.0,1.0,0.9419922889606902,1.0,0.014946122022559247,0.0,0.7403558678681283,1.0,0.24547716069471148,1.0,0.16486777825620896,0.16959778704488057,1.0,0.27982618484727034,1.0,1.0,1.0,0.11128740736636387,0.5124321567553999,1.0,1.0,0.9873781605325302,0.5142769199228321,1.0,0.8997818797173879,0.0
gex_possorted_bam_1WGCZ:CCATAGCCAGTAAGTAx-M2,1.0,1.0,0.0,1.0,1.0,1.0,0.6158698630766469,0.9592274715409129,0.20047158943126056,1.0,0.6458050667111452,0.8237369022894518,0.9848934857232551,0.30149979324107196,1.0,0.20672437159962312,0.1970150073188195,1.0,1.0,0.5594617104956526,1.0,1.0,1.0,1.0,0.6454126618234299,0.884836809919791,0.0,1.0,1.0,1.0,1.0,1.0,1.0,1.0,0.0,1.0,0.03652545652695072,1.0,1.0,0.0,0.6332786566983952,0.3387317266099567,0.7428677610006084,0.2902946010738034,1.0,1.0,0.0,0.034805067371168855,0.922545902419178,0.9537127102803045,1.0,1.0,1.0
gex_possorted_bam_1WGCZ:CCCTCATAGCTCATAAx-M2,1.0,1.0,0.0,1.0,1.0,1.0,0.4589006899519605,0.9692325384753224,0.10980565003690033,1.0,1.0,0.2628958368508286,1.0,0.6648281687184653,1.0,0.48315395545966894,0.5556785177840047,1.0,1.0,0.8087659094192974,1.0,1.0,1.0,1.0,0.7491493264171352,0.9906194544130806,0.0,1.0,1.0,1.0,1.0,1.0,1.0,1.0,0.0,1.0,0.1627391953545821,1.0,1.0,0.0,0.8239944048947289,0.0166948609934291,0.8202429020491055,0.5483682130380174,1.0,1.0,0.11763039758448479,0.0,1.0,1.0,1.0,1.0,1.0
gex_possorted_bam_1WGCZ:CCCGTTGTCCTTAATCx-M2,1.0,0.9261334427292541,0.0,1.0,1.0,1.0,0.2929739211100164,1.0,0.44312272321703755,0.9339697069427777,0.0027606493168823355,0.618550980109598,0.7687859682603536,0.2596879155057782,1.0,0.10710183461222954,0.0,0.2102198003654796,0.8466879829894209,0.6320235940125156,1.0,1.0,1.0,1.0,0.6011058789712345,0.9181046538261166,0.0,0.855567276781111,0.9420701695048753,1.0,0.5295470684081662,0.8407226903857105,1.0,0.9916853852752707,0.0,1.0,0.21707359381981417,1.0,1.0,0.0,1.0,0.15845342484650132,0.808344094429362,0.30502549288303776,1.0,1.0,0.189135880423494,0.0,0.8972567227401353,1.0,1.0,1.0,0.6829561394115149
gex_possorted_bam_1WGCZ:CCCTGGACACTAGCGTx-M2,0.08336236285369066,1.0,1.0,1.0,0.0,0.2227907379855932,1.0,0.8116328478377558,1.0,0.5369641202407065,0.5422960169761506,1.0,1.0,1.0,0.17507791408788465,1.0,0.6510041284995653,1.0,1.0,0.0,0.0,0.0,0.0,0.0,1.0,1.0,1.0,1.0,1.0,0.960690097291663,1.0,0.06338282960640772,0.0,0.7865447770306224,1.0,0.2299038907711496,1.0,0.08150238797545262,0.02711980073568759,1.0,0.061199227729589134,1.0,1.0,0.79460421061567,0.01740081121016801,0.571973248142381,1.0,1.0,1.0,0.6444660388231735,1.0,0.9927473070669713,0.0
gex_possorted_bam_1WGCZ:CCATCACTCAGGAAGCx-M2,0.10956526841913614,1.0,1.0,0.9744702960225773,0.0,0.0,1.0,1.0,1.0,0.7290160240195979,0.0,1.0,1.0,1.0,0.10589054544721743,1.0,0.0,0.0,1.0,0.0,0.0,0.0,0.0,0.0,1.0,1.0,1.0,1.0,1.0,0.5936338520981992,1.0,0.12890722582985992,0.0,0.9279488348473744,1.0,0.32355510444305124,1.0,0.001314310635358778,0.0,1.0,0.20962839110144318,1.0,1.0,0.8286741640003139,0.14455351427678678,0.5153234967059425,1.0,1.0,1.0,0.6120493464788214,1.0,0.8698256010433865,0.0
gex_possorted_bam_1WGCZ:CCCTTAATCACGCCAAx-M2,1.0,1.0,0.02963653700390448,1.0,1.0,1.0,0.8940045043726107,1.0,0.5983482994225593,1.0,0.023400450645361323,0.9949611018534139,1.0,0.5867404631208101,1.0,0.4196933144367872,0.0,0.7538253908110091,1.0,0.8628523352185656,1.0,1.0,1.0,1.0,0.8248835028857194,0.9337220251040472,0.0,1.0,1.0,1.0,1.0,1.0,1.0,1.0,0.0,1.0,0.3125321289099696,1.0,1.0,0.15928853589963834,1.0,0.37510748446040937,0.762219963294108,0.45749328566542546,1.0,1.0,0.12360696402859273,0.06671437622152032,1.0,1.0,1.0,1.0,1.0
gex_possorted_bam_1WGCZ:CCCAGTTTCGGCCAGTx-M2,1.0,0.9761903232498352,0.5602650234831656,1.0,1.0,0.6561161007206368,0.033713213696684306,1.0,0.38459158640545815,1.0,0.0,0.9535013728318938,0.8522141522084671,0.21526501717152152,1.0,0.08427516819349025,0.0,0.0,0.6238374454739345,0.6406129631633453,1.0,1.0,1.0,1.0,0.17470174252272652,1.0,0.0,0.9576104948798416,0.9912749358927013,1.0,0.042101741184618194,1.0,1.0,1.0,0.0,1.0,0.05431458129674003,1.0,1.0,0.0,1.0,0.1037020969559382,0.7647888954364481,0.5294063941501036,1.0,1.0,0.37920752255074,0.0,1.0,1.0,1.0,1.0,0.0
gex_possorted_bam_1WGCZ:CCGCAAATCGGTCAATx-M2,0.07539152510931502,1.0,1.0,0.9857557472702708,0.15173448609694964,0.0,1.0,0.808278359486941,1.0,0.7699797785024577,0.0,1.0,1.0,1.0,0.34103477191930137,1.0,0.0,0.0,1.0,0.0,0.0,0.0,0.0,0.0,1.0,1.0,1.0,1.0,1.0,0.9043525620198518,1.0,0.0,0.0,0.8696348810970373,1.0,0.24185243453066096,1.0,0.10251131531869757,0.18939352980028135,1.0,0.1837632150702461,1.0,1.0,1.0,0.006931745474942482,0.5938022718165438,1.0,1.0,1.0,0.6818932934076163,1.0,1.0,0.0
gex_possorted_bam_1WGCZ:CCAGCTGCATAGCTGCx-M2,1.0,0.9011713175808336,0.44653326453129816,1.0,1.0,1.0,0.05439815387580901,1.0,0.5085205130830289,1.0,0.14425986975603716,0.8078263514724192,0.9597133087851026,0.3346192635574795,1.0,0.2607001864601862,0.0,0.18624253185919606,1.0,0.7989393970568166,1.0,1.0,1.0,1.0,0.1652312165837993,1.0,0.0,1.0,1.0,1.0,0.46158835777769996,1.0,1.0,1.0,0.0,1.0,0.2944400248098643,1.0,1.0,0.0,1.0,0.17131262783161258,0.8620433514934556,0.38902399422799677,1.0,1.0,0.49542917862478364,0.0,1.0,1.0,1.0,1.0,0.34743667499070047
gex_possorted_bam_1WGCZ:CCCAAATAGTCCTGAGx-M2,1.0,1.0,0.017412286687950144,1.0,1.0,1.0,0.2703771905344115,1.0,0.5863148220165563,1.0,0.19494752521672826,0.3759262128905175,0.8116807713378271,0.3711697495287034,0.936802927512764,0.13120844535023496,0.0,0.4744414079578573,1.0,0.6045804675742174,1.0,1.0,1.0,1.0,0.3001444232199971,0.9903045572013786,0.052758006467585765,0.9901323959803171,0.863304023515487,1.0,0.41356755482063595,1.0,1.0,1.0,0.0,1.0,0.08262314210138791,1.0,1.0,0.0,1.0,0.1724051157673569,0.5993277312635416,0.0,1.0,1.0,0.0,0.22930467214752986,0.9370989148940531,1.0,0.9698037138534974,1.0,0.48658469503849255
gex_possorted_bam_1WGCZ:CCATCACTCCTAGTTTx-M2,0.05800588464824718,1.0,1.0,0.9601995274276904,0.017408565181856104,0.0,1.0,0.7140045989564315,1.0,0.7128743320693824,0.15601450132773137,1.0,1.0,1.0,0.1283665507721232,1.0,0.26132245825058587,0.00645785050291494,1.0,0.0,0.0,0.0,0.0,0.0,1.0,1.0,1.0,1.0,1.0,0.900691904510049,1.0,0.12306702786052114,0.0,0.8553273884365529,1.0,0.2264185621154719,1.0,0.08211580301531736,0.15485848649175107,1.0,0.11036680326338033,1.0,1.0,1.0,0.0013603429693720861,0.5544354546007088,1.0,1.0,1.0,0.5835787981504766,1.0,1.0,0.0
gex_possorted_bam_1WGCZ:CCATCACTCGGCCAGTx-M2,1.0,1.0,0.23224756590718074,1.0,1.0,1.0,0.4775643080128969,0.9577475385474115,0.03868764432091025,1.0,1.0,0.12309456541125638,0.8845783612846331,0.6556876512008476,1.0,0.6765494565473663,0.8624752695924306,1.0,1.0,0.7069978643951406,1.0,1.0,1.0,1.0,0.846940421389399,0.9434224840688971,0.0,1.0,1.0,1.0,1.0,1.0,1.0,1.0,0.0,1.0,0.06824886824158666,1.0,1.0,0.03467059328925302,0.5245159589907636,0.4516644570046523,0.6160306456036335,0.5370345915449708,1.0,1.0,0.0,0.22134987933109834,1.0,1.0,0.9576381832940731,1.0,1.0
gex_possorted_bam_1WGCZ:CCATCACTCTCAATTCx-M2,1.0,1.0,0.0,1.0,1.0,1.0,0.4579624570254633,1.0,0.6065128886779143,0.9508814364279884,0.30056709403071247,0.5664078852331141,0.7979798208018232,0.3426458593972066,1.0,0.14870476490146892,0.0,0.8838772038684081,1.0,0.7502444566368278,1.0,1.0,1.0,1.0,0.5068878600322442,0.878002824392721,0.0,0.9394044684335199,1.0,1.0,0.999158045533803,1.0,1.0,1.0,0.0,1.0,0.027479088791219002,1.0,1.0,0.0,1.0,0.11770157046699889,0.839077023743449,0.4725822183248209,1.0,1.0,0.17922019131151085,0.0,0.9806571858305956,1.0,0.9946198772252736,1.0,0.776512797176797
gex_possorted_bam_1WGCZ:CCCAACCGTGAGCAAGx-M2,1.0,1.0,0.029356790568716474,1.0,1.0,1.0,0.6052324443136773,1.0,0.6828753722241496,1.0,0.6405653242352279,1.0,0.9747151194037242,0.8486013522603639,1.0,0.8768521938904904,0.41524737573400067,1.0,1.0,0.6107700841525362,1.0,1.0,1.0,1.0,0.911499362141818,0.9258332086684885,0.0,1.0,1.0,1.0,1.0,0.8576013484170204,1.0,1.0,0.0,1.0,0.6127153522466271,1.0,1.0,0.3155438900583606,0.5860140378480462,0.41688221643791,0.7785746190861768,0.4548005266156515,1.0,1.0,0.34087969901023657,0.24405895808301292,1.0,1.0,0.9298155326271585,1.0,1.0
gex_possorted_bam_1WGCZ:CCCAACCGTAGCCTCCx-M2,1.0,1.0,1.0,1.0,1.0,1.0,0.0,0.9793321967031453,1.0,1.0,0.0,1.0,1.0,0.42918419192396984,1.0,0.04971071522234126,0.0,0.0,0.1514536569263914,0.7850404873656204,0.5706654098390455,1.0,1.0,0.8424695932277515,0.8795406326427114,1.0,0.0,1.0,0.9689288968902016,1.0,0.0,1.0,1.0,1.0,0.0,1.0,0.0,1.0,1.0,0.0,1.0,0.0,1.0,1.0,1.0,1.0,0.9803452101439034,0.0,1.0,1.0,0.7625471828023589,1.0,1.0
gex_possorted_bam_1WGCZ:CCGTGCTGTATTGTGGx-M2,1.0,1.0,0.0,1.0,1.0,1.0,0.679995904466058,1.0,0.6615124873156348,1.0,0.008197548909993224,1.0,0.8767028284427384,0.43006083410942314,1.0,0.3155630865423756,0.0,0.5249648899763188,0.8718612244799308,0.8221424038036409,1.0,1.0,1.0,1.0,0.7564609342154461,0.8842123660736976,0.0,1.0,1.0,1.0,1.0,1.0,1.0,1.0,0.0,1.0,0.47210011166939,1.0,1.0,0.04428645535894446,1.0,0.3249894169816887,0.8597013773663429,0.7480869751464327,1.0,1.0,0.07232803788919066,0.0,1.0,1.0,1.0,1.0,1.0
gex_possorted_bam_1WGCZ:CCTATATTCCAGGTTGx-M2,1.0,0.7911694845236289,0.0,0.864932812368084,1.0,1.0,0.29141144515675077,0.8157572397062219,0.4047494043674517,0.9364340119932281,0.9991023834260254,0.4389104557976062,0.8498600270613474,0.3365897984247972,1.0,0.3833307985047134,0.6574059203004163,1.0,1.0,0.7944659753891579,1.0,1.0,1.0,1.0,0.801135286593518,0.7824769808771096,0.0,0.7739230768295187,1.0,1.0,1.0,0.9971233314277071,0.957233876677243,0.8455773868260097,0.03505097222655662,1.0,0.15117760197228314,0.9682293875886757,0.941955587071587,0.0,0.5930652059942965,0.1578221627190897,0.5265143386405458,0.31282390025069995,1.0,0.9963895689517109,0.0,0.012168797102262208,0.7595647071472267,1.0,0.768787764540257,1.0,0.971167765873803
gex_possorted_bam_1WGCZ:CCTAATCGTAGCTGGTx-M2,0.4121329717346818,1.0,1.0,1.0,0.5567407866898197,0.24031734094259663,1.0,0.9286420354742243,1.0,1.0,0.0,1.0,1.0,1.0,0.5664324008425964,1.0,0.0,0.0,1.0,0.0,0.0,0.0,0.2956754898382874,0.0,1.0,1.0,1.0,1.0,1.0,1.0,1.0,0.4894346894656383,0.21307494288460488,1.0,1.0,0.6102784714122953,1.0,0.46844547108087387,0.5192183618749358,1.0,0.8821440087849293,1.0,1.0,1.0,0.4291626618574917,0.7669472664449639,1.0,1.0,1.0,1.0,1.0,1.0,0.40446286876494997
gex_possorted_bam_1WGCZ:CCGGTTAAGCATTAGCx-M2,1.0,0.8257924488207611,0.5885943344754863,1.0,1.0,0.8907134300643466,0.0,1.0,0.22564526297070198,1.0,0.0,0.7128319170984232,1.0,0.37327018547841606,1.0,0.34039247110764964,0.0,0.0,0.788257324054705,0.6950275922878375,1.0,1.0,1.0,1.0,0.1557726398821304,1.0,0.0,1.0,0.8305609419562691,1.0,0.2316243058301669,1.0,1.0,1.0,0.0,1.0,0.2456053443994384,1.0,1.0,0.0,1.0,0.07309583466137914,0.765303451944158,0.1476246913968752,1.0,1.0,0.4109453583233971,0.0,1.0,1.0,1.0,1.0,0.0
gex_possorted_bam_1WGCZ:CCGCTAAAGGCCTGGTx-M2,1.0,0.8613081443560476,1.0,1.0,1.0,0.9417088688002888,0.0,1.0,1.0,1.0,0.0,1.0,1.0,0.46347630911147325,1.0,0.11400541316481032,0.0,0.0,0.0,0.6629110492552869,0.3481985984037312,0.8319658990221815,1.0,0.6898344162755291,0.6297674980113398,1.0,0.0,1.0,0.6865354166183387,1.0,0.0,1.0,1.0,1.0,0.0,1.0,0.0,1.0,1.0,0.0,1.0,0.0,1.0,1.0,1.0,1.0,1.0,0.0,1.0,1.0,1.0,1.0,0.7053609038790387
gex_possorted_bam_1WGCZ:CCTATTGTCTCAATGAx-M2,1.0,0.7146031576807378,0.0,0.9928617327493813,1.0,1.0,0.23750762901765124,0.9688011942470209,0.0,1.0,0.2085275426015948,0.0,0.5990019007069355,0.10061135066090034,1.0,0.9679792126646626,0.0,0.8616366786605499,1.0,0.8505664262441585,1.0,1.0,1.0,1.0,0.577856989714129,0.827451632212198,0.0,1.0,1.0,1.0,0.9656481367374287,0.8847019742951937,0.9660335984863789,0.9637326106481375,0.0,1.0,0.450632617369158,0.938307280920291,0.9841973242824674,0.18321324576921738,1.0,0.6630828837451691,0.686451018287529,0.3795118206182617,0.8544148032767929,0.8746364729348327,0.23330022922535232,0.48200288317654283,0.9568060697503229,0.6816472050257492,0.6688160605583932,1.0,1.0
gex_possorted_bam_1WGCZ:CCTAAGCCAAGCCACTx-M2,1.0,1.0,0.0,1.0,1.0,1.0,0.3472260728287986,1.0,0.43750252659001027,1.0,0.2647664656335371,0.5934213748970082,0.8902972433707227,0.1910134401133554,1.0,0.01150223384482396,0.007190207944896976,0.8666055536052895,0.8985275781529563,0.7376996209652926,1.0,1.0,1.0,1.0,0.7322803203515519,0.9579025232573123,0.0,0.9566251912879231,0.8462393207731413,1.0,0.7007422496951533,1.0,1.0,1.0,0.0,1.0,0.05829877132860872,1.0,1.0,0.0,1.0,0.12301726898578183,0.6800874032108287,0.23686050711172962,1.0,1.0,0.31635391591055756,0.0,0.9874317179786591,1.0,0.7501961369300922,1.0,1.0
gex_possorted_bam_1WGCZ:CCGCACACATTGTCAGx-M2,1.0,1.0,0.0,1.0,1.0,1.0,0.6252182739433653,0.949913048814956,0.5493366146708104,1.0,0.38917849399081084,0.5448493411609006,0.7193581010339077,0.48211871498626974,1.0,0.4134892296073525,0.0,1.0,1.0,0.4874737715474463,1.0,1.0,1.0,1.0,0.612568287822135,0.8640579609627743,0.0,1.0,1.0,1.0,1.0,0.8465516859514524,1.0,1.0,0.0,1.0,0.27204323079239584,1.0,1.0,0.0,0.6572421441922089,0.1367524249825029,0.4934756954898889,0.6306775609472633,1.0,1.0,0.0,0.0,0.9971210217918576,1.0,1.0,1.0,1.0
gex_possorted_bam_1WGCZ:CCTGACTTCGGTACGCx-M2,0.05354796755811035,1.0,1.0,0.941184217055869,0.005878264418585878,0.0,1.0,0.7303202423043876,1.0,0.4151754168401363,0.0,1.0,1.0,1.0,0.056693726639820856,1.0,0.0,0.0,1.0,0.0,0.0,0.0,0.0,0.0,1.0,1.0,1.0,1.0,1.0,0.9197286192366898,1.0,0.0,0.0,0.7853408726865385,1.0,0.18944172895052167,1.0,0.049460239449901675,0.11101764544482373,1.0,0.16662366033993903,1.0,1.0,1.0,0.0,0.5345352612542761,1.0,1.0,1.0,0.6296078813781842,1.0,0.9533613793991009,0.0
gex_possorted_bam_1WGCZ:CCTAAGTAGCTAATTGx-M2,1.0,1.0,0.0,1.0,1.0,1.0,0.7031316296203204,1.0,0.4393157586142342,1.0,0.1330075965084901,0.7404362185540945,1.0,0.7865952149639058,1.0,0.3160664317557967,0.0,0.5901374824095467,1.0,0.851972097360755,1.0,1.0,1.0,1.0,0.904549095157778,1.0,0.0,1.0,1.0,1.0,1.0,1.0,1.0,1.0,0.0,1.0,0.3540571863470848,1.0,1.0,0.0,1.0,0.23981736265066422,0.8233125553771818,0.8882169837114415,1.0,1.0,0.41975021074871144,0.04561416014560882,1.0,1.0,1.0,1.0,1.0
gex_possorted_bam_1WGCZ:CCGCACACAATCTCTCx-M2,0.09609367605714207,1.0,1.0,0.9232525060961999,0.13239341736385923,0.13227136904694917,1.0,0.7316874984311427,1.0,0.6771574972590623,0.530393672364792,1.0,1.0,1.0,0.11292624910648982,1.0,0.7895833601373399,0.8545578056095813,1.0,0.0,0.0,0.0,0.0,0.0,1.0,1.0,1.0,1.0,1.0,0.9229123684339472,1.0,0.08712989053327971,0.0,0.661887147801657,1.0,0.25389978718931455,1.0,0.08594522841258902,0.2902841404623867,1.0,0.11909785947595107,1.0,1.0,1.0,0.004962412761267632,0.5266570675212301,1.0,1.0,1.0,0.5084029909205935,1.0,0.9435198392979894,0.0
gex_possorted_bam_1WGCZ:CCGGTAGGTAATCGTGx-M2,1.0,0.8059616263887809,0.0,0.9678432201942492,0.6572013789927637,1.0,0.7025528426853426,1.0,0.0,0.9174591152935765,0.31768002829707603,0.6575098182041129,0.86319365078399,0.47895098556884147,1.0,0.3513005295814547,0.19612549894131406,0.8966926408119226,1.0,0.8104779833457157,1.0,1.0,0.9565998448778336,1.0,0.7990254083973057,0.8205705930787817,0.0,0.8246133358163208,1.0,0.9483315067421045,1.0,1.0,1.0,1.0,0.0,1.0,0.17328483330078864,0.9392422060735992,0.9791986350155346,0.18082487329188407,0.8215661122362724,0.19894307111583792,0.7283792225728971,0.3091424654706115,1.0,1.0,0.3368524269763252,0.1539923965179602,0.8512328239625451,0.8924716414085777,0.8576628159153032,1.0,0.9457470290588855
gex_possorted_bam_1WGCZ:CCGTTAACATGAGTTTx-M2,0.0,1.0,1.0,0.25872761011989603,0.0,0.0,0.4273161431897423,0.21948099757511233,0.0,0.0,0.3093347135637594,0.0,1.0,1.0,0.0,1.0,0.0,0.14783550650154123,1.0,0.0,0.0,0.0,0.0,0.0,1.0,0.021505758325726085,1.0,0.0,1.0,0.5650276195070499,0.6811622621191706,1.0,0.0,0.7113943346041545,1.0,0.07549780991299582,1.0,0.0,0.0,1.0,0.9656389178369468,0.0,0.9198421058237155,0.7941257466481871,0.10285220741444805,0.1667521610862628,1.0,0.7258471704492157,0.17350838224472873,0.05429917543789028,1.0,0.13957883058804943,0.0
gex_possorted_bam_1WGCZ:CCGTTGCGTAAGCTTGx-M2,0.07482084202941265,1.0,1.0,0.969258316256526,0.0,1.0,1.0,0.6130000004295599,1.0,0.6569211521000192,1.0,1.0,1.0,1.0,0.20531023503318582,1.0,1.0,1.0,1.0,0.0,0.0,0.0,0.0,0.0,1.0,1.0,1.0,1.0,1.0,1.0,1.0,0.0,0.0,0.6695248800629383,1.0,0.2590892370507867,1.0,0.20464643852383235,0.18594689764452527,1.0,0.11931370311127489,1.0,1.0,1.0,0.045568180893734773,0.5156072698191004,1.0,1.0,1.0,0.39064620637585973,1.0,0.984483099323196,0.0
gex_possorted_bam_1WGCZ:CCTGGTAAGTCCTTCAx-M2,1.0,0.7301644856834755,0.17579858298700196,1.0,1.0,1.0,0.1843807819225597,1.0,0.48761198055799865,1.0,0.0,0.7887373691989573,0.7372111590563069,0.23276558457352473,1.0,0.22708886709255766,0.0,0.0,0.9892770888799245,0.9490146199302372,1.0,1.0,1.0,1.0,0.06241579011108161,1.0,0.0,0.9718851247381207,0.7488162126297362,1.0,0.3817613833939781,1.0,1.0,1.0,0.0,1.0,0.0,1.0,1.0,0.0,1.0,0.20792133727346812,1.0,0.1505392666002545,1.0,1.0,0.6537208588932123,0.0,1.0,1.0,0.8551212970819659,1.0,0.587712848973765
gex_possorted_bam_1WGCZ:CCGTTAACAAGGTGGCx-M2,1.0,1.0,0.27438342543334193,1.0,1.0,0.838056035715873,0.25904076221586153,1.0,0.37702063734787544,1.0,0.0,0.7942920592802475,0.9236238958323635,0.4380620864159886,1.0,0.0,0.0,0.0,0.8033540226889503,0.6823099466186774,1.0,0.9906319744141622,1.0,1.0,0.18705732252181265,1.0,0.0,1.0,0.9333963966963639,0.9671083637471396,0.051254640204753184,1.0,1.0,1.0,0.0,0.9779924860721821,0.36129128152172063,1.0,1.0,0.0,1.0,0.1306983432895529,0.5521447163714621,0.0016508491988993243,1.0,1.0,0.5251221553382232,0.09279428031260978,1.0,1.0,1.0,0.918317531071255,0.13867939496678702
gex_possorted_bam_1WGCZ:CCTGACTTCCAAATCAx-M2,1.0,0.8082681788363429,0.37148724664182775,1.0,1.0,0.9429370053956617,0.31975927865712916,1.0,0.34871299602063305,0.9309126268255588,0.0,0.7389793074507471,0.869269122685848,0.247987833781196,1.0,0.1003484232177719,0.0,0.0,0.8248334306212571,0.5924988949748228,1.0,1.0,1.0,1.0,0.26404268714202994,1.0,0.0,0.9251511863417764,0.9550956085684692,1.0,0.24958892332396848,1.0,1.0,1.0,0.0,1.0,0.058427413242756944,1.0,1.0,0.0,1.0,0.14163835532911476,0.879233086436357,0.4593708751288829,1.0,1.0,0.47004781744474655,0.0,1.0,1.0,1.0,1.0,0.2650600949385505
gex_possorted_bam_1WGCZ:CCTGAATAGTCAGGCCx-M2,0.0994357549706949,1.0,1.0,0.8856072816265013,0.10347552474983955,0.0,1.0,0.7630102795777409,1.0,0.6663664533939122,0.0,1.0,1.0,1.0,0.15976830258551913,1.0,0.26978115724104856,0.3486287914239576,1.0,0.0,0.0,0.0,0.0,0.0,1.0,1.0,1.0,1.0,1.0,0.9499642075826403,1.0,0.2238492032636688,0.0,0.6625272689174875,1.0,0.17393099787787356,1.0,0.17855253756336623,0.07853362925649209,1.0,0.0,1.0,1.0,1.0,0.24401005524523423,0.5032723417104759,1.0,1.0,1.0,0.46312192596532636,1.0,1.0,0.0
gex_possorted_bam_1WGCZ:CCTAATAAGTTTCCTGx-M2,1.0,1.0,0.8112969006844354,1.0,0.4708157264922203,0.7385893116191455,1.0,1.0,0.8967309636827233,1.0,0.0,1.0,1.0,0.6420538295989985,1.0,0.5024472473723555,0.0,0.0,0.6230736700664319,0.6097664633812475,1.0,0.8171742398867042,0.9239927429915316,1.0,1.0,1.0,0.0,1.0,1.0,0.9509415083291827,1.0,0.9765370361902309,1.0,1.0,0.0,1.0,0.5601761793158305,1.0,1.0,0.2579753544906247,1.0,0.5387578116854005,0.7981893857707005,0.6137402412689361,1.0,1.0,0.8223240648745852,0.0,1.0,1.0,1.0,1.0,0.6955168736579223
gex_possorted_bam_1WGCZ:CCTAATCGTCCTCCAAx-M2,1.0,0.937558378072675,0.382826869333687,1.0,1.0,1.0,0.46520840109470823,1.0,0.7198659032235533,1.0,0.0,0.8789130982257106,0.9570224503146957,0.28837120638004227,1.0,0.1398095000354781,0.0,0.06642401837505925,0.7046876672241902,0.6076638795612763,1.0,1.0,1.0,1.0,0.7534760971568009,1.0,0.0,0.9898676364419725,0.7907311740524214,1.0,0.30980129028671854,1.0,1.0,1.0,0.0,1.0,0.07790963922986047,1.0,1.0,0.0,1.0,0.33687049842258304,0.9400191608767589,0.3567918848667907,1.0,1.0,0.5584314245365788,0.0,1.0,1.0,0.8342130623599059,1.0,0.6689890498124845
gex_possorted_bam_1WGCZ:CCTGAGTCAATTGAAGx-M2,1.0,1.0,0.0,1.0,1.0,1.0,0.300833845676462,1.0,0.4637753029353307,0.999296776739537,0.09134918989233777,0.7177297933728695,1.0,0.32075654546020543,1.0,0.14208096705969317,0.0,0.41635276029304136,1.0,0.9406930299612027,1.0,1.0,1.0,1.0,0.36257486144778717,1.0,0.0,0.9307835048164584,0.7274563374385864,1.0,0.8263681873808476,1.0,1.0,1.0,0.0,1.0,0.0,1.0,1.0,0.0,1.0,0.12956907835059892,0.7769707854907468,0.49024599998247326,1.0,1.0,0.5136218096374271,0.0,1.0,1.0,1.0,1.0,0.7798232215086423
gex_possorted_bam_1WGCZ:CCGTTTGGTGCGCATGx-M2,1.0,1.0,0.0,1.0,1.0,1.0,0.8824865279439397,1.0,0.6717860602156537,1.0,0.0,1.0,1.0,0.6263908894218081,1.0,0.4641917024329905,0.0,0.3408088986381899,0.9683359852172191,0.8815583475895173,1.0,1.0,1.0,1.0,0.7064873698083304,1.0,0.0,1.0,1.0,1.0,1.0,1.0,1.0,1.0,0.0,1.0,0.3836711074339486,1.0,1.0,0.15897449425307933,1.0,0.33349389261916645,0.9258707168518872,0.9388602574013205,1.0,1.0,0.44794997086597493,0.01123486354993834,1.0,1.0,1.0,1.0,0.9688751281854547
gex_possorted_bam_1WGCZ:CCTCCTCTCTCAATGAx-M2,1.0,1.0,0.0,1.0,0.8489359104925743,1.0,1.0,1.0,0.8408390007679554,0.9566667739695055,0.0,0.9830937076570272,0.9702012695137587,0.40424795922901463,1.0,0.08725555843167429,0.0,0.0,0.8688709453821292,1.0,1.0,1.0,1.0,1.0,0.8871634906020958,1.0,0.0,1.0,1.0,1.0,0.9279257984300628,1.0,1.0,1.0,0.0,1.0,0.367124205810597,1.0,1.0,0.06675467141680588,1.0,0.2156270824347539,0.706791525922721,0.4851337965145204,1.0,1.0,0.5799421065656172,0.0,1.0,1.0,0.9812600494907053,1.0,0.8145196607018155
gex_possorted_bam_1WGCZ:CCGCACACAGCTCAACx-M2,1.0,0.9380407698203149,0.0,0.9664934954174579,0.7822348074194647,1.0,0.7587474690648244,1.0,0.7297875530648176,1.0,0.33322310041350744,0.7610198007848771,0.9368984111756183,0.7170387297919514,1.0,0.3161946275291643,0.14496764113078572,1.0,1.0,0.6985701972391443,1.0,1.0,0.996946713669375,1.0,0.892767875162918,0.8306003289318548,0.0,0.780354624981643,0.8301069744911059,1.0,1.0,1.0,1.0,1.0,0.0,1.0,0.22972556553700402,0.9994170217535345,1.0,0.0,0.6445099663881295,0.3152237927877619,0.7196945951870939,0.13971546893326237,1.0,1.0,0.3076114337488776,0.25805352044985685,0.906794218895686,1.0,0.8528941453571262,1.0,0.7812592522074907
gex_possorted_bam_1WGCZ:CCGCAAGGTCTTGCATx-M2,1.0,1.0,0.05087667360419182,0.8728163359040023,0.907683134006656,1.0,0.56144964981196,0.9438003453154956,0.7565090582228531,0.8586563698253161,0.5882698328422116,0.631716156283004,0.7378674552895522,0.2857849899019859,0.9150468513471703,0.1534976140136136,0.2100995598023103,1.0,0.9889117523247163,0.5790535140143898,1.0,1.0,0.9086982974794656,1.0,0.6658433440752469,0.6563594712503636,0.0,0.8737246697932787,1.0,0.907086063923081,0.8392017520327436,0.9960992768243849,0.9472847070288013,0.9711695593698931,0.02955146831242305,1.0,0.3556167525222281,1.0,0.9648149624535322,0.08416131680063556,0.6646852643659296,0.3731378512411308,0.6408242637141849,0.6028277592401653,1.0,0.9701170651328412,0.09041412538802558,0.09332431451617347,0.7395754753796431,0.8983199011746237,0.9181241662514444,0.998239748381313,1.0
gex_possorted_bam_1WGCZ:CCTGACTTCTTGAGGTx-M2,0.0,1.0,1.0,0.9923830594062363,0.8642303083528201,0.0,1.0,1.0,1.0,1.0,0.0,1.0,1.0,1.0,0.08642218726550913,1.0,0.0,0.0,1.0,0.0,0.0,0.0,0.07146276595957728,0.0,1.0,1.0,1.0,1.0,1.0,0.2935189767461226,1.0,0.22252751617262342,0.0,0.9325373004606752,1.0,0.2841674223812161,1.0,0.06868460603655796,0.3063983224636781,1.0,1.0,1.0,1.0,1.0,0.0,0.7076180041818111,1.0,1.0,1.0,1.0,1.0,0.8549729907232295,0.7481567007038469
gex_possorted_bam_1WGCZ:CCGTGCTGTGTCCAAAx-M2,1.0,0.8060612693371529,0.32189624465004546,1.0,1.0,1.0,0.5010673574563583,1.0,0.6361405909402416,1.0,0.14442442788842574,0.8081406447373993,0.9032548526071046,0.18279275313288706,1.0,0.24435164735061646,0.0,0.698785377667264,1.0,0.9041916240252325,1.0,1.0,1.0,1.0,0.8926868057687589,0.9873654772163479,0.0,0.8023317668593599,1.0,1.0,0.8590637968754664,1.0,1.0,1.0,0.0,1.0,0.19593378125427163,1.0,1.0,0.0,1.0,0.06905825164566315,0.8485723161576776,0.27724028316584964,1.0,1.0,0.27309461073731284,0.0,0.9945942415047774,1.0,1.0,1.0,0.8570553905350247
gex_possorted_bam_1WGCZ:CCGCTAAAGGCACAGGx-M2,1.0,0.8203911911525948,0.0,0.974000559404625,1.0,1.0,0.03214625516994354,0.8400762999719013,0.45057058034414865,1.0,0.9999855200212288,0.1976099529515709,0.8455624028836465,0.3105654562547773,1.0,0.4773629561534739,0.6535824650599521,1.0,1.0,0.9392868076841624,1.0,1.0,1.0,1.0,0.461515095338545,0.9351361512131691,0.0,0.9606559127668082,0.8998759210657411,1.0,0.890546885269036,1.0,1.0,0.9411647106107022,0.0,1.0,0.0,1.0,1.0,0.0,1.0,0.0,0.6523189396212455,0.575662978463225,1.0,1.0,0.1760344856575932,0.0,0.9512784334374982,1.0,0.9420558649860135,1.0,1.0
gex_possorted_bam_1WGCZ:CCGTTAACAAAGCGGCx-M2,1.0,0.9954122118956288,1.0,1.0,1.0,1.0,0.0,1.0,1.0,1.0,0.0,1.0,1.0,0.7289324074591389,1.0,0.3803703662368743,0.0,0.0,0.026099750261589828,0.3138939554117198,0.22550961836980774,0.6749580532911684,1.0,0.58412971412086,1.0,1.0,0.05357269657575355,1.0,0.3984195258674976,1.0,0.0,1.0,1.0,1.0,0.0,1.0,0.0,1.0,1.0,0.0,1.0,0.0,1.0,0.9846616952783946,1.0,1.0,1.0,0.0,1.0,1.0,0.9457353748818834,1.0,0.551589524026651
gex_possorted_bam_1WGCZ:CCTAAGTAGTTAGGCTx-M2,1.0,1.0,0.3769893576487841,1.0,1.0,1.0,0.3385568767217948,1.0,0.7165120859533554,1.0,0.08474062502783195,0.7749904563319204,1.0,0.3205103612441485,1.0,0.1708639005508302,0.0,0.5364264114683364,0.761068665742309,0.7742162898058618,1.0,1.0,1.0,1.0,0.8292372624198828,1.0,0.0,1.0,0.8522654484925823,1.0,0.5274735663391574,1.0,1.0,1.0,0.0,1.0,0.010377132822956497,1.0,1.0,0.0,1.0,0.19070969977134722,0.8859658631442323,0.2019423746469153,1.0,1.0,0.4030045607538775,0.0,1.0,1.0,0.7449266308717049,1.0,1.0
gex_possorted_bam_1WGCZ:CCTAAATCAGTTTGGCx-M2,0.0,0.37251925446200845,0.5636122604110241,0.2581881949727054,0.0,0.0,1.0,0.06340620053418092,1.0,0.0,1.0,0.8963175905544573,1.0,1.0,0.0,1.0,1.0,0.28092237685312504,1.0,0.0,0.0,0.0,0.0,0.0,1.0,0.3864639352332761,1.0,0.5053891892592459,0.7590122579092385,0.22314640857206064,0.5636653006557372,0.0539244171262818,0.0,0.25146507115268313,1.0,0.0,1.0,0.0,0.0,1.0,0.024643968630205636,1.0,1.0,1.0,0.0,0.1268563070886492,1.0,1.0,0.3270971250826929,0.0034941973162247587,1.0,0.27083007534904774,0.0
gex_possorted_bam_1WGCZ:CCGCTTAGTAGGATCCx-M2,1.0,1.0,0.0,1.0,1.0,1.0,0.6937827172025735,1.0,0.3215831071533173,1.0,0.4409003681049146,0.8562601932210925,0.8868881039140944,0.4610191182762506,1.0,0.4806971704174125,0.20347954780383398,1.0,1.0,0.7704747583312834,1.0,1.0,1.0,1.0,0.5714057063962983,0.943043202888311,0.0,1.0,1.0,1.0,1.0,1.0,1.0,1.0,0.0,1.0,0.22945533859587283,1.0,1.0,0.05273955753270769,0.9497183059610974,0.3232197644494394,0.5667342448182676,0.4079506082408294,1.0,1.0,0.0,0.21092584707146345,1.0,0.9639777854475676,1.0,1.0,1.0
gex_possorted_bam_1WGCZ:CCTGATGAGGCCTAATx-M2,1.0,1.0,0.6617556620530459,1.0,1.0,1.0,0.26213676772938027,1.0,0.5062208903892793,1.0,0.0,0.9805243383869121,1.0,0.5507978770753345,1.0,0.2411589928981958,0.0,0.4359478099390706,0.6889820914398419,0.5212943585227181,1.0,1.0,1.0,1.0,0.9757252144719669,1.0,0.0,1.0,0.845977743495595,1.0,0.8211870688959398,1.0,1.0,1.0,0.0,1.0,0.06404803891257865,1.0,1.0,0.02153277781002306,1.0,0.17858695398267857,1.0,0.8393559463299131,1.0,1.0,0.6405435674170052,0.0,1.0,1.0,1.0,1.0,1.0
gex_possorted_bam_1WGCZ:CCGTTAACATCCAGGTx-M2,1.0,0.922938664929309,0.20974274019276148,1.0,0.8969110234563081,1.0,0.9064790091533141,1.0,0.6477199569729357,1.0,0.049735111399069866,0.7392543230038765,0.9491242797539496,0.331206322634618,1.0,0.6473217682021565,0.0,0.38270157015538675,1.0,1.0,1.0,1.0,1.0,1.0,0.8503532334284758,1.0,0.0,1.0,1.0,1.0,1.0,1.0,1.0,1.0,0.0,1.0,0.37345883356465137,1.0,1.0,0.23011116663254402,1.0,0.0,0.9689617668969616,1.0,1.0,1.0,0.19744286256054142,0.0,0.9727249125270124,1.0,1.0,1.0,0.8030333050663087
gex_possorted_bam_1WGCZ:CCGCACACATTTGCTCx-M2,1.0,0.7538199458734139,1.0,1.0,1.0,1.0,0.0,0.9908934820640071,0.6631001820173121,1.0,0.0,1.0,0.9010735074887373,0.3028337332192395,1.0,0.0,0.0,0.0,0.2947692832090535,0.7732386159723912,0.857388267553746,1.0,1.0,0.952316276923665,0.5410393295073109,1.0,0.0012837446606027612,1.0,0.8349329435472834,1.0,0.0,1.0,1.0,1.0,0.0,1.0,0.020210189270485502,1.0,1.0,0.0,1.0,0.0,1.0,0.8076647918171251,1.0,1.0,0.9296357747049115,0.0,1.0,1.0,1.0,1.0,0.8709148898572167
gex_possorted_bam_1WGCZ:CCTCCTCTCATCAGTAx-M2,1.0,1.0,0.0,1.0,1.0,1.0,0.6237215682969285,1.0,0.6407729993279355,1.0,0.5113561342323287,0.7604888789152513,0.9003262139200626,0.6815217400156786,1.0,0.4637875094900644,0.23700973638168352,1.0,1.0,0.7632388696427136,1.0,1.0,1.0,1.0,0.8631161862747893,0.9630744857073777,0.0,1.0,1.0,1.0,1.0,1.0,1.0,1.0,0.0,1.0,0.2705710306288857,1.0,1.0,0.039635193994407146,0.6497789320989573,0.24244247028874427,0.7816771443561313,0.5399172921374507,1.0,1.0,0.2582982703168534,0.0,1.0,1.0,1.0,1.0,1.0
gex_possorted_bam_1WGCZ:CCTCCTCTCTAAATCGx-M2,1.0,1.0,0.17534187060997053,1.0,1.0,1.0,0.6729684334146069,1.0,0.9213700927195072,1.0,0.0,1.0,0.9370063886299406,0.6388707136680665,1.0,0.06581153724559463,0.0,0.0,0.5889920920252819,0.8945399567143228,1.0,1.0,1.0,1.0,0.8449319880970849,1.0,0.0,1.0,0.9348522728610223,1.0,1.0,1.0,1.0,1.0,0.0,1.0,0.29249863680610194,1.0,1.0,0.2199716874304577,1.0,0.4981156463229523,0.9300193556154418,0.45502331390259965,1.0,1.0,0.5604292139876464,0.0,1.0,1.0,1.0,1.0,1.0
gex_possorted_bam_1WGCZ:CCTCCTGAGAACCTACx-M2,1.0,1.0,0.19268962545572707,1.0,1.0,1.0,0.9723072864558128,1.0,0.5136510573694842,1.0,0.0325902683957503,0.8067434231597143,0.8945611781142581,0.090426805145123,1.0,0.45019142532894646,0.0,0.6274892565791799,1.0,0.900182949323217,1.0,1.0,1.0,1.0,0.787778305573146,0.971950247601801,0.0,1.0,1.0,1.0,1.0,1.0,1.0,1.0,0.0,1.0,0.2598931203832236,1.0,1.0,0.0,0.957434526133357,0.19239740653709306,0.703847069206317,0.4913495018993807,1.0,1.0,0.0,0.0,1.0,0.9699732166277032,1.0,1.0,1.0
gex_possorted_bam_1WGCZ:CCTATTTAGAAGCTAGx-M2,0.08148715615215052,1.0,1.0,0.9622499043491131,0.04180692766326945,0.0,1.0,0.8242287998172322,1.0,0.9893696792198713,0.0,1.0,1.0,1.0,0.17143313224661946,1.0,0.0,0.0,1.0,0.0,0.0,0.0,0.0,0.0,1.0,1.0,1.0,1.0,1.0,0.6079292846633202,1.0,0.0,0.0,0.8149876781339954,1.0,0.2602516322677438,1.0,0.024952732990421327,0.004475377779393121,1.0,0.30358869707128716,1.0,1.0,0.980683754892546,0.0,0.42135513705548916,1.0,1.0,1.0,0.6258317660566312,1.0,0.9473738539988569,0.0
gex_possorted_bam_1WGCZ:CCTGAATAGTGAAGTGx-M2,0.974401733938272,0.9224990162236723,0.38367233286102603,0.9696205973470386,1.0,1.0,0.14205142108416582,0.8265602747385834,0.0,0.9972574045907057,0.6371476685937933,0.0,1.0,1.0,1.0,0.7825307421478348,0.2640993765016343,1.0,0.4893883094066073,0.38978472081854837,0.8643593398481827,1.0,1.0,1.0,0.6899671784600299,1.0,0.07406067003726596,1.0,0.9390705205332875,0.9959420683974478,0.43177904278004353,1.0,1.0,1.0,0.0,1.0,0.19979493279279234,0.918901202796212,1.0,0.0,1.0,0.0,0.7535794979950011,1.0,0.9342283349282426,0.9840817215711202,1.0,0.0,0.8289472936070836,1.0,0.0,1.0,1.0
gex_possorted_bam_1WGCZ:CCTAAATCATTGCGTAx-M2,1.0,1.0,0.0,0.9332288989632325,0.9993077579794962,1.0,0.4526778136486377,0.9626430014553159,0.5955253472330011,0.8866980691830527,0.17548693620781558,0.6241200987380986,0.8656425498791891,0.30540858666864523,1.0,0.07146314116076315,0.0,0.5562815102032242,0.9623281030686756,0.5355147219435491,1.0,1.0,0.976663581213224,1.0,0.500372504080148,0.8306502742104974,0.0,0.8465035346764761,0.8666185963320762,0.9543627150091232,0.4597045469393745,1.0,1.0,0.9580401502284943,0.0,1.0,0.0391911853209293,1.0,0.933752549211839,0.0,1.0,0.10574867757095961,0.6579734030814554,0.0,1.0,1.0,0.06432496104110408,0.0,0.7563595710176918,1.0,0.7607090287290883,1.0,0.7039786149730975
gex_possorted_bam_1WGCZ:CCTAGTTGTTAGAGCCx-M2,1.0,0.7530926959099143,0.0,0.9515056620384025,0.8806684316545911,1.0,0.07958563323858843,0.9475165451329723,0.26628761228905135,0.7993851521070805,0.25724081007008437,0.5741801199199502,0.6345514585917373,0.2069521437523897,0.965484254661367,0.11555926573618389,0.0,0.7144124994062937,0.8944809875096827,0.432354674581803,1.0,1.0,1.0,1.0,0.47839064601510956,0.7776145650614357,0.0,0.8151160931945546,0.6063628469757555,0.911262157408871,0.2996900577808096,0.8964369602749289,0.9628840141789504,0.9504154847792868,0.0,1.0,0.02790763210031413,0.98457207175766,0.8906948169596871,0.0,0.9171649843801222,0.011540486037353987,0.5367733010185463,0.0,1.0,0.9435999061501402,0.18314466538355087,0.0,0.7516515944816984,0.8898029026819603,0.7941324473750428,0.9633566328492117,1.0
gex_possorted_bam_1WGCZ:CCGTTGCGTTAGTACGx-M2,1.0,0.9010377547435269,1.0,1.0,1.0,0.5387822316146882,0.0,1.0,0.6179108543849299,1.0,0.0,1.0,0.896041866438772,0.44100303277289266,1.0,0.00987598224693627,0.0,0.0,0.5197687656357134,0.7271358679137303,0.7748100255941628,0.9502387353912495,1.0,1.0,0.047827350915308715,1.0,0.0,0.9478750867568256,0.6556199679422253,1.0,0.0,1.0,1.0,1.0,0.0,1.0,0.1448084855578098,1.0,1.0,0.0,1.0,0.0,1.0,0.5650065321243899,0.9542290928739681,1.0,0.9948490639013482,0.0,1.0,1.0,1.0,1.0,0.0
gex_possorted_bam_1WGCZ:CCTATATTCTTAGTCTx-M2,1.0,0.8531529521772425,0.24562174119615354,1.0,1.0,0.6333113916624051,0.17454502908588118,1.0,0.6699071930868774,1.0,0.0,0.9465556591500437,0.8529670594629999,0.3061681852375852,1.0,0.019055809682957222,0.0,0.0,0.5700787560217974,0.5818062636527062,1.0,0.9654188267788197,1.0,1.0,0.41084359933224346,1.0,0.0,0.74846132324766,0.7549792539320137,1.0,0.0,1.0,1.0,1.0,0.0,0.9800852498434892,0.15072127832344573,1.0,1.0,0.0,1.0,0.1653546615984228,0.7894007976872357,0.18680279325120497,1.0,1.0,0.6755662476893282,0.0,0.9601604741758356,1.0,0.94375031263593,0.8962598723128542,0.11192037167250903
gex_possorted_bam_1WGCZ:CCGCTAAAGACAAAGTx-M2,1.0,1.0,0.0,1.0,1.0,1.0,0.4192609664237302,1.0,0.48774636783204445,1.0,0.33930522440943206,0.7237279895124618,1.0,0.14035011677218603,1.0,0.22501627507674868,0.09017978167326825,0.911379698957391,1.0,0.9139725172617454,1.0,1.0,1.0,1.0,0.48357805713463115,0.9744812280394826,0.0,1.0,1.0,1.0,0.8050509505454211,1.0,1.0,1.0,0.0,1.0,0.04774618829746649,1.0,1.0,0.0,1.0,0.07305814052591984,0.8657754622263606,0.6123159321674829,1.0,1.0,0.2536367565429698,0.0,1.0,1.0,1.0,1.0,1.0
gex_possorted_bam_1WGCZ:CCTGGTAAGGGATGACx-M2,0.9345521962272784,1.0,0.5901339846491033,0.988340587619757,0.0,0.7269554896418726,1.0,1.0,0.8297231294380824,1.0,0.0,1.0,1.0,1.0,1.0,1.0,0.0,0.0,0.5227054560040896,0.36497635328662603,0.874565823925582,0.5369009624289786,0.7225745848681975,0.9228640029751025,1.0,1.0,0.0,1.0,1.0,0.5617164144453336,1.0,1.0,0.8843841628752608,1.0,0.0,1.0,0.8325598060836326,1.0,1.0,0.9923467156217575,0.9676461558099091,0.5508196048647593,1.0,0.8702906241277962,1.0,1.0,0.6514898140579427,0.0,1.0,1.0,1.0,1.0,0.24225031610264164
gex_possorted_bam_1WGCZ:CCTCCTGAGCTTACTTx-M2,0.08075128534305501,1.0,1.0,0.960757041591648,0.0,0.14517247482899082,1.0,0.716027493463888,1.0,0.8970469524980667,0.23808395549144634,1.0,1.0,1.0,0.2948271883146057,1.0,0.740750440975643,0.7942549757920044,1.0,0.0,0.0,0.0,0.0,0.0,1.0,1.0,1.0,1.0,1.0,1.0,1.0,0.0,0.0,0.8020487040936063,1.0,0.25633949490849683,1.0,0.14405350002799633,0.17937579936632692,1.0,0.3198323540586534,1.0,1.0,1.0,0.08253344216310904,0.6143180938372156,1.0,1.0,1.0,0.4640066401024715,1.0,0.9634421948911484,0.0
gex_possorted_bam_1WGCZ:CCTAATCGTAATAGCTx-M2,1.0,0.7323191583441298,0.11816639167411574,0.9812446129914635,1.0,1.0,0.3956871746681989,1.0,0.7177666724573383,1.0,0.07156280897409663,0.32945861855014147,0.9676808782628069,0.2724834816205183,1.0,0.03676677598881365,0.0,0.3360701990773499,0.8909732937149082,0.7123415768830256,1.0,1.0,1.0,1.0,0.5726636039759782,0.9922374335834757,0.0,1.0,0.7317929717159751,1.0,0.5112441393026058,1.0,1.0,1.0,0.0,1.0,0.27249450347037096,1.0,1.0,0.0024771476447698667,1.0,0.5103960838306202,0.6315606183146356,0.2642665228349312,1.0,1.0,0.5346452287206278,0.0,0.9709990930808305,1.0,0.952232305052073,1.0,0.8555566102725349
gex_possorted_bam_1WGCZ:CCGTTATGTCACTCGCx-M2,0.05219343950292678,1.0,1.0,1.0,0.0,0.0,1.0,0.8774991621654388,1.0,0.7003209086926276,0.0,1.0,1.0,1.0,0.09039954574712858,1.0,0.0,0.0,1.0,0.0,0.0,0.0,0.0,0.0,1.0,1.0,1.0,1.0,1.0,0.8157325324762041,1.0,0.0,0.0,0.8411986455945797,1.0,0.23611164419245412,1.0,0.0003849517007340627,0.0518261792270174,1.0,0.021659727641021476,1.0,1.0,1.0,0.0,0.5440982265765107,1.0,1.0,1.0,0.5129962210625834,1.0,1.0,0.0
gex_possorted_bam_1WGCZ:CCTAAAGGTAATGGCCx-M2,0.006720206801383243,1.0,1.0,0.735144838321537,0.0,0.021287559450938468,1.0,0.5002422935934654,1.0,0.6029505650182726,0.8850020539644337,1.0,1.0,1.0,0.14098122887730077,1.0,1.0,0.7619319276853491,1.0,0.0,0.0,0.0,0.0,0.0,1.0,1.0,1.0,1.0,1.0,0.7589794964433766,1.0,0.0,0.0,0.6705606399691849,1.0,0.15361864689933805,1.0,0.029595092429533905,0.02848912505460448,1.0,0.08455278441673443,1.0,1.0,1.0,0.00565040016736731,0.425198278152501,1.0,1.0,0.9154114965522775,0.2121194569531979,1.0,0.7584041053174124,0.0
gex_possorted_bam_1WGCZ:CCTCAGTTCCATTACTx-M2,1.0,1.0,0.5774844421509763,1.0,1.0,1.0,0.7227907164675867,1.0,0.621589055284457,1.0,0.0,0.7064318973702478,0.9755313141962171,0.6157835154406941,1.0,0.33482932319891967,0.0,0.694067676662652,0.7056692251750493,0.648566801925462,1.0,1.0,1.0,1.0,0.8434604051918095,1.0,0.0,1.0,0.881497411301303,1.0,0.7611799250299273,1.0,1.0,1.0,0.0,1.0,0.10837409645707755,1.0,1.0,0.06401341607796482,1.0,0.3728031896832454,0.95216650830879,0.9706227747180035,1.0,1.0,0.4692639810899548,0.0,0.9487263518741432,1.0,0.7147212979218667,1.0,0.8633153187063598
gex_possorted_bam_1WGCZ:CCTAAGGTCATCAGTAx-M2,1.0,1.0,0.0,1.0,1.0,1.0,0.7488831940093305,1.0,0.789469176051764,1.0,0.0,1.0,1.0,0.5235988453419087,1.0,0.375627516915926,0.0,0.08897298544780079,0.9905201327677221,0.6204995922768998,1.0,1.0,1.0,1.0,0.5201204728418393,1.0,0.0,1.0,0.9957620638276273,1.0,0.8853421185651643,1.0,1.0,1.0,0.0,1.0,0.36488836198984853,1.0,1.0,0.0,1.0,0.5901787572379276,0.718425204395999,0.28212549712890506,1.0,1.0,0.5117654564734777,0.0,1.0,1.0,1.0,1.0,0.4010656665267186
gex_possorted_bam_1WGCZ:CCTGAATAGGCGCTTAx-M2,1.0,0.7958813207111668,0.0,0.9901458705562618,0.8993606178311858,0.9669577194329512,0.45784755709184655,1.0,0.3744341804101919,0.9978539152043163,0.0,0.782521528158239,0.8647587786049126,0.00544125480123219,1.0,0.0,0.0,0.0,0.6122457418341941,0.7669502568807092,1.0,1.0,1.0,1.0,0.5103530701634373,0.8788281902853115,0.0,0.9742635746335573,0.808317648999106,0.8614724873052129,0.8302783541277867,1.0,1.0,1.0,0.0,1.0,0.29795479023722127,0.9517410725109469,1.0,0.150796740364809,1.0,0.43593536378403785,0.600754420528945,0.0,1.0,1.0,0.5046266771080321,0.09268190371424181,0.9147757327305589,0.9014139397708127,0.9506037687627537,0.9859410760164066,1.0
gex_possorted_bam_1WGCZ:CCTAAAGGTGCCGCAAx-M2,0.0,1.0,1.0,0.6510942074768167,0.0,0.0,1.0,0.474356690704435,1.0,0.29851923290950155,0.5286327638212698,1.0,1.0,1.0,0.0,1.0,0.48429516661666405,0.25351612118246825,1.0,0.0,0.0,0.0,0.0,0.0,1.0,0.8878794589840079,1.0,1.0,1.0,0.8622215684874037,1.0,0.07295925461070069,0.0,0.6391163751732358,1.0,0.06370460729201897,1.0,0.00734154971817607,0.03153661756385784,1.0,0.0004153911624490765,1.0,1.0,1.0,0.0,0.39582607962531596,1.0,1.0,0.8836010283389784,0.27391423524585873,1.0,0.6889612200536488,0.0
gex_possorted_bam_1WGCZ:CCGTTTGGTTAACGATx-M2,0.9722372748032803,1.0,0.0,1.0,0.8555587174319117,0.6979892084799347,1.0,1.0,1.0,1.0,0.0,0.5922663611043906,0.9962666668915071,0.6450155565919562,0.8419663554149386,0.10953501237052181,0.0,0.0,0.5871281794301653,0.966737735162589,1.0,0.7959018554926788,0.9625088237075612,0.9431369874778112,1.0,0.9825495642122971,0.21462525980242952,0.761371484165606,1.0,0.4629246232832344,0.3140448777948162,1.0,0.9637483867106165,1.0,0.08257156102524935,0.9986160848037674,0.20105830687971554,0.9176314840035978,1.0,0.2161964233566222,1.0,0.09231003043053983,0.49274483090182364,0.7983749715836959,0.9398047790798784,1.0,0.9322622103143123,0.0,0.9183403501321272,0.9848398699308202,0.5642608335023187,0.7709027316367538,0.6855392205501301
gex_possorted_bam_1WGCZ:CCTAGTTGTATTGAGTx-M2,1.0,0.7553393724707377,0.0,1.0,0.8367544462962168,1.0,0.10863449617167643,1.0,0.5308617868340194,0.881699739382298,0.020782817637559806,1.0,0.8903813022782595,0.39491632175947033,0.9645956639714173,0.0316544567342952,0.0,0.0,0.7202665664377788,0.34585546125111194,1.0,1.0,1.0,1.0,0.3637967739681368,0.8502705461386784,0.10370401155000229,0.9396865609075541,1.0,0.995507917381889,0.48658001689649544,1.0,1.0,0.9384016142223518,0.0,1.0,0.1491161744891224,0.9756727303626338,0.844490529450853,0.0,1.0,0.5658753029024146,0.5517290269440549,0.0,1.0,0.9668646749807638,0.6927514965860765,0.027438623810865412,0.8709151392446621,1.0,1.0,0.9507532162177417,1.0
gex_possorted_bam_1WGCZ:CCGTTAACAGTTATCGx-M2,1.0,1.0,0.0,0.9089529724170985,0.5664345457468368,1.0,0.9649589346161191,1.0,1.0,1.0,0.22892357478167227,1.0,0.9980577108028902,0.7667938862806328,1.0,0.6979644677874801,0.13902381502236072,1.0,1.0,0.2631001112276463,1.0,1.0,0.9451262242345306,0.9690274488231727,1.0,0.8740945620786463,0.0,0.9299318293024625,1.0,0.7999187860525648,1.0,0.8261650570839691,0.9473128310501829,1.0,0.14509234029576112,1.0,0.9277882063138762,1.0,1.0,0.24886894515137858,0.5888401229073185,0.5102797180907888,0.5601792741864794,0.11061510963484615,1.0,1.0,0.21905136111901644,0.5272196292583906,0.9487312920868465,1.0,0.9351283963281981,1.0,0.7139019775912879
gex_possorted_bam_1WGCZ:CCTACTGGTAGGTTATx-M2,0.9546075169361284,0.602886172827105,0.0,0.8513592372333189,1.0,1.0,0.1988443063249011,0.7877144678319496,0.4550426044934968,0.8718226593112087,0.6363255072754773,0.14825826665505185,0.531730451389095,0.2134336241375248,0.9180289123891782,0.3389289705079513,0.3465683550191136,1.0,0.8818194568596335,0.7090599676003592,1.0,1.0,0.9400896116200022,1.0,0.36029365591184753,0.6874818870909414,0.0,0.8524200373858013,0.858350443488464,1.0,0.8089094354828048,0.7364549836359474,0.8837027405236574,0.8191120466288204,0.0071434908521373,1.0,0.027741581433217255,0.8263737278576293,0.9182971041803546,0.0,0.7344052172260419,0.22041506305710698,0.4105770148940637,0.4433802477433994,1.0,0.8835369954823564,0.0,0.12943837233671915,0.8212159761520142,0.924599183072756,0.7579765292712636,0.9624011106609862,1.0
gex_possorted_bam_1WGCZ:CCTAAGCCATTATGGTx-M2,1.0,0.9887687339143155,0.0,1.0,1.0,1.0,0.43433245830443395,1.0,0.4155950711555233,1.0,0.3556259774607402,0.728860716158021,0.9234785694354936,0.4534804340854155,1.0,0.3206401207093485,0.08801863230359061,0.9356863793412115,1.0,0.6590713264277892,1.0,1.0,1.0,1.0,0.6054915237402204,0.945744988703879,0.0,0.9998950307293214,1.0,1.0,0.8885259120284017,1.0,1.0,1.0,0.0,1.0,0.20014139782537554,1.0,1.0,0.0,1.0,0.23885226438439167,0.6913528728628412,0.23425127069504853,1.0,1.0,0.1905564606076088,0.008814040566405461,0.9583416910074293,1.0,0.9763544185205504,1.0,0.9679746559435481
gex_possorted_bam_1WGCZ:CCTGAATAGCGATAAGx-M2,0.0769505520465602,1.0,1.0,1.0,0.04083068564818071,0.0,1.0,0.9495706565295523,1.0,0.8257076225104768,0.0,1.0,1.0,1.0,0.10269436913735816,1.0,0.0,0.0,1.0,0.0,0.0,0.0,0.0,0.0,1.0,1.0,1.0,1.0,1.0,0.7888732382065701,1.0,0.12194774704623085,0.0,0.7657926760536947,1.0,0.2688553283598531,1.0,0.08187785271063751,0.08963653512341123,1.0,0.07800789986066188,1.0,1.0,1.0,0.1254123131447805,0.517557711881447,1.0,1.0,1.0,0.5344878368039527,1.0,0.9880045802692236,0.0
gex_possorted_bam_1WGCZ:CCTGGATCAGGCTAGAx-M2,0.77376498660557,1.0,1.0,1.0,1.0,0.588799346481961,1.0,1.0,1.0,1.0,0.0,0.09607024002291957,1.0,0.8947345323131319,0.8268780001493629,0.0,0.0,0.0,0.5349344553847419,0.5653705744232672,0.31568876903985743,0.47267074222955796,1.0,0.10199616728180344,1.0,1.0,0.630078605962464,0.6152440316836214,1.0,0.35750615623473964,0.0,1.0,0.978167205168155,1.0,0.241657836089414,0.9262489122984007,0.0,1.0,1.0,0.1787462546985155,1.0,0.11223619596507851,0.8401527657095776,1.0,0.42246849080125237,1.0,1.0,0.0,1.0,1.0,0.7059532924936059,0.9790389543094082,0.48740056129842857
gex_possorted_bam_1WGCZ:CCTGAATAGTAAACCCx-M2,1.0,0.9235951200921775,0.0,1.0,0.7712116193155949,0.7920030364222476,0.3831340655921382,1.0,0.8115772965586515,0.8455525916422767,0.0,1.0,0.8784124995257371,0.3263012613005132,1.0,0.006112575144473417,0.0,0.0,0.7461190853177972,0.7538690573033962,1.0,0.9566775783088751,1.0,1.0,0.5353346674968056,1.0,0.0,0.9083209057871343,0.9021847424216197,0.8244039353108508,0.0,1.0,1.0,1.0,0.0,0.9860985549244716,0.2480653250521996,0.9993713388432232,0.9666543500132062,0.0,1.0,0.14947919407076934,0.7192625219975096,0.1763722012760326,1.0,1.0,0.47809952581130516,0.1664510228447749,0.8521902787376275,1.0,0.9642476810139139,0.8129263793706722,0.1862469325949584
gex_possorted_bam_1WGCZ:CGACAAGCAACGTGCTx-M2,0.06279480811650774,1.0,0.7944016730328218,0.8603634389979353,0.0,0.0,1.0,0.7832122835363665,1.0,0.5592873094662925,0.11708934423407114,1.0,1.0,1.0,0.016427765851137345,1.0,0.23585241898759374,0.16694070083837428,1.0,0.0,0.0,0.0,0.0,0.0,1.0,1.0,1.0,1.0,1.0,0.8224418774534755,1.0,0.017494027217133213,0.0,0.7305794980340761,1.0,0.20785309768542615,1.0,0.012761516560233494,0.03721551480268637,1.0,0.12993649679674654,1.0,1.0,1.0,0.04484660078070058,0.4996769843676766,1.0,1.0,0.9851583659862347,0.4230034065898523,1.0,0.8625630182112827,0.0
gex_possorted_bam_1WGCZ:CGACCTGCACCCTCACx-M2,0.007703665075118531,1.0,1.0,0.869896583184907,0.029219776022775642,0.8775869453890858,1.0,0.45727801966100085,1.0,0.44753879188075385,1.0,1.0,1.0,1.0,0.09391612206504872,1.0,1.0,1.0,1.0,0.0,0.0,0.0,0.0,0.0,1.0,1.0,1.0,1.0,1.0,1.0,1.0,0.0,0.0,0.6348090005571921,1.0,0.14925687515424768,1.0,0.08771814667989929,0.10698144449900596,1.0,0.08406265027840819,1.0,1.0,1.0,0.0,0.5017806141133917,1.0,1.0,1.0,0.4659927951405348,1.0,0.932950269756837,0.0
gex_possorted_bam_1WGCZ:CCTTAGTGTTTACTTGx-M2,1.0,0.8333300621999807,0.07209900650517982,1.0,1.0,1.0,0.2191817887940185,1.0,0.23056620874090586,1.0,0.0,0.5846931201311653,0.7343629344064531,0.21707195979756572,1.0,0.06674587898128276,0.0,0.0,0.9421727076982388,0.7390973638508892,1.0,1.0,1.0,1.0,0.05557828546944684,1.0,0.0,0.8602935339659691,0.965217763287867,1.0,0.67024599287214,1.0,1.0,1.0,0.0,1.0,0.024276299736026324,1.0,1.0,0.0,1.0,0.22916326658992056,0.6940042295884497,0.30540605576178964,1.0,1.0,0.45232221278255524,0.0,1.0,1.0,1.0,1.0,0.1341698397339261
gex_possorted_bam_1WGCZ:CGAGCGAAGCTGAGGGx-M2,0.0,0.42837288367583287,0.00540390369993602,0.32951330508669374,0.0,0.06131381060054654,1.0,0.23806029164011336,1.0,0.0,1.0,0.521782140749064,1.0,1.0,0.0,1.0,1.0,1.0,1.0,0.0,0.0,0.0,0.0,0.0,1.0,0.4597748761513969,1.0,0.65915183280714,0.7834965066248951,0.019179774761984663,0.0,0.11023892312979791,0.0,0.2337659717945284,1.0,0.0,1.0,0.0,0.0,1.0,0.4787497064700176,1.0,1.0,1.0,0.0,0.17944463483161782,1.0,1.0,0.3408233213978487,0.0,1.0,0.23382044349486258,0.0
gex_possorted_bam_1WGCZ:CGATGTCCATTGTCCTx-M2,0.0,1.0,1.0,0.46064475679540207,0.0,0.0,1.0,0.37292673821717465,1.0,0.0,0.14587714584276643,0.10288951783422415,1.0,1.0,0.0,1.0,0.0,0.16714152391327383,1.0,0.0,0.0,0.0,0.0,0.0,1.0,0.4193470018145284,1.0,0.0,1.0,0.8419141385387005,1.0,0.8641784772582735,0.0,0.7196255697366526,1.0,0.14769065050206398,1.0,0.0,0.0,1.0,0.6250354700776171,0.20631919894661133,1.0,1.0,0.13186905061960338,0.2881915374006832,1.0,1.0,0.574514466719194,0.16509965612010863,1.0,0.4044197610502111,0.0
gex_possorted_bam_1WGCZ:CGATTATCAACCTAATx-M2,1.0,1.0,0.0,1.0,0.9197064730790641,0.842273531469646,1.0,1.0,0.8587073184635844,1.0,0.0,0.922272042029946,1.0,0.4165676576209499,1.0,0.4357057475674157,0.0,0.0,0.7344925707007167,0.9461350185959215,1.0,0.9495449875698224,1.0,1.0,1.0,1.0,0.0006764498861733423,1.0,1.0,0.7297398092648311,0.2442782929293107,1.0,1.0,1.0,0.02974967593232398,1.0,0.37704668022667204,1.0,1.0,0.06217037307568027,1.0,0.5106632627975787,0.7455115474557029,0.5460061584679222,1.0,1.0,0.8949996308432537,0.09093389622911494,0.984050534830082,1.0,0.8576405898182197,0.9121834245812942,0.33065414339621135
gex_possorted_bam_1WGCZ:CGAGGCAAGGTGCTGCx-M2,1.0,1.0,0.2581793713388285,1.0,1.0,1.0,0.5678082230145718,1.0,0.5232301674815063,1.0,0.726405023807369,0.5047590730777204,1.0,0.4430760559686623,1.0,0.48495629692621633,0.37776755133069373,1.0,1.0,0.7381876947367979,1.0,1.0,1.0,1.0,0.7931690048083727,1.0,0.0,0.97494803581663,1.0,1.0,0.9223390262388044,1.0,1.0,1.0,0.0,1.0,0.04643064715210634,1.0,1.0,0.015383756615145369,1.0,0.0,0.7560871435766545,0.4495745197504774,1.0,1.0,0.1284102173731522,0.0,1.0,1.0,1.0,1.0,1.0
gex_possorted_bam_1WGCZ:CGATTCCTCTCGCCTGx-M2,0.37962728840362076,0.5953895651041656,0.21285250689307578,0.26919380427153977,0.5186464177043982,1.0,0.003410550879458032,0.379113773202747,0.2474706624739896,0.16087480286387096,0.998202548923301,0.0,0.6128722008485343,0.04608384593849402,0.3261773933329619,0.354132799632833,0.7177570422667104,1.0,0.2117545321892194,0.7164244038632172,0.6561471118795847,0.8213543523904048,0.4712838571888717,0.8671873618199603,0.41205503910154756,0.20682178385025382,0.6080942487583748,0.28425699923469067,0.0,0.1380191281844453,0.9508757186855635,0.8024795920356984,0.47946372705512663,0.3053949065052653,0.3816891845495394,0.27103983886361793,0.49085381403103195,0.28252616727636315,0.30285405774860846,0.4068984571885003,0.4791408518875795,0.2315640895363566,0.15467807737891984,0.9423452830456075,0.4202457781084599,0.3867964317575099,1.0,0.4749173811121592,0.31467648385735053,0.6955446967983281,0.0,0.38707465048244305,0.9184894081266675
gex_possorted_bam_1WGCZ:CGATTGAGTACCCACCx-M2,0.060414703850760504,1.0,1.0,0.9937300129389173,0.14616438420620745,0.0,1.0,0.8052046050539793,1.0,0.9305301667237604,0.0,1.0,1.0,1.0,0.1552167551977695,1.0,0.20740556101583815,0.07295857497689118,1.0,0.0,0.0,0.0,0.0,0.0,1.0,1.0,1.0,1.0,1.0,1.0,1.0,0.0,0.0,0.8097357059446697,1.0,0.2678276700122038,1.0,0.10882154450757446,0.11454653361761304,1.0,0.18002106270690635,1.0,1.0,1.0,0.05304932604850917,0.5694640129610735,1.0,1.0,1.0,0.5520427042471044,1.0,0.9921578991654268,0.0
gex_possorted_bam_1WGCZ:CGATTCCTCTAGCGATx-M2,1.0,0.8165463607390983,0.21047107518305305,1.0,1.0,1.0,0.5108147328998777,1.0,0.7329684696348713,1.0,0.1317005716037854,0.5158874007283389,1.0,0.47420659834413864,1.0,0.18851189732099535,0.0,0.8744405459419108,1.0,0.596618878648321,1.0,1.0,1.0,1.0,0.9052855939503224,1.0,0.0,1.0,0.8339061177580998,1.0,0.6153230521442246,1.0,1.0,1.0,0.0,1.0,0.0,1.0,1.0,0.02883690746240668,1.0,0.2662082099863065,1.0,0.4775569431461169,1.0,1.0,0.5027646980340882,0.0,1.0,1.0,1.0,1.0,1.0
gex_possorted_bam_1WGCZ:CCTTATGTCTTGATGAx-M2,1.0,1.0,0.893803870986801,1.0,1.0,1.0,0.0,1.0,0.4229638930123055,1.0,0.06806256213233025,1.0,1.0,0.4704328348367949,1.0,0.39872335167368117,0.0,0.08171393584074303,1.0,0.8551759082269245,1.0,1.0,1.0,1.0,0.2232245733833698,1.0,0.0,1.0,1.0,1.0,0.24279198938891985,1.0,1.0,1.0,0.0,1.0,0.0,1.0,1.0,0.0,1.0,0.2708117553132614,0.97685707611197,0.40667606029829956,1.0,1.0,0.4582679049604926,0.0,1.0,1.0,1.0,1.0,0.6103427467433404
gex_possorted_bam_1WGCZ:CGACTAAGTTTCAGGAx-M2,0.09483292855882194,1.0,1.0,0.9631209987477843,0.0,0.2862747885932221,1.0,1.0,1.0,0.7229770896075044,0.4582380491010204,1.0,1.0,1.0,0.1200289052766592,1.0,1.0,1.0,1.0,0.0,0.0,0.0,0.0,0.0,1.0,1.0,1.0,1.0,1.0,0.8613503138107778,1.0,0.11305033336584311,0.0,0.8956396245471815,1.0,0.329178602496874,1.0,0.0741118688385632,0.010338906647809905,1.0,0.16878727279953976,1.0,1.0,1.0,0.1521772503344057,0.5470834936956104,1.0,1.0,1.0,0.4720896527562389,1.0,0.861763127185185,0.0
gex_possorted_bam_1WGCZ:CCTTCGTAGGACCTCAx-M2,0.04737809829284146,1.0,1.0,0.7484963809485347,0.0,0.0,1.0,0.577162267145352,1.0,0.4819869882234496,0.36500570980126107,1.0,1.0,1.0,0.05095439808530992,1.0,0.4349509630572474,0.0,1.0,0.0,0.0,0.0,0.0,0.0,1.0,1.0,1.0,1.0,1.0,0.8524984632227633,1.0,0.0,0.0,0.6238106957423903,1.0,0.12335059423257683,1.0,0.03731040375303469,0.05227002235232524,1.0,0.14098403314349583,1.0,1.0,1.0,0.0,0.46593232862327427,1.0,1.0,0.9193723928849865,0.48193692688445067,1.0,0.7863436091983593,0.0
gex_possorted_bam_1WGCZ:CGATGTCCATCCGTAAx-M2,0.07654787965724015,1.0,1.0,1.0,0.0,0.0,1.0,0.8458601588444231,1.0,0.6027423279840707,0.0,1.0,1.0,1.0,0.12546718461609588,1.0,0.0,0.0,1.0,0.0,0.0,0.0,0.0,0.0,1.0,1.0,1.0,1.0,1.0,0.7771620120701906,1.0,0.15877942346854168,0.0,0.8162735433027414,1.0,0.25278001908759007,1.0,0.0,0.001341043762962478,1.0,0.08095625317906475,1.0,1.0,0.5413248202613625,0.0013056794699149966,0.5182486637850126,1.0,1.0,1.0,0.611863324785596,1.0,0.9658190296980657,0.0
gex_possorted_bam_1WGCZ:CCTGTAACATAAGCAAx-M2,1.0,0.8429038434440679,0.26996236878962876,1.0,1.0,0.6669137927458403,0.18011476258197207,1.0,0.5292433713685956,1.0,0.0,1.0,0.8172185736301539,1.0,1.0,0.11958357778935254,0.0,0.0,0.7828269870303098,0.6491193190719402,1.0,1.0,1.0,1.0,0.22310336416635085,1.0,0.0,0.9286431023390117,0.7922446220830658,1.0,0.2452933807744385,1.0,1.0,1.0,0.0,0.9722709777667746,0.08284270149105696,1.0,1.0,0.9450038358915586,1.0,0.15021225787788864,0.7662112448484965,0.18843443932136889,0.9868338015812352,1.0,0.46384648755605123,0.06539552656357182,1.0,1.0,1.0,0.9928713381840183,0.0
gex_possorted_bam_1WGCZ:CGAAGCCTCTCACTATx-M2,1.0,0.9348561669391697,0.0,0.9121947909633381,0.7145188484322609,1.0,0.4547711055426898,1.0,0.6437527206032019,0.8752893938909224,0.12407079519753723,0.6772866614261841,0.6885121707523568,0.5958314166107338,0.9335377313198583,0.19631345870069972,0.03755740127244099,0.7680373411607173,0.801524708302688,0.1860254616668253,1.0,1.0,0.9601020349882798,1.0,0.75175587397326,0.845516558198498,0.0,0.5368886074098855,0.7018993584558838,0.9235777726390948,0.6949948854681237,0.8112935715089041,0.9709656191706856,1.0,0.0,1.0,0.27058113257061017,0.9107664292161389,0.9585059138268474,0.05951377886999355,1.0,0.3388584284302414,0.4883484204473949,0.026178035690705224,1.0,0.9989140786601881,0.1847402856729733,0.0,0.912463482334373,0.8814800879898833,1.0,0.9640971844808576,0.9145652055757705
gex_possorted_bam_1WGCZ:CCTGTAACAACCCTAAx-M2,1.0,1.0,0.02287713319830265,1.0,1.0,1.0,0.4960172995018106,1.0,0.5247553923456072,1.0,0.047343834007540685,1.0,1.0,0.26002058253911375,1.0,0.23870266926340844,0.0,0.38875125705901636,1.0,1.0,1.0,1.0,1.0,1.0,0.5184519060736196,1.0,0.0,1.0,1.0,1.0,0.9108754872035172,1.0,1.0,1.0,0.0,1.0,0.15092410637213335,1.0,1.0,0.0,1.0,0.26044981173063336,0.9015914888336164,0.6053069425643409,1.0,1.0,0.3168861178975525,0.0,1.0,1.0,1.0,1.0,1.0
gex_possorted_bam_1WGCZ:CGAGGCAAGCTTAACAx-M2,0.06521694943193758,1.0,1.0,1.0,0.0,0.0,1.0,0.8373126437311564,1.0,0.884193750173741,0.0,1.0,1.0,1.0,0.2046738827121931,1.0,0.0,0.0,1.0,0.0,0.0,0.0,0.0,0.0,1.0,1.0,1.0,1.0,1.0,0.5766292489238511,1.0,0.3444652284548479,0.0,1.0,1.0,0.28658598827993176,1.0,0.0,0.04477286716920017,1.0,0.18948626333858407,1.0,1.0,0.17791288107934228,0.0700286145472494,0.5588463684146527,1.0,1.0,1.0,0.6825446354895797,1.0,1.0,0.1086515111152691
gex_possorted_bam_1WGCZ:CGAAGAATCCTCACACx-M2,1.0,1.0,0.0,1.0,1.0,1.0,0.5633091176220366,1.0,0.6496437644658328,1.0,0.27181648967558025,0.937497895300089,1.0,0.40911925866165016,1.0,0.4213721664861516,0.0,0.5265276701790741,1.0,0.9600094737221939,1.0,1.0,1.0,1.0,0.9123041638733124,0.9992420474472712,0.0,1.0,1.0,1.0,1.0,1.0,1.0,1.0,0.0,1.0,0.3506145550973544,1.0,1.0,0.027559967405670797,1.0,0.1913096876890468,0.9954410852050658,0.6170741975653683,1.0,1.0,0.38754281620789555,0.009945945976601766,1.0,1.0,1.0,1.0,0.8394400928224102
gex_possorted_bam_1WGCZ:CGAGCGAAGCTATGACx-M2,1.0,0.7895316369609511,0.6636940342569188,1.0,1.0,1.0,0.23212429133679136,0.9921874927201987,0.744352617425139,1.0,0.0,0.9602087721461776,0.8938301327627998,0.3763614952121101,1.0,0.3087876534278022,0.0,0.1393175615749599,0.6018899683358967,0.7479434889746372,1.0,1.0,1.0,1.0,0.7378255836574553,1.0,0.0,1.0,1.0,1.0,0.31870476958783417,1.0,1.0,1.0,0.0,1.0,0.0,1.0,1.0,0.05344115377623491,1.0,0.0,1.0,0.30877987888990927,1.0,1.0,0.2908291016077438,0.0,1.0,1.0,0.6177306295617576,1.0,1.0
gex_possorted_bam_1WGCZ:CGACCTGCAAATACCTx-M2,1.0,0.5386412073921215,0.25297719507080585,0.9814856897465472,1.0,1.0,0.30334904329024753,0.970269518108797,0.7115102571681411,1.0,0.0,1.0,0.7940856061901312,0.4035891776948184,1.0,0.16588757905052048,0.0,0.0,0.622770644348783,0.6192582093695269,1.0,1.0,1.0,0.9628442170657193,0.7412670326616863,0.9472521401074873,0.0,0.8007505813985354,0.38262138678877794,1.0,0.38787519938379,1.0,0.9969563381031895,1.0,0.0,1.0,0.2112251220112525,0.9892851288269049,0.9807443290016216,0.005463012446919445,1.0,0.05908141189464966,0.9076564241080646,0.38130885637888595,1.0,0.9917005035217079,0.704900297410775,0.06508970730434525,0.868413267787053,1.0,0.9491660939630631,1.0,0.5735908744911487
gex_possorted_bam_1WGCZ:CGATATTCATCTTGAGx-M2,1.0,1.0,0.28379493376215037,1.0,1.0,1.0,0.3973781614194286,1.0,0.8244200700677642,1.0,0.03158179598710161,1.0,1.0,0.3104341049492704,1.0,0.26229703381845265,0.0,0.31329014322632825,1.0,1.0,1.0,1.0,1.0,1.0,0.5839481477435479,1.0,0.0,1.0,1.0,1.0,0.9668336078826435,1.0,1.0,1.0,0.0,1.0,0.307177073817515,1.0,1.0,0.0,1.0,0.2741697891886232,0.9580868514164215,0.3987906383499923,1.0,1.0,0.7494706731411318,0.0030321595555186077,1.0,1.0,1.0,1.0,1.0
gex_possorted_bam_1WGCZ:CGATGTCCACAATTACx-M2,1.0,1.0,0.0,0.9158600298306169,0.5655361487081306,0.8616569579173681,1.0,1.0,1.0,1.0,0.0,1.0,0.8944677142701791,0.869533147544956,0.9797486198749856,0.4699970473168612,0.0,0.0,0.5668677856114688,0.18707119109602383,1.0,0.9102262606312459,0.9215949260309961,0.9938108939727661,0.8200433338539793,0.8437450646702741,0.0,0.9367001762161553,0.9478584546483919,0.701540325394741,0.7174191075920656,0.7163510969612102,0.9958148845439693,1.0,0.05314165084374534,1.0,0.6907792591756197,1.0,1.0,0.18751923874719884,1.0,0.5362423380364396,0.658891422377083,0.17731350326226294,1.0,1.0,0.24093199601378648,0.0,0.9041576227589356,1.0,0.997433723453831,1.0,0.5177351208774246
gex_possorted_bam_1WGCZ:CGATGTCCAAGCCACTx-M2,1.0,0.854756125377089,1.0,1.0,1.0,0.3438140780363415,0.0,1.0,0.6432965044076909,1.0,0.0,1.0,1.0,0.4581633283130472,1.0,0.0,0.0,0.0,0.3543629552185842,0.44566335927277045,0.8462350979490194,0.7417295207060074,1.0,1.0,0.1588465468299959,1.0,0.0,0.8861384930306443,0.780153921643974,1.0,0.0,1.0,1.0,1.0,0.0,0.9643539041116285,0.21157600664334025,1.0,1.0,0.0,1.0,0.0,0.9378284290075437,0.29372232726805725,0.8174270683220778,1.0,0.9371808630525644,0.0,1.0,1.0,1.0,0.9304552575500692,0.0
gex_possorted_bam_1WGCZ:CCTTGCGTCATTAGCAx-M2,0.02989824048432276,1.0,1.0,0.9639384083477606,0.0,1.0,1.0,0.5561383498777962,1.0,0.5035129875848129,1.0,1.0,1.0,1.0,0.17652992533040612,1.0,1.0,1.0,1.0,0.0,0.0,0.0,0.0,0.0,1.0,1.0,1.0,1.0,1.0,1.0,1.0,0.0,0.0,0.5913122978139846,1.0,0.18577523156451167,1.0,0.15691996087777657,0.08464305755893275,1.0,0.026328359909061565,1.0,1.0,1.0,0.04064262420921882,0.5698255825810887,1.0,1.0,1.0,0.27887622196295,1.0,0.9507493053831265,0.0
gex_possorted_bam_1WGCZ:CCTTAGTGTTTGCGAAx-M2,0.0,1.0,1.0,0.9818190983402827,0.9527390737729666,0.0,1.0,1.0,1.0,1.0,0.0,1.0,1.0,1.0,0.06276734358089246,1.0,0.0,0.0,1.0,0.0,0.0,0.0,0.060261113196828905,0.0,1.0,1.0,1.0,1.0,1.0,0.30084102681250047,1.0,0.22906640192708724,0.0,0.915137661602188,1.0,0.2572770568758068,1.0,0.03432593478716212,0.28550916857341085,1.0,1.0,1.0,1.0,1.0,0.0,0.7085399115867909,1.0,1.0,1.0,1.0,1.0,0.8750522184164229,0.8292177209888892
gex_possorted_bam_1WGCZ:CGAAGCGAGGCGAAACx-M2,0.058128485295166225,1.0,1.0,0.8548329809843245,0.0,1.0,1.0,0.5930008016138499,1.0,0.4595882947170348,1.0,1.0,1.0,1.0,0.2393629838439134,1.0,1.0,1.0,1.0,0.0,0.0,0.0,0.0,0.0,1.0,1.0,1.0,1.0,1.0,1.0,1.0,0.16079853821881732,0.0,0.7203803466358247,1.0,0.26405364143459004,1.0,0.13085270458563036,0.0697721716190267,1.0,0.09328884419878909,1.0,1.0,1.0,0.1951528716000787,0.5454911499070982,1.0,1.0,0.989921169649192,0.32256796999129406,1.0,0.9117388805119591,0.0
gex_possorted_bam_1WGCZ:CGACAAGCAATTTGGTx-M2,1.0,0.5744875165325403,0.5130394076426732,1.0,1.0,0.8566836018090986,0.10144645265721482,1.0,0.4620877336167873,1.0,0.0,1.0,0.8072426513143207,0.40030066414638704,1.0,0.037718533759153426,0.0,0.0,0.4490795343671802,0.5878644496636461,0.9626861123828929,0.990830694133856,1.0,1.0,0.46782614680303164,1.0,0.0,0.8282645039589362,0.39285052154607264,1.0,0.0,1.0,1.0,1.0,0.0,1.0,0.029351262709884512,0.9928216735462727,1.0,0.0,1.0,0.015944463386792,1.0,0.5877327918651963,1.0,1.0,0.7042304062050166,0.0039049161278899916,0.9394182755029148,1.0,0.8694389690807961,0.9468225516653591,0.31146439816553634
gex_possorted_bam_1WGCZ:CGATGTCCAGGGAGGAx-M2,1.0,1.0,0.3459114949876542,0.9957803468953151,0.9355506426994357,1.0,0.8450317210438437,1.0,0.245628380689905,0.9353750291218976,0.2802099441210057,1.0,1.0,1.0,0.9961597424319837,0.16738631440240412,0.20455809269962374,0.48315934343841843,1.0,0.9965727283393553,1.0,1.0,1.0,1.0,0.6686776482139457,0.9663656218766805,0.019455336885413694,0.8345351046274451,0.9684451610666671,0.9068520325058614,0.9233525252405665,1.0,1.0,1.0,0.0,1.0,0.20195982625720982,1.0,1.0,1.0,1.0,0.0,0.7655296464062389,0.3784785192445996,1.0,1.0,0.5266505528270886,0.0,0.857344582714765,1.0,0.9892288759487583,1.0,0.8545067553555618
gex_possorted_bam_1WGCZ:CCTTAGTGTATTACCCx-M2,0.0,0.9508457846238787,1.0,0.5570448698793478,0.0,0.0,1.0,0.4138974413837151,1.0,0.33869592185832853,0.6749167569722327,1.0,1.0,1.0,0.0,1.0,0.7283285689364761,0.00978863825685379,1.0,0.0,0.0,0.0,0.0,0.0,1.0,0.8676241010688331,1.0,1.0,1.0,0.5386415894621502,1.0,0.0,0.0,0.4337388569492409,1.0,0.016029533502998974,1.0,0.0,0.0,1.0,0.08699405184847335,1.0,1.0,1.0,0.0,0.3131086156754159,1.0,1.0,0.7285327241155368,0.35751327643651654,1.0,0.5683811011865382,0.0
gex_possorted_bam_1WGCZ:CCTTGTTCAGGACCAAx-M2,1.0,0.9792656950768389,0.0,1.0,1.0,1.0,0.32588006570908906,1.0,0.3298526001045408,0.9840952289348798,0.4149785425594918,0.6335204976421965,0.9036905829511442,0.31129534293557237,1.0,0.5157778460649836,0.05941294631789092,0.9297030943061433,1.0,0.538019237397348,1.0,1.0,1.0,1.0,0.492845308692609,0.9537187062117581,0.0,0.9193878207518581,1.0,1.0,0.5999630626022293,1.0,1.0,1.0,0.0,1.0,0.13320979910824135,1.0,1.0,0.0,1.0,0.10696947230842534,0.6355940323400915,0.0,1.0,1.0,0.14397891486574566,0.0,0.8850717342777599,1.0,0.8160972966051881,1.0,0.9562899312114196
gex_possorted_bam_1WGCZ:CCTTTAGTCACGAATCx-M2,1.0,1.0,0.17592328971614624,0.9736087398594485,1.0,1.0,0.1721269254119429,0.9090155977275928,0.581493043900036,1.0,0.26896561379907286,0.6864326426734185,0.8071310216706332,0.26211682699032024,0.9496895314391116,0.0,0.028602933258085262,0.38241026394966354,0.9384401792046307,0.7676557846457909,1.0,1.0,1.0,1.0,0.2605549108076003,0.8867972457092841,0.0,0.8500583721823465,0.9078647260346948,1.0,0.8160308691582244,1.0,1.0,0.9384835378090199,0.0,1.0,0.11168121962914389,1.0,1.0,0.0,1.0,0.2504136335230694,0.5436160365582462,0.3292134800612159,1.0,1.0,0.0,0.11111828241265005,0.9101211751300577,1.0,0.9861144375797449,1.0,1.0
gex_possorted_bam_1WGCZ:CGAATCTAGGCGCACTx-M2,0.0,1.0,1.0,0.6027786104638311,0.0,0.26122579875708646,1.0,0.22842290154783323,1.0,0.5836191363795036,1.0,1.0,1.0,1.0,0.08459656489047311,1.0,1.0,1.0,1.0,0.0,0.0,0.0,0.0,0.0,1.0,0.8204985176550139,1.0,1.0,1.0,0.9943306340796264,1.0,0.0,0.0,0.45968820367007995,1.0,0.0,1.0,0.06295836410988415,0.01381802104211941,1.0,0.021381425655587927,1.0,1.0,1.0,0.0,0.3781975146843418,1.0,1.0,0.812002317864694,0.11922721860357528,1.0,0.6400714503467552,0.0
gex_possorted_bam_1WGCZ:CGATTATCAAACTGTTx-M2,1.0,0.5402566198351796,0.14082779294151015,1.0,1.0,1.0,0.38401578080280974,1.0,0.6626711035676001,0.8694106309008146,0.10399011492807367,0.7294679461478639,0.6820164775029826,0.20803296674059998,1.0,0.07505184261697377,0.0,0.4855356007638414,1.0,0.3505459892572979,1.0,1.0,1.0,1.0,0.6205891103212502,0.8667135783778009,0.0,0.9157232079866201,0.8485027071287722,1.0,0.18647133099365062,0.9659282790583895,1.0,0.9901246292352587,0.0,1.0,0.05887142515011771,1.0,1.0,0.0,1.0,0.1709753983034283,0.6663817482239758,0.0,1.0,1.0,0.21279791195093592,0.0,0.8748367908970183,0.919901201661609,1.0,1.0,0.7894096386317101
gex_possorted_bam_1WGCZ:CGACAAGCAGCAAGATx-M2,1.0,1.0,1.0,1.0,1.0,1.0,0.0,0.9896603587704131,1.0,1.0,0.0,1.0,1.0,0.43447853204971465,1.0,0.2755554935505947,0.0,0.0,0.3800353301137823,0.6888943636626198,0.7629005698004317,1.0,1.0,0.8774341354569777,0.9317443711018197,1.0,0.0,1.0,0.945418675120157,1.0,0.06226634934645817,1.0,1.0,1.0,0.0,1.0,0.0,1.0,1.0,0.0,1.0,0.0,1.0,0.9158422792772303,1.0,1.0,1.0,0.0,1.0,1.0,1.0,1.0,1.0
gex_possorted_bam_1WGCZ:CGACTAAGTCAACAATx-M2,0.06181399485244076,1.0,1.0,1.0,0.0,0.0,1.0,0.7549951543990838,1.0,1.0,0.04069154498701826,1.0,1.0,1.0,0.22952825270305355,1.0,0.5786993595586554,0.19024155323323344,1.0,0.0,0.0,0.0,0.0,0.0,1.0,1.0,1.0,1.0,1.0,1.0,1.0,0.0,0.0,0.8598395385050727,1.0,0.3197929438798325,1.0,0.12376537804571985,0.12836762512009317,1.0,0.3651172890755777,1.0,1.0,1.0,0.13544450928835472,0.5045916616304843,1.0,1.0,1.0,0.5379293382538505,1.0,1.0,0.0
gex_possorted_bam_1WGCZ:CGAGGAAGTCCTAAGAx-M2,1.0,0.7775367385038638,0.4762082219587074,1.0,1.0,0.1851503511585435,0.0759125643667836,1.0,0.28618664959157797,1.0,0.0,0.8365066532478889,0.7499413371657581,0.13403589840022329,1.0,0.004902513083708111,0.0,0.0,0.36533986805078367,0.4604862088938579,0.9232541875276812,0.7700424367689405,1.0,1.0,0.3738460825025514,1.0,0.0,0.7108322536685647,0.8175476484524428,1.0,0.0,1.0,1.0,1.0,0.0,0.9217434649748071,0.21919855304585187,1.0,1.0,0.0,1.0,0.0,0.5706688890022401,0.2641782814236002,0.9162278500588924,1.0,0.7732217365897626,0.0,0.9465099508384428,1.0,0.978783429371666,0.8111810691457721,0.0
gex_possorted_bam_1WGCZ:CGAGCGAAGTTATTCCx-M2,1.0,0.8718585501440695,1.0,1.0,1.0,1.0,0.7223199312750792,1.0,0.7903646091917172,1.0,0.0,0.9667492268710611,0.919365552817636,1.0,1.0,0.6765808993690784,0.0,0.0,0.7482137957285262,0.6578899352148814,1.0,1.0,1.0,1.0,1.0,1.0,0.0,1.0,0.8728834881946106,1.0,0.6074002703580244,1.0,1.0,1.0,0.0,1.0,0.1628919872231655,1.0,1.0,0.36382769711178803,1.0,0.41207653516313947,1.0,0.5589342380811031,1.0,1.0,0.6174309037259224,0.0,1.0,1.0,1.0,1.0,1.0
gex_possorted_bam_1WGCZ:CGAATATGTGCTAGCGx-M2,1.0,1.0,0.0,1.0,1.0,1.0,0.39293484347944946,1.0,0.2820913404144053,1.0,0.7113101864631682,0.4670199167228344,0.8423285977926215,0.13824844282713405,1.0,0.14629193940717694,0.2837711704167628,1.0,1.0,0.873926895290094,1.0,1.0,1.0,1.0,0.723477832316531,0.9468630823205657,0.0,1.0,1.0,1.0,1.0,1.0,1.0,1.0,0.0,1.0,0.15948392355527374,1.0,1.0,0.0,1.0,0.13956655357722916,0.6023204158239958,0.43346544509077656,1.0,1.0,0.0,0.037916691360089516,1.0,1.0,1.0,1.0,1.0
gex_possorted_bam_1WGCZ:CGAGGAAGTCATTAGGx-M2,1.0,0.9923935408777154,0.0,1.0,1.0,1.0,0.0,1.0,0.20817933586464726,0.8313546922794953,0.15220387642014463,0.9021191691102373,0.7522276003894401,0.38663867815056735,1.0,0.05807032796284775,0.0,0.4566508069687121,0.9158140377862741,0.3602860627034005,1.0,1.0,1.0,1.0,0.40592126899328446,0.9640748469519983,0.0,0.8095546921521247,0.7885209951597675,1.0,0.15038518030518291,0.9996611556151226,1.0,0.9725857575174295,0.0,1.0,0.0,1.0,1.0,0.0,1.0,0.0,0.7601670429787232,0.05714178291883953,1.0,1.0,0.4068250237298155,0.0,0.8435789108681951,1.0,0.7235585058111974,0.9901455115265884,0.6838805866506544
gex_possorted_bam_1WGCZ:CCTTATGTCGGTTTGGx-M2,1.0,1.0,0.0,1.0,0.5650540787320147,0.9256534707449164,0.6801004098012177,1.0,0.8675997263152717,1.0,0.0,0.9618960962698093,0.5813108249678565,0.3624755735450466,1.0,0.0,0.0,0.0,0.6406878538258852,0.6605937587645669,1.0,1.0,1.0,1.0,0.8199848649999454,0.9271956977723181,0.0,0.6247490678005589,0.8606928324937795,1.0,0.8061723351538601,1.0,1.0,1.0,0.0,1.0,0.292008219103944,1.0,1.0,0.21409678733384765,1.0,0.5626374592083652,0.9749917875617117,0.09166522458100387,1.0,1.0,0.28726074308911703,0.0,1.0,0.9958104688709901,1.0,1.0,0.22321706419894605
gex_possorted_bam_1WGCZ:CGAACCGGTTTGCGCCx-M2,0.06120350720808047,1.0,1.0,0.995432888738416,0.008785617308495858,0.7226920605558274,1.0,0.8269564831697274,1.0,0.6073073369780958,1.0,1.0,1.0,1.0,0.12497918521354745,1.0,1.0,1.0,1.0,0.0,0.0,0.0,0.0,0.0,1.0,1.0,1.0,1.0,1.0,1.0,1.0,0.05495791689342099,0.0,0.7824872507349198,1.0,0.25697558557414507,1.0,0.08754772281303395,0.04997499463543104,1.0,0.21277753421249843,1.0,1.0,1.0,0.12349191727823867,0.5295394973309238,1.0,1.0,1.0,0.6130871423759141,1.0,0.9515696029436912,0.0
gex_possorted_bam_1WGCZ:CGAGGCAAGTTATCCTx-M2,1.0,0.6388070334194318,0.0,1.0,1.0,1.0,0.0,0.8485532130601586,0.0,1.0,0.26677200105992027,0.18592341658653755,0.717488161781315,0.09784301622559931,0.7808536777056911,0.4645589827783892,0.0,0.42951945446302775,0.7057143031650345,0.5389642231768028,1.0,1.0,1.0,1.0,0.3491575573813928,1.0,0.26966075213145413,1.0,0.730252102715032,1.0,0.36911870672838726,0.7670007127850103,1.0,0.7951094039228663,0.09343465760335956,1.0,0.12538032074321623,1.0,0.9057126203877767,0.0,1.0,0.2652988275041983,0.3996251241198062,0.0,1.0,0.9072320058878866,0.0,0.33099380965499764,0.9010306527986216,1.0,0.594471198410753,1.0,0.5826023336862978
gex_possorted_bam_1WGCZ:CGATATTCATAGGCGAx-M2,1.0,1.0,1.0,1.0,1.0,1.0,1.0,1.0,1.0,1.0,0.0,1.0,1.0,1.0,1.0,0.7325515548922947,0.0,0.0,0.3877080370118061,0.5744349930003445,0.832724613319662,0.7995818855017757,1.0,0.9142833667561575,1.0,1.0,0.0,1.0,0.763116153006253,1.0,0.7307789031776806,1.0,1.0,1.0,0.0,1.0,0.2729781339304326,1.0,1.0,0.45095749479433106,1.0,0.5391585067652583,0.9750342724419238,0.4485348775992704,1.0,1.0,0.6541556158731288,0.0,1.0,1.0,0.9700666668245204,1.0,0.3877213674899465
gex_possorted_bam_1WGCZ:CGATATTCATTGACATx-M2,1.0,0.67857444085337,0.24877954353010517,1.0,1.0,1.0,0.02915590476779651,1.0,0.4391001669782771,1.0,0.0,0.6450773917928598,0.7226791488047619,0.4451500518750555,1.0,0.0,0.0,0.0,0.6145875296493002,0.3976620330728848,1.0,1.0,1.0,1.0,0.3449351089768962,1.0,0.0,0.7530598396485669,0.6072630129209647,1.0,0.31630832875216836,1.0,1.0,1.0,0.0,1.0,0.0,1.0,1.0,0.0,1.0,0.08457255249341719,0.8400710981533608,0.35582758303370243,1.0,1.0,0.6751712405688973,0.05258603844143242,0.9844751853566075,1.0,0.98069721174245,1.0,0.42723032174751124
gex_possorted_bam_1WGCZ:CGATCCTTCTTGAGCGx-M2,0.059240659284044594,1.0,1.0,0.9774173959800634,0.0,1.0,1.0,0.8867110632613199,1.0,0.5645454342031787,1.0,1.0,1.0,1.0,0.10918833594323261,1.0,1.0,1.0,1.0,0.0,0.0,0.0,0.0,0.0,1.0,1.0,1.0,1.0,1.0,1.0,0.9935356848905509,0.00676079508061835,0.0,0.7425756433058953,1.0,0.2870792788076679,1.0,0.08910774984782549,0.0,1.0,0.06705517252878893,1.0,1.0,1.0,0.13562241911390613,0.5284778089771287,1.0,1.0,1.0,0.3973594171640229,1.0,0.901755685468579,0.0
gex_possorted_bam_1WGCZ:CGAAGCCTCTAAGTGCx-M2,1.0,1.0,0.16763396007302606,1.0,0.5998607251135578,0.9566753405575013,1.0,1.0,0.8671570870263327,1.0,0.0,1.0,1.0,0.5083139889413609,1.0,0.5173991144622051,0.0,0.0,0.6504366664902462,0.955902565270302,1.0,1.0,0.9291710270005422,1.0,1.0,0.8703917265250538,0.0,1.0,1.0,0.9285681795935045,1.0,1.0,1.0,1.0,0.0,1.0,0.5857736315101592,1.0,1.0,0.6429624480886498,0.9627558352197774,0.37358902528000765,0.8706366135454696,1.0,1.0,1.0,0.4980121385361927,0.0,0.9867612803275935,1.0,0.9549565618668588,1.0,0.7994683769176836
gex_possorted_bam_1WGCZ:CGAAATGAGTCATTTCx-M2,1.0,0.8420113113031916,1.0,1.0,1.0,0.41308291056324903,0.0,1.0,0.7605737109056594,1.0,0.0,0.9819057000138935,0.8868332259263966,0.2777672811002307,1.0,0.0,0.0,0.0,0.04306281112812596,0.1673751165007022,0.6560057168837318,0.6530890993386402,1.0,0.9478691215142228,0.5871209792676828,1.0,0.05878223317244708,0.7096192096403661,0.4016658592434161,1.0,0.0,1.0,1.0,1.0,0.0,0.9260971413378432,0.0,1.0,1.0,0.0,1.0,0.25509623564994127,0.8725403603751578,0.01861833083248852,0.9578039487372114,1.0,0.7490402849608635,0.0,1.0,1.0,0.678524784614972,0.8981570658167092,0.0
gex_possorted_bam_1WGCZ:CCTTTAGTCCTTCGTAx-M2,1.0,1.0,0.9802161767000551,1.0,1.0,0.7431048698123841,0.46596712132573,1.0,0.52676311958173,1.0,0.0,0.8417420258379383,1.0,0.5883736442581502,1.0,0.0,0.0,0.0,0.8176132300340468,0.13274607042761247,0.9770417252100575,0.5098997779557694,1.0,1.0,0.8121328426455513,1.0,0.0,1.0,0.7463157661608718,0.8564970491422746,0.3116925111735513,1.0,1.0,1.0,0.12226299339892344,0.7604053210296157,0.8722384969063317,1.0,1.0,0.1213769522375302,1.0,0.48727450113989923,0.5593549683137193,0.20656664818009324,0.7123197901631836,1.0,1.0,0.2795179102218813,1.0,1.0,1.0,0.884734091173528,0.0
gex_possorted_bam_1WGCZ:CGATTTGCAATTGCGCx-M2,0.7176035529394079,0.6856219605639219,0.27451181011171716,0.5574146182911993,0.8025360648215146,0.7642014472934859,0.3933798068734881,0.7721093716345978,0.43851268057366105,0.8198960363163246,0.0,0.46199924606832915,0.5145684036964541,0.0544580001269245,0.7773626353304891,0.09785271216357734,0.194779836189986,0.2214283863031033,0.1927722237348538,1.0,1.0,0.9105670433505514,0.7588977114107691,1.0,0.1732924192639947,0.554546664183658,0.028854851054430645,0.6659912616261974,0.44791448158526487,0.6054265438420953,0.48809537454853874,0.6459894473728063,0.7738744578939585,0.5330655847093052,0.16822635119827817,0.726106019422428,0.25684651681766235,0.6592060767460519,0.7065053538637592,0.2130945597909096,1.0,0.3119891590565861,0.35504831059493835,0.4819936278104242,0.730736265633415,0.6728152144763538,0.3163174308985702,0.0,0.625270819170765,0.7857299502733327,0.3925017056016511,0.5041450760601678,0.9034769598752435
gex_possorted_bam_1WGCZ:CCTGTATGTTAAGCTGx-M2,1.0,0.8349073317960439,0.0,0.9662037822541129,1.0,1.0,0.4902883220003596,1.0,0.6527054292008833,0.9959044956539173,0.09817137631537413,0.6120247893205232,0.7714978908610076,0.5366282687762551,1.0,0.11210589089604511,0.0,0.6853543129112559,0.8472054256822472,0.3366569665365251,1.0,1.0,1.0,1.0,0.5651710888459999,0.8831569056855253,0.0,0.8515886806270737,0.7723020215638268,0.9463847415951171,0.3879785288489159,1.0,1.0,1.0,0.0,1.0,0.09366866832011916,1.0,1.0,0.0,1.0,0.36648677148161507,0.7979382028898283,0.2506972201470777,1.0,0.9740349149146402,0.46094244134213946,0.043419941421938946,0.8292515553053499,1.0,0.6915934802614612,0.9915049527361095,0.7114457368385421
gex_possorted_bam_1WGCZ:CCTGTATGTAAAGCGGx-M2,1.0,0.9700534220960697,0.0,1.0,1.0,1.0,0.29862675701245606,1.0,0.6940970630885593,1.0,0.5791550084904648,0.5856057973124009,0.82991734583867,0.23756175537470833,1.0,0.5195715886112328,0.2406634559746839,1.0,1.0,0.6465477740287779,1.0,1.0,1.0,1.0,0.7208762773440193,1.0,0.0,0.9491700383949914,1.0,1.0,0.9612257148672846,1.0,1.0,1.0,0.0,1.0,0.1894642767939107,1.0,1.0,0.0,0.9567553864711974,0.12699808151524633,0.7073866601287377,0.3895094317593783,1.0,1.0,0.0645778237073094,0.0,0.9763179938643898,1.0,0.7973609871550136,1.0,1.0
gex_possorted_bam_1WGCZ:CCTTGTTCAGCCAGTTx-M2,0.0659135495317376,1.0,1.0,1.0,0.3132850975966767,0.0,1.0,0.7651000114031632,1.0,0.9054624932997243,0.0,1.0,1.0,1.0,0.1298026441974293,1.0,0.0,0.0,1.0,0.0,0.0,0.0,0.0,0.0,1.0,1.0,1.0,1.0,1.0,0.9771798126604979,1.0,0.0,0.0,1.0,1.0,0.342167878967187,1.0,0.019926016171932126,0.14224036903798437,1.0,0.23435102792151766,1.0,1.0,0.95807558987356,0.08736554207371601,0.5805983369612425,1.0,1.0,1.0,0.836565532072908,1.0,1.0,0.6245439469320067
gex_possorted_bam_1WGCZ:CGACAAGCATCAGTATx-M2,1.0,1.0,0.309738945135202,1.0,1.0,1.0,0.7057373032796024,1.0,1.0,1.0,0.0,1.0,1.0,0.4713083628264427,1.0,0.0,0.0,0.0,0.8533604866982066,0.48432635711376953,1.0,1.0,1.0,1.0,0.6545574955059076,1.0,0.0,1.0,0.7251735547022528,1.0,0.6343866997804395,1.0,1.0,1.0,0.0,1.0,0.02389613525722147,1.0,1.0,0.0,1.0,0.5579706317561867,1.0,0.5663446324792485,1.0,1.0,0.6061246519199445,0.05359243914597478,1.0,1.0,1.0,1.0,0.501002051241626
gex_possorted_bam_1WGCZ:CGATTGAGTTTGCTGTx-M2,0.9454981359933372,0.9783957761952525,1.0,1.0,0.6458019804204751,0.6637790740772075,1.0,1.0,1.0,1.0,0.0,1.0,1.0,0.9862405864238196,0.8582744128319324,0.580320579884384,0.0,0.0,0.7746761669475422,0.8926607879001129,0.7674886289034897,0.7423846693818809,0.7462136357252411,1.0,1.0,1.0,0.10799278032088208,1.0,1.0,0.963020257851667,0.994072039065317,1.0,0.934516923470521,1.0,0.13162313435562698,1.0,1.0,1.0,1.0,0.7103000652260361,1.0,1.0,0.9388490319947306,1.0,0.9555291580325852,1.0,0.25244010577365894,0.4715117531605693,1.0,1.0,1.0,1.0,1.0
gex_possorted_bam_1WGCZ:CGATGTCCACGGTTTAx-M2,1.0,0.9320381859777528,0.0,1.0,1.0,1.0,0.15430993884969607,0.939060008604195,0.44513269988146825,1.0,0.4688640807766687,0.7241876990583059,0.8652584478794042,0.39603877676237864,1.0,0.21618199988894535,0.24403739437068153,1.0,1.0,0.4537044085758867,1.0,1.0,1.0,1.0,0.7171025296659579,0.9369496231677906,0.0,0.8857277572791705,0.7881294508292733,1.0,0.6224210835093696,1.0,1.0,1.0,0.0,1.0,0.0622285845022883,1.0,1.0,0.0,1.0,0.30742725153376393,0.6803858350214605,0.030901721251459003,1.0,1.0,0.16072250253238743,0.23843697741886918,0.9583773344112323,1.0,0.7634302848346195,1.0,0.9396090334863192
gex_possorted_bam_1WGCZ:CCTTACTCACGTAATTx-M2,1.0,0.7865711128270969,0.5530565259096538,1.0,1.0,0.8890448778854441,0.13031846757888627,1.0,0.5976921893872105,1.0,0.0,1.0,0.8124075862975955,0.19764569064517756,1.0,0.03991419573080973,0.0,0.0,0.5912106187637459,0.613254630639485,1.0,1.0,1.0,1.0,0.3975201311152172,1.0,0.0,1.0,0.9594621590027376,1.0,0.0,1.0,1.0,1.0,0.0,1.0,0.0,1.0,1.0,0.0,1.0,0.2350799160152652,1.0,0.26494506351626607,1.0,1.0,0.5585943484637579,0.0,1.0,1.0,1.0,1.0,0.306564150005263
gex_possorted_bam_1WGCZ:CGAATCTAGCGAGTAAx-M2,1.0,0.7924417894834032,0.0,0.9494250807044289,0.9614040434432984,1.0,0.7789403780515459,1.0,0.8387716154796406,0.8597570636760843,0.03365385912527423,0.6377448126889296,0.9474777425095586,0.0638973608766414,1.0,0.0,0.0,0.15856739571776363,1.0,0.8394391752341982,1.0,1.0,1.0,1.0,0.9148586223693189,0.9530956196812325,0.0,0.9347848488671163,1.0,1.0,0.8242826084628706,0.9790025360877571,1.0,0.9949931245629889,0.0,1.0,0.18537788352350104,1.0,1.0,0.0,1.0,0.0,0.6776555386474582,0.48578781349614547,1.0,1.0,0.05239431662868932,0.0,0.8249555094024263,1.0,0.8509076013713673,1.0,0.6264879335957506
gex_possorted_bam_1WGCZ:CGAAGCCTCACTAATGx-M2,1.0,1.0,1.0,1.0,1.0,0.9751134638797107,0.0,1.0,1.0,1.0,0.0,1.0,1.0,0.5190096850471149,1.0,0.24692994195255216,0.0,0.0,0.0,0.4477124042151656,0.33340594993195516,0.8197141803039659,1.0,0.5558171385598756,1.0,1.0,0.0,1.0,0.7595787435093437,1.0,0.0,1.0,1.0,1.0,0.0,1.0,0.0,1.0,1.0,0.0,1.0,0.0,1.0,1.0,1.0,1.0,1.0,0.0,1.0,1.0,1.0,1.0,1.0
gex_possorted_bam_1WGCZ:CGAAGGCCATTGTGGCx-M2,0.09692217073691584,1.0,1.0,1.0,0.1456837900914157,0.0,1.0,0.9728923668163565,1.0,0.8797420186166941,0.0,1.0,1.0,1.0,0.2676906054294598,1.0,0.0,0.0,1.0,0.0,0.0,0.0,0.0,0.0,1.0,1.0,1.0,1.0,1.0,0.46160563168418367,1.0,0.7883533842215023,0.0,0.9588608756149345,1.0,0.27643840313873047,1.0,0.0,0.0,1.0,0.10152799777002643,1.0,1.0,0.7074326085568042,0.027100116232136054,0.46830493711508425,1.0,1.0,1.0,0.609968862489851,1.0,0.9881225195092737,0.6844200774339066
gex_possorted_bam_1WGCZ:CCTGTATGTGTGAGGAx-M2,0.6124601963151898,0.32290950451320527,0.0,0.45285105594067737,0.7878944873841155,1.0,0.0,0.43854003955938303,0.0,0.4023081024499624,1.0,0.029569710061521665,0.14307108284047212,0.2796791084599908,0.5438028931355895,0.19873984118535631,0.8568593874837861,1.0,0.640624570599017,0.42592571022119985,0.9729174605775375,1.0,0.5879421759620743,1.0,0.0,0.2852296158648033,0.06093367179929386,0.45547185606023055,0.342010503768729,0.5777483202592807,0.33875164486614645,0.6734941690356322,0.5122263430315372,0.4794269951549275,0.18764535062068832,0.6847751112687819,0.0,0.4689669880720347,0.4904213746882113,0.0,0.0,0.26805430549156145,0.0,0.0,0.6839280617496647,0.4972318128121856,0.0,0.34623199762504153,0.35481303419902177,0.381706861074207,0.38534218457679825,0.5801615002218296,1.0
gex_possorted_bam_1WGCZ:CGAGTCGGTTGTTGGAx-M2,0.8376366153661325,1.0,1.0,1.0,1.0,0.8828059667277307,1.0,1.0,1.0,1.0,0.0,0.376198198162452,1.0,0.9292514782970881,0.9358172746487304,0.04908907352307124,0.0,0.0,0.5686156367302481,0.9080279974931097,0.582189424605127,0.5839931512026207,1.0,0.31062096960482094,1.0,1.0,0.4833515938168495,0.8300922303979642,1.0,0.5293826581361872,0.0,1.0,1.0,1.0,0.2316763623702721,1.0,0.0,1.0,1.0,0.2065960268030465,1.0,0.12315685651417345,0.946858051893735,1.0,0.6984077733699209,1.0,1.0,0.0,1.0,1.0,0.619526397313771,0.9817522462405072,0.8128904278002179
gex_possorted_bam_1WGCZ:CCTTCAATCATGCAACx-M2,0.11143714257026852,1.0,1.0,0.8963914599279175,0.0,0.0,1.0,0.968968876810007,1.0,0.7095643748705006,0.03517448528710216,1.0,1.0,1.0,0.123183435417736,1.0,0.5787280773001187,0.9842111027958396,1.0,0.0,0.0,0.0,0.0,0.0,1.0,1.0,1.0,1.0,1.0,0.8831125757395621,1.0,0.1776340167068509,0.0,0.8159593291098747,1.0,0.24055876371588816,1.0,0.07376689633720257,0.0,1.0,0.0,1.0,1.0,1.0,0.31062463969869547,0.5077664983756328,1.0,1.0,1.0,0.522258354052074,1.0,0.930429285597111,0.0
gex_possorted_bam_1WGCZ:CGATATTCACTTACAGx-M2,1.0,0.7421244373288242,0.0,0.9029464619268655,0.9600769489407219,1.0,0.45263378809598004,1.0,0.4866237102983137,0.7784672981954488,0.3636370295225238,0.42329028235599075,0.8308255113958216,0.4862704207850745,0.8400199909196843,0.36242497976903815,0.1052101908327823,1.0,0.9474982982370551,0.41460763898618835,1.0,1.0,0.9365004274917162,1.0,0.6083784319923677,0.7801487440427592,0.027094027124736304,0.6913482964425794,0.644249339227211,0.8071004546438706,0.5303831442905275,1.0,0.9473765332189714,0.9180932262860171,0.0,1.0,0.0,0.9096303662004407,0.919142814005775,0.02204546114780253,0.8458080526852887,0.11862594806138849,0.45441362890419107,0.0,1.0,0.8899322298250475,0.11804989940145058,0.21167283637603512,0.7405298598356157,0.9092827520273712,0.7677082538015078,0.9504718993546912,0.8133294461220846
gex_possorted_bam_1WGCZ:CCTTCGTAGGTAAGCAx-M2,0.05918894813172201,1.0,1.0,1.0,0.0,1.0,1.0,0.6423028124817816,1.0,0.5790197955558857,1.0,1.0,1.0,1.0,0.14576133468787303,1.0,1.0,1.0,1.0,0.0,0.0,0.0,0.0,0.0,1.0,1.0,1.0,1.0,1.0,1.0,1.0,0.0,0.0,0.7047238555116683,1.0,0.23792090204341854,1.0,0.14086469096077775,0.07997361456450089,1.0,0.03190755555473663,1.0,1.0,1.0,0.0663609375959052,0.5782040744565676,1.0,1.0,1.0,0.5019422689245726,1.0,0.998051025541671,0.0
gex_possorted_bam_1WGCZ:CGATCCTTCATTCATCx-M2,1.0,0.9262783017174018,0.0,1.0,1.0,1.0,0.5695367561741294,0.9985445166750032,0.6225738549976099,1.0,0.6146377676025185,0.5406696329412232,1.0,0.6976561353465712,1.0,0.4289675710086649,0.32794251815367254,1.0,1.0,0.8152151649636256,1.0,1.0,1.0,1.0,0.6427219476857876,0.9795446642578539,0.0,1.0,1.0,1.0,1.0,1.0,1.0,1.0,0.0,1.0,0.2619357645684903,1.0,1.0,0.0,0.9906596078016504,0.4189166909072363,0.6087653329955777,0.354392927229665,1.0,1.0,0.07173414802656608,0.28180686136772665,1.0,1.0,1.0,1.0,1.0
gex_possorted_bam_1WGCZ:CGATTTGCAACAACAAx-M2,1.0,0.8394548393773802,0.0,1.0,1.0,1.0,0.4955913384903024,1.0,0.35783365657618144,1.0,0.4852057798049798,0.8029302787663745,1.0,0.2880917731462994,1.0,0.39409456227909284,0.1110318721011728,0.9858102470366443,1.0,0.6723167633379773,1.0,1.0,1.0,1.0,0.736052941779665,0.9640362323076597,0.0,1.0,1.0,1.0,1.0,1.0,1.0,1.0,0.0,1.0,0.34316224219718494,1.0,1.0,0.0,0.9628741868917601,0.16800242240306845,0.5355032563127052,0.2382717885626998,1.0,1.0,0.08542303337202467,0.032830862597504624,0.9888792464709262,1.0,1.0,1.0,1.0
gex_possorted_bam_1WGCZ:CCTTCAATCCATAAGCx-M2,1.0,1.0,0.0,1.0,1.0,1.0,0.36338371479192,0.9681819010398179,0.027500835662616494,1.0,1.0,0.38881530711519174,1.0,0.5979612991638756,1.0,0.7107492885579839,0.9813840459430795,1.0,1.0,0.5586209788339995,1.0,1.0,1.0,1.0,0.7929539048029639,0.8465160932510339,0.0,0.9897487097299414,1.0,1.0,1.0,1.0,1.0,1.0,0.0,1.0,0.08200913345594422,1.0,1.0,0.01247831693241475,0.30477790750811323,0.017035667337387025,0.6189008353558576,0.4646871237851061,1.0,1.0,0.0,0.06722545343816322,0.9356721629972671,1.0,0.8780199327808365,1.0,1.0
gex_possorted_bam_1WGCZ:CGATATTCAACGTGCTx-M2,1.0,1.0,0.0,1.0,1.0,1.0,0.641303340167484,1.0,0.06170098298088997,1.0,1.0,0.5541786179196369,1.0,0.9307909343444146,1.0,0.9875667692880703,0.827636371546077,1.0,1.0,0.7114946552656185,1.0,1.0,1.0,1.0,0.9121892726438096,0.9217091528503926,0.0,1.0,1.0,1.0,1.0,1.0,1.0,1.0,0.0,1.0,0.15154711205942553,1.0,1.0,0.20129976766122615,0.536562268194412,0.333427859097194,0.8277852800318769,0.5921881540581452,1.0,1.0,0.2203018902123469,0.06041839852931493,1.0,1.0,0.972339402524685,1.0,1.0
gex_possorted_bam_1WGCZ:CCTTCAATCGCTATAAx-M2,1.0,0.958381522297161,1.0,1.0,1.0,1.0,0.0,1.0,1.0,1.0,0.0,1.0,1.0,0.2814451972398359,1.0,0.005619372506145718,0.0,0.0,0.07012472288012872,0.4387363748144984,0.23794089802163468,0.8512414958327957,1.0,0.6226336704856817,0.7725620713069926,1.0,0.11049759285037256,1.0,0.8276516065672637,1.0,0.0,1.0,1.0,1.0,0.0,1.0,0.0,1.0,1.0,0.0,1.0,0.0,1.0,1.0,1.0,1.0,1.0,0.0,1.0,1.0,0.997735626077733,1.0,0.8767917058032205
gex_possorted_bam_1WGCZ:CGAATATGTCAAGTATx-M2,1.0,1.0,0.003552015845122703,1.0,1.0,1.0,0.5544448169218719,1.0,0.5623402865733107,0.9827525861844905,0.2577509083057725,0.6915094586985372,1.0,0.3886954305504481,1.0,0.3239930765057589,0.06038355092479947,1.0,1.0,0.8244551154229811,1.0,1.0,1.0,1.0,0.8276224672193264,1.0,0.0,1.0,1.0,1.0,0.5886325601679068,1.0,1.0,1.0,0.0,1.0,0.21219348783125186,1.0,1.0,0.0,1.0,0.299014305694798,0.8156113713920942,0.4900802629052187,1.0,1.0,0.3867303347210821,0.0,1.0,1.0,0.8676495932862504,1.0,1.0
gex_possorted_bam_1WGCZ:CGAATATGTTACTTGCx-M2,0.9199336564924181,0.5477310942280578,0.4967221656710026,0.9377242435953649,1.0,0.42331325352430765,0.0,0.9467976601145159,0.2938512070014551,0.9406541816775276,0.0,0.37282760508128443,0.7597824505118115,0.5068131848770944,0.9339926764764107,0.0,0.0,0.0,0.25809928788207476,0.4676492087335768,0.7747499346880231,0.7115731768433398,1.0,0.9762992665176036,0.15590243332131787,1.0,0.19347971776665548,0.43422301799318475,0.262580046954821,0.5684678875693886,0.0,1.0,1.0,0.7571793642081734,0.013221441959151444,0.7202905695000171,0.0337703886858458,0.7724818203250644,0.7517957148061314,0.0,1.0,0.09893493523565167,0.20547346351309748,0.0,0.6733412900189666,0.8461928149678131,0.4991162271637036,0.0998382975579699,0.7195324091446579,1.0,0.8618269291868803,0.5973070504255695,0.223981352969603
gex_possorted_bam_1WGCZ:CGAAGGCCAAGCCACTx-M2,0.8726716692707865,0.9911280157042065,1.0,1.0,1.0,0.5468183507423229,0.8534458066694339,1.0,1.0,1.0,0.0,1.0,1.0,0.968011281908122,1.0,0.014765810819857698,0.0,0.0,0.0,0.14525335935383457,0.0,0.3860827110871712,1.0,0.27000530180313015,1.0,1.0,0.20022219797681648,0.8471046459469042,1.0,1.0,0.0,1.0,1.0,1.0,0.012720486459392989,0.9939719771849308,0.0,1.0,1.0,0.0,1.0,0.0,1.0,1.0,0.8585784905201532,1.0,1.0,0.0,1.0,1.0,1.0,1.0,0.5734658478526862
gex_possorted_bam_1WGCZ:CGCACAATCTGTGCCTx-M2,1.0,1.0,0.7752151880945831,1.0,1.0,1.0,0.5063580216207804,1.0,0.6444203669923007,1.0,0.11196217306174634,1.0,1.0,0.26923913797723076,1.0,0.1773444942926527,0.0,0.653386917741529,1.0,0.6623516638017392,1.0,1.0,1.0,1.0,0.6762970038106855,1.0,0.0,1.0,1.0,1.0,1.0,1.0,1.0,1.0,0.0,1.0,0.0,1.0,1.0,0.0,1.0,0.3752091027136669,0.796595230374557,0.3562669175593103,1.0,1.0,0.9409161791696871,0.0,1.0,1.0,1.0,1.0,0.9480521648386075
gex_possorted_bam_1WGCZ:CGCATTACAATTTGGTx-M2,1.0,1.0,0.37525686168439115,1.0,1.0,1.0,0.1768696745988045,0.9902179936100651,0.949738709621236,1.0,0.6113214515110764,0.7515699468900924,1.0,0.47054027514660424,1.0,0.39193210486675795,0.32847100213374525,1.0,1.0,0.6603174238768049,1.0,1.0,1.0,1.0,0.6484710072933484,1.0,0.0,1.0,1.0,1.0,0.5720467294708534,1.0,1.0,1.0,0.0,1.0,0.095905459197904,1.0,1.0,0.0,1.0,0.059985154013422526,0.8803220306932185,0.3246428384000206,1.0,1.0,0.029172804468759514,0.0,1.0,1.0,0.9047550013223224,1.0,1.0
gex_possorted_bam_1WGCZ:CGCACAATCCACCTTAx-M2,0.6184742688488952,0.4117704760050213,0.0,0.551860372691516,0.6914643314794517,1.0,0.0,0.5686165231406067,0.0,0.6587733686235155,0.5695868283364909,0.09449907429275291,0.3051214330165237,0.36845942401787557,0.5772406082151964,0.15541832746905018,0.40276439552510723,0.921220419722986,0.394563978884165,0.6194848635028197,0.9441547126954483,1.0,0.6542272461121301,1.0,0.0024023254770479566,0.4090319621633769,0.03928605996127103,0.6786044136239939,0.4633681979755385,0.5699680619685792,0.9199752836083359,0.8538185082847464,0.6118510704583203,0.5349352894898407,0.11925013062987272,0.7981311836776706,0.35322622271882304,0.5804101971857806,0.6540002392898643,0.19922554032816966,0.5085258018125096,0.0,0.19424500987346024,0.09574927936417506,0.6926630697609086,0.6613116352745867,0.0,0.0,0.6227261017562528,0.590394343260788,0.7943272403150099,0.6700381328436112,1.0
gex_possorted_bam_1WGCZ:CGCGATTCAGCAGGTAx-M2,1.0,1.0,0.0,0.9953461638355222,1.0,1.0,0.6378990237164729,1.0,1.0,0.6592045694680077,0.0,0.6886560130911814,0.8274225418703258,0.6318267501004902,0.968425897629516,0.2678075393295723,0.0,0.5640790628847675,1.0,0.22529508365110557,1.0,1.0,0.952688798904539,0.9388283291596723,0.7257232382123392,0.7990156350144133,0.08251226852855965,1.0,1.0,0.8995799905368334,0.8909714329596887,0.8248683066126953,0.9938832216054968,0.9791459749098592,0.04517604843578221,1.0,0.8431573743240168,0.9375482127955114,0.9576593757851454,0.03516234790995584,1.0,0.3927501741198505,0.6190044958531365,0.3209368799202223,1.0,0.9727522985539876,0.2886075343836512,0.49260199187494363,0.8422138654599879,1.0,1.0,1.0,0.886757257100585
gex_possorted_bam_1WGCZ:CGCCACACATTGTGGCx-M2,0.06098375301031727,1.0,1.0,0.9793790501249315,0.0,1.0,1.0,0.7078154800546139,1.0,0.5358736665168263,1.0,1.0,1.0,1.0,0.06084046738732287,1.0,1.0,1.0,1.0,0.0,0.0,0.0,0.0,0.0,1.0,1.0,1.0,1.0,1.0,0.9978548095997756,1.0,0.01157485750479047,0.0,0.7962280704988214,1.0,0.22928866686728205,1.0,0.10421519916862958,0.0425647819614688,1.0,0.044306573272782035,1.0,1.0,1.0,0.08437501846948128,0.5266607789474641,1.0,1.0,1.0,0.4683820915320688,1.0,0.9485366504216948,0.0
gex_possorted_bam_1WGCZ:CGCTTAACACAAAGACx-M2,1.0,1.0,0.478523935586867,1.0,0.7072896302002574,0.683385737429643,0.8211801728767777,1.0,0.6968296364621793,1.0,0.0,1.0,0.9880268299901747,1.0,1.0,0.43814860649333226,0.0,0.0,0.7715488714771168,0.5051288566222444,1.0,0.8333816042252444,1.0,1.0,0.5482612012807615,1.0,0.0,0.9407442073653656,1.0,1.0,1.0,1.0,1.0,1.0,0.0,1.0,0.5759301574352267,1.0,1.0,0.14097491044401628,1.0,0.6216193347399637,0.7659638275245955,0.47147807070755243,1.0,1.0,0.7639053464026548,0.036445161814405026,1.0,1.0,1.0,1.0,0.0
gex_possorted_bam_1WGCZ:CGCCTCATCATGCCTCx-M2,1.0,1.0,1.0,0.9865531136861004,1.0,1.0,0.785747799027291,1.0,1.0,1.0,0.0,0.2945549322375449,1.0,0.29450786084904446,0.28759136208292485,0.0,0.0,0.0,0.515169476188204,1.0,1.0,0.9965150717157005,1.0,0.6530233182023552,1.0,1.0,0.5926472864799918,1.0,1.0,0.151111388850818,0.0,0.4149143065026966,1.0,1.0,0.0,1.0,0.3771229972395439,1.0,1.0,0.0,1.0,1.0,0.2791994143951985,0.5655344890245416,0.9133326300054406,1.0,1.0,0.15113834599399043,1.0,1.0,1.0,0.7762613522127838,1.0
gex_possorted_bam_1WGCZ:CGCTAATAGCGCATTGx-M2,1.0,1.0,0.41358987326958063,1.0,1.0,1.0,0.8094979998594011,1.0,0.6934905690147425,1.0,0.0,0.8480344326515025,1.0,0.24666178160190486,1.0,0.20088512585061427,0.0,0.14073257121735988,0.8495655367834184,1.0,1.0,1.0,1.0,1.0,0.9322855067325649,1.0,0.0,1.0,1.0,1.0,0.6275655069531817,1.0,1.0,1.0,0.0,1.0,0.2011067646314255,1.0,1.0,0.0,1.0,0.23941896040143035,1.0,0.6376563550187246,1.0,1.0,0.38240931739739187,0.0,1.0,1.0,1.0,1.0,1.0
gex_possorted_bam_1WGCZ:CGCAAATTCATAATCGx-M2,1.0,0.7673822114566715,0.1648877647167459,1.0,1.0,0.883647445964369,0.23767341431740657,1.0,0.6453938874292245,1.0,0.0,1.0,0.8875423361846124,0.14021084229650718,1.0,0.0,0.0,0.0,0.7823333174830144,0.7460770053300272,1.0,1.0,1.0,1.0,0.46469451954530533,1.0,0.0,0.9392679641847602,0.8572267140420352,1.0,0.29519782926454236,1.0,1.0,1.0,0.0,1.0,0.10409915991495002,1.0,1.0,0.0,1.0,0.095828975159097,0.8077001841872924,0.19245685554808137,1.0,1.0,0.41476078679227774,0.0,0.9605633554473182,1.0,1.0,0.9969687271313319,0.304790100804423
gex_possorted_bam_1WGCZ:CGCATGATCGCTAGCAx-M2,1.0,0.9879057834374685,0.1839775539446811,0.8865422435347842,1.0,1.0,0.5644343678644199,1.0,0.38772311195681075,1.0,0.3041104458355723,0.41429392142167976,0.8834619257864393,0.7545229649050686,1.0,0.3452549004661336,0.2010795109323783,1.0,0.9589097813699755,0.6669786133308795,1.0,1.0,1.0,1.0,0.8178546731003936,0.9302545165959064,0.0,1.0,0.9966782841684464,1.0,0.40307555183542465,1.0,1.0,1.0,0.02415971305497126,1.0,0.5169717529884327,1.0,1.0,0.1331166540105715,1.0,0.39600865328951634,0.7498222878996852,0.8997040189612134,1.0,0.9783454088290239,0.39670129726145026,0.0,0.9107977534193434,1.0,0.7463416700482352,1.0,1.0
gex_possorted_bam_1WGCZ:CGCTAATAGGAGGCATx-M2,0.05877957828672806,1.0,1.0,0.9994112352251335,0.051258135620141275,0.0,1.0,0.809579044843157,1.0,0.9274203108427863,0.0,1.0,1.0,1.0,0.196462323209453,1.0,0.0,0.0,1.0,0.0,0.0,0.0,0.0,0.0,1.0,1.0,1.0,1.0,1.0,0.7440424739426854,1.0,0.1615791341871048,0.0,0.8725319821303805,1.0,0.25716317559838325,1.0,0.0029554359240378976,0.0779954906774733,1.0,0.2443639900090261,1.0,1.0,0.903900038186978,0.04885794263209037,0.5318524104459388,1.0,1.0,1.0,0.6614448232924035,1.0,1.0,0.0
gex_possorted_bam_1WGCZ:CGCAATCCAACTAGCCx-M2,1.0,1.0,0.05462470595566366,1.0,1.0,0.8825596190939374,0.08384838970073674,1.0,0.6051181306556657,1.0,0.0,0.7890885783600244,0.8981081126995056,0.3304209560769714,1.0,0.0,0.0,0.0,0.8738629979892493,0.7038490423824841,1.0,1.0,1.0,1.0,0.10809181820554878,1.0,0.0,1.0,0.9308349181376142,1.0,0.6804428152635535,1.0,1.0,1.0,0.0,1.0,0.0,1.0,1.0,0.0,1.0,0.03633286357513794,0.7056930731450504,0.6952442006609334,1.0,1.0,0.48919545805212933,0.0,1.0,1.0,1.0,1.0,0.0
gex_possorted_bam_1WGCZ:CGCTCAGCATCGTTCTx-M2,1.0,1.0,0.0,1.0,1.0,1.0,0.9574939193346997,1.0,0.8017506207940113,1.0,0.0,1.0,0.938595947328822,0.38313152578237997,1.0,0.15262256733231724,0.0,0.0,0.7993993844262419,0.7870473897325398,1.0,1.0,1.0,1.0,0.6727198554224153,0.946003350771501,0.0,0.9587908720175654,1.0,1.0,0.9714498331232213,1.0,1.0,1.0,0.0,1.0,0.3085754035321645,1.0,1.0,0.17912117518121892,1.0,0.2903900892708102,0.7198930667964649,0.15779762310000384,1.0,1.0,0.03498280758299635,0.0,0.9818958171978541,1.0,1.0,1.0,0.76147687690011
gex_possorted_bam_1WGCZ:CGCCACACATAGACTTx-M2,0.9091542552708878,0.7423980074679714,0.0,0.8197737354372733,0.8214402383519259,0.8742010870982154,0.36184295251779286,0.9126746770923866,0.41359830184872837,0.6519195070671162,0.12812625507740993,0.3821019889474639,0.40036876046236536,0.1699925003215051,0.724248667884488,0.17738937665555546,0.0,0.5737408744289764,0.5897090238376435,0.5337012005778969,0.9812539820650942,1.0,0.7907224850892859,1.0,0.4777975106001565,0.5744215437265732,0.09491131487250494,0.6244170851491018,0.8461514589069904,0.6040763002968057,0.0,0.5902084786731521,0.8428069924592315,0.7741815023765475,0.0,0.8129821187730943,0.1939601933112622,0.7699651576664818,0.7783868307486479,0.0,1.0,0.22210396209477748,0.40523227991539906,0.0,0.8954581862877208,0.7596110994855155,0.018867229179216786,0.04380031520244265,0.6067063770659499,0.8374881036862748,0.6378719217171992,0.7119486797418435,0.6395759348823834
gex_possorted_bam_1WGCZ:CGCAATAGTTCGGTAAx-M2,0.05492406012636953,1.0,1.0,1.0,0.023273570998983615,0.0,1.0,0.7382621969101052,1.0,0.8914754185334792,0.0,1.0,1.0,1.0,0.2086996347721564,1.0,0.0,0.0,1.0,0.0,0.0,0.0,0.0,0.0,1.0,1.0,1.0,1.0,1.0,0.8005674087661503,1.0,0.4391727415467062,0.0,0.9315231609337102,1.0,0.24861308942165208,1.0,0.040201178400429013,0.06510066818408955,1.0,0.015981884034917605,1.0,1.0,0.7813348744875113,0.04061311961963717,0.554893056242076,1.0,1.0,1.0,0.5899022497235108,1.0,1.0,0.0
gex_possorted_bam_1WGCZ:CGCCACACAACTAGAAx-M2,0.07410825862959866,1.0,1.0,0.9862302100409692,0.0,0.0,1.0,0.8758069164365117,1.0,1.0,0.0,1.0,1.0,1.0,0.19417286028760655,1.0,0.0,0.0,1.0,0.0,0.0,0.0,0.0,0.0,1.0,1.0,1.0,1.0,1.0,0.5637042425442057,1.0,0.13121161458545927,0.0,1.0,1.0,0.2834123974564866,1.0,0.01535193716041588,0.08488453310598945,1.0,0.06815789885513845,1.0,1.0,0.6316330037713991,0.0,0.5347049721830793,1.0,1.0,1.0,0.5916953067071535,1.0,1.0,0.2915630536787843
gex_possorted_bam_1WGCZ:CGCACACAGCGAGTAAx-M2,0.08407845675563327,1.0,0.9505144935151846,0.9668398579662205,0.021484525193522386,0.08120746629256008,1.0,0.8306501035564289,1.0,0.5344550260361574,0.4190097930111346,1.0,1.0,1.0,0.15091568227429905,1.0,0.6796867081377329,0.9269298006181854,1.0,0.0,0.0,0.0,0.0,0.0,1.0,1.0,1.0,1.0,1.0,0.8311709503136913,1.0,0.0,0.0,0.8486853070382454,1.0,0.2630817013201704,1.0,0.020335543504320066,0.050953077663115354,1.0,0.16176510810260822,1.0,1.0,1.0,0.042004559133136575,0.6016641989935202,1.0,1.0,0.9495223494172322,0.6020082772218025,1.0,0.8898306858303312,0.0
gex_possorted_bam_1WGCZ:CGCTTGCGTGACCTGGx-M2,1.0,0.8400469861193675,0.3636655419723583,1.0,1.0,0.8094599204967416,0.22814526546122532,1.0,0.5555736848765604,1.0,0.0,0.8521670376764324,0.8539912314358641,0.14060160668255442,1.0,0.05513300801459685,0.0,0.0,0.5323392491044583,0.6509778660061588,1.0,1.0,1.0,1.0,0.6173755895840366,1.0,0.0,0.5985413544302776,0.7362233450237258,1.0,0.0,1.0,1.0,1.0,0.0,1.0,0.08504113655885674,1.0,1.0,0.0,1.0,0.043077820991724636,0.7679512845783203,0.014977923853336513,1.0,1.0,0.47468626650406953,0.0,0.930141133173847,1.0,0.8891008372485143,0.9929050315283966,0.5075949620986235
gex_possorted_bam_1WGCZ:CGCATATAGCAGCTATx-M2,0.09204978791159839,1.0,1.0,0.9043260044309831,0.0,0.0,1.0,0.8762727356005819,1.0,1.0,0.0,1.0,1.0,1.0,0.2724081827158679,1.0,0.39013193386515105,0.15301638408781745,1.0,0.0,0.0,0.0,0.0,0.0,1.0,1.0,1.0,1.0,1.0,0.9315150942290717,1.0,0.06672433665579829,0.0,0.8238464628355698,1.0,0.31685354388632536,1.0,0.20613627798040282,0.0888703744618112,1.0,0.17746380735842368,1.0,1.0,1.0,0.2590335138736743,0.5153586963676053,1.0,1.0,1.0,0.5225292371586309,1.0,1.0,0.0
gex_possorted_bam_1WGCZ:CGCCTGTGTAACGTGCx-M2,1.0,1.0,0.0,1.0,0.9313368976162492,1.0,0.7171323274567935,1.0,1.0,1.0,0.0,1.0,0.974145326629615,0.3620135006274519,0.9327360366436973,0.4138284899355371,0.0,0.5010834760258334,0.8510302565045882,0.7251425749700783,1.0,1.0,0.961259437640778,1.0,1.0,1.0,0.0,0.9648100565561294,0.9684311462904714,1.0,0.8758185395189486,0.6032226878134352,1.0,1.0,0.0,1.0,0.5022384655903122,1.0,1.0,0.35106988089612756,1.0,0.5643613009847461,1.0,0.5734889130962243,1.0,0.9618053577904506,0.1601738019198553,0.0,1.0,1.0,1.0,1.0,1.0
gex_possorted_bam_1WGCZ:CGCAATAGTGGATTATx-M2,1.0,1.0,0.0,1.0,1.0,1.0,0.8092775574614064,1.0,0.4249538497647969,1.0,0.13246522411051412,0.9070361116792114,0.9969824960071125,0.137664109026953,1.0,0.3713283318495781,0.0,0.5722139777807684,1.0,0.6660943823911196,1.0,1.0,1.0,1.0,0.798732185102786,0.9050512713267743,0.0,0.8591279088012483,1.0,1.0,0.9451502813166718,1.0,1.0,1.0,0.0,1.0,0.10813812141210623,1.0,1.0,0.0,1.0,0.2959402618205301,0.6440412403799485,0.4049694161312083,1.0,1.0,0.12826409535506797,0.06401405583386924,1.0,0.9166114119036377,0.9255990446933082,1.0,0.8318032102963301
gex_possorted_bam_1WGCZ:CGCTATGAGCGATAGAx-M2,1.0,1.0,0.0,0.9921622191779115,1.0,1.0,0.5521336268981321,1.0,0.20879977639397254,0.9110979676371243,0.5211321601944505,0.5481948589156759,0.7772385177459038,0.33034022109519706,1.0,0.3994121407435443,0.138799028794798,1.0,1.0,0.2578463905211544,1.0,1.0,1.0,1.0,0.6267356537520999,0.8390553033290571,0.0,0.8780435144269851,1.0,1.0,0.942886691830758,1.0,1.0,1.0,0.0,1.0,0.16858024854968978,1.0,1.0,0.08188340595896335,0.5854841512128545,0.2533014995506649,0.4193505081191675,0.0,1.0,1.0,0.22713538434864447,0.09923768664963663,0.8781432013869698,0.9260609522857399,0.9200349776966886,1.0,0.8978384459519582
gex_possorted_bam_1WGCZ:CGCGATTCATGTCAGCx-M2,0.08358912187828185,1.0,1.0,0.9866658539116111,0.0,0.0,1.0,0.7580995838148306,1.0,0.9799850503520454,0.0,1.0,1.0,1.0,0.23837884831723732,1.0,0.0,0.0,1.0,0.0,0.0,0.0,0.0,0.0,1.0,1.0,1.0,1.0,1.0,0.806023349495766,1.0,0.004004448877939848,0.0,0.9312078668390192,1.0,0.26436026903944754,1.0,0.08606171983388287,0.13798774103752673,1.0,0.22279588807746792,1.0,1.0,1.0,0.04642948036337634,0.5566160518976251,1.0,1.0,1.0,0.5329949261096081,1.0,1.0,0.0
gex_possorted_bam_1WGCZ:CGCTACTTCCGGAACCx-M2,1.0,1.0,0.0,1.0,1.0,1.0,0.5040455031393903,1.0,0.4197816107179221,1.0,0.23700437740365748,0.7975386971131231,1.0,0.21518575009850663,1.0,0.2818387726801793,0.01910089886328196,0.7818337065817983,1.0,0.9141353215774666,1.0,1.0,1.0,1.0,0.7571811161184927,0.9341670082266051,0.0,0.973849608461466,0.9254562261306604,1.0,0.727615752382759,1.0,1.0,1.0,0.0,1.0,0.058580678639858656,1.0,1.0,0.0,0.9637285722616721,0.34917135129412735,0.7664067536106147,0.27495715125947573,1.0,1.0,0.20326161540541698,0.0,0.9654319812365919,1.0,0.9145105155946712,1.0,1.0
gex_possorted_bam_1WGCZ:CGGAATCGTTTAACGGx-M2,0.7652131769363437,1.0,1.0,1.0,1.0,0.27656509403930446,1.0,1.0,1.0,1.0,0.0,0.13301447789914025,1.0,0.9064884314636812,0.8326279974821683,0.0,0.0,0.0,0.3545436964482777,0.1613892342606036,0.007458242182541902,0.26569874013598527,1.0,0.0,1.0,1.0,0.6048408593493821,0.32849091258473206,1.0,0.24410394378631387,0.0,1.0,0.9856420190942193,1.0,0.2297590333996168,0.8806252211673422,0.0,1.0,1.0,0.11768437544751682,1.0,0.0,0.6676882724971606,1.0,0.2597573188870373,1.0,1.0,0.0,1.0,1.0,0.9266971181322348,0.936059094977316,0.0582675590791639
gex_possorted_bam_1WGCZ:CGCCTGTGTTATAGCGx-M2,1.0,0.8710781831224883,0.4027616977102038,1.0,1.0,0.5141323075060993,0.4055978649463695,1.0,0.0036210654205091506,1.0,0.0,1.0,0.7815161317317714,0.6015010815520792,1.0,0.0,0.0,0.0,0.6662659657494158,0.7619774753715333,1.0,1.0,1.0,1.0,0.16860000873159603,1.0,0.0,1.0,0.8855785628161038,1.0,0.8285526762383383,1.0,1.0,1.0,0.0,1.0,0.21117871621645556,1.0,1.0,0.0,1.0,0.31483685469164835,1.0,0.9769736768444448,1.0,1.0,1.0,0.0,1.0,1.0,1.0,1.0,0.0
gex_possorted_bam_1WGCZ:CGCCTGTGTTGGATATx-M2,1.0,1.0,0.0,1.0,1.0,1.0,0.5432033072908763,1.0,0.08728758728826223,1.0,0.5696898935061054,0.6332728648378902,1.0,0.31062019333442503,1.0,0.32470012892217154,0.26522656483518214,1.0,1.0,1.0,1.0,1.0,1.0,1.0,0.707139427324248,0.9860409142634529,0.0,1.0,1.0,1.0,1.0,1.0,1.0,1.0,0.0,1.0,0.14484984038174473,1.0,1.0,0.052923014630189044,0.9917904748929252,0.09439347976199582,0.6918493325083656,0.37553717330425423,1.0,1.0,0.22591912629733038,0.021021604969483503,1.0,1.0,1.0,1.0,1.0
gex_possorted_bam_1WGCZ:CGCTGTGCAGCTTAGCx-M2,1.0,1.0,0.02630975109045119,1.0,1.0,1.0,0.9114903243107728,1.0,0.24228034766392717,1.0,0.13573189311035383,0.8173608013136462,0.6764473600655285,0.01811779650691587,1.0,0.36748984116805367,0.0,0.605626277229809,1.0,0.6850970377923413,1.0,1.0,1.0,1.0,0.5801780672451968,0.8681966915259932,0.0,1.0,1.0,1.0,1.0,0.7825482616830336,1.0,1.0,0.0,1.0,0.1927171809506275,1.0,1.0,0.005664064156425604,0.9588394421760037,0.2937431798033465,0.5023688420613421,0.29625014086921936,1.0,1.0,0.0,0.0,1.0,0.8551878362834705,0.9065377651322082,1.0,1.0
gex_possorted_bam_1WGCZ:CGCACACAGTTGCGTGx-M2,1.0,1.0,0.0,1.0,1.0,1.0,0.3938107321214791,1.0,0.0,1.0,0.6678119648085904,0.5641718612084723,1.0,0.47893184969802427,1.0,0.40477802437539656,0.23468475403876285,1.0,1.0,0.6449858362072635,1.0,1.0,1.0,1.0,0.7312471027692209,0.9952732763986141,0.0,1.0,0.945190282954732,1.0,1.0,1.0,1.0,1.0,0.0,1.0,0.05595109585611295,1.0,1.0,0.0,0.9169210881462183,0.21028616277910678,0.6114952116994827,0.42535184554890765,1.0,1.0,0.24676383554417547,0.0,0.9976921011463118,1.0,1.0,1.0,1.0
gex_possorted_bam_1WGCZ:CGCATGATCACAGCGCx-M2,1.0,0.7877850403691214,0.4049777631644191,1.0,1.0,0.899976563612845,0.1237226675762122,1.0,0.5455046492791003,1.0,0.0,1.0,0.9359375486977645,0.30369245984356746,1.0,0.18094115712501188,0.0,0.0,0.7902424167013594,1.0,1.0,1.0,1.0,1.0,0.36221954332378964,1.0,0.0,1.0,0.9638770569372695,1.0,0.22427732470483103,1.0,1.0,1.0,0.0,1.0,0.054782979922795245,1.0,1.0,0.0,1.0,0.03721266854219617,0.9664077534084101,0.3290338591347997,1.0,1.0,0.6522056694032833,0.0,1.0,1.0,1.0,1.0,0.3902075122125405
gex_possorted_bam_1WGCZ:CGCACACAGCTTACTTx-M2,1.0,0.6774811662619771,0.8352209297977115,1.0,1.0,1.0,0.03088258896290513,1.0,0.7388307690171976,1.0,0.0,1.0,1.0,0.5258910467696892,1.0,0.21367580230136235,0.0,0.0,0.5915773971054052,0.8437462821180783,0.9889501738496723,1.0,1.0,1.0,0.4309576405314651,1.0,0.0,1.0,0.749683789873275,1.0,0.0,1.0,1.0,1.0,0.0,1.0,0.0,1.0,1.0,0.0,1.0,0.20811989640551015,1.0,0.34516934293926443,1.0,1.0,0.8138494927928241,0.0,1.0,1.0,0.9010941732614886,1.0,0.2563638116971711
gex_possorted_bam_1WGCZ:CGCTCCATCTTGCAGGx-M2,0.0,1.0,1.0,0.8979615738002715,0.9574140926045209,0.0,1.0,1.0,1.0,1.0,0.0,1.0,1.0,1.0,0.0,1.0,0.0,0.0,1.0,0.0,0.0,0.0,0.010812120511913464,0.0,1.0,1.0,1.0,1.0,1.0,0.23787040455142952,1.0,0.1977296374181497,0.0,0.8171155688217151,1.0,0.1895996363726398,1.0,0.0,0.2195565324808761,1.0,1.0,1.0,1.0,1.0,0.0,0.6760480962366724,1.0,1.0,1.0,1.0,1.0,0.816012554340671,0.927156118140373
gex_possorted_bam_1WGCZ:CGCATGATCGCTAAGTx-M2,0.043674680321482466,1.0,1.0,0.987113871709443,0.0,0.0,1.0,0.8602890319137344,1.0,0.8322420291376963,0.13284135843464576,1.0,1.0,1.0,0.1590627881311027,1.0,0.36331187435848883,0.3328107512303423,1.0,0.0,0.0,0.0,0.0,0.0,1.0,1.0,1.0,1.0,1.0,0.8581779827553294,1.0,0.0,0.0,0.8849756536133722,1.0,0.20976830479148736,1.0,0.12816949888994192,0.014328990087024823,1.0,0.10071310609166159,1.0,1.0,1.0,0.0,0.5728829794118234,1.0,1.0,1.0,0.6734361545936256,1.0,1.0,0.0
gex_possorted_bam_1WGCZ:CGGAATCGTTTGGCTTx-M2,1.0,0.9832813823915036,1.0,1.0,1.0,1.0,0.4031113495878181,1.0,1.0,1.0,0.0,1.0,1.0,0.22596430346375962,1.0,0.0,0.0,0.0,0.3426823852745209,0.8896161860876923,1.0,1.0,1.0,1.0,0.9572033748005544,1.0,0.0,1.0,0.8084521021714812,1.0,0.39641011210739446,1.0,1.0,1.0,0.0,1.0,0.0,1.0,1.0,0.031421097621803444,1.0,0.35082989325433556,1.0,0.9863395734944043,1.0,1.0,0.83515813034858,0.0,1.0,1.0,0.8331514218499675,1.0,1.0
gex_possorted_bam_1WGCZ:CGGAATCGTTTAGTCCx-M2,1.0,0.4281817083734772,1.0,1.0,1.0,0.20523578495771408,0.0,1.0,0.6699543668119609,1.0,0.0,0.8854966811378412,0.8279835371862846,0.4625657281680736,1.0,0.0,0.0,0.0,0.0,0.0952940823138345,0.258211109948845,0.5878956824978663,1.0,0.7833913686573967,0.5443200131987705,1.0,0.0,0.6786559738360964,0.34569310356493776,1.0,0.0,1.0,1.0,1.0,0.0,0.8689740284141425,0.0,1.0,1.0,0.0,1.0,0.0,0.9276665481701799,0.16147892874002007,0.8533069015539613,1.0,0.6032982993714182,0.0,1.0,1.0,0.8880707525842846,0.8873444228625426,0.0
gex_possorted_bam_1WGCZ:CGATTTGCAGTATGTTx-M2,1.0,1.0,0.8919747379167903,1.0,1.0,0.06909592401158926,0.373331314440247,1.0,0.735163429642928,1.0,0.0,1.0,0.939553604077333,0.4725512659330476,1.0,0.0,0.0,0.0,0.45255731925854875,0.6153298345044843,0.9040330761119951,0.7307786169529141,1.0,1.0,0.1726073983349504,1.0,0.0,0.7000166030124515,0.405478052249287,0.9169173145013854,0.0,1.0,1.0,1.0,0.0,0.9405631199334026,0.12409327023037615,1.0,1.0,0.0,1.0,0.0,0.6957376257532879,0.15916900026866568,0.8960897401381904,1.0,0.8399273234331956,0.0,0.9952102444756827,1.0,1.0,0.794498752288327,0.0
gex_possorted_bam_1WGCZ:CGCATTACATGTCAGCx-M2,1.0,1.0,0.864875931319266,1.0,1.0,0.3659939481962773,0.12705538715175277,1.0,0.7361091535729055,1.0,0.0,0.9636109462826135,1.0,0.27836678918614294,1.0,0.0,0.0,0.0,0.3194751105968025,0.39503606729543606,0.8227666995991906,0.7110583847694849,1.0,1.0,0.3829849827706661,1.0,0.03399145882250681,0.6980684316480472,0.318321445803679,1.0,0.0,1.0,1.0,1.0,0.0,0.9128137168288686,0.0,1.0,1.0,0.0,1.0,0.5100090540212815,0.6866203574076118,0.0,0.9529727913952167,1.0,0.472364706691014,0.0,0.9937714421535178,1.0,0.8881408411108664,0.8183363672552074,0.0
gex_possorted_bam_1WGCZ:CGCATTTGTGTAATACx-M2,1.0,1.0,0.25808631113988023,1.0,1.0,1.0,0.7722187086286922,1.0,0.5602361552668537,1.0,0.07208691010548414,0.8542841120707977,1.0,0.22653232225393258,1.0,0.43602265899564263,0.0,0.6800044859081517,1.0,0.9721850658139173,1.0,1.0,1.0,1.0,0.7828755129238425,1.0,0.0,1.0,1.0,1.0,1.0,1.0,1.0,1.0,0.0,1.0,0.24979188895147644,1.0,1.0,0.0,1.0,0.21498729097742073,0.8616980166361136,0.6731431687054575,1.0,1.0,0.1538731921585576,0.0,1.0,1.0,1.0,1.0,1.0
gex_possorted_bam_1WGCZ:CGCTCAGCAACTAACTx-M2,1.0,0.7093832252390548,0.5471799713790684,1.0,1.0,0.6630862450517271,0.014774768046050444,1.0,0.5130794937038183,1.0,0.0,1.0,0.7888831392888896,0.2484165869385141,1.0,0.10036708924720349,0.0,0.0,0.5575544937070525,0.7051586843909796,1.0,1.0,1.0,1.0,0.1948292712518192,1.0,0.0,0.988595761646652,0.7981387135704433,1.0,0.0,1.0,1.0,1.0,0.0,1.0,0.0,1.0,1.0,0.0,1.0,0.0,0.9993482192870343,0.2847495717398814,1.0,1.0,0.456277788583434,0.0,1.0,1.0,1.0,1.0,0.12326610853848578
gex_possorted_bam_1WGCZ:CGCACACAGCTATTGAx-M2,1.0,1.0,0.175735694096855,1.0,1.0,1.0,0.28816370025828253,1.0,0.8280968409735813,1.0,0.42249159856202617,1.0,1.0,0.6847848304455336,1.0,0.5636247603458941,0.16084702644186333,0.817614570862963,1.0,0.778556720698116,1.0,1.0,1.0,1.0,0.7086169917155302,1.0,0.0,0.9334490404209308,1.0,1.0,1.0,1.0,1.0,1.0,0.0,1.0,0.563577771427305,1.0,1.0,0.0,1.0,0.49587000215315147,0.8053245354085832,0.39794358278844993,1.0,1.0,0.4314795506997244,0.16964608908360518,1.0,1.0,1.0,1.0,0.9587859524745138
gex_possorted_bam_1WGCZ:CGCTAATAGTAGCCATx-M2,0.8776831941643433,1.0,0.2746374060154008,0.8632671442802059,0.8036973932635592,1.0,0.7150235536706719,0.9769227841953722,0.4075510673248111,1.0,0.0,0.9002747055111329,0.7467227556296026,0.3794517614925895,0.989241679834705,0.27243864415073277,0.0,0.27211744531507853,0.3861348240266742,1.0,1.0,1.0,0.9033672189260991,1.0,0.7283493234581195,0.7503228832434061,0.0,0.9135007713814275,0.9778782095882759,0.9175424157182602,1.0,0.7851346064977932,0.9250311519900024,0.9579607588254141,0.0,1.0,0.2801827914155118,0.8970554133236377,0.9697692512476166,0.4400701632615583,0.7733303221162032,0.24224161832607802,0.6572665682287862,0.815477236710635,0.9740711485696404,0.9600062824269164,0.44619004670918605,0.0,0.930556434232406,1.0,1.0,0.94699774953529,1.0
gex_possorted_bam_1WGCZ:CGCAATTAGAGGGACTx-M2,0.07457256702403342,1.0,1.0,1.0,0.0,0.0,1.0,0.8530936612301381,1.0,0.7549089012822064,0.0,1.0,1.0,1.0,0.12299840086867564,1.0,0.0,0.0,1.0,0.0,0.0,0.0,0.0,0.0,1.0,1.0,1.0,1.0,1.0,0.7236072392937666,1.0,0.24135429415494264,0.0,0.915736336830763,1.0,0.25455470611074066,1.0,0.009715885717351888,0.0,1.0,0.09857589177451054,1.0,1.0,0.0,0.0,0.5537442354382158,1.0,1.0,1.0,0.7437367105936752,1.0,1.0,0.0
gex_possorted_bam_1WGCZ:CGCTTGCGTATTGGATx-M2,0.0776208476465396,1.0,1.0,0.9576155893437285,0.0,0.0,1.0,0.9975990222864158,1.0,0.7554017728001639,0.0,1.0,1.0,1.0,0.1434106329786162,1.0,0.0,0.0,1.0,0.0,0.0,0.0,0.0,0.0,1.0,1.0,1.0,1.0,1.0,0.6229357317087255,1.0,0.0,0.0,0.9346152177605274,1.0,0.23786974392019114,1.0,0.0,0.02738147667985457,1.0,0.22776512272252075,1.0,1.0,0.5021083227390478,0.0,0.5767711136247511,1.0,1.0,1.0,0.6634319753580741,1.0,0.945290331788089,0.0
gex_possorted_bam_1WGCZ:CGGACAACATGCAACCx-M2,1.0,0.8436609789569163,0.1855854644310033,1.0,1.0,1.0,0.7900753702390109,1.0,0.33350101214633476,0.9794248496740559,0.1252352839214444,0.5035853766067109,1.0,0.1348865780548452,1.0,0.39636321052313306,0.0,0.752527581085064,1.0,0.8996725323552572,1.0,1.0,1.0,1.0,0.9919395259485825,1.0,0.0,1.0,1.0,1.0,0.8718950390564068,1.0,1.0,1.0,0.0,1.0,0.40866165391060866,1.0,1.0,0.06880868712411632,1.0,0.5027694504971862,0.8048089999865827,0.490038721126795,1.0,1.0,0.0,0.0,1.0,0.959459898485015,1.0,1.0,1.0
gex_possorted_bam_1WGCZ:CGCGATTCAGTCTAATx-M2,1.0,0.904720111299151,0.0,1.0,1.0,1.0,0.3807216175741617,1.0,0.5203907783979562,1.0,0.578888567745438,0.7308190622190363,0.8542161155449607,0.3298518761479362,1.0,0.1859225205505747,0.35648700063708766,1.0,1.0,0.47798353489084405,1.0,1.0,1.0,1.0,0.5347365188961061,0.8858873328266954,0.0,0.9626832673916768,1.0,1.0,0.8575825112384986,1.0,1.0,1.0,0.0,1.0,0.11254454103949203,1.0,1.0,0.0,0.9543278012139439,0.5030661427799374,0.5309276294930014,0.15736567538652552,1.0,1.0,0.0,0.2403026127452784,0.9562761973102393,1.0,0.807610464335409,1.0,1.0
gex_possorted_bam_1WGCZ:CGCACACAGTGAACGAx-M2,0.08903277017095157,1.0,1.0,0.7661980464232798,0.0862317354597361,0.0,1.0,0.53595432355181,1.0,0.6824561471625562,0.3191135157433323,1.0,1.0,1.0,0.10379192563150277,1.0,0.4554703388852777,0.0,1.0,0.0,0.0,0.0,0.0,0.0,1.0,1.0,1.0,1.0,1.0,0.7096349345355509,1.0,0.16302684542841905,0.0,0.5989628771831752,1.0,0.1837638753907698,1.0,0.10325922882994006,0.10762684718668052,1.0,0.20133868422473036,1.0,1.0,1.0,0.0,0.5036182170407122,1.0,1.0,0.9316562779418517,0.4703572285701337,1.0,0.8380726323012537,0.0
gex_possorted_bam_1WGCZ:CGCTAATAGGGATGCGx-M2,0.6081683162692773,1.0,1.0,0.8476707542875335,0.11590467872713442,0.6650346963657937,1.0,1.0,1.0,1.0,0.0,1.0,1.0,1.0,0.8302068960612056,1.0,0.0,0.0,1.0,0.0,0.41749969052435876,0.08574807960718904,0.5186027025889783,0.42905450297826214,1.0,1.0,0.5971088062091306,1.0,1.0,0.7936081603447475,1.0,0.50452104384695,0.5470363463527105,1.0,0.7302450689633827,1.0,1.0,0.7227197144131532,0.7291905816222166,1.0,0.8095606770192013,1.0,1.0,1.0,0.7672683070244852,0.899042829968966,1.0,1.0,1.0,0.9169984149288899,1.0,0.947163646638283,0.5184777513702252
gex_possorted_bam_1WGCZ:CGCAATCCAGCCAGAAx-M2,1.0,0.9366573895368744,1.0,1.0,1.0,0.6382312928362872,0.0,1.0,0.9935733351225934,1.0,0.0,1.0,1.0,0.43184960473245015,1.0,0.003509398096113429,0.0,0.0,0.0,0.48580437439816465,0.09784951367258075,0.7258743438706856,1.0,0.646251596875365,0.5564871523528143,1.0,0.02137875519304661,1.0,0.7386235667159241,1.0,0.0,1.0,1.0,1.0,0.0,1.0,0.0,1.0,1.0,0.0,1.0,0.0,1.0,1.0,1.0,1.0,1.0,0.0,1.0,1.0,1.0,1.0,0.0772229417769708
gex_possorted_bam_1WGCZ:CGCTCCATCATTACGAx-M2,1.0,0.7121987646391121,0.0,1.0,1.0,1.0,0.2367484659674127,1.0,0.5420549902956453,0.9907725057804961,0.20568734018998613,0.7266604056505318,0.839562309535443,0.22573465532830708,1.0,0.2796753588959993,0.0,0.6788882704024904,0.9429771172205934,0.5098450602257223,1.0,1.0,1.0,1.0,0.6348965776243822,0.970980888231596,0.0,0.8087896728820584,0.6819187215558402,1.0,0.023783456447564202,1.0,1.0,1.0,0.0,1.0,0.07805138209968279,1.0,0.9882758854610256,0.0,1.0,0.3209568781933456,0.8474816881682365,0.0,1.0,1.0,0.15306623043249368,0.039513725611427776,0.898198318047334,1.0,0.7851449061858408,1.0,0.5773704802214809
gex_possorted_bam_1WGCZ:CGCTTCTAGGTCCTGAx-M2,0.9984314041134044,0.7095186742611032,0.0,0.842614802009646,0.9091776783933658,1.0,0.16532926199648343,0.9489837235016749,0.20167400526584756,0.9432278736270704,0.6751553898645821,0.33149593514187115,0.7593276834051682,0.4515588884622414,0.8792115820257165,0.20127920977535382,0.41650719548897136,1.0,0.9479522510002955,0.48702964646179425,1.0,1.0,0.9605129964679765,1.0,0.6188927306732045,0.7359409051869459,0.0,0.7655289933278421,0.9034370304881526,0.9158336188491706,0.802382800280665,0.9914357127387323,0.8945081443825968,1.0,0.0,1.0,0.18643677221192242,0.8617015420907268,0.9217676536062892,0.1798261424932686,0.5955049205941266,0.2208853684747107,0.5223992296492728,0.0,1.0,0.9083439540193973,0.13493763774305162,0.1558645958980124,0.7426035256603616,1.0,0.5955967614737405,1.0,1.0
gex_possorted_bam_1WGCZ:CGCTCAGCATCTAGCAx-M2,0.631203640760847,1.0,1.0,0.9016022151907572,0.010195225876007201,0.4279310281672589,1.0,1.0,1.0,1.0,0.0,1.0,0.7282261364631277,1.0,1.0,1.0,0.0,0.0,0.0,0.4029499850826353,0.2523825438418242,0.30087671295534396,0.6934775920426635,0.7118423244846565,1.0,1.0,0.0,1.0,1.0,0.620975112798845,1.0,0.6715354594027912,0.7254358004816601,1.0,0.034297622851097075,1.0,1.0,1.0,1.0,1.0,1.0,0.794202346649779,1.0,1.0,1.0,1.0,0.7746203438801244,0.0,1.0,1.0,1.0,1.0,0.4832393522586749
gex_possorted_bam_1WGCZ:CGCTACTTCCTGATGGx-M2,0.8744060110078816,1.0,0.00913407172657177,0.7397215501179498,1.0,1.0,0.3983350005217887,0.8031769501416539,0.33251994005723473,1.0,0.749169347110537,0.298394371513053,0.7071397124907095,0.10995963032493533,0.915635644625366,0.21076599901672294,0.47244174276035317,1.0,0.7255250462499665,1.0,1.0,1.0,0.8867020855070632,1.0,0.619514983769753,0.6089176116709107,0.0,0.7611800205937544,0.9060254170694371,0.905470175720157,1.0,0.8282999300047466,0.8588694457054091,0.829746249510274,0.0,1.0,0.16450301016396798,0.8300981269135249,0.9296983699125931,0.31547225485225994,0.43427729074937527,0.1360964919975763,0.5666090129656809,0.7410750437324463,1.0,0.867342357733162,0.12907258866309804,0.0,0.8073410424983205,1.0,0.6530160977552745,0.9664346978512741,1.0
gex_possorted_bam_1WGCZ:CGCAATCCAAACTGTTx-M2,0.933625957520496,0.5903746669796756,0.0,0.8446174662708442,0.965853235366893,1.0,0.0,0.7707459705326092,0.0777906616461999,0.752058085347095,0.8673253140893155,0.024241625467224217,0.65773908664466,0.5668933639812758,0.8783659746580954,0.17658099076970318,0.5680781296708609,1.0,1.0,0.8664115258595365,1.0,1.0,0.9434566760579084,1.0,0.20059299271084383,0.7561711429284984,0.0,0.6863499754262833,0.30524842431445226,0.9342112831647965,0.5398362431740428,1.0,0.9115357989182742,0.7747757835218377,0.0,0.9117804623633731,0.0,0.829782582189826,0.7880282782854299,0.0,1.0,0.0,0.45931087279319455,0.0,0.8839198312624632,0.8297593655126903,0.0,0.14505464979659913,0.710577950428516,0.8557455802864593,0.7447906309845256,0.8132180624523987,0.5491410412355017
gex_possorted_bam_1WGCZ:CGCACCACAGAGAGCCx-M2,1.0,1.0,1.0,1.0,1.0,0.9711043058893644,0.6801801817409309,1.0,1.0,1.0,0.0,1.0,1.0,0.6964247279109749,1.0,0.517450372637408,0.0,0.0,0.49965367962822904,0.8623946685447779,0.8987803739761209,1.0,1.0,1.0,0.7436743369875918,1.0,0.0,1.0,0.9666021745267626,1.0,0.7418856560278381,1.0,1.0,1.0,0.0,1.0,0.15139652999059452,1.0,1.0,0.1851111647400143,1.0,0.29555369057731645,1.0,0.8086512024305733,1.0,1.0,1.0,0.0,1.0,1.0,1.0,1.0,0.5139921254098727
gex_possorted_bam_1WGCZ:CGCTTAACACGTTACAx-M2,1.0,1.0,0.0,1.0,1.0,1.0,0.3098020457486478,0.9947866385326225,0.3834695394308396,1.0,0.8210720848789498,0.7324392105767368,1.0,0.39602807694551695,1.0,0.4735624686689493,0.409250175309623,1.0,1.0,0.5319440502065633,1.0,1.0,1.0,1.0,0.7170710084021551,0.8546454299394336,0.0,0.8480385748861289,1.0,1.0,0.9687377061878445,1.0,1.0,1.0,0.0,1.0,0.10757028179720043,1.0,1.0,0.0,0.5166057901130944,0.09971321366267698,0.5748945852883124,0.07035943719010566,1.0,1.0,0.10629432542269943,0.0,0.881774026872804,1.0,0.8847219908399888,1.0,1.0
gex_possorted_bam_1WGCZ:CGCAAATTCCGGTTAGx-M2,1.0,0.9511793878318262,0.0,1.0,1.0,1.0,0.17199466230377353,1.0,0.3392850314235497,0.9754450474553417,0.2026519092948794,0.9618267733986386,0.812854558651385,0.5012320366025137,1.0,0.0,0.0,0.3347028096315611,1.0,0.7226945746602521,1.0,1.0,1.0,1.0,0.15458616303089234,0.9558567732994564,0.0,1.0,0.8640549877360015,1.0,0.8367369272693386,1.0,1.0,0.9807016665826952,0.0,1.0,0.0,1.0,1.0,0.0,1.0,0.06550252991389634,0.6623864726992815,0.472212523874545,1.0,1.0,0.0,0.0,1.0,1.0,1.0,1.0,0.7949966969983151
gex_possorted_bam_1WGCZ:CGCTTCTAGCGGATAAx-M2,1.0,0.8534601383200049,0.23044448160947045,1.0,1.0,0.6864375592475443,0.08534779887502329,1.0,0.6643499001157431,1.0,0.0,0.9407691532730459,0.881752679206413,0.45079808726925735,1.0,0.0,0.0,0.0,0.856567159745035,0.5999930659267708,1.0,1.0,1.0,1.0,0.04757930123152841,1.0,0.0,0.9030559105967751,0.6981041709724937,1.0,0.10445891144086819,1.0,1.0,0.9029882075093172,0.0,1.0,0.12711895961971068,1.0,1.0,0.0,1.0,0.048314646137040486,0.7417076562009159,0.009735353482502661,1.0,1.0,0.37411846994561243,0.0,0.9408215729319134,1.0,1.0,0.951640336404378,0.08045770693128
gex_possorted_bam_1WGCZ:CGCACCACATGGCCTGx-M2,0.0876975741436189,1.0,1.0,0.9751036004905748,0.020801100773583606,0.0,1.0,0.8214431368922489,1.0,0.754274578107944,0.0,1.0,1.0,1.0,0.17716675656100228,1.0,0.0,0.0,1.0,0.0,0.0,0.0,0.0,0.0,1.0,1.0,1.0,1.0,1.0,0.8414200126898974,1.0,0.10478707515182056,0.0,0.8672011175270935,1.0,0.2602938125871407,1.0,0.059089509482256476,0.08364509734049187,1.0,0.19892187389555505,1.0,1.0,1.0,0.05049657624418736,0.5525884538227452,1.0,1.0,1.0,0.6482563448893565,1.0,0.9840201793450594,0.0
gex_possorted_bam_1WGCZ:CGCAATGTCATTATGGx-M2,0.0,1.0,1.0,0.6221641461592813,0.0,0.0,1.0,0.2903840229181443,1.0,0.41784652722786253,0.8283853877218295,1.0,1.0,1.0,0.010576486249722933,1.0,0.7643936264004199,0.0,1.0,0.0,0.0,0.0,0.0,0.0,1.0,0.869381234591776,1.0,1.0,1.0,0.7143514244415337,1.0,0.0,0.0,0.4318950716743875,1.0,0.002001754112354205,1.0,0.0,0.0,1.0,0.0,1.0,1.0,1.0,0.0,0.32268562039599225,1.0,1.0,0.7373162376210822,0.31572372189256664,1.0,0.6419235564399969,0.0
gex_possorted_bam_1WGCZ:CGCATGATCGTTACAAx-M2,1.0,1.0,0.3027251565772962,1.0,0.4362817434777553,0.3991587969851009,1.0,1.0,1.0,1.0,0.0,1.0,1.0,0.5704567920804612,1.0,0.28738547770455597,0.0,0.0,0.32532405095351713,1.0,1.0,0.6626968089863893,0.9658736223186413,1.0,1.0,1.0,0.06037575989659846,1.0,1.0,0.7101888981749799,0.9719275244139718,0.9751853488542588,1.0,1.0,0.1083433642074499,1.0,0.6092709847256629,1.0,1.0,0.38412925498191003,1.0,0.4331569116338218,0.8761497805169747,1.0,1.0,1.0,1.0,0.0,1.0,1.0,0.8515543249520322,0.8470145926977557,0.5382250710554599
gex_possorted_bam_1WGCZ:CGCTTACTCTGTGCCTx-M2,0.9264986675537312,0.9099857941996194,1.0,1.0,1.0,0.23780155459156646,0.0,0.998211398477752,0.8965725878625095,1.0,0.0,1.0,1.0,0.5667869848103287,1.0,0.0,0.0,0.0,0.0,0.0,0.0,0.3583117879397245,1.0,0.4198410845352664,0.44727266896993906,1.0,0.010991042668719296,0.7775210315943892,1.0,1.0,0.0,1.0,1.0,1.0,0.0,0.8885051038163432,0.0,1.0,1.0,0.0,1.0,0.0,0.9814713517730858,0.9435930215091496,0.5957888544270157,1.0,1.0,0.0,1.0,1.0,1.0,1.0,0.0
gex_possorted_bam_1WGCZ:CGGAATCGTGCATCGGx-M2,0.11190227601359065,1.0,1.0,0.9934207721717252,0.14971620548556216,0.0,1.0,0.7977805543012345,1.0,1.0,0.0,1.0,1.0,1.0,0.20262312540674718,1.0,0.0,0.0,1.0,0.0,0.0,0.0,0.00597336721972718,0.0,1.0,1.0,1.0,1.0,1.0,0.7486375129425852,1.0,0.028490047626261675,0.0,0.9149141219245654,1.0,0.3620507404671366,1.0,0.07167151438113654,0.036339362978820705,1.0,0.30437995119726236,1.0,1.0,0.10838976791077957,0.13414708551387153,0.5753165531378175,1.0,1.0,1.0,0.7912531325677987,1.0,1.0,0.0
gex_possorted_bam_1WGCZ:CGGAATCGTTTAACCCx-M2,0.0013944029914584016,1.0,0.7526070807157156,0.7642529767780485,0.0,0.0,1.0,0.36436931238595116,1.0,0.44510288434181133,0.8050889137792716,1.0,1.0,1.0,0.07261789770538288,1.0,0.8224954640470953,0.10982695895692801,1.0,0.0,0.0,0.0,0.0,0.0,1.0,0.9408031404206356,1.0,1.0,1.0,0.6481899143086212,1.0,0.24487465815587972,0.0,0.7158357473793856,1.0,0.09163546758944721,1.0,0.0,0.026540372544975304,1.0,0.024398319249076723,1.0,1.0,1.0,0.0,0.36788719072549686,1.0,1.0,0.7874635426442126,0.3033114083582751,1.0,0.7345938912622919,0.0
gex_possorted_bam_1WGCZ:CGCATTTGTTTAGCGAx-M2,0.05482188348376996,1.0,1.0,0.9346710844737505,0.0699097423187855,0.0,1.0,0.7002037534790084,1.0,1.0,0.0,1.0,1.0,1.0,0.16668146228646144,1.0,0.29356714686563296,0.14062028079570052,1.0,0.0,0.0,0.0,0.0,0.0,1.0,1.0,1.0,1.0,0.6845367982492269,1.0,1.0,0.0,0.0,0.7790749099222236,1.0,0.22917393807400724,1.0,0.2922129977757102,0.24714112213363518,1.0,0.3762353498715186,1.0,1.0,1.0,0.1006633438949334,0.6164317646669242,1.0,1.0,1.0,0.34436041642226817,1.0,0.9756112957899695,0.7693704427881731
gex_possorted_bam_1WGCZ:CGTAACCCATAAGCAAx-M2,1.0,0.9638680774308598,1.0,1.0,1.0,1.0,0.0,0.9548565343170945,0.9478574002560112,1.0,0.0,1.0,1.0,0.6721513179207166,1.0,0.22962956118037547,0.0,0.0,0.2703576455810159,0.6694097057341666,0.5466758643127924,1.0,1.0,0.8424496021001381,0.9355845469247096,1.0,0.0,1.0,0.7491129833403104,1.0,0.0,1.0,1.0,1.0,0.0,1.0,0.0,1.0,1.0,0.0,1.0,0.0,1.0,1.0,1.0,1.0,1.0,0.0,1.0,1.0,0.9293522469452371,1.0,1.0
gex_possorted_bam_1WGCZ:CGTGAGGAGAAACTGGx-M2,1.0,1.0,0.9854044899286687,0.9739248979956602,0.5706515310164756,0.5935000141845134,0.9126832248994667,1.0,0.6952469708395044,1.0,0.0,0.9907410953311953,1.0,0.8873743139932905,0.9633118306082508,0.6209891684379353,0.0,0.0,0.48861637040824685,0.3737118223520325,0.9383164133881008,0.7771203795850775,1.0,0.8404184555078852,0.7747221706365793,1.0,0.0,0.8872342044708242,1.0,0.9584102687479257,0.9669985033204792,0.773766687098664,1.0,0.9629747429954683,0.0,1.0,0.7156789197453268,1.0,0.9988396831298646,0.337741430013418,1.0,0.3727959443384734,1.0,0.6248076022776912,0.852871818458633,1.0,0.6167256936334559,0.0,0.8201861264842335,1.0,1.0,0.8423969750035195,0.7109922390205716
gex_possorted_bam_1WGCZ:CGGCTCACATTGTGCAx-M2,1.0,1.0,0.09393274794453457,1.0,1.0,1.0,0.078728117709676,1.0,0.30168839196661057,0.9273724475070163,0.0,1.0,1.0,0.4019611696094319,1.0,0.21826315730522597,0.0,0.2772611306239215,0.8772860603191286,0.5544720973944608,1.0,1.0,1.0,1.0,0.1970360344131138,1.0,0.0,1.0,0.8868147408452357,1.0,0.3509399013999602,1.0,1.0,1.0,0.0,1.0,0.039435762800650476,1.0,1.0,0.0,1.0,0.17600247530325658,0.6665530778031161,0.0,1.0,1.0,0.40676717239119037,0.0,1.0,1.0,0.929532684134726,1.0,0.6931723993735225
gex_possorted_bam_1WGCZ:CGGTGAACATTGTGTGx-M2,0.9523667812226286,0.8544051273543032,1.0,1.0,1.0,0.4493839870421298,0.0,1.0,1.0,1.0,0.0,1.0,1.0,0.8564969062934192,1.0,0.026092357478904208,0.0,0.0,0.0,0.179237030464745,0.0,0.3923566447174114,1.0,0.44821622091933155,0.9061500525921988,1.0,0.16795640960675434,1.0,0.5219658595078884,1.0,0.0,1.0,1.0,1.0,0.0,1.0,0.0,1.0,1.0,0.0,1.0,0.0,1.0,1.0,1.0,1.0,1.0,0.0,1.0,1.0,1.0,1.0,0.17719816202458602
gex_possorted_bam_1WGCZ:CGGAGCAAGGCGTAAAx-M2,1.0,0.9264654426801714,0.0,0.9894372054344742,1.0,1.0,0.2844700830210675,1.0,1.0,0.7947165381679709,0.7021365083315992,0.2699805827539636,0.6655088926298874,0.2273064672681102,1.0,0.0,0.3805197347551114,1.0,1.0,0.08975111260641151,1.0,1.0,1.0,1.0,0.6439102787290141,0.9536968121215142,0.07167521005408609,0.7027956419335054,1.0,0.6654952263633221,0.7255186157563802,0.9273598138901801,1.0,0.9124517595752755,0.0,1.0,0.29663214616408606,1.0,1.0,0.0,1.0,0.0,0.3880281223019493,0.42621868536951035,1.0,1.0,0.11187346909283973,0.1413153709983363,0.9369545637256723,1.0,1.0,1.0,0.3580598255589566
gex_possorted_bam_1WGCZ:CGGCTCACACTTGTTCx-M2,0.794959343924425,0.5108360422701126,0.0,0.7052134599111611,0.5546140168541942,0.6942221899689724,0.46296476042342255,0.7447589401796751,0.3732232328153802,0.47660009324996727,0.29630116438579585,0.5713731806120853,0.5430769035081244,0.44303697068723363,0.9335627958363315,0.24434551482589084,0.07183966442876004,0.5636326233036746,0.6721547479383306,0.2143588394128085,0.7837551120880784,0.8770073866884607,0.7352753910528151,0.9015992064024219,0.3736296914301285,0.5572422277892664,0.21983286181239547,0.4149315702193553,0.7420180550553372,0.49395425898620526,0.3943711848001151,0.8489440638647158,0.7615966840936151,0.59877880605533,0.18807810986561396,0.7052199686280377,0.16017464382068797,0.5724448495449205,0.5814952973485629,0.08748921198931284,1.0,0.4642433843742806,0.46420552908542334,0.422876411161028,0.818292203826769,0.7378387981213232,0.5613323014373129,0.488805802731596,0.5129626044897405,0.5547453347303888,0.7395808114903666,0.5949410330874758,0.717212813445654
gex_possorted_bam_1WGCZ:CGTAACCCATGACTATx-M2,1.0,1.0,0.20715273642772367,1.0,1.0,1.0,0.38325472217557305,1.0,0.23807415773852528,1.0,0.3213380069230195,0.7981324719101308,0.980404388747986,0.3514583877353068,1.0,0.3444906922481404,0.0,0.746435878039929,1.0,0.8719244870006398,1.0,1.0,1.0,1.0,0.43446081352677623,1.0,0.0,1.0,1.0,1.0,0.9919928810964519,1.0,1.0,1.0,0.0,1.0,0.17713264711937618,1.0,1.0,0.0,1.0,0.015502497355701566,0.8366959322012841,0.6262689991164779,1.0,1.0,0.29868705727348643,0.0,1.0,1.0,1.0,1.0,0.8882140163412241
gex_possorted_bam_1WGCZ:CGTACGGGTCATAACGx-M2,1.0,0.9883001008364842,0.05207796861537022,1.0,1.0,1.0,0.6817197204356432,1.0,0.5320771047466861,1.0,0.0,1.0,1.0,0.36059762304346593,1.0,0.0,0.0,0.0,1.0,0.9984598169051738,1.0,1.0,1.0,1.0,0.5457842754793806,1.0,0.0,1.0,1.0,1.0,0.91803197652877,1.0,1.0,1.0,0.0,1.0,0.05454803085628023,1.0,1.0,0.0,1.0,0.35922728453034797,0.7283223998613756,0.3388078706979139,1.0,1.0,0.2885964038770848,0.0,1.0,1.0,1.0,1.0,0.7035520795010299
gex_possorted_bam_1WGCZ:CGGCAATGTGAATCGCx-M2,0.8244194939648876,1.0,1.0,1.0,1.0,0.831533851317208,1.0,1.0,1.0,1.0,0.0,0.1953468467728396,1.0,0.9585548810368409,0.9053273762036456,0.09916693486318377,0.0,0.0,0.583321457259013,0.7020219879080877,0.507158882145106,0.5518201477845724,1.0,0.22869435098772403,1.0,1.0,0.5883034456250933,0.7668885618128781,1.0,0.4327861832037303,0.0,1.0,0.976598651793832,1.0,0.1962859907873812,1.0,0.0,1.0,1.0,0.245091426305834,1.0,0.1577325588983019,0.9425397542314291,1.0,0.6851438218179914,1.0,1.0,0.0,1.0,1.0,0.6825917955307481,1.0,0.6313579520737215
gex_possorted_bam_1WGCZ:CGTCATTGTTAGTTGGx-M2,0.0996974734197094,1.0,0.9476481383450183,0.9450739696611069,0.08716480182263617,0.0,1.0,0.8679752904367397,1.0,0.8136479533125367,0.0,1.0,1.0,1.0,0.24605949622028894,1.0,0.1111946325831375,0.0,1.0,0.0,0.0,0.0,0.0,0.0,1.0,1.0,1.0,1.0,1.0,0.9149489776003965,1.0,0.0,0.0,0.7648487673833008,1.0,0.23408904132977668,1.0,0.014880006085495914,0.04061429221768816,1.0,0.4011571805181169,1.0,1.0,0.8264299549116997,0.0,0.5020873020371791,1.0,1.0,1.0,0.6758487459437453,1.0,0.9131757361913017,0.0
gex_possorted_bam_1WGCZ:CGGCAATGTATTGTCCx-M2,1.0,1.0,0.5064316485130557,1.0,0.9598500017198481,0.39668489837559223,0.4396325071287486,1.0,0.8933302136976178,0.9997944030674694,0.0,1.0,0.8716373881733561,0.4228754207315003,1.0,0.0,0.0,0.0,0.40729811678006467,0.6625046320233853,0.904726155511813,0.7855649740734703,1.0,1.0,0.47761960431255923,1.0,0.0,0.7646363344880477,0.9728539557922107,0.8805243763872528,0.0,1.0,1.0,1.0,0.0,0.9807666051160397,0.2528420439809251,1.0,0.997956036958671,0.0,1.0,0.13199810311371088,0.7674227361223501,0.07544799511083956,1.0,1.0,0.40432425366253416,0.0,0.8969975924242752,1.0,0.8968620265396428,0.7868108787265328,0.23691370729390757
gex_possorted_bam_1WGCZ:CGTCCTAGTGTCCAAAx-M2,0.4777215951750468,0.7783840755625727,0.0,0.3864286568982818,0.43588684323820565,0.6472528176636153,0.24875887290265775,0.47509322358569794,0.0,0.48520685359465665,0.20736166323128624,0.4465396390252892,0.3593384915436041,0.0,0.5027714119416821,0.45316230218404047,0.3019733732272548,0.6878575748709375,0.026681924033503755,0.8191796196392616,0.8522668652673873,0.8089447378949106,0.49052670048615377,0.9163776324822626,0.0,0.24861455308361757,0.28233967717370606,0.669008360617019,0.5477175256409068,0.29864562275099826,0.5137168604672594,0.32869786273330254,0.4676676572437938,0.2724787317990461,0.40118961931937963,0.5872972283716056,0.20503294741979775,0.30727433840373797,0.4538952751984234,0.18258253067698973,0.36226974042858795,0.52548883401116,0.0,0.0,0.36640405819189553,0.38564340879774694,0.0,0.08726340871303064,0.4164673573633451,0.5103945493413247,0.18050608666694637,0.4016641443621824,1.0
gex_possorted_bam_1WGCZ:CGGTGAACAGCTCATAx-M2,1.0,0.8743722371126611,1.0,1.0,1.0,1.0,0.0,1.0,0.9101676344671292,1.0,0.0,1.0,1.0,0.10255544548489863,1.0,0.23733006593512157,0.0,0.0,0.44332713304501625,0.6485603575879647,0.7585199451033658,1.0,1.0,1.0,0.6094969218040316,1.0,0.0,1.0,1.0,1.0,0.0,1.0,1.0,1.0,0.0,1.0,0.0,1.0,1.0,0.0,1.0,0.22719216595904265,1.0,0.5626252292265339,1.0,1.0,1.0,0.0,1.0,1.0,0.878357762010577,1.0,0.46709796055840136
gex_possorted_bam_1WGCZ:CGGTTATAGTTATGTGx-M2,0.03689081290972471,1.0,1.0,0.8795039064874824,0.0,1.0,1.0,0.43326129246622314,1.0,0.7758868286714664,1.0,1.0,1.0,1.0,0.2625102876658254,1.0,1.0,1.0,1.0,0.0,0.0,0.0,0.0,0.0,1.0,1.0,1.0,1.0,1.0,1.0,1.0,0.04103078584902855,0.0,0.6372108139283356,1.0,0.20023569083525913,1.0,0.2253615759662014,0.2135948983638533,1.0,0.26264090784409294,1.0,1.0,1.0,0.0,0.4980826821903014,1.0,1.0,1.0,0.42737789478938837,1.0,0.893189303077138,0.0
gex_possorted_bam_1WGCZ:CGTGACATCTTGAGCGx-M2,0.976689837164364,0.8133806301841724,0.0,0.9993152083943347,0.38642838901690363,1.0,0.5732088384136441,1.0,0.6574878262546721,0.802069407836859,0.0,0.5138380274249869,0.07092705154069098,0.6165178765903586,1.0,0.0,0.0,0.11540718017800233,0.7515261717859255,0.4250568269799533,1.0,1.0,0.9351862479325618,0.6848126930457797,0.4611926719538971,0.8124167263539631,0.07446737871413678,0.7276390778270253,0.5401979800663039,0.8487707171219715,1.0,1.0,1.0,1.0,0.1203818925746215,1.0,0.4745836898266481,0.8311807675355632,0.8961628018522868,0.32791900867709495,1.0,0.5877982487708205,0.35680334076559894,0.0,1.0,0.8452970143812166,0.46916597500829454,0.5246492771328707,0.907266193889696,1.0,0.44875496701148315,0.8155522791897902,1.0
gex_possorted_bam_1WGCZ:CGTCATTGTAGTTGGCx-M2,0.22975799398299454,0.6580159650239316,1.0,0.4742601433442128,0.0,0.962007754597389,1.0,1.0,0.639286528900109,1.0,0.0,1.0,0.49093422266940256,1.0,0.8466316177542696,0.8460069367970384,1.0,1.0,1.0,1.0,0.35142315259321705,0.0,0.7745341823378822,0.08947627636497016,0.28798236592547705,0.33718802954916915,0.04528238788911154,1.0,1.0,0.7554824179864401,0.0,0.0,0.5381692493271791,0.157888941630301,1.0,0.9571276147966576,0.3755482781518139,0.8488583462609502,1.0,0.5658403903202927,1.0,1.0,0.9911339536917682,0.3242367057869741,1.0,0.10872304555747171,1.0,0.5444032714471425,0.33792820670054946,1.0,0.0,0.0,1.0
gex_possorted_bam_1WGCZ:CGTCCTAGTCAAAGGGx-M2,1.0,0.9044358632586061,0.2496317567005384,1.0,1.0,0.38449871503626015,0.6400561437278065,1.0,0.7143436370646404,0.8945410362929183,0.0,1.0,0.8089629130145772,0.3591963891757799,1.0,0.6015851135649862,0.0,0.0,0.4494641134056405,1.0,1.0,1.0,1.0,1.0,0.0705152440852598,1.0,0.0,1.0,1.0,1.0,0.08053679118183026,1.0,1.0,1.0,0.0,1.0,0.18583294442962311,1.0,1.0,0.0,1.0,0.0,0.9677464774356604,0.656770674126493,1.0,1.0,0.6720514839245946,0.0,1.0,1.0,1.0,1.0,0.0
gex_possorted_bam_1WGCZ:CGGGTCTAGAACAAGTx-M2,0.13632074643253494,1.0,1.0,0.9932625105022633,0.3733047014089763,0.0,1.0,0.8323745112062652,1.0,0.6609978263478143,0.0,1.0,1.0,1.0,0.39045171180547733,1.0,0.0,0.0,1.0,0.0,0.0,0.0,0.0,0.0,1.0,1.0,1.0,1.0,1.0,0.7365237116558023,1.0,0.3970105013735962,0.0,0.9297467969087849,1.0,0.21922602319946136,1.0,0.10138944505183375,0.19432410332815828,1.0,0.3650037166751365,1.0,1.0,1.0,0.0,0.6468894224930637,1.0,1.0,1.0,0.93018930140709,1.0,1.0,0.07652536537941519
gex_possorted_bam_1WGCZ:CGGGTCTAGGGTGAACx-M2,0.12563798917283012,1.0,1.0,0.928826874365326,0.0,0.0,1.0,0.8660209691098298,1.0,0.7226892265815064,0.0,1.0,1.0,1.0,0.147973802222188,1.0,0.0,0.0,1.0,0.0,0.0,0.0,0.0,0.0,1.0,1.0,1.0,1.0,1.0,0.9360246061765781,1.0,0.0,0.0,0.8075786206697009,1.0,0.2899944038249078,1.0,0.11616163503376088,0.11956530207927354,1.0,0.2057498914696664,1.0,1.0,1.0,0.1151826927173524,0.5592121567998826,1.0,1.0,1.0,0.5893374990667652,1.0,0.9149441353821038,0.0
gex_possorted_bam_1WGCZ:CGTAATGGTTAGTACGx-M2,1.0,1.0,1.0,1.0,1.0,1.0,0.0,1.0,1.0,1.0,0.0,1.0,1.0,0.5125864877139924,1.0,0.2593981281393105,0.0,0.0,0.16143123910678434,0.5544872415875794,0.6149461758979026,1.0,1.0,0.807621239672348,0.9763333276377595,1.0,0.0,1.0,0.6974341829464507,1.0,0.0,1.0,1.0,1.0,0.0,1.0,0.0,1.0,1.0,0.0,1.0,0.0,1.0,1.0,1.0,1.0,1.0,0.0,1.0,1.0,0.959575814974391,1.0,1.0
gex_possorted_bam_1WGCZ:CGTAACTAGAATCGCTx-M2,0.9149208050496701,0.4991964381455003,0.0,0.8729440924057386,0.5936844601431904,0.9509368206614743,0.29187777263580944,0.9382904795746634,0.21924274731291343,0.6269064955690242,0.11346307640636237,0.6970101705541025,0.6341978512753004,0.5418580032309327,0.7789278636482717,0.25888349941596345,0.0,0.6640693314288048,0.7936617462507827,0.3832212902684294,0.9464906807738497,1.0,0.7975294179563502,1.0,0.5805674406953811,0.6358894489603504,0.018984958668375622,0.4953811471313357,0.7037365026076969,0.5556900275868036,0.20871639497577185,0.9130890962256621,0.8407285696627049,0.8769967207850158,0.01037688633496705,0.9096823510044038,0.1473319190320283,0.810843933378146,0.7335027603933555,0.008641545643433885,1.0,0.12305762280476489,0.5813572795434117,0.0,0.9549816352699028,0.8036422191572942,0.10274170732071554,0.24244827060009733,0.6173992758557729,0.7958492439505858,0.9400441760991318,0.7625129008656872,0.42232641362787016
gex_possorted_bam_1WGCZ:CGGTGAACAATTTAGCx-M2,0.05716233687063638,1.0,1.0,0.8025429129298731,0.0,1.0,1.0,0.4401514355060359,1.0,0.7008178152316467,1.0,1.0,1.0,1.0,0.27431111342926545,1.0,1.0,1.0,1.0,0.0,0.0,0.0,0.0,0.0,1.0,1.0,1.0,1.0,1.0,0.9063014326397968,1.0,0.2761591216597887,0.0,0.6380696896395672,1.0,0.27088884979577366,1.0,0.2559137963305016,0.17757759031616238,1.0,0.26211527424296266,1.0,1.0,1.0,0.053083126997346415,0.39601320013283287,1.0,1.0,0.9726801966765162,0.35887098300534337,1.0,0.8178817327311758,0.0
gex_possorted_bam_1WGCZ:CGTCATTGTGCACGCAx-M2,0.9569897808886692,0.4975322363904619,0.0,0.7973719647626645,0.9174975178930711,1.0,0.20046378165700024,0.8609825618835836,0.19139819900486607,0.7216792418956196,0.5887108047859732,0.12716271433689202,0.5025310510329183,0.23192799229820457,0.8953599396858399,0.20345671746040797,0.2766097250990753,1.0,0.9424690578046391,0.5165806648191077,1.0,1.0,0.847394269968849,1.0,0.5411735455377594,0.6526053842477852,0.0015895239114811811,0.7235288188378954,0.7226209440539993,0.7553920321502979,0.657879982608354,0.7689681508128106,0.8734850062766712,0.8208174350372957,0.0,0.981631001472723,0.19054400073713912,0.7896752932581718,0.8029483521922997,0.03236085689935963,0.5677513715591644,0.15910697328757864,0.5034987114616456,0.0,1.0,0.8332759947172304,0.0,0.10569973489900976,0.5871561824630072,0.8463591145745935,0.5610852863967009,0.8744540236717203,1.0
gex_possorted_bam_1WGCZ:CGTGAGGAGGCGGGTAx-M2,0.7659934466997796,1.0,1.0,1.0,1.0,0.7324566089711386,1.0,1.0,1.0,1.0,0.0,0.18540297259048122,1.0,1.0,0.9364462109833888,0.0,0.0,0.0,0.49037967990409076,0.5560492133266597,0.2946362234003106,0.49170916057472663,1.0,0.0778533087003741,1.0,1.0,0.6287461338986567,0.5502669254383716,1.0,0.40476610057973883,0.0,1.0,0.9738314425453529,1.0,0.21052932938398244,1.0,0.0,1.0,1.0,0.1775840344692585,1.0,0.030364075181402772,0.9810371706547292,1.0,0.48579686239678394,1.0,1.0,0.0,1.0,1.0,0.7610126513625134,1.0,0.6680910924304274
gex_possorted_bam_1WGCZ:CGGTGAGAGTGAACCTx-M2,1.0,1.0,0.0,1.0,1.0,1.0,0.4244390690507505,1.0,0.2603111062180693,1.0,0.16007591967065257,1.0,0.9598803653427452,0.6672453192472835,1.0,0.26189741300408387,0.0,0.6088017403664295,1.0,0.8517416275013123,1.0,1.0,1.0,1.0,0.42184362764026123,1.0,0.0,0.9502022294757171,1.0,1.0,1.0,1.0,1.0,1.0,0.0,1.0,0.17337251499810058,1.0,1.0,0.0,1.0,0.5507767381034123,0.87031062203451,0.3783786035707422,1.0,1.0,0.4118765601588595,0.20103178337485567,1.0,1.0,1.0,1.0,0.8929868697795511
gex_possorted_bam_1WGCZ:CGTAACTAGTTTCCGCx-M2,1.0,0.9426244816698838,1.0,1.0,1.0,0.9707762594019507,0.0,0.930750205332387,0.7938443783798066,1.0,0.0,1.0,1.0,0.5630115411664529,1.0,0.19293721441094006,0.0,0.0,0.3449135894686095,0.3504495785765818,0.5067952050884376,0.9438026572697238,1.0,0.8629746669177074,0.524960188626649,1.0,0.0,0.6510959903697097,0.4743098345650783,1.0,0.0,1.0,1.0,1.0,0.0,1.0,0.0,1.0,1.0,0.0,1.0,0.0,1.0,0.5994014497125035,1.0,1.0,1.0,0.0,1.0,1.0,1.0,1.0,0.6880586985969124
gex_possorted_bam_1WGCZ:CGTAGCGGTCATCAAGx-M2,1.0,1.0,0.0,1.0,1.0,1.0,0.9402922339585458,1.0,0.7152739845453996,1.0,0.0,0.9151728675796005,0.8966881356190506,0.4422161797772336,1.0,0.26786248876452795,0.0,0.5736862410761371,0.8909412384627398,0.6169777618346304,1.0,1.0,1.0,1.0,0.9968365706027221,0.8851466712940244,0.0,0.9009897656209398,0.9112140401947572,0.9841530394289929,1.0,1.0,1.0,1.0,0.0,1.0,0.2640510953813219,1.0,1.0,0.2663078892158537,0.5825244535946734,0.12837203733839825,0.6501743211412128,0.0,1.0,1.0,0.33749799635717637,0.0,0.9705527887247927,1.0,1.0,1.0,1.0
gex_possorted_bam_1WGCZ:CGGAGTCTCATGAAGGx-M2,1.0,1.0,0.08583851127875333,1.0,1.0,1.0,0.5094879921451019,1.0,0.23502981360144493,1.0,0.7344007838340886,0.33135312401536454,0.9480658035495115,0.6516765020871802,1.0,0.4697209578658088,0.3358381592230006,1.0,1.0,0.6824986554752592,1.0,1.0,1.0,1.0,0.6835938467468667,0.9801804190670114,0.0,1.0,1.0,1.0,1.0,1.0,1.0,1.0,0.0,1.0,0.14004447297765982,1.0,1.0,0.0,1.0,0.17242345841234927,0.7543625054316694,0.7291259194763456,1.0,1.0,0.47993257163384756,0.0,1.0,1.0,0.8003925821216313,1.0,1.0
gex_possorted_bam_1WGCZ:CGTAACCCAGCCTGCAx-M2,1.0,0.8097631479048517,0.5259711781812934,1.0,1.0,0.8202111105201584,0.245433417116024,1.0,0.3684855672502265,0.9793453839272367,0.0,0.9255557818413627,0.8448417578550104,0.44295791584199123,1.0,0.08835333908214214,0.0,0.0,0.5414202220852262,0.7836370632877565,1.0,0.9955479978798161,1.0,1.0,0.5717671364864798,1.0,0.0,0.7160317632566396,0.8254254741297464,1.0,0.27347568874426775,1.0,1.0,0.9197189030446642,0.05422537595975009,0.9234665540600792,0.30370555732816623,1.0,1.0,0.0,1.0,0.30963611870035507,0.687776814120048,0.43475237756623,0.8257306867917416,1.0,0.4719391998596065,0.0,0.9403737449588736,1.0,1.0,0.8562798612905178,0.23184715937739883
gex_possorted_bam_1WGCZ:CGGCAATGTGCACGCAx-M2,1.0,0.7536040720297488,0.0,1.0,1.0,0.7418053310727383,0.5383340361081471,1.0,0.5456614344321538,0.7477024902684146,0.0,0.9042879601128081,1.0,0.38874119216388536,1.0,0.0,0.0,0.0,0.5539208045739514,0.4444829431898785,1.0,0.967092025218673,1.0,1.0,0.5576536451348443,1.0,0.0,0.9866215782269354,1.0,0.8130611482544365,0.042192057981596746,1.0,1.0,0.9636622308395908,0.0,1.0,0.43475094439265016,1.0,1.0,0.0,1.0,0.0,0.41561997017522273,0.0,1.0,1.0,0.1443926088025821,0.0,0.8194678334082434,1.0,0.930411743027718,0.8718315709023435,0.02012624962242822
gex_possorted_bam_1WGCZ:CGGGCTTAGAAGGTGCx-M2,0.788909349409261,0.4434163806153986,0.9802314139182976,0.8108738957182989,1.0,1.0,0.0,0.6714654690507211,0.38852067889802977,1.0,0.06167710973427738,0.362944333660017,0.6858883434969849,0.1515877541805717,1.0,0.023221480206202766,0.0794909760961198,0.0,0.0,1.0,0.7049319655670567,1.0,1.0,0.8598081203304803,0.5086841943632195,0.956971857216406,0.09692054864731983,0.5126902974785711,0.34407624874268466,1.0,0.030277290162857035,1.0,0.8613891923739473,0.7571077704410242,0.008860295027479174,0.8503266830621927,0.0,0.6891698302617981,0.845049211833733,0.0,1.0,0.0,0.706743735327054,0.6136938851486209,0.9787732507324657,0.7874248870483369,0.5724715880627058,0.0,0.8008659934315624,1.0,0.6532203917002259,0.8246573790494925,1.0
gex_possorted_bam_1WGCZ:CGGCTCACAGCTCATAx-M2,1.0,1.0,0.43076184437146064,1.0,0.6396285464204655,0.6279672251192123,1.0,1.0,0.8667495227516503,1.0,0.0,1.0,0.9834123948528188,1.0,1.0,0.649614191514695,0.0,0.0,0.4501888233992778,0.5064951918419331,1.0,0.7502037287526285,1.0,1.0,0.8230215232909772,1.0,0.0,1.0,1.0,1.0,1.0,1.0,1.0,1.0,0.0,1.0,0.6569940569392922,1.0,1.0,0.45234151063281736,1.0,0.728872686993613,0.8901261836183212,0.49216037241269395,1.0,1.0,0.6610059877394104,0.0,1.0,1.0,1.0,1.0,0.25158281773371877
gex_possorted_bam_1WGCZ:CGTGAGGAGGCTAATCx-M2,0.09079650629683744,1.0,1.0,0.9526955139572959,0.0,0.0,1.0,0.7701978080395264,1.0,0.6754932349588194,0.0,1.0,1.0,1.0,0.16818976200326466,1.0,0.0,0.0,1.0,0.0,0.0,0.0,0.0,0.0,1.0,1.0,1.0,1.0,1.0,0.8682784909330299,1.0,0.1955150528639345,0.0,0.9097171725950857,1.0,0.23854077541645496,1.0,0.10341348626883594,0.0874497411342341,1.0,0.22958344575351097,1.0,1.0,1.0,0.04957705672259267,0.5842156789932066,1.0,1.0,1.0,0.5786249971990284,1.0,0.9582541218015803,0.0
gex_possorted_bam_1WGCZ:CGGCAATGTTGGTTGAx-M2,0.8747085936429643,0.4818755931854535,0.0,0.7703807560512479,0.8799221154168664,1.0,0.1601812166948967,0.7597038799072993,0.054118963522563825,0.6853004377120445,0.6498540910448972,0.06511399237938544,0.4707228017891774,0.42384857349648103,0.6476880923394616,0.10667582967985534,0.39114125937939803,1.0,0.7629017222409787,0.7410720106127563,1.0,1.0,0.8284380423215024,1.0,0.2975352042539335,0.5570491211264657,0.0,0.6954641475175304,0.788862218445211,0.8920702792919846,0.7171343180065542,0.8799015536008921,0.792512725800084,0.8891698954800263,0.0,0.9234095806097978,0.09903769250386456,0.8127361816165171,0.7669187017019743,0.2294038040875969,0.5524490585286032,0.2922093678290863,0.4025569593679568,0.0,0.9782691957269454,0.7178405675566147,0.0,0.19667266099108574,0.6055214878256687,0.7170995549302559,0.5489312627754451,0.8134602584345697,1.0
gex_possorted_bam_1WGCZ:CGTACGGGTTCCTGTGx-M2,1.0,1.0,0.0,1.0,1.0,1.0,0.7092101080928701,1.0,0.8018823730234679,1.0,0.0,1.0,1.0,0.12094056055687935,1.0,0.204620806558798,0.0,0.58197888015261,0.9913653742422929,0.7064788408448655,1.0,1.0,1.0,1.0,0.8389897010822006,1.0,0.0,1.0,1.0,1.0,0.7826446251094299,1.0,1.0,1.0,0.0,1.0,0.182901881822536,1.0,1.0,0.0,1.0,0.061447613098662535,0.7589371676944922,0.5056158445839111,1.0,1.0,0.2083241003708928,0.0,1.0,1.0,1.0,1.0,1.0
gex_possorted_bam_1WGCZ:CGGATTAGTAGGTTTGx-M2,0.9802736554019137,0.7659531855024865,0.0,0.7973456057198478,0.8674837037639934,1.0,0.4344356817944925,0.8369695905843643,0.33078016793460535,0.7934317832588017,0.27075422868823584,0.375456635248992,0.7647605529541466,0.08430774789558768,0.9661819453450343,0.0069817829239789825,0.16082591822462938,0.6999067500453654,0.8804735422084361,0.4435872141953209,1.0,1.0,0.9243936341297786,1.0,0.6704549667759735,0.7397077588243567,0.0,0.7996872838132727,0.9795609825452171,0.8597411406961624,0.6123500024278019,1.0,0.9112112743591317,0.8823430168129917,0.1695758563340978,1.0,0.16612097818970617,0.9036234183132228,0.9488184901862422,0.22563523040194725,0.5248972223585947,0.4637009006486318,0.5036246879417028,0.05819154965170655,1.0,0.8885985926782081,0.2811022065104086,0.18264987319357703,0.8012713217242906,0.822676793864745,0.923823764041737,1.0,0.9148362312596836
gex_possorted_bam_1WGCZ:CGTAGTTAGGTCCACAx-M2,0.9772055655173963,1.0,0.47755746348812683,1.0,0.2402927398306752,0.7337883571521003,1.0,1.0,0.1361111073620641,1.0,0.0,1.0,0.9352775636800699,1.0,1.0,1.0,0.0,0.0,0.6485102260897064,0.13116248471974204,0.7597339671014278,0.7347640057312841,0.7405381286071634,1.0,1.0,0.9261472796881056,0.0,1.0,1.0,1.0,1.0,0.9855201153098896,0.9408885267448003,1.0,0.0,1.0,1.0,1.0,1.0,1.0,0.9728391362793326,0.5605728569446389,0.9300023877677379,1.0,1.0,1.0,0.5747511431030244,0.0,1.0,0.7694721477296144,1.0,1.0,0.7900427888923914
gex_possorted_bam_1WGCZ:CGTCATTGTTTCGCGCx-M2,0.19595913023918976,1.0,1.0,0.3415452521606574,0.0,0.5554771137039266,1.0,0.9001266595922923,0.32104303548396057,1.0,0.0,1.0,0.1324825149073752,1.0,0.7856185627258966,0.8827458689423989,0.6719292635279055,0.0,0.0,1.0,0.4882994177410727,0.1910595021791088,0.3424618453358281,0.828792924416415,0.08764632988733553,0.14954198497593701,0.0,1.0,0.8398945655519621,0.3857767839114857,1.0,0.0,0.4011447031260442,0.6117415342120532,0.5632255205443663,0.72492565463544,0.5531222617424219,0.365027942096237,0.743134592541113,0.9120355397974335,1.0,1.0,0.0,0.35188630551435013,0.5842258830168396,0.32890609457907205,0.1465734905374135,0.0,0.4506677319612063,0.59061492040999,0.0,0.16642627150684525,0.9547432161960389
gex_possorted_bam_1WGCZ:CGGCAATGTTGCAATGx-M2,1.0,1.0,0.6609924815250678,1.0,1.0,1.0,0.0,1.0,0.36464402572086335,1.0,0.06357859029743894,0.8866484885866343,1.0,0.4379469882207228,1.0,0.09337445905308757,0.0,0.055914826126245744,1.0,0.7047631207801262,1.0,1.0,1.0,1.0,0.2627035759532586,1.0,0.0,0.9519938646097251,0.8764140728780498,1.0,0.4234825849802301,1.0,1.0,1.0,0.0,1.0,0.17685113441522465,1.0,1.0,0.0,1.0,0.25250987684940757,0.8210678396478878,0.3639377345356437,1.0,1.0,0.5513059441551369,0.018974801762527804,1.0,1.0,1.0,1.0,0.2648517730935542
gex_possorted_bam_1WGCZ:CGGCAATGTCAAGTGCx-M2,1.0,1.0,0.0,0.9239148549210744,0.7617535620204875,1.0,0.8633815123489734,1.0,0.9524134726873456,1.0,0.0,1.0,1.0,1.0,0.9810829568637586,0.7174222556575117,0.0,0.4470377935192843,1.0,0.5829406875164069,1.0,1.0,1.0,1.0,1.0,0.895303562043177,0.0,1.0,1.0,1.0,1.0,1.0,0.9641396383012824,1.0,0.027956939701156668,1.0,0.9350905685165722,0.9173425285077937,0.9641318658248498,0.44423483010589404,0.5798726049024127,1.0,0.9814705033807005,0.6200250030160019,1.0,1.0,0.7316041826514793,0.8427719359458063,0.9498529743066532,0.9938510983881377,1.0,1.0,0.8967912430690081
gex_possorted_bam_1WGCZ:CGGTAACGTGGAGCAAx-M2,0.7751798969151079,1.0,1.0,0.9694889739930557,0.13990615526467126,0.8010946023781436,1.0,1.0,1.0,1.0,0.0,1.0,1.0,1.0,1.0,1.0,0.0,0.0,0.49322404927983177,0.4489202511293782,0.6007113822227316,0.5514595578932061,0.7194086983878836,0.9808889412572387,1.0,1.0,0.0,1.0,1.0,0.8120460112867555,1.0,1.0,0.7748849781090774,1.0,0.0,1.0,1.0,0.9813911884536187,1.0,1.0,0.8243932411436613,1.0,1.0,1.0,1.0,1.0,0.6536399580042045,0.44834031559815013,1.0,1.0,1.0,1.0,0.6908594141827549
gex_possorted_bam_1WGCZ:CGTATTGCACAATACTx-M2,0.07693286202776944,1.0,1.0,0.9769515047318457,0.0,0.2554244522530689,1.0,0.8723160042663889,1.0,0.5996189195811844,0.5928817187692779,1.0,1.0,1.0,0.11449485349989272,1.0,0.8975536390524803,1.0,1.0,0.0,0.0,0.0,0.0,0.0,1.0,1.0,1.0,1.0,1.0,0.8875805077107591,1.0,0.04526261230585911,0.0,0.792689641838644,1.0,0.26340141725054983,1.0,0.07942749680051645,0.023340811446275474,1.0,0.12504973477973913,1.0,1.0,1.0,0.10372173791929609,0.524389894941165,1.0,1.0,1.0,0.5710327050572317,1.0,0.9212596820357085,0.0
gex_possorted_bam_1WGCZ:CGTGAGGAGCCTGTTCx-M2,0.8448889568603347,0.5384977137921506,0.0,0.5572044505750761,0.9560125610235284,1.0,0.10008326865777406,0.5262167358586705,0.8695272774995668,0.43264306504739247,0.534089340553426,0.6593131432668254,0.7712314640127574,0.08131144546136611,0.7078581526654757,0.04902481204646661,0.3862847010958267,0.8645496741161085,0.8799586984640025,0.4859030490763962,1.0,1.0,0.7690721435713933,1.0,0.3356808367628372,0.5400866147127316,0.05478760431321884,0.6769345307657425,0.7835707188641059,0.7768486205184121,0.0,0.8832376502014866,0.7750595739063479,0.5261314084865315,0.13222582276820774,0.8601744123479265,0.118751789622114,0.8591320336189053,0.7265050398283858,0.13471928659981228,0.7702851799222402,0.5381684625017962,0.6625342757049713,0.6923678896609455,1.0,0.7400436540731931,0.0,0.45798461705364224,0.6372198316786888,0.6478451681693225,0.6738455173223499,0.7974485619705689,0.7672285290334779
gex_possorted_bam_1WGCZ:CGGGCTTAGGGACGCAx-M2,1.0,0.9558048053217906,0.0,1.0,0.8385938256812883,1.0,0.6727527237441009,1.0,0.4240255589042048,1.0,0.3644303983699075,0.5897485939302018,0.8337500221574087,0.7626488125997176,1.0,0.31780716274137993,0.16895051632093594,0.935117715223118,0.8882662579981297,0.7298453726556834,1.0,1.0,0.9173358810992038,1.0,0.34682130294553115,0.754607731778172,0.0,0.9476550892086053,1.0,0.9384582588304252,1.0,0.9139828723087218,1.0,0.8801354740562339,0.006057092072195087,1.0,0.2104054441460111,0.9547788529896293,1.0,0.14575007336213955,1.0,0.05790528149774021,0.3743292479280825,0.30983789767338954,1.0,0.9652220593350364,0.2449359000495796,0.11164460136185195,0.8663754762171707,0.8966117394018585,1.0,0.9353560848510322,0.7353180363401212
gex_possorted_bam_1WGCZ:CGGCCATAGGCATTGTx-M2,0.05831883701542396,1.0,1.0,0.9037818738723024,0.2896381430745558,0.0,1.0,0.7327342808418805,1.0,1.0,0.0,1.0,1.0,1.0,0.30395140727112807,1.0,0.0,0.0,1.0,0.0,0.0,0.0,0.0,0.0,1.0,1.0,1.0,1.0,1.0,0.9561082019247238,1.0,0.0,0.0,0.8145258748759464,1.0,0.26667994924598687,1.0,0.2812075189821418,0.21940640312955223,1.0,0.24616367905711065,1.0,1.0,1.0,0.009207117064876173,0.5457680059968314,1.0,1.0,1.0,0.5412345827846724,1.0,1.0,0.04477237912051793
gex_possorted_bam_1WGCZ:CGGCTCACAGGCTACTx-M2,1.0,1.0,1.0,1.0,1.0,1.0,0.06374536835376621,0.9492859794720812,0.45635003649536793,1.0,0.37590222626227454,0.53635667823318,1.0,0.3712267415284335,1.0,0.11091661733906939,0.1577579735069153,0.6225357571065128,0.8505846325077409,0.822490652410238,1.0,1.0,1.0,1.0,0.9857905720681478,1.0,0.0,1.0,0.7661697745154485,1.0,0.7423570356622275,1.0,1.0,1.0,0.0,1.0,0.0,1.0,1.0,0.016796056901365673,1.0,0.0,1.0,0.7569154682999595,1.0,1.0,0.9259801311783882,0.0,1.0,1.0,0.79341219524875,1.0,1.0
gex_possorted_bam_1WGCZ:CGGCAATGTGTGAGAGx-M2,0.06194813809506827,1.0,1.0,1.0,0.08177192404306889,0.0,1.0,0.8834026369492867,1.0,1.0,0.0,1.0,1.0,1.0,0.14924996829002007,1.0,0.0,0.0,1.0,0.0,0.0,0.0,0.0,0.0,1.0,1.0,1.0,1.0,1.0,0.4741162174478152,1.0,0.3645841557148066,0.0,0.9647074640914957,1.0,0.25929923109372904,1.0,0.0,0.0,1.0,0.09128814968695372,1.0,0.9221230870644285,0.0,0.0,0.5192755737496911,1.0,1.0,1.0,0.7393778833320204,1.0,1.0,0.4230366451050205
gex_possorted_bam_1WGCZ:CGGGACAAGGCGGATGx-M2,1.0,1.0,1.0,1.0,1.0,0.6864336164722421,0.14005962024709614,1.0,0.33431509631827094,1.0,0.0,1.0,1.0,0.7667011604297141,1.0,0.37708694874066956,0.0,0.0,0.8431705186418019,0.6776400913688314,1.0,0.8868033400706806,1.0,1.0,0.14082064170907818,1.0,0.0,0.8682785601853704,1.0,1.0,0.2753569257383109,1.0,1.0,1.0,0.0,1.0,0.40949553763140034,1.0,1.0,0.0,1.0,0.17422388073157336,0.9307490122232724,0.3346578059668402,1.0,1.0,0.8664358334060507,0.031847961205004355,1.0,1.0,1.0,1.0,0.0
gex_possorted_bam_1WGCZ:CGGTGAGAGTCAGGCCx-M2,1.0,0.6909925782088427,0.0,1.0,1.0,1.0,0.6303402006799202,1.0,0.3127781859954581,0.9403605393244879,0.36066281752119217,0.6394957770118644,0.7980456260815502,0.5715010057779216,1.0,0.2829924591374478,0.0,0.9699102392118991,1.0,0.3631285243031923,1.0,1.0,1.0,1.0,0.6839648224920996,0.8218326014881228,0.0,0.7179067567378111,0.6984532449669353,0.9456895991417446,1.0,1.0,0.992093385117999,1.0,0.0,1.0,0.15098732242933138,1.0,1.0,0.0,0.7949428609208851,0.14013618441746634,0.3943607775826855,0.0,1.0,0.995960339034891,0.05403386754144004,0.00949447036703732,0.8005449488611689,0.9719045562708356,0.9559479277019983,1.0,1.0
gex_possorted_bam_1WGCZ:CGTAACTAGGAGGACTx-M2,1.0,0.9945636383380337,0.13222036110693638,0.9739050696366383,0.47298175960583366,0.879832242189856,0.8806735561516248,1.0,1.0,0.9451942371135681,0.0,1.0,0.6175763447352279,0.2701358533728294,1.0,0.026271131900111235,0.0,0.0,0.4635442359423711,0.8885583396081206,1.0,0.9876375922379179,1.0,0.8159965976277459,0.5545958078508783,0.919961579550144,0.0,0.8708385209207294,0.9222169175308996,0.9786600598171097,0.7807176026497394,0.938187312692257,1.0,1.0,0.08887169360547077,1.0,0.32728830351981003,1.0,1.0,0.209046941472703,1.0,0.27496792352885274,0.5479088021780245,0.0,1.0,0.9666214542575031,0.24346623342165646,0.0020434817958122735,0.991329453461106,1.0,0.6834067673156672,0.8726151542494842,0.9867236372347894
gex_possorted_bam_1WGCZ:CGGCCATAGCCGCAGTx-M2,1.0,0.919566900127786,0.0,1.0,1.0,1.0,0.46031747838290604,1.0,0.3268780525143823,0.9592637723688263,0.31268446607305855,0.5062686082990882,0.7781677986664202,0.4474772620424686,1.0,0.1991369368424851,0.02812241744348439,0.7837387332803161,1.0,0.711608194317051,1.0,1.0,1.0,1.0,0.4356866473198124,1.0,0.0,0.9723633619418204,0.965708541275619,1.0,0.8638315155303075,1.0,1.0,1.0,0.0,1.0,0.17660324223587534,1.0,1.0,0.0,1.0,0.09940368152843108,0.6264396370384206,0.33280021642636365,1.0,1.0,0.0,0.0,0.9696152102260538,1.0,0.9573225503777014,1.0,0.7127534029940368
gex_possorted_bam_1WGCZ:CGTCAATAGACTCGCAx-M2,1.0,1.0,0.0,1.0,0.918269192111727,1.0,0.4373236632699818,1.0,0.6624962908533942,0.9002813791464511,0.1491809156644845,1.0,1.0,0.36460642880881233,0.9837689047787829,0.19801882070647026,0.0,0.5036844645240668,1.0,0.4953157077806792,1.0,1.0,1.0,1.0,0.706517545066097,0.9421289426616577,0.0,0.9764318363258863,0.7154701653209603,1.0,0.3536234182254849,1.0,1.0,1.0,0.0,1.0,0.10233116227031881,1.0,1.0,0.0,1.0,0.3738642199828279,0.5812883476621153,0.19173219894696558,1.0,1.0,0.4477337448535359,0.0,0.9528626719280301,1.0,1.0,1.0,1.0
gex_possorted_bam_1WGCZ:CGGTAACGTTCACTGTx-M2,0.038318123218716964,1.0,1.0,0.8831302620071669,0.10843363390872647,0.24672541990756014,1.0,0.5762388939903105,1.0,1.0,0.4340724526247324,1.0,1.0,1.0,0.21625856851074524,1.0,1.0,1.0,1.0,0.0,0.0,0.0,0.0,0.0,1.0,1.0,1.0,1.0,0.5840695580433198,1.0,1.0,0.0,0.0,0.7762794537171395,1.0,0.1860753582899547,1.0,0.29746350319668274,0.2388283658169826,1.0,0.4817903325111792,1.0,1.0,1.0,0.0,0.6104496794072889,1.0,1.0,1.0,0.28640787834992404,1.0,0.8334542249192586,0.5180646284840221
gex_possorted_bam_1WGCZ:CGTATTGCAACTCGCGx-M2,1.0,1.0,0.0,1.0,1.0,1.0,0.7158199094176779,1.0,0.2349868173860758,1.0,0.45328948544700626,0.5388616629741755,0.9691795786875776,0.16845491011001162,1.0,0.33489173904564806,0.13579181886095795,1.0,1.0,1.0,1.0,1.0,1.0,1.0,0.8867585076023203,0.9297925768643724,0.0,1.0,1.0,1.0,1.0,1.0,1.0,1.0,0.0,1.0,0.13589265385029975,1.0,1.0,0.077283819526381,0.8937115885379373,0.0,0.8014141252267887,0.7164797616805718,1.0,1.0,0.1580992817286979,0.0,0.9238183303817525,1.0,1.0,1.0,0.8555278799039501
gex_possorted_bam_1WGCZ:CGTCAATAGCTCATAAx-M2,0.5398207083189163,0.42008904321885304,0.0,0.40445801447019075,0.49084878634938944,0.9696832007719834,0.0,0.4608840847252056,0.1137958145080288,0.44726766263350737,0.6662657081200203,0.0,0.17652926535238228,0.09222623137089249,0.4996571576240868,0.07919108707608037,0.4794970789687126,0.8250538445987338,0.19667955833722983,0.5385301631287945,0.8664520644707241,0.8699998165730588,0.546034244035889,0.9199577252607135,0.0,0.2625161987990398,0.2591943833835918,0.23969308534505926,0.08696897189234572,0.3404815635257134,0.3636416917821636,0.3676201920621923,0.5041304149546492,0.46070912970972655,0.041716371861707714,0.5396537831201957,0.0,0.5112975201034355,0.4418989158675136,0.09655147215922633,0.47523774418347015,0.0,0.24585853341514813,0.0,0.6239022291772339,0.48408737402193674,0.0,0.2567953226475695,0.30761410352145074,0.2945067293786892,0.3130019644891451,0.4143811394024118,1.0
gex_possorted_bam_1WGCZ:CGTATTGCAGGCATCTx-M2,1.0,0.7454056443051468,0.0,0.9969629592075016,1.0,1.0,0.5357724357016982,1.0,0.741580534450027,0.9737552773071115,0.2361932448248683,0.5269257875718719,0.7814714418154092,0.12813066063144393,1.0,0.09297127281736671,0.0,0.7915231368885892,1.0,0.5153771847914885,1.0,1.0,1.0,1.0,0.6425080632062379,0.855094386652494,0.0,0.8206953838509007,0.824705147670593,1.0,0.6114148116820192,1.0,1.0,1.0,0.0,1.0,0.21851414649401546,1.0,0.9788913061738982,0.0,1.0,0.008321902120546521,0.6660356563395824,0.0,1.0,1.0,0.0,0.0,0.8451607946779061,0.9151875212903416,0.9604703911827337,1.0,0.7927074429395828
gex_possorted_bam_1WGCZ:CGTGCACAGCATCCAGx-M2,1.0,1.0,0.6083072450954927,1.0,1.0,1.0,0.3081187034554761,1.0,0.7238656759670248,1.0,0.0,1.0,1.0,0.37963754922173304,1.0,0.28107010139357586,0.0,0.0,0.8824288705969271,0.9131181846562165,1.0,1.0,1.0,1.0,0.39278218986843705,1.0,0.0,1.0,1.0,1.0,0.6641362821912817,1.0,1.0,1.0,0.0,1.0,0.15985745863482187,1.0,1.0,0.0,1.0,0.31045547548084085,1.0,0.7420894002575174,1.0,1.0,0.8425545809410377,0.0,1.0,1.0,1.0,1.0,0.6247635475423892
gex_possorted_bam_1WGCZ:CGTGAGGAGGCATGAAx-M2,1.0,1.0,0.3916800366773184,1.0,1.0,1.0,0.5750539029460382,1.0,0.8594893964841697,1.0,0.0,0.593468926121049,1.0,0.46634417837205927,1.0,0.4740255204264783,0.0,0.22259183190985898,0.7252230083193458,0.5009244860450975,1.0,1.0,1.0,1.0,0.9251079570150147,1.0,0.0,0.9767981896405722,0.7918702832377401,1.0,0.5877137086883751,1.0,1.0,1.0,0.0,1.0,0.45585745211906964,1.0,1.0,0.13583107386972784,1.0,0.4107394480564222,0.8788412923067834,0.8081294119688689,1.0,1.0,0.8410814447492149,0.0,1.0,1.0,0.760433514476397,1.0,0.9788799265380479
gex_possorted_bam_1WGCZ:CGGCCATAGGTTTACAx-M2,0.030179711574346433,1.0,1.0,0.9608964416151499,0.03162396082809658,0.9190309351325473,1.0,0.5650974494638471,1.0,0.4726870028540787,1.0,1.0,1.0,1.0,0.1543466902486181,1.0,1.0,1.0,1.0,0.0,0.0,0.0,0.0,0.0,1.0,1.0,1.0,1.0,1.0,1.0,1.0,0.0,0.0,0.6453421655896882,1.0,0.145355216553593,1.0,0.21356930883528577,0.21033006978209004,1.0,0.05483080526626434,1.0,1.0,1.0,0.01762863881181515,0.5540442147099456,1.0,1.0,1.0,0.3634171373904381,1.0,0.9971953424486731,0.0
gex_possorted_bam_1WGCZ:CGGCTCACATTGGGAGx-M2,0.87953931149947,1.0,1.0,1.0,1.0,0.998099805980956,1.0,1.0,1.0,1.0,0.0,1.0,1.0,1.0,1.0,0.9885688666132882,0.0,0.0,0.22891214090716178,1.0,0.5358289718484991,0.572835665340924,1.0,0.7662578616745253,1.0,1.0,0.0,1.0,1.0,1.0,1.0,1.0,1.0,1.0,0.0,1.0,0.7150398614412631,1.0,1.0,0.8129766099475123,1.0,0.5982916724327536,1.0,1.0,1.0,1.0,1.0,0.0,1.0,1.0,1.0,1.0,1.0
gex_possorted_bam_1WGCZ:CGGGTATGTTTAACGGx-M2,0.08121784240014353,1.0,1.0,0.9536673398569996,0.0,0.0,1.0,0.9045114088191314,1.0,0.9082984090789362,0.0,1.0,1.0,1.0,0.16049913760708787,1.0,0.0,0.0,1.0,0.0,0.0,0.0,0.0,0.0,1.0,1.0,1.0,1.0,1.0,0.762879853951439,1.0,0.07889458630470353,0.0,0.9345451730939259,1.0,0.2848173748876777,1.0,0.11037644884708343,0.14319260565756606,1.0,0.11266710806517553,1.0,1.0,1.0,0.07907781026920778,0.5414343496420777,1.0,1.0,1.0,0.5423671909375801,1.0,1.0,0.0
gex_possorted_bam_1WGCZ:CGGGTCTAGGCTAATCx-M2,0.07960496080121153,1.0,1.0,0.9595991556513294,0.36396642367723575,0.12781525956478343,1.0,0.7491807857591243,1.0,0.8392968694189269,0.3398152921930092,1.0,1.0,1.0,0.28713822824784285,1.0,0.8193515591415444,0.4329738549231349,1.0,0.0,0.0,0.0,0.0,0.0,1.0,1.0,1.0,1.0,1.0,1.0,1.0,0.0,0.0,0.7145568084775126,1.0,0.22792582786837814,1.0,0.1326682010994444,0.1474037925433519,1.0,0.4627242482463701,1.0,1.0,1.0,0.0,0.49271006808001416,1.0,1.0,1.0,0.5446706656430067,1.0,0.9584249325172953,0.0
gex_possorted_bam_1WGCZ:CGGTTTCTCAGCATTAx-M2,1.0,1.0,1.0,1.0,1.0,1.0,0.0,0.9646428561318966,1.0,1.0,0.0,1.0,1.0,0.512305772270791,1.0,0.0,0.0,0.0,0.018160452849353376,0.6425667506222608,0.5517471449450838,1.0,1.0,0.9151225138485897,0.9862990739198974,1.0,0.0,1.0,0.8315480794989675,1.0,0.0,1.0,1.0,1.0,0.0,1.0,0.0,1.0,1.0,0.0,1.0,0.0,1.0,1.0,1.0,1.0,1.0,0.0,1.0,1.0,1.0,1.0,1.0
gex_possorted_bam_1WGCZ:CGTATTGCACTCGCTCx-M2,0.05193646104065733,1.0,1.0,0.9221199695206113,0.0,0.10714863414813966,1.0,0.6454933741651683,1.0,0.5643469999584257,0.6884253540061455,1.0,1.0,1.0,0.07665098040145428,1.0,0.8442043478963256,0.9040268646794049,1.0,0.0,0.0,0.0,0.0,0.0,1.0,1.0,1.0,1.0,1.0,0.896372570341827,1.0,0.0,0.0,0.6835937814486497,1.0,0.18267258354240873,1.0,0.09573758199952119,0.10012195525146222,1.0,0.15320322429965783,1.0,1.0,1.0,0.005047594659569559,0.5304533099612735,1.0,1.0,1.0,0.47192363498555684,1.0,0.9424803219086189,0.0
gex_possorted_bam_1WGCZ:CGGTGAACACATAGCCx-M2,1.0,1.0,0.17470534289086723,1.0,1.0,1.0,0.6006610739324673,1.0,0.0,1.0,0.33191626837217225,0.8102060311516287,0.6764688457711414,0.5306004252547594,1.0,0.17904226404825,0.0,0.9252798868730616,1.0,0.649661491360857,1.0,1.0,1.0,1.0,0.5638769315118803,1.0,0.0,1.0,1.0,1.0,1.0,1.0,1.0,1.0,0.0,1.0,0.35691437850531116,1.0,1.0,0.08125587711790494,1.0,0.43809181684256343,0.8075059806442283,0.9802379375353141,1.0,1.0,0.4193257350813999,0.0,1.0,1.0,1.0,1.0,1.0
gex_possorted_bam_1WGCZ:CGTAGCGGTAGTTAACx-M2,0.05903146085881089,1.0,1.0,0.9995276919253036,0.0,1.0,1.0,0.7852981383083096,1.0,0.5618653117430216,1.0,1.0,1.0,1.0,0.02354327197205255,1.0,1.0,1.0,1.0,0.0,0.0,0.0,0.0,0.0,1.0,1.0,1.0,1.0,1.0,0.9993277685807647,1.0,0.004886976314250574,0.0,0.7062512314139122,1.0,0.22810064511665368,1.0,0.0626806519322974,0.09127208047584494,1.0,0.11280466309176382,1.0,1.0,1.0,0.057106042714485945,0.5031599359274959,1.0,1.0,1.0,0.30691573920285853,1.0,0.9399494102456386,0.0
gex_possorted_bam_1WGCZ:CGGTTGGGTACCAGGTx-M2,1.0,0.9676029956679472,0.0,1.0,1.0,1.0,0.6980589874195916,1.0,0.2903380177356499,1.0,0.4707361202389341,0.45019858576361543,1.0,0.48661033893396916,1.0,0.36106813979774094,0.09782279146369553,1.0,1.0,0.6397093992110936,1.0,1.0,1.0,1.0,0.9021971487637924,0.9333850174184604,0.0,1.0,1.0,1.0,1.0,1.0,1.0,0.9705326034835475,0.0,1.0,0.03351097397921665,1.0,1.0,0.0,0.6596486799502542,0.24070615551376845,0.5181247351384237,0.19927745303110364,1.0,1.0,0.0,0.0,0.9387032374268833,1.0,1.0,1.0,1.0
gex_possorted_bam_1WGCZ:CGTAATGGTTTCGCCAx-M2,1.0,0.8013837302754983,0.3064344492107694,1.0,1.0,0.5717743934418363,0.30092622398008856,1.0,0.470985138412787,1.0,0.0,0.9509238445618681,0.9926505456407875,0.0,1.0,0.17605510370411032,0.0,0.0,0.654035347741838,0.7167071915678679,1.0,0.9563251316060224,1.0,1.0,0.30406102608969754,1.0,0.03078269218369434,0.89020786147368,0.9642670711185017,1.0,0.0,1.0,1.0,0.9838634329341683,0.0,0.9446280824121326,0.32509255178028074,1.0,1.0,0.0,1.0,0.16771948710406145,0.6353009127710101,0.1369248165431615,0.8838000921684143,1.0,0.3432634774451476,0.0,1.0,1.0,1.0,0.9445994176727146,0.0
gex_possorted_bam_1WGCZ:CGTTTGGAGGCATGTTx-M2,1.0,0.7229790649107112,0.0,0.9963918251306298,1.0,1.0,0.02599355405934286,0.9184126281271177,0.1771376269006949,0.9678765458406056,0.8583692974963337,0.47357896108488284,0.6599876130179059,0.38071676281600214,0.937345565285218,0.6335240657554979,0.407551122709888,1.0,1.0,0.54910133564787,1.0,1.0,1.0,1.0,0.5094269699390135,0.8220704267810685,0.0,0.9573177496088362,0.7371160306256106,1.0,0.7046839747238984,1.0,0.988890757681896,1.0,0.0,1.0,0.0,1.0,0.9512920086120031,0.0,0.5069490131580899,0.0,0.5766183815670077,0.0,1.0,0.9597931547568875,0.22099343738054048,0.0,0.7630738972090727,1.0,0.9010227370218171,1.0,1.0
gex_possorted_bam_1WGCZ:CGTTAACAGGCTATGTx-M2,1.0,0.9255532732603754,0.1875150742239611,1.0,1.0,1.0,0.0,1.0,0.4871807330167041,1.0,0.0,0.7455262607474893,0.7960714896467939,0.2766415188812015,1.0,0.21620887897132682,0.0,0.0,1.0,0.6793212155164801,1.0,1.0,1.0,1.0,0.0,1.0,0.0,1.0,1.0,1.0,0.4330095602986782,1.0,1.0,1.0,0.0,1.0,0.0,1.0,1.0,0.0,1.0,0.20899236431457124,0.7963257352703553,0.41011604188540474,1.0,1.0,0.22467784735250865,0.0,1.0,1.0,1.0,1.0,0.19910111288187737
gex_possorted_bam_1WGCZ:CTACGAAGTTTGAGGCx-M2,1.0,0.8315928755742504,0.0,1.0,0.4321361114072115,0.41058784273820664,1.0,1.0,1.0,0.9106184095870967,0.0,1.0,0.8927902834560267,0.3500747510870875,0.936218159920245,0.2854053685240069,0.0,0.0,0.42998265754865994,1.0,1.0,0.730894824788996,0.9027394017981442,0.8329658591870814,1.0,0.888846182408038,0.020721250256506268,0.9703216855043965,1.0,0.7076092141526503,0.37784810863443696,0.7590700584424889,0.977244315946675,1.0,0.10928293427615708,1.0,0.5989653468168333,0.917199026511374,1.0,0.25174094028587396,1.0,0.33218459461961264,0.592419937732698,0.6249407792685431,1.0,0.9815090297588484,0.7961009083354684,0.10174680928277492,0.8641569975219223,1.0,0.8243191506113458,0.7522368444763056,0.6247057514905727
gex_possorted_bam_1WGCZ:CTAATAGTCGCTATGGx-M2,1.0,1.0,0.0,1.0,1.0,1.0,0.40862340005435493,1.0,0.7308973406551587,1.0,0.6141396116696868,0.4327687127901117,0.8990275129473903,0.5113481386616716,1.0,0.2783290557934508,0.11755571738169021,1.0,1.0,0.5916759361176358,1.0,1.0,1.0,1.0,0.5418322094710578,0.9881951117680423,0.0,1.0,1.0,1.0,0.9260210170451691,1.0,1.0,1.0,0.0,1.0,0.32364734274231605,1.0,1.0,0.0,1.0,0.17539918570945806,0.7030121727861517,0.19930590258900827,1.0,1.0,0.0,0.0,1.0,1.0,1.0,1.0,0.9353252974263778
gex_possorted_bam_1WGCZ:CTAAAGCTCCAAGTTAx-M2,1.0,0.7167209449508916,1.0,1.0,1.0,0.8547207442006582,0.2730909187637193,1.0,0.5665614191296143,1.0,0.0,0.9702429535749157,0.9593580656684187,0.1164979258533233,1.0,0.12014959891552991,0.0,0.0,0.8770803607861094,0.4461565206791421,1.0,1.0,1.0,1.0,0.397896703773304,1.0,0.0,0.7466903442496635,0.9928520589983197,1.0,0.18726131265834353,1.0,1.0,1.0,0.0,1.0,0.2544856614680733,1.0,1.0,0.0,1.0,0.3685004637341652,0.5453638266788136,0.11643738978976395,1.0,1.0,0.8272133749286329,0.07857942830550714,0.9828877842065411,1.0,1.0,0.992811635282503,0.028626613088263572
gex_possorted_bam_1WGCZ:CGTGTGTCATAAAGCAx-M2,1.0,0.9168752411500293,0.0,1.0,0.73910872404585,1.0,0.7183227498116251,1.0,0.11983552951445989,0.9021039687379601,0.156141080602375,0.709510531375138,0.9355762673922502,0.8697091197396231,0.9559994736736042,0.48446004060936587,0.0,1.0,0.9679096550293551,0.6101755092244967,1.0,1.0,1.0,1.0,0.6149526001673847,0.791751982392336,0.0,0.9479513854119344,1.0,1.0,1.0,0.7848032627521868,1.0,1.0,0.0,1.0,0.3718703821498896,1.0,1.0,0.09514989127949168,1.0,0.01677015755112277,1.0,0.10731977784260677,1.0,1.0,0.4293663618549643,0.22421477367168646,0.8087070113107716,0.9709103127364668,0.9348742965663651,1.0,0.9868598054644642
gex_possorted_bam_1WGCZ:CGTGCTGCAACAGGATx-M2,0.11278945431765668,1.0,1.0,1.0,0.7320308151418634,0.0,1.0,0.6409197948109097,1.0,0.662083525471877,0.0,1.0,1.0,1.0,0.30383046125870244,1.0,0.0,0.0,1.0,0.0,0.0,0.0,0.0,0.0,1.0,1.0,1.0,1.0,1.0,0.8934383632945252,1.0,0.0,0.0,0.7768617442283811,1.0,0.3590569849677006,1.0,0.06498799372174002,0.09233514657417236,1.0,0.032040408951378774,1.0,1.0,0.6919683948476099,0.0,0.5678952030575425,1.0,1.0,1.0,0.6041739817230306,1.0,1.0,0.5849778855418087
gex_possorted_bam_1WGCZ:CTAACCCTCGCTCACTx-M2,1.0,0.8622134711167536,0.6535105142802754,1.0,1.0,0.7702421392140051,0.2867352664588116,1.0,0.5233987139311405,1.0,0.0,1.0,0.8212885178343541,0.43335664298753285,1.0,0.0,0.0,0.0,0.9485568681147029,0.2233921471026786,1.0,1.0,1.0,1.0,0.3145392023636493,1.0,0.0,0.7633022972907647,0.686426784714761,1.0,0.46843196244967766,1.0,1.0,1.0,0.0,1.0,0.06016786731190491,1.0,1.0,0.0,1.0,0.21289210235316972,0.4456455621273047,0.0,1.0,1.0,0.31822682835675553,0.29291159911824666,0.915170257193637,1.0,0.7329893775934821,0.9682144284346796,0.0
gex_possorted_bam_1WGCZ:CTACCTCAGGAACCAAx-M2,0.07981004207072302,1.0,0.9962502367894539,0.9814023805631383,0.0,0.0,1.0,0.9240341794426135,1.0,0.6919243556072678,0.0,1.0,1.0,1.0,0.14940092439036823,1.0,0.0,0.0,1.0,0.0,0.0,0.0,0.0,0.0,1.0,1.0,1.0,1.0,1.0,0.672558178671706,1.0,0.06575225935543996,0.0,0.7893651454536526,1.0,0.2505305765827143,1.0,0.004261834101921312,0.01966229893209005,1.0,0.10468775189912521,1.0,1.0,0.7710398666741366,0.16833299690849282,0.5002859149594203,1.0,1.0,1.0,0.45895341690993297,1.0,0.9082641290256941,0.0
gex_possorted_bam_1WGCZ:CTACCTCAGGGCCACTx-M2,1.0,0.9459456757627264,0.30719049007136673,1.0,1.0,0.8929637311568468,0.42041003567872126,1.0,0.637751727898355,1.0,0.0,0.9607490983367531,0.878679402110077,0.22643642182925094,1.0,0.003970889457474246,0.0,0.0,0.754246066931376,0.6956055476086471,1.0,1.0,1.0,1.0,0.4561512887545279,1.0,0.0,1.0,0.95967114609343,1.0,0.6131246421225952,1.0,1.0,1.0,0.0,1.0,0.33690716723421116,1.0,1.0,0.0,1.0,0.2310700303934877,0.7017810314394382,0.6033657658207353,1.0,1.0,0.5865798084191735,0.0,1.0,1.0,1.0,1.0,0.7922459128116685
gex_possorted_bam_1WGCZ:CGTGTGTCACTCAACAx-M2,1.0,1.0,0.9617515377988219,1.0,1.0,1.0,1.0,1.0,0.8946624376129096,1.0,0.0,1.0,1.0,1.0,1.0,1.0,0.0,0.07923354679867453,0.5661046839708385,0.8614893239203228,0.9868194921063744,0.9265071512660727,1.0,1.0,1.0,1.0,0.0,1.0,1.0,1.0,1.0,1.0,1.0,1.0,0.0,1.0,0.5084012814136301,1.0,1.0,0.6143352617481532,1.0,0.3761674600579047,1.0,1.0,1.0,1.0,0.8219390191026061,0.0,1.0,1.0,1.0,1.0,0.941000071056222
gex_possorted_bam_1WGCZ:CGTGGTTCAGCCAGAAx-M2,0.023657214796876207,1.0,0.9851516410232963,0.7545829567627916,0.0,0.0,1.0,0.6271709921678343,1.0,0.3608999124636857,0.3106891067270949,1.0,1.0,1.0,0.01581025696345234,1.0,0.3347262876537835,0.0,1.0,0.0,0.0,0.0,0.0,0.0,1.0,1.0,1.0,1.0,1.0,0.7100011373291498,1.0,0.0,0.0,0.5940990775664808,1.0,0.11287160386493532,1.0,0.0,0.0,1.0,0.0,1.0,1.0,1.0,0.0,0.428031926413235,1.0,1.0,0.8741266468634776,0.4979782138990583,1.0,0.7668473465573761,0.0
gex_possorted_bam_1WGCZ:CTAAGTCAGTAATCCAx-M2,1.0,1.0,0.79185950483715,1.0,1.0,1.0,0.0,1.0,0.7677777942735858,1.0,0.0,0.9844883240803549,1.0,0.7529360847934207,1.0,0.3198106778644521,0.0,0.0,0.42041369351286584,0.29133962211034653,0.8229407248147321,0.9329366413968911,1.0,1.0,0.4646545170700003,1.0,0.0,1.0,0.6630414613782337,1.0,0.0,1.0,1.0,1.0,0.0,1.0,0.1635943878586989,1.0,1.0,0.0,1.0,0.2743937987405922,1.0,0.8526558111711386,1.0,1.0,0.9103961785228439,0.0,1.0,1.0,0.9133666273566308,1.0,0.27925490890735627
gex_possorted_bam_1WGCZ:CTAACCCTCTCACTATx-M2,1.0,0.5223419630511709,0.0,0.8966244377757951,0.9890644418330914,0.9840440774072794,0.1899788325422498,1.0,0.16674478609832766,0.7470588098382789,0.0,0.7143995615759969,0.4535247518530733,0.2854478572426048,1.0,0.20841424709288553,0.0,0.028263162317488585,0.7025394567375716,0.8203460447262712,1.0,1.0,0.966299300229138,1.0,0.7947249122448533,0.7467686245663744,0.0,0.6979046164281133,0.7636477929345263,0.7353157868698745,0.013440414017115519,0.8914688041071616,0.9607815725318972,1.0,0.0,1.0,0.24183353190804405,0.8918025217467673,0.9417358673522179,0.1063997235688327,0.9169604610619505,0.0,0.5456714507556777,0.1324004845118554,1.0,0.9179873657887009,0.34027846968551645,0.0,0.7303156237950368,0.9303823487651917,0.7318985862727961,0.8988735633085256,0.669107126292817
gex_possorted_bam_1WGCZ:CGTGCTTTCGGTTCCTx-M2,1.0,0.66997868831297,0.0,1.0,1.0,1.0,0.7508867280018932,1.0,0.5206668314533579,1.0,0.24928779465647838,1.0,0.8556393569068926,0.293703163878456,1.0,0.43482060025715963,0.0,0.5148351622850632,1.0,0.6085188057242064,1.0,1.0,1.0,1.0,0.9726116484176832,0.8434557203994768,0.0,0.9611755212841611,0.8110922703948391,1.0,1.0,1.0,0.9729859934109163,1.0,0.0,1.0,0.4258887792505517,1.0,1.0,0.057248990060398575,0.8151078023725377,0.01930731220646447,0.8023552534257696,0.4806984587811662,1.0,1.0,0.49206409591068345,0.0,0.9193144030984884,0.5926879913297128,1.0,1.0,0.8310848443906844
gex_possorted_bam_1WGCZ:CTAAAGCTCCGCAACAx-M2,1.0,1.0,0.12880136375204973,1.0,1.0,1.0,0.0,1.0,0.2582745862996064,1.0,0.1185700273769959,1.0,0.9921472900480813,0.4983450314711106,1.0,0.20381955151564984,0.0,0.16503446579520725,1.0,0.7223232621089279,1.0,1.0,1.0,1.0,0.0,1.0,0.0,1.0,0.9868325995998106,1.0,0.5511832897985243,1.0,1.0,1.0,0.0,1.0,0.024756931182138498,1.0,1.0,0.0,1.0,0.22006059144262982,0.7397259682154104,0.4663612104485963,1.0,1.0,0.45751702036424147,0.0,1.0,1.0,1.0,1.0,0.38346043587428985
gex_possorted_bam_1WGCZ:CGTGGTTCACTCGCTCx-M2,0.018275922404918966,1.0,1.0,0.9507879527788597,0.0,1.0,1.0,0.62259590604961,1.0,0.5448021313149375,1.0,1.0,1.0,1.0,0.1371663961933799,1.0,1.0,1.0,1.0,0.0,0.0,0.0,0.0,0.0,1.0,1.0,1.0,1.0,1.0,1.0,1.0,0.0,0.0,0.5595289587404145,1.0,0.23598511719663312,1.0,0.14588457751889033,0.1978034601272331,1.0,0.08780135190417296,1.0,1.0,1.0,0.09796499464027815,0.56558459108719,1.0,1.0,1.0,0.376430472685381,1.0,1.0,0.0
gex_possorted_bam_1WGCZ:CTAAGGTTCTGCAAACx-M2,0.0,1.0,1.0,0.5763711675466262,0.0,0.09362408081254814,1.0,0.20453063878410233,1.0,0.4910720771976868,1.0,1.0,1.0,1.0,0.028656461782657988,1.0,1.0,0.5165231807029759,1.0,0.0,0.0,0.0,0.0,0.0,1.0,0.7150583887945425,1.0,1.0,1.0,0.4993427124553962,1.0,0.0,0.0,0.36146535304429733,1.0,0.0,1.0,0.0,0.0,1.0,0.07128866678860629,1.0,1.0,1.0,0.0,0.25320424843910944,1.0,1.0,0.6301147208114163,0.1657244037580573,1.0,0.538926983704926,0.0
gex_possorted_bam_1WGCZ:CTAAGGTTCTAAGTGCx-M2,1.0,1.0,0.0,1.0,1.0,1.0,0.5711170458899226,1.0,0.7450928560791993,1.0,0.56947689621585,0.7569151081280625,1.0,0.4712005688036793,1.0,0.38998060294929265,0.28378558946617183,1.0,1.0,0.7176754532768358,1.0,1.0,1.0,1.0,0.896339488444734,0.9213225736397251,0.0,1.0,1.0,1.0,1.0,1.0,1.0,1.0,0.0,1.0,0.18544591378730227,1.0,1.0,0.06338681132367234,0.6770966874855575,0.30580407419310096,0.8023348789563346,0.2221644960359952,1.0,1.0,0.3630835280282351,0.07284736846177056,0.9854705227907836,1.0,0.8812455314189821,1.0,1.0
gex_possorted_bam_1WGCZ:CGTTGCAAGGAACGCGx-M2,1.0,1.0,0.0,1.0,1.0,1.0,0.5159822622470026,1.0,0.6803819130796483,1.0,0.0,1.0,0.9651632096860912,0.22227728805841002,1.0,0.15493624055611438,0.0,0.07990022003670631,0.7259566769860784,0.7601462659953296,1.0,1.0,1.0,1.0,0.8102603834323859,0.931120405243126,0.022623190833198102,0.9245945502878405,1.0,1.0,0.5000870161559031,1.0,1.0,1.0,0.0,1.0,0.33062596928130905,1.0,1.0,0.06209342991519563,1.0,0.08971986553117015,0.7952250766724832,0.0,1.0,1.0,0.12092936448301342,0.1656848665035658,0.9655750396390317,1.0,0.994240358240903,1.0,0.873482104516417
gex_possorted_bam_1WGCZ:CGTTAAATCCCTCGCAx-M2,0.07428177773481126,1.0,1.0,0.9756742189871468,0.0,1.0,1.0,0.5651247915023623,1.0,0.585538041083124,1.0,1.0,1.0,1.0,0.14757731722901007,1.0,1.0,1.0,1.0,0.0,0.0,0.0,0.0,0.0,1.0,1.0,1.0,1.0,1.0,1.0,1.0,0.0,0.0,0.7501720451177025,1.0,0.2564388860384628,1.0,0.1775012318696144,0.17297033424423458,1.0,0.17423568549111776,1.0,1.0,1.0,0.05959573906269207,0.5648194151887566,1.0,1.0,1.0,0.4109189081283673,1.0,1.0,0.0
gex_possorted_bam_1WGCZ:CGTGTGTCAATAACGAx-M2,1.0,1.0,1.0,1.0,1.0,0.8237876626549776,0.8172687196599404,1.0,1.0,1.0,0.0,1.0,1.0,0.8536271888826479,1.0,0.2868115707052705,0.0,0.0,0.08270086151126486,0.48532605192681966,0.5466521096387534,0.605301175546374,1.0,0.6020964068779293,1.0,1.0,0.03432098130720478,1.0,0.6851201589613645,1.0,0.0,1.0,1.0,1.0,0.0,1.0,0.050350437305481124,1.0,1.0,0.07498239991738169,1.0,0.29817623024509754,1.0,0.915442332473642,1.0,1.0,1.0,0.0,1.0,1.0,1.0,1.0,0.48914553871940725
gex_possorted_bam_1WGCZ:CTACGAAGTTTATGGGx-M2,1.0,0.9629335043278563,1.0,1.0,1.0,1.0,0.0,0.9307765516730768,0.9028578922381167,1.0,0.24439921577368845,0.8932091404148055,1.0,0.4191805352129218,1.0,0.27244367768675926,0.0,0.3743870267399251,0.9410583654145984,0.6995371870393955,0.9937273890851904,1.0,1.0,1.0,0.6968679316506021,1.0,0.0,0.8261955587229309,0.9450357291852322,1.0,0.45099753501949447,1.0,1.0,1.0,0.0,1.0,0.0822604981777615,1.0,1.0,0.0,1.0,0.10469920313772237,1.0,0.40740899477804304,1.0,1.0,0.8496729371917101,0.0,1.0,1.0,1.0,1.0,1.0
gex_possorted_bam_1WGCZ:CGTGCACAGCGTGCGTx-M2,1.0,1.0,1.0,1.0,1.0,0.7358391689788234,0.0,1.0,0.685863127171944,1.0,0.0,1.0,1.0,0.5885657988204678,1.0,0.11275734790704532,0.0,0.0,0.27114479565973576,0.42492514203083104,0.48128491979376375,0.7760843154465081,1.0,1.0,0.4030963731620822,1.0,0.03097207804230296,0.8877238957507606,0.5610187775866023,1.0,0.0,1.0,1.0,1.0,0.0,1.0,0.0,1.0,1.0,0.0,1.0,0.0,1.0,0.6382538861327716,1.0,1.0,1.0,0.0,1.0,1.0,1.0,1.0,0.05267390111065063
gex_possorted_bam_1WGCZ:CGTTTGGAGCTGCACAx-M2,1.0,1.0,1.0,1.0,1.0,0.8209647720191975,0.0,1.0,0.6005965869488559,1.0,0.0,1.0,1.0,0.48000174295595266,1.0,0.09447302829086629,0.0,0.0,0.5218345050041259,0.5999775995167773,0.6982331081461054,0.8732671359643087,1.0,1.0,0.2882194278048817,1.0,0.0,1.0,0.7059815532542725,1.0,0.0,1.0,1.0,1.0,0.0,1.0,0.06025499655927886,1.0,1.0,0.0,1.0,0.05595178980605484,1.0,0.4285778291223783,1.0,1.0,0.8384266870047812,0.0,1.0,1.0,1.0,1.0,0.0
gex_possorted_bam_1WGCZ:CTAACCACACCGGTATx-M2,0.9267354727618332,0.8408466865345493,0.0,0.8278221802215234,0.6932940439728509,1.0,0.304197601440968,0.8745817234795802,0.19824128126408122,0.7774739106860382,0.21877552045504944,0.814160569582017,0.7281878177508588,0.3946174696845472,0.8470526124874495,0.3819615928132445,0.08142940477699293,0.7350488091316301,0.6930144788534792,0.568386863547657,1.0,1.0,0.8818754623988956,1.0,0.28926031624814247,0.6689078812133047,0.0,0.804637882323422,0.8382104189382972,0.7728399432788077,0.7529790615007989,0.8107474283217792,0.8822494020102947,0.8269983462234514,0.007196919569821863,1.0,0.20712326014257718,0.8061363316467344,0.8543640593500355,0.055523830958679736,0.8580502257537008,0.19749748726399088,0.5613012665897913,0.11931437231812721,0.946525348085314,0.8955433838525234,0.32088322838165384,0.06762428533751094,0.7885895417788582,0.8426697322054824,0.876472832613394,0.877435771836654,1.0
gex_possorted_bam_1WGCZ:CGTTAGTAGATGCCTGx-M2,0.10852479279631246,1.0,1.0,1.0,0.010934162807111571,0.0,1.0,0.8388389471654207,1.0,0.8749541613989196,0.0,1.0,1.0,1.0,0.1954410366259159,1.0,0.0,0.0,1.0,0.0,0.0,0.0,0.0,0.0,1.0,1.0,1.0,1.0,1.0,0.8493867797552321,1.0,0.16084656173227632,0.0,0.8775667227582571,1.0,0.2792356103574158,1.0,0.09516962810826718,0.08169666803721651,1.0,0.22825197866015057,1.0,1.0,0.448784879865033,0.12113372569158365,0.5654560803114466,1.0,1.0,1.0,0.6149231644899189,1.0,1.0,0.0
gex_possorted_bam_1WGCZ:CGTTAGGTCTCTAGCCx-M2,0.056144760398794256,1.0,1.0,0.8135090051469952,0.0,0.0,1.0,0.6648810206634064,1.0,0.523630422564586,0.1340769020841748,1.0,1.0,1.0,0.09704849908070691,1.0,0.3036800881813451,0.0,1.0,0.0,0.0,0.0,0.0,0.0,1.0,1.0,1.0,1.0,1.0,0.5949228189053681,1.0,0.0,0.0,0.6193873136038249,1.0,0.15558169187707033,1.0,0.0,0.0040349485211969155,1.0,0.19574003504597548,1.0,1.0,1.0,0.0,0.42396055978170527,1.0,1.0,0.8859552243729301,0.44090718342168184,1.0,0.7603517886989294,0.0
gex_possorted_bam_1WGCZ:CGTTTGGAGTTTGGGTx-M2,0.36920973218899367,0.15143049770222353,0.0,0.27539148764035876,0.7510770067824106,1.0,0.0,0.2515835290740516,0.0,0.36970967692463774,1.0,0.0,0.10737118795992356,0.0,0.26467834937403906,0.13044205593329694,1.0,1.0,0.34384265475570025,1.0,1.0,1.0,0.4678596641616654,0.8707787108639594,0.02214514370543828,0.16335678216626784,0.258116742210985,0.10601870191541055,0.28736442227659253,0.5103777871307289,0.5271185971460106,0.3615502234308415,0.39539418429411577,0.15830315845589385,0.21417834592589843,0.37557695383341944,0.0,0.294408396476337,0.3134800201195148,0.1916487015820969,0.0,0.0,0.0496534760880999,0.09083211614725857,0.463153766788178,0.33763260438601833,0.0,0.2550075895097954,0.28066653599111513,0.423852709348168,0.23131213748472454,0.35646237442673556,1.0
gex_possorted_bam_1WGCZ:CGTTGCGCAGGTTATTx-M2,1.0,0.7668402686652206,0.4543411768911515,1.0,1.0,1.0,0.2872840437685311,1.0,0.5223955331752439,1.0,0.0,0.3443855088867156,1.0,0.5430973249938773,1.0,0.0,0.0,0.3013561413745734,0.7443594759405807,0.37213216260240056,1.0,1.0,1.0,1.0,0.6415360202247683,1.0,0.21210631969880908,0.92637057312795,0.9028727357835818,1.0,0.43529827345569233,1.0,1.0,1.0,0.0,1.0,0.0,1.0,1.0,0.0,1.0,0.055576682715961466,1.0,0.5219404656467121,1.0,1.0,0.8941441740763189,0.0,1.0,1.0,0.9881364092941214,1.0,0.4809004716322438
gex_possorted_bam_1WGCZ:CGTGTTACAAATTCGTx-M2,1.0,1.0,0.07307133907247483,1.0,1.0,1.0,0.4578860745949481,1.0,0.5152374024141768,1.0,0.004438712892481212,0.8331580136020951,1.0,0.420911517982072,1.0,0.3489949855183405,0.0,0.5154024985560759,1.0,0.8912312981729508,1.0,1.0,1.0,1.0,0.3705767299843542,1.0,0.0,1.0,1.0,1.0,1.0,1.0,1.0,1.0,0.0,1.0,0.12971129149334706,1.0,1.0,0.0,1.0,0.21823173802366755,0.9728059698422354,0.83570188924513,1.0,1.0,0.446671539685339,0.0,1.0,1.0,1.0,1.0,0.9727416261339845
gex_possorted_bam_1WGCZ:CTACGAAGTTACTTGCx-M2,0.8353171764597501,1.0,0.5379107107680443,1.0,1.0,0.312229915389824,1.0,1.0,1.0,1.0,0.0,0.41982835141792857,1.0,0.6675408817917333,0.7295104429558207,0.0,0.0,0.0,0.36531384123905214,1.0,0.6924920778948924,0.4736101141045176,0.9993187597106556,0.5032279679760675,1.0,1.0,0.48035277438439977,0.610991507669539,1.0,0.22844268219264852,0.007926663045014565,1.0,0.9614849611485999,1.0,0.2333927209349577,0.8738257145859328,0.17270412949446778,0.8727745473221096,1.0,0.1680661773456223,1.0,0.026137471209040586,0.41526385420849377,1.0,0.6951096216749069,1.0,1.0,0.0,0.9845370072707166,1.0,0.4345037499260434,0.6171280126174354,0.3455524078655184
gex_possorted_bam_1WGCZ:CTAACCTGTTAACGGCx-M2,1.0,0.8827008954148601,0.10142828722615946,1.0,1.0,1.0,0.3397623393924806,1.0,0.3391610557891,0.9527299804518468,0.23728179613469289,0.7516919454098094,0.9792490380376573,0.2907320988635099,1.0,0.36320781207032926,0.025436263732103913,0.7767101920655258,1.0,0.8628458569635026,1.0,1.0,1.0,1.0,0.46317473451570956,1.0,0.0,1.0,0.9977000239501397,1.0,0.6143652787837987,1.0,1.0,1.0,0.0,1.0,0.09393415997606684,1.0,1.0,0.0,1.0,0.14861791517515358,0.8089924424162156,0.8079587017074342,1.0,1.0,0.40456051155395717,0.14092966720627437,1.0,1.0,1.0,1.0,0.7842706673240053
gex_possorted_bam_1WGCZ:CTAATTGAGAGAGCCGx-M2,1.0,0.892038033825517,0.4920491695049686,1.0,1.0,1.0,0.3833198942880214,1.0,0.3851831378483732,1.0,0.25473292647025775,0.870038124601825,1.0,0.17865077444032026,1.0,0.2989791708989811,0.16660398087551034,0.789815603181292,1.0,0.6590917956787345,1.0,1.0,1.0,1.0,0.6480492816266554,1.0,0.0,1.0,0.7347070279632153,1.0,0.46129645050179,1.0,1.0,1.0,0.0,1.0,0.3323816551844634,1.0,1.0,0.0,1.0,0.1370862611213636,0.9984501306863633,0.7035802568911655,1.0,1.0,0.2969628902481465,0.17297401176816932,1.0,1.0,1.0,1.0,0.7648534191836376
gex_possorted_bam_1WGCZ:CGTGCTGCATTAGCGCx-M2,1.0,0.8047764736428684,0.5645563616866945,1.0,1.0,1.0,0.35679947470143136,1.0,0.5860309280967675,1.0,0.0,0.7942177837529905,0.8212829187865296,0.002645153899033832,1.0,0.05160466704457052,0.0,0.0,0.9748334028587025,1.0,1.0,1.0,1.0,1.0,0.3004402698528115,1.0,0.0,0.9603991407175624,0.7166389124542019,1.0,0.5338828757732664,1.0,1.0,1.0,0.0,1.0,0.15876005629357562,1.0,1.0,0.0,1.0,0.19464364684285623,1.0,0.4590046377583396,1.0,1.0,0.5880423933760252,0.0,1.0,1.0,0.9929191005359863,1.0,0.35330444353787566
gex_possorted_bam_1WGCZ:CTAATAGTCACCGGTAx-M2,1.0,0.8765228544761213,0.03810250925267208,1.0,0.8118841704479811,1.0,0.8140019956852163,1.0,0.9361529981440936,1.0,0.0,1.0,1.0,0.4782479457012627,1.0,0.2303374776871393,0.0,0.10704217172301503,0.8114291419840644,0.660638105981818,1.0,1.0,1.0,1.0,0.8266857088246582,0.9696873271531163,0.0,0.8725942081365335,1.0,1.0,0.7306235845171377,1.0,1.0,1.0,0.008087962638063266,1.0,0.32506895427578375,0.9853936101534818,1.0,0.0,1.0,0.26260164244262085,0.7933692509603675,0.5036044621314574,1.0,1.0,0.463383100608291,0.0,0.9614105095855027,1.0,1.0,1.0,0.8143063396202695
gex_possorted_bam_1WGCZ:CTAAAGCTCTTGTCTGx-M2,1.0,0.8537411588888809,0.5507417822900825,1.0,1.0,0.8743335112725521,0.0,1.0,0.5066452932415801,1.0,0.0,1.0,0.8207469837839713,0.35536886129941214,1.0,0.029323552038834206,0.0,0.0,0.5371565142667127,0.4636366165527144,1.0,0.9445197762581845,1.0,1.0,0.4853596609403655,1.0,0.006633602432777519,0.7648495759868825,0.5366725805022959,1.0,0.0,1.0,1.0,0.9524324807210528,0.0,0.9911395568694173,0.0,1.0,1.0,0.0,1.0,0.2206740612043988,0.9565964870394623,0.3929052603558,1.0,1.0,0.6967572097082911,0.0,0.9917518878174467,1.0,0.959962206550925,0.9440910593116275,0.24846706794075268
gex_possorted_bam_1WGCZ:CGTTGCAAGCGAGGTGx-M2,0.11791755376576876,0.9491416062311246,0.017748414872337956,0.6935718157169928,0.0,0.070298318833594,1.0,0.5302120262520137,1.0,0.22117782485454135,1.0,0.6704600691430298,1.0,1.0,0.10173716634877657,1.0,1.0,0.8396469753554019,1.0,0.0,0.0,0.0,0.0,0.0,1.0,0.6383668488742167,1.0,1.0,1.0,0.5398125937207994,0.800553103015601,0.1888495649198006,0.0,0.23189595421484382,1.0,0.20698844302489988,1.0,0.2583590960738504,0.10814878504721682,1.0,0.40107242177642805,1.0,1.0,1.0,0.23584165701106966,0.36774992986227345,1.0,1.0,0.5752247885080514,0.14755142102289145,1.0,0.6297429486624038,0.0
gex_possorted_bam_1WGCZ:CTAATGTCAATAACCTx-M2,1.0,1.0,0.06897709448899855,1.0,1.0,1.0,0.343035565817809,1.0,0.35040755463427575,1.0,0.7508833238756859,1.0,1.0,0.7579638845226,1.0,0.5832707017925955,0.35602093564941506,1.0,1.0,0.5039701986577974,1.0,1.0,1.0,1.0,0.6045061237090568,0.9325042179712363,0.0,1.0,1.0,1.0,1.0,1.0,1.0,1.0,0.0,1.0,0.2733726621076271,1.0,1.0,0.0616371084774484,0.9980836669636904,0.22874418300845775,0.8421947221849079,0.7257903282665994,1.0,1.0,0.30843157314552205,0.09158098063724049,1.0,1.0,1.0,1.0,1.0
gex_possorted_bam_1WGCZ:CTACCTCAGCCTAACGx-M2,1.0,1.0,0.27069516986112935,1.0,1.0,1.0,0.9730347995851889,1.0,0.6242049797329726,1.0,0.0,0.9739541390974419,1.0,0.8194337664521635,1.0,0.442186551039906,0.0,0.0012541666006992938,0.6513682077026178,0.8528959694555146,1.0,1.0,1.0,1.0,0.6313833233185565,0.9749499346776147,0.0,1.0,1.0,1.0,1.0,0.9616896086150477,1.0,1.0,0.0,1.0,0.2942029448650168,1.0,1.0,0.12449368251113425,1.0,0.10256100101096402,1.0,0.5117642615341541,1.0,1.0,0.7104975273958768,0.01755355286774871,1.0,1.0,1.0,1.0,0.6878617469667513
gex_possorted_bam_1WGCZ:CTAATTGAGCATTATGx-M2,1.0,0.9895566142384503,0.045842894868815286,1.0,0.9986152435954937,1.0,0.46202334230606784,1.0,0.26176336926827215,0.8674855370633262,0.26808727848670083,0.7491722028988002,0.8274910185911715,0.47867855585158986,1.0,0.5212736788185861,0.019383043513286922,1.0,1.0,0.674421399170678,1.0,1.0,1.0,1.0,0.7167181419320089,0.8392703886684342,0.0,0.9211229530458735,1.0,1.0,0.9574556887501152,0.9854330625760557,1.0,1.0,0.0,1.0,0.20236769215433748,1.0,1.0,0.11372743591548477,0.7795147339983348,0.23298105886201562,0.7113374733663529,0.31349483458178257,1.0,1.0,0.1197774480384584,0.0,0.9092838321619616,0.924224457006091,1.0,1.0,1.0
gex_possorted_bam_1WGCZ:CTACTAAAGAGGGACTx-M2,0.8005925350658941,1.0,1.0,1.0,1.0,0.9584855293568795,1.0,1.0,1.0,1.0,0.0,0.0521449471126041,1.0,0.8833469471406774,0.8115466812394275,0.07496950235680735,0.03901495664162055,0.0,0.6274021714881056,1.0,0.6019188341138632,0.6445182530283331,1.0,0.35079616142542364,1.0,1.0,0.553127116069578,0.7838938501936147,1.0,0.4580024049982882,0.1342943979538736,1.0,0.983249496711905,1.0,0.2417171736044005,1.0,0.0,1.0,1.0,0.30344143617715064,1.0,0.1781924036888931,0.8714660084673219,1.0,0.5922652096316846,1.0,1.0,0.0,1.0,1.0,0.6283689122887622,0.9697913596807731,0.9403880913430019
gex_possorted_bam_1WGCZ:CTAATAGTCAGGATGAx-M2,1.0,0.6695880982245794,0.0,0.9551689459970454,1.0,1.0,0.31712275634670456,0.9835590220868357,0.11175204821694583,0.8336016841253221,0.8917493535712163,0.42547200036350796,0.8996262817088692,0.36024797778833334,1.0,0.4132683412680572,0.5189893339510989,1.0,1.0,0.5014711948084367,1.0,1.0,1.0,1.0,0.7674697321648312,0.8244449618461447,0.0,0.7909072620447587,1.0,1.0,0.7694018000904055,0.8587684677721613,1.0,1.0,0.0,1.0,0.19061597707192637,1.0,1.0,0.0,0.731930236088194,0.32257139780557226,0.49925405425837405,0.0,1.0,1.0,0.0,0.23944574118272305,0.8559577449664086,0.8059699064284521,0.882404668918941,1.0,1.0
gex_possorted_bam_1WGCZ:CTAATTGAGCAAGGGTx-M2,0.04210933609814875,1.0,1.0,0.9372334970802043,0.0,1.0,1.0,0.6324531471028878,1.0,0.4788976174298704,1.0,1.0,1.0,1.0,0.12155502896573306,1.0,1.0,1.0,1.0,0.0,0.0,0.0,0.0,0.0,1.0,1.0,1.0,1.0,1.0,1.0,1.0,0.0,0.0,0.649448831142194,1.0,0.19046914854164582,1.0,0.17392824061476267,0.12344836381459799,1.0,0.07391610151252292,1.0,1.0,1.0,0.05445283263226459,0.5515747120225039,1.0,1.0,1.0,0.29395439720775496,1.0,0.9468927085286347,0.0
gex_possorted_bam_1WGCZ:CGTGGTTCACATAACTx-M2,0.7005906404462776,0.9063153206078667,1.0,1.0,0.7629518540802386,0.9876428076531742,1.0,0.8863072328954946,1.0,0.9563283996251657,0.3267075261452334,1.0,1.0,1.0,0.6380159960549229,1.0,0.4599816741429173,0.8322360168454283,1.0,0.0,0.6583359882466631,0.12790205094648321,0.5559409424367954,0.18116772635671957,1.0,1.0,1.0,1.0,1.0,1.0,1.0,0.18402878567778552,0.5082803465757365,1.0,1.0,0.8912931977962099,1.0,0.6732123461666526,0.7381788493184366,1.0,0.7381517002650384,1.0,1.0,1.0,0.9173256136890929,0.853932603305054,1.0,1.0,1.0,0.7625279602873427,1.0,1.0,0.8082414578822399
gex_possorted_bam_1WGCZ:CGTGCACAGTGTGATCx-M2,1.0,0.9722410715532881,1.0,1.0,1.0,1.0,0.0,1.0,0.9024470662923879,1.0,0.0,1.0,1.0,0.5785770334247875,1.0,0.16993731046062285,0.0,0.0,0.25981296072980126,0.6841680356657581,0.7731095717631218,1.0,1.0,1.0,0.8853783706989614,1.0,0.0,1.0,0.5129797406342402,1.0,0.12748634757990482,1.0,1.0,1.0,0.0,1.0,0.0,1.0,1.0,0.0,1.0,0.0,1.0,1.0,1.0,1.0,1.0,0.0,1.0,1.0,1.0,1.0,1.0
gex_possorted_bam_1WGCZ:CGTGTGTCAGCGCTTGx-M2,1.0,0.90540309879405,0.0,1.0,1.0,1.0,0.6937032707738285,1.0,1.0,0.991041244487921,0.16931855153218592,0.7414799120970537,1.0,0.39790081018102474,1.0,0.047830404282743794,0.0,0.6695188706517862,1.0,0.8839944767513221,1.0,1.0,1.0,1.0,0.7711889872005673,0.9395459121226416,0.0,1.0,0.9890173223729228,1.0,0.680888101253679,1.0,1.0,1.0,0.0,1.0,0.037593736864319216,1.0,1.0,0.006760696403378658,1.0,0.11115691473372886,0.5845912488560411,0.0,1.0,1.0,0.0,0.0,1.0,1.0,1.0,1.0,1.0
gex_possorted_bam_1WGCZ:CGTTGCGCAAGGGTTGx-M2,1.0,1.0,1.0,1.0,1.0,1.0,0.5995179866212819,1.0,0.8180686807019429,1.0,0.0,1.0,1.0,1.0,1.0,0.6354112390825448,0.0,0.1783578166159835,0.653647040402258,0.6475437209508098,1.0,1.0,1.0,1.0,1.0,1.0,0.0,1.0,0.7589862888419326,1.0,1.0,1.0,1.0,1.0,0.0,1.0,0.15382131169015922,1.0,1.0,0.33242617164768856,1.0,0.11549495027441947,1.0,1.0,1.0,1.0,1.0,0.0,1.0,1.0,1.0,1.0,1.0
gex_possorted_bam_1WGCZ:CGTGGTTCATTGTGATx-M2,1.0,0.9095807045899689,0.0,0.7378648681220783,1.0,1.0,0.0,0.9044579671615113,0.12293218892704141,0.8045548337006789,0.45606245660155476,0.0,0.7948146168549289,0.1021696330802087,0.9815524779423009,0.0,0.1688229851913701,0.7526226787604143,0.6901965935550756,0.6956810989864114,1.0,1.0,0.9838000431170824,1.0,0.4332946366441221,0.7878742970538902,0.07475387573545927,0.6974274251047181,0.548344626017462,0.7977086748264086,0.5767717009985208,1.0,1.0,0.8134664316055538,0.021804437931351603,0.9582561373042946,0.006570515985464285,0.9365461160231093,0.8822245076457728,0.03190476463513035,1.0,0.13541708042705966,0.446925668766834,0.1978925032408541,0.9791748616819609,0.8852699657846517,0.2227013787355451,0.0,0.7126954548697269,1.0,0.5210843905025632,0.8623994901715663,1.0
gex_possorted_bam_1WGCZ:CGTTGCAAGTAGAGGCx-M2,0.08082218292636605,1.0,1.0,1.0,0.0,0.0,1.0,0.8559947546109868,1.0,0.7709197072367352,0.0,1.0,1.0,1.0,0.202862992734562,1.0,0.0,0.0,1.0,0.0,0.0,0.0,0.0,0.0,1.0,1.0,1.0,1.0,1.0,0.8021513286636934,1.0,0.0,0.0,0.902839702389484,1.0,0.23197538985313443,1.0,0.03879234849306593,0.057174395965150095,1.0,0.17808123057905212,1.0,1.0,0.7474795002468269,0.0,0.5856386047807794,1.0,1.0,1.0,0.6814679555158052,1.0,1.0,0.0
gex_possorted_bam_1WGCZ:CGTTAGTAGGGCTTTGx-M2,1.0,0.9866927570725983,0.28646845930835063,1.0,1.0,1.0,0.4472393177846352,1.0,0.4156179349875376,0.9707575403707405,0.6786385226199774,0.650438126700835,0.8748733304172763,0.218933197362065,1.0,0.25311703859789747,0.19020174828074388,1.0,1.0,0.6758157926966544,1.0,1.0,1.0,1.0,0.6473467488843874,0.9342437654055195,0.0,1.0,1.0,1.0,1.0,1.0,1.0,1.0,0.0,1.0,0.19798692198836146,1.0,1.0,0.011997133864314887,0.9709711183138386,0.0,0.7281388795362697,0.6849600018716013,1.0,1.0,0.0,0.0,0.9529805906499377,1.0,1.0,1.0,1.0
gex_possorted_bam_1WGCZ:CGTTAGTAGGGTCCACx-M2,1.0,1.0,0.0,1.0,1.0,1.0,0.5860836750725901,1.0,0.25203587722466064,1.0,0.5820137968404754,0.6640308630976299,1.0,0.39361230589721996,1.0,0.43532122736112633,0.1995853716940372,1.0,1.0,0.6996726029207532,1.0,1.0,1.0,1.0,0.7157060690057232,0.9790053181964821,0.0,1.0,1.0,1.0,1.0,1.0,1.0,1.0,0.0,1.0,0.02020924221344889,1.0,1.0,0.08338944560672717,0.8841936304421579,0.30928013381766606,0.8100983740990664,0.33028415457177135,1.0,1.0,0.0,0.0,1.0,1.0,0.9848014225178673,1.0,1.0
gex_possorted_bam_1WGCZ:CGTTTCTCAAGGTCCTx-M2,0.3060989263042691,1.0,1.0,1.0,0.49163342802231513,0.0,1.0,0.9587585022708904,1.0,1.0,0.0,1.0,1.0,1.0,0.48486413785009896,1.0,0.0,0.0,1.0,0.0,0.0,0.0,0.20579503291622703,0.0,1.0,1.0,1.0,1.0,1.0,0.879222184967394,1.0,0.541134162415555,0.0916607085723312,1.0,1.0,0.5024238624539165,1.0,0.3410365704714454,0.42424491819569426,1.0,0.9279495595992074,1.0,1.0,1.0,0.28999612557719967,0.7241549598486269,1.0,1.0,1.0,1.0,1.0,1.0,0.5123450827280677
gex_possorted_bam_1WGCZ:CTACAACAGGTCCACAx-M2,1.0,0.8421214330556832,0.0,0.9523569495605645,0.9968195228717714,1.0,0.377861557015604,0.9017397561555852,0.4524271620653328,1.0,0.5742693682363844,0.6177849645302654,0.9853029847112118,0.26960403710350905,1.0,0.1026881785474129,0.3223222269142171,1.0,1.0,0.8104379182211439,1.0,1.0,1.0,1.0,0.8209760885674282,0.8287086834690309,0.0,0.745582748572799,0.7430169643145179,1.0,0.7638230882395217,1.0,0.9894950100234859,0.9900968124537853,0.03539908327122059,1.0,0.0,1.0,1.0,0.06765412572597589,0.8131035837949536,0.22089738290718072,0.9167021860278601,0.05742399271860759,1.0,0.9856162558947035,0.3463569090766449,0.1647508804388126,0.8212344673219923,1.0,0.894297008355419,1.0,1.0
gex_possorted_bam_1WGCZ:CGTTTGGAGCAGCTATx-M2,0.08060183016372377,1.0,1.0,0.9594906045157531,0.0,0.0,1.0,0.7812010400151901,1.0,0.7604265246333649,0.11478033829570851,1.0,1.0,1.0,0.18595297913779674,1.0,0.4293660243080784,0.48282831694602335,1.0,0.0,0.0,0.0,0.0,0.0,1.0,1.0,1.0,1.0,1.0,1.0,1.0,0.0,0.0,0.7528538509652815,1.0,0.29032357507216816,1.0,0.15342775741043171,0.13964645624544597,1.0,0.18503399231650403,1.0,1.0,1.0,0.01866990312578466,0.5684162296211879,1.0,1.0,1.0,0.5339062000482832,1.0,0.9822868523185316,0.0
gex_possorted_bam_1WGCZ:CTAATCTTCCGGAACCx-M2,0.09743931461500006,1.0,1.0,0.8750197542443537,0.0,0.0,1.0,0.5576402454981103,1.0,0.8004353241316395,0.32174013212387326,1.0,1.0,1.0,0.12041264937771387,1.0,0.45736357596143307,0.0,1.0,0.0,0.0,0.0,0.0,0.0,1.0,1.0,1.0,1.0,1.0,0.8037586454737484,1.0,0.0,0.0,0.6141239801025483,1.0,0.2121511786840877,1.0,0.10469067843075823,0.14012146858349503,1.0,0.2443468225895898,1.0,1.0,1.0,0.0,0.512767085039177,1.0,1.0,0.9530294849046365,0.6333103814198396,1.0,0.830930834092077,0.0
gex_possorted_bam_1WGCZ:CTACTAAAGTAGCCATx-M2,0.11083352224458838,1.0,1.0,0.9971309954201432,0.05830670842608234,0.031034873388822423,1.0,0.7795961821905412,1.0,0.3878693575136315,0.3802373177265804,1.0,1.0,1.0,0.2717135551569911,1.0,0.6811589606096158,0.6249654051878366,1.0,0.0,0.0,0.0,0.0,0.0,1.0,1.0,1.0,1.0,1.0,1.0,1.0,0.0,0.0,0.6620760598687147,1.0,0.20262716694394015,1.0,0.2529654745218171,0.26882893710441325,1.0,0.21297569281774972,1.0,1.0,1.0,0.08918450221344569,0.510887031730594,1.0,1.0,1.0,0.2937577335122305,1.0,1.0,0.0
gex_possorted_bam_1WGCZ:CGTTTGGAGGACACTTx-M2,0.008326916711089162,1.0,1.0,0.8848320636810415,0.0,1.0,1.0,0.43599865523518916,1.0,0.8098024941778666,1.0,1.0,1.0,1.0,0.37908933537067485,1.0,1.0,1.0,1.0,0.0,0.0,0.0,0.07539113749759273,0.0,1.0,1.0,1.0,1.0,0.9876316678877518,1.0,1.0,0.0,0.0,0.5945308521062164,1.0,0.31743402941394044,1.0,0.19123199342393177,0.0,1.0,0.20841088461650115,1.0,1.0,1.0,0.11599869409310805,0.5258399422250825,1.0,1.0,1.0,0.5667818947526166,1.0,0.968446233128722,0.0
gex_possorted_bam_1WGCZ:CGTTGCAAGTCAGTACx-M2,1.0,0.901012689444073,0.0,1.0,1.0,1.0,0.8475778538527382,1.0,0.9901135376444081,0.8502453316448172,0.7478197958328476,0.15601621593502685,1.0,0.7993525977652504,1.0,0.3397432288525011,0.4715570129273213,1.0,1.0,0.9943095787630041,1.0,1.0,1.0,1.0,0.7766331421040814,0.8431209552352625,0.0,1.0,1.0,1.0,0.8740925337512477,1.0,1.0,1.0,0.0,1.0,0.0,1.0,1.0,0.18919806044212317,0.7241791850335356,0.3577179691584751,0.4977297176398739,0.01588461630021859,1.0,1.0,0.0,0.26040035342072615,1.0,0.8843045235615706,1.0,1.0,1.0
gex_possorted_bam_1WGCZ:CTAACCACAGGCCATTx-M2,1.0,0.8945556922608698,0.0,0.9847303010194097,1.0,1.0,0.40988642922322194,0.9724428268711571,0.17646954669327963,0.9715769701362051,0.669600087388626,0.536078066994476,1.0,0.4064976266740641,1.0,0.14705317783891456,0.3019048529511379,1.0,1.0,0.6638451390167363,1.0,1.0,1.0,1.0,0.610077695939062,0.846082598132701,0.0,0.8724442002235212,0.982641451218738,1.0,0.9275052672480036,1.0,1.0,1.0,0.0,1.0,0.07266704716051112,1.0,1.0,4.6134107706049675e-05,0.9729998263446511,0.17683082915111112,0.54473297580599,0.26151791845233713,1.0,1.0,0.02359108288837903,0.0,0.8902861980413678,1.0,0.9895365044918086,1.0,1.0
gex_possorted_bam_1WGCZ:CTACTAAAGGTCCAATx-M2,0.0628514857395837,1.0,1.0,0.9510564197373591,0.2257623484186607,0.0,1.0,0.6728098483590762,1.0,0.6323045656594312,0.24620160009236658,1.0,1.0,1.0,0.13152641530234724,1.0,0.46632044317850047,0.23054193096747957,1.0,0.0,0.0,0.0,0.0,0.0,1.0,1.0,1.0,1.0,1.0,0.8294749420125963,1.0,0.018320080203938053,0.0,0.7097940876715692,1.0,0.2356597381290315,1.0,0.06027054577082441,0.07204293865899135,1.0,0.1609584550602041,1.0,1.0,1.0,0.02301626235820822,0.5200425223146823,1.0,1.0,1.0,0.5722198058385057,1.0,0.93596492157839,0.0
gex_possorted_bam_1WGCZ:CTAATCGCAGTTGCGTx-M2,1.0,1.0,0.19483641612992178,1.0,1.0,1.0,0.6917558349841493,1.0,0.8790409292478322,1.0,0.03590503142953243,0.8142366773057451,1.0,0.2541012846804089,1.0,0.2807600859097052,0.0,0.6258664211716294,1.0,0.7940062567026407,1.0,1.0,1.0,1.0,0.8619953478199402,0.9907139550505751,0.0,1.0,1.0,1.0,1.0,1.0,1.0,1.0,0.0,1.0,0.30574607063510045,1.0,1.0,0.05510322362626504,1.0,0.2575273698172273,0.7758695264921098,0.4116231452699437,1.0,1.0,0.3021587593222846,0.058118616694958755,1.0,1.0,0.9680542035610572,1.0,0.956708678238741
gex_possorted_bam_1WGCZ:CTACAACAGTTTGCGGx-M2,1.0,0.91642520794951,1.0,1.0,1.0,1.0,0.0,1.0,1.0,1.0,0.0,1.0,1.0,0.46784913856353655,1.0,0.2177882851272614,0.0,0.0,0.38675679857020334,0.5546262527309092,0.8143074154669314,1.0,1.0,0.9109910741752397,1.0,1.0,0.0,1.0,0.4785079468640993,1.0,0.0,1.0,1.0,1.0,0.0,1.0,0.0,1.0,1.0,0.0,1.0,0.0,1.0,0.79470216336043,1.0,1.0,1.0,0.0,1.0,1.0,0.8688669281647032,1.0,1.0
gex_possorted_bam_1WGCZ:CTAACCACACTTGTTCx-M2,1.0,0.9996139922926511,0.0,0.9866632330450881,1.0,1.0,0.6563774501196976,1.0,0.3916416642710258,1.0,0.0,1.0,0.7477397988801384,0.5561031292457134,1.0,0.4161172387667763,0.0,0.3345135847623896,0.656581925691325,0.5097953455536872,1.0,1.0,0.995230796147806,1.0,0.4490062766726849,0.8242630028751151,0.0,0.9833412252593368,1.0,1.0,0.9618837665201151,0.6559186498237054,0.9954653328467219,1.0,0.015786555140800268,1.0,0.2529429844767507,0.9481474019775197,1.0,0.15868566169349688,1.0,0.32054349000315313,0.6669981379222889,0.31688172668520836,1.0,1.0,0.09673983186372032,0.0,0.8753043566357649,1.0,0.83963203054451,1.0,1.0
gex_possorted_bam_1WGCZ:CGTTAAATCTTTAGGAx-M2,0.021110596252744307,1.0,1.0,0.7011348631316906,0.0,0.0,1.0,0.6788427087884442,1.0,0.6237868148320798,0.0,1.0,1.0,1.0,0.06875684313221106,1.0,0.08333224263618456,0.0,1.0,0.0,0.0,0.0,0.0,0.0,1.0,1.0,1.0,1.0,1.0,0.39379824966925076,1.0,0.0,0.0,0.6042789657504669,1.0,0.15916727174469816,1.0,0.0,0.0,1.0,0.2120048278009895,1.0,1.0,1.0,0.0,0.3779097764754595,1.0,1.0,0.8432971109781547,0.5619209010175664,1.0,0.6467655833397402,0.0
gex_possorted_bam_1WGCZ:CTAAGGTTCATGCTCCx-M2,1.0,0.9805408607501376,0.27474657239861866,1.0,0.9897693333268345,1.0,0.9823718136836438,1.0,0.7423231992731909,1.0,0.0,1.0,1.0,0.2853797321276442,1.0,0.2543170755327432,0.0,0.2333894284343325,0.9776949056967378,1.0,1.0,1.0,1.0,1.0,0.9146233528755032,0.9684800638050051,0.0,1.0,1.0,1.0,0.9799562655221152,1.0,1.0,1.0,0.0,1.0,0.359823816643394,1.0,1.0,0.16690545044057914,1.0,0.4770109658476552,0.858315208626475,0.6984754014933207,1.0,1.0,0.33260588093022025,0.02094401785542345,1.0,1.0,1.0,1.0,1.0
gex_possorted_bam_1WGCZ:CGTTTGGAGACACTTAx-M2,1.0,1.0,0.0,1.0,0.9743752276172285,1.0,0.23411316335202378,1.0,0.5600953571221307,1.0,0.5455928487919168,1.0,1.0,0.19093566747757154,1.0,0.5433553231808198,0.4270284382065421,0.9180791422739625,0.9488768607193182,0.9887448085401791,1.0,1.0,1.0,1.0,0.6231621107371406,0.8961676212650662,0.0036793866791916445,0.6819064348698343,1.0,1.0,1.0,0.8636883229675572,1.0,0.8988547901819647,0.11339890622475958,1.0,0.43644301963150806,1.0,1.0,0.0,1.0,0.0,0.7018986447284059,0.8518096466760945,1.0,1.0,0.5854238431391237,0.0,0.8071276899478369,1.0,0.7775490686327136,1.0,1.0
gex_possorted_bam_1WGCZ:CTACGAAGTCCTTAGTx-M2,0.0,1.0,0.8046683469957044,0.745215689795957,0.0,1.0,1.0,0.2543975649813163,1.0,0.30120361473368823,1.0,1.0,1.0,1.0,0.0661640929226881,1.0,1.0,1.0,1.0,0.0,0.0,0.0,0.0,0.0,1.0,1.0,1.0,1.0,1.0,1.0,1.0,0.0,0.0,0.4858920556947823,1.0,0.0777071994051488,1.0,0.07020150042059438,0.06720522635663054,1.0,0.019989613788882636,1.0,1.0,1.0,0.0,0.4800199770159437,1.0,1.0,0.8620910652077165,0.29455850721917276,1.0,0.7784868678034313,0.0
gex_possorted_bam_1WGCZ:CTACCGGCATGCAACCx-M2,0.9972046292163286,1.0,1.0,1.0,1.0,1.0,0.0,1.0,1.0,1.0,0.0,1.0,1.0,0.6419774276009119,1.0,0.22304770108292693,0.0,0.0,0.0,0.40487451864106966,0.3217959328595756,0.8018059695645716,1.0,0.6307763389196698,1.0,1.0,0.0,1.0,0.6203782256678843,1.0,0.0,1.0,1.0,1.0,0.0,1.0,0.0,1.0,1.0,0.0,1.0,0.0,1.0,1.0,1.0,1.0,1.0,0.0,1.0,1.0,0.9194531528303218,1.0,1.0
gex_possorted_bam_1WGCZ:CTAACCACAGCAAGATx-M2,0.5355084689784009,0.26509489285407073,0.0,0.528550121601762,0.3547254454575128,0.6043757238760117,0.26385684848002816,0.6277421658544662,0.14591556198849223,0.2665490832807805,0.40851486883903276,0.32165035543738396,0.07719202742460762,0.7807386392547877,0.39381395452492524,0.7742987631025064,0.4370114054958878,0.8719159048450094,0.6997996565403379,0.0,0.4979924459947718,0.40245671487065643,0.5123008614295955,0.6385836246703998,0.30649990661842774,0.47765298437035986,0.4931150648415634,0.6322866217227946,0.5755148813597117,0.3288113442783293,0.0,0.4234127516079213,0.5007442323659366,0.5067446813811112,0.3736864895105499,0.5356409589230585,0.5277240861328935,0.5222888660238284,0.48941630392998753,0.33207745826566903,1.0,0.7597844827258097,0.2514491325070394,0.0,0.32850255776816023,0.4721670566158127,0.2533581905952521,0.9995174278427074,0.37374802457572986,0.3818541043080819,0.33840836662668655,0.43393487752404136,0.0
gex_possorted_bam_1WGCZ:CGTTAAATCAAACTCAx-M2,1.0,0.9233520013578016,0.0,1.0,1.0,1.0,0.29403965489591305,0.918889814107071,0.2479931725352003,0.995353830865546,0.6096119410555378,0.5920694858679496,0.753045903058761,0.24491597825997766,1.0,0.12223843247425095,0.2407238729833644,1.0,1.0,0.8432234428416533,1.0,1.0,1.0,1.0,0.3953634998113866,0.8161331547344725,0.0,1.0,1.0,1.0,1.0,1.0,1.0,1.0,0.0,1.0,0.09247269312563906,1.0,1.0,0.05884624816100826,0.7421501216543945,0.15657550485218463,0.5033304843881968,0.42816016430088477,1.0,1.0,0.0,0.03328627663925497,0.9696472523533066,1.0,1.0,1.0,1.0
gex_possorted_bam_1WGCZ:CTATGGCCAATAGTCTx-M2,0.6812111480181812,1.0,1.0,0.6337641787267702,0.5713174262289612,0.7981982017297556,1.0,1.0,0.8954108545456034,1.0,0.0,1.0,0.7037042684878309,0.5430764559295851,0.8517585394679599,0.3580115250456625,0.2731459198783315,0.0,0.19819945321951926,1.0,0.9247575538875965,0.681701023779804,0.7429117080868012,0.843932547548504,0.6234557598090799,0.6434608738709612,0.04570287413264523,0.88235831892629,0.8609174862263483,0.5385580059232561,0.7719176782300483,0.6374571464998482,0.7902655228649977,0.7386413375321407,0.28428858764943093,0.8233646487122074,0.5818772810184419,0.701825548749938,0.8009710161207594,0.5182068963912263,1.0,0.4923569362423143,0.5789844435117643,1.0,0.7954887016725379,0.7318197495930919,0.9854476678822798,0.006800845314102012,0.6824702870618399,1.0,0.43944451078766894,0.4846719136663404,1.0
gex_possorted_bam_1WGCZ:CTATGAGGTAACCTAGx-M2,0.0930107595587958,1.0,1.0,1.0,0.0,0.0,1.0,0.9856827221876292,1.0,0.7133425994159445,0.0,1.0,1.0,1.0,0.1781221575114719,1.0,0.0,0.0,1.0,0.0,0.0,0.0,0.0,0.0,1.0,1.0,1.0,1.0,1.0,0.658473343236033,1.0,0.3061129037795683,0.0,0.9281336097733053,1.0,0.2800638581384889,1.0,0.012033206783318744,0.0,1.0,0.11812846102266024,1.0,1.0,0.55076110109175,0.13463667318720474,0.5074841914117316,1.0,1.0,1.0,0.6359001902024497,1.0,0.9212918837476533,0.0
gex_possorted_bam_1WGCZ:CTAGCTGAGCTAAAGGx-M2,0.07543265622296437,1.0,1.0,1.0,0.04281795975484217,0.0,1.0,0.919223483022146,1.0,1.0,0.0,1.0,1.0,1.0,0.22446459921548917,1.0,0.0,0.0,1.0,0.0,0.0,0.0,0.0,0.0,1.0,1.0,1.0,1.0,1.0,0.47279940794100433,1.0,0.24593917551729197,0.0,1.0,1.0,0.27295079861676297,1.0,0.0,0.0,1.0,0.12699099033684308,1.0,1.0,0.0254956208072045,0.0,0.5194593905140835,1.0,1.0,1.0,0.7392681680482934,1.0,1.0,0.3938755602841018
gex_possorted_bam_1WGCZ:CTAGTTGCATACTCCTx-M2,1.0,1.0,0.14324186139882958,1.0,0.9312717584641745,1.0,0.9520716912503453,1.0,0.6622421536566485,1.0,0.0,1.0,1.0,0.4063336807198365,1.0,0.34020102895410925,0.0,0.06438224892615273,0.9722647599773407,1.0,1.0,1.0,1.0,1.0,0.9175096361962766,1.0,0.0,1.0,1.0,1.0,1.0,1.0,1.0,1.0,0.0,1.0,0.41719645300369673,1.0,1.0,0.21745097833553842,1.0,0.21088147332233348,0.7242915962740281,0.4860305025596196,1.0,1.0,0.4739472251307453,0.0,1.0,1.0,1.0,1.0,0.8358984080754254
gex_possorted_bam_1WGCZ:CTCACAACACTTCACTx-M2,1.0,0.7749723131657257,0.0,1.0,0.9473295992619644,0.3963906219861109,0.38743293124234934,1.0,0.7504843340493589,0.970015579857299,0.0,0.8360039157130422,0.9826446226752381,0.1579012651266261,1.0,0.0,0.0,0.0,0.5037200353440185,0.5098348595178154,1.0,0.7770552556769387,1.0,1.0,0.407721895435344,1.0,0.0,1.0,0.6833275456306898,0.8195286005515517,0.0,1.0,1.0,1.0,0.0,0.8718510082368797,0.23471103162089627,1.0,1.0,0.0,1.0,0.08370173542240532,0.6395274731120962,0.1891783119652273,0.9313812845149139,1.0,0.7180362255589695,0.012197810219364235,0.9756581291919134,1.0,1.0,0.8224155933840671,0.0
gex_possorted_bam_1WGCZ:CTAGATTCACCTCACCx-M2,0.05780715301968257,1.0,1.0,0.8945109022676726,0.014750404768049652,0.3613000097496494,1.0,0.8599357354154197,1.0,0.5838113410350994,0.8228284103797694,1.0,1.0,1.0,0.024025168833416478,1.0,1.0,1.0,1.0,0.0,0.0,0.0,0.0,0.0,1.0,1.0,1.0,1.0,1.0,0.9370633892251687,1.0,0.0,0.0,0.7210050512221641,1.0,0.27977365028060586,1.0,0.0984293033445104,0.07611580332556432,1.0,0.11212288361535926,1.0,1.0,1.0,0.0520510362871955,0.5458920398080572,1.0,1.0,1.0,0.3891986532556653,1.0,0.8606971991274346,0.0
gex_possorted_bam_1WGCZ:CTCACAACAGCACCATx-M2,0.0,0.6625546127763846,0.2897201301817408,0.353074819938951,0.0,0.0,1.0,0.31718631390869695,1.0,0.017578963300007105,1.0,0.7302440674358579,1.0,1.0,0.0,1.0,1.0,0.597213201395545,1.0,0.0,0.0,0.0,0.0,0.0,1.0,0.43073886088636504,1.0,0.8535782317396499,1.0,0.10412607791338807,0.5002015686203813,0.2020495570797366,0.0,0.10443145533565158,1.0,0.0,1.0,0.09092683890118827,0.0,1.0,0.16387402637164336,1.0,1.0,1.0,0.0,0.17985409966731358,1.0,1.0,0.3595821100853036,0.0,1.0,0.31291870310426706,0.0
gex_possorted_bam_1WGCZ:CTAGTAATCTTGCAGGx-M2,1.0,0.8918522236708705,0.0,0.9981994926260201,1.0,1.0,0.24809502474664127,1.0,0.5971082056638166,0.9141655293520227,0.102450506950401,0.7330138761371118,0.8461684833428729,0.7195497734244365,1.0,0.13813949862029357,0.0,0.2087180943731253,1.0,0.46033355440969514,1.0,1.0,1.0,1.0,0.27653561469581184,1.0,0.0,0.8383959970746458,0.45998049967347576,1.0,0.15311795673967235,1.0,1.0,0.9909149311806498,0.0,1.0,0.03242351573685553,0.9838213196966505,0.9850677795943482,0.0,1.0,0.5586653135786595,0.5728196459274845,0.0,1.0,1.0,0.14248478841889656,0.008042764263354775,0.875957457372157,1.0,0.8931083403023503,0.9144851137038562,0.5069472180300271
gex_possorted_bam_1WGCZ:CTATTACTCGTTTCTGx-M2,1.0,0.3223118354414469,0.0,1.0,0.941634384581707,0.796347538825447,0.0,0.9099407375854132,0.1991330189146716,0.5919040538821583,0.0,0.7254062385379472,0.7982542912494973,0.6523498831235571,1.0,0.5382667622163463,0.0,0.0,0.9689725642642834,0.6354184879648712,1.0,1.0,1.0,0.9514347462393561,0.12877855750358466,1.0,0.0,1.0,0.6276097136886768,1.0,0.3876137287728307,1.0,1.0,1.0,0.2099469340806874,1.0,0.0,1.0,1.0,0.0,1.0,0.738798387450388,0.34859334976273487,0.0,0.7500197398253617,0.9848935092384081,0.8841933738268644,0.6684732850243754,0.9943462151249465,0.7791912446645928,1.0,1.0,0.03993131963475464
gex_possorted_bam_1WGCZ:CTATTGAAGCTTCCCGx-M2,1.0,0.9006795368247026,1.0,1.0,1.0,0.9761505275181245,0.0,1.0,1.0,1.0,0.0,1.0,1.0,0.6840837271563787,1.0,0.2805584927918447,0.0,0.0,0.0,0.3529572144464322,0.47565260710836604,0.8326147621069212,1.0,0.8021718623985546,1.0,1.0,0.0,1.0,0.5698710483923562,1.0,0.0,1.0,1.0,1.0,0.0,1.0,0.06694256090233404,1.0,1.0,0.0,1.0,0.030641874539811795,1.0,1.0,1.0,1.0,1.0,0.0,1.0,1.0,0.8633720859669398,1.0,0.8794887024722353
gex_possorted_bam_1WGCZ:CTCCATCAGCTGGACCx-M2,1.0,0.8681968368325605,0.6189289300766171,1.0,1.0,0.8217082657073128,0.17117315496906757,1.0,0.5709009519516333,1.0,0.0,1.0,0.8611168139059986,0.33300933904687163,1.0,0.07989976700247484,0.0,0.0,0.6185167383451502,0.7663832823718193,1.0,1.0,1.0,1.0,0.38623373315565906,1.0,0.0,0.6466105218213808,0.8286481858264314,1.0,0.39930306116672365,0.980665856025752,1.0,0.9773512525539215,0.0,0.9480091680143125,0.1442165749098885,1.0,1.0,0.0,1.0,0.2081376887711528,0.6442621617570506,0.3829199046075347,0.9879479505611477,1.0,0.33920313233927263,0.0,0.9407466617626514,1.0,1.0,0.894523035562954,0.33416373929359394
gex_possorted_bam_1WGCZ:CTCACTCAGCTGGAAAx-M2,1.0,0.7444134482582904,0.30036365046035995,1.0,0.9925458309849865,1.0,0.576019559588943,1.0,0.3530623620578261,1.0,0.0,0.5664187925277316,0.8068380853436631,0.5778294610962871,1.0,0.0,0.0,0.0,0.8464404203235842,0.5841319063439981,1.0,1.0,1.0,1.0,0.5109561632761058,0.9403767466199829,0.0,0.8052797829257211,0.971910983921395,0.9575414185463339,0.9451219744942034,1.0,1.0,1.0,0.0,1.0,0.44755420847144856,0.931731935618418,1.0,0.0,1.0,0.40237767819698494,0.46898979647614897,0.0,1.0,1.0,0.11930412855418465,0.1829776820325077,0.8778396322418863,1.0,0.8207821483443137,0.9376064693387206,0.6279917893026642
gex_possorted_bam_1WGCZ:CTCCAACTCAAGCGCCx-M2,1.0,0.6069960467768367,0.08834210344537574,1.0,1.0,0.702140003090757,0.06462929766052167,1.0,0.0,1.0,0.0,0.624638882306103,0.7564009549815017,0.3330172091601005,1.0,0.041415489796840115,0.0,0.0,0.8413605680541566,0.8658224625359354,1.0,1.0,1.0,1.0,0.0,1.0,0.0,0.7901614903461006,0.8291578124710027,1.0,0.23367057487798415,1.0,1.0,1.0,0.0,1.0,0.0,1.0,1.0,0.0,1.0,0.023789429223569997,0.7874469696024405,0.2723136927236629,1.0,1.0,0.49534201493031,0.0,1.0,1.0,1.0,0.9599532540946765,0.0
gex_possorted_bam_1WGCZ:CTATGTTTCCAGCACAx-M2,1.0,0.8107435867334862,0.0,1.0,1.0,1.0,0.338861847093266,1.0,0.48243758848688634,1.0,0.07363920646273217,1.0,1.0,0.3894857137181566,1.0,0.1730345290699814,0.0,0.4004256170435739,0.9151266276013462,0.7935958541567605,1.0,1.0,1.0,1.0,0.5764865358133762,0.9420353075587278,0.0,0.8335772385244795,0.9376149834357952,1.0,0.7146444242184246,1.0,1.0,1.0,0.0,1.0,0.27410789405376523,1.0,1.0,0.0,1.0,0.1091945268592223,0.7298642877604966,0.3350078530465323,1.0,1.0,0.5581711769157444,0.0728257727252852,0.9338807587646836,1.0,1.0,1.0,0.9046806327655634
gex_possorted_bam_1WGCZ:CTCATTAGTTCCAGGGx-M2,1.0,1.0,0.5641858891357243,1.0,1.0,1.0,0.43076074065196407,1.0,0.8303207543374285,1.0,0.0,1.0,1.0,0.22707611170674946,1.0,0.12607147015841344,0.0,0.0,0.7193087116428172,1.0,1.0,1.0,1.0,1.0,0.7801087906494315,1.0,0.0,1.0,1.0,1.0,0.425108336507582,1.0,1.0,1.0,0.0,1.0,0.0,1.0,1.0,0.0,1.0,0.0,1.0,0.9221301997904622,1.0,1.0,0.45182664744932655,0.0,1.0,1.0,1.0,1.0,0.5954358311561507
gex_possorted_bam_1WGCZ:CTCCAAACATGTCAGCx-M2,1.0,1.0,0.0011371794643375342,1.0,1.0,1.0,0.4181834085878697,1.0,0.6403401771868255,1.0,0.07206011224782095,0.905324468010232,0.9535149579107903,0.30675959329684843,1.0,0.0,0.0,0.42406901136019043,0.9095004875781163,0.7073417885121012,1.0,1.0,1.0,1.0,0.7265146073529845,0.9797234561592255,0.0,0.9013406162904687,0.8287415944836575,1.0,0.6406944762490145,1.0,1.0,1.0,0.0,1.0,0.08357351383769053,1.0,1.0,0.0,1.0,0.047730157754359175,0.7699025740120552,0.3389046418110134,1.0,1.0,0.2205734351457046,0.0,0.957697501121988,1.0,0.9442750495671749,1.0,1.0
gex_possorted_bam_1WGCZ:CTAGTAATCACGCATGx-M2,1.0,1.0,0.7818605168693396,1.0,1.0,0.714885649791984,0.4060711299264911,1.0,0.8881307083661836,1.0,0.0,1.0,0.9395542042367078,0.3977880641769038,1.0,0.10313410789322523,0.0,0.0,0.3732225671793516,0.713040583996087,0.9956443653144443,0.9897253372930283,1.0,1.0,0.6310893995515079,1.0,0.0,0.9167494527317442,0.7979006449497417,1.0,0.16872173742401858,1.0,1.0,1.0,0.0,1.0,0.23114812412750832,1.0,1.0,0.0,1.0,0.24821017743675103,1.0,0.6471390717779919,1.0,1.0,1.0,0.0,1.0,1.0,1.0,1.0,0.21046269488906413
gex_possorted_bam_1WGCZ:CTATGTTTCTCACTATx-M2,1.0,0.6272970080908,0.820247135574996,1.0,1.0,0.9245710272792246,0.7568402940875844,1.0,0.9395682730091295,1.0,0.0,1.0,0.9670560903967313,0.4511481392942872,1.0,0.3092853023562866,0.0,0.1268124313431891,0.8178410929510255,0.4960653707782258,1.0,1.0,1.0,0.9089937023829726,0.9142441500117441,1.0,0.0,0.9834212351026224,0.871462283821186,0.9989755690510973,0.13207367854947824,1.0,1.0,1.0,0.0,1.0,0.1456234281378679,1.0,1.0,0.0,1.0,0.28628949926954556,1.0,0.0,1.0,1.0,0.7033926172217336,0.0,0.919126282568961,1.0,0.8459779945108912,1.0,0.7139015355856174
gex_possorted_bam_1WGCZ:CTCCCTGAGAACCTACx-M2,1.0,1.0,0.0,1.0,0.9549418236329377,1.0,0.6962889147099969,1.0,0.2210085485345331,1.0,0.6316121041611046,0.7206724869880199,0.9247127679134232,0.6972336163800693,1.0,0.6487877855698679,0.3522406025027204,1.0,1.0,0.684650597832825,1.0,1.0,1.0,1.0,0.8274109245155841,0.8900553341952,0.0,1.0,1.0,1.0,1.0,1.0,1.0,1.0,0.0,1.0,0.2526459242529138,1.0,1.0,0.20132768247425364,0.5904443708059923,0.34638277400387546,0.7257183703786699,0.32063576401388494,1.0,1.0,0.2436964256419261,0.04096858246085912,1.0,1.0,1.0,1.0,1.0
gex_possorted_bam_1WGCZ:CTCCAACTCTTGAGCGx-M2,1.0,0.7984531964790339,1.0,1.0,1.0,0.06194376752447527,0.0,1.0,0.704191372619792,1.0,0.0,1.0,1.0,0.5973728446077793,1.0,0.0,0.0,0.0,0.0,0.0,0.0,0.35222934451937593,1.0,0.7966355447313387,0.5127619127819556,1.0,0.0003140076082434546,0.7807867506722451,0.6244390905333207,1.0,0.0,1.0,1.0,1.0,0.0,0.852535148803955,0.0,1.0,1.0,0.0,1.0,0.0,1.0,0.8559749693066981,0.6738550447131123,1.0,1.0,0.0,1.0,1.0,1.0,0.9931060133303907,0.0
gex_possorted_bam_1WGCZ:CTATGAGGTTTACCGTx-M2,0.9462970906874576,0.6264446757861674,0.13188960838680924,0.8501229830874624,1.0,1.0,0.22701683779674267,0.7840368182621379,0.2672505282782384,1.0,0.6054494673823267,0.3256537261979394,0.7092062441930969,0.10147662097487897,0.980275591139224,0.21886370009931827,0.3164770700034005,0.9333666620793973,0.7557221623009863,1.0,1.0,1.0,0.9203716999648419,1.0,0.43714032697133315,0.6990197579096282,0.0,0.8883352971338608,0.7891182141555628,0.9143901240311695,0.911077036697667,1.0,0.9161537380219285,0.9855054422769576,0.0,1.0,0.09424921428360045,0.8910127174502928,0.9335205274506299,0.10881025934316187,0.7951790897884338,0.018030388975322168,0.6994846225095053,0.35507572307637875,1.0,0.8840057555614247,0.10306855601081384,0.04204469341508991,0.7702587671178861,0.9350995990022559,0.7329262584561365,0.9722917367504108,1.0
gex_possorted_bam_1WGCZ:CTAGGACGTGGAAACGx-M2,0.0,1.0,1.0,0.9490247540843091,0.0,1.0,1.0,0.4226915943729283,1.0,0.7434414765037336,1.0,1.0,1.0,1.0,0.4097088789129226,1.0,1.0,1.0,1.0,0.0,0.0,0.0,0.0,0.0,1.0,1.0,1.0,1.0,0.9480749099107667,1.0,1.0,0.0,0.0,0.4978817949145041,1.0,0.33109719966634144,1.0,0.2501705674575664,0.014329717301320747,1.0,0.2730925880800583,1.0,1.0,1.0,0.09021121699447704,0.5396253992876686,1.0,1.0,1.0,0.511236906703936,1.0,0.9760836669517597,0.0
gex_possorted_bam_1WGCZ:CTAGCGGGTTTGCAGAx-M2,1.0,1.0,1.0,1.0,1.0,1.0,0.0,1.0,1.0,1.0,0.0,1.0,1.0,0.810494060621415,1.0,0.35492915536758196,0.0,0.0,0.2376513031815473,0.47103921007706934,0.5724848573552443,0.9086404340681493,1.0,0.8474973918392259,0.7895168303183501,1.0,0.0,1.0,0.6335676828219251,1.0,0.0,1.0,1.0,1.0,0.0,1.0,0.04371614492073886,1.0,1.0,0.0,1.0,0.02959331723882419,1.0,0.9711461794306102,1.0,1.0,1.0,0.0,1.0,1.0,0.9861517193446017,1.0,0.6554262125030967
gex_possorted_bam_1WGCZ:CTAGATTCAAACGCGAx-M2,1.0,0.8849905665089856,0.0,1.0,1.0,0.6854404920316683,0.2826552234205127,1.0,0.6498442206627475,1.0,0.0,0.8971246158438672,0.7761461032607303,0.3129810504465973,1.0,0.0,0.0,0.0,0.7290163951323182,0.3700970323413647,1.0,0.9992830430113109,1.0,1.0,0.47108657173017365,1.0,0.0,0.6002869480576926,0.5017946190433722,1.0,0.19219003319677144,1.0,1.0,1.0,0.0,1.0,0.2221316676098516,1.0,1.0,0.0,1.0,0.5054619214990007,0.753338900440658,0.0,1.0,1.0,0.19481559292135694,0.0,0.9563485922029374,0.9290292386626218,1.0,0.9341820071744964,0.7637528707887263
gex_possorted_bam_1WGCZ:CTCATCATCGTGCCTTx-M2,0.015500352794544195,1.0,1.0,0.8553422883902704,0.0,0.1006897616221179,1.0,0.6904214408899635,1.0,1.0,0.16748871463545853,1.0,1.0,1.0,0.27434891409618256,1.0,1.0,1.0,1.0,0.0,0.0,0.0,0.0,0.0,1.0,1.0,1.0,1.0,1.0,1.0,1.0,0.0,0.0,0.8141786827156464,1.0,0.3009022483833058,1.0,0.23759978370073367,0.02719991551062709,1.0,0.3347870742932728,1.0,1.0,1.0,0.24141277455403634,0.5126852766285347,1.0,1.0,1.0,0.29823319188046404,1.0,0.8830977829288037,0.0
gex_possorted_bam_1WGCZ:CTCACACTCGCCTGTTx-M2,0.06866016963262349,1.0,0.8972648515259039,0.9172056299650115,0.0,0.6862935114683261,1.0,0.7174230036178747,1.0,0.4384836949868946,1.0,1.0,1.0,1.0,0.11704087446048579,1.0,1.0,1.0,1.0,0.0,0.0,0.0,0.0,0.0,1.0,1.0,1.0,1.0,1.0,0.8773867482603468,1.0,0.21115314585377581,0.0,0.7646081354664598,1.0,0.25142314202062344,1.0,0.0943124526071684,0.07757946349898641,1.0,0.12623411418395997,1.0,1.0,1.0,0.0,0.5509495616827513,1.0,1.0,1.0,0.4142401084806594,1.0,0.9455117577287292,0.0
gex_possorted_bam_1WGCZ:CTATGTTTCATGGTTAx-M2,0.9301293679809982,0.8043266919336483,0.0,0.9762465131196926,1.0,0.8252780127636054,0.5624817371061397,0.712880330547887,1.0,1.0,0.0,0.9708055667178787,0.8857329215411512,0.5971677441513416,0.5345287707315107,0.28648942439957586,0.04257793155590255,1.0,1.0,0.0,0.9625820135629076,0.7105877646333228,0.7127053298277712,0.904105457450928,1.0,1.0,0.1999697153175324,0.39355262126863627,0.38894842357702464,0.7882453213868051,0.5354945886467725,0.0,0.7789358274704576,0.9483264333192464,0.0,0.9303029701662571,0.9097444810440608,1.0,1.0,0.6200034562027881,1.0,1.0,1.0,0.10065032590008166,0.692279811499101,0.7246783041662468,0.0,0.0,0.9476116413563757,0.7967947767717714,1.0,0.9738232296135537,1.0
gex_possorted_bam_1WGCZ:CTCCCTGAGAAGGTGCx-M2,1.0,0.8896953923765674,0.0,0.9864631234413094,1.0,1.0,0.470616754176937,1.0,0.8130425741583495,1.0,0.3188654122444678,0.8165528026698609,0.8633117650765305,0.23157649005006303,1.0,0.14957577636471728,0.0,0.7419981419274816,1.0,0.4413797742207555,1.0,1.0,1.0,1.0,0.6037117741264745,0.8408859482762959,0.0,0.856044248807023,1.0,1.0,0.6878989443268385,1.0,1.0,1.0,0.0,1.0,0.2788245537820815,1.0,1.0,0.0,0.9054889899578582,0.23765742448959007,0.7163522163376569,0.26188880873968157,1.0,1.0,0.26744443805796675,0.0,0.8661680796240582,0.9460124886326179,0.9588448258189541,1.0,0.9325090659173421
gex_possorted_bam_1WGCZ:CTCCCTGAGGTCGAGGx-M2,1.0,1.0,0.0,1.0,0.8964176161818397,1.0,0.9233017655800368,1.0,0.6806956761938958,1.0,0.0,0.9049351548881787,1.0,0.5185904113969668,1.0,0.1903415037743528,0.0,0.49085489375396574,1.0,0.7488562954635628,1.0,1.0,1.0,1.0,1.0,0.9540861649770375,0.0,1.0,0.9173056339593315,0.9565412565993342,1.0,1.0,1.0,1.0,0.0,1.0,0.1591480339929333,1.0,1.0,0.28755874293895695,0.9852782300008912,0.13193949836296037,0.8258512194896566,0.8109977679404096,1.0,1.0,0.4344532308184766,0.0,1.0,1.0,1.0,1.0,0.9653493708841842
gex_possorted_bam_1WGCZ:CTCATGACACAGGAATx-M2,1.0,0.9244118485640535,0.0,1.0,1.0,1.0,0.6102202978214049,1.0,0.4568946873580654,0.9014308872949846,0.2428942724490156,0.6265720213516048,0.8900876999207639,0.3318238700811896,1.0,0.393407853737454,0.0,0.8783775611578433,1.0,0.400926920995624,1.0,1.0,1.0,1.0,0.7346831471471745,0.8427241666509774,0.0,0.9440649195043876,1.0,0.9830306603830882,0.5645646843640247,1.0,1.0,1.0,0.0,1.0,0.16422315480963087,1.0,1.0,0.0,0.8670978267508814,0.23643369492892546,0.6705212308758655,0.014651212384690042,1.0,1.0,0.17118542133164805,0.0,0.8471476143335415,0.976017172634519,0.964547364751072,1.0,1.0
gex_possorted_bam_1WGCZ:CTAGTCGAGCAACATCx-M2,1.0,1.0,0.24418750266417685,1.0,1.0,1.0,0.24669049541611812,1.0,0.37501115877114144,1.0,0.08129542545201529,0.8141113436158891,0.8669314506884143,0.4635735448025567,1.0,0.09638766794616431,0.0,0.3483332227111251,1.0,0.706109436156616,1.0,1.0,1.0,1.0,0.4360832727208847,1.0,0.0,1.0,0.9394833652370324,1.0,0.8685999172648413,1.0,1.0,1.0,0.0,1.0,0.17993396291243866,1.0,1.0,0.0,1.0,0.36842553402937145,0.6605504928428838,0.26520569400997035,1.0,1.0,0.3874058230248971,0.0,1.0,1.0,1.0,1.0,1.0
gex_possorted_bam_1WGCZ:CTAGCTTGTCCCGAAGx-M2,0.7967672525206432,1.0,1.0,1.0,1.0,0.7050815409340963,1.0,1.0,1.0,1.0,0.0,0.0,1.0,0.9107668195569986,0.8284746658005199,0.0,0.0,0.0,0.5400710319191785,0.5351927594504279,0.36678168948935364,0.5566724297401376,1.0,0.1996009087748093,1.0,1.0,0.5744502582579746,0.7577299651122503,1.0,0.37633951840308577,0.0,1.0,0.9937799621543939,1.0,0.190455148613685,0.9860510549421518,0.0,1.0,1.0,0.297560673674097,1.0,0.06441783760227372,0.9020099094318944,1.0,0.5425934987442425,1.0,1.0,0.0,1.0,1.0,0.7192256826877884,1.0,0.9412814610110304
gex_possorted_bam_1WGCZ:CTAGCTTGTTACATCCx-M2,0.784645828396673,1.0,1.0,1.0,1.0,0.8860961368949178,1.0,1.0,1.0,1.0,0.0,0.0,1.0,0.9356986131543796,0.9650362370981871,0.0,0.0,0.0,0.5851258600017051,0.6389368927329973,0.32218303726519515,0.556809287147092,1.0,0.06591188177256271,1.0,1.0,0.6119040991300172,0.6520413143435411,1.0,0.46044215168821373,0.0,1.0,1.0,1.0,0.18757628096896928,0.9993189923904595,0.0,1.0,1.0,0.17724041465349316,1.0,0.03930703174742245,0.935275224754806,1.0,0.49807453097710513,1.0,1.0,0.0,1.0,1.0,0.7593402585533208,1.0,0.570202961992786
gex_possorted_bam_1WGCZ:CTAGGACGTCCAAGACx-M2,1.0,1.0,0.8398016943137999,1.0,1.0,0.16302589973838597,0.958806295655584,1.0,0.6875375694695769,1.0,0.0,1.0,0.9206040256013558,0.0673899225854719,1.0,0.21107606483595384,0.0,0.0,0.30864416814434625,1.0,0.9724195487613113,0.7660212784410256,1.0,1.0,0.5458225954471407,1.0,0.0,1.0,1.0,1.0,0.2834693646012098,1.0,1.0,1.0,0.0,1.0,0.3814845895005271,1.0,1.0,0.019242373315274577,1.0,0.006393723278950765,0.9708681437430439,0.9675179245322517,0.981154496889769,1.0,0.860560533341848,0.0,1.0,1.0,1.0,0.8982265207353102,0.0
gex_possorted_bam_1WGCZ:CTATGACAGGGACTAAx-M2,1.0,1.0,0.08530729011702658,1.0,1.0,1.0,1.0,1.0,0.41457394317519947,1.0,0.11081991437885524,1.0,0.8978316587982884,0.2068836118675319,1.0,0.45599878362722757,0.0,0.5171801440544725,1.0,0.7249982557277047,1.0,1.0,1.0,1.0,0.8176017201089106,0.9965582804876453,0.0,1.0,1.0,1.0,1.0,1.0,1.0,1.0,0.0,1.0,0.27974319910765555,1.0,1.0,0.3038985042770048,0.9657332868827825,0.13602678994660541,0.9330168760124914,1.0,1.0,1.0,0.205043103023156,0.0,1.0,1.0,1.0,1.0,0.9008910742868567
gex_possorted_bam_1WGCZ:CTAGTGAGTTACTTCAx-M2,1.0,1.0,1.0,1.0,1.0,0.5599467385648931,0.0,1.0,1.0,1.0,0.0,1.0,1.0,0.7086856038386424,1.0,0.26368910015270847,0.0,0.0,0.0,0.2596556128353444,0.008506146698553112,0.5197180786664671,1.0,0.49226005493295333,0.9831321140037257,1.0,0.023110910329292293,1.0,0.4432665488733422,1.0,0.0,1.0,1.0,1.0,0.0,1.0,0.0,1.0,1.0,0.0,1.0,0.0,1.0,1.0,1.0,1.0,1.0,0.0,1.0,1.0,0.9936787416249496,1.0,0.29989969976841047
gex_possorted_bam_1WGCZ:CTCCGGACAAAGCGGCx-M2,1.0,0.9573198832154047,0.031776052613686344,1.0,1.0,1.0,0.3793963062708927,1.0,0.4120318803119047,1.0,0.0,1.0,1.0,0.3539402500490783,1.0,0.22608002902367763,0.0,0.517188377429477,0.798691546600267,0.7385115226960367,1.0,1.0,1.0,1.0,0.8487688469765289,1.0,0.0,1.0,1.0,1.0,0.7646693829940868,1.0,1.0,1.0,0.0,1.0,0.14242063908267522,1.0,1.0,0.16307352136625228,1.0,0.045903780592471084,0.9151224337239787,0.655645573532511,1.0,1.0,0.3188777961849331,0.0,0.9930822824814131,1.0,1.0,1.0,1.0
gex_possorted_bam_1WGCZ:CTATGATCACTTACAGx-M2,1.0,0.6165766381957211,1.0,1.0,1.0,0.22820899079316864,0.0,1.0,0.8799590012769688,1.0,0.0,1.0,1.0,0.5766424004223115,1.0,0.005110398121601642,0.0,0.0,0.0,0.16863583242056693,0.0,0.4708237180348965,1.0,0.7957918350992711,0.3831247339075689,1.0,0.009438727732886135,0.691384699824787,0.5400073538973535,1.0,0.0,1.0,1.0,1.0,0.0,0.8862354479885973,0.048347332751495324,1.0,1.0,0.0,1.0,0.0,1.0,0.07644232201071327,0.8298656585727305,1.0,0.9549411936821086,0.0,1.0,1.0,1.0,1.0,0.0
gex_possorted_bam_1WGCZ:CTATTACTCATTGACAx-M2,1.0,0.8422634313303062,0.0,0.970701296620006,1.0,0.994562757421762,0.30382902824620267,1.0,0.3345351868108437,1.0,0.0,0.6841212695688997,0.8537491476373715,0.2995101136601134,1.0,0.24343985585632696,0.0,0.08829484720738805,0.6671120261026993,0.7724871723026414,1.0,1.0,1.0,1.0,0.7515012453416099,0.9382000255454659,0.0,0.6372930272251535,0.5039511557715545,0.9894714765785259,0.047654004189797705,1.0,1.0,1.0,0.0,1.0,0.1486247308085082,1.0,1.0,0.0,1.0,0.15019189754194717,0.7617323465076753,0.2215568919963171,1.0,0.955418609296187,0.6727823518060396,0.02390256811338938,0.9225132369940607,1.0,0.8411428318096804,0.9495952581992677,0.5821278634613392
gex_possorted_bam_1WGCZ:CTCAATAAGTTAGGCTx-M2,1.0,1.0,0.0,1.0,1.0,0.9696253860379829,0.7915489715985933,1.0,0.7903954424268792,1.0,0.0,1.0,1.0,0.5640828492761978,1.0,0.2285874849952673,0.0,0.0,0.7286189986589661,0.5670931627950759,1.0,1.0,1.0,1.0,0.6162924324308182,1.0,0.0,1.0,0.9997930160137961,1.0,0.8630626137049335,1.0,1.0,1.0,0.0,1.0,0.22853132661375777,1.0,1.0,0.06800839841397974,1.0,0.5401903355740129,0.9269667745525935,1.0,1.0,1.0,0.2918831636124173,0.0,1.0,1.0,1.0,1.0,0.4680320709559934
gex_possorted_bam_1WGCZ:CTAGGCGGTTGTGATGx-M2,1.0,0.8318816295005665,1.0,1.0,1.0,0.9113385805177139,0.0,1.0,0.8808884329190598,1.0,0.0,1.0,1.0,0.6873962931856891,1.0,0.0,0.0,0.0,0.0,0.37932687536611925,0.5125844764481412,0.9175768814627542,1.0,0.8433634607791013,0.8117829978216083,1.0,0.0,0.8822090110783202,0.7771410490529113,1.0,0.0,1.0,1.0,1.0,0.0,1.0,0.0,1.0,1.0,0.0,1.0,0.0,1.0,1.0,1.0,1.0,1.0,0.0,1.0,1.0,0.8960487673183181,1.0,0.46907864893437473
gex_possorted_bam_1WGCZ:CTCCAACTCGTACCGAx-M2,0.9837161314408582,0.8765226344212349,1.0,1.0,1.0,0.9320346251039212,0.0,1.0,1.0,1.0,0.0,1.0,1.0,0.616849482484832,1.0,0.04217526011390332,0.0,0.0,0.0,0.5268102874508268,0.2270400992069468,0.8145590235756237,1.0,0.6042593868522812,0.8846278349863271,1.0,0.00873164901144795,1.0,0.8233632328498397,1.0,0.0,1.0,1.0,1.0,0.0,1.0,0.0,1.0,1.0,0.0,1.0,0.0,1.0,1.0,1.0,1.0,1.0,0.0,1.0,1.0,0.9857631907865391,1.0,1.0
gex_possorted_bam_1WGCZ:CTATAACCACTCAACAx-M2,1.0,1.0,0.0,1.0,1.0,1.0,0.42986365883759453,1.0,0.2622057836143803,1.0,0.5947890156856368,0.7051654488156923,0.8622604688275383,0.6754380098474342,1.0,0.44847868080367037,0.1392430401840357,1.0,1.0,0.7796323315027625,1.0,1.0,1.0,1.0,0.6136388433372102,0.9536366968117341,0.0,0.9780778073239528,1.0,1.0,1.0,1.0,1.0,1.0,0.0,1.0,0.11966017516312383,1.0,1.0,0.0,0.9971558800921336,0.032552444442215,0.5899843820098424,0.15988682535996235,1.0,1.0,0.1546457615291819,0.0,0.9281072199017881,1.0,1.0,1.0,1.0
gex_possorted_bam_1WGCZ:CTATTGAAGCTCAAACx-M2,0.06349030006241003,1.0,1.0,0.8721815706251562,0.0,0.0,1.0,0.7737730020654011,1.0,0.8301966727584102,0.2708224261907774,1.0,1.0,1.0,0.03932917567091799,1.0,0.400606046549323,0.3012380566073123,1.0,0.0,0.0,0.0,0.0,0.0,1.0,1.0,1.0,1.0,1.0,0.8608373321435044,1.0,0.18605638604647198,0.0,0.7349938760257068,1.0,0.2592528481009994,1.0,0.14003020168164426,0.14465920498876766,1.0,0.11889642267000335,1.0,1.0,1.0,0.07938515887743355,0.4977226511965403,1.0,1.0,1.0,0.4133486179355398,1.0,0.9917743240049665,0.0
gex_possorted_bam_1WGCZ:CTATAACCATTAGGCCx-M2,0.9992530476519272,0.9221222298639484,0.0,0.9031822325013658,0.8298580817520081,1.0,0.6775857389092373,1.0,0.43442354125698984,0.9916597690836256,0.035990145079723854,0.6610599422055955,0.7448841673853193,0.47338059016806544,0.9779993954358966,0.33506782891430764,0.0,0.504361034770793,0.7834826499174569,0.5268473423914363,1.0,1.0,0.9192760239280009,1.0,0.658988670989275,0.7505221332344936,0.0,0.8466824729882307,1.0,0.832830175130126,0.9189470300852097,0.9343773278296986,0.9142999112834768,1.0,0.0,1.0,0.3071157518743905,0.9298373367060214,0.9512269027321167,0.24717743759333063,0.813726441927263,0.2820044923155278,0.612199808101474,0.15702796118372803,1.0,0.9648325860710811,0.13016026965013902,0.06339322764031564,0.7995914647243338,0.947702365932993,0.8671952427187344,0.9647414067406485,0.9379237115892881
gex_possorted_bam_1WGCZ:CTATTCAGTTTGGCTTx-M2,1.0,0.7948465178467605,0.11871937740354438,0.9370085966570203,1.0,1.0,0.854849100767405,1.0,0.22239443738231093,1.0,0.41288663479566334,0.7870728330189357,0.8850495815409622,0.9824782478448932,1.0,0.38808077866836593,0.26174563550369406,1.0,1.0,0.9305088144706652,1.0,1.0,1.0,1.0,1.0,0.9220906372098712,0.0,0.7608294313943015,1.0,1.0,0.8724768863387117,1.0,1.0,0.9744903691934845,0.0,1.0,0.27501801586600916,1.0,1.0,0.17711091683045233,1.0,0.15794643413891263,1.0,0.23847966533691228,1.0,0.9798875683366921,0.803856128212469,0.07514065188302033,0.8785970314875929,1.0,0.9561500846654212,1.0,1.0
gex_possorted_bam_1WGCZ:CTATGAGGTTGCTGGGx-M2,0.8670031789788817,0.4023635382801246,0.0,0.7347432871982057,0.7249338542098756,1.0,0.1017516871664645,0.7894607499937467,0.5641469470534067,0.6618859460421328,1.0,0.0,0.48266316284255417,0.2517322037420537,0.8168283429135011,0.10750429937445319,0.8054916232691346,1.0,0.9997919861430978,0.6351398551620278,1.0,1.0,0.7524585977651462,1.0,0.5044801573984299,0.582976098859029,0.0,0.3306062055003551,0.4635667435363231,0.8089664020211743,0.7573755400042111,0.7121447389204004,0.8266983920512095,0.7557371515980705,0.0,0.912269243045639,0.040437196695513634,0.8049494408492721,0.8019280301342576,0.0,0.3233251043637514,0.00897884395094741,0.3652459087517185,0.0,1.0,0.7718890803034908,0.19702895632521458,0.19214879398898416,0.642378464113218,0.7489264674226975,0.6744811315774374,0.8439679522546056,1.0
gex_possorted_bam_1WGCZ:CTCCGGACACATAACTx-M2,1.0,1.0,0.0,1.0,1.0,1.0,0.44324381437295013,0.9787314957296734,0.18783831803432888,1.0,0.7892261554017632,0.7436698163011478,0.8875035746718293,0.5412382981353411,1.0,0.45562210734791286,0.3898058091283538,1.0,1.0,0.6200521347904103,1.0,1.0,1.0,1.0,0.6570545427240513,0.9447717737706121,0.0,1.0,1.0,1.0,1.0,1.0,1.0,1.0,0.0,1.0,0.1775229924613254,1.0,1.0,0.06419889877363721,0.7401091139008379,0.182292443410808,0.6284148511374178,0.5231665918734721,1.0,1.0,0.0,0.0,1.0,1.0,0.9956614137277996,1.0,1.0
gex_possorted_bam_1WGCZ:CTCCAACTCCCAGTAGx-M2,1.0,1.0,0.0,1.0,1.0,1.0,0.49647597475405303,1.0,0.5198414840725376,1.0,0.5877451531207154,0.7653015151116833,1.0,0.4664727884021718,1.0,0.5644447485322875,0.25031194501183096,1.0,1.0,0.7704597074114706,1.0,1.0,1.0,1.0,0.9074318211768849,0.9661136726333348,0.0,1.0,1.0,1.0,1.0,1.0,1.0,1.0,0.0,1.0,0.199753735811697,1.0,1.0,0.10252151622926425,0.6254340734017632,0.06554829481315234,0.7766825474409278,0.5341672579108117,1.0,1.0,0.1470472194544902,0.0,0.9750840256885612,1.0,1.0,1.0,1.0
gex_possorted_bam_1WGCZ:CTCAATAAGTGACCTGx-M2,1.0,1.0,0.715436962512116,1.0,1.0,1.0,0.4863687737374893,1.0,0.6979967684070241,1.0,0.0,0.5551734862894464,1.0,0.3802384191025185,1.0,0.25466897003635425,0.0,0.2804062329119135,0.6781707320868544,0.6010461724265255,1.0,1.0,1.0,1.0,1.0,1.0,0.0,1.0,0.6262039542593664,1.0,0.6239040358607878,1.0,1.0,1.0,0.0,1.0,0.25135950511143146,1.0,1.0,0.07645021933650346,1.0,0.16081540724216614,1.0,1.0,1.0,1.0,0.9324019330493297,0.0,1.0,1.0,0.8662714263484997,1.0,1.0
gex_possorted_bam_1WGCZ:CTCAGGATCATAAGCCx-M2,0.08192130981862367,1.0,1.0,1.0,0.14473410687169902,0.0,1.0,0.9596398270186504,1.0,1.0,0.0,1.0,1.0,1.0,0.21524658984356015,1.0,0.0,0.0,1.0,0.0,0.0,0.0,0.0,0.0,1.0,1.0,1.0,1.0,1.0,0.5254128885418305,1.0,0.42305454059094305,0.0,0.9682938552878678,1.0,0.28697274592551036,1.0,0.059782559148785275,0.05588066153221996,1.0,0.3972874802671567,1.0,1.0,0.5016199266086123,0.003214627511858719,0.5111428453321266,1.0,1.0,1.0,0.803839655552986,1.0,1.0,0.2808661567506353
gex_possorted_bam_1WGCZ:CTAGTAGGTCATGAGCx-M2,1.0,0.8534293306358937,0.0,1.0,1.0,1.0,0.4122460341479962,1.0,0.5383962308836356,1.0,0.499785545068699,0.4677662433471194,0.6501688995226592,0.22877932800900244,1.0,0.5256466471338553,0.09470490042992961,1.0,1.0,0.2867802533310133,1.0,1.0,1.0,1.0,0.5498968733096316,0.8343122329271386,0.0,0.9594945301649349,1.0,1.0,0.9716168187849169,0.9567818460039267,1.0,1.0,0.0,1.0,0.24775989915787217,1.0,1.0,0.06263379149979048,0.9189170174051337,0.6140462986151974,0.6121353237541047,0.4260700322324065,1.0,1.0,0.09882824244181895,0.0,0.9461323939283409,0.9251390397245204,0.8075008006979396,1.0,1.0
gex_possorted_bam_1WGCZ:CTATAACCAGGGAGCTx-M2,1.0,1.0,0.461360340913318,1.0,1.0,0.6771522096766694,0.0,1.0,0.9016628191802201,1.0,0.0,1.0,0.7358570750837797,0.5060598204989705,1.0,0.0,0.0,0.0,0.8323610303450182,0.04848985115981065,1.0,0.9610257169755647,1.0,1.0,0.0,1.0,0.0,0.6633436156356414,0.27654682341160997,1.0,0.0,1.0,1.0,0.9061121400589472,0.0,0.9683609626877486,0.0,1.0,1.0,0.0,1.0,0.5357336047775768,0.5709365326532135,0.0,1.0,1.0,0.2673354076189852,0.0,1.0,1.0,1.0,0.9545894692113979,0.0
gex_possorted_bam_1WGCZ:CTCATGCTCTCAATTCx-M2,1.0,1.0,0.584549107659343,1.0,0.9391079112487681,0.10742496962101118,1.0,1.0,0.9525855057508568,1.0,0.0,0.9392288486021906,1.0,0.33557048611930573,1.0,0.1119176702055617,0.0,0.0,0.263950187948529,0.8920195424015668,0.8008351869572087,0.514300611908129,1.0,0.8613974990225272,0.6679703495115297,1.0,0.10946494354672949,1.0,1.0,0.7161239835035073,0.10389814399788247,1.0,1.0,1.0,0.09805728886812039,0.9216524177570796,0.3950130625051589,1.0,1.0,0.0024713074164087133,1.0,0.1389531755286848,0.678272326437583,0.4493341461684977,0.9042620511281055,1.0,0.8974843011028761,0.0,1.0,1.0,0.8876018377802877,0.7433017405751067,0.0
gex_possorted_bam_1WGCZ:CTAGTAGGTAAGGTTTx-M2,0.6488336089345781,1.0,1.0,1.0,1.0,0.8402849775813989,1.0,1.0,1.0,1.0,0.0,0.0,1.0,0.5246868310174395,0.709574640551078,0.0,0.3259524112819425,0.0,0.49787423985483825,1.0,0.5359491064504293,0.6115215347721841,1.0,0.1838401138813737,1.0,1.0,0.6084151356042915,0.5009685290213591,1.0,0.3014371559739724,0.0,1.0,0.8360153833931684,1.0,0.32453624906866496,0.775584350873582,0.0,0.8470431158611769,1.0,0.255821781371492,1.0,0.01854801841700618,0.6430268241310781,1.0,0.40825415937375903,1.0,1.0,0.0,1.0,1.0,0.380417812204178,0.756061302292484,0.8628713163895185
gex_possorted_bam_1WGCZ:CTAGCGGGTATTACCCx-M2,1.0,0.777593145906439,0.15681694971667173,1.0,1.0,0.7702976451497756,0.25150087164301577,1.0,1.0,1.0,0.0,1.0,0.9866832048926037,0.3963928434294376,1.0,0.0,0.0,0.0,0.7930747431941534,0.4887215648747507,1.0,0.9875048604251441,1.0,1.0,0.010633015039737738,1.0,0.0,0.8675743200562186,0.3400048432353996,1.0,0.0,1.0,1.0,1.0,0.0,1.0,0.26974898512105255,1.0,1.0,0.0,1.0,0.2508503719003372,0.6782592677209464,0.41603473801822344,1.0,1.0,0.2658865917356517,0.0,0.9190419757615205,1.0,1.0,0.9520923887747855,0.0
gex_possorted_bam_1WGCZ:CTAGTCGAGCTCCTTAx-M2,0.9896188709070572,0.9843720477606708,0.017864735068895073,0.8939242578167881,1.0,1.0,0.6313517240711733,1.0,0.3291574785553968,0.9803001550241434,0.02319069650492537,0.6884711759581172,0.8198190715195899,0.4657298143420747,1.0,0.5794819508362393,0.005230051385162381,0.5203805064931686,0.7277179007908423,1.0,1.0,1.0,1.0,1.0,0.7197091527632378,0.8363993908454287,0.0,1.0,0.9586142128787087,0.8200411897785992,0.7851568282803257,1.0,0.992742344210607,0.9565070992559738,0.0,1.0,0.39646111271423357,0.9100484535344694,1.0,0.2817994497931211,1.0,0.4291420734978963,0.7997297922461951,0.4259982174382588,0.9462132811539772,0.9544789299275072,0.8662201078114818,0.04610154112860044,0.8990908344189854,1.0,0.7046383340443451,0.9232752158908561,1.0
gex_possorted_bam_1WGCZ:CTCCGGACAATTGAAGx-M2,1.0,1.0,0.16158708820113007,1.0,1.0,1.0,0.6831331620855609,1.0,0.6161599957942121,1.0,0.0,0.46604091259793895,0.903504482311881,0.0074294753162551415,1.0,0.33011046706636427,0.0,0.06880751149659066,0.8923118174608021,1.0,1.0,1.0,1.0,1.0,0.7032136565052716,1.0,0.0,0.9365625248728683,1.0,1.0,0.4908071599440692,0.9174360450096531,1.0,1.0,0.0,1.0,0.0,1.0,1.0,0.0,1.0,0.019180105963442533,0.8759491552961642,0.7781903653855886,1.0,1.0,0.0317952973919107,0.0,1.0,1.0,1.0,1.0,0.828239669131016
gex_possorted_bam_1WGCZ:CTATGACAGTCCTGAGx-M2,0.0,0.7898851498967258,1.0,0.42435580497229936,0.0,0.031169458507315177,1.0,0.2983726695838337,1.0,0.23139447716684824,1.0,1.0,1.0,1.0,0.0,1.0,1.0,0.8998002749012624,1.0,0.0,0.0,0.0,0.0,0.0,1.0,0.5530594303040872,1.0,1.0,0.5705816949186211,0.36230233642340764,0.88681131369157,0.0,0.0,0.4684043620139246,1.0,0.0,1.0,0.003316863143578584,0.0,1.0,0.20338643817024643,1.0,1.0,1.0,0.0,0.1983295432217427,1.0,1.0,0.5048290890823287,0.14170191074764324,1.0,0.33959080827114246,0.0
gex_possorted_bam_1WGCZ:CTATTACTCGTTAAGCx-M2,1.0,1.0,0.0,1.0,1.0,1.0,0.499951600636482,1.0,0.0,1.0,0.8670921016727205,0.8482788447979493,1.0,0.24668931815538192,1.0,0.2656074646246661,0.5706533611703873,1.0,1.0,0.7503200080145921,1.0,1.0,1.0,1.0,0.6766804781833956,0.9350713738194825,0.0,1.0,1.0,1.0,1.0,1.0,1.0,1.0,0.01431002423130938,1.0,0.010084176512945268,1.0,1.0,0.0,0.7700362911612126,0.21139506738211927,0.4971493493770166,0.4860179307735914,1.0,1.0,0.062469911996452694,0.03541329258172799,1.0,1.0,1.0,1.0,1.0
gex_possorted_bam_1WGCZ:CTCATCATCGGTTTCCx-M2,1.0,0.9674687621871767,0.48469682774120404,1.0,1.0,1.0,0.12917781188901395,1.0,0.7259716228834732,1.0,0.019960940538946224,0.8793976855642648,0.9834779659240093,0.37181904271290583,1.0,0.12231225766930598,0.0,0.3240324603617286,0.8371471827821696,0.7142626678085338,1.0,1.0,1.0,1.0,0.692958546394901,1.0,0.0,0.998177627793369,0.8401067607396869,1.0,0.346293009979655,1.0,1.0,1.0,0.0,1.0,0.025360206514500043,1.0,1.0,0.0,1.0,0.13589151293978677,1.0,0.5457004826256355,1.0,1.0,0.7773225752064067,0.0,1.0,1.0,0.9032245279136027,1.0,0.8540304866247713
gex_possorted_bam_1WGCZ:CTAGGCGGTGGTTCTTx-M2,1.0,1.0,0.0,1.0,1.0,1.0,0.4855302994348983,1.0,0.0,0.9937371429347212,0.601589038047231,0.4731365572072703,0.9129995891404071,0.16864317382983396,1.0,0.30576174324548533,0.18816429290516948,1.0,1.0,0.6144458155495106,1.0,1.0,1.0,1.0,0.7726472885973035,0.8971935354505913,0.0,1.0,1.0,1.0,1.0,1.0,1.0,1.0,0.0,1.0,0.1405941606660295,1.0,1.0,0.059716560469925586,0.5956287158046341,0.1940828204722151,0.5588444990994774,0.0,1.0,1.0,0.057455330668910495,0.0,0.9255524835512328,0.9945077002131985,0.9725986176395153,1.0,1.0
gex_possorted_bam_1WGCZ:CTATAACCACCTCAGGx-M2,1.0,1.0,0.0,1.0,1.0,1.0,0.5603481875071517,1.0,0.45310886738135536,1.0,0.6638462777518894,0.6896172005367983,0.9453714539081083,0.35292284779353916,1.0,0.2484838784161928,0.3794621233001991,1.0,1.0,0.6781521194211655,1.0,1.0,1.0,1.0,0.8333525934664723,0.9439947794574555,0.0,1.0,1.0,1.0,0.9717263984292316,1.0,1.0,1.0,0.0,1.0,0.18560517721230282,1.0,1.0,0.0,0.9487971427803161,0.1808469512721859,0.7791631554098749,0.44520932961293885,1.0,1.0,0.0,0.0,0.9906138844276344,1.0,0.8965417622556374,1.0,1.0
gex_possorted_bam_1WGCZ:CTCGCTAGTTCCTGTGx-M2,1.0,1.0,0.47070063444492916,1.0,0.39108280616606655,0.9281471623897332,1.0,1.0,0.8249274607572775,1.0,0.0,1.0,1.0,0.97637790201063,1.0,0.8034177019018642,0.0,0.0,0.5777081160067725,0.5971102933000552,1.0,0.8940120275023945,0.9017015844503583,1.0,1.0,0.9530603688189531,0.0,1.0,1.0,0.7969124572126473,1.0,1.0,0.9886554305631658,1.0,0.0,1.0,0.6200972672404038,1.0,1.0,0.7349897784766786,0.8500094982198769,0.4792163387403752,0.9677065768891758,0.8225025082940794,1.0,1.0,0.5526835338949523,0.0,1.0,1.0,1.0,1.0,0.6334479377829161
gex_possorted_bam_1WGCZ:CTCTAAGCAAACGCGAx-M2,1.0,0.9864057426277658,0.20785296137746434,1.0,1.0,1.0,0.30632204605535834,1.0,0.4966414910650462,1.0,0.0,0.7528412335884546,0.831584017698179,0.34276965893114325,1.0,0.0,0.0,0.0,0.9659313280472777,0.7410074315675204,1.0,1.0,1.0,1.0,0.15846952779235624,1.0,0.0,1.0,1.0,1.0,0.25358370588477014,1.0,1.0,1.0,0.0,1.0,0.0860985257403033,1.0,1.0,0.0,1.0,0.16961529117724572,0.8026667831096096,0.45846377847357483,1.0,1.0,0.6546863166065132,0.0,1.0,1.0,1.0,1.0,0.0
gex_possorted_bam_1WGCZ:CTGTGTGAGGCGCATCx-M2,0.04582200755898955,1.0,1.0,0.92838409830054,0.01597469882094602,0.0,1.0,0.6413035349905233,1.0,0.8657452766124891,0.29071706943890724,1.0,1.0,1.0,0.07466047087245711,1.0,0.6268409476645745,0.8691172168903673,1.0,0.0,0.0,0.0,0.0,0.0,1.0,1.0,1.0,1.0,1.0,1.0,1.0,0.0,0.0,0.733660852661435,1.0,0.18631372805719698,1.0,0.24479812414793473,0.2660346000118258,1.0,0.015597989479685388,1.0,1.0,1.0,0.11371897682346811,0.5892396334486133,1.0,1.0,1.0,0.34517592163457644,1.0,0.9929038657988477,0.0
gex_possorted_bam_1WGCZ:CTCTAAGCATTGTGATx-M2,1.0,0.862417252420465,0.0,1.0,1.0,1.0,0.676993970845451,1.0,0.5300339329473703,1.0,0.212012766401944,0.4283463788155468,0.8871256206461262,0.7695657755311227,1.0,0.43233457037058926,0.0,0.5679043166866193,1.0,0.5467351614654766,1.0,1.0,1.0,1.0,0.6556807924819857,1.0,0.0,1.0,1.0,1.0,1.0,1.0,1.0,0.8739475248892237,0.0,1.0,0.0,1.0,1.0,0.0,1.0,0.22918871700984741,0.5310519365978884,0.0,1.0,1.0,0.0,0.0,0.985134311305689,1.0,0.9993455847750179,1.0,0.6441686938723291
gex_possorted_bam_1WGCZ:CTGGATGTCATGCCTCx-M2,0.05167941786867117,1.0,0.8374239203444958,0.9660830075689336,0.0,0.0,1.0,0.7788320722243957,1.0,0.4307775718335019,0.0,1.0,1.0,1.0,0.16896241863574776,1.0,0.0,0.0,1.0,0.0,0.0,0.0,0.0,0.0,1.0,1.0,1.0,1.0,1.0,0.9820714866374539,1.0,0.0,0.0,0.7858457081703847,1.0,0.20007078826583263,1.0,0.029130191200521002,0.06668781338504697,1.0,0.028520139014119233,1.0,1.0,0.4213371131564908,0.0,0.5943543713828213,1.0,1.0,1.0,0.6655148462987311,1.0,1.0,0.0
gex_possorted_bam_1WGCZ:CTCTCACAGCTGGACCx-M2,0.03527885342425507,1.0,1.0,0.9090992253620823,0.0,0.7252500497671127,1.0,0.5812691395784081,1.0,0.9177975211615184,1.0,1.0,1.0,1.0,0.243921800225941,1.0,1.0,1.0,1.0,0.0,0.0,0.0,0.0,0.0,1.0,1.0,1.0,1.0,1.0,1.0,1.0,0.0,0.0,0.7580969232740554,1.0,0.19027076839796675,1.0,0.24655086210049587,0.17262800821460467,1.0,0.2986543148757431,1.0,1.0,1.0,0.07290720264873618,0.5502099928134075,1.0,1.0,1.0,0.26005386162818256,1.0,0.9014330792169936,0.0
gex_possorted_bam_1WGCZ:CTGATCACATAATCACx-M2,0.7255857553277713,0.5668947815000109,0.02068889486546666,0.5904691394041052,0.6929414472856167,0.7887304381430666,0.3116568523038109,0.6903564033178458,0.29145537304551217,0.5755946878926709,0.22843949787481727,0.16394241238158083,0.5224437242868624,0.25897382210838377,0.6480255718761522,0.11060408508718542,0.15683912653466203,0.6676302184504449,0.28912965851642525,0.8350452393819335,1.0,1.0,0.6274106958401101,1.0,0.12998900150311726,0.45770417715970785,0.03240959052889885,0.6249378626907305,0.6506090047096657,0.4546961210124195,0.3637244824070872,0.7057152182206603,0.6918045303524027,0.7254889674436785,0.18500296855124546,0.7888709769539693,0.22950640075443357,0.6565193006869847,0.6772434424173026,0.07483510787957463,0.6629350588946722,0.13418500496292374,0.34091176364174514,0.0,0.758401947693092,0.6279129212976682,3.858221778873803e-05,0.24664446004434104,0.5243476409303538,0.5411232418389826,0.4707364578922086,0.6122427910507549,1.0
gex_possorted_bam_1WGCZ:CTGTACCTCCCGCCTAx-M2,1.0,1.0,0.0,1.0,1.0,1.0,0.5176116971271001,0.9605831846220815,0.324348795325097,1.0,0.9489546337423208,0.3494271367197634,0.7699385597013624,0.30624494094862603,1.0,0.5939669574596332,0.5966357263392963,1.0,1.0,0.9717995078849675,1.0,1.0,1.0,1.0,0.738370956460263,0.902024792021929,0.0,1.0,1.0,1.0,1.0,1.0,1.0,1.0,0.0,1.0,0.1871115503505529,1.0,1.0,0.1062725692298305,0.8541333150992911,0.333155608388895,0.7724764920911821,0.9204630272864374,1.0,1.0,0.16865200278938386,0.0,1.0,1.0,0.7011926858761798,1.0,1.0
gex_possorted_bam_1WGCZ:CTCTAGCTCCCATAGGx-M2,0.2622874148603035,1.0,1.0,1.0,0.3569766102773732,0.36531701537929945,1.0,0.9108749312442564,1.0,0.7779131132715159,0.2483187678822536,1.0,1.0,1.0,0.2192954054313565,1.0,0.30963187455836944,0.6494658108110578,1.0,0.0,0.0,0.0,0.2098211096534419,0.0,1.0,1.0,1.0,1.0,1.0,1.0,1.0,0.425926413748363,0.0,0.9120418064999888,1.0,0.4312917383571588,1.0,0.34477497377873023,0.27701768116316594,1.0,0.4429204653027516,1.0,1.0,0.5515965508350043,0.2411647036474274,0.5911229633214469,1.0,1.0,1.0,0.9299301375996112,1.0,1.0,0.0
gex_possorted_bam_1WGCZ:CTCCGTCCACCTGTAAx-M2,1.0,0.8866203139560791,0.17607228707702471,1.0,1.0,1.0,0.6231514191334308,1.0,0.6460422048022213,1.0,0.0,0.8430653869953794,0.9905188820082156,0.21730753262499944,1.0,0.15151192599730176,0.0,0.2210995357825294,0.9980465846614928,0.9219236426186,1.0,1.0,1.0,1.0,0.7022020299585386,1.0,0.0,1.0,1.0,1.0,0.6367668090003467,1.0,1.0,1.0,0.0,1.0,0.2416506709785463,1.0,1.0,0.0,1.0,0.1777258585135126,0.7439018925832914,0.3750394674660142,1.0,1.0,0.27251021365004324,0.0,1.0,1.0,1.0,1.0,0.7922980847223666
gex_possorted_bam_1WGCZ:CTGTTAAAGGACCTTGx-M2,1.0,1.0,0.8477456200654058,1.0,1.0,0.7590065982003484,0.15766331555326135,1.0,0.2077724303511122,1.0,0.0,0.7449714487535636,1.0,0.27952838252742296,1.0,0.06614302914984505,0.0,0.0,0.7024177867585989,0.780581344993153,1.0,1.0,1.0,1.0,0.2183412497499443,1.0,0.0,1.0,1.0,1.0,0.12414768628872196,1.0,1.0,1.0,0.0,1.0,0.19746825041794297,1.0,1.0,0.0,1.0,0.09920292127898986,0.7801257936188679,0.37858087566582144,1.0,1.0,0.5510976035151972,0.0,1.0,1.0,1.0,1.0,0.0
gex_possorted_bam_1WGCZ:CTGAAACTCGTTAGCGx-M2,0.06264269983879363,1.0,0.995522265552383,1.0,0.0,0.40892385318437746,1.0,0.6415432073874346,1.0,0.46729575762351433,1.0,1.0,1.0,1.0,0.1545028242626985,1.0,1.0,1.0,1.0,0.0,0.0,0.0,0.0,0.0,1.0,1.0,1.0,1.0,1.0,0.7958540210067149,1.0,0.5987401228933503,0.0,0.7776396608169877,1.0,0.20678421683695355,1.0,0.10590795058119454,0.13121697193409146,1.0,0.0543534819911857,1.0,1.0,1.0,0.0,0.519372925456368,1.0,1.0,1.0,0.46303468604969455,1.0,1.0,0.0
gex_possorted_bam_1WGCZ:CTGTACCTCCCTTGCGx-M2,1.0,1.0,0.49578006503804556,1.0,1.0,1.0,0.741328857430632,1.0,0.5388183200382483,1.0,0.0,0.886384881319345,1.0,0.19271542726309285,1.0,0.13018416271498034,0.0,0.0,0.6983112056674172,1.0,1.0,1.0,1.0,1.0,0.6245894265255375,1.0,0.0,1.0,1.0,1.0,0.6356043849639658,1.0,1.0,1.0,0.0,1.0,0.21081070563628776,1.0,1.0,0.0,1.0,0.23907907118972208,0.9152965499457998,0.8601826369669745,1.0,1.0,0.12171209385281961,0.0,1.0,1.0,0.9794799513232838,1.0,0.605587649739709
gex_possorted_bam_1WGCZ:CTGGATGTCCGCTAGAx-M2,0.7941853348260755,1.0,0.4300535158083046,1.0,0.9704986765958218,0.4291110932329842,1.0,1.0,1.0,1.0,0.0,0.44219283463058157,1.0,0.7114582358863357,0.6358183889433524,0.06497748032600731,0.0,0.0,0.4417044933806675,1.0,0.7424417053178194,0.44423797873567683,0.894111705422738,0.49207091365169586,1.0,1.0,0.5426946089532229,0.7252215255034344,1.0,0.18966139023930892,0.15213877566167494,1.0,0.8703003659707602,1.0,0.29746582948758876,0.8824792004890213,0.32312338343677605,0.8316149991213913,1.0,0.23959341314856542,1.0,0.2554779460922321,0.47021443130587764,1.0,0.7164946128682882,1.0,1.0,0.0,0.9763864642890526,1.0,0.4195717217984819,0.6325313988125844,0.6101016402708501
gex_possorted_bam_1WGCZ:CTGAATATCTGTGCCTx-M2,1.0,0.8136536868619175,0.0,1.0,1.0,0.5407507759182762,0.3593499036336044,1.0,0.5230660877537977,0.9649477930533741,0.0,1.0,0.7367593122373524,0.12953047964731357,1.0,0.2952973574155073,0.0,0.0,0.601993886610812,0.4047444447763217,1.0,1.0,1.0,0.9970095344243239,0.4873235249511808,0.9967221025752923,0.0,0.8488586040863985,1.0,1.0,0.0,0.7992418777412033,1.0,0.8569419235874132,0.0,1.0,0.21872818138430375,1.0,1.0,0.0,1.0,0.15359831014347644,0.5233224913572312,0.0,1.0,1.0,0.39715435740407184,0.0,0.8598496630021207,1.0,0.914895574349973,0.937497743122524,0.02547227772441714
gex_possorted_bam_1WGCZ:CTCGACAAGACTAAGGx-M2,0.08067231522259113,1.0,1.0,0.959449186231686,0.0,0.0,1.0,0.9106986134257935,1.0,0.8618727597193979,0.0,1.0,1.0,1.0,0.20847253678654026,1.0,0.0,0.0,1.0,0.0,0.0,0.0,0.0,0.0,1.0,1.0,1.0,1.0,1.0,0.8194123634941838,1.0,0.14658375164676785,0.0,0.8374760750543686,1.0,0.2697270409983514,1.0,0.07097875300481842,0.07537782221793321,1.0,0.15932539350277813,1.0,0.8936188323374603,0.09968949793493538,0.15727352153872995,0.5399965117123213,1.0,1.0,1.0,0.6287383296651168,1.0,1.0,0.0
gex_possorted_bam_1WGCZ:CTGGACCAGTTGCCTCx-M2,0.8384598847362864,1.0,1.0,1.0,1.0,0.9507791854719834,1.0,1.0,1.0,1.0,0.0,0.3413980509901253,1.0,0.8693355369603215,0.9835629783909824,0.0,0.0,0.0,0.5096846125732934,0.8686555968051392,0.5177338902083581,0.6338574152660844,1.0,0.26896984543953956,1.0,1.0,0.47931829231438317,0.8416686240232218,1.0,0.5847813599015617,0.0,1.0,1.0,1.0,0.21143365164978017,1.0,0.0,1.0,1.0,0.2088425039092863,1.0,0.09499832848061861,0.9810474166243041,1.0,0.7704693686723935,1.0,1.0,0.0,1.0,1.0,0.6249563329790113,1.0,1.0
gex_possorted_bam_1WGCZ:CTGGATGTCGGTCAATx-M2,1.0,1.0,0.0,0.9956094320260007,1.0,1.0,1.0,1.0,0.5916970291286188,0.9014210887086825,0.04135712662602271,0.47599355555809597,0.8844268795946644,0.2642155297465577,0.9056776155991765,0.6587662673887568,0.0,0.5139860721057883,0.9227419383338791,0.43108375795403137,1.0,1.0,1.0,1.0,0.618800021073785,0.8254302745920801,0.0,1.0,0.9717523526518729,1.0,0.9621448395786935,0.8996777728606151,1.0,1.0,0.0,1.0,0.32949928709334547,1.0,1.0,0.0,0.6340559353371912,0.5281590645559212,0.8518423467149442,0.9151049023790034,1.0,1.0,0.47712014738270725,0.0,0.9046808697735714,0.9334160756405303,0.8034953973959891,1.0,1.0
gex_possorted_bam_1WGCZ:CTCGACAAGGAAGCTAx-M2,1.0,1.0,0.005194159551209998,1.0,1.0,1.0,0.6162381954399083,1.0,0.2826852216223535,1.0,0.6885383313378843,0.6994856540691051,0.935138319386131,0.5114351520483814,1.0,0.4049214801521512,0.33708839011150493,1.0,1.0,0.5382455947519404,1.0,1.0,1.0,1.0,0.6506278034142446,0.9390011761414793,0.0,0.9645456850056396,1.0,1.0,1.0,0.9870856194203982,1.0,1.0,0.0,1.0,0.024301475668918025,1.0,1.0,0.0,0.7419103730345191,0.3944450345171436,0.6850246879573654,0.11480434900682028,1.0,1.0,0.10609782800568662,0.1402126099863148,1.0,0.9654479575754277,1.0,1.0,1.0
gex_possorted_bam_1WGCZ:CTGCTATGTGCATTTCx-M2,1.0,1.0,0.2363886740305834,1.0,1.0,1.0,0.3470339902825732,1.0,0.7726917668160356,1.0,0.2539585292880151,0.9851297646136832,1.0,0.40343288078322326,1.0,0.09262295212433445,0.0,0.5717366721297801,1.0,0.8519557745322256,1.0,1.0,1.0,1.0,0.4067711344574745,1.0,0.0,1.0,1.0,1.0,0.8531757865396945,1.0,1.0,1.0,0.0,1.0,0.3340988274347931,1.0,1.0,0.0,1.0,0.2121134570732445,0.8331451163949979,0.5367231273863682,1.0,1.0,0.34519493878215324,0.0,1.0,1.0,1.0,1.0,0.879752930413767
gex_possorted_bam_1WGCZ:CTGTGTGAGCTGGCTAx-M2,0.033761944423838244,1.0,1.0,0.9652930096548856,0.0,1.0,1.0,0.5368936124519591,1.0,0.6516935143640631,1.0,1.0,1.0,1.0,0.35201225724084056,1.0,1.0,1.0,1.0,0.0,0.0,0.0,0.0,0.0,1.0,1.0,1.0,1.0,1.0,1.0,1.0,0.0,0.0,0.5796488069896312,1.0,0.3191496639899351,1.0,0.29705520442411576,0.14490991211730378,1.0,0.35873812619155027,1.0,1.0,1.0,0.10650429362334059,0.5223522328523815,1.0,1.0,1.0,0.4398721673727481,1.0,0.9213431131741688,0.0
gex_possorted_bam_1WGCZ:CTGCTATGTGCCTCACx-M2,0.05625400657793848,1.0,1.0,0.8938627748660618,0.036020021744025923,0.0,1.0,0.7204384150045847,1.0,0.7840652069070798,0.0,1.0,1.0,1.0,0.15438661044615648,1.0,0.0,0.0,1.0,0.0,0.0,0.0,0.0,0.0,1.0,1.0,1.0,1.0,1.0,0.7319882924241807,1.0,0.12870035708892694,0.0,0.7509051495044015,1.0,0.21376392176398884,1.0,0.04332400449126879,0.06589171573492945,1.0,0.2573297913737851,1.0,1.0,1.0,0.0,0.5079467214889117,1.0,1.0,1.0,0.7071839041417779,1.0,0.9278509174602411,0.0
gex_possorted_bam_1WGCZ:CTGGTCAAGGTCCTGAx-M2,0.02955125889489959,1.0,1.0,0.972926992325802,0.030112242782343507,0.0,1.0,0.6350624922094079,1.0,0.8141856251229324,0.4761284826046651,1.0,1.0,1.0,0.12049935098265376,1.0,0.5336580911071728,0.6487406327600467,1.0,0.0,0.0,0.0,0.0,0.0,1.0,1.0,1.0,1.0,1.0,1.0,1.0,0.0,0.0,0.7439069946842393,1.0,0.14632808656184665,1.0,0.16416010340552947,0.19195559868681505,1.0,0.0025793918300270387,1.0,1.0,1.0,0.06584844331327568,0.5643979312510172,1.0,1.0,1.0,0.48376316883357945,1.0,1.0,0.0
gex_possorted_bam_1WGCZ:CTCTTGATCGCATCCTx-M2,0.0733864945387341,1.0,1.0,0.9924263037038644,0.2690785026054299,0.0,1.0,0.8411199543054001,1.0,0.5900333093615605,0.0,1.0,1.0,1.0,0.19480876689075052,1.0,0.0,0.0,1.0,0.0,0.0,0.0,0.0,0.0,1.0,1.0,1.0,1.0,1.0,0.7666278948181957,1.0,0.0,0.0,0.9876220870905074,1.0,0.23338639902811248,1.0,0.0,0.10008517032832435,1.0,0.11970531869183143,1.0,1.0,0.7433273886456089,0.0,0.6960610335920722,1.0,1.0,0.9685156435378812,0.721601789404314,1.0,0.9612765702229112,0.0
gex_possorted_bam_1WGCZ:CTGTAACAGCAGCTATx-M2,1.0,0.9646905168509806,0.041854947059816086,1.0,1.0,1.0,0.772342480484161,1.0,0.11632658202774937,1.0,0.42988072969892416,0.7018174103593656,0.9795535676871817,0.38310694273206974,1.0,0.43180492493142997,0.16897647060987206,1.0,1.0,0.9410919853286338,1.0,1.0,1.0,1.0,0.698377408746218,0.8647744465413485,0.0,1.0,1.0,1.0,1.0,1.0,1.0,1.0,0.0,1.0,0.3132732799625869,1.0,1.0,0.15374951546804147,0.8123965664866091,0.07540572394526561,0.5920367580488816,0.4360271515038862,1.0,1.0,0.2948503534630355,0.09118162361360124,0.9654890014486341,1.0,1.0,1.0,1.0
gex_possorted_bam_1WGCZ:CTGTACCTCCTCATGCx-M2,0.0367647341155354,1.0,1.0,0.9557785337712615,0.0,1.0,1.0,0.6288612993700218,1.0,0.4504587495830151,1.0,1.0,1.0,1.0,0.19036438145386997,1.0,1.0,1.0,1.0,0.0,0.0,0.0,0.0,0.0,1.0,1.0,1.0,1.0,1.0,1.0,1.0,0.0,0.0,0.6736039969475274,1.0,0.2089406210901573,1.0,0.18713302998535536,0.05683834215882289,1.0,0.08232498823823647,1.0,1.0,1.0,0.07243303035625241,0.5816084926600575,1.0,1.0,1.0,0.3523168530415442,1.0,0.9446642222078468,0.0
gex_possorted_bam_1WGCZ:CTCCTGAGTTTGGCTTx-M2,0.8826865494561721,1.0,1.0,1.0,1.0,0.7123596008517776,1.0,1.0,1.0,1.0,0.0,0.9561502851941204,1.0,1.0,1.0,0.3279447881909724,0.0,0.0,0.40830349453621034,0.884986735138076,0.581685745257907,0.513004764935999,1.0,0.4295348783684627,1.0,1.0,0.3415186851747279,1.0,1.0,0.7040722874397662,0.22982240307780194,1.0,1.0,1.0,0.19861842390876147,1.0,0.314174246890143,1.0,1.0,0.2892820538671438,1.0,0.403566685130679,1.0,1.0,0.8994699336628158,1.0,1.0,0.0,1.0,1.0,0.705589566323947,0.9770664897739346,0.6990148912929729
gex_possorted_bam_1WGCZ:CTCTCACAGTTAACCAx-M2,1.0,1.0,0.0,1.0,0.9716198951521551,1.0,0.5458197628988986,1.0,0.22982389739933337,1.0,1.0,0.2691006274565802,0.9146185556486471,0.9942948691450293,1.0,0.7932409994342529,0.7041701428128194,1.0,1.0,0.4332670825393306,1.0,1.0,1.0,1.0,0.9462595903161845,0.8649297116395471,0.0,1.0,1.0,1.0,1.0,1.0,1.0,0.9665649697052163,0.0,1.0,0.34984870164036397,1.0,1.0,0.07167749600744251,0.4598975765617098,0.11581732226015985,0.6804212521404943,0.21391116693601117,1.0,1.0,0.10700817909655927,0.1907070389906244,0.9188783946997667,1.0,1.0,1.0,1.0
gex_possorted_bam_1WGCZ:CTCCTGAGTGCTCCGTx-M2,1.0,1.0,0.0,1.0,1.0,1.0,0.6025297399522398,1.0,0.588862926201592,0.9468787585820578,0.37410095852099895,0.9366451939252143,0.9124800853304844,0.3651230265782824,1.0,0.24528993202285868,0.09283139322110599,1.0,1.0,0.5789307324262836,1.0,1.0,1.0,1.0,0.7420721296904234,0.8361364060363806,0.0,1.0,1.0,1.0,0.9125391961032371,1.0,1.0,1.0,0.0,1.0,0.07146097002430656,1.0,1.0,0.0,0.4995459905549923,0.2553588106130068,0.7118749952033203,0.2675563920021168,1.0,1.0,0.27985466476012116,0.0,0.94378911714957,1.0,1.0,1.0,1.0
gex_possorted_bam_1WGCZ:CTGCTACTCATTTGTCx-M2,0.04742886306555796,1.0,1.0,1.0,0.2566976092934312,0.0,1.0,0.6565120042111849,1.0,0.7569535956658495,0.0,1.0,1.0,1.0,0.17469041457687032,1.0,0.0,0.0,1.0,0.0,0.0,0.0,0.0,0.0,1.0,1.0,1.0,1.0,1.0,0.8403243320377699,1.0,0.3145408222974418,0.0,0.8543135319183418,1.0,0.2529347221458215,1.0,0.022981892405378724,0.0,1.0,0.0,1.0,1.0,0.5890744151612244,0.0,0.5552013552691147,1.0,1.0,1.0,0.5937153416727426,1.0,1.0,0.2953597939875585
gex_possorted_bam_1WGCZ:CTCTGTTCACAATGTTx-M2,1.0,0.9933951573694753,0.6191627324591863,1.0,1.0,1.0,0.10288266298363312,1.0,0.5282398853331429,1.0,0.0,1.0,0.9729103084218076,0.35882649385402476,1.0,0.15978228575483217,0.0,0.0,0.7617639707579019,0.8463190142760427,1.0,1.0,1.0,1.0,0.38265922870781677,1.0,0.0,1.0,0.9325071017661395,1.0,0.27456170348621506,1.0,1.0,1.0,0.0,1.0,0.1662269696563938,1.0,1.0,0.0,1.0,0.23405749698339168,0.980265525149927,0.48916879485846687,1.0,1.0,0.739371596043916,0.0,1.0,1.0,1.0,1.0,0.5593632301701245
gex_possorted_bam_1WGCZ:CTGTGTGAGGTAACGAx-M2,0.006234463313306256,1.0,1.0,0.8258869710495217,0.1112328933735717,0.0696321224970548,1.0,0.5433268337248626,1.0,0.5020959754032682,0.9789389190928605,1.0,1.0,1.0,0.07414670992658698,1.0,1.0,1.0,1.0,0.0,0.0,0.0,0.0,0.0,1.0,1.0,1.0,1.0,1.0,1.0,1.0,0.007739531394879453,0.0,0.7682782749112034,1.0,0.1697341608156601,1.0,0.16875455122924032,0.17823352953096966,1.0,0.08760949089499619,1.0,1.0,1.0,0.06702904338034765,0.4997979333767072,1.0,1.0,1.0,0.27511210477022957,1.0,0.8664581844186953,0.0
gex_possorted_bam_1WGCZ:CTCTTGATCCCGCCTAx-M2,0.05688860668046762,1.0,0.8638352858971339,0.9896209453637409,0.2614024807744946,0.0,1.0,0.8008359147588819,1.0,0.4943852723958919,0.0,1.0,1.0,1.0,0.06315094543156985,1.0,0.0,0.0,1.0,0.0,0.0,0.0,0.0,0.0,1.0,1.0,1.0,1.0,1.0,0.8525355021050307,1.0,0.15443275214346325,0.0,0.9397584177695538,1.0,0.2316045967812726,1.0,0.0,0.09200632451001066,1.0,0.05952130658368662,1.0,1.0,1.0,0.0,0.6357594773114785,1.0,1.0,1.0,0.7351778791884412,1.0,0.9790962004045628,0.0
gex_possorted_bam_1WGCZ:CTGTACCTCGGTCAATx-M2,1.0,1.0,0.7518935282521407,1.0,1.0,1.0,0.21638810450542845,0.972036705519185,0.2889802949437546,1.0,0.3331147467272858,0.7427039481661085,1.0,0.5683532257711047,1.0,0.4673624106683357,0.16398507633947237,0.9853825025453259,1.0,0.8207450848876165,1.0,1.0,1.0,1.0,1.0,1.0,0.0,1.0,1.0,1.0,0.703982328925075,1.0,1.0,1.0,0.0,1.0,0.0,1.0,1.0,0.1021466327100315,1.0,0.0,1.0,0.732141972948456,1.0,1.0,0.7165007312348546,0.0,1.0,1.0,0.9074922363907821,1.0,1.0
gex_possorted_bam_1WGCZ:CTGGCTAAGACTTACAx-M2,0.05271438507686455,1.0,1.0,1.0,0.0,0.0,1.0,0.6523846164377572,1.0,1.0,0.0,1.0,1.0,1.0,0.25438936536179607,1.0,0.0,0.0,1.0,0.0,0.0,0.0,0.0,0.0,1.0,1.0,1.0,1.0,1.0,0.9399107922320407,1.0,0.0,0.0,0.8962133130818228,1.0,0.2252258825182527,1.0,0.14839720411452315,0.23044946329999233,1.0,0.26231399359306995,1.0,1.0,1.0,0.018997390918021,0.5289949263127351,1.0,1.0,1.0,0.49361016835672983,1.0,1.0,0.24787222737844708
gex_possorted_bam_1WGCZ:CTGCAATAGGGACGCAx-M2,1.0,0.8798726452254059,0.14306071229494868,1.0,1.0,1.0,0.2865627844894972,1.0,0.3895389308235886,1.0,0.1735576883947913,0.9579990573177389,0.9822341209819846,0.2705587525807571,1.0,0.07236817093832382,0.0,0.4636097589491338,1.0,0.7253494297243498,1.0,1.0,1.0,1.0,0.5448016223993107,1.0,0.0,1.0,1.0,1.0,0.9635063403607363,1.0,1.0,1.0,0.0,1.0,0.15984175327229697,1.0,1.0,0.0,1.0,0.315145698976707,0.7110704255478777,0.24832153355096148,1.0,1.0,0.2657166013015791,0.0,1.0,0.9942223433075639,1.0,1.0,1.0
gex_possorted_bam_1WGCZ:CTGGCTAAGTTAGGCTx-M2,1.0,0.752413805627426,0.16678000897053857,1.0,1.0,0.9367761156953732,0.32578924892585853,1.0,0.6025949790575015,1.0,0.0,0.7421558637686004,0.8458406206679039,0.021846107899657304,1.0,0.19991545708124694,0.0,0.0,0.967149614268699,0.8652562087753183,1.0,1.0,1.0,1.0,0.3805444540712797,1.0,0.0,0.8675558147224459,0.9610158343097207,1.0,0.3504541238118065,1.0,1.0,1.0,0.0,1.0,0.10195502278391967,1.0,1.0,0.0,1.0,0.3111866316528809,0.8741384249023686,0.30002274854027755,1.0,1.0,0.605731262817294,0.10132492442703314,1.0,1.0,0.9875211819917357,1.0,0.2980469064952856
gex_possorted_bam_1WGCZ:CTGGATGTCGCTATGGx-M2,0.5326724443152404,1.0,0.5810805590323996,0.6128842464224634,0.08896878736977307,0.5637244859740338,1.0,1.0,0.6804843263370333,1.0,0.0,1.0,0.6845790775236136,0.5466352503890717,0.959534680049266,0.9154525444368957,0.0,0.0,0.0,1.0,0.6044909404905701,0.45377369568497594,0.5278080818129187,0.8955840381937783,0.7002522028678132,0.46828789447679564,0.0,0.914418961508975,1.0,0.5328935299326806,1.0,0.2054831111233882,0.5877630442015468,1.0,0.2907547547601718,1.0,1.0,0.6764498230566718,0.8941842335565229,1.0,0.8859377854764194,1.0,0.16126086483918964,0.935660398864455,0.7240901540682924,0.743712439673828,0.0,0.0,0.8441599168182682,0.7989620063872631,0.658133580287982,0.6402189088673151,0.41549156410839583
gex_possorted_bam_1WGCZ:CTGTGTGAGACAGGCGx-M2,1.0,1.0,0.0,1.0,0.8799462994171989,1.0,0.30000043660421033,1.0,0.3773527172354863,0.9185903922922608,0.21917495064408135,0.8349088490987157,0.7089017840742314,0.5305388349866259,0.9674273948147366,0.020834074068844615,0.0,0.8459151442919551,1.0,0.5170445723249982,1.0,1.0,1.0,1.0,0.5988611392110667,0.7981830497767021,0.0,0.7676963946992755,1.0,0.9607801716673082,1.0,0.8818101009744893,1.0,1.0,0.0,1.0,0.17564734600019216,1.0,1.0,0.0,0.9511677852601316,0.05745836295250165,0.7126534604776802,0.1763258787321362,1.0,1.0,0.09274308531988817,0.014454794423968452,0.910931046821907,0.9936271473989055,1.0,1.0,0.7684284982211101
gex_possorted_bam_1WGCZ:CTGGACCAGCTCCTTAx-M2,0.03457437491645221,1.0,1.0,0.9142112040325254,0.19489029465932253,0.0,1.0,0.5308529582639488,1.0,1.0,0.4644461042491599,1.0,1.0,1.0,0.2517303027680738,1.0,1.0,0.9852286241357768,1.0,0.0,0.0,0.0,0.0,0.0,1.0,1.0,1.0,1.0,1.0,1.0,1.0,0.051200290839831145,0.0,0.8110647299483924,1.0,0.22950344162567035,1.0,0.3668733320872839,0.2797890948451126,1.0,0.21758717224470178,1.0,1.0,1.0,0.18589211306508358,0.5309884846387565,1.0,1.0,1.0,0.20592187420100488,1.0,0.9807510099053518,0.0
gex_possorted_bam_1WGCZ:CTCTAAGCACGTAATTx-M2,0.8292819438486984,0.8268919687794092,0.0,0.7057129584019073,0.7400958941431972,1.0,0.10209599852940517,0.7963328933722067,0.0,0.7627584042855623,0.4195672290533425,0.1786252341085464,0.3747563736272368,0.39489787562891376,0.6796448102913406,0.0830701900041118,0.19286788215492845,0.858803652785914,0.6731801026022833,0.5800480618368334,1.0,1.0,0.8462281244290016,1.0,0.2732656441136184,0.5766066319630716,0.10931918134607667,0.5847300166522195,0.9548146609923098,0.5903267583150391,0.8564868104265079,0.7135606579946437,0.7720405628403143,0.7097821528945113,0.033873891678067,0.8909332897879038,0.023746342402587488,0.7067610771571649,0.7255140487469479,0.0,0.7821745970286138,0.140372070832068,0.42535458102912166,0.0,0.8041517840266016,0.7818346758531907,0.0,0.22027561943999482,0.5452027603997138,0.7661227391004858,0.34140506997155107,0.7211646868601241,1.0
gex_possorted_bam_1WGCZ:CTGCTACTCGCATCCTx-M2,1.0,1.0,1.0,1.0,1.0,0.8047394100192542,1.0,1.0,1.0,1.0,0.0,1.0,1.0,1.0,1.0,0.5315587029814873,0.0,0.0,0.43753567750732847,0.36730185182826347,0.5642567701714077,0.6717399602304819,1.0,0.43117100508174844,0.9988955683972974,1.0,0.07457123547530924,1.0,1.0,1.0,0.0,1.0,1.0,1.0,0.0,1.0,0.0,1.0,1.0,0.0,1.0,0.1694832241333008,1.0,1.0,1.0,1.0,1.0,0.0,1.0,1.0,0.8372034887869005,1.0,0.3770323093037409
gex_possorted_bam_1WGCZ:CTGCTCCCAACTGGGAx-M2,1.0,0.7461276129513702,1.0,1.0,1.0,0.37867028166591565,0.0,1.0,0.0,1.0,0.0,0.6942316732336455,1.0,0.20975240078179858,1.0,0.0,0.0,0.0,0.46409660346234155,0.7760511453203864,0.8494641048612739,0.8445028021381275,1.0,1.0,0.19172322497615507,1.0,0.0,0.961022308254087,0.7724890475349963,1.0,0.0,1.0,1.0,1.0,0.0,0.9828715063754802,0.04421366555067181,1.0,1.0,0.0,1.0,0.0,0.7656677124777849,0.3231825741196669,0.9870296914510692,1.0,0.8102208187566664,0.0,1.0,1.0,1.0,0.919689105895865,0.0
gex_possorted_bam_1WGCZ:CTGCAATAGCTGGCTAx-M2,1.0,0.8144703524609688,0.0,1.0,0.9217425914870906,0.5168225389174765,0.3466399588672222,1.0,0.699659995697808,0.8763471368339057,0.0,0.7361625200868496,0.8954813322208695,0.26638299430107326,1.0,0.17645301311623005,0.0,0.0,0.43861405911724805,0.5068335195605409,1.0,0.8304701443320333,1.0,1.0,0.4869352846183227,1.0,0.0,1.0,0.7129770566133301,0.7937919718714794,0.0,1.0,1.0,1.0,0.0,0.9567009945850817,0.16541305305479223,1.0,0.9990641701429515,0.0,1.0,0.1606461046288868,0.8598601572642779,0.3060515236706354,0.9837387241016979,0.9941789148400613,0.48622306688849726,0.0,0.8899721251730133,1.0,0.9323068733471807,0.8061040788009509,0.2895919187219245
gex_possorted_bam_1WGCZ:CTGGCTAAGCGGATAAx-M2,1.0,1.0,0.0,1.0,0.9361687669642461,1.0,0.829016457112054,1.0,0.412396978593605,1.0,0.15488291610973903,1.0,0.7401748192385653,0.8160531548933072,1.0,0.17080207194997157,0.0,0.7846111486025676,0.9241392580379351,0.37607831875130077,1.0,1.0,0.9999262988328737,1.0,0.6815624283412742,0.8217207114743696,0.0,0.9716571059627271,1.0,1.0,1.0,0.9692523524394371,1.0,1.0,0.0,1.0,0.2454254824838901,0.9617372251006756,0.989328689757621,0.2593390699910355,0.665117663351202,0.5822369422355901,0.6480580128624642,0.33155816012599804,1.0,1.0,0.17897092255546387,0.04753539300637399,0.9535741548977237,1.0,1.0,1.0,1.0
gex_possorted_bam_1WGCZ:CTCTAGCTCTTGAGGTx-M2,1.0,1.0,0.2730903635679998,1.0,1.0,1.0,1.0,1.0,0.610450368324605,1.0,0.0,1.0,1.0,0.4325147707854681,1.0,0.3414761075218831,0.0,0.26743856357164003,0.8749509448490881,0.8877243914596225,1.0,1.0,1.0,1.0,0.6789642933228746,0.9754721667600899,0.0,1.0,1.0,1.0,1.0,1.0,1.0,1.0,0.0,1.0,0.32218185089948237,1.0,1.0,0.08957409958730202,1.0,0.34194113920426816,0.8046477662768259,0.5396357587733808,1.0,1.0,0.2765898172618302,0.0,1.0,1.0,1.0,1.0,1.0
gex_possorted_bam_1WGCZ:CTGCTATGTTAGCCAAx-M2,0.09526730062058879,1.0,1.0,0.9464852848011869,0.0,1.0,1.0,0.4477069051545063,1.0,0.4367768810778261,1.0,1.0,1.0,1.0,0.23406714454890626,1.0,1.0,1.0,1.0,0.0,0.0,0.0,0.0,0.0,1.0,1.0,1.0,1.0,1.0,1.0,1.0,0.0,0.0,0.429961950590172,1.0,0.24477845997006342,1.0,0.2740324524254125,0.2890242881555297,1.0,0.2961033139891154,1.0,1.0,1.0,0.05347941681822271,0.5928208728763239,1.0,1.0,0.9917997663274774,0.4542429304067633,1.0,0.8995050753558165,0.0
gex_possorted_bam_1WGCZ:CTCTCACAGTGAGGGTx-M2,1.0,0.6752262009670952,0.0,0.8707234236078634,1.0,1.0,0.30007672580962724,0.910797191916251,0.17813669441625718,0.9100683017156947,0.36729524161465144,0.3730873389707215,0.8168170816465371,0.31671444646305374,1.0,0.29894121803734136,0.012101582449361836,1.0,0.8662271429662802,0.47762905393153576,1.0,1.0,0.9678252316044071,1.0,0.48822579537486505,0.7383121551549235,0.0,0.9951188158908915,0.8976717584417766,0.8685655453852076,0.5972259622732846,1.0,0.95166811123968,0.9027087512599943,0.0,1.0,0.3509251108839638,0.8716634103215519,0.9376621340685691,0.016167899681306303,0.8321169062822392,0.3251801346329967,0.5132868865476974,0.0,1.0,0.9196850186542126,0.06814471130068138,0.11984737099680808,0.7314069491003351,0.865933723789623,0.6398232524170862,0.9930308049724036,1.0
gex_possorted_bam_1WGCZ:CTGACATAGGATTGCTx-M2,1.0,1.0,0.0,1.0,1.0,1.0,0.3697183757568257,1.0,0.0,1.0,0.34897027272843606,1.0,1.0,0.3876160754709973,1.0,0.2370441610888177,0.016534228624689794,0.9885956717437188,0.9612343703991294,0.683762466373001,1.0,1.0,1.0,1.0,0.674112868659027,0.9686698125871187,0.0,0.9553911706120064,1.0,1.0,1.0,1.0,1.0,1.0,0.0,1.0,0.09445014821821464,1.0,1.0,0.0,1.0,0.0,0.7208573756858472,0.36944971692509093,1.0,1.0,0.3818615569638885,0.0,0.844372530645357,1.0,0.4796245289202923,1.0,1.0
gex_possorted_bam_1WGCZ:CTGACCAAGTTAGAGGx-M2,1.0,1.0,0.0,1.0,1.0,1.0,0.5688173147845117,1.0,0.0,0.8876579628652914,0.7826048514041638,0.5532298507621297,1.0,0.4687287342521566,1.0,0.6711915930162496,0.4117490243775242,1.0,1.0,0.6814559023124576,1.0,1.0,1.0,1.0,0.7364868227049484,0.8720724962938844,0.0,0.8986328490514476,1.0,1.0,1.0,1.0,1.0,1.0,0.0,1.0,0.1407010202683341,1.0,1.0,0.0,0.7004464656150581,0.06753773808902237,0.5499657327789531,0.318858512512321,1.0,1.0,0.13727666668902885,0.0,0.8961037602015768,0.9293997273619559,0.9682619896465554,1.0,1.0
gex_possorted_bam_1WGCZ:CTCGTTATCTTGCAGGx-M2,1.0,0.9481358191753252,1.0,1.0,1.0,0.7471268797337639,0.0,1.0,0.5825769951995275,1.0,0.0,1.0,1.0,0.41930499795864745,1.0,0.13130436776844612,0.0,0.0,0.4332325608591477,0.5660050533674412,0.8280934590361761,0.9015057913319909,1.0,1.0,0.4062745269039616,1.0,0.0,0.9837008562627113,0.722992118272442,1.0,0.0,1.0,1.0,1.0,0.0,1.0,0.03739935340754186,1.0,1.0,0.0,1.0,0.06613012351230964,1.0,0.5965033050005096,1.0,1.0,0.972421836214772,0.0,1.0,1.0,1.0,1.0,0.015628902891018988
gex_possorted_bam_1WGCZ:CTCTTGATCGCAATCGx-M2,1.0,0.9538996120296128,0.4185367655065038,1.0,1.0,0.4695575835717384,0.24003053323956033,1.0,0.2074481913278886,1.0,0.0,0.8436144447472629,0.9992930217713679,0.33052256012303804,1.0,0.36592659266276395,0.0,0.0,0.7032160511911273,0.5510667737906292,1.0,0.8514250955738173,1.0,1.0,0.21396357113913064,1.0,0.0,1.0,1.0,0.9889733889522047,0.04756267643487385,1.0,1.0,1.0,0.0,1.0,0.2530351646949869,1.0,1.0,0.0,1.0,0.0,0.7291539614468576,0.29973157641949916,0.9232560909955082,1.0,0.8044325043594889,0.0,1.0,1.0,1.0,0.9168849873377704,0.0
gex_possorted_bam_1WGCZ:CTCTGTTCAGCAACAGx-M2,0.019712656066399204,1.0,1.0,0.7369474230544738,0.0,0.0,1.0,0.47940749348745887,1.0,0.5569409084668135,0.5526184400902496,1.0,1.0,1.0,0.13680442114172522,1.0,0.6719644690471648,0.05819341209736054,1.0,0.0,0.0,0.0,0.0,0.0,1.0,1.0,1.0,1.0,1.0,0.7432371429947906,1.0,0.05341455169198161,0.0,0.5219604627088861,1.0,0.12930808753245196,1.0,0.0,0.045741011601506225,1.0,0.19124674338097136,1.0,1.0,1.0,0.0,0.45124486966101474,1.0,1.0,0.9290988637189899,0.49104252231491424,1.0,0.7923632360327374,0.0
gex_possorted_bam_1WGCZ:CTGACCAAGGACAACAx-M2,0.10464275174083962,1.0,1.0,0.9322694899557439,0.0,0.0,1.0,0.9625937672818695,1.0,0.8898034592204039,0.0,1.0,1.0,1.0,0.10532623820062757,1.0,0.0,0.0,1.0,0.0,0.0,0.0,0.0,0.0,1.0,1.0,1.0,1.0,1.0,0.7145229083618062,1.0,0.0011066448729782042,0.0,0.8505884291945428,1.0,0.3348233652400189,1.0,0.05935959305734458,0.08424876600773655,1.0,0.24138479572354551,1.0,1.0,1.0,0.11470358289975478,0.5144798886169883,1.0,1.0,1.0,0.6063161504581579,1.0,0.9017986795798949,0.0
gex_possorted_bam_1WGCZ:CTGGTTACACCAAAGGx-M2,0.012861175089450713,1.0,1.0,0.7013848121644298,0.0,0.0,1.0,0.6294836765970379,1.0,0.15025907225755472,0.029041683903153613,1.0,1.0,1.0,0.0,1.0,0.13724220839952214,0.38404929307841923,1.0,0.0,0.0,0.0,0.0,0.0,1.0,0.9014548178397038,1.0,1.0,1.0,1.0,1.0,0.7460973051319872,0.0,0.6528140845115529,1.0,0.2815667536696235,1.0,0.057877537436463074,0.08285441339679998,1.0,0.3076091945542801,1.0,1.0,1.0,0.1673022871709598,0.4218723555569043,1.0,1.0,1.0,0.45945299533624284,1.0,0.7249220212167992,0.0
gex_possorted_bam_1WGCZ:CTCCGGACATGCTCCCx-M2,1.0,1.0,1.0,1.0,1.0,1.0,0.12112129889659323,1.0,0.7875028061618145,1.0,0.0,1.0,1.0,0.5866131706714516,1.0,0.2406334078447645,0.0,0.019154060936192745,0.5092869967990895,0.7038541639349161,0.9499445899213002,1.0,1.0,1.0,0.8768545539850401,1.0,0.0,1.0,0.8363472970251483,1.0,0.599567668752864,1.0,1.0,1.0,0.0,1.0,0.06080713081165997,1.0,1.0,0.09703780054243927,1.0,0.0,1.0,0.7724840659295094,1.0,1.0,0.8456323358454392,0.0,1.0,1.0,0.9365415070092026,1.0,1.0
gex_possorted_bam_1WGCZ:CTCTAAGCATGGTTATx-M2,1.0,1.0,0.2555033399371082,1.0,0.6174431709098439,0.35129651398649697,1.0,1.0,1.0,1.0,0.0,1.0,1.0,0.39698301349336135,0.9802523094941459,0.0,0.0,0.0,0.30027291337770806,1.0,1.0,0.6843928119828752,1.0,1.0,1.0,1.0,0.10870740011229511,1.0,1.0,0.7111496043062578,0.579300311743637,1.0,1.0,1.0,0.06349389936552821,1.0,0.44345076817437856,1.0,1.0,0.19573785944860891,1.0,0.33492278466407044,0.8090280553181075,1.0,1.0,1.0,1.0,0.0,1.0,1.0,0.7069027749799701,0.7781872251704846,0.6298568550918551
gex_possorted_bam_1WGCZ:CTCTATGTCTCGCCTGx-M2,1.0,1.0,1.0,1.0,1.0,1.0,0.19887698172184448,1.0,0.7304601963982287,1.0,0.0,0.9899113393543147,1.0,0.43624559354018355,1.0,0.07258716331238241,0.0,0.0,0.6061341887074405,0.8977815432693746,1.0,1.0,1.0,1.0,0.6007765882088518,1.0,0.001385794110490088,1.0,0.8278107073144002,1.0,0.35128865456790276,1.0,1.0,1.0,0.0,1.0,0.050568970716693674,1.0,1.0,0.0,1.0,0.2682147486073096,1.0,0.57197224818074,1.0,1.0,1.0,0.0,1.0,1.0,1.0,1.0,0.8809212276088692
gex_possorted_bam_1WGCZ:CTCTAGCTCCACCTGTx-M2,1.0,1.0,0.0,1.0,1.0,1.0,0.46387894904332455,1.0,0.4339574275769245,1.0,0.4887151978075033,0.6826786152443438,0.9724360068594209,0.3340904626910929,1.0,0.3237429601006034,0.1336028085511827,1.0,1.0,0.7380587231929376,1.0,1.0,1.0,1.0,0.7589777938183547,0.956988794154142,0.0,1.0,1.0,1.0,1.0,1.0,1.0,1.0,0.0,1.0,0.13941523249820956,1.0,1.0,0.0,0.9356281119514391,0.09634908085785521,0.6966449879353386,0.28259550242165926,1.0,1.0,0.14311951541256104,0.0,0.9733119436897749,1.0,1.0,1.0,1.0
gex_possorted_bam_1WGCZ:CTGTAACAGCTATTGAx-M2,1.0,1.0,0.00016995965064377558,1.0,1.0,1.0,0.3341906404005678,1.0,0.22243324002062048,1.0,0.6497589891023041,0.6348434723206946,1.0,0.573627616486238,1.0,0.6192361891813543,0.2591906633644157,1.0,1.0,0.7351268888073281,1.0,1.0,1.0,1.0,0.821697273107624,1.0,0.0,1.0,0.9840793394355373,1.0,0.8841857739380491,1.0,1.0,0.9764364639947887,0.0,1.0,0.2617224399709796,1.0,1.0,0.0,1.0,0.21519740597580822,0.8049294456008979,0.310689253599336,1.0,1.0,0.38968596946815315,0.0,1.0,1.0,0.9703536478073653,1.0,1.0
gex_possorted_bam_1WGCZ:CTTATGTTCTACCTGCx-M2,1.0,1.0,0.5338503760681368,1.0,1.0,1.0,0.7885744616943937,1.0,0.7612882096729406,1.0,0.0,1.0,1.0,0.392013664829848,1.0,0.26915890952505417,0.0,0.30063539709211773,0.852792352846784,1.0,1.0,1.0,1.0,1.0,0.8920012697863844,1.0,0.0,1.0,1.0,1.0,0.7356098067041034,1.0,1.0,1.0,0.0,1.0,0.37131627486201557,1.0,1.0,0.07345033798628722,1.0,0.24872372563992434,1.0,0.09116829358319699,1.0,1.0,0.910395511299017,8.660612376550552e-05,1.0,1.0,1.0,1.0,1.0
gex_possorted_bam_1WGCZ:CTTAGTTTCTCGCCCAx-M2,0.9919433571713386,0.9191349638219812,1.0,1.0,1.0,1.0,0.0,0.8575835094464683,1.0,1.0,0.0,1.0,1.0,0.31262052851812594,1.0,0.16717465421249075,0.0,0.0,0.1586017448611617,0.5094009690576359,0.25267834028473496,0.8203785953667685,1.0,0.7173896702904387,0.7114767051518478,1.0,0.0038219606300070887,0.9256320551152741,0.7808718833269951,1.0,0.0,1.0,1.0,1.0,0.0,1.0,0.0705064943741783,1.0,1.0,0.0,1.0,0.0,1.0,0.4389969405451325,1.0,1.0,0.7423590315884262,0.0,1.0,1.0,0.819630724826458,1.0,0.8037337468799353
gex_possorted_bam_1WGCZ:CTTAAGATCAACCAACx-M2,1.0,0.899887653597394,0.0,1.0,1.0,0.7353355552565535,0.18514837407543333,1.0,0.4755564266198891,0.9549802927837554,0.0,1.0,0.9979424582459043,0.4439459245510444,1.0,0.2715889832694634,0.0,0.0,0.8569247741106741,0.724389520215954,1.0,1.0,1.0,1.0,0.0,1.0,0.0,1.0,0.765105538315613,1.0,0.7675924586001862,1.0,1.0,1.0,0.0,1.0,0.07822493030165334,1.0,1.0,0.0,1.0,0.31869064440454087,0.6920590681581739,0.4221649526752905,1.0,1.0,0.7405542305636093,0.11537114589604734,1.0,1.0,1.0,1.0,0.008572053737281496
gex_possorted_bam_1WGCZ:CTTCAATTCTCAATAGx-M2,1.0,1.0,0.5636523136823195,1.0,1.0,1.0,0.6601292087431998,1.0,0.7145519180585973,1.0,0.0,0.7732906074277242,1.0,0.3315846363246808,1.0,0.2593920040038116,0.0,0.06067855840182776,0.8765255902887201,1.0,1.0,1.0,1.0,1.0,0.7511719889161158,1.0,0.0,1.0,1.0,1.0,0.7119044959395517,1.0,1.0,1.0,0.0,1.0,0.20766213559644484,1.0,1.0,0.0,1.0,0.18446898166560002,1.0,0.866816575389646,1.0,1.0,0.7239140398438653,0.0,1.0,1.0,1.0,1.0,0.909209514315329
gex_possorted_bam_1WGCZ:CTTGCTCAGTTAGGCTx-M2,1.0,0.9310893931375592,1.0,1.0,1.0,1.0,0.0,0.9926256878782281,0.9666335390146313,1.0,0.0,1.0,1.0,0.41541251954108216,1.0,0.043523996092197974,0.0,0.0,0.12923992709077228,0.5533908901914614,0.6001052013390074,1.0,1.0,0.9549057583004691,0.6870870757792178,1.0,0.0,1.0,0.8478052720503407,1.0,0.0,1.0,1.0,1.0,0.0,1.0,0.0,1.0,1.0,0.0,1.0,0.0,1.0,0.8292375117372507,1.0,1.0,0.9783883488089431,0.0,1.0,1.0,0.930654338829754,1.0,0.7898949151332347
gex_possorted_bam_1WGCZ:CTTGAACAGTGAAGTGx-M2,1.0,1.0,0.2985584644773749,1.0,0.913231232146749,1.0,1.0,1.0,0.971747164386743,1.0,0.0,1.0,1.0,0.5311458064158697,1.0,0.4184384539053864,0.0,0.19049904481782656,1.0,0.6341674385512525,0.9400538643961315,0.9872935263232436,0.9406806720016664,0.9089070741633147,1.0,0.9712370077778452,0.17271428384024615,0.8363748839935292,1.0,1.0,0.5472068779829801,1.0,0.9774925347422994,1.0,0.046985450505493236,1.0,0.992384283457152,1.0,0.9439138943690493,0.3224211951225678,1.0,1.0,0.8152028378281513,0.36204485101343625,1.0,1.0,0.9339962492194543,0.5376826651247724,0.9714766085003022,1.0,0.8326268934047255,1.0,0.5595970054451136
gex_possorted_bam_1WGCZ:CTGTTCATCCAGGGAGx-M2,1.0,1.0,1.0,1.0,1.0,1.0,0.0,0.9418860721887311,1.0,1.0,0.0,1.0,1.0,0.4448187996935364,1.0,0.35088793902259113,0.0,0.0,0.14737746066812407,0.7699662492263986,0.7445050965767247,1.0,1.0,0.8784854406424599,0.9141092129066333,1.0,0.0,1.0,0.770185060059741,1.0,0.40414204825823064,1.0,1.0,1.0,0.0,1.0,0.008537001000698465,1.0,1.0,0.0,1.0,0.0,1.0,1.0,1.0,1.0,1.0,0.0,1.0,1.0,0.9820540312027003,1.0,1.0
gex_possorted_bam_1WGCZ:CTTGTAAAGAAGGTGCx-M2,1.0,1.0,0.0,1.0,0.9857729691997578,0.9621658826337928,0.4886996420257221,1.0,0.24453290910400852,0.9154638814415402,0.0,0.8404502557555898,0.7439964292039565,0.545577737084537,1.0,0.20640435615751307,0.0,0.0,0.8033925823110637,1.0,1.0,1.0,1.0,1.0,0.9493963955767226,0.9737201084170958,0.0,1.0,1.0,1.0,0.4483756360807361,1.0,1.0,1.0,0.0,1.0,0.2295653550549666,1.0,1.0,0.049806099539231784,1.0,0.16644623240191747,0.7128325300058117,0.42982687190064967,1.0,1.0,1.0,0.0,0.9631213237127261,1.0,1.0,1.0,1.0
gex_possorted_bam_1WGCZ:CTTACCGGTCTTACTAx-M2,1.0,1.0,0.0,1.0,1.0,1.0,0.34384242904332857,1.0,0.35088239288270623,1.0,0.2087041293178208,0.95192127514393,0.9618869908929176,0.5870367861481114,1.0,0.5252506756331058,0.0,0.775971703194323,0.9461823811427995,0.8375461510943691,1.0,1.0,1.0,1.0,0.4959274564937561,0.9897561426983154,0.0,1.0,1.0,1.0,0.7069404601810074,1.0,1.0,1.0,0.0,1.0,0.31520598661017973,1.0,1.0,0.0,0.8637399398970631,0.0,0.6387398582521668,0.11107079329359394,1.0,1.0,0.4447251113047624,0.0,1.0,1.0,1.0,1.0,1.0
gex_possorted_bam_1WGCZ:CTTCTCAAGTTACCGGx-M2,1.0,1.0,0.0,1.0,0.8314702992454678,0.9309215113957335,1.0,1.0,0.7262131632816953,0.9859921616878755,0.0,1.0,0.9992059108338404,0.33515222055107685,1.0,0.3041088139066573,0.0,0.0,0.7912618343779964,0.5832463187016074,1.0,1.0,1.0,1.0,0.9807863207801905,0.9098462344601065,0.0,0.9524223044157062,1.0,0.9882727274188308,0.5896742020530115,1.0,1.0,1.0,0.0,1.0,0.38681407405299156,1.0,1.0,0.07748692640485469,1.0,0.46218043294860345,0.7621032506062877,0.421637951411673,1.0,1.0,0.5647874593680403,0.006948799083214994,0.9200805515994032,1.0,1.0,1.0,0.7806360242120344
gex_possorted_bam_1WGCZ:CTTGCAACAACGTGCTx-M2,1.0,1.0,0.11636035693361581,1.0,0.8781770435704009,1.0,0.8980259165928565,1.0,0.757695262106279,1.0,0.07132685079216165,1.0,1.0,1.0,1.0,0.6415257185814813,0.0,0.8821189577439404,0.9641292349624929,0.7809612217298354,1.0,1.0,0.9971949018118248,1.0,0.8018769633888744,0.871844978730757,0.0,1.0,1.0,1.0,1.0,1.0,1.0,1.0,0.0,1.0,0.5402813521464158,1.0,1.0,0.3973889020603699,0.7989601794118869,0.3144392778614392,0.9801409680955914,1.0,1.0,1.0,0.4814440459001954,0.0,1.0,1.0,1.0,1.0,1.0
gex_possorted_bam_1WGCZ:CTTAAGGGTGGATTATx-M2,1.0,0.7065755973361079,0.3125391376362356,1.0,1.0,1.0,0.20917846384320118,1.0,0.4943363412045975,1.0,0.2549330069901055,0.6973117386420289,0.8916544306063577,0.363194229839549,1.0,0.20757247208472437,0.00018576740598033256,0.9214781111125998,0.9560104374700648,0.5566067841904384,1.0,1.0,1.0,1.0,0.7084043296292173,1.0,0.0,1.0,0.8216558384002269,1.0,0.6992623575407587,1.0,1.0,1.0,0.0,1.0,0.06486558589948777,1.0,1.0,0.0,1.0,0.050065359888335256,0.7404552724140964,0.10693756197093074,1.0,1.0,0.10181103623147912,0.0,1.0,1.0,0.8674088068448814,1.0,1.0
gex_possorted_bam_1WGCZ:CTTCTCAAGACTTATGx-M2,1.0,0.9083111031616576,1.0,1.0,1.0,0.2626685626007193,0.0,1.0,0.6040718894150198,1.0,0.0,1.0,0.9661534653352701,0.3717312688433447,1.0,0.03225206329903875,0.0,0.0,0.2885822929222662,0.6616673769122241,0.7013245283640089,0.6936683788991316,1.0,1.0,0.20505335454958418,1.0,0.0,0.8874748581550563,0.6721425805323599,1.0,0.0,1.0,1.0,1.0,0.0,0.9493113279499701,0.012224762180088196,1.0,1.0,0.0,1.0,0.0632517956601101,0.9824595657494444,0.40430156179084753,0.9491357151360812,1.0,0.9549869440067827,0.0,1.0,1.0,1.0,0.8938448692642584,0.0
gex_possorted_bam_1WGCZ:CTTATTGGTGACATATx-M2,0.11282173637755333,1.0,1.0,1.0,0.09336308396057409,0.0,1.0,0.7906979706279496,1.0,0.9680608012945525,0.0,1.0,1.0,1.0,0.25884478942795197,1.0,0.0,0.0,1.0,0.0,0.0,0.0,0.0,0.0,1.0,1.0,1.0,1.0,1.0,1.0,1.0,0.0,0.0,0.9496830134384846,1.0,0.26579480480766715,1.0,0.22272624862165957,0.2409027243958437,1.0,0.3617044233453438,1.0,1.0,1.0,0.06330541511777964,0.5962346813807696,1.0,1.0,1.0,0.6095235185631501,1.0,1.0,0.11186941908779854
gex_possorted_bam_1WGCZ:CTTAGTTTCCGCCAAAx-M2,0.09711202904558405,1.0,1.0,0.970279745277553,0.3061398558740111,0.0,1.0,0.7058756624323111,1.0,0.7217532067738821,0.18317763206208082,1.0,1.0,1.0,0.09039032792268219,1.0,0.30861560565614266,0.01656722339069048,1.0,0.0,0.0,0.0,0.045571117043127114,0.0,1.0,1.0,1.0,1.0,1.0,1.0,1.0,0.002056594825055148,0.0,0.8527554197758996,1.0,0.24865809013976398,1.0,0.043284153913681664,0.10807363956996648,1.0,0.08855978088896478,1.0,1.0,1.0,0.031269908251275506,0.6863900503650657,1.0,1.0,1.0,0.7731578546155974,1.0,1.0,0.06474743841710279
gex_possorted_bam_1WGCZ:CTTAATGAGTTGTCTTx-M2,0.0,1.0,1.0,0.9798385181019168,0.0,1.0,1.0,0.5226953557756647,1.0,0.4647206943972824,1.0,1.0,1.0,1.0,0.3471907186370517,1.0,1.0,1.0,1.0,0.0,0.0,0.0,0.0,0.0,1.0,1.0,1.0,1.0,1.0,1.0,1.0,0.0,0.0,0.5614906786039761,1.0,0.2654351341596489,1.0,0.21818637857006873,0.02832548163761378,1.0,0.14813141648018463,1.0,1.0,1.0,0.09084934142498167,0.5621871261456234,1.0,1.0,1.0,0.33525495195729527,1.0,0.9631303434347551,0.0
gex_possorted_bam_1WGCZ:CTTACCTCACGGTACTx-M2,0.0826288539492531,1.0,1.0,0.9947629780691475,0.03937602305952285,0.11598659245610389,1.0,0.7900386953067398,1.0,0.9680156700042929,0.34934134185144117,1.0,1.0,1.0,0.1485207075059597,1.0,1.0,1.0,1.0,0.0,0.0,0.0,0.0,0.0,1.0,1.0,1.0,1.0,1.0,1.0,1.0,0.0,0.0,0.7846720038393862,1.0,0.2700481252409792,1.0,0.22093272869236907,0.1675389625713973,1.0,0.35406263558257967,1.0,1.0,1.0,0.22741464973400977,0.5825525432976336,1.0,1.0,1.0,0.46562035040822536,1.0,0.919841640980589,0.0
gex_possorted_bam_1WGCZ:CTTGCTCAGACTATTGx-M2,0.07820537860580634,1.0,1.0,0.8817337698007003,0.08576737581950873,0.2089111339428974,1.0,0.7146834688178116,1.0,0.67836043791306,0.6091967518990734,1.0,1.0,1.0,0.14019268287767772,1.0,1.0,1.0,1.0,0.0,0.0,0.0,0.0,0.0,1.0,1.0,1.0,1.0,1.0,1.0,1.0,0.0,0.0,0.7339508398154442,1.0,0.21097932675401357,1.0,0.2714199421422393,0.07056645123340424,1.0,0.22060596374385685,1.0,1.0,1.0,0.18714817890168176,0.5130566110139915,1.0,1.0,1.0,0.4274825446659074,1.0,0.8643324953885493,0.0
gex_possorted_bam_1WGCZ:CTTCAATTCGTAATCAx-M2,1.0,1.0,1.0,1.0,1.0,0.48138906749008104,0.0,1.0,0.560766634731212,1.0,0.0,1.0,1.0,0.713244840017519,1.0,0.1560469322264901,0.0,0.0,0.0,0.26746044325161905,0.04797047359009883,0.5821437186113564,1.0,0.8046990290892845,0.7155738445148178,1.0,0.0,0.9137858243714845,0.9535461150898672,1.0,0.0,1.0,1.0,1.0,0.0,0.9998478785839587,0.0,1.0,1.0,0.0,1.0,0.0,1.0,1.0,0.9000755120759494,1.0,1.0,0.0,1.0,1.0,1.0,1.0,0.17133049102348985
gex_possorted_bam_1WGCZ:CTTAAGATCTCACTCAx-M2,1.0,0.9959267840507195,0.0,0.9767625230695332,1.0,1.0,0.6440846410555208,1.0,0.5211059037916945,0.9853936335637341,0.314306370880657,0.7533600314704939,1.0,0.502794475149033,1.0,0.3069486510405287,0.09049247246375666,1.0,1.0,0.512112195116052,1.0,1.0,1.0,1.0,0.7576124286445034,0.82819426086888,0.0,0.9910897644466862,1.0,0.9946458943943852,0.7694536731622746,1.0,1.0,1.0,0.0,1.0,0.1259736519766927,1.0,1.0,0.011153583108141026,0.6777293802199559,0.3145125567281836,0.5705027013335635,0.04644415510238204,1.0,1.0,0.09094650934515515,0.11275682773922656,0.8588419288659742,0.9985995691083266,0.9098858269592088,1.0,1.0
gex_possorted_bam_1WGCZ:CTTGGACCAGTTTCTCx-M2,0.038623957517061575,1.0,1.0,0.9507300574077182,0.00866234263717517,0.0,1.0,0.6513253878042018,1.0,0.814022085929462,0.0,1.0,1.0,1.0,0.16223545519528013,1.0,0.0,0.0,1.0,0.0,0.0,0.0,0.0,0.0,1.0,1.0,1.0,1.0,1.0,0.9856338845897582,1.0,0.11081115901549708,0.0,0.766743250325004,1.0,0.22264678147940825,1.0,0.13988845160265886,0.19440498571818798,1.0,0.05442663762777831,1.0,1.0,1.0,0.0,0.5371622504169855,1.0,1.0,1.0,0.5234150687271408,1.0,1.0,0.0
gex_possorted_bam_1WGCZ:CTTACTAGTAAAGCGGx-M2,1.0,1.0,1.0,1.0,1.0,0.8878675803446906,0.0,1.0,0.6880453939774067,1.0,0.0,1.0,0.9532654379912655,0.6014887015986855,1.0,0.0,0.0,0.0,0.2818226707836063,0.09227813236510242,0.8327132434938962,0.8206759837472845,1.0,1.0,0.2778262353303979,1.0,0.0,0.763650710384423,0.4143979878203353,1.0,0.0,1.0,1.0,1.0,0.0,1.0,0.0,1.0,1.0,0.0,1.0,0.02298767221095437,0.9991317487069068,1.0,0.8422759443647672,1.0,0.8124699756859999,0.0,1.0,1.0,0.8953231913530253,1.0,0.0
gex_possorted_bam_1WGCZ:CTTCAAGCATGTTGTGx-M2,1.0,1.0,0.0,0.9700448984510894,1.0,1.0,0.4223767434268402,1.0,0.12428152456481784,0.8326755995062753,0.5344680277795282,0.37008753235619624,0.611054345183039,0.7727864027208373,1.0,0.01018361519042105,0.10657936497624576,1.0,0.9972749722814223,0.3316764009460038,1.0,1.0,1.0,1.0,0.812384223007533,0.8298109220661879,0.0,0.749135603966802,0.6038172645812718,0.7783344303594948,0.5253721809570897,1.0,1.0,1.0,0.0,1.0,0.2993380459607037,1.0,1.0,0.010687843378074711,1.0,0.1896684795283565,0.37005092912540477,0.0,1.0,0.9643628294333008,0.36311905769701586,0.0,0.8367084831894338,0.9941344063175456,0.8795207713934451,1.0,1.0
gex_possorted_bam_1WGCZ:CTTAAGGGTTGTTCACx-M2,0.10644030678239279,1.0,1.0,1.0,0.43187220392286124,0.0,1.0,0.8909517226767437,1.0,1.0,0.0,1.0,1.0,1.0,0.24007349128657168,1.0,0.0,0.0,1.0,0.0,0.0,0.0,0.0,0.0,1.0,1.0,1.0,1.0,1.0,0.8690522833910289,1.0,0.1582902171624435,0.0,0.9997181791380618,1.0,0.3499587138098265,1.0,0.1079848376114355,0.17720406477319556,1.0,0.6506177546424056,1.0,1.0,0.8686236840759013,0.09306167051889985,0.6222394672513089,1.0,1.0,1.0,1.0,1.0,1.0,0.23503668753756485
gex_possorted_bam_1WGCZ:CTTAATGAGGGATGCGx-M2,1.0,0.6707590689569966,1.0,1.0,1.0,0.6083202393070505,0.0,1.0,0.3598683287499628,1.0,0.0,1.0,0.8788729169133224,0.5805726465405512,1.0,0.0,0.0,0.0,0.33338660477642024,0.3758540558063951,0.8755771482893551,0.8131064472245699,1.0,0.9077929740244282,0.3655021086767486,1.0,0.07524814991684804,0.8711662104022274,0.5826053528241382,1.0,0.0,1.0,1.0,1.0,0.0,1.0,0.0,1.0,1.0,0.0,1.0,0.10348125151023023,0.8271757296814074,0.3513863138968322,0.9706049620993026,1.0,0.8396795013397188,0.0,1.0,1.0,1.0,1.0,0.0
gex_possorted_bam_1WGCZ:CTGTTTAGTGAATCGCx-M2,1.0,0.9587396878219647,0.0,0.9568281263661536,1.0,1.0,0.5216904816265723,1.0,0.3066039069741856,0.9478927677811387,0.561220278331117,0.4928856770064873,0.8980312776615151,0.015255728138777085,0.9310452012427941,0.3011224589282819,0.2876374617533225,1.0,1.0,0.7594309445331303,1.0,1.0,1.0,1.0,0.772947351800047,0.7508536329728493,0.0,0.7805113214678923,1.0,1.0,1.0,0.9497585863527596,0.939807678471092,1.0,0.0,1.0,0.08117548649941181,1.0,0.9865777996791384,0.1852559432618178,0.4532216933804417,0.17490127461114088,0.6442669845414557,0.0,1.0,1.0,0.0,0.058426733372960435,0.8290132015849706,0.8419168073743002,1.0,1.0,0.7402806931100064
gex_possorted_bam_1WGCZ:CTTGTAAAGCACAGGGx-M2,1.0,0.8574550461661006,0.0,0.9370544833036839,1.0,1.0,0.17937735205466301,1.0,0.4618182681728585,1.0,0.6939419366229895,0.7588347633526594,0.7483367159303759,0.4248337967160205,1.0,0.08844536889915956,0.24309582647208694,1.0,1.0,0.4785439802683222,1.0,1.0,1.0,1.0,0.6075529731886471,0.9376601877030912,0.0,1.0,1.0,1.0,0.794967423751851,1.0,1.0,1.0,0.0,1.0,0.34045878896457876,1.0,1.0,0.028500687733463533,1.0,0.3695010550184977,0.5951600297757016,0.0,1.0,1.0,0.0,0.0,0.9317864779401993,1.0,0.8946471159215384,1.0,1.0
gex_possorted_bam_1WGCZ:CTTCAATTCAGCATTAx-M2,1.0,1.0,0.261162592335383,1.0,1.0,1.0,0.34328082551383876,1.0,0.2437809573554026,1.0,0.47459396012952626,0.6504753145635858,0.9429192539363485,0.45509787499629817,1.0,0.3336146470634636,0.13190882843797536,1.0,1.0,0.6436425649323019,1.0,1.0,1.0,1.0,0.4981485724745164,1.0,0.0,1.0,1.0,1.0,1.0,1.0,1.0,1.0,0.0,1.0,0.12685244198530668,1.0,1.0,0.0,1.0,0.2738328439714362,0.7222771929729307,0.616050594611128,1.0,1.0,0.24803465430751395,0.0,1.0,1.0,1.0,1.0,1.0
gex_possorted_bam_1WGCZ:CTTCACTCAGTTATGTx-M2,1.0,1.0,0.0,1.0,0.7723954881851338,0.8716606887305866,1.0,1.0,0.9787824602948594,0.9790850252440219,0.0,1.0,1.0,0.33859609367177496,1.0,0.0,0.0,0.0,0.6369392277165594,0.958210647141914,1.0,1.0,1.0,1.0,0.9279001572608215,1.0,0.0,0.9694292037894923,0.9569484367502187,0.8576162076866434,0.7564560737529561,1.0,1.0,1.0,0.0,1.0,0.328853078508655,1.0,1.0,0.004222636655340776,1.0,0.2974475686727765,0.692134666445789,0.2755575492831253,1.0,1.0,0.5924780822128695,0.0,0.9630528994582754,1.0,1.0,0.9549578648182713,0.8632944377488206
gex_possorted_bam_1WGCZ:CTTCTAAGTTTCCGGCx-M2,1.0,0.7979632285560154,0.01422859724979593,1.0,1.0,1.0,0.3281950158117925,1.0,0.4187769999683155,1.0,0.18637550974321485,0.698553366660014,0.7275977659383461,0.25618040942463677,1.0,0.10696299291016584,0.0,0.38233992782509846,0.9396835357127915,0.92143929977933,1.0,1.0,1.0,1.0,0.18132567171680974,0.9161523225875493,0.0,0.7546762476589973,1.0,1.0,0.9116850049474233,1.0,1.0,1.0,0.0,1.0,0.15609156524990667,1.0,1.0,0.0,1.0,0.06058972759237033,0.6548456936098515,0.2825828725225986,1.0,1.0,0.2147963382974746,0.0,0.9687262720458464,0.9623325631548549,0.9466613580173614,0.9887306417572306,0.3606561226671208
gex_possorted_bam_1WGCZ:CTTGCAACAAAGCGGCx-M2,1.0,0.9896436197490543,0.0,1.0,1.0,1.0,0.4702429603766687,1.0,0.4287538893418812,1.0,0.23722062291908422,0.9066089522488004,1.0,0.3747194358796218,1.0,0.29774860556813465,0.0,0.7798923629421287,1.0,0.8338843258993626,1.0,1.0,1.0,1.0,0.3024583861477317,1.0,0.0,1.0,1.0,1.0,0.9982389071608003,1.0,1.0,1.0,0.0,1.0,0.12113569002626233,1.0,1.0,0.0,1.0,0.10568163520351248,0.8097325211981935,0.8697740121829869,1.0,1.0,0.3837764893470013,0.0,1.0,1.0,1.0,1.0,1.0
gex_possorted_bam_1WGCZ:CTTCAAGCACAGGGACx-M2,1.0,0.9632236624139244,0.0,1.0,1.0,1.0,0.7078488109694183,1.0,0.688745753481039,1.0,0.18488160023342073,0.819070097480897,0.9842030389577877,0.3086488626129605,1.0,0.42114901305564445,0.0,0.6924312069410667,1.0,0.8019134588118163,1.0,1.0,1.0,1.0,0.6143004877124454,0.867673534895233,0.0,1.0,1.0,1.0,1.0,1.0,1.0,1.0,0.0,1.0,0.23832736891543674,1.0,1.0,0.12145598013775898,0.8600051030973825,0.04499554452567491,0.6789444098329359,0.5333765380915135,1.0,1.0,0.21689804785957692,0.0,1.0,1.0,1.0,1.0,1.0
gex_possorted_bam_1WGCZ:CTTAGGAGTCTCACTGx-M2,1.0,1.0,0.059512538815512696,1.0,0.8425424389860717,1.0,0.8665833827303351,1.0,0.5769764650028485,1.0,0.0,1.0,0.9568597851671116,0.3941758590613474,1.0,0.2540304995483025,0.0,0.1709714055799872,0.7822119041326981,0.7802894843396572,1.0,1.0,1.0,1.0,0.9237562785249886,0.9143591120102426,0.0,0.8842006033443937,1.0,1.0,1.0,1.0,1.0,1.0,0.0,1.0,0.3435985198054128,1.0,1.0,0.27444087294848457,0.6862948916107823,0.1724528066443371,0.7981662572890614,0.4680760304736582,1.0,1.0,0.34388590629054866,0.0,1.0,1.0,1.0,1.0,1.0
gex_possorted_bam_1WGCZ:CTTACCTCATGTCAGCx-M2,0.055906976456227844,1.0,1.0,1.0,0.011843561721142438,0.5779711661885062,1.0,0.6287125967461146,1.0,0.5906804862845564,1.0,1.0,1.0,1.0,0.25011744428230537,1.0,1.0,1.0,1.0,0.0,0.0,0.0,0.0,0.0,1.0,1.0,1.0,1.0,1.0,1.0,1.0,0.0,0.0,0.6670393668528157,1.0,0.23599872212984105,1.0,0.17835230892394832,0.11690262713497164,1.0,0.0,1.0,1.0,1.0,0.015079155117335543,0.5996552423254589,1.0,1.0,1.0,0.5778539044969899,1.0,1.0,0.0
gex_possorted_bam_1WGCZ:CTTCAGGAGCGAAGTAx-M2,0.6935728231426653,0.35738244377175876,0.12611140868538373,0.6569765920099232,1.0,0.7471080605639555,0.13681419043856835,0.733553286360701,0.3091633868395207,0.6635239229122046,0.03433525556058138,0.0,0.3097316304431731,0.11872490261236697,0.9158132963798464,0.7353911990739518,0.0,0.0,0.16274821071151874,0.44815333257024337,1.0,0.7504340276277781,1.0,0.6177775734480423,0.37694317371764946,0.7963086363202158,0.09349111184610444,0.5826225982031463,0.16907816364623987,0.636432037619046,0.5305208804797784,0.9973617148767984,0.7504295570659468,0.5292393622129616,0.2056631273345142,0.6058697135000966,0.2542544217082852,0.567279320989978,0.6183818365640694,0.0,1.0,0.30639089209169623,0.32481458841248473,0.45818051747361915,0.8869747947754815,0.6526830675598573,0.5538239710568494,0.25581570328189046,0.6384020661317695,0.8268345679745879,0.7249007759268242,0.6312940207680761,0.24973478288026082
gex_possorted_bam_1WGCZ:CTTAGTTTCAATGTGCx-M2,0.08444798159259637,1.0,1.0,1.0,0.00575167576774664,0.0,1.0,1.0,1.0,0.7110632696083544,0.0,1.0,1.0,1.0,0.1299358664174124,1.0,0.0,0.0,1.0,0.0,0.0,0.0,0.0,0.0,1.0,1.0,1.0,1.0,1.0,0.5888609878423139,1.0,0.2560760328427098,0.0,0.982012443969387,1.0,0.30585881987760843,1.0,0.011389587799840355,0.0,1.0,0.13797826817868694,1.0,1.0,0.18934984872312413,0.11285608265925591,0.5143358043464616,1.0,1.0,1.0,0.6876953434788835,1.0,0.9247983480915363,0.0
gex_possorted_bam_1WGCZ:CTTAAGGGTTTCAGGAx-M2,1.0,0.773900803050489,0.0,1.0,1.0,1.0,0.19296568700321173,1.0,0.9270915939571105,1.0,0.11280143324037815,0.7658310485199208,0.8268936404428779,0.593387313154813,1.0,0.3506625624470056,0.0,0.3148624184491051,0.9956608713523672,0.4869130548294419,1.0,1.0,1.0,1.0,0.2267577705541372,1.0,0.0,0.882980828570365,0.8186425919658786,1.0,0.8309462284665994,1.0,1.0,1.0,0.0,1.0,0.21640362988778708,1.0,1.0,0.0,1.0,0.35611532640888105,0.8271033879153322,0.598572034684823,1.0,1.0,0.28108294800449674,0.0,0.9783088764986969,1.0,1.0,1.0,0.36298450337264054
gex_possorted_bam_1WGCZ:CTTAGTTTCGCTCCATx-M2,1.0,0.9305711534010265,0.2959220215511681,1.0,1.0,1.0,0.2646712085572002,1.0,0.3767813945799964,1.0,0.0,0.9998819950960289,1.0,0.24351515116218886,1.0,0.0,0.0,0.0,0.9634594808291232,0.9584041044577043,1.0,1.0,1.0,1.0,0.2785273602602304,1.0,0.0,1.0,0.9274806136043905,1.0,0.5763695446601972,1.0,1.0,1.0,0.0,1.0,0.0,1.0,1.0,0.0,1.0,0.26860174173135815,0.7746701737554595,0.5206551964953886,1.0,1.0,0.371883497588271,0.017637310192233205,1.0,1.0,1.0,1.0,0.45491636048629047
gex_possorted_bam_1WGCZ:CTTAGTTTCTTGCTATx-M2,0.2084524168386373,0.6137325995921,1.0,0.4450229938072361,0.0,1.0,1.0,1.0,0.29585024180390296,1.0,0.15010169106886018,1.0,0.4824154580391867,1.0,0.8303750360071267,0.7257725731348227,1.0,1.0,1.0,1.0,0.3902642446492293,0.0,0.8568714683069361,0.0,0.23585402440651895,0.291022284625341,0.16794050017642767,1.0,1.0,0.7397951245244606,0.0,0.0,0.5141332219012313,0.023263814839586387,1.0,0.9188061244308569,0.2670040981430918,0.9002545919679735,1.0,0.5269896387961587,1.0,1.0,0.9423808764420651,0.0,1.0,0.024873788368252225,1.0,0.5105429945730231,0.24652317929678558,1.0,0.0,0.0,1.0
gex_possorted_bam_1WGCZ:CTTAAGGGTAGCCTCCx-M2,1.0,1.0,1.0,1.0,1.0,0.5750908399317354,0.11630093981542265,1.0,0.20236342290749693,1.0,0.0,0.8685004537133968,1.0,0.19715968904623765,1.0,0.0,0.0,0.0,0.5252902151650711,0.7917220782355089,1.0,0.9084748055017784,1.0,1.0,0.46450316006472564,1.0,0.0,0.762146962238716,0.9014209458129755,1.0,0.0,1.0,1.0,1.0,0.0,0.9852471156470337,0.005282834101266312,1.0,1.0,0.0,1.0,0.0,0.7513836039844269,0.3718051027018581,0.8822771314532135,1.0,0.7045364587415657,0.0,1.0,1.0,1.0,0.9537600839742431,0.0
gex_possorted_bam_1WGCZ:CTTACCGGTCATAGATx-M2,1.0,1.0,1.0,1.0,1.0,0.6895753638960772,0.34755706077144505,1.0,1.0,1.0,0.0,1.0,1.0,0.6212578954600781,1.0,0.13877082987641448,0.0,0.0,0.16898461367959625,0.7626423868515992,0.5662367879536263,0.7243467292254777,1.0,0.7533107249408783,0.8142009534503806,1.0,0.0,1.0,0.5183243024880229,1.0,0.1326468917044663,1.0,1.0,1.0,0.0014460021234310556,1.0,0.41109338069510903,1.0,1.0,0.008852015645259132,1.0,0.2666524688480212,0.990396283038945,0.6295022054941865,1.0,1.0,1.0,0.0,1.0,1.0,1.0,1.0,0.3083436617865279
gex_possorted_bam_1WGCZ:CTTCTCAAGAAGGTGCx-M2,1.0,1.0,1.0,1.0,1.0,1.0,0.6122096514996451,1.0,1.0,1.0,0.0,1.0,1.0,0.8718002972527621,1.0,0.5071479827752156,0.0,0.0,0.42624191693804814,0.7405663336246137,0.8761212160903155,0.9094070601867773,1.0,0.9860014470190508,0.9766212493166679,1.0,0.0,1.0,0.7980853843910478,1.0,0.6077542695780074,1.0,1.0,1.0,0.0,1.0,0.18278547272844495,1.0,1.0,0.1804658914577207,1.0,0.15608768220861302,1.0,1.0,1.0,1.0,1.0,0.0,1.0,1.0,1.0,1.0,0.6667322755497491
gex_possorted_bam_1WGCZ:CTTGCAACACTAAATCx-M2,1.0,0.5140376082393664,0.8188390812123519,1.0,1.0,0.8374546108370646,0.1740778159683889,0.9728923668163565,0.04771194900815983,1.0,0.0,0.6659944480954301,0.7539116256376971,0.4166616568385032,1.0,0.2629375932239555,0.0,0.0,0.8412318524520727,0.1550106459645681,1.0,1.0,1.0,1.0,0.31856424112778187,1.0,0.0,0.8888057071043146,1.0,1.0,1.0,1.0,1.0,1.0,0.0,1.0,0.6660015164151004,0.9882914589991233,1.0,0.07400109369882595,1.0,0.12728468534325188,0.31601775134459775,0.0,1.0,1.0,0.040491771437892496,0.05633181565280184,1.0,1.0,0.7609415874192755,1.0,0.39302387175080494
gex_possorted_bam_1WGCZ:CTTGAACAGCTATTGAx-M2,0.05269044248170188,1.0,0.9807713853658321,0.7653828065570644,0.0,0.0,1.0,0.6177157883431476,1.0,0.39284403410498586,0.3579841940104478,1.0,1.0,1.0,0.04536999915835191,1.0,0.47268693412753404,0.12255928652633684,1.0,0.0,0.0,0.0,0.0,0.0,1.0,1.0,1.0,1.0,1.0,0.7096430698837247,1.0,0.0,0.0,0.6322383501215244,1.0,0.15231457830771852,1.0,0.0071229370337833175,0.021559661631470554,1.0,0.19834314206998763,1.0,1.0,1.0,0.0,0.44850375308465323,1.0,1.0,0.8790268992480947,0.47921654128284064,1.0,0.7459730537077224,0.0
gex_possorted_bam_1WGCZ:CTGTTTAGTTTGGCTTx-M2,1.0,1.0,0.0,1.0,0.9894263297382064,1.0,0.5286698329898002,1.0,0.2372176075736068,1.0,0.153534785930562,0.8722758949387284,0.9666024723757198,0.23589597958864728,1.0,0.11922960275751726,0.0,0.6019142329527118,1.0,0.7175125641672004,1.0,1.0,1.0,1.0,0.708934189025722,0.9409270495620967,0.0,0.8711384270980126,1.0,1.0,0.9159794996527046,1.0,1.0,1.0,0.0,1.0,0.1852618690365084,1.0,1.0,0.03011414322690773,0.9448930749084764,0.30448078075541796,0.749812564017732,0.22823978742035766,1.0,1.0,0.3762203614778494,0.1310460403549591,0.9600435019432777,1.0,1.0,1.0,1.0
gex_possorted_bam_1WGCZ:CTTGAACAGGTACCGCx-M2,1.0,1.0,0.1969537023762198,1.0,1.0,1.0,0.36867757968471604,1.0,0.4068157131436477,1.0,0.5886312638720912,0.7765820911320385,0.8611959397962363,0.680528292969956,1.0,0.42829738924364624,0.22903802390320102,1.0,1.0,0.5181640215834091,1.0,1.0,1.0,1.0,0.6273141959893667,1.0,0.0,0.9855693382955362,1.0,1.0,1.0,1.0,1.0,1.0,0.0,1.0,0.16855373095266285,1.0,1.0,0.0,1.0,0.4464633083038466,0.6286316676005947,0.2821185752210354,1.0,1.0,0.0,0.0,1.0,1.0,1.0,1.0,1.0
gex_possorted_bam_1WGCZ:CTTATGTTCCCGCCTAx-M2,0.830969654146228,1.0,1.0,1.0,1.0,0.9657461500761084,1.0,1.0,1.0,1.0,0.0,0.6776544032975965,1.0,1.0,1.0,0.0020037835783270493,0.0,0.0,0.38440990617782317,0.7396763790956293,0.38345959749095215,0.5828836687676123,1.0,0.19458620345142041,1.0,1.0,0.3941414805758534,0.9207594590329875,1.0,0.7952535999195983,0.0,1.0,1.0,1.0,0.18452564824069467,1.0,0.0,1.0,1.0,0.156813609759454,1.0,0.045514091099608564,1.0,1.0,0.8113435058169323,1.0,1.0,0.0,1.0,1.0,0.7149733128236717,1.0,1.0
gex_possorted_bam_1WGCZ:CTTGGACCATGTTGCAx-M2,0.06328332603368637,1.0,1.0,0.9978257828388668,0.10048665735561857,0.0,1.0,0.7404355959901883,1.0,0.5180342996650108,0.0,1.0,1.0,1.0,0.1274361953714098,1.0,0.05543007120718461,0.0,1.0,0.0,0.0,0.0,0.0,0.0,1.0,1.0,1.0,1.0,1.0,0.858031284861384,1.0,0.013674689677061916,0.0,0.7315624693601133,1.0,0.21305064013647876,1.0,0.05082336427078338,0.044788037667430045,1.0,0.041607794549499734,1.0,1.0,1.0,0.0,0.528503018892671,1.0,1.0,1.0,0.5707370952435463,1.0,0.9508748657367858,0.0
gex_possorted_bam_1WGCZ:CTTCGCGTCTTAATGGx-M2,1.0,1.0,0.0,1.0,1.0,1.0,0.5279206450250764,1.0,0.38436600088087636,1.0,0.558131368453776,0.5318372221002048,1.0,0.3739554158987555,1.0,0.3212469973696074,0.19514732334041837,1.0,1.0,0.8606737760512579,1.0,1.0,1.0,1.0,0.678639370212731,0.9763080174236595,0.0,1.0,1.0,1.0,1.0,1.0,1.0,1.0,0.0,1.0,0.1890073217737154,1.0,1.0,0.0,1.0,0.2671219855318904,0.8811586108459635,0.47916295749475146,1.0,1.0,0.171170727243279,0.0,1.0,1.0,1.0,1.0,1.0
gex_possorted_bam_1WGCZ:CTTGCATGTTGAGGTCx-M2,0.06663040377285087,1.0,1.0,0.9491735419657659,0.0,0.48724088530909837,1.0,0.6876188158560076,1.0,1.0,0.6989751833343458,1.0,1.0,1.0,0.2565524483068056,1.0,1.0,1.0,1.0,0.0,0.0,0.0,0.0,0.0,1.0,1.0,1.0,1.0,1.0,1.0,1.0,0.046130943094474214,0.0,0.8732081645195428,1.0,0.32580667620933307,1.0,0.24951836629627713,0.1569841944800666,1.0,0.34029872175091486,1.0,1.0,1.0,0.21165134598564922,0.5531864645469038,1.0,1.0,1.0,0.39274754767540987,1.0,0.9818186552206097,0.0
gex_possorted_bam_1WGCZ:CTGTTAAAGGCTACATx-M2,1.0,1.0,0.02803636637777703,1.0,0.8861057060261698,1.0,0.6129406372639318,1.0,0.5151142783490151,1.0,0.3527588604583763,0.947026920122077,0.8352469074660218,0.5644865241850698,1.0,0.32096058916970077,0.09452517869700726,0.8986696258614832,1.0,0.6363564782463847,1.0,1.0,1.0,1.0,0.8468339083607325,0.9523987463290492,0.0,0.8751192921375488,1.0,1.0,1.0,1.0,1.0,1.0,0.0,1.0,0.30549075984229696,1.0,1.0,0.1417938730995202,1.0,0.5132550235070626,0.7515736243004225,0.29104879200943023,1.0,1.0,0.1481319889193775,0.0,1.0,1.0,0.9491037343104417,1.0,0.8311224605974045
gex_possorted_bam_1WGCZ:CTTATTGGTGAGCACTx-M2,1.0,0.8340476507060823,0.0,1.0,0.9872776098196162,1.0,0.6629237141895304,1.0,0.6357169432531584,1.0,0.0,1.0,0.8278072147534183,0.47911510837954596,1.0,0.04636676945541814,0.0,0.1301384903783036,0.9331466439179829,0.19004003802528557,1.0,1.0,1.0,1.0,0.6967437007873799,1.0,0.0,0.8071272124001607,0.6884903561812421,1.0,0.7196608931741861,1.0,1.0,1.0,0.0,1.0,0.19439757581936623,1.0,1.0,0.0,1.0,0.5048778916824442,0.9237318152313115,0.7328065665019937,1.0,1.0,0.5793376548530969,0.048144143341224466,0.9369658061723383,1.0,0.8956491443265352,1.0,0.5313197079141178
gex_possorted_bam_1WGCZ:CTTAATGAGACAAGTGx-M2,0.07709433703696944,1.0,1.0,0.970196736849319,0.0,0.0,1.0,0.8820468577819792,1.0,1.0,0.0,1.0,1.0,1.0,0.19949506331919917,1.0,0.0,0.0,1.0,0.0,0.0,0.0,0.0,0.0,1.0,1.0,1.0,1.0,1.0,0.6300132229930953,1.0,0.22931263515124797,0.0,1.0,1.0,0.303047077831882,1.0,0.03739888667155033,0.07774706619381067,1.0,0.0928612978132317,1.0,1.0,0.36421078830429304,0.021847564959890185,0.5489455485498771,1.0,1.0,1.0,0.6748323776908213,1.0,1.0,0.4262594029466659
gex_possorted_bam_1WGCZ:CTTCTAAGTATTCGTCx-M2,0.9182322843559593,0.842759833239054,1.0,1.0,1.0,0.03791740470333902,0.0,1.0,1.0,1.0,0.0,1.0,1.0,0.7344591281529066,1.0,0.0,0.0,0.0,0.0,0.0,0.0,0.20646273637192278,1.0,0.37704108287306115,0.5293038737176754,1.0,0.010484677320282267,0.6443822063567354,0.8727791859179223,1.0,0.0,1.0,1.0,1.0,0.0,0.84796509899118,0.0,1.0,1.0,0.0,1.0,0.0,0.9754888476080011,0.7451532742983614,0.6236751304222462,1.0,1.0,0.0,1.0,1.0,1.0,1.0,0.0
gex_possorted_bam_1WGCZ:CTTGAATCACATTAACx-M2,1.0,1.0,0.48182558211107124,1.0,1.0,1.0,0.7609169988904894,1.0,0.3247698561696262,1.0,0.026685604076566442,1.0,1.0,0.4919890749705633,1.0,0.13524693519654485,0.0,0.3949547938286205,1.0,0.7222348220561691,1.0,1.0,1.0,1.0,0.8146061562062437,1.0,0.0,1.0,1.0,1.0,1.0,1.0,1.0,1.0,0.0,1.0,0.145707716214132,1.0,1.0,0.04478930641353358,1.0,0.42373640430542603,0.8204737561432096,0.9011883549510242,1.0,1.0,0.0,0.0,1.0,1.0,1.0,1.0,1.0
gex_possorted_bam_1WGCZ:CTGTTCATCCGGTTGAx-M2,1.0,0.8999221288629471,0.5724035492901214,1.0,1.0,1.0,0.5694458150907679,1.0,0.6933848619516212,1.0,0.0,0.8722305910181717,0.9746695292483001,0.5413184141194459,1.0,0.27678015286583657,0.0,0.13119367020738928,0.9749934924805216,0.7486447346470398,1.0,1.0,1.0,1.0,1.0,1.0,0.0,1.0,0.9810603723295158,1.0,0.8536939707946328,1.0,1.0,1.0,0.0,1.0,0.09914155309221971,1.0,1.0,0.007932955911261535,1.0,0.06987422420814775,0.8424790184731833,0.4244957889243334,1.0,1.0,0.40435791813743527,0.10037458074060171,1.0,1.0,1.0,1.0,1.0
gex_possorted_bam_1WGCZ:CTTAACAAGCTCCCTGx-M2,0.933456741611441,0.913482497782659,1.0,1.0,1.0,0.16618651561672082,0.0,1.0,0.952112611651178,1.0,0.0,1.0,1.0,0.7241029434261502,1.0,0.10935039904752411,0.0,0.0,0.0,0.0,0.0,0.2705090190067983,1.0,0.42540527571765024,0.6128513611323628,1.0,0.0,0.677482943164059,0.6473483931284454,1.0,0.0,1.0,1.0,1.0,0.0,0.9013787509205239,0.0,1.0,1.0,0.0,1.0,0.0,1.0,1.0,0.7665242806263607,1.0,1.0,0.0,1.0,1.0,1.0,1.0,0.0
gex_possorted_bam_1WGCZ:CTTGCGCGTCATAGATx-M2,0.6906358432328072,0.2978574817042438,0.0,0.48654726056074943,1.0,1.0,0.002919798424652792,0.5373671835201171,0.0,0.6628679535312055,0.8228724898104142,0.0,0.4220581616309019,0.2969482680045949,0.7400538417677929,0.1201313607366607,0.5752511598804496,1.0,0.527563903066728,1.0,1.0,1.0,0.7710492033564585,0.9724382533711224,0.4301883843471259,0.4068457202086461,0.0,0.2791646923778155,0.39211115516144224,0.5828020284450394,0.9490232475435425,0.7079764736761355,0.6991753826270859,0.5737339612701776,0.11179497522864627,0.7084695664043795,0.13724323610601702,0.5316651347848877,0.6562897320979503,0.3589400469598126,0.4451004687658342,0.0,0.27670361367646135,0.4269225891610243,0.9704101463192825,0.6227434390715396,0.0,0.2986103135694769,0.482749716342336,0.613297147652725,0.5344411430685903,0.6931500623642746,1.0
gex_possorted_bam_1WGCZ:CTTGGACCAAGGACCAx-M2,0.23360840007573724,1.0,1.0,1.0,0.19911854343424795,0.0,1.0,0.8480871515802456,1.0,0.9085413824956238,0.0,1.0,1.0,1.0,0.3697792515970569,1.0,0.04140260028052642,0.0,1.0,0.0,0.0,0.0,0.018695710202763,0.0,1.0,1.0,1.0,1.0,1.0,0.9389145235412496,1.0,0.4741432235831734,0.0,0.9396316596381816,1.0,0.41000496056612834,1.0,0.25137353597831785,0.2729777492040019,1.0,0.3481961228995561,1.0,1.0,1.0,0.25828977243815343,0.6524201119542211,1.0,1.0,1.0,0.7747058540425262,1.0,1.0,0.03544450483156412
gex_possorted_bam_1WGCZ:CTGTTGGAGGCTGTCAx-M2,1.0,0.7812565043901947,0.3848281183025994,1.0,1.0,1.0,0.0,0.9748348366956988,0.4044711179510873,1.0,0.1569888876734888,0.1619758500645151,0.9392916198722588,0.35035383060787617,1.0,0.0,0.0,0.0,1.0,0.6080632080219308,1.0,1.0,1.0,1.0,0.21424417219337383,1.0,0.0,0.6882629073720445,0.6266766782246318,0.9863619172715822,1.0,1.0,1.0,1.0,0.0,1.0,0.10094916928955196,1.0,1.0,0.0,1.0,0.2778410237272294,0.38477937986745575,0.4149208919815332,1.0,1.0,0.0,0.0,0.9820458934725452,1.0,1.0,1.0,0.7284627417721483
gex_possorted_bam_1WGCZ:CTTACCGGTGCGCAATx-M2,1.0,1.0,0.0,0.9798825357699945,1.0,1.0,0.4284472666133166,1.0,0.9096814687404344,0.8992133595092017,0.29803595516880016,0.9154077608928182,0.9498398307469179,0.4290034976613654,0.9186866781336277,0.326326590250727,0.003993310053625817,1.0,1.0,0.4375153000496334,1.0,1.0,1.0,1.0,0.6405033382979005,0.8205880021262802,0.0,1.0,1.0,1.0,0.6209203301011579,0.7078326921554591,1.0,1.0,0.0,1.0,0.28054346230364524,1.0,1.0,0.0,0.9120619617924236,0.07141867491650368,0.6928923787371883,0.4639837236398737,1.0,1.0,0.20321924669241082,0.0,0.9381190919023821,1.0,1.0,1.0,0.8792515435676301
gex_possorted_bam_1WGCZ:CTGTTGGAGTAGGCGGx-M2,0.0,1.0,1.0,0.5223028888179011,0.0,1.0,1.0,0.10872655457921486,1.0,0.2387627408614011,1.0,1.0,1.0,1.0,0.0,1.0,1.0,1.0,1.0,0.0,0.0,0.0,0.0,0.0,1.0,0.7760692022739112,1.0,1.0,0.9853369221662782,0.7542657037852953,1.0,0.0,0.0,0.3408236776145997,1.0,0.0,1.0,0.0,0.0,1.0,0.005363015563437616,1.0,1.0,1.0,0.0,0.2747199872727978,1.0,1.0,0.6511948623523885,0.16525343495444272,1.0,0.5594225072081946,0.0
gex_possorted_bam_1WGCZ:CTTAATGAGAACCTACx-M2,1.0,0.9708485642314595,0.0,1.0,1.0,1.0,0.6287189152271632,1.0,0.09659822813174916,1.0,0.16090151700215766,1.0,0.815065801953234,0.1484047797348214,1.0,0.05695674200925669,0.0,0.45820315877656315,1.0,0.6037164175860937,1.0,1.0,1.0,1.0,0.6085492236766318,0.8517672914562677,0.0,0.8914289773361636,0.7706931304729603,1.0,0.9802101662439194,1.0,1.0,0.9556546470986969,0.1198134716215065,1.0,0.11143766812787922,1.0,1.0,0.0,1.0,0.4896721141234617,0.5529935577520017,0.5262343304309766,1.0,1.0,0.40976209752315723,0.2145885364918198,0.9172207224867626,1.0,1.0,1.0,1.0
gex_possorted_bam_1WGCZ:CTTGGACCAGGTTATTx-M2,0.08374754744208453,1.0,1.0,0.9467310662265044,0.0,0.0,1.0,0.7655916482188128,1.0,0.7870762888349828,0.0,1.0,1.0,1.0,0.16760663977344256,1.0,0.10813856868547353,0.06151093660373181,1.0,0.0,0.0,0.0,0.0,0.0,1.0,1.0,1.0,1.0,1.0,1.0,1.0,0.0,0.0,0.7722034946144366,1.0,0.22456246051357182,1.0,0.041537536584055484,0.057094018585048124,1.0,0.07581689717155855,1.0,1.0,1.0,0.06076592155457929,0.5906784528377073,1.0,1.0,1.0,0.7040048351445269,1.0,1.0,0.0
gex_possorted_bam_1WGCZ:CTTCTCAAGTTGGATCx-M2,1.0,0.9704408234843667,0.0,1.0,1.0,1.0,0.27211771865661305,1.0,0.1907291547567473,1.0,0.0369374594988193,0.9716101729353853,0.9658789729305458,0.37293787215803464,1.0,0.03144023783023509,0.0,0.10046668363550454,1.0,0.8626681289188405,1.0,1.0,1.0,1.0,0.32588559373509846,1.0,0.0,0.9007783375436004,0.8194849739107726,1.0,0.7370492332174978,1.0,1.0,1.0,0.0,1.0,0.0,1.0,1.0,0.0,1.0,0.1869343248657968,0.7062482284914391,0.38749425904580564,1.0,1.0,0.40009793662972565,0.0,1.0,1.0,1.0,1.0,0.6617331456912572
gex_possorted_bam_1WGCZ:CTTAAGATCCAACTGGx-M2,1.0,0.9069246840250225,0.0,0.9518025718434294,1.0,1.0,0.38552298204156,1.0,0.6204598262065986,1.0,0.0,0.7364126721613038,0.802891547081124,0.3495880774335347,1.0,0.0625906110991586,0.0,0.4634556693171343,0.7604526869773879,0.6027523955728477,1.0,1.0,1.0,1.0,0.6626525200214468,0.8811024610395403,0.0,0.6897680640823549,0.8869898559954447,0.8584893622722992,0.41492025343775774,1.0,1.0,1.0,0.0,1.0,0.22984039620270078,0.9913601974112014,0.9857198888138632,0.0,1.0,0.253485934846063,0.6255172452589618,0.13073289875959956,1.0,1.0,0.5379542494690931,0.0,0.8993229782458264,1.0,1.0,0.9577524820538066,0.7517637260821968
gex_possorted_bam_1WGCZ:CTTCACTCATTGGGAGx-M2,0.1034410599476825,1.0,1.0,0.9601596773670346,0.18881959402438725,0.0,1.0,0.8319744257216416,1.0,1.0,0.0,1.0,1.0,1.0,0.2865506488395333,1.0,0.0,0.0,1.0,0.0,0.0,0.0,0.0,0.0,1.0,1.0,1.0,1.0,1.0,0.8111143706490292,1.0,0.04901596086787943,0.0,0.8595877165710526,1.0,0.2938245555444774,1.0,0.13868517261552668,0.16468691698434507,1.0,0.14760591228171346,1.0,1.0,1.0,0.11979907593696891,0.5548234028278468,1.0,1.0,1.0,0.561064673564543,1.0,0.9871840445488586,0.0
gex_possorted_bam_1WGCZ:CTTGAATCAAATATCCx-M2,0.0,0.9667602902406591,1.0,0.4524077922228579,0.0,0.3256889883263561,1.0,0.15544800085409732,1.0,0.3541116620310072,1.0,1.0,1.0,1.0,0.0,1.0,1.0,1.0,1.0,0.0,0.0,0.0,0.0,0.0,1.0,0.6210641224613855,1.0,1.0,0.9929173511628551,0.544781478754887,1.0,0.3470170527565626,0.0,0.4024742822311502,1.0,0.0,1.0,0.0,0.0,1.0,0.05115033483707974,1.0,1.0,1.0,0.0,0.2578244607217278,1.0,1.0,0.5991235660983573,0.18334496560373043,1.0,0.4676036311507764,0.0
gex_possorted_bam_1WGCZ:CTTACCTCATCGCTTTx-M2,0.9798878237163534,0.8866094579150113,1.0,1.0,1.0,1.0,0.0,0.9835545502581066,1.0,1.0,0.0,1.0,1.0,0.6499363581525187,1.0,0.25814398908140684,0.0,0.0,0.0,0.42130370417727125,0.28344467965007636,0.8252408781082271,1.0,0.6184928055659796,0.9446519303210943,1.0,0.0,1.0,0.7287398370724539,1.0,0.0,1.0,1.0,1.0,0.0,1.0,0.0,1.0,1.0,0.0,1.0,0.0,1.0,1.0,1.0,1.0,1.0,0.0,1.0,1.0,1.0,1.0,1.0
gex_possorted_bam_1WGCZ:CTTCAATTCCTCAGTCx-M2,0.8013454649740431,1.0,1.0,1.0,1.0,0.699920770309413,1.0,1.0,1.0,1.0,0.0,0.1499548805873538,1.0,0.7532921499386703,0.726081990746613,0.0,0.0,0.0,0.569672946794492,0.9448112499212807,0.5082936379668616,0.5674246353735065,1.0,0.338311062124564,1.0,1.0,0.527059170835646,0.6680105739375964,1.0,0.41195506980508717,0.11909754150410658,1.0,1.0,1.0,0.22794652987973818,0.9197321576693598,0.00010661494590377575,1.0,1.0,0.2628566321402618,1.0,0.23386127653858596,0.8343068918750797,1.0,0.4518133511714809,1.0,1.0,0.0,1.0,1.0,0.6952479308843883,0.9187200462032018,0.6965884325774762
gex_possorted_bam_1WGCZ:CTTCACTCAATAACGAx-M2,1.0,0.693837840736785,1.0,1.0,1.0,1.0,0.0,0.9302520920751297,0.4556298659552821,1.0,0.0,1.0,1.0,1.0,1.0,0.8019649395123558,0.0,0.0,0.16120643240380436,0.4964709061534172,0.23632627260543868,0.8803339331961673,1.0,0.8305667677865929,0.48508451258404367,1.0,0.0,1.0,0.588886717873703,1.0,0.0,1.0,1.0,1.0,0.0,1.0,0.15181860174327227,0.9814127880432513,1.0,0.10218670111220542,1.0,0.0,1.0,1.0,0.9700239123902862,1.0,1.0,0.0,1.0,1.0,0.8912723008728222,1.0,1.0
gex_possorted_bam_1WGCZ:CTTGCAACAGTTTGGCx-M2,1.0,1.0,0.0,1.0,0.6518052811521258,0.7475738388078434,1.0,1.0,0.9448992413578093,0.9558734615083344,0.0,1.0,0.9324867786737816,0.2505680459818564,0.9558190527784463,0.2101352130603382,0.0,0.0,0.5447583356638716,1.0,1.0,0.9321132505583334,0.9660506772310347,1.0,0.9146465165406026,0.8809728275672067,0.0,1.0,1.0,0.8391457655182608,0.747306767732005,1.0,1.0,1.0,0.0,1.0,0.5734195881524233,1.0,1.0,0.3007682897293112,1.0,0.39350139714551224,0.7206697504468159,0.5600346832525016,1.0,1.0,0.5804663549413124,0.0,0.9769715563029034,1.0,0.8043570849373912,0.8765729188801948,0.9979503374012182
gex_possorted_bam_1WGCZ:GAAGCCTGTGAATCGCx-M2,1.0,1.0,1.0,1.0,1.0,0.3355142024055017,0.0,1.0,0.9461554345962978,1.0,0.0,1.0,1.0,0.6499205825547657,1.0,0.004408555414976604,0.0,0.0,0.0,0.09905952567228438,0.0012293716562652047,0.4977166089008603,1.0,0.7479976475353535,0.5011139336499058,1.0,0.060024925139034895,0.878148060284831,0.4628762115176307,1.0,0.0,1.0,1.0,1.0,0.0,0.974754376533775,0.0,1.0,1.0,0.0,1.0,0.0,1.0,0.5083432144644341,0.9951913711438469,1.0,1.0,0.0,1.0,1.0,1.0,1.0,0.0
gex_possorted_bam_1WGCZ:GAAGCCTGTTAGCATGx-M2,1.0,0.9961415995351688,0.0,1.0,0.9938612930169451,1.0,0.38411151520997394,1.0,0.5134768070123553,1.0,0.3815296748644961,0.9221258241631258,1.0,0.4468820957830681,1.0,0.10820208169535035,0.024126275218445684,0.864114318004952,1.0,0.7475821821052169,1.0,1.0,1.0,1.0,0.7403784283196942,0.8868213823209008,0.0,0.7871524674068231,0.9810688316206069,1.0,1.0,1.0,1.0,1.0,0.0,1.0,0.2791782006638596,1.0,1.0,0.0,0.848610724490114,0.17752454798472164,0.6574965347739334,0.09344593703650265,1.0,1.0,0.5269496814000161,0.0,0.9973534888101839,1.0,1.0,1.0,1.0
gex_possorted_bam_1WGCZ:GAAGTATAGTGTTGCGx-M2,1.0,1.0,0.956682636669141,0.9200893565106729,1.0,1.0,0.7584705664398147,0.9374397086517672,0.934146234948674,0.9611338259971459,1.0,0.3276017303687171,0.5252445948982518,0.5681290601864408,1.0,0.06246641698693204,0.6549279093408346,1.0,1.0,0.19809266169772255,1.0,1.0,1.0,1.0,0.7322257796375823,0.8769583012140506,0.0,1.0,1.0,1.0,1.0,1.0,1.0,1.0,0.0,1.0,0.7023581679174057,0.9127360944641687,1.0,0.0,0.7984624148300976,1.0,0.6774234119647763,0.6896055318606626,1.0,1.0,0.0,0.8231899854775172,0.9529600679906237,0.9228792513045938,0.460515200781477,1.0,1.0
gex_possorted_bam_1WGCZ:GAAGCCTGTCGCAAACx-M2,1.0,1.0,0.19727283520179859,1.0,1.0,1.0,0.6255610781672174,1.0,0.5545454872644121,1.0,0.0,1.0,0.9857603281117561,0.6504577841038123,1.0,0.507095466216006,0.0,0.43239226532310426,0.8995499773879826,0.8358752870103675,1.0,1.0,1.0,1.0,0.8223419893967431,1.0,0.0,1.0,1.0,1.0,1.0,1.0,1.0,1.0,0.0,1.0,0.45714758056727905,1.0,1.0,0.0,1.0,0.15597900203703327,0.8911108212944718,0.5672205573039301,1.0,1.0,0.6510310142739922,0.0,1.0,1.0,1.0,1.0,1.0
gex_possorted_bam_1WGCZ:GAACCGCTCACAGCGCx-M2,0.05689722116149743,1.0,1.0,0.8603963072420343,0.0,0.0,1.0,0.7032374156543987,1.0,0.7533647701754194,0.0,1.0,1.0,1.0,0.1623712948222048,1.0,0.0,0.0,1.0,0.0,0.0,0.0,0.0,0.0,1.0,1.0,1.0,1.0,1.0,0.7519151612503874,1.0,0.17309076574218235,0.0,0.8542170855140369,1.0,0.2388638297494721,1.0,0.0,0.0,1.0,0.0,1.0,1.0,0.949602774306873,0.018537888719577,0.5097229197902523,1.0,1.0,0.9809188555081255,0.6232826621934938,1.0,0.9216981718322257,0.0
gex_possorted_bam_1WGCZ:CTTTAGGCAGCACCATx-M2,0.12236643576171752,1.0,1.0,1.0,0.2541601273767072,0.0,1.0,0.8356863079113798,1.0,0.870749595897632,0.0,1.0,1.0,1.0,0.15360886125016743,1.0,0.0,0.0,1.0,0.0,0.0,0.0,0.0,0.0,1.0,1.0,1.0,1.0,1.0,0.5359074210334581,1.0,0.3534259374496767,0.0,1.0,1.0,0.3214105961289822,1.0,0.10864568747904592,0.06861680990630223,1.0,0.30521839415957736,1.0,0.805366269787839,0.0,0.09269412356064533,0.5786703129401067,1.0,1.0,1.0,0.6996374190814929,1.0,1.0,0.008424743916394098
gex_possorted_bam_1WGCZ:GAACGAATCCCGCCTAx-M2,1.0,0.9278676848110269,0.7423320181993946,1.0,1.0,1.0,0.1632693369188535,1.0,0.3822362742937457,1.0,0.0,0.788410909004286,1.0,0.8228686375781795,1.0,0.30485641984498985,0.0,0.16517755473363596,0.7533469521028697,0.6545439249541991,1.0,1.0,1.0,1.0,0.6717702344292498,1.0,0.0,1.0,0.8136317182818268,1.0,0.8402510170872196,1.0,1.0,1.0,0.0,1.0,0.28111666857509227,1.0,1.0,0.05127780012277079,1.0,0.0,1.0,0.13889824472839707,1.0,1.0,0.5630607750891718,0.0,1.0,1.0,0.9820688411548274,1.0,1.0
gex_possorted_bam_1WGCZ:GAACCGCTCAGGTTTAx-M2,1.0,0.8351603844367251,0.0,1.0,1.0,1.0,0.668392922285282,1.0,0.40467383964365483,1.0,0.2010937255295084,0.33229720618923886,1.0,0.13598689062682667,1.0,0.960841826363652,0.0,0.6796053325638495,1.0,1.0,1.0,1.0,1.0,1.0,0.7336952885947817,0.998098597602081,0.0,1.0,1.0,1.0,1.0,1.0,1.0,1.0,0.0,1.0,0.6836922261744954,1.0,1.0,0.23173965886584463,1.0,0.24763017383077038,0.8517399522801475,0.768428124940055,1.0,1.0,0.2713993163066628,0.033619205440027194,1.0,1.0,1.0,1.0,1.0
gex_possorted_bam_1WGCZ:GAAGTATAGACAGGTAx-M2,1.0,1.0,0.22210946052013486,0.9711722792236821,0.4901946020965102,0.9885090808806558,1.0,1.0,0.49472934846465944,1.0,0.0,1.0,0.8611607499636341,0.7659615112713858,1.0,0.7487513781799623,0.0,0.0,0.7201226910810666,0.4855684353312408,1.0,0.9714147191212539,0.966370685217731,1.0,1.0,0.9258913961967378,0.0,1.0,1.0,0.8188643362918219,1.0,1.0,0.9547415518298086,1.0,0.0,1.0,0.5034465946834294,1.0,1.0,0.5810923329813268,0.7939463267299879,0.4472129263480714,0.768795474158151,0.28695998487160224,1.0,1.0,0.3731997330643702,0.0,1.0,1.0,1.0,1.0,0.4423481731097834
gex_possorted_bam_1WGCZ:GAAACTGAGTTGCGTGx-M2,0.0,1.0,1.0,0.6583791208023976,0.0,0.0,1.0,0.550444940900653,1.0,0.5755652448483618,0.09243054435326721,1.0,1.0,1.0,0.0011498382494668329,1.0,0.2552100524019636,0.0,1.0,0.0,0.0,0.0,0.0,0.0,1.0,1.0,1.0,1.0,1.0,0.49447901572901676,1.0,0.09216835941381989,0.0,0.5497750843785014,1.0,0.08523682232267575,1.0,0.0,0.0,1.0,0.08268205330882213,1.0,1.0,1.0,0.0,0.33037295350647594,1.0,1.0,0.8057776498585879,0.4536286515586904,1.0,0.642562150607665,0.0
gex_possorted_bam_1WGCZ:GAAACCCGTTGGTTCTx-M2,0.07921950119652194,1.0,1.0,0.9520195452195073,0.0,0.0,1.0,0.902870864479501,1.0,1.0,0.0,1.0,1.0,1.0,0.17889799106904716,1.0,0.0,0.0,1.0,0.0,0.0,0.0,0.0,0.0,1.0,1.0,1.0,1.0,1.0,0.7487258742854987,1.0,0.0,0.0,0.9016888249487709,1.0,0.30197212893746134,1.0,0.07957523444541643,0.11649033702995015,1.0,0.2533127446283672,1.0,1.0,1.0,0.037112354033352064,0.5476302118448424,1.0,1.0,1.0,0.6177597502793959,1.0,1.0,0.0
gex_possorted_bam_1WGCZ:CTTTAGGCACAGAACGx-M2,1.0,1.0,0.9885230675403275,1.0,1.0,1.0,0.3612433286857256,1.0,0.6374969801424971,1.0,0.0,0.6607640424755018,1.0,0.03952432763285964,1.0,0.11707226277347584,0.0,0.23189980588847095,1.0,1.0,1.0,1.0,1.0,1.0,0.5879260762964198,1.0,0.0,0.8705316478310963,0.9945482381493639,1.0,0.7919841415016307,1.0,1.0,1.0,0.0,1.0,0.0,1.0,1.0,0.03313645401110853,1.0,0.4304923673090082,0.6366162668510961,0.4909230051883497,1.0,1.0,1.0,0.0,1.0,1.0,1.0,1.0,1.0
gex_possorted_bam_1WGCZ:CTTTGGTGTAAGCTTGx-M2,1.0,0.8994376413544831,1.0,1.0,1.0,1.0,0.0,1.0,1.0,1.0,0.0,1.0,1.0,0.42225014465688154,1.0,0.11939980338902582,0.0,0.0,0.17848381204866232,0.7434440694928117,0.6916123681162967,1.0,1.0,0.7007230131690853,0.8768965823367769,1.0,0.0,1.0,0.900289939463522,1.0,0.02621236488072319,1.0,1.0,1.0,0.0,1.0,0.0,1.0,1.0,0.0,1.0,0.0,1.0,0.9022029439282254,1.0,1.0,1.0,0.0,1.0,1.0,0.8798818617043542,1.0,1.0
gex_possorted_bam_1WGCZ:GAAGCCTGTGCATTTCx-M2,1.0,1.0,1.0,1.0,1.0,1.0,0.4549654487975482,1.0,1.0,1.0,0.0,1.0,1.0,0.7417426615042981,1.0,0.3662718093419132,0.0,0.0,0.20555391725376665,0.6284016558748606,0.7938179980199953,0.9519156490258621,1.0,0.8676877103277494,1.0,1.0,0.0,1.0,0.5874930365384882,1.0,0.1033044247905173,1.0,1.0,1.0,0.0,1.0,0.08285359264697868,1.0,1.0,0.06404875315589681,1.0,0.30780065275787316,1.0,1.0,1.0,1.0,1.0,0.0,1.0,1.0,0.9968195981488885,1.0,1.0
gex_possorted_bam_1WGCZ:GAAGCCTGTTGGATATx-M2,0.055962165755820685,1.0,1.0,0.9144387468047448,0.08275044693474934,0.309894852210584,1.0,0.7249271816111089,1.0,0.5075507354380175,0.7783601316545453,1.0,1.0,1.0,0.11490533118851376,1.0,0.9739732106534658,1.0,1.0,0.0,0.0,0.0,0.0,0.0,1.0,1.0,1.0,1.0,1.0,0.9166516636145408,1.0,0.0,0.0,0.6958880056905614,1.0,0.20888261163203145,1.0,0.12688962341144308,0.20195717688324008,1.0,0.12040202260824832,1.0,1.0,1.0,0.09643384125022147,0.632950691680675,1.0,1.0,1.0,0.4067296347056455,1.0,0.9539827257833374,0.0
gex_possorted_bam_1WGCZ:CTTGTTCCAGTATGTTx-M2,1.0,0.9249187711921371,1.0,1.0,1.0,0.43112381368004365,0.0,1.0,0.3770682609586205,1.0,0.0,0.7487726695558059,0.9277450951109635,0.4328872128404926,1.0,0.036435267306109825,0.0,0.0,0.39595012357673,0.5553611615873436,0.7508364135607647,0.7586015593069846,1.0,1.0,0.05353743815422452,1.0,0.0,0.954466882327523,0.8646294022913739,1.0,0.0,1.0,1.0,1.0,0.0,0.9320169529938958,0.05025273258786419,1.0,1.0,0.0,1.0,0.09331759191996948,0.8724661586719307,0.514543775593028,0.9490869098101499,1.0,0.7443565586992165,0.0,1.0,1.0,1.0,0.9249748871771846,0.0
gex_possorted_bam_1WGCZ:GAAGCTAAGGCTGGCTx-M2,1.0,0.83250149267945,0.0,0.8908054481370258,0.9621013879189072,1.0,0.4517455393596715,1.0,0.2513520510190908,0.9003455086608759,0.39154951565318596,0.7115158131566922,1.0,0.2374920208658066,0.9513837334322764,0.05523451765779749,0.16096102829256226,1.0,1.0,0.7506460406156064,1.0,1.0,1.0,1.0,0.7958386360963693,0.8026635287943749,0.0,0.6782414003786671,0.9420747425646017,0.9654867135250262,0.5631271021658008,1.0,1.0,1.0,0.0,1.0,0.11726049047503091,0.9683629546609112,0.95038228372814,0.0,1.0,0.2421687063122335,0.5899581679903592,0.03909359259108532,1.0,0.9805279630048659,0.012799738324520216,0.0,0.8045610878527513,1.0,0.7617191434126219,1.0,1.0
gex_possorted_bam_1WGCZ:GAAGGAACATCATGGCx-M2,1.0,1.0,0.5696363087891758,1.0,1.0,0.8700460085103822,0.2454370684323729,1.0,1.0,1.0,0.0,0.9875482782696603,1.0,0.33372857012492446,1.0,0.09685196130924657,0.0,0.0,0.6190714635825764,0.614579739057974,1.0,0.961390000461721,1.0,1.0,0.7430854112751902,1.0,0.0,0.8615112675865005,0.7340380571386702,1.0,0.07481623100194508,1.0,1.0,1.0,0.0004803638313331313,1.0,0.2126842212190885,1.0,1.0,0.0,1.0,0.1819164191884647,1.0,0.3737855948490427,1.0,1.0,0.8466975329059325,0.0,1.0,1.0,1.0,1.0,0.2624190394216933
gex_possorted_bam_1WGCZ:CTTTGAGCAGCCGCTAx-M2,0.06633664592537718,1.0,1.0,0.9266869153668494,0.04704157969197862,0.2829405617031617,1.0,0.43442635584828243,1.0,0.6036971857708829,0.5951079660206983,1.0,1.0,1.0,0.39295303485252786,1.0,0.8764856601024336,0.7323794425980347,1.0,0.0,0.0,0.0,0.0,0.0,1.0,1.0,1.0,1.0,1.0,1.0,1.0,0.0,0.0,0.5068732958264811,1.0,0.09316624736946216,1.0,0.16274745919691713,0.22391833150747673,1.0,0.136421899263868,1.0,1.0,1.0,0.0,0.606759884537077,1.0,1.0,1.0,0.2619427219806768,1.0,0.922011038601452,0.03785393870795781
gex_possorted_bam_1WGCZ:CTTGTCCAGCGCTCAAx-M2,1.0,1.0,0.7613071908083558,1.0,1.0,1.0,0.3590462772573,1.0,0.8716085449740096,1.0,0.00032463269897049855,0.9604988603780892,1.0,0.20660382492083504,1.0,0.1779908003184524,0.0,0.27867144960559637,1.0,1.0,1.0,1.0,1.0,1.0,0.3923114311247178,1.0,0.0,1.0,1.0,1.0,0.933019919885299,1.0,1.0,1.0,0.0,1.0,0.35812258651984824,1.0,1.0,0.0,1.0,0.3274124803851781,0.9268275533621847,0.5346923355684838,1.0,1.0,0.5291401620594478,0.1666832065502346,1.0,1.0,1.0,1.0,1.0
gex_possorted_bam_1WGCZ:CTTGTCCAGTGGCGGAx-M2,0.1792692243854617,0.9009688566064412,0.9309808647325263,0.7912074718756318,0.0,0.0,1.0,0.6430467551612201,1.0,0.5405626996590025,0.0,1.0,1.0,1.0,0.215805135949871,1.0,0.14542023245025024,0.0,1.0,0.0,0.0,0.0,0.1483666541287101,0.0,1.0,1.0,1.0,1.0,1.0,0.29437962930744105,1.0,0.3418624904426677,0.0,0.8755948965031403,1.0,0.45305301332607134,1.0,0.2718221668618284,0.19910821185674718,1.0,0.6367511123531295,1.0,1.0,0.975671957830725,0.08897081314098144,0.4788799259287505,1.0,1.0,0.7437973719218057,0.4755384557434823,1.0,0.7590467983405909,0.40618128774175927
gex_possorted_bam_1WGCZ:CTTGTTTAGCACGTTGx-M2,1.0,1.0,0.6068202219294981,1.0,1.0,1.0,0.614518052539195,1.0,0.5179748923953837,1.0,0.04222128140538135,0.7883631860118259,1.0,0.5541214966344608,1.0,0.4801361828272616,0.0,0.6553854151316568,1.0,0.8873358657436674,1.0,1.0,1.0,1.0,0.7242803334764842,1.0,0.0,1.0,1.0,1.0,1.0,1.0,1.0,1.0,0.0,1.0,0.22676553876887873,1.0,1.0,0.05091574292785021,1.0,0.041041603971124045,1.0,1.0,1.0,1.0,0.5195824688589353,0.0,1.0,1.0,1.0,1.0,0.9600026264281775
gex_possorted_bam_1WGCZ:CTTGTCCAGATGGAGCx-M2,1.0,0.7374474641225919,0.3221101113352721,1.0,1.0,0.5359474065013584,0.0,1.0,0.4604190273613393,1.0,0.0,0.7246075010747624,0.6619110411088146,0.27332023382757226,1.0,0.0,0.0,0.0,0.8397395288194286,0.49967464918445514,1.0,1.0,1.0,1.0,0.0,1.0,0.0,0.8085816186121526,0.6862971480349493,1.0,0.08856696675732838,1.0,1.0,0.9336090099262714,0.0,0.9614319411633653,0.05195656711826075,1.0,1.0,0.0,1.0,0.2399431931953117,0.7101103325160403,0.0,1.0,1.0,0.5344355081405008,0.0,1.0,1.0,1.0,0.9245963259072566,0.0
gex_possorted_bam_1WGCZ:GAAGGATGTTGGCCGAx-M2,0.061117427107499046,1.0,1.0,0.9005832136936409,0.04710381408062911,0.11166959470176842,1.0,0.6524523437157264,1.0,0.7096360385258138,0.6499815432800558,1.0,1.0,1.0,0.12194973582919523,1.0,0.6577498920865235,0.9134743881932209,1.0,0.0,0.0,0.0,0.0,0.0,1.0,1.0,1.0,1.0,1.0,0.8227559915936064,1.0,0.0,0.0,0.7238856334813955,1.0,0.21447411770775648,1.0,0.08497581931484674,0.09612055958986554,1.0,0.17903812010863313,1.0,1.0,1.0,0.0,0.522784493213649,1.0,1.0,1.0,0.4897227408174011,1.0,0.95667208892187,0.0
gex_possorted_bam_1WGCZ:GAAGTAAGTTACTTGCx-M2,1.0,0.8639516951440919,0.0,0.9823548722016073,0.9202375483595985,1.0,0.23463531712742933,1.0,0.16331858543865382,0.928578304094203,0.2681537909724348,0.4518718015449982,0.5747955313915877,0.4016543589930414,1.0,0.0,0.0,0.7644510218142937,0.9109078297976975,0.48397291064021747,1.0,1.0,1.0,1.0,0.36795476516521475,0.8339592521945812,0.0,0.854126652572485,0.810381220465587,0.9405531172143832,0.7429081716815451,1.0,1.0,1.0,0.0,1.0,0.0669416138452972,1.0,0.9814687960435861,0.0,1.0,0.259422165044937,0.5221144086629375,0.04477079678889913,1.0,1.0,0.09283499540203935,0.13051671506918883,0.8216569478485454,0.8031273469227183,0.9224065059784627,0.9805272023667088,1.0
gex_possorted_bam_1WGCZ:GAACCAGCATGTCAGCx-M2,0.06651247840296022,1.0,1.0,0.9835181287700467,0.0,0.5961422195598044,1.0,0.712096438797511,1.0,0.5817142754405937,0.9878977372800524,1.0,1.0,1.0,0.09718617847917753,1.0,1.0,1.0,1.0,0.0,0.0,0.0,0.0,0.0,1.0,1.0,1.0,1.0,1.0,1.0,1.0,0.005265522757366173,0.0,0.7390380897385755,1.0,0.21138124334456704,1.0,0.1470975785389742,0.10195922176943956,1.0,0.11300088065712904,1.0,1.0,1.0,0.041438908364819435,0.5443191681728055,1.0,1.0,1.0,0.5444787931720981,1.0,0.9896952516220462,0.0
gex_possorted_bam_1WGCZ:GAACCTTAGCATGACTx-M2,1.0,0.7994089262875546,0.0,1.0,0.8873657561738714,1.0,0.7919016732203782,1.0,0.4373857812608357,0.9233688659844935,0.003920595600901455,0.6756733408631458,0.9527644878888402,0.06913107460205263,0.9462083327900158,0.08405855835981754,0.0,0.4216721408167939,1.0,1.0,1.0,1.0,1.0,1.0,0.9724724947426433,0.9507212223148369,0.0,1.0,0.9870909513922648,1.0,0.7050413483575638,1.0,1.0,1.0,0.0,1.0,0.2679503659655688,1.0,1.0,0.04554240016435679,1.0,0.008379589739047387,0.8075178711898113,0.6660410716930643,1.0,1.0,0.3697376905968838,0.0,0.8906209782498847,1.0,0.8722324581403665,1.0,0.8130125737810345
gex_possorted_bam_1WGCZ:GAAGGATGTAAGCTCAx-M2,1.0,0.978578861860828,0.0,1.0,1.0,1.0,0.5588989567420085,1.0,0.10447426393724901,0.9615235155116798,0.9268706105984647,0.5729691525647873,0.6707546076011887,0.28826208593370095,1.0,0.44747487627081683,0.4944343005527076,1.0,1.0,0.603449147167785,1.0,1.0,1.0,1.0,0.8925206495644659,0.9436632797190997,0.0,1.0,1.0,1.0,1.0,1.0,1.0,1.0,0.0,1.0,0.02668924322263271,1.0,1.0,0.1252968543719808,0.4130812473431667,0.39566362813721034,0.7184416893126526,0.344786274743112,1.0,1.0,0.14427764917004823,0.0,1.0,1.0,1.0,1.0,1.0
gex_possorted_bam_1WGCZ:CTTTAGTTCCCTGATCx-M2,0.8004444307018982,1.0,1.0,1.0,1.0,0.4946110241946095,1.0,1.0,1.0,1.0,0.0,0.4595652012550307,1.0,0.7443739675411789,1.0,0.0,0.0,0.0,0.1652885311211683,0.4125369207192628,0.15999606070551586,0.42540250290424564,1.0,0.06993786074357501,1.0,1.0,0.29406034540852244,0.6466911558190417,1.0,0.6259428205122551,0.0,1.0,1.0,1.0,0.19092780783677146,0.9629967667860874,0.0,1.0,1.0,0.1042352166550846,1.0,0.0,1.0,1.0,0.5477194937401513,1.0,1.0,0.0,1.0,1.0,0.7667851299026396,1.0,0.4221026825507045
gex_possorted_bam_1WGCZ:CTTTAGTTCCCTGACTx-M2,1.0,1.0,0.1559278964283921,1.0,1.0,1.0,0.22730173369705317,1.0,0.39414860391802875,1.0,0.19293928462781967,0.8525628779984145,0.9010520774076518,0.33558171650559854,1.0,0.21947356332428636,0.0,0.45557921458435086,1.0,0.6912264506914091,1.0,1.0,1.0,1.0,0.22455711935902659,1.0,0.0,1.0,1.0,1.0,0.8453969569679496,1.0,1.0,1.0,0.0,1.0,0.15728761936580646,1.0,1.0,0.0,1.0,0.38337891679325925,0.8526856879023895,0.5408596282773792,1.0,1.0,0.46225212589339304,0.02156038249249961,1.0,1.0,1.0,1.0,0.6731375168956669
gex_possorted_bam_1WGCZ:CTTGTTTAGGAACCGGx-M2,0.8940499558705212,0.5675620046819926,0.25870661142364043,0.7308660803802577,0.9682139761816029,1.0,0.032639291639656356,0.8025965376128102,0.3587670729198463,1.0,0.20709801900511782,0.541833292410939,0.6339297073857172,0.10264148616098448,0.7984907993641408,0.0,0.06691963055027,0.2702437880048179,0.44295053282478136,0.8513470898968236,1.0,1.0,0.9966429097775564,1.0,0.27074404602007274,0.8268010846304769,0.12122761267760833,0.8375310709319549,0.4923039377975685,1.0,0.4838906911612633,0.7996797425876789,0.9255507982006884,0.7474905371740751,0.10744893449822092,0.9086374491299571,0.19715580051726017,0.8586541593304108,0.7949268149005879,0.0,1.0,0.2684971886549018,0.4841568399769595,0.4508116222376736,1.0,0.8375220294021876,0.09159159347231399,0.0,0.7855101963924078,1.0,0.580762704641856,0.841135630562266,0.9238656145468517
gex_possorted_bam_1WGCZ:GAACCTTAGGAGTCGGx-M2,0.10518725165164011,1.0,1.0,0.9771291221450547,0.0,0.0,1.0,0.9727054972443898,1.0,0.7371999451552372,0.0,1.0,1.0,1.0,0.1551811546700206,1.0,0.018414146948043993,0.0,1.0,0.0,0.0,0.0,0.0,0.0,1.0,1.0,1.0,1.0,1.0,0.5887798835289736,1.0,0.08275832883158175,0.0,0.9288183420058761,1.0,0.3603559181996798,1.0,0.04913398363606665,0.0,1.0,0.3295304794766518,1.0,1.0,1.0,0.12112360403910273,0.4986122670793717,1.0,1.0,0.9862818950145288,0.5995581030005225,1.0,0.8646562297655046,0.0
gex_possorted_bam_1WGCZ:CTTTAGTTCCTAATGAx-M2,1.0,1.0,0.24909980803237036,1.0,0.9965987138923132,1.0,0.451899252009201,1.0,0.8337414278304031,1.0,0.09614714836820061,1.0,1.0,0.5817676569131703,1.0,0.46456040894693,0.0,0.15792514626488682,1.0,0.6257235757575983,1.0,1.0,1.0,1.0,0.43089242791249566,1.0,0.0,0.6954450433329381,0.5702167308457347,1.0,0.7609272401899764,1.0,1.0,1.0,0.0,1.0,0.07682652166558422,1.0,1.0,0.0,1.0,0.41041854348228096,0.6925551492901726,0.03465918079204872,1.0,1.0,0.4319315341857163,0.0,1.0,1.0,1.0,1.0,0.7356722505395442
gex_possorted_bam_1WGCZ:GAACACAAGGAATAACx-M2,0.811228118942157,1.0,1.0,1.0,0.8738518508318678,0.8962037446728321,1.0,1.0,1.0,1.0,0.0,1.0,1.0,1.0,0.8903363913213045,1.0,0.0,0.2510269502340117,1.0,0.0,0.6738949377961873,0.3433730330117347,0.693892101029007,0.5756811274043125,1.0,1.0,0.9046607112696745,1.0,1.0,1.0,1.0,0.7693593563188144,0.7061714760150631,1.0,0.7941889459695942,0.974291109289984,1.0,0.8683828229569478,0.9240466624082749,1.0,1.0,1.0,1.0,1.0,0.9253068353330361,0.9819514867276659,1.0,1.0,1.0,1.0,1.0,1.0,0.7501611202118554
gex_possorted_bam_1WGCZ:CTTTGGGAGCTAATTGx-M2,0.4764123930408948,0.1741688424768217,0.0,0.38988162705971646,0.20302115682494518,0.7347939544106977,0.20092011851302777,0.45049972300545615,0.46429088797082246,0.18699145041558857,0.9345595148535338,0.22008718180548076,0.09614118139761263,0.9280308767922395,0.18729177804673636,0.7257024895348807,0.8927680638027762,1.0,0.884886248624838,0.0,0.5829131592583585,0.4151748417309754,0.4096616659372726,0.4932704473452569,0.5798139863472096,0.36048326288370486,0.5560686424615352,0.1874561718165147,0.08248799063655766,0.4623901414978741,0.0,0.17156234863966027,0.32309304825452073,0.33362810556956396,0.5641231140892544,0.4665562613863816,0.3301989254791885,0.3527902798954881,0.28167447870900675,0.21823790105469146,0.3048834138094724,1.0,0.11232559206172052,0.0,0.35261995124733747,0.3826689830294855,0.0,1.0,0.3107996958001698,0.1942104541758169,0.4305149584909581,0.4292525330099761,0.09798722506066081
gex_possorted_bam_1WGCZ:GAACCAAAGTGAAGTGx-M2,1.0,1.0,0.2724995475036241,1.0,1.0,1.0,0.36539614945073995,1.0,1.0,1.0,0.2497538033108181,0.6034872046569787,1.0,0.04867010663066972,1.0,0.09027359113010976,0.06223590225011017,0.8204435245209857,1.0,0.887159697907031,1.0,1.0,1.0,1.0,0.6699797030324603,1.0,0.0,1.0,1.0,1.0,0.8078820016553099,1.0,1.0,1.0,0.0,1.0,0.07295976670626309,1.0,1.0,0.03261165404765323,1.0,0.35506337571856983,0.8696937167746703,0.5590042449142401,1.0,1.0,0.42043237129079514,0.0,1.0,1.0,1.0,1.0,1.0
gex_possorted_bam_1WGCZ:GAACCGCTCTCAATGAx-M2,1.0,0.809956303701186,1.0,1.0,1.0,1.0,0.0,0.9329889614009256,0.6996323437969673,1.0,0.0,1.0,0.8935849676582495,0.40689037185265436,1.0,0.0,0.0,0.0,0.06657242235890154,0.7789360886713118,0.7012124982053579,1.0,1.0,0.9386391038316321,0.5731189111197942,1.0,0.0,1.0,0.3938102555065321,1.0,0.0,1.0,1.0,1.0,0.0,1.0,0.0,1.0,1.0,0.0,1.0,0.0,1.0,0.9621112042156509,1.0,1.0,1.0,0.0,1.0,1.0,1.0,1.0,1.0
gex_possorted_bam_1WGCZ:GAACACAAGTGAACCTx-M2,0.95068659342966,0.8399628098858758,1.0,1.0,1.0,0.0,0.0,1.0,0.8498126611835892,1.0,0.0,1.0,1.0,0.8403774995489566,1.0,0.06203594898594771,0.0,0.0,0.0,0.0,0.0,0.19956508418147506,1.0,0.5182898838541542,0.5163237057136109,1.0,0.000491136841728415,0.6589687025396493,0.6755275489090347,1.0,0.0,1.0,1.0,1.0,0.0,0.8613738748644316,0.0,1.0,1.0,0.0,1.0,0.0,1.0,0.8205130538258845,0.7565379853821802,1.0,1.0,0.0,1.0,1.0,1.0,1.0,0.0
gex_possorted_bam_1WGCZ:CTTTCTTGTAGTTACGx-M2,0.46671491401570625,0.1940301896652019,0.0,0.35376611644939615,0.536756349754817,0.8211694172219085,0.0,0.3955543127445236,0.03125529218177795,0.46880979945215034,0.6861771660087634,0.0,0.10985577458086496,0.0,0.4152291760265439,0.17245533685786812,0.49584417375408957,0.9078105152701275,0.30134126314015136,0.7347023256777369,0.8539934893686683,0.7851207059001372,0.4711183694368616,0.9914180220342018,0.029566444128306772,0.29005282689893536,0.05569208724615021,0.4356746576830812,0.40918925540386086,0.3865519904001397,0.30079253474335266,0.5364814134471004,0.43105761212441907,0.46528095973332834,0.24765756470182965,0.5180507353116711,0.2297633688970513,0.56681353493178,0.4482905295773074,0.39497998528605477,0.24558348066807373,0.0,0.05756662764757822,0.0,0.33058102567899683,0.4609788731470647,0.0,0.0,0.355780161633556,0.2978990017455418,0.2456769943335441,0.45829381175903533,0.8735460429228964
gex_possorted_bam_1WGCZ:CTTTGGTGTATTACCCx-M2,1.0,1.0,0.0,1.0,1.0,1.0,0.4846886010976588,1.0,0.2931216370645118,1.0,0.5334895989160381,0.5730170616397015,0.8615427806816747,0.509711385023495,1.0,0.44691098600822404,0.22125525658263467,1.0,1.0,0.5538291051412771,1.0,1.0,1.0,1.0,0.7207780120360123,0.8971549994912134,0.0,1.0,1.0,1.0,1.0,0.9277644645926579,1.0,1.0,0.0,1.0,0.15541576113281988,1.0,1.0,0.13538329838639254,0.6792770273955537,0.20205701024296413,0.6091642014124248,0.19883060255329404,1.0,1.0,0.1146483620037188,0.0,1.0,1.0,0.8864596472139844,1.0,1.0
gex_possorted_bam_1WGCZ:GAACTTATCCTGTTCAx-M2,1.0,1.0,1.0,1.0,1.0,1.0,0.08104173158597082,1.0,1.0,1.0,0.0,1.0,1.0,0.44483047222102196,1.0,0.07007047919141084,0.0,0.0,0.44855767299548877,0.8257452124341987,0.8949154200549718,1.0,1.0,1.0,0.8664240373125677,1.0,0.0,1.0,0.8029460339324892,1.0,0.1444126525190243,1.0,1.0,1.0,0.0,1.0,0.03635837988139733,1.0,1.0,0.0,1.0,0.0714799393507782,1.0,0.8379989941073155,1.0,1.0,1.0,0.0,1.0,1.0,1.0,1.0,1.0
gex_possorted_bam_1WGCZ:GAACGAATCGAAGTGAx-M2,0.9533735026395016,0.9276663660262837,0.03854788465432677,0.8637769243014263,1.0,0.8809207893750063,0.21964605755215713,0.8896699159275271,0.1736013649273896,0.6310503255970404,0.0,0.866390350254043,0.9484459386422104,0.3671557264972839,0.7274284379841699,0.039660421622808084,0.0,0.5067903041740297,0.5948631491062001,1.0,1.0,1.0,0.8867836781599435,1.0,0.20993276377770081,0.6623523302872661,0.1294521199604192,0.9904135690918254,1.0,0.6938870557777536,0.4903620378930701,1.0,0.8782325283392773,0.8537298077443336,0.0,0.9545266905736962,0.08940667489082617,0.7716213849269676,0.8418972428706251,0.0,1.0,0.22297468745256432,0.5567451273431752,0.8526410375468796,1.0,0.9209631052025374,0.4122962894384935,0.0,0.7578289980415958,1.0,0.9857393414770051,0.8006944544234793,0.7957005529247073
gex_possorted_bam_1WGCZ:GAAGTCAAGCACAGGGx-M2,1.0,0.6569247599963521,0.0,1.0,0.8621227180059465,0.823766985831421,0.09668129060297771,1.0,0.7490374214250595,0.5480033305105875,0.0,0.7916865757000014,0.5797749102704466,0.44496152287051777,1.0,0.506388338296553,0.0,0.29910960032297634,0.7757084907126067,0.4735489403566064,1.0,1.0,1.0,1.0,0.3518807061440765,0.9912863094528537,0.0,0.9251114175866538,0.5490622538497352,1.0,0.0,0.7134153851323121,1.0,0.8487963507361748,0.0,0.9022044547578054,0.03941997851670589,0.9526853560080178,0.9601454184571147,0.0,1.0,0.187998565128253,0.6443900732243555,0.0,0.9260065610063877,0.9884064994937112,0.12598607189671568,0.21011951872195908,0.8443629734114358,0.7866699022747338,0.9233225934747366,0.8473017883474556,0.1122682606183709
gex_possorted_bam_1WGCZ:CTTGTCCAGATTGAGGx-M2,1.0,1.0,0.5743390155099315,1.0,1.0,1.0,0.3553088597614148,1.0,0.4196834392396318,1.0,0.0,1.0,1.0,0.3419632287670799,1.0,0.2726442640974144,0.0,0.0,0.9980099334233876,0.9772287774325206,1.0,1.0,1.0,1.0,0.23883384827941792,1.0,0.0,1.0,1.0,1.0,0.6652658910792217,1.0,1.0,1.0,0.0,1.0,0.12836157737324694,1.0,1.0,0.0,1.0,0.051924753811209756,0.9544077260510189,0.5562482743819279,1.0,1.0,0.7745392215941194,0.0,1.0,1.0,1.0,1.0,0.30163924814042886
gex_possorted_bam_1WGCZ:CTTGTCCAGGCTTAACx-M2,1.0,1.0,0.3490625274699994,1.0,0.783011425773556,0.5149162942547953,0.5928372896291173,1.0,0.5940628974860329,1.0,0.0,1.0,0.7895369982895526,0.3222819856317253,1.0,0.0,0.0,0.0,0.5621295714073273,0.6302808246890705,1.0,0.8970936087556393,1.0,1.0,0.6196684009883481,1.0,0.0131346474920732,0.8575078064716783,1.0,1.0,0.794258933494506,1.0,1.0,1.0,0.0,1.0,0.39157169399814407,1.0,1.0,0.008610274547272331,1.0,0.43530309281115154,0.4647582567243713,0.0,1.0,1.0,0.55278420887192,0.0,0.9637602271088729,0.9474687826431487,0.8613591536099702,0.9716066136786013,0.7433735134777743
gex_possorted_bam_1WGCZ:GAACGAATCAATTACGx-M2,1.0,1.0,1.0,1.0,1.0,1.0,0.752151314806777,1.0,1.0,1.0,0.06962049213010972,1.0,1.0,1.0,1.0,0.7016119022198929,0.08376461550895718,0.7807222102804365,1.0,0.5452477914123189,1.0,0.9822500630373512,1.0,1.0,1.0,1.0,0.0,1.0,1.0,1.0,0.8727462929695414,1.0,1.0,1.0,0.013229997683751556,1.0,0.901052154797206,1.0,1.0,0.20218253665974922,1.0,0.6925777651796418,1.0,0.9113601889635393,1.0,1.0,1.0,0.3958337941025489,1.0,1.0,1.0,1.0,0.8841678659499834
gex_possorted_bam_1WGCZ:GAAAGCCAGCTATGACx-M2,1.0,1.0,1.0,1.0,1.0,1.0,0.0,1.0,0.8874625478220429,1.0,0.0,1.0,1.0,0.44812468939083816,1.0,0.0,0.0,0.0,0.401050454812936,0.8871096355799467,0.7039085632222801,1.0,1.0,0.8829273131112717,0.7512508882189107,1.0,0.10753602057620362,1.0,0.8467917568209311,1.0,0.0,1.0,1.0,1.0,0.0,1.0,0.0,1.0,1.0,0.0,1.0,0.0,1.0,0.7768791674905697,1.0,1.0,0.9614184661157479,0.0,1.0,1.0,0.9869751273667051,1.0,0.8293703348778231
gex_possorted_bam_1WGCZ:CTTTCTTGTTGGTTCTx-M2,0.8650353888502362,0.7625829925215815,0.1585492031789176,0.8509877831099761,0.7673880718411029,0.9325696672947067,1.0,0.9849146470531523,0.7438041264669731,0.8119930797917693,0.0,0.6084616753323406,0.831270749142638,0.507208901244499,0.8805730129696783,0.548666148317769,0.06379284181108363,0.18917830508711964,0.59246901371117,1.0,1.0,0.9880910403983021,0.8031407266476878,0.9848959916921053,0.7870258126578573,0.6646741700343323,0.12086424128894732,0.7880271438529969,0.8425772997457015,0.7685105427073325,0.8065559253861342,0.7636863735874801,0.860302942559641,0.9661451485615355,0.12374317831579552,0.9281830775102803,0.6337712713430044,0.7596052715355266,0.8637221155157568,0.2845379476570524,0.9731345754902486,0.5464386567061092,0.7440711860207074,0.898556105773478,0.9391787381597799,0.8614456745352824,0.617234087861174,0.3666656865659372,0.7815216902728152,0.7982325286036237,0.7740258115500084,0.7681045921431191,0.9337734002755493
gex_possorted_bam_1WGCZ:CTTTGTCCATAATCGTx-M2,1.0,1.0,0.0,0.9819068973688004,1.0,1.0,0.6499553750876482,1.0,0.7209641383927994,1.0,0.3566438443456264,0.3791888638342703,0.9704746274708848,0.3958787570219417,1.0,0.36529740065945426,0.014513337281081005,1.0,1.0,0.8073851253165885,1.0,1.0,1.0,1.0,0.6972391889583222,0.862651191897454,0.0,1.0,1.0,1.0,1.0,1.0,1.0,1.0,0.0,1.0,0.2062061932453976,1.0,1.0,0.2112259824231068,0.701173121933627,0.5619478307845878,0.5572920754721515,0.5183200870013568,1.0,1.0,0.1308742446374221,0.17790537522042735,1.0,0.9016416084901058,0.9779236926635756,1.0,1.0
gex_possorted_bam_1WGCZ:GAAGGATGTTAGACCAx-M2,1.0,1.0,0.4695406860498306,1.0,1.0,1.0,0.8151339503659168,1.0,0.8496419617097177,1.0,0.0,1.0,1.0,0.535375240636339,1.0,0.3394075758918022,0.0,0.3073145364127715,0.9244993313726999,0.9489723077669326,1.0,1.0,1.0,1.0,1.0,1.0,0.0,1.0,1.0,1.0,0.7171271046849986,1.0,1.0,1.0,0.0,1.0,0.15748879006468014,1.0,1.0,0.11190018370785772,1.0,0.2719715607561276,1.0,1.0,1.0,1.0,0.2577212278558572,0.0,1.0,1.0,1.0,1.0,1.0
gex_possorted_bam_1WGCZ:GAAGTAAGTTTAACGGx-M2,1.0,1.0,0.26237320347071236,1.0,0.8053041366531987,1.0,1.0,1.0,0.49339779937785994,1.0,0.0,0.8444693791115868,1.0,0.7726624970730145,1.0,0.7156374308963366,0.0,0.6284358090786532,0.8369702303246391,0.8089612322012054,1.0,1.0,0.9841338978232715,1.0,1.0,0.9695757322079649,0.0,1.0,1.0,1.0,1.0,1.0,1.0,1.0,0.0,1.0,0.569039212593546,1.0,1.0,0.5294650084979907,0.63332931783942,0.43667503094335436,0.8910612425487007,0.9377074368908417,1.0,1.0,0.26997934268966345,0.0,1.0,1.0,1.0,1.0,1.0
gex_possorted_bam_1WGCZ:GAAACTGAGGAAGTATx-M2,0.04998716171354623,1.0,1.0,0.8801960515571706,0.0,0.0,1.0,0.7042637554195177,1.0,1.0,0.0,1.0,1.0,1.0,0.26116470341389053,1.0,0.5554117971474585,0.2193775019394408,1.0,0.0,0.0,0.0,0.0,0.0,1.0,1.0,1.0,1.0,1.0,1.0,1.0,0.0,0.0,0.8102000637291029,1.0,0.28918886723467585,1.0,0.2418721559186647,0.19977162521848527,1.0,0.2807300624208536,1.0,1.0,1.0,0.109921050042039,0.53979094882888,1.0,1.0,1.0,0.3820049131830606,1.0,0.9749652935990398,0.0
gex_possorted_bam_1WGCZ:CTTTAGGCAACCCTAAx-M2,0.9383797759674708,0.9132902850786955,0.0,0.8000868387602098,0.6711488118902431,1.0,0.8614843427554051,0.9848015516408599,1.0,0.5062699031157294,1.0,0.5219781127699009,0.5804774765957735,1.0,1.0,0.4509573617276421,0.9726481476790619,1.0,1.0,0.0,0.597404926732615,1.0,0.8697654877245455,0.5456937395966068,1.0,0.8758009044596216,0.14087420000686482,0.8331913846028279,1.0,0.10604937762655414,0.7148336782781044,0.8407603323115225,0.7968148008146886,0.7630642109997088,0.2624079681202865,0.9982552832037894,1.0,0.9918565444493509,1.0,0.11405522797312187,0.5404243940763949,1.0,0.15834428760178182,0.1731848176701411,1.0,0.8763515504784326,0.12420284039851992,1.0,0.8102229871425956,0.8508312481092386,1.0,1.0,0.3912458399264576
gex_possorted_bam_1WGCZ:GAAGGCTAGAGCCGGAx-M2,1.0,0.876611327019302,0.03541859653117114,0.9921687713442188,1.0,0.9387393524168234,0.30870599826829725,1.0,1.0,1.0,0.0,1.0,0.9819278201304031,0.3460646542694586,1.0,0.09692020766853884,0.0,0.0,0.7954788217831239,0.5034268222952956,1.0,1.0,1.0,1.0,0.5409526632002979,0.9919643574282505,0.0,0.8680070783357146,0.753547208103306,1.0,0.05249570037536622,0.9610158227673301,1.0,1.0,0.0,1.0,0.23331372788470336,1.0,0.9958449944586576,0.0,1.0,0.14173006855407658,0.578470676661582,0.0,1.0,1.0,0.35616757109260777,0.0,0.9599128171577022,1.0,0.9451518076682076,1.0,0.4026945138164724
gex_possorted_bam_1WGCZ:GAAGTATAGTAGCGGGx-M2,1.0,0.8197390846934359,0.0,0.9798431153595882,0.8975411491570675,0.666054737830066,0.560240271687147,1.0,0.8418146581617716,0.9440047727994441,0.0,0.9756730829242363,0.878588521878916,0.5468429152644266,1.0,0.26853815708381545,0.0,0.0,0.6895540420592813,0.5112854544502812,1.0,0.9660079227478645,1.0,1.0,0.6216345312338158,0.9603208071603961,0.015687315587986257,0.817080188930045,0.8751296169008936,0.9555595331137388,0.2744772994270571,1.0,1.0,0.9682370673471091,0.058619052469328706,0.996902776358594,0.528862369769556,1.0,0.9640175921783967,0.0,1.0,0.44207813216552566,0.6409022733940027,0.22591363895593555,1.0,0.9952101719146373,0.508329739018797,0.16672764519339753,0.8658441032451913,1.0,1.0,0.9018413352535998,0.26841371236935196
gex_possorted_bam_1WGCZ:CTTTGGTGTTTAGCTCx-M2,1.0,0.9792496625065361,0.5029337470220576,1.0,1.0,1.0,0.25162890077797206,1.0,0.5009740024572759,1.0,0.0630771962901395,1.0,1.0,0.3468717034311918,1.0,0.21737427678908372,0.0,0.0,0.959896103281892,0.908119922575752,1.0,1.0,1.0,1.0,0.5754224012964831,1.0,0.0,0.6763851483977887,0.7400516567610281,1.0,0.6497305823032791,1.0,1.0,1.0,0.0,1.0,0.0,1.0,1.0,0.0,1.0,0.29142778772596234,0.7917567572365133,0.0,1.0,1.0,0.77103462995991,0.0,1.0,1.0,1.0,1.0,1.0
gex_possorted_bam_1WGCZ:GAACCTGTCGATCAGTx-M2,1.0,0.7562427501738775,0.0,0.8808953503035157,1.0,1.0,0.13637590817657225,1.0,0.5052271090302403,0.7645395928797201,0.31707353390407805,0.37952715744161913,0.6973243840407164,0.10701894925274666,0.9564910435606219,0.22695767636525424,0.0,0.7306150405760232,0.8842734800511092,0.40075946997339174,1.0,1.0,1.0,1.0,0.6211626737096589,0.8142509121244219,0.0,0.769594650582701,0.5940716891587046,0.9557417063582581,0.1795760923276962,0.8955202013452741,0.9937451222175353,0.9518448651766779,0.0,0.9909987742939523,0.11891444666816282,0.9306894338641778,0.8789353779862857,0.0,1.0,0.2574639959787787,0.5715517737587592,0.0,1.0,0.9378532654359362,0.34305634993943857,0.011446357358315494,0.8165237436583741,1.0,0.5471872550242931,0.9707437231179632,1.0
gex_possorted_bam_1WGCZ:GAACCAGCATTAAACCx-M2,0.08358208469659555,1.0,0.8936543886216285,0.9494262407601028,0.0,0.2797080091312099,1.0,0.7153431186271415,1.0,0.4275240366283451,0.7998716043584435,1.0,1.0,1.0,0.20896497914253845,1.0,1.0,1.0,1.0,0.0,0.0,0.0,0.0,0.0,1.0,1.0,1.0,1.0,1.0,1.0,1.0,0.0,0.0,0.6943061692221799,1.0,0.1855990878910979,1.0,0.1143395965497809,0.19457042697052146,1.0,0.1792894200725413,1.0,1.0,1.0,0.0,0.6352372201488173,1.0,1.0,1.0,0.5870729261817321,1.0,1.0,0.0
gex_possorted_bam_1WGCZ:CTTGTTTAGCAGGTGGx-M2,1.0,1.0,1.0,1.0,1.0,0.8029968019050097,0.14042176867883904,1.0,1.0,1.0,0.0,1.0,1.0,0.34526743832784956,1.0,0.10542466040820724,0.0,0.0,0.08399564173618665,0.3866893613689451,0.5934444898802095,0.8309004157251096,1.0,0.7726654383085289,1.0,1.0,0.0,0.912000380174117,0.7424019138634015,1.0,0.0,1.0,1.0,1.0,0.0,1.0,0.23971401825996722,1.0,1.0,0.0,1.0,0.3775510916262901,1.0,0.5718815543994381,1.0,1.0,1.0,0.0,1.0,1.0,0.9298324051015274,1.0,0.5989208477278577
gex_possorted_bam_1WGCZ:GAAGTAAGTCCTAACTx-M2,1.0,0.9464999206702136,0.05072678706877398,0.7773802527159803,1.0,0.7187302916917109,0.7718146943590682,1.0,0.07144165024744693,0.8367716712771951,0.0,0.5369221899682166,0.6757742564421858,0.17999665223068884,1.0,0.5822010250516089,0.0,0.16945212626033207,0.8330141829373086,0.01393524142451034,1.0,1.0,1.0,0.7281790259435815,0.744362056796086,0.8865077243973258,0.0,0.8107310966315957,1.0,1.0,0.5286869481206193,0.8497525097713574,0.9377363316927494,0.9053696665929728,0.0,1.0,0.452002851058386,1.0,0.9620590424761689,0.19462805342071968,1.0,0.509119995189825,0.17059174533526475,0.0,1.0,0.9349076794728293,0.6956111208572968,0.17527857223357762,0.8506958874799979,0.794678919426211,0.6874772331423468,1.0,0.0
gex_possorted_bam_1WGCZ:GAAGTCAAGCAGCTATx-M2,0.16899984897318343,1.0,1.0,0.8845007388910169,0.14013212305030284,0.0,1.0,0.693379786895773,1.0,0.8755809031468905,0.0,1.0,1.0,1.0,0.2696336649742823,1.0,0.0,0.0,1.0,0.0,0.0,0.0,0.0,0.0,1.0,1.0,1.0,1.0,1.0,0.946733863895077,1.0,0.15312430215470732,0.0,0.7593505403400493,1.0,0.324394263816183,1.0,0.24197296878773036,0.28097916084007263,1.0,0.33873126734163594,1.0,1.0,1.0,0.17662274537142714,0.5781352968060552,1.0,1.0,1.0,0.6355068754854807,1.0,0.9712484464084142,0.0
gex_possorted_bam_1WGCZ:CTTTGTCCAGGCATGAx-M2,1.0,1.0,0.0,1.0,1.0,1.0,0.16271996918351153,1.0,0.7045331250491264,0.7754048327962142,0.03573526091081425,1.0,0.97622794553085,0.18148330777679125,1.0,0.0,0.0,0.4115049196182499,0.9559368550353201,0.8262769974685967,1.0,1.0,1.0,1.0,0.43984165120757573,0.9255603292256644,0.0,0.6209446866278692,1.0,1.0,0.6968453756790356,1.0,1.0,1.0,0.0,1.0,0.0,1.0,1.0,0.0,1.0,0.0,0.6665228228254414,0.0,1.0,1.0,0.6207626555770347,0.0,0.8641140592245949,1.0,0.8046701639002287,1.0,0.0
gex_possorted_bam_1WGCZ:GAAAGGCTCTTGATGAx-M2,0.09053307304033156,1.0,1.0,0.9963718463940207,0.10417029317659172,0.0,1.0,0.8319831270632575,1.0,1.0,0.0,1.0,1.0,1.0,0.21009090984526715,1.0,0.0,0.0,1.0,0.0,0.0,0.0,0.0,0.0,1.0,1.0,1.0,1.0,1.0,0.7403610420177528,1.0,0.24289582119108588,0.0,0.8522800395452602,1.0,0.3189190670740031,1.0,0.06904614413694898,0.0933806383270138,1.0,0.1911752268447269,1.0,1.0,0.9689378454540518,0.09406306198855365,0.559704924884289,1.0,1.0,1.0,0.6519453977323942,1.0,1.0,0.2578962560260234
gex_possorted_bam_1WGCZ:GAAAGCCAGTGGACAAx-M2,1.0,0.7675266722502626,0.7139061024350758,1.0,1.0,0.4103595477077159,0.19162080619806457,1.0,0.8137147515387539,1.0,0.0,1.0,0.7954058250720903,0.5442552043491392,1.0,0.47966697337732683,0.0,0.0,0.27490011277802945,0.7103367943639671,0.7439704000300804,0.839207418407584,1.0,1.0,0.42604879772237714,1.0,0.03335721983687621,0.8356815328278692,0.7858073710777999,1.0,0.0,1.0,1.0,1.0,0.0,1.0,0.038008468924962666,1.0,1.0,0.0,1.0,0.014619207286094841,1.0,0.39831082486875485,1.0,1.0,0.8631140140914519,0.0,1.0,1.0,0.9330372817201811,0.9776831607052493,0.0
gex_possorted_bam_1WGCZ:CTTGTCCAGCGCCTAAx-M2,1.0,0.9867344207977772,0.4388331847928536,1.0,1.0,0.7915711546725694,0.01733483800713613,1.0,0.4346675560263505,1.0,0.0,0.7991519174779169,0.9773488236722194,0.343514879068499,1.0,0.053747946684644485,0.0,0.0,0.4226963027598131,0.6202525876041417,1.0,1.0,1.0,1.0,0.35469825388110254,1.0,0.0,0.9668767919482656,0.709174261853779,1.0,0.0,1.0,1.0,1.0,0.0,1.0,0.0,1.0,1.0,0.0,1.0,0.1487704342682651,0.9496091012506979,0.4038803585313759,1.0,1.0,0.9211762257741796,0.0,1.0,1.0,1.0,1.0,0.22565487483938818
gex_possorted_bam_1WGCZ:GAACCAGCATTGTGTGx-M2,0.0,0.5672483122497525,1.0,0.3202717645241656,0.0,0.0,1.0,0.05755059414357636,1.0,0.2792402175130643,1.0,1.0,1.0,1.0,0.0,1.0,1.0,0.24318094007767513,1.0,0.0,0.0,0.0,0.0,0.0,1.0,0.4579671029550356,1.0,0.9654713734202083,1.0,0.47116776045986825,1.0,0.0,0.0,0.18138899802724284,1.0,0.0,1.0,0.0,0.0,1.0,0.0,1.0,1.0,1.0,0.0,0.18728139135142538,1.0,1.0,0.5492912642733566,0.07783329390849592,0.9939451643987336,0.3792060587572416,0.0
gex_possorted_bam_1WGCZ:GAAAGGCTCCTCATGCx-M2,0.032932155549731376,1.0,1.0,0.8564880367110359,0.0,0.6190709402746845,1.0,0.574319276697784,1.0,0.4771970005355703,1.0,1.0,1.0,1.0,0.10226188057369574,1.0,1.0,1.0,1.0,0.0,0.0,0.0,0.0,0.0,1.0,1.0,1.0,1.0,1.0,1.0,1.0,0.0,0.0,0.658462872211903,1.0,0.14763480102255802,1.0,0.060278507015873804,0.05712557160533443,1.0,0.06758796641038765,1.0,1.0,1.0,0.0,0.5059432096552685,1.0,1.0,1.0,0.49043759271300574,1.0,0.9169172642580731,0.0
gex_possorted_bam_1WGCZ:GACACCGGTGGTGAGAx-M2,0.0,1.0,1.0,0.5928408517472479,0.0,0.7380699078400159,1.0,0.21386878643390794,1.0,0.35845715379523235,1.0,1.0,1.0,1.0,0.0,1.0,1.0,1.0,1.0,0.0,0.0,0.0,0.0,0.0,1.0,0.8051039035001036,1.0,1.0,1.0,0.8753499211961341,1.0,0.0,0.0,0.40273318310781825,1.0,0.0,1.0,0.06645195358785742,0.016770773688925416,1.0,0.11437811315757947,1.0,1.0,1.0,0.0,0.3703830644703744,1.0,1.0,0.8247635567452881,0.19448780528774096,1.0,0.6344880069192491,0.0
gex_possorted_bam_1WGCZ:GAACTTATCTTTGAGAx-M2,1.0,0.9486048504477127,0.0,0.9474779917030242,0.6134995621166413,0.9105328895492045,1.0,1.0,0.6497948939134266,1.0,0.0,1.0,1.0,0.393236043742291,1.0,0.6749960569942351,0.0,0.0,0.6460122382100166,1.0,1.0,0.9414122318415622,0.9497001275465963,1.0,1.0,0.8806664676737131,0.021432910893878502,0.9027303044413674,1.0,0.9522612287457958,0.7381666696253126,0.9653468870285739,1.0,1.0,0.07139689347628787,1.0,0.8392007278676314,1.0,0.9979612082603312,0.3087166926749532,1.0,0.452511520350399,0.8004398640421186,0.6735836267496934,1.0,0.9999811514509036,0.7582029149334871,0.06703371743125161,0.8991911161198403,1.0,0.8255375502575986,0.9120280566484193,0.4126712722438211
gex_possorted_bam_1WGCZ:CTTGTTCCATAGGCGAx-M2,0.370003279577416,0.75825832718865,1.0,0.7171340931984432,0.8703533886478376,0.08460111535578262,1.0,0.9090824548714004,1.0,1.0,0.0,0.255599629709658,1.0,1.0,0.6635501948237459,1.0,0.29142283958121534,0.0,0.7988528680396366,0.0,0.17711770428711648,0.0,0.39507621755091377,0.20811818572623736,1.0,1.0,1.0,0.9725177979770891,1.0,0.23928652822098087,1.0,0.30565916597113313,0.3591418066867375,0.6663500133851971,1.0,0.3973436401980253,1.0,0.48942610606636383,0.6043311695684703,1.0,1.0,1.0,0.926366993766744,1.0,0.4388423685763912,0.5888365043104268,1.0,1.0,1.0,0.617009655992692,1.0,0.69738537090541,1.0
gex_possorted_bam_1WGCZ:GAACCAAAGAGAAGGGx-M2,0.0697220803490894,1.0,1.0,0.9704626473888329,0.0,0.0,1.0,0.890049426594254,1.0,0.8142894586141314,0.0,1.0,1.0,1.0,0.03153157899104178,1.0,0.0,0.0,1.0,0.0,0.0,0.0,0.0,0.0,1.0,1.0,1.0,1.0,1.0,0.7795321205535012,1.0,0.0,0.0,0.8091108524063547,1.0,0.23454394232153716,1.0,0.04415592133467601,0.010062565215340815,1.0,0.017863614368850686,1.0,1.0,0.902804220104366,0.033698118437686296,0.49102657238796465,1.0,1.0,1.0,0.496772659657664,1.0,0.9994745317374708,0.0
gex_possorted_bam_1WGCZ:GAACCGCTCCAAGTTAx-M2,1.0,1.0,0.0,0.9893430905472863,0.937991656953252,1.0,0.7324087055740942,1.0,0.3804267859609198,0.7907913243201296,0.0,1.0,1.0,0.4921419673949752,1.0,0.2962275548732004,0.0,0.3204257799322384,0.7767730517028869,0.6956693126323045,1.0,1.0,0.9651683551100844,1.0,0.5111914739741882,0.9270278824229286,0.0,0.9491536754289388,1.0,0.6795605581426919,0.5494943342733595,1.0,1.0,1.0,0.0,1.0,0.3952212572103877,1.0,1.0,0.0,1.0,0.05674410035649955,0.6074020839023003,0.10430493828717519,1.0,1.0,0.5370146011865496,0.0,0.869543260645052,0.8536772127177327,1.0,0.9709452188437369,0.9501674210788968
gex_possorted_bam_1WGCZ:GAGCTTGTCGCTTCTAx-M2,0.6647882829876626,0.28853912131056897,0.0,0.5294672809519503,0.8269654606414961,1.0,0.0,0.5948675588067781,0.14089250824045949,0.42583417190930883,0.750201115384086,0.0,0.37120673832480316,0.4057483742090317,0.5057270191551988,0.11637083952818623,0.48538101239752646,1.0,0.42635909824852214,0.733093149166489,1.0,1.0,0.6448154592191854,0.9928381124957473,0.413095755860365,0.40043222711019544,0.20303835805779977,0.534235931915898,0.1860853466867791,0.40521764354943324,0.0,0.8906723814200667,0.6624949608352566,0.34413981779375097,0.21884130495505016,0.6369075912036567,0.06090949189304051,0.5352128341177929,0.565675719958768,0.3811233781567559,0.283667114573698,0.21520859498925354,0.3671880551259792,0.09247448084341466,0.4824703624027531,0.5420423561521065,0.45956846067666035,0.4151956518521889,0.4461407311144054,0.7585117429742592,0.5266807951674017,0.5634190793516265,1.0
gex_possorted_bam_1WGCZ:GACTATTCAACTAGCCx-M2,1.0,0.7229005891466604,0.0,0.9176797919805351,0.9499179246013014,0.711532944933824,0.2722342344919331,1.0,0.5415855024731183,0.8313339550032841,0.0,0.39700897704987,0.7274826268261202,0.2928504061602288,1.0,0.11162807409950506,0.0,0.0,0.5732054449153986,0.4875616180428041,1.0,0.9185533512853848,1.0,1.0,0.4661163070946258,0.9656930031635546,0.0,0.7632257202965427,0.7673767319100925,0.8428541636929977,0.13536791233744308,1.0,1.0,0.8379954482510489,0.02245685649317015,0.9264843737039976,0.35616509854646233,0.9148705286557,0.8875469486771926,0.05028636591325974,1.0,0.38111167415897995,0.6643546908241486,0.2459927506290666,0.8974174685895655,0.9699367182046921,0.4387260108923199,0.11985524786117971,0.8106054842654007,1.0,0.9701484603509735,0.7581829676754779,0.45663077854970263
gex_possorted_bam_1WGCZ:GACATTATCTTGGACGx-M2,1.0,1.0,0.005702322800450427,1.0,1.0,1.0,0.6862096501478812,1.0,0.6676200547202361,1.0,0.24700538356170568,0.7040943295818053,1.0,0.38850553090821305,1.0,0.3552008824207447,0.0,0.9346899707317996,1.0,0.7830401989240271,1.0,1.0,1.0,1.0,0.8701536277517945,0.9671686805829847,0.0,1.0,1.0,1.0,1.0,1.0,1.0,1.0,0.0,1.0,0.2227744036520746,1.0,1.0,0.07845589421691067,0.8703916161542418,0.2914475977825541,0.8487287466613153,0.8362895927996828,1.0,1.0,0.14429481501941221,0.0,1.0,1.0,1.0,1.0,1.0
gex_possorted_bam_1WGCZ:GAGAGGCGTTTAACGGx-M2,1.0,1.0,0.37325510750267227,1.0,1.0,1.0,0.6926590750931352,1.0,0.9526413237075803,1.0,0.0,1.0,1.0,0.4721188076325352,1.0,0.4199282127846895,0.0,0.12951896161064314,0.828269790981512,0.786262452466587,1.0,1.0,1.0,1.0,0.6061456071325697,1.0,0.0,1.0,1.0,1.0,1.0,1.0,1.0,1.0,0.0,1.0,0.0832015571865367,1.0,1.0,0.02473595824876043,1.0,0.14559312130269034,1.0,0.6832621456864231,1.0,1.0,0.5477864749460062,0.0,1.0,1.0,1.0,1.0,0.6624492710854004
gex_possorted_bam_1WGCZ:GACTTAGGTGCTCACCx-M2,0.9666390754410927,0.7829311115977236,0.0,0.8858246846528287,0.8749261369980967,1.0,0.0,0.7510394936603402,0.29874930500698993,0.9456131069757271,1.0,1.0,0.82337669918833,0.18825704349025538,0.8020191777216943,0.5701209580493988,0.8951076042217531,1.0,1.0,0.7923663084798432,1.0,1.0,0.9013901591410337,1.0,0.5537371109389213,0.8076172388354053,0.0,1.0,1.0,1.0,0.8847832500837246,0.6229698027893034,0.8605282768282644,0.704998820858922,0.0,1.0,0.0,0.9450319827274779,0.8491904346441274,0.04932442855331942,0.46522452329064357,0.039387647672163906,0.4059085269595347,0.34284784351744135,1.0,0.8350030762634991,0.0,0.19892321242311958,0.7525840480868854,1.0,0.5968249309230028,0.9925266081404585,1.0
gex_possorted_bam_1WGCZ:GAGAAACGTACCGAACx-M2,1.0,1.0,0.9934523480588178,1.0,1.0,1.0,0.6596503230665284,1.0,1.0,1.0,0.0,0.33936037082190834,1.0,0.44057061868649966,0.6550250348809779,0.0,0.0,0.0,0.6905254188514457,0.9904218625799346,1.0,1.0,1.0,0.8210168920621881,0.7948438071555756,1.0,0.408299397171449,1.0,1.0,0.4072487023652472,0.0,0.8627611362071029,1.0,1.0,0.0,1.0,0.3601477101499365,1.0,1.0,0.0,1.0,1.0,0.38740585911789244,0.42528124467143863,0.9028427181597453,1.0,1.0,0.12174996194522733,1.0,1.0,1.0,0.8430031167647161,0.8496022604352891
gex_possorted_bam_1WGCZ:GAGCTTGTCCGTTATTx-M2,1.0,1.0,0.5053596273547918,1.0,1.0,1.0,0.9152203770238946,1.0,1.0,1.0,0.0,1.0,1.0,0.7974974086922664,1.0,0.3599782114634743,0.0,0.16020134409027753,0.9562996812956713,0.9036011700814346,1.0,1.0,1.0,1.0,0.9337198890526509,1.0,0.0,1.0,1.0,1.0,1.0,1.0,1.0,1.0,0.0,1.0,0.4317448275154067,1.0,1.0,0.16363913639398842,1.0,0.5320672035259261,1.0,0.9205658098698974,1.0,1.0,0.5386222011765001,0.0,1.0,1.0,1.0,1.0,0.9037792003044414
gex_possorted_bam_1WGCZ:GACCGAACATAATTGCx-M2,0.06245891615477651,1.0,1.0,0.9104932041145886,0.0,0.0,1.0,0.8794852929538507,1.0,1.0,0.0,1.0,1.0,1.0,0.10992577612398542,1.0,0.0,0.0,1.0,0.0,0.0,0.0,0.0,0.0,1.0,1.0,1.0,1.0,1.0,0.9052063998255026,1.0,0.0,0.0,0.8775872408929181,1.0,0.3433007577342252,1.0,0.19673200736941632,0.21255535562796088,1.0,0.21715233617601695,1.0,1.0,1.0,0.18974106459272275,0.5228329863645569,1.0,1.0,1.0,0.46480785740220504,1.0,1.0,0.0
gex_possorted_bam_1WGCZ:GAGCAAATCCCTTGCGx-M2,1.0,1.0,0.3600655571816888,1.0,1.0,1.0,0.10789455302919779,0.9838357027215053,0.0,1.0,0.9898636443593458,0.7813976760196663,0.9885487124805458,0.7026293836954036,1.0,0.3855124169108558,0.55869983296425,1.0,1.0,0.6995410875594597,1.0,1.0,1.0,1.0,0.2094551376562468,1.0,0.0,1.0,1.0,1.0,1.0,1.0,1.0,1.0,0.0,1.0,0.0,1.0,1.0,0.0,1.0,0.37621651746193674,0.6922376808596363,0.3787815593380127,1.0,1.0,0.20216453262808834,0.0,1.0,1.0,1.0,1.0,0.8666355586124058
gex_possorted_bam_1WGCZ:GACCTGATCCTACCTAx-M2,1.0,1.0,0.07331788292202271,1.0,1.0,1.0,1.0,1.0,1.0,1.0,0.0,1.0,1.0,0.6758085683809782,1.0,0.4736903204840218,0.0,0.0,0.8667068379167422,0.937343110701065,1.0,1.0,1.0,1.0,1.0,1.0,0.01936710318482201,1.0,1.0,1.0,1.0,1.0,1.0,1.0,0.007084001829527685,1.0,1.0,1.0,1.0,0.15341331052448667,1.0,0.7075836079082077,1.0,0.9571142066061034,1.0,1.0,0.8174617910332859,0.48173690772292915,1.0,1.0,1.0,1.0,0.8095355133113971
gex_possorted_bam_1WGCZ:GACCTGATCGTTAGCGx-M2,0.9033066565719939,1.0,0.2612429211716087,0.9240303234256702,0.4348538161169824,1.0,1.0,1.0,1.0,1.0,0.0,1.0,1.0,1.0,1.0,1.0,0.0,0.7640695083989659,1.0,0.4275440868721642,1.0,0.99784508983963,0.8009780521599973,1.0,1.0,0.8233666041344828,0.0,1.0,1.0,0.9452297962396776,1.0,0.7038526943441937,0.8659889642960561,1.0,0.06351515499383137,1.0,1.0,0.869426433519691,0.9008323660491016,0.7269189303381938,0.3764715959927553,0.7177336939411741,1.0,1.0,1.0,1.0,0.5370444139602685,0.48559110997237337,1.0,0.9373256321231075,1.0,1.0,1.0
gex_possorted_bam_1WGCZ:GAGCGGTCAAAGGCCAx-M2,0.8697917875971626,1.0,1.0,1.0,1.0,1.0,0.9909259389443507,1.0,0.8064385418588728,1.0,0.0,1.0,0.9522488997528864,1.0,1.0,0.9562628941434058,0.0,0.0,0.262281448445545,0.9924952433757734,0.8477622740617147,0.9147693174229916,1.0,1.0,1.0,1.0,0.0,1.0,0.8954151360414064,1.0,1.0,1.0,0.9636665713756883,1.0,0.0,1.0,0.7901119994071178,1.0,1.0,0.9068836969354044,1.0,0.15750162499784834,1.0,1.0,1.0,1.0,1.0,0.0,1.0,1.0,1.0,1.0,1.0
gex_possorted_bam_1WGCZ:GACGCCTAGGAAACTGx-M2,1.0,0.9922618851827583,0.41204033507091575,1.0,1.0,0.9931687209732837,0.21594373153701216,1.0,0.4273300494250818,1.0,0.0,0.682777095804669,0.9783579697036667,0.3307455761406012,1.0,0.3280139154190694,0.0,0.0,0.7158235451780963,0.8740389928449812,1.0,1.0,1.0,1.0,0.4163841310148876,1.0,0.0,1.0,1.0,1.0,0.3263315737901743,1.0,1.0,1.0,0.0,1.0,0.26660396654509705,1.0,1.0,0.0,1.0,0.24420895871473244,1.0,0.4838922748540537,1.0,1.0,0.8417881576117096,0.0,1.0,1.0,1.0,1.0,0.7571016304247928
gex_possorted_bam_1WGCZ:GAGCGAAGTGCATTAGx-M2,1.0,1.0,0.0,1.0,1.0,1.0,0.49871186997342415,1.0,0.8665550436070963,1.0,0.05917661584671538,0.4722638576941935,0.6910667052165137,0.36496217561240324,1.0,0.2640693837995089,0.0,0.3613081230902447,0.9524490849562308,0.27898432627575465,1.0,1.0,1.0,1.0,0.5611374246554324,0.9179563130044373,0.0,0.8885091494309093,0.8396908383493582,0.8105178365889115,0.2045638988770244,0.7871568426608359,1.0,1.0,0.020854306890091247,1.0,0.15355108474902826,1.0,0.9863840778708505,0.0,1.0,0.0,0.7737958597198596,0.0,1.0,1.0,0.0,0.0,0.8463326870034585,1.0,1.0,1.0,0.7826429128551681
gex_possorted_bam_1WGCZ:GAGGCCTTCCCTCGCAx-M2,1.0,1.0,0.0,0.9678569904847507,1.0,1.0,0.48295803252345565,0.9657724444746189,0.6794622825180413,1.0,0.4590135047478871,0.6487971514223099,1.0,0.3704767816374929,1.0,0.3452799003617318,0.18534765275492285,1.0,1.0,0.786658524840927,1.0,1.0,0.969033489481225,1.0,0.7389347338353998,0.8065222195833691,0.0,1.0,1.0,1.0,0.7398101457045326,1.0,1.0,1.0,0.0,1.0,0.13539813223431646,1.0,1.0,0.0,0.6876035795227248,0.2513352597207101,0.8353408929358573,0.11183457933658482,1.0,1.0,0.18409784011276625,0.0,0.8968990190212709,1.0,0.9599544404473211,1.0,1.0
gex_possorted_bam_1WGCZ:GAGGACTAGTAACGAGx-M2,0.7977597620659956,1.0,1.0,1.0,1.0,0.2823617205863495,1.0,1.0,1.0,1.0,0.0,0.5273650022825019,1.0,0.8914176598286053,1.0,0.0,0.0,0.0,0.18017154673819316,0.2387534296010561,0.09525698095145363,0.2641126459492663,1.0,0.06294630905293716,1.0,1.0,0.49234326655755645,0.42201104122004734,1.0,0.41614919685363605,0.0,1.0,1.0,1.0,0.23511415946112463,0.8608336037545351,0.0,1.0,1.0,0.00885730881425479,1.0,0.0,0.7428458528987848,1.0,0.3566142978194424,1.0,1.0,0.0,1.0,1.0,0.7401918392889817,0.9057503147294296,0.0
gex_possorted_bam_1WGCZ:GAGCAAATCATCCTCAx-M2,1.0,1.0,0.0,1.0,1.0,1.0,0.6629903390597601,1.0,0.0,1.0,1.0,0.48238348102883816,0.9782288476099127,0.5163069289935049,1.0,0.5756422437168418,0.5625202868180109,1.0,1.0,0.7560935832517208,1.0,1.0,1.0,1.0,0.8795529801878785,0.8727605569304977,0.0,1.0,1.0,1.0,1.0,1.0,1.0,1.0,0.0,1.0,0.1277818995453826,1.0,1.0,0.0,0.47448017788307206,0.015078231977028343,0.6236824662040938,0.09964388566143606,1.0,1.0,0.03682657447930255,0.0,0.9764092031185512,1.0,0.8638633385569502,1.0,1.0
gex_possorted_bam_1WGCZ:GAGGCCTTCCAGGTTGx-M2,1.0,0.9746747214160152,0.0,0.8788040062307879,1.0,1.0,0.17235470540204723,0.8759829919391321,0.2584085076206455,0.971197872551958,0.3782238089224722,0.3516045204375034,0.8906156205999651,0.2873113055130673,0.996937520078048,0.22870099123266435,0.03474159528207752,0.8707400618124426,0.8713477105385347,0.6646582702592397,1.0,1.0,1.0,1.0,0.47452012325000953,0.7863368519405106,0.0,0.9393872114084976,0.9144969319663975,1.0,0.5957696500298847,1.0,1.0,0.8141270708560453,0.013956031125982767,1.0,0.1821177975175895,1.0,1.0,0.0,0.9789308095891328,0.15713504723767624,0.586412801473624,0.2032174520637412,1.0,0.9567721776172694,0.12929052822763804,0.0,0.8063937220848115,1.0,0.7010537001716034,1.0,1.0
gex_possorted_bam_1WGCZ:GACCTCAAGCAGCTCAx-M2,1.0,1.0,0.2806682323285639,1.0,1.0,1.0,0.3866694021500086,1.0,0.6115536807748886,1.0,0.2787160904400817,0.5967302716248161,0.9042355788964564,0.4683318683176511,1.0,0.3063669420604021,0.09801834237344842,0.9568421345478638,0.9888179568838008,0.4838347135184664,1.0,1.0,1.0,1.0,0.8872866501543913,1.0,0.0,0.9461614287471245,0.7570329837566501,1.0,0.5914633790307,1.0,1.0,1.0,0.0,1.0,0.08913834206376843,1.0,1.0,0.0,1.0,0.09263763007010309,0.828548559082542,0.18133678472745915,1.0,1.0,0.45438821070574226,0.0,0.9839855502564386,1.0,0.8737503404837034,1.0,1.0
gex_possorted_bam_1WGCZ:GACCTAAGTGGATTGCx-M2,0.7680515877703059,1.0,1.0,1.0,1.0,0.41677754237345177,1.0,1.0,1.0,1.0,0.0,0.1558070163145102,1.0,0.8889098084555308,0.8998006645463458,0.0,0.0,0.0,0.4340615787366604,0.33194155151645155,0.10825965532803611,0.3753853542564348,1.0,0.0,1.0,1.0,0.6308965734132791,0.4642766668788623,1.0,0.35267101856714445,0.0,1.0,1.0,1.0,0.22195512081827476,0.8964535081917501,0.0,1.0,1.0,0.09414722017490597,1.0,0.0,0.8006987738197913,1.0,0.3168486065667074,1.0,1.0,0.0,1.0,1.0,0.777960180692436,0.9929623779013617,0.21199523219152305
gex_possorted_bam_1WGCZ:GACTATTCATGTCAGCx-M2,1.0,1.0,0.0,1.0,1.0,1.0,0.2978032919506864,1.0,0.7066195822760221,1.0,0.2287007465349218,1.0,1.0,0.372209930898487,1.0,0.11103998930707827,0.07064935799738611,0.6587179630726832,1.0,1.0,1.0,1.0,1.0,1.0,0.7465193748376903,1.0,0.0,1.0,1.0,1.0,0.8830256040646544,1.0,1.0,1.0,0.0,1.0,0.20020027320448888,1.0,1.0,0.016470009519542684,1.0,0.3366750942254796,0.882481665718469,0.6463823238689357,1.0,1.0,0.7042384417028771,0.0,1.0,1.0,1.0,1.0,1.0
gex_possorted_bam_1WGCZ:GAGAACCAGGGTGAGTx-M2,1.0,0.8528440370318005,0.0,1.0,1.0,1.0,0.46741778154238,1.0,0.0,0.8732390672903809,0.19715686647120245,0.4672429708977608,0.8169834941307047,0.36018528216721823,1.0,0.6720718745750134,0.0,0.8204815540766012,1.0,0.7397509553433775,1.0,1.0,1.0,1.0,0.6490526055137069,0.8804397566314304,0.0,0.8468653502201641,1.0,1.0,1.0,1.0,1.0,1.0,0.0,1.0,0.21296273490929038,1.0,1.0,0.029287492169510595,1.0,0.21227964143687528,0.5429965863822949,0.36493855718114876,0.9859387450031568,1.0,0.5506719753703666,0.039334133103755865,0.9962362389307464,0.8049606272108031,0.9930899920449188,1.0,0.6964300878564003
gex_possorted_bam_1WGCZ:GAGCCACTCATTGCAAx-M2,1.0,1.0,0.0,1.0,1.0,1.0,0.4533143313133449,0.9171624105522733,0.0,1.0,1.0,0.6273458953361146,1.0,0.5212703706506846,1.0,0.65161759757782,0.995027644435886,1.0,1.0,0.7814053722536619,1.0,1.0,1.0,1.0,0.7684543973865774,0.9212387151431307,0.0,1.0,1.0,1.0,1.0,1.0,1.0,1.0,0.0,1.0,0.0,1.0,1.0,0.0,0.5306932537266464,0.22947738438541454,0.516201105906884,0.3028425091026512,1.0,1.0,0.0,0.10130601995254128,0.9981596207148464,1.0,0.9984457815247478,1.0,1.0
gex_possorted_bam_1WGCZ:GAGGCAAGTGGTTATGx-M2,1.0,0.8816261473491503,0.915637006170788,1.0,1.0,0.707919561970099,0.2999183596739425,1.0,0.5380875450504258,1.0,0.0,1.0,0.7911021627055591,0.741869149256686,1.0,0.3150476943993979,0.0,0.0,0.6867045522419494,0.2243206235069922,0.9985348189441962,0.912210498632359,1.0,1.0,0.20978010197065655,1.0,0.0,1.0,0.9338729164750829,1.0,0.5619790501261558,1.0,1.0,1.0,0.0,1.0,0.4030575228175089,1.0,1.0,0.0,1.0,0.34127997856551884,0.8457573175931575,1.0,1.0,1.0,0.2729910697307251,0.0,1.0,1.0,1.0,1.0,0.0
gex_possorted_bam_1WGCZ:GAGGAGGCAATTGAAGx-M2,1.0,0.8735548275185175,0.4109751645983074,1.0,1.0,0.40508772995398173,0.0,1.0,0.9531731367615782,1.0,0.0,0.9190686039544923,0.6776776597032277,0.3272345329299186,1.0,0.010672958784461952,0.0,0.0,0.7197796485571337,0.5371278837687754,1.0,0.9442201198808677,1.0,1.0,0.15244086290032408,1.0,0.0,0.6800577064795327,0.4982520539867332,1.0,0.0,1.0,1.0,0.8218006148960989,0.0,0.9671419219965792,0.0,1.0,1.0,0.0,1.0,0.12014462735352999,0.8649561109651299,0.17358794131950545,1.0,1.0,0.6574777687996409,0.0,0.9968739419013763,1.0,1.0,0.8668949193535262,0.0
gex_possorted_bam_1WGCZ:GAGAACCAGTAGCCATx-M2,0.7837289725988056,1.0,1.0,1.0,1.0,0.3304673817781858,1.0,1.0,1.0,1.0,0.0,0.20819807321810382,1.0,0.7912004868837592,0.8569363109498414,0.0,0.0,0.0,0.326320913304247,0.46147270129443,0.2204242847902378,0.34945178283729333,1.0,0.10888850174539431,1.0,1.0,0.5344564831980524,0.46725575571168604,1.0,0.32089435482957684,0.0,1.0,0.9992553238074775,1.0,0.232709065066136,0.8643154976672232,0.0,0.9979396896568744,1.0,0.0953833155965845,1.0,0.0,0.6948793789642442,1.0,0.39896173984947936,1.0,1.0,0.0,1.0,1.0,0.6775658979206961,0.8533299889346444,0.2513458219139645
gex_possorted_bam_1WGCZ:GAGCCACTCGGTACGCx-M2,1.0,0.8180844605653628,0.0,0.9363225526208773,1.0,1.0,0.24637127714212814,0.8738688522997595,0.5154051776312482,0.9800631500761096,0.4301992907545002,0.6692711668727132,1.0,0.19784094019584345,0.9539354681163561,0.0,0.2485209084101227,0.8722577997790805,0.8748409864687969,0.9069002384310838,1.0,1.0,0.9569196011059936,1.0,0.599596704040239,0.8199498474258291,0.0,0.5974274666025495,0.682813624135349,1.0,0.4125382958042019,1.0,1.0,0.9519210168742854,0.0,1.0,0.07582761325615217,1.0,0.9732898976583849,0.0,1.0,0.10913078616787385,0.5705238856914215,0.0007887100769245988,1.0,0.9519569871126824,0.20288386057016414,0.11385964126367716,0.8154200447362115,1.0,1.0,1.0,1.0
gex_possorted_bam_1WGCZ:GAGCTTGTCTACTAAGx-M2,0.0,0.7695424378835093,1.0,0.46881415242143365,0.0,0.0,1.0,0.36178154880950947,1.0,0.4961377288029666,0.18515495868299203,1.0,1.0,1.0,0.047044978383869736,1.0,0.43752766307538726,0.0,1.0,0.0,0.0,0.0,0.0,0.0,1.0,0.6298264009716067,1.0,1.0,0.9673060692694084,0.3506266915341711,1.0,0.0,0.0,0.3256026736581745,1.0,0.0,1.0,0.0,0.0,1.0,0.27960943539333305,1.0,1.0,1.0,0.05726625745835842,0.22646429818674654,1.0,1.0,0.5985230647761913,0.24181886039609302,1.0,0.4726325615498433,0.0
gex_possorted_bam_1WGCZ:GACGCCTAGTCAATTGx-M2,0.741220027307549,0.5711139692864365,0.0,0.6450262355183698,0.7556693907967401,1.0,0.5431377156654857,0.7346656394384101,0.11811985840941408,0.7399277507412396,0.34945331933886953,0.5364144997772837,0.4726670473594685,0.0853675603343239,0.8526369355475396,0.2116111632724753,0.29984864883914203,0.44676262109326015,0.32907974134985646,0.9791922653152477,1.0,0.9649025659070366,0.8269933831791585,0.992079950481845,0.2528873187496514,0.47976405071388134,0.12002536884668302,0.6307349697287913,0.369708474554156,0.7344232781289537,0.6069720750218122,0.4900027484386238,0.7489592937253762,0.6419561073531149,0.1644684274119742,0.7374850716243655,0.08455466492768508,0.6269887364770742,0.7321607268109345,0.13920872188988678,1.0,0.47657826285228555,0.3643291555185734,0.5388400684172739,0.7380954796741123,0.7061181229225366,0.427600114235998,0.0,0.6303898814249453,0.7265738097678762,0.375954938490598,0.6494088813590058,0.8667133973351447
gex_possorted_bam_1WGCZ:GAGCGATAGTCACTAAx-M2,1.0,1.0,0.0,1.0,1.0,1.0,0.3477839861981486,1.0,0.5100137478631238,1.0,0.2612235858363976,0.6703622040862066,0.7769893491391836,0.9053734928610475,1.0,0.3770141302528199,0.07436053531757673,0.9485349648891203,1.0,0.4452533382995053,1.0,1.0,1.0,1.0,0.6608726673970349,1.0,0.0,1.0,1.0,1.0,1.0,1.0,1.0,1.0,0.0,1.0,0.4294027554637116,1.0,1.0,0.07675709006975837,1.0,0.5434907643727763,0.8270838226817108,0.5756149512703757,1.0,1.0,0.2565088063415476,0.20472281637884263,1.0,1.0,0.8423906205363985,1.0,1.0
gex_possorted_bam_1WGCZ:GACCTGCAGGAGTCGGx-M2,1.0,1.0,0.0,1.0,1.0,1.0,0.3537342334703414,0.9775112151757301,1.0,1.0,0.1377607447030446,1.0,1.0,0.27984106477885157,1.0,0.17803014579172605,0.0,0.6085021041942462,1.0,0.9113545560298197,1.0,1.0,1.0,1.0,0.24658464548600142,0.9588752857520566,0.0,0.9772319347587425,1.0,1.0,0.5656894297245523,1.0,1.0,1.0,0.0,1.0,0.037608337326967924,1.0,1.0,0.0,1.0,0.3549747807432567,1.0,0.898724891847837,1.0,1.0,0.1797893332358297,0.0,1.0,1.0,1.0,1.0,1.0
gex_possorted_bam_1WGCZ:GAGGCAAGTTGTTGCTx-M2,0.8087736227683993,1.0,0.0,0.5853699106048209,0.9736196537039259,1.0,0.3400174498738941,0.8661734738895922,0.0,0.9760545563008617,0.7270707577069284,0.27796075742624243,0.367897854759811,0.39025415511094924,0.510870162153576,0.5421671737802232,0.5439532367745072,1.0,0.8174663171272385,0.7888169963299044,1.0,0.9029743300605291,0.8110418478875152,1.0,0.4475446171282364,0.6295085511067642,0.27706907381964657,0.7436883303953291,1.0,0.6856460975787547,0.5365579251429196,0.7273991293556665,0.6692265587852734,0.5751992465413259,0.18028987832326543,0.918756146127884,0.05924551267960404,0.7177944757488312,0.6993399700027741,0.0,0.8686172555199586,0.273391143908698,0.24225166497658224,0.0,0.7290763858671931,0.7216934447302568,0.0,0.0,0.5365880890516,0.8468891445898562,0.0,0.6810872935489208,0.5603017911075714
gex_possorted_bam_1WGCZ:GACTAATGTTAGCAGCx-M2,0.14361133945799534,0.0,0.0,0.10690033983186499,0.0,0.0,0.0,0.09319871307818367,0.09938822619659814,0.0,0.3021057376915375,0.0,0.0,0.0,0.04681699844591465,0.0,0.33893580797693507,0.06621426116137492,0.0,0.6546048917786801,0.3435687062102475,0.4448349802935703,0.17544689171415626,0.5372480584974062,0.0,0.010777398380099844,0.5352740879138559,0.0,0.024315854050558926,0.0,0.0,0.0,0.23155351604345698,0.12467630035912697,0.3199195711622716,0.05877999650010584,0.0,0.149688988196341,0.04673412372464061,0.0089096047325166,0.16298839457298867,0.11063845987302012,0.0,0.0,0.02473588015025276,0.09319999778401586,0.0,0.556135729647541,0.0,0.0835025365227266,0.0,0.04007506435905091,0.2960063354958995
gex_possorted_bam_1WGCZ:GACTATTCACTTACAGx-M2,1.0,1.0,0.0,1.0,1.0,1.0,0.8486932066971886,1.0,0.7309521785038338,1.0,0.37409472091359974,0.7840334337837914,1.0,0.3577124749050718,1.0,0.3430446747969073,0.10110199313010547,1.0,1.0,0.6706374707388807,1.0,1.0,1.0,1.0,0.7833239595573013,0.9031216997130158,0.0,1.0,1.0,1.0,1.0,1.0,1.0,1.0,0.0,1.0,0.2146826694093105,1.0,1.0,0.040779878753192486,0.5075106163850189,0.3042997388493434,0.6454045025254164,0.4880849545175512,1.0,1.0,0.0,0.11426713771383362,1.0,0.9952648750857909,1.0,1.0,1.0
gex_possorted_bam_1WGCZ:GACTCACCATAGCTTGx-M2,1.0,0.8933119420423212,1.0,1.0,1.0,1.0,0.0,1.0,0.7904011302670287,1.0,0.0,0.9842075256571134,1.0,0.43416222424050643,1.0,0.07169518717158374,0.0,0.0,0.5926972125783896,0.6961047293829439,0.9324790425509542,1.0,1.0,1.0,0.6426217869815258,1.0,0.0,0.9343848586923184,0.7118329744429097,1.0,0.0,1.0,1.0,1.0,0.0,1.0,0.16019784671808654,1.0,1.0,0.0,1.0,0.09386227676301748,1.0,0.5807758353799432,1.0,1.0,0.8369856624760441,0.0,1.0,1.0,0.8745488791040452,1.0,0.5132272574593716
gex_possorted_bam_1WGCZ:GACGCCTAGGCCTTAGx-M2,1.0,1.0,1.0,1.0,1.0,0.9728001162936742,0.10694141185573565,1.0,1.0,1.0,0.0,1.0,0.9989196494501591,0.3805879759294126,1.0,0.2432120883511288,0.0,0.0,0.28840853199202593,0.6198929766130101,0.7945316375268896,0.9740460274096356,1.0,0.9247637964525866,0.8255859326173216,1.0,0.0,0.9347328078874545,0.7388125662318805,1.0,0.0,1.0,1.0,1.0,0.0,1.0,0.0425063584778073,1.0,1.0,0.0,1.0,0.12773894094648736,1.0,0.42286369086391673,1.0,1.0,0.9826762172397802,0.0,1.0,1.0,0.7552027421389571,1.0,0.5347186857958186
gex_possorted_bam_1WGCZ:GAGCTGCTCCAGCACAx-M2,1.0,0.8697872678065979,0.0,1.0,1.0,1.0,0.44484410087232207,1.0,0.7881888817956921,1.0,0.26919200494280804,0.7202195766087681,0.9489730322725175,0.3974915996644208,1.0,0.33972066183264904,0.0,0.667927442690592,1.0,0.9160207990589107,1.0,1.0,1.0,1.0,0.3317127285601259,1.0,0.0,1.0,1.0,1.0,0.7823178807691885,1.0,1.0,1.0,0.0,1.0,0.27565088673076654,1.0,1.0,0.0,1.0,0.1514453421874994,0.8346099963699252,0.5740995390135917,1.0,1.0,0.24091255553774002,0.005841968357934812,1.0,1.0,1.0,1.0,0.9856437564153693
gex_possorted_bam_1WGCZ:GACTCACCAGCCGCTAx-M2,1.0,0.8927484338719925,0.38767022325805606,1.0,1.0,0.9926064584683917,0.062145276073349014,1.0,0.019265614358396615,1.0,0.0,0.7742432207664174,0.7280467802978128,0.34020748609114226,1.0,0.22620469293259998,0.0,0.0,0.8412607068449998,0.8784219054883688,1.0,1.0,1.0,1.0,0.060287109034631546,1.0,0.06021812926092184,1.0,1.0,1.0,0.4994132400085449,1.0,1.0,1.0,0.0,1.0,0.0,1.0,1.0,0.0,1.0,0.22422910425830103,1.0,0.5963964248025587,1.0,1.0,0.9017065435210876,0.01332052595446046,1.0,1.0,1.0,1.0,0.27843212602075507
gex_possorted_bam_1WGCZ:GACTTAGGTAGCAGCTx-M2,1.0,1.0,0.6136841037434738,1.0,1.0,1.0,0.4557546924794949,1.0,0.8055849962874797,1.0,0.0,0.8871244016200203,1.0,0.252193940632342,1.0,0.27334862357205275,0.0,0.7161583100468512,1.0,0.8712091655384406,1.0,1.0,1.0,1.0,0.6843289239922199,1.0,0.0,1.0,1.0,1.0,0.6585225693369401,1.0,1.0,1.0,0.0,1.0,0.3437580199946726,1.0,1.0,0.0,1.0,0.6802976761822288,0.9867809176243367,0.7108660362852456,1.0,1.0,0.36919557123755314,0.0,1.0,1.0,1.0,1.0,1.0
gex_possorted_bam_1WGCZ:GACGCAACACCTGGTGx-M2,1.0,1.0,0.0,1.0,1.0,1.0,0.44730881709539483,0.9495045263332722,0.3492169161636144,0.9911795805615573,1.0,0.6443565942498743,0.9023354889543036,0.6552337048383734,1.0,0.8684747959893571,0.7394509310989934,1.0,1.0,0.5731000484877807,1.0,1.0,1.0,1.0,0.6581388329945959,0.8581955773272821,0.0,0.798227445771313,1.0,1.0,1.0,0.9328791421878639,1.0,1.0,0.0,1.0,0.15056351440541976,1.0,1.0,0.0,0.6174446410819934,0.2503423723472742,0.6242537018492293,0.092242945607976,1.0,1.0,0.0,0.2269216581129807,0.9313093318824252,1.0,0.8257235793395197,1.0,0.9341622128498731
gex_possorted_bam_1WGCZ:GAGAGGCGTTACATCCx-M2,0.07293421406288275,1.0,1.0,0.9730423963828605,0.016854915931524377,0.07862557400600434,1.0,0.7457416190357246,1.0,0.5385155149107979,0.49037971526906754,1.0,1.0,1.0,0.06662458110227444,1.0,0.6753944590151212,0.7903576837171011,1.0,0.0,0.0,0.0,0.0,0.0,1.0,1.0,1.0,1.0,1.0,0.7804911385688872,1.0,0.20077359290533311,0.0,0.7536464393235004,1.0,0.23687271901205112,1.0,0.13007627251969836,0.04887574962587909,1.0,0.14357217259327587,1.0,1.0,1.0,0.0,0.500155275171883,1.0,1.0,0.9800230610514095,0.5884436574798516,1.0,0.9161945620767229,0.0
gex_possorted_bam_1WGCZ:GACCGAACAGTAGCCTx-M2,1.0,0.9409791312834566,0.2149510194314861,1.0,1.0,1.0,0.403469838934454,1.0,0.16408425869993723,1.0,0.0,0.42035238251113866,1.0,0.17006341976880318,1.0,0.2012994278117269,0.0,0.0,1.0,0.8359296399095223,1.0,1.0,1.0,1.0,0.4084227113331785,1.0,0.0,1.0,1.0,1.0,0.6906510450858364,1.0,1.0,1.0,0.0,1.0,0.1123285331137106,1.0,1.0,0.0,1.0,0.11319615829075312,0.761616142855286,0.32873292402456333,1.0,1.0,0.1386164066408473,0.0,1.0,1.0,1.0,1.0,0.6727071253051631
gex_possorted_bam_1WGCZ:GAGGCAAGTTTATGGGx-M2,1.0,1.0,0.628794438800112,1.0,0.7542993084788707,0.44514384686827896,1.0,1.0,1.0,1.0,0.0,1.0,1.0,0.6302267826095405,1.0,0.23422470977585352,0.0,0.0,0.40268391954060795,1.0,1.0,0.6819616490121765,1.0,1.0,1.0,1.0,0.010366724803840389,1.0,1.0,0.8167765729779789,0.5773140252898017,1.0,1.0,1.0,0.0,1.0,0.5668575877881472,1.0,1.0,0.31163506217971376,1.0,0.47509039920373114,0.9115920576480802,1.0,1.0,1.0,1.0,0.0,1.0,1.0,1.0,0.9164103223210615,0.45868058746760293
gex_possorted_bam_1WGCZ:GAGAACCAGCCGCTAAx-M2,1.0,1.0,0.0,1.0,0.7376853094664985,1.0,1.0,1.0,0.4331964781150874,1.0,0.0,0.8593957684569383,1.0,0.8604982840867293,1.0,0.46046504014352097,0.0,0.10766156728732833,1.0,0.4886500157697479,1.0,1.0,0.8897812526152132,1.0,1.0,0.8966761621644238,0.0,1.0,1.0,1.0,1.0,1.0,1.0,0.9981744036232866,0.0,1.0,0.2627350017860237,1.0,1.0,0.20761102892143782,0.959124434278911,0.18836743571904896,0.9719643319656556,0.24797217091365195,1.0,1.0,0.0350661499046434,0.04613291730501379,0.9732735762434535,1.0,1.0,1.0,1.0
gex_possorted_bam_1WGCZ:GACGCAACAACTGGCTx-M2,1.0,0.5949142119692526,0.0,0.9780957707592499,1.0,1.0,0.4798795067158623,0.9791192671637571,0.0,1.0,0.3763579268770472,0.0,0.6744235780081591,0.8412287805156003,1.0,0.15499886613351044,0.00537769768448218,0.6003093038808303,0.7535415326161048,0.5409648507940539,1.0,1.0,0.9554093931956694,1.0,0.6398659082965582,0.9366128121946047,0.0,0.8567909989098368,0.40580392187793035,1.0,0.27356457653852906,1.0,0.9618492050362748,1.0,0.0,1.0,0.0,1.0,1.0,0.11884273669043903,1.0,0.0,0.6689220699646492,0.0,1.0,0.8760585018195646,0.41878772521427565,0.0,0.905962300927521,1.0,0.5276163984427228,1.0,1.0
gex_possorted_bam_1WGCZ:GAGCATGCACAAAGGTx-M2,0.03379045714273971,1.0,1.0,1.0,0.06157512408045805,0.0,1.0,0.6342237269350701,1.0,1.0,0.0,1.0,1.0,1.0,0.1710018622945223,1.0,0.0,0.0,1.0,0.0,0.0,0.0,0.0,0.0,1.0,1.0,1.0,1.0,1.0,1.0,1.0,0.12285133823832449,0.0,0.7218427198958469,1.0,0.26989605548570617,1.0,0.19986766237463233,0.22168102642532528,1.0,0.0,1.0,1.0,1.0,0.0,0.5495698774836609,1.0,1.0,1.0,0.5786272802232612,1.0,1.0,0.1077119747170319
gex_possorted_bam_1WGCZ:GACGTAAAGGAGCACGx-M2,1.0,0.951839101902776,0.0,1.0,1.0,1.0,0.20010575066709752,0.9676916740617973,0.289757183211887,1.0,0.6551056692412824,0.5803787411766466,0.7343358760014759,0.47682593119752303,1.0,0.2507153288289974,0.2612735605926728,1.0,1.0,0.598872989193393,1.0,1.0,1.0,1.0,0.3911003690611891,0.8661737602066665,0.0,0.7719508670871508,0.8253204763306662,1.0,0.9630255615497743,1.0,1.0,0.96400709190147,0.0,1.0,0.11721313762319738,1.0,1.0,0.0,1.0,0.08299132478185162,0.6997277978714804,0.2359887728823908,1.0,1.0,0.09751588899525787,0.0,0.9273989688469471,1.0,0.8597541092256084,1.0,1.0
gex_possorted_bam_1WGCZ:GAGATAAGTGAACAAAx-M2,0.09789786384465242,1.0,1.0,0.9364769474380923,0.0,0.0,1.0,0.939629428805276,1.0,0.6268445464370741,0.0,1.0,1.0,1.0,0.1540651388185869,1.0,0.33294966215710436,0.5421895627489762,1.0,0.0,0.0,0.0,0.0,0.0,1.0,1.0,1.0,1.0,1.0,0.8494270142221958,1.0,0.0,0.0,0.7941516985757175,1.0,0.26467978391170094,1.0,0.044569174263633035,0.0,1.0,0.07751746378279785,1.0,1.0,1.0,0.15566219501613615,0.5363927289185921,1.0,1.0,1.0,0.5245835364988318,1.0,0.8753669904640514,0.0
gex_possorted_bam_1WGCZ:GACCTGCAGTGACCTGx-M2,1.0,0.9661895831319002,0.333058739731963,1.0,1.0,1.0,0.24188687800884498,1.0,0.7653808838055242,1.0,0.0,0.977676790161948,0.9820117692526883,0.3097149092425131,1.0,0.04753933167278602,0.0,0.0,0.8534613930858913,0.6640149473097898,1.0,1.0,1.0,1.0,0.4808416818024303,1.0,0.0,0.9083246169753111,0.8545757999977232,1.0,0.353293408764312,1.0,1.0,1.0,0.0,1.0,0.10353645019232613,1.0,1.0,0.0,1.0,0.1162829503032907,0.8461610544770767,0.38303385780723975,1.0,1.0,0.5320432377659751,0.0,1.0,1.0,1.0,1.0,0.45379294972911
gex_possorted_bam_1WGCZ:GAGCCACTCGCGACACx-M2,0.9299291722950943,0.8104569180891897,1.0,1.0,1.0,1.0,0.0,0.8752887350217555,1.0,1.0,0.0,1.0,1.0,0.6515199487336936,1.0,0.055554818333615655,0.0,0.0,0.17399724790495727,0.9000223920462286,0.6313783201978331,1.0,1.0,0.7624556152392173,0.9226806068135011,1.0,0.0,1.0,0.7356414796847307,1.0,0.0,1.0,1.0,1.0,0.0,1.0,0.0,0.9581987067021729,1.0,0.0,1.0,0.0,1.0,1.0,1.0,1.0,1.0,0.0,1.0,1.0,0.7527378195738602,1.0,1.0
gex_possorted_bam_1WGCZ:GAGGAGGCATTATGCGx-M2,0.06611479675053722,1.0,1.0,0.7244364932891854,0.0,0.0,1.0,0.6548807780171332,1.0,1.0,0.0,1.0,1.0,1.0,0.28377547200453307,1.0,0.6478364123015401,0.0,1.0,0.0,0.0,0.0,0.0,0.0,1.0,1.0,1.0,1.0,1.0,0.7486695559984857,1.0,0.0,0.0,0.7086562621477319,1.0,0.35567849636631754,1.0,0.15196182386517948,0.1450814740899617,1.0,0.4302974947160808,1.0,1.0,1.0,0.13626109154941787,0.4821208662252004,1.0,1.0,1.0,0.49147627579568126,1.0,0.8032433032798395,0.0
gex_possorted_bam_1WGCZ:GAGCTAGCATTAAGCTx-M2,0.05068702965403736,1.0,1.0,0.9711399480423953,0.1013845848020854,0.0,1.0,0.7591106466675177,1.0,0.6761757839902754,0.0,1.0,1.0,1.0,0.07285277678663513,1.0,0.13378485401520812,0.36982398433589536,1.0,0.0,0.0,0.0,0.0,0.0,1.0,1.0,1.0,1.0,1.0,1.0,1.0,0.0,0.0,0.7011424914444779,1.0,0.2165965654774204,1.0,0.1996974802280206,0.2072041391308573,1.0,0.08514846799063967,1.0,1.0,1.0,0.0850284322396837,0.5722285423254333,1.0,1.0,1.0,0.4207475767075019,1.0,0.9827659796978147,0.0
gex_possorted_bam_1WGCZ:GACTTAGGTCAGTAATx-M2,0.09917673006363621,1.0,1.0,0.9679435864925696,0.0,0.0,1.0,0.9079644976891164,1.0,0.6428489898779238,0.0,1.0,1.0,1.0,0.1640586687972612,1.0,0.04711985267592474,0.0,1.0,0.0,0.0,0.0,0.0,0.0,1.0,1.0,1.0,1.0,1.0,0.7322661089580264,1.0,0.1276982679828538,0.0,0.8213474806430392,1.0,0.278115227911417,1.0,0.06644749617767656,0.04540433158286859,1.0,0.2835476327851595,1.0,1.0,0.8224846094800733,0.1386774483875253,0.5512616868912696,1.0,1.0,1.0,0.5991810829254223,1.0,0.930237579492602,0.0
gex_possorted_bam_1WGCZ:GAGATAAGTGTGCAACx-M2,1.0,0.8538284787636085,1.0,1.0,1.0,1.0,0.0,0.9937063504494854,0.8332356760100854,1.0,0.0,1.0,1.0,0.8198384317573071,1.0,0.24800007171178123,0.0,0.0,0.061172348852055546,0.27010617449052327,0.46413458018824116,0.8307654159155349,1.0,0.8480496392353686,0.6385462386541539,1.0,0.0,0.9325201721928562,0.6344703578641628,1.0,0.0,1.0,1.0,1.0,0.0,1.0,0.08402147181603756,1.0,1.0,0.0,1.0,0.0,1.0,0.7900796848742556,1.0,1.0,1.0,0.0,1.0,1.0,0.5732504424259127,1.0,0.6097772843165506
gex_possorted_bam_1WGCZ:GACATTATCGATATTGx-M2,1.0,1.0,0.37374847812093975,1.0,1.0,1.0,0.3252978594328818,1.0,0.7619175836461167,1.0,0.0,0.8982180649722464,1.0,0.5109702317415061,1.0,0.13000564835980136,0.0,0.43156716097540787,0.7920739520919933,0.7826062236699333,1.0,1.0,1.0,1.0,0.9520549017127887,1.0,0.0,1.0,0.9251255400094536,1.0,0.8163687203742703,1.0,1.0,1.0,0.0,1.0,0.23606342906926708,1.0,1.0,0.04707298355662571,1.0,0.32550667957047297,0.9960238916171161,0.4258740492588432,1.0,1.0,0.45943384826958966,0.0,1.0,1.0,0.8462765390209626,1.0,1.0
gex_possorted_bam_1WGCZ:GACCTAAGTGCATTAGx-M2,0.7666065874425229,1.0,1.0,1.0,1.0,1.0,1.0,1.0,1.0,1.0,0.0,0.2023348441138759,1.0,1.0,1.0,0.09296456143599811,0.0,0.0,0.5892925808520131,0.5896657267880534,0.3685516833779267,0.6450524202748581,1.0,0.27719469661871177,1.0,1.0,0.4853181521357562,0.6489557987552274,1.0,0.5064543678416489,0.0,1.0,1.0,1.0,0.09709730983135685,1.0,0.0,1.0,1.0,0.06431163735908985,1.0,0.0,1.0,1.0,0.6375111334409757,1.0,1.0,0.0,1.0,1.0,0.830582233945688,1.0,0.627371106650207
gex_possorted_bam_1WGCZ:GACTTGGTCATGTTTCx-M2,1.0,1.0,0.0,1.0,1.0,1.0,0.46732936530542984,1.0,0.0,1.0,1.0,0.5257690518008522,1.0,0.9858263001263243,1.0,0.8054539350091086,1.0,1.0,1.0,0.49060169186019387,1.0,1.0,1.0,1.0,0.8011919767967187,0.9339971470682441,0.0,0.9130581109771143,1.0,1.0,1.0,1.0,1.0,1.0,0.0,1.0,0.053573667008381995,1.0,1.0,0.0,0.5725346545831379,0.22391456458197231,0.6839582717813785,0.2968033640244961,1.0,1.0,0.13222123306626876,0.039444671767103485,0.9860924355488481,1.0,0.9732953331852785,1.0,1.0
gex_possorted_bam_1WGCZ:GACGCAACACATTAACx-M2,1.0,1.0,0.1459351508700182,1.0,1.0,0.9459093272153999,0.6076730152362984,1.0,0.6341584268501022,0.9531693354014008,0.0,1.0,1.0,0.3327391023499356,1.0,0.04866164242215626,0.0,0.0,0.833570460544807,0.688208550482645,1.0,1.0,1.0,1.0,0.5186802807201897,1.0,0.0,0.9389065281944087,1.0,1.0,0.4006661057088722,1.0,1.0,1.0,0.0,1.0,0.27366467136060174,1.0,1.0,0.0,1.0,0.4240604271292159,0.7282010666981036,0.2917347324169019,1.0,1.0,0.4439014841472047,0.02619211002406279,0.9257386418467426,1.0,1.0,1.0,0.5077584737135723
gex_possorted_bam_1WGCZ:GAGGCCTTCCACCTGTx-M2,1.0,1.0,0.10719331097759274,1.0,1.0,1.0,0.7645407415859242,1.0,0.863050193293375,0.9959446357071867,0.0521909726426376,1.0,0.641745788586338,0.4909787381312824,1.0,0.4064041920810172,0.0,0.595370323573004,0.9116659855042232,1.0,1.0,1.0,1.0,1.0,0.9704858379051262,0.9458200541561438,0.0,1.0,1.0,1.0,1.0,1.0,1.0,1.0,0.0,1.0,0.8292149584729389,1.0,1.0,0.0,0.7919938519623427,0.13945493858245064,0.7020736746035648,0.49922374419163806,1.0,1.0,0.5139803817876574,0.0012359719166524332,1.0,1.0,0.9057669179205946,1.0,0.872795761159523
gex_possorted_bam_1WGCZ:GACCTTTGTTAGCCAAx-M2,0.9026224241167898,0.5180359866653865,0.0,0.8408456741416501,0.8056949447318044,1.0,0.0,0.7410817752415484,0.0,0.6389857409238336,0.5223422966327179,0.3682118069048026,0.41116829173467334,0.6185330677181321,0.8117866102090725,0.29148747399706665,0.2769194605802633,0.7972401674617259,0.8514599928546184,0.42321238975309716,1.0,1.0,0.9521068476044585,1.0,0.0,0.6694778908037621,0.0,0.6271114364428636,0.3518271937476543,0.7884872389838011,0.330328130144999,0.8382258723134224,0.8988768383979129,0.7230886845540861,0.0,0.8746441328586129,0.039073592405542375,0.8180711250225872,0.8046655879506475,0.0,1.0,0.22590322829543033,0.30841704964839245,0.0,0.789306081782311,0.8094826571854352,0.14739607136669727,0.2656173582313123,0.685952259783606,0.6819547626944175,0.7914188456841856,0.7662569985513568,0.6817004317846704
gex_possorted_bam_1WGCZ:GAGAAACGTTCCAGGGx-M2,1.0,1.0,0.21061550542016116,1.0,1.0,1.0,0.7752357175245652,1.0,0.3479652217817416,1.0,0.0,0.8638032029525435,0.9501650219807678,0.44061421380809307,1.0,0.3124380576464707,0.0,0.35118682850289795,1.0,0.4818607959842633,1.0,1.0,1.0,1.0,0.9369269681895491,0.9630443690387673,0.0,0.8260863485763085,0.9186205798993407,0.9701655353985381,0.8974625753409922,1.0,1.0,1.0,0.0,1.0,0.1844260912016435,1.0,1.0,0.23302167031075235,1.0,0.27706797295402685,0.6943070404090079,0.21867325875423574,1.0,1.0,0.2042660147275224,0.0,0.9175725164184679,1.0,0.8780688078566343,1.0,0.7533863288987362
gex_possorted_bam_1WGCZ:GACTTAGGTTACCGGGx-M2,0.8677549117572725,1.0,0.3290506844532672,1.0,0.7152610523836598,0.10968376284493178,1.0,1.0,1.0,1.0,0.0,0.8598807422744357,1.0,0.9789139531489705,0.7031652653028808,0.23857096679327572,0.0,0.0,0.3797540697723765,0.9814437133314065,0.6656770401793863,0.2662190272420891,0.9000776732302138,0.49593735381900683,1.0,1.0,0.5700247511153231,0.9442223750973093,1.0,0.14120734372522525,0.04545672808045835,0.9652390826802335,0.946696263196029,1.0,0.34031532240654666,0.9549536877692588,0.6236884286020525,0.9596574329921576,1.0,0.22456040660267185,1.0,0.4897103126816582,0.5486212677456933,1.0,0.8590367871075817,1.0,1.0,0.0012160171935776951,1.0,1.0,0.4674773153453993,0.6615002920240263,0.26257413616316955
gex_possorted_bam_1WGCZ:GACTTGGTCAGGAACAx-M2,0.5879253778256983,0.2840615911831426,0.23055720469084579,0.4230859242496534,0.7599993264168918,1.0,0.008241553159347785,0.4671477454873438,0.21950111022140883,0.5847102995945871,0.9561377791875166,0.0,0.3418088974670987,0.1793655752636229,0.5929631156625964,0.3002584944154706,0.7814887917968272,1.0,0.5252149296492433,1.0,1.0,1.0,0.6265084024010944,0.9518853870784847,0.3524537201422667,0.4080254241493614,0.19709268575611938,0.48707126542868084,0.37046678522993454,0.5683670117437177,1.0,0.6781432012107365,0.594098583189765,0.36709001797217305,0.28610168828758886,0.6171855115309867,0.3074839992188173,0.4309543470652178,0.5070663685844896,0.2732296169790763,0.4045294569476235,0.10600831771082635,0.19810214101346518,0.6158232280172199,0.7960430087372085,0.5230173557660532,0.0,0.30092361735433765,0.46925940641142044,0.6101988336669658,0.3194674430566276,0.5655368213652786,1.0
gex_possorted_bam_1WGCZ:GACCGAACAACACTTGx-M2,1.0,1.0,0.6474604514842939,1.0,1.0,1.0,0.23521830027945553,1.0,1.0,1.0,0.0,1.0,1.0,0.3397259059041286,1.0,0.005447645035375777,0.0,0.0032584012492799376,0.8085804565809208,0.9582068738127215,1.0,1.0,1.0,1.0,0.639791465921913,1.0,0.0,0.9431666601442534,0.9444237303386099,1.0,0.419001993409609,1.0,1.0,1.0,0.0,1.0,0.0,1.0,1.0,0.0,1.0,0.10018553677123006,1.0,0.842259557541163,1.0,1.0,0.6334736334191501,0.0,1.0,1.0,1.0,1.0,0.37343775915440236
gex_possorted_bam_1WGCZ:GACGTAAAGTTTCCTGx-M2,1.0,0.7483451898731538,0.0,0.9613425904343957,1.0,1.0,0.0,0.9757707926515783,0.44853667940293007,1.0,0.06673637269911488,0.728409065413843,0.7383481390345574,0.2545909118371284,1.0,0.031745404341066916,0.0,0.5176550067370448,0.8333239290595714,0.7076096864053768,1.0,1.0,1.0,1.0,0.3480625814710929,0.9035673910002178,0.0,0.7769710841136904,0.9455830792255315,1.0,0.2547029046381923,1.0,1.0,0.9723295601191214,0.0,1.0,0.14817487871608792,1.0,1.0,0.0,1.0,0.2740566609256329,0.6042032204139604,0.0,0.930221322316409,1.0,0.27683352076459394,0.0,0.9613288806503686,1.0,0.8952039969268567,0.9494373833211267,0.629683756526328
gex_possorted_bam_1WGCZ:GACCTTTGTAAGGTCCx-M2,0.07579046051249823,1.0,1.0,0.947184454652457,0.0,0.0,1.0,0.8597440415553166,1.0,0.9091990909286691,0.0,1.0,1.0,1.0,0.16230815936309764,1.0,0.0,0.0,1.0,0.0,0.0,0.0,0.0,0.0,1.0,1.0,1.0,1.0,1.0,0.8267278417440811,1.0,0.10737589397521767,0.0,0.8423903358766512,1.0,0.25368135987496654,1.0,0.10443649516959887,0.14345276859198952,1.0,0.02999394903245327,1.0,1.0,1.0,0.050519417092882817,0.5751385088642682,1.0,1.0,1.0,0.5777729652888725,1.0,1.0,0.0
gex_possorted_bam_1WGCZ:GAGCCACTCCTTGCGTx-M2,0.761331807244181,1.0,1.0,1.0,1.0,0.20471141100702545,1.0,1.0,1.0,1.0,0.0,0.2080685025739084,1.0,0.83754169436766,0.8656347982356213,0.0,0.0,0.0,0.2719591483760309,0.19447386941429326,0.0,0.24786158465636332,1.0,0.0,1.0,1.0,0.5916078215763968,0.28364316871023837,1.0,0.2165292932770716,0.0,1.0,0.9942830256354435,1.0,0.25802037419616575,0.8438696371116917,0.0,1.0,1.0,0.10013097769255147,1.0,0.0,0.5873020106690696,1.0,0.21039074266759236,1.0,1.0,0.0,1.0,1.0,0.9199998850348613,0.8978114458075799,0.06486132346435276
gex_possorted_bam_1WGCZ:GAGAACCAGCATCCAGx-M2,1.0,0.7876365452359443,0.0,1.0,1.0,1.0,0.5666088277440317,1.0,0.534064603195384,0.8465780859403691,0.06783216146064924,0.6812010633026259,0.877888758005108,0.7338984577493552,1.0,0.7343164636292585,0.0,0.43834844347702456,1.0,0.3035367179387714,1.0,1.0,1.0,1.0,0.95189837357208,0.9998120413007365,0.0,0.9357372494020395,0.9013722418574859,1.0,0.5809749909032229,1.0,1.0,1.0,0.0,1.0,0.7499188987706652,1.0,1.0,0.12059292745447535,1.0,0.7204617405029513,0.7636253318062622,0.4473206638984701,1.0,1.0,0.6769001752117638,0.5396936942393736,0.9794817845689173,0.9427154366269481,0.8908067292907987,1.0,0.5233690470866813
gex_possorted_bam_1WGCZ:GAGTTGCGTCCGCTGTx-M2,0.5340581220102791,1.0,0.0,0.7926903882298174,0.4043131582969586,0.4384780013856658,1.0,0.757342630977523,1.0,0.8450932717447615,0.2715087761694708,1.0,1.0,1.0,0.6523279345363764,1.0,0.198718441244036,0.0,1.0,0.0,0.2558892656332459,0.0,0.34722673038476864,0.4231295649942519,1.0,0.8229982995058789,1.0,1.0,1.0,1.0,1.0,0.3909508045024063,0.4059541286444197,0.7006161696381283,1.0,0.6480849108969076,1.0,0.6724072846651808,0.5790127291448965,1.0,0.6487014737985016,1.0,1.0,1.0,0.8078759712542769,0.6963106715494642,1.0,1.0,0.8188443739480709,0.8002358443456723,1.0,0.8685115982168158,0.0
gex_possorted_bam_1WGCZ:GATGACTTCATTCATCx-M2,1.0,1.0,0.9391102440011242,1.0,1.0,0.8127605162716992,0.20986164843835028,1.0,0.5233941026031095,1.0,0.0,1.0,1.0,0.19882762248131872,1.0,0.03587646091490378,0.0,0.0,0.6599817948564367,0.9357004490730056,1.0,1.0,1.0,1.0,0.27915311571942364,1.0,0.0,1.0,1.0,1.0,0.3253316162285495,1.0,1.0,1.0,0.0,1.0,0.0,1.0,1.0,0.0,1.0,0.15491219380427823,1.0,0.8230736690053841,1.0,1.0,1.0,0.0,1.0,1.0,1.0,1.0,0.16591951857108173
gex_possorted_bam_1WGCZ:GAGGGAGCAGTAGGTGx-M2,0.9770603002922185,1.0,1.0,1.0,1.0,0.33653299658797164,0.0,1.0,1.0,1.0,0.0,1.0,1.0,0.8671981822210241,1.0,0.3372536419338054,0.0,0.0,0.0,0.24320892583520273,0.0,0.4689511086763243,1.0,0.4794860665784732,0.8642461858115364,1.0,0.008365350287606878,0.8041017674532006,0.9545905289015348,1.0,0.0,1.0,1.0,1.0,0.0,1.0,0.0,1.0,1.0,0.0,1.0,0.0,1.0,1.0,1.0,1.0,1.0,0.0,1.0,1.0,1.0,1.0,0.0
gex_possorted_bam_1WGCZ:GATAAGCCAATTGAAGx-M2,0.937491586574082,1.0,1.0,1.0,1.0,0.6020452100528898,0.0,1.0,1.0,1.0,0.0,1.0,1.0,0.894499985253265,1.0,0.06650527595921724,0.0,0.0,0.0,0.15371234938182443,0.0,0.4771601338970017,1.0,0.5899643498401372,0.9029681698642095,1.0,0.0,1.0,0.90227863794452,1.0,0.0,1.0,1.0,1.0,0.0,1.0,0.0,1.0,1.0,0.0,1.0,0.0,1.0,1.0,0.8894073342014484,1.0,1.0,0.0,1.0,1.0,1.0,1.0,0.08261931280067636
gex_possorted_bam_1WGCZ:GATCGCTCATGTTGGCx-M2,1.0,0.7959862135404028,0.06727786173578222,0.9638818019273682,1.0,1.0,0.2247935901157034,1.0,0.4459442132781957,0.9130653556406881,0.06409597166300336,0.47183012525894213,1.0,0.2715753236108542,1.0,0.5365564170099095,0.009181943414494183,0.8837781386362171,0.9201452762692175,0.8389253241127037,1.0,1.0,1.0,1.0,0.5368259872456906,0.9972739595453748,0.0,1.0,1.0,1.0,0.19308421183780006,1.0,1.0,1.0,0.0,1.0,0.18130806375123323,1.0,1.0,0.037748844589920574,1.0,0.4839217958029077,0.8059301244192236,0.10560085891165337,1.0,1.0,0.19974273759922365,0.25749289775631695,1.0,0.9017669804870208,0.9508732443672928,1.0,0.7566432553028717
gex_possorted_bam_1WGCZ:GATCAGTTCCCTCAACx-M2,1.0,0.9097615477914628,0.0,0.9526543104983536,1.0,1.0,0.3841840754114601,0.978009504662691,0.5932820727183619,0.9659745693112829,0.6113233496926609,0.9043170176037182,0.908192971260857,0.5313090449441892,1.0,0.22693245834976158,0.2947267085470274,1.0,1.0,0.48910561347202347,1.0,1.0,1.0,1.0,0.6918229911495662,0.8833299732560246,0.0,0.8522467670705349,1.0,1.0,0.8087674505378649,1.0,1.0,1.0,0.0,1.0,0.14832340882800635,1.0,0.9815790094102197,0.01415010078252914,0.9244614453600416,0.4625495328224621,0.7056653959750075,0.0,1.0,1.0,0.0,0.04274008925802791,0.8688061762927045,1.0,0.8751275841262988,1.0,0.8712938411326149
gex_possorted_bam_1WGCZ:GAGGTACAGAATCTCAx-M2,0.46257173689866876,0.5571614730377699,0.5044751613987948,0.3777247892511819,0.6792748104219569,1.0,0.2428118263588388,0.4113624762264753,0.0333615604451274,0.6609581854182441,0.906797822501097,0.0,0.2630745087551151,0.0,0.6449823953303944,0.1881966301812037,0.8583974591426403,1.0,0.22036622467699826,1.0,1.0,1.0,0.48786019766089084,1.0,0.0015447273455283365,0.22544086834172966,0.018868183449777913,0.39779948572074897,0.44756341665797655,0.4192137376603867,1.0,0.48660753343630203,0.5456883198758781,0.3985165053498151,0.24456883226244547,0.57229335534075,0.14957076186672594,0.3850248421781299,0.5341625954567494,0.4188155910133086,0.1688834189752266,0.043631218591143994,0.128325619836782,0.6125865865135909,0.5678478601318272,0.46594666396935475,0.0,0.0,0.4695558210204245,0.5619110866326751,0.287412422290007,0.44815978886065744,1.0
gex_possorted_bam_1WGCZ:GAGGCTTGTGGGTACTx-M2,0.8492612306404776,0.8053059152210048,1.0,1.0,1.0,0.0029753547238169854,1.0,1.0,1.0,1.0,0.0,0.4412683017067739,1.0,0.9719561186857185,0.9831064210634876,0.0,0.0,0.0,0.0,0.0,0.007088349096562219,0.16969587519378646,1.0,0.2582447855752074,0.8092958602295358,1.0,0.49909098415218095,0.21704094581412062,1.0,0.44043511729060364,0.0,1.0,1.0,1.0,0.15523827108369934,0.7591837979687056,0.0,0.9799533299396549,1.0,0.0,1.0,0.09316241314333443,0.4089654021930711,1.0,0.35812621075370016,1.0,0.9782096086442318,0.0,1.0,1.0,1.0,0.7587375666420006,0.0
gex_possorted_bam_1WGCZ:GATGCTTAGTGAGAGCx-M2,0.7386176856086618,1.0,0.26052208353936485,0.8333224553050957,0.0794357965701678,0.6949868798654678,1.0,1.0,0.7408988934033848,1.0,0.0,1.0,0.9712136066365151,1.0,1.0,0.9955554792150844,0.0,0.0,0.09856120303930647,0.26802966479924156,0.6447188711752463,0.49932075223811984,0.6979088855875207,0.9931592552526692,0.8794568781038581,0.7367603795431229,0.0,1.0,1.0,0.7061884372632784,1.0,0.4134536298376116,0.7709203193305098,1.0,0.09154713998560751,1.0,1.0,0.9714014226008656,1.0,0.8625414821809991,1.0,0.9289471416239014,0.427790733237085,0.5691836426607835,0.8521894097435055,1.0,0.1797909709670411,0.0,1.0,0.9115631147034299,1.0,0.9241354490895122,0.24793549363147568
gex_possorted_bam_1WGCZ:GATCGCTCAAGGTCGAx-M2,0.04408553848995948,1.0,1.0,1.0,0.0,0.0,1.0,1.0,1.0,1.0,0.0,1.0,1.0,1.0,0.1332430169882513,1.0,0.0,0.0,1.0,0.0,0.0,0.0,0.0,0.0,1.0,1.0,1.0,1.0,1.0,0.4746408589502429,1.0,0.0,0.0,0.8970227181181051,1.0,0.2599162701056806,1.0,0.0,0.019475445258819647,1.0,0.25451127205664603,1.0,1.0,0.18527270293381534,0.0,0.4839176615831961,1.0,1.0,1.0,0.6123619230830717,1.0,0.966518567705156,0.0
gex_possorted_bam_1WGCZ:GATCGCTCAACAGCCTx-M2,1.0,0.879982295431712,0.0,1.0,1.0,1.0,0.5244128797900193,1.0,0.4110196054387066,0.9593473624535795,0.09313383585636961,0.7109059636984568,0.7818670785856145,0.08108453860130779,1.0,0.17955606223815268,0.0,0.5455597006745723,0.9483072850814442,0.5310905570607873,1.0,1.0,1.0,1.0,0.5832626117611733,0.9474465706447474,0.0,0.8886714042649053,0.8719192594206939,1.0,0.5509067791388895,1.0,1.0,1.0,0.0,1.0,0.11057695112438166,1.0,1.0,0.0,1.0,0.36349154595287936,0.7037763393857737,0.08277147694899697,1.0,1.0,0.1604448464353428,0.0,0.9060084018843826,1.0,0.8953512773959729,1.0,0.8597335791006794
gex_possorted_bam_1WGCZ:GAGTGTTTCAAACCGTx-M2,1.0,1.0,0.0,1.0,1.0,1.0,0.6540987933246263,1.0,0.36934428650672746,1.0,0.3501736183459547,0.6319111850089388,0.9334156204532922,0.28014578848881283,1.0,0.3093906290976406,0.0,1.0,1.0,0.9220821563622505,1.0,1.0,1.0,1.0,0.7814260086379844,1.0,0.0,1.0,1.0,1.0,0.9697687739993052,1.0,1.0,1.0,0.0,1.0,0.061335509716704525,1.0,1.0,0.0,1.0,0.0,0.8036796787782818,0.40363393344561316,1.0,1.0,0.5074729629683862,0.0,1.0,1.0,1.0,1.0,0.9196123311534529
gex_possorted_bam_1WGCZ:GATCAGTTCCTAAATGx-M2,0.09988147549902025,1.0,1.0,1.0,0.09576647045908798,0.0,1.0,0.7557723494207225,1.0,1.0,0.0,1.0,1.0,1.0,0.31114163751521784,1.0,0.0,0.0,1.0,0.0,0.0,0.0,0.0,0.0,1.0,1.0,1.0,1.0,1.0,0.8045735756341514,1.0,0.13612593216339075,0.0,1.0,1.0,0.3094863413081082,1.0,0.15268813778678939,0.16979045843251875,1.0,0.22820146848889475,1.0,1.0,1.0,0.08172445525144417,0.6057347487488934,1.0,1.0,1.0,0.6432171730265707,1.0,1.0,0.20461549332298623
gex_possorted_bam_1WGCZ:GATTAAGCAGCTTAATx-M2,0.9773897859920008,0.924964636917768,1.0,1.0,1.0,0.14227455393743355,0.0,1.0,0.9488769215018295,1.0,0.0,1.0,1.0,0.7394347640641793,1.0,0.0,0.0,0.0,0.0,0.0,0.0,0.33484099536668577,1.0,0.5701887722078212,0.6233962883178965,1.0,0.0710372800806197,0.8311410965219301,0.7034968864496732,1.0,0.0,1.0,1.0,1.0,0.0,0.9228881307744948,0.0,1.0,1.0,0.0,1.0,0.0,1.0,0.9535039667478159,0.811224829852597,1.0,1.0,0.0,1.0,1.0,1.0,1.0,0.0
gex_possorted_bam_1WGCZ:GATCACTAGCAGCTCAx-M2,1.0,1.0,0.0754678059156176,1.0,1.0,1.0,0.3939167135206948,1.0,0.5729365078293928,1.0,0.11621755105020813,0.8840050871278561,1.0,0.36269690942607774,1.0,0.36060471891423657,0.0,0.5590986287438515,1.0,0.8771317152038455,1.0,1.0,1.0,1.0,0.5582625755185873,1.0,0.0,1.0,1.0,1.0,1.0,1.0,1.0,1.0,0.0,1.0,0.14445562789022892,1.0,1.0,0.0,1.0,0.20661965147158592,0.8856110785009385,0.6604498231273036,1.0,1.0,0.26456934025963436,0.0,1.0,1.0,1.0,1.0,0.9145250745092007
gex_possorted_bam_1WGCZ:GATCAGTTCATAGCCGx-M2,0.0,1.0,1.0,0.31919681182328746,0.0,0.0,0.9097521190472697,0.27564992000217825,0.0,0.0,0.22658254844861328,0.0,1.0,1.0,0.0,1.0,0.0,0.09911872284935207,1.0,0.0,0.0,0.0,0.0,0.0,1.0,0.14742506447135845,1.0,0.0,1.0,0.6974925224875413,1.0,1.0,0.0,0.7081337199977673,1.0,0.1347824172114623,1.0,0.0,0.0,1.0,0.8930849044003415,0.0,1.0,1.0,0.17662626356357264,0.20751496076594408,1.0,1.0,0.3306109552508631,0.1337064252886488,1.0,0.24236506560139273,0.0
gex_possorted_bam_1WGCZ:GATAAAGGTGATGGCTx-M2,0.08022461295919318,1.0,1.0,0.9382767308514013,0.0,0.0,1.0,0.8627597283009384,1.0,0.5254791100208336,0.2567128465959541,1.0,1.0,1.0,0.15625090121541094,1.0,0.5369309015200017,0.526980640529988,1.0,0.0,0.0,0.0,0.0,0.0,1.0,1.0,1.0,1.0,1.0,0.872878793615324,1.0,0.02332231757480546,0.0,0.7658305470935319,1.0,0.2273962910284426,1.0,0.05981624475109736,0.05382666495364605,1.0,0.1897843207966351,1.0,1.0,1.0,0.07038905936061207,0.5234990318500059,1.0,1.0,1.0,0.44333738329327144,1.0,0.8946908128748967,0.0
gex_possorted_bam_1WGCZ:GAGGCTTGTTGCTGGGx-M2,0.07337470119287358,1.0,0.788289254851417,0.9151273687423858,0.0,0.27574710085362575,1.0,0.8226205495707886,1.0,0.469439977272744,0.669191242421949,1.0,1.0,1.0,0.07667521038238088,1.0,0.9515058053615262,1.0,1.0,0.0,0.0,0.0,0.0,0.0,1.0,1.0,1.0,1.0,1.0,0.9901115278992424,1.0,0.0,0.0,0.7501386240181414,1.0,0.2614682573293012,1.0,0.04533272197476363,0.033621722753981634,1.0,0.16139216963917713,1.0,1.0,1.0,0.10422954127906492,0.5469288761014838,1.0,1.0,1.0,0.5894164319680579,1.0,0.8773893056061443,0.0
gex_possorted_bam_1WGCZ:GATCAGTTCATTTGTCx-M2,1.0,0.8688797195394184,1.0,1.0,1.0,0.9059029340052471,0.0,0.9719230593890685,0.94845579638792,1.0,0.0,1.0,1.0,0.5677109361033935,1.0,0.08729336028723314,0.0,0.0,0.0,0.5282007380597817,0.24857273947693184,0.8434306660504397,1.0,0.7447146001005391,0.6149312151531185,1.0,0.0,1.0,0.9108917525064318,1.0,0.0,1.0,1.0,1.0,0.0,1.0,0.0,1.0,1.0,0.0,1.0,0.0,1.0,1.0,1.0,1.0,1.0,0.0,1.0,1.0,0.9779461644763054,1.0,0.6077917033950517
gex_possorted_bam_1WGCZ:GATGACTTCAATGTCAx-M2,1.0,1.0,0.10151625488001863,1.0,1.0,1.0,0.515425102447197,0.9747831573351147,0.1930082433835157,1.0,0.29994130315005635,0.5325133025980658,1.0,0.38656979255275536,1.0,0.3258262567696952,0.091310942196736,0.9499925805735632,0.9122035525496844,0.9402191167734085,1.0,1.0,1.0,1.0,0.6999205085232233,0.8401299235050979,0.0,1.0,1.0,1.0,1.0,1.0,1.0,1.0,0.0,1.0,0.24721999772554823,1.0,1.0,0.23664243447000605,0.908907266875952,0.5075343193868488,0.7565759285341407,0.9756739336738295,1.0,1.0,0.2101453181346863,0.0,1.0,1.0,1.0,1.0,1.0
gex_possorted_bam_1WGCZ:GATCGCTCAATTGAGAx-M2,1.0,1.0,0.0,0.9665700376094346,1.0,1.0,0.2722318650206854,0.9401004247168899,0.35138853031930534,1.0,1.0,0.5850807441970969,0.9688170458301968,0.4003719373066392,1.0,0.4724203593445415,0.7172430488354653,1.0,1.0,0.49434284176215726,1.0,1.0,0.9850768479771757,1.0,0.6641126275385273,0.825326331759332,0.0,0.803304798226739,1.0,1.0,1.0,1.0,1.0,1.0,0.0,1.0,0.1140861920523583,1.0,1.0,0.0,0.4430840906517199,0.09429956541963504,0.41880012987451704,0.0,1.0,1.0,0.0,0.20839658592174834,0.8539760502043252,1.0,0.7789724398034269,1.0,1.0
gex_possorted_bam_1WGCZ:GATGACTTCAATACGCx-M2,0.5845164699522691,1.0,0.70035084068861,0.7123929886235059,0.0,0.6123142555237838,1.0,1.0,0.7641485184397532,1.0,0.0,1.0,0.7847801863190828,0.9127926574446904,1.0,1.0,0.0,0.0,0.0,0.9926918804633553,0.5783551574109578,0.46989974477821617,0.5722149918569273,0.9488024370233946,0.8334215076020408,0.5677217957255848,0.0,1.0,1.0,0.6780105438348195,1.0,0.2245643998540946,0.6501520984707044,1.0,0.22676466347280053,1.0,1.0,0.807459650242369,1.0,1.0,0.907567037497204,1.0,0.26572313207882314,1.0,0.8485009743624927,0.8604287316676628,0.0,0.0,0.9748772754784192,0.8956828054004558,0.7915393133641568,0.7909185336147115,0.4673911627337155
gex_possorted_bam_1WGCZ:GAGGTTAAGGTTTGCGx-M2,1.0,1.0,0.0,0.8813349684389667,0.9929449843885335,1.0,0.387631966827154,0.9994562630753491,0.8447475109915106,0.8676862373296728,0.04791559776796502,0.8236914981706508,0.9217242962643339,0.5523360420703783,0.9768229373991654,0.20500914386324076,0.0,0.6271377234314889,0.8076201661467115,0.40297095461767585,1.0,1.0,0.9273222496332592,1.0,0.45269834375996887,0.7924471915576058,0.0,0.8767048719825554,0.973502826019631,0.8610763967623508,0.5486281892229223,0.8679709475269729,0.9625819600286967,1.0,0.0,1.0,0.2745995744986385,1.0,0.9684685072768892,0.04468940154508735,1.0,0.16432288781760301,0.5578701217503115,0.16342878886208004,1.0,0.9651871344819881,0.07504641390909837,0.14044353339347498,0.808478838122178,0.9896246307660346,0.9562456680517734,0.9729958373978854,0.49401738618635965
gex_possorted_bam_1WGCZ:GAGTGATCATAGTCATx-M2,1.0,1.0,0.0,1.0,0.7894851371768624,1.0,1.0,1.0,0.5085004289017092,1.0,0.0,1.0,1.0,0.45609180839733254,1.0,0.4291790130786838,0.0,0.052808714360873615,0.7260372677161296,0.8563290545869332,1.0,1.0,0.9997675765193464,1.0,0.8192689889427386,0.9450846645158225,0.0,1.0,1.0,1.0,0.8645698700318206,1.0,1.0,1.0,0.0,1.0,0.2828525452018963,1.0,1.0,0.19767837512297162,1.0,0.5393560111952134,0.6582209835577382,0.29038712993553123,1.0,1.0,0.273542408910209,0.0,1.0,0.9424817265963064,0.9957843460101609,1.0,0.8379725120636303
gex_possorted_bam_1WGCZ:GAGTATCTCAATGTGCx-M2,1.0,0.9456344343227697,0.0,1.0,0.9193063134064323,1.0,0.20921975479297628,1.0,0.9847337567014491,0.8944230854819372,0.7274006048223691,0.6686605659276438,0.6290753592702412,0.21339449464197696,1.0,0.20496551988434453,0.3046968258019825,1.0,1.0,0.7237942669365991,1.0,1.0,1.0,1.0,0.9164537631347984,0.9990366600292692,0.0,0.689690188172271,0.5688842777377194,1.0,0.7553363695205613,1.0,1.0,1.0,0.0,1.0,0.012389786868728556,1.0,1.0,0.0,0.7509073344577848,0.0,0.8079194740405768,0.0,1.0,1.0,0.8856461248143587,0.0,1.0,0.9340834081864483,0.7586092023845259,1.0,1.0
gex_possorted_bam_1WGCZ:GAGTAACCAGGTATTTx-M2,1.0,0.93256928320694,0.0,1.0,0.8704567056489811,1.0,0.8993197721942178,1.0,0.7217941453036857,1.0,0.0,0.8344024328568918,0.9386018025422332,0.3402970285254739,1.0,0.5158274767302046,0.0,0.0,0.9161992933911921,0.6748115359710074,1.0,1.0,1.0,1.0,0.845030328946247,0.9798319233771995,0.0,0.8897934482721038,1.0,1.0,0.5646082238636421,0.8995121992545102,1.0,1.0,0.0,1.0,0.12425308610531492,1.0,1.0,0.029146912697971754,1.0,0.20900777213636484,0.8928265186889359,0.6616375114572751,1.0,1.0,0.02838444918895849,0.0,0.9230532207106118,1.0,1.0,1.0,1.0
gex_possorted_bam_1WGCZ:GAGGTGAGTTTGGGCGx-M2,0.6959256522628422,1.0,1.0,1.0,1.0,0.6410992069331158,1.0,1.0,1.0,1.0,0.0,0.0,1.0,0.6688188909090331,0.5949451897442221,0.0,0.022197379793380174,0.0,0.4246390516781665,1.0,0.4625196636415585,0.5401190770896347,1.0,0.25277923529907453,1.0,1.0,0.5357469925484298,0.46085419227312713,1.0,0.22065472459846852,0.1722735195793469,1.0,0.9341177496203109,1.0,0.2295484823645377,0.7553571563889232,0.0,0.8383523635216791,1.0,0.26696408692474066,1.0,0.13638841519262965,0.7441757601713245,1.0,0.3605422590649886,1.0,1.0,0.0,1.0,1.0,0.49824960364204796,0.7272591209412469,0.8059442172382882
gex_possorted_bam_1WGCZ:GAGTATCTCGCAGGCTx-M2,0.9738953804054401,1.0,0.6318609431173843,1.0,0.10765366132435325,0.7443935507554281,1.0,1.0,1.0,1.0,0.0,1.0,1.0,1.0,1.0,1.0,0.0,0.0,0.46429166457106047,0.21051663212361788,0.9111322536889854,0.6896948485040346,0.7894010503068598,1.0,1.0,1.0,0.0,1.0,1.0,0.7894196831896088,1.0,1.0,0.9221753034603064,1.0,0.0,1.0,0.5388636866839341,1.0,1.0,0.9248200732096726,1.0,0.4505726110614826,1.0,1.0,1.0,1.0,0.2990885895396604,0.0,1.0,1.0,1.0,1.0,0.15783421367145498
gex_possorted_bam_1WGCZ:GAGTCATTCGCAACATx-M2,1.0,1.0,1.0,1.0,1.0,1.0,0.12075212750744739,1.0,1.0,1.0,0.0,1.0,1.0,0.5327834089651363,1.0,0.30804269009588353,0.0,0.41555517195105923,0.6582838454131873,0.7663770584984996,0.9767557406513888,1.0,1.0,0.9812084390985554,0.7834225544994395,1.0,0.0,1.0,0.9471607587490635,1.0,0.38412201527952555,1.0,1.0,1.0,0.0,1.0,0.00989705382678253,1.0,1.0,0.0,1.0,0.0,1.0,0.8865837104763679,1.0,1.0,0.8720062576739082,0.0,1.0,1.0,1.0,1.0,1.0
gex_possorted_bam_1WGCZ:GATCAAGAGTATCGCGx-M2,1.0,1.0,0.11670266892275455,0.9701421497850997,1.0,1.0,0.03213654422220721,0.999325720922399,0.4452454605090691,0.9380987208778333,0.0,0.23208164168994982,0.5082978799978302,0.4915338110273352,1.0,0.0,0.0,0.0,0.5701469399228071,1.0,1.0,1.0,1.0,1.0,0.5156796143558656,0.9786514129156395,0.0,0.8939898489995297,0.8107589325945133,1.0,0.8335896375848831,1.0,1.0,1.0,0.0,1.0,0.47571266073578355,1.0,1.0,0.1531814312804666,1.0,0.0,0.7277938057227384,0.3472465997425449,1.0,1.0,0.6939149984625343,0.0,0.8741687540969859,0.9761601700516768,1.0,0.9836873823609666,0.910011937506251
gex_possorted_bam_1WGCZ:GAGTGAGGTTGGTTCTx-M2,1.0,1.0,0.0,1.0,1.0,1.0,0.11374563987186492,1.0,0.0,1.0,1.0,0.8286831743159997,1.0,0.4659993436131025,1.0,0.4420605868008433,0.4751777832049367,1.0,1.0,0.6832609951630144,1.0,1.0,1.0,1.0,0.4689805530002484,0.9897501036276012,0.0,1.0,1.0,1.0,1.0,1.0,1.0,0.9622926174224733,0.0,1.0,0.0,1.0,1.0,0.0,1.0,0.0,0.706993103953441,0.4487602528532654,1.0,1.0,0.32550334394991587,0.0,0.998734116665002,1.0,1.0,1.0,1.0
gex_possorted_bam_1WGCZ:GATGGACAGGACGTAAx-M2,0.05318747781533534,1.0,1.0,0.9382912530298398,0.0,0.0,1.0,0.8501508895243854,1.0,0.9021135624208486,0.0,1.0,1.0,1.0,0.06880041916444496,1.0,0.0,0.0,1.0,0.0,0.0,0.0,0.0,0.0,1.0,1.0,1.0,1.0,1.0,0.8051010028392614,1.0,0.0,0.0,0.8815269461757941,1.0,0.2805329239544891,1.0,0.1306602376057314,0.15154596477241036,1.0,0.121652440502813,1.0,1.0,1.0,0.09398235729115963,0.5151440738595081,1.0,1.0,1.0,0.47535697982019504,1.0,1.0,0.0
gex_possorted_bam_1WGCZ:GAGGTGAGTATTGTCCx-M2,1.0,1.0,0.0,1.0,1.0,1.0,0.5682957203596958,1.0,0.3268803822794154,0.9932623449486022,0.2887850200316727,0.620985940591711,1.0,0.27928803457510876,1.0,0.46052493922223603,0.17327648536377707,1.0,1.0,0.943971196610943,1.0,1.0,1.0,1.0,0.9847488595395587,0.9737408812466533,0.0,1.0,1.0,1.0,0.5527384573350624,1.0,1.0,1.0,0.0,1.0,0.23571964736495438,1.0,1.0,0.0,0.8776001077399639,0.1633420148766372,0.6758424392810793,0.18071861702987546,1.0,1.0,0.14040174595976868,0.0,1.0,1.0,0.8899015873096715,1.0,1.0
gex_possorted_bam_1WGCZ:GAGTCATTCCGCACAAx-M2,1.0,0.7098172992208999,1.0,1.0,1.0,1.0,0.0,0.9433557838594232,0.796154637655983,1.0,0.0,1.0,1.0,0.40625524487226383,1.0,0.10520687608279505,0.0,0.0,0.17512399235166357,0.5236333986524914,0.8157821408816657,1.0,1.0,0.9313644945833454,1.0,1.0,0.0,1.0,0.7150573901694549,1.0,0.0,1.0,1.0,1.0,0.0,1.0,0.0,1.0,1.0,0.0,1.0,0.042791125450494426,1.0,0.9381756600505997,1.0,1.0,1.0,0.0,1.0,1.0,0.7353917022362402,1.0,1.0
gex_possorted_bam_1WGCZ:GAGTGATCAAATACCTx-M2,0.07808059400595015,1.0,1.0,0.9471992131385328,0.0,0.0,1.0,0.8883876686040516,1.0,0.5723459127514227,0.0,1.0,1.0,1.0,0.039989454505365785,1.0,0.0,0.0,1.0,0.0,0.0,0.0,0.0,0.0,1.0,1.0,1.0,1.0,1.0,0.6114251172782699,1.0,0.0,0.0,0.7853209652549782,1.0,0.20357322082460902,1.0,0.013475921878524416,0.0,1.0,0.2008780970268911,1.0,1.0,0.3441960658711586,0.05351473574092959,0.49803336763342465,1.0,1.0,1.0,0.5313320952954256,1.0,0.8843547026116624,0.0
gex_possorted_bam_1WGCZ:GAGTCATTCTTGCATTx-M2,1.0,1.0,0.0,1.0,1.0,1.0,0.48611244356104,1.0,0.12780493266207843,1.0,1.0,0.49846808907922835,0.9306993649947136,0.7867042116107134,1.0,0.6996306940506447,0.6486032217185173,1.0,1.0,0.4741456012149411,1.0,1.0,1.0,1.0,0.6712132900949591,0.802831088417643,0.0,0.8847798270390967,1.0,1.0,1.0,1.0,1.0,0.9550229045315027,0.0,1.0,0.21485519163282474,1.0,1.0,0.0,0.49040507298693653,0.13854954562562832,0.6164471671081878,0.0,1.0,1.0,0.02132382599632382,0.05901684179546481,0.881966902934186,0.9981521740930522,0.8472414941471055,1.0,1.0
gex_possorted_bam_1WGCZ:GAGTGTTTCCTAGTTTx-M2,0.04500617980625114,1.0,1.0,1.0,0.0,0.0,1.0,0.813665987899606,1.0,0.8001737990751491,0.0,1.0,1.0,1.0,0.07115750791564075,1.0,0.0,0.0,1.0,0.0,0.0,0.0,0.0,0.0,1.0,1.0,1.0,1.0,1.0,0.8441967079348088,1.0,0.0,0.0,0.7982047749311443,1.0,0.22911018589315119,1.0,0.020302434482429393,0.12162422755474236,1.0,0.0,1.0,1.0,1.0,0.01438979221866811,0.5260841927256792,1.0,1.0,1.0,0.3584558730958928,1.0,1.0,0.0
gex_possorted_bam_1WGCZ:GAGTTGCGTCCGTGAGx-M2,1.0,1.0,0.6793549219381098,1.0,1.0,1.0,0.10400656923084972,1.0,0.42961035917007445,1.0,0.2126144696628143,1.0,0.9160755376778619,0.48261621225621815,1.0,0.713275762906527,0.0,0.22778098713270897,1.0,0.7710942626701677,1.0,1.0,1.0,0.9549245487597573,0.46621993582464366,1.0,0.049788644936328924,0.7228725120778553,1.0,1.0,0.9517104420701331,1.0,1.0,1.0,0.02332597551712387,1.0,0.35680088950374966,1.0,1.0,0.0,1.0,0.02008549892026486,0.902361940062984,0.7279425315107783,1.0,1.0,0.9937799893605703,0.11163928447840102,1.0,1.0,0.9766073716093681,1.0,0.16596490798097338
gex_possorted_bam_1WGCZ:GAGTAACCAGCTACGTx-M2,1.0,0.7276010663105327,0.0,0.9944348971385079,0.8836866351468575,0.8645597504111018,0.31777948832021985,1.0,0.5837669427743514,0.9493078307532903,0.0,0.8659734826147474,0.7173480172483142,0.0,1.0,0.24017644666582746,0.0,0.0618653431379116,0.7708742367333006,0.7900747020658067,1.0,1.0,1.0,1.0,0.6489957092891743,0.8842736026441641,0.0,0.5320359277563308,0.9291568138747286,1.0,0.0,0.9876767109513674,1.0,0.993548700016046,0.0,1.0,0.25121034362815514,1.0,0.9617723180395854,0.0,1.0,0.02446104516996493,0.7385513559059312,0.0,1.0,0.9618077434916099,0.4686439026921257,0.06296551390493886,0.8406085733527019,1.0,0.7776392611667077,0.927587826089276,0.6189876308218663
gex_possorted_bam_1WGCZ:GAGTCATTCAGAAACGx-M2,1.0,0.7671292950404439,0.4168017232695664,1.0,1.0,0.5751136890728383,0.0,1.0,0.6281129758014862,0.9476676577389427,0.0,0.8059681177717113,0.7379561617727342,0.2867130884794376,1.0,0.0,0.0,0.0,0.6528947615106271,0.6390023027585948,1.0,0.8137023471840172,1.0,1.0,0.12380932297469707,1.0,0.0,0.8379949863230993,0.7049473288456455,1.0,0.0,1.0,1.0,1.0,0.0,0.9204113180573656,0.01895904800361903,1.0,1.0,0.0,1.0,0.0,0.7875312671750515,0.07828812106259837,0.8820860421072418,1.0,0.6300368393078395,0.0,0.9624997572312529,1.0,0.8256563277117615,0.849071704240144,0.0
gex_possorted_bam_1WGCZ:GATGCATTCCTTGAGGx-M2,1.0,0.9588203955712928,1.0,1.0,1.0,0.577646292876985,0.0,1.0,0.7388078248484581,1.0,0.0,1.0,0.964221757240696,0.5742956918283033,1.0,0.0,0.0,0.0,0.04715025238751798,0.2774104409916959,0.4536988033131704,0.712913044553376,1.0,0.9559427755328823,0.3984891593178613,1.0,0.0,0.8846285539482968,0.6785617392614076,1.0,0.0,1.0,1.0,1.0,0.0,0.9986387764472906,0.0,1.0,1.0,0.0,1.0,0.004932915031759965,1.0,0.7370133947518008,0.9296099679305005,1.0,1.0,0.0,1.0,1.0,1.0,1.0,0.0
gex_possorted_bam_1WGCZ:GATAAAGGTTTCCGGCx-M2,0.9876010601674367,1.0,1.0,1.0,1.0,1.0,0.13078597590918967,1.0,1.0,1.0,0.0,1.0,1.0,0.7049130429553425,1.0,0.4282726410248494,0.0,0.0,0.0,0.3825799090996201,0.40139793290335846,0.6946846358656401,1.0,0.5497908641692246,1.0,1.0,0.03691832308347509,1.0,0.5828752726319539,1.0,0.0,1.0,1.0,1.0,0.0,1.0,0.0,1.0,1.0,0.0,1.0,0.009586077213419232,1.0,1.0,1.0,1.0,1.0,0.0,1.0,1.0,0.8181898184937241,1.0,0.9415147485556246
gex_possorted_bam_1WGCZ:GATGACTTCGTTAGTAx-M2,1.0,1.0,0.12737506716539038,1.0,1.0,1.0,1.0,1.0,1.0,0.9089245728942029,0.21016258749508143,0.37987803594847935,1.0,0.76830185303222,1.0,0.5496241476727816,0.06325762894128682,0.9682833506167849,1.0,0.7866753988299002,1.0,1.0,1.0,1.0,1.0,0.8604147489379592,0.0,1.0,1.0,1.0,1.0,1.0,1.0,1.0,0.0,1.0,0.14122758398072507,1.0,1.0,0.3281746923962072,0.5356206481786009,0.4957515178378234,0.6400444312228658,0.5138395657395429,1.0,1.0,0.0,0.23718652519988048,1.0,0.9127755171725839,1.0,1.0,1.0
gex_possorted_bam_1WGCZ:GATCGAGCACCTACGGx-M2,0.0997224028380511,1.0,1.0,0.9156699095951427,0.0,0.0,1.0,0.926839205606281,1.0,1.0,0.0,1.0,1.0,1.0,0.1477873119776003,1.0,0.30335764169241364,0.1661098164168635,1.0,0.0,0.0,0.0,0.0,0.0,1.0,1.0,1.0,1.0,1.0,0.7633436497770735,1.0,0.0,0.0,0.8153706113208791,1.0,0.3411775280718479,1.0,0.10028970660268385,0.09005852141904568,1.0,0.29454379627625915,1.0,1.0,1.0,0.13865812025092528,0.5148577836806333,1.0,1.0,1.0,0.5545702499230514,1.0,0.8982686123463303,0.0
gex_possorted_bam_1WGCZ:GATTAAGCACCTGGTGx-M2,0.7548360841119772,0.3765603004826422,0.0,0.6350564807476945,0.7284336849198607,1.0,0.01096333759089776,0.7129167990821781,0.09048482828089269,0.6464361919028487,0.5265256300019509,0.15052178794079615,0.319879666757233,0.15655609476216586,0.7416130576362966,0.07431531045789946,0.36013181855247767,1.0,0.5637994027485947,0.7025595813256249,1.0,1.0,0.7369553299908419,1.0,0.1537089241990513,0.5060905454317334,0.056903622184386264,0.6635066844006806,0.5875011689340549,0.6022624976358592,0.5302666792029096,0.6502746106812726,0.7390786156117203,0.6366848086449344,0.09857807404208213,0.7322432000451916,0.0,0.5944841261012163,0.6359424073992537,0.0,0.9751804185898325,0.0,0.24545023479063496,0.0,0.8793193840284528,0.6503478587085642,0.0,0.0,0.4968182710137851,0.6743410331916574,0.255400029465029,0.6409236738552854,1.0
gex_possorted_bam_1WGCZ:GAGTAATAGGTCGATTx-M2,1.0,1.0,1.0,1.0,1.0,1.0,0.7360683756686504,1.0,1.0,1.0,0.0,0.5930846658533262,1.0,0.36893357623285306,0.8351302290349615,0.0800142799470771,0.0,0.019070780300640754,0.5393354921962423,1.0,1.0,1.0,1.0,0.9406812365390599,0.7185208972611663,1.0,0.11396712141601115,1.0,1.0,0.7131508252064881,0.08889074653170319,1.0,1.0,1.0,0.0,1.0,0.5116650767262684,1.0,1.0,0.0,1.0,0.782082719110759,0.5062082156961156,0.7279546319355429,1.0,1.0,1.0,0.019530383262869853,1.0,1.0,1.0,1.0,1.0
gex_possorted_bam_1WGCZ:GAGTATCTCTAATCCTx-M2,1.0,1.0,0.0,1.0,1.0,1.0,0.6942660372864191,1.0,0.29326037858906756,1.0,0.5149576546445137,0.872906027384461,1.0,0.49614750131549606,1.0,0.3062188722089566,0.15933211265024158,1.0,1.0,0.8553431218261963,1.0,1.0,1.0,1.0,0.7864512534996769,0.9782133540696006,0.0,1.0,1.0,1.0,1.0,1.0,1.0,1.0,0.0,1.0,0.0,1.0,1.0,0.0,0.8751390373879657,0.03929620958687706,0.912623963832276,0.8607641159700475,1.0,1.0,0.04383060496007647,0.0,1.0,1.0,1.0,1.0,1.0
gex_possorted_bam_1WGCZ:GATCGAGCAAGGTGGCx-M2,0.9667011725029385,0.5153806618930336,0.0,0.7543278841508253,1.0,1.0,0.0,0.8366884821783912,0.5737224741474815,0.6296303659587046,0.7685355548768165,0.0,0.7343712048953966,0.19386582558937548,0.7977075213701557,0.13588933184269728,0.5201798072144493,1.0,0.8190902585987714,0.3861182743552049,1.0,1.0,0.8938462603769861,1.0,0.36858137904662486,0.7262694613012602,0.03004557645779942,0.5012048110946092,0.45118970522253493,0.9104070799904435,0.522135967958229,0.924350055213977,0.898327897832049,0.8133486850687152,0.029172387327149548,0.9840717773132012,0.18106561714984454,0.8656320686472746,0.8297868017970347,0.0,0.9231967858401622,0.2279480205025649,0.2539858322648377,0.16353556187377094,1.0,0.8630727076266018,0.0,0.26477529517377557,0.6934270324546973,0.8502332005326358,0.9630400705183055,0.8392176419474275,0.8455840021260168
gex_possorted_bam_1WGCZ:GATAAGCCAACCTGGTx-M2,1.0,0.8296878289853301,0.6245704090883609,1.0,1.0,0.3856533537506415,0.2158268894138481,1.0,0.3771744179074034,1.0,0.0,1.0,0.9318092865679871,0.31276219055624493,1.0,0.03926344341485333,0.0,0.0,0.6219026665084528,0.684637030806515,0.9354781271942147,0.9434856777168424,1.0,1.0,0.29411479689508196,1.0,0.0,0.7337505950405256,0.8638297254213397,1.0,0.0,1.0,1.0,1.0,0.0,0.9742859013260201,0.3689252715300922,1.0,1.0,0.0,1.0,0.05735674469924407,0.7384024695684265,0.07608260233961371,0.9738887725032812,1.0,0.7358709531616274,0.0,1.0,1.0,1.0,0.9280932513244016,0.0
gex_possorted_bam_1WGCZ:GATCCGTCACAAACTTx-M2,1.0,0.7675787833431487,0.5397232324409789,0.966158819355486,1.0,0.6356546891762187,0.0,1.0,0.6453500878466027,1.0,0.0,0.6940685791196417,0.8161722103984607,0.270818554745547,1.0,0.0010415392745988324,0.0,0.0,0.3540709398034887,0.589498903240788,1.0,0.8612409857279152,1.0,1.0,0.289865428369865,1.0,0.0,0.6267588195851431,0.565794873340269,1.0,0.0,1.0,1.0,0.895936448596878,0.0,0.9126915488849232,0.08281981427933734,0.9842082716879236,0.9338267856712192,0.0,1.0,0.24919381094578827,0.6437650103454275,0.3247625770749599,0.8617530616060188,0.9853942497925117,0.5078302309993186,0.0,0.8956148407396967,1.0,0.8798944974453093,0.7748607971008963,0.06838750752971912
gex_possorted_bam_1WGCZ:GATCGATTCACTAATGx-M2,1.0,0.9499764420765189,0.9922970880385631,1.0,1.0,1.0,0.024380915234450205,0.9845305103567058,0.7536334854782376,1.0,0.0,1.0,1.0,0.34312345147066275,1.0,0.0456710508842919,0.0,0.0,0.5984849446675723,0.809946664677847,0.9927058358124242,1.0,1.0,1.0,0.7896619380098859,1.0,0.0,1.0,0.8958882651484651,1.0,0.3202945101100945,1.0,1.0,1.0,0.0,1.0,0.0,1.0,1.0,0.0,1.0,0.0,1.0,0.4906771870609263,1.0,1.0,0.8173876154571693,0.0,1.0,1.0,0.9108253765767257,1.0,1.0
gex_possorted_bam_1WGCZ:GAGTGATCATTAGGCCx-M2,1.0,0.9230755181111094,1.0,1.0,1.0,0.9399600963085044,0.0,1.0,0.9175474624552747,1.0,0.0,1.0,1.0,0.5913544717506297,1.0,0.37492458360982844,0.0,0.0,0.22600409496281207,0.5335419915241482,0.6882234754880858,0.9547882937738243,1.0,1.0,0.77782343721734,1.0,0.06914338331190102,1.0,0.30251394325475894,1.0,0.0,1.0,1.0,1.0,0.0,1.0,0.18369733081192274,1.0,1.0,0.0,1.0,0.000606068504514912,1.0,1.0,1.0,1.0,1.0,0.0,1.0,1.0,0.9156815070130745,1.0,0.666351342869621
gex_possorted_bam_1WGCZ:GAGGTACAGACTAAGGx-M2,1.0,1.0,0.0,1.0,1.0,1.0,0.8680701521350479,1.0,0.912724141873629,1.0,0.07442639353158677,0.9043201666914029,1.0,0.35119540215392986,1.0,0.4233255979257604,0.0,0.7752617103248884,1.0,0.8769337722899814,1.0,1.0,1.0,1.0,0.7985897831580776,0.8748334335284671,0.0,1.0,1.0,1.0,1.0,1.0,1.0,1.0,0.0,1.0,0.2803920120991971,1.0,1.0,0.14335424904912514,0.6368458782337862,0.23237373388631888,0.9363640906985239,1.0,1.0,1.0,0.44867712352383865,0.1716683427299359,1.0,0.9798843892413354,1.0,1.0,1.0
gex_possorted_bam_1WGCZ:GATCGATTCAAACCGTx-M2,1.0,0.9069034854042887,0.027290066020088127,1.0,1.0,1.0,0.7124018101797007,1.0,0.5160795562379253,1.0,0.4827949039423586,0.8175991299952473,1.0,0.4843749614922656,1.0,0.27788031605669034,0.15721247266522612,1.0,1.0,0.6610265893008159,1.0,1.0,1.0,1.0,0.8868668610882197,1.0,0.0,0.9388527412694,0.9841062213759824,1.0,1.0,1.0,1.0,1.0,0.0,1.0,0.18226048744444845,1.0,1.0,0.0,0.8180645970577336,0.2014293249313259,0.7727567291481992,0.42500471703484716,1.0,1.0,0.37777587251677036,0.19069700911665793,1.0,1.0,1.0,1.0,1.0
gex_possorted_bam_1WGCZ:GAGGCCTTCCTGATGGx-M2,1.0,0.8201863619684715,0.5653281449783409,1.0,1.0,0.9906138025773781,0.298279641127809,1.0,0.8036072025151956,1.0,0.0,1.0,0.9363611733880761,0.3200447865683081,1.0,0.0,0.0,0.0,0.8445220604595371,0.7964397572530979,1.0,1.0,1.0,1.0,0.34885992523036746,1.0,0.0,0.8976595056068809,0.9178096877307379,1.0,0.5770803983732791,1.0,1.0,1.0,0.0,1.0,0.2807311374397462,1.0,1.0,0.0,1.0,0.05115317044960645,0.9009751643962559,0.7170574052235007,1.0,1.0,0.5472781717033554,0.0,1.0,1.0,1.0,1.0,0.4837801995420883
gex_possorted_bam_1WGCZ:GAGTCATTCATGCGTGx-M2,0.9897501507447227,1.0,0.6411539285217994,1.0,0.1805399583288409,0.835566154156805,1.0,1.0,0.9751305616391884,1.0,0.0,1.0,1.0,1.0,1.0,1.0,0.0,0.0,0.5593548370509985,0.45445602183346545,0.9709798691624663,0.7429432661939466,0.8131820472040617,1.0,1.0,0.9839915054549363,0.0,1.0,1.0,0.8167676652077733,1.0,1.0,0.9587900065081902,1.0,0.0,1.0,0.8613012508754604,1.0,1.0,0.9368419910810518,0.8513993043453668,0.7284036105332237,0.9810900972873742,1.0,1.0,1.0,0.5631302421880555,0.0,1.0,1.0,1.0,1.0,0.5278879758880725
gex_possorted_bam_1WGCZ:GAGTAACCAAACTAAGx-M2,0.10061785589713448,1.0,1.0,0.27182788253963686,0.0,0.552058147473907,1.0,0.6512240667389818,0.3355174157487877,1.0,0.0,1.0,0.041655346617900636,1.0,0.764395565107405,1.0,1.0,0.12229224235884711,0.0,1.0,0.3299386747478072,0.03889856649123826,0.22888870612236364,0.4650023265290104,0.1043767728723642,0.06517884238760951,0.27929318672422554,0.7832389182601037,0.4105540268292164,0.1937496144897702,1.0,0.0,0.2844340907554212,0.47510492158553574,0.9125884726982804,0.515415751283633,0.7442482763814489,0.219479147273837,0.6031020259053004,1.0,1.0,1.0,0.0,0.5171914815458154,0.41810445621533027,0.17703109042580037,0.08682382430400157,0.2104833642153897,0.41495424870169767,0.45238720009874295,0.0,0.09523225990516385,0.46798940978799924
gex_possorted_bam_1WGCZ:GAGTCATTCCTAACGGx-M2,0.7468583628714924,1.0,1.0,1.0,1.0,0.21418012237623907,1.0,1.0,1.0,1.0,0.0,0.2889343117113625,1.0,0.9338454844593532,0.9811412321016426,0.0,0.0,0.0,0.3538094398686234,0.044668047830251245,0.0,0.28138697836678395,1.0,0.0,1.0,1.0,0.6184684382669244,0.43291982583036265,1.0,0.3840105973312744,0.0,1.0,1.0,1.0,0.22343971728064377,0.8688250638899302,0.0,1.0,1.0,0.03488819724091176,1.0,0.0,0.8386789710885109,1.0,0.24215132090209004,1.0,1.0,0.0,1.0,1.0,0.8621273649628342,1.0,0.0
gex_possorted_bam_1WGCZ:GATGCTTAGGACGTAAx-M2,1.0,0.7822893686758388,0.35162668454785917,1.0,1.0,0.674236792719708,0.33111000149074704,1.0,0.2516383711079831,1.0,0.0,0.8733901853019673,0.7839094062995627,0.2743058549741853,1.0,0.1026969452893256,0.0,0.0,0.7684197982699991,0.8813417839320427,1.0,0.9859055122811207,1.0,1.0,0.26499313222052373,1.0,0.0,0.781075961879964,0.9768972361127752,1.0,0.0321240370970526,1.0,1.0,1.0,0.0,1.0,0.04996703704846737,1.0,1.0,0.0,1.0,0.023603985082697208,0.9252230867355132,0.4875692827124673,1.0,1.0,0.7107795811045076,0.0,1.0,1.0,1.0,0.9450423322276268,0.0
gex_possorted_bam_1WGCZ:GAGTCATTCCTGGTGAx-M2,0.9712612581469604,0.6448661640326638,0.0,0.8225308225718477,1.0,0.741858497881238,0.11913148686161998,0.947906100892805,0.4431680009954045,0.9315063791239906,0.0,0.6878663364121078,0.5742808654517462,0.2909356783542449,1.0,0.0,0.0,0.0,0.34341573665491454,0.8139870947008194,1.0,1.0,0.9938923791077537,1.0,0.3452728466138928,0.7871636144911488,0.0,0.6806575863102473,0.7141768849034574,0.8619846155707251,0.1233015964580646,0.8442137131066383,0.9826389605780859,0.7255162703408354,0.0,0.8883026396794752,0.1958151623604282,0.7875217210318839,0.8351479467893181,0.0,1.0,0.22674295458318,0.5474977560674025,0.3172339433181134,0.9343678022025469,0.8419841361351869,0.3127596873044618,0.0,0.7291688572989526,1.0,0.7416774360856003,0.7256463027736673,0.7212473192737122
gex_possorted_bam_1WGCZ:GATAATCGTCGTAATGx-M2,1.0,0.8602063190604932,0.0,0.9364321993645902,0.9644652884185424,1.0,0.5389998808350182,1.0,0.18570907346754983,0.9881576229909491,0.15567245814184277,0.5486524514157537,0.8734131060636349,0.2794865913418955,1.0,0.2171670125539668,0.0,0.6627045251764984,0.9237555048771507,0.42032057809510237,1.0,1.0,1.0,1.0,0.82370664036331,0.8581571003816243,0.0,0.6288165022084835,0.774811605458114,0.879330510928146,0.49360680304968424,1.0,1.0,1.0,0.0,1.0,0.23500067323127913,1.0,0.984005885119053,0.05795488145921428,0.9264677063429279,0.27388121352628103,0.6261781037704491,0.01665108845671115,1.0,1.0,0.18015873260906878,0.0,0.8234348703791723,0.9098021358156415,0.8683925703868477,1.0,0.8892535222288767
gex_possorted_bam_1WGCZ:GAGTATCTCTTTGACTx-M2,1.0,1.0,0.0,0.9061353260798346,0.9243942782364531,1.0,0.3700992002832552,1.0,0.5778212217364961,0.8764066639024323,0.0,0.7247121366701079,0.82476253305558,0.4502094735423317,0.9967558663462873,0.24018819158322255,0.0,0.47944149054393254,0.8117104536512013,0.4795520103231616,1.0,1.0,1.0,1.0,0.7006509914928719,0.8326872901377438,0.0,0.9034282608541742,0.9686619032320287,1.0,0.46872022891082515,1.0,1.0,1.0,0.0,1.0,0.28024095650184755,0.9990911872869304,0.9918289333087589,0.11424817728986367,0.9415956436829477,0.4493463135305191,0.6895935680997783,0.322561862362661,1.0,1.0,0.364945006684309,0.15918369649448044,0.8822728036749845,0.937688431880725,0.8702342538303086,0.9964460039738693,0.8148962190499628
gex_possorted_bam_1WGCZ:GATGAGGGTATTTGGGx-M2,1.0,0.6352491545779428,0.3760244820225124,1.0,1.0,1.0,1.0,0.9867979698382201,0.025020840953271912,1.0,0.7273178004572605,0.0,0.7218488502669647,0.1318022010950515,0.9139740179685935,0.6280157246648697,0.35781263163465005,1.0,1.0,0.8022802772856753,1.0,1.0,1.0,1.0,0.8786977032300334,0.8620110110592717,0.08625932119681655,1.0,1.0,1.0,1.0,0.7494118061805495,0.97305272044244,0.8764460825686233,0.0,1.0,0.46615575033586487,1.0,1.0,0.4952009801186562,1.0,0.22968479384366544,1.0,1.0,1.0,1.0,0.4349608213447668,0.10947885750288548,0.8164894161056183,1.0,0.9360986380636975,1.0,0.34518453111840336
gex_possorted_bam_1WGCZ:GAGGCTACAAGTAAGCx-M2,0.04144742849519085,1.0,1.0,0.9214968262810184,0.10452757236929945,0.0,1.0,0.6223508740668375,1.0,1.0,0.0,1.0,1.0,1.0,0.1668680521063132,1.0,0.0,0.0,1.0,0.0,0.0,0.0,0.0,0.0,1.0,1.0,1.0,1.0,1.0,1.0,1.0,0.0,0.0,0.7569235168470085,1.0,0.2490390115147342,1.0,0.2469877991790706,0.30760795860335854,1.0,0.14471859388417035,1.0,1.0,1.0,0.010287289734349045,0.5574872344641567,1.0,1.0,1.0,0.4125890138643279,1.0,1.0,0.24438623534594983
gex_possorted_bam_1WGCZ:GAGTCAAAGTGCACGCx-M2,1.0,0.7795956663312786,0.0,1.0,1.0,1.0,0.1696679891449628,1.0,0.264487828632639,1.0,0.3810130852538173,0.6646876482764041,0.9426617050554332,0.2404163603995155,1.0,0.13406426396099042,0.020863160921211106,0.8238699237346141,1.0,0.8831288580757815,1.0,1.0,1.0,1.0,0.5170353720682662,0.9329986939339143,0.0,0.9234089521831134,0.5748299761171695,1.0,0.7093195174581878,1.0,1.0,1.0,0.0,1.0,0.0,1.0,1.0,0.0,1.0,0.11807337588099387,0.7658552006688155,0.0,1.0,1.0,0.20958906576156833,0.013415048326919612,0.9574220496361222,1.0,0.9133816457947607,1.0,0.9733844852778428
gex_possorted_bam_1WGCZ:GATGCGACACTTACAGx-M2,1.0,0.9029301848522874,0.5263396197767817,1.0,1.0,1.0,0.20037490706331695,0.9353541182243795,0.0,1.0,0.8026375695988326,0.49622799700585907,0.6735408548170831,0.4614965423360534,1.0,0.6572244365792597,0.45482661770344107,1.0,1.0,0.5899808718504537,1.0,1.0,1.0,1.0,0.5748898704900395,0.9878994727004095,0.0,1.0,1.0,1.0,1.0,1.0,1.0,1.0,0.0,1.0,0.08961597449593095,1.0,1.0,0.0,1.0,0.1823095020706508,0.6082275827452759,0.0,1.0,1.0,0.0,0.0,0.9170757941907295,1.0,0.8388734914529897,1.0,0.9817262906405543
gex_possorted_bam_1WGCZ:GCACCTAAGTGAGCGGx-M2,1.0,0.7073691886084879,0.5268686382106723,1.0,1.0,1.0,0.4152548586571169,1.0,0.3674776626948836,1.0,0.0,0.7018825105902317,0.7863621405595463,0.2686562190288661,1.0,0.31102791252865314,0.0,0.0,0.855362684811302,0.7802988964641598,1.0,1.0,1.0,1.0,0.15338560805529775,1.0,0.0,0.7670755550898801,0.9275140682314387,1.0,0.7964918527022143,1.0,1.0,0.9256900898489491,0.0,1.0,0.2152461683461316,1.0,1.0,0.0,1.0,0.5541626619704849,0.8742414719466923,0.31492777282285983,1.0,1.0,0.6159855452751462,0.23854607199041555,1.0,1.0,0.7482470683033354,1.0,0.5560073554620882
gex_possorted_bam_1WGCZ:GATTACGGTGACATGCx-M2,1.0,1.0,0.6063958229635673,1.0,1.0,0.7255544775140133,0.36065037044818465,1.0,0.6010251512435261,1.0,0.0,1.0,1.0,0.01861414420976352,1.0,0.0,0.0,0.0,0.6581044904448357,1.0,1.0,1.0,1.0,1.0,0.27546162549186937,1.0,0.0,1.0,0.9962725946513079,1.0,0.16623594211404538,1.0,1.0,1.0,0.0,1.0,0.13770058573331095,1.0,1.0,0.0,1.0,0.17849221422129305,0.8230189985597173,0.44514346946752004,1.0,1.0,0.7119757056768459,0.0,1.0,1.0,1.0,1.0,0.24242838342156844
gex_possorted_bam_1WGCZ:GCAAACAAGGGATGACx-M2,0.3768939908200871,1.0,1.0,0.6046964703587515,0.3877548864664898,0.39168907360403654,1.0,0.6953127623998331,1.0,0.6500424341834081,0.1400081612469485,1.0,1.0,1.0,0.4595819545913088,1.0,0.6443792863181466,0.6350333518346442,1.0,0.0,0.0,0.0,0.07594969814094289,0.149090659375911,1.0,0.8175952786694659,1.0,1.0,1.0,0.5762294021673988,1.0,0.8813792072831931,0.1534970592023416,0.4013800214364237,1.0,0.21465808030830086,1.0,0.4224142565204033,0.18296554123541103,1.0,0.0,1.0,0.9667905088960341,1.0,0.8126580821481372,0.4445816838128696,1.0,1.0,0.733692213007502,0.34804480097926366,1.0,0.8968559862929859,0.0
gex_possorted_bam_1WGCZ:GCAAACCGTGATGATTx-M2,1.0,0.8224889534280764,0.2819404996347925,1.0,1.0,1.0,0.5090987540535536,1.0,0.5579355203303655,1.0,0.16904914170633845,0.46296896324736136,0.8362198609595701,0.17320041153051988,1.0,0.2984905487784375,0.0,0.5614239300802693,0.876290499775583,0.7531371162339671,1.0,1.0,1.0,1.0,0.8016977797690185,1.0,0.0,1.0,1.0,1.0,0.7687071626892299,1.0,1.0,1.0,0.0,1.0,0.15118067990765244,1.0,1.0,0.0,1.0,0.19431503835781844,0.7783477915928546,0.2497349458131228,1.0,1.0,0.24509955185729704,0.0,0.9753611854722776,1.0,0.6712185936871541,1.0,1.0
gex_possorted_bam_1WGCZ:GCAAGCCTCATTAGCAx-M2,1.0,1.0,0.2818651016755578,1.0,1.0,1.0,0.47728877346620424,1.0,0.7733088010682089,1.0,0.43086231999906927,1.0,1.0,0.6992946663923424,1.0,0.5041441782052816,0.09485151395987025,0.9593558719993475,1.0,0.820743219421499,1.0,1.0,1.0,1.0,0.75750044918316,1.0,0.0,1.0,1.0,1.0,1.0,1.0,1.0,1.0,0.0,1.0,0.4598417999937777,1.0,1.0,0.0,1.0,0.38157143255571313,0.9109936016595707,0.6782768352534092,1.0,1.0,0.3883831542894807,0.037560263247275384,1.0,1.0,1.0,1.0,0.9974597111069228
gex_possorted_bam_1WGCZ:GCACCTAAGCGTGCGTx-M2,1.0,1.0,0.4677090269157876,1.0,1.0,1.0,0.6178036623650768,1.0,0.7450466463948192,1.0,0.0,0.9906988689281487,1.0,0.5232703521214317,1.0,0.2489356382745692,0.0,0.1370013742018456,0.8778420486361417,0.9496332763299771,1.0,1.0,1.0,1.0,0.8240336854931735,1.0,0.0,1.0,1.0,1.0,0.9521577226529614,1.0,1.0,1.0,0.0,1.0,0.24945536801777812,1.0,1.0,0.0,1.0,0.22446420193916805,0.9783342577764825,0.5706398248234551,1.0,1.0,0.6476356714429258,0.0,1.0,1.0,1.0,1.0,1.0
gex_possorted_bam_1WGCZ:GATTGTTCAGTTATCGx-M2,1.0,1.0,0.0,1.0,1.0,1.0,0.4726014077564728,1.0,0.30401100703113476,1.0,0.8599616383795214,0.421373521429257,0.927743001872169,0.3006496441558812,1.0,0.4683707118267063,0.4233377176644386,1.0,1.0,0.498042595275092,1.0,1.0,1.0,1.0,0.7771879850207853,0.9154533247414341,0.0,1.0,1.0,1.0,1.0,1.0,1.0,1.0,0.0,1.0,0.1408182185766226,1.0,1.0,0.0,0.535433117845081,0.0669298628339759,0.5742682609151687,0.0,1.0,1.0,0.0,0.0,0.8617712903181579,1.0,0.8907819120105376,1.0,1.0
gex_possorted_bam_1WGCZ:GCACGCTAGCATCCAGx-M2,0.5797103013445198,1.0,1.0,0.9522129307968789,1.0,0.6241589136192184,1.0,1.0,1.0,1.0,0.0,0.0,1.0,0.5762411130758797,0.39955312755235706,0.0,0.40217361171833205,0.0,0.4667020982187578,1.0,0.6038476522723748,0.5181748472432876,0.8564126269310752,0.2294572136181191,1.0,1.0,0.7517082563081992,0.3586039657847951,1.0,0.07984592572481929,0.0,1.0,0.7066837221151296,0.9981932832862145,0.3830268186174765,0.6493039793731931,0.0,0.7280846400011366,1.0,0.20095890532037064,1.0,0.007726775003769641,0.2840529823916032,1.0,0.3200432017555319,1.0,1.0,0.0,0.9007234131216698,1.0,0.24666952917948504,0.5628860526491196,0.8873273377245531
gex_possorted_bam_1WGCZ:GCACATTAGCCAAATCx-M2,0.007988023836248024,1.0,1.0,0.6823199631188226,0.0,0.232706086182828,1.0,0.45768166939137983,1.0,0.5518409780966711,1.0,1.0,1.0,1.0,0.10488161093810566,1.0,1.0,1.0,1.0,0.0,0.0,0.0,0.0,0.0,1.0,0.9818636477408559,1.0,1.0,1.0,0.8249770911460863,1.0,0.0,0.0,0.5351915799831335,1.0,0.09569061731462776,1.0,0.024812557419509725,0.023694439598088653,1.0,0.11485366792965084,1.0,1.0,1.0,0.026683380344445198,0.4088711856709631,1.0,1.0,0.8657176892042424,0.3036510694709572,1.0,0.6866317665122631,0.0
gex_possorted_bam_1WGCZ:GATTCAATCATAGCCGx-M2,0.052293068200433016,1.0,1.0,0.9320838166003538,0.0,1.0,1.0,0.5230369374044319,1.0,0.4013342490659518,1.0,1.0,1.0,1.0,0.15298356652516706,1.0,1.0,1.0,1.0,0.0,0.0,0.0,0.0,0.0,1.0,1.0,1.0,1.0,1.0,1.0,1.0,0.0,0.0,0.6034445107156611,1.0,0.17164321610155428,1.0,0.14443913475476805,0.1704405274119258,1.0,0.10903028946631635,1.0,1.0,1.0,0.0,0.561785784773369,1.0,1.0,1.0,0.4475753040587777,1.0,0.9712525577986509,0.0
gex_possorted_bam_1WGCZ:GCAATCTAGGAATAACx-M2,1.0,0.8868428942343808,0.0,0.9281446756989175,0.9559598996081025,1.0,0.7175959047954533,1.0,0.26515229368741683,0.9777565681145524,0.14069191264550485,0.6423741147259653,0.9927391789338019,0.22604229717013977,1.0,0.3845795349006154,0.038393944469555547,0.7199132838598342,1.0,0.6558497512365449,1.0,1.0,0.9691710640777086,1.0,0.863551303328065,0.861735554683993,0.0,0.8697288503522933,0.9951813895707283,0.9333900864192,0.5241340580291556,1.0,1.0,1.0,0.02612632656420809,1.0,0.42341743391335024,1.0,1.0,0.17457463132900528,0.8357778024025289,0.332899086498677,0.652025865734831,0.0,1.0,0.9831330731740312,0.31780104857014607,0.0,0.9100319050248078,0.9568967601908981,0.8345302887050132,1.0,0.6767343456604448
gex_possorted_bam_1WGCZ:GCACGAACAATTGAAGx-M2,1.0,1.0,0.0,1.0,1.0,0.8790635905624079,0.2757864447925902,1.0,0.34579982568858725,1.0,0.0,0.7365947609996611,0.7140733903412868,0.3264071983302676,1.0,0.15824650357779357,0.0,0.0,0.7455825867807416,0.593946632352372,1.0,1.0,1.0,1.0,0.4371234057525946,0.9920069063206113,0.0,0.6624435681575677,0.7996135079441603,1.0,0.2416156578499941,1.0,1.0,1.0,0.0,1.0,0.021400639965584847,1.0,1.0,0.0,1.0,0.1633200037026465,0.7869971715381012,0.26325521401556384,1.0,1.0,0.2845014692814578,0.0,0.8867225040440431,1.0,0.7881834556498374,0.9922298735640205,0.2808748139651479
gex_possorted_bam_1WGCZ:GATTCGCCAGCCGCTAx-M2,1.0,0.8896398651935383,0.4240213658375886,1.0,1.0,1.0,0.0,1.0,0.2584363041275919,1.0,0.0,0.8777576550120451,0.818746096342942,0.49875586906730324,1.0,0.09546211812006901,0.0,0.0,0.8924829794426495,0.6430311160152893,1.0,1.0,1.0,1.0,0.10284589702772669,1.0,0.0,0.8645992291852036,0.7252201720905668,1.0,0.4762845714590392,1.0,1.0,1.0,0.0,1.0,0.08022574613446706,1.0,1.0,0.0,1.0,0.19472536332629717,0.7131647800421359,0.30899547824043905,1.0,1.0,0.46368758213601136,0.07342244520143257,1.0,1.0,1.0,1.0,0.43200211589638654
gex_possorted_bam_1WGCZ:GATTGCAGTTACCTGTx-M2,0.6265064433159461,0.29766592916493984,0.0,0.422241614247546,0.6849248771626198,1.0,0.0,0.44305138559668245,0.0011771419008145437,0.7819420397700818,0.5813724094036452,0.603778609780104,0.7140495852392613,0.2711819063776512,0.24595075529023228,0.7963473623007263,0.46603415156221917,1.0,0.6724749304481518,0.7289120884364211,1.0,0.9147188382941954,0.7244771012393969,0.828200670751679,0.5143723403302727,0.42428962514463214,0.4276192493482008,0.43906665837317327,0.18658058471186878,0.7226873905504455,0.060913264106230235,0.2649231455343975,0.5067456788660996,0.42961007761403375,0.28861524431630925,0.7721897985656564,0.6635459553618437,0.42207481342528397,0.47628695280611333,0.22824514713690958,0.6205734507218873,0.4667372045308279,0.18758602372481029,0.1332197749578758,0.8382141860527251,0.6052063838892768,0.21157871204911244,0.6841774420344277,0.4818365390315852,0.6210511327467229,0.5829649869649339,0.5902672924095643,1.0
gex_possorted_bam_1WGCZ:GATTGTTCAGCAGGTAx-M2,0.9977278881626368,1.0,0.1841127893087119,1.0,1.0,0.7441624813759314,1.0,1.0,1.0,1.0,0.0,0.9852280447775194,1.0,0.784349783231482,0.8556723215143027,0.20472055446438936,0.0,0.0,0.7041749091708365,0.7232274620155379,0.9690311518417669,0.6112058080175355,0.9874077658284911,0.7750628727867286,1.0,1.0,0.16944521409672342,0.9341134443188112,1.0,0.5310013762691844,0.43327253231880225,0.9690613913428274,0.9903061413699883,1.0,0.011435701815287316,1.0,0.2377387729671438,1.0,1.0,0.39407425457957007,1.0,0.4605829719962198,0.9169308147234769,1.0,0.9938293594992281,1.0,0.8075040774351344,0.0,1.0,1.0,0.9411611175213112,0.9466124571173224,0.42683172255797897
gex_possorted_bam_1WGCZ:GCAAGCCTCACCAATAx-M2,0.9328360379205637,0.6888181530024232,0.34105561178568505,0.8875012014095106,1.0,1.0,0.024442482643098732,0.8139058585549339,0.289521748404786,1.0,0.46608068170274297,0.8530668035981605,0.7423120526428949,0.24873541495252022,1.0,0.10876986455913701,0.2625917874282247,0.8590477859776914,0.6984062422578344,0.9173982761989566,1.0,1.0,1.0,1.0,0.4008890606105688,0.797659381693699,0.0,0.8298945337168793,0.7702295647987897,1.0,0.7007211425326465,1.0,0.9120405728871799,0.9348072540952765,0.015516916132702148,1.0,0.10290823569133214,0.9154813047313283,0.9580829579121517,0.08586614599350222,1.0,0.0009510936568208932,0.7390194727196953,0.24007370581805298,1.0,0.8828337874165689,0.22297903483258974,0.0,0.8301751211446923,1.0,0.6201979162092074,1.0,1.0
gex_possorted_bam_1WGCZ:GCAAGTCGTTGCTTCGx-M2,1.0,1.0,1.0,1.0,1.0,0.37731238416510027,0.0,1.0,0.5400464114902344,1.0,0.0,1.0,1.0,0.4962403155946533,1.0,0.0,0.0,0.0,0.0485888659753717,0.3857919364960987,0.73638191078881,0.7329527618861522,1.0,1.0,0.3969734191737513,1.0,0.06016874638918791,0.7645481853343288,0.6591843984840582,1.0,0.0,1.0,1.0,0.928051760662625,0.0,0.9852719100234604,0.0,1.0,1.0,0.0,1.0,0.0,0.8260753256012507,0.47265400212535125,0.8326043957964083,1.0,0.6863702285626171,0.0,1.0,1.0,1.0,0.9574798893602826,0.0
gex_possorted_bam_1WGCZ:GCAAGTGCACTAGCGTx-M2,1.0,1.0,0.3174150878908769,1.0,1.0,1.0,0.48416059744733686,1.0,0.8043879469461412,1.0,0.0,1.0,1.0,0.4021244965659897,1.0,0.3652810416673682,0.0,0.1434573979159994,0.8661077079896056,0.5971251322350818,1.0,1.0,1.0,1.0,0.510396918370274,1.0,0.0,0.9929969524852919,1.0,1.0,0.4212980428425234,1.0,1.0,1.0,0.0,1.0,0.21406203136461008,1.0,1.0,0.0,1.0,0.24067694485161809,0.8899366658116616,0.3492639355523268,1.0,1.0,0.34659054356529406,0.0,1.0,1.0,1.0,1.0,0.9740562729307589
gex_possorted_bam_1WGCZ:GCACGCTAGGTCCTGAx-M2,0.7832093535740593,0.6309379754659131,0.17759714057796644,0.5755096994617985,0.8388370207936479,1.0,0.0,0.6717249452605758,0.1736283580670832,0.8473866663327968,0.7166412294431579,0.0,0.4324455371121677,0.01731999693893254,0.8524776625418008,0.0,0.46095147636746203,1.0,0.6146617559886736,0.9270653760022938,1.0,1.0,0.7837700586754166,1.0,0.225225727255285,0.6022981547871226,0.056657535116093415,0.6490085988415618,0.4809285212802892,0.7235354787953272,0.6558114670211025,0.856641768328518,0.8069052027446387,0.5628722640361451,0.0950733462306604,0.7554757248339142,0.010179355745131088,0.7566846921155798,0.696714463789155,0.09498037680313585,0.9942390708285892,0.286257179529069,0.28874490553424903,0.0,0.7606159646424321,0.6894394898254776,0.15731412609043027,0.0,0.6364722436030703,0.7962811639144819,0.4194965104729742,0.6911629071295408,1.0
gex_possorted_bam_1WGCZ:GATTAAGCATTTGCTCx-M2,0.048345573266562775,1.0,1.0,0.9775372469172058,0.0,0.49666266248769403,1.0,0.7488174441677038,1.0,1.0,0.5386930044105275,1.0,1.0,1.0,0.2619615331271493,1.0,1.0,1.0,1.0,0.0,0.0,0.0,0.0,0.0,1.0,1.0,1.0,1.0,1.0,1.0,1.0,0.0,0.0,0.8216610617900089,1.0,0.35646078002575715,1.0,0.18434639463253483,0.1232946387925885,1.0,0.468008448963592,1.0,1.0,1.0,0.18718969576101882,0.5544048481687464,1.0,1.0,1.0,0.4875487094457754,1.0,0.9714877092646238,0.0
gex_possorted_bam_1WGCZ:GATTCATCAACGTGCTx-M2,0.8385884952981398,1.0,0.16597954979999813,0.949024174056472,0.17523545110028074,0.6096298851995386,1.0,1.0,1.0,1.0,0.0,1.0,1.0,1.0,1.0,1.0,0.0,0.0,0.7723605832512391,0.018061678762836413,0.7499978554698881,0.4530901560091497,0.6608726964766243,0.8378858017629096,1.0,0.9220527504014169,0.30966596925366724,1.0,1.0,0.8982881146886253,1.0,0.8016101051682807,0.7956449171467861,1.0,0.3573789620393124,1.0,1.0,0.8975748457548135,0.91755956748146,0.8650523589927281,0.8535246912594792,1.0,1.0,1.0,1.0,1.0,0.9806235789573085,1.0,1.0,0.9159160273945334,1.0,1.0,0.4807657894561164
gex_possorted_bam_1WGCZ:GATTGCAGTTGGTTAGx-M2,0.05151057404048696,1.0,1.0,0.9211806036972694,0.0,0.0,1.0,0.8347300194534464,1.0,1.0,0.0,1.0,1.0,1.0,0.11591349280390904,1.0,0.0,0.0,1.0,0.0,0.0,0.0,0.0,0.0,1.0,1.0,1.0,1.0,1.0,0.5590407196102917,1.0,0.0,0.0,0.8087847220554272,1.0,0.26983147952502745,1.0,0.13834486598034543,0.13181718633343026,1.0,0.4209783034180504,1.0,1.0,1.0,0.0,0.4754551039405981,1.0,1.0,1.0,0.581039134786878,1.0,0.947437367457177,0.0
gex_possorted_bam_1WGCZ:GATTGTTCAAGTTATCx-M2,0.9846613786269082,0.9674919936959095,1.0,1.0,1.0,0.7970793785796396,0.0,1.0,1.0,1.0,0.0,1.0,1.0,0.634636079867172,1.0,0.11515440165512093,0.0,0.0,0.0,0.4989965776888685,0.0902970380593581,0.6966964354278762,1.0,0.6005761386546767,0.8737648795378956,1.0,0.0,1.0,0.8744357463747203,1.0,0.0,1.0,1.0,1.0,0.0,1.0,0.0,1.0,1.0,0.0,1.0,0.0,1.0,1.0,1.0,1.0,1.0,0.0,1.0,1.0,0.9995999153606396,1.0,0.7810274888203811
gex_possorted_bam_1WGCZ:GCACATTAGTACCGCAx-M2,0.0,1.0,1.0,0.5022498899558298,0.0,0.0,1.0,0.4427948392056504,1.0,0.0,0.20558061061635016,0.6339500904585459,1.0,1.0,0.0,1.0,0.05735606693360874,0.1904258495785599,1.0,0.0,0.0,0.0,0.0,0.0,1.0,0.5331844874197788,1.0,0.28575095490432184,1.0,0.8332478748022492,1.0,1.0,0.0,0.6633123687151251,1.0,0.21887893823164978,1.0,0.0,0.0,1.0,0.5622114280534065,1.0,1.0,1.0,0.12970050164570154,0.32980335980498793,1.0,1.0,0.6839036874691797,0.38683655121458754,1.0,0.49482151973649313,0.0
gex_possorted_bam_1WGCZ:GCAAACAAGTTAGAGGx-M2,1.0,0.7619089958406169,0.0,1.0,1.0,1.0,0.11050003915065697,1.0,0.0,1.0,0.40958503722452855,0.5622119262895796,0.9409752572126272,0.14254004209928708,1.0,0.09880803535526918,0.059451635447710025,0.8465299348262665,1.0,0.6826188508489752,1.0,1.0,1.0,1.0,0.6525753642703177,0.9534140577161543,0.0,0.7363787910312276,0.803390203225957,1.0,1.0,1.0,1.0,1.0,0.0,1.0,0.24968858081305928,1.0,1.0,0.0,1.0,0.09974788126171259,0.6490248865072878,0.0,1.0,1.0,0.5943527385395241,0.0,1.0,1.0,1.0,1.0,1.0
gex_possorted_bam_1WGCZ:GCACATTAGCACCACAx-M2,0.016366128359826298,1.0,1.0,0.8763267073387914,0.0,0.8418539367726167,1.0,0.61421415259556,1.0,0.5689439150408663,1.0,1.0,1.0,1.0,0.10862421836381247,1.0,1.0,1.0,1.0,0.0,0.0,0.0,0.0,0.0,1.0,1.0,1.0,1.0,1.0,1.0,1.0,0.0,0.0,0.5552903738705764,1.0,0.18549820278755538,1.0,0.14919281856755193,0.12471042402485912,1.0,0.14917858593157474,1.0,1.0,1.0,0.08542529746581745,0.5209915783948809,1.0,1.0,1.0,0.3198356285077839,1.0,0.8787901364820111,0.0
gex_possorted_bam_1WGCZ:GATTGATGTTCCAGGGx-M2,1.0,0.9016957293329926,0.5168641312981642,1.0,0.95370192570077,0.28924158294527685,0.7336068617277031,1.0,0.6316200755435153,1.0,0.0,1.0,0.8943360232015409,0.358430600630143,1.0,0.045332377801976985,0.0,0.0,0.39991963230358113,0.7735474354087745,1.0,0.7546167753277615,1.0,1.0,0.5053128269487721,1.0,0.0,0.8724892152492029,0.9943759746409614,0.8911977164812723,0.07211806621548851,1.0,1.0,1.0,0.0,0.9859884546568104,0.4228944216648471,1.0,1.0,0.0,1.0,0.18082292240724585,0.8135920735195439,0.36438756814912104,0.9706593789965066,1.0,0.7965022304261369,0.0,0.9992981088918867,1.0,1.0,0.8050711170734515,0.0
gex_possorted_bam_1WGCZ:GATTCAGGTACGCGCAx-M2,1.0,0.45663056128341545,0.0,0.9676881594191472,1.0,0.9264251552764433,0.24286642519139182,1.0,0.4415081478470821,0.9054636491651324,0.0,0.1925202829230842,0.48058966343620724,0.2833064259615114,1.0,0.0,0.0,0.0,0.6113110676058661,0.31071774496469984,1.0,0.9697708966399641,1.0,1.0,0.677961587499819,0.92743812613545,0.0,0.922467111665457,0.5391304957768985,0.8677362070622273,0.3935169526595199,0.9182437279042851,1.0,0.9972668764729723,0.0,0.8799221041451021,0.32827718890893726,1.0,0.9775004078308677,0.0,1.0,0.04296336288697255,0.770581548964014,0.2535283321217972,1.0,0.9824471085938389,0.362072972049909,0.0,0.7433884538950805,0.7818269547393741,0.8757258198194567,0.9345763998037804,0.509217168634217
gex_possorted_bam_1WGCZ:GATTCAATCCCGAAGCx-M2,0.0,1.0,1.0,0.966235726750175,0.0,1.0,1.0,0.41650786810004126,1.0,0.701560390455328,1.0,1.0,1.0,1.0,0.3319331470643671,1.0,1.0,1.0,1.0,0.0,0.0,0.0,0.0,0.0,1.0,1.0,1.0,1.0,0.9658050797836083,1.0,1.0,0.0,0.0,0.5290994218317349,1.0,0.20847079292876156,1.0,0.2654113842650755,0.094102156111,1.0,0.32306388352931475,1.0,1.0,1.0,0.0,0.5119063195310622,1.0,1.0,1.0,0.47365925303975975,1.0,0.9689721275719466,0.0
gex_possorted_bam_1WGCZ:GATTCGCCAACTAGAAx-M2,1.0,1.0,0.03134363086838896,1.0,1.0,1.0,0.5860409935150991,1.0,0.3478887733539666,1.0,0.2957775098853694,0.8371294425937019,1.0,0.4115648300263305,1.0,0.40310563203059957,0.1455036087166673,1.0,1.0,0.9665481359699055,1.0,1.0,1.0,1.0,0.824491100921954,1.0,0.0,1.0,1.0,1.0,0.8085891257532694,1.0,1.0,1.0,0.0,1.0,0.0021004067723621456,1.0,1.0,0.0,1.0,0.06948737782525934,0.8851136399411236,0.4798203644032717,1.0,1.0,0.38052113462406534,0.0,1.0,1.0,1.0,1.0,0.9715909481994046
gex_possorted_bam_1WGCZ:GCAATGTTCAGCAAAGx-M2,0.09924160155458366,1.0,1.0,0.9379884355338802,0.0,0.0,1.0,0.97838253888781,1.0,0.7957509378836407,0.0,1.0,1.0,1.0,0.12740646978424175,1.0,0.2697828414495746,0.20087255042850383,1.0,0.0,0.0,0.0,0.0,0.0,1.0,1.0,1.0,1.0,1.0,0.7494747436745519,1.0,0.014171422056164852,0.0,0.8467955905597665,1.0,0.3042715162356222,1.0,0.06552325993833436,0.017270551713831718,1.0,0.24200739505053667,1.0,1.0,1.0,0.13449547421707825,0.5177187376500803,1.0,1.0,1.0,0.5465227023017176,1.0,0.844194041113441,0.0
gex_possorted_bam_1WGCZ:GATTCAATCCTGTTCAx-M2,1.0,0.47653919407538475,0.0,0.9195036787728502,0.9442058716850289,0.960982481373581,0.41144513732876586,1.0,0.2698014442486587,0.7971875892692588,0.1148607064919388,0.43453920288809605,0.7529607975318269,0.4699336220590191,0.8894487726755993,0.1340810004682784,0.0,0.3900506461960778,0.7439261047955811,0.7728983379937514,1.0,1.0,0.9844989477008146,1.0,0.4150403225397456,0.7877658101646763,0.0,0.6443370985513494,0.5839399935239563,0.8442249262558098,0.28802393370255835,1.0,0.9807257348981888,0.8990620568562354,0.0,0.9489117654149776,0.2064757888151709,0.9071562596121917,0.8584123401333252,0.0,1.0,0.20000868707666858,0.47792565242549145,0.07205788741961615,1.0,0.8897416304216628,0.16551700614630827,0.0,0.7484967954259928,0.9841615700812227,0.993837704756151,0.7740848223326385,0.5857326788113365
gex_possorted_bam_1WGCZ:GCAAGTCGTTTGTGGAx-M2,0.2819173096257143,0.6775631838618202,1.0,0.5827132864398729,0.08028818698632739,1.0,1.0,1.0,0.7326265083300512,1.0,0.007256274159575566,1.0,0.6345007700092352,1.0,0.8358491624416329,0.5786611740625353,1.0,1.0,1.0,1.0,0.41394525323300085,0.0,0.9290830259485576,0.054783907635025664,0.41126470693494027,0.46034125836517775,0.2348266726048981,1.0,1.0,0.7719269902708836,0.0,0.0,0.5749484292862795,0.45421504747862856,1.0,0.9121515821546896,0.2429439562835445,1.0,1.0,0.49596468977824726,1.0,1.0,0.9031397396756262,0.16978375890079553,1.0,0.20469861034855294,1.0,0.4263626824717806,0.37886707297884664,1.0,0.0,0.042921838590850456,1.0
gex_possorted_bam_1WGCZ:GATTGGCGTCACTCGCx-M2,1.0,0.8364500632537293,1.0,1.0,1.0,0.5559183747094683,0.0,0.989441018875556,0.8596033942973398,1.0,0.0,1.0,1.0,0.5538163307833068,1.0,0.20724613116567436,0.0,0.0,0.0,0.3361644241257289,0.19270247002926147,0.6307976931820061,1.0,0.6649022143237938,0.4960054012310458,1.0,0.009581594417219612,0.8379300827025972,0.6229859408164382,1.0,0.0,1.0,1.0,1.0,0.0,1.0,0.1011126944712177,1.0,1.0,0.0,1.0,0.0,1.0,0.4147980926868828,1.0,1.0,1.0,0.0,1.0,1.0,0.78084862768035,1.0,0.7351209170526367
gex_possorted_bam_1WGCZ:GCACGAACAAGGTGGCx-M2,1.0,0.9126046674039624,0.06320968613311882,1.0,1.0,1.0,0.6015013272806836,1.0,0.6811826131531532,1.0,0.43148532755678176,0.7173434718841165,0.8266230051599882,0.3954959158060664,1.0,0.3169189953095079,0.0664416569372178,1.0,1.0,0.7357124416628714,1.0,1.0,1.0,1.0,0.598695566733881,0.9343144244999994,0.0,1.0,1.0,1.0,1.0,1.0,1.0,1.0,0.0,1.0,0.12369708470336745,1.0,1.0,0.0,1.0,0.14211407182699143,0.8207876743779186,0.2430891652458311,1.0,1.0,0.04853432064100946,0.0,1.0,1.0,0.9565422170529607,1.0,0.7820645560560584
gex_possorted_bam_1WGCZ:GCAAACAAGGTCGAGGx-M2,1.0,1.0,0.2512289364668516,0.833224022432899,0.28869561107380026,0.5090111390264237,0.8534641642450348,1.0,1.0,0.9551892942653069,0.0,1.0,0.9026800170304446,0.5300788312898127,0.9873921878463648,0.0,0.0,0.0,0.5285706806155448,0.2603005383897772,0.8441940686588517,0.7115508856747828,0.8269105775078763,1.0,0.7522737566629953,1.0,0.008079935107546553,0.912847087756667,0.19079852809308756,0.727445803039284,0.22916239918320944,1.0,1.0,1.0,0.0,1.0,0.2827126175247277,1.0,0.927055996367387,0.11867377666614272,1.0,1.0,0.5470197861549988,0.0,1.0,0.887751034592904,0.582974494799045,0.07868752514089995,0.8665932380229178,1.0,0.7350762778058713,0.7710295579977726,0.24075840979040738
gex_possorted_bam_1WGCZ:GCAATATGTGCGCAATx-M2,1.0,0.8866187106990487,0.0,1.0,1.0,1.0,0.34540791150601335,1.0,0.47649238160407276,0.9748291288107395,0.0,0.7727775924157969,0.8873699660207989,0.383226621510091,1.0,0.3290332903566981,0.0,0.1677456772088617,0.9112217519680958,0.7259212374863626,1.0,1.0,1.0,1.0,0.47833220463058657,1.0,0.0,0.9716605978534207,0.8473963918242295,1.0,0.4792266640037853,1.0,1.0,1.0,0.0,1.0,0.2921255752550719,1.0,1.0,0.0,1.0,0.3044420777744841,0.7778047747836694,0.3996775594518212,1.0,1.0,0.4901951716432689,0.05845041647850425,1.0,1.0,1.0,1.0,0.4627840309386899
gex_possorted_bam_1WGCZ:GCAATATGTTAGCAGCx-M2,1.0,0.880781671003966,0.0,1.0,0.9981818770430709,1.0,0.49974506043126665,1.0,0.32708347352091927,0.9907956493583301,0.14318741238686594,0.9686330397521908,1.0,0.21254469926974023,1.0,0.20398535619236205,0.0,0.597347489398536,1.0,0.7239602934210686,1.0,1.0,1.0,1.0,0.6413411583815438,0.8630223685271144,0.0,0.9326515735578728,1.0,1.0,0.7690266527231341,1.0,1.0,1.0,0.0,1.0,0.043910922984614846,1.0,1.0,0.0,1.0,0.16025604828312434,0.6986399043159577,0.24826921890771522,1.0,1.0,0.265578652775374,0.0,0.8824485736727536,1.0,1.0,1.0,1.0
gex_possorted_bam_1WGCZ:GCAAGTGCACCTGCCTx-M2,0.7467858718114087,0.8953420426796034,0.14855811471854885,0.6624350621242038,0.9685251816671584,1.0,0.5319161018242126,0.7392997074355618,0.24351102595846716,0.8916598105897018,0.47378282450552595,0.3336460033867524,0.5548953773158186,0.14840097732056456,0.8251800996463893,0.45271112957153387,0.3459120141899017,0.8370963500912788,0.4813011752243996,1.0,1.0,1.0,0.769418746414372,1.0,0.4325357502001624,0.49406286073427486,0.0,0.741484567814281,0.898226020235845,0.77501741967412,1.0,0.5162840034654712,0.7498195250759168,0.7597707338636696,0.04081717411845687,0.9160113955328248,0.26988409859161794,0.6932416633739306,0.8090172988989313,0.48769701855129766,0.48537238790472126,0.209968743307514,0.5410829732712547,0.7526521670965813,0.8379078293335622,0.7738628101310153,0.13844048701322226,0.0,0.662599989760832,0.9224665621443761,0.582734230189485,0.768725048561786,1.0
gex_possorted_bam_1WGCZ:GATTCCTGTTCCTGTGx-M2,1.0,0.9393564360715354,0.11840372044207405,1.0,1.0,1.0,0.0,1.0,0.32098744247006794,1.0,0.046885453607001706,0.873391273168622,0.8482088422413113,0.4526087969382629,1.0,0.16117233028545067,0.0,0.09720599890027323,1.0,0.6902703993061203,1.0,1.0,1.0,1.0,0.0736697053739542,1.0,0.0,0.985895956593174,0.86443761199182,1.0,0.48732406828264624,1.0,1.0,1.0,0.0,1.0,0.02550344889129697,1.0,1.0,0.0,1.0,0.2020229846365034,0.7684096448796547,0.31695044211762335,1.0,1.0,0.5405694939152159,0.019729274088252553,1.0,1.0,1.0,1.0,0.2674730740052534
gex_possorted_bam_1WGCZ:GATTCCTGTGAGGTAGx-M2,0.03854861922944503,1.0,1.0,0.8857540501517847,0.0,0.0,1.0,0.6684722295635969,1.0,0.6624100732115168,0.28372013357700737,1.0,1.0,1.0,0.2559233602384116,1.0,0.6654695214483142,0.26272000625979625,1.0,0.0,0.0,0.0,0.0,0.0,1.0,1.0,1.0,1.0,1.0,0.9429640083351316,1.0,0.0,0.0,0.8341083081204187,1.0,0.19316198425303013,1.0,0.17370219669578485,0.16324799421722427,1.0,0.3018423650529578,1.0,1.0,1.0,0.08600844603401092,0.5127857327665938,1.0,1.0,1.0,0.23377132671624698,1.0,0.8828737873692657,0.0
gex_possorted_bam_1WGCZ:GCAAACCGTTAGGACCx-M2,1.0,1.0,0.0,0.9905543390486126,1.0,1.0,0.567005578224749,1.0,0.31860057409266607,0.9928952000634634,0.6656132716422559,0.5171985749164397,0.9190402664365681,0.30272638133766877,1.0,0.40105421442300865,0.2986003484349387,1.0,1.0,0.6400775743875836,1.0,1.0,1.0,1.0,0.7849499348488099,0.7784871616015333,0.0,0.8923859072075663,1.0,0.9813909454521667,1.0,1.0,1.0,1.0,0.0,1.0,0.1254230172312864,1.0,1.0,0.04523870828957702,0.6244393982957346,0.18624574197278396,0.5438362051502589,0.0,1.0,1.0,0.0,0.0,0.8129085237042567,0.9831172935046829,0.8431691147167575,1.0,0.9268102868071154
gex_possorted_bam_1WGCZ:GATTCCTGTATTACCCx-M2,1.0,0.9809299387470938,0.5499680791897718,1.0,1.0,1.0,0.14490322345276854,1.0,0.34907793362888273,1.0,0.04126277583550043,0.7734068946475037,0.7980236177981401,0.2213068765688236,1.0,0.16601241074397707,0.0,0.14804663380679645,1.0,0.9151658559371977,1.0,1.0,1.0,1.0,0.0,1.0,0.0,1.0,0.930465926120676,1.0,0.9826340745337271,1.0,1.0,1.0,0.0,1.0,0.09124009839240756,1.0,1.0,0.0,1.0,0.16471156846499097,0.9225784323097478,0.6934523821592259,1.0,1.0,0.3976101925912462,0.06934531456216514,1.0,1.0,1.0,1.0,0.656603410777909
gex_possorted_bam_1WGCZ:GATTGCGTCAGAAACGx-M2,1.0,0.9845688082656222,0.0,1.0,1.0,1.0,0.6419597769281882,1.0,0.7233058896652849,0.9924671305634412,0.5024565200242354,0.7535397871211574,0.9264528934251777,0.4741318764825841,1.0,0.31909440568788433,0.1475534573247915,1.0,1.0,0.5297237215570033,1.0,1.0,0.9804140510146789,1.0,0.7072618314649927,0.8195359448626471,0.0,1.0,1.0,1.0,1.0,1.0,1.0,1.0,0.0,1.0,0.2491032206429748,1.0,1.0,0.014629406106320443,0.5048045264114993,0.3688177914925328,0.5608747444968444,0.0,1.0,1.0,0.0,0.0,0.9036025644681078,0.9260898069406438,1.0,1.0,1.0
gex_possorted_bam_1WGCZ:GATTACGGTCACAGACx-M2,0.5917968954635,0.3705876964986659,0.0,0.4876174432845559,0.6809042015744601,0.47413182087663974,0.2947205477073964,0.5092664981594955,0.6024149444561526,0.32049453028989705,0.34997724283294296,0.13148636878604608,0.25661368330160544,0.012486067279898377,0.6037156794292915,0.2056987382988681,0.25395968645900197,0.5927680915263795,0.29660436474112084,0.6836075902882799,0.7661474615666414,0.8852318558873534,0.5093232399826795,0.6942202535536071,0.14141865296222283,0.31179917629396675,0.28450762342545977,0.43782046668694025,0.5026576406152443,0.382580233687814,0.0,0.6364283196032291,0.5351558198530971,0.45289392277056045,0.32443761760601014,0.5533731267790841,0.2551317911313441,0.5392307658309918,0.4338751040110873,0.15160301715718932,0.2233039660511848,0.24476464914477564,0.24653014693164163,0.0,0.7036929309400886,0.48604983367638943,0.10030417187520799,0.5589654931730318,0.3404710657640215,0.40302247905202754,0.5924632980123794,0.49290449754905485,0.6890590031540611
gex_possorted_bam_1WGCZ:GATTAAGCATTCAGCAx-M2,1.0,1.0,0.2571054303719002,1.0,1.0,1.0,0.8307976935271664,1.0,0.7185593227909702,1.0,0.0,1.0,0.9981210202979005,0.503177811563044,1.0,0.2846392643407771,0.0,0.43793004700631954,1.0,1.0,1.0,1.0,1.0,1.0,0.8069240259096303,1.0,0.0,1.0,1.0,1.0,1.0,1.0,1.0,1.0,0.0,1.0,0.2841258633877048,1.0,1.0,0.13640238127194257,1.0,0.31178904079971964,0.9530112199762423,0.9450279872493602,1.0,1.0,0.3771866077284003,0.0,1.0,1.0,1.0,1.0,1.0
gex_possorted_bam_1WGCZ:GCAATAGAGTCAGTACx-M2,0.6884212987771238,0.47430080100921784,0.0,0.4739792294179807,0.6290766410881251,1.0,0.0,0.5602861891083281,0.0,0.5318826977587597,1.0,0.5326418641027988,0.24608185238646466,0.04091539225311512,0.49246385477184823,0.17760137241453722,0.8314742339193805,1.0,0.7551917015363188,0.49129096463187777,1.0,1.0,0.6653716260965986,1.0,0.0,0.46555855712232774,0.13219729216328494,0.5080011724183261,0.5527193471010287,0.5584694076211967,0.0,0.6479592484256792,0.5961315430195897,0.4237044408504816,0.12343437013101294,0.6894045479274706,0.0,0.6882397616897318,0.519585999002145,0.0,0.16072134625457365,0.0064185775629152985,0.05443475452719161,0.0,0.8061440233495728,0.5310415710193649,0.0,0.04750467323532477,0.39117796991834763,0.6386715213799727,0.2002367030940857,0.6461250212200382,0.6474695617367457
gex_possorted_bam_1WGCZ:GATTCATCAATACTGTx-M2,1.0,1.0,0.0,0.9981813613854845,1.0,1.0,0.45613138402656783,1.0,0.5249281323723007,1.0,0.6451064851345413,0.3281884125614166,0.9516367884238465,0.4147273775489813,1.0,0.486010571046962,0.3217203845307052,1.0,1.0,0.7648917150198971,1.0,1.0,1.0,1.0,0.7930872143395514,0.9125327160508679,0.0,1.0,1.0,1.0,0.9216253445757944,1.0,1.0,1.0,0.0,1.0,0.26387502169392024,1.0,1.0,0.012444864991485342,0.8140948512976268,0.1952738084115684,0.6858350788897893,0.35233660403208733,1.0,1.0,0.24363971161664222,0.06693610995358043,0.9718925790269377,1.0,1.0,1.0,1.0
gex_possorted_bam_1WGCZ:GATTCCTGTGTCACGGx-M2,0.06804240214513942,1.0,1.0,0.8775315970164228,0.0,0.0,1.0,0.6496578142337801,1.0,0.796196802457017,0.1093542035238294,1.0,1.0,1.0,0.17809702661148932,1.0,0.21948516931056358,0.0,1.0,0.0,0.0,0.0,0.0,0.0,1.0,1.0,1.0,1.0,1.0,0.8939413719966939,1.0,0.1989847921741068,0.0,0.7844479577250462,1.0,0.19210033451591682,1.0,0.09044326533698992,0.1059623546651877,1.0,0.07684599338489892,1.0,1.0,1.0,0.0011882693971461764,0.5080973619078144,1.0,1.0,1.0,0.5305696733538154,1.0,1.0,0.0
gex_possorted_bam_1WGCZ:GCAATAGAGTTATGGCx-M2,1.0,0.8433801679641226,0.2688234978728154,1.0,1.0,0.7714612339640933,0.01517742278299123,1.0,0.7586689914186885,1.0,0.0,1.0,0.8393107183341738,0.2507705820193767,1.0,0.024468538756762533,0.0,0.0,0.7507868059630216,0.5192300167581583,1.0,1.0,1.0,1.0,0.18917590855299277,1.0,0.0,0.9652216020213871,1.0,1.0,0.20278578779035875,1.0,1.0,0.9669899669300548,0.0,1.0,0.2821690857070965,1.0,1.0,0.0,1.0,0.1774121075709187,0.7887579968813622,0.3057294612445879,1.0,1.0,0.5421974897244195,0.0,1.0,1.0,0.998925515263104,0.9775804636924181,0.21846683535432052
gex_possorted_bam_1WGCZ:GCAAGCCTCAATACGCx-M2,1.0,0.9687432362594036,0.06204385706095324,0.869925842366909,1.0,1.0,0.0007892941788749894,0.8711094476006144,0.729520176375746,1.0,0.782103406643346,0.9240375780404406,0.9481260610145311,0.1155570493954048,0.9806586239883924,0.4145481178027891,0.48569956614033655,1.0,1.0,0.612071077181759,1.0,1.0,0.9540679779403219,1.0,0.6351645289688379,0.8799491952455346,0.0,0.7078895007418,0.865835229462131,1.0,0.27851728820192656,1.0,0.9783434214276051,0.9661861103548698,0.0,1.0,0.02572300828096603,1.0,0.9333535913689102,0.0,0.9178389389640014,0.0076778001416401365,0.6690314734257665,0.0,1.0,0.948077142456315,0.19181478408837133,0.0,0.7852542749062942,1.0,0.4257236076340486,1.0,0.8498151852358888
gex_possorted_bam_1WGCZ:GCAAACCGTTGCATCTx-M2,0.0,1.0,1.0,0.9063271219512824,0.7015511056986,0.0,1.0,1.0,1.0,1.0,0.0,1.0,1.0,1.0,0.12764736131477283,1.0,0.0,0.0,1.0,0.0,0.0,0.0,0.014577398292726994,0.0,1.0,1.0,1.0,1.0,1.0,0.5336604266552827,1.0,0.26598611375021425,0.0,0.883236319049621,1.0,0.27518465632438255,1.0,0.013882167137744362,0.17828440221105227,1.0,1.0,1.0,1.0,1.0,0.0,0.6362648382741565,1.0,1.0,1.0,1.0,1.0,0.9494746741319618,0.6313663806646114
gex_possorted_bam_1WGCZ:GATTTGCAGAAACTGGx-M2,0.7046529465949245,0.6053846676254843,0.11414174520685608,0.6121575145076777,0.6508793458828049,1.0,0.0,0.6740826673934085,0.3435898587802484,0.7218708581106438,0.6477371211937315,0.0,0.500799357028476,0.31126165177669396,0.6404910957190935,0.1454036041907708,0.42684533216780807,1.0,0.4355765370167964,0.9194584291441431,1.0,1.0,0.7292537846088311,1.0,0.11955196082179675,0.5544591002155637,0.09376745228710645,0.44490605271360556,0.2535760835848069,0.6347469802690149,0.6785457526791883,0.9614595373725467,0.750117546075857,0.49907207760040456,0.09680855412610556,0.6874043127813357,0.050362117675600095,0.5991608364277425,0.6048004752943358,0.09088108355297424,0.9605570036698006,0.07122598543085916,0.3833602412942805,0.24667657313935426,0.7291312685686531,0.6656608439849996,0.29770851287467215,0.37565773113903306,0.567622669157725,0.7059361409901133,0.5351619685313909,0.5635355144245169,1.0
gex_possorted_bam_1WGCZ:GATTGGCGTACAATGTx-M2,1.0,0.7561242558568946,0.0,1.0,0.9882570853126966,0.6802209778461106,0.527714508795287,1.0,0.5745278980204328,1.0,0.0,0.8769359578368309,0.9976340641555282,0.5817900734716367,1.0,0.3021653656468344,0.0,0.0,0.6302388028099607,0.9612599210990201,1.0,0.9608404324369196,1.0,1.0,0.3392648250593312,1.0,0.0,0.9758640751419385,0.8356723012378839,1.0,0.3361042916457166,1.0,1.0,1.0,0.0,1.0,0.2731398439194448,1.0,1.0,0.0,1.0,0.22933435761108664,0.7996869353785527,0.3197675811365315,1.0,1.0,0.9174358372395548,0.05408119858023143,1.0,1.0,1.0,0.941300453188518,0.23655139981824128
gex_possorted_bam_1WGCZ:GATTATGTCACCTGTCx-M2,0.08108145049486219,1.0,1.0,0.9448811211465474,0.2985144359611086,0.0,1.0,0.7654209256934393,1.0,0.9067985371094189,0.0,1.0,1.0,1.0,0.19131750639830342,1.0,0.0,0.0,1.0,0.0,0.0,0.0,0.0,0.0,1.0,1.0,1.0,1.0,1.0,0.8751867781879631,1.0,0.363490331755749,0.0,0.996183846657218,1.0,0.2978631849936204,1.0,0.03822871895497246,0.15488517929649265,1.0,0.34352330661220626,1.0,1.0,0.8922411304151214,0.07285472020920729,0.605560148642651,1.0,1.0,1.0,0.9613926956473189,1.0,1.0,0.15711104666973275
gex_possorted_bam_1WGCZ:GATTGGCGTCCTCCAAx-M2,1.0,1.0,0.49715335469705213,1.0,0.7877344704742867,1.0,1.0,1.0,0.8117947680739801,1.0,0.0,1.0,1.0,0.711399607964193,1.0,0.6548352267581588,0.0,0.07742988784734871,1.0,0.7107143816649597,1.0,1.0,1.0,1.0,1.0,1.0,0.0,1.0,1.0,1.0,1.0,1.0,1.0,1.0,0.0,1.0,0.44562655279471797,1.0,1.0,0.5300328117631887,0.9175760042776138,0.30787224410127834,0.9392655143427132,1.0,1.0,1.0,0.38571686722060244,0.0,1.0,1.0,1.0,1.0,0.8322301420493438
gex_possorted_bam_1WGCZ:GCAAACCGTTGGATATx-M2,0.7947130749202621,0.6254986000998819,0.0,0.738507788162663,0.5781444319994005,1.0,0.38542963264315977,0.75314044691214,0.0,0.8815911668429249,1.0,0.34180305945148054,0.505102814462538,0.52011721336336,0.7911050933932998,0.5844422573027581,0.9558715042479453,1.0,1.0,0.8073290765391449,1.0,1.0,0.7077574506536962,1.0,0.3406277797835977,0.5432907233486579,0.007735082295785839,0.6322157169423201,0.7794736138044419,0.778523792112278,0.9824049559431769,0.7812460545198117,0.7156602183429106,0.8009299258036695,0.05582752451323833,0.9692644746236411,0.045989081808757,0.7433098226087576,0.7574442508481033,0.2349379749118457,0.23887973278088648,0.31140454227539,0.3152456490131267,0.0,1.0,0.7369435562115805,0.0,0.23939270362928777,0.5956168415258415,0.7639883269021673,0.47651758115552206,0.8310425310384141,1.0
gex_possorted_bam_1WGCZ:GATTAGTGTCCGGTTCx-M2,0.05857662434915163,1.0,1.0,0.6584984991242654,0.0,0.0,1.0,0.5113530710674807,1.0,0.5343642237715711,0.508659356188088,1.0,1.0,1.0,0.254759026675502,1.0,0.4125185289253619,0.0,1.0,0.0,0.0,0.0,0.0,0.0,1.0,1.0,1.0,1.0,1.0,0.6242961350954174,1.0,0.0,0.0,0.7209140788029683,1.0,0.147999588879136,1.0,0.008106561056530265,0.042041450273531886,1.0,0.11981518154937934,1.0,1.0,1.0,0.0021063421855221543,0.4703233988393471,1.0,1.0,0.9040890830789544,0.346597632306155,1.0,0.7206190126187492,0.0
gex_possorted_bam_1WGCZ:GATTCGCCAGGCATGAx-M2,1.0,1.0,0.0,1.0,1.0,1.0,0.4467466231402827,1.0,0.4776756612306986,1.0,0.11089957202582926,0.4935647963739643,0.9404448773437931,0.3067091007726499,1.0,0.3360507107157444,0.0,0.772177596140848,0.9638748926341525,0.5058349440271614,1.0,1.0,1.0,1.0,0.8416172765489494,1.0,0.0,1.0,1.0,1.0,0.543337081245884,1.0,1.0,1.0,0.0,1.0,0.17549305462463394,1.0,1.0,0.0,1.0,0.3232381529510442,0.856099932112947,0.24273324229285406,1.0,1.0,0.3706271909431669,0.0,0.9934967524761528,1.0,0.8265985131880279,1.0,1.0
gex_possorted_bam_1WGCZ:GATTGATGTAACGAGGx-M2,0.009241936370746382,1.0,1.0,0.8318592169323444,0.0,1.0,1.0,0.36804996667220946,1.0,0.5339673540736605,1.0,1.0,1.0,1.0,0.14868462735735546,1.0,1.0,1.0,1.0,0.0,0.0,0.0,0.0,0.0,1.0,1.0,1.0,1.0,1.0,1.0,1.0,0.016722263690897344,0.0,0.5774591608127609,1.0,0.15822693685073064,1.0,0.1505851272282247,0.09842368766600097,1.0,0.11220220744536738,1.0,1.0,1.0,0.0,0.48007892195382956,1.0,1.0,0.9651826390057139,0.3599386305849473,1.0,0.8815779473611488,0.0
gex_possorted_bam_1WGCZ:GCAAGTCGTCCTAACTx-M2,1.0,1.0,0.7401773373136739,1.0,1.0,1.0,0.0,1.0,0.0,1.0,0.2930152496518162,1.0,1.0,0.7446559917223106,1.0,0.32895669671682853,0.0,0.24855642775415815,1.0,0.5954581686711444,1.0,1.0,1.0,1.0,0.0,1.0,0.0,1.0,1.0,1.0,0.3088959760805383,1.0,1.0,1.0,0.0,1.0,0.01882022522632667,1.0,1.0,0.0,1.0,0.5404366222683251,0.7390822994388658,0.7393407700469088,1.0,1.0,0.614646548368044,0.0,1.0,1.0,1.0,1.0,0.1392750204701972
gex_possorted_bam_1WGCZ:GATTGATGTTAGTACGx-M2,0.05077681438589735,1.0,1.0,0.9161283893765539,0.03719134579231045,1.0,1.0,0.4446104853787887,1.0,0.41500962370911976,1.0,1.0,1.0,1.0,0.21301231058473205,1.0,1.0,1.0,1.0,0.0,0.0,0.0,0.0,0.0,1.0,1.0,1.0,1.0,1.0,1.0,1.0,0.051178417828886366,0.0,0.629822311836696,1.0,0.17633987109942087,1.0,0.17189933172843358,0.15969963286162064,1.0,0.162185968684114,1.0,1.0,1.0,0.026385649224093862,0.6117392867783009,1.0,1.0,1.0,0.48361197128682165,1.0,1.0,0.0
gex_possorted_bam_1WGCZ:GATTCGCCAAAGCGCAx-M2,1.0,0.9602639556267915,0.0,0.9822702096199121,1.0,1.0,0.29383780702064394,1.0,0.8267522130679064,0.8076937595966711,0.0890911658631089,0.3640782714676022,0.7368605049631342,0.321713206358701,0.9146432585768086,0.4673520080272144,0.0,0.94811645900138,0.8900908877449193,0.4416944529166265,1.0,1.0,1.0,1.0,0.367764882170848,0.8612412951049563,0.0,0.9677958761347829,0.9349124094658281,1.0,0.27054896412644974,0.8514230667626562,1.0,1.0,0.0,1.0,0.088398374832447,0.9171717276460375,0.9580641715428391,0.0,1.0,0.2936855838980706,0.5013032285950735,0.06400362774092094,1.0,0.9775846268485483,0.1362898729774459,0.0708724416422056,0.8812685323047514,1.0,0.6936438470248251,0.9766274609841851,0.9003021398348039
gex_possorted_bam_1WGCZ:GCAATAGAGGAACCAAx-M2,0.3960195000369238,0.010457479753090419,0.13674056071178736,0.11557263677861995,0.7850834277371385,1.0,0.0,0.15450098648431623,0.0,0.32960248175651663,1.0,0.0,0.0,0.0,0.35882022278779924,0.0,1.0,1.0,0.47252130231316264,1.0,1.0,1.0,0.48738038708767545,1.0,0.0,0.20116463026284295,0.32960996747345045,0.2897913086034295,0.18076766068762068,0.33194592632157766,0.4650938954378275,0.6726904399305051,0.4303514273101997,0.24799717870062712,0.1573632100591024,0.39356474475714376,0.0,0.3243929445867429,0.3079328981511957,0.03410612412910671,0.0,0.03166621954940952,0.0,0.0,0.43275064079663994,0.35233891491724934,0.0,0.013396406414573509,0.24978101872352385,0.41577455509163924,0.0,0.38341377836572216,1.0
gex_possorted_bam_1WGCZ:GATTCATCATGGTTATx-M2,0.9075189355777054,0.6862929393493001,1.0,1.0,0.49660461666676325,0.7641119993699448,1.0,0.7969159713753177,1.0,1.0,0.05333394187478489,0.5993659005626268,1.0,0.7677895705607901,0.9599777899744304,1.0,0.0,0.0,1.0,0.8119619192453387,0.25765094341880745,0.9209479671076356,1.0,0.7998564936003774,0.931473411845916,0.8701095032431769,0.29355582555400334,0.44101099203162186,1.0,1.0,1.0,1.0,0.8630511743954848,0.5993732138097996,0.41288830271956056,0.8740741191084054,1.0,0.9767983705784068,0.787405883850064,0.8810396736382218,1.0,1.0,1.0,0.28283132510749476,0.8813681007474546,0.9294275125185026,1.0,1.0,1.0,0.913086116620393,0.7041349520365292,0.9829869418535805,1.0
gex_possorted_bam_1WGCZ:GCATGAAAGGATCACTx-M2,1.0,1.0,0.39025123423513913,1.0,1.0,1.0,0.23998590949252221,1.0,0.7893424207666198,1.0,0.0,1.0,1.0,0.3568126291498292,1.0,0.0685556868596028,0.0,0.2050223675060559,0.7750359183299925,0.5351402296204335,1.0,1.0,1.0,1.0,0.7548871372599664,1.0,0.0,0.9774522781222247,0.7456025079480256,1.0,0.21182649780175258,1.0,1.0,1.0,0.0,1.0,0.16646089274445253,1.0,1.0,0.0,1.0,0.4008439579359496,0.9081976723454316,0.1483571609723588,1.0,1.0,0.6051822665032931,0.060296438412628335,1.0,1.0,0.8887372078759281,1.0,0.7937606357614473
gex_possorted_bam_1WGCZ:GCCTAATAGGTCCTAGx-M2,1.0,1.0,0.24635785646366443,1.0,1.0,1.0,0.5961117823620306,1.0,0.7733122234127058,1.0,0.03909267720137689,1.0,1.0,0.4711182421136114,1.0,0.15984137946778298,0.0,0.511411936641181,1.0,0.8896891512510662,1.0,1.0,1.0,1.0,0.7952486734099297,1.0,0.0,1.0,1.0,1.0,1.0,1.0,1.0,1.0,0.0,1.0,0.15010513879966933,1.0,1.0,0.08700462088922,1.0,0.14430060682330437,0.9656518357932105,0.5634680438281054,1.0,1.0,0.515798217939783,0.0,1.0,1.0,1.0,1.0,1.0
gex_possorted_bam_1WGCZ:GCCACACAGTTAGAGGx-M2,0.09079589155452923,1.0,1.0,0.9735744752520382,0.05646130484342441,0.0,1.0,0.9504714766882743,1.0,1.0,0.0,1.0,1.0,1.0,0.1910035787824079,1.0,0.0,0.0,1.0,0.0,0.0,0.0,0.0,0.0,1.0,1.0,1.0,1.0,1.0,0.5905915558001227,1.0,0.10596083039928822,0.0,0.9264597991836913,1.0,0.2719275244532552,1.0,0.03999562748019811,0.05922209001982554,1.0,0.23955456764792107,1.0,1.0,0.3056298167648821,0.046461648257292404,0.5310198505692525,1.0,1.0,1.0,0.9068110529939777,1.0,1.0,0.12682192222535293
gex_possorted_bam_1WGCZ:GCAGGTGAGACTTACAx-M2,0.9996666721607913,0.6348222271405072,0.0,0.7115990701509297,1.0,1.0,0.11382068607597166,0.7538980584079649,0.21433667990423108,0.9056568363063253,1.0,0.5079064717064192,0.771021378955558,0.5385020631506251,0.8842360550177043,0.23778107076309393,0.5871821333908327,1.0,1.0,0.770335696311605,1.0,1.0,1.0,1.0,0.42225625403145556,0.630412127882913,0.0,0.6640666942620499,0.8954390880937759,1.0,1.0,1.0,0.9117313706982012,0.8691548088791614,0.0,1.0,0.47319506744662476,0.8550410181196763,0.9327872126347312,0.16972889775273578,0.7903703058137802,0.23686318796142142,0.47079125328856486,0.6240554388411979,1.0,0.8409606703378149,0.0,0.0,0.7855371367112148,0.9288220428068228,0.3624767651657298,1.0,1.0
gex_possorted_bam_1WGCZ:GCCAGGAAGTTTGGTAx-M2,1.0,1.0,0.17200134290818186,1.0,0.5901460826188055,1.0,1.0,1.0,0.6287729741343384,1.0,0.0,1.0,1.0,1.0,1.0,0.7203075624001557,0.0,0.04146278625779889,0.7150089918248516,0.7075739881673984,1.0,1.0,0.9772885374487218,1.0,1.0,0.9249449144787821,0.0,1.0,1.0,0.9941203982443546,1.0,0.9681016840856569,1.0,1.0,0.0,1.0,0.5686115374200678,1.0,1.0,0.6206299788981757,0.8147016850673215,0.650707376308506,0.8796811877159261,0.7954581106010388,1.0,1.0,0.4827451930193005,0.03210015214596773,1.0,1.0,1.0,1.0,0.7625950293139685
gex_possorted_bam_1WGCZ:GCCCGTTGTTAGTGATx-M2,1.0,0.5302811189648468,0.0,0.9089871510944588,0.9688542316578135,1.0,0.5152331675073771,0.8907218971145218,0.5638141120005783,1.0,0.6702441749126297,0.4510987702277247,1.0,0.3948538383661277,0.979744001479404,0.6829266446807516,0.4543744792136275,1.0,1.0,0.8717034716626572,1.0,1.0,0.971783814166771,1.0,0.9337585317871646,0.8550378515084142,0.0,1.0,0.9779499092528461,1.0,1.0,1.0,1.0,1.0,0.12653960798910469,1.0,0.573740877252115,0.9625803409099601,1.0,0.11818900074869668,0.817531794549291,0.23333956585839113,0.8092118693175008,0.49553653426752103,1.0,0.9355618447704797,0.3280308939553392,0.10373038752504132,0.8638969668869246,0.969974272801016,1.0,1.0,1.0
gex_possorted_bam_1WGCZ:GCCATGATCAATGTGCx-M2,1.0,1.0,0.0,1.0,1.0,1.0,0.5238057979500904,1.0,0.5577788155140374,1.0,0.5161858288831854,0.489057070592615,0.7013187008446923,0.43126124744741623,1.0,0.4114509830856976,0.26358565317930366,1.0,1.0,0.8590139351761333,1.0,1.0,1.0,1.0,0.5813041386418798,1.0,0.0,1.0,1.0,1.0,1.0,1.0,1.0,1.0,0.0,1.0,0.1748724955013532,1.0,1.0,0.0,1.0,0.2899297439094372,0.8604126891203678,0.7362668359944406,1.0,1.0,0.5848375656937966,0.0,1.0,1.0,0.7794309973206421,1.0,0.6193932091285206
gex_possorted_bam_1WGCZ:GCAGGAAGTCACAGACx-M2,1.0,0.9898792042232682,0.8806785837347981,1.0,1.0,0.38909471570260434,0.23006891098270207,1.0,0.14392931679270865,1.0,0.0,0.7083679278508057,0.9049691419896815,0.2699998861132716,1.0,0.0,0.0,0.0,0.63431591359944,0.8947902683497441,1.0,0.9150331826507939,1.0,1.0,0.0,1.0,0.0,0.8922118187439974,0.9947099992696493,1.0,0.09083863024521086,1.0,1.0,1.0,0.0,0.9704016216871507,0.058442408312504274,1.0,1.0,0.0,1.0,0.2187170844101652,0.9285827271069411,0.6245616847124121,0.9759747206824646,1.0,1.0,0.08500865628666532,1.0,1.0,1.0,0.9271114688845122,0.0
gex_possorted_bam_1WGCZ:GCCTCCATCGTTAAGCx-M2,1.0,0.8315020557789469,0.0,1.0,1.0,1.0,0.4729832266839505,1.0,0.5116211089951492,1.0,0.006993289729145099,0.832710742952606,1.0,0.264251210540803,1.0,0.20494916089225848,0.0,0.4373469683831581,0.9614171833219763,0.8888689397167071,1.0,1.0,1.0,1.0,0.7152201058876992,0.9402936749729929,0.0,0.9756236997968198,1.0,1.0,0.4671689822517235,1.0,1.0,1.0,0.0,1.0,0.21748240677397868,1.0,1.0,0.0,1.0,0.16697422543802232,0.7092275345565885,0.15047455451007752,1.0,1.0,0.34326042944539303,0.05008513400345519,0.9330234702649254,1.0,0.9686338839999666,1.0,1.0
gex_possorted_bam_1WGCZ:GCCTAATAGGTTACGTx-M2,0.045738774685940974,1.0,1.0,0.9708254655421574,0.0,1.0,1.0,0.4761674493670308,1.0,0.48716193688555615,1.0,1.0,1.0,1.0,0.22001643466025278,1.0,1.0,1.0,1.0,0.0,0.0,0.0,0.0,0.0,1.0,1.0,1.0,1.0,1.0,1.0,1.0,0.0,0.0,0.5761220152025601,1.0,0.17515660353573573,1.0,0.24905860106824873,0.2026253353182594,1.0,0.148441767190847,1.0,1.0,1.0,0.07092137498434796,0.5813134282347036,1.0,1.0,1.0,0.27973721444749106,1.0,0.9844107488828123,0.0
gex_possorted_bam_1WGCZ:GCAGCCAGTGTCACGGx-M2,1.0,1.0,0.9865901637598716,1.0,1.0,1.0,0.5616386170861516,1.0,0.7799841884470781,1.0,0.0,1.0,1.0,0.7324829692496186,1.0,0.40050287444357513,0.0,0.0,0.6588385921141011,0.7698246433892869,1.0,1.0,1.0,1.0,0.7410652347669496,1.0,0.0,1.0,1.0,1.0,0.8567660534049137,1.0,1.0,1.0,0.0,1.0,0.3505121150945542,1.0,1.0,0.09540745274291257,1.0,0.24421510350080483,1.0,0.8176387186690011,1.0,1.0,0.8366042409425792,0.0,1.0,1.0,1.0,1.0,0.8015559392164776
gex_possorted_bam_1WGCZ:GCATTGCCACCTCACCx-M2,1.0,1.0,1.0,1.0,1.0,1.0,0.3250056997436645,1.0,1.0,1.0,0.0,1.0,1.0,0.5842815390921122,1.0,0.2948732484483698,0.0,0.0,0.5225774682941945,0.818994853699701,0.9802575683032769,1.0,1.0,1.0,0.9802979609473369,1.0,0.0,1.0,0.8509320972912787,1.0,0.34492013455456805,1.0,1.0,1.0,0.0,1.0,0.10659433952090769,1.0,1.0,0.05385992032781177,1.0,0.09894566568297214,1.0,0.8967910709227438,1.0,1.0,1.0,0.0,1.0,1.0,1.0,1.0,1.0
gex_possorted_bam_1WGCZ:GCAGGTTGTCTAACCTx-M2,1.0,0.826124417335266,0.0,0.9275576015977833,1.0,1.0,0.04338889127087654,0.8879456624786817,0.5430947081941986,1.0,0.6997743989870379,0.47297705877884116,0.7946270450932962,0.4153393893878211,1.0,0.2698124806211853,0.34530220756560054,1.0,1.0,0.5158134494812723,1.0,1.0,1.0,1.0,0.480225403324511,0.9529921883007272,0.0,1.0,0.9031032666803618,1.0,0.9034525421517073,1.0,1.0,0.9923015623609978,0.0,1.0,0.2687765153872275,1.0,1.0,0.059321347041840666,1.0,0.3142163230115572,0.5099831637183772,0.16216477874944127,1.0,1.0,0.0,0.0,0.8972889957184492,1.0,0.8320138626512978,1.0,1.0
gex_possorted_bam_1WGCZ:GCCGTGAGTCATCCTGx-M2,0.959884270780828,0.8765544166341291,0.0,0.6781368582126248,0.8621049808362158,1.0,0.24507351385539775,0.9053849133737935,0.12206069613122124,0.7793262638118102,0.27160565448520446,0.5750026329951556,0.45888076440701087,0.1715897795940037,0.8048868030768757,0.0,0.09151038585261025,0.70269733162488,0.593069734735976,0.5097339801978084,1.0,1.0,0.9058413416102538,1.0,0.41419185802061337,0.5362093947958267,0.0,0.7735338912730265,1.0,0.7194978481879497,0.9049074609125338,1.0,0.8581770762315265,1.0,0.0,1.0,0.29093970200231645,0.9138083344624515,0.8777837937478209,0.1305353913580494,0.7747373172282391,0.4220985895340592,0.3585903292247998,0.3727313856976922,1.0,0.8947749766879626,0.0,0.0,0.6756400736378871,0.9427773875287799,0.47548585838698465,0.8705616401735531,0.9190451007039809
gex_possorted_bam_1WGCZ:GCAGGACCAGTTATCGx-M2,1.0,0.8694535388530009,0.0,0.8861608215256495,1.0,1.0,0.6391748324925609,1.0,0.7194913894776505,0.8117482464825612,0.3878165893067668,0.17898699271335766,0.6247894194636633,0.3910316603981908,1.0,0.38374405181248716,0.14077594799599424,1.0,0.9746108591538741,0.40963151659678365,1.0,1.0,0.9277030000886075,1.0,0.6948194752808498,0.7970973743637189,0.0,1.0,1.0,0.9963389562791813,1.0,1.0,1.0,1.0,0.0011166958484609153,1.0,0.36147887773640186,1.0,1.0,0.031884915251396556,0.7479212602642638,0.3903053746820453,0.5756782942802223,0.24340124514429787,1.0,0.9613535694082374,0.0,0.0,0.8410691443043032,0.9318099148616159,0.6069090941162555,1.0,1.0
gex_possorted_bam_1WGCZ:GCCAACATCTTAGTGAx-M2,1.0,1.0,0.16234145175520995,1.0,1.0,1.0,0.9056485211341415,1.0,0.7164007553194646,1.0,0.06658715735530879,1.0,1.0,0.6069685111119151,1.0,0.3878894204070927,0.0,0.6567523526375177,1.0,0.8047591425803569,1.0,1.0,1.0,1.0,0.879881034822269,1.0,0.0,1.0,1.0,1.0,1.0,1.0,1.0,1.0,0.0,1.0,0.36110628971389036,1.0,1.0,0.2565153269711138,1.0,0.37725458276998874,0.9856350658167152,0.808096119658257,1.0,1.0,0.47351125501659824,0.0,1.0,1.0,1.0,1.0,1.0
gex_possorted_bam_1WGCZ:GCCAGGAAGCATGCATx-M2,0.8341585085394547,0.9295824782323541,0.37793537873311916,0.7687685149719149,0.5730172964681476,1.0,0.8722835070638717,0.8750056220029041,1.0,0.8254592165263704,0.07036458946192643,0.98165752327626,1.0,0.7313891207818736,0.91882603608655,0.732082488059214,0.05492631808155266,0.6842989808497735,0.878044752612845,0.3969646031266319,0.9828334436395281,0.9192212871432213,0.7142275077121364,0.9403564797704792,0.9320838324506276,0.7712264872052088,0.0,0.8370454535244946,1.0,0.7195906011238666,0.9920202452689445,0.9747765593896677,0.8142310601861386,0.9145308908337302,0.16093696296117746,0.9951448860664048,0.9525915985358053,0.8946594777348291,0.8470646862550175,0.49371087911943246,0.8185216860703561,0.6337178132093073,0.6299025985501734,0.8323162110583827,0.9532736461441087,0.8732052938291984,0.014988126327403935,0.3160464092613379,0.8481783181502476,0.8573347831466644,1.0,0.8753177289895699,0.860262416023114
gex_possorted_bam_1WGCZ:GCCACAATCACATTGAx-M2,0.1753670586081089,1.0,1.0,0.9957857819709733,0.2250866991045154,0.0,1.0,0.8606399713397633,1.0,1.0,0.0,1.0,1.0,1.0,0.26286597050912597,1.0,0.0,0.0,1.0,0.0,0.0,0.0,0.045487670531934574,0.0,1.0,1.0,1.0,1.0,1.0,0.9209132903819343,1.0,0.2805684871383309,0.0,1.0,1.0,0.3779300320287037,1.0,0.21141427298177434,0.3012347555354911,1.0,0.7126008691732472,1.0,1.0,1.0,0.06876062960174707,0.666401226710625,1.0,1.0,1.0,1.0,1.0,1.0,0.31361400525755084
gex_possorted_bam_1WGCZ:GCATTAGGTCCCGAAGx-M2,1.0,0.8077340637115692,0.0,0.9765966780731647,0.9541186955217577,1.0,0.48474737952211755,1.0,0.4749879157497839,0.9123148312153581,0.34640698151267973,0.765696782872268,0.8432350653378838,0.47044197831665846,1.0,0.32785061073191696,0.17696307482836396,1.0,1.0,0.5957246759442232,1.0,1.0,1.0,1.0,0.6357034120996863,0.8536978072895515,0.0,0.9368602971169495,1.0,1.0,0.6817324014155413,1.0,1.0,1.0,0.0,1.0,0.20246460765775717,1.0,1.0,0.0,1.0,0.23772248585137792,0.6387108040760219,0.22037881168771695,1.0,1.0,0.17950925087032377,0.13560372536142923,0.886816391170511,0.9675819557538075,0.9058583464787481,1.0,0.802905230112877
gex_possorted_bam_1WGCZ:GCACGGTTCAGCAAAGx-M2,1.0,1.0,1.0,1.0,1.0,1.0,0.0,1.0,1.0,1.0,0.0,1.0,1.0,0.5480145982677226,1.0,0.0367804839852591,0.0,0.0,0.1329099268457619,0.5452838288259553,0.43698288861994866,0.8366898123588182,1.0,0.822593009372584,0.6312009257659207,1.0,0.004142669290304051,1.0,0.6059374089697033,1.0,0.0,1.0,1.0,1.0,0.0,1.0,0.014196692773283235,1.0,1.0,0.0,1.0,0.0,1.0,1.0,1.0,1.0,1.0,0.0,1.0,1.0,0.9310813702849755,1.0,0.6295512919993408
gex_possorted_bam_1WGCZ:GCAGGCTTCCTAATGAx-M2,0.08181076135643177,1.0,1.0,0.8005386804452638,0.0674587257502685,0.232063402435159,1.0,0.6120379316373479,1.0,0.5459474300118111,0.6884372506308354,1.0,1.0,1.0,0.11746751653364282,1.0,0.9892062014988907,1.0,1.0,0.0,0.0,0.0,0.0,0.0,1.0,1.0,1.0,1.0,1.0,1.0,1.0,0.0,0.0,0.6143508302378321,1.0,0.18749193146932822,1.0,0.11660267470379564,0.08579470239858893,1.0,0.24578336464211265,1.0,1.0,1.0,0.0,0.5325478242146473,1.0,1.0,0.9582169621792251,0.4954242854362285,1.0,0.816623409158968,0.0
gex_possorted_bam_1WGCZ:GCCAGGTTCATGTTTCx-M2,1.0,0.7347472230042613,0.0,0.8271496916507571,1.0,1.0,0.3142404771397261,0.9875101801566522,0.38485171672190976,0.8666693384670711,0.7215641786085416,0.46436255764859496,0.712083071560465,0.5012585650740715,0.944168841714449,0.15894549394733715,0.45133563475926597,1.0,1.0,0.5140393912033997,1.0,1.0,1.0,1.0,0.5670955341086176,0.7519677136565533,0.0,0.6857398813935636,0.7240611014126019,0.9403993803132126,0.5649059509785346,1.0,0.9645371016636363,0.9504571540945056,0.0,1.0,0.10196836050385283,0.9305181229505104,0.9209903423254844,0.0,0.8257571063494302,0.2988792121144293,0.4859665229324641,0.03685859118961853,1.0,0.9331511692458032,0.08943536869072093,0.15833215494348332,0.773208974420869,0.9288135934203209,0.5832964998133827,0.9622255242145392,0.8620410620829276
gex_possorted_bam_1WGCZ:GCAGGACCACTTAACGx-M2,0.09911684930958582,1.0,1.0,0.9426189696170678,0.0,0.0,1.0,0.7879728866635826,1.0,0.8275944151714817,0.12271276300693965,1.0,1.0,1.0,0.24127639366843573,1.0,0.42363396358865896,0.39634544628753904,1.0,0.0,0.0,0.0,0.0,0.0,1.0,1.0,1.0,1.0,1.0,0.8874491025272018,1.0,0.0,0.0,0.8142260494439382,1.0,0.26635789322241615,1.0,0.0698173648029183,0.06708503399382419,1.0,0.2730590296571402,1.0,1.0,1.0,0.05799255041445361,0.559741888152885,1.0,1.0,1.0,0.5479999550154663,1.0,0.8654234928989621,0.0
gex_possorted_bam_1WGCZ:GCAGGTTGTCATTACCx-M2,0.05653183774640029,1.0,1.0,0.9399494237208613,0.0,0.6407798610892781,1.0,0.6344082702749494,1.0,0.7790215881980553,1.0,1.0,1.0,1.0,0.20095144638998177,1.0,1.0,1.0,1.0,0.0,0.0,0.0,0.0,0.0,1.0,1.0,1.0,1.0,1.0,1.0,1.0,0.0,0.0,0.6905242264244307,1.0,0.23880612467100962,1.0,0.21948890478866076,0.19425964386097927,1.0,0.23566912340677443,1.0,1.0,1.0,0.0871673944232528,0.5447628255418899,1.0,1.0,1.0,0.3778444944152428,1.0,0.9655193745303927,0.0
gex_possorted_bam_1WGCZ:GCCAACATCTGGTCCTx-M2,0.10246224459611726,1.0,1.0,0.9870123453554486,0.11486618219801342,0.0,1.0,0.7988234156010672,1.0,1.0,0.0,1.0,1.0,1.0,0.235969198051644,1.0,0.11520497538713947,0.0,1.0,0.0,0.0,0.0,0.0,0.0,1.0,1.0,1.0,1.0,1.0,1.0,1.0,0.0,0.0,0.8375353207027272,1.0,0.325604570905371,1.0,0.2174871727987329,0.23671224493713564,1.0,0.40535275979882757,1.0,1.0,1.0,0.13158507442492992,0.546505329589198,1.0,1.0,1.0,0.5405143334209704,1.0,1.0,0.0
gex_possorted_bam_1WGCZ:GCCGTGAGTTAGAGGGx-M2,1.0,0.7085893719965718,0.0,0.7698142836795849,0.9813672548090773,0.7257253058362467,0.4687496652150768,1.0,0.0,0.7633607415116176,0.0,0.19766284331064093,0.715829295653185,0.15313286079233973,0.7890855363372661,0.11700607177472769,0.0,0.14775724953508226,0.6303770043403792,0.420365222091054,1.0,1.0,0.8906427245519353,1.0,0.8125137074147222,0.7348340556511068,0.0,0.3968990165167459,0.37948187695821833,0.5666214251607582,0.0,1.0,0.845052664957815,0.9713810339374789,0.0,1.0,0.09854246059510367,0.8849325216733863,0.8689727441354497,0.31502798350594136,1.0,0.05928391469536501,0.4353711387769985,0.0,0.9344518387703838,0.8511412121535898,0.0,0.0,0.6646427215434173,0.7260207002533836,0.5148893480644182,0.8209533172797249,0.5738547061517344
gex_possorted_bam_1WGCZ:GCATCCTTCTCACTATx-M2,0.9630596574642755,0.9687898250225189,0.37805820607062346,0.8325463995416492,0.9123235371817012,1.0,0.3191027797463596,0.8225101196327632,0.7978398772094935,1.0,0.3864484977688419,0.1813113772756286,0.8378754079135977,0.18525309201340137,0.7850122726512981,0.011965738620595473,0.13083161025361884,0.6969817853176117,0.7439912698103968,0.951725057405249,1.0,1.0,0.9129635448261052,1.0,0.3621179061333148,0.7565501998569474,0.0,0.6843560214950063,0.7724873261170764,0.7288861645646884,0.5533484475007094,1.0,0.9748692405404932,0.8249289191862174,0.04622933834396502,0.9938638525926073,0.34282422175651206,0.8985708440804506,0.8630811367150495,0.0,1.0,0.07771038557532947,0.4560659938071013,0.0,1.0,0.9126770969954203,0.0,0.11851119223724212,0.766649803227519,1.0,0.8672597989203135,0.8998437511265586,1.0
gex_possorted_bam_1WGCZ:GCATTAGGTGAATCGCx-M2,1.0,1.0,0.0,1.0,1.0,1.0,0.6546034277734396,1.0,0.5388514187690631,1.0,0.07162327671580092,0.8778519558741705,1.0,0.4408328084137298,1.0,0.20414418103245083,0.0,0.5070336876212532,1.0,0.9175400940208542,1.0,1.0,1.0,1.0,0.5893033975749076,0.9980327973039089,0.0,1.0,1.0,1.0,1.0,1.0,1.0,1.0,0.0,1.0,0.061095272915068013,1.0,1.0,0.03594646140534028,1.0,0.17947776453673203,0.8964755652812362,0.5901730355834028,1.0,1.0,0.3050247131213533,0.0,1.0,1.0,1.0,1.0,1.0
gex_possorted_bam_1WGCZ:GCATGAAAGCCTGGTAx-M2,1.0,0.8815976659595535,0.0,1.0,1.0,1.0,0.7447101907874166,1.0,0.1987607385297314,1.0,0.5046626333549455,0.7520427108357937,0.7785867172289525,0.38985773131763635,1.0,0.25115928670653265,0.24561197045489905,1.0,1.0,0.8919758735356311,1.0,1.0,1.0,1.0,0.7069389479660364,0.9016070929094054,0.0,1.0,1.0,1.0,1.0,1.0,1.0,1.0,0.0,1.0,0.2068909154829132,1.0,1.0,0.01708123007735471,0.8966031483233022,0.0,0.7257981323150678,0.5955764886561773,1.0,1.0,0.10977432227679973,0.0,0.928169249581852,1.0,0.8909802194288374,1.0,0.8761509042719666
gex_possorted_bam_1WGCZ:GCATGAAAGTTATGTGx-M2,1.0,1.0,0.8040169175196621,1.0,1.0,1.0,0.5657844692750703,1.0,0.9185134955094025,1.0,0.0,0.8005030192350543,1.0,0.09517345613273209,1.0,0.0,0.0,0.0,0.7914468449753368,1.0,1.0,1.0,1.0,1.0,0.68763170690523,1.0,0.02534255794007397,1.0,1.0,0.930519168144827,0.608799709386204,1.0,1.0,1.0,0.0,1.0,0.4171165845269372,1.0,1.0,0.03075708583522309,1.0,0.7452240911308827,0.6685862827846883,0.7201721733667968,1.0,1.0,1.0,0.0,1.0,1.0,1.0,1.0,1.0
gex_possorted_bam_1WGCZ:GCAGGCTTCGAGGAGTx-M2,1.0,1.0,0.0,1.0,1.0,1.0,0.2698813417742342,1.0,0.4865338617047623,1.0,0.6527916793074225,0.6378192313565357,0.6736762214959403,0.377922094451268,1.0,0.26198617102268407,0.2577111815068788,1.0,1.0,0.4316985647100558,1.0,1.0,1.0,1.0,0.49571085940000115,0.9910831842274644,0.0,1.0,0.8081321618712285,1.0,1.0,1.0,1.0,1.0,0.0,1.0,0.08496671366005805,1.0,1.0,0.0,1.0,0.3858072078505714,0.6663855072548516,0.09697107358721328,1.0,1.0,0.0669343369503861,0.0,0.9544527278652967,1.0,0.8430645292026419,1.0,1.0
gex_possorted_bam_1WGCZ:GCCCGTTGTTTCGCGCx-M2,1.0,1.0,1.0,1.0,1.0,1.0,0.0507006600282577,1.0,1.0,1.0,0.0,1.0,1.0,0.5997375571911513,1.0,0.3247214795041506,0.0,0.0,0.30584189986617666,0.5570448295524253,0.8823873355821107,1.0,1.0,0.9436868935707199,1.0,1.0,0.0,1.0,0.5535540391764776,1.0,0.0,1.0,1.0,1.0,0.0,1.0,0.0,1.0,1.0,0.0,1.0,0.0,1.0,0.9624991539065322,1.0,1.0,1.0,0.0,1.0,1.0,0.9004319100276869,1.0,1.0
gex_possorted_bam_1WGCZ:GCCAGGTTCCGCCTCAx-M2,1.0,1.0,0.0,1.0,1.0,1.0,0.4988803510322711,0.9083163402923764,0.0,1.0,1.0,0.0,1.0,0.3172500120896878,1.0,0.4015345815444688,0.687626980733,1.0,1.0,1.0,1.0,1.0,1.0,1.0,1.0,0.9847037027031662,0.0,1.0,1.0,1.0,1.0,1.0,1.0,1.0,0.0,1.0,0.05895847547607198,1.0,1.0,0.14159907560924645,0.8520557467811259,0.0,0.6084553238919358,0.5942349170161781,1.0,1.0,0.11316400128742664,0.0,0.9331939537734001,1.0,0.7683093040557035,1.0,1.0
gex_possorted_bam_1WGCZ:GCATTGCCAACCCTAAx-M2,1.0,0.808914762965731,0.0,1.0,1.0,1.0,0.7415033227639121,1.0,0.7563720841062535,0.87384933270235,0.3253496817426535,0.24994257996457622,0.945353024623896,0.36326629885394784,1.0,0.5556653556656262,0.0,1.0,1.0,0.5510508325347149,1.0,1.0,0.9711639846505566,1.0,0.7802219719018784,0.8173216517195177,0.023159109539409927,1.0,0.7682094721758292,1.0,0.8001414245463602,1.0,0.980959369534198,1.0,0.005297325903285425,1.0,0.3144047763571534,1.0,0.9598856413502762,0.0,0.8270828754123696,0.4892331287721823,0.710209235489867,0.1210731309613528,1.0,0.9646416091833356,0.29551424117076974,0.25100482959830306,0.8139853515629305,0.9052210051951223,0.7781636481393048,1.0,1.0
gex_possorted_bam_1WGCZ:GCACGCTAGTAACAGGx-M2,1.0,1.0,0.0,1.0,1.0,1.0,0.6617167125278475,1.0,0.3553670138305781,0.9590738952058482,0.6120445876398346,0.37877262458110816,0.8766134632480476,0.2008162851375342,1.0,0.48898124656061503,0.2564415107209068,1.0,1.0,0.6600785085434843,1.0,1.0,1.0,1.0,0.8617057985725085,0.8349608527273288,0.0,1.0,1.0,1.0,1.0,0.9259178252389387,1.0,1.0,0.0,1.0,0.140379573325803,1.0,1.0,0.14528093299277428,0.47372627799134753,0.22054419527785313,0.7722253287885957,0.0,1.0,1.0,0.16565889735876294,0.0,0.9330552122857992,0.9204767949935831,0.929883908590146,1.0,1.0
gex_possorted_bam_1WGCZ:GCCATTACAATTGCGCx-M2,1.0,0.8709703038340783,0.0,0.926091914218609,0.9468821449423577,1.0,0.29748015045381093,0.971328526455223,0.6665228478610736,0.9023858948189065,0.4250226973286591,0.7694184462683638,0.793786463336945,0.36417304201179546,0.9867308184256913,0.04299119630379532,0.17039712433469642,0.7371289316299952,0.9299720821150298,0.6009159289739486,1.0,1.0,1.0,1.0,0.5162139650174091,0.8061660521099139,0.0,0.8618331288156572,0.9088691646968906,0.9405006298914794,0.8502558940849636,1.0,1.0,0.9514581858476039,0.0,1.0,0.06822361338727528,0.9529085369834416,0.9300978125650524,0.08061496750047464,1.0,0.2320110997948202,0.6153760129870344,0.26468268963158725,1.0,0.9983652163997876,0.04452589768020716,0.0,0.8176771217288423,1.0,0.9780263496821652,0.9602342074506633,1.0
gex_possorted_bam_1WGCZ:GCCACAATCTAAATCGx-M2,1.0,1.0,0.18097135586968924,1.0,1.0,1.0,1.0,1.0,0.8848752232477264,1.0,0.0,0.8096189410089336,1.0,0.5353546899137055,1.0,0.37706807298057027,0.0,0.17828516370463018,0.8101735046282023,0.5503512827406011,1.0,1.0,0.985658341534463,1.0,1.0,0.897491417039597,0.0,1.0,1.0,1.0,1.0,1.0,1.0,1.0,0.0,1.0,0.39369420666017035,1.0,1.0,0.18583849495180127,1.0,0.4681587136611225,0.8554423040186184,0.8974677649010463,1.0,1.0,0.3895355104951943,0.03590218329705743,0.9266241172610364,1.0,0.8679439606303373,1.0,0.4708813004745709
gex_possorted_bam_1WGCZ:GCATTGCCAATTAAGGx-M2,0.4797654078965625,1.0,1.0,1.0,0.4213053561654609,0.36288607451987126,1.0,0.9500472036768302,1.0,1.0,0.0,1.0,1.0,1.0,0.7092668107346877,1.0,0.0,0.0,1.0,0.0,0.006332896957060088,0.0,0.35633680755917363,0.0,1.0,1.0,1.0,1.0,1.0,1.0,1.0,0.5924137695098733,0.300563299841339,1.0,1.0,0.6764178042310538,1.0,0.5596455314852129,0.5986602009855077,1.0,0.9386580894477861,1.0,1.0,1.0,0.4936218532932563,0.7723368673514809,1.0,1.0,1.0,0.9883675732892182,1.0,1.0,0.37110395244823746
gex_possorted_bam_1WGCZ:GCATTGCCACAATACTx-M2,0.8061103164277077,1.0,1.0,1.0,1.0,0.7675697526520009,1.0,1.0,1.0,1.0,0.0,0.25602729013129155,1.0,0.8497096233738127,0.9743808113724435,0.0,0.0,0.0,0.44630058663491123,0.6894784241452689,0.3673993944193175,0.5433482293347218,1.0,0.16245268104596436,1.0,1.0,0.49943807701173165,0.7135589817053622,1.0,0.522522412417028,0.0,1.0,1.0,1.0,0.2125566350646007,1.0,0.0,1.0,1.0,0.17080310056570436,1.0,0.024928324051144975,0.939173881439018,1.0,0.580657203170026,1.0,1.0,0.0,1.0,1.0,0.6745534092070486,1.0,0.7814271229128454
gex_possorted_bam_1WGCZ:GCACTTACAGTCTATGx-M2,1.0,0.969408807981856,1.0,1.0,1.0,1.0,0.0,1.0,1.0,1.0,0.0,1.0,1.0,0.5322276374859992,1.0,0.32275823266929016,0.0,0.0,0.3798522092365479,0.716513895360515,0.8633621471156034,1.0,1.0,1.0,0.9846308436531865,1.0,0.0,1.0,0.6326748320334723,1.0,0.0,1.0,1.0,1.0,0.0,1.0,0.0,1.0,1.0,0.0,1.0,0.15756288943212263,1.0,1.0,1.0,1.0,1.0,0.0,1.0,1.0,0.8234671800068595,1.0,1.0
gex_possorted_bam_1WGCZ:GCATTGCCAGCACGAAx-M2,0.7151806270186636,0.2435593890467387,0.0,0.6191306993911212,0.426086278780552,1.0,0.0,0.5614660381625203,0.0,0.4787597042978949,1.0,0.0,0.5619718382049402,0.15257532074843225,0.7119674151802491,0.037806285070548375,0.8393963297735745,1.0,1.0,0.49407307840276404,1.0,1.0,0.6329420231331992,0.9554535031903926,0.45863933970783904,0.47688538700860444,0.0464622630609975,0.2659840364488882,0.3835053001144954,0.6647673244949067,0.5607950954178585,0.684358870453576,0.6722910148128735,0.6476705791509761,0.32915650077252145,0.7652676186025121,0.0,0.7474934679703024,0.6458548331630721,0.06478854005728957,0.36708567605686604,0.466949016223877,0.2826233172267564,0.0,0.7948369593176072,0.6216444386535995,0.30246833601377365,0.7762126420556552,0.4512619726026007,0.44110698606429166,0.8222950716991554,0.7419291880418429,0.6902722325118096
gex_possorted_bam_1WGCZ:GCATGAAAGCCGCAACx-M2,1.0,1.0,0.0,1.0,1.0,1.0,0.4442077929640859,1.0,0.5836358653733871,1.0,0.43511648294830296,0.6316294561734268,1.0,0.24622630789845876,1.0,0.33530440510755205,0.10202171398414109,1.0,1.0,0.9779803058961848,1.0,1.0,1.0,1.0,0.8435104409059851,1.0,0.0,1.0,1.0,1.0,1.0,1.0,1.0,1.0,0.0,1.0,0.06144142226197248,1.0,1.0,0.0,0.9331413939924138,0.06334268346604721,0.8230590035237263,0.4385908376343026,1.0,1.0,0.0,0.009985199017386924,1.0,1.0,0.8552161284295221,1.0,1.0
gex_possorted_bam_1WGCZ:GCCATTACAAGACTCCx-M2,0.5693527427658689,1.0,0.6865437061079139,0.6245188916140649,0.0,0.4904197820167677,1.0,1.0,0.8975997571645743,1.0,0.0,1.0,0.5662980285050717,1.0,0.931263318487926,0.8342347711935679,0.2666069405542196,0.0,0.30557526269220836,1.0,0.6944435963629774,0.15567763968734874,0.6850093869886771,0.5910722965538574,0.6826628844190066,0.5523030164357599,0.0,1.0,1.0,0.5388590387225256,0.42390891277656223,0.0,0.6813834281018928,0.928069746613698,0.567583851216691,0.9736272823765765,0.8066170726780165,0.7080656125367637,0.9327237025862164,0.5953821261120993,1.0,0.9571367054127835,0.26399853961650493,0.3064413975485925,0.9296056167707443,0.6265292750227283,0.5468307829632622,0.0,0.713958833470714,1.0,0.16817920283321758,0.43814986727379396,0.6647248229683461
gex_possorted_bam_1WGCZ:GCCCAAATCATGCATAx-M2,0.04073904313824489,1.0,1.0,0.8680531902712576,0.22340751104924716,0.2999368651731326,1.0,0.5986660534900987,1.0,0.652832083822687,0.856199051677007,1.0,1.0,1.0,0.047993883233777804,1.0,1.0,1.0,1.0,0.0,0.0,0.0,0.0,0.0,1.0,1.0,1.0,1.0,1.0,0.9917195361515999,1.0,0.0,0.0,0.7422427356400708,1.0,0.1957977529662553,1.0,0.10990822119256245,0.1269012580934583,1.0,0.29468406875868786,1.0,1.0,1.0,0.025313943231980465,0.5427181135551866,1.0,1.0,1.0,0.596779002612111,1.0,0.915081265288167,0.0
gex_possorted_bam_1WGCZ:GCAGCTATCCCTTGCGx-M2,1.0,0.8126665415986466,0.0,1.0,1.0,1.0,0.5748848159240526,1.0,0.4222269481639816,1.0,0.05482127372860717,1.0,0.9171851591714482,0.24477993141500518,1.0,0.34658757946450375,0.0,0.6520283482602274,1.0,0.6746845570841364,1.0,1.0,1.0,1.0,0.7680210933210236,0.9723211094916195,0.0,1.0,1.0,1.0,1.0,0.8156227166793356,1.0,1.0,0.0,1.0,0.12965904551349067,1.0,1.0,0.0,0.9080745978602847,0.007598651628498062,0.7096472342695395,0.09066378206315227,1.0,1.0,0.13830651150162254,0.0,0.9045024219034958,1.0,0.8355666353952554,1.0,1.0
gex_possorted_bam_1WGCZ:GCAGCTATCTCACTCAx-M2,0.7911897036467833,0.5620624275384146,0.0,0.6149695796881985,0.9504668443869357,1.0,0.0,0.7014893051094266,0.26183551164757213,0.6682350043972011,0.7810064708522981,0.0,0.25949922029892303,0.3900268591666415,0.8664139794187413,0.6464998001582594,0.42532654151882454,1.0,0.6575548025946353,0.17268847276721844,1.0,1.0,0.8664851884330822,0.947309610074713,0.0,0.5305215705976839,0.2887747871899559,0.4998334207883262,0.5389615846864249,0.922872003153575,0.7595749473221921,0.6147647242410205,0.7235926147781869,0.47561029925457365,0.1477494720779259,0.7710131142593677,0.0,0.6891332839335491,0.6491329334057369,0.0,0.8340708691804635,0.0,0.42511218879857904,0.2353688101378036,0.9677282098145895,0.7494760973830108,0.12224418969056944,0.08000159616779631,0.5721502402066464,0.6583943455083248,0.43412765606886156,0.732990674695082,1.0
gex_possorted_bam_1WGCZ:GCCACAATCCGTCCATx-M2,1.0,1.0,0.9317752613493894,1.0,1.0,1.0,0.22605076164089574,1.0,0.6755786445446322,1.0,0.22633918532835812,0.680490901087594,1.0,0.5593820041161454,1.0,0.3301919767930864,0.03904935580632619,0.6947582408724501,0.9930963111996298,0.7074361641388709,1.0,1.0,1.0,1.0,0.7953729386100405,1.0,0.0,1.0,0.8852682207248587,1.0,0.5424826578429748,1.0,1.0,1.0,0.0,1.0,0.011198231273753018,1.0,1.0,0.0,1.0,0.3101562702557257,0.9802036969233329,0.41526578637234474,1.0,1.0,0.34973815680436865,0.0,1.0,1.0,1.0,1.0,1.0
gex_possorted_bam_1WGCZ:GCCAACATCACCAATAx-M2,1.0,0.7048771403704029,1.0,1.0,1.0,0.4309488359659176,0.0,1.0,1.0,1.0,0.0,1.0,0.7979567219849154,0.5720552739770037,1.0,0.06988646989273624,0.0,0.0,0.0,0.0,0.17341552378161643,0.5622581818610991,1.0,0.6241618571165385,0.8463275079265699,1.0,0.0,0.501343047793486,0.29050887901016414,1.0,0.0,1.0,1.0,1.0,0.0,0.9348418517807566,0.15688875051052728,1.0,1.0,0.0,1.0,0.04195928650009114,1.0,0.3989076909114299,0.9353611982791472,1.0,1.0,0.0,1.0,1.0,0.8502729774247932,0.9081102025863473,0.0
gex_possorted_bam_1WGCZ:GCAGCTATCGGTACGCx-M2,1.0,0.8788136153658754,0.406006558314963,1.0,1.0,0.7417618619750301,0.18157995037643565,1.0,0.7102895727622258,1.0,0.0,0.9509049214076893,0.875233169876488,0.12210118118753563,1.0,0.01131792253398793,0.0,0.0,0.5466962692954364,0.647106862703625,1.0,1.0,1.0,1.0,0.5461965928385768,1.0,0.0,0.829686774655124,0.8710449877741335,1.0,0.25471867968061723,1.0,1.0,1.0,0.0,1.0,0.11718630434049149,1.0,0.9977694660909601,0.0,1.0,0.2802560163669221,0.9912968450297236,0.30102248640917617,1.0,1.0,0.5131174945735597,0.0,0.9633252806250313,1.0,0.8697506854386867,0.9162132764231353,0.7140484491255589
gex_possorted_bam_1WGCZ:GCCCGTTGTTAGCTGAx-M2,1.0,0.9095733903846934,0.0,1.0,1.0,1.0,0.5378464377691666,1.0,0.33371445075805434,0.9941881931406336,0.14108086223300756,0.729658795175599,0.8883445296980353,0.10145831632950411,1.0,0.04155668887160947,0.0,0.4741174954756533,0.926790978614327,0.363747138305975,1.0,1.0,1.0,1.0,0.7502381285548516,0.8552880500113897,0.0,0.8729148210569397,0.913028831995702,1.0,0.5344561845594116,1.0,1.0,1.0,0.0,1.0,0.12872998256051316,1.0,1.0,0.0,1.0,0.24168235108026126,0.6660288365700245,0.08588866001164319,1.0,1.0,0.23353929248968378,0.0,0.9185907773629914,1.0,0.9074835544379515,1.0,1.0
gex_possorted_bam_1WGCZ:GCCTATTGTTCAAGATx-M2,1.0,1.0,0.0,1.0,1.0,1.0,0.3100014853088782,0.9430776713584117,0.7410536219362711,1.0,0.347289793285366,1.0,1.0,0.21895327057221045,1.0,0.4262402669618921,0.20013602049386248,1.0,1.0,0.8455665530793196,1.0,1.0,1.0,1.0,0.7498348074604878,1.0,0.0,1.0,1.0,1.0,1.0,0.83385861122487,1.0,0.9633161409239112,0.0,1.0,0.010580829007261289,1.0,1.0,0.0,0.8354602137698025,0.0,0.6465574938812639,0.6784017266172292,1.0,1.0,0.38141883879058336,0.0,0.9274311956550487,1.0,0.8435983278290795,1.0,1.0
gex_possorted_bam_1WGCZ:GCAGGTTGTTACCGGGx-M2,1.0,0.7426287192982698,0.0,1.0,0.991950897868345,1.0,0.7227445133320087,1.0,0.44555856486216916,0.8430459503942812,0.0,1.0,0.6796345693682259,0.4924852458169339,1.0,0.20047225005804242,0.0,0.33254259386345125,0.9676365321493441,0.6751984506025882,1.0,1.0,1.0,1.0,0.5430130138682869,0.7882590665104674,0.0,0.9611967340983993,1.0,0.9716485856996203,0.7950484643266017,1.0,1.0,0.9374231114555877,0.01065788841479955,1.0,0.19868537655290883,1.0,1.0,0.0,1.0,0.3200981672680288,0.5076217914256822,0.3172464569911091,1.0,1.0,0.23851100468634973,0.0907284413500896,0.8347209248104036,0.9794989028809604,1.0,1.0,1.0
gex_possorted_bam_1WGCZ:GCACTAAGTGAGCAAGx-M2,0.9647746267299466,0.5388518585998137,0.0,0.8631640282202877,0.5406209462994991,0.9964641987226085,0.4033588233799318,0.9062833103740907,0.151865701546238,0.6757845498192414,0.10562376917515882,0.6615958525163947,0.9481943035268405,0.0,0.9443730184226092,0.3625268585382141,0.006496504697299341,0.522747945281283,0.9196104621493426,0.55706975896327,1.0,1.0,0.7878198236021774,0.973203559361559,0.6586227358992995,0.7322188508317647,0.10546779463373741,0.49234865936135813,1.0,0.6018611807858625,0.24605867730519393,1.0,0.8679285134838018,0.8037298505680267,0.0,1.0,0.1513939255837435,0.9325019809473746,0.7287792611362564,0.11787954257249698,0.9200497915033949,0.2809436454423953,0.4629852406351449,0.0,1.0,0.8051330407919128,0.3660531744756704,0.3744482386147767,0.6163291611459502,0.8201468954571266,0.7913856517341694,0.8311945396646324,0.5402263355574755
gex_possorted_bam_1WGCZ:GCATATATCGATATTGx-M2,1.0,0.9254155189014207,1.0,1.0,1.0,1.0,0.12449996290806407,1.0,1.0,1.0,0.0,1.0,1.0,0.40395275039751877,1.0,0.014074035185285438,0.0,0.0,0.4018700474197966,0.8877940072633761,0.9440946375260919,1.0,1.0,1.0,0.8472324909644593,1.0,0.0,1.0,0.7119853764400098,1.0,0.39514191727906567,1.0,1.0,1.0,0.0,1.0,0.11478811915937318,1.0,1.0,0.0,1.0,0.0,1.0,0.841068188719134,1.0,1.0,0.8035833413329427,0.0,1.0,1.0,1.0,1.0,1.0
gex_possorted_bam_1WGCZ:GCAGCTATCTTGTCCAx-M2,1.0,0.8558930756240519,0.01609434814401839,0.9273026901046606,1.0,1.0,0.3005014593573415,0.8431542178316108,0.49470121454346694,1.0,0.9724045355707039,0.49898247537570184,0.8294419830188523,0.4049345337585797,1.0,0.17144832764041104,0.5029127254383121,1.0,1.0,0.4907369551125054,1.0,1.0,1.0,1.0,0.5648069804785018,0.8257735180607824,0.0,1.0,1.0,1.0,1.0,1.0,1.0,1.0,0.0,1.0,0.148443369385985,1.0,1.0,0.0,0.6604814033150386,0.5776834723294644,0.5147470631657631,0.0,1.0,1.0,0.0,0.12119077021538135,0.9012447440725001,0.9759946719182647,0.7793950111473742,1.0,1.0
gex_possorted_bam_1WGCZ:GCACGGTTCGGTACGCx-M2,0.8293743169692246,1.0,1.0,1.0,1.0,0.8739725198645836,1.0,1.0,1.0,1.0,0.0,0.11015171482839879,1.0,1.0,0.8199270777149373,0.1156389633899364,0.0,0.0,0.6273460598656891,0.662273365101147,0.5195569021059218,0.5443235975589062,1.0,0.39300639360565753,1.0,1.0,0.5118645830324208,0.5859349753509039,1.0,0.4092743293099988,0.11422917788733218,1.0,1.0,1.0,0.2453874457746197,0.930407073596056,0.0,1.0,1.0,0.08794637619419073,1.0,0.003733672902160357,0.8202697634572396,1.0,0.3836102366557158,1.0,1.0,0.0,1.0,1.0,0.8167787554431042,0.9464252635142926,0.48494941123168117
gex_possorted_bam_1WGCZ:GCCTAATAGGCTGTGCx-M2,0.24003172112371784,1.0,0.9846142057440502,0.3000137982177678,0.0,0.0,1.0,0.699684382513753,0.49672492878792024,1.0,0.0,1.0,0.1718516305052676,0.1354015841160216,0.7604743860414446,0.6299329565912214,0.0,0.0,0.0,1.0,0.2961242542651276,0.22479948834683391,0.24322034459815842,0.6595666544038811,0.08574818668144214,0.20515860017008278,0.09155557055256262,0.62140117964266,0.7768635530066212,0.11996698992154944,1.0,0.0,0.340981287041391,0.6673629761915535,0.5085171204576653,0.6374610204509249,0.9291285682457392,0.35551561809666227,0.5247652495186484,1.0,0.5732185045020874,0.8780932589413127,0.0,0.7115820082165063,0.3265123460637153,0.49730390175550965,0.0,0.0,0.5584508757102989,0.4934718307762279,0.5230403912889128,0.2914743935747033,0.44180580166888545
gex_possorted_bam_1WGCZ:GCCAGGAAGTTATGGCx-M2,0.8967714281577718,0.6500751325015965,0.0,0.7359180798758483,0.9476057865833766,1.0,0.15969779794782202,0.8626835970689783,0.09818259689299992,0.9299753828513886,0.2714135016649154,0.8252994795986599,0.7012464804467715,0.4307239044131879,0.9807931454284878,0.049463904172509635,0.0792412445158605,0.5139698663011365,0.5095579733303383,0.6486530373364454,1.0,1.0,0.9530671004359439,1.0,0.2996556032728354,0.7007193727264855,0.06520223559365883,0.5005530210192708,0.8521594334920041,0.7674408316314197,0.7425900751302142,1.0,0.9055730742621464,0.6694327383707329,0.02306997219510718,0.87631745307646,0.14433929771755757,0.805710615710207,0.8107383929331272,0.0,1.0,0.0,0.48856734157629655,0.5524175975860065,1.0,0.8671792844893567,0.2720106601380312,0.0,0.664912217071912,1.0,0.6133491692227423,0.7842733487280497,0.9026757560103092
gex_possorted_bam_1WGCZ:GCACGGTTCGGCCAGTx-M2,0.09862243471947693,1.0,1.0,0.9707825219997039,0.08132018972562263,0.0,1.0,0.7685643128880407,1.0,1.0,0.0,1.0,1.0,1.0,0.24381716084842867,1.0,0.018781534793728343,0.0,1.0,0.0,0.0,0.0,0.0,0.0,1.0,1.0,1.0,1.0,1.0,0.9304924448342105,1.0,0.08132995878863467,0.0,0.8568179732007841,1.0,0.3092812480569926,1.0,0.14818664137986004,0.18356817968240305,1.0,0.2701102881307601,1.0,1.0,1.0,0.08055362063359851,0.5650509338968368,1.0,1.0,1.0,0.6197768342967493,1.0,1.0,0.0
gex_possorted_bam_1WGCZ:GCCTCCATCTGGCAATx-M2,1.0,1.0,0.0,1.0,0.8579757690645939,1.0,0.7173940592508116,1.0,0.3835041966941248,1.0,0.48514922820474765,0.6383155705177683,0.9324455286952985,0.5788105724027351,1.0,0.6253819017713352,0.24245928303743544,1.0,1.0,0.811362468667219,1.0,1.0,1.0,1.0,0.8434504474940941,0.907373402208194,0.0,1.0,1.0,1.0,1.0,1.0,1.0,1.0,0.0,1.0,0.13553221972642554,1.0,1.0,0.09504321470322413,0.7298657848862363,0.27685253858859166,0.5923361818259945,0.30212742178088503,1.0,1.0,0.20169562591957851,0.1778544381641578,0.9734679990069434,0.9181325549555703,1.0,1.0,0.834286306703955
gex_possorted_bam_1WGCZ:GCACTAAGTTAGGACCx-M2,0.7533773410581194,1.0,1.0,1.0,1.0,0.17436520777396564,1.0,1.0,1.0,1.0,0.0,0.16113810685614322,1.0,0.7749019952706334,0.8644372681763384,0.0,0.0,0.0,0.3936612759204451,0.12417358374514731,0.0,0.33750533648847275,1.0,0.0,1.0,1.0,0.6142250177362478,0.4285615413877585,1.0,0.27670145543372177,0.0,1.0,1.0,1.0,0.2388761605849333,0.8349782408033296,0.0,1.0,1.0,0.021257030319047333,1.0,0.0,0.6483489396635347,1.0,0.18769373980643902,1.0,1.0,0.0,1.0,1.0,0.7968514026886148,0.973251382863599,0.0
gex_possorted_bam_1WGCZ:GCCTCCATCCTGCGAAx-M2,1.0,0.9986285550744517,0.06414297585473126,1.0,1.0,1.0,0.8747483475870755,1.0,0.9053893667210198,1.0,0.0,1.0,1.0,0.4241037773928676,1.0,0.1665525091596181,0.0,0.36438501574996385,1.0,0.9996385031922113,1.0,1.0,1.0,1.0,0.9302176568880896,0.9758386222921234,0.0,1.0,0.9984184377227155,1.0,1.0,1.0,1.0,1.0,0.0,1.0,0.20400617974920354,1.0,1.0,0.0,1.0,0.05851820098015947,0.8917066733709682,0.2745942289145857,1.0,1.0,0.41033997401393696,0.0,1.0,1.0,1.0,1.0,1.0
gex_possorted_bam_1WGCZ:GCCTACTTCCGTTAAAx-M2,0.07011701183855454,1.0,1.0,1.0,0.0,0.0,1.0,0.8809039861253473,1.0,1.0,0.0,1.0,1.0,1.0,0.18352479838972574,1.0,0.0,0.0,1.0,0.0,0.0,0.0,0.0,0.0,1.0,1.0,1.0,1.0,1.0,0.5654665358682082,1.0,0.12193583943456432,0.0,0.9537500354226419,1.0,0.2688752526616665,1.0,0.015070565914770238,0.05234593544466582,1.0,0.18441212627124756,1.0,1.0,0.8201122805258341,0.0,0.522452676910941,1.0,1.0,1.0,0.6353743764310515,1.0,1.0,0.15241523939225265
gex_possorted_bam_1WGCZ:GCGGAACCACAAGCCTx-M2,1.0,1.0,0.0,1.0,1.0,1.0,0.517185083539904,1.0,0.11523432391086391,1.0,0.8721255310967427,0.4558472490587715,1.0,0.47222324138223465,1.0,0.2986100952590663,0.3421342987163642,1.0,1.0,0.6212738455096334,1.0,1.0,1.0,1.0,0.6823590441585089,0.877061044101152,0.0,1.0,1.0,1.0,1.0,1.0,1.0,1.0,0.0,1.0,0.015538909358509687,1.0,1.0,0.0016054381166623571,0.7475363089206493,0.0,0.5745051255430171,0.036043588193995044,1.0,1.0,0.01642185385374354,0.018668654300619075,0.8467184391262224,1.0,0.9710800949463126,1.0,1.0
gex_possorted_bam_1WGCZ:GCGGAACCAAATTGCTx-M2,0.0675175820769169,1.0,1.0,0.9599389660337847,0.0,0.531700927557983,1.0,0.729555735821409,1.0,0.8544222614549797,0.8224406788767059,1.0,1.0,1.0,0.21401282861318924,1.0,1.0,1.0,1.0,0.0,0.0,0.0,0.0,0.0,1.0,1.0,1.0,1.0,1.0,1.0,1.0,0.0,0.0,0.7345482303332285,1.0,0.2560438487075472,1.0,0.18595653094118042,0.17102399568206011,1.0,0.32987732173717116,1.0,1.0,1.0,0.06546211622342822,0.5638752664052465,1.0,1.0,1.0,0.3958651685093258,1.0,0.9211170243153334,0.0
gex_possorted_bam_1WGCZ:GCGCGATTCATTGCAAx-M2,1.0,0.7824136577714998,1.0,1.0,1.0,0.6403541361348795,0.0,1.0,1.0,1.0,0.0,1.0,1.0,0.6084586507306153,1.0,0.056160268825333856,0.0,0.0,0.0,0.3500076666120966,0.07707740065463682,0.6017558645472477,1.0,0.6717880471684042,0.6493281247084264,1.0,0.03172554866257365,1.0,0.44020079919243865,1.0,0.0,1.0,1.0,1.0,0.0,1.0,0.0,1.0,1.0,0.0,1.0,0.0,1.0,1.0,1.0,1.0,1.0,0.0,1.0,1.0,0.8967526532933915,1.0,0.08117906018559556
gex_possorted_bam_1WGCZ:GCCTCGACAGCACCATx-M2,1.0,0.942901562208411,0.3267604739675772,1.0,1.0,0.5894215657093589,0.03623440879179184,1.0,0.26702863824301937,1.0,0.0,0.90009381905171,0.8037166637550522,0.3697199685580665,1.0,0.06836843931941779,0.0,0.0,0.6998242089037893,0.5986154700752447,1.0,0.968005531130118,1.0,1.0,0.1505510978952669,1.0,0.0,0.8428541377827633,0.905410505722799,1.0,0.197726885924082,1.0,1.0,1.0,0.0,1.0,0.35574515767211706,1.0,1.0,0.0,1.0,0.20169942037883837,0.6667314294607679,0.0621364430930803,1.0,1.0,0.5147175731312799,0.0,1.0,1.0,1.0,0.9534587992921469,0.2607398095821282
gex_possorted_bam_1WGCZ:GCCTTTGGTCACGAACx-M2,1.0,1.0,0.0,1.0,1.0,1.0,0.2585996987384338,0.9731754137490691,0.2782915900495321,0.9154169638138314,0.37911005670834746,1.0,1.0,0.33379293703974766,1.0,0.16771735328841206,0.04710662528349175,0.8250790010022983,1.0,0.735511514003219,1.0,1.0,1.0,1.0,0.6031853209493263,0.9124773808524348,0.0,1.0,1.0,1.0,0.6824376811983303,1.0,1.0,0.950796950789209,0.0,1.0,0.0,1.0,1.0,0.0,1.0,0.13339755521340224,0.6906537518547818,0.0,1.0,1.0,0.047652023279221016,0.0,0.9238828301681679,1.0,0.927181148171434,1.0,1.0
gex_possorted_bam_1WGCZ:GCCTTGCGTCCTTTAAx-M2,0.5721019350779918,0.2741822165745194,0.051506188969541636,0.388987533483181,0.7213787860356079,0.6513146723623292,0.0,0.4656658045766568,0.015859401475972236,0.44024831267424447,0.4243878489751268,0.07641394960303716,0.12832297129994766,0.0,0.6095193288627201,0.0,0.34915142245769487,0.556807602531564,0.12198176879229722,1.0,1.0,0.9777184974293963,0.6142457705052263,1.0,0.0,0.31481830839063046,0.010144406424455604,0.2356194406011015,0.48526748555769056,0.42779773845044994,0.33684628600568056,0.5343894680444202,0.6244715359993515,0.3523868827974731,0.14828500696460944,0.5233653438567164,0.03884740361661658,0.5038532525831863,0.5533024919191697,0.0,0.6363451330774165,0.0,0.004721675610984867,0.0,0.5922868393893145,0.48739928288812834,0.0,0.0,0.3728361882787918,0.41095948208234934,0.3157466603781332,0.43711412534399424,0.7157523352607525
gex_possorted_bam_1WGCZ:GCCTTGCGTAATGACTx-M2,0.06449171528251733,1.0,1.0,1.0,0.0,0.762048252207326,1.0,0.6698770446459339,1.0,0.5680899185949738,1.0,1.0,1.0,1.0,0.15387458495488884,1.0,1.0,1.0,1.0,0.0,0.0,0.0,0.0,0.0,1.0,1.0,1.0,1.0,1.0,1.0,1.0,0.0017142105268841132,0.0,0.7391017853272102,1.0,0.21349774314466355,1.0,0.14549112790979155,0.1082794008149321,1.0,0.07150912578543679,1.0,1.0,1.0,0.007663606161909722,0.5525642721746012,1.0,1.0,1.0,0.5415385249608566,1.0,1.0,0.0
gex_possorted_bam_1WGCZ:GCGATATTCGCCTGTTx-M2,0.9606359954705044,0.766110388521887,1.0,1.0,1.0,0.9634456165098045,0.0,0.9340645573682042,0.6380153930307187,1.0,0.0,1.0,0.9381209724168929,0.29136361797176863,1.0,0.1271474388194333,0.0,0.0,0.0,0.5679427130238306,0.440558691741676,0.8284187520256452,1.0,0.7232823102965029,0.7838855599736962,1.0,0.0,0.841659725606116,0.32400513307349077,1.0,0.0,1.0,1.0,1.0,0.0,0.9961818433523916,0.0,1.0,1.0,0.0,1.0,0.0,1.0,0.7971256963532944,1.0,1.0,1.0,0.0,1.0,1.0,0.854362095302794,1.0,0.8557004907390819
gex_possorted_bam_1WGCZ:GCGTGCTAGAGGATATx-M2,1.0,1.0,0.0,0.9377028899779568,1.0,1.0,0.3373639217517935,0.931373551822773,0.15513387986728897,0.9199214763885674,0.8026674126675939,0.7014746178508379,1.0,0.3917733168775338,0.9896423517306537,0.3427342398517011,0.43983337235281694,1.0,1.0,0.5803116861168214,1.0,1.0,1.0,1.0,0.8288321764094413,0.7651095459199323,0.0,0.8033703260016163,1.0,1.0,1.0,0.841275272931766,1.0,0.9577463796943008,0.0,1.0,0.20606981703211666,1.0,1.0,0.0,0.43755625060800657,0.1341749165081779,0.5717899214169377,0.2534989914973945,1.0,1.0,0.0,0.0,0.8070585269699913,1.0,0.856309458811885,1.0,1.0
gex_possorted_bam_1WGCZ:GCGGTTGGTGCTGGTGx-M2,1.0,1.0,0.8091567222354514,1.0,1.0,1.0,0.0,1.0,0.6179837197947574,1.0,0.1617993061380946,0.669275826091083,0.9765039529720445,0.630975186163483,1.0,0.16351149836922188,0.0,0.3154463438649736,0.9893958426241657,0.6281330796302695,1.0,1.0,1.0,1.0,0.43634045601705224,1.0,0.0,1.0,0.8425340121708386,1.0,0.7426998050520613,1.0,1.0,1.0,0.0,1.0,0.1450482488309278,1.0,1.0,0.0,1.0,0.0953682996301143,1.0,0.6734115346894863,1.0,1.0,0.620588654217912,0.0,1.0,1.0,1.0,1.0,0.675611559807833
gex_possorted_bam_1WGCZ:GCGGTTATCTTGCAGGx-M2,0.8610281264043196,1.0,1.0,1.0,1.0,0.7766650149597427,1.0,1.0,1.0,1.0,0.0,0.8325500392824356,1.0,0.7769621256292257,1.0,0.0,0.0,0.0,0.03636960915171019,0.5613342145081878,0.20818271205827832,0.57943324643464,1.0,0.17537633270717176,1.0,1.0,0.2432119987732231,1.0,1.0,1.0,0.0,1.0,1.0,1.0,0.11867805566937653,1.0,0.0,1.0,1.0,0.017649210767211827,1.0,0.0,1.0,1.0,0.9228484903512855,1.0,1.0,0.0,1.0,1.0,0.705968668336312,1.0,1.0
gex_possorted_bam_1WGCZ:GCTAACAGTTTGGGCGx-M2,1.0,0.8458497706037837,0.016005188187935927,1.0,1.0,1.0,0.38144146293920517,1.0,0.25890306050145956,1.0,0.0,0.7557617404494621,1.0,0.3511736488072525,1.0,0.18953781585545854,0.0,0.0,0.8354733107060582,0.6180778780805495,1.0,1.0,1.0,1.0,0.33784557157239486,1.0,0.0,0.9622186435009712,1.0,1.0,0.6110160980653471,1.0,1.0,1.0,0.0,1.0,0.0,1.0,1.0,0.0,1.0,0.30534994698838036,0.813969242669616,0.31211081460005285,1.0,1.0,0.5946871541543861,0.085711666431829,1.0,1.0,0.9826657961482539,1.0,0.4875709773467827
gex_possorted_bam_1WGCZ:GCGCGATTCATTGTTCx-M2,1.0,0.850468764586823,0.32198170644838464,1.0,1.0,1.0,0.9642694728643532,1.0,0.546691062038012,1.0,0.0,0.8749305472289624,1.0,0.5337029742175702,1.0,0.3030250097078896,0.007148658838335677,0.20946720145400216,1.0,0.5383353915073302,1.0,1.0,1.0,1.0,0.8168831177027431,1.0,0.09230057735589957,1.0,1.0,1.0,0.6962876820946674,1.0,1.0,1.0,0.0,1.0,0.35684429628459713,1.0,1.0,0.0,1.0,0.6346730247899289,0.6464687063551067,0.4046737305649067,1.0,1.0,0.5624378154975448,0.6799744784868244,1.0,1.0,1.0,1.0,0.8649784183872652
gex_possorted_bam_1WGCZ:GCGCTAGGTCATGCAAx-M2,1.0,1.0,0.0,1.0,1.0,1.0,0.5228468612830194,0.9469017237544984,0.36151491027126914,1.0,1.0,0.8579763314970403,1.0,0.6378889126213578,1.0,0.6329550580646114,0.5201862064124102,1.0,1.0,0.7496700626604246,1.0,1.0,1.0,1.0,0.861165576303002,0.9528791376838075,0.0,1.0,1.0,1.0,1.0,1.0,1.0,1.0,0.0,1.0,0.3278814769104469,1.0,1.0,0.0,0.6385927537432835,0.03738499769189921,0.8144796681590197,0.5813282836947868,1.0,1.0,0.19403547179014669,0.13733807961497876,0.9529712411819713,1.0,1.0,1.0,1.0
gex_possorted_bam_1WGCZ:GCCTGAGGTAATCGGCx-M2,0.9810577753934907,1.0,0.39089697703583204,0.993935063520567,0.5064046867108735,1.0,1.0,1.0,0.6457704577952945,1.0,0.0,1.0,1.0,0.8419983891611417,1.0,0.7804571182571406,0.0,0.11066351403521806,0.7071915463646352,0.7856271764596171,1.0,1.0,0.8894482905074708,1.0,1.0,0.8459991330609087,0.0,1.0,1.0,0.8874735210301429,1.0,0.948940695282301,0.9305010400819466,1.0,0.0,1.0,0.6101291762437291,1.0,1.0,0.7462607169077552,0.28268434451230356,0.367858471159433,0.8480900377171764,1.0,1.0,1.0,0.3187279892716232,0.0,1.0,0.9882129072693014,1.0,1.0,1.0
gex_possorted_bam_1WGCZ:GCGCTTGCAACCTGGTx-M2,1.0,1.0,0.0,1.0,1.0,1.0,0.37457944313090724,1.0,0.8469901749470377,1.0,0.03423925020536243,0.998255133455946,0.9764246514254044,0.4521884444636048,1.0,0.3475370721436316,0.0,0.44355275724078186,1.0,0.7696724043953049,1.0,1.0,1.0,1.0,0.4168815351842178,1.0,0.0,1.0,1.0,1.0,0.9556581235537992,1.0,1.0,1.0,0.0,1.0,0.06724183092592306,1.0,1.0,0.0,1.0,0.25917536475656483,0.9706275266104147,0.6979683459138537,1.0,1.0,0.5770898232729103,0.05540543076216726,1.0,1.0,1.0,1.0,0.675500250586732
gex_possorted_bam_1WGCZ:GCGGTTGGTACGCGCAx-M2,0.06317966915631831,1.0,1.0,0.9848707751685357,0.0,0.0,1.0,0.8980343724361676,1.0,0.8592329365067003,0.0,1.0,1.0,1.0,0.13725046142466124,1.0,0.0,0.0,1.0,0.0,0.0,0.0,0.0,0.0,1.0,1.0,1.0,1.0,1.0,0.6943968543187505,1.0,0.0,0.0,0.8966460185714069,1.0,0.2536970396163381,1.0,0.023848137960029624,0.06223372682420813,1.0,0.06685835108434801,1.0,1.0,1.0,0.0,0.5245830280195785,1.0,1.0,1.0,0.5330324033634372,1.0,1.0,0.0
gex_possorted_bam_1WGCZ:GCCTTTATCCTTAAGAx-M2,1.0,1.0,1.0,1.0,1.0,1.0,0.0,1.0,1.0,1.0,0.0,1.0,1.0,0.5604386331382949,1.0,0.2588534659843388,0.0,0.0,0.05699088818492077,0.6380675346458299,0.5038708308227856,0.95907523972683,1.0,0.7712669598768357,0.972885189807615,1.0,0.0,1.0,0.8725199299463587,1.0,0.0,1.0,1.0,1.0,0.0,1.0,0.0,1.0,1.0,0.0,1.0,0.0,1.0,1.0,1.0,1.0,1.0,0.0,1.0,1.0,0.9014304909677088,1.0,0.9741439119861239
gex_possorted_bam_1WGCZ:GCGCGATTCGGTTCCTx-M2,1.0,1.0,0.27799028111817914,1.0,1.0,1.0,0.39416442037555416,1.0,0.11430466732594223,1.0,0.4219410147523242,0.6061249377579242,1.0,0.35020606702129886,1.0,0.31199507291923384,0.10166074122517729,1.0,1.0,0.8010140836789379,1.0,1.0,1.0,1.0,0.8945319259511622,1.0,0.0,1.0,0.9815347620709097,1.0,1.0,1.0,1.0,1.0,0.0,1.0,0.14124723541423603,1.0,1.0,0.0,1.0,0.20132403814906974,0.8469651346753738,0.7140248605641711,1.0,1.0,0.37609311886123,0.0,1.0,1.0,0.9986079910808497,1.0,1.0
gex_possorted_bam_1WGCZ:GCGATTTAGGGCTTATx-M2,1.0,1.0,0.59185290251411,1.0,1.0,1.0,0.5271349672031387,1.0,0.8684526131255174,1.0,0.0,1.0,1.0,0.37942293388683,1.0,0.18929998127820752,0.0,0.2779271473597423,0.7906809997410712,0.9477745937254954,1.0,1.0,1.0,1.0,0.9806700629425184,1.0,0.0,1.0,1.0,1.0,0.7909051488189252,1.0,1.0,1.0,0.0,1.0,0.20807820932122353,1.0,1.0,0.021838465712217477,1.0,0.2726894001679032,1.0,0.6711034658351714,1.0,1.0,0.6233244614602965,0.0,1.0,1.0,1.0,1.0,1.0
gex_possorted_bam_1WGCZ:GCGTAACGTTAAGCGCx-M2,1.0,0.8561661846958178,0.4363045542795434,1.0,1.0,1.0,0.26564731417986925,1.0,0.3940349274517599,1.0,0.0,1.0,0.8455488773406663,0.1973272605582447,1.0,0.11024313021872671,0.0,0.0,0.9706251408278916,0.7762546846326035,1.0,1.0,1.0,1.0,0.11244834529293919,1.0,0.0,1.0,1.0,1.0,0.40651891011727836,1.0,1.0,1.0,0.0,1.0,0.022703395840950054,1.0,1.0,0.0,1.0,0.12570043109526266,1.0,0.548966210347725,1.0,1.0,0.42112828574221906,0.0,1.0,1.0,1.0,1.0,0.21022557256423868
gex_possorted_bam_1WGCZ:GCCTCCATCTTAGGACx-M2,0.37533303068005686,1.0,1.0,1.0,0.363034075119616,0.10702238951586333,1.0,0.8572509199383279,1.0,0.9695607468191413,0.0,1.0,1.0,1.0,0.44859806800279284,1.0,0.08469772264302261,0.0,1.0,0.0,0.0,0.0,0.1614583635038284,0.0,1.0,1.0,1.0,1.0,1.0,1.0,1.0,0.31960219309906096,0.16515688955619204,0.9085378080890084,1.0,0.5112748502676188,1.0,0.43767611718272353,0.4812799839418156,1.0,0.6663403675096164,1.0,1.0,1.0,0.38899764798716985,0.7257444558951222,1.0,1.0,1.0,0.7773556492446063,1.0,1.0,0.22676383048698456
gex_possorted_bam_1WGCZ:GCCTTACTCGTTAAGCx-M2,1.0,0.9924980983852196,0.0,1.0,1.0,1.0,0.7683634592698497,1.0,0.8540137416932634,1.0,0.0,1.0,1.0,0.2152047975410851,1.0,0.0,0.0,0.0,0.944913534410098,0.9993453197536503,1.0,1.0,1.0,1.0,0.7009678523015547,1.0,0.0,0.9737581782800179,0.9948790807631089,1.0,0.7023622688177233,1.0,1.0,1.0,0.0,1.0,0.20527002736464528,1.0,1.0,0.0,1.0,0.29191272140294766,0.8455722049008054,0.5905222432526257,1.0,1.0,0.5629903374829035,0.0,1.0,1.0,1.0,1.0,0.7468629653477614
gex_possorted_bam_1WGCZ:GCCTGACAGAAACTGGx-M2,1.0,0.9931321289072723,0.23306762733461145,1.0,0.895147201462567,0.7998136553405001,0.9199910005151387,1.0,0.5502776630033765,1.0,0.0,0.915288954402891,0.8215045459331661,0.6044103263854717,1.0,0.21517168531616432,0.0,0.0,0.5741513828087534,1.0,1.0,1.0,1.0,1.0,0.7249869454411269,0.9698499886375967,0.0,1.0,1.0,0.9085023370936708,0.7157232666235976,1.0,1.0,1.0,0.0,1.0,0.4473955764178055,1.0,1.0,0.0,1.0,0.2000804068185886,0.6996045851927705,0.4508460070732963,1.0,1.0,0.7313231191636644,0.0,0.9347159779030195,1.0,0.7466886205405979,0.9059501684060539,0.5950465156098571
gex_possorted_bam_1WGCZ:GCCTTGCGTTGACTTCx-M2,1.0,0.9863009965017877,0.3142169291579461,1.0,1.0,1.0,0.19674013816938438,1.0,0.8512459165645914,1.0,0.1872714616017893,0.8534391402747856,0.8227022371554757,0.06858883264340998,1.0,0.19169334376653044,0.0,0.5395575711716902,0.9144649176098599,0.7618808611854226,1.0,1.0,1.0,1.0,0.8059038769471286,1.0,0.0,0.8287113394499486,0.9679080178174683,1.0,0.23938157740680807,1.0,1.0,1.0,0.0,1.0,0.090696645496196,1.0,1.0,0.0,1.0,0.0,1.0,0.0,1.0,1.0,0.8643718113752419,0.007193113159806925,1.0,1.0,0.7197970460243723,1.0,1.0
gex_possorted_bam_1WGCZ:GCGATTAGTGTTGCTTx-M2,1.0,1.0,0.0,1.0,1.0,1.0,0.10850840922626745,1.0,0.14635371848816062,0.9622290925344289,0.12598392876850087,0.7931095768545974,0.8983719486158213,0.3473153479038776,1.0,0.17388418995125085,0.0,0.0,1.0,0.6427087295525958,1.0,1.0,1.0,1.0,0.15876894546159273,1.0,0.0,0.992535660229427,1.0,1.0,0.3506590996336953,1.0,1.0,1.0,0.0,1.0,0.1598614836272278,1.0,1.0,0.0,1.0,0.6851483519651655,0.7452485458162955,0.2431391295397634,1.0,1.0,0.32047033814624526,0.0,1.0,1.0,1.0,1.0,0.25281703626418767
gex_possorted_bam_1WGCZ:GCGTTTCTCTAAATCGx-M2,1.0,0.9827879355055176,0.7025901378485171,0.8980753881514063,1.0,1.0,0.22675437030132403,0.8738552826125815,0.23295246655919566,0.9724902614267555,0.5143484753903976,1.0,0.8235732806595994,0.0,1.0,0.3871388027363709,0.29118923509203065,1.0,0.8115879018028458,0.7356978910271539,1.0,1.0,1.0,1.0,0.6665863600092615,0.8622437218297884,0.0,0.8552328312502274,1.0,1.0,0.936365562250942,0.6208927106870786,0.9922352115689735,0.878912600678037,0.039472321157888506,1.0,0.18183920490596794,0.9034904056452385,0.9967734451106418,0.0,1.0,0.15142910894668105,1.0,1.0,1.0,1.0,0.3005322799308693,0.0,0.7612926504231688,1.0,0.5955526242423563,1.0,1.0
gex_possorted_bam_1WGCZ:GCGATATTCCTAGTAAx-M2,1.0,0.6711213966627965,0.8952512450517455,1.0,1.0,1.0,0.26199217560196486,1.0,0.36563682697185396,1.0,0.13133179653980748,0.6249812024514779,0.9203174348619203,0.14210108432324314,1.0,0.09983768709561867,0.0,0.05132897740627665,1.0,0.9543118653530102,1.0,1.0,1.0,1.0,0.0,1.0,0.0,1.0,1.0,1.0,0.7979287108359642,1.0,1.0,1.0,0.0,1.0,0.163720504287416,1.0,1.0,0.0,1.0,0.07409514196056224,0.7486117624879316,0.3426405995295826,1.0,1.0,0.0809302059129157,0.0,1.0,1.0,1.0,1.0,0.44498536183910214
gex_possorted_bam_1WGCZ:GCCTTTGGTTGTAAACx-M2,1.0,1.0,0.2593331561376883,1.0,1.0,1.0,0.0,1.0,0.5866233953783507,1.0,0.3774622117775452,1.0,1.0,0.5056889966807109,1.0,0.12837196390704783,0.059656679891371245,0.44076086551120264,1.0,0.6044423382875977,1.0,1.0,1.0,1.0,0.0,1.0,0.0,1.0,0.9684081505813907,1.0,0.8387229131681091,1.0,1.0,1.0,0.0,1.0,0.04871250216055307,1.0,1.0,0.0,1.0,0.41281284561842235,0.7088466063756403,0.5364288673327535,1.0,1.0,0.4246482250408642,0.0,1.0,1.0,1.0,1.0,0.6728498474120218
gex_possorted_bam_1WGCZ:GCCTTTATCGATCAGTx-M2,1.0,1.0,0.23368513884368,1.0,0.5766950288438246,0.7122339628003171,1.0,1.0,0.8058894885436299,1.0,0.0,1.0,1.0,0.5282458907616417,1.0,0.4644193021536544,0.0,0.0,0.5323019772916022,0.8337047663061484,1.0,0.7369333554712861,0.9574945031670594,0.995843901600923,1.0,1.0,0.0,1.0,1.0,0.7144675431439129,0.6505890768611572,1.0,0.9964058490956875,1.0,0.0,1.0,0.4655068584229036,1.0,0.9934872041079416,0.46815185157358,1.0,0.3039747988933039,0.9086291777647272,0.1802801993987802,1.0,1.0,0.5981150317291013,0.0,0.9693380966125495,1.0,1.0,0.9062518667341188,0.37363743750230344
gex_possorted_bam_1WGCZ:GCGCGATTCCTCATGCx-M2,1.0,1.0,1.0,1.0,1.0,1.0,0.0,0.9829814292332497,1.0,1.0,0.0,1.0,1.0,0.5117566771236626,1.0,0.08187891142195208,0.0,0.0,0.08997182324670507,0.5845178034486057,0.4925882104405537,1.0,1.0,0.8272801783802194,1.0,1.0,0.0,1.0,0.8817224997353666,1.0,0.0,1.0,1.0,1.0,0.0,1.0,0.0,1.0,1.0,0.0,1.0,0.0,1.0,1.0,1.0,1.0,1.0,0.0,1.0,1.0,0.9796613043619994,1.0,1.0
gex_possorted_bam_1WGCZ:GCCTTTGGTTGAGGTCx-M2,0.09018317142494431,1.0,1.0,0.9895282912874019,0.20769876512227725,0.0,1.0,0.8082977447543384,1.0,0.8390508644825095,0.0,1.0,1.0,1.0,0.22817313293416297,1.0,0.0,0.0,1.0,0.0,0.0,0.0,0.0,0.0,1.0,1.0,1.0,1.0,1.0,0.7326510928195761,1.0,0.11369816524444273,0.0,0.9890557498572016,1.0,0.2757004360412788,1.0,0.03408361577698165,0.1314543468005348,1.0,0.11828223451585156,1.0,1.0,0.7594526703843701,0.030521141609839653,0.5759764275089385,1.0,1.0,1.0,0.7459118784077855,1.0,1.0,0.2401002633469786
gex_possorted_bam_1WGCZ:GCGCAAACACGGTACTx-M2,1.0,0.9465658533057332,0.498615723478092,1.0,1.0,0.9379810505745438,0.0018885734626321743,1.0,0.0,0.9986116637884481,0.0,0.6723859223447518,0.9025544739358885,0.4470527622834236,1.0,0.0243431701527965,0.0,0.0,1.0,0.6917433119968662,1.0,1.0,1.0,1.0,0.0,1.0,0.0,0.9786164272461936,1.0,1.0,0.4806516638740685,1.0,1.0,1.0,0.0,0.9910696835856075,0.13954821509044243,1.0,1.0,0.0,1.0,0.2008042993032117,0.6046556028120269,0.32830268096003806,1.0,1.0,0.21775118450729572,0.0,1.0,1.0,1.0,1.0,0.0
gex_possorted_bam_1WGCZ:GCCTGAGGTAGCCATAx-M2,1.0,0.9153410080024846,1.0,1.0,1.0,0.7807204057816389,0.2226710100032784,1.0,0.6797480402498567,1.0,0.0,1.0,1.0,0.8370245129718158,1.0,0.2954630446430455,0.0,0.0,0.24786229612387198,0.6702706098680645,0.7731573879784696,0.8613299344024478,1.0,0.9356766708596768,0.6349636993743619,1.0,0.0,1.0,1.0,1.0,0.04643030790497499,1.0,1.0,1.0,0.0,1.0,0.1547551888497397,1.0,1.0,0.0,1.0,0.0,1.0,0.8101368298211061,1.0,1.0,1.0,0.0,1.0,1.0,1.0,1.0,0.38057997941716776
gex_possorted_bam_1WGCZ:GCGGATACATGGCCTGx-M2,1.0,1.0,0.02051326268543218,1.0,1.0,1.0,0.546421492064435,1.0,0.401038972373743,0.944819973148301,0.4981310362009438,0.14304238978057854,0.8437633739249738,0.21667703928430773,1.0,0.4485643348083877,0.17490015771540357,1.0,1.0,0.7633945512696219,1.0,1.0,1.0,1.0,0.47419014574985335,0.8845262600521537,0.0,1.0,1.0,1.0,1.0,0.9606359237120154,1.0,1.0,0.0,1.0,0.26720984628430916,1.0,1.0,0.1122134860850039,0.9497136660130855,0.3009851311860009,0.8188104502415781,0.2762388277339908,1.0,1.0,0.4295122109178466,0.2518029660088609,0.9762950241838301,1.0,1.0,1.0,0.9308277220713459
gex_possorted_bam_1WGCZ:GCGTTTCTCCAAGTGTx-M2,1.0,0.9825266255671903,0.4732125727271142,1.0,1.0,1.0,0.579885682101747,1.0,0.9592790331622937,1.0,0.0,1.0,0.9703895658580511,0.3613732271235791,1.0,0.07171674748423054,0.0,0.2102302187701328,0.7390945804119837,0.9405495586579736,1.0,1.0,1.0,1.0,0.9440264289548773,1.0,0.0,1.0,0.9035892629516697,1.0,0.5232219963617701,1.0,1.0,1.0,0.0,1.0,0.1423920695287357,1.0,1.0,0.008353304499381788,1.0,0.24386310814340173,0.9644072441641443,0.39816902261248094,1.0,1.0,0.6000603227963365,0.046496618389264346,1.0,1.0,1.0,1.0,0.9567446331138028
gex_possorted_bam_1WGCZ:GCCTTAGAGATACTTGx-M2,0.09938647852146151,1.0,0.9539596406849331,0.9979704245954144,0.0,0.0,1.0,1.0,1.0,0.6551324136031721,0.0,1.0,1.0,1.0,0.11316531034883347,1.0,0.10707104264452136,0.07554084555049063,1.0,0.0,0.0,0.0,0.0,0.0,1.0,1.0,1.0,1.0,1.0,0.7178737498863326,1.0,0.13359500976642658,0.0,0.9477172569763801,1.0,0.3085855310907868,1.0,0.0006686292680653415,0.0,1.0,0.24050412436015497,1.0,1.0,0.7304308024218342,0.1566802513180555,0.5286996957942625,1.0,1.0,1.0,0.6873488763853741,1.0,0.8864074019303819,0.0
gex_possorted_bam_1WGCZ:GCGATATTCATTTGCTx-M2,0.9642297709157045,1.0,0.9269634933296794,1.0,0.5630480075188534,0.8687543325745603,1.0,1.0,1.0,1.0,0.0,1.0,1.0,0.7722487413449504,1.0,0.6375673039041261,0.0,0.0,0.2653352361368349,1.0,0.9535077123432325,0.7794594186857224,0.9575411242705424,0.9522383775627308,1.0,0.9978563856225905,0.0,1.0,1.0,0.9219169406864971,1.0,0.9587566598144875,1.0,1.0,0.0,1.0,0.7641949470314795,1.0,1.0,0.7879777120503529,1.0,0.43470035349670305,1.0,0.9849146548518104,1.0,1.0,0.9312554302162792,0.0,1.0,1.0,1.0,0.9826487549371655,0.8539482735700514
gex_possorted_bam_1WGCZ:GCCTTGCGTTAGCTGAx-M2,1.0,0.8968663209632344,0.8540689888437186,1.0,1.0,0.2669739215856527,0.050241479806732936,1.0,0.4434451305629249,1.0,0.0,1.0,0.8620321960136796,0.17880906098728216,1.0,0.0,0.0,0.0,0.49147223208181756,0.8130666567595946,1.0,0.8999751310910791,1.0,1.0,0.06444352073483053,1.0,0.0,0.9129987319662846,0.7747570678085628,1.0,0.0,1.0,1.0,1.0,0.0,0.9632883303900849,0.0,1.0,1.0,0.0,1.0,0.0,1.0,0.7500061645013464,0.9172629767167825,1.0,0.8713005410979003,0.0,1.0,1.0,1.0,0.9205994278609402,0.0
gex_possorted_bam_1WGCZ:GCGTGCTAGATGCCTGx-M2,1.0,0.9390319808595842,0.20139153208510718,1.0,1.0,1.0,0.6225186032820005,1.0,1.0,1.0,0.11936091945268652,0.6280992358375158,1.0,0.0,1.0,0.07660452069660786,0.008479421905274443,0.721683461198398,1.0,0.8476722403565593,1.0,1.0,1.0,1.0,0.7169978433597688,0.9804946474565495,0.0,1.0,1.0,1.0,0.6651912987767709,1.0,1.0,1.0,0.0,1.0,0.05540164493200254,1.0,1.0,0.09317786055006122,1.0,0.5007665804051816,0.7073511255399889,0.4656673537546991,1.0,1.0,0.15641890884908516,0.0,1.0,1.0,1.0,1.0,1.0
gex_possorted_bam_1WGCZ:GCCTTACTCAATGTCAx-M2,1.0,1.0,0.0,1.0,0.8911218903281576,0.8372380993971457,0.9779141002347401,1.0,0.8298264906688255,0.9688767371941239,0.0,1.0,0.768472963189416,0.5921073497734417,1.0,0.05651810290145604,0.0,0.0,0.5850566355881432,0.7160157819895402,1.0,1.0,1.0,1.0,0.8296832299299794,0.9644280047257165,0.0,0.9734412259406772,0.7832744524072658,1.0,1.0,1.0,1.0,1.0,0.0,1.0,0.37356695590967176,1.0,1.0,0.219652352614903,1.0,0.7169914588115587,0.7373923866468158,0.4823092681006814,1.0,1.0,0.4115500905732083,0.0,1.0,1.0,1.0,0.9798627114544405,1.0
gex_possorted_bam_1WGCZ:GCGGAACCACGTAATTx-M2,0.49302917691480186,0.14942289505738593,0.0,0.4203836153736593,0.7510440682410423,0.6991707520863983,0.1264754105091457,0.42674463083440245,0.0,0.67398340678499,0.4255817869204932,0.0,0.392167377675112,0.0,0.6139465399373861,0.03750329975866126,0.32444905656298745,0.4325118962006449,0.11444360529984472,1.0,0.7552948645184865,0.9854198585661644,0.4804803951107623,0.7687086658597769,0.0,0.3099903565876316,0.24769186525741466,0.3400712788682427,0.46605152336331096,0.3129161820808529,0.6748556468860732,0.839056699905682,0.5156724809203768,0.49054625642164557,0.114905916903138,0.5854401394905313,0.04191263263723223,0.4147684677117836,0.45574610224298084,0.375655837684683,0.28794611543528725,0.0,0.1765606099612336,0.0,0.6746923580035937,0.46759454325700733,0.05109800688232893,0.17336987671527052,0.39164824584854935,0.536864278721332,0.3745328852492594,0.490555775626353,1.0
gex_possorted_bam_1WGCZ:GCGAAGCCACCTACGGx-M2,1.0,1.0,0.0,1.0,1.0,1.0,0.4232131900835438,1.0,0.13344672380086056,0.8822930661121021,0.6510849856721498,0.6223269867393093,0.8776048972589254,0.33214044317511326,1.0,0.5693270855257561,0.24765270288715727,1.0,1.0,0.6729473417620873,1.0,1.0,1.0,1.0,0.5322892945034281,0.8837694484313514,0.0,1.0,1.0,1.0,0.8557098482607592,1.0,1.0,1.0,0.0,1.0,0.015549721593011722,1.0,1.0,0.003986957566538956,0.6477078943016531,0.22407460415953045,0.5738424070943775,0.4860386228873593,1.0,1.0,0.1216648119461792,0.0,1.0,1.0,1.0,1.0,1.0
gex_possorted_bam_1WGCZ:GCGAAGCCATTGGGAGx-M2,0.9345067376513277,0.6361020139664226,0.0,0.7606487052811964,1.0,1.0,0.0,0.7008197203505556,0.0063108996562810955,0.7263113935350316,1.0,0.0,0.389659187225106,0.1955349085915574,0.8721596807901535,0.19030727572937273,0.7219818515488635,1.0,1.0,0.8440113478946115,1.0,1.0,0.970252046570889,1.0,0.34349007535394355,0.6501984349132536,0.0,0.745558288468906,0.8598258638323336,1.0,1.0,0.8341539199942002,0.8675343810714836,0.7128289283206973,0.016425872749324853,0.9777137189801763,0.0,0.8409762036101328,0.8921602547680549,0.0,0.6820977034236771,0.12299910976723928,0.338337910823571,0.297994022576128,0.9691672928834052,0.8177159534764297,0.0,0.0,0.7545598330618098,0.8428649975275406,0.5946795824043234,0.9588114909426223,1.0
gex_possorted_bam_1WGCZ:GCCTGACAGTTAGACCx-M2,1.0,0.9290450832418911,0.0,1.0,1.0,1.0,0.608015633009954,1.0,0.1762746497977542,1.0,0.6038287299056494,0.6804150939585994,1.0,0.33630620906384373,1.0,0.4768526059357494,0.2408500297352179,1.0,1.0,0.8826619403859285,1.0,1.0,1.0,1.0,1.0,0.934293159889439,0.0,0.9507792601955883,0.9956726457301246,1.0,1.0,1.0,1.0,1.0,0.0,1.0,0.05951045188561351,1.0,1.0,0.034013271890858496,0.8687772921018487,0.10750278471157795,0.7892177733453702,0.00693342716409923,1.0,1.0,0.31534895551387043,0.0,0.9360851555452171,0.9697811198255831,1.0,1.0,1.0
gex_possorted_bam_1WGCZ:GCGAGTGAGCCTGATGx-M2,1.0,1.0,0.10950944898450977,1.0,1.0,0.9686178173917346,0.012350060927651481,1.0,0.6074207258082506,1.0,0.0,0.9706239502426741,0.7977406865670866,0.3319193283646785,1.0,0.0,0.0,0.0,0.6774698558964306,0.518124049732143,1.0,1.0,1.0,1.0,0.2732214182010064,1.0,0.0,0.8579208026741325,0.7380407363396103,1.0,0.3077942628010918,1.0,1.0,1.0,0.0,1.0,0.07442959922718147,1.0,1.0,0.0,1.0,0.2678255360232169,0.8274901373732616,0.5713269339485801,1.0,1.0,0.3724786612418378,0.0,0.9920103717503364,1.0,0.9404332631018449,1.0,0.4205224208290875
gex_possorted_bam_1WGCZ:GCGCAAACAGGTTCACx-M2,1.0,1.0,0.0,0.9940343986582882,1.0,1.0,0.45085831609944393,1.0,1.0,1.0,0.0,0.9601921106095179,0.9230485259674798,0.6267209036079878,1.0,0.21183159859352813,0.0,0.3254486022325795,0.9068042629267343,0.3700173006236186,1.0,1.0,1.0,1.0,0.4465463682333308,0.8904323335119332,0.017016962136967365,0.9528198570146335,0.9168511361583446,1.0,0.29286261887284115,0.9634898776479955,1.0,1.0,0.0,1.0,0.34652295301324293,1.0,0.9709056447874544,0.0,1.0,0.27520747847245286,0.658310143071326,0.017250711639927602,1.0,1.0,0.209676214291864,0.26889116685764375,0.8723444074180119,1.0,1.0,0.9952224141283252,0.2519221744459818
gex_possorted_bam_1WGCZ:GCGAAGTAGCTGTACGx-M2,0.8510045104071858,1.0,0.4622225168802944,1.0,0.0,0.5304883611339242,1.0,1.0,1.0,1.0,0.0,1.0,1.0,1.0,1.0,1.0,0.0,0.0,0.3452618112254256,0.1818684060939348,0.5941389619853287,0.44966775747664817,0.6609797762482277,0.9843588727168593,1.0,0.9521806512899351,0.0,1.0,1.0,0.7856211545763372,1.0,1.0,0.8311007736747233,1.0,0.08912453309182812,1.0,1.0,1.0,1.0,1.0,0.8451509546093903,1.0,0.8064146804669743,1.0,1.0,1.0,0.6220836071124557,0.2472393733541121,1.0,0.9458155503320322,1.0,1.0,0.32553796921683525
gex_possorted_bam_1WGCZ:GCGCAATGTTTGACCTx-M2,0.9104733466674877,1.0,0.702684026596468,1.0,0.0,0.5550916695068235,1.0,1.0,0.9436181276671396,1.0,0.0,1.0,1.0,1.0,1.0,1.0,0.0,0.0,0.33383007775852963,0.3276310783141683,0.7466629321392041,0.5593851915136244,0.6985714225063365,1.0,1.0,0.9787562999679129,0.0,1.0,1.0,0.7346976623681256,1.0,1.0,0.8855770571061117,1.0,0.0,1.0,1.0,1.0,1.0,1.0,0.7574900390976806,0.8776078942121702,1.0,1.0,1.0,1.0,0.6625807572842434,0.0,1.0,0.9894282036533324,1.0,1.0,0.5273003064867321
gex_possorted_bam_1WGCZ:GCCTGACAGTGAGGGTx-M2,0.9027747103462247,0.5184344494793119,0.0,0.6804614250338725,1.0,1.0,0.0,0.751638969837372,0.41438892769688324,0.8236727897603398,1.0,0.0,0.6823927993879472,0.3775009461224632,0.800394820663764,0.42969973238062287,1.0,1.0,1.0,0.5507815270624596,1.0,1.0,0.8260943076719786,1.0,0.339164520140137,0.5273912035395628,0.0,1.0,0.9975447746582479,0.6748327373038393,0.5005788881810757,0.9576763388558441,0.7751724841099864,0.8368849963765571,0.0,0.972185946934227,0.0,0.7706411982105792,0.8442169150719938,0.04825773671758496,0.0,0.30387006239039765,0.18569017347039962,0.0,1.0,0.8204694300987092,0.0,0.4245466713909125,0.6136379110205316,0.619108149848991,0.7132377487556327,0.9614397723597431,1.0
gex_possorted_bam_1WGCZ:GCGCAAACAGCTAATTx-M2,0.08131238329617768,1.0,1.0,0.9096436351934254,0.1188490086516722,0.0,1.0,0.6917642451453425,1.0,0.6780751335527613,0.17607237804142212,1.0,1.0,1.0,0.1706428413090354,1.0,0.33045340295703085,0.5279715687731166,1.0,0.0,0.0,0.0,0.0,0.0,1.0,1.0,1.0,1.0,1.0,1.0,1.0,0.05433170368842948,0.0,0.8232519806051123,1.0,0.2623441866035024,1.0,0.2171632676589236,0.25480271864943677,1.0,0.044560547558310855,1.0,1.0,1.0,0.1643370485177521,0.5845535274959979,1.0,1.0,1.0,0.4889299264325437,1.0,1.0,0.0
gex_possorted_bam_1WGCZ:GCGATTTAGGTACCGCx-M2,1.0,0.916770159702319,0.0,1.0,1.0,0.38730108087280063,0.8254765680618847,1.0,0.6003229279278675,1.0,0.0,1.0,1.0,0.13474509287320338,1.0,0.0,0.0,0.0,0.5289719171867913,1.0,0.9343097812090035,0.8746987819448863,1.0,1.0,0.24277483034007682,1.0,0.025052153562663184,0.878546549115321,1.0,1.0,0.04565960274921218,1.0,1.0,1.0,0.0,0.9804781942151601,0.1552890133327451,1.0,1.0,0.0,1.0,0.2953313777200091,0.803008489457981,0.26334752333916894,1.0,1.0,0.6485690872483592,0.0,1.0,1.0,0.8658713566009967,0.8104686955789188,0.2335919234163296
gex_possorted_bam_1WGCZ:GCCTGCTGTAACCTAGx-M2,0.0,1.0,1.0,0.4228543921748659,0.0,0.0,1.0,0.20801551508687624,1.0,0.8578563901223126,0.6481821483436054,1.0,1.0,1.0,0.10345664149230129,1.0,1.0,0.0,1.0,0.0,0.0,0.0,0.0,0.0,1.0,0.699491938488764,1.0,1.0,1.0,0.5987295015544433,1.0,0.0,0.0,0.4106517643193959,1.0,0.05059368171942559,1.0,0.0,0.0,1.0,0.15866384397540784,1.0,1.0,1.0,0.0,0.23901787278675282,1.0,1.0,0.7728473000637571,0.3198030645722057,1.0,0.5345222608165888,0.0
gex_possorted_bam_1WGCZ:GCGATATTCCTGAGTGx-M2,0.1495721639836076,1.0,1.0,1.0,1.0,0.0,1.0,1.0,1.0,1.0,0.0,1.0,1.0,1.0,0.17851007429025953,1.0,0.0,0.0,1.0,0.0,0.0,0.0,0.38515818658280576,0.0,1.0,1.0,1.0,1.0,1.0,0.17633640006059273,0.7874594489398846,0.40113400324662546,0.06185716816747604,1.0,1.0,0.37502038026045503,1.0,0.30363437289770606,0.7393283327156019,1.0,1.0,1.0,1.0,1.0,0.0,0.976646699007302,1.0,1.0,1.0,1.0,1.0,0.8700124311393528,0.6445756896454441
gex_possorted_bam_1WGCZ:GCGATTAGTCATTGTCx-M2,1.0,0.7493949040758221,0.0,0.9067920894514634,0.7190738260704864,1.0,0.39601863650509495,1.0,0.7614108517177507,0.8249435114126658,0.07653718160422325,0.8822449904506351,0.713382189717093,0.8088159579389034,0.959301626514522,0.2921140653400959,0.0,0.6551662099948486,0.8732452554855624,0.4273632638496251,1.0,1.0,0.9607096427719167,1.0,0.6177177223427834,0.8072267450479558,0.0,0.7153949318000095,0.8324517456606136,0.848615373084638,0.009528266339067485,0.9980105063008042,0.9878933632104308,0.8867517718675373,0.0,0.9418768951645605,0.2223666166763666,0.9336327438584301,0.8689871672189865,0.0,1.0,0.3153714510799504,0.6089057158309448,0.0,1.0,0.9160129262905783,0.24526359793363933,0.22812532175760208,0.7636554110314796,0.8231906855517891,0.6779120889283345,0.8425083335122457,0.13548366348565866
gex_possorted_bam_1WGCZ:GCCTTAGAGGTGAAATx-M2,1.0,1.0,0.0,1.0,1.0,1.0,0.3032652727706945,0.974490660084546,0.1758330548862437,0.9359468147236385,0.7569020516519003,0.8098084302033502,0.764714977436756,0.41141750858094583,1.0,0.054154572503316824,0.2665905751317499,1.0,1.0,0.6661900299266056,1.0,1.0,1.0,1.0,0.629525079577302,0.9421877006558702,0.0,1.0,0.8221863046344641,1.0,1.0,0.9409532196666327,1.0,1.0,0.0,1.0,0.011600809435759194,1.0,1.0,0.0,0.7627066571194939,0.0,0.8684971702589865,0.7032292025189103,1.0,1.0,0.0,0.0,0.9902475007088801,0.987157156425892,1.0,1.0,1.0
gex_possorted_bam_1WGCZ:GCTAACAGTGGATGTCx-M2,1.0,0.8176635270038836,1.0,1.0,1.0,0.9972386507791072,0.0,1.0,0.7921684418190835,1.0,0.0,1.0,1.0,0.5090998506971433,1.0,0.24343993974859401,0.0,0.0,0.08172643783705294,0.728880714688079,0.5737145689260237,0.9289226110589217,1.0,0.9607697623669791,0.544328803442271,1.0,0.0,1.0,0.7010182880779431,1.0,0.0,1.0,1.0,1.0,0.0,1.0,0.0,1.0,1.0,0.0,1.0,0.0,1.0,1.0,1.0,1.0,1.0,0.0,1.0,1.0,0.9855073561233255,1.0,0.6839093779855387
gex_possorted_bam_1WGCZ:GCGTTTCTCTCCTCTTx-M2,1.0,0.9050359214977037,0.0,0.9109105019195699,0.7719475642732879,0.7849669832943967,0.7540187999753049,1.0,0.7014843945268457,0.876026568070787,0.0,0.9332156656680253,0.7342805369157217,0.2102208935895104,1.0,0.06179497683790675,0.0,0.0,0.6074258637256202,0.6686236661473259,1.0,1.0,0.9734745329475766,0.9218314882489086,0.5681168230558233,0.8065688797649132,0.0,0.8589725618379724,0.9945448648657633,0.8109425067469508,0.6256604659980047,0.9958540262672065,0.9831933927102245,1.0,0.05819233570490183,1.0,0.5345784903572428,0.9448345926378269,0.9482096098165431,0.16514258859880737,1.0,0.37478387434613186,0.424975036380371,0.11100098017056526,1.0,0.9305680135670537,0.3254693306989234,0.11086997739144328,0.8186661107588439,1.0,0.9480815572224608,0.8671326153689443,0.8882436459627248
gex_possorted_bam_1WGCZ:GCCTTAACAAGTCGCTx-M2,0.0675329668120518,1.0,1.0,0.9354699546654539,0.0,0.004490631512841737,1.0,0.8435134180249967,1.0,0.9989383796539655,0.10700423949619756,1.0,1.0,1.0,0.17873307546501058,1.0,0.7769555697727294,1.0,1.0,0.0,0.0,0.0,0.0,0.0,1.0,1.0,1.0,1.0,1.0,1.0,1.0,0.0,0.0,0.7938001756367223,1.0,0.27393701665061854,1.0,0.19603925929880023,0.10895787155267628,1.0,0.23834223726934173,1.0,1.0,1.0,0.09411817485211654,0.5728887096244182,1.0,1.0,1.0,0.46150672856754815,1.0,0.9272645429624687,0.0
gex_possorted_bam_1WGCZ:GCGAAGCCACTAAGTTx-M2,1.0,1.0,0.0,1.0,1.0,1.0,0.35106706340886074,1.0,0.4761927416861294,1.0,0.2724820510131774,0.7427532886445157,1.0,0.5248463555597408,1.0,0.21755716193137908,0.0,0.7496970289868753,1.0,0.810828470511654,1.0,1.0,1.0,1.0,0.6483512402256537,0.9242949176917842,0.0,0.8284466895603456,1.0,1.0,0.8255540246950306,1.0,1.0,1.0,0.0,1.0,0.20300111546903307,1.0,1.0,0.0,1.0,0.2201979778536225,0.7064899093775973,0.18161621801567499,1.0,1.0,0.29455733605379497,0.12777753548397114,0.8884513245540167,1.0,1.0,1.0,0.7754274598735822
gex_possorted_bam_1WGCZ:GCGATATTCCGCTAGAx-M2,1.0,0.8646838806243318,1.0,1.0,1.0,1.0,0.0,1.0,0.9958116287602654,1.0,0.0,1.0,1.0,0.42386510957708545,1.0,0.11177811541922761,0.0,0.0,0.07330038585331647,0.602937500688066,0.39771686093182473,0.8926124790765415,1.0,0.7860659774184523,0.7439723811812813,1.0,0.08277916513171978,1.0,0.5611236293259805,1.0,0.0,1.0,1.0,1.0,0.0,1.0,0.0,1.0,1.0,0.0,1.0,0.0,1.0,1.0,1.0,1.0,1.0,0.0,1.0,1.0,1.0,1.0,0.5972823174656042
gex_possorted_bam_1WGCZ:GCGCTTAAGGAGCAACx-M2,0.06551121686842994,1.0,1.0,1.0,0.053882666521141376,0.1829748907653156,1.0,0.7879696925002045,1.0,0.7490744972541079,0.43278470796656,1.0,1.0,1.0,0.146723345539206,1.0,0.6745715920679005,0.7150173377476671,1.0,0.0,0.0,0.0,0.0,0.0,1.0,1.0,1.0,1.0,1.0,0.8782964932251549,1.0,0.040088153875771915,0.0,0.9228680829541855,1.0,0.2693159692818698,1.0,0.015243783979062384,0.002542179575538886,1.0,0.10297256278741138,1.0,1.0,0.32630085487292676,0.020365321016716193,0.5795992928920679,1.0,1.0,1.0,0.6893743717669901,1.0,1.0,0.0
gex_possorted_bam_1WGCZ:GCCTTTGGTCACAGCGx-M2,0.8000750271956538,1.0,1.0,1.0,1.0,0.9126958050929368,1.0,1.0,1.0,1.0,0.0,0.2593158179873926,1.0,0.8961760098721713,1.0,0.0,0.0,0.0,0.5085208436104363,0.5925237056741873,0.30337009079190663,0.5535714733142227,1.0,0.10755792110748721,1.0,1.0,0.5230517380668906,0.6995732341085771,1.0,0.551727240936783,0.0,1.0,1.0,1.0,0.20099219187461562,1.0,0.0,1.0,1.0,0.20891761368162712,1.0,0.0,1.0,1.0,0.6066543963048199,1.0,1.0,0.0,1.0,1.0,0.6785598996145853,1.0,0.8892122480441935
gex_possorted_bam_1WGCZ:GCGCAATGTAGGTTTGx-M2,0.925082600558008,0.4939234200821482,0.0,0.7442648952759741,1.0,0.5463389433857313,0.4199698112271779,0.9014536472317722,0.6699880600345427,0.7169100886817246,0.0,0.14432726049809017,0.7054450966251948,0.16432142052834342,0.9629283757496299,0.15913072807311146,0.0,0.0,0.3629694311456754,1.0,1.0,0.9882173354201553,1.0,1.0,0.12934978598356386,0.7301746155593974,0.08355376347546428,0.4993701961842539,0.3816971070822432,0.6320753780248998,0.18412563532866535,0.9555908883038767,0.9753198190520631,0.6412247345331342,0.09728763014264206,0.7894670528637883,0.0,0.7059750649857696,0.8782436759884343,0.09441867990328753,1.0,0.19478323437124812,0.15557886778303287,0.0,1.0,0.7686055401419716,0.007098917291043671,0.0037434404082726546,0.6323852795060038,0.8205779240107467,0.8303845445394679,0.6661797059190753,0.8595570969055366
gex_possorted_bam_1WGCZ:GCGGGTTTCGCAATCGx-M2,1.0,1.0,0.0,1.0,1.0,1.0,0.8968112790187494,1.0,1.0,1.0,0.0,1.0,1.0,0.46816627759818696,1.0,0.4333279051485077,0.0,0.43657975516159175,1.0,0.7242555882280991,1.0,1.0,1.0,1.0,0.8909246503767695,0.9643087379969216,0.0,1.0,1.0,1.0,1.0,1.0,1.0,1.0,0.0,1.0,0.2737774500693857,1.0,1.0,0.19444306603555378,0.9241692584692902,0.25601786184758196,0.9323733703883286,0.7035009003168017,1.0,1.0,0.3032480325480032,0.0,1.0,1.0,1.0,1.0,1.0
gex_possorted_bam_1WGCZ:GCGGATACACAGGGACx-M2,1.0,1.0,0.0,0.9386774441567458,1.0,1.0,0.49548188445617625,1.0,1.0,0.9065401013659288,0.5950639221175164,0.33046963315135314,1.0,0.9650418086014694,1.0,0.481309080613698,0.3160885898292419,1.0,1.0,0.5201882727852225,1.0,1.0,1.0,1.0,0.6528812372746248,1.0,0.0,0.9526950767467053,0.3109517861739236,1.0,0.3190082062926466,1.0,1.0,1.0,0.0,1.0,0.0,1.0,1.0,0.0,1.0,0.6060815553066194,0.7465429511305628,0.0,1.0,1.0,0.0,0.0,0.9491853992087427,1.0,1.0,1.0,1.0
gex_possorted_bam_1WGCZ:GCTTAAATCGAAGTAGx-M2,0.07732861047740733,1.0,1.0,0.9224414982849437,0.2567891596547456,0.33639082162702194,1.0,0.7238670409888373,1.0,0.5463688060003328,0.9720306851548959,1.0,1.0,1.0,0.18616200658382162,1.0,1.0,1.0,1.0,0.0,0.0,0.0,0.0,0.0,1.0,1.0,1.0,1.0,1.0,0.9870345473602534,1.0,0.0,0.0,0.8532958175439586,1.0,0.2746382208281855,1.0,0.20311716983690578,0.21329552847867847,1.0,0.1350106338640829,1.0,1.0,1.0,0.055049982728389193,0.5442558942442715,1.0,1.0,1.0,0.23807390218726562,1.0,0.9100187024133529,0.0
gex_possorted_bam_1WGCZ:GCTGGTTCATATTGACx-M2,1.0,1.0,0.9578293484887104,1.0,1.0,0.6051070025429499,0.2030269280463288,1.0,0.6687699946058713,1.0,0.0,1.0,1.0,0.40509011440144266,1.0,0.2521421685079694,0.0,0.0,0.626431345747656,0.6567546718914277,0.9222373867634012,0.9264489177482146,1.0,1.0,0.40061985940336536,1.0,0.0,0.9276218255253333,0.9692459681605881,1.0,0.0,1.0,1.0,1.0,0.0,1.0,0.21805198266011835,1.0,1.0,0.0,1.0,0.05195850427799548,1.0,0.2254469138210151,1.0,1.0,0.7500006277969644,0.0,1.0,1.0,1.0,1.0,0.0
gex_possorted_bam_1WGCZ:GCTCCTTAGGTTACACx-M2,1.0,0.74111454258181,1.0,1.0,1.0,0.9873770115219762,0.0,1.0,0.606745977652637,1.0,0.0,0.9984703449711335,0.9113892005198146,0.457404879311208,1.0,0.27960446993029303,0.0,0.0,0.10632961376225396,0.3454593380004232,0.4767221772404641,0.7763277687031027,1.0,0.8439370140346735,0.5820510346443146,1.0,0.0,1.0,0.6578642100440204,1.0,0.0,1.0,1.0,1.0,0.0,1.0,0.0,1.0,1.0,0.0,1.0,0.0,1.0,1.0,1.0,1.0,1.0,0.0,1.0,1.0,0.8107261759582252,1.0,0.47958506275672724
gex_possorted_bam_1WGCZ:GCTGAGGAGGCTGGCTx-M2,0.941855440002345,0.9562767497017236,0.0,0.7938110234934904,0.7924093752620117,1.0,0.5696677995872631,0.8554209066386027,0.622975859970903,0.9101238147788943,0.7197053411514568,0.7759556660213529,0.7548232970038787,0.2623271447128309,0.9135465555849276,0.21285072185435563,0.5186598527138194,1.0,0.9966521578622906,0.7641769447181417,1.0,1.0,0.7903520567339234,1.0,0.6320960541167607,0.5995461896051546,0.0,0.8634927046921991,0.8065942140643311,0.8287648494553822,0.9225339225367466,0.9003079745374755,0.8745245507699381,0.985500191719812,0.029383428533950456,1.0,0.14734202097375276,0.942303071945308,0.9218359309485222,0.1989843462895483,0.3615311963190727,0.3560566299449055,0.46195890773631026,0.005847423726974229,1.0,0.8374481330637447,0.0,0.10865361155078215,0.7219844721773672,0.8317235773404624,0.7171062437671062,1.0,0.8413654085569677
gex_possorted_bam_1WGCZ:GCTATTGCATTCAGCAx-M2,0.059886098264113584,1.0,1.0,0.9004680459442198,0.0,0.0,1.0,0.7988532865358293,1.0,0.6116827761642628,0.05477610309731897,1.0,1.0,1.0,0.13864687173639106,1.0,0.35607446090858463,0.08657761819932215,1.0,0.0,0.0,0.0,0.0,0.0,1.0,1.0,1.0,1.0,1.0,0.7379275700109937,1.0,0.0,0.0,0.7626609980013253,1.0,0.22037884581563144,1.0,0.008287252490130565,0.0,1.0,0.21044966664432185,1.0,1.0,1.0,0.009280988139831808,0.506720847067416,1.0,1.0,0.9680145120548797,0.5731569353223459,1.0,0.8316616086371845,0.0
gex_possorted_bam_1WGCZ:GCTAATATCTGTTGCCx-M2,1.0,1.0,0.0,1.0,1.0,1.0,0.9461984012967737,1.0,0.7502713131886107,1.0,0.13730259269333794,0.7940933375333004,1.0,0.6286646005049128,1.0,0.3177100574422025,0.0,0.5174877429134298,1.0,0.7162456582915817,1.0,1.0,1.0,1.0,0.9183451351062455,0.9525210030863409,0.0,1.0,0.9933133555306869,1.0,1.0,1.0,1.0,1.0,0.0,1.0,0.003361728902372761,1.0,1.0,0.0,1.0,0.18833900461931102,0.7142854607002983,0.0,1.0,1.0,0.0,0.0,0.9481510479452745,1.0,1.0,1.0,1.0
gex_possorted_bam_1WGCZ:GCTATAGGTCGACTAAx-M2,1.0,0.8209094832831482,1.0,1.0,1.0,0.6018945998274711,0.0,1.0,0.6017379147375412,1.0,0.0,1.0,1.0,0.12559515774818253,1.0,0.0,0.0,0.0,0.0,0.47155710586828253,0.47616675928471697,0.7802444263784221,1.0,0.5632124870149373,0.4179527774370663,1.0,0.0,1.0,0.8534347346556774,1.0,0.0,1.0,1.0,1.0,0.0,1.0,0.009393771933209775,1.0,1.0,0.0,1.0,0.0,1.0,1.0,1.0,1.0,1.0,0.0,1.0,1.0,1.0,1.0,0.14699073242138122
gex_possorted_bam_1WGCZ:GCTAGCTCAATTGAAGx-M2,1.0,0.6344039918710888,1.0,1.0,1.0,1.0,0.0,0.9975485545050442,1.0,1.0,0.0,1.0,1.0,0.41848257112623455,1.0,0.0,0.0,0.0,0.21669841326455117,0.6004101332743258,0.40617692954271967,1.0,1.0,0.361726588402759,0.5908230795938373,1.0,0.023233603855971494,1.0,1.0,1.0,0.0,1.0,1.0,1.0,0.0,1.0,0.0,1.0,1.0,0.0,1.0,0.0,1.0,1.0,1.0,1.0,0.9226255269112055,0.0,1.0,1.0,0.9771715719625701,1.0,1.0
gex_possorted_bam_1WGCZ:GCTAAGAAGGAAGCTAx-M2,0.9202218654816885,1.0,1.0,1.0,1.0,1.0,0.719761759221619,1.0,0.7364610926990053,1.0,0.0,1.0,0.8244059944729291,0.541310190293263,1.0,0.27099880117035896,0.0,0.0,0.21233304783628623,0.9951349118497953,0.903595436174914,0.9085668645719235,1.0,0.8119395393571377,0.942029368040092,1.0,0.0,1.0,1.0,1.0,1.0,1.0,1.0,1.0,0.0,1.0,0.2849108158282682,1.0,1.0,0.48827741157459575,1.0,0.06779967105951322,1.0,1.0,1.0,1.0,1.0,0.0,1.0,1.0,0.7916812625483444,1.0,1.0
gex_possorted_bam_1WGCZ:GCTGACATCCATAATGx-M2,1.0,0.9967133440455354,1.0,1.0,1.0,0.977146836507981,0.13418368891574017,1.0,0.7005382046438616,1.0,0.0,1.0,1.0,0.4970964778000639,1.0,0.18532332003275612,0.0,0.0,0.587180909620086,0.728356688296852,1.0,1.0,1.0,1.0,0.4202237505801811,1.0,0.0,1.0,0.8344247601116753,1.0,0.13549750621675613,1.0,1.0,1.0,0.0,1.0,0.013910208019689377,1.0,1.0,0.0,1.0,0.10246947121245227,1.0,0.6610063006123996,1.0,1.0,0.8615183407274067,0.0,1.0,1.0,1.0,1.0,0.36561419324713496
gex_possorted_bam_1WGCZ:GCTATTGCAACGTGCTx-M2,0.7626683055545614,1.0,1.0,1.0,1.0,0.2615652603372262,1.0,1.0,1.0,1.0,0.0,0.0178361091496352,1.0,0.666060946791759,0.7849559130518277,0.0,0.0,0.0,0.49923958829428616,0.39552198730151467,0.1412155556105191,0.3581749650927214,1.0,0.0,1.0,1.0,0.6363866887232137,0.3648996085389791,1.0,0.26912298616962155,0.0,1.0,1.0,1.0,0.25429749768797594,0.807416124739608,0.0,1.0,1.0,0.06286828775753181,1.0,0.0,0.6738477578398899,1.0,0.14779495293361727,1.0,1.0,0.0,1.0,1.0,0.6932257953595811,0.8976872392043641,0.0
gex_possorted_bam_1WGCZ:GCTAAGTTCTATTGTCx-M2,1.0,0.844939309229059,0.0,0.9815346483924958,0.9754297305332548,1.0,0.46682408527281105,1.0,0.0,0.934751334655458,0.9007398571798838,0.5503814193612102,0.957375131775512,0.6407068022415291,0.9874238622637014,0.6227321729039571,0.44635721763333436,1.0,1.0,0.48158626720687875,1.0,1.0,1.0,1.0,0.7642951357246185,0.8013978615343731,0.0,0.854165476661526,0.9580738615324776,1.0,1.0,1.0,0.9739596391088846,1.0,0.0,1.0,0.19462423813681035,1.0,1.0,0.05282198607223532,0.7605001821857882,0.22960735119650777,0.625518263329824,0.15299635018387525,1.0,1.0,0.13669971521310004,0.08705690358542226,0.8573564253741891,0.9144222603548668,0.9035726250789808,1.0,1.0
gex_possorted_bam_1WGCZ:GCTCCTTAGGGTGGATx-M2,0.06883019441313667,1.0,1.0,1.0,0.09248565086112974,0.0,1.0,0.7461220438940389,1.0,0.7929052130102593,0.0,1.0,1.0,1.0,0.22209492604758513,1.0,0.0,0.0,1.0,0.0,0.0,0.0,0.005931666851270522,0.0,1.0,1.0,1.0,1.0,1.0,0.734527704604287,1.0,0.21827907686339984,0.0,0.8385456470591128,1.0,0.23466137283338334,1.0,0.013865357600843385,0.056746834359913165,1.0,0.2560223931750112,1.0,1.0,0.27348363720771474,0.0,0.5703351940176679,1.0,1.0,1.0,0.6876423320279708,1.0,1.0,0.0
gex_possorted_bam_1WGCZ:GCTAGCGGTTTGACCTx-M2,1.0,1.0,0.44070380593853015,1.0,1.0,1.0,1.0,1.0,0.7959122617558181,1.0,0.5955142530100527,0.3798361344740258,1.0,0.9411897945390839,1.0,1.0,0.42886027317091685,1.0,1.0,0.39070914407375185,1.0,1.0,0.9854825683018906,1.0,1.0,0.9503028740513897,0.0539197130700387,1.0,1.0,1.0,1.0,1.0,1.0,1.0,0.11144820101595099,1.0,0.7134991574854335,1.0,1.0,0.5190832263531638,0.5659021644268769,0.46715436213456635,0.9691401642372801,0.9919369820416086,1.0,1.0,0.2095541881524365,0.5406859165880472,0.9975243878505681,0.9188599203925842,1.0,1.0,1.0
gex_possorted_bam_1WGCZ:GCTGGTTCAATTAACCx-M2,1.0,0.9909675852131374,0.0,1.0,1.0,1.0,0.5413815956455986,1.0,0.4867044326398735,1.0,0.18182620290421417,0.916479767596871,1.0,0.013622723857913905,1.0,0.02285693474871187,0.0,0.49063805963673707,1.0,0.9429467674130514,1.0,1.0,1.0,1.0,0.7344216168009008,0.9405461159973413,0.0,0.8778402003565235,1.0,1.0,1.0,1.0,1.0,1.0,0.0,1.0,0.030068421650905987,1.0,1.0,0.0,1.0,0.0,0.686998564206832,0.2865484929455596,1.0,1.0,0.1719805853273186,0.0,1.0,1.0,0.9811595741292163,1.0,1.0
gex_possorted_bam_1WGCZ:GCTAAGCGTTATAGCGx-M2,1.0,1.0,0.0,1.0,1.0,1.0,0.24535443992027364,0.9892368127064963,0.29888464025439393,1.0,0.49318974319144043,0.4146634826069319,0.9203070418581152,0.5452731018028143,1.0,0.2891150006832537,0.24755901878789824,1.0,0.9942044337378348,0.640699317285809,1.0,1.0,1.0,1.0,0.8582718968164083,1.0,0.0,0.9166270509980565,0.8434062928845523,1.0,0.9598034336541786,1.0,1.0,1.0,0.0,1.0,0.0,1.0,1.0,0.03538812078862618,1.0,0.23431163432976068,0.8648262742997203,0.03237185183332841,1.0,1.0,0.4393391592608563,0.011239720949634142,0.9799426094566858,1.0,0.7839643169653803,1.0,1.0
gex_possorted_bam_1WGCZ:GCTTACCTCAATGTCAx-M2,0.0,0.6895144800149663,1.0,0.212210129477251,0.0,0.19370805017398435,1.0,0.0,1.0,0.1897568321352272,1.0,1.0,1.0,1.0,0.0,1.0,1.0,0.702600711625562,1.0,0.0,0.0,0.0,0.0,0.0,1.0,0.3786635311863976,1.0,0.5400516581537324,0.7949286169111405,0.23984302091964294,1.0,0.0,0.0,0.12347396001078863,1.0,0.0,1.0,0.0,0.0,1.0,0.0,1.0,1.0,1.0,0.0,0.12182194916426275,1.0,1.0,0.3775365190276482,0.0,0.8850843692965583,0.30912593307625374,0.0
gex_possorted_bam_1WGCZ:GCTTACCTCCTGATGGx-M2,1.0,1.0,0.040769689326023345,1.0,1.0,1.0,0.4383134030632727,0.9560660868878305,0.5861750039798818,1.0,0.6681704876618715,0.6043901769225312,1.0,0.9220111775115122,1.0,0.7902584028294439,0.24475477187020142,1.0,1.0,0.6997155086414587,1.0,1.0,1.0,1.0,0.6673913883642212,0.9635350287808637,0.04905556384196484,1.0,1.0,1.0,1.0,1.0,1.0,0.9965734305498195,0.0,1.0,0.8561432625680538,1.0,1.0,0.0,1.0,0.6288795920823205,0.699507209325237,0.37590989738062386,1.0,1.0,0.4369268570073466,0.5076780477200059,1.0,1.0,1.0,1.0,1.0
gex_possorted_bam_1WGCZ:GCTGATCCAGGCTTGTx-M2,0.09681554530129619,1.0,1.0,0.9669790646471099,0.0,0.0,1.0,0.9173180874667011,1.0,0.9733690081033995,0.0,1.0,1.0,1.0,0.1783973408662811,1.0,0.0,0.0,1.0,0.0,0.0,0.0,0.0,0.0,1.0,1.0,1.0,1.0,1.0,0.8813264743751918,1.0,0.0,0.0,0.8607746962468907,1.0,0.3070364061529909,1.0,0.09696922430815245,0.12898852472607292,1.0,0.2991579931590517,1.0,1.0,1.0,0.057630209503766426,0.5442623869752748,1.0,1.0,1.0,0.6306324075137758,1.0,0.941817134607889,0.0
gex_possorted_bam_1WGCZ:GCTGACCAGGGTCTATx-M2,0.09829673453811898,1.0,0.8653801943256405,0.9676849800072997,0.0,0.0,1.0,0.7648503820279978,1.0,0.7655363166370135,0.0,1.0,1.0,1.0,0.20125467677750739,1.0,0.0,0.0,1.0,0.0,0.0,0.0,0.0,0.0,1.0,1.0,1.0,1.0,1.0,0.8914449849696018,1.0,0.14111553359294599,0.0,0.9332906250780836,1.0,0.2633892001769079,1.0,0.05844602355579841,0.06872803329279162,1.0,0.16990199043896287,1.0,1.0,0.7843725589217143,0.0,0.5099581831431904,1.0,1.0,1.0,0.6075813320200959,1.0,1.0,0.0
gex_possorted_bam_1WGCZ:GCTGCACAGTTCCTCAx-M2,0.09139413288501239,1.0,1.0,1.0,0.0,0.0,1.0,0.9739633147252021,1.0,0.751313324487005,0.0,1.0,1.0,1.0,0.17268054002984887,1.0,0.0,0.0,1.0,0.0,0.0,0.0,0.0,0.0,1.0,1.0,1.0,1.0,1.0,0.527583259277371,1.0,0.1877919840312038,0.0,0.9815671892758451,1.0,0.305379994365064,1.0,0.0,0.0,1.0,0.1515545481547045,1.0,1.0,0.0,0.05767814350173651,0.5442034541168885,1.0,1.0,1.0,0.6602457370563765,1.0,0.9209885559051653,0.0
gex_possorted_bam_1WGCZ:GCTATAGGTTTATGGGx-M2,0.08204794673411911,1.0,1.0,1.0,0.0,0.0,1.0,0.9503463756274231,1.0,0.798628927163714,0.0,1.0,1.0,1.0,0.14311580958838668,1.0,0.05456921820776075,0.0,1.0,0.0,0.0,0.0,0.0,0.0,1.0,1.0,1.0,1.0,1.0,0.814463007033239,1.0,0.0,0.0,0.8494448876386358,1.0,0.303124289737299,1.0,0.04975837588010815,0.007126498096547893,1.0,0.17917451051128983,1.0,1.0,1.0,0.10963557231364611,0.5293644200844493,1.0,1.0,1.0,0.6912055946294617,1.0,0.9213619152636656,0.0
gex_possorted_bam_1WGCZ:GCTCTGTTCGCACAATx-M2,1.0,0.8268156516490072,0.13062124132344635,1.0,0.9950933017994902,1.0,0.33810026795923065,0.9850561815338651,0.29673661296124476,0.8844665922033653,0.4287874506988698,0.5872720798046842,0.815844838097615,0.12048922282744164,1.0,0.29436871196475584,0.08128434040112109,0.8302259497931468,1.0,0.7758319530515642,1.0,1.0,1.0,1.0,0.747587609179091,0.8933664956869362,0.0,0.864001027823687,0.9116637823613897,0.9692642310131906,0.8687056033549074,1.0,1.0,1.0,0.0,1.0,0.13952256562903265,1.0,1.0,0.0,0.9506104527522939,0.06844111335489558,0.7344514997045248,0.19374507942425676,1.0,1.0,0.0,0.21676777604507624,0.8962401470083564,0.9475805680265685,0.8022551290572288,1.0,0.9959237566433834
gex_possorted_bam_1WGCZ:GCTTAAATCTAAGGAGx-M2,0.5871522584859528,1.0,0.3122301899008349,0.616238132791573,0.5892407289064946,0.4461326570028007,0.7241888054975711,0.7873137214859376,0.7895208647008081,0.7136409440396223,0.0,1.0,1.0,0.8687346317082405,0.48454015787421034,0.8270777289343739,0.3639303602177648,0.29375843177187555,0.5643851086640155,0.1529125816602363,0.20475840379977617,0.36788086604196574,0.7099099861385182,0.8009128415928253,0.9452166004553368,0.5484725426932253,0.3328364635814189,0.6685295161279813,0.9886818197591524,0.5902515406050863,0.3752159689649245,1.0,0.47746554774521394,0.9354962314591564,0.4044760424703034,0.6413464170793844,1.0,1.0,0.4659836493582103,0.37714480020901103,0.9026960915045301,1.0,0.7331487018317395,0.6325486391682806,1.0,0.5718451450497473,0.7168853463441819,1.0,0.5932439742580844,0.20483885296266077,1.0,0.5958758353730759,0.46622711793799543
gex_possorted_bam_1WGCZ:GCTAATATCGCAATCGx-M2,1.0,0.7280269982615769,1.0,1.0,1.0,0.6239270253556204,0.0,1.0,0.8862345206394371,1.0,0.0,1.0,1.0,0.6040377340024415,1.0,0.0,0.0,0.0,0.08429020477394351,0.3204220014613438,0.5638257003412568,0.766396491511765,1.0,0.8594452423425768,0.4995343406276178,1.0,0.0,0.7659088671758177,0.44876202778391827,1.0,0.0,1.0,1.0,1.0,0.0,1.0,0.0,1.0,1.0,0.0,1.0,0.023891597756177316,1.0,0.5945910595072779,1.0,1.0,1.0,0.0,1.0,1.0,0.9704143991393936,1.0,0.162543296360626
gex_possorted_bam_1WGCZ:GCTCAACCACGAATTTx-M2,0.0,1.0,1.0,0.791294175296013,0.0,1.0,1.0,0.2603201166305802,1.0,0.6664053587727682,1.0,1.0,1.0,1.0,0.2912524173673486,1.0,1.0,1.0,1.0,0.0,0.0,0.0,0.0,0.0,1.0,1.0,1.0,1.0,0.6729175054992739,1.0,1.0,0.0,0.0,0.39652989933490346,1.0,0.12888085116149361,1.0,0.20987149900728488,0.06109010154220479,1.0,0.31320560075361115,1.0,1.0,1.0,0.0,0.42136596481689037,1.0,1.0,0.9390527690181919,0.42519933454659764,1.0,0.8220400905873642,0.0
gex_possorted_bam_1WGCZ:GCTAGCTCATGGCCCAx-M2,0.09880274834493842,1.0,1.0,0.9456429340042178,0.2597607863053175,0.22724273409160217,1.0,0.6539308558572425,1.0,0.8273448900995027,0.5367990658201854,1.0,1.0,1.0,0.21906238508836712,1.0,0.9715660635620536,1.0,1.0,0.0,0.0,0.0,0.0,0.0,1.0,1.0,1.0,1.0,1.0,1.0,1.0,0.0,0.0,0.7688179279193835,1.0,0.2685780845624004,1.0,0.20598678841806856,0.20696096675044337,1.0,0.28422496943693604,1.0,1.0,1.0,0.20777388175749123,0.5615774285056588,1.0,1.0,1.0,0.5355157921230561,1.0,0.9602862892385694,0.0
gex_possorted_bam_1WGCZ:GCTGTAAGTGGCTTCCx-M2,1.0,1.0,1.0,1.0,1.0,0.9776125768405679,0.146495927644148,1.0,0.854742219050743,1.0,0.0,0.935036410911249,1.0,0.4156031708233447,1.0,0.036782749076470986,0.0,0.0,0.5661681039107908,0.7385966981830897,1.0,1.0,1.0,1.0,0.5717348186068598,1.0,0.0,0.9360990902492832,0.7076042721996919,1.0,0.2499795492770781,1.0,1.0,1.0,0.0,1.0,0.27581867366909746,1.0,1.0,0.0,1.0,0.17507552973856813,1.0,0.617301645517522,1.0,1.0,0.9658553832510006,0.0,1.0,1.0,1.0,1.0,0.5317707061138134
gex_possorted_bam_1WGCZ:GCTAGTGTCTGTAAGCx-M2,1.0,0.9742194907286528,1.0,1.0,1.0,1.0,0.0,1.0,1.0,1.0,0.0,1.0,1.0,0.24119194679398095,1.0,0.2343825950225507,0.0,0.0,0.5177641598792238,0.4022064272469282,0.45660797584638,0.9136913925434694,1.0,0.6558489650353703,0.9256144604598434,1.0,0.22265665841993543,1.0,0.9936351911294575,1.0,0.11908230882695774,1.0,1.0,1.0,0.0,1.0,0.21370159724073584,1.0,1.0,0.0,1.0,0.43267078568491196,1.0,1.0,1.0,1.0,1.0,0.021312261264794564,1.0,1.0,0.9838861391818899,1.0,0.8775958817752496
gex_possorted_bam_1WGCZ:GCTCCTTAGTTTGCGGx-M2,0.041969093964726395,1.0,1.0,0.6731169407011763,0.0,0.0,1.0,1.0,1.0,0.6332274348710693,0.0,1.0,1.0,1.0,0.0,1.0,0.6476312904001754,0.0,1.0,0.0,0.0,0.0,0.0,0.0,1.0,0.8473755494027372,1.0,1.0,1.0,0.0,0.6895559590455692,0.05557009530174916,0.0,0.6464383143507074,1.0,0.19369202373828123,1.0,0.06592735410905907,0.15265595639322505,1.0,1.0,1.0,1.0,1.0,0.051448022537495045,0.40310009151987536,1.0,1.0,0.7059465471894231,0.5903959921585638,0.9660792379943818,0.31550975638418427,0.11407799949087054
gex_possorted_bam_1WGCZ:GCTGCACAGTTATTCCx-M2,1.0,0.8191072547202481,0.0,1.0,1.0,0.8468649160559825,0.251700917166385,1.0,0.3044321803470793,0.9345945572746259,0.0,0.7065514195619216,0.984417478829962,0.37268482591066804,1.0,0.1907112169954975,0.0,0.0,0.8692263060815678,0.7581988889563456,1.0,1.0,1.0,1.0,0.3131425837537269,1.0,0.0,0.7866839552030505,0.8654550916988633,1.0,0.1972307378200327,1.0,1.0,0.9490724592898426,0.0,1.0,0.2816104798982982,1.0,1.0,0.0,1.0,0.13117149181713073,0.6462481569654349,0.2224018684026971,0.9497306841722775,1.0,0.6160100960791393,0.15973765010951935,0.9599894597099209,1.0,1.0,0.9385862587571233,0.29550742845399014
gex_possorted_bam_1WGCZ:GCTTATCGTATTCGTCx-M2,1.0,0.9684200489827509,1.0,1.0,1.0,1.0,0.0,1.0,1.0,1.0,0.0,1.0,1.0,0.7324708192096452,1.0,0.37336313878828165,0.0,0.0,0.019642599989278572,0.4928697594835824,0.4683310687866452,0.8872813041964837,1.0,0.76685834592063,1.0,1.0,0.05739375991389007,1.0,0.3333089622287228,1.0,0.0,1.0,1.0,1.0,0.0,1.0,0.0,1.0,1.0,0.0,1.0,0.0,1.0,1.0,1.0,1.0,1.0,0.0,1.0,1.0,0.809004811276162,1.0,1.0
gex_possorted_bam_1WGCZ:GCTAGTGTCACAGACTx-M2,0.10772489981130061,1.0,1.0,0.9963954771577519,0.0,0.0,1.0,1.0,1.0,0.6704459490040904,0.0,1.0,1.0,1.0,0.06505416064572189,1.0,0.5279370293816413,1.0,1.0,0.0,0.0,0.0,0.0,0.0,1.0,1.0,1.0,1.0,1.0,0.6713923072820425,0.7003780316029663,0.08480189464853183,0.0,0.8654986336821455,1.0,0.3136732232005995,1.0,0.01759911500050186,0.0,1.0,0.13932983581842237,1.0,1.0,1.0,0.22297866976272693,0.4898158818973922,1.0,1.0,1.0,0.5669992218453008,1.0,0.8173871124301475,0.0
gex_possorted_bam_1WGCZ:GCTCTGGCACACTAATx-M2,0.16312262940149055,1.0,1.0,0.9056917121970617,0.04048942625929942,0.0,1.0,0.7947442266515771,1.0,1.0,0.0,1.0,1.0,1.0,0.3001866514616819,1.0,0.0,0.0,1.0,0.0,0.0,0.0,0.0,0.0,1.0,1.0,1.0,1.0,1.0,0.9468882860093403,1.0,0.053594472236026515,0.0,0.852199061803638,1.0,0.3796598160703311,1.0,0.2762288180070537,0.28339298709237254,1.0,0.4102242695557529,1.0,1.0,1.0,0.20293749096767877,0.585795698672312,1.0,1.0,1.0,0.6179544769530647,1.0,1.0,0.050262714453149615
gex_possorted_bam_1WGCZ:GCTAAGTTCAATCATGx-M2,1.0,1.0,0.29834387028570686,1.0,1.0,1.0,0.11431035090463036,1.0,0.6355485092749396,1.0,0.21261137369819794,0.9350681880687958,1.0,0.4463650558724055,1.0,0.4147889725016561,0.04436990559443187,0.6382925808475813,0.9758232429161988,1.0,1.0,1.0,1.0,1.0,0.6732472013586692,1.0,0.0,1.0,1.0,1.0,0.9131914962250545,1.0,1.0,1.0,0.0,1.0,0.05335497575432987,1.0,1.0,0.0,1.0,0.0,1.0,0.7440377623547398,1.0,1.0,0.7740131944603584,0.0,1.0,1.0,0.8941706658377263,1.0,1.0
gex_possorted_bam_1WGCZ:GCTAGCGGTATTACCCx-M2,1.0,0.9691309834482364,0.15026714860021026,1.0,0.7607114295057409,0.9895958083233589,1.0,1.0,0.444900044725062,1.0,0.0,1.0,1.0,0.3362223790937208,1.0,0.3319735465342977,0.0,0.0,0.7319533048015461,1.0,1.0,1.0,1.0,1.0,0.9172119628409847,1.0,0.0,1.0,1.0,0.9792539153169558,0.7366723098430252,1.0,1.0,1.0,0.0,1.0,0.5330669084052908,1.0,1.0,0.17017353873376068,1.0,0.29483314562540447,0.7645814961287467,0.4452494288967561,1.0,1.0,0.532208891245173,0.0,1.0,1.0,0.9700638969390547,1.0,0.9484235105681575
gex_possorted_bam_1WGCZ:GCTCTGTTCGCAATCGx-M2,1.0,0.7699640001732357,0.9429227920279798,1.0,1.0,0.2136270874820066,0.0,1.0,0.6442316238899316,1.0,0.0,0.6046182996972266,0.9021897526924951,0.13955877246561516,1.0,0.0,0.0,0.0,0.1966141880194891,0.7425345699665494,0.8109047924954951,0.7098699328458676,1.0,0.9728867029905577,0.09878425514026773,1.0,0.0,0.8627066328637478,0.6855825857176184,1.0,0.0,1.0,1.0,1.0,0.0,0.9223866798000608,0.0,1.0,1.0,0.0,1.0,0.0,1.0,0.5202132236381057,0.8360600057701092,1.0,0.8669326042914212,0.0,1.0,1.0,1.0,0.8229525559906421,0.0
gex_possorted_bam_1WGCZ:GCTGTGCAGTGCTGTGx-M2,1.0,1.0,0.0,1.0,1.0,1.0,0.6098637972768655,1.0,0.03060665346187985,1.0,0.7146232695554946,0.6711085235534742,0.8263112370028839,0.49193469160386977,1.0,0.642044567085864,0.40014672236794446,1.0,1.0,0.6613361718824291,1.0,1.0,1.0,1.0,0.7710989833479751,0.9301355842781934,0.0,1.0,1.0,1.0,1.0,1.0,1.0,1.0,0.0,1.0,0.19106985415675234,1.0,1.0,0.1631368028279883,0.6451611205685549,0.2781578929194723,0.6141711456998804,0.3531709263825113,1.0,1.0,0.0915679070264601,0.0962639602996479,1.0,0.9779275958213661,1.0,1.0,1.0
gex_possorted_bam_1WGCZ:GCTCATTGTACGATTGx-M2,1.0,1.0,0.0,1.0,1.0,1.0,0.4393026767310723,1.0,0.4529022734586293,1.0,0.12487036612485741,0.7131757688455358,0.8800760900791884,0.38334706077096375,1.0,0.3220008532818396,0.0,0.6199113942752095,1.0,0.7529940689003101,1.0,1.0,1.0,1.0,0.5168436348819111,1.0,0.0,1.0,1.0,1.0,0.7746441635005673,1.0,1.0,1.0,0.0,1.0,0.07861054035841927,1.0,1.0,0.0,1.0,0.24368417564150135,0.8278261986492239,0.36791287903892916,1.0,1.0,0.47797772713454584,0.0,1.0,1.0,0.8972238167678471,1.0,0.6429991316265148
gex_possorted_bam_1WGCZ:GCTATTGCAATGAGGTx-M2,0.1432883651734515,1.0,1.0,0.9984861123075678,0.13581445720452232,0.0,1.0,0.8151346862495022,1.0,0.8512943215342996,0.0,1.0,1.0,1.0,0.2826354300643802,1.0,0.0,0.0,1.0,0.0,0.0,0.0,0.0,0.0,1.0,1.0,1.0,1.0,1.0,0.841859919495435,1.0,0.18503552222064504,0.0,0.8806787391498262,1.0,0.32315434254048675,1.0,0.1171657276614677,0.10618104416430396,1.0,0.3273608282262946,1.0,1.0,0.5460784549545392,0.11387404580032406,0.5789592243703819,1.0,1.0,1.0,0.7705683922578339,1.0,0.9990005059918047,0.0
gex_possorted_bam_1WGCZ:GCTGCACAGGAACGGTx-M2,0.0716359672837606,1.0,1.0,1.0,0.0,0.0,1.0,0.9217511016036164,1.0,0.6668590832309208,0.0,1.0,1.0,1.0,0.11773565849477761,1.0,0.0,0.0,1.0,0.0,0.0,0.0,0.0,0.0,1.0,1.0,1.0,1.0,1.0,0.7004865548670492,1.0,0.0,0.0,0.9048456758850439,1.0,0.2930175445279862,1.0,0.03663948590421981,0.03880970994223533,1.0,0.08397077439047071,1.0,1.0,0.13115199703589447,0.0,0.5338437068856711,1.0,1.0,1.0,0.6042625228441839,1.0,0.981232757042438,0.0
gex_possorted_bam_1WGCZ:GCTTAAATCCCGAAGCx-M2,1.0,0.8966221438696425,1.0,1.0,1.0,0.3876568901850377,0.0,1.0,0.8599463517775534,1.0,0.0,1.0,1.0,0.3802255970079322,1.0,0.26104305415585655,0.0,0.0,0.0,0.07365759225990431,0.004655072620068748,0.4764400341127456,1.0,0.5491067593776163,0.733036377435885,1.0,0.10193641020298873,0.7852715360245686,0.41824578287863934,1.0,0.0,1.0,1.0,1.0,0.0,0.9475567327770719,0.0,1.0,1.0,0.0,1.0,0.0,1.0,0.6826200031344363,0.987555578976072,1.0,1.0,0.0,1.0,1.0,1.0,1.0,0.0
gex_possorted_bam_1WGCZ:GCTGTGATCCAGGTTGx-M2,0.010925780262706042,1.0,1.0,0.9318487334662527,0.0,1.0,1.0,0.5325611285494686,1.0,0.5870825136955997,1.0,1.0,1.0,1.0,0.2702348103269032,1.0,1.0,1.0,1.0,0.0,0.0,0.0,0.0,0.0,1.0,1.0,1.0,1.0,1.0,1.0,1.0,0.0,0.0,0.571052669306915,1.0,0.2610918597621712,1.0,0.26062581111975397,0.12430156798734637,1.0,0.2616713368539233,1.0,1.0,1.0,0.07040906702342088,0.48241248195343545,1.0,1.0,1.0,0.33948861423200466,1.0,0.8771966217929815,0.0
gex_possorted_bam_1WGCZ:GCTAATATCGAGCAAAx-M2,1.0,0.9861878254172973,0.0,1.0,1.0,1.0,0.6787654372702648,1.0,0.6217538419753481,0.8445325929588073,0.11242197456079779,0.7755892267271193,0.9834135073433671,0.352590092331965,1.0,0.2900155841706575,0.0,0.7200770859187471,0.9370489112708894,0.7099723501197125,1.0,1.0,1.0,1.0,0.8787303713459178,0.8912143636625582,0.0,0.9449870232485579,1.0,1.0,0.604992660349686,0.9590524310153388,1.0,1.0,0.0,1.0,0.29625695373472377,1.0,1.0,0.01959363717676826,1.0,0.08222597791954599,0.7403309764035716,0.6358969984569649,1.0,1.0,0.09957413802354645,0.0,0.9375575928669552,1.0,0.9699992662781887,1.0,0.7640081671673982
gex_possorted_bam_1WGCZ:GCTCACAAGTAGAGGCx-M2,1.0,0.7163112918220469,1.0,1.0,1.0,0.857550709085202,0.0,1.0,0.9711647391958196,1.0,0.0,1.0,1.0,0.34498818195058384,1.0,0.1306671388859475,0.0,0.0,0.16656726505610356,0.7036693640777899,0.6264854789487334,0.90001293103776,1.0,0.8123025614252402,0.7246610952349892,1.0,0.0,0.8446857356658212,0.618513171071889,1.0,0.0,1.0,1.0,1.0,0.0,1.0,0.0,1.0,1.0,0.0,1.0,0.0,1.0,0.08261423599709214,1.0,1.0,0.6935694022993188,0.0,1.0,1.0,0.5952929370556485,1.0,0.36906375181912016
gex_possorted_bam_1WGCZ:GCTGTGCAGGGACTAAx-M2,1.0,1.0,0.07324794126109775,1.0,1.0,1.0,0.5473145030495136,1.0,0.34683224901248516,1.0,0.6521659442556367,0.8351502982399318,1.0,0.49088004337426333,1.0,0.5186191597027562,0.3686419256248828,1.0,1.0,0.8339777687930732,1.0,1.0,1.0,1.0,0.7775092066143298,1.0,0.0,1.0,1.0,1.0,1.0,1.0,1.0,1.0,0.0,1.0,0.0,1.0,1.0,0.021548864312445716,1.0,0.19984452040398692,0.9335753335630871,0.22196283089925528,1.0,1.0,0.18585646015025717,0.0,1.0,1.0,0.9549768966980597,1.0,1.0
gex_possorted_bam_1WGCZ:GCTCCTTAGCTTACTTx-M2,0.060806763846549025,1.0,0.8461275446974179,0.9849644174404489,0.0,0.1558139685030107,1.0,0.6958733578985057,1.0,0.38865788889515923,0.5361634896612008,1.0,1.0,1.0,0.25282614751601207,1.0,0.6467023063992468,0.8281155615914012,1.0,0.0,0.0,0.0,0.0,0.0,1.0,1.0,1.0,1.0,1.0,1.0,1.0,0.0,0.0,0.731772789549887,1.0,0.18189839526502372,1.0,0.04011724159677446,0.12233899840609377,1.0,0.08218976245951137,1.0,1.0,1.0,0.0,0.6443076710561358,1.0,1.0,1.0,0.6177091342295564,1.0,1.0,0.0
gex_possorted_bam_1WGCZ:GCTGATCCAATATACCx-M2,0.0,1.0,1.0,0.6190915045470959,0.0,0.07650777291044282,1.0,0.3904300706382623,1.0,0.3636435166282457,1.0,1.0,1.0,1.0,0.016963812689444916,1.0,1.0,0.7819964144703594,1.0,0.0,0.0,0.0,0.0,0.0,1.0,0.9165008772910818,1.0,1.0,1.0,0.6264367844015999,1.0,0.0,0.0,0.5068531649669571,1.0,0.050706884425673136,1.0,0.0,0.0,1.0,0.20646971532783653,1.0,1.0,1.0,0.0,0.36635155565751804,1.0,1.0,0.8101353791649839,0.3008119911124621,1.0,0.6585790364483668,0.0
gex_possorted_bam_1WGCZ:GCTTATCGTAACTACGx-M2,1.0,1.0,0.0,1.0,1.0,1.0,0.759918363869072,1.0,0.5955157550280029,1.0,0.33490898003092473,0.8849484679140188,1.0,0.356745865829742,1.0,0.46049670947435417,0.025365638195329384,0.9417311662645704,1.0,0.8375653484365979,1.0,1.0,1.0,1.0,0.8358118083006751,1.0,0.0,1.0,1.0,1.0,1.0,1.0,1.0,1.0,0.0,1.0,0.13667247639858127,1.0,1.0,0.07471045966388185,1.0,0.09003260762828978,0.8744037106751208,0.6223883864374401,1.0,1.0,0.2742446468238103,0.0,1.0,1.0,1.0,1.0,1.0
gex_possorted_bam_1WGCZ:GCTGTACCAACCTAATx-M2,0.8901461238179645,0.9159106567520274,1.0,1.0,1.0,0.07396883412790188,0.5887627235653418,1.0,1.0,1.0,0.0,1.0,1.0,0.7319868249317197,1.0,0.0,0.0,0.0,0.0,0.0,0.0,0.26830733864840056,1.0,0.36438279271939283,0.8559299561917822,1.0,0.19738777386981823,0.5524342787330492,1.0,0.9457941564304864,0.0,1.0,1.0,1.0,0.05015231631734471,0.8381732499021658,0.0,1.0,1.0,0.0,1.0,0.0,0.9036198971351646,1.0,0.4341745550868595,1.0,1.0,0.0,1.0,1.0,0.9641969295640912,0.8821225060118802,0.0
gex_possorted_bam_1WGCZ:GCTGCACAGGGTGAACx-M2,1.0,0.8153733110119438,0.4901537525147514,0.9872711237008183,1.0,1.0,0.2701406240787953,0.995672633367528,0.5748686864090639,1.0,0.0,0.7115442265160302,0.8141179892822706,0.43380630058043856,1.0,0.1506036663674575,0.0,0.0,0.5938678778531398,0.9292857894457682,1.0,1.0,1.0,1.0,0.45779160313074674,1.0,0.0,0.9585693984285929,0.8174200548696571,1.0,0.5222645918643783,1.0,1.0,1.0,0.0,1.0,0.18596316477216562,1.0,1.0,0.06459152475877734,1.0,0.28040303266653577,0.926171178278148,0.49443841749162415,1.0,1.0,0.455866384437458,0.0,1.0,1.0,1.0,1.0,1.0
gex_possorted_bam_1WGCZ:GCTTATCGTTAGGTTGx-M2,1.0,1.0,0.0,1.0,1.0,1.0,0.5686228627670386,1.0,0.45731539472100335,1.0,0.31847510246267463,0.727989163199142,1.0,0.4584034109806458,1.0,0.33486153782948913,0.03497158507843522,0.982420488258011,1.0,0.8388646964638806,1.0,1.0,1.0,1.0,0.7877323422139672,0.9098448181308184,0.0,1.0,1.0,1.0,1.0,1.0,1.0,1.0,0.0,1.0,0.15795963525474657,1.0,1.0,0.09891459119341828,0.912655452853942,0.1419725583208756,0.8350556177332912,0.49843730439718265,1.0,1.0,0.3503534584861645,0.0,1.0,1.0,1.0,1.0,1.0
gex_possorted_bam_1WGCZ:GCTTAAATCGATCAGTx-M2,0.08387133713004712,1.0,1.0,1.0,0.019782823544601962,0.0,1.0,0.716938261789379,1.0,0.6958905028523633,0.0,1.0,1.0,1.0,0.14488270152433133,1.0,0.0,0.0,1.0,0.0,0.0,0.0,0.0,0.0,1.0,1.0,1.0,1.0,1.0,0.9011125319108411,1.0,0.5867707153465802,0.0,0.8998199245089046,1.0,0.22513008669853016,1.0,0.054788818295166436,0.05779765901759173,1.0,0.10832758989336261,1.0,1.0,0.7039928981638507,0.07559580837436537,0.5994802919137295,1.0,1.0,1.0,0.7072496741663084,1.0,1.0,0.0
gex_possorted_bam_1WGCZ:GCTTAGTAGGCCAATTx-M2,1.0,0.8818441798264642,0.3587106370603248,1.0,1.0,1.0,0.5411310531940003,1.0,0.7700660734217261,1.0,0.0,1.0,0.9261501788918104,0.35316018918574343,1.0,0.18653271095538446,0.0,0.0,0.9060353474805433,1.0,1.0,1.0,1.0,1.0,0.398902602927006,1.0,0.0,1.0,0.9982529903337533,1.0,0.6624310010614595,1.0,1.0,1.0,0.0,1.0,0.047787385278561814,1.0,1.0,0.0,1.0,0.20223695159033905,1.0,0.6211248308978554,1.0,1.0,0.5688220253715136,0.0,1.0,1.0,1.0,1.0,0.47038937864641345
gex_possorted_bam_1WGCZ:GCTGTAAGTAGTCAATx-M2,1.0,0.7698618213542667,0.0006144256692467764,1.0,1.0,0.7782863675689202,0.3320543484299391,1.0,0.5032451216808965,0.9343549516294234,0.0,0.9021356731925128,0.8446403531516932,0.2733101087942611,1.0,0.047165037933857186,0.0,0.0,0.7796720923143857,0.4881180611475209,1.0,1.0,1.0,1.0,0.2937400440920949,1.0,0.0,0.9029531444223505,0.8799992299871598,1.0,0.2813070512428653,1.0,1.0,1.0,0.0,1.0,0.19322259372253253,1.0,1.0,0.0,1.0,0.4814054967349221,0.8830879203908267,0.42208547987486167,1.0,1.0,0.6818657246865379,0.1860135568423881,0.942598387377448,1.0,1.0,0.9468639037275257,0.3335083157575114
gex_possorted_bam_1WGCZ:GCTGGATGTACCTTACx-M2,1.0,0.4243500183803464,0.0,0.9257767013129468,0.7148761142080474,0.697937664275117,0.0,1.0,0.0,0.6209767799301458,0.0,0.34389560388418455,0.6466976033161612,0.4107375484836226,0.8144129789244212,0.0,0.0,0.0,0.6263281600309053,0.5248330629539606,1.0,0.9454098678026569,1.0,1.0,0.25846304574318624,0.9257214563534161,0.0,0.6046896571096773,0.4007778684176763,0.7731371201971282,0.059827153733126026,0.9494016701440401,1.0,1.0,0.0,0.8321497997632312,0.07331893808742176,0.761719658469329,0.8382707867797929,0.0,1.0,0.05888028479230852,0.28399957282790816,0.2025524323479651,0.8061143817587394,0.927868562506472,0.34501492482649976,0.04735903001309436,0.6796339031829443,0.9446043138782155,0.8929491463473602,0.7017383178531635,0.6642207536050364
gex_possorted_bam_1WGCZ:GCTAAGTTCCTTGCACx-M2,0.08591855843588761,1.0,1.0,0.9812151604668494,0.0,0.0,1.0,0.7652065422589962,1.0,0.8920439466963421,0.0,1.0,1.0,1.0,0.20327764310091598,1.0,0.0,0.0,1.0,0.0,0.0,0.0,0.0,0.0,1.0,1.0,1.0,1.0,1.0,0.9689469773512531,1.0,0.2536327180974049,0.0,0.9295167405822228,1.0,0.28989435785979484,1.0,0.15467511153554625,0.16476086255800707,1.0,0.1559694218083141,1.0,1.0,1.0,0.04958805518308493,0.5766005963893535,1.0,1.0,1.0,0.6857144946555435,1.0,1.0,0.20774471209564377
gex_possorted_bam_1WGCZ:GCTGGATGTTGCATCTx-M2,1.0,0.6982987148050634,0.0,0.8940172341308144,1.0,1.0,0.24831338900182037,0.9721201723125579,0.2703399573855449,1.0,0.3159273925770369,0.5701198150854568,0.7601826104343771,0.3687647225113872,0.9243703393738376,0.5114460352959574,0.0,0.9619715290404611,1.0,0.5044532102326107,1.0,1.0,1.0,1.0,0.6922236202318579,0.7900206654049154,0.0,0.7615837303912478,1.0,0.9960132059748937,0.5580925315981805,1.0,0.9244975517994375,0.9638726627433462,0.0,1.0,0.3317420759990294,1.0,0.9418689071675865,0.08390730383039621,1.0,0.2117919105065286,0.4740354111411308,0.0,1.0,0.9949149338464774,0.028425665424445596,0.011811187459792597,0.8122969992439327,0.9995454145568127,0.9231887305690859,1.0,1.0
gex_possorted_bam_1WGCZ:GCTATTGCATTAGCCAx-M2,1.0,0.9927087433056292,0.13481858973646316,1.0,1.0,0.41367233499884387,0.18229786132069006,1.0,0.44980903639054454,1.0,0.0,1.0,0.7711153258547432,0.0,1.0,0.0,0.0,0.0,0.4580368170015534,0.82652133113305,1.0,0.9986447855116114,1.0,1.0,0.3999973316117075,1.0,0.0,0.902391903121268,0.9028882111568005,1.0,0.26060989639246684,1.0,1.0,1.0,0.0,1.0,0.0,1.0,1.0,0.0,1.0,0.03212973818836607,1.0,0.5513586154175875,1.0,1.0,0.6858405438291508,0.0,1.0,1.0,0.9231643749364025,0.9705462134351629,0.041687758720017544
gex_possorted_bam_1WGCZ:GCTCCTTAGTAACCACx-M2,1.0,1.0,0.9504857772192659,1.0,1.0,1.0,0.43573035311546365,1.0,0.8316455230046146,1.0,0.0,1.0,1.0,0.6019981366808349,1.0,0.2575309043933819,0.0,0.0,0.6566731173778928,0.8318939583457585,1.0,1.0,1.0,1.0,0.9061712727893995,1.0,0.0,1.0,1.0,1.0,0.7866621309992914,1.0,1.0,1.0,0.0,1.0,0.1461630928059328,1.0,1.0,0.08914820647858579,1.0,0.1037040229336624,1.0,0.8106386810556636,1.0,1.0,0.8612304199983528,0.0,1.0,1.0,1.0,1.0,1.0
gex_possorted_bam_1WGCZ:GCTGAGGAGGTGCTGCx-M2,0.06310894952472808,1.0,1.0,0.9523945654399221,0.0,0.6321424232344778,1.0,0.8646817555346619,1.0,0.7586147318755564,1.0,1.0,1.0,1.0,0.08146969296441488,1.0,1.0,1.0,1.0,0.0,0.0,0.0,0.0,0.0,1.0,1.0,1.0,1.0,1.0,0.9856953918086463,1.0,0.024573946290414733,0.0,0.7532862064177226,1.0,0.2750259418772856,1.0,0.1243117766996813,0.07267179722143256,1.0,0.09934829624648166,1.0,1.0,1.0,0.13417615169944752,0.5275975698058161,1.0,1.0,1.0,0.3691438316081883,1.0,0.9311314057578255,0.0
gex_possorted_bam_1WGCZ:GCTGTGCAGATAACCCx-M2,1.0,1.0,0.0,0.8622248557395581,1.0,0.8361200951311311,0.6492235192224443,0.8670824006146803,0.8988619113880782,0.5982697672069731,0.06687609713499859,0.22518775912858485,0.9029119054385847,0.4962284573678669,0.9559106620214015,0.383222493587877,0.0,0.617914105229731,0.816574023955016,0.3466788695160454,1.0,1.0,0.8163486889599842,0.8455790240227523,0.42819887068047113,0.5882489688694934,0.0784390089008848,0.9397696324810856,1.0,0.7259400036635231,0.0,0.7614228290959759,0.8776408795924167,0.8623174290978356,0.02456267877141991,0.9533133606314298,0.1576266657849359,0.9328294786267326,0.8371432208134922,0.0,0.5683458905091381,0.44355985102800766,0.5619572951381689,0.13576329199181678,1.0,0.816557272781069,0.043558999370007276,0.10071013516283102,0.7130410158227879,0.7546691478797093,1.0,0.9241147542563394,0.434551293675914
gex_possorted_bam_1WGCZ:GCTAAGCGTACAAAGAx-M2,1.0,1.0,0.8970255928450249,1.0,1.0,1.0,0.7219065983800074,1.0,0.2058920689592456,1.0,0.0,1.0,1.0,0.5796485183910093,1.0,0.34725368406534085,0.06014807950635244,0.27827799546164783,0.9042475976046618,1.0,1.0,1.0,1.0,1.0,0.44443524017437086,1.0,0.0,1.0,1.0,1.0,0.4150085250941362,1.0,1.0,1.0,0.051169155273845995,1.0,0.3616085456290064,1.0,1.0,0.0,1.0,0.13337242578976272,1.0,0.0,1.0,1.0,1.0,0.4266870780028171,1.0,1.0,1.0,1.0,1.0
gex_possorted_bam_1WGCZ:GCTGATCCATGGCCCAx-M2,0.8356521867515919,0.5740379297290767,0.0,0.6934019105257652,0.5023796915449565,1.0,0.9725949558027968,1.0,0.5107926606167331,0.8174860832097316,0.23722241451828027,0.45994449641345697,0.7110451691121513,0.5917973203691689,0.6520895418708058,0.25004872087455754,0.2765853199642079,0.864677454184138,0.6391262857159842,0.8543200832485014,1.0,0.948759094278372,0.6969272103933156,1.0,0.5935480894158871,0.6076479177080581,0.1980251311037929,0.5530492293615694,0.7224990363667672,0.4251709802886494,0.47672537644638,0.8823845449707014,0.8017050495850354,0.7916361789900781,0.1781584066956417,0.9144327681074799,0.25461809161036814,0.7171088772754406,0.7586598501450106,0.11534293179250826,0.8606403407507427,0.0,0.30968504385509943,0.0,1.0,0.7518278702480498,0.0015178022777784146,0.11852274497165369,0.5687226975480194,0.7633002088654546,0.5049848258675017,0.691149595250177,0.5602032848093411
gex_possorted_bam_1WGCZ:GCTGTAAGTTGGATATx-M2,0.36194523173903187,0.1422907904399816,0.5192160181632657,0.21165474208202928,0.7450027171210738,0.9160043243298001,0.0,0.2623815547770878,0.0,0.27009966013406395,1.0,0.0,0.14439758143881493,0.0,0.353961016284112,0.0,1.0,1.0,0.0669453737862404,1.0,1.0,0.9371982721856053,0.4375754146986635,0.9055675953172194,0.0,0.19227995729664918,0.1840876555748036,0.22275943976517318,0.0,0.33572698823019437,0.0,0.38055718785533027,0.48027154005518824,0.1397173070242438,0.1804208878562035,0.32918148991496443,0.0,0.2606240370261496,0.345228622670688,0.08267553313478256,0.37975656876161124,0.0,0.0,0.1349054144922245,0.420427531641131,0.31075024438375265,0.0,0.0,0.23939249013196548,0.47172736418650474,0.09850206381038758,0.2520393924532464,1.0
gex_possorted_bam_1WGCZ:GCTAAGAAGTTGGATCx-M2,1.0,1.0,0.0,1.0,1.0,1.0,0.4855762127957958,1.0,1.0,0.9740716691929596,0.07747495436187805,0.710603035777212,0.7513324334060616,0.26572385021109907,1.0,0.17068189627733948,0.0,0.33647640268452705,0.9075496618560506,0.7735127546977694,1.0,1.0,1.0,1.0,0.24099096029969008,0.9571208471890091,0.0,1.0,0.7768470865139941,1.0,0.9381911473762554,0.8834667965809452,1.0,0.9825181359270938,0.0,1.0,0.09711469319089756,1.0,1.0,0.1595951848520693,1.0,0.1187939666895183,0.7470498133719486,0.8530273213308296,1.0,0.985712906990407,0.22065489710929403,0.0,0.956883058579133,1.0,1.0,1.0,0.9058358526894476
gex_possorted_bam_1WGCZ:GCTGTGATCTCCTCAAx-M2,1.0,0.4338579927345631,0.0,1.0,1.0,1.0,0.2753653547924666,0.9970348449190173,0.48362335855199573,0.8646260573915863,0.0,0.4497790265131914,0.6701674899824968,0.1540770975233224,1.0,0.29795909126630854,0.0,0.04147415611493185,0.9673368598683376,0.8722425489736969,1.0,1.0,1.0,1.0,0.15684182192165858,0.939676057047218,0.0,0.8858763988001722,0.8625032772797753,1.0,0.5428282005363615,1.0,1.0,1.0,0.0,1.0,0.011652187279998888,1.0,1.0,0.0,1.0,0.15684055607232406,0.7565415816947312,0.5018504106438633,1.0,1.0,0.16920867975948253,0.1470401447425292,0.9438356336383414,0.812942918952775,1.0,1.0,0.6249611698018434
gex_possorted_bam_1WGCZ:GCTTAAATCCATAAGCx-M2,1.0,1.0,0.0,1.0,1.0,1.0,0.45766962145428347,1.0,0.22651524543608703,1.0,0.22573409173246528,1.0,0.9885113488999645,0.28824997126502283,1.0,0.2128024418546349,0.0,0.7121724187170343,1.0,0.706158268971941,1.0,1.0,1.0,1.0,0.5636926110934788,0.9980646056991687,0.0,1.0,1.0,1.0,1.0,1.0,1.0,1.0,0.0,1.0,0.020618370853292118,1.0,1.0,0.10412872489617027,1.0,0.064899332033323,0.9013514590495618,0.6197155317469935,1.0,1.0,0.13878366752290086,0.0,1.0,1.0,1.0,1.0,1.0
gex_possorted_bam_1WGCZ:GCTATTGCACATAGCCx-M2,0.9367815592080759,0.5776805925746964,0.0,0.8791067163141852,0.7035115258376247,1.0,0.27587597196196134,0.8339996134181163,0.2142785000477845,0.8739784323605874,0.6485362607161461,0.34138683308094986,0.679188926147881,0.3899959446544528,0.7442336130528946,0.3010393636377114,0.44898675969397756,1.0,0.9885690550829755,0.608558523193729,1.0,1.0,0.7846344372788752,1.0,0.4751167198233409,0.6659404038260492,0.0,0.693312223487698,0.5041215500635288,0.8437439066647079,0.19208755758126153,1.0,0.8359032474103489,0.9321291720470913,0.0,0.9364852562249065,0.026508592092887126,0.8735362765872958,0.7946280308269293,0.0,0.564641221782708,0.19856823916541927,0.6132264803572628,0.0,0.9901824409775525,0.8009661419283245,0.0,0.23693202371203473,0.6252932348087783,0.7794833948769748,0.6871416227993502,0.8787550016441047,0.7655964916821087
gex_possorted_bam_1WGCZ:GCTGATCCAATAAGCAx-M2,1.0,0.7466273471198279,0.25363809425569234,1.0,1.0,1.0,0.4654089904311507,1.0,0.30519221397024826,1.0,0.0,0.8418936544099623,0.8937880484164057,0.3269259625915815,1.0,0.06304002197405595,0.0,0.012705087484913767,1.0,0.8977306669207118,1.0,1.0,1.0,1.0,0.5292760608378495,1.0,0.0,0.8513925865045198,0.9602272162457172,1.0,0.444767971175742,1.0,1.0,1.0,0.0,1.0,0.2373290129559427,1.0,1.0,0.0,1.0,0.2048187705862373,0.8547807341627464,0.12627812157117776,1.0,1.0,0.39297730878520637,0.0,0.9827732128250165,1.0,0.942227344723311,1.0,0.7152690858886824
gex_possorted_bam_1WGCZ:GCTGCATCAGCCAGAAx-M2,1.0,0.9866218784415342,1.0,1.0,1.0,0.6188524991495454,0.0,1.0,0.6003726081587797,1.0,0.0,1.0,1.0,0.6508651729987024,1.0,0.09704133971301605,0.0,0.0,0.19577832515581464,0.7812925963474592,0.46155386579119706,0.7425930874878947,1.0,1.0,0.3174146420949795,1.0,0.05103775158522443,1.0,0.9739578715445015,1.0,0.0,1.0,1.0,1.0,0.0,1.0,0.07824213517115283,1.0,1.0,0.0,1.0,0.0,1.0,0.41086560960644697,1.0,1.0,1.0,0.027597342627952687,1.0,1.0,1.0,1.0,0.5556965949925513
gex_possorted_bam_1WGCZ:GCTTAACAGAAACTGGx-M2,0.9924554213366655,0.6869809252337641,0.0,0.9056508954233441,1.0,1.0,0.5449948761543802,1.0,0.31192096100204736,1.0,0.3854846580041875,0.5462491478532941,0.7365906308579879,0.9078253868447825,1.0,0.13061037737802234,0.36400618932333423,1.0,0.975489625662918,1.0,1.0,1.0,1.0,0.96785475607002,0.6971267562500483,0.8878718658853249,0.0,0.3192041449397053,0.9409027612522382,1.0,0.9060003064514088,0.4474721619056734,1.0,0.7372365863439414,0.0,1.0,0.0,1.0,1.0,0.0,1.0,0.014322973569468538,0.9816350915034263,0.09359638522060992,1.0,0.9175058316388677,0.8477941304295689,0.21196913775747947,0.8499825807869231,1.0,0.8768092769004018,1.0,0.5205559553420639
gex_possorted_bam_1WGCZ:GCTTAGTAGTTTGCGGx-M2,1.0,1.0,0.0,0.9173987362697207,0.791437453495526,1.0,0.2946038065780889,1.0,0.6840628454278349,0.9979021988547803,0.0,0.9988341791110097,0.7714508954543647,0.44460374221744076,1.0,0.09355197509028806,0.0,0.3562612195276412,0.7256634764131881,0.5834133627130502,1.0,1.0,1.0,1.0,0.647383317670825,0.8862919112220647,0.0,0.681393987258759,0.7019844164973925,0.9560226125802308,0.4952731896217998,1.0,1.0,1.0,0.0,1.0,0.16666064285777107,1.0,0.9383563611160594,0.0,1.0,0.16108100874165532,0.665905995878745,0.0,1.0,0.984862555520834,0.2025177063309921,0.030727871091365398,0.8329966289812236,1.0,0.6663476197919992,0.9624777981166804,0.8189228907085501
gex_possorted_bam_1WGCZ:GCTGTGATCGATCAGTx-M2,1.0,0.8691767726785973,0.18280392438678397,1.0,1.0,1.0,0.0,1.0,0.3859205647170489,0.9902416693378104,0.09336857087851354,0.8401898691461601,0.7540637367631073,0.3741928457191983,1.0,0.1895535876016749,0.0,0.0,1.0,0.6337533898670514,1.0,1.0,1.0,1.0,0.0,1.0,0.0,1.0,0.7346303987836926,1.0,0.21602556627395336,1.0,1.0,0.9807873884447453,0.0,1.0,0.0,1.0,1.0,0.0,1.0,0.23144629307021578,0.7583697367628994,0.06704738175851703,1.0,1.0,0.23609559377637393,0.0,1.0,1.0,1.0,1.0,0.16021619747155086
gex_possorted_bam_1WGCZ:GGACATAAGTTGTCTTx-M2,0.0,1.0,1.0,0.9376720196075188,0.8763694153291779,0.0,1.0,1.0,1.0,1.0,0.0,1.0,1.0,1.0,0.0,1.0,0.0,0.0,1.0,0.0,0.0,0.0,0.058642145598850545,0.0,1.0,1.0,1.0,1.0,1.0,0.05986685611936586,0.9272542081377213,0.13821204168027562,0.0,0.8609462516849729,1.0,0.19352918759959672,1.0,0.012929634105413187,0.3155410019954094,1.0,1.0,1.0,1.0,1.0,0.0,0.7424384148572241,1.0,1.0,1.0,1.0,1.0,0.7494740027720196,0.6732953586447729
gex_possorted_bam_1WGCZ:GGACGGATCTGTGAGTx-M2,0.017830946038335158,1.0,1.0,0.961802896229368,0.0,1.0,1.0,0.43820047355785097,1.0,0.44431447905469174,1.0,1.0,1.0,1.0,0.15722843158290292,1.0,1.0,1.0,1.0,0.0,0.0,0.0,0.0,0.0,1.0,1.0,1.0,1.0,1.0,1.0,1.0,0.0,0.0,0.6001373151026542,1.0,0.19705466504985425,1.0,0.2078089045186437,0.0902716154081624,1.0,0.06351734696411598,1.0,1.0,1.0,0.02605402399405397,0.593611461021917,1.0,1.0,1.0,0.4208507732895425,1.0,0.9634118608534269,0.0
gex_possorted_bam_1WGCZ:GGATGTAAGCTATTAGx-M2,1.0,0.7386101293548639,0.0,0.8523560258125278,1.0,1.0,0.19468794300615264,0.8859839835616456,0.14846191483291685,0.908415414181856,1.0,0.38252517623318155,0.6711288179498168,0.6539421219864598,0.8825020987857745,0.646267661865945,0.7529415764467473,1.0,1.0,0.2699804844711517,1.0,1.0,0.9651226494921875,1.0,0.5574907509349754,0.788495632844046,0.0,0.8953803890368055,0.7456464214930413,1.0,0.594846549794664,0.9980079976098025,0.9210875592197679,0.9262403184474082,0.0,1.0,0.047311568039052836,0.9969880658475155,0.9314824285845819,9.281527477790174e-06,0.42432301708117565,0.30707965841115886,0.4078541256381936,0.0,1.0,0.9006855966084378,0.0,0.13374045309433152,0.7247747689504649,0.9499890065032225,0.5808552575352388,1.0,1.0
gex_possorted_bam_1WGCZ:GCTTTCATCTTAGGGTx-M2,1.0,1.0,0.3996500920352741,1.0,1.0,1.0,0.6266743645219894,1.0,0.8588936514641952,1.0,0.07619799584141511,0.8801894807205082,1.0,0.6834818757221455,1.0,0.3283248201609714,0.0,0.7984470849322811,1.0,0.65394083671715,1.0,1.0,1.0,1.0,0.851590666222506,1.0,0.0,1.0,0.821847176610226,1.0,1.0,1.0,1.0,1.0,0.0,1.0,0.012428616207232351,1.0,1.0,0.0,1.0,0.008529265722185085,1.0,0.7597228314154024,1.0,1.0,0.46394893674183135,0.0,1.0,1.0,1.0,1.0,0.8618340814965179
gex_possorted_bam_1WGCZ:GGATACTTCGCCTAAGx-M2,1.0,0.8394510146138765,0.0,1.0,1.0,1.0,0.0,0.8271491903506262,0.0,0.7071752903884606,0.71640673296255,0.0,0.7229512881455966,0.6995255525231342,1.0,0.3320491754130956,0.30737845121685436,1.0,1.0,0.4669394497521646,1.0,1.0,1.0,1.0,0.26010939654443405,0.8916239778953962,0.0,0.9762830092454756,0.2976411133774303,0.9354665312585928,0.48753157423171706,1.0,1.0,0.8769581943564854,0.0,1.0,0.0,1.0,0.9642921155751258,0.0,1.0,0.0,0.5681588457331843,0.06662948448489354,0.8664838189506648,1.0,0.12922415462104248,0.03358441595571947,0.7751103330137592,0.7077028401125635,1.0,1.0,0.4801254756552575
gex_possorted_bam_1WGCZ:GCTTTGTGTTTGTGGAx-M2,1.0,1.0,0.2920060160458075,1.0,1.0,0.9312346966531613,0.01028434812517071,1.0,0.1673109993380898,1.0,0.0,0.8674574329300794,0.9414470263952138,0.5306598932451683,1.0,0.13353561683980963,0.0,0.0,0.8539255783335574,0.7659230210042497,1.0,1.0,1.0,1.0,0.0,1.0,0.0,1.0,0.9617592347242239,1.0,0.3565396220498749,1.0,1.0,1.0,0.0,1.0,0.03174187143470926,1.0,1.0,0.0,1.0,0.0,0.9414103938665569,0.6412114520661846,1.0,1.0,0.8081089507117999,0.0,1.0,1.0,1.0,1.0,0.05553306813602773
gex_possorted_bam_1WGCZ:GGAGTGAGTCCAAGACx-M2,0.032633770957516746,1.0,1.0,1.0,0.10740149029175941,0.0,1.0,0.6828511525262908,1.0,0.8919246824019426,0.0,1.0,1.0,1.0,0.21184414574499486,1.0,0.0,0.0,1.0,0.0,0.0,0.0,0.0,0.0,1.0,1.0,1.0,1.0,1.0,0.8204000421044758,1.0,0.21163287231369285,0.0,0.9431071560886002,1.0,0.2443636561121139,1.0,0.0,0.044592013013871515,1.0,0.06973255667910548,1.0,1.0,0.6082217902532726,0.0,0.5796723602748548,1.0,1.0,1.0,0.6102111993441113,1.0,1.0,0.10255436296329026
gex_possorted_bam_1WGCZ:GGATAACCACTAAGCCx-M2,0.7740813766764442,1.0,1.0,1.0,1.0,0.5454998222320143,1.0,1.0,1.0,1.0,0.0,0.15889213457722426,1.0,0.9846159297686733,0.8687358849099615,0.0,0.0,0.0,0.5182702642514141,0.45447070813944607,0.2722664020079672,0.4185810165263615,1.0,0.04540758851701819,1.0,1.0,0.6427583837501815,0.6289804102081218,1.0,0.36921198164610636,0.0,1.0,0.9805455935192374,1.0,0.2512170803434375,0.9359316761840438,0.0,1.0,1.0,0.1865080956151424,1.0,0.15250334595065818,0.8877747401269711,1.0,0.42369240847211476,1.0,1.0,0.0,1.0,1.0,0.7327995957635108,0.9921113953307382,0.36874644509318694
gex_possorted_bam_1WGCZ:GGATATTGTTAGGCGTx-M2,1.0,0.8791522798362127,0.0,0.9367971013216257,1.0,1.0,0.3496852732335571,0.926242557915992,0.13939462999764343,1.0,0.6301953704512396,0.2527131544666989,0.932969350725112,0.3448055422667319,1.0,0.1229613824752804,0.36424726152956827,1.0,1.0,0.45726547316236654,1.0,1.0,1.0,1.0,0.8171958443500297,0.8334348759469341,0.0,0.9780771578660217,0.9985987519028036,1.0,1.0,0.9108082336736952,1.0,0.995774117009895,0.03288655214700953,1.0,0.15741610343711532,1.0,1.0,0.0007389774013857613,0.6912237655664719,0.3507370794706743,0.3712981116142936,0.16999859632489936,1.0,0.9762219838034356,0.0,0.07386039886049248,0.8677752647100437,1.0,0.9116511970797186,1.0,1.0
gex_possorted_bam_1WGCZ:GCTTTCATCAACAAGGx-M2,0.833596868642455,1.0,1.0,1.0,1.0,0.7654863143596512,1.0,1.0,1.0,1.0,0.0,0.08151185020160918,1.0,0.9095372602715872,0.857047266244104,0.04930232766605977,0.0,0.0,0.5966143363975123,0.7364896118062617,0.5311699870641601,0.5484252805732364,1.0,0.2724427065298734,1.0,1.0,0.5733722861692169,0.6948173042873412,1.0,0.36069969152080317,0.0,1.0,1.0,1.0,0.21355502573993324,0.9899944331039975,0.0,1.0,1.0,0.16131550913182838,1.0,0.09854708000728844,0.8419209002795417,1.0,0.5642518403152099,1.0,1.0,0.0,1.0,1.0,0.7036919714020942,0.9777515125679334,0.5019327780096022
gex_possorted_bam_1WGCZ:GCTTTATTCTTTAAGGx-M2,0.9918333182981656,1.0,1.0,1.0,1.0,0.8781732815701024,0.0,1.0,1.0,1.0,0.0,1.0,1.0,0.6263795706072767,1.0,0.181391876719276,0.0,0.0,0.0,0.4362850675420092,0.1687330675853337,0.7679251213555408,1.0,0.5977233807308803,0.7624114483488567,1.0,0.0,1.0,1.0,1.0,0.0,1.0,1.0,1.0,0.0,1.0,0.0,1.0,1.0,0.0,1.0,0.0,1.0,1.0,1.0,1.0,1.0,0.0,1.0,1.0,1.0,1.0,0.6502983370618799
gex_possorted_bam_1WGCZ:GCTTTCATCATCCTCAx-M2,1.0,0.8140644664622051,0.0,1.0,1.0,1.0,0.3545153821062551,1.0,0.6082527090025789,0.9967958465174452,0.3313229648185808,0.5291249916044608,0.8087187579343404,0.08699402092553614,1.0,0.12490729716775635,0.04100128993292678,0.7936344860573394,1.0,0.6991332288310127,1.0,1.0,1.0,1.0,0.6221826166508286,0.8669081466137419,0.0,0.7839946679942466,0.9422694366701414,1.0,0.5750034125978373,1.0,1.0,1.0,0.0,1.0,0.16468997500729135,1.0,1.0,0.0,1.0,0.07050172609333615,0.6922347963255266,0.0,1.0,1.0,0.2345704262573976,0.03666742067075648,0.846579328276924,1.0,0.903491687834325,1.0,1.0
gex_possorted_bam_1WGCZ:GGAGCATAGCTGTACGx-M2,0.08111750189575409,1.0,0.7306455400385858,0.9897905283172813,0.0,0.0,1.0,1.0,1.0,0.5066749178293969,0.0,1.0,1.0,1.0,0.035597900858599575,1.0,0.1234294740599295,0.43915942826992155,1.0,0.0,0.0,0.0,0.0,0.0,1.0,1.0,1.0,1.0,1.0,0.8655306929930022,0.8905489208465206,0.0,0.0,0.9161870133762227,1.0,0.2760506262401512,1.0,0.0,0.0,1.0,0.12771228075848268,1.0,1.0,0.1106895330584522,0.11624156991224983,0.5572731479838517,1.0,1.0,1.0,0.715677903404383,1.0,0.9287002955858941,0.0
gex_possorted_bam_1WGCZ:GGAACCTGTAGCCTCCx-M2,1.0,0.9287112914154694,0.6988459350101183,1.0,1.0,0.5688257661852132,0.10335285930427006,1.0,0.4743186786935247,1.0,0.0,1.0,0.9223410844450862,0.2886838886314708,1.0,0.028028674896022926,0.0,0.0,0.6692154726194887,0.8070831741872746,1.0,0.9949254003580272,1.0,1.0,0.07519028015198945,1.0,0.0,0.9670237212619949,0.8740627290219392,1.0,0.07395781841363011,1.0,1.0,1.0,0.0,1.0,0.08116877817873538,1.0,1.0,0.0,1.0,0.07484379701592497,0.9349351107736804,0.4718284148094107,1.0,1.0,0.6629681717008078,0.0,1.0,1.0,1.0,1.0,0.0
gex_possorted_bam_1WGCZ:GGAATCTTCGATTTAGx-M2,1.0,1.0,0.492302564040172,1.0,1.0,1.0,1.0,1.0,0.9526808975784523,1.0,0.0,1.0,1.0,0.489204867666447,1.0,0.24253532943236902,0.0,0.0,0.8618134893568374,1.0,1.0,1.0,1.0,1.0,1.0,1.0,0.0,1.0,1.0,1.0,1.0,1.0,1.0,1.0,0.0,1.0,0.47461865201558534,1.0,1.0,0.24692112549521744,1.0,0.2734296176065695,1.0,1.0,1.0,1.0,0.3298359770338648,0.0,1.0,1.0,1.0,1.0,1.0
gex_possorted_bam_1WGCZ:GGACCTCAGGCCATCAx-M2,1.0,1.0,0.0,1.0,1.0,1.0,0.8423103949690269,1.0,0.875683898508623,1.0,0.12693821672101097,1.0,1.0,0.39050785572728086,1.0,0.37132405334395563,0.0,0.7101593355603919,1.0,0.756878868172723,1.0,1.0,1.0,1.0,0.9466026089666589,0.9641529417752401,0.0,1.0,1.0,1.0,1.0,1.0,1.0,1.0,0.0,1.0,0.3333141117584889,1.0,1.0,0.15149996300104446,0.6163488852455457,0.3227702320772894,0.855620388106364,0.5302792914149327,1.0,1.0,0.17987875639280795,0.0,1.0,1.0,1.0,1.0,1.0
gex_possorted_bam_1WGCZ:GGAACGGTCGAAGTGAx-M2,1.0,0.9824991396639848,1.0,1.0,1.0,1.0,0.0,0.9631446833640712,0.441347972484222,1.0,0.195149727233641,0.7195672287808226,0.9725975375594066,0.004294163691070421,1.0,0.08547491150540111,0.0,0.21358137712166295,0.8757512249830629,0.6023711621335343,1.0,1.0,1.0,1.0,0.9143129130650023,1.0,0.0,0.8332925903913145,0.23145506346413178,1.0,0.0,1.0,1.0,1.0,0.0,1.0,0.13439780323932926,1.0,1.0,0.0,1.0,0.11628038233299184,1.0,0.1191532571640565,1.0,1.0,0.6641475959640433,0.05358771302735195,1.0,1.0,0.6021386442045039,1.0,0.8607376026020904
gex_possorted_bam_1WGCZ:GGAACAATCCGCATGAx-M2,0.6198883379321167,0.25924065744142794,0.25767456270262296,0.3532907084481484,0.7105931914795269,1.0,0.0,0.46607317275378196,0.5833678941925484,0.4249015671585728,0.8687957196447842,0.0,0.04748691960510867,0.0,0.5304491626787169,0.0,0.6965236494118325,1.0,0.34144203365462733,1.0,1.0,1.0,0.6542443428054545,1.0,0.007424232793161226,0.40354142397970877,0.046120592135302035,0.2931266883702687,0.13564368935936977,0.5903298355447465,0.5955323344830212,0.7748164297729794,0.6242546461391967,0.4647652029789055,0.04745035610316096,0.6318249018109707,0.0,0.4565892633988414,0.4546550343541792,0.0,0.41135769019283325,0.0,0.17076723203709263,0.27934365209172796,0.8026735131197291,0.5266048010366531,0.0,0.0,0.44080265353321735,0.662555664135805,0.14438454641584197,0.49737861393583394,1.0
gex_possorted_bam_1WGCZ:GGATATTGTGATTTGGx-M2,1.0,0.5517241808579977,0.0,1.0,1.0,0.35064012909465236,0.22393323899005182,1.0,0.5841908475389556,0.8965671107356208,0.0,0.904850186776828,0.6594902675312369,0.07150519595000399,1.0,0.027128426977687456,0.0,0.0,0.534531693039484,0.6137700080514394,1.0,0.8953038568801917,1.0,1.0,0.29207326284208623,1.0,0.0,0.7493307618577932,0.8458548186068647,0.8680798974911247,0.0,1.0,1.0,0.8471065091901695,0.0,0.9386399710313552,0.1807503260780519,1.0,0.9783027070028979,0.0,1.0,0.005198241391574391,0.854446598084889,0.23338093117848943,0.9029343445969307,1.0,0.5785565935428577,0.0,0.8163616169583041,1.0,0.8936761668228153,0.7976556231148336,0.0
gex_possorted_bam_1WGCZ:GGAACCTGTCAGGAAGx-M2,0.9376223487340144,0.7988097901832196,1.0,1.0,1.0,0.44142677649636286,0.0,1.0,1.0,1.0,0.0,1.0,1.0,0.904757625551008,1.0,0.1853358535374621,0.0,0.0,0.0,0.0,0.0,0.46938438246516556,1.0,0.408455894224108,0.7807605734702395,1.0,0.1116824635833811,0.8919488726271484,0.9911349272352211,1.0,0.0,1.0,1.0,1.0,0.0,0.9858682316709891,0.0,1.0,1.0,0.0,1.0,0.0,1.0,1.0,0.8898549994917392,1.0,1.0,0.0,1.0,1.0,1.0,1.0,0.11662148301803556
gex_possorted_bam_1WGCZ:GGAGCAAGTTGTAACGx-M2,1.0,0.9282088118003323,0.0,1.0,1.0,0.9359091979757748,0.0732434521157557,1.0,0.0,0.6945653924786441,0.12847285085389012,0.0,1.0,0.8109402429845466,1.0,0.09025987474443761,0.0,0.11663525795170705,0.7079217668754212,0.0,1.0,1.0,1.0,1.0,0.34765256468343775,1.0,0.10528232249498921,1.0,0.9340306522595254,0.9566292753357013,0.355241013781305,1.0,1.0,0.8520204683847012,0.010102969464569064,0.8768119862551152,0.24151579427223976,1.0,1.0,0.28033643562518257,1.0,0.016126605851566122,0.4609609437736172,0.2645173386831486,0.9961042926851562,1.0,0.03842826043987842,0.0,0.7365509802052626,1.0,0.9368916964805374,0.9628004670418976,0.356647282126946
gex_possorted_bam_1WGCZ:GGAACAATCACTTCATx-M2,0.07596552456219599,1.0,1.0,1.0,0.00035317629822685556,0.0,1.0,0.8001665502871403,1.0,0.7597300789473413,0.0,1.0,1.0,1.0,0.21408109456923624,1.0,0.0,0.0,1.0,0.0,0.0,0.0,0.0,0.0,1.0,1.0,1.0,1.0,1.0,0.6861196047426763,1.0,0.4679512192734226,0.0,0.9760732073639028,1.0,0.24000904427029646,1.0,0.007546346648625103,0.03103867777508862,1.0,0.08345868493432271,1.0,0.8088630756296654,0.0,0.09507851526668931,0.5819312795368584,1.0,1.0,1.0,0.6254147972821501,1.0,1.0,0.016438337206370036
gex_possorted_bam_1WGCZ:GGAACCACACTAAGTTx-M2,0.94196989531368,1.0,0.0,1.0,1.0,0.14735391004325382,1.0,1.0,1.0,1.0,0.0,0.1991649295082306,1.0,0.5202846080188901,0.9378717494307022,0.48133735230771324,0.0,0.0,0.30556019159111614,0.677381385135881,0.529678163634624,0.40934385435593296,1.0,0.5193220143664842,1.0,1.0,0.597082962930508,0.8854114375287235,1.0,0.4069529270191619,0.5762170266263946,1.0,1.0,1.0,0.2537437774304107,0.9532620852242956,0.3066416709061153,0.8981682578892894,1.0,0.13336819782097212,1.0,0.12225641607149924,0.39206723360857637,1.0,0.7091512526124463,1.0,1.0,0.0,1.0,1.0,0.3637079792552258,0.7440722251332313,0.0
gex_possorted_bam_1WGCZ:GGATATTGTTGTCATCx-M2,0.6197153607707812,0.49312622410115103,0.020551194062940446,0.5816447161934535,0.42919757088414023,0.1969234289265904,0.7054761712337164,0.8781374881806316,0.3067017089035396,0.6721143198804663,0.0,0.6923964135590018,0.46480247108566997,0.3100997400937552,0.7806285617419982,0.0,0.0,0.0,0.0,1.0,0.6905638183921796,0.5476639464471438,0.6130879329970746,0.8781183963354682,0.3580484079657273,0.554186826646935,0.20002902567379016,0.5890346853905422,0.499632518136055,0.3841286470887333,0.4203706323744414,0.6867414332578056,0.7121621626463543,0.7784721012763212,0.2290049264860416,0.6972080745643285,0.26786986611745134,0.5715133838741407,0.696124793997108,0.40847067623409833,1.0,0.40211785463066824,0.1323558099711741,0.010565414210544154,0.7955101286683153,0.5434672388186049,0.0,0.11377785315528562,0.5529657921735299,0.6209878214936643,0.5341529372304789,0.4510752032538465,0.2557092363547287
gex_possorted_bam_1WGCZ:GGACGAAGTGAAACAAx-M2,1.0,0.9505927110255893,1.0,1.0,1.0,0.914374479589202,0.0,1.0,0.9457614311608424,1.0,0.0,1.0,1.0,0.38678529217004376,1.0,0.17318268281369406,0.0,0.0,0.2472961079842621,0.5609649370108101,0.7142429086620954,0.9552683314967023,1.0,0.9073934816559499,0.6380650071593891,1.0,0.0,1.0,0.7434472144661187,1.0,0.0,1.0,1.0,1.0,0.0,1.0,0.0,1.0,1.0,0.0,1.0,0.0,1.0,0.7034472813588263,1.0,1.0,1.0,0.0,1.0,1.0,0.9168276290297162,1.0,0.6039832148803862
gex_possorted_bam_1WGCZ:GGAGCAAGTAGGTGTCx-M2,0.19560536221823235,1.0,1.0,1.0,0.2158051346983814,0.0,1.0,0.9467570832252595,1.0,0.6213046464071378,0.0,1.0,1.0,1.0,0.10774435236366785,1.0,0.0,0.0,1.0,0.0,0.0,0.0,0.0,0.0,1.0,1.0,1.0,1.0,1.0,0.6025164936709172,1.0,0.2795550684599925,0.0,1.0,1.0,0.39963205069986013,1.0,0.193025393601904,0.20494747196807564,1.0,0.4322413383263661,1.0,1.0,1.0,0.10508150274338571,0.598303371174062,1.0,1.0,0.8712581146658412,0.7643641978607032,1.0,0.9045788192065178,0.18641850700300075
gex_possorted_bam_1WGCZ:GGAGCATAGGAGTCGGx-M2,1.0,1.0,0.12492454255195753,1.0,1.0,1.0,0.8368189627867239,1.0,0.5777683601712628,1.0,0.0932345815901978,0.395458423530004,0.7927629866706735,0.28774009404168077,1.0,0.5901301446234509,0.026011317666796513,0.9767445223739001,1.0,0.9322361089047253,1.0,1.0,1.0,1.0,0.7604013668858862,1.0,0.0,1.0,1.0,1.0,1.0,0.9476659912337922,1.0,1.0,0.0,1.0,0.11521595217569074,1.0,1.0,0.03396396262102449,1.0,0.544728250917185,0.8990186606123998,0.85792588837735,1.0,1.0,0.11302100308998632,0.0,1.0,1.0,1.0,1.0,1.0
gex_possorted_bam_1WGCZ:GGAGCGATCACAGCGCx-M2,1.0,1.0,0.3308806864893051,1.0,1.0,1.0,0.3107059873764983,1.0,0.5986871436624385,1.0,0.0,0.8394436785052068,1.0,0.6361309061825141,1.0,0.4257690440975468,0.0,0.11213037783776413,1.0,0.5587209508591219,1.0,1.0,1.0,1.0,0.2205696451511033,1.0,0.0,1.0,0.7541556684797597,1.0,0.160444792478709,1.0,1.0,1.0,0.0,1.0,0.15006157417598245,1.0,1.0,0.0,1.0,0.21384408562827278,0.7181171922775099,0.17816540157651262,1.0,1.0,0.25613126380478524,0.0,1.0,1.0,1.0,1.0,0.5320130776370158
gex_possorted_bam_1WGCZ:GGAAGTATCTAGCTTTx-M2,0.06288426929978444,1.0,1.0,1.0,0.0625673724824521,0.0,1.0,0.8230734819377825,1.0,1.0,0.10550647779436434,1.0,1.0,1.0,0.20863502939248418,1.0,0.3574827015399096,0.2906375820075922,1.0,0.0,0.0,0.0,0.0,0.0,1.0,1.0,1.0,1.0,1.0,0.785019275854096,1.0,0.0184945671776109,0.0,0.9114260911653866,1.0,0.27641075764637507,1.0,0.11389851252740607,0.09946645236523251,1.0,0.2481328424543533,1.0,1.0,0.9288001812072832,0.0,0.6155199134453124,1.0,1.0,1.0,0.7909293056054211,1.0,1.0,0.0
gex_possorted_bam_1WGCZ:GGAGCATAGACAAGTGx-M2,1.0,0.8873637851083557,0.0,1.0,1.0,1.0,0.24197223335506857,0.9890476521483827,0.3971751293694425,1.0,0.526523056798573,0.8994364469975037,0.9890984804247882,0.23952397798760452,1.0,0.09621521900189717,0.2089031759203591,1.0,1.0,0.7782806317127058,1.0,1.0,1.0,1.0,0.5835967440248592,0.9251695993833334,0.0,1.0,1.0,1.0,0.9504636850148823,1.0,1.0,1.0,0.0,1.0,0.10157367448381895,1.0,1.0,0.0,1.0,0.32940219880072313,0.6326994741481269,0.0,1.0,1.0,0.0,0.11730983913950296,0.9358800905478197,1.0,0.9956086220935209,1.0,1.0
gex_possorted_bam_1WGCZ:GCTTTATTCTATGACAx-M2,0.5215895626113088,1.0,1.0,1.0,0.4152950263088315,1.0,1.0,0.8340568880717901,1.0,0.9645258496400156,1.0,1.0,1.0,1.0,0.723641211356796,1.0,1.0,1.0,1.0,0.0,0.17949227469438014,0.0,0.404446486485905,0.0,1.0,1.0,1.0,1.0,1.0,1.0,1.0,0.4374187041050734,0.35593624981511657,0.8857543521998513,1.0,0.7247642454509569,1.0,0.6483266029507306,0.5778935160428009,1.0,0.9158929941564724,1.0,1.0,1.0,0.6021002883742089,0.7479878426420447,1.0,1.0,1.0,0.8651831647866612,1.0,1.0,0.0
gex_possorted_bam_1WGCZ:GCTTTACGTACTGAATx-M2,0.766128560588157,1.0,1.0,1.0,1.0,0.9207141210736295,1.0,1.0,1.0,1.0,0.0,1.0,1.0,1.0,1.0,0.1618250121235506,0.16966302391561408,0.0,0.4964431711494818,1.0,0.3273026329688576,0.47988646045135447,1.0,0.11642854274031722,1.0,1.0,0.38927955866802527,1.0,1.0,0.8241912576252849,0.0,1.0,0.9974736256411479,1.0,0.30804976881398327,1.0,0.0,1.0,1.0,0.24677976239810107,1.0,0.22073899416767193,1.0,1.0,0.9346009235325625,1.0,1.0,0.0,1.0,1.0,0.5511513408680473,1.0,1.0
gex_possorted_bam_1WGCZ:GGAAGCTAGCGTGCGTx-M2,1.0,0.9480477657843092,0.0,0.9954892373686586,0.9325602524846666,1.0,0.35872802230932543,0.9975538854535784,0.07065997391048802,0.810884909593383,0.35050285641917583,0.8648476121972493,0.8096318272327241,0.4131943856058913,1.0,0.36224137315324567,0.017606958234436906,0.8449597527989451,1.0,0.5348649461772104,1.0,1.0,1.0,1.0,0.54424804308011,0.8113224546090513,0.0,0.7953339926056702,0.8945286058126897,0.9885378799688803,0.6003511884836633,0.9746585237439246,1.0,0.9726099994514846,0.0,1.0,0.02709008511340524,1.0,1.0,0.0,0.9343296899837824,0.06858528654453541,0.6450907735474704,0.06472395814961819,1.0,1.0,0.13296775037928946,0.05014014077298324,0.8552409293372081,0.8786199706589984,0.9206286415896426,1.0,0.8367297902585548
gex_possorted_bam_1WGCZ:GGAACTAAGCGAAGTAx-M2,0.016992841965638033,1.0,1.0,0.8967258781997397,0.0,1.0,1.0,0.5190342916238341,1.0,0.4432935977103652,1.0,1.0,1.0,1.0,0.13051947229851715,1.0,1.0,1.0,1.0,0.0,0.0,0.0,0.0,0.0,1.0,1.0,1.0,1.0,1.0,1.0,1.0,0.0,0.0,0.562514760675323,1.0,0.14892621132964784,1.0,0.18164471618719133,0.10154864869817243,1.0,0.04168996523800727,1.0,1.0,1.0,0.0,0.5028940163146598,1.0,1.0,1.0,0.3574449546972624,1.0,0.9051731281860579,0.0
gex_possorted_bam_1WGCZ:GGAGTCTGTTGGTTCTx-M2,0.8772696424539104,0.5461869407966535,0.0,0.76880922433307,0.7820295084008302,0.9289676387656263,0.5227751090323849,0.8301290143515633,0.6679926564520774,0.6044944124126411,0.23751563281956287,0.4867255347384925,0.40060472556284304,0.8037556696748898,0.8730128558778448,0.2827485843169651,0.03807330929922748,0.7171865447417105,0.8580604678985245,0.01631765109770119,1.0,0.9686629694027619,0.7763789315685853,0.9961494957030346,0.5075654985302237,0.6323004980842584,0.20163813727588947,0.776118649493022,1.0,0.7584796148045945,0.612421356932509,0.7912745988222162,0.7535672939943296,0.8058127801018632,0.15667480843679157,0.8963804849972961,0.9845808886213456,0.765117136426288,0.7362225822610825,0.0,0.8447449753336772,0.6192382759935068,0.48264528536865653,0.12424899527280443,0.8859384625065758,0.8417660256715972,0.0,0.4064984120563066,0.664975308666856,0.7231410479409066,0.9178708632039793,0.8009067049444452,0.50890244535522
gex_possorted_bam_1WGCZ:GCTTTCATCATTAGGCx-M2,0.01878825349782693,1.0,1.0,0.8121166805479503,0.0,0.10177781596035526,1.0,0.6541957070730574,1.0,0.6307289687438705,0.7641772487532394,1.0,1.0,1.0,0.09584136237927983,1.0,1.0,1.0,1.0,0.0,0.0,0.0,0.0,0.0,1.0,1.0,1.0,1.0,1.0,0.8555252425588942,1.0,0.0,0.0,0.59658479558557,1.0,0.16500818344481558,1.0,0.048024110677202095,0.0,1.0,0.0931498657429511,1.0,1.0,1.0,0.0,0.4278507565691796,1.0,1.0,0.9869161121341392,0.5329250750313972,1.0,0.7776566176701596,0.0
gex_possorted_bam_1WGCZ:GGAGCAAGTTCCTCCTx-M2,0.7644144972585191,1.0,1.0,0.9853365375216786,0.0,0.5576670372584799,1.0,1.0,1.0,1.0,0.0,1.0,1.0,1.0,1.0,1.0,0.0,0.0,0.3077443814153578,0.18799266352300487,0.5909380137572819,0.4539581594247788,0.6287447963656229,1.0,1.0,0.977906974504867,0.0,1.0,1.0,0.5947184945903237,1.0,1.0,0.776452559206093,1.0,0.0,1.0,1.0,1.0,1.0,1.0,0.8262766019510986,0.6852500160750357,1.0,1.0,1.0,1.0,0.6792332537343396,0.0,1.0,1.0,1.0,1.0,0.4477036967129015
gex_possorted_bam_1WGCZ:GGATGTAAGCCACAATx-M2,0.837043065490107,1.0,1.0,1.0,1.0,0.7288761898836189,1.0,1.0,1.0,1.0,0.0,0.47198741646318493,1.0,0.8894367788573799,1.0,0.0,0.0,0.0,0.0,0.47795169477597255,0.16591815838269286,0.6037788528937014,1.0,0.5385985222027774,0.9706500437741425,1.0,0.20887673716135713,0.837018657058954,1.0,0.8559950371136951,0.0,1.0,1.0,1.0,0.019986079087449933,0.9435789778643534,0.0,0.9507965450760051,1.0,0.0,1.0,0.0,0.9177004175604592,1.0,0.5744069046614235,1.0,1.0,0.0,1.0,1.0,0.5327724881155905,0.9271726759531875,0.6137879675631243
gex_possorted_bam_1WGCZ:GCTTTCATCGTTACAAx-M2,1.0,1.0,0.2761850749266819,1.0,1.0,1.0,0.3217638513326618,1.0,0.15073695448873112,1.0,0.0,1.0,1.0,0.2747955705591433,1.0,0.10467890848897783,0.0,0.14835378169630734,1.0,1.0,1.0,1.0,1.0,1.0,0.5737698011814967,1.0,0.0,1.0,1.0,1.0,0.8159067672396413,1.0,1.0,1.0,0.0,1.0,0.0,1.0,1.0,0.0,1.0,0.1716014327770173,0.9480561973027599,0.7202653479288856,1.0,1.0,0.6591074175042337,0.0,1.0,1.0,1.0,1.0,0.7729400958250005
gex_possorted_bam_1WGCZ:GGATACTTCCGCAACAx-M2,1.0,0.8997782548823867,1.0,1.0,1.0,0.4587896557089373,0.0,1.0,0.799077962550104,1.0,0.0,1.0,1.0,0.4965107645193618,1.0,0.01172169601557835,0.0,0.0,0.11766807437749839,0.4267516029478263,0.5419517135097749,0.7200938680243936,1.0,0.9778068256666346,0.3705837347096436,1.0,0.0,0.8982367809277911,0.4605783837625582,1.0,0.0,1.0,1.0,1.0,0.0,1.0,0.008962387453004806,1.0,1.0,0.0,1.0,0.02325712566589194,1.0,0.6605861304735056,0.9352897658264733,1.0,1.0,0.0,1.0,1.0,1.0,1.0,0.0
gex_possorted_bam_1WGCZ:GGAAGTATCCCGTTGTx-M2,1.0,0.7409120292133969,0.0,0.9027521311189447,0.8164846448657505,0.7557641356143195,0.6806026188437244,1.0,0.5265384820305066,0.8194279108259717,0.0,1.0,0.8623767826419548,0.33771257176936426,1.0,0.08593489280595397,0.0,0.02521675419522039,0.7009353689920905,0.31285210954380255,0.9875979907646775,1.0,0.9355627642670732,1.0,0.4449368334441192,0.798720625426464,0.0,0.7190709058617798,1.0,0.7101556591107722,0.5633129408270167,1.0,1.0,1.0,0.0,1.0,0.33311420380233103,0.9170027674063957,0.913780618592842,0.006465247382551619,1.0,0.312409022200461,0.4479930932245403,0.12401398616942376,1.0,0.9939548703223221,0.32638069778971435,0.03348726796180341,0.7393586739143095,0.7776409850267747,0.9971833317644762,0.9056573697336838,0.6566140646387264
gex_possorted_bam_1WGCZ:GGATGTAAGGCAAGTAx-M2,1.0,1.0,0.0,1.0,0.5381514814644317,0.8005010251386389,1.0,1.0,0.8479641774043132,1.0,0.0,1.0,1.0,0.8539148459425735,1.0,0.9367645275837742,0.0,0.0,0.7699460622089421,0.18939865685647628,1.0,1.0,0.8290193298945329,1.0,1.0,0.8363680348886913,0.0,1.0,1.0,0.8784248460958445,1.0,1.0,0.932737205869077,1.0,0.0325658461577051,1.0,0.7929922839727551,1.0,1.0,0.3540884657624878,0.5593405869277847,0.6772265304458698,0.761387390163859,0.7828660624955147,1.0,1.0,0.4763119573582349,0.30397419564437844,0.9411564223957488,0.983871950460098,1.0,1.0,0.9050876895049778
gex_possorted_bam_1WGCZ:GGAAGCTAGTGTTGTAx-M2,1.0,0.9355752643930646,0.3701416224361025,1.0,1.0,0.5249304885870855,0.0,1.0,0.2083254683679287,0.89392811239051,0.0,0.37211296829893314,0.922882274501681,0.3024325343010463,1.0,0.0,0.0,0.0,0.4974752196219877,0.3246999561974401,1.0,0.9274433803454655,1.0,1.0,0.1977558729472736,1.0,0.0,1.0,0.8109604602075529,1.0,0.0,1.0,1.0,0.95605804628705,0.0,0.9360651634212476,0.2453473502783644,1.0,1.0,0.0,1.0,0.20675832186772816,0.6094044074010517,0.38957370477330977,0.9337551654849218,1.0,0.4195531370929391,0.0,0.9488260795324519,1.0,1.0,0.8649589684758552,0.04004650021586653
gex_possorted_bam_1WGCZ:GGACTAAAGTAAGAACx-M2,1.0,1.0,0.9814028811653832,0.9973702246791533,1.0,0.514331046128117,0.3184420857061679,1.0,0.0,1.0,0.0,0.31387173669096863,0.764030517627002,0.33347862770873016,0.8418024355635427,0.5270930337110636,0.0,0.0,0.48925135835764166,0.6929985587092496,0.5584226647167474,0.764406659118543,1.0,1.0,0.8886646169663862,1.0,0.05908722331558136,0.9264817738209584,1.0,1.0,1.0,0.7811981003710808,1.0,1.0,0.0,1.0,0.48386871593562164,1.0,1.0,0.421034619046251,1.0,0.0,0.34904301730516873,0.6332046901060429,1.0,1.0,0.5558814770404217,0.0,0.9873739359581158,1.0,0.41195471547014245,1.0,1.0
gex_possorted_bam_1WGCZ:GGAACCACATGTTGCAx-M2,1.0,0.9456899300693865,0.0,0.9562164118232015,0.8557388261811291,0.9227839643734465,0.522497142864379,1.0,0.7075633781245929,0.9838546775816159,0.0,0.8629389072093747,0.7998069474658538,0.3672800212293563,0.9985562819544728,0.22173768138590272,0.0,0.04104060776348689,0.7105686721650245,0.6054347662621805,1.0,1.0,1.0,1.0,0.7318204120646536,0.9076270235069491,0.0,0.8925738957577614,1.0,0.945440642537523,0.3156675831965861,0.9831908246168829,1.0,1.0,0.0,1.0,0.36044666448784657,1.0,1.0,0.015657138444000237,1.0,0.3134379528713069,0.7196917759139368,0.33703775418533877,1.0,0.9861636686151589,0.390353026489065,0.0,0.8763854552390655,1.0,0.9159181237343876,0.9429049482978137,0.6897219202104167
gex_possorted_bam_1WGCZ:GGATGTAAGGTGAAGCx-M2,1.0,0.9442034697898227,1.0,1.0,1.0,1.0,0.5468378042782723,1.0,0.6605211321256992,1.0,0.0,0.7611248228591659,1.0,0.37396514300499345,1.0,0.1485186079607563,0.0,0.0,0.7811409507558865,0.9132227694702844,1.0,1.0,1.0,1.0,1.0,1.0,0.03950999473877695,1.0,1.0,1.0,0.6437792094952057,1.0,1.0,1.0,0.08209052432182537,1.0,0.5729839419155531,1.0,1.0,0.0,1.0,0.18356313014265288,0.8231594205516559,1.0,1.0,1.0,1.0,0.4553184297449346,1.0,1.0,1.0,1.0,0.8112924096439053
gex_possorted_bam_1WGCZ:GGATGAATCTGGTCCTx-M2,1.0,0.9523443164857882,0.10255270905670834,1.0,1.0,1.0,0.09549822526215113,0.9524097170547298,0.2011942986118652,1.0,0.6309566529243531,0.3938653916800767,0.9617370901105702,0.6942035874156739,1.0,0.42304794807853985,0.28003091666635915,1.0,1.0,0.5416575322810981,1.0,1.0,1.0,1.0,0.6249027162977981,1.0,0.0,1.0,0.9286092030135322,1.0,0.742975209122594,1.0,1.0,1.0,0.0,1.0,0.01588892585498051,1.0,1.0,0.019689779163903364,1.0,0.0,0.7889721637498591,0.20160681708332343,1.0,1.0,0.3016302877230489,0.0,0.9908945069772643,1.0,0.7228431382141128,1.0,1.0
gex_possorted_bam_1WGCZ:GGACGGATCTTTAGGAx-M2,1.0,0.8910342377425001,0.0,0.8784159461252959,1.0,1.0,0.44814973855681545,0.9384295468395256,0.9562944274141303,0.6999849459038441,0.6005636494909324,0.4808606094211253,0.4940306132206799,0.3827462439471214,1.0,0.15190584213750719,0.38918154770493446,1.0,1.0,0.1934967382618751,1.0,1.0,0.9155349836280852,1.0,0.4409810453170642,0.7054017376814206,0.0,0.9462815194227201,1.0,0.6961015399092836,0.705479844535543,1.0,0.933027070542714,0.9709342152481915,0.0,1.0,0.25891370556446314,0.9978964683014391,1.0,0.05320133477872141,0.6246133154695207,0.21719492001547497,0.435101695881559,0.43165608936726496,1.0,0.950812756518648,0.0,0.0955575631028044,0.8406493878202689,0.8279546862443684,0.9298710941469029,1.0,0.8696485436111296
gex_possorted_bam_1WGCZ:GCTTTACGTTATGTGGx-M2,1.0,0.8903281654421259,1.0,1.0,1.0,1.0,0.17436122026712708,0.9367827463454171,1.0,1.0,0.5399947154218661,0.5582191121297858,1.0,0.22718169502354976,1.0,0.13959800763009894,0.2546880669245998,1.0,0.9482773761780382,0.8496523478465163,1.0,1.0,1.0,0.9560042497511289,0.8332811177990087,1.0,0.0,1.0,0.9950286354654174,1.0,0.4397238853080016,1.0,1.0,1.0,0.0,1.0,0.0,1.0,1.0,0.0,1.0,0.0,0.995851798484829,0.6597930490051372,1.0,1.0,0.06617900925001506,0.0,1.0,1.0,0.7496137014975743,1.0,1.0
gex_possorted_bam_1WGCZ:GGAACTAAGCCGGTACx-M2,1.0,1.0,0.0,0.8890754184417488,0.9830288734061289,1.0,0.4304271424065661,1.0,0.5343188046615099,1.0,0.10038859451588868,0.8165251479543741,0.8130508327239504,0.46844204990285465,1.0,0.09559948331823158,0.013237271269338175,0.5915390527856703,0.8274995783941125,0.5512271190828316,1.0,1.0,0.9350586063546898,1.0,0.6205941578438852,0.7794403217055067,0.0,0.8592919770567398,0.9382606194840934,0.8786026900394597,0.7264833565296724,1.0,1.0,0.9428258602823767,0.0,1.0,0.34097793406351556,0.9545712618617535,0.995704076488416,0.04789450408429792,1.0,0.25930949534807146,0.5132784306860553,0.12768071189528918,1.0,0.958357611932044,0.19676120243632786,0.0,0.8755720515259845,0.9583537048041894,0.9803707077702182,1.0,1.0
gex_possorted_bam_1WGCZ:GCTTTCATCGGGACCTx-M2,1.0,1.0,0.40781499786842157,1.0,1.0,1.0,0.0,1.0,0.6530058403513894,1.0,0.3108983533323479,0.8640043867134988,0.9192636574662449,0.3677428546298024,1.0,0.09173100954044272,0.00014560856589090088,0.2738461393255253,1.0,0.5683529459818818,1.0,1.0,1.0,1.0,0.09781533681566738,1.0,0.0,1.0,0.9403383361372188,1.0,0.6887526026804917,1.0,1.0,1.0,0.0,1.0,0.2798012852725715,1.0,1.0,0.0,1.0,0.3110920202900103,0.6810246092265521,0.44295222976231796,1.0,1.0,0.2715485621453911,0.0,1.0,1.0,1.0,1.0,0.5568755612900458
gex_possorted_bam_1WGCZ:GGATGAATCGTTACTTx-M2,0.7905119259858157,1.0,1.0,1.0,1.0,0.302398521768618,1.0,1.0,1.0,1.0,0.0,0.2367253150180563,1.0,0.5932548830247961,0.8756961010357012,0.0,0.0,0.0,0.3794535529497918,0.4796480139930883,0.1217612250697865,0.3834366953795351,1.0,0.023767751186300385,1.0,1.0,0.6446831448137339,0.2578179379845308,1.0,0.39649641014991954,0.0,1.0,0.9998439656967386,1.0,0.21730639904959032,0.8413392396114504,0.0,1.0,1.0,0.04598854925498386,1.0,0.0,0.6844988086743609,1.0,0.2002618839208177,1.0,1.0,0.0,1.0,1.0,0.8194728339089855,0.9177813205482602,0.07401181630524786
gex_possorted_bam_1WGCZ:GGATGAATCGCCTGTTx-M2,0.9478304683107632,0.802795717694185,1.0,1.0,1.0,0.5551137604219069,0.0,1.0,0.9671151255479853,1.0,0.0,1.0,1.0,0.68066425138669,1.0,0.0,0.0,0.0,0.0,0.15357093009132464,0.0381947210020145,0.5902293432060978,1.0,0.5928504263099561,0.698547733448796,1.0,0.0,0.8615201491345692,0.8387788433070696,1.0,0.0,1.0,1.0,1.0,0.0,0.9521112285098043,0.0,1.0,1.0,0.0,1.0,0.0,1.0,1.0,0.7900619998890894,1.0,1.0,0.0,1.0,1.0,0.9892140734425602,1.0,0.42243833251196494
gex_possorted_bam_1WGCZ:GGATATTGTCCTTAGTx-M2,1.0,0.6565495161165947,0.6228153200072635,1.0,1.0,0.25672935544180403,0.0,1.0,1.0,1.0,0.0,1.0,0.8102796700016069,0.16412510983881526,1.0,0.0,0.0,0.0,0.2742690862418938,0.47815053650532974,0.9161002774191855,0.8168773483054875,1.0,0.8123513986093648,0.5267303925853435,1.0,0.0,0.7002481389820945,0.5542399372772343,1.0,0.0,1.0,1.0,1.0,0.0,0.9546946439209407,0.0,1.0,1.0,0.0,1.0,0.026279168141606482,1.0,0.20499567211584657,0.9816117522676838,1.0,1.0,0.0,1.0,1.0,0.7915450914048057,0.8729128163956708,0.0
gex_possorted_bam_1WGCZ:GGACGAAGTGGTGAGAx-M2,1.0,1.0,0.12338152159849586,1.0,1.0,1.0,0.6295665644331755,1.0,0.19012068439948868,1.0,0.5517856560605531,0.795046494805321,1.0,0.4927195275920851,1.0,0.23241470055609253,0.2348178224010769,1.0,1.0,0.7718540161435326,1.0,1.0,1.0,1.0,0.974644557044244,1.0,0.0,0.9915689969235786,1.0,1.0,1.0,1.0,1.0,1.0,0.0,1.0,0.18354240806500685,1.0,1.0,0.0,1.0,0.15739211940724387,0.7637434215001847,0.5967570536197665,1.0,1.0,0.2879517291827289,0.0,1.0,1.0,1.0,1.0,1.0
gex_possorted_bam_1WGCZ:GGAAGTATCATGGCCAx-M2,0.0,1.0,1.0,0.5606156931042638,0.0,0.0,1.0,0.32308126358063266,1.0,0.6949290172282214,0.9554403243390189,1.0,1.0,1.0,0.17756064785563483,1.0,1.0,0.32728982452780564,1.0,0.0,0.0,0.0,0.0,0.0,1.0,0.758661305542949,1.0,1.0,1.0,0.6128314548590149,1.0,0.0,0.0,0.49535575559557654,1.0,0.11787484248619456,1.0,0.02010322594683393,0.03191200154335881,1.0,0.23404253198230177,1.0,1.0,1.0,0.0,0.2977586912893837,1.0,1.0,0.7992826090899559,0.2960564017841454,1.0,0.5954517855812923,0.0
gex_possorted_bam_1WGCZ:GGATGAATCACAGACTx-M2,1.0,1.0,0.24791819611213123,1.0,1.0,1.0,0.5381273249902516,1.0,0.7476530589750618,0.9837634430233672,0.17742132027689198,0.9936711353394668,0.8999401650618184,0.3305120371626535,1.0,0.27187807602191744,0.0,0.6466919462516123,1.0,0.9524875242838758,1.0,1.0,1.0,1.0,0.5766008089788829,0.9374950279711167,0.0,1.0,1.0,1.0,0.9695164443607944,1.0,1.0,1.0,0.0,1.0,0.29179221117816256,1.0,1.0,0.02844453282886697,1.0,0.14565135920054095,0.7896607973228185,0.4278736799647271,1.0,1.0,0.29363106257614463,0.034551694900549636,0.9700439006461449,1.0,1.0,1.0,0.7939063909417003
gex_possorted_bam_1WGCZ:GGAATCTTCATGCTAAx-M2,1.0,1.0,1.0,1.0,1.0,1.0,0.09205332481836008,0.9728810440578994,0.9159052833865134,1.0,0.0,0.8899961835061226,1.0,0.39924708589846675,1.0,0.24001940034180136,0.0,0.27992314242984834,0.577568155403564,0.7079942776837019,0.9824981714762948,1.0,1.0,0.9322220719345682,0.9974391761315714,1.0,0.0,1.0,1.0,1.0,0.4988118634778238,1.0,1.0,1.0,0.0,1.0,0.0,1.0,1.0,0.0,1.0,0.0,1.0,0.8939925668162536,1.0,1.0,0.8284593684163585,0.0,1.0,1.0,0.9324317490169252,1.0,1.0
gex_possorted_bam_1WGCZ:GGAGTCTGTGTTTGTCx-M2,1.0,1.0,0.0,1.0,1.0,1.0,0.5292241727303831,1.0,0.02632509162082195,0.9985103942168818,0.9519603586031656,0.48174986597840674,0.9697779449031344,0.47418532250994927,0.9776339067999237,0.6369052177428833,0.4175798297661604,1.0,1.0,0.7670762182406069,1.0,1.0,1.0,1.0,0.7504119762222076,0.7537450102006101,0.0,1.0,1.0,1.0,1.0,0.9214853844274971,1.0,1.0,0.0,1.0,0.036484417388694755,1.0,1.0,0.06026480266646087,0.6488612602019176,0.14215580134434894,0.8263766093155157,0.49745950613514917,1.0,1.0,0.15945015218708267,0.04216993555859809,0.7858564960688639,1.0,0.9445028949845133,1.0,1.0
gex_possorted_bam_1WGCZ:GCTTCGCGTGTTTGCTx-M2,0.5562869288595943,1.0,1.0,1.0,0.5639786185851872,0.5935114747708008,1.0,1.0,1.0,1.0,0.0,1.0,1.0,1.0,0.7151524200938142,1.0,0.024603613281110718,0.10191435664153417,1.0,0.0,0.14187406129793964,0.0,0.4116536545457939,0.1696633066792051,1.0,1.0,1.0,1.0,1.0,1.0,1.0,0.43158192812899016,0.4331646864927922,1.0,1.0,0.682937500033309,1.0,0.625556932057535,0.6972350078222908,1.0,1.0,1.0,1.0,1.0,0.5162527393503044,0.8711282238830995,1.0,1.0,1.0,1.0,1.0,1.0,0.54363683606976
gex_possorted_bam_1WGCZ:GCTTTCATCATGGCCAx-M2,1.0,0.7880603395109482,0.0,0.9729993669103572,1.0,1.0,0.43404391108777457,1.0,0.36137088259019,0.8999969311773411,0.2430149490894808,0.6227218179218287,0.8140564656273508,0.30556144372176164,1.0,0.26003676641189655,0.0,0.7014877025147576,1.0,0.5785927438833335,1.0,1.0,1.0,1.0,0.6709349552753683,0.8717339739228089,0.0,0.8468036348476866,0.8741350807387518,1.0,0.592186418885501,1.0,1.0,1.0,0.0,1.0,0.1990661724030716,1.0,1.0,0.033452609968188184,1.0,0.2695738102027277,0.6261471243961994,0.09092322446819223,1.0,1.0,0.20451871058777096,0.048712459105634126,0.8896884553893795,0.9466855878848236,0.9954590333865166,1.0,0.9166370385693233
gex_possorted_bam_1WGCZ:GCTTTCATCGTTAGTAx-M2,1.0,0.9822569221067633,0.325379222154741,1.0,0.7734909462529023,1.0,1.0,1.0,0.9712917033564495,1.0,0.0,1.0,0.9882210401000125,0.3789672631737045,1.0,0.2167357307979915,0.0,0.0,0.8252310277315588,1.0,1.0,1.0,1.0,1.0,1.0,1.0,0.0,1.0,0.9956762537525324,0.9546103261039989,0.7742492478069872,1.0,1.0,1.0,0.0,1.0,0.30040387973406074,1.0,1.0,0.025986321570106056,1.0,0.0,0.826499345589271,0.4004743795252797,1.0,1.0,0.5900882229426272,0.0,0.9892954247635165,1.0,0.9709186523208639,1.0,1.0
gex_possorted_bam_1WGCZ:GGAGTCTGTTGTCCATx-M2,0.14479170131079977,1.0,1.0,0.821004618955009,0.3490292446335526,0.7292533315058066,1.0,0.6784407398488634,1.0,0.4893282283101502,1.0,1.0,1.0,1.0,0.2385183248121406,1.0,1.0,1.0,1.0,0.0,0.0,0.0,0.0,0.0,1.0,1.0,1.0,1.0,1.0,1.0,1.0,0.24847904596418804,0.0,0.46701005645540555,1.0,0.22528019613707254,1.0,0.17941975886949948,0.1981542602234508,1.0,0.07291607776325297,1.0,1.0,1.0,0.3258488051609819,0.5075861423878589,1.0,1.0,1.0,0.4982806977111322,1.0,0.9822158806980447,0.0
gex_possorted_bam_1WGCZ:GGGCGAATCATAATCGx-M2,1.0,1.0,0.2885282119202501,1.0,1.0,1.0,0.42177089681946345,1.0,0.43401012846870707,1.0,0.6701367297143858,0.5361923545435756,1.0,0.5378864257540058,1.0,0.6267380034906819,0.42170904035351314,1.0,1.0,0.8205878769702484,1.0,1.0,1.0,1.0,0.9024243902930363,1.0,0.0,1.0,0.9953167295341531,1.0,0.9524257358012181,1.0,1.0,1.0,0.0,1.0,0.05331859297983773,1.0,1.0,0.0,1.0,0.24810915531945563,1.0,0.9121372764339664,1.0,1.0,0.5921804700577303,0.0,1.0,1.0,0.7257899314990943,1.0,1.0
gex_possorted_bam_1WGCZ:GGATTATGTTTGAGCAx-M2,0.029613178005024644,1.0,1.0,0.9444350152923265,0.0,1.0,1.0,0.4618469795941534,1.0,0.4444831513413616,1.0,1.0,1.0,1.0,0.17180647784509645,1.0,1.0,1.0,1.0,0.0,0.0,0.0,0.0,0.0,1.0,1.0,1.0,1.0,1.0,1.0,1.0,0.0,0.0,0.5250730488417625,1.0,0.15344641967067463,1.0,0.18639108186385736,0.17959962986650777,1.0,0.05465210019409274,1.0,1.0,1.0,0.0,0.5191449400019035,1.0,1.0,1.0,0.32718307559493737,1.0,0.9523166726330292,0.0
gex_possorted_bam_1WGCZ:GGCCTCTGTAGCTAATx-M2,1.0,1.0,0.6059971635796995,1.0,1.0,1.0,0.03609791171040946,1.0,0.3384411262591901,1.0,0.0,0.8795768543394962,0.974738715913772,0.37799136913332954,1.0,0.20127937755988806,0.0,0.0,1.0,0.8270125422793895,1.0,1.0,1.0,1.0,0.1575612484131541,1.0,0.0,1.0,0.9005494823380722,1.0,0.5374120889755455,1.0,1.0,1.0,0.0,1.0,0.13721758664460704,1.0,1.0,0.0,1.0,0.1484843807196093,0.8836100406429553,0.3940703104311156,1.0,1.0,0.5222447070923188,0.0,1.0,1.0,1.0,1.0,0.5323689531680971
gex_possorted_bam_1WGCZ:GGCGTTATCGGTTACGx-M2,1.0,0.9649967389437641,0.0,1.0,1.0,1.0,0.0,0.9241571437183081,0.3340814289191262,0.832927982718173,0.30668027917983753,0.7430620280639425,0.8198738616790866,0.0,0.8760625380075227,0.11055114906664021,0.0,0.6884756193727296,0.8464643241164314,0.3609739957312363,1.0,1.0,1.0,1.0,0.6946642656766658,0.9007841269081087,0.0,1.0,0.6988843036633166,1.0,0.0,1.0,1.0,0.9757221647950294,0.0,1.0,0.0,1.0,1.0,0.0,0.7442824359241891,0.06872368180100265,0.7317663443315098,0.2567660157858087,1.0,0.9825072494021793,0.6367966355396238,0.0,1.0,1.0,0.8515027842337702,1.0,1.0
gex_possorted_bam_1WGCZ:GGATTCAGTCAGGCATx-M2,1.0,0.9865822056891378,1.0,1.0,1.0,1.0,0.0,1.0,0.8412846928524549,1.0,0.0,1.0,0.8904877720151282,0.46060536254818646,1.0,0.06096628902341442,0.0,0.0,0.2525081193457447,0.48353681553826267,0.5771880625000003,1.0,1.0,0.7119551933105601,0.8271897331461247,1.0,0.0,0.9483848100183985,1.0,1.0,0.20652137302941861,1.0,1.0,1.0,0.0,1.0,0.0,1.0,1.0,0.0,1.0,0.0,1.0,1.0,1.0,1.0,1.0,0.0,1.0,1.0,0.8758921618659712,1.0,1.0
gex_possorted_bam_1WGCZ:GGCCGTTAGCTTGCTCx-M2,1.0,0.7621742143728807,0.0,0.9232719907350221,1.0,1.0,0.14546478036970925,0.9093251011445601,0.40135167504321667,1.0,0.3976521339198007,0.5871547906024596,0.8422589207530264,0.3158270248753242,1.0,0.32493313969406384,0.143429887247125,0.8968776031739848,0.822961898488034,0.6125620763433124,1.0,1.0,1.0,1.0,0.5961515191825204,0.8593473284357993,0.0,0.8597221122009562,0.6449852393021209,0.987641646160419,0.48626860086455986,1.0,0.9775715772863871,1.0,0.0,1.0,0.09310153899799072,0.9409666472331714,0.9714928703314513,0.0,1.0,0.0,0.7527309750879108,0.11279274701624385,1.0,0.9597100025019212,0.37207471787138036,0.0,0.8176405549207959,1.0,0.7460732592114961,1.0,1.0
gex_possorted_bam_1WGCZ:GGGCAATAGGAGCATAx-M2,1.0,1.0,0.0,0.9352933254478191,0.9019002062045269,1.0,0.45084687271863144,1.0,0.3999183714601794,1.0,0.19125427797091715,0.9822559787626901,1.0,0.4879845137606662,1.0,0.26972204475724304,0.0,0.8383078059901623,1.0,0.7136103058278047,1.0,1.0,1.0,1.0,0.5999300190859743,0.9056147933422429,0.0,1.0,1.0,0.9917690272245253,0.722821366296712,1.0,1.0,1.0,0.0,1.0,0.30333999331200984,1.0,1.0,0.0,0.9100809925592519,0.3123426218255887,0.5657398917440878,0.0,1.0,1.0,0.21197947094221434,0.24476840100074682,0.9127926759472164,1.0,1.0,1.0,1.0
gex_possorted_bam_1WGCZ:GGCAATCGTTGGCGTGx-M2,1.0,0.8656523317010535,0.0,0.8804515215956179,1.0,1.0,0.8347380387557088,1.0,0.2555490022210857,0.9927752790273544,0.32791925116862364,0.21510803044069637,0.6399343158353626,0.24727740131287657,1.0,0.21286884258405095,0.0503876144353656,0.9407860885164406,1.0,0.3851742297882005,1.0,1.0,0.9027193297766642,1.0,0.8098799856449008,0.7064173834796076,0.0,1.0,1.0,0.8271882862547711,1.0,0.9568295920584732,0.9346833809466233,1.0,0.0,1.0,0.2513834183016074,1.0,1.0,0.3177518216574168,0.7471075849708942,0.3055174153371606,0.6645648637223399,0.3890087944414994,1.0,0.9887617122770929,0.0,0.0,0.7381348608766501,0.9097727319506149,0.7184290204414718,1.0,0.5136468122901597
gex_possorted_bam_1WGCZ:GGCTATTAGCTAATTGx-M2,1.0,0.7897662259487739,0.0,0.9858559631910039,1.0,1.0,0.37908423525443674,1.0,0.3097420683390462,0.9625730675720654,0.6130735796959325,0.4970100700695773,0.8664355653455897,0.17564200362446655,1.0,0.22558120560345377,0.2033014546687788,1.0,1.0,0.6288446701602335,1.0,1.0,1.0,1.0,0.740445316578831,0.8429080337322977,0.0,0.9179626232777217,0.9027284670514516,1.0,0.8394058562449443,1.0,1.0,1.0,0.0,1.0,0.1507983845505149,1.0,1.0,0.0,0.8229187496046562,0.13688540915869743,0.6372719893256056,0.0,1.0,1.0,0.1290863880649719,0.0,0.8557152590120394,1.0,0.9374613025779548,1.0,1.0
gex_possorted_bam_1WGCZ:GGGATTAAGTGTTGTAx-M2,0.07054175024125424,1.0,1.0,0.9540793314813977,0.02963446622098845,0.09711806213382458,1.0,0.8282161951198536,1.0,0.7061469747279854,0.44535134964537476,1.0,1.0,1.0,0.085065801468261,1.0,0.6780513496033622,1.0,1.0,0.0,0.0,0.0,0.0,0.0,1.0,1.0,1.0,1.0,1.0,0.9353789485669212,1.0,0.08341818392972826,0.0,0.6875776212019435,1.0,0.2446578432454117,1.0,0.15018741979447559,0.1302434137953599,1.0,0.03550771006686019,1.0,1.0,1.0,0.09794748588030168,0.5264996701322716,1.0,1.0,1.0,0.47452419983718375,1.0,0.9880411189964791,0.0
gex_possorted_bam_1WGCZ:GGCAATCGTATCTGGAx-M2,0.0700780242342694,1.0,1.0,0.9804279337969116,0.0571779696854569,0.0,1.0,0.8554775865170265,1.0,0.7463234535194656,0.0,1.0,1.0,1.0,0.1455172188154574,1.0,0.0,0.0,1.0,0.0,0.0,0.0,0.0,0.0,1.0,1.0,1.0,1.0,1.0,0.8769448481076302,1.0,0.10531836272633253,0.0,0.8736750917255578,1.0,0.24749584850887552,1.0,0.04372747772923196,0.047758364659722025,1.0,0.25165074000952997,1.0,1.0,0.5131206158382174,0.0,0.541657971377333,1.0,1.0,1.0,0.7972424379427205,1.0,0.9948985544041067,0.0
gex_possorted_bam_1WGCZ:GGCTGAGAGTTCCCACx-M2,1.0,0.8893671228799166,1.0,1.0,1.0,0.37477577654845684,0.026651800940705052,1.0,0.6707531388040591,1.0,0.0,1.0,0.8450201954837214,0.17009100937922333,1.0,0.0300047069123906,0.0,0.0,0.3521488844867899,0.6205341034000761,0.8112663922967985,0.8579355423904413,1.0,1.0,0.34151398741076033,1.0,0.0,0.8297784325685738,0.6083244479043669,1.0,0.0,1.0,1.0,1.0,0.0,1.0,0.0,1.0,1.0,0.0,1.0,0.0,1.0,0.5965021866474844,1.0,1.0,1.0,0.0,1.0,1.0,1.0,0.9947722921057727,0.0
gex_possorted_bam_1WGCZ:GGCGTTATCAGGGCCTx-M2,1.0,1.0,0.0,0.9861654187833206,1.0,1.0,0.5481555410423069,0.9963197708679016,0.5195509061372056,1.0,0.5006330019405364,0.6823222244026316,0.9053047408653702,0.4503334499327453,1.0,0.41718418061985535,0.3520327298598362,1.0,1.0,0.5309163479635742,1.0,1.0,1.0,1.0,0.8825701625956547,0.9140007610291349,0.0,0.8019224143689339,0.8781306047530855,1.0,0.6360714475346968,1.0,1.0,1.0,0.0,1.0,0.16543325693824115,1.0,1.0,0.033319541473883475,0.8703701568799466,0.358584888417426,0.8047303996951429,0.23940846656415413,1.0,1.0,0.3786706954894905,0.0805949866171221,0.9888710974284763,1.0,1.0,1.0,0.6710297595102017
gex_possorted_bam_1WGCZ:GGCTCAATCCACCCTGx-M2,1.0,1.0,0.08355112998477948,1.0,1.0,1.0,0.2683380468849374,1.0,0.43261484022407165,1.0,0.057310429280180555,1.0,0.9115114573758438,0.5480492179231056,1.0,0.05865916778567847,0.0,0.0,0.9977121741923652,0.8064581582439518,1.0,1.0,1.0,1.0,0.3229812698130158,1.0,0.0,0.8815408032125583,0.9071765066279553,1.0,0.9113662116548059,1.0,1.0,1.0,0.0,1.0,0.17402914121019472,1.0,1.0,0.0,1.0,0.3553657909065586,0.7189720585492033,0.4375981146541257,1.0,1.0,0.3751401412663271,0.0,1.0,1.0,1.0,1.0,0.939544775006768
gex_possorted_bam_1WGCZ:GGCCTCTGTTAGCATGx-M2,1.0,0.9228752681643861,0.0,0.9600784305048241,1.0,0.6343055776194063,0.17395071908441523,1.0,0.2987029989185394,1.0,0.0,0.8343232046735487,0.9339117253666195,0.32374329764466603,1.0,0.3662585124175766,0.0,0.0,0.5598128212171317,0.638052865298632,1.0,0.9747337056396241,1.0,1.0,0.3519880432580712,1.0,0.0,0.9895466692717859,0.782250121804663,1.0,0.2158961773185481,1.0,1.0,0.8397033911859085,0.044936621830178027,1.0,0.036494124723320594,1.0,1.0,0.0,1.0,0.1884380549022695,0.54243532652639,0.5263612286315185,1.0,1.0,0.7261085238462582,0.0,0.9383441947718657,1.0,0.9433722158239357,0.9479525447093883,0.2595657053470098
gex_possorted_bam_1WGCZ:GGCAAATCATTAGCGCx-M2,0.39758155538890844,1.0,1.0,0.7334663666562191,0.8217344043476493,0.9272028297935256,1.0,1.0,1.0,1.0,0.0034787608473286847,0.973159552704387,0.9382086542377279,1.0,0.5337806997058974,0.2383498267771791,1.0,0.9626521791154204,0.7062331503165075,1.0,0.5175975624566524,0.4217761704194052,0.6528898589933624,0.23685366668803995,0.8153719787017154,0.6948093060049635,0.7020460913429672,1.0,1.0,0.2556501519223323,0.0,0.684852932290645,0.6189787093650001,0.7727854127457388,0.716732150400313,0.667547317967819,0.29388126115822644,0.6128679049619742,0.9915934168788497,0.5693733292733053,1.0,0.6805315999338162,0.7570744373735802,1.0,0.8364921899189499,0.6553870333333927,1.0,0.4342115839748435,0.7492914424903756,1.0,0.0,0.3245839957476593,1.0
gex_possorted_bam_1WGCZ:GGGTATTTCGAAGTAGx-M2,1.0,0.8530855944243626,0.7698867894589968,1.0,1.0,1.0,0.010557575350681244,1.0,0.41737620062432595,1.0,0.0,0.7716512496351462,0.8880341301970659,0.24128932397024605,1.0,0.23101440439043333,0.0,0.0,0.9919194121815176,0.7371682175035095,1.0,1.0,1.0,1.0,0.2022331972090189,1.0,0.0,1.0,0.9319191332181558,1.0,0.2990186519199853,1.0,1.0,1.0,0.0,1.0,0.0,1.0,1.0,0.0,1.0,0.2878555576137023,1.0,0.28906111967423154,1.0,1.0,0.2954875218893392,0.0,1.0,1.0,1.0,1.0,0.4082433508858358
gex_possorted_bam_1WGCZ:GGCAATCGTTTAACGGx-M2,0.0008929026873757067,1.0,1.0,0.8251006036800833,0.0,0.06444316861122015,1.0,0.4760548231663242,1.0,0.6931944888190225,0.7163130419677656,1.0,1.0,1.0,0.14418716356304004,1.0,0.8481922676882303,0.4461096934892032,1.0,0.0,0.0,0.0,0.0,0.0,1.0,1.0,1.0,1.0,1.0,0.6248013925423724,1.0,0.0,0.0,0.5709767075230766,1.0,0.1356930555409395,1.0,0.0,0.04864681852542784,1.0,0.15720940122171403,1.0,1.0,1.0,0.0,0.4028361408654645,1.0,1.0,0.820535865841497,0.29412981492092033,1.0,0.7766409037260918,0.0
gex_possorted_bam_1WGCZ:GGCTCAATCAATTACGx-M2,1.0,0.7894234642660258,0.8429246975896431,1.0,1.0,0.5635212131604185,0.12183144108265855,1.0,0.26777940100809117,1.0,0.0,1.0,0.8878000680409468,0.37678750709403386,1.0,0.17917099673212716,0.0,0.0,0.49071232196847736,0.46206918408554437,0.9925992191071482,0.9013321059769847,1.0,1.0,0.26493379807689516,1.0,0.0,0.8615610902877748,0.9749140409527026,1.0,0.0,1.0,1.0,1.0,0.0,0.9747379190884015,0.08126885053894387,1.0,1.0,0.0,1.0,0.208024789791225,0.8856244504701482,0.1055486863224865,1.0,1.0,0.37974712465654203,0.0,1.0,1.0,0.994217916211888,0.9543627160120669,0.0
gex_possorted_bam_1WGCZ:GGCGATACATAGCGAGx-M2,0.7999714673828607,1.0,0.9105477954862878,0.9054829021757274,0.0,0.6470412726041253,1.0,1.0,0.6917639239130237,1.0,0.0,1.0,1.0,1.0,1.0,1.0,0.0,0.0,0.28547451989362727,0.7401239213760332,0.6853398280170102,0.47871049331012666,0.7152985342995658,0.9789353338254225,1.0,0.8937741624670028,0.0,1.0,1.0,0.5033154440390766,1.0,0.946849626187353,0.7857444693945406,1.0,0.0,1.0,0.9256289951916787,0.9267018258459107,0.9411062613750837,1.0,0.9938316810638924,0.5418284621703446,0.9006425945812634,0.8705098523143547,1.0,1.0,0.6204229628282693,0.0,1.0,1.0,1.0,0.862250815782552,0.39061022053065136
gex_possorted_bam_1WGCZ:GGCTAGTGTTTGCGCCx-M2,1.0,0.6911049843406324,0.5984997610732444,1.0,1.0,0.8750663746318715,0.17600205968424618,1.0,0.009659495039335797,0.9573286435180207,0.0,0.9098353357222487,0.7141162944175585,0.33181343554904347,1.0,0.10625376768403523,0.0,0.0,0.8409337339409313,0.687046704267015,1.0,1.0,1.0,1.0,0.12544520102489923,1.0,0.0,1.0,0.9467162590824596,1.0,0.3946317387181268,1.0,1.0,1.0,0.0,1.0,0.0903029854546184,1.0,1.0,0.0,1.0,0.16819098479358982,0.7687510771320247,0.5126356173830814,0.9128784434555653,1.0,0.28429303765645086,0.0,1.0,1.0,1.0,1.0,0.1515360139056814
gex_possorted_bam_1WGCZ:GGCTCAATCAGTTCCCx-M2,0.5312226554684247,1.0,1.0,1.0,0.6188719790914888,0.5290390424263514,1.0,0.9009909781736539,1.0,1.0,0.0,1.0,1.0,1.0,0.704152909672196,1.0,0.1372939660341774,0.11095887342850498,1.0,0.0,0.004455018765334982,0.0,0.37229196817373866,0.0042419125656109995,1.0,1.0,1.0,1.0,1.0,1.0,1.0,0.5786759301842995,0.37729257709145814,1.0,1.0,0.6692711247189026,1.0,0.5763956451208979,0.6133151446803043,1.0,1.0,1.0,1.0,1.0,0.5789243674972104,0.8085156781477927,1.0,1.0,1.0,1.0,1.0,1.0,0.38953921030779176
gex_possorted_bam_1WGCZ:GGCGATACACCAAAGGx-M2,1.0,0.714049478628673,0.8262134300459655,1.0,1.0,0.26989271264840164,0.0,1.0,0.4558036182247142,0.9933151995213625,0.0,1.0,1.0,0.24370035526495806,1.0,0.0,0.0,0.0,0.3288905127106005,0.5912008697326052,0.9377995230114965,0.795471281700029,1.0,1.0,0.24399186702223477,1.0,0.0,0.7182129128933646,0.6990797367613977,1.0,0.0,1.0,1.0,1.0,0.0,0.9561802959252781,0.005097605529176803,1.0,1.0,0.0,1.0,0.0,0.7378006265364716,0.10704835123886697,0.9061932974937879,1.0,0.8305473559138942,0.0,1.0,1.0,1.0,0.8613368086079354,0.0
gex_possorted_bam_1WGCZ:GGCAGGATCTTTGTACx-M2,1.0,0.7516808447156812,0.0,0.9692566835855775,1.0,1.0,0.0,0.9769485798182382,0.3811747530079519,0.8877530590647909,0.07943277133035423,0.5370874168734252,0.8259667821169105,0.29629473026494324,1.0,0.0,0.0,0.12612700497678153,0.7406849828511167,0.7832546936099896,1.0,1.0,1.0,1.0,0.26965237331846326,0.9808623029342297,0.0,0.8083745090083283,0.6961017880884358,1.0,0.5156379947799979,1.0,1.0,1.0,0.0,1.0,0.11433313717467102,1.0,0.9839058325521657,0.0,1.0,0.0018329163148279846,0.7411189632509313,0.4302144729133362,1.0,1.0,0.4919802683353442,0.0,0.888508598702226,1.0,0.8767447206988224,0.8957820234756573,0.5118759394335177
gex_possorted_bam_1WGCZ:GGATGTAAGTTCCTCAx-M2,0.05145773855683748,1.0,1.0,0.8829553299080183,0.0,1.0,1.0,0.6471568944524068,1.0,0.412387080684276,1.0,1.0,1.0,1.0,0.09745876813544133,1.0,1.0,1.0,1.0,0.0,0.0,0.0,0.0,0.0,1.0,1.0,1.0,1.0,1.0,1.0,1.0,0.0,0.0,0.5868952684771854,1.0,0.173171081934976,1.0,0.14856640829203546,0.10854085455473093,1.0,0.12924479644981357,1.0,1.0,1.0,0.061487605788564846,0.5813241638899208,1.0,1.0,1.0,0.23137165870278192,1.0,0.9163665761261658,0.0
gex_possorted_bam_1WGCZ:GGCCGTTAGTAAGTGGx-M2,1.0,1.0,0.0,1.0,1.0,1.0,0.33094248375791563,1.0,1.0,1.0,0.001206373572420546,1.0,0.8406053060194246,0.20506027464606486,1.0,0.23051725881555166,0.0,0.4716061233350344,0.8842767275701061,0.8043420413152361,1.0,1.0,1.0,1.0,0.5567022111539568,0.8259507362629451,0.0,0.9283800465734212,1.0,1.0,0.6577826983985091,0.8716762147715941,1.0,1.0,0.0,1.0,0.35270360507741827,1.0,1.0,0.09745944285203186,0.9570778277036387,0.1506013053781765,0.8447210715556068,0.2791984340805445,1.0,1.0,0.1052256603147242,0.0,0.9750783467524631,1.0,1.0,1.0,0.893301684507997
gex_possorted_bam_1WGCZ:GGCGGTTTCTCCATGCx-M2,1.0,0.37512239898136807,0.0,0.6565284882820414,1.0,1.0,0.0,0.7669358623118206,0.863638274189758,1.0,0.31809201490653577,0.0,0.7981271379712529,0.04063100703801486,0.978925753601009,0.0,0.23446934217941087,0.4713789516866133,0.9648532730556482,0.3381311935329448,1.0,1.0,1.0,1.0,0.5472451040711233,0.8055288613002283,0.0,0.6266494491826674,0.5159668788968044,0.47499985517086907,1.0,0.5770463700594977,1.0,0.8500856045623693,0.2051363264166932,1.0,0.10136090233624598,0.8514058337959078,1.0,0.06997166880086847,0.6347146164389522,0.4568547285169774,0.0,0.09962700705400017,1.0,0.9186553168152026,0.0,0.0,0.7385063810315093,0.9945431031426412,0.8505989601820179,1.0,1.0
gex_possorted_bam_1WGCZ:GGGTCACTCCGCACAAx-M2,0.19540646072666149,1.0,1.0,1.0,0.0,0.0,1.0,0.9508812988640222,1.0,0.9871369412961022,0.0,1.0,1.0,1.0,0.3250752895684242,1.0,0.0,0.0,1.0,0.0,0.0,0.0,0.0,0.0,1.0,1.0,1.0,1.0,1.0,0.878866472163324,1.0,0.20196498991532813,0.0,0.8245391491036462,1.0,0.3854145045515133,1.0,0.2697208217336349,0.2576248151277332,1.0,0.47519525697707643,1.0,1.0,1.0,0.24057111558384886,0.5581674612820672,1.0,1.0,1.0,0.654505823773444,1.0,0.9716290257692815,0.0
gex_possorted_bam_1WGCZ:GGCATTAGTTTACGTCx-M2,0.07076176327788407,1.0,1.0,1.0,0.043174219261544265,0.0,1.0,0.8598035190802853,1.0,0.8276847302913377,0.10812292316983767,1.0,1.0,1.0,0.11497777456397297,1.0,0.32795368000734726,0.534917781756287,1.0,0.0,0.0,0.0,0.0,0.0,1.0,1.0,1.0,1.0,1.0,0.9352790320395802,1.0,0.05729471053785644,0.0,0.6936089361950435,1.0,0.2511274385739573,1.0,0.053945258962480876,0.13717540226813255,1.0,0.010251934291429544,1.0,1.0,0.9474172077250427,0.06790531434678287,0.5539493393006746,1.0,1.0,1.0,0.5601029749546327,1.0,1.0,0.0
gex_possorted_bam_1WGCZ:GGCCAACTCACCTGTCx-M2,0.1015070078475585,1.0,1.0,0.965368778476413,0.0,0.0,1.0,0.7781240914188503,1.0,0.787179686249687,0.0,1.0,1.0,1.0,0.19817690019832074,1.0,0.0,0.0,1.0,0.0,0.0,0.0,0.0,0.0,1.0,1.0,1.0,1.0,1.0,0.9178542499675553,1.0,0.03200149825963095,0.0,0.8111491484806547,1.0,0.2440590530508888,1.0,0.14927775329885887,0.1672602980932605,1.0,0.25615438388725953,1.0,1.0,1.0,0.07306158113928318,0.554202945373666,1.0,1.0,1.0,0.5689429368823732,1.0,0.9869948328548895,0.0
gex_possorted_bam_1WGCZ:GGCTAGTGTGAAGCCTx-M2,0.9049871355586876,0.49874280023636414,0.0,0.7505030516983108,0.7478726837602617,1.0,0.429572850912302,0.9151190491676137,0.8429157533184375,0.7765106965177176,0.1663364473587584,0.4389617100624836,0.7758191481438402,0.37406948832645426,0.7886650916388784,0.18037644471820127,0.03954460844552956,0.6450727739361087,0.46969840575699645,0.5214672193966915,1.0,1.0,0.8210350825634681,1.0,0.426488859287622,0.6459078168037632,0.03643359456028233,0.7690842947322344,0.5510752060659402,0.7923694944077954,0.28778530117804724,0.9171762278595621,0.8745639820163051,0.7571501472781281,0.09643018611788205,0.9197009238479458,0.22770849189172737,0.7594786456045179,0.7625075207845977,0.0,0.9054699807072413,0.2227249156557035,0.4490727475847837,0.09876259506675475,1.0,0.8320952387364583,0.0,0.1392147425515082,0.6684335960697736,0.7431965286405305,0.8248785334486977,0.7509406660305777,0.745638457224627
gex_possorted_bam_1WGCZ:GGGCAATAGAGGATATx-M2,1.0,0.749402260196314,0.3460741735113313,1.0,1.0,0.821442867644775,0.15695283154183579,1.0,0.6869117945816933,1.0,0.0,0.9626606088754741,0.7547231801735614,0.2942250142852946,1.0,0.14661849844612143,0.0,0.0,0.830866406386418,0.7843153637269121,1.0,1.0,1.0,1.0,0.23915785116094496,1.0,0.0,1.0,0.749175684683936,1.0,0.1808142152556303,1.0,1.0,1.0,0.0,1.0,0.0,1.0,1.0,0.0,1.0,0.21217829832329244,0.9223956233290262,0.40139574228436314,1.0,1.0,0.19493425261329442,0.0,1.0,1.0,1.0,1.0,0.03513190013147088
gex_possorted_bam_1WGCZ:GGCTAGTGTGCTGGTGx-M2,1.0,0.9196732285531861,0.17050995470353947,1.0,1.0,1.0,0.3760132451422869,1.0,0.4475562500076323,1.0,0.0,0.8849493840122543,0.8536759355126793,0.47710425907828424,1.0,0.15664835588938703,0.0,0.0,0.7139289211317756,0.58965431352717,1.0,1.0,1.0,1.0,0.3919881836547416,1.0,0.0,0.8874937767802398,1.0,1.0,0.2679246716764479,1.0,1.0,1.0,0.0,1.0,0.13389759928112582,1.0,1.0,0.0,1.0,0.12891993214431977,0.8922166616119886,0.2527362514889883,1.0,1.0,0.3234913911567052,0.0,0.9914090509069041,1.0,0.8960706806863973,1.0,0.32837974225216654
gex_possorted_bam_1WGCZ:GGCGCTAGTAATAGCTx-M2,1.0,0.9720702460885324,1.0,1.0,1.0,0.3523596947201588,0.0,1.0,0.9774551208524643,1.0,0.0,1.0,1.0,0.6048532192181301,1.0,0.05170592501096973,0.0,0.0,0.0,0.15643096099018808,0.0,0.5090776312754566,1.0,0.6389524099464629,0.48808109285861545,1.0,0.04218300812945299,0.8108946250778977,0.6060567154031901,1.0,0.0,1.0,1.0,1.0,0.0,0.9721458320682059,0.0,1.0,1.0,0.0,1.0,0.0,1.0,0.7395310579432883,0.970161653448818,1.0,1.0,0.0,1.0,1.0,1.0,1.0,0.0
gex_possorted_bam_1WGCZ:GGCTAGTGTTTGAGGCx-M2,1.0,1.0,0.0,1.0,1.0,1.0,0.6276886885505697,1.0,0.5009133160950004,1.0,0.38588364156225835,0.5355375790553057,0.9098038868506564,0.3324335827858277,1.0,0.5205110981105747,0.027015288669031533,1.0,1.0,0.8384232593453161,1.0,1.0,1.0,1.0,0.6265740986908892,0.973227265167347,0.0,1.0,1.0,1.0,1.0,1.0,1.0,1.0,0.0,1.0,0.07318698147364518,1.0,1.0,0.11853971015813074,1.0,0.08766319646140316,1.0,0.7353824976940556,1.0,1.0,0.38068334583488384,0.0,0.9788573786193951,1.0,1.0,1.0,0.8725161392273967
gex_possorted_bam_1WGCZ:GGGCATTGTCAACAATx-M2,1.0,1.0,0.0,0.8933942842338337,1.0,1.0,0.3058804698398901,0.9139157307226431,0.41741979133146195,1.0,0.4497139073911799,1.0,0.8477890380777507,0.29650297876667236,1.0,0.3992053127482164,0.13403061340554753,0.9542853914442958,1.0,0.48671658732968903,1.0,1.0,1.0,1.0,0.5731043522789964,0.8503136261545222,0.0,0.7616552045017266,0.7609196932927783,1.0,0.5263102406375821,1.0,0.9704314248106548,1.0,0.0,1.0,0.34069436940245146,1.0,1.0,0.13085441568045075,0.8217300783455763,0.5270232329500599,0.5507984142423835,0.14718961849364978,1.0,1.0,0.0,0.0,0.88201411197614,1.0,0.7565834034628125,1.0,1.0
gex_possorted_bam_1WGCZ:GGCGGTAAGCCTGTGAx-M2,0.9204213250945655,1.0,1.0,1.0,0.0,0.7067531260170774,1.0,1.0,0.8500341334678367,1.0,0.0,1.0,1.0,1.0,1.0,1.0,0.0,0.0,0.31640009271666747,0.717305370237271,0.7055466679188114,0.551131173556412,0.8061853799492338,1.0,1.0,1.0,0.0,1.0,1.0,0.759480100670511,1.0,1.0,0.9112660459807981,1.0,0.0,1.0,0.8879872662120264,1.0,1.0,1.0,1.0,0.6372401146418981,1.0,1.0,1.0,1.0,0.6606019988764195,0.0,1.0,1.0,1.0,1.0,0.3785234200057681
gex_possorted_bam_1WGCZ:GGCTGGTTCAAACCGTx-M2,1.0,1.0,1.0,1.0,1.0,0.781691621281374,0.0,1.0,1.0,1.0,0.0,1.0,1.0,0.256753512838525,1.0,0.0679770818933592,0.0,0.0,0.13027883454736658,0.5411883675525125,0.7343300467235008,1.0,1.0,1.0,0.5734980590445314,1.0,0.0,1.0,1.0,1.0,0.0,1.0,1.0,1.0,0.0,1.0,0.0,1.0,1.0,0.0,1.0,0.2090397800518767,0.9804549776956341,0.28183125147440846,1.0,1.0,0.1233445176019651,0.0,1.0,1.0,0.7236323024102577,1.0,0.20967594003708406
gex_possorted_bam_1WGCZ:GGCCTAATCCTTGCGTx-M2,1.0,0.9756383522428419,0.6584360764325102,1.0,1.0,1.0,1.0,1.0,1.0,1.0,0.0,0.9673937449218994,1.0,0.8613170942041865,1.0,0.5365285983341366,0.0,0.28522961174345074,1.0,1.0,1.0,1.0,1.0,1.0,1.0,1.0,0.0,1.0,1.0,1.0,0.8983479285923902,1.0,1.0,1.0,0.0,1.0,0.90459912016381,1.0,1.0,0.21508936741094856,1.0,0.6915558964271179,1.0,0.7595641699227035,1.0,1.0,1.0,0.5336822551444842,1.0,1.0,1.0,1.0,1.0
gex_possorted_bam_1WGCZ:GGCTGGTTCCTAATGAx-M2,1.0,0.9026367259429213,0.45994336045080964,1.0,1.0,0.4352798267814462,0.2243374863224215,1.0,0.501193643064187,1.0,0.0,1.0,0.7181419658893522,0.22167173148098268,1.0,0.0,0.0,0.0,0.5200283245247415,0.6428936650799851,1.0,0.9405928369973678,1.0,1.0,0.23712181101013693,1.0,0.0,0.7937554302801252,0.8695299661240776,1.0,0.07505745376465124,1.0,1.0,1.0,0.0,0.9881711779772313,0.06149950842688859,1.0,1.0,0.0,1.0,0.08364624892130365,0.9000294353001091,0.43673098426836054,1.0,1.0,0.45222875595426,0.0,1.0,1.0,1.0,0.9037105136441047,0.0
gex_possorted_bam_1WGCZ:GGCCTCTGTTGCCTCAx-M2,0.08668938058069187,1.0,1.0,0.9694174801915123,0.0,0.0,1.0,0.9081356607887489,1.0,0.719246623319157,0.0,1.0,1.0,1.0,0.17293942623310335,1.0,0.1421368997063237,0.0,1.0,0.0,0.0,0.0,0.0,0.0,1.0,1.0,1.0,1.0,1.0,0.82446062735046,1.0,0.08961803801454853,0.0,0.8474759808422438,1.0,0.2729709044293854,1.0,0.0,0.0,1.0,0.07717295077014169,1.0,1.0,0.32705354778371615,0.07764169738753054,0.5578018601290801,1.0,1.0,1.0,0.6401488121159606,1.0,0.9919271097842173,0.0
gex_possorted_bam_1WGCZ:GGCTTAAGTATTCGTCx-M2,1.0,0.7070367066325812,0.5323195004305422,1.0,1.0,0.6896828424343665,0.09395581601128793,1.0,0.29581071613506593,1.0,0.0,0.8982126542670426,0.8460214955291976,0.25523767597370894,1.0,0.05835841400809642,0.0,0.0,0.8014440055892229,0.7538895774306902,1.0,1.0,1.0,1.0,0.022376093618658825,1.0,0.0,0.999892829319971,0.9540966210630195,1.0,0.19305901985873059,1.0,1.0,1.0,0.0,1.0,0.1023762264009805,1.0,1.0,0.0,1.0,0.13795285938402715,0.8772826323428169,0.31291106979943173,1.0,1.0,0.5403533892161999,0.0,1.0,1.0,1.0,1.0,0.0
gex_possorted_bam_1WGCZ:GGCTAGTGTTAGAGCCx-M2,1.0,1.0,0.08315077914843567,1.0,1.0,1.0,0.7759901144416547,1.0,0.5124472918779125,1.0,0.6336692102374338,0.8451923953299868,1.0,0.5761421972482641,1.0,0.5745992531060221,0.25955479401436576,1.0,1.0,0.8153658013526247,1.0,1.0,1.0,1.0,0.8079143498506298,1.0,0.0,1.0,1.0,1.0,1.0,1.0,1.0,1.0,0.0,1.0,0.20379743259403652,1.0,1.0,0.0,0.8268635680992047,0.24711071929590958,0.8101765371421229,0.554655861065697,1.0,1.0,0.26291147102000056,0.008501591612999501,1.0,1.0,1.0,1.0,1.0
gex_possorted_bam_1WGCZ:GGATTATGTGCTTTACx-M2,0.07471035018822283,1.0,1.0,1.0,0.034016097238244995,0.0,1.0,0.8605540813879657,1.0,0.7950597776548931,0.0,1.0,1.0,1.0,0.18159000833350128,1.0,0.0,0.0,1.0,0.0,0.0,0.0,0.0,0.0,1.0,1.0,1.0,1.0,1.0,0.8241742207361155,1.0,0.19299831555387803,0.0,0.8962993328478245,1.0,0.24827839745334288,1.0,0.01781118571472867,0.03266054745867867,1.0,0.13738482758420553,1.0,1.0,0.3070633490502915,0.030701079053917255,0.5602227277314944,1.0,1.0,1.0,0.7557670484876832,1.0,1.0,0.0
gex_possorted_bam_1WGCZ:GGCAGGATCCTTGAGGx-M2,1.0,1.0,0.0,1.0,1.0,1.0,0.42528382827871647,0.9642950007256808,0.0,1.0,0.731795489006586,0.8862122111159723,0.9396166574067567,0.15807210848345885,1.0,0.5362195476113375,0.4068418484778046,1.0,1.0,0.6432932140048172,1.0,1.0,1.0,1.0,0.6509127034469497,0.9633115438219592,0.0,1.0,1.0,1.0,0.962737670782458,1.0,1.0,1.0,0.0,1.0,0.29938997625488134,1.0,1.0,0.0,0.7789281129239863,0.31567346272974944,0.7187973092961412,0.26838354707853385,1.0,1.0,0.0,0.09441494515706274,0.9987478523031256,1.0,0.9002569902713432,1.0,1.0
gex_possorted_bam_1WGCZ:GGCATGGAGTAAGTGGx-M2,0.06371552223123064,1.0,1.0,1.0,0.08376608103026888,0.0,1.0,0.940239205608484,1.0,1.0,0.0,1.0,1.0,1.0,0.18772877120567863,1.0,0.0,0.0,1.0,0.0,0.0,0.0,0.0,0.0,1.0,1.0,1.0,1.0,1.0,0.42551309472743354,1.0,0.22781431077995695,0.0,0.9866070910896817,1.0,0.26958352179839096,1.0,0.0,0.0,1.0,0.12414102617355076,1.0,0.7951826244227477,0.0,0.0,0.49500760852192577,1.0,1.0,1.0,0.7788148202712409,1.0,1.0,0.21812669217679542
gex_possorted_bam_1WGCZ:GGCAAGCCAGGCTACTx-M2,1.0,1.0,0.0,1.0,1.0,1.0,0.3223906891246654,0.9959959928449419,0.0,1.0,1.0,0.2981012057636311,1.0,0.5292227575126406,1.0,0.5882648839565726,0.7530732942644887,1.0,1.0,0.5707675374894193,1.0,1.0,1.0,1.0,0.794306043407298,0.8395578641714209,0.0,0.9377001052632981,1.0,1.0,1.0,1.0,1.0,1.0,0.0,1.0,0.0,1.0,1.0,0.033309857044575716,0.3995566421623365,0.10615469201786512,0.6516908747384932,0.044398240594623314,1.0,1.0,0.2830825571569104,0.17011515635693283,0.8508954351370399,1.0,0.8592867431747752,1.0,1.0
gex_possorted_bam_1WGCZ:GGCTAGACAACCTGGTx-M2,0.06502473730732602,1.0,1.0,1.0,0.0,0.27438127420420955,1.0,0.7533847673674842,1.0,0.554237804775373,0.703075473796934,1.0,1.0,1.0,0.1170006792455514,1.0,0.7855834522762573,1.0,1.0,0.0,0.0,0.0,0.0,0.0,1.0,1.0,1.0,1.0,1.0,0.9126835073855568,1.0,0.13756047566714363,0.0,0.8353747350563281,1.0,0.23291714611635536,1.0,0.049431698719042134,0.04816475624878733,1.0,0.04278341770712364,1.0,1.0,0.999284057770956,0.0,0.5450907235569341,1.0,1.0,1.0,0.5290538504580936,1.0,1.0,0.0
gex_possorted_bam_1WGCZ:GGCTTAAGTTTGGCGGx-M2,1.0,0.9660132143797654,0.0,1.0,0.9522666908139048,1.0,0.497846438079917,1.0,1.0,0.7722855355964279,0.6578312346811037,0.552626697409435,0.6821518866321369,0.40613241804895095,1.0,0.08667566152451733,0.3866211376376558,1.0,1.0,0.2876306514989124,1.0,1.0,1.0,1.0,0.6780661089889425,0.9219126911718243,0.0,0.8321702343069284,1.0,0.8858561440460445,0.800206098531672,0.9563420736274267,1.0,1.0,0.0,1.0,0.43832766313448956,1.0,1.0,0.0,1.0,0.34335219302691705,0.4505631837487909,0.41675398365031424,1.0,1.0,0.021753123872202264,0.4083536761779599,0.9535962473442519,0.9986044908759638,1.0,1.0,0.7474855989217989
gex_possorted_bam_1WGCZ:GGCATTGTCTCACACCx-M2,0.822977793832654,0.28055538332476676,0.0,0.7305936498982051,0.8309814537241825,1.0,0.0,0.7409737464332347,0.21288907638409432,0.6347397008701235,0.7763577023434822,0.2622232776055605,0.5797301295982765,0.0,0.6251874966660068,0.21228688192712294,0.544049312132098,1.0,0.7719350882730024,1.0,1.0,1.0,0.7143713304977464,1.0,0.21919287326283435,0.5507224354402146,0.0,0.6711186687321589,0.6233486070572227,0.942978111266422,0.32350186039623263,0.9610825747573909,0.7448011877728502,0.600826791455653,0.0,0.8381447527052479,0.017570504545015336,0.8043242946154486,0.707610052980531,0.006403851057818267,0.5004713921042003,0.0,0.3567318669701947,0.0,1.0,0.7197896099069521,0.0,0.0,0.6413982682001261,0.7634458340418144,0.7068225748822526,0.7752392706277397,1.0
gex_possorted_bam_1WGCZ:GGCTATGTCAGGAACAx-M2,0.2545289058737048,1.0,1.0,1.0,0.4234787451060825,0.0,1.0,0.8438339798558654,1.0,1.0,0.0,1.0,1.0,1.0,0.41216575488126245,1.0,0.0,0.0,1.0,0.0,0.0,0.0,0.08728874240305745,0.0,1.0,1.0,1.0,1.0,1.0,0.9931642456655383,1.0,0.3176018299469632,0.0,0.9467553623549131,1.0,0.4327902273643607,1.0,0.2617962471990361,0.3220308845770258,1.0,0.4746901983987379,1.0,1.0,1.0,0.2250536797619688,0.6589645885137432,1.0,1.0,1.0,0.8801553086802542,1.0,1.0,0.22472218952904427
gex_possorted_bam_1WGCZ:GGCTCAATCCCGCATTx-M2,1.0,1.0,0.4721281435423239,1.0,1.0,0.7118604037960724,0.48510498323031986,1.0,0.7626861490295103,1.0,0.0,1.0,0.9755585189815295,0.1674492157532532,1.0,0.04324882945608388,0.0,0.0,0.5942369845166088,1.0,1.0,0.9160833083695286,1.0,1.0,0.3966609534868188,1.0,0.0,1.0,1.0,1.0,0.161407183457858,1.0,1.0,1.0,0.0,1.0,0.14543756819442072,1.0,1.0,0.0,1.0,0.052148717506566314,1.0,0.6077336575685843,1.0,1.0,0.8746146266817787,0.0,1.0,1.0,0.9931839298810344,0.9521320611836236,0.18803545519527226
gex_possorted_bam_1WGCZ:GGGCTAACAAACGGGCx-M2,0.9513859436924179,0.9968598482059298,0.580205136385638,0.8811150089936538,0.8339109445339531,1.0,0.7163303950620966,1.0,0.1683182611996306,1.0,0.14376176457672363,0.5443343121642586,0.8211774005218402,0.5494902444981284,0.984496984884712,0.48701816751028887,0.031620168999282945,0.590248108740819,0.830031602699198,0.7130663613460761,1.0,1.0,0.9607536547414789,1.0,0.8435185787486009,0.8326773758327277,0.0,0.8787068218374497,0.994261343856754,0.959681463619153,1.0,0.6553707378360124,0.9253081429918804,0.9991613966526695,0.012152466555868664,1.0,0.46588631260893115,1.0,1.0,0.4904309773010344,1.0,0.12117493372275014,0.6549515077185698,0.5366151605392798,1.0,0.9956860437990606,0.02399199342325969,0.0,0.9665248532439983,0.9874763320010004,0.922329440616716,0.9965910182227945,0.8517479083758215
gex_possorted_bam_1WGCZ:GGGCTAACACCATATGx-M2,0.0685400522210811,1.0,1.0,1.0,0.0074925212840569,0.0,1.0,0.8544970444461335,1.0,0.8209936198383577,0.0,1.0,1.0,1.0,0.15466240073590865,1.0,0.0,0.0,1.0,0.0,0.0,0.0,0.0,0.0,1.0,1.0,1.0,1.0,1.0,0.64355631027002,1.0,0.10527963408644615,0.0,0.8470065437954373,1.0,0.2667685265204833,1.0,0.0,0.025724983515617444,1.0,0.14657612592085795,1.0,1.0,0.8024597624652785,0.0,0.5257682050971826,1.0,1.0,1.0,0.6004298515540806,1.0,0.9841254209073359,0.0
gex_possorted_bam_1WGCZ:GGCGGTTTCAAACTCAx-M2,0.024806540251829535,1.0,1.0,0.9245064618323423,0.0,0.0,1.0,0.6961718711905814,1.0,0.6314589030031323,0.0,1.0,1.0,1.0,0.0019803433687022795,1.0,0.0,0.15710786761383636,1.0,0.0,0.0,0.0,0.0,0.0,1.0,1.0,1.0,1.0,1.0,1.0,1.0,0.0,0.0,0.7183684522992283,1.0,0.21694431784651205,1.0,0.15303426344899282,0.21924441614512463,1.0,0.04662775503690674,1.0,1.0,1.0,0.048301492867842244,0.5495004716991724,1.0,1.0,1.0,0.3583477969931472,1.0,0.9886997436568242,0.0
gex_possorted_bam_1WGCZ:GGCTTCAAGAATCTCAx-M2,1.0,0.8587069593730583,0.11948018747303461,1.0,0.855250007493686,1.0,0.9760944006978335,1.0,1.0,1.0,0.0,1.0,0.9235319836198388,0.24451349713232573,1.0,0.2507244730861121,0.0,0.0,0.915156713811824,1.0,1.0,1.0,1.0,1.0,0.7922508226704769,1.0,0.0,1.0,1.0,1.0,0.546685660854206,0.9209875075303795,1.0,1.0,0.0,1.0,0.29839059431693077,1.0,1.0,0.06134088322373792,1.0,0.312970031997552,0.9279118836696896,0.5584266194509212,1.0,1.0,0.44535403041829763,0.018373403167757426,1.0,1.0,0.9664132102330708,1.0,1.0
gex_possorted_bam_1WGCZ:GGGATTAAGCATGAAGx-M2,1.0,0.7534413362017733,0.0,1.0,1.0,1.0,0.5202925479717517,0.9796571642766045,0.3661433339573893,0.8247714871163118,0.6003043193138197,0.609998057957625,0.8585476706843804,0.32559326060875327,1.0,0.5294030911781483,0.23538556750631706,1.0,1.0,0.5241817608971621,1.0,1.0,1.0,1.0,0.6125715154896705,0.8701096212706175,0.0,1.0,1.0,1.0,1.0,0.8961886114265596,1.0,1.0,0.0,1.0,0.03191644561513631,1.0,1.0,0.0,0.5012545369968741,0.36033184192649725,0.44818525736283227,0.17585267076559158,1.0,1.0,0.0,0.2797876796985009,0.9971406441320342,0.8681413794948329,0.8839995496106665,1.0,1.0
gex_possorted_bam_1WGCZ:GGCGATACAAACCCTAx-M2,1.0,1.0,0.0,1.0,1.0,1.0,0.33098101679853353,0.9937595057338372,0.0,1.0,0.8774142507178208,0.08044827446413083,0.9846739152203292,0.6703169094837861,1.0,0.613920489903686,0.4928003322848089,1.0,1.0,0.5979647276582815,1.0,1.0,1.0,1.0,0.7946669378420163,0.8996742361985484,0.0,0.8763753184724504,1.0,1.0,1.0,1.0,1.0,1.0,0.0,1.0,0.0,1.0,1.0,0.08393384360231584,0.7103462090027267,0.16717581110648802,0.6285703745138127,0.03490524428560931,1.0,1.0,0.08505431638679042,0.015778632762685544,0.8809753745425146,0.9824673497961857,0.9135674440528929,1.0,1.0
gex_possorted_bam_1WGCZ:GGGCATTGTGATTACGx-M2,1.0,0.957797559501191,0.0,1.0,1.0,1.0,0.5229251548280491,1.0,0.6111858028424937,1.0,0.2748169970747439,0.503502894843228,0.7719744613185915,0.2576273606916408,1.0,0.18321905029688731,0.0,0.6654789082775454,0.9970529185040288,0.6225443127296586,1.0,1.0,1.0,1.0,0.6718676825193064,0.9042483503191509,0.0,0.8955867648375131,0.8897428901149407,1.0,0.9262752866300074,1.0,1.0,1.0,0.0,1.0,0.07208918452530032,1.0,1.0,0.0,0.9861569581676847,0.17236522051449865,0.6995287323874396,0.0,1.0,1.0,0.23686678320681095,0.013744169976578723,0.8973326034838532,1.0,0.903360684165284,1.0,1.0
gex_possorted_bam_1WGCZ:GGCCTTAAGCAAGGTAx-M2,1.0,0.9686683756827741,1.0,1.0,1.0,0.3777751048625638,0.0,1.0,1.0,1.0,0.0,1.0,1.0,0.709942805791417,1.0,0.04689164142457907,0.0,0.0,0.0,0.12213071179972326,0.0,0.4259056093945838,1.0,0.6439495134722054,0.7983612986334637,1.0,0.14491026338643592,0.9491989940972895,0.33137123684501774,1.0,0.0,1.0,1.0,1.0,0.0,0.9985515926173081,0.0,1.0,1.0,0.0,1.0,0.0,1.0,0.6318775085442883,1.0,1.0,1.0,0.0,1.0,1.0,0.9555987434310342,1.0,0.0
gex_possorted_bam_1WGCZ:GGCCTTAAGTGAGCGGx-M2,0.014534584539599679,1.0,1.0,0.8337529648552541,0.0,0.4138699180844076,1.0,0.5404665507376276,1.0,0.5918602728528528,1.0,1.0,1.0,1.0,0.07134510771317107,1.0,1.0,1.0,1.0,0.0,0.0,0.0,0.0,0.0,1.0,1.0,1.0,1.0,1.0,0.8231979415800025,1.0,0.0,0.0,0.5221971883601628,1.0,0.11514959103878653,1.0,0.0033455812837985908,0.0315828966736376,1.0,0.04703364804418027,1.0,1.0,1.0,0.0,0.4460544760092556,1.0,1.0,0.9892025764668226,0.36858691986976994,1.0,0.8711887399971756,0.0
gex_possorted_bam_1WGCZ:GGCATTAGTCATCAAGx-M2,1.0,0.8681688060315411,0.0,0.9696848730243877,1.0,1.0,0.12044401855766786,1.0,0.589472376666899,0.9289479971371737,0.029021179481759866,0.6373680672895454,0.8315470713015535,0.4377233178341947,1.0,0.06739277225295226,0.0,0.40271414569310204,0.7421190704426672,0.4616826679853615,1.0,1.0,1.0,1.0,0.5255066945467829,0.9459126663545878,0.0,0.7268415687913744,0.6286120075336968,1.0,0.10127151131685316,1.0,1.0,0.9616665722683522,0.0,1.0,0.12159627543176493,1.0,0.9773107665027958,0.0,1.0,0.2576820349998028,0.5799086952283753,0.0,1.0,0.9837308574075734,0.3235565213007143,0.02119502726673098,0.8676390164139005,1.0,0.88616151222999,0.928210325668335,0.6709081012597803
gex_possorted_bam_1WGCZ:GGGCCTAGTTTAGCGAx-M2,1.0,0.8410672234460477,0.0,1.0,0.9355979105125684,1.0,0.5207063198016612,1.0,0.10577779157427147,1.0,0.12044191863898783,0.6907567694857253,0.8409919477180268,0.42669295621691455,1.0,0.267379185413719,0.0,0.5282665409252443,1.0,0.5481459626138967,1.0,1.0,1.0,1.0,0.6295532632955256,0.9021974071539057,0.0,1.0,0.9793256525439332,0.9529574986861662,0.8523685912667437,1.0,1.0,1.0,0.0,1.0,0.12436586481409888,1.0,1.0,0.1367778118505408,0.9761765257519547,0.42304020921474145,0.7695356899881296,0.15756477063582877,1.0,1.0,0.42086746188262497,0.2192834102194284,0.9347398248176105,0.9552785083398995,0.8849324425679513,1.0,1.0
gex_possorted_bam_1WGCZ:GGCGCTAGTTGGATCAx-M2,1.0,1.0,0.446993462876694,1.0,1.0,0.8554218189341026,0.6260585505978562,1.0,1.0,0.8581963196310203,0.0,0.4932531955789547,1.0,0.44198122594746947,0.7155656574397541,0.0,0.0,0.0,0.5009921380504649,0.7785684561758742,1.0,0.8514906082814077,1.0,0.9509093938136961,0.7678524236564797,1.0,0.33230604317432794,1.0,0.9380823657890911,0.49551583470771504,0.0,1.0,1.0,1.0,0.0,0.9444372349670018,0.24374706065064428,0.9346650889267857,0.9661426739544019,0.0,1.0,0.7432477628461821,0.559760216641303,0.5195352498816878,0.9868983839713206,1.0,1.0,0.0,1.0,1.0,1.0,0.7360096384624929,0.5770315380800536
gex_possorted_bam_1WGCZ:GGGAGTAGTTTAGTCCx-M2,0.0,0.8984285115601697,0.7014067576834554,0.3457046188905615,0.0,0.10561023146551476,1.0,0.23713516059377826,1.0,0.10430717009740048,1.0,1.0,1.0,1.0,0.0,1.0,1.0,1.0,1.0,0.0,0.0,0.0,0.0,0.0,1.0,0.3756137512976405,1.0,0.8159230320219822,0.7039335962654886,0.10010286792700776,0.5205791200456467,0.33596755214202695,0.0,0.2769002147999205,1.0,0.0,1.0,0.1289844509632578,0.0,1.0,0.11201573821365177,1.0,1.0,1.0,0.019646968653173807,0.11682290867665975,1.0,1.0,0.3209538551606601,0.0,1.0,0.21218121897084902,0.0
gex_possorted_bam_1WGCZ:GGCCAACTCGTCATTTx-M2,1.0,1.0,1.0,1.0,1.0,1.0,0.0,0.9391000127469148,1.0,1.0,0.0,1.0,1.0,0.406590334839335,1.0,0.0,0.0,0.0,0.02331098998269649,0.6677722334936708,0.45771826883885863,1.0,1.0,0.6928441855962025,1.0,1.0,0.0,1.0,0.929396360480513,1.0,0.0,1.0,1.0,1.0,0.0,1.0,0.0,1.0,1.0,0.0,1.0,0.0,1.0,1.0,1.0,1.0,1.0,0.0,1.0,1.0,0.9447903301690073,1.0,1.0
gex_possorted_bam_1WGCZ:GGGATTAAGTCTCACCx-M2,0.018016727634854054,1.0,1.0,0.7744032276186055,0.11717057194398708,0.33042105416838347,1.0,0.5064357028074173,1.0,0.562961964793401,1.0,1.0,1.0,1.0,0.10405641649962129,1.0,1.0,1.0,1.0,0.0,0.0,0.0,0.0,0.0,1.0,1.0,1.0,1.0,1.0,0.8182209149685311,1.0,0.0,0.0,0.5767707569139878,1.0,0.13864221467249555,1.0,0.07601764454066727,0.0913499328063081,1.0,0.39244805805625804,1.0,1.0,1.0,0.0,0.45570287751783234,1.0,1.0,0.9302455009384799,0.5538599530917099,1.0,0.7879784884842818,0.0
gex_possorted_bam_1WGCZ:GGGATTAAGACTATTGx-M2,0.9846756147645723,0.9326068706773166,1.0,1.0,1.0,1.0,0.0,0.8775070704733884,1.0,1.0,0.0,1.0,0.8577176649072535,0.6120993827959204,1.0,0.10968496140875057,0.0,0.0,0.14985220079113212,0.870365330419519,0.645820162727811,1.0,1.0,0.9029498382013584,0.8192079173525432,1.0,0.0,1.0,0.6995353995623909,1.0,0.0,1.0,1.0,1.0,0.0,1.0,0.0,0.9876134447758913,1.0,0.0,1.0,0.0,1.0,1.0,1.0,1.0,1.0,0.0,1.0,1.0,0.7335784547943747,1.0,1.0
gex_possorted_bam_1WGCZ:GGCGGTTTCGGTACGCx-M2,0.07104035478551658,1.0,1.0,0.9472075268708637,0.0,0.0,1.0,0.8297057987183408,1.0,0.7619256032588975,0.0,1.0,1.0,1.0,0.18449854963886186,1.0,0.0,0.0,1.0,0.0,0.0,0.0,0.0,0.0,1.0,1.0,1.0,1.0,1.0,0.5086755745365397,1.0,0.07375713395708673,0.0,0.8668335412889107,1.0,0.22567917085629277,1.0,0.0,0.0,1.0,0.16580760403764264,1.0,1.0,0.4796869627086941,0.0,0.5229345613662608,1.0,1.0,1.0,0.6853219741809056,1.0,0.9667883526199819,0.0
gex_possorted_bam_1WGCZ:GGTAGGAGTTGGCCGAx-M2,1.0,0.8997203280532143,0.0,1.0,1.0,1.0,0.6679532983587466,1.0,0.6322301687026246,1.0,0.9701193076556655,0.6660422999142045,0.9464914391294326,0.693026386490294,1.0,0.7559735963414725,0.6252674877657246,1.0,1.0,0.47224440294176007,1.0,1.0,1.0,1.0,1.0,0.9174063444734053,0.0,1.0,1.0,1.0,1.0,1.0,1.0,1.0,0.0,1.0,0.49826350936455116,1.0,1.0,0.08089119551656884,0.4116018126225851,0.3812778585226106,0.6528169328991585,0.35583942517832273,1.0,1.0,0.0,0.4853249507252576,0.9575397375069691,0.910286708131524,0.963715721531858,1.0,0.8760029543049356
gex_possorted_bam_1WGCZ:GGTCCTGCATAATCCGx-M2,0.5348867622869155,0.20508718275957566,0.0,0.3741350184502559,0.49587760067008085,0.5630381701100624,0.0017124557144853364,0.43197108616875823,0.5389102895213471,0.1920619219796209,0.5138733514041709,0.0,0.24803007950187556,0.061216570397481365,0.49047473929654817,0.20787540706125113,0.42598303726344333,0.7928010231996084,0.38931852647576964,0.26946219862793214,0.6902880627425042,0.7553516710911469,0.5403832787976662,0.4438489399702184,0.19642834015736305,0.33954310975777535,0.2050729578283275,0.3438971764978395,0.4996670334347508,0.2100777379237079,0.0,0.3972673763031347,0.502435573561139,0.3300159717479809,0.32956904711807955,0.49722870714924133,0.3378138954254068,0.49893953443920736,0.4636140074345098,0.22011389329470465,0.39928606120222737,0.22595659622103548,0.3201127260267416,0.2751102339010558,0.5569243009639225,0.4740122499986573,0.0,0.7563001652302273,0.34668876206808835,0.3341923064145005,0.4773980994505337,0.4496219045205026,0.6764298342365949
gex_possorted_bam_1WGCZ:GGTAATTGTTAATGACx-M2,1.0,1.0,0.5996434517202314,1.0,1.0,1.0,0.31789485437932796,1.0,1.0,1.0,0.0,1.0,1.0,0.5830535803578182,1.0,0.1983991043532706,0.0,0.12461250194857473,0.9883275441874537,0.9749387481852926,1.0,1.0,1.0,1.0,0.6314908664538832,1.0,0.0,1.0,1.0,1.0,0.8375594235274075,1.0,1.0,1.0,0.0,1.0,0.4947470865873798,1.0,1.0,0.0,1.0,0.3266118239312619,1.0,0.8484039130361355,1.0,1.0,0.7906960009175662,0.2290077800012576,1.0,1.0,1.0,1.0,0.9078971689963566
gex_possorted_bam_1WGCZ:GGTAAACCACCCACCTx-M2,0.009598058207647137,1.0,1.0,0.7121512244280228,0.013085297771504856,0.0,1.0,0.5521017908936098,1.0,0.5054975795941925,0.8121614673080886,1.0,1.0,1.0,0.07073080420065361,1.0,1.0,0.7734228095737129,1.0,0.0,0.0,0.0,0.0,0.0,1.0,1.0,1.0,1.0,1.0,0.7652424936120388,1.0,0.12465091362399083,0.0,0.5724673406966999,1.0,0.12612945531611527,1.0,0.08037506237075548,0.03995493105561038,1.0,0.1274677528670657,1.0,1.0,1.0,0.01878202495023504,0.42415597739546956,1.0,1.0,0.9165220517509487,0.29104646479865603,1.0,0.7239571481227307,0.0
gex_possorted_bam_1WGCZ:GGTAACTTCTTTGACTx-M2,0.48981280471456745,0.284496482511709,0.2135368681606939,0.4569551052009378,0.9535188249781411,1.0,0.1399378915750312,0.36068371485650663,0.4310243980063898,0.5916985147428979,0.9009007965864175,0.0,0.2730738958386943,0.1627072514622862,0.5519710378231899,0.8083132854843093,0.8462735807912586,1.0,0.32226744034700716,1.0,0.9197949593475544,1.0,0.5603665828581572,0.8897391007402714,0.13856779844318323,0.2895543773457549,0.209513814389358,0.4916559407845919,0.18725553702898362,0.6210712668833859,1.0,0.4284205844001932,0.5298053958340507,0.3662038989445748,0.18560498854784185,0.583017902047033,0.3683817397124609,0.3076667390799932,0.48862383023111167,0.4120781926854745,0.18397970571886527,0.2676698436525218,0.42585609839848076,0.6503133476665556,0.637845887779606,0.4296242822812467,0.1921387667488497,0.6600311243530596,0.43423624054208687,0.4980984951406057,0.268217376620329,0.46252886333828097,1.0
gex_possorted_bam_1WGCZ:GGTCAGGAGGCTTAGTx-M2,0.7320043121228631,1.0,1.0,1.0,1.0,0.2625917088113648,1.0,1.0,1.0,1.0,0.0,0.15843023498403572,1.0,0.9985317048090632,0.8121818291738927,0.0,0.0,0.0,0.4337453842361593,0.20833663993915608,0.07243873205723685,0.2791617732655693,1.0,0.0,1.0,1.0,0.7016573412310492,0.46319106842646424,1.0,0.2835318090431708,0.0,1.0,0.9467122157459291,1.0,0.3129401942587254,0.8292947464461479,0.0,1.0,1.0,0.16093550986825905,1.0,0.2070084238321988,0.7380244520259692,1.0,0.22178069793693025,1.0,1.0,0.0,1.0,1.0,0.7692492855370833,0.9218051682561885,0.0713382764199212
gex_possorted_bam_1WGCZ:GGTGAGCCAATTGAGAx-M2,0.09166534748494612,1.0,1.0,1.0,0.0,0.0,1.0,0.9802269589658057,1.0,0.7648936029306738,0.0,1.0,1.0,1.0,0.14797255041886806,1.0,0.0,0.0,1.0,0.0,0.0,0.0,0.0,0.0,1.0,1.0,1.0,1.0,1.0,0.7448167024453798,1.0,0.12337461418673457,0.0,0.9194020077162338,1.0,0.2860094261782522,1.0,0.0,0.02948627725716093,1.0,0.18566802221171286,1.0,1.0,0.0,0.09592468979813525,0.5420907405875185,1.0,1.0,1.0,0.8051762133073985,1.0,0.9614674239660298,0.0
gex_possorted_bam_1WGCZ:GGGTTATTCATGCAACx-M2,1.0,0.9732425518205943,0.9848844844912452,1.0,1.0,1.0,0.17043178237508202,1.0,0.6546443882001679,1.0,0.0,0.9637260740655635,1.0,0.35831127556507575,1.0,0.20835724229738564,0.0,0.2291742751149964,0.7191190957275888,0.7556728273688879,1.0,1.0,1.0,1.0,0.9811537941627787,1.0,0.0,1.0,1.0,1.0,0.4396681391742743,1.0,1.0,1.0,0.0,1.0,0.0,1.0,1.0,0.0,1.0,0.0,1.0,0.8011275276524991,1.0,1.0,0.6452011385046391,0.0,1.0,1.0,1.0,1.0,1.0
gex_possorted_bam_1WGCZ:GGTATTGGTCCTTTAAx-M2,1.0,1.0,0.4856473553237726,1.0,0.9613158003530421,0.8307451825228405,1.0,1.0,0.7190060271182083,1.0,0.0,1.0,1.0,0.4873385454782324,1.0,0.4012679719195997,0.0,0.0,0.6578648604040662,1.0,1.0,1.0,1.0,1.0,0.6055099283125497,1.0,0.0,1.0,1.0,1.0,1.0,1.0,1.0,1.0,0.0,1.0,0.2707954831465774,1.0,1.0,0.25411661950738945,1.0,0.42730093050678924,0.9417036243792578,0.66906815372734,1.0,1.0,0.6561320844900923,0.0,1.0,1.0,1.0,1.0,0.33096032895464234
gex_possorted_bam_1WGCZ:GGTAAGGGTCACGAACx-M2,0.05733805610621529,1.0,1.0,0.9263712083633999,0.04862563506799136,0.0,1.0,0.7103069583296164,1.0,0.6157802927669428,0.0,1.0,1.0,1.0,0.06643873098438448,1.0,0.10138852704997184,0.1632284852998309,1.0,0.0,0.0,0.0,0.0,0.0,1.0,1.0,1.0,1.0,1.0,1.0,1.0,0.0,0.0,0.7066686469831845,1.0,0.21031855899584564,1.0,0.17966707860602715,0.2110134896171262,1.0,0.05928247240926858,1.0,1.0,1.0,0.05437949860221596,0.5608294809934459,1.0,1.0,1.0,0.43876386556999036,1.0,0.9876206666711523,0.0
gex_possorted_bam_1WGCZ:GGTCCTGCACACCAACx-M2,0.06063175641785331,1.0,1.0,1.0,0.0,0.6892502744901404,1.0,0.7523942903470499,1.0,0.7941435336536178,1.0,1.0,1.0,1.0,0.1661743112414546,1.0,1.0,1.0,1.0,0.0,0.0,0.0,0.0,0.0,1.0,1.0,1.0,1.0,1.0,0.8960372519710811,1.0,0.0,0.0,0.7053838617162628,1.0,0.24966682947623062,1.0,0.10433712375158671,0.05040433387561369,1.0,0.11785973483399764,1.0,1.0,1.0,0.10676372467374656,0.4964235070606404,1.0,1.0,1.0,0.449007111747226,1.0,0.9959150204317544,0.0
gex_possorted_bam_1WGCZ:GGTAACCGTTAATGCGx-M2,1.0,0.7950734258711636,0.0,1.0,1.0,1.0,0.41095716608939237,0.8736277480365064,0.4630453634494511,1.0,0.31400337237639764,1.0,0.9347049384464727,0.022539739002656628,1.0,0.2763748693234381,0.0874169646964352,0.7254286255363148,1.0,0.6627996300517152,1.0,1.0,1.0,1.0,0.505977795134831,0.9886372032183041,0.04051913626816935,0.910698866480493,0.7321282135088487,1.0,0.3647523616025419,1.0,1.0,1.0,0.0,1.0,0.5200748642905155,1.0,1.0,0.0,1.0,0.25113917684574183,0.7919068313233573,0.5874680379289869,1.0,1.0,0.023770869381364305,0.0,1.0,1.0,1.0,1.0,0.885754513891461
gex_possorted_bam_1WGCZ:GGTATGTTCATTAGGCx-M2,0.0469172033359603,1.0,1.0,0.959856773941025,0.009589425053252353,0.0,1.0,0.6610922582654677,1.0,0.8457441658258317,0.0,1.0,1.0,1.0,0.20763768828911913,1.0,0.0,0.0,1.0,0.0,0.0,0.0,0.0,0.0,1.0,1.0,1.0,1.0,1.0,0.8907941571156994,1.0,0.01892887130137477,0.0,0.7733794332250715,1.0,0.2303233063998696,1.0,0.11922888764244524,0.15525500008662946,1.0,0.09186442286199895,1.0,1.0,1.0,0.0,0.5371714489558861,1.0,1.0,1.0,0.5679917172016024,1.0,1.0,0.0
gex_possorted_bam_1WGCZ:GGTCAATTCGCAAACTx-M2,0.09791819078439697,1.0,1.0,1.0,0.0,0.0,1.0,0.9888177384713087,1.0,0.7200250986716328,0.07522720792010523,1.0,1.0,1.0,0.12092953983188376,1.0,0.6432770552538649,0.8382128795762582,1.0,0.0,0.0,0.0,0.0,0.0,1.0,1.0,1.0,1.0,1.0,0.7520956339205946,1.0,0.18595555285331133,0.0,0.8527716183032636,1.0,0.31703347694692363,1.0,0.07291133969651775,0.04665423115406932,1.0,0.1588821893954736,1.0,1.0,1.0,0.1581051520172877,0.49558351980167376,1.0,1.0,1.0,0.4694701993010871,1.0,0.9003899768958922,0.0
gex_possorted_bam_1WGCZ:GGGTTACGTAATGACTx-M2,1.0,0.9598143625360455,1.0,1.0,1.0,0.9083426778687638,0.0,1.0,0.986835815320394,1.0,0.0,1.0,1.0,0.5016702869526495,1.0,0.14137892301162697,0.0,0.0,0.17793204177356484,0.5974218261417005,0.5585825661694869,0.8842176725179199,1.0,1.0,0.595952021859325,1.0,0.0,1.0,0.7281770203529656,1.0,0.0,1.0,1.0,1.0,0.0,1.0,0.0,1.0,1.0,0.0,1.0,0.0,1.0,0.8324477143938992,1.0,1.0,1.0,0.0,1.0,1.0,1.0,1.0,0.35826987732269794
gex_possorted_bam_1WGCZ:GGTACAAAGCACCACAx-M2,0.7560856772728888,1.0,1.0,1.0,1.0,0.33986222676856237,1.0,1.0,1.0,1.0,0.0,0.03063025122359465,1.0,0.6739717370103122,0.92244557796921,0.0,0.0,0.0,0.3419138524383267,0.3126127702409098,0.12899037273812344,0.3367289039836774,1.0,0.0,1.0,1.0,0.5066020871240559,0.3801822224096485,1.0,0.22136111700498187,0.0,1.0,1.0,1.0,0.27029244710827893,0.9059792093786528,0.0,1.0,1.0,0.1706401951578989,1.0,0.0,0.630754260509089,1.0,0.25157336279072146,1.0,1.0,0.0,1.0,1.0,0.8477953446594546,0.9421243106113609,0.12147229711170034
gex_possorted_bam_1WGCZ:GGTAATTGTTAGTGATx-M2,1.0,0.8593881340348447,0.46164328029344265,1.0,1.0,0.6915150956109175,0.3381674055675008,1.0,0.49005865159369777,1.0,0.0,1.0,1.0,0.47162820776519193,1.0,0.094359354268935,0.0,0.0,0.5312777070003721,0.6465718555004782,1.0,0.9065738137832412,1.0,1.0,0.6701235745960039,1.0,0.0003138421501680561,0.8331449694470614,0.8439040000141329,0.9730347094941296,0.0,1.0,1.0,0.9571593227198348,0.0,1.0,0.25305008084331454,1.0,1.0,0.0,1.0,0.12232786067374425,0.7094851847978738,0.3895484449751885,1.0,1.0,0.593449438791367,0.0,0.93664201447432,1.0,1.0,0.8794728654210913,0.198586907871295
gex_possorted_bam_1WGCZ:GGTAATTGTAGTTAACx-M2,0.05603295818584217,1.0,1.0,0.9879530001295397,0.0,1.0,1.0,0.5726931347306814,1.0,0.7419957725903952,1.0,1.0,1.0,1.0,0.2117169549410076,1.0,1.0,1.0,1.0,0.0,0.0,0.0,0.0,0.0,1.0,1.0,1.0,1.0,1.0,1.0,1.0,0.0,0.0,0.7212057491143038,1.0,0.3026739195345631,1.0,0.18465497603883677,0.10159597822860188,1.0,0.22579186157440753,1.0,1.0,1.0,0.11343794341568272,0.5703946719634709,1.0,1.0,1.0,0.5605353096566653,1.0,0.9999228362247052,0.0
gex_possorted_bam_1WGCZ:GGTATTTCAATTTGGTx-M2,1.0,0.7210112869609298,0.3761624051186734,1.0,1.0,0.3212994131774171,0.0,1.0,0.4962702068554995,1.0,0.0,1.0,0.8233436245515725,0.29263778046069255,1.0,0.05171464980674902,0.0,0.0,0.6590713491728554,0.7215145825469325,1.0,0.8879338608760132,1.0,1.0,0.0,1.0,0.0,0.8578648565123664,0.6957038666870113,1.0,0.0,1.0,1.0,0.9622465540239694,0.0,0.9054110777559047,0.0,1.0,1.0,0.0,1.0,0.020170333653354373,0.8649342354937828,0.13736934249967164,0.8856458826332909,1.0,0.8276655616146085,0.0,1.0,1.0,1.0,0.8510948090699957,0.0
gex_possorted_bam_1WGCZ:GGTCAAGCATTAAGTCx-M2,1.0,0.9952727390127984,0.0,1.0,1.0,1.0,0.6064351257689314,1.0,0.5189097869347937,1.0,0.6977383454701,0.8434361205000923,1.0,0.6631709351002459,1.0,0.6720809349398611,0.2646489289770417,1.0,1.0,0.7730053987901209,1.0,1.0,1.0,1.0,0.857296427013449,0.9221779775159655,0.0,1.0,1.0,1.0,1.0,1.0,1.0,0.9024666894041858,0.0,1.0,0.19386154153660864,1.0,1.0,0.044401929241224464,0.7635030010833924,0.18594556458748435,0.7651213086251542,0.234196760670575,1.0,1.0,0.3085238016754087,0.0032205478950722284,1.0,1.0,1.0,1.0,1.0
gex_possorted_bam_1WGCZ:GGGTTTGTCACGAATCx-M2,1.0,0.9250973614507454,0.04032928521838403,1.0,1.0,1.0,0.6189443491299819,0.9952810509661039,0.46093186488082655,0.9544672461604898,0.6264384275399603,0.4358092070489284,0.9656039535566144,0.4790290323321646,1.0,0.46096906488430556,0.3189944850869869,1.0,1.0,0.9006803080283533,1.0,1.0,1.0,1.0,0.6784053849185516,0.9262019263931349,0.0,1.0,1.0,1.0,0.9646101698210711,1.0,1.0,1.0,0.0,1.0,0.08470666758207124,1.0,1.0,0.08159671728067804,1.0,0.23965558052183158,0.6054004195391712,0.15591860922155015,1.0,1.0,0.0,0.25049973879858267,1.0,1.0,1.0,1.0,1.0
gex_possorted_bam_1WGCZ:GGGTTATTCAAACACCx-M2,1.0,0.8724311434375699,0.0,0.9416332445317876,1.0,1.0,0.05244532112981581,0.9026218739370113,0.658310747466389,0.9690318333161803,0.29107942418282,0.7532377609841132,0.8824330623238293,0.40783289307580955,1.0,0.1295919252553317,0.08514475289659937,0.5516432231312866,0.7811535348919998,0.8614342926698526,1.0,1.0,1.0,1.0,0.4183652321438172,0.8666556269044331,0.0,0.8115495064042971,0.6333089745742453,1.0,0.5377913621441612,1.0,1.0,0.9921388695654733,0.0,1.0,0.1296715150978069,0.9833115782517884,0.9846766595054982,0.004709002002024435,1.0,0.2588711519893668,0.8586149652344467,0.5913622606802333,0.999542037695626,0.9831218694382068,0.6804520093257511,0.079191591948252,0.9308313085906196,1.0,0.9276928919571477,0.98046252317884,0.973055511126365
gex_possorted_bam_1WGCZ:GGGTTTGTCCCGTTACx-M2,1.0,1.0,0.17020769598569616,1.0,1.0,1.0,0.8189825310227298,1.0,0.6773374725384976,1.0,0.28498573853542636,0.8314343604578085,1.0,0.7959929348561009,1.0,0.4859229036278342,0.0,0.8799147753567417,1.0,0.6927397676823848,1.0,1.0,1.0,1.0,0.8953417271336475,0.936943151329794,0.0,1.0,1.0,1.0,1.0,1.0,1.0,1.0,0.0,1.0,0.5001030098154513,1.0,1.0,0.2933221094592574,0.7893524331244028,0.3109159308980838,0.9164750648602509,0.805549722800706,1.0,1.0,0.3945684859705091,0.20069786996603697,1.0,1.0,1.0,1.0,1.0
gex_possorted_bam_1WGCZ:GGTCAAGCAGGCGATAx-M2,1.0,0.8246306533292309,0.0,1.0,1.0,1.0,0.5009843948876569,0.9495043721322814,0.27734395410549295,1.0,0.765047052399185,0.3096382320338101,1.0,0.2599287940275235,1.0,0.3653393467930083,0.29815673426469297,1.0,1.0,0.657772962009914,1.0,1.0,1.0,1.0,0.619188783327351,0.8927149842144496,0.0,0.9582891278105728,1.0,1.0,1.0,1.0,1.0,1.0,0.0,1.0,0.0,1.0,1.0,0.0,0.770497128537526,0.2165530191539678,0.4940042609137068,0.007144287073979398,1.0,1.0,0.0,0.0,0.9530817726699302,0.9166422944113021,0.9847535749802262,1.0,1.0
gex_possorted_bam_1WGCZ:GGTAAGGGTTAGGACCx-M2,0.6606064013713503,1.0,1.0,1.0,0.5154374953616866,1.0,1.0,1.0,0.3070326319423064,1.0,0.0,1.0,1.0,1.0,0.9113828799300129,0.3868244919684242,1.0,1.0,0.9145345059695164,1.0,0.315976158893254,0.3696868070945775,1.0,0.900432336890646,0.44007672154743727,1.0,0.4856044136975099,1.0,1.0,0.9256059660183392,0.0,1.0,0.9361271947433979,1.0,0.6130879092004335,0.8057556568832321,0.37926255692823035,0.861170555874953,1.0,0.26337565840960303,1.0,0.27783928117595513,1.0,0.0,1.0,0.8230602109615439,1.0,1.0,0.7898437786778337,1.0,0.4437632983355327,0.4845100953632954,1.0
gex_possorted_bam_1WGCZ:GGTGCTTCAACAACAAx-M2,1.0,0.7807757054207808,0.6610480731214385,0.8850174362812568,1.0,0.899127653761214,0.12376197749264903,0.8989786552455427,0.8776359041920929,0.7867842436777802,0.3983361340105967,0.5407265541325298,0.8479859342667412,0.45388963575919544,0.956071736865252,0.1181658404213617,0.19921140987403552,0.5617951611486484,0.8696745196948568,0.25609643067376503,1.0,0.9796267467376961,0.999706193210784,1.0,0.5440304502165835,0.9437521543819225,0.0,0.8792254856887214,0.5315045100636552,1.0,0.0,1.0,1.0,0.8144309887435877,0.1076689770402782,0.8534890062531477,0.1607024702757945,0.9660979250039319,0.8450549891473065,0.0,1.0,0.30947814267035845,0.782682619854481,0.06261849715457035,1.0,0.9104418611022047,0.042187232674499156,0.0,0.8128632307261081,1.0,0.6581866250838355,0.8614752922644423,0.34698793406823947
gex_possorted_bam_1WGCZ:GGTAAACCAGTGAACGx-M2,1.0,1.0,0.3134240481795023,1.0,1.0,0.9500745281205959,0.4252273027941326,1.0,0.6910151213640486,1.0,0.0,1.0,0.9148644746119241,0.4079347624065917,1.0,0.10921910764950012,0.0,0.0,0.7398575933990781,0.6346558514984155,1.0,1.0,1.0,1.0,0.4764056991546484,1.0,0.0,0.8407824850662927,0.8423503073190901,1.0,0.34343063829969317,1.0,1.0,0.9926658616557138,0.0,1.0,0.15144340931390973,1.0,1.0,0.0,1.0,0.20443219934302334,0.7719634431114797,0.11648265338506836,1.0,1.0,0.656097267537672,0.0,0.9702472573456916,1.0,0.9358576505822545,1.0,0.6176051895001766
gex_possorted_bam_1WGCZ:GGTGAGGTCTGCAAGTx-M2,1.0,0.9416528240791017,0.0,1.0,1.0,1.0,0.8691381854733685,1.0,0.6574760970927814,1.0,0.08896169363792203,0.8472432959408659,1.0,0.3432679432124146,1.0,0.2737428752813267,0.0,0.6862292400680541,1.0,0.6563455412542641,1.0,1.0,1.0,1.0,0.7189524570127754,0.9451611462973754,0.0,1.0,1.0,1.0,0.8981394253469679,1.0,1.0,1.0,0.0,1.0,0.0383532766077319,1.0,1.0,0.0,1.0,0.36358711113328945,0.7322008517546298,0.17707715110213143,1.0,1.0,0.0,0.0,1.0,1.0,0.8996746590818268,1.0,0.9688505130420786
gex_possorted_bam_1WGCZ:GGTGATTTCGTGCTTCx-M2,0.03541341728004085,1.0,1.0,0.9214205203966789,0.0,1.0,1.0,0.5247798381587908,1.0,0.49442147199890574,1.0,1.0,1.0,1.0,0.2170467920761798,1.0,1.0,1.0,1.0,0.0,0.0,0.0,0.0,0.0,1.0,1.0,1.0,1.0,1.0,1.0,1.0,0.0,0.0,0.5731252243356398,1.0,0.23351810187444613,1.0,0.1838309982643089,0.17658441759183663,1.0,0.15355485445856265,1.0,1.0,1.0,0.12278742396132553,0.5940312175912218,1.0,1.0,1.0,0.3756657271624828,1.0,1.0,0.0
gex_possorted_bam_1WGCZ:GGTGATTTCAGGAAGCx-M2,0.21423311377922344,1.0,1.0,0.8502447244857032,0.7393490747709305,0.04805943594254675,1.0,1.0,1.0,1.0,0.0,1.0,1.0,1.0,0.37572409733244977,1.0,0.26790816641691456,0.0,1.0,0.0,0.0,0.0,0.2779910387464512,0.0,1.0,1.0,1.0,1.0,1.0,0.387704394237926,1.0,0.5066650613510559,0.138737637599813,0.8205013589447319,1.0,0.44382946829507325,1.0,0.3217818158789641,0.5062945235311427,1.0,1.0,1.0,1.0,1.0,0.14898871060090949,0.6681712659771369,1.0,1.0,1.0,1.0,1.0,0.7520189407937643,0.8890017314124193
gex_possorted_bam_1WGCZ:GGTACTTAGCGATAAGx-M2,1.0,0.8391793620958833,0.0,1.0,1.0,1.0,0.02903800609351874,1.0,0.0,0.8964588271625998,0.337558354289072,0.43870436375407307,0.800219842477589,0.42507312774359174,1.0,0.2837387647456403,0.0,0.7552984295401487,1.0,0.6179880389282023,1.0,1.0,1.0,1.0,0.34977894518834673,0.9447015474434147,0.0,1.0,0.9022460961906111,1.0,0.7228841959668533,1.0,1.0,0.9534667660027395,0.021509176310519004,1.0,0.06527637188914517,1.0,1.0,0.0,1.0,0.35063211368470554,0.6214416987624386,0.09809172530570828,0.940696931231419,1.0,0.7374401347069103,0.033462980963324396,0.9459949913768934,1.0,0.8757756032985523,1.0,0.3920502750052592
gex_possorted_bam_1WGCZ:GGTGAGTAGAGCCGGAx-M2,0.9602488291470379,0.573201116533345,0.33417845297915577,0.8861482327733343,1.0,1.0,0.0,0.8332827109838257,0.2214409207899814,1.0,0.3673537502705493,0.39115950945882466,0.6619814134550024,0.351615878428122,1.0,0.2862875796049142,0.08908373530869171,0.7468055744154583,0.5106017893932325,0.8132158092550911,1.0,1.0,1.0,1.0,0.7521186363347222,0.8590798585840057,0.0,0.6406512814063918,0.5321053414288732,1.0,0.7332099564810749,1.0,0.880324923120818,0.9257615867973141,0.0,1.0,0.018411254429322798,0.8726661280267154,0.9378592091427775,0.06613127509176493,1.0,0.0,0.6124186150237085,0.24289952304981255,1.0,0.9129842635693771,0.267561035421712,0.0,0.7824229328145685,1.0,0.8627644832955133,1.0,1.0
gex_possorted_bam_1WGCZ:GGTGAGGTCTAACTGAx-M2,1.0,0.6434727576294418,0.42106313266644113,1.0,1.0,1.0,0.2244301676076174,1.0,0.8203841939999525,0.974659689449753,0.1947670761577595,1.0,1.0,0.5141977032768827,1.0,0.24999930832923087,0.0,0.6015491701507589,1.0,0.7027717017819831,1.0,1.0,1.0,1.0,0.26294999120113793,1.0,0.0,1.0,1.0,1.0,0.3292986913419898,1.0,1.0,1.0,0.0,1.0,0.19889317665103903,1.0,1.0,0.0,1.0,0.1820582995474807,0.937869138789842,0.409176070041918,1.0,1.0,0.260674299856866,0.0,1.0,1.0,1.0,1.0,0.6314129131926165
gex_possorted_bam_1WGCZ:GGTCCATCAATTAGGAx-M2,1.0,0.9435745110089636,0.0,0.971685367551825,1.0,1.0,0.42053656544334705,0.9202861481349219,0.30958862519376434,0.9967206101872336,0.7098385272957974,0.6956901588808353,0.9273009698546952,0.38895960107022126,1.0,0.35619933462695674,0.30670369531517416,1.0,1.0,0.6436206033084624,1.0,1.0,1.0,1.0,0.5484173654504504,0.8607407210578437,0.0,0.8339063112670252,1.0,1.0,0.7462666012990368,1.0,1.0,1.0,0.0,1.0,0.07931609785074145,1.0,1.0,0.0,0.8586737136456176,0.06882071439301227,0.8117162583776141,0.4870145357043386,1.0,1.0,0.003782814871506908,0.029517984723890302,0.8665101547260998,0.9986050612095527,0.946127894457714,1.0,0.9832206965710633
gex_possorted_bam_1WGCZ:GGTCCGTAGGTCGAGGx-M2,1.0,0.9192005611357692,0.0,1.0,1.0,1.0,0.2304561369658794,1.0,0.28992259652923524,1.0,1.0,0.5257075014506489,0.7554560040460931,0.8546685905621232,1.0,0.6356777899828269,0.7143847602739093,1.0,1.0,0.5229953244463451,1.0,1.0,1.0,1.0,0.48338920424692466,0.977591506827202,0.0,0.6536009074367911,1.0,1.0,1.0,0.8069284376053485,1.0,1.0,0.0,1.0,0.02141350415699969,1.0,1.0,0.0,1.0,0.2893903784334371,0.6586253926294701,0.16970857355076352,1.0,1.0,0.18943011096696516,0.21807758043710473,1.0,1.0,0.9466119021591274,1.0,0.6222489163164078
gex_possorted_bam_1WGCZ:GGTACAAAGGAATAACx-M2,0.07371992753123245,1.0,1.0,1.0,0.025007708054730148,0.0,1.0,0.9586238407486185,1.0,0.8949887239812794,0.0,1.0,1.0,1.0,0.12551154776708398,1.0,0.0,0.0,1.0,0.0,0.0,0.0,0.0,0.0,1.0,1.0,1.0,1.0,1.0,0.6120300794594282,1.0,0.14532366043432376,0.0,0.964393361612611,1.0,0.2736617485285037,1.0,0.03173675605250272,0.015562688939743018,1.0,0.1692415624013045,1.0,1.0,0.18657030237923208,0.0,0.5278791127413712,1.0,1.0,1.0,0.7245680775012879,1.0,1.0,0.0
gex_possorted_bam_1WGCZ:GGTCCATCATCCGTAAx-M2,1.0,0.8120090385553661,0.0,0.9331643010481963,1.0,1.0,0.5479166517279921,0.922473951790404,0.03759594856110189,1.0,0.3827214030016756,0.3379889918028877,0.8741089689015076,0.2934889022565071,1.0,0.2563983587874245,0.1103370169184983,0.9892483205721991,0.9889013658630967,0.5708375433451793,1.0,1.0,0.9982287825715896,1.0,0.6914381295665536,0.7845100428850936,0.0,0.9143442991504716,1.0,0.9058115675705887,0.9564097161397583,0.8627489280149477,0.99894122422169,0.9561642490457671,0.020778285712134605,1.0,0.24180906626792992,0.9020188393527926,1.0,0.129799374730662,0.7461092995306777,0.3428867025536237,0.46460699488818813,0.02004478624194158,1.0,0.947293152737346,0.0,0.14640146232306678,0.8503089580168235,0.9543858729029088,0.787009768805255,1.0,1.0
gex_possorted_bam_1WGCZ:GGTACAAAGTCATGCGx-M2,1.0,1.0,0.640313078597809,1.0,1.0,1.0,0.27211604837360237,1.0,0.165097240536318,1.0,0.0,1.0,1.0,0.41719364112147683,1.0,0.0,0.0,0.0,0.648829366407224,1.0,1.0,1.0,1.0,1.0,0.6712220803384595,1.0,0.0,1.0,1.0,1.0,0.9499367573398766,1.0,1.0,1.0,0.0,1.0,0.25150882443754713,1.0,1.0,0.0,1.0,0.17944988371634357,0.9640441648537614,1.0,1.0,1.0,1.0,0.0,1.0,1.0,1.0,1.0,0.6759018051176271
gex_possorted_bam_1WGCZ:GGGTCACTCGTTATCTx-M2,0.0,1.0,1.0,0.6735473213562598,0.0,0.0,1.0,0.3870762739890344,1.0,0.7435684010334299,0.7049968598899734,1.0,1.0,1.0,0.05544180477795308,1.0,0.8246907861666531,0.0,1.0,0.0,0.0,0.0,0.0,0.0,1.0,1.0,1.0,1.0,1.0,0.6463240479110464,1.0,0.08329540836089462,0.0,0.5499534878836692,1.0,0.14420823788733503,1.0,0.0,0.004514526148992882,1.0,0.1397665266585539,1.0,1.0,1.0,0.0,0.3577317002818328,1.0,1.0,0.9077959739893553,0.4365708484268949,1.0,0.7500914257869142,0.0
gex_possorted_bam_1WGCZ:GGTATGTTCGTTAGTAx-M2,1.0,1.0,0.0,1.0,1.0,1.0,0.5524741548758347,1.0,0.13129419765109562,0.9792131161469938,0.6130299316701933,0.5166468461656383,0.9227407173984447,0.7283310512230414,1.0,0.6729178441965301,0.29203948234436855,1.0,1.0,0.37784993496443753,1.0,1.0,0.9968724220140456,1.0,0.8101244574248814,0.8705633187525448,0.0,1.0,1.0,1.0,0.8819824457426317,1.0,1.0,1.0,0.0,1.0,0.12358517413020043,1.0,1.0,0.0,0.5858222803609966,0.3581283399835664,0.5307133888796279,0.23459659124809834,1.0,1.0,0.08688106907551127,0.13632267302883805,0.900620338122978,0.9875403107555926,0.9723220013893805,1.0,0.8933123536103893
gex_possorted_bam_1WGCZ:GGTACTAGTCAAGTATx-M2,0.0,1.0,1.0,0.966277187999267,0.9699335558779258,0.0,1.0,1.0,1.0,1.0,0.0,1.0,1.0,1.0,0.0,1.0,0.02569922270479609,0.0,1.0,0.0,0.0,0.0,0.09101156453980556,0.0,1.0,1.0,1.0,1.0,1.0,0.04622445031925379,0.9565384766618461,0.1208677382288641,0.0,0.8691460765695825,1.0,0.17781601472987246,1.0,0.038446954644474306,0.3955643291311869,1.0,1.0,1.0,1.0,1.0,0.0,0.7982001177258967,1.0,1.0,1.0,1.0,1.0,0.7472429844365128,0.6490949537614821
gex_possorted_bam_1WGCZ:GGTCTTGAGGAAGTATx-M2,0.847040231390558,1.0,1.0,1.0,1.0,0.40839243569307904,1.0,1.0,1.0,1.0,0.0,0.50895907859893,1.0,1.0,1.0,0.0,0.0,0.0,0.23999819557392751,0.28051929115308627,0.10281573554111986,0.407512954538527,1.0,0.0600763035286502,1.0,1.0,0.505352426826985,0.6771209125401473,1.0,0.6137756286671282,0.0,1.0,1.0,1.0,0.12798142582847352,0.9823748327655226,0.0,1.0,1.0,0.06030228362568999,1.0,0.0,0.8926802819461112,1.0,0.6193788204871202,1.0,1.0,0.0,1.0,1.0,0.8503838770864218,1.0,0.4955652900445783
gex_possorted_bam_1WGCZ:GGTACTTAGGGATGACx-M2,0.09201985157893053,1.0,1.0,1.0,0.0,0.0628040128551005,1.0,0.903947561882427,1.0,0.61907743036766,0.2181527443333804,1.0,1.0,1.0,0.09560076957454096,1.0,0.5081933229402044,0.8038759395783529,1.0,0.0,0.0,0.0,0.0,0.0,1.0,1.0,1.0,1.0,1.0,0.8825134503281119,1.0,0.0414877144349588,0.0,0.902504597682017,1.0,0.2996452022609558,1.0,0.012618524615725097,0.0,1.0,0.13528854764153922,1.0,1.0,0.9807202369629413,0.1522706906681644,0.5593380010261022,1.0,1.0,1.0,0.6395159784151296,1.0,0.9347835988300347,0.0
gex_possorted_bam_1WGCZ:GGTACCGGTTGCGTAAx-M2,1.0,0.9374903706339396,1.0,1.0,1.0,0.4519996962091631,0.0,1.0,0.7258253618414312,1.0,0.0,1.0,1.0,0.5464622405403952,1.0,0.0,0.0,0.0,0.00489629745646532,0.35715377550405947,0.342249840255522,0.6739821018678065,1.0,0.9598487296947731,0.3501346753550084,1.0,0.0,0.912837320584147,0.5590919475611658,1.0,0.0,1.0,1.0,1.0,0.0,0.9829054977649444,0.0,1.0,1.0,0.0,1.0,0.0,1.0,0.5900845488059347,0.9098346044441908,1.0,1.0,0.0,1.0,1.0,1.0,1.0,0.0
gex_possorted_bam_1WGCZ:GGGTTACGTGCTCCACx-M2,1.0,0.9588683884941601,0.0,0.9805530479496124,1.0,1.0,0.5573501926469466,1.0,0.672973806564205,1.0,0.012469315209514501,1.0,0.8727042812470728,0.4551423544002767,1.0,0.06818689645339614,0.0,0.35420552081443124,1.0,0.4566518026447956,1.0,1.0,1.0,1.0,0.7096892984119275,0.9212833295157031,0.0,0.8269391627503131,0.8640973015795158,1.0,0.7392197052796928,1.0,1.0,1.0,0.0,1.0,0.23629971979991735,1.0,1.0,0.06158724475555478,1.0,0.3973717319241878,0.6184330742142858,0.033030272491415366,1.0,1.0,0.007453759053514679,0.049723139573151824,0.9258625857813397,1.0,0.897790288129294,1.0,0.754921048794713
gex_possorted_bam_1WGCZ:GGTCAATTCGCTTGCTx-M2,0.7414537102718224,0.4238578603872671,0.0,0.5460261089863713,0.7645006363706068,1.0,0.0,0.6550201977414026,0.0,0.5564619173162294,0.5912415274690355,0.0,0.21050012303157403,0.014056287511407875,0.6435992474955043,0.0,0.3206855257796536,1.0,0.3929833703277541,0.6845711459349965,0.948314928008884,1.0,0.746830215267624,1.0,0.15699166810383133,0.4582735021910094,0.12694924201765648,0.4010429208005066,0.5839764298554984,0.5150269162292485,0.3077177797340513,0.971374404446294,0.7090771987696163,0.6271203341677997,0.030071317704006662,0.7350091748386999,0.0,0.5848052036241105,0.6150192501805305,0.0,0.5040820282317083,0.15611831442575017,0.24074616005859512,0.0,0.7009837695466433,0.6663542223580355,0.0,0.20134324772021533,0.5304765449908668,0.675525362574159,0.22981193922198181,0.6115236361969564,0.8149735548007319
gex_possorted_bam_1WGCZ:GGTCAAGCACCATATGx-M2,1.0,0.9980841078488162,0.0,0.9810576077202995,0.940095396643762,1.0,0.5649340621599008,1.0,0.9496796942628465,0.984257417867396,0.0,1.0,1.0,0.6614510942891499,0.8591171040668197,0.5402339352093073,0.01895384839245015,0.6931161385521848,1.0,0.5496328239035676,1.0,1.0,1.0,1.0,1.0,1.0,0.0,1.0,1.0,1.0,0.8958155745705574,0.5201651461344071,1.0,1.0,0.0,1.0,0.6256001421519992,0.9880287379124931,1.0,0.1577781641331155,0.9643787861161082,0.5346705751296902,0.6336633490521737,1.0,1.0,1.0,0.7923398557879405,0.17903806831706093,0.958318259624748,1.0,1.0,1.0,1.0
gex_possorted_bam_1WGCZ:GGTAGGAGTAATCCCTx-M2,1.0,0.8850233861234877,0.0,1.0,0.9661272826893855,1.0,0.6479369351787481,1.0,0.8401997293102249,1.0,0.0,1.0,0.84584182830567,0.2922363162577836,1.0,0.0,0.0,0.25092116774731377,0.9267922664235844,0.6965782186011658,1.0,1.0,1.0,1.0,0.7973301275296977,0.8866386168290266,0.0,0.8100216439699591,0.9122001779240173,0.9570264497610917,0.6717707497007559,1.0,1.0,1.0,0.0,1.0,0.222283354578559,1.0,1.0,0.0,1.0,0.03934802755898041,0.6348517868944837,0.07261331887012738,1.0,1.0,0.3689882314333537,0.0,0.8877540850947806,1.0,1.0,1.0,0.6003507208304683
gex_possorted_bam_1WGCZ:GGGTGAAGTCACAAATx-M2,1.0,0.835705041238443,0.0,0.9354802018239082,1.0,1.0,0.5671286897357715,1.0,0.4607132043819638,0.8455121941462576,0.2753618259430056,0.5748226053778284,0.8026987861366052,0.6283498048185834,0.973819273266531,0.3733317211342497,0.0,1.0,1.0,0.5752618693363786,1.0,1.0,0.9906594790825217,1.0,0.7119795894886104,0.7609611489093226,0.0,0.7129418111115507,0.7898918002418723,0.9634682003380195,0.47884792363733,1.0,0.9774606116373639,0.9922200483922627,0.0,1.0,0.14129727159434027,1.0,0.9693609406208258,0.0,0.6896310992057847,0.09380596484289082,0.47365017247425656,0.0,1.0,0.98391798395484,0.017822265681273333,0.0,0.8057092717743494,0.9053228372012428,0.9981463732869506,1.0,0.9331917817794229
gex_possorted_bam_1WGCZ:GGTACAAAGTCACTAAx-M2,0.8663335951857853,0.9706056760307741,1.0,1.0,1.0,0.489224867094447,0.6055716982150371,1.0,1.0,1.0,0.0,1.0,1.0,0.8137252638284573,1.0,0.011565572506490426,0.0,0.0,0.0,0.27709765320011687,0.0,0.4467495367929735,1.0,0.27454389410887264,1.0,1.0,0.22759558197054464,0.7843125312615943,1.0,1.0,0.0,1.0,1.0,1.0,0.18004131669920814,0.9439506282257255,0.3721172483507828,1.0,1.0,0.0,1.0,0.09460827213485619,1.0,1.0,0.8316123149318249,1.0,0.983967674449218,0.28280321907019546,1.0,1.0,1.0,1.0,0.27746275576391405
gex_possorted_bam_1WGCZ:GGTACTTAGCAGGCCTx-M2,1.0,1.0,1.0,1.0,1.0,1.0,0.04571602278642038,1.0,1.0,1.0,0.0,1.0,1.0,0.0,1.0,0.0,0.0,0.0,1.0,0.5961415228276006,0.6256091761836715,1.0,1.0,0.648920316358286,0.6982404732341865,1.0,0.14799745652246413,0.9568139726828649,1.0,1.0,0.6760636596611499,1.0,1.0,1.0,0.0,1.0,0.2298286369111619,1.0,0.8328242547089243,0.08167264024937303,1.0,0.7881246029447889,0.6127393269235942,0.3869470990169184,0.8930710435965413,1.0,1.0,0.0,1.0,1.0,0.9703646603358701,1.0,1.0
gex_possorted_bam_1WGCZ:GGTGAGGTCGTAACGTx-M2,1.0,1.0,0.0,1.0,0.9508406062672486,1.0,0.49265662793430576,1.0,0.5899576265549257,0.8125770229960319,0.28393410533481417,0.5407513088245395,0.9111388535513953,0.5467635243918779,1.0,0.0974845090032406,0.0,0.7286307769149923,0.9970761084026135,0.661233147276387,1.0,1.0,1.0,1.0,0.6684671630863748,0.8683137157334154,0.0,0.7762309129353719,0.6023136068976959,0.9367048359013688,0.7177425048418125,1.0,1.0,1.0,0.0,1.0,0.0,1.0,1.0,0.0,1.0,0.04283212126205213,0.5548943580496751,0.0,1.0,1.0,0.3285122504538912,0.16914919022283112,0.8436048123572283,1.0,0.827284044948927,1.0,1.0
gex_possorted_bam_1WGCZ:GGTGCTGGTCATTGTCx-M2,1.0,0.9143442117606196,1.0,1.0,1.0,1.0,0.0,1.0,1.0,1.0,0.0,1.0,1.0,0.4413846890503717,1.0,0.0,0.0,0.0,0.0594906845967417,0.683029210997898,0.5509062814154879,1.0,1.0,0.9805026022102622,0.9030293788019595,1.0,0.0,1.0,0.6174422187339572,1.0,0.0,1.0,1.0,1.0,0.0,1.0,0.0,1.0,1.0,0.0,1.0,0.0,1.0,1.0,1.0,1.0,1.0,0.0,1.0,1.0,0.836693487348496,1.0,1.0
gex_possorted_bam_1WGCZ:GGTGCTGGTCTAACCTx-M2,1.0,0.9570688005898982,0.0,1.0,1.0,1.0,0.5789773355880031,1.0,0.6824872012349494,0.9134416161007515,0.1263630524748604,0.6372711469590278,1.0,0.5258967061769549,1.0,0.4195670565747897,0.0,0.8109586279537653,0.9935116763449033,0.5668442078622857,1.0,1.0,1.0,1.0,0.7802564667402402,0.8678946396340841,0.0,1.0,1.0,1.0,0.5260657937387261,0.9880729338393744,1.0,1.0,0.0,1.0,0.343202649964083,1.0,1.0,0.0,1.0,0.2882190171242257,0.9031875367973885,0.8133309157967448,1.0,1.0,0.5593503282237778,0.0,0.9188925920400121,1.0,0.9611413438152947,1.0,0.9795846055094817
gex_possorted_bam_1WGCZ:GGTGCTGGTCTTTGACx-M2,0.7259497798388186,0.446409546224085,0.0,0.5603447492120752,1.0,1.0,0.0,0.5904921585657158,0.0,0.7309214786530128,1.0,0.0,0.3150835663047731,0.15416004321106,0.7350129246321939,0.26367106331528034,1.0,1.0,0.9236855385734731,1.0,1.0,1.0,0.7421619025044698,1.0,0.3057647881688081,0.4095052718716951,0.027836647513524267,0.6029252865569913,0.6397679024042562,0.691251539346786,0.7074142852406969,0.665101823062514,0.7064144013009013,0.5509577965802339,0.0316599642546104,0.6898687450650955,0.0,0.6320570336144146,0.6591349782313352,0.09522877132583787,0.20412791540670053,0.13629404228414405,0.3198637489660709,0.0113008023516594,0.9260662387516597,0.6175984631301052,0.0,0.24500575718047718,0.5446715951936892,0.6683173683865259,0.2565692264146226,0.7226033600747848,1.0
gex_possorted_bam_1WGCZ:GGTACAAAGCGATAGAx-M2,1.0,0.962735622590864,0.0,1.0,1.0,1.0,0.6129259776172289,1.0,0.2621592043810639,1.0,0.5658413709464031,0.6561089465475204,0.8523338181325617,0.45754786777290485,1.0,0.5191749124154394,0.2669790950278077,1.0,1.0,0.8077055615192498,1.0,1.0,1.0,1.0,0.7742077216357114,0.9006928523539922,0.0,1.0,1.0,1.0,1.0,1.0,1.0,1.0,0.0,1.0,0.3019501081892709,1.0,1.0,0.11524334480990946,0.7735473648828344,0.11459313413337055,0.5734980876974597,0.725505425896326,1.0,1.0,0.008211209738789336,0.0,0.9917552120727238,0.993880164277704,1.0,1.0,1.0
gex_possorted_bam_1WGCZ:GGTGAGCCATGCTCCCx-M2,0.8880450397617227,0.5517906405773646,0.1142667954807087,0.8273081681453438,0.945671603233617,0.5382393000821679,0.18357325835259397,0.8619599538485246,0.3172075513436834,0.7308379200918615,0.0,0.2958082834501385,0.5550860413620342,0.2524759294421782,0.9287125321396947,0.19906361500103278,0.0,0.0,0.3905325993212509,0.16745206697805473,0.9165774953656791,0.7836066560357953,0.9761319587332512,0.8869563357764882,0.43623136085435754,0.7956283654946865,0.18010192326901395,0.683909287218217,0.623123851604504,0.6105936111902325,0.0,0.789663984516831,0.8831153229835986,0.8421920435589202,0.07972767381704934,0.7343384142124116,0.29261023169359,0.7845237911307885,0.7200268532766964,0.04862463612715942,1.0,0.36218078054172614,0.5801443166350745,0.0,0.6043255394261943,0.8238732669762837,0.32413467074669594,0.2537740856773129,0.634263275971531,0.9750811242496819,0.554416134874718,0.6786486249370117,0.1340506353770549
gex_possorted_bam_1WGCZ:GGTACTAGTCTAACCTx-M2,0.9284424665549266,1.0,0.4098316659321869,0.9066236880361096,0.24317331254601446,1.0,1.0,1.0,0.45802737091511087,1.0,0.0,1.0,1.0,1.0,1.0,1.0,0.0,0.0825708139440004,0.7899719160996189,0.3510314852938043,1.0,0.8198328937365135,0.7768389401885686,1.0,1.0,0.8462327093659904,0.0,1.0,1.0,0.8247895234057642,1.0,0.929691856050737,0.8826846581517009,1.0,0.06116500439275863,1.0,0.9197575572499777,0.9701702016394651,1.0,0.8216745729361844,0.6472228068670305,0.9274995767663953,0.8277740420958208,1.0,1.0,1.0,0.49658185327823273,0.08298989471687263,1.0,0.8842338697916419,1.0,1.0,0.6544506297803485
gex_possorted_bam_1WGCZ:GGTGCTTCATTGTGTGx-M2,0.12266282244143037,1.0,1.0,0.8955864242551316,0.07220780598644747,0.0,1.0,0.719252994888887,1.0,0.9792523630315386,0.07208477845771548,1.0,1.0,1.0,0.19597192451720813,1.0,0.37232149225769146,0.4804683741762706,1.0,0.0,0.0,0.0,0.0,0.0,1.0,1.0,1.0,1.0,1.0,1.0,1.0,0.21924421769094263,0.0,0.7603600474605681,1.0,0.33392632486256413,1.0,0.2964233942511912,0.2933343499250514,1.0,0.17339172134868264,1.0,1.0,1.0,0.18281479094777606,0.5790977384816828,1.0,1.0,1.0,0.5058138749876766,1.0,1.0,0.0
gex_possorted_bam_1WGCZ:GGTGATTTCACTTCATx-M2,0.10429658711158925,1.0,1.0,1.0,0.07341190086458628,0.0,1.0,0.8274687608894123,1.0,0.8783773356145426,0.0,1.0,1.0,1.0,0.21711436100537826,1.0,0.0,0.0,1.0,0.0,0.0,0.0,0.0,0.0,1.0,1.0,1.0,1.0,1.0,0.8958650766085057,1.0,0.22382937651220458,0.0,0.840446773258935,1.0,0.2775920160250353,1.0,0.07752356172052693,0.07988651045216119,1.0,0.16005531076835555,1.0,1.0,0.21365809113653036,0.04301562837121548,0.5599270517814762,1.0,1.0,1.0,0.7609278323703906,1.0,1.0,0.0
gex_possorted_bam_1WGCZ:GGTACTTAGCATTAGCx-M2,1.0,1.0,0.7592615235295004,1.0,1.0,1.0,0.5315432713499595,1.0,0.9294358356680797,1.0,0.0,1.0,1.0,0.5425323127638141,1.0,0.23240080799665944,0.0,0.36446215951702154,0.8919492618270338,0.9554148645920202,1.0,1.0,1.0,1.0,0.6287438192166823,1.0,0.0,1.0,1.0,1.0,1.0,1.0,1.0,1.0,0.0,1.0,0.35007591640774605,1.0,1.0,0.06314104860007985,1.0,0.36034211380769304,0.9731527991753943,0.8879010037827945,1.0,1.0,0.42452873131914315,0.0,1.0,1.0,1.0,1.0,1.0
gex_possorted_bam_1WGCZ:GGTACTAGTAGGTTATx-M2,0.0,1.0,1.0,1.0,0.0,1.0,1.0,0.4951534580172438,1.0,0.43786013712273025,1.0,1.0,1.0,1.0,0.34906814859948576,1.0,1.0,1.0,1.0,0.0,0.0,0.0,0.0,0.0,1.0,1.0,1.0,1.0,1.0,1.0,0.9915615435936531,0.0,0.0,0.5233127492874231,1.0,0.28789572838619537,1.0,0.1958636994309504,0.0,1.0,0.1959914644125428,1.0,1.0,1.0,0.07585318440599474,0.5674505717788075,1.0,1.0,1.0,0.43205528082093697,1.0,0.9970371667371001,0.0
gex_possorted_bam_1WGCZ:GGTGTGACATTGCAGCx-M2,1.0,1.0,0.0,1.0,1.0,1.0,0.7344394177903056,1.0,0.5851524942078832,1.0,0.44274131697693886,0.9092015531976085,0.9980812560798206,0.5651664489110977,1.0,0.3888134098370197,0.13203446880513933,1.0,1.0,0.6712807173738077,1.0,1.0,1.0,1.0,0.7766353190628233,0.9004289036541787,0.0,1.0,1.0,1.0,1.0,1.0,1.0,1.0,0.0,1.0,0.28035878618149374,1.0,1.0,0.16657403596281925,0.6995585908369794,0.1254612430045623,0.7801834843010604,0.7620920610079088,1.0,1.0,0.12005895583668538,0.0,1.0,1.0,1.0,1.0,1.0
gex_possorted_bam_1WGCZ:GTACCGGGTAGGATTTx-M2,1.0,1.0,0.0,1.0,1.0,1.0,0.542836373304089,1.0,0.3675997745173067,0.9992060675746556,0.02240550912469185,0.4847088103174146,1.0,0.5072299913793876,1.0,0.2619313054799955,0.0,0.5378885693869176,1.0,0.8687332680307643,1.0,1.0,1.0,1.0,0.5199362897709925,1.0,0.013649699389468608,1.0,0.9178822046341185,1.0,0.8925002746048675,1.0,1.0,1.0,0.0,1.0,0.048182308062854964,1.0,1.0,0.0,1.0,0.12832792327719172,0.8000275127124423,0.4628353675016907,1.0,1.0,0.6343013245763806,0.0,1.0,1.0,1.0,1.0,0.5935518810557255
gex_possorted_bam_1WGCZ:GTACCTTGTTCAAGCAx-M2,1.0,0.5636319145266583,0.17703061514532484,1.0,1.0,0.6578200241433573,0.0,0.9966675161305526,0.6061152058204411,0.9924157260763747,0.0,0.8616347841148808,0.8278375447588892,0.0,1.0,0.0,0.0,0.0,0.4850285898087825,0.7740316086602157,1.0,1.0,1.0,1.0,0.030246726566714274,1.0,0.0,0.8324628699291922,0.6259798899820247,1.0,0.0,1.0,1.0,0.8755588873630001,0.0,1.0,0.03619501254257115,1.0,0.9600635462476267,0.0,1.0,0.15010348599308398,0.7280220493787343,0.32324067423814745,0.8882439743718993,1.0,0.5288628244101388,0.0,0.9662481782475099,1.0,1.0,0.8489373946475054,0.15766471211759167
gex_possorted_bam_1WGCZ:GGTTTCCTCAAGCGCCx-M2,0.9584707193753398,1.0,1.0,1.0,0.8309032330740084,1.0,1.0,1.0,1.0,1.0,0.0,1.0,1.0,1.0,1.0,0.9943413425069058,0.0,0.0,0.46278687811766794,0.6628169280102606,0.8543024968409633,0.8084159706407685,1.0,1.0,1.0,1.0,0.0,1.0,1.0,1.0,1.0,1.0,1.0,1.0,0.0,1.0,0.6206597401987686,1.0,1.0,0.7607459026406787,1.0,0.4630583577945498,1.0,1.0,1.0,1.0,0.849782609075416,0.0,1.0,1.0,1.0,1.0,0.7256958777240391
gex_possorted_bam_1WGCZ:GGTTACTAGCTGAGGGx-M2,1.0,1.0,0.4665824427744271,1.0,1.0,1.0,0.8842207944470409,1.0,1.0,1.0,0.7893454769232898,0.8475608384917753,1.0,1.0,1.0,1.0,0.49188030159995955,1.0,1.0,0.43580381968061616,1.0,1.0,0.9843275230247772,1.0,1.0,0.9532651267572716,0.005319012568657498,1.0,1.0,1.0,0.9969897456650311,1.0,1.0,1.0,0.09454494111447692,1.0,1.0,1.0,1.0,0.25617045779004083,0.7650015528901402,0.8787296936946122,0.9748871742545231,0.7506100363929381,1.0,1.0,0.5998009243694635,0.5823372000120985,0.999601377930591,1.0,1.0,1.0,1.0
gex_possorted_bam_1WGCZ:GTACACCCATGGCCTGx-M2,0.5188538056541064,1.0,1.0,1.0,0.46338183743524647,0.4937688132698623,1.0,1.0,1.0,1.0,0.0,1.0,1.0,1.0,0.6559494536992804,1.0,0.1546988311620635,0.2390048724262069,1.0,0.0,0.07063775165596652,0.0,0.3536097728269436,0.0,1.0,1.0,1.0,1.0,1.0,1.0,1.0,0.5428120801605898,0.3366290029064124,1.0,1.0,0.702391389360477,1.0,0.5582146895114543,0.5794297178622859,1.0,0.8850839983781345,1.0,1.0,1.0,0.5759979933591055,0.7991350558910063,1.0,1.0,1.0,0.9363918059269203,1.0,1.0,0.16854487983831992
gex_possorted_bam_1WGCZ:GTAAGCTTCCTAATTCx-M2,1.0,0.7166699760476544,0.0,0.9017777488002554,0.9732236532768437,1.0,0.2441867644894197,0.9901410693444388,0.4954085954768885,0.9008040089447381,0.4038290248850977,0.3921411416405335,0.7464456137408094,0.2929302126454986,0.897886306385975,0.30609697674484876,0.0741606547208113,0.8346835807769457,1.0,0.6035731158706934,1.0,1.0,1.0,1.0,0.5475139275725512,0.822290882368996,0.0,0.7743063160504094,0.5681431029948703,1.0,0.45256921942300393,1.0,0.9812869009509401,0.9689835029356387,0.0,1.0,0.17970367020968747,1.0,0.9471951054728689,0.06971872777127774,1.0,0.3078098791083043,0.5240160828047677,0.0,1.0,0.9614811893208896,0.2726430215199459,0.0,0.8532408357455711,0.9112153802019451,0.8628685252568358,0.95984339975311,0.951277891739033
gex_possorted_bam_1WGCZ:GGTGTTGTCAATGTGCx-M2,1.0,0.9715728906086097,0.0,1.0,1.0,1.0,0.43918762142229173,1.0,0.3292461220980691,1.0,0.7862635507300673,0.5063552983888407,0.801947664722163,0.45602265751480503,1.0,0.42856798375120303,0.363301761162953,1.0,1.0,0.600201116275236,1.0,1.0,1.0,1.0,0.775355658763102,0.9309344333391137,0.0,0.8577853190021214,1.0,1.0,0.9323148040416362,1.0,1.0,1.0,0.0,1.0,0.09442678747797671,1.0,1.0,0.0,0.8745724737257725,0.07082712461550046,0.7184761079391101,0.0,1.0,1.0,0.26032070155698145,0.0,0.9527719243759902,1.0,0.8660521586409905,1.0,1.0
gex_possorted_bam_1WGCZ:GGTTATGGTATTTGCCx-M2,0.08042602195228446,1.0,1.0,1.0,0.0915600375979161,0.0,1.0,0.9034505941182434,1.0,0.9028407541267326,0.0,1.0,1.0,1.0,0.18279475048691118,1.0,0.0,0.0,1.0,0.0,0.0,0.0,0.0,0.0,1.0,1.0,1.0,1.0,1.0,0.8056013765856284,1.0,0.2763531694868011,0.0,0.9421332335950905,1.0,0.2873115847176729,1.0,0.05053072753075025,0.05971683814585139,1.0,0.11547674173305866,1.0,1.0,0.34293284351296016,0.008697143605279314,0.5504897555327177,1.0,1.0,1.0,0.7856011985218171,1.0,1.0,0.26226928332804306
gex_possorted_bam_1WGCZ:GTAAGCTTCAACCAACx-M2,1.0,0.9244006467224498,1.0,1.0,1.0,0.14077773995198795,0.0,1.0,0.6792609586844935,1.0,0.0,1.0,1.0,0.7197806595552284,1.0,0.054274538445281156,0.0,0.0,0.0,0.03209419313737784,0.0,0.2918616071116917,1.0,0.5731135342110756,0.7319044550333719,1.0,0.06311040005658784,0.873545917040933,0.7526900028374358,1.0,0.0,1.0,1.0,1.0,0.0,1.0,0.0,1.0,1.0,0.0,1.0,0.0,1.0,0.7050752727649471,0.9731690227269706,1.0,1.0,0.0,1.0,1.0,0.852131756720483,1.0,0.0
gex_possorted_bam_1WGCZ:GGTTTCCTCATTACTCx-M2,1.0,0.7480556186001163,0.0,1.0,1.0,1.0,0.29135900603897436,1.0,1.0,1.0,0.0,0.8311410372540023,1.0,0.6301839302851506,1.0,0.38294686554429386,0.0,0.2694110197073972,0.7582373564321896,0.3072217342693768,1.0,1.0,1.0,1.0,0.7439128204141876,1.0,0.0,0.9941333857811943,0.5896885875519579,1.0,0.13207639720665545,1.0,1.0,1.0,0.008632587982134432,1.0,0.3714014310738966,0.9980222958903257,0.9942002175247444,0.0,1.0,0.1671971802879043,0.8451803324580887,0.14599393639320943,1.0,1.0,0.5679082016839057,0.15877890443442494,0.9306215111464736,1.0,1.0,1.0,0.7600184106030882
gex_possorted_bam_1WGCZ:GTAAGCGCATCCCGCTx-M2,1.0,0.9427634515701164,0.0,0.9059411671320138,0.829632368887878,1.0,0.5962914038201207,1.0,0.0682865056988625,0.9015981725431645,0.6052203660007143,0.6464922196335101,0.9906466720409184,0.6260018051722929,0.9772567773414117,0.3230598253695432,0.3982187008246612,1.0,1.0,0.4484562164326161,1.0,1.0,0.9344069866014909,1.0,0.8491564761127688,0.8131688168771388,0.0,0.8290724633631124,0.8756268980230094,0.8714812392205858,0.7659190226456412,1.0,0.986342760956029,1.0,0.0,1.0,0.26307002321274725,1.0,0.9989612895204686,0.14105475154059902,0.5111453645413331,0.3296733948069349,0.5216623832422824,0.0,1.0,0.9945282086686679,0.0,0.18067881916566142,0.850100291742876,0.877450913542599,0.8677749231576438,1.0,0.6346886324585371
gex_possorted_bam_1WGCZ:GTACCTTGTGTGCACGx-M2,1.0,1.0,0.0,1.0,1.0,1.0,0.5408998471815346,1.0,0.19030369145967288,1.0,0.8376381601363195,0.2844575972866913,1.0,0.46598197630705607,1.0,0.5582991701699339,0.42570152816382556,1.0,1.0,0.6928265966507694,1.0,1.0,1.0,1.0,0.8454747512963533,0.9314062283619434,0.0,0.9767060003524516,1.0,1.0,1.0,1.0,1.0,1.0,0.0,1.0,0.08012977768808399,1.0,1.0,0.12476251044040629,0.5379593424359194,0.31903255130719826,0.5973631710150739,0.11125461127235643,1.0,1.0,0.0,0.0,0.9553082157267797,1.0,0.966068687113455,1.0,1.0
gex_possorted_bam_1WGCZ:GGTTTGTAGTGAGCGGx-M2,0.7409018010984647,1.0,1.0,1.0,1.0,0.502965450396435,1.0,1.0,1.0,1.0,0.0,0.7418463800193572,0.3662698419468504,0.16938791645470153,1.0,0.0,0.0,0.0,0.0,0.24314156554957317,0.3838919475084056,0.5440490835461248,1.0,0.014030138962578593,0.8846884395948367,1.0,0.0,0.6328332080478378,1.0,0.6488156571341193,1.0,1.0,1.0,1.0,0.1962386134624085,1.0,0.0,1.0,1.0,0.28076861252390756,1.0,0.0,0.8839838227495822,1.0,0.8234858390807026,1.0,1.0,0.0,1.0,1.0,0.8327826398947409,1.0,0.20087347941285438
gex_possorted_bam_1WGCZ:GTACTGGTCATGTCAAx-M2,1.0,0.9975222238931258,0.21272092926976374,1.0,1.0,1.0,0.11486438766364399,1.0,0.12366261043327294,1.0,0.0,0.7197285908965997,1.0,0.3151972389605407,1.0,0.1663071242783274,0.0,0.0,0.9266240440063461,0.8885663102360778,1.0,1.0,1.0,1.0,0.26347372489670334,1.0,0.0,1.0,0.8274774825364629,1.0,0.7536420996353868,1.0,1.0,1.0,0.0,1.0,0.12172136588202552,1.0,1.0,0.0,1.0,0.2772215008926128,0.8172473460067322,0.4362853218792151,1.0,1.0,0.5860996043981406,0.0,1.0,1.0,1.0,1.0,0.7372065893961499
gex_possorted_bam_1WGCZ:GGTTTGTAGCCGCAACx-M2,1.0,0.9052960578099697,0.0,1.0,0.746172048756571,0.9202772691523923,0.8524407158099614,1.0,0.8360577766303556,0.9517426612358296,0.0,0.8190185812691803,0.8334454632318169,0.20745742270732836,1.0,0.1960551544102743,0.0,0.01217382496379917,0.7367182970394858,0.6856481982361885,1.0,1.0,1.0,1.0,0.6590606411079355,0.9217854772620244,0.0,0.9271186474501816,0.9760998196905146,1.0,0.5920333134031628,1.0,1.0,1.0,0.0,1.0,0.3164179828528635,1.0,1.0,0.0,1.0,0.26119223028669863,0.5673875395853363,0.4584728131130256,1.0,1.0,0.3311915028948598,0.05352763880841127,0.8783321529803163,0.977902712378118,0.887005880541303,0.9625176836158662,0.6357774905655414
gex_possorted_bam_1WGCZ:GTAAGCTTCCAAGTGTx-M2,1.0,0.9541964870291216,1.0,1.0,1.0,1.0,0.0,1.0,1.0,1.0,0.0,1.0,1.0,0.6257639332106574,1.0,0.16416010304314027,0.0,0.0,0.21471047437279886,0.6332582782006477,0.6233192618009145,0.9777418037965212,1.0,0.8189777730322565,0.9346395614115152,1.0,0.0,1.0,0.6240863520052771,1.0,0.0,1.0,1.0,1.0,0.0,1.0,0.0,1.0,1.0,0.0,1.0,0.0,1.0,0.9661997272453199,1.0,1.0,1.0,0.0,1.0,1.0,0.9395012040885713,1.0,0.9609770203080876
gex_possorted_bam_1WGCZ:GTACTTAAGCAAACCTx-M2,1.0,1.0,0.28224354648461386,1.0,1.0,1.0,0.2416458134422373,1.0,0.6103150973465812,0.9965185491520655,0.0,0.863199809124062,1.0,0.4119343362638361,1.0,0.00879553373885299,0.0,0.45111590342924796,0.929811488567849,0.8186645814029648,1.0,1.0,1.0,1.0,0.62031050080655,1.0,0.01440297909657539,1.0,1.0,1.0,0.2963877267661666,1.0,1.0,1.0,0.0,1.0,0.16007378224628224,1.0,1.0,0.0,1.0,0.4287111130538011,0.7507742559429106,0.6585311115906571,1.0,1.0,0.9175921268389099,0.0,1.0,1.0,1.0,1.0,0.6867058716551488
gex_possorted_bam_1WGCZ:GGTTTGTAGTGCACGCx-M2,1.0,1.0,1.0,1.0,1.0,0.7730795915804931,0.1135966350897981,1.0,0.602327618435775,1.0,0.0,1.0,1.0,0.5537988219920786,1.0,0.08849402641408217,0.0,0.0,0.5425167310102366,0.8990383586691753,0.9230599012039414,0.9777318246105976,1.0,1.0,0.408879117257432,1.0,0.0043967747114814675,1.0,0.9692332922649964,1.0,0.08707611800466182,1.0,1.0,1.0,0.0,1.0,0.2808518872119221,1.0,1.0,0.0,1.0,0.2618833444647204,1.0,0.6177798344166513,1.0,1.0,1.0,0.0,1.0,1.0,1.0,1.0,0.38951563463981986
gex_possorted_bam_1WGCZ:GGTTGGTGTTATCCTAx-M2,1.0,1.0,0.06763405697284221,1.0,1.0,1.0,0.6584295714797265,1.0,0.7932952447278386,1.0,0.06663915941016042,0.976787373287475,1.0,0.28756350284934407,1.0,0.2868070405228466,0.0,0.7833391708114475,1.0,0.7481223193401871,1.0,1.0,1.0,1.0,0.7805317593114944,0.9999458254047335,0.0,1.0,1.0,1.0,0.934096685728206,1.0,1.0,1.0,0.0,1.0,0.21465086407716227,1.0,1.0,0.0,1.0,0.2994307754493492,0.7600204668789443,0.37376480329741935,1.0,1.0,0.3577567769347857,0.0,1.0,1.0,1.0,1.0,1.0
gex_possorted_bam_1WGCZ:GTAATAGCAAGTGTCCx-M2,0.07072123881782835,1.0,1.0,0.9949870406743447,0.0,1.0,1.0,0.600558844215993,1.0,0.6101774558655255,1.0,1.0,1.0,1.0,0.20922306874368024,1.0,1.0,1.0,1.0,0.0,0.0,0.0,0.0,0.0,1.0,1.0,1.0,1.0,1.0,1.0,1.0,0.0,0.0,0.6697986388991884,1.0,0.22095760000938156,1.0,0.1666331788018709,0.17515406787324947,1.0,0.1124083890154809,1.0,1.0,1.0,0.016149244494678038,0.587105261376566,1.0,1.0,1.0,0.4526007118709521,1.0,1.0,0.0
gex_possorted_bam_1WGCZ:GTAATAGCATGCAACCx-M2,0.03509800594363118,1.0,1.0,0.8842272450245964,0.0,0.0,1.0,0.6219311940420438,1.0,0.511673208225649,0.14758131195282775,1.0,1.0,1.0,0.023713545673632597,1.0,0.28241804392057546,0.2221269902863553,1.0,0.0,0.0,0.0,0.0,0.0,1.0,1.0,1.0,1.0,1.0,0.9947260020341362,1.0,0.0,0.0,0.7498922239360389,1.0,0.13460310687256052,1.0,0.08876765610387675,0.11003394670674273,1.0,0.30606813828745083,1.0,1.0,1.0,0.0,0.518527144567434,1.0,1.0,1.0,0.5825824473391142,1.0,0.9385884523342314,0.0
gex_possorted_bam_1WGCZ:GGTTATGGTTAACGATx-M2,1.0,0.8010045442696309,0.7480630269829951,1.0,1.0,1.0,0.043529350418935436,0.9402728434531606,0.6143864019102405,1.0,0.0,0.679627049079508,1.0,0.25980738205602705,1.0,0.09741051602365132,0.0,0.14431522747173656,0.47977500927094363,0.8179696104802308,1.0,1.0,1.0,1.0,0.6078590522142863,1.0,0.0,0.8331408365329555,0.7019825864040989,1.0,0.026120244753355712,1.0,1.0,0.9628006553737983,0.0,1.0,0.0,0.9988447878614599,1.0,0.0,1.0,0.0,1.0,0.5322785390913625,1.0,1.0,0.6952573102589219,0.0,0.9275550472492214,1.0,0.6849409190131506,1.0,0.9377046596756001
gex_possorted_bam_1WGCZ:GGTTGGTGTCACGGATx-M2,0.34600747118813824,0.4861328274138761,0.6384292916063963,0.3538263963794233,0.7171714609491812,0.6033235715398061,1.0,0.7240606072895412,0.6550048430191471,0.5189314729378363,0.45708160242434864,0.0,0.34213294693433344,0.28072278274519624,0.30090597368605104,0.06477818585626566,0.8201190060950037,0.6569599072387114,0.0528471286003946,1.0,0.7918765274878983,0.6326500417691572,0.46331530356947026,0.5439709846636631,0.3411253213004826,0.31742430510247643,0.5575048567386166,0.28881945806865206,0.49309195597350913,0.04724909306129422,0.21706080087153978,0.4914248409736729,0.4336225156723585,0.26601225733256134,0.40585291255652345,0.35943777230392004,0.16432322716983933,0.28450551685785547,0.4692616950598029,0.38971765121758806,1.0,0.2252507345564399,0.17025449630996317,1.0,0.2983537006198614,0.42386991823702347,0.7191303498051931,0.20806234431024764,0.39107513269624855,0.5003123526955081,0.13179184292855167,0.20929028489818474,1.0
gex_possorted_bam_1WGCZ:GTACACCCATCAGCACx-M2,0.7869082418652524,0.23148076494473685,0.0,0.6461842718362758,0.8091798558254957,0.9755064903370105,0.0,0.6468603659473678,0.010149549063534163,0.5449735246138572,0.5705396393616183,0.23232658345568916,0.202969037756636,0.0,0.7680531068075104,0.04733955062789516,0.32572810171717015,0.7036223622692616,0.49346876103459486,0.7979335716437527,1.0,1.0,0.8056411008810301,1.0,0.06185520606659143,0.5190336824329959,0.0,0.5137019083339524,0.6246436732284666,0.7605423429237129,0.24425693029499893,0.8595540233185119,0.7556914318294528,0.6104165281878767,0.0,0.7330980950091739,0.021580501881133397,0.7372400052794366,0.6457226619647792,0.0,0.9357316146682938,0.010802928282211645,0.24898770473209275,0.0,0.9290059020111865,0.6825689422752169,0.0,0.05723530512432954,0.5230486604787548,0.6466461537530807,0.42049186732588156,0.6987559930908187,0.6066304630491033
gex_possorted_bam_1WGCZ:GGTTAGCGTGTGTGGTx-M2,0.040644728726219,1.0,1.0,1.0,0.0,1.0,1.0,0.6572308011147895,1.0,0.4700111061327756,1.0,1.0,1.0,1.0,0.2030704222346823,1.0,1.0,1.0,1.0,0.0,0.0,0.0,0.0,0.0,1.0,1.0,1.0,1.0,1.0,1.0,1.0,0.0,0.0,0.6589631721080873,1.0,0.19165044322246771,1.0,0.24923970054337807,0.1308326593790677,1.0,0.185755929751439,1.0,1.0,1.0,0.050100812508117855,0.5839633080490434,1.0,1.0,1.0,0.48741668355699036,1.0,0.9963310229292334,0.0
gex_possorted_bam_1WGCZ:GTACCTTGTAGCCTCCx-M2,1.0,1.0,0.0,0.9814402327501334,1.0,1.0,0.39732493765707516,0.958369276941752,0.5423775743823283,0.7881797567627309,0.36891034545079743,0.7228593995588136,0.8530959473482174,0.43920228012354534,0.9856364862734313,0.4691622857022302,0.0592498481997831,0.8922586819658197,1.0,0.7856148389450665,1.0,1.0,1.0,1.0,0.5553782425330906,0.8091025158200098,0.0,0.8914510673403344,1.0,0.9878966700151162,0.5302569521480845,0.799598990483319,1.0,0.9647431753276843,0.0,1.0,0.1942596211776908,0.9735451486076494,1.0,0.0,1.0,0.2511305558025954,0.575383598659133,0.148620555063608,1.0,1.0,0.021054237241913108,0.04433809498930518,0.8151665702713433,0.9682068301325538,0.9308512836431071,1.0,0.940053081527885
gex_possorted_bam_1WGCZ:GTAAGCGCACAAAGGTx-M2,0.09044314271160914,1.0,0.9200517375501645,1.0,0.0,0.0,1.0,0.9737777228185867,1.0,0.6825638212792712,0.0,1.0,1.0,1.0,0.14303844909155353,1.0,0.0,0.0,1.0,0.0,0.0,0.0,0.0,0.0,1.0,1.0,1.0,1.0,1.0,0.8776595876554552,1.0,0.3739352031565373,0.0,0.9188922940551816,1.0,0.2805842217014153,1.0,0.0,0.032767791366937284,1.0,0.11373791506895525,1.0,1.0,0.5743401011400768,0.05630182344638276,0.5179846240442926,1.0,1.0,1.0,0.683646955126694,1.0,1.0,0.0
gex_possorted_bam_1WGCZ:GGTGTCCAGGTCCTGAx-M2,0.055518337986707494,1.0,1.0,0.9410163527033272,0.0,0.6892872759199008,1.0,0.8414404280214172,1.0,1.0,1.0,1.0,1.0,1.0,0.178762141958764,1.0,1.0,1.0,1.0,0.0,0.0,0.0,0.0,0.0,1.0,1.0,1.0,1.0,1.0,0.9114379145671582,1.0,0.0,0.0,0.7549152494910218,1.0,0.3628795886301146,1.0,0.19734178551739223,0.14402151077263042,1.0,0.33895936109535135,1.0,1.0,1.0,0.1732812738806026,0.5061075361471512,1.0,1.0,1.0,0.4605032921006652,1.0,0.9617426990909888,0.0
gex_possorted_bam_1WGCZ:GTAGCGCTCATGAGCTx-M2,1.0,1.0,0.0,1.0,1.0,1.0,0.4158025716469646,1.0,0.17859646149502545,1.0,0.734699265275219,0.8953745246770628,1.0,0.21512308984868694,1.0,0.4956043648750272,0.40311445667836127,1.0,1.0,0.7083679644646304,1.0,1.0,1.0,1.0,0.6580089022078539,0.9073641567253418,0.0,1.0,1.0,1.0,1.0,0.9681056841183138,1.0,0.9870579687203085,0.0,1.0,0.21287394831210227,1.0,1.0,0.0,0.7393088878571674,0.0,0.66879622074345,0.8316328792803696,1.0,1.0,0.1516857140063468,0.0,0.9238803831469223,1.0,0.9527153820124025,1.0,1.0
gex_possorted_bam_1WGCZ:GGTTTCCTCCAATTAGx-M2,0.0,0.8294501592290963,1.0,0.39848467727573383,0.0,0.0,1.0,0.26959836820987093,1.0,0.13979313130028415,1.0,1.0,1.0,1.0,0.0,1.0,1.0,0.6448926925252676,1.0,0.0,0.0,0.0,0.0,0.0,1.0,0.5572402541737459,1.0,1.0,1.0,0.5089259077961564,1.0,0.0,0.0,0.3534272453197707,1.0,0.0,1.0,0.0,0.0,1.0,0.007973800478554434,1.0,1.0,1.0,0.0,0.19819662342866687,1.0,1.0,0.5745744164311992,0.11931403604988203,1.0,0.3920368127062896,0.0
gex_possorted_bam_1WGCZ:GGTTAATGTTCCGCACx-M2,0.04607379306649741,1.0,1.0,0.8717492350614369,0.0024361130525284397,0.8782360247732308,1.0,0.5645916702144828,1.0,0.46706884548206823,1.0,1.0,1.0,1.0,0.1488897998181566,1.0,1.0,1.0,1.0,0.0,0.0,0.0,0.0,0.0,1.0,1.0,1.0,1.0,1.0,1.0,1.0,0.0,0.0,0.6115157043978035,1.0,0.18532865214519728,1.0,0.12940808233980006,0.11592702875613194,1.0,0.148094752393449,1.0,1.0,1.0,0.016149386975979885,0.5176198276879624,1.0,1.0,1.0,0.4791347005251834,1.0,0.9009918944543152,0.0
gex_possorted_bam_1WGCZ:GGTGTCCAGTACCGCAx-M2,0.8139220410675412,1.0,1.0,0.9853935306272957,0.0,0.5518299062774636,1.0,1.0,1.0,1.0,0.0,1.0,1.0,1.0,1.0,1.0,0.0,0.0,0.1856901126946484,0.44240187158600014,0.5395427660999023,0.43868037137501553,0.7318493693431501,0.9641643518891978,1.0,1.0,0.0,1.0,1.0,0.757191077812911,1.0,1.0,0.8535344520873384,1.0,0.0,1.0,1.0,1.0,1.0,1.0,1.0,0.8564850728609755,1.0,1.0,1.0,1.0,0.7043212426633736,0.0,1.0,1.0,1.0,1.0,0.35084526573365676
gex_possorted_bam_1WGCZ:GGTTGAGCAGGCCTTGx-M2,1.0,0.9782743687707244,0.20347145279224008,0.8712788324855976,1.0,1.0,0.43230403554126084,0.852427358749497,0.1511609074553704,0.9498904079347977,0.9024884681459217,0.09504705849201651,1.0,0.2534429364445813,0.9586323384895145,0.11742561700253461,0.4944040404098983,1.0,1.0,0.8223774949314204,1.0,1.0,1.0,1.0,0.6500634835162667,0.8253392164216048,0.0,0.6182982299044336,1.0,0.8909914050482589,0.8696212990062584,1.0,1.0,1.0,0.0,1.0,0.29888337966168044,0.9966042628723903,0.9861815688898194,0.0,0.9925329744103858,0.2266810481563308,0.4551268560671779,0.0,1.0,1.0,0.0,0.015010113362164918,0.7951846795674965,1.0,0.8317046779091553,1.0,1.0
gex_possorted_bam_1WGCZ:GGTTAATGTTACCTGTx-M2,1.0,1.0,1.0,1.0,1.0,1.0,0.0,0.9533473251640805,0.6969961262916462,1.0,0.0,1.0,1.0,0.6958013088293652,1.0,0.06848127441867796,0.0,0.0,0.30582827055153566,0.2778807589175179,0.43046704133083086,0.9150024458941499,1.0,0.8506310161009779,0.6935087813011448,1.0,0.036318219371553336,0.8869900335923427,0.8010459623922731,1.0,0.0,1.0,1.0,1.0,0.0,1.0,0.2596570664168326,1.0,1.0,0.0,1.0,0.0,1.0,0.6286588627097198,1.0,1.0,0.8626388521595653,0.0,1.0,1.0,1.0,1.0,1.0
gex_possorted_bam_1WGCZ:GTACAATGTTACATCCx-M2,1.0,0.8925764138235672,0.11830795230248325,1.0,1.0,0.8868873836577523,0.23212727453993595,1.0,0.5333198174826728,0.904462459564216,0.0,0.8215162801663958,0.8303831134275099,0.41017654205276477,1.0,0.10646747484526602,0.0,0.0,0.7953190681115458,0.7203516679279804,1.0,1.0,1.0,1.0,0.3874829091656158,1.0,0.0,0.8984440676565058,0.7097103357373005,1.0,0.3420625922480341,1.0,1.0,1.0,0.0,1.0,0.12368145826226223,1.0,1.0,0.0,1.0,0.15965349239512566,0.5758722987773807,0.14890804669232882,1.0,1.0,0.27211013714494614,0.0,0.9608274952311999,1.0,0.9492370908929426,0.970903666225949,0.20181140020415794
gex_possorted_bam_1WGCZ:GGTTGCGGTTTGGGCGx-M2,1.0,0.8797964014466325,1.0,1.0,1.0,1.0,0.19385127882421965,1.0,1.0,1.0,0.0,1.0,1.0,0.9923703611758644,1.0,0.38806092975796813,0.0,0.0,0.07171666042522455,0.5047157406711024,0.35273051102532504,0.710298821840894,1.0,0.5797400467108247,1.0,1.0,0.0,1.0,0.4947570626616971,1.0,0.0,1.0,1.0,1.0,0.0,1.0,0.0,1.0,1.0,0.0,1.0,0.0,1.0,0.8913149249033308,1.0,1.0,1.0,0.0,1.0,1.0,0.8398300550175203,1.0,0.575125838252323
gex_possorted_bam_1WGCZ:GTACGTAGTTTAAAGCx-M2,0.027216249212946856,1.0,1.0,0.9973439300838741,0.21562378488395975,0.0,1.0,0.7320489235245363,1.0,0.9335377810554386,0.0,1.0,1.0,1.0,0.23523990407582895,1.0,0.0,0.0,1.0,0.0,0.0,0.0,0.0,0.0,1.0,1.0,1.0,1.0,1.0,1.0,1.0,0.3543297020535907,0.0,0.941516051083527,1.0,0.2529281263222919,1.0,0.11850334988678726,0.17453514790618657,1.0,0.09500752718229781,1.0,1.0,1.0,0.002068496959732592,0.6237772630397681,1.0,1.0,1.0,0.7970963058031706,1.0,1.0,0.6034397155629496
gex_possorted_bam_1WGCZ:GGTTGCGGTAACCTAGx-M2,0.04992130339941976,1.0,1.0,1.0,1.0,0.0,1.0,1.0,1.0,1.0,0.0,1.0,1.0,1.0,0.053283226428223425,1.0,0.0,0.0,1.0,0.0,0.0,0.0,0.23845855160178567,0.0,1.0,1.0,1.0,1.0,1.0,0.11949475351645439,0.9078932022496483,0.2503411652130737,0.0,0.9731824591323258,1.0,0.275958034784315,1.0,0.18047389202493322,0.5852338656433572,1.0,1.0,1.0,1.0,1.0,0.0,0.9150065529850571,1.0,1.0,1.0,1.0,1.0,0.807480354147935,0.6305116026640932
gex_possorted_bam_1WGCZ:GGTTGAGCATGATTGTx-M2,0.8213579963827543,1.0,1.0,1.0,1.0,0.5897673698501532,1.0,1.0,1.0,1.0,0.0,0.40990036867715063,1.0,0.9376268085810912,0.8420656177281903,0.0690743088548641,0.0,0.0,0.5161859822960849,0.8590913520200152,0.5344853967838417,0.47360341811396267,1.0,0.3131617434696795,1.0,1.0,0.5465401282676576,0.7992433329276162,1.0,0.39620653698024677,0.018369667357703765,1.0,0.9781693477792591,1.0,0.2802344218988506,0.9634739028518765,0.1398488267781669,1.0,1.0,0.23418325476831436,1.0,0.268954654221011,0.8105991213891836,1.0,0.6540207706885407,1.0,1.0,0.0,1.0,1.0,0.6235001543019799,0.881322777937225,0.6211774793294524
gex_possorted_bam_1WGCZ:GTAAAGCCAGGAAGCCx-M2,1.0,1.0,0.21681369863184527,1.0,1.0,1.0,0.3314543128536878,0.9561425044930588,0.4675394641309057,1.0,0.9172317764716634,0.6084618471007599,0.9816513955052528,0.6541310931321903,1.0,0.5192619422533373,0.52429426111625,1.0,1.0,0.6440897680370481,1.0,1.0,1.0,1.0,0.719128852477271,0.9864417551232011,0.0,0.9874439184852969,1.0,1.0,0.9390182749146413,0.9421150557416459,1.0,1.0,0.0,1.0,0.0,1.0,1.0,0.09373249003432305,1.0,0.0,0.7774655483515008,0.4288902706130472,1.0,1.0,0.0,0.1751722345645613,0.9497325393081816,1.0,0.9747776239895671,1.0,0.8794489981697612
gex_possorted_bam_1WGCZ:GGTGTGACACAGGATGx-M2,0.43894275737778393,0.2110085034761913,0.0,0.24800414139875648,0.5888558309816456,0.5436251273540118,0.07895737376383621,0.28907723560844084,0.23050467080934264,0.5991254280990536,0.4718197449047371,0.8404674755396119,0.2825077717729711,0.0,0.37437653911944646,0.4543600740276743,0.4236382138318731,0.5892269281146445,0.09658612357622605,0.8374228268252104,0.5990505772166267,0.9000023470526894,0.48060162828952996,0.8076045563859703,0.014837223688970815,0.12402972419589628,0.27464445118277464,0.3567011889994087,0.1089673366392174,0.7080697084970199,0.0,0.0,0.3568974168739948,0.16814722696292922,0.19994108545864847,0.5955486040260701,0.3826590980688427,0.3544225081047415,0.41013992021202716,0.26545351555547636,0.24418748478205865,0.9280756550463474,0.039558885819071805,0.0,0.7576917003236044,0.3759910415894709,0.0,0.32595878666760947,0.30701492959288496,0.4394317642248041,0.0,0.4025596791106048,0.792832500061195
gex_possorted_bam_1WGCZ:GGTTTCCTCGGTTTGGx-M2,1.0,0.7913017689468334,0.0,0.9816134247657708,1.0,1.0,0.2670719956691349,1.0,0.44416327661753374,1.0,0.4063848654843673,0.9707229461082572,0.8305828786710718,0.0834890792633121,1.0,0.1302194394132992,0.03151915620962179,0.9305250541033939,1.0,0.8314093611247451,1.0,1.0,1.0,1.0,0.7447676784619909,0.8937207747213408,0.0,0.7916122359770271,0.9090300998843357,1.0,0.7633495773964909,1.0,1.0,1.0,0.0,1.0,0.1691903900455671,1.0,1.0,0.0,0.9571965675835985,0.0,0.6773913688369974,0.08679302793722572,1.0,1.0,0.44390544199763227,0.013519548060915949,0.8935619515104317,0.9780503231603058,0.8362232769529103,1.0,0.7400725541639083
gex_possorted_bam_1WGCZ:GGTTCTTGTGAGCAAGx-M2,1.0,0.9157039728195749,0.5040027267992266,1.0,1.0,1.0,0.29899349678028875,1.0,0.29209697426827563,1.0,0.0,0.7848004084034643,1.0,0.15314347218096291,1.0,0.43707377876714515,0.0,0.09965850087016039,0.7985072872249934,0.9551349598804603,1.0,1.0,1.0,1.0,0.6782899168293189,1.0,0.0,0.9357931786947685,1.0,1.0,0.0,1.0,1.0,0.9735264637203446,0.0,1.0,0.17223675684686907,1.0,1.0,0.0,1.0,0.0,1.0,0.0,1.0,1.0,0.4085624594108033,0.0,0.9398817320927775,1.0,0.8121868586775098,1.0,0.7195762482491622
gex_possorted_bam_1WGCZ:GTAAGCAAGTGGCGGAx-M2,0.10151020288981837,1.0,0.8797589246547036,0.8067799088668856,0.27543026090414685,1.0,1.0,0.38008086674438324,1.0,0.6485666725155209,1.0,1.0,1.0,1.0,0.01878347951535296,1.0,1.0,1.0,1.0,0.0,0.0,0.0,0.0,0.0,1.0,1.0,1.0,1.0,1.0,1.0,1.0,0.0,0.0,0.5338034183212346,1.0,0.16574141171393122,1.0,0.2615844980392751,0.30906975226008765,1.0,0.029474742430056735,1.0,1.0,1.0,0.09637168104226741,0.6635601737166722,1.0,1.0,1.0,0.4240132772645564,1.0,0.9235255343756898,0.0
gex_possorted_bam_1WGCZ:GGTTGACGTAATCGTGx-M2,0.9375509820052575,0.9269403630404741,0.05187170033075257,0.8058719075117686,1.0,1.0,0.04601802549226339,0.8767563980221431,0.22397162404032178,1.0,0.28722741993176215,0.14291377817672343,0.7322786467693958,0.23979875989600086,1.0,0.07507047508949842,0.15642429485257534,0.7223739017193737,0.579036500587752,0.7108078245586704,1.0,1.0,0.9918787914477946,1.0,0.39159523230075743,0.8475250704988232,0.13762482613808658,0.6578455873485906,0.6812282330072973,0.8170034345745646,0.4379891839358117,1.0,0.9593696278246522,0.9504851198279546,0.015562011931114858,0.9470570879748047,0.17757886882648913,0.8974635435573123,0.8781117269945098,0.020310913324541102,1.0,0.0,0.5006963833110936,0.0,1.0,0.888656559176631,0.4393013094728594,0.10299186584966902,0.7977855168749136,1.0,0.408744127824198,0.8776431463490769,0.8001996981619485
gex_possorted_bam_1WGCZ:GGTTGCGGTGACATATx-M2,0.7973747958728956,0.3206421008778335,0.0,0.7186944840856473,0.7066256737328748,0.8985857496249503,0.11642531763403006,0.7098996033697189,0.07679024447365299,0.49125544788920306,0.3077902789264963,0.1607373711342148,0.26142075496019496,0.0,0.7073422389972297,0.08393313942049115,0.13459621352823103,0.7830256291612727,0.5387741706691522,0.713522671317233,1.0,1.0,0.7610283210157989,0.9713298804201467,0.1917011806936264,0.5140213402936896,0.16042208523037474,0.48289737643135494,0.46893464625217335,0.584540625854453,0.3272018577297628,0.424229324748545,0.7779391351992703,0.6727655611711694,0.07858111759851312,0.7765603275091334,0.0,0.6417277287324303,0.6693501372464472,0.0,0.6867778223344204,0.12569850511753844,0.3421584697256792,0.0,0.875852731753859,0.6596502964045704,0.0,0.30613521338472205,0.4686056022718459,0.5735749315422256,0.3070913863099543,0.6688336709904487,0.581848028147165
gex_possorted_bam_1WGCZ:GTAGCGCTCACCTGTCx-M2,0.7638632918033301,1.0,1.0,1.0,1.0,0.4071916206349863,1.0,1.0,1.0,1.0,0.0,0.16920065879944993,1.0,0.8783277161078115,0.8335101869051416,0.0,0.0,0.0,0.4112626795728112,0.3427794602521748,0.03989127997924661,0.3905512112640836,1.0,0.0,1.0,1.0,0.6107706476758245,0.43053565733132637,1.0,0.2988540334277594,0.0,1.0,1.0,1.0,0.20886247816320636,0.8749789086011412,0.0,1.0,1.0,0.09351514482695876,1.0,0.0,0.7325867136636024,1.0,0.22126617603577453,1.0,1.0,0.0,1.0,1.0,0.799240361889408,0.9633001639070898,0.28402175259272155
gex_possorted_bam_1WGCZ:GGTTGCATCCCTCACGx-M2,1.0,0.8458671235034054,0.0,1.0,1.0,1.0,0.5842709208055045,1.0,0.47805136396013553,1.0,0.42999402271754683,0.7426202396898319,1.0,0.4780516350117346,1.0,0.4066944928821176,0.1648000068512332,0.8795793407850078,1.0,1.0,1.0,1.0,1.0,1.0,0.8271892455623054,0.8321653334526303,0.0,0.8605131688298905,1.0,1.0,1.0,1.0,1.0,1.0,0.0,1.0,0.16576441121539828,1.0,1.0,0.042571749526722706,0.7409238330423239,0.0,0.756459764038323,0.19577179080328005,1.0,1.0,0.25949058413128956,0.055021039780834155,0.9696541778851336,1.0,0.9479219537413938,1.0,1.0
gex_possorted_bam_1WGCZ:GGTTGAGCAGGAAGCCx-M2,1.0,1.0,0.9851820750427569,1.0,1.0,1.0,0.4361755184972152,1.0,1.0,1.0,0.0,0.9293485573629957,1.0,0.47987829713497016,1.0,0.21645725041732664,0.0,0.0,0.5312364271145011,0.7426459043762065,1.0,1.0,1.0,1.0,0.9889301792188019,1.0,0.0,1.0,0.6426063231995912,1.0,0.004217048495873962,1.0,1.0,1.0,0.0,1.0,0.0,1.0,1.0,0.07431878733628423,1.0,0.24629754398678624,1.0,0.7782742418624794,1.0,1.0,1.0,0.0,1.0,1.0,1.0,1.0,0.7038493816599777
gex_possorted_bam_1WGCZ:GGTTGCATCAAGTGAGx-M2,1.0,1.0,0.5613497355871275,1.0,1.0,1.0,0.7890308607004868,1.0,0.810029657748198,1.0,0.0,0.6102022906080206,0.9510039496393302,0.4700886721324509,1.0,0.13485075396512755,0.0,0.43584408258972895,0.948940971223655,0.7473232214905231,1.0,1.0,1.0,1.0,1.0,1.0,0.0,1.0,1.0,1.0,0.6728852625274856,1.0,1.0,1.0,0.0,1.0,0.14104764314375684,1.0,1.0,0.0771829831784746,1.0,0.5251084442393086,0.8966147538411686,0.5806400988328604,1.0,1.0,0.2364382435398267,0.0,1.0,1.0,1.0,1.0,0.9109886176223881
gex_possorted_bam_1WGCZ:GGTTAATGTCGTAATGx-M2,1.0,0.8705284545795765,0.14145573204290385,1.0,1.0,1.0,1.0,1.0,0.33438172759821694,1.0,0.28163501663392765,1.0,0.9215642074106507,0.47046166244255444,1.0,0.42163646907367525,0.04543806718577128,0.699573180320492,1.0,0.8815050122173359,1.0,1.0,1.0,1.0,0.8993832750738545,1.0,0.0,1.0,1.0,1.0,1.0,1.0,1.0,1.0,0.0,1.0,0.1790141337655689,1.0,1.0,0.28265630739872544,1.0,0.10145814948079913,0.865294913201106,0.2037511234120876,1.0,1.0,0.0,0.0,0.9778138856539152,1.0,1.0,1.0,1.0
gex_possorted_bam_1WGCZ:GTAAAGCCAAGGGTTGx-M2,0.13048635660455363,1.0,1.0,0.8458093375459108,0.27693023914391335,1.0,1.0,0.49248942112364347,1.0,0.5009621870242875,1.0,1.0,1.0,1.0,0.44356592297379155,1.0,1.0,1.0,1.0,0.0,0.0,0.0,0.08919524113655754,0.0,1.0,1.0,1.0,1.0,0.9857112436235441,1.0,1.0,0.634200664422072,0.0,0.6850519170249615,1.0,0.2972486452458765,1.0,0.2720715755935752,0.18617933351387508,1.0,0.33950255032389515,1.0,1.0,1.0,0.06054762376000547,0.6135522535663074,1.0,1.0,1.0,0.3671962733676656,1.0,0.9628206855554696,0.0
gex_possorted_bam_1WGCZ:GGTTGCTCATTGCGACx-M2,1.0,1.0,1.0,1.0,1.0,1.0,0.055682135385512,1.0,1.0,1.0,0.0,1.0,1.0,0.4924868905821705,1.0,0.09136242047567725,0.0,0.0,0.34501549437506623,0.7285438284660167,0.905055447697481,1.0,1.0,1.0,0.8870226956237774,1.0,0.0,1.0,0.8438041490807525,1.0,0.14708825518322854,1.0,1.0,1.0,0.0,1.0,0.028568993597591567,1.0,1.0,0.0,1.0,0.09624205152432468,1.0,0.7246728985929057,1.0,1.0,1.0,0.0,1.0,1.0,0.8487715580297484,1.0,1.0
gex_possorted_bam_1WGCZ:GGTTGCTCATCTTGAGx-M2,1.0,1.0,0.12178405891301103,1.0,1.0,1.0,0.3985131226095483,1.0,0.1467431909323105,1.0,0.3975266762979115,0.7061248899490475,0.6919527344074621,0.29428984102695815,1.0,0.17023059782643227,0.05248695652989082,1.0,1.0,0.7429779573451458,1.0,1.0,1.0,1.0,0.5157248017013606,0.9750728405858301,0.0,1.0,1.0,1.0,1.0,1.0,1.0,1.0,0.0,1.0,0.1149157350950651,1.0,1.0,0.0,1.0,0.40171110647796293,0.7093253998812671,0.6753435089115472,1.0,1.0,0.0784559276643967,0.0,1.0,1.0,1.0,1.0,1.0
gex_possorted_bam_1WGCZ:GTACTGGTCCTAGTAAx-M2,1.0,0.7555880135348846,0.14330244651857915,1.0,1.0,0.16043412018453368,0.12917897720274235,1.0,0.7693403275129059,1.0,0.0,1.0,0.8967271752544708,0.24440203333766347,1.0,0.0,0.0,0.0,0.2080638621624531,0.4733138577082184,0.8954945336718213,0.7074829634128312,1.0,1.0,0.44692796094454174,1.0,0.0,0.6796260531219712,0.9275409675599436,0.998342307569209,0.0,1.0,1.0,0.9274873443884747,0.0,0.8443044532343852,0.3023784936555265,1.0,0.9932583740094759,0.0,1.0,0.0,0.5826756375851508,0.0,0.8528624694932122,1.0,0.49316553080706466,0.0,0.8807395140135931,1.0,1.0,0.7359936692211471,0.0
gex_possorted_bam_1WGCZ:GTACCGGGTGTGTCCCx-M2,1.0,1.0,0.3805207143318253,1.0,0.7919645104081827,0.651518726148745,1.0,1.0,0.6658002672192296,1.0,0.0,1.0,0.8580867263275882,0.764577061083372,1.0,0.5428107533073419,0.0,0.0,0.5526754137004419,0.5120623362943625,1.0,0.9270105169560452,1.0,1.0,0.7549260890264781,1.0,0.0,1.0,1.0,1.0,1.0,1.0,1.0,1.0,0.0,1.0,0.407486908578034,1.0,1.0,0.20266093268216281,1.0,0.5485486019882566,0.9560722458063707,0.8572097679350064,1.0,1.0,0.7786822393715461,0.0,1.0,1.0,0.9990080087068519,1.0,0.3698734254271963
gex_possorted_bam_1WGCZ:GTCCTCAGTAGGTTATx-M2,1.0,1.0,0.29131559222451203,1.0,1.0,1.0,0.45856708393780427,1.0,0.35163537294139574,0.8849811099280597,0.586055903469683,0.6202735740152997,0.892542864094313,0.23644690520031317,1.0,0.17544550893439706,0.10174103904440646,1.0,1.0,0.6247771908785554,1.0,1.0,1.0,1.0,0.6378709350646042,0.9171650176997196,0.0,1.0,1.0,1.0,0.9358557115682555,1.0,1.0,1.0,0.0,1.0,0.11749315082037386,1.0,1.0,0.05607868961645962,1.0,0.2069632092122928,0.8310514275624573,0.7564946912027262,1.0,1.0,0.0,0.0,0.9533537383047764,1.0,0.9263760199042183,1.0,0.956396744167941
gex_possorted_bam_1WGCZ:GTCGGTTCACATTGCAx-M2,1.0,1.0,0.047331090128520915,1.0,1.0,1.0,0.31384893949575376,0.9594140767683244,1.0,0.8698141645305794,0.4300200379559578,0.9076573980513567,1.0,0.542554464037565,1.0,0.34966004985506555,0.025987802302471195,0.8941593985846042,1.0,0.49327658372627325,1.0,1.0,1.0,1.0,1.0,1.0,0.0,1.0,1.0,1.0,0.7098420734231597,1.0,1.0,1.0,0.0,1.0,0.742922120305136,1.0,1.0,0.0,1.0,0.4833530270669848,0.8510473769456446,0.2024475835233499,1.0,1.0,0.097316934981428,0.0,1.0,1.0,1.0,1.0,1.0
gex_possorted_bam_1WGCZ:GTATGTTCAAGCGAGCx-M2,0.043830088794746036,1.0,1.0,0.9683372320513072,0.0,0.0,1.0,0.7187011536007412,1.0,0.7604461743453057,0.0,1.0,1.0,1.0,0.1099262028751172,1.0,0.0,0.0,1.0,0.0,0.0,0.0,0.0,0.0,1.0,1.0,1.0,1.0,1.0,1.0,1.0,0.01414128308178167,0.0,0.7426192341016017,1.0,0.2262311033375102,1.0,0.14621929132398395,0.22893510012982335,1.0,0.0055277020142102526,1.0,1.0,1.0,0.022045745490653832,0.5831836065524117,1.0,1.0,1.0,0.4786176783404405,1.0,1.0,0.0
gex_possorted_bam_1WGCZ:GTCAATATCGAGGAACx-M2,1.0,0.5759751881618603,1.0,1.0,1.0,0.6013734597107564,0.0,1.0,0.0,1.0,0.0,0.8470604484586574,0.8398056375667854,0.205315690770224,1.0,0.012774502021649672,0.0,0.0,0.7215572196073086,0.925824417064493,1.0,0.9939805312908218,1.0,1.0,0.0,1.0,0.0,0.9288167859456885,0.988672951848656,1.0,0.0,1.0,1.0,1.0,0.0,0.9825985238933141,0.15074976895596556,1.0,1.0,0.0,1.0,0.0,0.9881941435551967,0.0,0.8586320525295462,1.0,0.556368277478834,0.0,1.0,1.0,1.0,1.0,0.0
gex_possorted_bam_1WGCZ:GTAGGAGGTTACCGGGx-M2,1.0,1.0,0.0,1.0,1.0,1.0,0.45184755869221077,0.9384439315890829,0.026909557364567318,1.0,0.7363956153434618,0.6469414369917498,1.0,0.17264835403740084,1.0,0.3579951660535765,0.29882225482480956,1.0,1.0,0.8806606852937106,1.0,1.0,1.0,1.0,0.7276683748840718,0.9577525693939437,0.0,1.0,1.0,1.0,1.0,1.0,1.0,1.0,0.0,1.0,0.1615206486340613,1.0,1.0,0.04645691339146568,0.6211909602109552,0.05334126457074393,0.6349895005568851,0.29724078727703546,1.0,1.0,0.1007166375136358,0.0,1.0,1.0,0.9371051414718258,1.0,1.0
gex_possorted_bam_1WGCZ:GTCGCAATCGCTTGCTx-M2,1.0,0.9804807124144919,0.0,1.0,1.0,1.0,0.08271706428944947,0.982373855301337,0.14412373166788242,1.0,0.2876430404931323,1.0,0.9727548232296692,0.21799019862642166,1.0,0.0,0.0,0.6712510755218832,1.0,0.7874525774526819,1.0,1.0,1.0,1.0,0.3415000466339587,0.8871373417795685,0.0,0.7977939115161072,0.5409689961973757,1.0,0.9538926904262315,1.0,1.0,1.0,0.0,1.0,0.0,1.0,1.0,0.0,1.0,0.22067130980765015,0.7426520931301991,0.0011357094509130007,1.0,1.0,0.3481182283377991,0.0,0.9491469163368906,0.9904917913027221,1.0,1.0,0.9197735870153244
gex_possorted_bam_1WGCZ:GTCCGTAAGTAAACCCx-M2,0.07851425426083375,1.0,1.0,0.9369301854864576,0.08377712315635688,0.0,1.0,0.6794247073846205,1.0,0.668955476321916,0.3817877539673828,1.0,1.0,1.0,0.10503467234403731,1.0,0.39350289311870884,0.6866215810126013,1.0,0.0,0.0,0.0,0.0,0.0,1.0,1.0,1.0,1.0,1.0,1.0,1.0,0.0,0.0,0.7385368291021478,1.0,0.23672660281129396,1.0,0.10934510170638026,0.12469450611193622,1.0,0.06327458757570627,1.0,1.0,1.0,0.0,0.5575516030973366,1.0,1.0,1.0,0.5121772051301836,1.0,1.0,0.0
gex_possorted_bam_1WGCZ:GTCCTAGAGTTGCGTGx-M2,0.852458214191859,1.0,1.0,1.0,1.0,0.6160197364109891,1.0,1.0,1.0,1.0,0.0,1.0,1.0,1.0,1.0,0.34153994953715217,0.0,0.0,0.05445679685265773,0.7757352031951903,0.25389081220966475,0.4521951699115813,1.0,0.1425052337462478,1.0,1.0,0.24030384400231894,1.0,1.0,1.0,0.0,1.0,1.0,1.0,0.15518083187010845,1.0,0.0,1.0,1.0,0.05114591445952667,1.0,0.050910588969582525,1.0,1.0,1.0,1.0,1.0,0.0,1.0,1.0,0.6373176378518013,1.0,1.0
gex_possorted_bam_1WGCZ:GTATTGATCATGCTTTx-M2,0.09566770008111129,1.0,0.7623027651855989,0.9716035406617775,0.11248224352667399,0.05594756451566081,1.0,0.7076679185180377,1.0,0.20538694856360584,0.6189502636004768,1.0,1.0,1.0,0.17922696877485678,1.0,0.7423217757528859,0.904686097559045,1.0,0.0,0.0,0.0,0.0,0.0,1.0,1.0,1.0,1.0,1.0,0.9846184859952597,1.0,0.0,0.0,0.603032531893504,1.0,0.1743700557685355,1.0,0.12340612409084444,0.20054509842383922,1.0,0.13471391356684229,1.0,1.0,1.0,0.0,0.5147729704944801,1.0,1.0,1.0,0.4271783963246927,1.0,0.9530270782478487,0.0
gex_possorted_bam_1WGCZ:GTCAATATCTCCATATx-M2,1.0,1.0,0.0,1.0,1.0,1.0,0.47354320654297877,1.0,1.0,0.8771797277032238,0.0,1.0,1.0,0.3400829791312974,0.9816756193522156,0.09475004055685672,0.0,0.41244537330732806,0.7496573692484112,0.7058279203606818,1.0,1.0,1.0,1.0,0.660504672093739,0.8849813148496487,0.0,0.966954516037015,1.0,1.0,1.0,0.8551858720492815,1.0,1.0,0.0,1.0,0.11596807330564965,1.0,1.0,0.0,1.0,0.0012825452518325528,0.7706850006262445,0.6571852912422828,1.0,1.0,0.40052664310266656,0.016077034641295625,1.0,1.0,1.0,1.0,0.7620224947964502
gex_possorted_bam_1WGCZ:GTCCTAGAGGAACGCGx-M2,0.07190345298627203,1.0,1.0,0.8468989735440711,0.0,0.0,1.0,0.7645793407438438,1.0,0.9988230032704845,0.0,1.0,1.0,1.0,0.2575335254503706,1.0,0.0,0.0,1.0,0.0,0.0,0.0,0.0,0.0,1.0,1.0,1.0,1.0,1.0,0.7876474729633912,1.0,0.0,0.0,0.8577041257425769,1.0,0.29022860303226833,1.0,0.0814370569784734,0.09877388175030535,1.0,0.18698762739465868,1.0,1.0,1.0,0.1305572088333837,0.5312907303265876,1.0,1.0,1.0,0.37850329730548726,1.0,0.9311464599641491,0.0
gex_possorted_bam_1WGCZ:GTATTGTCACGAATCCx-M2,1.0,0.7970093430170199,0.1052544456860208,0.8563993354169939,0.8645078306578847,0.8505668408631554,0.39868475778422,0.9638603301617237,0.663788635618258,0.9528717578520396,0.019452669429916965,0.5929866290280837,0.61592519402181,0.13424388161723688,0.9846423458035546,0.05502738765030799,0.0,0.0,0.6824836645478426,0.7659752540555435,1.0,1.0,0.981349974816708,1.0,0.18186359341477507,0.7733550334126932,0.0,0.6042285959596218,0.7658596063048013,0.9293388574465367,0.47693495895771687,1.0,1.0,0.9438453620804691,0.023627074637553393,0.9782064929002273,0.29248009027246696,1.0,0.8885570089335025,0.03132746915067189,1.0,0.2684417938670249,0.5175648810034401,0.0,1.0,0.9343285429667036,0.18396610889949336,0.0,0.7845981269358983,0.9693423009376082,0.8511614032960535,0.8452110712037737,0.7243341497025653
gex_possorted_bam_1WGCZ:GTAGCGCTCCTTGTTGx-M2,0.6163015996686028,0.1561870259893309,0.0,0.5371678744493227,1.0,1.0,0.0,0.4762624459887625,0.0,0.441584440546878,1.0,0.0,0.0312622403465084,0.3056007058596672,0.6735935930430083,0.42773254260920845,1.0,1.0,0.6757495317005284,0.9426980668620045,1.0,1.0,0.5631197455490207,1.0,0.03454728452556613,0.26240287278475855,0.17909530179338537,0.49322498897317435,0.5771671339246953,0.44710639556596865,0.33277670444251295,0.5887928220287969,0.5603901178433046,0.46079682432898167,0.0,0.6224178165411168,0.0,0.48902297655903654,0.5065896796134803,0.17787569103799783,0.0,0.037309701134205536,0.13051342801531593,0.25735192429335807,0.8346517699031427,0.45477907453738703,0.0,0.20379859762591038,0.35179973530109476,0.536535106254584,0.3050165112723691,0.5521402573904771,1.0
gex_possorted_bam_1WGCZ:GTATGTGGTAATAGCTx-M2,1.0,1.0,0.0,0.8969659882417615,1.0,1.0,0.3000534583788509,0.9879604029919531,0.48952772224367785,0.909174292361728,0.3855574131726725,0.7231002618245975,1.0,0.41992266036192905,0.9645653172242684,0.12880375740585248,0.08762792770307694,0.7333331405056309,1.0,0.5569841171096875,1.0,1.0,1.0,1.0,0.6016008795583575,0.8148550355794802,0.0,0.7378851960502885,0.8779498471774726,1.0,0.7459074516581702,1.0,1.0,0.9513114681514797,0.0,1.0,0.17247502061301245,1.0,1.0,0.10192026841583093,1.0,0.7173318065893918,0.5022562577813899,0.08858194078730887,1.0,0.9899087664541453,0.1731142137733462,0.292175768704868,0.962439458934146,1.0,1.0,1.0,0.9966499567184999
gex_possorted_bam_1WGCZ:GTCATGCCACCTGGTGx-M2,1.0,1.0,0.0,1.0,1.0,1.0,0.5487935580773445,1.0,0.3924804278849677,1.0,0.4891177158405887,0.7620711093944195,0.9241620411779845,0.41197964689325683,1.0,0.43242799279924077,0.12155217738192238,1.0,1.0,0.8612952306501742,1.0,1.0,1.0,1.0,0.6694456270660264,0.9813985802821443,0.0,1.0,1.0,1.0,1.0,1.0,1.0,1.0,0.0,1.0,0.10635165615525996,1.0,1.0,0.0020685534403132645,0.8341659715080338,0.292255866434142,0.7279056956261538,0.2656398241906687,1.0,1.0,0.13027218128291834,0.0,1.0,1.0,1.0,1.0,1.0
gex_possorted_bam_1WGCZ:GTCTAACAGCGCATTGx-M2,1.0,1.0,1.0,1.0,1.0,1.0,0.0,0.9467884300837894,0.8856975821023663,1.0,0.0,1.0,1.0,0.6336598674851383,1.0,0.40392030983648486,0.0,0.024222962080127836,0.6150013456906844,0.7503993751185061,0.7005022971855639,1.0,1.0,0.7870436216021879,0.912389367428868,1.0,0.0,1.0,1.0,1.0,0.22335366707658103,1.0,1.0,1.0,0.0,1.0,0.0,1.0,1.0,0.05903225573796378,1.0,0.0,1.0,1.0,1.0,1.0,1.0,0.0,1.0,1.0,0.9489485983865775,1.0,1.0
gex_possorted_bam_1WGCZ:GTATTGTCAATAATGGx-M2,1.0,0.76245252093149,0.0,0.9951679234294512,1.0,1.0,0.3843100458254963,1.0,0.6082335567272724,0.966472715778649,0.7520378699853578,0.5272788718715151,0.8710691177547336,0.32575963833954025,1.0,0.5241226602095722,0.4260925346507731,1.0,1.0,0.5460287433642933,1.0,1.0,1.0,1.0,0.584873389545755,0.882206076623505,0.0,1.0,1.0,1.0,0.5903318438580264,1.0,1.0,1.0,0.0,1.0,0.13914705751399117,1.0,1.0,0.0,0.7151876585219509,0.0931593866069105,0.5659624276771599,0.1910271974648379,1.0,1.0,0.0,0.08727121993686587,0.9040167112713623,0.9980108792272746,0.7965182122724362,1.0,0.8788663889712696
gex_possorted_bam_1WGCZ:GTCCTCAGTCCGGTTCx-M2,0.03340963237150558,1.0,1.0,0.8787450582165347,0.023553045466072283,0.0,1.0,0.5131324601819724,1.0,1.0,0.4770831603441957,1.0,1.0,1.0,0.19935256637461876,1.0,0.8255428010435054,0.5198358815831379,1.0,0.0,0.0,0.0,0.0,0.0,1.0,1.0,1.0,1.0,1.0,1.0,1.0,0.0,0.0,0.6976163140843069,1.0,0.19978340080666498,1.0,0.22477960673547323,0.2419316922238489,1.0,0.18982473756048374,1.0,1.0,1.0,0.027158336284089105,0.515286627053468,1.0,1.0,1.0,0.3820475825848952,1.0,0.969539010570274,0.0
gex_possorted_bam_1WGCZ:GTATGTTCAAGGTGCAx-M2,1.0,1.0,0.006662833388074407,1.0,1.0,1.0,0.9385391359855942,1.0,0.6339023615719498,1.0,0.19405153275533915,0.9313887367617116,1.0,0.629343243021482,1.0,0.5481971150415952,0.0,0.9451577557686947,1.0,0.6900934004891223,1.0,1.0,1.0,1.0,0.9008451406396352,0.9943474888252555,0.0,1.0,1.0,1.0,1.0,1.0,1.0,1.0,0.0,1.0,0.3285838775459803,1.0,1.0,0.05999689143126074,0.860365532637104,0.2671943105810952,0.7849913108957132,0.4641517942782328,1.0,1.0,0.1257815981221362,0.0,1.0,1.0,1.0,1.0,1.0
gex_possorted_bam_1WGCZ:GTCTAACAGTAACCACx-M2,1.0,1.0,0.7563110726564234,1.0,1.0,0.6766210344385842,0.11075039515205876,1.0,0.5626601552786792,1.0,0.0,1.0,1.0,0.4369346263747796,1.0,0.0,0.0,0.0,0.6318847303583812,0.7804101799974683,0.9923121015000986,0.9633950824334325,1.0,1.0,0.29441137146993623,1.0,0.0,1.0,0.8425595378426195,1.0,0.0,1.0,1.0,1.0,0.0,1.0,0.33041706428330264,1.0,1.0,0.0,1.0,0.18437011480909138,1.0,0.5104677197459286,1.0,1.0,0.9053668394173856,0.0,1.0,1.0,1.0,1.0,0.08310106849841142
gex_possorted_bam_1WGCZ:GTCCTCCCAGTCTAATx-M2,1.0,1.0,0.0,0.9619820174184508,0.8673375129913868,1.0,0.5066653614634993,0.9705279149117171,0.0,0.9776015245318327,1.0,0.27602588638251396,0.8391253642346205,0.9146313104370702,1.0,0.9172502550502986,0.7950517310011219,1.0,1.0,0.358045892277862,1.0,1.0,0.9347934130674741,1.0,0.7228654751112983,0.7768332627466947,0.0,0.8936179373370972,1.0,1.0,1.0,0.9106168448279287,0.940460094549683,1.0,0.0,1.0,0.13959351598536338,1.0,1.0,0.11717827160751133,0.5160441178714139,0.34957626518233353,0.4960957928717605,0.19461464410038273,1.0,0.9937605564728285,0.10031225438201978,0.22025113551990644,0.8227678954940201,0.8900546099058512,0.8023804961582657,1.0,0.8738302220859017
gex_possorted_bam_1WGCZ:GTCCTCCCAAGGAATCx-M2,1.0,0.9526049243442393,0.0,1.0,1.0,0.9756807685876332,0.2695414042221539,1.0,0.507245135434544,1.0,0.0,0.7040457906893542,1.0,0.2833086012961792,1.0,0.17422596704744864,0.0,0.0,0.8834890595680979,0.7642429143835744,1.0,1.0,1.0,1.0,0.2132891259717977,1.0,0.0,1.0,0.8718737027040274,1.0,0.8182574357247899,1.0,1.0,1.0,0.0,1.0,0.0064155143171287085,1.0,1.0,0.0,1.0,0.0,0.7380895237219128,0.7253374792324363,1.0,1.0,0.34759145512648637,0.0,1.0,1.0,1.0,1.0,0.007586716406631769
gex_possorted_bam_1WGCZ:GTAGGATCATAGACCCx-M2,0.14623084540922543,1.0,1.0,1.0,0.0,0.0,1.0,0.9412814721330668,1.0,0.7729969760091572,0.0,1.0,1.0,1.0,0.1325456866722065,1.0,0.0,0.0,1.0,0.0,0.0,0.0,0.0,0.0,1.0,1.0,1.0,1.0,1.0,0.6824580128513834,1.0,0.030123066738840833,0.0,0.6907479969776156,1.0,0.3489899906254264,1.0,0.22061036479637855,0.04262546395438821,1.0,0.21103862127995568,1.0,1.0,1.0,0.12739773528546344,0.532170989127087,1.0,1.0,1.0,0.6870664852144016,1.0,0.8592931217574481,0.0
gex_possorted_bam_1WGCZ:GTCTAATCAGCTCATAx-M2,1.0,0.8758308132944631,0.0,0.8617302423721506,1.0,1.0,0.29152228979859274,0.9365078059790707,0.2794041894252578,0.8438256183897012,0.7842863915957663,0.5160817180467377,0.935387436759734,0.3865098382070346,0.9721606054176056,0.20295688733297876,0.39761602030907617,1.0,1.0,0.4106045522031344,1.0,1.0,1.0,1.0,0.6801138923556769,0.7839619627931124,0.0,0.823765447401169,0.6295445552626647,0.9330439292231686,0.8701169552929289,1.0,0.9979399046307234,0.946521023659048,0.0,1.0,0.24048697464473273,0.9602696948711795,0.9436243822776641,0.031883362785629664,0.8175856346823069,0.3958551253509305,0.5685033759229794,0.5435328865305514,1.0,0.9619173196518224,0.36598378319767605,0.2523752202054563,0.8010575998121094,1.0,0.7514963822242988,1.0,1.0
gex_possorted_bam_1WGCZ:GTCCTAGAGTCAATTGx-M2,1.0,0.927194526434392,1.0,1.0,1.0,0.8944289271172717,0.0,1.0,1.0,1.0,0.0,1.0,1.0,0.5849962161158808,1.0,0.11624315549764795,0.0,0.0,0.0,0.5587012277946236,0.3742383910408332,0.8025879964614758,1.0,0.7486893165374101,0.7996166346812486,1.0,0.0,1.0,0.6171386962397641,1.0,0.0,1.0,1.0,1.0,0.0,1.0,0.0,1.0,1.0,0.0,1.0,0.0,1.0,1.0,1.0,1.0,1.0,0.0,1.0,1.0,1.0,1.0,0.6385842570565977
gex_possorted_bam_1WGCZ:GTCAATATCGCTAGCAx-M2,1.0,1.0,0.0,1.0,1.0,1.0,0.4161122576546566,0.9860815740643274,0.0,1.0,1.0,0.39186489651180356,0.9626046644007477,0.5349378745685884,1.0,0.4651233260592244,0.5906094695442645,1.0,1.0,0.7225891758246056,1.0,1.0,1.0,1.0,0.8297786384088489,0.9358579480265734,0.0,1.0,1.0,1.0,1.0,1.0,1.0,1.0,0.0,1.0,0.12674124170491724,1.0,1.0,0.04978258337921046,0.6277109563222673,0.20413605733962195,0.6666285912514929,0.3019026405712222,1.0,1.0,0.0,0.1418053119622486,1.0,1.0,1.0,1.0,1.0
gex_possorted_bam_1WGCZ:GTATGTTCATAAGGACx-M2,0.8103354645783188,0.387881998647878,0.0,0.643454789730242,0.7959935044874417,0.9844498799730108,0.02391510049343199,0.7308874596341733,0.0,0.5045460517505428,0.4596621760758963,0.0909804984242582,0.3797333562600071,0.28167718872360936,0.6988105545038248,0.49047456247204346,0.2213484838800529,1.0,0.5298300647497898,1.0,1.0,1.0,0.7478471824311815,1.0,0.2776370734106933,0.4677985133653065,0.0,0.5283944660577016,0.19522239826647447,0.7825083560802278,0.10069816154592653,0.7609279233213809,0.730646378614618,0.582356828384944,0.0,0.7811905146452032,0.0,0.6031752332594349,0.7009809694624275,0.0,0.5058451825957163,0.0,0.33873453426364497,0.08213795449682922,0.8709772682070411,0.6521598138384841,0.1907487423831699,0.13829196789037737,0.5896901006648905,0.5427547964040899,0.6145923785916386,0.6961287896601625,1.0
gex_possorted_bam_1WGCZ:GTAGGTGCACATTGCAx-M2,0.05767555772214834,1.0,0.7959613114459132,1.0,0.0,0.25414278490070685,1.0,0.7649691388195189,1.0,0.44787421351436896,0.684704182174565,1.0,1.0,1.0,0.14986319544134957,1.0,0.912346114035797,1.0,1.0,0.0,0.0,0.0,0.0,0.0,1.0,1.0,1.0,1.0,1.0,1.0,1.0,0.0,0.0,0.8238858829759549,1.0,0.18173128524491974,1.0,0.06685267698073387,0.019473889828242132,1.0,0.050794046182448566,1.0,1.0,0.8414219162908837,0.01376355949681732,0.5506209902356076,1.0,1.0,1.0,0.48630039285929505,1.0,0.9894116032998981,0.0
gex_possorted_bam_1WGCZ:GTAGGAGGTGTAACCAx-M2,0.04393808122313004,1.0,1.0,1.0,0.11765862586692581,0.3837036460560604,1.0,0.636090682386415,1.0,0.36977407964361353,0.8078645221881379,1.0,1.0,1.0,0.09726085992723893,1.0,0.9301186847845611,1.0,1.0,0.0,0.0,0.0,0.0,0.0,1.0,1.0,1.0,1.0,1.0,1.0,1.0,0.0,0.0,0.7984708999786367,1.0,0.2394025189228617,1.0,0.11349211203499576,0.09376232483041319,1.0,0.06665510264117334,1.0,1.0,0.8610681633560238,0.0,0.5242890175305595,1.0,1.0,1.0,0.6553995998776123,1.0,0.9753272714260315,0.0
gex_possorted_bam_1WGCZ:GTCTAATCACTATGGCx-M2,1.0,1.0,0.5551443582493357,1.0,0.7280996840853093,0.10951310133242272,1.0,1.0,0.9328537455777047,1.0,0.0,1.0,0.978137520918729,0.2884912919279608,1.0,0.32784473827321947,0.0,0.0,0.281579806755169,1.0,0.9750377167020539,0.6366511121254074,1.0,1.0,0.746996849876834,1.0,0.0,1.0,1.0,0.8430522151936387,0.49034758392677097,1.0,1.0,1.0,0.0,1.0,0.484567170500169,1.0,1.0,0.14605990117304554,1.0,0.32848534169078053,0.900952283906237,0.8444125291687714,1.0,1.0,0.9073584449167122,0.0,1.0,1.0,1.0,0.8164250471147773,0.0
gex_possorted_bam_1WGCZ:GTATTGCAGCCTGACAx-M2,0.42335426752254013,1.0,1.0,1.0,0.3798553118957258,0.0,1.0,1.0,1.0,0.993873324895551,0.0,1.0,1.0,1.0,0.5054720543206774,1.0,0.0,0.0,1.0,0.0,0.0,0.0,0.26478890121119775,0.0,1.0,1.0,1.0,1.0,1.0,0.7930131462118537,1.0,0.5562854179047646,0.1917331066813289,1.0,1.0,0.6121625871131159,1.0,0.3972415095334036,0.4179316032451397,1.0,0.7410510186024989,1.0,1.0,1.0,0.43792205444753624,0.7013661534986733,1.0,1.0,1.0,0.9420549058371641,1.0,0.9721715161901684,0.3094355445840604
gex_possorted_bam_1WGCZ:GTCATGCCAGGTTAAAx-M2,1.0,1.0,0.0662977893082924,1.0,1.0,1.0,0.7459386155766818,1.0,0.6525728575368288,1.0,0.0835154858495547,0.6221005029216136,1.0,0.6507015365433096,1.0,0.7223159852208537,0.028624025586559437,0.9242555531333692,1.0,0.7415827921945483,1.0,1.0,1.0,1.0,1.0,1.0,0.0,1.0,1.0,1.0,1.0,1.0,1.0,1.0,0.0,1.0,0.34944415044286464,1.0,1.0,0.12476317578287777,0.9905143274363158,0.5262669290117354,0.9820724312518939,0.9156926188475635,1.0,1.0,0.4811974915319895,0.0,1.0,1.0,1.0,1.0,1.0
gex_possorted_bam_1WGCZ:GTCTAATCATTAGGCCx-M2,1.0,0.9759020827849207,1.0,1.0,1.0,0.3244717550211463,0.0,1.0,0.5416092821438007,1.0,0.0,1.0,1.0,0.5636577747336023,1.0,0.021743214567493504,0.0,0.0,0.0,0.211685168579097,0.2985285199820379,0.5949312893737206,1.0,1.0,0.3373927366845634,1.0,0.0,0.8356400856035486,0.6576025979903546,1.0,0.0,1.0,1.0,1.0,0.0,0.9507318413101228,0.0,1.0,1.0,0.0,1.0,0.0,1.0,0.7256219102414461,0.8484370331382658,1.0,1.0,0.0,1.0,1.0,1.0,1.0,0.0
gex_possorted_bam_1WGCZ:GTCATGAGTAAGGTCCx-M2,1.0,1.0,0.05301515857984851,1.0,1.0,1.0,0.18358867156884123,1.0,0.5402397819879795,1.0,0.6493830577922457,1.0,0.8235442973532132,0.7566467459097522,1.0,0.539070693422815,0.32861264248190625,1.0,1.0,0.6080720265890323,1.0,1.0,1.0,1.0,0.6429324671502473,1.0,0.0,0.8105656366805378,1.0,1.0,1.0,1.0,1.0,1.0,0.0,1.0,0.21215031781466342,1.0,1.0,0.0,1.0,0.0,0.7520948635296897,0.4776955014037773,1.0,1.0,0.4653284523322379,0.0,1.0,1.0,1.0,1.0,1.0
gex_possorted_bam_1WGCZ:GTCGGTTCACAACCTAx-M2,1.0,1.0,0.4201562958873744,1.0,1.0,0.7384802976731664,0.21400872032230475,1.0,0.6046180184734625,1.0,0.0,0.7641380417244215,0.9382760843391763,0.6070543307174048,1.0,0.21397471044906796,0.0,0.0,0.7902751391880344,0.6631568244162854,1.0,0.9040191637867284,1.0,1.0,0.40969276417144884,1.0,0.0,0.9197344963346881,0.7752392213186557,1.0,0.20327875274303975,1.0,1.0,1.0,0.0,1.0,0.05753110267896448,1.0,1.0,0.0,1.0,0.08268949655850254,0.8807092761343884,0.42213224149500345,1.0,1.0,0.8889508010258604,0.0,1.0,1.0,1.0,0.961938203217576,0.0
gex_possorted_bam_1WGCZ:GTCTAGCCAATGCCCGx-M2,0.050395083678630014,1.0,1.0,0.9426087009761009,0.09743110786339332,1.0,1.0,0.6688917223443305,1.0,0.48188109781721705,1.0,1.0,1.0,1.0,0.2014425421090752,1.0,1.0,1.0,1.0,0.0,0.0,0.0,0.0,0.0,1.0,1.0,1.0,1.0,1.0,1.0,1.0,0.0,0.0,0.7928402695241317,1.0,0.26114553111197614,1.0,0.1640672850457683,0.07331548287535275,1.0,0.014435953601263554,1.0,1.0,1.0,0.06477785525137676,0.5358790632999796,1.0,1.0,1.0,0.5765352273342926,1.0,0.936589326435851,0.0
gex_possorted_bam_1WGCZ:GTCCTAGAGCGCCTTTx-M2,1.0,0.9693451806832427,0.027965111163555288,1.0,1.0,0.9161732949982853,0.5689586362647295,0.9821474662183353,1.0,1.0,0.0,1.0,1.0,0.5492049750006429,1.0,0.0,0.0,0.0,0.7790891206606493,0.587677055112738,1.0,1.0,1.0,1.0,0.30324824446527526,0.9889535364305339,0.0,0.9955344858357368,0.11157750176539674,1.0,0.11511759133575382,0.9490158866476204,1.0,1.0,0.0,1.0,0.2588414924654166,1.0,1.0,0.0,1.0,0.4648367689397831,0.8754677448263339,0.868394163425589,1.0,1.0,0.20597233351549363,0.2206000806115675,0.9380583780733655,1.0,0.9980326739561416,1.0,0.0
gex_possorted_bam_1WGCZ:GTAGCTGTCAAACCTAx-M2,1.0,1.0,0.0,1.0,1.0,1.0,0.24307091444444517,1.0,0.3993485270004346,1.0,0.650675663622401,0.9872798471725991,1.0,0.3371699760977676,1.0,0.18543875579229668,0.22553219291310556,1.0,1.0,0.8941487175931058,1.0,1.0,1.0,1.0,0.4064092373856071,1.0,0.0,1.0,1.0,1.0,1.0,1.0,1.0,1.0,0.0,1.0,0.18531095815957602,1.0,1.0,0.0,1.0,0.0013074912490222542,0.6322478683553976,0.31202936595651937,1.0,1.0,0.11146113993201288,0.006993172085841537,1.0,1.0,1.0,1.0,1.0
gex_possorted_bam_1WGCZ:GTAGGTGCAACTAGGGx-M2,1.0,1.0,0.0,0.9831357400478502,1.0,1.0,0.5037011607014167,0.9783226207885822,0.6598253678827529,1.0,0.2807666645386055,0.7807480764864274,0.904162901059988,0.4142121062030892,1.0,0.21537775828108824,0.02065529622270675,0.772725375877011,1.0,0.6635736289027055,1.0,1.0,1.0,1.0,0.5968347820628647,0.8690348633958961,0.0,0.9866586732396669,0.9317515731799284,1.0,1.0,0.8300358401307552,1.0,1.0,0.0,1.0,0.18378777475892505,1.0,1.0,0.09246782184983972,0.9118917873748799,0.25367972489040713,0.6997769067383921,0.0015143481425891354,1.0,1.0,0.01926251380410283,0.05635215109098767,0.9199013188357205,0.9811721179911537,0.9921668681460506,1.0,1.0
gex_possorted_bam_1WGCZ:GTCCAGGGTTTAACGGx-M2,1.0,1.0,0.34065647346007677,1.0,1.0,0.8726416815548454,0.7331803848706512,1.0,0.685280268162704,1.0,0.0,1.0,0.8229907454773037,0.3502443564485807,1.0,0.24554160882418255,0.0,0.0,0.6517068921120485,0.9849887773062319,1.0,1.0,1.0,1.0,0.7352443080513944,1.0,0.0,0.9518637705950891,0.8990769136360092,1.0,0.3238780292408766,1.0,1.0,1.0,0.0,1.0,0.16098848150087008,1.0,1.0,0.007851636275853145,1.0,0.22912369233334953,1.0,0.38421457257331265,1.0,1.0,0.8676889707379771,0.0,1.0,1.0,1.0,1.0,0.35819392550692497
gex_possorted_bam_1WGCZ:GTAGGTGCAGGGAGGAx-M2,1.0,1.0,0.2468097390062662,1.0,0.46330473901325203,1.0,1.0,1.0,0.827794357135563,1.0,0.0,1.0,1.0,0.8060346687666583,1.0,0.6232303335752708,0.0,0.0,0.8072924980122829,0.6749734923475842,1.0,0.9775461080725618,0.9369423094970907,1.0,1.0,0.9695822630596819,0.0,1.0,1.0,0.8154815140034946,1.0,1.0,1.0,1.0,0.0,1.0,0.5048519484044343,1.0,1.0,0.5376877838935007,0.8437478760845021,0.47609447559061246,0.8181807668871987,0.3964279949011678,1.0,1.0,0.48734379061914607,0.0,1.0,1.0,1.0,1.0,0.5964432078040278
gex_possorted_bam_1WGCZ:GTCCTCCCATGAGTTTx-M2,1.0,0.6332638403494674,0.14029693553300407,1.0,0.9664366701821283,0.8910402254788276,0.23953970309717323,1.0,0.539631343765411,0.9760267629917263,0.0,0.8603627960288072,0.9247747892614829,0.029327844304881407,1.0,0.0,0.0,0.0,0.7760670429393355,0.8851435530034377,1.0,1.0,1.0,1.0,0.4897357600543001,0.988768174334965,0.0,0.8968971432101686,0.7994473041745969,0.9970826055903099,0.11843942154330672,1.0,1.0,1.0,0.0,1.0,0.21142637163154585,1.0,1.0,0.0,1.0,0.10244975286908543,0.7310160391582426,0.11586393038517417,1.0,1.0,0.28753516921627253,0.07819477476202827,0.9168540155765229,1.0,0.9959557140585285,0.9944041471934261,0.48850063720451964
gex_possorted_bam_1WGCZ:GTCATCCTCCCATAGGx-M2,1.0,0.725571175249333,0.3444064458287253,1.0,1.0,0.6316014555073485,0.0,1.0,0.5947166777563485,1.0,0.0,1.0,0.8107592632131143,0.25654287677435555,1.0,0.15458883428879358,0.0,0.0,0.48928041338751826,0.5279768821256653,1.0,0.9343643129830747,1.0,0.9076510310150315,0.540056236915066,1.0,0.0,0.7769472734677284,0.5484331903612288,1.0,0.0,1.0,1.0,0.9092635170101109,0.0,1.0,0.0407033197228192,1.0,1.0,0.0,1.0,0.0,1.0,0.27366026208445604,1.0,1.0,0.9949462056248694,0.0,0.9858971355513267,1.0,0.8285991969923333,0.9826467368462263,0.14073533099777547
gex_possorted_bam_1WGCZ:GTCCGTAAGGACCTTGx-M2,1.0,1.0,0.0,1.0,1.0,1.0,0.2430976622788902,0.93444085184284,0.10227472473585136,1.0,1.0,0.4167766091904631,0.8447913883816391,0.7319542479686468,1.0,0.7926301798374398,0.8500670777753475,1.0,1.0,0.4520678266714924,1.0,1.0,1.0,1.0,0.7034542413494541,0.8856924695221527,0.0,0.9469010685507722,1.0,1.0,0.9674751699916907,1.0,0.9997246276597882,1.0,0.0,1.0,0.06636532963848113,1.0,1.0,0.0,0.6860829429954963,0.24155826308688805,0.5730454879804208,0.0,1.0,1.0,0.1204526330587158,0.12248034419408224,0.8744471835615373,1.0,0.7464963517704505,1.0,0.9998567993076911
gex_possorted_bam_1WGCZ:GTCGCAATCGATTTAGx-M2,1.0,1.0,0.7961460212896541,1.0,1.0,1.0,0.24044678330333216,1.0,0.6921459089743773,1.0,0.15843114532770758,0.8046506969387667,1.0,0.2625972929815285,1.0,0.18600934065780478,0.07093611038769808,0.561946468733597,0.9331880171233652,0.9868486470255158,1.0,1.0,1.0,1.0,0.9006366882558735,1.0,0.0,1.0,0.9086702713749102,1.0,0.8240248141868178,1.0,1.0,1.0,0.0,1.0,0.11277017737847984,1.0,1.0,0.0,1.0,0.15273712296108558,0.9225712536049502,0.5335834305600957,1.0,1.0,0.7073860352285204,0.0,1.0,1.0,0.9273169842481827,1.0,1.0
gex_possorted_bam_1WGCZ:GTAGGAGGTCTTGCATx-M2,1.0,0.934263548650997,0.9904382282470208,1.0,1.0,0.8638987062203662,0.16513741251300373,1.0,0.19557474467864022,1.0,0.0,0.9947635824854009,1.0,0.30082291928927324,1.0,0.25365801788234316,0.0,0.0,0.8992687497084058,0.9626502445171035,1.0,1.0,1.0,1.0,0.034520501752400665,1.0,0.0,1.0,0.8841688519502047,1.0,0.03721927880298492,1.0,1.0,1.0,0.0,1.0,0.0,1.0,1.0,0.0,1.0,0.12164221260393043,1.0,0.6639317687808686,1.0,1.0,0.8915857695181562,0.0,1.0,1.0,1.0,1.0,0.0
gex_possorted_bam_1WGCZ:GTATTGCAGTTGGCCAx-M2,1.0,0.9343560240973514,0.04239233181778153,1.0,1.0,1.0,0.4019563139265378,0.9783993027383662,0.6948282879620434,1.0,0.4822541531192923,0.8577447447258917,1.0,0.561880844651714,1.0,0.4505508533581438,0.302639708086305,1.0,1.0,0.7112657964905502,1.0,1.0,1.0,1.0,0.911047680973446,1.0,0.0,1.0,1.0,1.0,0.6781608236107163,1.0,1.0,1.0,0.0,1.0,0.33016254270469636,1.0,1.0,0.035007411826420524,1.0,0.4197650382381326,0.8826133101122685,0.43352589555857113,1.0,1.0,0.21345016873423361,0.10840661934030384,1.0,1.0,0.8240259001565595,1.0,1.0
gex_possorted_bam_1WGCZ:GTAGGTGCACGTTACAx-M2,1.0,0.8183369683082298,1.0,1.0,1.0,0.549662509617955,0.0,1.0,0.8704459761551607,1.0,0.0,1.0,0.8987855242961157,0.4440766214875861,1.0,0.0,0.0,0.0,0.006149531834908523,0.4091364049303799,0.5426213529712149,0.7396216876792323,1.0,0.7756591006636206,0.7958796137393127,1.0,0.0,0.7883391029573362,0.41503336491335374,1.0,0.0,1.0,1.0,1.0,0.0,1.0,0.0,1.0,1.0,0.0,1.0,0.0,1.0,0.40382947734293106,0.9849170444679405,1.0,1.0,0.0,1.0,1.0,0.8138575687068228,1.0,0.16389459914490506
gex_possorted_bam_1WGCZ:GTCATTAAGCCTCTGTx-M2,0.7748282157825127,1.0,1.0,0.9374252499866271,0.0,0.6228237306743875,1.0,1.0,0.9159124494224083,1.0,0.0,1.0,1.0,1.0,1.0,1.0,0.0,0.0,0.2894750806878991,0.2917215339009755,0.5793392886135916,0.533449632897286,0.6400103729094357,1.0,1.0,0.9051020427975016,0.0,1.0,1.0,0.7043878592150217,1.0,0.9899126367202783,0.76813107179639,1.0,0.0,1.0,1.0,1.0,1.0,1.0,0.7668883471814647,0.7351798421595223,1.0,1.0,1.0,1.0,0.31601164525155184,0.0,1.0,1.0,1.0,1.0,0.5249881138578564
gex_possorted_bam_1WGCZ:GTCCAGGGTTAATGCGx-M2,1.0,1.0,0.0,1.0,0.850778919154811,1.0,0.6428369629528355,1.0,0.3363323996920471,0.8954841436570686,0.20074276495045426,0.885319358873116,0.924502551113922,0.7326689868921824,1.0,0.5042533136555624,0.1732922549577588,1.0,1.0,0.7719754410290078,1.0,1.0,1.0,1.0,0.9388369301525242,0.9779431499154317,0.0,1.0,1.0,1.0,0.6514234177210989,1.0,1.0,1.0,0.0,1.0,0.16287738676051677,1.0,1.0,0.031148528989302746,1.0,0.5299951633196553,0.51722638810438,0.17146452985442248,1.0,1.0,0.49934481198111746,0.2115282959148165,0.9228749806064909,0.9796810970021004,0.94334053339744,1.0,0.9381164870279415
gex_possorted_bam_1WGCZ:GTCATGCCAAGGACCAx-M2,0.7842885175187286,1.0,1.0,1.0,1.0,0.5496462418787028,1.0,1.0,1.0,1.0,0.0,0.0,1.0,0.9818957356664259,0.8420837119761777,0.0,0.0,0.0,0.5135664989449087,0.4869243832964109,0.2483797120958373,0.45866277534863575,1.0,0.053389031208307965,1.0,1.0,0.6959342482234109,0.5876107438162231,1.0,0.2990184658823867,0.0,1.0,0.993402952625772,1.0,0.20182889272332707,0.9307377164771011,0.0,1.0,1.0,0.17906042202087472,1.0,0.0,0.7573304104083809,1.0,0.4312394599970717,1.0,1.0,0.0,1.0,1.0,0.7878894010347548,0.9897257736806627,0.39245917597522995
gex_possorted_bam_1WGCZ:GTAGCGCTCATTGTTCx-M2,1.0,1.0,0.45685784396520496,1.0,1.0,1.0,0.0,1.0,0.3366556264725323,1.0,0.0,0.8747938052532666,0.8230905183138332,0.3631449310965706,1.0,0.21955812672953115,0.0,0.0,0.9709138900600878,0.7043112540100859,1.0,1.0,1.0,1.0,0.04724424187184849,1.0,0.0,1.0,0.8830388367201596,1.0,0.39963850384377286,1.0,1.0,1.0,0.0,1.0,0.15186840115911723,1.0,1.0,0.0,1.0,0.12563063733106683,0.9971538850132297,0.9303244860494385,1.0,1.0,0.47100146226347633,0.0,1.0,1.0,1.0,1.0,0.27123275747310427
gex_possorted_bam_1WGCZ:GTCCATTGTCCTAACTx-M2,1.0,0.7749511774178166,0.355414972255749,0.9466171874278322,1.0,1.0,0.14260074997571684,1.0,0.6596242529246911,0.9430040823222265,0.0,0.7522091687480063,0.7958349317059583,0.0017525592593504978,1.0,0.0,0.0,0.14588043340258894,0.6095554802995911,0.858316420435966,1.0,1.0,1.0,1.0,0.6476245686506479,0.965985396476569,0.0,0.5899259078318219,0.7391302113082402,1.0,0.16445190189564646,1.0,1.0,0.9893345879558252,0.0,0.9999069338235883,0.11234226544074238,0.9735895009477575,0.9757723648600656,0.0,1.0,0.007307828992144454,0.7381427636071309,0.4086808436930641,1.0,0.9893959464005005,0.7061082788538002,0.0,0.899231053353376,1.0,0.7930372182808688,0.9026405494044757,0.5400107739644272
gex_possorted_bam_1WGCZ:GTCATGCCAGGAACTGx-M2,1.0,0.9796237138983849,1.0,1.0,1.0,0.7563236305942396,0.0,1.0,1.0,1.0,0.0,1.0,1.0,0.5243273702278306,1.0,0.22327383268891648,0.0,0.0,0.0,0.44756454906655996,0.2995738594024092,0.8159901295569629,1.0,0.6543505609823185,0.7673356328798042,1.0,0.0,1.0,0.8111608228205862,1.0,0.0,1.0,1.0,1.0,0.0,1.0,0.06827191329614565,1.0,1.0,0.0,1.0,0.0,1.0,1.0,1.0,1.0,1.0,0.0,1.0,1.0,0.9848771029368814,1.0,0.722582709853852
gex_possorted_bam_1WGCZ:GTCCAAGTCCCTGGAAx-M2,1.0,1.0,0.0,1.0,0.908769877784152,1.0,0.7884109837158206,1.0,0.2978128680024546,1.0,0.7963848579525452,0.3882476883542133,1.0,1.0,0.9111286974725664,0.5756473275882285,0.4177958533427601,1.0,1.0,0.5895755908570057,1.0,1.0,0.9225568267365368,1.0,0.6485104260415461,0.7589808058248368,0.0,1.0,1.0,1.0,1.0,0.9138308826285472,1.0,0.8958432046600521,0.0,1.0,0.23027233313284395,1.0,1.0,0.02811449339221489,0.5780942025917446,0.0,0.41513403712136987,0.08310204970580201,1.0,1.0,0.1655126540272557,0.17583152811246275,0.8487114225051837,0.9275134609711179,1.0,1.0,0.8251985939098508
gex_possorted_bam_1WGCZ:GTATTCAAGCAGGCCTx-M2,0.010822657240500431,1.0,1.0,0.9065655563573306,0.0,1.0,1.0,0.426682073695363,1.0,0.7610869546040534,1.0,1.0,1.0,1.0,0.224497278868825,1.0,1.0,1.0,1.0,0.0,0.0,0.0,0.0,0.0,1.0,1.0,1.0,1.0,1.0,1.0,1.0,0.0,0.0,0.5541201438444125,1.0,0.1855221175346798,1.0,0.22664252698894782,0.2017730199629839,1.0,0.32565862251470723,1.0,1.0,1.0,0.0,0.5484077390315567,1.0,1.0,1.0,0.4804592052297512,1.0,0.977164461194939,0.0
gex_possorted_bam_1WGCZ:GTCGCAATCCGTTAAAx-M2,0.11381103470321682,1.0,1.0,0.9982570013119372,0.18346590707143381,0.0,1.0,0.810991680118592,1.0,1.0,0.0,1.0,1.0,1.0,0.3203321024724301,1.0,0.0,0.0,1.0,0.0,0.0,0.0,0.0,0.0,1.0,1.0,1.0,1.0,1.0,0.6000088130862146,1.0,0.3100199877007551,0.0,0.9303221983911476,1.0,0.29598653078326154,1.0,0.03068354320812627,0.11700207368994574,1.0,0.20272928833328438,1.0,1.0,0.7175965973099334,0.0,0.5526265193456742,1.0,1.0,1.0,0.6662628916092084,1.0,1.0,0.4035520855976598
gex_possorted_bam_1WGCZ:GTAGGATCAACCCTCCx-M2,1.0,1.0,0.030240448184223244,1.0,1.0,1.0,0.5970254038625847,1.0,0.5090361141858657,1.0,0.6391126773358128,1.0,0.913568093767566,0.573954977825262,1.0,0.339149321936737,0.25696274148218584,1.0,1.0,0.6316052717150269,1.0,1.0,1.0,1.0,0.6680337628775327,0.9086769562766501,0.0,1.0,1.0,1.0,1.0,1.0,1.0,1.0,0.0,1.0,0.06429040659254766,1.0,1.0,0.0,0.9555292660825835,0.22233269487783208,0.44723775316877196,0.2777727405975174,1.0,1.0,0.22642573115205822,0.0,1.0,1.0,1.0,1.0,1.0
gex_possorted_bam_1WGCZ:GTCCAGGGTAAGCTCAx-M2,1.0,1.0,0.08782838285526447,1.0,1.0,1.0,0.37079561507360037,1.0,0.0,1.0,0.5006807203984435,0.6511443382422258,0.7585219108925476,0.4453470346191965,1.0,0.34819302578014866,0.20630989200930402,1.0,1.0,0.7856002459123916,1.0,1.0,1.0,1.0,0.7819248961609053,1.0,0.0,1.0,1.0,1.0,1.0,1.0,1.0,1.0,0.0,1.0,0.2097386370707726,1.0,1.0,0.028758212233413693,1.0,0.26581485196444554,0.7795355083016373,0.5697449422361753,1.0,1.0,0.29594780018063327,0.09531185744684016,1.0,1.0,0.9523049251944031,1.0,1.0
gex_possorted_bam_1WGCZ:GTAGTTTCAGAAATGCx-M2,1.0,0.8982052711172084,1.0,1.0,1.0,0.6999574115818139,0.0,1.0,0.8833809280228577,1.0,0.0,1.0,1.0,0.4771021456433835,1.0,0.06038256662887727,0.0,0.0,0.0,0.35860817768328346,0.254203864035208,0.7172963911704026,1.0,0.7702998215409449,0.578179207077445,1.0,0.0,0.9590651035202795,0.6056268938672631,1.0,0.0,1.0,1.0,1.0,0.0,1.0,0.0,1.0,1.0,0.0,1.0,0.0,1.0,0.8801281274074051,1.0,1.0,1.0,0.0,1.0,1.0,1.0,1.0,0.2693611621932493
gex_possorted_bam_1WGCZ:GTCTAGCCAGCCGCTAx-M2,1.0,1.0,0.20352797600102585,1.0,1.0,0.9461542342197558,0.059673606811697,1.0,0.37476863826487095,1.0,0.0,1.0,0.9539568069528449,0.5334502463118622,1.0,0.0,0.0,0.0,0.9615648614487782,0.43749431355581003,1.0,1.0,1.0,1.0,0.018076016376248345,1.0,0.0,1.0,0.7355277183035132,1.0,0.43268491984389057,1.0,1.0,1.0,0.0,1.0,0.10202960352555772,1.0,1.0,0.0,1.0,0.6084407863055354,0.7769448638403318,0.5373978871046694,1.0,1.0,0.5983829675881227,0.0,1.0,1.0,1.0,1.0,0.05185128283305773
gex_possorted_bam_1WGCZ:GTAGTTATCGCTCACTx-M2,0.05121570803911552,1.0,1.0,0.948849048614711,0.24942292782418668,0.0,1.0,0.6145062819666226,1.0,1.0,0.0,1.0,1.0,1.0,0.18777187306998835,1.0,0.06596884717106141,0.0,1.0,0.0,0.0,0.0,0.0,0.0,1.0,1.0,1.0,1.0,1.0,1.0,1.0,0.0,0.0,0.7376453329082245,1.0,0.24050361933606101,1.0,0.29038365889654844,0.33128624394387807,1.0,0.21518192188640325,1.0,1.0,1.0,0.042160521358154034,0.5706992172860272,1.0,1.0,1.0,0.3883051771047177,1.0,1.0,0.39582582647668235
gex_possorted_bam_1WGCZ:GTCCGTAAGGTCATTAx-M2,0.0397456195681446,1.0,1.0,0.9439950534366757,0.025969365876553192,0.0,1.0,0.7550483096834355,1.0,0.8031887899297055,0.0,1.0,1.0,1.0,0.0,1.0,0.0,0.0,1.0,0.0,0.0,0.0,0.0,0.0,1.0,1.0,1.0,1.0,1.0,1.0,1.0,0.0,0.0,0.7547950303513856,1.0,0.2108485789337789,1.0,0.1220449507729275,0.2891406949639177,1.0,0.10631680197412005,1.0,1.0,1.0,0.0,0.6125765621896206,1.0,1.0,1.0,0.2887871833419196,1.0,0.9859535606038324,0.0
gex_possorted_bam_1WGCZ:GTCGAAGCACCTGGTGx-M2,0.0708719477479198,1.0,1.0,1.0,0.08767266582961984,0.0,1.0,0.8258189865190555,1.0,0.9837525673806619,0.0,1.0,1.0,1.0,0.12002272212692763,1.0,0.0,0.0,1.0,0.0,0.0,0.0,0.0,0.0,1.0,1.0,1.0,1.0,1.0,0.7650434142917587,1.0,0.0,0.0,0.9352042483486721,1.0,0.3094425273914358,1.0,0.137671278120656,0.15117872155294482,1.0,0.315588766391429,1.0,1.0,1.0,0.0,0.5474134905236999,1.0,1.0,1.0,0.6105041649222909,1.0,1.0,0.13524926330610068
gex_possorted_bam_1WGCZ:GTCCAGGGTGGGTGAAx-M2,0.9833992964906821,1.0,0.9638281241014324,1.0,0.3318212516890177,0.9198787834677508,1.0,1.0,1.0,1.0,0.0,1.0,1.0,1.0,1.0,1.0,0.0,0.0,0.3986362090631976,0.5065917381929124,0.8682635255695168,0.7085601754933589,0.8617423780303417,1.0,1.0,1.0,0.0,1.0,0.900031144275543,0.8714034986806097,1.0,1.0,0.9924425587074047,1.0,0.0,1.0,0.7445176746476729,1.0,1.0,0.8822069356848741,1.0,0.4461778050345408,1.0,1.0,1.0,1.0,0.7782370403387392,0.0,1.0,1.0,1.0,1.0,0.5802818343991311
gex_possorted_bam_1WGCZ:GTCATCACAAATGCCCx-M2,1.0,0.9812257553873865,0.5384399110785452,1.0,1.0,1.0,0.1338966333006531,1.0,0.4956058703394821,1.0,0.00902341015979341,0.9865076049880714,0.9932840431368125,0.4148367279087428,1.0,0.22756546745122458,0.0,0.1946785091546475,0.9116089532848266,0.7602676908808048,1.0,1.0,1.0,1.0,0.4540783433157732,1.0,0.0,1.0,1.0,1.0,0.5468382335343839,1.0,1.0,1.0,0.0,1.0,0.10040950462148705,1.0,1.0,0.0,1.0,0.1444380849475222,0.9184744320378447,0.568664225793606,1.0,1.0,0.516605043188246,0.0,1.0,1.0,1.0,1.0,0.7556721536031281
gex_possorted_bam_1WGCZ:GTGAGCGAGTGTGATCx-M2,1.0,1.0,0.33118834087992133,1.0,1.0,1.0,1.0,1.0,0.35431457059474075,1.0,0.0,0.7607593569193075,0.7807201447445645,0.0,1.0,0.46071646526804355,0.0,0.500206864798146,1.0,0.7846005765375159,1.0,1.0,1.0,1.0,0.9524402096753541,0.9745561557930665,0.0,0.9513091166530206,1.0,1.0,1.0,0.8846096035988679,1.0,1.0,0.0,1.0,0.24575008628321016,1.0,1.0,0.0,1.0,0.0,0.6206637816800814,0.32833726467137186,1.0,1.0,0.0,0.0,1.0,0.7278870556649301,0.9045239690475128,1.0,0.9711257448519525
gex_possorted_bam_1WGCZ:GTGTGCGGTGTTTCACx-M2,1.0,0.6709288224400909,0.0,0.8499885670068565,0.7307630167222106,1.0,0.5160948315531627,0.8928558405668375,0.2719574570123007,0.7896322487583761,0.6419028723058392,0.3313327980857625,0.9190383927682766,0.3489588751451255,1.0,0.6071640080522522,0.3911030230792298,1.0,1.0,0.7244766035660819,1.0,1.0,0.7880712846055983,1.0,0.6848592297682774,0.6994360682326,0.0032086584546863047,0.6809765123269368,0.8093016653850711,0.9345191058028941,0.6061900170815554,0.8312271099720818,0.8660950685585409,0.8599622972758957,0.00782469586234966,1.0,0.0,0.8061636748644111,0.8208861028222879,0.0,0.6909962756918321,0.14273827203608114,0.5751642892275628,0.0,1.0,0.8554116323282457,0.03182876473249927,0.19963606864874783,0.6949367753078769,0.8380032205343615,0.5528845818063409,0.9581813201110487,0.8335040328749795
gex_possorted_bam_1WGCZ:GTGTAACTCCCGTTGTx-M2,1.0,0.6648013385875874,0.0,0.957051845251151,1.0,0.7179980349132072,0.2912547726103512,1.0,0.3328147758390065,0.8767485899059358,0.0,1.0,0.9696526067410477,0.28831010246722066,1.0,0.0,0.0,0.0,0.5588064309442873,0.5932489904213332,1.0,0.9731169479201579,1.0,1.0,0.5607872982690023,1.0,0.0,0.588054728439954,0.8820762076477441,0.8814529896289511,0.2831384398132486,1.0,1.0,0.9054433084497888,0.0,0.9870108840969409,0.11443265708494149,1.0,1.0,0.0,1.0,0.007831419793451151,0.6005876331121129,0.47654162711030934,1.0,1.0,0.3541995640869032,0.0,0.8015545298058026,1.0,0.9758210666498329,0.8476274280028133,0.04387481801940682
gex_possorted_bam_1WGCZ:GTTAAGCTCATGGTGTx-M2,1.0,0.7915016940506286,0.42510133904542596,1.0,1.0,0.756969487517801,0.3144912526540701,1.0,0.46742834237250064,0.9759020083366374,0.0,0.7189546023998105,0.8571738180475733,0.17057373913333776,1.0,0.0,0.0,0.0,0.6479379315878675,0.5618818475251944,1.0,1.0,1.0,1.0,0.2017379219267864,1.0,0.0,1.0,0.9276559026351975,1.0,0.13646312133205504,1.0,1.0,1.0,0.0,1.0,0.21111715750907173,1.0,1.0,0.0,1.0,0.27265597069740455,0.7595560503611989,0.45661264077110525,1.0,1.0,0.41399767986865255,0.0,1.0,1.0,1.0,0.9558116551675928,0.14653318796528916
gex_possorted_bam_1WGCZ:GTGCGCAGTGGGAACAx-M2,0.055676092187199815,1.0,1.0,0.962155682049363,0.0,0.0,1.0,0.6630280975022116,1.0,0.6877509249169323,0.2057072507952158,1.0,1.0,1.0,0.07184694807742686,1.0,0.3464198348380114,0.45624003638963223,1.0,0.0,0.0,0.0,0.0,0.0,1.0,1.0,1.0,1.0,1.0,1.0,1.0,0.0,0.0,0.8003723240824103,1.0,0.19980533568974093,1.0,0.1841160862360556,0.16503116407174018,1.0,0.192127112804824,1.0,1.0,1.0,0.0,0.549563082765169,1.0,1.0,1.0,0.4463007521272091,1.0,1.0,0.0
gex_possorted_bam_1WGCZ:GTTACAGGTTAGGCGTx-M2,0.11612219076586733,1.0,1.0,0.9371852688396801,0.607001975302188,0.08321280351375293,1.0,0.5029244206864286,1.0,0.7484070585358983,0.4789480587864361,1.0,1.0,1.0,0.0,1.0,0.7809374121140567,0.0,1.0,0.0,0.0,0.0,0.0,0.0,1.0,1.0,1.0,1.0,1.0,1.0,1.0,0.3080144337548338,0.0,1.0,1.0,0.29265062042881707,1.0,0.21624206955487882,0.2418519814568516,1.0,0.3148661388089789,1.0,1.0,1.0,0.19517299982398903,0.49904870694748027,1.0,1.0,1.0,0.7156283181796966,1.0,0.9900525665308427,0.5059942309419883
gex_possorted_bam_1WGCZ:GTCTTTGTCAGTATTGx-M2,1.0,0.8269651003533589,0.0,0.9273604350982149,1.0,1.0,0.40977730147693964,0.9883930028568928,0.5555063466334321,0.7693122136898399,0.333606675203422,0.6565046580431879,0.917294571153056,0.2511106416534531,0.9279323836540092,0.1386890349159842,0.05649398255530973,1.0,0.9400729813637717,0.6800818169289892,1.0,1.0,0.9195973364816578,1.0,0.6285789609467812,0.7348115792921557,0.012681419640927252,0.6755392842670972,0.9136782673350657,1.0,0.5555586474778361,1.0,0.9731316909659862,0.9095279812430737,0.030267876564479337,1.0,0.08006892927347772,0.9081984509000512,0.9160200952176829,0.0,0.791392293507716,0.0,0.4270820841299305,0.0,1.0,0.9548943137179783,0.015634605558928056,0.2921861267815166,0.7521975803258328,0.9952193286678526,0.9267143182274651,0.9958301477997659,0.6081284964744257
gex_possorted_bam_1WGCZ:GTCTATGCAAACCCTAx-M2,0.9616052256952898,1.0,0.11171173223336506,1.0,0.22503552025887408,0.15780127890058573,1.0,1.0,1.0,0.9022962101710914,0.0,1.0,1.0,0.9558693419612722,0.8828241726066078,0.5127934289979783,0.0,0.0,0.42991747853591755,0.9351606170961274,0.8862963839694122,0.3773098683417923,0.8337524132629188,0.7922860396767789,1.0,0.9794398165480606,0.28962485987117015,1.0,1.0,0.4564537175121318,0.4838975629429727,0.8062269174271572,0.9760038161380182,1.0,0.2712938055505821,1.0,1.0,0.8937807691726081,1.0,0.427834655671432,1.0,0.7096271619868053,0.6517975176613109,0.8470709421249443,1.0,1.0,1.0,0.24597533354408246,0.922093919127042,1.0,0.7942071598233296,0.6804328304177175,0.18918108816857826
gex_possorted_bam_1WGCZ:GTCTATCGTTTCCTCCx-M2,0.05691158671859501,1.0,1.0,0.9458955683510174,0.050159658745119205,0.0,1.0,0.7144352845262159,1.0,0.7374728607399328,0.0,1.0,1.0,1.0,0.13549213770310686,1.0,0.0,0.0,1.0,0.0,0.0,0.0,0.0,0.0,1.0,1.0,1.0,1.0,1.0,0.9229805782827242,1.0,0.00625397013356894,0.0,0.6858559970281103,1.0,0.1982901393107451,1.0,0.08504228129649867,0.11195120679727691,1.0,0.056682082841096965,1.0,1.0,1.0,0.018890420340637204,0.5166761922831831,1.0,1.0,1.0,0.5621759808140795,1.0,0.9985330860469153,0.0
gex_possorted_bam_1WGCZ:GTGCTTCTCTTTGACTx-M2,0.8316451912332566,0.38482459796993923,0.0,0.7227530161984589,1.0,1.0,0.0,0.6506914675315992,0.0,0.6781404819797984,1.0,0.03396500625550538,0.5649910424054223,0.04695194595610573,0.8544270142949775,0.3881807782507586,0.7559158529539621,1.0,0.8986991227448006,0.834961598664732,1.0,1.0,0.8843378668675456,1.0,0.0363849261336163,0.5790451300324937,0.023490382061443885,0.6889661016208918,1.0,0.7188438247493513,0.8260484104534725,0.9574876321128996,0.8110116159536396,0.8185481516865852,0.10433313566757613,0.872231142134189,0.0,0.7011086375244309,0.7479644468889979,0.0,0.5853580267544839,0.02127025036032076,0.27372543662579385,0.128190466502265,1.0,0.826967264690628,0.0,0.23926194768071946,0.6169011639046479,0.8314137552362116,0.563900081236571,0.8202805033091728,1.0
gex_possorted_bam_1WGCZ:GTGTCCAAGTTGCGTGx-M2,1.0,1.0,0.5606075577659393,1.0,0.8125754773090824,1.0,1.0,1.0,0.5328039914370052,1.0,0.0,1.0,1.0,0.9901844593336163,1.0,0.755093625184097,0.0,0.0,0.7788810554780157,0.8923081384893566,1.0,1.0,1.0,1.0,1.0,1.0,0.0,1.0,1.0,1.0,1.0,1.0,1.0,1.0,0.0,1.0,0.4921265008454826,1.0,1.0,0.21521947143490788,1.0,0.262061616631401,1.0,1.0,1.0,1.0,1.0,0.0,1.0,1.0,1.0,1.0,0.763457108028838
gex_possorted_bam_1WGCZ:GTGTAACTCTGTAATGx-M2,0.7976265571142597,0.8924766556083499,1.0,0.9730454254171206,1.0,0.9030970427968281,1.0,1.0,1.0,1.0,0.0,1.0,0.8923019220624359,1.0,1.0,0.5735551131711432,0.6731464219631373,0.48823823959065327,0.7517840555897238,1.0,0.7186329675606097,0.38595269439056756,1.0,0.5909356424884329,0.7060072027571145,1.0,0.005152218101112774,1.0,1.0,1.0,0.0,0.72914894710967,1.0,0.9732081533481446,0.35885979309163607,1.0,0.19533405738579773,1.0,1.0,0.1900994146736841,1.0,0.6410557516532067,1.0,0.9973545759522886,1.0,0.8127514754568889,1.0,0.0,0.9131666546658743,1.0,0.2320156064877926,0.6932575351078382,1.0
gex_possorted_bam_1WGCZ:GTTAAGCTCAGGCCTAx-M2,0.037523309946462566,1.0,1.0,0.9983677866288118,0.03400918752386427,1.0,1.0,0.529406841547699,1.0,0.5396542425128255,1.0,1.0,1.0,1.0,0.14527686309468069,1.0,1.0,1.0,1.0,0.0,0.0,0.0,0.0,0.0,1.0,1.0,1.0,1.0,1.0,1.0,1.0,0.0,0.0,0.6923677752380225,1.0,0.1998829525038843,1.0,0.09201697506870472,0.11018672231008803,1.0,0.06553628725087977,1.0,1.0,0.9422153164769502,0.0,0.5793196992857512,1.0,1.0,1.0,0.46504375582395086,1.0,1.0,0.0
gex_possorted_bam_1WGCZ:GTGGTTAGTTTCGCCAx-M2,1.0,0.5160369661611227,1.0,1.0,1.0,0.30365969806279824,0.0,1.0,0.8121193927134852,1.0,0.0,1.0,0.9374416505569071,0.4176209263700354,1.0,0.0,0.0,0.0,0.0,0.09362674565667363,0.14912733345471765,0.5647635191271706,1.0,0.7503864972350285,0.5535297161313308,1.0,0.017139502933115513,0.7078217125159423,0.44135579237038125,1.0,0.0,1.0,1.0,1.0,0.0,0.9015232167691619,0.0,1.0,1.0,0.0,1.0,0.0,1.0,0.4804215372673545,0.931555473386467,1.0,0.9179304851400217,0.0,1.0,1.0,0.8886585490854456,0.9850542441284759,0.0
gex_possorted_bam_1WGCZ:GTGTGTTAGCTCAATAx-M2,1.0,0.855447956982665,0.0,1.0,1.0,1.0,0.3793602903079281,1.0,0.0,1.0,0.9247299794570668,0.42523544232802774,0.7256148210669143,0.3700081561874234,1.0,0.3707807166868043,0.43826570390687003,1.0,1.0,0.6110378124579828,1.0,1.0,1.0,1.0,0.6690015824216954,0.9161563748630124,0.0,0.930007571279345,1.0,1.0,1.0,1.0,1.0,1.0,0.0,1.0,0.1278426690385692,1.0,1.0,0.0,0.9121141304744264,0.03931253454092031,0.6612031415265208,0.0,1.0,1.0,0.0257090939417059,0.0,0.9027529402235717,0.9561703157370129,1.0,1.0,1.0
gex_possorted_bam_1WGCZ:GTCTCACTCATTTGTCx-M2,1.0,1.0,0.7062367507499452,1.0,1.0,1.0,0.04422352003816397,1.0,0.719884573478508,1.0,0.0,1.0,1.0,0.5235967407498319,1.0,0.0,0.0,0.0,0.7076500857818614,0.7381653091433863,1.0,1.0,1.0,1.0,0.5390204852703508,1.0,0.0,0.958543318897132,0.621986404717702,1.0,0.28709182501234937,1.0,1.0,1.0,0.0,1.0,0.19152199497034467,1.0,1.0,0.0,1.0,0.06188792829170402,1.0,0.4569597563711585,1.0,1.0,0.8510345787656455,0.04181928381298966,1.0,1.0,0.964510998835442,1.0,0.4218014541620764
gex_possorted_bam_1WGCZ:GTGCGGTTCATCCTCAx-M2,1.0,1.0,0.0,1.0,1.0,1.0,0.38713060224866247,0.9739209755389096,0.348065176735333,1.0,0.7389110967449781,0.47112439037491444,0.8770427601763514,0.3148273878529049,1.0,0.4795652120573249,0.3592668503642969,1.0,1.0,0.6305830725970849,1.0,1.0,1.0,1.0,0.7092594829742631,0.9740983273507159,0.0,1.0,1.0,1.0,1.0,1.0,1.0,1.0,0.0,1.0,0.22540666976409077,1.0,1.0,0.0,0.7588926647132621,0.09568186714625841,0.6195780613142838,0.13644637840369297,1.0,1.0,0.06375785111662155,0.0,0.9447892793709189,1.0,0.8296648210741107,1.0,1.0
gex_possorted_bam_1WGCZ:GTCTTTAGTTATAGCGx-M2,1.0,0.7134705404192782,0.16173410512780723,1.0,1.0,0.39078493646469725,0.03220716223414601,1.0,0.8502233907252477,1.0,0.0,0.8813289351571557,0.8430169513192941,0.13708596520346872,1.0,0.012905415904471652,0.0,0.0,0.5494447902010109,0.569423087579047,1.0,1.0,1.0,1.0,0.21444291410501842,1.0,0.0,0.8803474369162155,0.7477703816911951,1.0,0.0,1.0,1.0,0.9890645007857777,0.0,0.9632452550827789,0.0,1.0,0.9827114436722241,0.0,1.0,0.13261927678637667,0.5993785108108425,0.0,1.0,1.0,0.32275765724564015,0.0,0.9290878059531728,1.0,0.7474948880349004,0.8979407039055067,0.18521344712936988
gex_possorted_bam_1WGCZ:GTGAGGAGTTGAGGTCx-M2,1.0,1.0,0.0,1.0,1.0,1.0,0.4194755628311876,0.943216276020302,0.30359245269243423,1.0,1.0,0.6499634017323482,1.0,0.7950047050764515,1.0,0.8038342437865087,1.0,1.0,1.0,0.5549269319515064,1.0,1.0,1.0,1.0,0.8847303649359075,0.8825134200790041,0.0,0.8597390487142723,1.0,1.0,1.0,1.0,1.0,0.9722135637679981,0.0,1.0,0.041788094636909634,1.0,1.0,0.0,0.6098981195568344,0.4168436968834261,0.6206633118012219,0.22527098630066364,1.0,1.0,0.11977835788913145,0.23601812365142927,0.9158715365464389,1.0,0.6755427795333044,1.0,0.9749097401558403
gex_possorted_bam_1WGCZ:GTGGTTAGTAATCACGx-M2,0.783788990861004,1.0,0.38484483074223674,0.8106502627633515,0.48856994510462703,1.0,1.0,1.0,0.6316811153873818,1.0,0.0,1.0,0.810091820117337,0.6694768412177873,0.9497184556824877,0.5480036846413243,0.0,0.07254259995274707,0.3209864200840425,1.0,1.0,0.9186923686892924,0.7484477638629435,1.0,0.5665327250337413,0.6120169355450121,0.0,1.0,1.0,0.7955125980102334,1.0,0.5146477797024512,0.8344904924720142,0.9814340262095155,0.07769880849913423,1.0,0.5087561910381235,0.7936192807499425,0.959377480160569,0.6857181374557804,0.6728447360931352,0.7293993868732458,0.6163205412816513,1.0,0.9178560551357046,0.8996933714167541,0.42229024087253275,0.0,0.9358564283140773,0.9342374827493101,0.9148690668439037,0.8353651188789935,0.9205340349091201
gex_possorted_bam_1WGCZ:GTGCTGATCAGGTCCAx-M2,1.0,1.0,0.4408546826910486,1.0,1.0,1.0,0.8614797591880735,1.0,0.3446026478084883,1.0,0.28227182610340706,0.9471066063545379,0.9858224153309666,0.941951303157976,1.0,0.8167081665339081,0.12402283979015255,1.0,1.0,0.748302336820539,1.0,1.0,1.0,1.0,0.7814684215628744,1.0,0.0,1.0,1.0,1.0,1.0,1.0,1.0,1.0,0.0,1.0,0.43213296305760374,1.0,1.0,0.30197377939729964,1.0,0.3222355898323749,0.8526630031952287,0.9212273686317387,1.0,1.0,0.2539246332959078,0.17845097935923238,1.0,1.0,1.0,1.0,1.0
gex_possorted_bam_1WGCZ:GTGGACACACCACAACx-M2,0.9342441779759968,0.9446563322674539,1.0,1.0,1.0,0.28930299546174065,0.0,1.0,0.7908234443644724,1.0,0.0,1.0,1.0,0.7552808302805336,1.0,0.03317206784627811,0.0,0.0,0.0,0.0,0.0,0.38980689791398226,1.0,0.46652211448493286,0.3804870839976833,1.0,0.0,0.8591129122272064,0.9584517562360315,1.0,0.0,1.0,1.0,1.0,0.0,0.8932713751904143,0.0,1.0,1.0,0.0,1.0,0.0,1.0,1.0,0.730994375991754,1.0,1.0,0.0,1.0,1.0,1.0,1.0,0.0
gex_possorted_bam_1WGCZ:GTGTTACAGGTCCGTAx-M2,0.8821258397613492,1.0,1.0,1.0,1.0,0.8590598442434673,1.0,1.0,1.0,1.0,0.0,0.4655651126454288,1.0,1.0,0.8927022284707019,0.2483231408324139,0.0,0.0,0.7428085149929438,0.8021682645247027,0.7102456477373141,0.5784212230621597,1.0,0.3685266364972097,1.0,1.0,0.5302206801026161,0.9254176749564305,1.0,0.49187163352471586,0.20146148752838428,1.0,1.0,1.0,0.22604323764475487,1.0,0.1596558144074301,1.0,1.0,0.24575662831616896,1.0,0.3819761630174694,0.9969072638729518,1.0,0.7987721832735124,1.0,1.0,0.0,1.0,1.0,0.7301297016739535,1.0,0.5879087336936869
gex_possorted_bam_1WGCZ:GTGCGCAGTGTGTGGTx-M2,0.9490086704767743,1.0,1.0,1.0,1.0,0.2173346459085058,0.0,1.0,0.9600408020587288,1.0,0.0,1.0,1.0,0.7008737825046477,1.0,0.19843019482746085,0.0,0.0,0.0,0.0,0.0,0.3789970549219144,1.0,0.5606914077126158,0.636788292964716,1.0,0.0,0.777354222120358,0.7569007388678689,1.0,0.0,1.0,1.0,1.0,0.0,0.8909600793869856,0.0,1.0,1.0,0.0,1.0,0.0,1.0,1.0,0.8000225334178865,1.0,1.0,0.0,1.0,1.0,1.0,1.0,0.0
gex_possorted_bam_1WGCZ:GTGCAAGCAGAAACGTx-M2,1.0,0.922926037970345,1.0,1.0,1.0,0.4478955400808113,0.0,1.0,0.9540162546260301,1.0,0.0,1.0,1.0,0.616373738561561,1.0,0.0,0.0,0.0,0.13180560707764674,0.45539636938580036,0.4027864404178667,0.6939361537214191,1.0,1.0,0.3588648979741263,1.0,0.034170726283427606,0.9611096898666148,0.5022949343819224,1.0,0.0,1.0,1.0,1.0,0.0,0.9998265664225794,0.0,1.0,1.0,0.0,1.0,0.30527580601732124,1.0,0.304362784774554,1.0,1.0,0.873615308875682,0.0,1.0,1.0,0.9514896332345513,0.9753660914734791,0.0
gex_possorted_bam_1WGCZ:GTTAATGTCCGCCTATx-M2,1.0,0.9482807095998852,0.13562878940991202,1.0,1.0,1.0,0.7029886697866882,1.0,0.5349320791549402,1.0,0.0,0.902968778653567,1.0,0.36197648456680487,1.0,0.26999078524569653,0.0,0.4374564425054774,1.0,0.7149086278487228,1.0,1.0,1.0,1.0,0.9098370172178258,1.0,0.0,1.0,0.9627794356626251,1.0,0.739297753965389,1.0,1.0,1.0,0.0,1.0,0.2057823063000663,1.0,1.0,0.0,1.0,0.31241263570152455,0.9312984311319182,0.5843898926187645,1.0,1.0,0.1674889103457289,0.0,1.0,1.0,1.0,1.0,1.0
gex_possorted_bam_1WGCZ:GTGTTCCTCCATAATGx-M2,0.06502184963622025,1.0,1.0,0.9160169595843048,0.0,0.294060992633641,1.0,0.7771149781072592,1.0,0.6244542535502893,0.7570112478465257,1.0,1.0,1.0,0.09084149870255805,1.0,1.0,1.0,1.0,0.0,0.0,0.0,0.0,0.0,1.0,1.0,1.0,1.0,1.0,1.0,1.0,0.0,0.0,0.7247656417541881,1.0,0.24192332706747183,1.0,0.17074226787969402,0.12096593701371143,1.0,0.1233898437376667,1.0,1.0,1.0,0.10224894158244432,0.5607114491835545,1.0,1.0,1.0,0.3748441637400527,1.0,0.918974964932599,0.0
gex_possorted_bam_1WGCZ:GTGCCTTTCTCCTCTTx-M2,1.0,1.0,0.0,1.0,0.49233074767661966,0.8547716590778796,1.0,1.0,0.9606162379545529,1.0,0.0,1.0,1.0,0.5607584427057487,1.0,0.3733245902915456,0.0,0.0,0.7021322430516194,0.8856047979804149,1.0,0.9223154395787336,0.961617255182189,1.0,1.0,0.9450237230139578,0.0,1.0,1.0,0.7712630997637498,0.916173439639077,1.0,1.0,1.0,0.04359818566305966,1.0,0.601229602348682,1.0,1.0,0.28674741693648725,1.0,0.32286621913853425,0.6565866339408226,0.514466068137386,1.0,1.0,0.6147260389885086,0.0,0.9591215289762555,1.0,1.0,0.9546804713245624,0.6473316254843887
gex_possorted_bam_1WGCZ:GTTAACGGTGCTCCACx-M2,1.0,0.912566996103153,0.0,0.8878053078562193,0.8195587365429742,0.9713869346381991,0.64367730952615,1.0,0.6492706807136398,0.8860984377328398,0.0,0.7908627171055127,0.8931509499641328,0.22049930568048312,0.8680693755089897,0.22378163258172099,0.0,0.15543879161577037,0.5708944665369835,0.05704556560599996,1.0,1.0,1.0,1.0,0.7007547781725777,0.7512500871460527,0.0,0.8809648942836588,0.6897408271955264,0.9980978110793002,0.5221171832666778,0.9804190332014019,0.9681535231198353,0.980939244984033,0.03358767595355638,1.0,0.40287047905276563,0.9312179363489055,0.8897197235907751,0.02430777340486448,0.6774855683565857,0.6183624605517346,0.5541493944853871,0.03420551171842719,1.0,1.0,0.304449247734857,0.07139467775004153,0.7996496161065746,0.8964329841810249,0.9353058328084326,0.9900445443059906,1.0
gex_possorted_bam_1WGCZ:GTGCAAGCATTAGCGCx-M2,1.0,1.0,0.0,1.0,1.0,1.0,0.41837540567775505,1.0,0.8268360203397168,1.0,0.0,1.0,0.8946537124432077,0.28840808095550763,1.0,0.21819868609795356,0.0,0.3268807475341397,0.9659677413206288,0.8970875898736138,1.0,1.0,1.0,1.0,0.3000634568365041,0.9363368050246029,0.0,1.0,1.0,1.0,0.8016478065312405,0.9480500637335841,1.0,1.0,0.0,1.0,0.172977750056647,1.0,1.0,0.0,1.0,0.26373938168356126,0.93261271493238,0.5314083881193088,1.0,1.0,0.19078512124591215,0.0,1.0,1.0,1.0,1.0,0.7356169693475775
gex_possorted_bam_1WGCZ:GTGCATTAGGACCGCTx-M2,1.0,1.0,0.5080063564137379,1.0,0.8876403670070508,0.2260594200273826,0.5180543454311984,1.0,0.5750553889586109,1.0,0.0,1.0,0.9608823680138308,0.44242204071652247,1.0,0.00974645258652154,0.0,0.0,0.2915752176282163,0.6771444709389411,0.8019115593137873,0.6603344635186194,1.0,1.0,0.5911379213934661,1.0,0.0,0.7731273980844005,0.8250452407321497,1.0,0.0,1.0,1.0,1.0,0.0,0.9535439072828301,0.25402499714115095,1.0,1.0,0.0,1.0,0.16373775744234706,0.7742932787013888,0.25191249279647,0.9841988839061505,1.0,0.48704464688204074,0.0,0.9911008647406029,1.0,0.89437864551737,0.8066493644658098,0.0
gex_possorted_bam_1WGCZ:GTGAGGAGTTCGCGCTx-M2,0.0650842136256473,1.0,1.0,1.0,0.2751814642272166,0.0,1.0,0.9750078942646451,1.0,0.8849227860103446,0.0,1.0,1.0,1.0,0.15951918898318246,1.0,0.0,0.0,1.0,0.0,0.0,0.0,0.0,0.0,1.0,1.0,1.0,1.0,1.0,0.6038942578656951,1.0,0.16952931470060165,0.0,0.9306212567204806,1.0,0.2967867840127323,1.0,0.07246338106142614,0.022441651370101165,1.0,0.20364248289832032,1.0,1.0,0.10798949825701068,0.0345942710257787,0.555251719232514,1.0,1.0,1.0,0.7809568918384233,1.0,0.9929012585757709,0.024554826368131888
gex_possorted_bam_1WGCZ:GTGTTACAGGGACTAAx-M2,1.0,1.0,0.9429080297097754,1.0,1.0,1.0,0.36412939904670044,1.0,0.7560998229442849,1.0,0.0,1.0,1.0,0.7405722253391654,1.0,0.27895740887408943,0.0,0.0,0.6591006720297298,0.7395705138934534,0.952951338377914,1.0,1.0,1.0,0.8756378469370134,1.0,0.0,1.0,0.8548230060438479,1.0,0.9539076908562847,1.0,1.0,1.0,0.0,1.0,0.17851661313563597,1.0,1.0,0.14354705051198433,1.0,0.1593161711537165,1.0,0.7277377153562767,1.0,1.0,0.790690107966399,0.0,1.0,1.0,1.0,1.0,1.0
gex_possorted_bam_1WGCZ:GTGCTTACACTAGGTCx-M2,0.5321327652783308,0.0,0.0,0.4311927219825609,0.6722247349208496,1.0,0.0,0.3250639050209131,0.0,0.12059709653229402,1.0,0.0,0.0908255990922804,0.0,0.30776789480110434,0.0,0.8538625687987762,1.0,0.5621037592304721,1.0,1.0,1.0,0.5869838685374599,0.9750764218485102,0.0,0.21879828398094267,0.22068974372978953,0.22178734462935687,0.4603303300485185,0.7542680335098106,0.3407891090167238,0.1954639194984966,0.4872995385429658,0.16046357653132035,0.16306109983739925,0.47271807581831826,0.0,0.3414603992159012,0.3969981807906171,0.0,0.0037031245213652005,0.0,0.0,0.0,0.5894356131778316,0.47204800408821007,0.0,0.521195272105932,0.2645411738553444,0.43935069658601184,0.18178794051733513,0.48044989757574275,1.0
gex_possorted_bam_1WGCZ:GTTAAGCTCAATCTCTx-M2,1.0,1.0,0.0,1.0,1.0,1.0,0.48720620702648293,1.0,0.21202256446524145,0.9770125060276412,0.5182693623164941,0.7152974523591489,0.9683107601645503,0.4074247967550112,1.0,0.3694696986718014,0.1781029741696553,1.0,1.0,0.7271415491059977,1.0,1.0,1.0,1.0,0.7739481622268476,0.9685525916672955,0.0,1.0,1.0,1.0,0.9282437856886429,1.0,1.0,1.0,0.0,1.0,0.11465292676738813,1.0,1.0,0.0,1.0,0.27552999719935334,0.8139508129765717,0.43569504843722556,1.0,1.0,0.038950120457556886,0.0,1.0,1.0,1.0,1.0,1.0
gex_possorted_bam_1WGCZ:GTTAACCAGTTGGCCAx-M2,1.0,1.0,0.7895874031992943,1.0,1.0,1.0,0.08136009529656006,0.9553569385604987,0.30936115978981116,1.0,0.3146600721496994,0.9064283091279712,0.9929055987369864,0.5536984913126468,1.0,0.26142521698944005,0.07622504154404208,0.6017944641145617,0.9309301328809653,0.7474696605807576,1.0,1.0,1.0,1.0,0.7563701474817923,1.0,0.0,1.0,1.0,1.0,0.754617127588852,1.0,1.0,1.0,0.0,1.0,0.0,1.0,1.0,0.08258378980065359,1.0,0.0,1.0,0.8180238272782943,1.0,1.0,0.6032257236160684,0.0,1.0,1.0,1.0,1.0,1.0
gex_possorted_bam_1WGCZ:GTGCGCAGTTGCCTCAx-M2,1.0,0.6066439893469544,0.0,0.8743292418456142,0.964820769743819,1.0,0.2860506135683647,0.9902927150043962,0.3274961632786744,0.7347512600495997,0.21696022444131538,0.5357387341881911,0.619303805127613,0.455897619985529,0.8941780571680559,0.03101490403599775,0.0,0.460036455472633,0.8300736851328671,0.46016119381981696,1.0,1.0,1.0,1.0,0.4409328775296325,0.737952033762206,0.0,0.7197234339574944,0.6879769128575457,0.8319836566461478,0.4387745889665629,1.0,0.9526274248499276,0.9825472188003611,0.0,1.0,0.13906758364433025,0.9520893049093054,0.9004381552994937,0.1338831728939312,1.0,0.20753210634673042,0.4651394785796066,0.0,1.0,0.8701396980381504,0.0,0.09877885929999208,0.7054972094504449,0.8528881245123225,0.7823241650273338,0.8957903590686674,0.9543207197413054
gex_possorted_bam_1WGCZ:GTGAATCTCAATTACGx-M2,1.0,1.0,1.0,1.0,1.0,1.0,0.5038752741099507,1.0,0.9274741574428863,1.0,0.0,1.0,1.0,0.5724432086594181,1.0,0.3379129177041,0.0,0.0,0.6685331702780175,1.0,1.0,1.0,1.0,1.0,0.7581664474758791,1.0,0.0,1.0,1.0,1.0,0.645247298032509,1.0,1.0,1.0,0.0,1.0,0.36799044731347486,1.0,1.0,0.06932602785919637,1.0,0.39517342094978974,1.0,0.9464877091414109,1.0,1.0,1.0,0.0,1.0,1.0,1.0,1.0,1.0
gex_possorted_bam_1WGCZ:GTGCGGTTCAATGTGCx-M2,1.0,1.0,0.0,1.0,1.0,1.0,0.3672373451415558,1.0,0.7514485514934954,1.0,0.35681128020250275,0.9270008122957173,1.0,0.4403007003312223,1.0,0.40163655259513853,0.14864461789576663,1.0,1.0,0.7553719446428959,1.0,1.0,1.0,1.0,0.6979619117911305,1.0,0.0,1.0,1.0,1.0,1.0,1.0,1.0,1.0,0.0,1.0,0.17371385013840207,1.0,1.0,0.0,1.0,0.17091193275175484,0.8263737769901682,0.9544180460068277,1.0,1.0,0.37305511229989646,0.15678269695294952,0.9768486973682925,1.0,0.9809658608489065,1.0,1.0
gex_possorted_bam_1WGCZ:GTTACAGGTATACTGGx-M2,1.0,0.6378656700513589,0.19822120047355557,1.0,1.0,0.9828729594085863,0.2114885817783109,1.0,0.1934818123116869,1.0,0.0,0.8156609953515546,0.8068109098344176,0.3018097342171062,1.0,0.08122942587922904,0.0,0.0,0.7672789205832903,0.8767233137943461,1.0,1.0,1.0,1.0,0.264248227757632,1.0,0.0,0.8879071187979558,0.8909723563529909,1.0,0.4509024366646665,1.0,1.0,1.0,0.0,1.0,0.16747708494480376,1.0,1.0,0.0,1.0,0.23508404311038847,0.8602176371849185,0.0,1.0,1.0,0.4572969881431536,0.0,1.0,1.0,1.0,1.0,0.8283977699868944
gex_possorted_bam_1WGCZ:GTTAAGCTCCTAAGACx-M2,0.08067320498119517,1.0,1.0,0.9243358692007152,0.0,0.0,1.0,0.8781630855450812,1.0,1.0,0.0,1.0,1.0,1.0,0.18640371368318234,1.0,0.0,0.0,1.0,0.0,0.0,0.0,0.0,0.0,1.0,1.0,1.0,1.0,1.0,0.7051614897135624,1.0,0.0,0.0,0.8728903754792577,1.0,0.29967009716644555,1.0,0.10044689129602694,0.12608211179023796,1.0,0.22135291902621146,1.0,1.0,1.0,0.05865338965250205,0.5171989930233236,1.0,1.0,1.0,0.6008563491241891,1.0,1.0,0.0
gex_possorted_bam_1WGCZ:GTGCTGATCACGAATCx-M2,0.02296803204834786,1.0,1.0,0.9678722001035888,0.15503842975847132,0.0,1.0,0.7146984042851926,1.0,0.7207470469517101,0.44108357409499743,1.0,1.0,1.0,0.03785529106205315,1.0,0.46372859322800647,0.546156674309748,1.0,0.0,0.0,0.0,0.0,0.0,1.0,1.0,1.0,1.0,1.0,0.9992561949586233,1.0,0.007502766456111869,0.0,0.6966240965643744,1.0,0.2605003718870934,1.0,0.014078625828253095,0.11936388391968665,1.0,0.048695652663017536,1.0,1.0,1.0,0.0,0.5604444771443209,1.0,1.0,1.0,0.6150726468112168,1.0,1.0,0.0
gex_possorted_bam_1WGCZ:GTGGTTAGTTTCAGGAx-M2,1.0,1.0,0.0,0.9980094798031085,1.0,1.0,0.41790658442731765,1.0,0.6769954630316423,1.0,0.029687725437612028,0.9187008763971147,1.0,0.6510228405479946,1.0,0.294699918635298,0.0,0.7538529448748226,0.8598449329276044,0.5062241735326063,1.0,1.0,1.0,1.0,0.7876324150005484,0.9273868235412396,0.0,1.0,1.0,1.0,0.3437139456022711,1.0,1.0,1.0,0.0,1.0,0.37432333879629565,1.0,1.0,0.0,1.0,0.4743079386536476,0.7047575051792401,0.014229260112799607,1.0,1.0,0.3551891176788608,0.0,0.9344778781188072,1.0,0.898732890577566,1.0,1.0
gex_possorted_bam_1WGCZ:GTGAATCTCCGCCTATx-M2,0.06747983204596282,1.0,1.0,0.907802433496049,0.010200324306035718,0.0,1.0,0.7102447184040436,1.0,0.6050960613733849,0.27814497632469165,1.0,1.0,1.0,0.11302824262698515,1.0,0.41406582003702014,0.4365486807236033,1.0,0.0,0.0,0.0,0.0,0.0,1.0,1.0,1.0,1.0,1.0,0.9780287543071405,1.0,0.042118690684616905,0.0,0.7432188775180193,1.0,0.22050480035428716,1.0,0.11105122534948778,0.13696283348934069,1.0,0.13787560873582702,1.0,1.0,1.0,0.0628793302646679,0.5415814326483654,1.0,1.0,1.0,0.5061516645612486,1.0,0.94550973963779,0.0
gex_possorted_bam_1WGCZ:GTGGACACATCTAGCAx-M2,1.0,1.0,0.0,0.9132574449258198,1.0,1.0,0.7380289189071462,1.0,0.8218368265990917,0.9059052422904317,0.0,0.8759521828440928,1.0,0.3530265741173304,1.0,0.3617329860145715,0.0,0.588070751604834,0.987629140964082,0.5581848837320447,1.0,1.0,1.0,1.0,1.0,0.8962031671959474,0.0,1.0,1.0,0.9950464076763004,0.2675869557101811,0.8937492157883955,1.0,1.0,0.0,1.0,0.4355305301766724,1.0,1.0,0.07577179179637354,1.0,0.7237030326142593,0.5904282778736188,0.3617945646395148,1.0,0.9974030842613358,0.5478616134474182,0.0,0.9787801820246302,1.0,0.774039042965257,1.0,0.6343968629912585
gex_possorted_bam_1WGCZ:GTGAGCGAGGTCTTGGx-M2,1.0,0.581223724595148,0.0,0.8031972917426163,0.9447167880415693,0.590158042015662,0.047375274160447664,0.983283685203656,0.33448765960416904,0.5911367483926734,0.0,0.33170706715710346,0.5713347782287383,0.07884500503239339,1.0,0.0,0.0,0.0,0.44998310986833173,0.44854296060708615,1.0,0.99360266142383,0.9548479945470016,1.0,0.3147483140156734,0.7952014995842711,0.003326833703152816,0.34608876806857125,0.254091691721948,0.6537022792218188,0.0,1.0,1.0,0.8510739940165248,0.0,0.8947311940180063,0.0,0.8160569522012591,0.8522391189768102,0.0,1.0,0.0,0.431473004180408,0.0,0.9185581317505364,0.8864842423766502,0.10314058585575996,0.0,0.6636660045558134,0.7993929673457912,0.6318829602468867,0.7237985086262834,0.09075916729667725
gex_possorted_bam_1WGCZ:GTGCGCAGTTTACCGTx-M2,1.0,1.0,0.6310916495144482,0.9139972596907077,1.0,1.0,0.3705340487541317,0.8809111234283435,0.0,1.0,1.0,0.7836578621352718,0.6558387332179038,0.31333874267143574,1.0,0.5963933567227433,0.912793581230265,1.0,1.0,0.6499655284204661,1.0,1.0,1.0,1.0,0.6006198403120554,0.894191251771083,0.0,0.9430131772095847,1.0,1.0,1.0,0.9534449748305346,0.959142817134932,0.9691174479998412,0.0,1.0,0.0,0.9795330471647908,1.0,0.0,1.0,0.3435894092832806,0.7962437348832796,0.6131605495644622,1.0,1.0,0.0,0.0,0.8371112952055981,1.0,0.4702261586166573,1.0,1.0
gex_possorted_bam_1WGCZ:GTTAAGTGTTGGCCGAx-M2,1.0,0.9159715281251575,0.0,1.0,1.0,1.0,0.5720772333270623,1.0,0.31323650701317146,1.0,0.7473403273454543,0.6048610800436913,0.7100759775932197,0.5862624200633374,1.0,0.620382535065251,0.4344126995455922,1.0,1.0,0.5046357630510043,1.0,1.0,1.0,1.0,0.9337825058028367,0.9127793147169032,0.0,0.8848913904164042,0.9740572616942975,1.0,1.0,1.0,1.0,1.0,0.0,1.0,0.30716610374017367,1.0,1.0,0.08387916723654483,0.5300470341009536,0.2622912298614153,0.5455195932827791,0.06559564072292813,1.0,1.0,0.3946957134229506,0.0,0.9821737387900715,0.9995884430575734,0.8595028538085278,1.0,0.8834297926880618
gex_possorted_bam_1WGCZ:GTGCACGGTTCCGGCTx-M2,1.0,0.9925836578208551,0.6789759072490079,1.0,1.0,1.0,0.17945006763131297,1.0,0.881937967965442,1.0,0.0,1.0,0.9991093583646872,0.4772901794497855,1.0,0.14189069939789226,0.0,0.08243211120150337,0.6467895687431486,0.6474426381254083,1.0,1.0,1.0,1.0,0.7615582934107316,1.0,0.0,0.9809038771206298,0.6945050512513671,1.0,0.1601922305931028,1.0,1.0,1.0,0.0,1.0,0.0,1.0,1.0,0.0,1.0,0.09835411538196892,1.0,0.36013556670206004,1.0,1.0,0.5822096439949632,0.0,1.0,1.0,0.8113821027067276,1.0,0.9916235139578837
gex_possorted_bam_1WGCZ:GTGCTCAAGTTGGGCCx-M2,0.5479655343139503,1.0,1.0,0.6548586203629728,0.0,0.4496825612841584,1.0,1.0,0.7266388997236356,1.0,0.0,1.0,0.7298602606550865,0.9408010728453465,0.8265139340171624,1.0,0.0,0.0,0.20952704211168477,0.4455382628108,0.3909815366634733,0.30720229859272585,0.4532257231904137,0.8166546839367487,1.0,0.6505462145699255,0.058286342592937176,1.0,1.0,0.36794158411375055,1.0,0.5849196863616476,0.5349409285629637,1.0,0.25757422880712627,1.0,1.0,0.6433505586808149,0.6882574867373336,1.0,0.6048773999071608,0.6891449391693235,0.968261817074803,1.0,0.6986613462468011,0.8475437559977452,0.263249086276396,0.07437423297966525,0.8571306992068413,0.8262638541633186,1.0,0.6801717947418708,0.35855961203973463
gex_possorted_bam_1WGCZ:GTCTTTAGTGCCGCAAx-M2,0.02718209057126718,1.0,1.0,0.9339890361849292,0.18168779605669153,0.0,1.0,0.6168506591051495,1.0,0.8451996113623231,0.0,1.0,1.0,1.0,0.10349158766831482,1.0,0.0,0.0,1.0,0.0,0.0,0.0,0.0,0.0,1.0,1.0,1.0,1.0,1.0,1.0,1.0,0.0,0.0,0.6692969202354351,1.0,0.2039377364149744,1.0,0.23049069124991511,0.30856266169142743,1.0,0.07395807110828038,1.0,1.0,1.0,0.0,0.5811128632441974,1.0,1.0,1.0,0.45329906211471854,1.0,1.0,0.12957592238429208
gex_possorted_bam_1WGCZ:GTGAGGAGTCCTCCAAx-M2,0.0785893741531566,1.0,1.0,1.0,0.18651272214800502,0.0,1.0,0.8237958254641723,1.0,1.0,0.0,1.0,1.0,1.0,0.25997602132807324,1.0,0.0,0.0,1.0,0.0,0.0,0.0,0.0,0.0,1.0,1.0,1.0,1.0,1.0,0.7945787086277212,1.0,0.20612992565264163,0.0,1.0,1.0,0.30998217298716196,1.0,0.055350984206036374,0.10419746617005661,1.0,0.18416345749474047,1.0,1.0,0.46144333179567987,0.07335804088801813,0.6170146760166564,1.0,1.0,1.0,0.7899032839284186,1.0,1.0,0.3603009269102777
gex_possorted_bam_1WGCZ:GTGCACGGTGATCAGCx-M2,1.0,1.0,1.0,1.0,1.0,0.9457440339431101,0.07349565708160649,1.0,0.25877114759855246,1.0,0.0,0.8004033362957947,0.9623305672229285,0.4674385220379402,1.0,0.26573506476293735,0.0,0.0,0.8044193302353216,0.7173988555279389,1.0,1.0,1.0,1.0,0.0784564050026515,1.0,0.0,0.9767308821822737,1.0,1.0,0.521666446300604,1.0,1.0,1.0,0.0,1.0,0.18927470754373651,1.0,1.0,0.0,1.0,0.05169492046945543,0.8524677815813024,0.6438168013666926,1.0,1.0,0.3098182613920675,0.0,1.0,1.0,1.0,1.0,0.3695592828522011
gex_possorted_bam_1WGCZ:GTGTGTTAGTCCTGAGx-M2,1.0,0.8762018887059417,1.0,1.0,1.0,0.8680093375989261,0.0,1.0,0.8647640166537394,1.0,0.0,1.0,0.9002799430960794,0.6489142692003377,1.0,0.43343562281947434,0.0,0.0,0.2415130278727231,0.42761463540897665,0.5122312722206036,0.875065765427234,1.0,0.976271951313207,0.28092517387010657,1.0,0.09578438622619936,0.7440583864636733,0.8040437247593729,1.0,0.0,1.0,1.0,1.0,0.0,1.0,0.0,1.0,1.0,0.0,1.0,0.0,1.0,0.8002267110789019,1.0,1.0,1.0,0.0,1.0,1.0,0.8762408025841424,1.0,0.21694229835449833
gex_possorted_bam_1WGCZ:GTGGTTAGTGAGCGAAx-M2,1.0,0.957817207258915,0.0,0.9692184017483327,1.0,1.0,0.45414850172389915,0.9899686726368812,0.16414958852493383,0.9188135268553954,0.40470428960961247,0.33984691488903757,0.8475305889577734,0.28342099358734596,1.0,0.3138388907226393,0.0361879887975823,1.0,1.0,0.5627428110148325,1.0,1.0,1.0,1.0,0.451446352125141,0.8162718369772572,0.0,0.9700390869592473,1.0,1.0,0.8695128669358273,1.0,1.0,1.0,0.0,1.0,0.10002247397916621,1.0,1.0,0.0,1.0,0.12336211071163798,0.6759319185733352,0.5816989157019868,1.0,1.0,0.0,0.0,0.8771253559743559,0.981506375721168,0.8106045839430246,1.0,1.0
gex_possorted_bam_1WGCZ:GTGAATCTCCCGTTGTx-M2,0.8650637478835606,1.0,1.0,1.0,1.0,0.9201754393979497,1.0,1.0,1.0,1.0,0.0,0.15532686632678464,1.0,0.8053896643520244,0.8930663420196946,0.017364457685793797,0.0,0.0,0.7144411705937922,0.8667502775477164,0.6526645145766042,0.6394485457794593,1.0,0.24745310062551393,1.0,1.0,0.5204378823019412,0.7552089634182295,1.0,0.501594864619397,0.0,1.0,1.0,1.0,0.2063636718472079,0.9840186225710814,0.0,1.0,1.0,0.06641829644128602,1.0,0.004470313525053055,0.8636491624957525,1.0,0.5635436918048995,1.0,1.0,0.0,1.0,1.0,0.6234395757154968,0.989423260595386,0.7242855290788063
gex_possorted_bam_1WGCZ:GTGCTGATCCGTTAAAx-M2,1.0,1.0,0.0,1.0,1.0,1.0,0.36537684408664,1.0,0.69788450586712,1.0,0.35833550986413004,0.6109211414422555,0.9504008187438598,0.4180246897071459,1.0,0.28417190052071867,0.0,0.7353959846269639,1.0,0.7303972538478034,1.0,1.0,1.0,1.0,0.26994887921954025,0.9928507041651858,0.0,1.0,1.0,1.0,1.0,1.0,1.0,1.0,0.0,1.0,0.18973829196318856,1.0,1.0,0.0,1.0,0.2946822315137299,0.7924951261815303,0.40915962405372397,1.0,1.0,0.17866889762456065,0.0,1.0,1.0,1.0,1.0,0.5403483900888428
gex_possorted_bam_1WGCZ:GTCTATGCAATTATGCx-M2,1.0,0.9607606823784669,0.45873066783871763,0.9814211347965359,1.0,1.0,0.5147611921411149,1.0,0.6038314255289164,1.0,0.0,0.1630065464637569,1.0,0.28060866610337815,1.0,0.7103651039207632,0.0,0.48026539511005195,0.9095919686951488,0.6938053728051277,1.0,1.0,1.0,1.0,0.8975101291229156,1.0,0.008861851789241357,1.0,1.0,1.0,0.24800893813603248,1.0,1.0,1.0,0.0,1.0,0.4483641790020641,1.0,1.0,0.0,1.0,0.7209427947105206,1.0,0.7597981200774923,1.0,1.0,0.9667072764361331,0.0,1.0,1.0,0.7225826759062303,1.0,0.9133324670022192
gex_possorted_bam_1WGCZ:GTCTTTGTCCCTGGAAx-M2,0.061298145168689644,1.0,1.0,0.9791996066981615,0.0,0.7536082564080498,1.0,0.8229669510819495,1.0,0.6066886232407789,1.0,1.0,1.0,1.0,0.07105826456910584,1.0,1.0,1.0,1.0,0.0,0.0,0.0,0.0,0.0,1.0,1.0,1.0,1.0,1.0,0.9906871068971421,1.0,0.0,0.0,0.7676663057187916,1.0,0.24868165163893055,1.0,0.06840798049130391,0.054473017059984793,1.0,0.04288978669287678,1.0,1.0,1.0,0.09467870725366746,0.5462191088674455,1.0,1.0,1.0,0.4704260530478847,1.0,0.970526684331539,0.0
gex_possorted_bam_1WGCZ:GTGCTCAAGGTCCGTAx-M2,0.032916487709586065,1.0,1.0,0.9445885508090422,0.04920020129836109,1.0,1.0,0.46421328191068073,1.0,0.4336382756717879,1.0,1.0,1.0,1.0,0.16480145285051975,1.0,1.0,1.0,1.0,0.0,0.0,0.0,0.0,0.0,1.0,1.0,1.0,1.0,1.0,1.0,1.0,0.0,0.0,0.5562843043382301,1.0,0.1429635156507567,1.0,0.19663628393137805,0.18842166849490702,1.0,0.003998507657795466,1.0,1.0,1.0,0.0,0.554621826179254,1.0,1.0,1.0,0.24684320358556813,1.0,0.9636972013636299,0.0
gex_possorted_bam_1WGCZ:GTGATCAGTAGGTTGCx-M2,0.0,1.0,1.0,0.6088690509820838,0.0,0.0,1.0,0.43181159828699006,1.0,0.24783124054006261,0.33441928470959376,1.0,1.0,1.0,0.0,1.0,0.3716094772145633,0.0,1.0,0.0,0.0,0.0,0.0,0.0,1.0,0.9542974144245927,1.0,1.0,1.0,0.6725570636431278,1.0,0.0358203618073932,0.0,0.5426001682487043,1.0,0.03573039830408291,1.0,0.0,0.0,1.0,0.18856681431169306,1.0,1.0,1.0,0.0,0.364643470634215,1.0,1.0,0.8620992373352724,0.39418723864146443,1.0,0.6617454963405166,0.0
gex_possorted_bam_1WGCZ:GTGAATCTCGTCAAGTx-M2,0.019692159263648482,1.0,1.0,0.9462870656585067,0.0,0.0,1.0,0.667662938707188,1.0,0.5300918643998179,0.13282217360472778,1.0,1.0,1.0,0.05139891154753002,1.0,0.23308241234700577,0.6433313590060078,1.0,0.0,0.0,0.0,0.0,0.0,1.0,1.0,1.0,1.0,1.0,1.0,1.0,0.0,0.0,0.692198643993346,1.0,0.18427037013169817,1.0,0.15597860685276965,0.2124859369632913,1.0,0.0,1.0,1.0,1.0,0.026199272721182932,0.5835342970731526,1.0,1.0,1.0,0.3524833904494962,1.0,1.0,0.0
gex_possorted_bam_1WGCZ:GTGCGCAGTAACGTGCx-M2,0.039126040208594184,1.0,1.0,0.9540489122437217,0.10570988487598754,0.0,1.0,0.6019332244285166,1.0,0.3990938403990187,0.0,1.0,1.0,1.0,0.5284334368995108,1.0,0.0,0.0,1.0,0.0,0.0,0.0,0.0,0.0,1.0,1.0,1.0,1.0,1.0,0.8553224257126537,1.0,0.0,0.0,0.6196189227547343,1.0,0.05351159781440406,1.0,0.09420017465818481,0.22630498822566328,1.0,0.07827002651371194,1.0,1.0,1.0,0.0,0.6656811073454799,1.0,1.0,0.9406783067635189,0.4861004254536484,1.0,1.0,0.0
gex_possorted_bam_1WGCZ:GTGCTCCGTCCTTAGTx-M2,1.0,1.0,0.0,1.0,1.0,1.0,0.4697243258487227,0.9998976964541824,0.2101059712102742,1.0,0.5655582069170959,1.0,1.0,0.40115514621526566,1.0,0.4869283524491231,0.20248320340624504,1.0,1.0,0.7732331467649101,1.0,1.0,1.0,1.0,0.738019896110461,0.8961779093236445,0.0,1.0,1.0,1.0,1.0,1.0,1.0,1.0,0.0,1.0,0.32511701742039484,1.0,1.0,0.0,0.5349535343368906,0.0,0.5664354357993292,0.27247057208336556,1.0,1.0,0.20094921475580294,0.0,0.9366310721340332,1.0,1.0,1.0,1.0
gex_possorted_bam_1WGCZ:GTGTGCGGTTGGTTCTx-M2,1.0,1.0,0.46801625692764637,1.0,1.0,1.0,0.7394552489268996,0.9844837433991098,0.005778749188036923,1.0,0.34809334836387273,1.0,1.0,0.31168814117110577,1.0,0.2734652338233329,0.17726494140132082,1.0,1.0,1.0,1.0,1.0,1.0,1.0,0.8518954404463756,0.9717854222809084,0.0,1.0,1.0,1.0,1.0,1.0,1.0,1.0,0.0,1.0,0.11887751144373247,1.0,1.0,0.01052365164149104,0.8418608445549692,0.07162741421651671,0.580108145752037,0.7632691469379531,1.0,1.0,0.2799295606346871,0.2105581287863833,1.0,1.0,1.0,1.0,1.0
gex_possorted_bam_1WGCZ:GTGTTCCTCAATGTGCx-M2,1.0,1.0,0.9252772748583574,1.0,1.0,1.0,0.3159064873333778,1.0,0.8437361680243257,1.0,0.13117202446419468,1.0,1.0,0.7476833059397833,1.0,0.33780582083591,0.0,0.6902425903164365,0.8647508469597202,0.7583677984339062,1.0,1.0,1.0,1.0,0.8291001414886524,1.0,0.0,1.0,0.7603278732895498,1.0,0.9766275498712592,1.0,1.0,1.0,0.0,1.0,0.05384910276321477,1.0,1.0,0.041291601040735204,1.0,0.05714736340665639,1.0,0.8316914572171172,1.0,1.0,0.8495424888678861,0.0,1.0,1.0,1.0,1.0,1.0
gex_possorted_bam_1WGCZ:GTTACGTAGGCCCAGTx-M2,1.0,1.0,0.0,1.0,0.7802828265238294,1.0,0.6961448104605956,1.0,0.2891354412276123,1.0,0.09478337595468311,0.5633224950037364,0.8790972960102623,0.41880078014257105,0.9902142646307477,0.16855749239736476,0.0,0.6284096917080841,0.990893084195061,0.3553368115054812,1.0,1.0,0.9945591272602666,1.0,0.7388106059828436,0.8275582700048414,0.0,0.8115481737503609,0.9957285048722203,0.9099209150719361,0.8835052762865141,1.0,0.9971780533396122,1.0,0.0,1.0,0.19490314643411086,1.0,1.0,0.14892341688737606,0.922086284441311,0.4014449546991239,0.735603760137702,0.37575251437463963,1.0,1.0,0.36924527941265484,0.3632801577466021,0.8622513220141933,0.9356397260343884,1.0,1.0,0.8666161256044771
gex_possorted_bam_1WGCZ:GTTACGCCATCTAGCAx-M2,0.04918695326866567,1.0,1.0,0.9547641724968415,0.11297622102029062,0.0,1.0,0.5578761950425329,1.0,0.6294342313607207,0.45624575501379444,1.0,1.0,1.0,0.0964998393756157,1.0,0.4750162262965177,0.05613442135857067,1.0,0.0,0.0,0.0,0.0,0.0,1.0,1.0,1.0,1.0,1.0,1.0,1.0,0.3434728966538685,0.0,0.8189648448387751,1.0,0.17460780979526624,1.0,0.06421244870261017,0.07884453356841695,1.0,0.10902856409752873,1.0,1.0,1.0,0.02884562178071546,0.5688794406801545,1.0,1.0,1.0,0.668395673075932,1.0,1.0,0.0
gex_possorted_bam_1WGCZ:GTTGCATAGGAAGCTAx-M2,1.0,1.0,0.8757440085860962,1.0,1.0,1.0,0.22771899369938958,1.0,0.7704515450969569,1.0,0.04298763415497321,0.9219137044794833,1.0,0.21454720094528512,1.0,0.3083199875955822,0.0,0.4307695488471137,0.8904478488739787,0.8530240421838818,1.0,1.0,1.0,1.0,0.8102272964064596,1.0,0.0,1.0,1.0,1.0,0.5987471124411226,1.0,1.0,1.0,0.0,1.0,0.03484932341487675,1.0,1.0,0.0,1.0,0.1288219824200605,1.0,0.40795551556357296,1.0,1.0,0.4429903293549042,0.0,1.0,1.0,0.8316362423787383,1.0,1.0
gex_possorted_bam_1WGCZ:GTTTATCTCATCCTATx-M2,1.0,1.0,0.0,0.9548456127016645,0.9275458123824255,1.0,0.464621020825547,1.0,0.8019020876558514,0.9259253040158512,0.13324286951792802,0.8088629595680876,0.8528012325001735,0.43306575829690086,0.9626642831825677,0.20132115590890784,0.0,0.6393849624686251,0.8478724128921037,0.4444610070042134,1.0,1.0,0.9796723245926469,1.0,0.6578553476417042,0.7923713097488765,0.0,0.8905825902653197,1.0,0.9749589747348355,0.78598260332092,0.8931036729458248,1.0,0.9998683227296286,0.0,1.0,0.3123266175330113,1.0,1.0,0.1101234975280665,0.834838498694315,0.31905988184823686,0.673105388398472,0.34307723502768156,1.0,1.0,0.1591106414084518,0.0,0.8871293559537732,1.0,1.0,1.0,0.9212971958032385
gex_possorted_bam_1WGCZ:GTTCCTGGTCATGCCCx-M2,1.0,1.0,1.0,1.0,1.0,1.0,0.0,0.9920465089573098,1.0,1.0,0.0,0.9447343842875277,1.0,0.4624855237557303,1.0,0.1891764499148911,0.0,0.0,0.2442575780330873,0.5405357427106487,0.7803717037287662,1.0,1.0,0.9557534301380096,1.0,1.0,0.0,1.0,0.4047450151184225,1.0,0.0,1.0,1.0,1.0,0.0,1.0,0.0,1.0,1.0,0.0,1.0,0.0,1.0,1.0,1.0,1.0,1.0,0.0,1.0,1.0,0.741326986006762,1.0,1.0
gex_possorted_bam_1WGCZ:GTTCGCGCATCGCTCCx-M2,1.0,1.0,0.17635854065315967,1.0,1.0,1.0,0.6308985801747615,1.0,0.4305849400517719,1.0,0.18867161413722527,0.7842667096110619,1.0,0.429260682350295,1.0,0.13384899640359144,0.0,0.6094697170943586,1.0,0.8827057788396929,1.0,1.0,1.0,1.0,0.6674156576771361,0.9483699189843321,0.0,1.0,1.0,1.0,1.0,1.0,1.0,1.0,0.0,1.0,0.2131919227121656,1.0,1.0,0.14531715719400168,1.0,0.11352329936419181,0.7172453059493507,0.5763821453198719,1.0,1.0,0.2518180863610606,0.0,0.9746616144173265,1.0,1.0,1.0,1.0
gex_possorted_bam_1WGCZ:GTTTAACCAGTTATGTx-M2,0.06554935515768401,1.0,1.0,1.0,0.289610041333254,0.0,1.0,0.9025109813960139,1.0,0.9766876815782464,0.0,1.0,1.0,1.0,0.18742476318275733,1.0,0.0,0.0,1.0,0.0,0.0,0.0,0.0,0.0,1.0,1.0,1.0,1.0,1.0,1.0,1.0,0.17612264020587878,0.0,0.8453852760152727,1.0,0.2751208999548158,1.0,0.1422983360024313,0.11629047430094072,1.0,0.3402944945973853,1.0,1.0,1.0,0.05587379865554591,0.5623611222768888,1.0,1.0,1.0,0.9781334904716438,1.0,1.0,0.0
gex_possorted_bam_1WGCZ:GTTAGACTCTACTAAGx-M2,1.0,0.9053421645480954,0.0,0.9408316245784862,1.0,1.0,0.33204070649055906,1.0,0.31800470053393104,1.0,0.35141493774586646,0.8380668257992285,1.0,0.35531589278453496,0.9894969244283017,0.0,0.2039746415554406,1.0,1.0,0.7586967988219258,1.0,1.0,1.0,1.0,0.8781516093525635,0.9295617348616663,0.0,1.0,1.0,1.0,0.7732319645437268,0.9299619738629591,1.0,1.0,0.0,1.0,0.09048671451973331,1.0,1.0,0.0,1.0,0.31461747665753986,0.6355094280410027,0.30534353905283995,1.0,0.9969835632422721,0.0,0.0,0.9220373375320154,1.0,0.827313143638174,1.0,1.0
gex_possorted_bam_1WGCZ:GTTACGTAGTTAGCCGx-M2,1.0,0.6093590391112667,0.0,0.9424910412552319,1.0,1.0,0.4396135280524926,1.0,0.5044342658884676,0.8747564033354306,0.06077811266460479,0.6265452970483886,0.7841192205531419,0.21770775883256904,1.0,0.3098106357329166,0.0,0.6079068136785073,0.8441002702659033,0.6254928939133696,1.0,1.0,1.0,1.0,0.7557958286818326,0.943212316539548,0.0,0.8093677747857898,0.9276174750230475,1.0,0.28276713545232873,1.0,1.0,1.0,0.0,1.0,0.30660134206063694,1.0,1.0,0.0,1.0,0.207604834934125,0.6838182609334418,0.0,1.0,1.0,0.23967342990617785,0.0,0.8817171682565045,1.0,0.6909966406799288,1.0,0.7686713727162825
gex_possorted_bam_1WGCZ:GTTCTTGTCACCTGTCx-M2,0.0782521960858068,1.0,1.0,1.0,0.10591256759500212,0.0,1.0,0.7959753233035796,1.0,0.9864443677591962,0.0,1.0,1.0,1.0,0.2825141379093699,1.0,0.0,0.0,1.0,0.0,0.0,0.0,0.0,0.0,1.0,1.0,1.0,1.0,1.0,0.6534273654998024,1.0,0.164409827817577,0.0,0.9693447487148518,1.0,0.2684870010425111,1.0,0.009114556690166514,0.10074331946657548,1.0,0.24154426293373576,1.0,1.0,0.6063702225143625,0.0,0.5655581822813182,1.0,1.0,1.0,0.7225103223620077,1.0,1.0,0.3129524081215769
gex_possorted_bam_1WGCZ:GTTACTAAGGCCCAGTx-M2,1.0,1.0,0.6206210656003283,1.0,0.567328374323899,0.8876343879323387,1.0,1.0,1.0,1.0,0.0,1.0,1.0,1.0,1.0,0.8195933642166048,0.0,0.0,0.47273262434674423,0.6270367791105002,1.0,0.8092666638408147,0.9693716011953907,1.0,1.0,1.0,0.0,1.0,1.0,0.9994399566516756,1.0,1.0,1.0,1.0,0.0,1.0,0.6884170463776111,1.0,1.0,0.6483950418170406,1.0,0.6708719045147202,0.9928545260793995,0.944389260452283,1.0,1.0,0.711973233915851,0.0,1.0,1.0,1.0,1.0,0.5858597173376786
gex_possorted_bam_1WGCZ:GTTGTGAGTGCAATGCx-M2,0.012826531124896103,1.0,1.0,0.9816477108556936,0.0,1.0,1.0,0.6199707663559035,1.0,0.504863455018623,1.0,1.0,1.0,1.0,0.22091009894699157,1.0,1.0,1.0,1.0,0.0,0.0,0.0,0.0,0.0,1.0,1.0,1.0,1.0,1.0,1.0,1.0,0.0,0.0,0.6258056728583398,1.0,0.2429113881341511,1.0,0.19207237269383162,0.03881102296804748,1.0,0.1054387186639108,1.0,1.0,1.0,0.06786628543017802,0.5541380573220059,1.0,1.0,1.0,0.3162338916248566,1.0,0.9491324510336682,0.0
gex_possorted_bam_1WGCZ:GTTTATCTCACATTGAx-M2,1.0,1.0,0.27152776056616007,0.9706391047463678,0.664853176572603,1.0,0.767934386093811,1.0,0.6301855026402187,1.0,0.0,1.0,1.0,0.41195152671340557,0.9135381628126693,0.22637474255802784,0.0,0.7323281307658022,0.9371176410910409,0.7917866064043961,1.0,1.0,0.9327448080838384,1.0,0.868172911196018,0.8852402867257141,0.0,0.8677312695780254,1.0,0.903510435128877,0.7919869284667772,0.9706310226546614,0.9983179944674648,1.0,0.0,1.0,0.1705064047194456,0.956088666297701,0.9798138987107206,0.11743927067370169,1.0,0.3731450965859028,0.6207437393993375,0.0,1.0,1.0,0.0,0.24891294447092754,0.8517091851267121,1.0,1.0,0.9719935230762657,0.8140416849146421
gex_possorted_bam_1WGCZ:GTTCTTAGTGCTAGCGx-M2,1.0,1.0,0.0,1.0,1.0,1.0,0.8549673645733177,1.0,0.419872792901113,1.0,0.0,0.8095809515602267,1.0,0.6588752681291205,1.0,0.5351319682605499,0.0,0.2669382042270675,0.8901526652614709,0.8380669129198902,1.0,1.0,1.0,1.0,0.9438026005123675,1.0,0.0,1.0,1.0,1.0,0.9166268542775463,1.0,1.0,1.0,0.0,1.0,0.3062116280900456,1.0,1.0,0.1491300131174782,1.0,0.24716249141140048,1.0,0.6111113510246676,1.0,1.0,0.5082847772313728,0.09066852466843646,1.0,1.0,1.0,1.0,1.0
gex_possorted_bam_1WGCZ:GTTTATCTCCCTCGCAx-M2,1.0,1.0,0.0,1.0,1.0,1.0,0.5869997748070064,1.0,0.5933641929189415,0.9889821753417457,0.0,0.8321908572039121,1.0,0.380423853118708,1.0,0.24142979713642027,0.0,0.5533326192999625,0.8695769028199491,0.870212633538399,1.0,1.0,1.0,1.0,0.8606725260511557,1.0,0.0,1.0,1.0,1.0,0.5735177552508358,1.0,1.0,1.0,0.0,1.0,0.1323756786231904,1.0,1.0,0.0,1.0,0.3877183830602593,0.8661723010275784,0.6389618449225525,1.0,1.0,0.3003036496209217,0.0,1.0,1.0,0.8111231630912583,1.0,0.9873589670406736
gex_possorted_bam_1WGCZ:GTTACGCCACAATGTTx-M2,0.08935502455989758,0.9533478715563102,1.0,0.9334428003400252,0.49485221918136213,0.0,1.0,0.6552862693479149,1.0,1.0,0.0,1.0,1.0,1.0,0.26067430472164566,1.0,0.10819215352749195,0.0,1.0,0.0,0.0,0.0,0.0,0.0,1.0,1.0,1.0,1.0,1.0,1.0,1.0,0.0,0.0,0.7366747059771785,1.0,0.25834258535927185,1.0,0.19433775716953197,0.261808963781987,1.0,0.266363606674353,1.0,1.0,1.0,0.0700620154524315,0.5660687223294244,1.0,1.0,1.0,0.5003737586119105,1.0,0.9679169292399356,0.3806062833270371
gex_possorted_bam_1WGCZ:GTTCCCAGTTTGAGGCx-M2,1.0,1.0,0.0,1.0,1.0,0.44188493456875305,0.8742785940856553,1.0,0.7860047029761676,0.8933727190618321,0.0,0.873347915956816,0.9653300173971642,0.38203307020340765,1.0,0.43012347222178515,0.0,0.0,0.5060374014429895,0.3133205789622898,1.0,0.9785619762396188,1.0,1.0,0.6594914317132384,0.9615442205966388,0.0,0.9475169908358333,0.9474242139370679,0.9146276687227919,0.0,1.0,1.0,0.9162305594863362,0.010614664181143103,1.0,0.2851523153726201,0.9712861065165844,1.0,0.08810701943759297,1.0,0.43735508450644567,0.6537995866423467,0.0,1.0,1.0,0.6484919925680002,0.0,0.8482977835742632,0.9685753501248331,1.0,0.8822485928240457,1.0
gex_possorted_bam_1WGCZ:GTTGTTGCAGTAGGTGx-M2,1.0,1.0,0.0,1.0,1.0,1.0,0.28524157509055215,1.0,0.2562780419356422,0.9834290826843539,0.32580854937696824,0.8961007615533223,0.9586453690919884,0.4050207866624382,1.0,0.1900294245407112,0.0,0.8767839733995201,1.0,0.6387987125700291,1.0,1.0,1.0,1.0,0.5097174256803061,0.9148162322879492,0.0,1.0,1.0,1.0,0.8454305508272402,1.0,1.0,1.0,0.0,1.0,0.10176774225491736,1.0,1.0,0.0,1.0,0.01653069432074769,0.7282069989187047,0.2846357218522341,1.0,1.0,0.15664728136800876,0.0,0.8946567164965377,1.0,0.868962563672556,1.0,1.0
gex_possorted_bam_1WGCZ:GTTCTCATCAATGTGCx-M2,1.0,0.9757705947508296,1.0,1.0,1.0,1.0,0.0,1.0,1.0,1.0,0.0,1.0,1.0,0.6452907983271929,1.0,0.21461933862952556,0.0,0.0,0.0,0.7095813653802386,0.39487309204271814,0.8975029497782392,1.0,0.714452355299845,0.9087204365371724,1.0,0.0,1.0,0.7650295872704225,1.0,0.0,1.0,1.0,1.0,0.0,1.0,0.0,1.0,1.0,0.0,1.0,0.0,1.0,1.0,1.0,1.0,1.0,0.0,1.0,1.0,0.9925589186283746,1.0,1.0
gex_possorted_bam_1WGCZ:GTTAGACTCTCAATTCx-M2,1.0,0.9083586350171435,0.34714760926545324,1.0,1.0,0.678303120951938,0.3388822323147542,1.0,0.7136803127913617,1.0,0.0,1.0,0.8829999421292666,0.027955614899431908,1.0,0.0,0.0,0.0,0.5393475117493116,0.8247165774581509,1.0,1.0,1.0,1.0,0.5677284728449215,1.0,0.0,0.8973328029640573,1.0,1.0,0.2794485061562162,1.0,1.0,1.0,0.0,1.0,0.10208374361948758,1.0,1.0,0.0,1.0,0.03129423070896472,0.8270603809474985,0.6325643232300487,1.0,1.0,0.6510984721193064,0.0,1.0,1.0,0.910531366637215,1.0,0.40681151619254247
gex_possorted_bam_1WGCZ:GTTAGACTCTGGCATGx-M2,0.038120038687318884,1.0,1.0,0.8800708299919077,0.029453243867317576,0.7795045524477848,1.0,0.5210408793765284,1.0,0.6815388838981482,1.0,1.0,1.0,1.0,0.15354427957889147,1.0,1.0,1.0,1.0,0.0,0.0,0.0,0.0,0.0,1.0,1.0,1.0,1.0,1.0,0.8915672332145561,1.0,0.10216810579325217,0.0,0.7322858173923998,1.0,0.2062604660030948,1.0,0.11251769112282126,0.09031934894653408,1.0,0.19288144403874546,1.0,1.0,1.0,0.0,0.5063526895903387,1.0,1.0,1.0,0.4089145193142329,1.0,0.9161225876781294,0.0
gex_possorted_bam_1WGCZ:GTTGCATAGTAGCGGGx-M2,1.0,1.0,0.7713271350033779,1.0,0.990929427412135,1.0,0.5611806643284207,1.0,0.2896682022549686,1.0,0.0,1.0,1.0,0.30413840345045495,1.0,0.47696417426177623,0.0,0.16260064083749742,1.0,0.6774396385550999,1.0,1.0,1.0,1.0,0.30496951149023177,1.0,0.0,1.0,0.9234770650004607,1.0,0.500471193836713,1.0,1.0,1.0,0.0,1.0,0.41322504824182316,1.0,1.0,0.0,1.0,0.6729265558935382,0.6912402977194224,0.5041902001741114,1.0,1.0,0.5069575780546639,0.4629305001925586,1.0,0.7529466179251978,1.0,1.0,0.2688903743327735
gex_possorted_bam_1WGCZ:GTTTAGCAGGTAAGGCx-M2,1.0,1.0,1.0,1.0,1.0,0.98403986925287,0.6900435501823441,1.0,0.7841141709548808,1.0,0.0,1.0,1.0,0.37946312452124015,1.0,0.0,0.0,0.0,0.5396783434151768,0.9026052570769684,0.754147409112796,0.9086730068222035,1.0,1.0,0.6925802225554919,1.0,0.06793200746796825,1.0,0.8480416279471524,1.0,0.0326629733130573,1.0,1.0,1.0,0.0,1.0,0.4123818517935043,1.0,1.0,0.028146355903906684,1.0,0.12834378966511015,0.9880640784764526,0.0,1.0,1.0,0.3908028263334417,0.0,0.9747823495221771,1.0,0.9001360534978657,1.0,0.7351667941929234
gex_possorted_bam_1WGCZ:GTTTATCTCACGAATCx-M2,0.889858845030871,1.0,0.9003560364991968,0.9891792004595539,0.0,0.8824008844767179,1.0,1.0,0.9287870041400411,1.0,0.0,1.0,1.0,1.0,1.0,1.0,0.0,0.0,0.5118939380079327,0.4677919253709674,0.8141650290537451,0.5294849800896666,0.7591791774542815,1.0,1.0,1.0,0.0,1.0,1.0,0.6092751864492858,1.0,1.0,0.8622974254152709,1.0,0.0,1.0,0.8689788844289386,1.0,1.0,1.0,1.0,0.5392254941047704,1.0,1.0,1.0,1.0,0.6252241690088145,0.0,1.0,1.0,1.0,0.9981472922398944,0.3244503151942437
gex_possorted_bam_1WGCZ:GTTGTGAGTTAGCAGCx-M2,1.0,1.0,0.3649938272745662,1.0,0.484304756191607,1.0,1.0,1.0,0.9761271226489221,1.0,0.0,1.0,1.0,1.0,1.0,0.7773393628207939,0.0,0.0,0.540253998819219,0.5427099943471031,1.0,0.924746019350255,0.9228435568221706,1.0,1.0,0.9943066119883041,0.0,1.0,1.0,1.0,1.0,1.0,1.0,1.0,0.0,1.0,0.6951036320950617,1.0,1.0,0.800373367573375,0.8142035710983528,0.7155940244028165,0.9688447279043777,0.8646889152161877,1.0,1.0,0.4298825959626481,0.0,1.0,1.0,1.0,1.0,0.7095180586598834
gex_possorted_bam_1WGCZ:GTTCGCTTCCGGCTAAx-M2,1.0,0.9364901163867153,0.0,0.8736740896624217,0.8048816109730473,1.0,0.5038835866812131,0.9990609578214361,0.543870760960388,0.9482195099163244,0.02041855963671073,0.837510339063216,0.7206166132855278,0.4204570410501667,1.0,0.1726015610794373,0.0,0.434997936870443,0.6768433833524516,0.5940183680039867,1.0,1.0,0.929607461866678,1.0,0.6455913097878226,0.7344976656424594,0.0,0.7575953080230604,0.9813159768085222,0.8619387872732408,1.0,0.767805204902147,0.9588672845490158,0.9696432112362818,0.0,1.0,0.24439019129996567,0.8232343361677591,0.9195787385754156,0.12433676518557253,0.98503012196924,0.32644017345942367,0.6177868700497287,0.23018889852999888,1.0,0.9622309034599105,0.3605558112168551,0.0,0.8139177352871929,0.9097912614552136,0.8671742005243095,0.9154770618068002,0.8848370015688763
gex_possorted_bam_1WGCZ:GTTCCCAGTTAAATGCx-M2,1.0,0.825727899387385,0.0,1.0,1.0,0.9021976350922866,0.2400774798452971,1.0,0.9058930779885155,1.0,0.0,1.0,0.8760137942475067,0.4753975498606094,1.0,0.29214472796372387,0.0,0.0,0.8275379467112276,0.5653543363886523,1.0,1.0,1.0,1.0,0.597512866940397,1.0,0.0,0.749321019988829,0.9219378391711683,1.0,0.14800223630455067,1.0,1.0,0.9048999316422146,0.0,1.0,0.29601403360481676,1.0,0.9453335782779622,0.0,1.0,0.04043152759867837,0.9026758648237883,0.25396123547180977,0.9687749541786299,1.0,0.5378982633243476,0.03795620696302026,0.8403292666541189,1.0,1.0,0.9139861062486121,0.1845742612050496
gex_possorted_bam_1WGCZ:GTTGCTGAGCAAGACAx-M2,1.0,0.7526183518838381,0.0,1.0,1.0,1.0,0.3749252460954203,1.0,0.4495051546935064,0.877760371437139,0.0,1.0,0.8942852511822479,0.3953406358192144,1.0,0.11624781990769914,0.0,0.09794870270596134,0.94040371504415,0.5961093011401142,1.0,1.0,1.0,1.0,0.3127761061409103,1.0,0.0,0.9682127353467485,0.9314440044842206,1.0,0.5727983767031879,1.0,1.0,1.0,0.0,1.0,0.035117340556255545,1.0,1.0,0.0,1.0,0.14746709762833374,0.869598657670958,0.5327787267435099,1.0,1.0,0.5716607897996375,0.0,0.9914883944165356,1.0,1.0,1.0,0.4089852192998942
gex_possorted_bam_1WGCZ:GTTACTCGTTTGTCTAx-M2,1.0,1.0,0.060892719577199224,1.0,1.0,1.0,0.7783739967357699,1.0,0.38169798609969013,1.0,0.5286935995259817,0.8226532582750004,1.0,0.8700364014932324,1.0,0.4936854551033334,0.14497054082942715,1.0,1.0,0.7170180460581977,1.0,1.0,1.0,1.0,1.0,1.0,0.0,1.0,1.0,1.0,1.0,1.0,1.0,1.0,0.0,1.0,0.38209346825368884,1.0,1.0,0.03756934258379769,0.8083528024055159,0.21494051723269042,0.8672756810071784,1.0,1.0,1.0,0.03964503407324048,0.13266184779971626,1.0,1.0,1.0,1.0,1.0
gex_possorted_bam_1WGCZ:GTTACGCCAACAGGTGx-M2,1.0,1.0,0.0,1.0,1.0,1.0,0.7301591979366242,1.0,1.0,1.0,0.10983090086912335,1.0,0.8741482354264475,0.5928649144928956,1.0,0.050961716709455124,0.0,0.7692096447900596,0.975740701808359,0.4860604520197675,1.0,1.0,1.0,1.0,0.6662766756103116,0.9394626240920103,0.0,1.0,0.7551402847537876,1.0,1.0,1.0,1.0,1.0,0.0,1.0,0.15779437380184694,1.0,1.0,0.0,1.0,0.4575351122476786,0.7923376319243637,0.39863567026335806,1.0,1.0,0.3420846294206718,0.025218660868807818,1.0,1.0,0.8888839224544652,1.0,0.8970597691346465
gex_possorted_bam_1WGCZ:GTTACGCCAGTTTACGx-M2,1.0,1.0,1.0,1.0,1.0,1.0,0.0,1.0,1.0,1.0,0.0,1.0,1.0,0.4791576069909817,1.0,0.08459244874769248,0.0,0.0,0.3345207354624545,0.6717071120519507,0.8632368823223936,1.0,1.0,0.8491952569177897,0.8856851570645072,1.0,0.0,0.9344635611852234,0.5637490324783623,1.0,0.0,1.0,1.0,1.0,0.0,1.0,0.0,1.0,1.0,0.0,1.0,0.0,1.0,0.5571593705052719,1.0,1.0,1.0,0.0,1.0,1.0,1.0,1.0,0.6010411946541457
gex_possorted_bam_1WGCZ:GTTGGCGGTTGGATATx-M2,1.0,0.7493884281748762,1.0,1.0,1.0,0.6845640585755229,0.0293104253681776,1.0,0.4300984208434858,1.0,0.0,1.0,0.740065978140265,0.5385109944027163,1.0,0.2915251835711316,0.0,0.0,0.41730685367934095,0.40819340332852305,0.8579293374975322,0.887293788978873,1.0,1.0,0.2911489137989847,1.0,0.0,1.0,0.7499992440541003,1.0,0.02219152556196099,1.0,1.0,1.0,0.0,1.0,0.10602034403526325,1.0,1.0,0.0,1.0,0.1410769786791241,1.0,1.0,1.0,1.0,0.84383742338102,0.0,1.0,1.0,1.0,1.0,0.0
gex_possorted_bam_1WGCZ:GTTCCTTCATGCATATx-M2,0.9793327518555942,0.8147631092904586,0.0,0.831686024916707,0.8109055133870894,1.0,0.437800198897301,0.9030559937831447,0.40867398193606264,0.9289189428839566,0.9201660911322583,0.5328014226501746,0.9316711620836132,0.4387391814383836,0.879933241897952,0.47627235668107043,0.7043783888415561,1.0,1.0,0.5150242979577718,1.0,1.0,0.8397601501002703,1.0,0.611883308097357,0.7178932702207037,0.0,0.6654241667692178,1.0,0.9280248305278032,0.8893775074813828,0.9506309287348196,0.8902269373198369,0.9556708456260607,0.07274709376473128,1.0,0.19114261970573684,0.9361683449662388,0.8960191164276412,0.057743332124046295,0.362900405854661,0.20617768544049525,0.22032958425692828,0.0,1.0,0.8736256906119789,0.0,0.47931634730154205,0.7767894743754271,0.8600295628824806,0.6161327474161846,1.0,0.807297135629501
gex_possorted_bam_1WGCZ:GTTAGGCGTTAACGGCx-M2,0.02945933065367543,1.0,1.0,0.9286664644446159,0.17373474834677338,0.0,1.0,0.6738165847725398,1.0,0.920646965819941,0.0,1.0,1.0,1.0,0.20069201963529376,1.0,0.0,0.0,1.0,0.0,0.0,0.0,0.0,0.0,1.0,1.0,1.0,1.0,1.0,0.9267201598823905,1.0,0.09127251394970352,0.0,0.8241416707563295,1.0,0.2385058136422842,1.0,0.04212287659263182,0.15008303181328428,1.0,0.18955053332592064,1.0,1.0,1.0,0.0,0.5297359432120864,1.0,1.0,1.0,0.7406060523563869,1.0,1.0,0.0
gex_possorted_bam_1WGCZ:GTTCTCATCCTTGCACx-M2,1.0,0.9768796294636184,0.0,1.0,1.0,1.0,0.23742916455994137,0.980940314777311,0.4617234065676497,1.0,0.45121079613249826,0.6403038329117895,0.90725213361287,0.31648213663762165,1.0,0.48880049228190414,0.07831763091570351,0.9772452147268406,1.0,0.8180641556948292,1.0,1.0,1.0,1.0,0.5620543981348467,0.997881938563495,0.0,1.0,1.0,1.0,0.679666604485467,1.0,1.0,1.0,0.0,1.0,0.012681796121703172,1.0,1.0,0.0,1.0,0.0,0.7397879269639099,0.40854500125112203,1.0,1.0,0.21235049288248692,0.0,1.0,1.0,1.0,1.0,1.0
gex_possorted_bam_1WGCZ:GTTACTCGTTTCGCGCx-M2,1.0,1.0,0.2955609358541416,1.0,1.0,1.0,0.8442693728027477,1.0,0.8234041961092736,1.0,0.347880000874341,0.9416208526654756,1.0,0.4947809313173124,1.0,0.5312461203942429,0.06761984818933625,1.0,1.0,0.680268651840062,1.0,1.0,1.0,1.0,1.0,1.0,0.0,1.0,1.0,1.0,1.0,0.987034324203928,1.0,1.0,0.04940052657918196,1.0,0.43095837556786865,1.0,1.0,0.0,0.824771523936912,0.27054239357154874,0.7136772090427876,0.7461326209498605,1.0,1.0,0.2131044861352042,0.2057477277146583,1.0,1.0,1.0,1.0,1.0
gex_possorted_bam_1WGCZ:GTTCTTAGTTTAGCTCx-M2,0.13117058905975776,1.0,1.0,0.9805009528568411,0.1542297248375033,0.0,1.0,0.8073673400341227,1.0,0.8950523806416734,0.0,1.0,1.0,1.0,0.1648894394505342,1.0,0.0,0.0,1.0,0.0,0.0,0.0,0.0,0.0,1.0,1.0,1.0,1.0,1.0,0.9307532992294058,1.0,0.009610899274185774,0.0,0.9307707672661502,1.0,0.31195805776023267,1.0,0.177698865897136,0.24903788892130094,1.0,0.2903947156843733,1.0,1.0,1.0,0.020331235105275257,0.6027910728566515,1.0,1.0,1.0,0.6811820916469804,1.0,1.0,0.0
gex_possorted_bam_1WGCZ:GTTACGCCACATTGCAx-M2,0.9766903224872387,1.0,0.9556512346205157,1.0,0.6908051782698328,1.0,1.0,1.0,0.9814290091030513,1.0,0.0,1.0,1.0,1.0,1.0,1.0,0.0,0.0,0.6204163848475749,0.5947748145146883,0.8887050166436237,1.0,0.8917521557597106,1.0,1.0,0.9136402265403748,0.0,1.0,1.0,1.0,1.0,0.9024949056867331,0.9392550648576214,1.0,0.0,1.0,1.0,1.0,1.0,0.9053478795156927,0.8888983039388013,0.762262482351051,0.9467288352073759,1.0,1.0,1.0,0.11394803477653086,0.1685959717818004,1.0,1.0,1.0,1.0,1.0
gex_possorted_bam_1WGCZ:GTTCGCGCAGGCATCTx-M2,0.0730354200597325,1.0,1.0,0.9482712979239944,0.027255377766636765,0.0,1.0,0.8067083951436073,1.0,0.5209764484069309,0.24768155745997963,1.0,1.0,1.0,0.1373853764241337,1.0,0.440231242783946,0.6158504618883152,1.0,0.0,0.0,0.0,0.0,0.0,1.0,1.0,1.0,1.0,1.0,0.9103908840446151,1.0,0.0,0.0,0.7518330458374013,1.0,0.19629773705411027,1.0,0.06922603722842732,0.08348466578664175,1.0,0.12938580221397697,1.0,1.0,1.0,0.02413093742292742,0.5655736802792294,1.0,1.0,1.0,0.5394828099259472,1.0,0.932832443329324,0.0
gex_possorted_bam_1WGCZ:GTTGTTGCAAGGTCCTx-M2,0.7674538479401267,1.0,1.0,1.0,1.0,0.20077434514663003,1.0,1.0,1.0,1.0,0.0,0.0,1.0,0.7328807459949811,0.8032047871993628,0.0,0.0,0.0,0.4839710931055159,0.21630251943712295,0.06509656281291579,0.3132159029101762,1.0,0.0,1.0,1.0,0.6453754786751453,0.3575277127789878,1.0,0.28037921835400326,0.0,1.0,1.0,1.0,0.23812825211558664,0.7896394378672312,0.0,0.9771815747969406,1.0,0.06352586790022068,1.0,0.0,0.6895213764338944,1.0,0.12840205858190515,1.0,1.0,0.0,1.0,1.0,0.6802854265707756,0.9067791399972397,0.0
gex_possorted_bam_1WGCZ:GTTGGCCAGGATCCGCx-M2,1.0,1.0,0.7599492171807898,1.0,1.0,1.0,0.306491171921135,1.0,0.7920835741024994,1.0,0.0,1.0,0.9973653830501146,0.1693155379414679,1.0,0.09703081962272078,0.0,0.0796734032800601,0.7092260050328241,0.7892043349310575,1.0,1.0,1.0,1.0,0.6547922911506597,1.0,0.0,1.0,0.9321467863910395,1.0,0.2770020316456778,1.0,1.0,1.0,0.0,1.0,0.03758710746506248,1.0,1.0,0.0,1.0,0.34265439295479555,0.9485729400523856,0.3885213294109844,1.0,1.0,0.37728004939251764,0.3400438016936539,1.0,1.0,0.7147090791529171,1.0,0.7148575176431137
gex_possorted_bam_1WGCZ:GTTGCGGGTAAGGTCCx-M2,1.0,1.0,0.0,1.0,1.0,1.0,0.5877882493818924,0.9981142298249234,0.5724304346621738,1.0,0.7586271637389645,0.5638916782887328,0.9289608277095969,0.37350602359056534,1.0,0.6068978850025324,0.3319385809349128,1.0,1.0,0.5141573564971659,1.0,1.0,1.0,1.0,0.6586221247026812,0.9200412677438349,0.0,1.0,1.0,1.0,0.9016259733916362,1.0,1.0,1.0,0.0,1.0,0.0,1.0,1.0,0.0,0.7595349806920731,0.13024968219304023,0.6439826229922275,0.0,1.0,1.0,0.0,0.0,0.9535339175578088,1.0,0.8561583436895033,1.0,1.0
gex_possorted_bam_1WGCZ:GTTAGGCGTGTCCTGCx-M2,1.0,1.0,0.0,1.0,0.9394977398921316,1.0,0.6443260785225216,1.0,0.5514363435247222,1.0,0.0,1.0,1.0,0.31905916542169505,1.0,0.20590280623860824,0.0,0.29970374433847724,0.9551898603423588,0.5667076048661261,1.0,1.0,1.0,1.0,0.9200312068203113,0.9118161714585733,0.0,0.7566021350253032,1.0,1.0,0.7322074823855539,0.8513506731080388,1.0,0.908980195457017,0.0072299393194501915,1.0,0.44240955788397524,1.0,1.0,0.022177568591870582,1.0,0.36617406606978553,0.8306320149976981,0.5352444991036402,1.0,1.0,0.39892115093344194,0.01340402071679937,0.9197750894756204,1.0,1.0,1.0,1.0
gex_possorted_bam_1WGCZ:GTTACGTAGGCGCACTx-M2,1.0,0.763468545778914,1.0,1.0,1.0,0.19742883964452693,0.0,1.0,1.0,1.0,0.0,1.0,1.0,0.6702725627221653,1.0,0.0,0.0,0.0,0.0,0.03955726168151005,0.0,0.4008671407128461,1.0,0.6204989182236537,0.7015150792963507,1.0,0.07434793071124418,0.6678250398323093,0.5418023824295339,1.0,0.0,1.0,1.0,1.0,0.0,0.9032051838826736,0.0,1.0,1.0,0.0,1.0,0.0,0.9829651749805383,0.41387457328859373,0.7945385925114476,1.0,1.0,0.0,1.0,1.0,0.9995288439714731,0.954341406977304,0.0
gex_possorted_bam_1WGCZ:GTTTAACCATGGCCCAx-M2,0.041008494398399785,1.0,1.0,0.8380959340263449,0.0,1.0,1.0,0.4760083705584622,1.0,0.4499000777997245,1.0,1.0,1.0,1.0,0.11772700967184023,1.0,1.0,1.0,1.0,0.0,0.0,0.0,0.0,0.0,1.0,1.0,1.0,1.0,1.0,1.0,1.0,0.0,0.0,0.5932950981059156,1.0,0.1514277405131799,1.0,0.11842930365497678,0.12281669739695847,1.0,0.1944808609048139,1.0,1.0,1.0,0.007070883946242346,0.5095720574105456,1.0,1.0,0.9652922470894293,0.4218483839044324,1.0,0.8592479215342979,0.0
gex_possorted_bam_1WGCZ:GTTGGCGGTGGAAACGx-M2,1.0,1.0,0.0,1.0,1.0,1.0,0.49214465123212786,1.0,0.6648436496293042,1.0,0.07707205263219429,0.6657906734941523,1.0,0.29258989656953055,1.0,0.3630733327661552,0.0,0.6805096025151229,0.8797222314880722,0.8326886469118717,1.0,1.0,1.0,1.0,0.6886485801285523,0.9230615112655649,0.0,1.0,1.0,1.0,0.8061221151348474,1.0,1.0,1.0,0.0,1.0,0.3497172185551057,1.0,1.0,0.07299092640239446,0.9698051744751129,0.36564368848983164,0.7204837958881739,0.32503566958563096,1.0,1.0,0.09181515894684858,0.0,1.0,1.0,0.8353475166063197,1.0,1.0
gex_possorted_bam_1WGCZ:GTTAGACTCCCTCAACx-M2,1.0,1.0,0.0,1.0,0.8653096661152354,0.7011382348735588,0.8451938627960084,1.0,0.7479779406920878,1.0,0.0,1.0,0.9060640156644878,0.4333093338799213,1.0,0.0,0.0,0.0,0.6127898972371607,0.7382037207866267,1.0,0.985351386662748,1.0,1.0,0.6693238684587887,1.0,0.0,0.9422527716211838,0.8242611957278726,0.9192819225923241,0.6600010133623859,1.0,1.0,1.0,0.01971924742648621,1.0,0.25917619820646115,1.0,1.0,0.0,1.0,0.45930517748944033,0.6566689541065666,0.4603083158269546,1.0,1.0,0.6139380628131547,0.0,0.9799175621165781,1.0,1.0,0.9333596789882659,0.472552356257546
gex_possorted_bam_1WGCZ:GTTGCGGGTCATTGTCx-M2,0.9143345350167681,1.0,0.0,0.9316563360844556,0.7241957155855783,0.9174403664997686,1.0,1.0,0.4585864181189782,1.0,0.0,1.0,0.6428002034683734,1.0,1.0,0.22573766468161005,0.0,0.0,0.4775658658093516,0.7738537110277247,1.0,0.9850758142514594,0.9397984872035542,1.0,0.859695050973898,0.7686422960630261,0.0,0.8094714434537029,0.8436478391172132,1.0,1.0,0.9537903764943803,0.9234015792120543,1.0,0.03541989328886761,1.0,0.4313057876574885,0.878706584106885,0.9311365977860532,0.6215671189442022,0.5747209556422951,1.0,0.5703431885551296,0.3011241196459938,0.986081916791309,0.9743225126993402,0.39566896552368364,0.3874714523235318,1.0,1.0,1.0,0.9569668054073686,1.0
gex_possorted_bam_1WGCZ:GTTCTCATCTTGCAAAx-M2,1.0,1.0,0.0,1.0,1.0,1.0,0.49894448213112214,1.0,0.41339993440667083,1.0,0.6136881743504513,0.8562011335129672,1.0,0.4434920224026895,1.0,0.3911054640235829,0.3683696518668286,1.0,1.0,0.6834690794290454,1.0,1.0,1.0,1.0,0.7494111177237628,1.0,0.0,0.8786908299902149,1.0,1.0,1.0,0.9761064315186354,1.0,1.0,0.0,1.0,0.14622622994171114,1.0,1.0,0.021843197036459393,1.0,0.0,0.7610145021322845,0.6290888022950755,1.0,1.0,0.28303281865345287,0.0,1.0,1.0,0.9936864779448391,1.0,1.0
gex_possorted_bam_1WGCZ:GTTACCTGTTCCAGGGx-M2,0.12858122165906016,1.0,1.0,1.0,0.16292272245607092,0.0,1.0,0.7138985637466401,1.0,0.876065893764337,0.15817287589912726,1.0,1.0,1.0,0.2243246817444164,1.0,0.42219943103225466,0.1893752081778026,1.0,0.0,0.0,0.0,0.0,0.0,1.0,1.0,1.0,1.0,1.0,1.0,1.0,0.0839894024660812,0.0,0.8134539196395899,1.0,0.28207603111086854,1.0,0.15622900685931784,0.14701420768468237,1.0,0.2599893610913701,1.0,1.0,0.513856104708589,0.19857959074980594,0.5869032861044884,1.0,1.0,1.0,0.6457893521642445,1.0,1.0,0.0
gex_possorted_bam_1WGCZ:GTTTACCGTCACAAATx-M2,1.0,0.9237674649835306,0.0,0.9869889508993547,1.0,1.0,0.15186499411621449,1.0,0.12420526894518356,0.8910479374740283,0.6278300890117844,0.5450973446987116,0.847344744484097,0.3107873227052394,0.9868400667154269,0.26037040595818484,0.29742080663824755,1.0,1.0,0.7056356501596935,1.0,1.0,1.0,1.0,0.6867418046288462,0.9341276854176226,0.0,1.0,0.8931051583795513,1.0,0.6145533306232193,1.0,1.0,1.0,0.0,1.0,0.14820194876305284,1.0,1.0,0.005507900885664857,1.0,0.14761347193537278,0.6501734727488276,0.38275230662183996,1.0,1.0,0.2579727712385867,0.0,0.9403369703848722,1.0,0.9006524063134268,1.0,1.0
gex_possorted_bam_1WGCZ:GTTAGACTCCATAATGx-M2,0.8876949197510416,0.5601830728814344,0.01661613193052057,0.7845782907610803,1.0,1.0,0.30620709950919245,0.7494514745838713,0.47157818411879227,0.923053319981967,0.6514812082388252,0.15870215870562002,0.5383796463770649,0.007990552489703769,0.9759420756463798,0.1200261933906141,0.3888128331478168,1.0,0.7439291796734819,1.0,1.0,1.0,0.8372671913001771,1.0,0.510230968187313,0.6480037205554068,0.0,0.7227753295547332,0.7925098508531694,0.861766854849853,0.7614801932012768,0.8879767987192517,0.8303666502920164,0.7727491057016472,0.004364662799750104,0.9107424020501661,0.0,0.7594390833171417,0.8120058466494168,0.18895083396509332,0.7769136025215845,0.05899465118383569,0.6243359959105924,0.2797960943346636,1.0,0.8474335909619299,0.07010980678423238,0.0,0.6911588746111432,0.9077194042898618,0.6649009071240873,0.8346106662358463,1.0
gex_possorted_bam_1WGCZ:GTTGGAGCATTAGGTTx-M2,1.0,0.7324683450783787,0.020566795034403704,1.0,1.0,1.0,0.29969742395980276,1.0,0.6119948579354275,1.0,0.19381721898739712,0.7616910145108616,0.796008326532119,0.22968598273861152,1.0,0.0,0.0,0.528979294909775,1.0,1.0,1.0,1.0,1.0,1.0,0.6258222581764854,0.9575683679015414,0.0,0.920214977120331,1.0,0.9934644624383064,0.7037476090810441,1.0,1.0,1.0,0.0,1.0,0.265355271842242,1.0,1.0,0.0,1.0,0.22817620300626978,0.7205079293884847,0.08340297190203116,1.0,1.0,0.3816027651041308,0.04609825910177885,0.9732404491162143,0.9845989948204248,0.9025953022653151,1.0,1.0
gex_possorted_bam_1WGCZ:GTTGTTGCAGGAAGCCx-M2,0.07185417653703864,1.0,1.0,0.9406784112994578,0.08386391721913156,1.0,1.0,0.5558181184776216,1.0,0.8200147752173568,1.0,1.0,1.0,1.0,0.14148393222717862,1.0,1.0,1.0,1.0,0.0,0.0,0.0,0.0,0.0,1.0,1.0,1.0,1.0,1.0,1.0,1.0,0.03150351731542116,0.0,0.6791067111690486,1.0,0.19980799970991364,1.0,0.17784170260845406,0.22670653171942212,1.0,0.3839503795393147,1.0,1.0,1.0,0.0,0.5940729432025119,1.0,1.0,1.0,0.5827686819568793,1.0,0.9973046452622811,0.0
gex_possorted_bam_1WGCZ:GTTCATTTCAGGCTATx-M2,0.7586660581116859,0.47632706640419226,0.0,0.6178314542221622,0.8342538474956727,1.0,0.003637352006030596,0.6589736379858808,0.2553533019583074,0.43997396801958955,0.6255615488535635,0.13275772705458283,0.361922821725008,0.2532678485322995,0.6008246254369753,0.2513442691555057,0.46303093765143843,1.0,0.6873843060275638,0.39787512017986754,1.0,1.0,0.6383422666226118,1.0,0.21603642043459698,0.43165357355154094,0.06411012320322687,0.6582695737287594,0.6098113330654633,0.4775449689468279,0.0,0.7562186363190865,0.6708138375003372,0.6267411359517081,0.07378661430363585,0.7583234367369165,0.0015266480509769614,0.6357705663469839,0.6077092314762355,0.0020713626640818765,0.2691952819284971,0.16746424919899286,0.17923138182027223,0.0,0.8475535613860373,0.6021415657160116,0.0,0.06189780493937087,0.4514776636743313,0.6247330036112341,0.5495978893234482,0.6543712165620758,0.8696710859003269
gex_possorted_bam_1WGCZ:GTTACGCCAGGCCAAAx-M2,0.7304100426561841,0.9076083107269727,0.1238340306049776,0.6872076428764311,0.5953712421758169,0.9424727436038131,0.9663392720336413,0.8400363619153204,0.13928794282647367,0.9008848985075829,0.0,0.9221330956928707,0.6027677770915689,0.7624252129557801,1.0,0.7511247071948998,0.053721989819761874,0.28733278793539996,0.33427096579017307,0.8796168213306297,0.8599456521698938,0.8413093114427377,0.714350823620613,1.0,0.29982632628332206,0.5567393769928234,0.0019609136530268434,0.8097160107545578,0.8808077399915706,0.6964864863955738,1.0,0.4528609226633941,0.7707735054570496,0.8398488055522446,0.2197232753903303,0.9089255207452488,0.5115959415625911,0.6546485855097361,0.8495010157496983,0.4599463676896354,1.0,0.5548466958875397,0.3253533110509819,0.43479771864557765,0.8077426964365528,0.7714176325357746,0.03393321901079849,0.0,0.6885403425699081,0.7698772113185144,0.30652891341220395,0.7035717722736247,0.8549268741246192
gex_possorted_bam_1WGCZ:GTTCGCGCAGATAGACx-M2,1.0,1.0,1.0,1.0,1.0,1.0,0.3152629000987185,1.0,1.0,1.0,0.0,1.0,0.9922437034559163,0.9368906434953604,1.0,0.6982382753688671,0.0,0.16347224742514127,0.5592776011573823,0.613344639379661,0.9468149371889364,1.0,1.0,1.0,1.0,1.0,0.0,1.0,0.7467797056783281,1.0,0.6903238908977793,1.0,1.0,1.0,0.0,1.0,0.033431736873815,1.0,1.0,0.21857769145489847,1.0,0.012305741186434706,1.0,0.9568437872949266,1.0,1.0,1.0,0.0,1.0,1.0,0.9979476563425739,1.0,1.0
gex_possorted_bam_1WGCZ:GTTGCATAGGGTCTATx-M2,0.05954821647859516,1.0,1.0,0.9573061122688993,0.05742231865303334,0.11936447420924721,1.0,0.743447451942628,1.0,0.5843424979677391,0.5128850535190471,1.0,1.0,1.0,0.12781233856063956,1.0,0.6623071816093454,1.0,1.0,0.0,0.0,0.0,0.0,0.0,1.0,1.0,1.0,1.0,1.0,1.0,1.0,0.0,0.0,0.7364424339899771,1.0,0.2260611673337435,1.0,0.12150340870020786,0.08922905271290194,1.0,0.09077580142548772,1.0,1.0,1.0,0.0,0.5550807263668219,1.0,1.0,1.0,0.5620648232200768,1.0,0.9845299165260428,0.0
gex_possorted_bam_1WGCZ:GTTGGCGGTACCGGATx-M2,1.0,0.9516106639729714,0.5878238162367072,1.0,1.0,1.0,0.43756920264130644,1.0,0.42567252604179256,1.0,0.0,1.0,1.0,0.17218366364394572,1.0,0.11839339819589194,0.0,0.0,0.9342553123753295,1.0,1.0,1.0,1.0,1.0,0.5463793337600993,1.0,0.0,0.9140925625088204,0.979641402321775,1.0,0.36384874826479663,1.0,1.0,1.0,0.0,1.0,0.16549442103852635,1.0,1.0,0.0,1.0,0.1591989616522152,0.9335405103187229,0.6129839828007534,1.0,1.0,0.7066395785722113,0.0,1.0,1.0,1.0,1.0,0.6557590275314359
gex_possorted_bam_1WGCZ:GTTACCTGTGCAATGCx-M2,1.0,0.9690600209867395,0.16072487181712908,1.0,1.0,0.381987164135776,0.22063062335249412,1.0,0.5778336578615691,1.0,0.0,1.0,0.9325813623274253,0.27466527154967507,1.0,0.24106629194304155,0.0,0.0,0.42379002143143246,0.7687823565930146,1.0,0.9273787532366259,1.0,1.0,0.31923494357424925,1.0,0.0,0.8960716821799309,0.797877457972003,1.0,0.0,1.0,1.0,0.961452826183136,0.0,1.0,0.12042153009919028,1.0,1.0,0.0,1.0,0.05513022273684773,0.8690680078123106,0.5243226079550374,1.0,1.0,0.8434246180650076,0.0,1.0,1.0,1.0,0.9565908889646967,0.0
gex_possorted_bam_1WGCZ:GTTCTTGTCAAACACCx-M2,0.018436014243925505,1.0,1.0,0.9680643826602612,0.0,1.0,1.0,0.5712664803823242,1.0,0.6971987533529227,1.0,1.0,1.0,1.0,0.2492177580629292,1.0,1.0,1.0,1.0,0.0,0.0,0.0,0.0,0.0,1.0,1.0,1.0,1.0,1.0,1.0,1.0,0.0,0.0,0.6322777106811192,1.0,0.2732049891453123,1.0,0.22166221380629672,0.11473944741001653,1.0,0.2651011111982753,1.0,1.0,1.0,0.08292968266353473,0.5380517122861979,1.0,1.0,1.0,0.4102107988431911,1.0,0.9507638456656705,0.0
gex_possorted_bam_1WGCZ:GTTCCCAGTAAAGCAAx-M2,0.02702794393747841,1.0,1.0,0.9699438017473446,0.0,0.8844452134709727,1.0,0.6157496552203529,1.0,0.5717883127706016,1.0,1.0,1.0,1.0,0.10537673708455483,1.0,1.0,1.0,1.0,0.0,0.0,0.0,0.0,0.0,1.0,1.0,1.0,1.0,1.0,1.0,1.0,0.0,0.0,0.6177162623495618,1.0,0.16080630317460273,1.0,0.08210473710646043,0.07316939360345093,1.0,0.0,1.0,1.0,1.0,0.0,0.48342791035380017,1.0,1.0,1.0,0.5271753317322084,1.0,0.9572880704432366,0.0
gex_possorted_bam_1WGCZ:GTTCGCTTCGGTCAGCx-M2,0.9690900044917198,1.0,0.5808867593998451,1.0,0.37464089929253774,1.0,1.0,1.0,0.7478485985643897,1.0,0.0,1.0,1.0,1.0,1.0,1.0,0.0,0.0,0.5499972370425661,0.6444597238857412,1.0,0.8311863561217735,0.8922012929883565,1.0,1.0,0.9622815380184908,0.0,1.0,1.0,0.8626888651290212,1.0,1.0,0.9559934848993984,1.0,0.0,1.0,0.7998383146344717,1.0,1.0,0.8936169159071108,0.9915086488417431,0.5838069809337103,0.9492845193763164,0.9704577724477597,1.0,1.0,0.5953678816816599,0.0,1.0,1.0,1.0,1.0,0.6852228206979002
gex_possorted_bam_1WGCZ:GTTACGTAGGATGATGx-M2,1.0,0.8892039888573847,0.0,1.0,1.0,1.0,0.3836756101879838,1.0,0.6734195789854298,0.9808116254673067,0.0028840311198730147,0.06186525038337507,0.597595583839369,0.323799095863176,1.0,0.6066482048371656,0.0,0.7506031828140586,1.0,0.43846016711760794,1.0,1.0,1.0,0.9107253062414725,0.6286046449395094,1.0,0.0,1.0,1.0,1.0,0.5295168899473395,0.6154675172619734,1.0,1.0,0.0,1.0,0.03879263215132884,1.0,1.0,0.09413302620218013,1.0,0.37988886173056496,1.0,0.17328446214984689,1.0,1.0,0.22870851616226592,0.0,0.9473702865722048,0.9655879427862976,1.0,1.0,1.0
gex_possorted_bam_1WGCZ:GTTACGCCACCTATAGx-M2,1.0,1.0,0.0,1.0,1.0,1.0,0.7910389681609954,1.0,0.08173407014321617,1.0,0.3141306063714274,0.9670943382532478,0.9392804217766096,0.48922233224355594,1.0,0.3442250893304766,0.0,0.9780534355502838,1.0,0.43713144647836394,1.0,1.0,1.0,1.0,0.7035540655522069,0.8934841297028017,0.0,1.0,1.0,1.0,1.0,1.0,1.0,1.0,0.0,1.0,0.19434532983950983,1.0,1.0,0.0,0.684278638585905,0.06261704843014973,0.570989483432411,0.5788914337776775,1.0,1.0,0.0,0.0,0.9670007065358315,1.0,1.0,1.0,1.0
gex_possorted_bam_1WGCZ:GTTACGCCAAAGCTAAx-M2,0.028007665225076857,1.0,1.0,0.8404879903088089,0.0,0.0,1.0,0.4705504806846903,1.0,0.4802225097653421,0.5889851224770404,1.0,1.0,1.0,0.02744429890123434,1.0,0.7462892983495523,0.470110575143129,1.0,0.0,0.0,0.0,0.0,0.0,1.0,1.0,1.0,1.0,1.0,1.0,1.0,0.0,0.0,0.6246894453709879,1.0,0.09809141051272759,1.0,0.10053353359242807,0.0994360709679786,1.0,0.15671107158164688,1.0,1.0,1.0,0.0,0.4488244571537457,1.0,1.0,0.9734990946448465,0.41736233423021885,1.0,0.8631099333905646,0.0
gex_possorted_bam_1WGCZ:GTTGTTGCACAGAAACx-M2,1.0,0.7136701354407438,0.13261695316000013,0.8945802048529425,1.0,1.0,0.41693346977655144,0.9348682749602363,0.5931334015745616,0.9881973689991927,0.8476814896532792,0.2934142324798583,0.6833603807231905,0.04217301866143462,0.9777925159705684,0.2517325645138149,0.4481263674685844,1.0,1.0,0.6808299112391187,1.0,1.0,0.9653426635657186,1.0,0.5729649445109802,0.7830168383907243,0.0,0.8610048084836197,0.9826598477860026,1.0,0.9621988985055795,1.0,0.9980542012297822,1.0,0.0,1.0,0.18612582181821444,1.0,0.9844822508837084,0.0,0.7382173893682029,0.20634616263475014,0.4458927836683476,0.0,1.0,0.9928102471445525,0.0,0.0,0.8030769925524377,0.9669964132692276,0.6396951839331275,1.0,1.0
gex_possorted_bam_1WGCZ:TAAGGCTTCCTCGATCx-M2,1.0,0.8176327088409682,1.0,1.0,1.0,1.0,0.0,1.0,1.0,1.0,0.0,1.0,1.0,0.29122049686771395,1.0,0.16333129777947394,0.0,0.0,0.348506950574856,0.7710628041279113,0.7441497993570393,1.0,1.0,0.794084400694156,0.9447557994093329,1.0,0.0,1.0,0.676929139551009,1.0,0.0,1.0,1.0,1.0,0.0,1.0,0.0,1.0,1.0,0.0,1.0,0.0,1.0,0.8131780139512655,1.0,1.0,1.0,0.0,1.0,1.0,0.8764253648181152,1.0,1.0
gex_possorted_bam_1WGCZ:TAAGTGCTCACGCGGTx-M2,1.0,0.8551695875512311,0.0,0.9608649912168747,1.0,1.0,0.4378007427103742,1.0,0.6087290093794094,1.0,0.16969868015820783,0.8292868830532498,1.0,0.4966039236686491,1.0,0.06965756984193217,0.0,0.7082122451477447,1.0,0.6025772113456186,1.0,1.0,1.0,1.0,0.6750059711334353,0.9333364884691058,0.0,0.9116399563259953,1.0,1.0,0.8140543097592141,1.0,1.0,1.0,0.0,1.0,0.2531976638981963,1.0,1.0,0.02895836942693032,1.0,0.32989713839055174,0.7727182186600071,0.010468959490621568,1.0,1.0,0.24365554301835254,0.0,0.8895325154977416,1.0,0.9037793612885365,1.0,1.0
gex_possorted_bam_1WGCZ:TAATGGTGTCAACAATx-M2,1.0,0.9174298528156606,0.0,1.0,1.0,1.0,0.49023030491420344,1.0,0.6029729794172815,1.0,0.7634143370921883,0.45800318834821996,0.8889100554853712,0.2577179112078916,1.0,0.33593754004741583,0.3019782788818058,1.0,1.0,0.6373073148059356,1.0,1.0,1.0,1.0,0.4886474867046693,0.9645056274391958,0.0,1.0,1.0,1.0,1.0,1.0,1.0,1.0,0.0,1.0,0.16590970554910803,1.0,1.0,0.0,0.8877009040390251,0.11214879326169015,0.6538479906909691,0.226767112779066,1.0,1.0,0.030934790953740566,0.022755696660887295,1.0,1.0,0.9795410823976743,1.0,1.0
gex_possorted_bam_1WGCZ:TAAGTAGCAGGCAAGCx-M2,1.0,0.7404448317317303,0.0,1.0,1.0,1.0,0.48931685432632943,1.0,0.45642031506264147,0.924991942698666,0.12523414704263441,0.8651124361575078,0.8325534361066302,0.508412321142602,1.0,0.10975492755951868,0.0,0.5847970224561054,1.0,0.5674181778691169,1.0,1.0,1.0,1.0,0.6836001853365158,0.9337447453863759,0.0,0.8718026791745584,0.7304942140596363,1.0,0.2938391632632244,1.0,1.0,1.0,0.0,1.0,0.14677323430181013,1.0,1.0,0.0,1.0,0.32595148871153745,0.7323858600294576,0.011611422967310313,1.0,1.0,0.37574038491948475,0.0,0.9319387011297566,0.9436789793154626,0.8360418271171222,1.0,0.8153605079029242
gex_possorted_bam_1WGCZ:TAAAGCCTCTTGAGCGx-M2,0.0,0.6965496661730697,1.0,0.24813660257072634,0.0,0.0,1.0,0.06562605596700728,1.0,0.12028509168106387,1.0,0.8953734511244431,1.0,1.0,0.0,1.0,1.0,0.5816953349447641,1.0,0.0,0.0,0.0,0.0,0.0,1.0,0.4657741263742115,1.0,0.7736327438308283,0.8465730758869023,0.24401519623238443,1.0,0.0,0.0,0.18068170701794314,1.0,0.0,1.0,0.0,0.0,1.0,0.018470857913632604,1.0,1.0,1.0,0.0,0.15192726308816162,1.0,1.0,0.36853566848230795,0.25241434882251207,0.9840851539634136,0.2931322490139908,0.0
gex_possorted_bam_1WGCZ:TAAACAGCATGTCAGCx-M2,1.0,0.9740829309533678,1.0,1.0,1.0,1.0,0.0,1.0,1.0,1.0,0.0,1.0,1.0,0.6563805306638196,1.0,0.26213742878027974,0.0,0.0,0.09063579157036743,0.4689441644360916,0.6065941851525914,0.8809391643424525,1.0,0.8143883624396528,1.0,1.0,0.0,1.0,0.4150298699133346,1.0,0.0,1.0,1.0,1.0,0.0,1.0,0.0,1.0,1.0,0.0,1.0,0.08690931375221757,1.0,1.0,1.0,1.0,1.0,0.0,1.0,1.0,0.7852003858003699,1.0,0.9674537141568839
gex_possorted_bam_1WGCZ:TACCAAATCACAGACTx-M2,0.0701650021821694,1.0,1.0,1.0,0.09477361829564318,0.0,1.0,0.8332752212214223,1.0,0.8500891321966895,0.0,1.0,1.0,1.0,0.17581336276335582,1.0,0.0,0.0,1.0,0.0,0.0,0.0,0.0,0.0,1.0,1.0,1.0,1.0,1.0,0.7560152272289331,1.0,0.18776366010054069,0.0,0.9023103270676314,1.0,0.26656933935182536,1.0,0.026178498613988285,0.055518064404089816,1.0,0.16557165985594377,1.0,1.0,0.45575917082217693,0.0014494485835247586,0.5492361813088369,1.0,1.0,1.0,0.7203069124735151,1.0,1.0,0.011964203393451391
gex_possorted_bam_1WGCZ:TAACCGGTCTCAATTCx-M2,0.7533776888728465,1.0,1.0,1.0,1.0,0.6911358688671757,1.0,1.0,1.0,1.0,0.0,0.1242094712779973,1.0,0.8027170092708088,0.9178217484230954,0.0,0.0,0.0,0.3803658351613577,0.7921355333623087,0.45811502461353293,0.454172647122231,1.0,0.27322052348425796,1.0,1.0,0.6433510609400267,0.6392083377051552,1.0,0.30611188525655764,0.0,1.0,0.919733681073954,1.0,0.45016747973500004,0.9298446553750614,0.07004046339071505,0.9756232331510731,1.0,0.3209748145164173,1.0,0.30228709212755794,0.691932964419259,1.0,0.600002382725771,1.0,1.0,0.0,1.0,1.0,0.6702805258094429,0.8865383146121848,0.94680220328548
gex_possorted_bam_1WGCZ:TAATTGCCATTCAGCAx-M2,1.0,1.0,0.34217667900319915,1.0,0.8572752917379022,1.0,1.0,1.0,1.0,1.0,0.14375019277455092,1.0,1.0,1.0,0.9702413443608987,1.0,0.0,0.641638972422188,1.0,0.4543514285400061,1.0,1.0,0.8931877744818898,1.0,1.0,0.9745602277397695,0.13247997092132902,1.0,1.0,1.0,1.0,0.898481335347041,0.9518112700706688,1.0,0.11382446440148018,1.0,1.0,1.0,1.0,0.685363140283752,0.8998513392490028,0.9488565236382722,0.8877653033932097,1.0,1.0,1.0,0.5059430187333765,0.9197932023256492,1.0,0.9633078335918339,1.0,1.0,1.0
gex_possorted_bam_1WGCZ:TAAGCCAGTCAGTAATx-M2,1.0,0.7899966338937529,0.0706110537476213,1.0,1.0,1.0,0.401223595729175,1.0,0.5852727743529701,0.9106405076321296,0.007149915086623229,0.6769531157842219,0.8392872096523272,0.07696758510024386,1.0,0.24967766537713898,0.0,0.3682702624364735,0.8893818740931008,0.663123034041382,1.0,1.0,1.0,1.0,0.40351974699943144,0.9839307016517522,0.0,0.9831834154166345,1.0,0.9444619713647955,0.3145008676437273,1.0,1.0,0.9897026855259233,0.0,1.0,0.3518644336215051,1.0,1.0,0.017431606815553086,1.0,0.21029643466030243,0.6294725549762185,0.2964801651658133,1.0,1.0,0.19936695410709565,0.0,0.9672265019584976,0.9613101028942631,1.0,1.0,0.4494644339222709
gex_possorted_bam_1WGCZ:TAAGCTATCCGTTAAAx-M2,1.0,1.0,1.0,1.0,1.0,0.6103660316775231,0.0,1.0,0.8433266274662014,1.0,0.0,1.0,1.0,0.5910033232154421,1.0,0.2841975212190935,0.0,0.0,0.0,0.3081822373351737,0.04083879168768469,0.5996689402909797,1.0,0.5994444427214857,1.0,1.0,0.0,1.0,0.723168346258478,1.0,0.0,1.0,1.0,1.0,0.0,1.0,0.0,1.0,1.0,0.0,1.0,0.0,1.0,1.0,1.0,1.0,1.0,0.0,1.0,1.0,0.7263441319700911,1.0,1.0
gex_possorted_bam_1WGCZ:TACCAAATCATAATCGx-M2,0.5352517008227106,0.6320076308328207,0.3345166222232816,0.4910284052521306,0.4152225507842842,0.8109718042243282,0.5321009905003549,0.7193252710960806,0.20256596785926884,0.7057751853654788,0.002281307713284857,0.384414416996357,0.25182223042479074,0.009637970573446742,0.6822686564333326,0.35611128130340025,0.12650250318074102,0.24217630140431348,0.0,1.0,0.959547647052012,0.807772313148686,0.530841479219181,0.9988159639328458,0.3327366133761154,0.36539589937538297,0.0,0.379421808386729,0.6463080646414269,0.35807604796396963,0.892779271674584,0.20303706803210925,0.5969731390550663,0.6645771273889058,0.0,0.6832059538208056,0.30541886242892957,0.4742018437698001,0.6227509723749006,0.464617796323754,0.46277911497381446,0.19829190721860962,0.2073326175338013,0.30512567975104676,0.580809877365001,0.589057891338267,0.09929320646407905,0.0,0.5431030776604044,0.61918424924852,0.5120530076853451,0.48598010790072926,0.7916209930014041
gex_possorted_bam_1WGCZ:GTTTCAGCACCGGCTAx-M2,0.07259113123388815,1.0,1.0,0.9836589251568599,0.5599355769895076,0.0,1.0,1.0,1.0,1.0,0.0,1.0,1.0,1.0,0.2577783667997103,1.0,0.0,0.0,1.0,0.0,0.0,0.0,0.03995134011011625,0.0,1.0,1.0,1.0,1.0,1.0,0.6405453095226519,1.0,0.3323684938569985,0.0,0.9665839610821257,1.0,0.3395930155075998,1.0,0.09591388255145082,0.210047324823737,1.0,1.0,1.0,1.0,1.0,0.0,0.6149678803162824,1.0,1.0,1.0,1.0,1.0,0.9949566779301042,0.4543153242238099
gex_possorted_bam_1WGCZ:TAATGCATCTGTGCCTx-M2,1.0,0.7632592526242359,0.0,1.0,0.9710421289860965,0.737563018581341,0.673761758802106,1.0,0.4721677110762303,0.9720796665101329,0.0,0.9021570297326297,0.7985911929101699,0.3747374752402811,1.0,0.04498788259632493,0.0,0.0,0.7097119990503061,0.6646849379453305,1.0,1.0,1.0,1.0,0.45609209195845407,1.0,0.0,0.9310502633357073,0.8410174864536103,1.0,0.19402121957556562,1.0,1.0,1.0,0.0,1.0,0.17829823756726276,1.0,1.0,0.0,1.0,0.22473168355976897,0.8555099861526703,0.37374021502767335,1.0,1.0,0.40866560614876607,0.0,0.9827016259110315,1.0,1.0,0.9731401120979573,0.23526356904825121
gex_possorted_bam_1WGCZ:TAACAAGCAGCACCATx-M2,1.0,0.6333152566976403,0.0,0.9049426169867812,0.9196274138713194,1.0,0.616172487283145,1.0,0.30804455333391334,0.9059268359578319,0.2417755278711535,0.39097790014063755,0.6537420178903808,0.21832321937271137,0.960097735492536,0.41589509204347447,0.0,0.8145647565408174,0.8969774010892152,0.6458783260742895,1.0,1.0,0.9305803483992545,1.0,0.789888424127579,0.7568233428943888,0.0,0.8584724286240295,0.7315280820130374,0.8733772549942411,0.9508943530995825,1.0,0.894590625907532,0.9811718707321769,0.0,1.0,0.3276214308324601,0.9561292486888999,0.9358010714827961,0.23520300299633587,0.5521171579617842,0.2210311925024,0.5231196714105812,0.0,1.0,0.8717231845336239,0.21128919756496303,0.0,0.7645134382546326,0.8303095894081466,0.7547347655219727,1.0,1.0
gex_possorted_bam_1WGCZ:TAAGGCTTCTTCAATCx-M2,0.879349388481085,1.0,0.8168662130780546,0.9783741196734916,0.023549758320395974,0.7414736223536497,1.0,1.0,0.973842024835103,1.0,0.0,1.0,1.0,1.0,1.0,1.0,0.0,0.0,0.332386891514617,0.5352060720949946,0.7915421601896913,0.667657047589675,0.711916318575206,1.0,1.0,0.9154033794627915,0.0,1.0,1.0,0.7309524433334691,1.0,1.0,0.8656475869302472,1.0,0.0,1.0,1.0,1.0,1.0,1.0,0.7334820414025698,0.6864750754774621,1.0,1.0,1.0,1.0,0.37075786066398797,0.0,1.0,1.0,1.0,1.0,0.6766402594189198
gex_possorted_bam_1WGCZ:TAACCTAAGCACAGCCx-M2,1.0,1.0,0.3663935496676062,1.0,0.8776562523599108,1.0,1.0,1.0,0.8727318291341976,1.0,0.0,1.0,1.0,0.6807077580800449,1.0,0.5414971178536051,0.0,0.1153048134057067,0.9366969613995927,0.9348784059900948,1.0,1.0,1.0,1.0,1.0,0.9722811178604733,0.0,1.0,1.0,1.0,1.0,1.0,1.0,1.0,0.0,1.0,0.5015837334922915,1.0,1.0,0.4079099255990984,0.8090752617645091,0.49495475002464573,0.9911418241626644,0.9096933263956878,1.0,1.0,0.19720566449008958,0.04266263342504065,1.0,1.0,1.0,1.0,1.0
gex_possorted_bam_1WGCZ:TAATCCGCAGTACCGTx-M2,1.0,1.0,0.08178846271158523,1.0,1.0,1.0,0.5607126743351096,1.0,0.873010131617907,1.0,0.20166800158908862,0.7649640044820452,0.9925685141008944,0.3044932659716606,1.0,0.30725720679895174,0.0,0.6835686268972725,1.0,0.6882013429999178,1.0,1.0,1.0,1.0,0.4697486691998836,1.0,0.0,1.0,1.0,1.0,0.8679482865611229,1.0,1.0,1.0,0.0,1.0,0.06749043339804996,1.0,1.0,0.0,1.0,0.29662994527224257,0.82446074352691,0.1844979141566734,1.0,1.0,0.2983322306751933,0.05206931613865662,1.0,1.0,1.0,1.0,1.0
gex_possorted_bam_1WGCZ:GTTTGCTGTTGCGCGAx-M2,1.0,1.0,0.6815431319790285,1.0,1.0,0.6996020120907406,0.049374331017665925,1.0,0.3397599178740155,1.0,0.0,0.7304657345807993,1.0,0.07581262387685322,1.0,0.0,0.0,0.0,0.7749943538196119,1.0,1.0,1.0,1.0,1.0,0.0,1.0,0.0,1.0,1.0,1.0,0.24528415100162973,1.0,1.0,1.0,0.0,1.0,0.055692628206520635,1.0,1.0,0.0,1.0,0.13479443934279448,0.75121959668418,0.5635902929860481,0.9681056756634723,1.0,0.5511408517505205,0.0,1.0,1.0,1.0,1.0,0.0
gex_possorted_bam_1WGCZ:TACATCAAGTTATGGCx-M2,1.0,1.0,0.0,1.0,1.0,1.0,0.4903169498742864,1.0,1.0,0.9661400156826769,0.5024844547607084,0.3765372718847046,0.7605867958161631,0.23654350420807926,1.0,0.17889343916640046,0.23867183967078426,1.0,1.0,0.5573293979292794,1.0,1.0,1.0,1.0,0.7327845850312392,0.9437474922980162,0.0,1.0,1.0,0.9892756925103008,1.0,1.0,1.0,1.0,0.0,1.0,0.37042343684069107,1.0,1.0,0.0,1.0,0.20146362567746162,0.5681959074282263,0.6135340006994383,1.0,1.0,0.0,0.0,0.9840219785538487,1.0,0.9337697600613521,1.0,1.0
gex_possorted_bam_1WGCZ:GTTTGCTGTTAGCGTAx-M2,1.0,1.0,0.0,1.0,1.0,1.0,0.39622657508678427,1.0,0.0,0.9543286473901698,0.7483817743149433,0.7564386511613492,0.8056083587849765,0.5339439765388494,1.0,0.5951974892335729,0.4003646367069459,1.0,1.0,0.7997088594333847,1.0,1.0,1.0,1.0,0.9569862626534692,0.9810659789543423,0.0,1.0,1.0,1.0,1.0,1.0,1.0,1.0,0.0,1.0,0.07417799774110514,1.0,1.0,0.09491705837792919,0.7157445342384019,0.039607025706272496,0.7469257523008536,0.2840676088466333,1.0,1.0,0.3994420252795581,0.0,1.0,1.0,1.0,1.0,1.0
gex_possorted_bam_1WGCZ:TAAGGACCACCCACCTx-M2,1.0,0.9129606009434885,0.2615349745907617,1.0,1.0,0.8389250385570254,0.14012849805720062,1.0,0.1528907981607906,1.0,0.0,0.7746369712392993,0.8977648361752313,0.3410120062052536,1.0,0.12452118300839193,0.0,0.0,0.8283634837709648,0.8432554610237452,1.0,1.0,1.0,1.0,0.06935953308627356,1.0,0.0,0.998713692056479,0.9406150497208179,1.0,0.5512037685277136,1.0,1.0,1.0,0.0,1.0,0.07790482502325749,1.0,1.0,0.0,1.0,0.17776878030279478,0.8938606372194284,0.37657440053611113,1.0,1.0,0.748252084355677,0.0,1.0,1.0,1.0,1.0,0.15454876265999512
gex_possorted_bam_1WGCZ:TAATCACCATTGCGGTx-M2,0.0,0.3963531372496893,1.0,0.12734788931092478,0.0,0.0,1.0,0.0,1.0,0.054959256558717924,1.0,1.0,0.5867529164779579,1.0,0.0,1.0,1.0,0.9044382251590222,1.0,0.0,0.0,0.0,0.0,0.0,1.0,0.2331393458579714,1.0,0.5455522471606252,0.08597700046902385,0.1812155221795318,1.0,0.0,0.0,0.12859567369731167,1.0,0.0,1.0,0.0,0.0,1.0,0.04247595698918046,1.0,1.0,1.0,0.0,0.03165162575953464,1.0,1.0,0.24316067199903527,0.0,0.541881941494926,0.10686342048875626,0.0
gex_possorted_bam_1WGCZ:TACCAAATCGTCATTTx-M2,1.0,1.0,0.6284499463125006,1.0,1.0,1.0,0.2804842128695369,1.0,0.5191152722107109,1.0,0.3221353040927197,0.7439284136562113,1.0,0.48142282896318794,1.0,0.2888301864364221,0.033914863394064944,0.8441501047967821,1.0,0.7912983121687133,1.0,1.0,1.0,1.0,0.7319028205974711,1.0,0.0,1.0,1.0,1.0,0.8645560854836203,1.0,1.0,1.0,0.0,1.0,0.07090307450828563,1.0,1.0,0.0,1.0,0.037981041940925477,0.9838671139774189,0.6348037709242013,1.0,1.0,0.372311157732938,0.0,1.0,1.0,1.0,1.0,1.0
gex_possorted_bam_1WGCZ:GTTTCTAGTCATTACCx-M2,1.0,1.0,0.3208038533114255,1.0,0.4370588220322413,0.9311265357114543,1.0,1.0,0.7401766019737517,1.0,0.0,1.0,0.9790867973930452,1.0,1.0,0.7060385364184312,0.0,0.0,0.583049561530577,0.5880874576586181,1.0,0.9037012986350962,0.9622237414959828,1.0,0.9779194790057841,0.9906936346595403,0.0,1.0,1.0,1.0,1.0,1.0,1.0,1.0,0.0,1.0,0.6597377600959571,1.0,1.0,0.5808582751103473,1.0,0.7726953202565744,0.8535215893412265,0.7263608755625611,1.0,1.0,0.3650892786726915,0.0,1.0,1.0,1.0,1.0,0.47125953539595133
gex_possorted_bam_1WGCZ:TAAGCTGGTAATAGCTx-M2,1.0,1.0,0.32431928568680746,1.0,0.8158400154732522,1.0,1.0,1.0,0.5670421219589902,1.0,0.0,1.0,1.0,0.8263366162366997,1.0,0.7454757291076918,0.0,0.14004482330690177,0.9748373222781815,0.656372251337312,1.0,1.0,0.9972894714728912,1.0,1.0,0.9921230846647087,0.0,0.9984729793306168,1.0,0.9130931776060751,1.0,1.0,1.0,1.0,0.0,1.0,0.2487797217435309,1.0,1.0,0.5327928297597267,0.7850116985675948,0.36762189689564406,0.920597024946339,0.7489834784416186,1.0,1.0,0.537790825124044,0.06308130381120103,1.0,1.0,1.0,1.0,0.6159147311924226
gex_possorted_bam_1WGCZ:TAACCGGTCTCCTCAAx-M2,0.05294316628010125,1.0,1.0,0.6019875899821888,0.0,0.4179256231909889,1.0,0.45989192691397324,1.0,0.5882993930356346,1.0,1.0,1.0,1.0,0.12925986417459812,1.0,1.0,0.9633715533063052,1.0,0.0,0.0,0.0,0.0,0.0,1.0,0.8027476036746106,1.0,1.0,1.0,0.6401004816412663,1.0,0.20185050343150898,0.0,0.5938436621660456,1.0,0.17537260698267262,1.0,0.117608230958726,0.05602943745693745,1.0,0.2998704841998748,1.0,1.0,1.0,0.05820000866998725,0.37555415176000434,1.0,1.0,0.7250589604574964,0.422753207581452,1.0,0.6093455269412934,0.0
gex_possorted_bam_1WGCZ:GTTTGCTGTGTCCAGGx-M2,1.0,1.0,0.07816044871441388,1.0,1.0,1.0,0.7834811317567328,1.0,0.7667224910503286,1.0,0.0,0.8234042154895856,1.0,0.17942705057504624,1.0,0.2968641293960156,0.0,0.0502565382292084,0.976993982846558,1.0,1.0,1.0,1.0,1.0,0.9154438740346326,1.0,0.0,1.0,1.0,1.0,0.8888781489027773,1.0,1.0,1.0,0.0,1.0,0.22018751735639905,1.0,1.0,0.045283877650699356,1.0,0.21490896788330366,0.9805248069150301,0.7131974472076097,1.0,1.0,0.47862161329165187,0.0,1.0,1.0,1.0,1.0,1.0
gex_possorted_bam_1WGCZ:TACAATGTCGCAACATx-M2,1.0,1.0,0.0,0.9863437880844667,0.9150847127159257,1.0,0.946983853824724,1.0,1.0,1.0,0.01834903417445318,1.0,1.0,0.8675895213906218,0.8620687519781693,0.7848525025861811,0.0,0.603589978632661,1.0,0.038683680857403625,1.0,1.0,0.944455379284019,1.0,1.0,0.873048484872007,0.13606162915190997,1.0,0.9666745610196947,0.9582041441912101,0.8318398743054676,0.7730682420900876,0.9543182871085303,0.9510423864072683,0.10583386323570136,1.0,0.7973349193087209,1.0,0.9306041153182253,0.18639986657310795,1.0,0.7810214136715017,0.7607093158130476,0.0,1.0,0.9827226419783722,0.10447941595690535,0.7719664082664374,0.8330597898314859,1.0,0.9909014549061678,1.0,0.9029118937293997
gex_possorted_bam_1WGCZ:TAATCCGCAATCATGTx-M2,1.0,0.77511144024802,0.21985556473097254,1.0,0.783476959394382,1.0,0.6540775683003779,1.0,0.42173972199251303,0.874410852117692,0.0,0.6192349046986014,0.7899622331635523,0.21164865592875434,1.0,0.0,0.0,0.5609979200868214,1.0,0.7952989399282485,1.0,1.0,1.0,1.0,0.8291222681797139,0.9916923238487513,0.0,0.7826262263956604,1.0,1.0,0.7987469993231255,1.0,1.0,1.0,0.0,1.0,0.19604166683503274,1.0,1.0,0.0,1.0,0.04202733771301283,0.6376760329360024,0.061901279021612986,1.0,1.0,0.4278329146948636,0.04432851147098637,0.9232220190063418,1.0,0.8147812584962699,1.0,1.0
gex_possorted_bam_1WGCZ:TAATGGACAGCATGGAx-M2,0.2721375117522249,1.0,1.0,1.0,0.08447572882255158,1.0,1.0,0.7380033947788668,1.0,0.7334311724364728,1.0,1.0,1.0,1.0,0.5122708399766236,1.0,1.0,1.0,1.0,0.0,0.0,0.0,0.0,0.0,1.0,1.0,1.0,1.0,1.0,1.0,1.0,0.11200364273956655,0.09408850301475198,0.8341697508104199,1.0,0.4836319814414794,1.0,0.5110348433691454,0.3949889551601746,1.0,0.528068838398108,1.0,1.0,1.0,0.13385637981771104,0.6958980509445133,1.0,1.0,1.0,0.7826425866924799,1.0,1.0,0.0
gex_possorted_bam_1WGCZ:TAAGCTATCGATTATGx-M2,1.0,1.0,0.31687331788575146,1.0,1.0,1.0,0.8417543538704004,1.0,0.5858018720256536,1.0,0.0,0.8353309699888309,1.0,0.3929021740849115,1.0,0.4153137521893232,0.0,0.45819619414441143,1.0,1.0,1.0,1.0,1.0,1.0,0.9603204432174828,1.0,0.0,1.0,1.0,1.0,1.0,1.0,1.0,1.0,0.0,1.0,0.3327934671525773,1.0,1.0,0.09760622479394403,1.0,0.11239375928556285,0.8703326671843343,0.6798721025652357,1.0,1.0,0.3699627118324952,0.0,1.0,1.0,1.0,1.0,1.0
gex_possorted_bam_1WGCZ:TAAACAGCAATAATCCx-M2,0.02327253979750101,1.0,1.0,1.0,0.0,1.0,1.0,0.5671210731217022,1.0,0.47395747231758834,1.0,1.0,1.0,1.0,0.18169937516521786,1.0,1.0,1.0,1.0,0.0,0.0,0.0,0.0,0.0,1.0,1.0,1.0,1.0,1.0,1.0,1.0,0.07743721024459975,0.0,0.6852122563792687,1.0,0.21950347503622494,1.0,0.1785998393340915,0.03621288829251304,1.0,0.07926866996795197,1.0,1.0,1.0,0.04304385062908061,0.5387996854673472,1.0,1.0,1.0,0.4169389861689289,1.0,0.9775888744937863,0.0
gex_possorted_bam_1WGCZ:TAACCTAAGGTCCTGAx-M2,1.0,1.0,0.6018927662396647,1.0,1.0,1.0,0.7648529314643805,1.0,0.719353901206009,1.0,0.0,1.0,1.0,0.23383141013248088,1.0,0.03498267270113559,0.0,0.14171685832217984,0.9299761461797514,1.0,1.0,1.0,1.0,1.0,0.7673596206302317,1.0,0.0,1.0,1.0,1.0,0.9527019322441943,1.0,1.0,1.0,0.0,1.0,0.3209107425134262,1.0,1.0,0.08112580266472205,1.0,0.4516283219940173,0.7896304640320005,0.8513521421423287,1.0,1.0,0.10403974578335468,0.0,1.0,1.0,1.0,1.0,1.0
gex_possorted_bam_1WGCZ:TAATGGTGTTTGACCTx-M2,1.0,1.0,0.9274747686898076,1.0,1.0,1.0,0.6016329067381323,1.0,1.0,1.0,0.0,1.0,1.0,1.0,1.0,0.7705537955203537,0.0,0.0,1.0,0.35059659426543455,0.9548934147761591,0.8495138438697525,1.0,1.0,1.0,1.0,0.21582578541487948,1.0,1.0,1.0,0.6204463001175605,1.0,1.0,1.0,0.1682251926105719,1.0,1.0,1.0,1.0,0.14622017478174135,1.0,1.0,1.0,0.7100711855978881,1.0,1.0,1.0,0.8533332356952235,1.0,1.0,1.0,1.0,0.46319867798237774
gex_possorted_bam_1WGCZ:TAAAGCCTCTTTAAGGx-M2,0.6922026757796239,1.0,1.0,0.926350434773829,0.1598150012660408,0.9066539568777379,1.0,1.0,1.0,1.0,0.0,1.0,1.0,1.0,0.9159999004247359,1.0,0.0,0.2302182182902963,1.0,0.0,0.54856155581731,0.06489680821915841,0.5883097548685495,0.47833504588858905,1.0,1.0,0.657680303008924,1.0,1.0,0.8666327274392623,1.0,0.65926645750257,0.6016735596836558,1.0,0.754814761646532,1.0,1.0,0.8362556953477498,0.8185777630436981,1.0,0.7433503485709292,1.0,1.0,1.0,0.8614135396238268,1.0,1.0,1.0,1.0,0.959102278201323,1.0,1.0,0.34765539768637166
gex_possorted_bam_1WGCZ:GTTTCCTCATAGCGAGx-M2,1.0,0.8798279007318157,1.0,1.0,1.0,0.9008101572988785,0.5099477627922491,1.0,0.7035049756390132,1.0,0.0,1.0,1.0,0.13240307097583706,1.0,0.04616958907080754,0.0,0.0,0.6878721818329935,0.8965304938557559,1.0,1.0,1.0,1.0,0.5755703589497789,1.0,0.0,1.0,1.0,1.0,0.30093141577416865,1.0,1.0,1.0,0.0,1.0,0.0,1.0,1.0,0.0,1.0,0.15002186122286798,1.0,0.4898704709837356,1.0,1.0,0.7676152382591384,0.0,1.0,1.0,1.0,1.0,0.49828234462609056
gex_possorted_bam_1WGCZ:TAAGGCTTCAACCAACx-M2,1.0,0.9409785025552093,0.0,1.0,0.8430734136396976,1.0,0.5117764119385895,1.0,0.0,1.0,0.0,0.45783619265771497,0.906913006971101,0.7710563749766631,1.0,0.033558265897909584,0.0,0.0,0.6755462916032323,0.7587706543214012,1.0,1.0,1.0,1.0,0.49078743028060445,1.0,0.0,0.771464853257317,0.8430759893006607,1.0,0.681966861689289,1.0,1.0,1.0,0.0,1.0,0.07742064211325769,1.0,1.0,0.0,1.0,0.26199472100511395,0.7539631345054866,0.3098519481132444,1.0,1.0,0.5836937696664982,0.25509851478085793,0.9430301712017554,1.0,1.0,0.959036263655193,0.19878562752413825
gex_possorted_bam_1WGCZ:TAAGTAGCATCATGTGx-M2,1.0,1.0,0.18508946670614232,1.0,1.0,1.0,0.8627268002525873,1.0,0.6495107589834619,1.0,0.0,0.7806833913625743,0.9393197248966334,0.16842829321021527,1.0,0.4629084527584005,0.0,0.02799178904121605,1.0,1.0,1.0,1.0,1.0,1.0,0.8076525654113801,1.0,0.0,0.9790726840944638,1.0,1.0,0.7645685604314335,1.0,1.0,1.0,0.0,1.0,0.12420889011027017,1.0,1.0,0.08304516784118439,1.0,0.19877734531833197,0.9593712522266389,0.7139017642473547,1.0,1.0,0.45129305035796624,0.0,1.0,1.0,1.0,1.0,0.8082720629645308
gex_possorted_bam_1WGCZ:TACAACATCCAGGTTGx-M2,0.08144019307528756,1.0,1.0,0.9828521279180502,0.0,0.0,1.0,0.9364977168285389,1.0,0.8256611146895946,0.0,1.0,1.0,1.0,0.10530215047007822,1.0,0.0,0.0,1.0,0.0,0.0,0.0,0.0,0.0,1.0,1.0,1.0,1.0,1.0,0.44456243917721555,1.0,0.2326097834569836,0.0,1.0,1.0,0.27556884070519294,1.0,0.0,0.0,1.0,0.16661805289137943,1.0,0.8599572851401911,0.0,0.0487513556582116,0.5132414771849065,1.0,1.0,1.0,0.6336344618638123,1.0,1.0,0.0
gex_possorted_bam_1WGCZ:TAAGGACCACAATGCCx-M2,0.07165320433453479,1.0,1.0,1.0,0.17261208747141873,0.0,1.0,0.7360725009881806,1.0,0.5551836736070623,0.0,1.0,1.0,1.0,0.15593655159006287,1.0,0.0,0.0,1.0,0.0,0.0,0.0,0.0,0.0,1.0,1.0,1.0,1.0,1.0,0.8842139249727295,1.0,0.018262507479569732,0.0,0.715158351031621,1.0,0.24954002323301214,1.0,0.05863966587271028,0.10704463134116701,1.0,0.09326201471414264,1.0,1.0,0.7012610819906421,0.0,0.5326123589409458,1.0,1.0,1.0,0.6194871470805325,1.0,0.9864451349663621,0.0
gex_possorted_bam_1WGCZ:TAATCACCAATAACCTx-M2,0.0,0.795781876860073,0.9750834368801509,0.2900724519216,0.0,0.0,1.0,0.02817382949910554,1.0,0.0,1.0,1.0,1.0,1.0,0.0,1.0,1.0,0.5005233806887726,1.0,0.0,0.0,0.0,0.0,0.0,1.0,0.44314035815965874,1.0,0.9393700809012538,0.8525219832327877,0.5355201323642328,1.0,0.0,0.0,0.3242870143704771,1.0,0.0,1.0,0.0,0.0,1.0,0.0,1.0,1.0,1.0,0.0,0.1656311835288451,1.0,1.0,0.47506435510051304,0.01817530209176054,0.9923830830228046,0.33810178306080946,0.0
gex_possorted_bam_1WGCZ:GTTTCCTCAGCATGAGx-M2,1.0,0.7308489402109511,0.3338776896912195,1.0,1.0,1.0,0.5677585340371943,1.0,0.7254801227982198,1.0,0.0,0.9456782517508778,0.8621860856601637,0.22156853572662258,1.0,0.14573044846342345,0.0,0.24205904440070983,0.961038282775785,0.9585169312402556,1.0,1.0,1.0,1.0,0.5318298325960826,0.9484216936883051,0.0,1.0,1.0,1.0,0.7908679892836382,1.0,1.0,1.0,0.0,1.0,0.2292645066029831,1.0,1.0,0.0,1.0,0.2519530400040524,0.8646573985324015,0.20373849351302692,1.0,1.0,0.4673217835150077,0.0,0.9823968101702192,0.9785637923780248,0.9746848179346093,1.0,1.0
gex_possorted_bam_1WGCZ:TAATGCATCGACCTGAx-M2,0.05435167032769037,1.0,1.0,0.933485894260066,0.0,0.0,1.0,0.757609940597703,1.0,0.5870053544256635,0.0,1.0,1.0,1.0,0.23283867029089017,1.0,0.0,0.0,1.0,0.0,0.0,0.0,0.0,0.0,1.0,1.0,1.0,1.0,1.0,0.8789780933761311,1.0,0.0,0.0,0.7846412824943856,1.0,0.17124518244606338,1.0,0.07099094989834812,0.11593573512728644,1.0,0.2024713025653243,1.0,1.0,1.0,0.0,0.5504414133755542,1.0,1.0,1.0,0.5846088501848404,1.0,0.9661263059793482,0.0
gex_possorted_bam_1WGCZ:TACATCAAGAGGAGGAx-M2,0.9823981967304434,0.7777757914622414,0.0,0.8495596686451345,0.9619044006829112,1.0,0.27932402652157723,0.9224789743369569,0.8834070213912282,0.8173757506025778,0.0249622176091244,0.37563842921822965,0.6711827576395656,0.11624643594295489,0.8566282440494889,0.034757086394882286,0.0,0.38846750538598224,0.6446358962655273,0.8233159176618976,1.0,1.0,0.901292133521879,1.0,0.41635343383641304,0.743922215793508,0.0,1.0,0.7168698693584468,0.9236982455592182,0.2686129537041618,0.8256796773987074,0.9501489999669661,0.9475713212781287,0.0,0.963206272146084,0.22489541680712605,1.0,0.9136959385281556,0.24324396247246097,1.0,0.1460777339833882,0.6696152783303934,0.4759244731622924,0.9057233612800089,0.9333236041017531,0.0,0.0,0.8635395632744394,0.8310510822193916,0.6690465939559819,0.8218444611135135,0.8507794282269515
gex_possorted_bam_1WGCZ:GTTTGCTGTGGGTACTx-M2,1.0,0.7607797789510942,0.0,0.8887190450421691,0.8678153365119659,1.0,0.23866389214272543,0.9391527935431463,0.6229802624234483,0.7997297576167579,0.29273321235061533,0.4813855895348512,0.8358775578645254,0.4158705778166479,0.8636558157288614,0.14189967587047284,0.18337360941922853,0.8589763318964626,0.8249681000081688,0.5787001777729265,1.0,1.0,0.9482910350192805,1.0,0.5690795882099732,0.8253166535091973,0.0,0.6851526533407246,0.5532218211672026,1.0,0.31873442849824657,0.9913343824316865,0.9801543059183007,0.945439744029009,0.0,1.0,0.14093265463522073,0.8822231924493743,0.8922807905376122,0.0,1.0,0.27317850679662414,0.5412871916393882,0.23354513278028555,1.0,0.9249407636064395,0.04256374404716557,0.19235522034794886,0.7448561472275171,0.9263080545939872,1.0,0.8931418967421535,0.8655949400897894
gex_possorted_bam_1WGCZ:TAAGGACCAGTAAGTAx-M2,1.0,1.0,0.0,1.0,1.0,1.0,0.658191934489232,1.0,0.6267523126854456,1.0,0.0785418440700916,0.9647231181686825,1.0,0.3341398056481905,1.0,0.37121591621165345,0.0,0.5997592692022902,1.0,0.7994267076830921,1.0,1.0,1.0,1.0,0.5148694011307162,0.9670230543924406,0.0,1.0,1.0,1.0,1.0,1.0,1.0,1.0,0.0,1.0,0.1719085226622419,1.0,1.0,0.0,1.0,0.3646489668518966,0.8113983918552664,0.5986568254734248,1.0,1.0,0.3760086088978859,0.04360457512280893,1.0,1.0,1.0,1.0,1.0
gex_possorted_bam_1WGCZ:TAAGGCTTCCTGGCTTx-M2,1.0,1.0,0.0,1.0,1.0,1.0,0.7056445313329984,1.0,0.4939401526102144,1.0,0.3075410080967108,0.7102800968351336,0.9934186764501899,0.42729426823889266,1.0,0.2493143279682945,0.008289551227106999,0.8743351916088288,1.0,1.0,1.0,1.0,1.0,1.0,0.7753068935138072,0.981087696003425,0.0,1.0,1.0,1.0,1.0,1.0,1.0,1.0,0.0,1.0,0.1437329444498269,1.0,1.0,0.004942729419576453,1.0,0.05823728337210161,0.7490256735543775,0.3219594884959067,1.0,1.0,0.2769077039227994,0.0,1.0,1.0,1.0,1.0,1.0
gex_possorted_bam_1WGCZ:TAAAGCCTCGGTTACGx-M2,0.05494988739202976,1.0,1.0,1.0,0.36808046091106217,0.0,1.0,0.7467389800289561,1.0,0.8599043734684358,0.0,1.0,1.0,1.0,0.06976883128275466,1.0,0.0,0.0,1.0,0.0,0.0,0.0,0.0,0.0,1.0,1.0,1.0,1.0,1.0,0.904630322490808,1.0,0.008482103931350236,0.0,1.0,1.0,0.30336399570333816,1.0,0.025500750504796724,0.12080811131108857,1.0,0.15083084221676227,1.0,1.0,0.9662128349626478,0.06395347487906278,0.5603010179878953,1.0,1.0,1.0,0.7552510698021732,1.0,1.0,0.40610126947381736
gex_possorted_bam_1WGCZ:TACATCAAGTGAGAGCx-M2,1.0,1.0,0.31236904258855974,1.0,1.0,1.0,0.8710207575702995,1.0,0.8502048168743632,1.0,0.0,0.6546226415734423,0.843025675587277,0.44764730954515447,1.0,0.9635345248502428,0.0,0.5651562041399906,0.7382204752125345,0.3667442555263104,1.0,0.9527869485968418,1.0,0.9723051833006483,1.0,1.0,0.2173355267151585,1.0,1.0,1.0,0.6992915660284218,0.8968060846758037,0.9745679786161939,0.9351978434137145,0.17289013906325051,1.0,0.660195662173189,0.9849638138016646,1.0,0.2780443308107845,1.0,0.6038313163042481,0.9109568923736734,0.7660220775129657,1.0,0.9407820910934298,0.5120495270177672,0.14988637091455662,0.9473360513598732,1.0,0.7248213874353319,1.0,0.807784042979534
gex_possorted_bam_1WGCZ:GTTTGTTTCATAATCGx-M2,0.8457931538198813,0.4835223162952205,0.0,0.751352749514549,0.6654332705744774,0.7733184706879926,0.24961679240699608,0.81766765780822,0.5191080258380908,0.7214073718437249,0.0,0.5264956093114941,0.4162868314706799,0.25670898922042706,0.8014829886330096,0.3280928160962843,0.0,0.19562896260928767,0.39551831086757094,0.33681171543037447,1.0,1.0,0.8470809679140726,1.0,0.21878117396763422,0.5799059041572844,0.0,0.7270264787422864,0.7488085271073063,0.7991246676825512,0.329901786501218,0.4703828460620335,0.8014150228651805,0.7377307196283293,0.1283954872502628,0.8896716081587546,0.25150337885958624,0.7263261140681913,0.7640317619489537,0.1694560334124699,0.9961651000061429,0.45525411262965504,0.3584447385654068,0.0,0.8126428256887399,0.7133902534350425,0.0,0.24150796991573967,0.6657073050618211,0.6740639228872487,0.6786384541620665,0.7352615409255956,0.8242647426190312
gex_possorted_bam_1WGCZ:GTTTGTAAGCTGCACAx-M2,0.0,0.662588852268845,1.0,0.4755294708921623,0.0,0.0,1.0,0.28922346220501227,1.0,0.13221081183998548,0.5802114785013711,1.0,1.0,1.0,0.03905228531158167,1.0,0.5514662447332387,0.0,1.0,0.0,0.0,0.0,0.0,0.0,1.0,0.6630000058679311,1.0,1.0,1.0,0.3053881756464279,1.0,0.0,0.0,0.3406663098522088,1.0,0.0,1.0,0.0,0.0,1.0,0.1043512187171115,1.0,1.0,1.0,0.0,0.2777173127523143,1.0,1.0,0.5566112697761995,0.13686453558268166,1.0,0.4428600789914387,0.0
gex_possorted_bam_1WGCZ:TAATGCATCCTAGTTTx-M2,1.0,0.8065671440848247,0.0,0.8850827646017174,0.9968167724029402,1.0,0.4696942296794982,1.0,0.40180101441504384,0.9389716619577674,0.27892145440118465,0.6533480984321333,0.8310635624160772,0.35964569305573146,1.0,0.18848681353313013,0.02306367469299408,0.7128249819147914,0.9485119347699602,0.4807564739601881,1.0,1.0,1.0,1.0,0.6320211653625629,0.7959370269232731,0.0,0.7890888135761729,0.9003615434937633,0.8535429958321228,0.641096181754741,1.0,1.0,0.9229861273949757,0.0,1.0,0.22801439131457313,0.9455853890511764,0.9459282577684927,0.041349559762699085,1.0,0.3835937091661198,0.5433698602366219,0.14160833954146257,1.0,0.9582551173784375,0.32391902097301645,0.0,0.7836981540749798,0.9680175216279793,0.791141685881258,0.9797875908395377,1.0
gex_possorted_bam_1WGCZ:TAAGTAGCACATAGCCx-M2,0.10736331000334239,1.0,1.0,0.9646118851141011,0.22402076497168838,0.0,1.0,0.7539214440896341,1.0,0.9306640369537738,0.0,1.0,1.0,1.0,0.258413993643779,1.0,0.0,0.0,1.0,0.0,0.0,0.0,0.0,0.0,1.0,1.0,1.0,1.0,1.0,0.8854193144702143,1.0,0.35976286779811845,0.0,0.8988444752576433,1.0,0.30158754942158317,1.0,0.08969934353635708,0.16539784168008662,1.0,0.285279083497696,1.0,1.0,1.0,0.05285548023735163,0.5733057316970144,1.0,1.0,1.0,0.7835163377506389,1.0,1.0,0.07052266926675752
gex_possorted_bam_1WGCZ:TACATCAAGCGAGGTGx-M2,1.0,0.8027588113460762,0.0,0.9635092307133762,0.8498410092833839,0.3667897935999212,0.5462279179166373,1.0,0.7035909359350611,0.9660379317513913,0.0,1.0,0.8888096898084837,0.15874840765170709,1.0,0.07382370177264679,0.0,0.0,0.523888910717878,0.5263435817457599,1.0,0.9079659966194839,1.0,1.0,0.6046189203883505,1.0,0.0,0.8300087624020593,0.9938354146380125,0.8809239739753079,0.021616413445426984,1.0,1.0,1.0,0.0,1.0,0.4176376237399474,1.0,0.971420492308605,0.0,1.0,0.0895925675749233,0.5532008865778741,0.021736727811813364,1.0,1.0,0.5561978472836027,0.0,0.8699917580861684,1.0,0.8662575769211714,0.8793648160801165,0.09007352505222613
gex_possorted_bam_1WGCZ:TAATCACCAATAGCCCx-M2,0.07857059215789726,1.0,1.0,1.0,0.08042860848284919,0.0,1.0,0.882710252472511,1.0,0.7007669046143457,0.0,1.0,1.0,1.0,0.142393832023642,1.0,0.0,0.0,1.0,0.0,0.0,0.0,0.0,0.0,1.0,1.0,1.0,1.0,1.0,0.8386688447472954,1.0,0.2168156891935227,0.0,0.881782547766199,1.0,0.2352862028477262,1.0,0.030689486421700763,0.04829125113549209,1.0,0.15477796839206429,1.0,1.0,0.04771537123104932,0.06909580590423281,0.5143832767796583,1.0,1.0,1.0,0.7352575822513134,1.0,0.9911623159918469,0.0
gex_possorted_bam_1WGCZ:TAATGGACACGTAAGGx-M2,1.0,1.0,0.0,1.0,1.0,0.636684094731834,0.3065373183447782,1.0,0.9953302511023973,1.0,0.0,1.0,0.8316958156792521,0.36459475628132687,1.0,0.017977710158352894,0.0,0.0,0.8395110966534305,0.4100832392171694,1.0,1.0,1.0,1.0,0.46894161496849207,1.0,0.07083411029157607,0.7889780008710192,0.4259423901967455,1.0,0.0,1.0,1.0,0.9181706217326222,0.0,1.0,0.03224428519266486,1.0,1.0,0.0,1.0,0.1049224331272791,0.8415929835704771,0.0,1.0,1.0,0.9719238446130818,0.03165996670866911,0.9028564769243854,1.0,0.9288931235374429,0.9494310783537819,0.0
gex_possorted_bam_1WGCZ:GTTTATCTCTTACTCGx-M2,0.031320171798117954,1.0,1.0,0.9551962287878987,0.22379674263962032,0.0,1.0,0.7139734833993877,1.0,0.7618052251305589,0.0,1.0,1.0,1.0,0.061882996693864135,1.0,0.01860711593434892,0.0,1.0,0.0,0.0,0.0,0.0,0.0,1.0,1.0,1.0,1.0,1.0,1.0,1.0,0.0,0.0,0.7120536332868642,1.0,0.1970467902732439,1.0,0.2110035259600334,0.27537853205988766,1.0,0.21892459186037924,1.0,1.0,1.0,0.0189304247061547,0.6019430240416785,1.0,1.0,1.0,0.4767035247494529,1.0,0.9894378886210146,0.06358168656499999
gex_possorted_bam_1WGCZ:TACCAAATCAAGCTACx-M2,1.0,0.7790441459128625,0.0,1.0,0.9869111668697783,1.0,0.4583104197047529,1.0,0.4017444894951379,0.9629888638830252,0.15936750713755357,0.8491876285616838,1.0,0.4703061171709869,1.0,0.18692624958038787,0.0,0.5222538759890539,1.0,0.6496675117287821,1.0,1.0,1.0,1.0,0.5210227776024122,0.9089747395094552,0.0,0.9641293318647892,1.0,1.0,0.8642984141619122,1.0,1.0,1.0,0.0,1.0,0.04494968671100698,1.0,1.0,0.0,1.0,0.3138850548429954,0.5921922814252765,0.07821089529942564,1.0,1.0,0.49780584506026726,0.09758971534202883,0.9616163594765073,1.0,1.0,1.0,0.9597263271593676
gex_possorted_bam_1WGCZ:GTTTCCTCAGTCTATGx-M2,1.0,1.0,0.5355631889415905,1.0,0.5950400857285447,1.0,1.0,1.0,0.9762847272365733,1.0,0.0,1.0,1.0,0.881920360897006,1.0,0.8364732517783561,0.0,0.0,0.8260513062368282,0.5913609267254986,1.0,1.0,0.9380205226463726,1.0,1.0,0.9825156706655853,0.0,1.0,1.0,1.0,1.0,1.0,1.0,1.0,0.0,1.0,0.4767129897307707,1.0,1.0,0.6677010810141457,0.7197335739349757,0.3885036683776718,1.0,0.9000175710565033,1.0,1.0,0.31716061984559735,0.0,1.0,1.0,1.0,1.0,0.811825407516273
gex_possorted_bam_1WGCZ:GTTTGCTGTGGTTCTTx-M2,0.028076581073315277,1.0,1.0,0.8684468358299952,0.07161792434061054,0.7328932561713505,1.0,0.5431222178217421,1.0,0.5582883196874053,1.0,1.0,1.0,1.0,0.21652365683044822,1.0,1.0,1.0,1.0,0.0,0.0,0.0,0.0,0.0,1.0,1.0,1.0,1.0,1.0,1.0,1.0,0.0915524121885953,0.0,0.6414186700055743,1.0,0.1768911040659075,1.0,0.16201133232005832,0.13662051755990928,1.0,0.15236025224427552,1.0,1.0,1.0,0.130227139937564,0.5273323039958926,1.0,1.0,1.0,0.4074671394064617,1.0,0.8882261656515827,0.0
gex_possorted_bam_1WGCZ:TAAGTAGCAATCGCACx-M2,0.9984216167687602,1.0,0.0,0.8581428131650852,0.7206976357838004,1.0,0.9202967166873961,1.0,0.6517571344956968,1.0,0.0,1.0,1.0,0.892383782548623,1.0,0.5870755852319166,0.0,0.3256961606532841,0.6273473178127029,0.41719571884266604,1.0,0.9096031015102491,0.9717447915936542,1.0,0.751767836945274,0.8508913901478314,0.0,1.0,0.9318552320984043,0.7326524632457615,0.708379039675583,0.8005946749128259,0.9783013974417507,1.0,0.10618910405086544,1.0,0.5845283304283524,0.9729781482917078,1.0,0.18328176865109017,1.0,0.6081579427197534,0.5218880706267607,0.01751742463103225,0.9756433201344775,0.9546416558857008,0.5015677288170417,0.06214605744814852,0.8988418615498048,1.0,0.8279002104383254,0.9499018826747812,0.5784237340096448
gex_possorted_bam_1WGCZ:TAGCCTTGTGGGTACTx-M2,1.0,1.0,1.0,0.9129474737532033,1.0,1.0,0.8160926617390004,1.0,1.0,1.0,0.0,0.3031886571167034,1.0,0.4131352713284364,0.1615530232354137,0.0,0.0,0.0,0.4445864518556033,0.964298299038121,1.0,0.8358324663681563,1.0,0.5034526070163574,1.0,1.0,0.7357946348012111,1.0,1.0,0.0,0.0,0.24420625963538217,1.0,1.0,0.0,1.0,0.519324400510371,0.9420882292098245,0.9754319275675656,0.0,1.0,1.0,0.21351545324540908,0.4970542077669691,0.7993296961674742,1.0,1.0,0.38213146340389054,1.0,1.0,1.0,0.6873519868178,1.0
gex_possorted_bam_1WGCZ:TACCTCATCCGCACAAx-M2,0.7747821020206809,1.0,1.0,1.0,1.0,0.434492177801075,1.0,1.0,1.0,1.0,0.0,0.09181042616955781,1.0,0.7870004462097762,0.8777121207990205,0.0,0.0,0.0,0.37387055453668544,0.3976574796396794,0.2231531924734198,0.4164400577863122,1.0,0.005246175566114719,1.0,1.0,0.5791045811913562,0.5555728929896552,1.0,0.3862703615898145,0.0,1.0,1.0,1.0,0.22192011810122617,0.9232142749799659,0.0,1.0,1.0,0.1331941738011981,1.0,0.0,0.8012645862797569,1.0,0.37468581126177636,1.0,1.0,0.0,1.0,1.0,0.7350871711995173,1.0,0.10987736049699005
gex_possorted_bam_1WGCZ:TAGCTAATCTAAGTGCx-M2,1.0,0.89485285018809,0.7497412125706947,1.0,1.0,0.8205380196685423,0.002777552462210484,1.0,0.351815777091681,1.0,0.0,1.0,0.9895899816765709,0.672840209270131,1.0,0.2002775361060849,0.0,0.0,0.5597267059720051,0.5501583765852546,1.0,0.9430334823546911,1.0,1.0,0.4289694247992023,1.0,0.0,1.0,0.6477797787203509,1.0,0.0,1.0,1.0,1.0,0.0,1.0,0.1430576927826781,1.0,1.0,0.0,1.0,0.18223072041040866,1.0,0.5018234397397854,1.0,1.0,0.9714050174309798,0.0,1.0,1.0,1.0,1.0,0.1412293866464113
gex_possorted_bam_1WGCZ:TAGCGGCTCGGTAACTx-M2,0.08653656858480914,1.0,1.0,1.0,0.0,0.0,1.0,1.0,1.0,0.8468513430307535,0.0,1.0,1.0,1.0,0.17715736803610316,1.0,0.0,0.0,1.0,0.0,0.0,0.0,0.0,0.0,1.0,1.0,1.0,1.0,1.0,0.6032107515764792,1.0,0.19602210902674447,0.0,1.0,1.0,0.29260078174954296,1.0,0.0,0.0,1.0,0.16255304089366748,1.0,1.0,0.0,0.037902193650069284,0.5238492708994515,1.0,1.0,1.0,0.7769716119540163,1.0,0.9610310274688099,0.0
gex_possorted_bam_1WGCZ:TAGACCAGTTCGGTAAx-M2,0.0786769911095086,1.0,1.0,0.9735485458594714,0.0,0.0,1.0,0.9125309837978045,1.0,0.6718596932388899,0.0,1.0,1.0,1.0,0.09935380869458013,1.0,0.0,0.0,1.0,0.0,0.0,0.0,0.0,0.0,1.0,1.0,1.0,1.0,1.0,0.8283983912641759,1.0,0.0,0.0,0.8590809111973271,1.0,0.24022290588969458,1.0,0.07617522840507124,0.07304069687346113,1.0,0.12294223993995383,1.0,1.0,0.9179759573780529,0.06781822539105634,0.5570468914077589,1.0,1.0,1.0,0.6147177303312056,1.0,0.9779549261068357,0.0
gex_possorted_bam_1WGCZ:TACCTGCTCCTAAATGx-M2,1.0,1.0,0.4835754169789816,1.0,1.0,1.0,0.1889212714899681,1.0,0.10983537462525354,1.0,0.26950219522061064,0.7701612731111083,1.0,0.3999553518749423,1.0,0.41321448243257397,0.04362730468892116,0.5246507465324506,1.0,0.9553198954078496,1.0,1.0,1.0,1.0,0.3301146622917314,1.0,0.0,1.0,0.9992006743687738,1.0,0.7729596070086241,1.0,1.0,1.0,0.0,1.0,0.0747905858009939,1.0,1.0,0.0,1.0,0.035530372856722746,0.8795119073307006,0.5258627841120654,1.0,1.0,0.4759363558362414,0.0,1.0,1.0,1.0,1.0,0.6119270627238664
gex_possorted_bam_1WGCZ:TAGCAGGCAGAGGGAGx-M2,0.0,1.0,1.0,0.8414157340928977,0.7354034668564797,0.0,1.0,1.0,1.0,1.0,0.0,1.0,1.0,1.0,0.0,1.0,0.2847219537959715,0.0,1.0,0.0,0.0,0.0,0.03960432529862367,0.0,1.0,1.0,1.0,1.0,1.0,0.0,0.7769179991818729,0.18500446994400782,0.0,0.7807530773571288,1.0,0.13219587562571067,1.0,0.0013732992477024954,0.2777034442442669,1.0,1.0,1.0,1.0,1.0,0.0,0.6891756584561247,1.0,1.0,1.0,0.9773939748168402,1.0,0.6019306471842657,0.4102079898834962
gex_possorted_bam_1WGCZ:TAGCTTGCAACATAAGx-M2,0.0,1.0,1.0,0.9671076374843205,0.0,1.0,1.0,0.43741400224518845,1.0,0.5921527645944178,1.0,1.0,1.0,1.0,0.41597565764127536,1.0,1.0,1.0,1.0,0.0,0.0,0.0,0.0,0.0,1.0,1.0,1.0,1.0,1.0,1.0,1.0,0.0,0.0,0.5100083960504938,1.0,0.26389882667739983,1.0,0.23641859217897535,0.03184041133599986,1.0,0.20110670839124284,1.0,1.0,1.0,0.0678322543192378,0.5630292635555084,1.0,1.0,1.0,0.4101567058708061,1.0,0.9979095210161183,0.0
gex_possorted_bam_1WGCZ:TAGGAACCACCACAACx-M2,0.07720210298134518,1.0,1.0,0.9672938908675477,0.0,0.06609921006079804,1.0,0.8813685716814925,1.0,0.9972219405384062,0.1903649595971847,1.0,1.0,1.0,0.16167979202994845,1.0,0.8448019877029024,0.8917398549286154,1.0,0.0,0.0,0.0,0.0,0.0,1.0,1.0,1.0,1.0,1.0,0.9504753765498227,1.0,0.0,0.0,0.7901422279111947,1.0,0.3032303674461983,1.0,0.13820785273128353,0.13724745708462502,1.0,0.3275123587400621,1.0,1.0,1.0,0.13474078865850153,0.5001493833959818,1.0,1.0,1.0,0.40925085981801984,1.0,0.921556930535926,0.0
gex_possorted_bam_1WGCZ:TACTGAGGTAGCTGGTx-M2,1.0,1.0,0.0,0.9840653742930374,1.0,1.0,0.29024498942093246,1.0,0.509714589965532,1.0,0.0,0.9363406055759174,1.0,0.9262127037799025,1.0,0.25119661876539573,0.0,0.3973432440175713,0.584647154238064,0.6235381482832211,1.0,1.0,1.0,1.0,0.6661070513802625,0.8480274543000259,0.0,1.0,0.8643024459089932,1.0,0.5491289276225071,1.0,1.0,0.9074921801143677,0.0,1.0,0.13875876412895477,0.9062261688639551,0.9824420713767581,0.09863517692615492,1.0,0.41642245804117684,0.7314134392036538,0.0,1.0,0.9440507130730157,0.3034372056670984,0.0,0.9153242348512574,1.0,0.8900019956578025,1.0,1.0
gex_possorted_bam_1WGCZ:TACGTAATCTCAATAGx-M2,1.0,1.0,0.0,1.0,1.0,1.0,0.38206461833982713,0.9931438032068453,0.32745339200613616,1.0,0.7396394604861215,0.5452755401195677,0.7867225216259985,0.4215013343330417,1.0,0.26442617761151904,0.3163959976071369,1.0,1.0,0.7539971385111548,1.0,1.0,1.0,1.0,0.5967801177360958,0.9187828788426743,0.0,1.0,1.0,1.0,1.0,1.0,1.0,1.0,0.0,1.0,0.2930425632308318,1.0,1.0,0.0,0.660679121951249,0.026308149520694414,0.6082179371764659,0.6392352861114186,1.0,1.0,0.2227802324605387,0.0,1.0,1.0,1.0,1.0,1.0
gex_possorted_bam_1WGCZ:TACTGCACATCATGGCx-M2,0.1266269720386249,1.0,1.0,0.9973775287333975,0.11107100480324572,0.0,1.0,0.834429129263243,1.0,0.8969630997166298,0.0,1.0,1.0,1.0,0.24258870081545028,1.0,0.0,0.0,1.0,0.0,0.0,0.0,0.0,0.0,1.0,1.0,1.0,1.0,1.0,0.8285618706496833,1.0,0.22494886542067935,0.0,0.9183196481843705,1.0,0.3155973634309079,1.0,0.11318845373844579,0.1497960245711409,1.0,0.28046957486815166,1.0,1.0,0.9462611457987516,0.08482267279967201,0.5923450462900239,1.0,1.0,1.0,0.746509516189143,1.0,1.0,0.0
gex_possorted_bam_1WGCZ:TAGCTTGCACTTACAGx-M2,0.7727342255289592,1.0,1.0,1.0,1.0,0.27425004044472384,1.0,1.0,1.0,1.0,0.0,0.08750371953776208,1.0,0.8043180555862686,0.8503236362041434,0.0,0.0,0.0,0.5319391883590555,0.3096287875979208,0.060566603912939616,0.33656906420914096,1.0,0.0,1.0,1.0,0.6671594088759792,0.4598228024716669,1.0,0.330820918549081,0.0,1.0,1.0,1.0,0.23929929018357737,0.8361144565767685,0.0,1.0,1.0,0.0665290020358534,1.0,0.002552131424977959,0.7450439657817511,1.0,0.19131578986089304,1.0,1.0,0.0,1.0,1.0,0.7748732997054346,0.9621227645280763,0.0
gex_possorted_bam_1WGCZ:TACTGCACACACAATTx-M2,1.0,1.0,0.12051716707104304,1.0,1.0,1.0,0.3690088084588664,0.9721297548026918,0.7977853446403744,1.0,0.6935624728680574,0.5744194792120665,1.0,0.25807940584698674,1.0,0.16571333481173722,0.3252254846378554,1.0,1.0,0.943679386833796,1.0,1.0,1.0,1.0,0.7136939822684543,0.9564753354447565,0.0,0.9129080777605462,0.9761904114820537,1.0,1.0,1.0,1.0,1.0,0.0,1.0,0.025709828403872242,1.0,1.0,0.0,1.0,0.13800201767260648,0.8869825178437805,0.5246266676093204,1.0,1.0,0.1936215352264641,0.006008564039393897,1.0,1.0,1.0,1.0,1.0
gex_possorted_bam_1WGCZ:TAGCCGGGTAGCAGCTx-M2,1.0,1.0,0.0,1.0,1.0,1.0,0.8262950378121388,1.0,0.9460040320038381,1.0,0.0,1.0,1.0,0.5302159834877668,1.0,0.6513519946601563,0.0,0.1349798421471832,0.9052913763397517,1.0,1.0,1.0,1.0,1.0,0.5694111452070084,1.0,0.0,1.0,1.0,1.0,0.8685401204685359,1.0,1.0,1.0,0.0,1.0,0.10358301382996264,1.0,1.0,0.009546485331646976,1.0,0.2329830765529647,1.0,0.819271062095555,1.0,1.0,0.5160602852619635,0.0,1.0,1.0,1.0,1.0,0.6933845925785297
gex_possorted_bam_1WGCZ:TAGCATATCGCTAGATx-M2,1.0,1.0,0.6181002901357329,1.0,1.0,1.0,0.35048883473684633,1.0,1.0,1.0,0.0,1.0,1.0,0.3883630288018281,1.0,0.11611144463828851,0.0,0.04339201790740131,0.6358513629778906,0.8033530898911454,1.0,1.0,1.0,1.0,0.8357090654623851,1.0,0.0,1.0,1.0,1.0,0.39806767875451693,1.0,1.0,1.0,0.0,1.0,0.13909946789789837,1.0,1.0,0.031041704559152613,1.0,0.2748387913081066,1.0,0.4151674591213753,1.0,1.0,0.6690101867366604,0.0,1.0,1.0,0.9744328626002337,1.0,0.8922151888450938
gex_possorted_bam_1WGCZ:TACCTGCTCTAAGGAGx-M2,1.0,0.8095422547140133,0.4177841803015026,1.0,1.0,0.6352854331046357,0.0,1.0,0.4068142188805575,1.0,0.0,0.981922676459322,0.836540338746624,0.3236034041713176,1.0,0.15900623194872324,0.0,0.0,0.7735434033923501,0.6978725637874966,1.0,1.0,1.0,1.0,0.0,1.0,0.0,0.6727761064582399,0.6509277252375236,1.0,0.18377682751434732,1.0,1.0,0.9872899241845615,0.0,1.0,0.07584466028281231,1.0,1.0,0.0,1.0,0.0839773336634154,0.7450290471279624,0.0,1.0,1.0,0.8193714599302553,0.0,1.0,1.0,1.0,0.9946705101279636,0.21657859170226115
gex_possorted_bam_1WGCZ:TACCGAAGTGAGAAACx-M2,1.0,0.9695603943622484,0.0,1.0,1.0,1.0,0.3882953877014701,1.0,0.5667142356484388,0.9551002400895326,0.044218457727300244,0.7967100146888625,0.8011370397014278,0.15025416791535817,1.0,0.09060542699265525,0.0,0.4458312699500557,0.9402442646609841,0.6451154352260906,1.0,1.0,1.0,1.0,0.6182125855823517,0.9060036740880033,0.0,0.6854192094315273,0.8399854703285775,1.0,0.3179571921443093,1.0,1.0,1.0,0.0,1.0,0.0,1.0,0.9893326692358517,0.0,1.0,0.09636347983417426,0.8003433953018279,0.055129690195988734,1.0,1.0,0.31226783719481443,0.0,0.8423171943948468,1.0,0.9134391507018882,1.0,0.9993300047562859
gex_possorted_bam_1WGCZ:TAGCCTGAGGACCAGGx-M2,1.0,0.8786518331090748,1.0,1.0,1.0,1.0,0.0,0.9294355097147341,0.5462257517251994,1.0,0.0,1.0,0.9633255436379203,0.29877668984977707,1.0,0.021605379572635152,0.0,0.0,0.5227665056284522,0.7047476882876984,0.8693164737245007,1.0,1.0,1.0,0.21946495876868652,1.0,0.0,0.9443444816228466,0.7095440102513184,1.0,0.0,1.0,1.0,1.0,0.0,1.0,0.0,1.0,1.0,0.0,1.0,0.0,0.9337104498395706,0.5121430900617363,1.0,1.0,0.8735683802943863,0.0,1.0,1.0,0.9487929859232784,1.0,0.48335255143505684
gex_possorted_bam_1WGCZ:TACTGCACAGGGAGCTx-M2,0.045231935830234195,1.0,1.0,1.0,0.0,1.0,1.0,0.7288646730674102,1.0,0.757267964787233,1.0,1.0,1.0,1.0,0.12211372680577962,1.0,1.0,1.0,1.0,0.0,0.0,0.0,0.0,0.0,1.0,1.0,1.0,1.0,1.0,0.9663977977699703,1.0,0.09893320077024721,0.0,0.8526658065434828,1.0,0.28466750979060823,1.0,0.039738738726292105,0.0036603119563890243,1.0,0.10068670794921193,1.0,1.0,1.0,0.1320020843151243,0.5548639748469306,1.0,1.0,1.0,0.5263500362157605,1.0,1.0,0.0
gex_possorted_bam_1WGCZ:TAGCGGACATATAACCx-M2,1.0,0.5809382636330264,0.14983094786312073,0.9471421341028656,1.0,0.8546527919847747,0.16488586012284082,1.0,0.7542360912545509,0.834848763076115,0.0,0.294859234306143,0.6956106582224303,0.13401370291235312,1.0,0.0747865333222448,0.0,0.10245945328170422,0.6150159781900731,0.5357161074903394,1.0,1.0,1.0,0.9662509333380218,0.24587215504601778,0.9347546668536905,0.0222343643560145,0.6647127319957142,0.5488633144493961,0.9772741540449482,0.0,1.0,1.0,0.9931191969939407,0.0,0.9831007643001407,0.0,0.9696472875495911,0.8520367513985591,0.0,1.0,0.5095976284941032,0.74261715241612,0.25273579949873565,1.0,0.9174273450905993,0.09854888795685132,0.014977818218241306,0.7779899922325313,1.0,0.7135767023206026,0.7804160373941572,0.4389582944482656
gex_possorted_bam_1WGCZ:TACGTTAAGTAACCCGx-M2,1.0,0.58219491839406,0.0,0.9683577048857034,1.0,0.6090629065288042,0.14164581421911313,1.0,0.27581731531502723,1.0,0.0,0.9214166209884342,0.8722133655166311,0.05394334777870198,1.0,0.0,0.0,0.0,0.6769972159010309,0.799432134493616,1.0,1.0,1.0,1.0,0.22162653458448622,1.0,0.0,0.7854635815782025,0.9086026752924519,0.9880809300449634,0.0830939136733229,1.0,1.0,0.8783597803151997,0.0,1.0,0.0,1.0,1.0,0.0,1.0,0.0,0.6656845850444976,0.2163429519794889,1.0,1.0,0.41685577862357776,0.0,0.8909722873943624,1.0,0.8879903663383504,0.9082320401262862,0.1615526702035047
gex_possorted_bam_1WGCZ:TACCTGCTCTTAGCGGx-M2,0.7085316955435624,0.8185897694576121,0.21676010565733692,0.5361866692846688,0.8661097037051549,1.0,0.295537766687582,0.662186556610042,0.0,0.8063578261195836,0.7197752236708059,0.0,0.5352152475220148,0.15931540951713705,0.6527269183945148,0.3554228949164192,0.5865584983476028,1.0,0.481293546354342,0.9480480540995581,1.0,1.0,0.8452903696558001,1.0,0.3789474453790562,0.48578748869353683,0.15303482762793474,0.47570701681484207,0.4244436524646889,0.7969165809496234,1.0,0.6650439150752929,0.7261907378008056,0.5958905527693469,0.0691974483991595,0.7541463815603437,0.3375285155716891,0.5687741833490658,0.6526551756478768,0.18393234791243987,0.46451964112617367,0.4597411821609084,0.5148042448125246,0.9909133403453467,0.7694425716906113,0.7897068404060281,0.586403145746832,0.10591398560991679,0.6477120585668034,0.8471416376066917,0.36886150008270197,0.6735148146777313,1.0
gex_possorted_bam_1WGCZ:TACTCGCTCCTAGTCCx-M2,0.724556223735777,1.0,0.42743220905777907,0.6732860209639245,0.5172420987580414,0.8355844463595298,1.0,0.8881121334624553,0.5227029496881942,1.0,0.0,1.0,0.5775568683339253,0.2120712102665517,1.0,0.29630624581974757,0.0,0.0,0.08817713039917484,1.0,0.9924076237733126,0.9119020942673819,0.7252130143279559,1.0,0.31601898491793995,0.579928097250378,0.0,0.7479351948474418,0.949977528801743,0.7489128191048274,1.0,0.4113529306062382,0.8117830819870157,0.9059031380941589,0.1357450774870232,0.9672894694798727,0.5033028787781143,0.751947507373316,0.8978431516855113,0.5679002388632701,1.0,0.6089184746377486,0.20707251348069414,0.43628069866463054,0.8450228194628001,0.8226283084554505,0.09533168630546997,0.0,0.7877174788112026,0.8428249474355217,0.6971624355102534,0.7336813255812034,0.8525630277985902
gex_possorted_bam_1WGCZ:TACGTTAAGTTTGGGTx-M2,1.0,0.739497023899124,0.6567256481635031,1.0,1.0,0.8832391791640736,0.11078636450247432,1.0,0.23772790645257538,1.0,0.0,0.9066398133081117,0.849399214446857,0.15371065090286984,1.0,0.16273339759179556,0.0,0.0,0.9222390021591009,0.874353323885803,1.0,1.0,1.0,1.0,0.02477981317338697,1.0,0.0,1.0,1.0,1.0,0.4780951151695178,1.0,1.0,1.0,0.0,1.0,0.0,1.0,1.0,0.0,1.0,0.21807500012220796,1.0,0.8162549957094374,1.0,1.0,0.43384032507678627,0.0,1.0,1.0,1.0,1.0,0.06621436378816428
gex_possorted_bam_1WGCZ:TACGTTAAGTGCTGTGx-M2,1.0,0.8840665769981427,0.5489523185296342,1.0,1.0,1.0,0.8522431795954872,1.0,1.0,1.0,0.0,0.7943392812814848,0.870109675166132,0.14844271544914905,1.0,0.0,0.0,0.0,0.888449584178289,0.9364583879566015,1.0,1.0,1.0,1.0,0.9630204145803116,1.0,0.0,1.0,1.0,1.0,0.7925314795978564,1.0,1.0,1.0,0.0,1.0,0.23264344826699712,1.0,1.0,0.203597461352385,1.0,0.19220682645562256,1.0,0.8738085804904928,1.0,1.0,0.7249017130777654,0.0,1.0,1.0,1.0,1.0,1.0
gex_possorted_bam_1WGCZ:TACTCAAAGCATGGTTx-M2,0.5991105170593753,0.09422694702651202,0.0,0.41081383061339666,0.7819659792792909,1.0,0.0,0.40100646105455173,0.2165756323030503,0.40445313120497783,1.0,0.0,0.0,0.013531465915755046,0.46799314353181604,0.0,0.8633418226843894,1.0,0.5914899287273633,0.5943821847732744,1.0,1.0,0.5739798306395152,1.0,0.0746599125695324,0.283594129290709,0.09500397139472741,0.3875560581089141,0.35718010795596017,0.47945075866233,0.0,0.654338879700773,0.5280820883215878,0.43477845050696373,0.07522419884177028,0.5777438276579762,0.0,0.5733290467092302,0.4773606746139164,0.038576781976096035,0.28092606431512046,0.18786750692978268,0.040579723745688544,0.0,0.6421667647791999,0.44610386687837067,0.0,0.20661675590456025,0.315447687996499,0.42196967907236016,0.15295101289275956,0.5017762672385202,1.0
gex_possorted_bam_1WGCZ:TAGCGCGGTCGCGCAAx-M2,0.4016546761489514,1.0,1.0,1.0,0.24008717918207872,0.0843749592808934,1.0,0.9490664192900945,1.0,1.0,0.0,1.0,1.0,1.0,0.5513702006797198,1.0,0.0,0.0,1.0,0.0,0.0,0.0,0.13687391356893713,0.0,1.0,1.0,1.0,1.0,1.0,1.0,1.0,0.12096534596216559,0.2170814023853488,0.9149812992656334,1.0,0.5874073374355596,1.0,0.48628378490442964,0.5864741902263276,1.0,0.6866594749758597,1.0,1.0,1.0,0.38806377596783725,0.7216754160771915,1.0,1.0,1.0,0.7616483369055651,1.0,1.0,0.24658385553255
gex_possorted_bam_1WGCZ:TAGCGCGGTCGACTCCx-M2,1.0,0.574033964549598,0.19748656042743953,0.8746973232144971,0.6503068056075256,0.3757040370277252,0.1620367069007806,1.0,0.8895049644561411,1.0,0.0,1.0,0.5713478133975954,0.0,0.9587286230282023,0.0,0.0,0.0,0.42141319213979284,0.5810694045362397,1.0,1.0,1.0,1.0,0.3471540960705587,0.9320201480945772,0.0,0.6827190332592316,0.8279436738076629,1.0,0.3769648442407395,0.7950888264939802,1.0,0.990512462942145,0.0,0.923897607324091,0.30520956282382455,0.9728410995607738,0.885042180237102,0.0,1.0,0.01979779453355984,0.44450912747515897,0.42767876885376294,1.0,1.0,0.37105506338632427,0.0,0.8073855505828621,1.0,0.8807082629897837,0.8181133368695969,0.2893710926889245
gex_possorted_bam_1WGCZ:TACTGGCCATAGCGGAx-M2,1.0,1.0,0.0,1.0,1.0,1.0,0.44563887591009943,1.0,0.5775562712165279,1.0,0.2744379088958471,0.6742593861786262,0.7562313001729076,0.07633328934529555,1.0,0.17504790992366556,0.0,0.640994058902368,1.0,0.8737310213477423,1.0,1.0,1.0,1.0,0.5027429855266398,0.8600424707188526,0.0,0.8397458742978292,1.0,1.0,1.0,0.9573735733782375,1.0,1.0,0.0,1.0,0.20692351002925866,1.0,1.0,0.16149074555343937,0.9888509382090266,0.26130237786987776,0.7589474267162576,0.42024895308016014,1.0,1.0,0.28655494159371314,0.0,1.0,1.0,1.0,1.0,1.0
gex_possorted_bam_1WGCZ:TACCTCATCACAGGAAx-M2,0.06266673949853128,1.0,1.0,0.9975921175505896,0.03865616499026198,0.0,1.0,0.6819551236126358,1.0,0.8253605476519729,0.028985652018948857,1.0,1.0,1.0,0.16781489906743025,1.0,0.22785941954333092,0.013725082601298476,1.0,0.0,0.0,0.0,0.0,0.0,1.0,1.0,1.0,1.0,1.0,1.0,1.0,0.07084138760910907,0.0,0.7743582115529909,1.0,0.2128423355402915,1.0,0.12735272837068157,0.1402856978120019,1.0,0.14888350473468215,1.0,1.0,1.0,0.0,0.5533511232250239,1.0,1.0,1.0,0.6137487356760508,1.0,1.0,0.0
gex_possorted_bam_1WGCZ:TACTGAGGTTTGGTTCx-M2,1.0,0.8352653401387857,0.0,0.9313858068047577,1.0,1.0,0.20499692974791991,0.9407185944597324,0.6879229286733923,1.0,0.6546696711423143,0.39163289749644886,0.9455446730778666,0.2977527792758824,1.0,0.10180974261852542,0.33025107549127475,1.0,1.0,0.5529677176820669,1.0,1.0,1.0,1.0,0.7283055782619489,0.9704753373607352,0.0,0.9713558165243964,1.0,1.0,1.0,0.9972610782170341,1.0,1.0,0.022244032843744183,1.0,0.2680074261520284,1.0,1.0,0.003442079045832004,0.8980226739261576,0.2462122506875719,0.5322096241318925,0.49052407859133174,1.0,1.0,0.0,0.0,0.9548381337114692,1.0,0.982585767306896,1.0,1.0
gex_possorted_bam_1WGCZ:TAGCAGGCAGTAGCCTx-M2,1.0,1.0,0.09027791725159678,1.0,1.0,1.0,0.6654868124125584,1.0,0.32135626837582115,1.0,0.27475965574976696,0.9304534863473898,1.0,0.411545420027974,1.0,0.528971465463878,0.10851394063289671,1.0,1.0,1.0,1.0,1.0,1.0,1.0,0.8897871585309136,1.0,0.0,1.0,1.0,1.0,1.0,1.0,1.0,1.0,0.0,1.0,0.24221503805098438,1.0,1.0,0.07076845337398836,1.0,0.09226105556841033,0.882540498467334,0.4224471108190297,1.0,1.0,0.37701764845842367,0.0,1.0,1.0,0.7643163131168478,1.0,1.0
gex_possorted_bam_1WGCZ:TACCGCAAGGCGCATCx-M2,1.0,0.7525027601955963,0.15626119542106376,0.9564998950579267,1.0,0.8345781287862136,0.37823035550435674,1.0,1.0,1.0,0.0,0.6678880088343477,0.9138037734263897,0.2474127495747647,0.9364686391262034,0.0,0.0,0.0,0.7760589754675743,0.6599515720535705,1.0,1.0,1.0,1.0,0.3130607932849056,0.9417264100752599,0.0,0.6512513204639484,0.3924835465440707,1.0,0.21576136471038232,1.0,1.0,1.0,0.0,0.9653397083008408,0.276950959277861,1.0,0.9765434544185606,0.004608683142706934,1.0,0.543966205730978,0.5996402333355769,0.24851445590481377,1.0,1.0,0.0,0.0,0.9112548846901374,1.0,1.0,0.8354719899556932,0.6437243409992663
gex_possorted_bam_1WGCZ:TACTGACAGAGAGCCGx-M2,0.4552332101505956,0.11931970094708585,0.0,0.5096634764419546,0.3525645765168414,0.5243008956116462,0.4302762731225338,0.5890041939034721,0.08238086111843272,0.49695893649958645,0.22149486351352696,0.2411475645398151,0.0141664370746001,0.09197314975223071,0.4625644613511652,0.3574899668210524,0.17634065650106737,0.166230698454415,0.14553281388613748,0.8101214249355039,0.6228017891633365,0.7700312695846925,0.5132207344805825,0.8262608950189685,0.15057437830578776,0.25922130542287575,0.20572787907338272,0.24736427999699553,0.23219735973683792,0.3299597801093877,0.9934850003773471,0.5433023778050776,0.42679057690367533,0.39685253303819995,0.17154909161768647,0.5701157144625878,0.3761517113270148,0.48686740847744375,0.45285143179798615,0.5108134777791642,0.38581839319138667,0.05220136089769414,0.08249226540240731,0.0,0.6308034644734067,0.41590451504710274,0.0,0.1426724234484869,0.35000025128137974,0.4127076179026548,0.35084880087265097,0.431893988424471,0.5913572314520626
gex_possorted_bam_1WGCZ:TACGTACAGAGGGACTx-M2,1.0,1.0,0.6565913060157141,1.0,1.0,1.0,0.6046043324453307,1.0,0.715462213492727,1.0,0.0,0.5154347522959263,1.0,0.43437515943887745,0.9119951919372487,0.2007183899697372,0.0,0.5642215809517084,0.9031092395447609,1.0,1.0,1.0,1.0,1.0,0.9188485207615826,1.0,0.04415437746009049,1.0,1.0,0.7497675289998689,0.04943036659244989,1.0,1.0,1.0,0.0,1.0,0.1921717550189228,1.0,1.0,0.0,1.0,0.4392524477044543,0.6781129004562162,0.6438200169544903,1.0,1.0,0.9577194833688336,0.0,1.0,1.0,1.0,1.0,0.9749210798875257
gex_possorted_bam_1WGCZ:TACGTACAGGGTCTATx-M2,1.0,1.0,0.5979472098268293,1.0,1.0,1.0,0.34839344527808325,0.9504680622377667,0.4919611537870511,1.0,0.18421371438468542,0.7292835384358478,0.9312338947460531,0.39954424899403396,1.0,0.4770049039574571,0.0,0.4573637683698834,0.8719079075655123,0.6679980057702535,1.0,1.0,1.0,1.0,0.8521970419417317,1.0,0.0,1.0,0.9153045204036389,1.0,1.0,1.0,1.0,1.0,0.0,1.0,0.2974595583284604,1.0,1.0,0.1070932322049839,1.0,0.2846047823549333,0.8028212362063801,0.8115350810387918,1.0,1.0,0.6619926753017481,0.0,1.0,1.0,0.9169083726802266,1.0,1.0
gex_possorted_bam_1WGCZ:TAGCTTAAGACAGGTAx-M2,0.07112836000016849,1.0,0.814148624891727,0.9703777914645251,0.0,0.0,1.0,0.895321844838183,1.0,0.578145509468931,0.0,1.0,1.0,1.0,0.0551159802888394,1.0,0.09975951210290322,0.23257486142284928,1.0,0.0,0.0,0.0,0.0,0.0,1.0,1.0,1.0,1.0,1.0,0.9085929720982102,1.0,0.0,0.0,0.8826343296395852,1.0,0.2849439437706078,1.0,0.0,0.0,1.0,0.10503933892381037,1.0,1.0,0.12778784649918223,0.06191372352197699,0.5743776513869207,1.0,1.0,1.0,0.6750880476769815,1.0,0.9625733378007766,0.0
gex_possorted_bam_1WGCZ:TACCAGGTCGTACCGAx-M2,1.0,1.0,0.25941855731049074,1.0,1.0,1.0,0.6580551989069732,1.0,0.6520133122452647,1.0,0.0,0.7651098501839572,1.0,0.09397507664422512,1.0,0.3299764911157929,0.0,0.2738586318965843,0.9147183547389397,0.8312050925848637,1.0,1.0,1.0,1.0,0.9043615470718411,1.0,0.0,0.9920823807662167,0.9499132277566161,1.0,0.5615901045490903,1.0,1.0,1.0,0.0,1.0,0.22858530886484826,1.0,1.0,0.0,1.0,0.12590458473402746,0.949376080492964,0.39466276634032527,1.0,1.0,0.22200049043377545,0.0,1.0,1.0,1.0,1.0,0.8893734734229154
gex_possorted_bam_1WGCZ:TAGCCGGGTTTGGGCGx-M2,1.0,0.8211787151973898,0.0,0.9623966728743967,0.8143623898240844,0.7702998743342734,0.33047205437453303,1.0,0.7649618313791269,0.7460663417672612,0.0,0.602217370833162,0.6227699341082755,0.3720022129661889,0.9478575125387781,0.2037875046696147,0.0,0.0,0.6864775744605365,0.30998639745267176,1.0,1.0,0.9845197749979032,1.0,0.2963934615012597,0.7906354113296339,0.0,0.7066658713927785,0.5432909455384006,0.7667311626604812,0.0,1.0,1.0,0.8770455397950713,0.0,0.9413634429747226,0.16739011354026917,1.0,0.9183327376808572,0.014336137930261157,1.0,0.363578765229818,0.5620485912953482,0.0,0.9391324591369313,0.9274109910638535,0.3048887359382731,0.0,0.7969820859276634,0.8024797014473496,1.0,0.8116517606542342,0.5772630118772412
gex_possorted_bam_1WGCZ:TAGCTTGCAAGGTATAx-M2,0.9336598007023069,1.0,0.05438175922129765,0.9024812151540221,0.4548689549926014,0.5334229612091835,1.0,1.0,0.7428439419264455,1.0,0.0,1.0,0.8155149700120528,0.839653272275427,1.0,0.3936016448744734,0.0,0.0,0.2165719186668387,0.6926812598814226,0.8615037117193571,0.5994599821857276,0.9179154750238996,1.0,0.4914729319260903,0.9008133780421542,0.0,0.9744682213579552,0.8795466622608105,0.8587166412259505,0.8710651928608436,0.9226860185071247,1.0,1.0,0.14065102800702917,1.0,0.6250249628450592,1.0,1.0,0.2995110881658971,1.0,0.8824476836353039,0.4109531202906067,0.18467690229673583,1.0,0.9268545489174911,0.4764449926908057,0.0,0.908637287595699,1.0,0.8687804660409734,0.788296431817672,0.1731643573089708
gex_possorted_bam_1WGCZ:TACTGACAGTCATCCCx-M2,0.7868521061860534,1.0,1.0,1.0,1.0,0.1329582687449557,1.0,1.0,1.0,1.0,0.0,0.08923256867672866,1.0,0.6835865393852651,0.8289565152450916,0.0,0.0,0.0,0.5031206674521278,0.21365366778216746,0.1168029188031299,0.29981451069364395,1.0,0.0,1.0,1.0,0.6144572445088401,0.32908117706426127,1.0,0.2980312793796793,0.0,1.0,1.0,1.0,0.2609684228952646,0.807856323355889,0.0,1.0,1.0,0.012471256909522497,1.0,0.0,0.7120589723550953,1.0,0.09185842140488491,1.0,1.0,0.0,1.0,1.0,0.7104249449570892,0.926677967909075,0.0
gex_possorted_bam_1WGCZ:TAGCAGGCATTAGCGCx-M2,0.06638056764555728,1.0,1.0,0.7980722517045837,0.0,0.0,1.0,0.5564054039649062,1.0,1.0,0.0,1.0,1.0,1.0,0.2019836388357755,1.0,0.22963256540164032,0.0,1.0,0.0,0.0,0.0,0.0,0.0,1.0,1.0,1.0,1.0,1.0,1.0,1.0,0.0,0.0,0.8218192487882665,1.0,0.24845964297670953,1.0,0.2272868001694428,0.233523014321518,1.0,0.200336201824938,1.0,1.0,1.0,0.0225503539812313,0.5279523930253375,1.0,1.0,1.0,0.373945668653523,1.0,0.9860590653953618,0.2357263779442951
gex_possorted_bam_1WGCZ:TAGCGCGGTGCAACTAx-M2,0.09165873900513262,1.0,1.0,1.0,0.0,0.0,1.0,0.9874194438880053,1.0,0.8911542140443858,0.0,1.0,1.0,1.0,0.12872198704810314,1.0,0.0,0.0,1.0,0.0,0.0,0.0,0.0,0.0,1.0,1.0,1.0,1.0,1.0,0.5721677704141457,1.0,0.205988745309271,0.0,0.9877230765300732,1.0,0.29658456700981145,1.0,0.0,0.041725273657961255,1.0,0.2207082781129592,1.0,1.0,0.44775555600559447,0.10459979538205444,0.5049580811695652,1.0,1.0,1.0,0.6352643189471714,1.0,0.974895700798449,0.0
gex_possorted_bam_1WGCZ:TAGCGCGGTATTCGTCx-M2,1.0,1.0,0.21222638655778528,1.0,1.0,1.0,0.10716871795159046,1.0,0.41151279259519086,1.0,0.0,0.8437011734849097,0.8756467967898997,0.37989729832957986,1.0,0.24527915186653526,0.0,0.21966651514468782,1.0,0.5862827039837191,1.0,1.0,1.0,1.0,0.23842489593531177,1.0,0.0,1.0,0.9207841414036806,1.0,0.4532166286942211,1.0,1.0,1.0,0.0,1.0,0.13408898372395378,1.0,1.0,0.0,1.0,0.25164680954590507,0.7686681761438017,0.28744014057403094,1.0,1.0,0.6803416793167251,0.0,1.0,1.0,1.0,1.0,0.42317486637482715
gex_possorted_bam_1WGCZ:TAGAGCCGTTCAAGATx-M2,1.0,1.0,0.8071853778229785,1.0,0.4933788903011854,1.0,1.0,1.0,0.9944396060312705,1.0,0.0,1.0,1.0,1.0,1.0,1.0,0.0,0.0,0.5841787976082379,0.7703326437306853,0.9770445893045756,0.8921309725557354,0.9953897931070091,1.0,1.0,1.0,0.0,1.0,0.9013330143945854,0.9195084166655236,1.0,1.0,1.0,1.0,0.0,1.0,0.8208201659784391,1.0,1.0,0.7784759562145277,1.0,0.5171453150834899,1.0,1.0,1.0,1.0,0.88082241802667,0.0,1.0,1.0,1.0,1.0,0.7693706409286459
gex_possorted_bam_1WGCZ:TAGCCTCTCATGCATAx-M2,1.0,0.9371599110672278,0.0,1.0,0.9690319387781491,1.0,0.16588014463967232,1.0,0.6455508975251086,1.0,0.0,0.8303055270350796,0.8957702064935353,0.4889905618303787,1.0,0.13953797432375656,0.0,0.5866347862215677,0.8174342478771434,0.5722605039409298,1.0,1.0,1.0,1.0,0.6852583823643561,0.9812830314177304,0.0,0.598280162693294,0.7626994307651738,1.0,0.2755054477559107,1.0,1.0,1.0,0.0,1.0,0.1298284108802159,1.0,0.9956739778967217,0.0,1.0,0.1608390692542063,0.6385446301121452,0.0,1.0,1.0,0.12695491122168454,0.0,0.9694634487386181,1.0,0.9130526176527094,1.0,0.5838963129075807
gex_possorted_bam_1WGCZ:TACGCTTGTCACAGACx-M2,1.0,0.9841902509880021,1.0,1.0,1.0,1.0,0.0,0.9937810938725296,1.0,1.0,0.0,1.0,1.0,0.2897625362850133,1.0,0.0,0.0,0.0,0.10774032481619691,0.7253104669206656,0.526173149284165,1.0,1.0,0.7031668955014426,0.6719648559142535,1.0,0.07712957369219064,1.0,0.9008480092426857,1.0,0.0,1.0,1.0,1.0,0.0,1.0,0.0016312978535295774,1.0,1.0,0.0,1.0,0.0,1.0,1.0,1.0,1.0,1.0,0.0,1.0,1.0,1.0,1.0,1.0
gex_possorted_bam_1WGCZ:TAGCGGCTCTTCAATCx-M2,1.0,0.9912065648198862,1.0,1.0,1.0,0.4065811656633967,0.0,1.0,0.6436130150379428,1.0,0.0,1.0,1.0,0.4508643730768567,1.0,0.028111392671391375,0.0,0.0,0.2108686733973085,0.48443749649742346,0.5061320806551869,0.6433774074375642,1.0,0.9960933944755429,0.3130567415320421,1.0,0.06631010468388625,0.9764017250945421,0.6182254421524089,1.0,0.0,1.0,1.0,1.0,0.0,0.9495654020323546,0.0,1.0,1.0,0.0,1.0,0.05776917907189683,1.0,0.6437635569149266,1.0,1.0,1.0,0.0,1.0,1.0,1.0,0.9314516680155871,0.0
gex_possorted_bam_1WGCZ:TAGCCGGGTCAATAGTx-M2,1.0,1.0,0.48534117615455125,1.0,1.0,1.0,0.6048191463780175,1.0,0.7509026795125737,1.0,0.0,1.0,1.0,0.38279797446665925,1.0,0.3371943301009601,0.0,0.46672090389812376,1.0,0.8629900066180473,1.0,1.0,1.0,1.0,0.9674762920213912,1.0,0.0,1.0,1.0,1.0,1.0,1.0,1.0,1.0,0.0,1.0,0.09924383525218057,1.0,1.0,0.020385468644822307,1.0,0.0,1.0,0.8785399498855422,1.0,1.0,0.6652061010728365,0.0,1.0,1.0,1.0,1.0,1.0
gex_possorted_bam_1WGCZ:TACCTCATCCATAATGx-M2,0.06419561979652942,1.0,1.0,0.9772926040650499,0.3578606981696968,0.0,1.0,0.6898843147820694,1.0,1.0,0.0,1.0,1.0,1.0,0.3535297747820902,1.0,0.0,0.0,1.0,0.0,0.0,0.0,0.0,0.0,1.0,1.0,1.0,1.0,1.0,0.8937931168002653,1.0,0.0,0.0,0.8195335062442346,1.0,0.22140907323933767,1.0,0.037845426031758486,0.14890799491377435,1.0,0.15658800965287414,1.0,1.0,1.0,0.0,0.5816364642511825,1.0,1.0,1.0,0.741047482104791,1.0,1.0,0.2993187900055142
gex_possorted_bam_1WGCZ:TACTTCGTCGGGACCTx-M2,0.9241374908801059,0.7103383472769367,0.0,0.8610961645337039,0.6846204069714704,1.0,0.6700504054899453,0.859641850355935,0.4539511497438643,0.6164652270842866,0.2571915588559247,0.5452247682376673,0.7153219999632251,0.795945050964939,1.0,0.6152460632270321,0.17313320847336908,0.4853248254960037,1.0,0.3722404783487037,1.0,0.9328954286550242,0.8626587333279632,0.9176323008653133,0.5804428046568726,0.8043555701837893,0.0,0.7425103992679944,0.8714583888957916,1.0,0.626303804114253,0.967695576723888,0.8791308405510355,0.9019921284094131,0.2750285754071872,0.9695589689290761,0.5734378190003792,0.9369820773502018,0.9102925352222156,0.20579178300155146,1.0,0.790488327891728,0.46432102139342807,0.21765597074952575,0.9745250063165113,0.878279951983929,0.5807950081685788,0.6573441158661963,0.826794399698237,0.6782661872417171,1.0,0.9231219788614576,0.3897704554813566
gex_possorted_bam_1WGCZ:TACGCTTGTGCATTTCx-M2,0.5873383555423405,0.642083483018684,0.38319444196314817,0.6122850325535253,0.5497484005953309,0.46136760522019066,1.0,1.0,0.8732218670910508,0.647923669842829,0.0,0.0,0.6096440950758635,0.5063354955325758,0.28719402832916263,0.3002719591243414,0.36203842601990316,0.27322722900197666,0.30409388543825233,1.0,0.8279281362616703,0.5338034619981887,0.5273419669040745,0.7114247500512018,0.9736762636510177,0.5646453613064769,0.6054044731919067,0.5900693098298794,1.0,0.125101758816179,0.08522759506326502,0.8959897427509403,0.5743727871047251,0.7384625206852402,0.34204307077960616,0.6752733799803647,0.533652663182474,0.5479366556241685,0.6450297681434983,0.29974789094420645,1.0,0.40178664149004134,0.12786455120591028,1.0,0.5771235408431654,0.6177919616133799,0.6127023794499721,0.19286741345371103,0.5510797551655515,0.6761772158440057,0.2566803420081828,0.3504008063980532,0.8196161384988494
gex_possorted_bam_1WGCZ:TAGCAGGCACGAATTTx-M2,1.0,1.0,0.0,1.0,1.0,1.0,0.5541839264843657,1.0,0.44928053320962796,0.9978450097867388,0.42772105837513563,0.8009166948445603,1.0,0.4458003177698817,1.0,0.3196455778827836,0.16906939999304627,1.0,1.0,0.6673704460094976,1.0,1.0,1.0,1.0,0.8762771036608332,0.9433198395379964,0.0,1.0,1.0,1.0,0.7477205364251058,1.0,1.0,1.0,0.0,1.0,0.27598369835773784,1.0,1.0,0.0760054452869842,1.0,0.5163845538824323,0.785503935679223,0.7382049056279092,1.0,1.0,0.22589146683687106,0.0,1.0,1.0,0.8850517710208358,1.0,1.0
gex_possorted_bam_1WGCZ:TACCGTTGTTGACTTCx-M2,0.07034519447691216,1.0,1.0,0.9403615227578218,0.13420476209223467,0.0,1.0,0.6863566366900309,1.0,0.8330527583889967,0.0,1.0,1.0,1.0,0.19269140321699227,1.0,0.0,0.0,1.0,0.0,0.0,0.0,0.0,0.0,1.0,1.0,1.0,1.0,1.0,1.0,1.0,0.0931835353319382,0.0,0.9008425766412843,1.0,0.2598061488944647,1.0,0.1125489595225975,0.15043251888368983,1.0,0.13387706657065582,1.0,1.0,1.0,0.03112967376996143,0.5823407594719286,1.0,1.0,1.0,0.6740166401203842,1.0,1.0,0.0
gex_possorted_bam_1WGCZ:TAGAGCCGTAGCTAATx-M2,1.0,1.0,0.20314445885539295,1.0,1.0,0.683538444150006,0.5148934086367352,1.0,0.5548463161658898,1.0,0.0,1.0,0.9232927835139513,0.4651593284040468,1.0,0.3727004234350356,0.0,0.0,0.651596877460092,0.38655375046158436,1.0,1.0,1.0,1.0,0.3428475634930775,1.0,0.0,1.0,0.862597998735516,1.0,0.35611831762160334,1.0,1.0,1.0,0.0,1.0,0.1349326537007912,1.0,1.0,0.0,1.0,0.38674946952382844,0.9385372608453658,1.0,1.0,1.0,0.40522553657503263,0.0,1.0,1.0,1.0,1.0,0.03329231825542262
gex_possorted_bam_1WGCZ:TACGGATTCTTGTTCGx-M2,0.05038944584456638,1.0,1.0,1.0,0.21515249540397,0.0,1.0,0.6820712061184044,1.0,0.7914391133263986,0.0,1.0,1.0,1.0,0.15815913786788022,1.0,0.0,0.0,1.0,0.0,0.0,0.0,0.0,0.0,1.0,1.0,1.0,1.0,1.0,0.9277309114862782,1.0,0.26004497854062253,0.0,0.7627685785658183,1.0,0.23015059188449716,1.0,0.05288998373428931,0.03651443982057582,1.0,0.04406131209963035,1.0,1.0,0.9792180279871386,0.0,0.5460400967239956,1.0,1.0,1.0,0.7379853737401922,1.0,1.0,0.10980593847726129
gex_possorted_bam_1WGCZ:TAGCGGCTCATGCAACx-M2,1.0,1.0,0.0,0.9411813169166837,0.9800366316562442,1.0,0.16580315624601835,1.0,0.15594560213950226,1.0,0.16904237118699705,0.7876035115499678,0.9909123303924086,0.0,1.0,0.0,0.06504070527439568,0.6465475443087615,0.8788216468772613,0.6584529244097926,1.0,1.0,1.0,1.0,0.5735575305357146,0.9834161610241609,0.16589540654565654,0.8007584423698555,0.8934601269262638,1.0,1.0,1.0,1.0,1.0,0.13538333075627793,1.0,0.0,1.0,1.0,0.0,1.0,0.029837916409797226,0.6386344389722123,0.5915983080697946,1.0,1.0,0.36152158737789153,0.0,0.8909794899474623,1.0,0.6364108979743812,1.0,1.0
gex_possorted_bam_1WGCZ:TAGCGGACAGGCATCTx-M2,1.0,0.8416161032058257,0.2609653976727692,1.0,1.0,0.9845911753917779,0.4361841728938379,1.0,0.6780816155574064,1.0,0.0,1.0,1.0,0.293888686322884,1.0,0.009014073094669213,0.0,0.028295397527502313,0.8104902310499185,0.7554463936997725,1.0,1.0,1.0,1.0,0.48885508753359175,1.0,0.0,1.0,0.8870281792792357,1.0,0.23731304815796264,1.0,1.0,1.0,0.0,1.0,0.0017387888271920347,1.0,1.0,0.0,1.0,0.27377702730272446,1.0,0.3893410718472575,1.0,1.0,0.1759544946192584,0.0,1.0,1.0,1.0,1.0,0.11796847243663318
gex_possorted_bam_1WGCZ:TAGCCTCTCAAAGGCAx-M2,1.0,0.7414737350294173,0.0,0.950052993061793,0.8639795259715631,1.0,0.2726803321246674,1.0,0.6668458175640379,0.9795514169362624,0.025293993358260637,1.0,0.5449378952627228,0.38384337310251593,0.9833724766857559,0.06939226054720331,0.0,0.38580819570509794,0.869975106507075,0.4005155433197279,1.0,1.0,1.0,1.0,0.580523111772103,0.8042908124613428,0.0,0.6669281384296671,1.0,0.9518803125583328,0.6691067115757503,1.0,1.0,1.0,0.0,1.0,0.2006152420293916,1.0,0.9300090722205467,0.0,1.0,0.16341786171368058,0.4576603123556267,0.0,1.0,0.9818105642661439,0.0,0.0,0.7856961930921749,1.0,0.9015374442871419,1.0,1.0
gex_possorted_bam_1WGCZ:TAGCGGCTCATCCTCAx-M2,0.07409538139598415,1.0,1.0,0.9956099905713253,0.0,0.0,1.0,0.868364207363897,1.0,0.9277131125664381,0.0,1.0,1.0,1.0,0.22788126835178046,1.0,0.0,0.0,1.0,0.0,0.0,0.0,0.0,0.0,1.0,1.0,1.0,1.0,1.0,0.7181237903730825,1.0,0.2141726733958608,0.0,0.9307813428564291,1.0,0.27048144180514766,1.0,0.006677262544207301,0.0,1.0,0.21100161211946247,1.0,1.0,0.3539697739551032,0.0,0.5330109431674299,1.0,1.0,1.0,0.7669115695996076,1.0,1.0,0.0
gex_possorted_bam_1WGCZ:TACGTTAAGGCTAAGAx-M2,0.11156469351051178,1.0,1.0,0.9579043357940119,0.19675717873270582,0.12236596498396242,1.0,0.8760634848562566,1.0,0.8307230801350088,0.3312895182500202,1.0,1.0,1.0,0.1900091680368144,1.0,0.9988497411873977,0.9474264371194953,1.0,0.0,0.0,0.0,0.0,0.0,1.0,1.0,1.0,1.0,1.0,0.7765758621030329,0.8076593996450288,0.0,0.0,0.8839128961615189,1.0,0.32414675986656727,1.0,0.09021704622626862,0.14154804082782257,1.0,0.2593918227460183,1.0,1.0,1.0,0.17483160196585731,0.48420492114190905,1.0,1.0,1.0,0.42670082010083366,1.0,0.8880529858725912,0.0
gex_possorted_bam_1WGCZ:TACCTGCTCCTTCGTAx-M2,1.0,1.0,0.14839846747171045,0.9347197638470368,0.6841430262092887,0.6429489372194203,0.8805124709505739,1.0,0.8676217867800332,1.0,0.0,1.0,0.8977643531201248,0.3226320199711074,1.0,0.11662411028258515,0.0,0.0,0.3734269275773822,0.6830893722801918,0.9984427981052145,0.8638467196523711,0.9473021274889435,1.0,0.5426076325606028,0.9402874785323577,0.0,0.9097339406854729,0.8830100594811967,0.8562223845886555,0.8228673083242248,1.0,1.0,1.0,0.07979469365974974,1.0,0.504601136132555,1.0,1.0,0.2509787165578027,1.0,0.42241385374486523,0.578229711688075,0.1912805573724775,1.0,0.9928042224941562,0.41289545643502146,0.0,0.9231857984748866,1.0,1.0,0.8922423671764493,0.5975555074531455
gex_possorted_bam_1WGCZ:TACGGATTCACCATTTx-M2,1.0,1.0,0.19621687981077993,1.0,1.0,1.0,0.8527839706217885,1.0,0.9050445293614348,1.0,0.11472123582364659,0.7227435847021868,0.9266292597721445,0.54344612133792,1.0,0.4468129495048817,0.0,0.7788377159264317,1.0,0.7087843025845212,1.0,1.0,1.0,1.0,0.8533249675304032,0.978416636664911,0.0,1.0,1.0,1.0,1.0,1.0,1.0,1.0,0.0,1.0,0.35799639116971144,1.0,1.0,0.08481205130856187,1.0,0.5356842263772574,0.9618584123952376,0.9605256998932822,1.0,1.0,0.3466126832650038,0.006742425236679587,1.0,1.0,1.0,1.0,1.0
gex_possorted_bam_1WGCZ:TACTTCGTCCTCACTAx-M2,1.0,1.0,0.0,1.0,1.0,1.0,0.18505643859102364,1.0,0.4978000591149762,1.0,0.0,0.9384593260842996,0.9423627524966828,0.17940604002557242,1.0,0.0,0.0,0.0,0.9151059759934718,0.7018322191275753,1.0,1.0,1.0,1.0,0.3076122157901302,1.0,0.0,0.9875304144733736,0.9704108203684352,1.0,0.5999447560664629,1.0,1.0,0.9295711080533755,0.0,1.0,0.05488502531849685,1.0,1.0,0.0,1.0,0.3859100183757536,1.0,0.6443776308722217,1.0,1.0,0.5800168280521375,0.0,1.0,1.0,1.0,1.0,0.4326834447751562
gex_possorted_bam_1WGCZ:TACCAGGTCTCGACCTx-M2,1.0,1.0,0.3777452974668202,1.0,1.0,1.0,0.499421460577658,1.0,0.6010118153471299,1.0,0.0,1.0,1.0,0.33185711909887533,1.0,0.18922452018394392,0.0,0.3213899723606861,0.954240446297204,0.6748449447732962,1.0,1.0,1.0,1.0,0.5501491120938301,1.0,0.0,1.0,1.0,1.0,0.961223419719517,1.0,1.0,1.0,0.0,1.0,0.2938577425751489,1.0,1.0,0.0,1.0,0.4359436638308969,0.7350747091723959,0.5141370256904365,1.0,1.0,0.16771713122287366,0.041456291646532716,1.0,1.0,1.0,1.0,0.8830018397495334
gex_possorted_bam_1WGCZ:TAGACCAGTACAATGTx-M2,0.23505174221703098,0.467594911270569,1.0,0.3477386605094922,0.4428768055658928,0.8527905661336659,1.0,0.7658682627673435,0.5309441480447749,0.9099125488519292,0.18861155749901923,0.8861180677082311,0.3142024298765316,0.8340943194887164,0.6969407870950458,0.1833398971076563,1.0,0.8668347014205111,0.0,1.0,0.4755228415951991,0.5195041093682836,0.37154406909014087,0.6828844437289904,0.0,0.20588216739509704,0.4646404300806237,0.6114623899730336,0.4097880132429481,0.19758627832625764,0.21062679127574008,0.2853848964024722,0.502136904376327,0.37756874850512734,0.5406394636975225,0.4665641124269631,0.2111501466625158,0.3238368726874039,0.6144199851998561,0.4719970727119491,1.0,0.6461872533309763,0.0,0.9189708137522226,0.653908703664591,0.2677091755937403,0.5954915228060319,0.24500464129135774,0.37925201943140785,0.7406930303410372,0.0,0.04561185353515231,1.0
gex_possorted_bam_1WGCZ:TAGCTTGCAGACAAACx-M2,1.0,1.0,0.3407900719346146,1.0,1.0,1.0,0.6658107548684031,1.0,0.0,1.0,0.019323425595562462,0.955654962329368,0.9866047157568246,0.09611654329661382,1.0,0.18198658900080433,0.0,0.18889501011127585,1.0,0.7788793615425528,1.0,1.0,1.0,1.0,0.3607947409956436,1.0,0.0,1.0,1.0,1.0,1.0,1.0,1.0,1.0,0.0,1.0,0.22009644203803883,1.0,1.0,0.0,1.0,0.4779915636489461,0.5660404210417395,0.36013882103187933,1.0,1.0,0.0,0.08382830816058377,1.0,1.0,0.8399873502606992,1.0,1.0
gex_possorted_bam_1WGCZ:TAGAGCCGTCAAGTGCx-M2,1.0,1.0,0.44987901613350556,1.0,1.0,1.0,0.38498773013984755,1.0,0.29563734948191517,1.0,0.0,0.8966105988494948,1.0,0.673028428775834,1.0,0.373162770497521,0.0,0.0,0.7346170962567385,0.6212256825662327,1.0,1.0,1.0,1.0,0.5158084875664366,1.0,0.0,1.0,1.0,1.0,0.5058457195058328,1.0,1.0,1.0,0.0,1.0,0.2388394900080184,1.0,1.0,0.0,1.0,0.18101359420194124,0.7071219290740836,0.23921369750726942,1.0,1.0,0.36612693303689514,0.0,1.0,1.0,1.0,1.0,0.763440266088633
gex_possorted_bam_1WGCZ:TAGCCGGGTGTGTGGTx-M2,1.0,1.0,1.0,1.0,1.0,1.0,0.2632048554490082,1.0,1.0,1.0,0.0,1.0,1.0,0.9299944612000092,1.0,0.5972969854994433,0.0,0.0,0.24346326568186688,0.8423353961757438,0.6432231214183352,0.9425712862066465,1.0,0.9081407175880934,0.989750446284955,1.0,0.0,1.0,0.6834244101648004,1.0,0.5812180033347241,1.0,1.0,1.0,0.0,1.0,0.22357474576948397,1.0,1.0,0.17961667050515065,1.0,0.10959668935067941,1.0,1.0,1.0,1.0,1.0,0.0,1.0,1.0,1.0,1.0,1.0
gex_possorted_bam_1WGCZ:TACCTTTAGCTCATAAx-M2,0.045862192293032816,1.0,1.0,0.9400350530156184,0.0,1.0,1.0,0.463090654641251,1.0,0.4697056003975001,1.0,1.0,1.0,1.0,0.18608386370991353,1.0,1.0,1.0,1.0,0.0,0.0,0.0,0.0,0.0,1.0,1.0,1.0,1.0,1.0,1.0,1.0,0.0,0.0,0.5957403719397865,1.0,0.20516391592623823,1.0,0.1592222354123618,0.17081342674258218,1.0,0.0,1.0,1.0,1.0,0.030969875509894315,0.5774992205589676,1.0,1.0,1.0,0.40370067328429377,1.0,0.9626514667499988,0.0
gex_possorted_bam_1WGCZ:TAGCGGACAACTAGCCx-M2,1.0,0.877281666597629,0.05755461689688151,1.0,1.0,1.0,0.7130636940052091,1.0,1.0,1.0,0.1396850034452199,0.8641210604122214,1.0,0.0,1.0,0.29936747464651686,0.04798245343891328,0.8707796993227487,1.0,0.7195301844849048,1.0,1.0,1.0,1.0,0.5810216147218709,0.9239500218389125,0.0,1.0,1.0,1.0,0.4813916987516258,1.0,1.0,1.0,0.0,1.0,0.033149277112626864,1.0,1.0,0.026237118718399757,0.7584286483449575,0.23944060472252127,0.7032328135411572,0.29056682834599074,1.0,1.0,0.0,0.14264603595284214,1.0,1.0,1.0,1.0,0.8158829281223486
gex_possorted_bam_1WGCZ:TAGACCAGTCGCAATAx-M2,1.0,1.0,0.0,1.0,1.0,1.0,0.44859280637385596,1.0,0.28656203097411387,1.0,0.8897479647072785,0.4841242537589023,1.0,0.43527275027403756,1.0,0.38938312222294985,0.4299204864102267,1.0,1.0,0.6701487186160598,1.0,1.0,1.0,1.0,0.8656077121212342,0.9591626628988427,0.0,1.0,1.0,1.0,1.0,1.0,1.0,1.0,0.0,1.0,0.04101482256646517,1.0,1.0,0.0032931975787874397,0.8267829674962939,0.16356249346944526,0.7274212896785943,0.17398775898302157,1.0,1.0,0.004738461361717251,0.0,0.9997754627156157,1.0,1.0,1.0,1.0
gex_possorted_bam_1WGCZ:TAGCTTAAGGTGAAATx-M2,0.10245392939752701,1.0,0.9108664736203408,0.902020823429,0.1954653640242345,0.0,1.0,0.7198980396615302,1.0,0.5537277444880077,0.0,1.0,1.0,1.0,0.06540649586347756,1.0,0.005033149930836804,0.0,1.0,0.0,0.0,0.0,0.0,0.0,1.0,1.0,1.0,1.0,1.0,0.9367222153970846,1.0,0.16920867624470717,0.0,0.6717427340202181,1.0,0.2874662961533263,1.0,0.18069648533185065,0.15792287663318724,1.0,0.10225373101629406,1.0,1.0,1.0,0.07105561977093451,0.5300575327084953,1.0,1.0,0.9862664741636605,0.7442450087868551,1.0,0.9356818373189267,0.09582129058400816
gex_possorted_bam_1WGCZ:TATATCCTCAGGCCTAx-M2,1.0,0.8181891333397122,0.5926623201181345,1.0,1.0,1.0,0.5200736709785322,0.9943674321251571,0.638564864096933,1.0,0.06673708324837115,0.9094145746654517,1.0,0.37898994501688654,1.0,0.2708903284689883,0.0,0.39715380031432956,0.7225843478085755,1.0,1.0,1.0,1.0,1.0,0.7414061313977043,1.0,0.0,1.0,0.9660008345607956,1.0,0.7402808832440108,1.0,1.0,1.0,0.0,1.0,0.217168773052,1.0,1.0,0.18058289562768515,1.0,0.07695806199096818,0.9458792420206613,0.3793777344813016,1.0,1.0,0.39193671257049334,0.04041024405798665,1.0,1.0,0.8460816418379942,1.0,1.0
gex_possorted_bam_1WGCZ:TAGTACGGTGTGCACGx-M2,1.0,0.8709867974717623,1.0,1.0,1.0,1.0,0.0,1.0,1.0,1.0,0.0,1.0,0.9124394428303928,0.9932790674406072,1.0,0.6475179083226549,0.0,0.0,0.30464472718421126,0.5669909861281781,0.6806737538118998,1.0,1.0,1.0,1.0,1.0,0.0,1.0,0.41507383562252964,1.0,0.0,1.0,1.0,1.0,0.0,1.0,0.0,1.0,1.0,0.0,1.0,0.045364965395820855,1.0,1.0,1.0,1.0,1.0,0.0,1.0,1.0,0.9298732832499322,1.0,1.0
gex_possorted_bam_1WGCZ:TATATCCTCGTTACTTx-M2,0.0552433783119223,1.0,1.0,0.911426232596748,0.03005548920597361,0.3523055460089635,1.0,0.6548745879487938,1.0,0.4429638713408527,0.9337247209845125,1.0,1.0,1.0,0.161393494178996,1.0,1.0,1.0,1.0,0.0,0.0,0.0,0.0,0.0,1.0,1.0,1.0,1.0,1.0,0.9245544504646437,1.0,0.0,0.0,0.679983617516946,1.0,0.19472435947983885,1.0,0.0649487640769144,0.08121191910776028,1.0,0.10805554236978403,1.0,1.0,1.0,0.005258083382792408,0.5230371887943623,1.0,1.0,0.9861070022507908,0.47131313301325034,1.0,0.8884819868812757,0.0
gex_possorted_bam_1WGCZ:TAGTAACGTGTCCAGGx-M2,1.0,0.9312247059351538,1.0,1.0,1.0,1.0,0.0,1.0,1.0,1.0,0.0,0.6885098095383961,0.7816072534904857,0.6180831448405107,1.0,0.07092983801875788,0.0,0.061772728753533346,0.6518725546817694,0.19409381461039055,0.8743999267584942,1.0,1.0,1.0,0.4272069123035706,1.0,0.0,0.6867012815598157,0.7459034517929509,1.0,0.0,1.0,1.0,1.0,0.0,1.0,0.13761037855056768,1.0,1.0,0.0,1.0,0.03427757020374542,0.9536276618833178,0.6268213557418704,1.0,1.0,0.7667160146419965,0.0,1.0,1.0,1.0,1.0,0.1818343290196934
gex_possorted_bam_1WGCZ:TAGGGTTTCTTGTTCGx-M2,1.0,1.0,1.0,1.0,1.0,1.0,0.0,0.9903589333155283,0.8499678396021371,1.0,0.0,1.0,1.0,0.3677296257653189,1.0,0.0892962042721685,0.0,0.0,0.2723416183935333,0.7468090311933708,0.6542862923607039,1.0,1.0,0.8602770653582255,0.7453906526332016,1.0,0.0,1.0,0.9101052644797533,1.0,0.0,1.0,1.0,1.0,0.0,1.0,0.01821221460878183,1.0,1.0,0.0,1.0,0.0,1.0,0.7662860269065254,1.0,1.0,1.0,0.0,1.0,1.0,0.9953116635662566,1.0,1.0
gex_possorted_bam_1WGCZ:TAGTTGTCAGCATGTCx-M2,0.8755006971958337,1.0,0.4920249394987712,1.0,1.0,0.48705907787410013,1.0,1.0,1.0,1.0,0.0,0.42509098222469704,1.0,0.7375726510601185,0.7476492342780735,0.0524735392550076,0.0,0.0,0.45873525755272965,1.0,0.7578524222392482,0.5003918644872517,1.0,0.5351958581860723,1.0,1.0,0.5155681711370252,0.7466595666913514,1.0,0.27090414154130416,0.10801073458097805,1.0,0.9584637534560565,1.0,0.2340212547656011,0.9620945882565183,0.21932190722487882,0.9552800566090206,1.0,0.13201792223848605,1.0,0.1262322760868159,0.4870249870613638,1.0,0.7712750127535151,1.0,1.0,0.0,1.0,1.0,0.4704120834555769,0.7461687333204784,0.5705280343011033
gex_possorted_bam_1WGCZ:TATCGCACAGGCTAAGx-M2,0.857237997412642,1.0,0.17453353011964948,0.9190876269535928,0.020330703518848775,0.2337133970322299,1.0,1.0,0.7836358300252281,1.0,0.0,1.0,0.9904863343406652,1.0,1.0,1.0,0.0,0.0,0.1195519620140317,0.2858409911407832,0.7121458249506445,0.3758336184241314,0.7771627245533085,0.916130294807286,0.9420155440087119,0.9290053141638778,0.0,1.0,1.0,0.763808566860496,1.0,0.6813398053430121,0.9167055774145801,1.0,0.03143996627361884,1.0,0.9308604593408473,1.0,1.0,0.7570527566132175,1.0,0.9358217815405839,0.6622510040136533,0.7948493443007109,0.9770847925051243,1.0,0.6718868616094926,0.013716732232350913,1.0,0.8992798190763287,1.0,0.9356885183280612,0.0
gex_possorted_bam_1WGCZ:TATCGCACAGTAGGTGx-M2,1.0,0.8656371688714928,0.0,0.9241587244027808,1.0,1.0,0.16003722276186183,0.9481526242194442,1.0,1.0,0.41948051159197264,0.6046294932725427,0.8891312874051025,1.0,1.0,0.6182110005096149,0.32415392285194466,0.8506461275731845,1.0,0.36690908641658654,0.928826110308061,0.9760507421818652,1.0,1.0,0.5713055800289252,0.9839202758944933,0.12363553677640939,0.835998729768249,0.6139809376404483,1.0,0.518830777571992,1.0,1.0,1.0,0.08563099010787838,0.9553218754629018,0.6240652783812293,0.8170660788195682,0.8425280406711889,0.0,1.0,1.0,0.8030295817978957,0.32520568249067594,1.0,0.9570836777116865,0.6384405840639606,1.0,0.7883320505055305,1.0,0.7431563166545573,0.8722236947461617,0.5547250741494996
gex_possorted_bam_1WGCZ:TAGGGTTTCTAGCTAAx-M2,1.0,1.0,0.1703013018144753,1.0,1.0,1.0,0.4127028215919987,1.0,0.0,1.0,0.1638170427102774,0.9191899869707071,1.0,0.4950569689066957,1.0,0.4104671784693226,0.0,0.6121873508122513,1.0,0.8773034737569311,1.0,1.0,1.0,1.0,0.6748436263237851,1.0,0.0,0.8466760037124771,0.8880520490982542,1.0,0.8033763123706168,1.0,1.0,1.0,0.0,1.0,0.4073910979744905,1.0,1.0,0.0,1.0,0.29744811895212625,0.5242549659538833,0.3948295120015436,1.0,1.0,0.21734954609187662,0.0862293077021147,1.0,1.0,1.0,1.0,1.0
gex_possorted_bam_1WGCZ:TAGGAGGGTTAGCAGCx-M2,0.8035921863363336,1.0,0.3402722288080026,1.0,1.0,0.3274563183999722,1.0,1.0,1.0,1.0,0.0,0.25127352756053073,1.0,0.6960686273944298,0.6831319075894133,0.23245986815270342,0.0,0.0,0.4546657802992835,0.674549353187565,0.46720843028785086,0.36585019890634357,0.9721030439907188,0.32782164857747587,1.0,1.0,0.7785527650187096,0.5587218968862525,1.0,0.1784430316513258,0.0,1.0,0.8499933101019435,1.0,0.28504215983021863,0.8999252654239078,0.24794583802273923,0.9498717766085817,1.0,0.20107847475519752,1.0,0.25890948811740083,0.4617255019389554,1.0,0.560982535603769,1.0,1.0,0.0,1.0,1.0,0.4706789902147243,0.759490891159778,0.21250905006610432
gex_possorted_bam_1WGCZ:TATCCGGAGGGCTAAAx-M2,0.8924081328508149,1.0,1.0,1.0,0.08890594251121127,0.7889084468657063,1.0,1.0,1.0,1.0,0.0,1.0,1.0,1.0,1.0,1.0,0.0,0.0,0.4727669939227956,0.2699621435474588,0.7164908451760224,0.472268971996279,0.7717393192785622,0.9424188077191357,1.0,1.0,0.0,1.0,0.9905965407397467,0.7710279346303223,1.0,1.0,0.8926082965182481,1.0,0.0,1.0,1.0,1.0,1.0,1.0,1.0,0.6520328158356531,1.0,1.0,1.0,1.0,0.8626087224545287,0.0861259369853451,1.0,1.0,1.0,1.0,0.44492453271389143
gex_possorted_bam_1WGCZ:TATCACAAGTTAGCCGx-M2,1.0,0.9074730922386149,0.23794206195083345,1.0,1.0,0.9425936427426507,0.24053384777635736,1.0,0.07353120847193835,1.0,0.0,1.0,0.814705164721195,0.4212430354483067,1.0,0.08859003272456052,0.0,0.0,0.8933600848643904,0.7442330768666577,1.0,1.0,1.0,1.0,0.08083595138775317,1.0,0.0,1.0,1.0,1.0,0.5589147273011847,1.0,1.0,1.0,0.0,1.0,0.16036318709240582,1.0,1.0,0.0,1.0,0.2044674172214087,0.6823862398482022,0.3881122653182991,1.0,1.0,0.17522785754344275,0.0,1.0,1.0,1.0,1.0,0.5668255356979174
gex_possorted_bam_1WGCZ:TAGTTGTCACCTGCCTx-M2,0.0,1.0,1.0,0.9159389565814793,0.0,1.0,1.0,0.446092372319129,1.0,0.8693331091094547,1.0,1.0,1.0,1.0,0.25264394374945914,1.0,1.0,1.0,1.0,0.0,0.0,0.0,0.0,0.0,1.0,1.0,1.0,1.0,1.0,1.0,1.0,0.0,0.0,0.6498372494855852,1.0,0.18739980356417224,1.0,0.22057692313193705,0.17834256925453143,1.0,0.28722814634856364,1.0,1.0,1.0,0.029033642298647702,0.5357889955315259,1.0,1.0,1.0,0.23677685798882903,1.0,0.895920469527985,0.0
gex_possorted_bam_1WGCZ:TAGGCTTAGTCCTGAGx-M2,0.05228000492638312,1.0,1.0,0.9436307315074773,0.35870990206708864,0.0,1.0,0.7676188405281662,1.0,0.7844913902449132,0.0,1.0,1.0,1.0,0.08554030131000742,1.0,0.0,0.0,1.0,0.0,0.0,0.0,0.0,0.0,1.0,1.0,1.0,1.0,1.0,0.7213889864902266,1.0,0.249315931409373,0.0,0.7430095776492796,1.0,0.24227367085241255,1.0,0.0,0.06744629789574504,1.0,0.015991330429029556,1.0,0.8087047264540183,0.6793804146543599,0.0,0.45653391824645756,1.0,1.0,1.0,0.6679164914686375,1.0,1.0,0.6183319382719877
gex_possorted_bam_1WGCZ:TAGTCAATCGTGCTTCx-M2,0.06353231284594885,1.0,1.0,0.941472061240628,0.0,0.5056456049840108,1.0,0.6575440714416715,1.0,0.4698793952695022,0.9667335912032979,1.0,1.0,1.0,0.1910364338778757,1.0,1.0,1.0,1.0,0.0,0.0,0.0,0.0,0.0,1.0,1.0,1.0,1.0,1.0,1.0,1.0,0.014450245141770167,0.0,0.8408744516193372,1.0,0.204108021477988,1.0,0.08658095267952813,0.07653772902000747,1.0,0.10207761399730375,1.0,1.0,1.0,0.014569729662745789,0.611698533566724,1.0,1.0,1.0,0.5465446229675888,1.0,1.0,0.0
gex_possorted_bam_1WGCZ:TATAGGTGTCATCCTGx-M2,1.0,1.0,0.18260935683076365,1.0,0.9457773956567086,1.0,1.0,1.0,0.7376378007815032,1.0,0.3588567231203262,0.8169791605143156,1.0,1.0,1.0,0.9578615284069617,0.17444351476222078,1.0,1.0,0.6191133813636668,1.0,1.0,1.0,1.0,1.0,0.949301430888563,0.0,1.0,1.0,1.0,1.0,1.0,1.0,1.0,0.0,1.0,0.612454201268764,1.0,1.0,0.4654550263264484,0.5492659687866527,0.7152859596801701,1.0,1.0,1.0,1.0,0.7564241599006026,0.5090416642237995,1.0,0.9471483819069976,1.0,1.0,0.9145045745910327
gex_possorted_bam_1WGCZ:TAGGGTTTCGCAACATx-M2,0.0,1.0,1.0,0.6645575988050567,0.0,0.0,1.0,0.5749262756802888,1.0,0.08955065674459896,0.0,1.0,1.0,1.0,0.0,1.0,0.0,0.13078202429202804,1.0,0.0,0.0,0.0,0.0,0.0,1.0,0.8248783782795172,1.0,1.0,1.0,1.0,1.0,0.6387964938506817,0.0,0.6938784908617778,1.0,0.24050095252341488,1.0,0.03177458859861494,0.04111304002234182,1.0,0.3766264478414389,1.0,1.0,1.0,0.14317204845441642,0.41250041544041316,1.0,1.0,0.9339317768491425,0.39180112344394835,1.0,0.6768684054992792,0.0
gex_possorted_bam_1WGCZ:TATCGCACACAGGATGx-M2,1.0,1.0,1.0,1.0,1.0,0.5966819096760906,0.3904342588998176,1.0,0.6421101077161243,1.0,0.0,0.8820784180261431,1.0,0.6091261601319543,1.0,0.12893991455536863,0.0,0.0,0.3791870324252128,0.5745780912103502,0.8606865163114933,0.7296782713050177,1.0,1.0,0.5209753240222649,1.0,0.04866718282883033,1.0,0.8340569330947434,1.0,0.0,1.0,1.0,1.0,0.0,1.0,0.1779552450771473,1.0,1.0,0.0,1.0,0.27503221449955095,0.9807925073430321,0.48569690275952226,1.0,1.0,0.8527394038820951,0.0,1.0,1.0,1.0,0.9134046829677406,0.0
gex_possorted_bam_1WGCZ:TAGGCTTAGGATAAACx-M2,1.0,1.0,0.0,1.0,1.0,1.0,0.344755281436822,1.0,0.5605754975944296,0.9152010271398303,0.8644917959160672,0.6298998770186789,0.9963334382814468,0.5716197649022622,1.0,0.4661606539420143,0.4495054879756071,1.0,1.0,0.5028260404527191,1.0,1.0,1.0,1.0,0.7861927310648511,0.8693995681875597,0.0,1.0,1.0,1.0,1.0,1.0,1.0,1.0,0.0,1.0,0.10811049891520332,1.0,1.0,0.19475225068207072,0.6247983612719865,0.08071867106729962,0.9195356077593292,0.8946689896004044,1.0,1.0,0.4218187714179607,0.10502028970642437,1.0,1.0,1.0,1.0,1.0
gex_possorted_bam_1WGCZ:TAGGAACCAGGCCAAAx-M2,1.0,0.9858545365734733,0.06709857181502901,1.0,0.5891849748907487,0.8306262737273045,0.729976757973063,1.0,1.0,1.0,0.0,1.0,0.9382146265554073,0.6347233054816542,1.0,0.236796511116315,0.0,0.0,0.5866415135122011,0.6608480981109238,0.9346275462010752,0.9246819754405928,0.9855020910320188,0.9676721644344761,1.0,0.9954156174920595,0.0,0.9445031349174071,0.8971262080656661,0.91259546373235,1.0,1.0,0.9920061322322022,1.0,0.0,1.0,0.8010752895064978,1.0,1.0,0.1244478034513757,1.0,0.5823503914948678,1.0,0.22253344922225668,1.0,0.9841680295953418,0.5369662729516353,0.0817098254878467,0.9443745092698,0.957919406337993,1.0,0.944482594023308,1.0
gex_possorted_bam_1WGCZ:TAGTTGTCACATTAACx-M2,0.07908103858030759,1.0,1.0,0.9235554524872346,0.5372464698836095,0.0,1.0,0.7584170285828167,1.0,0.8293850818619873,0.14949424758506996,1.0,1.0,1.0,0.26563886185473157,1.0,0.5372710202818866,0.3976803150875703,1.0,0.0,0.0,0.0,0.0,0.0,1.0,1.0,1.0,1.0,1.0,0.9123701781258776,1.0,0.2509969509138351,0.0,0.8805939109996306,1.0,0.3130546343655917,1.0,0.23326132649604164,0.16069199757006195,1.0,0.20139148050962968,1.0,1.0,1.0,0.15275308303575455,0.5775591348766916,1.0,1.0,1.0,0.5612581852164329,1.0,0.9860878952659237,0.0
gex_possorted_bam_1WGCZ:TATCACAAGCCGCTTTx-M2,1.0,0.7216686275827463,0.26044361388626686,1.0,1.0,0.3434184546549242,0.3560773297839639,1.0,0.6103518433647236,1.0,0.0,1.0,0.7977435117075576,0.1283412966956134,1.0,0.0,0.0,0.0,0.424617597522494,0.6585121105620704,1.0,0.8654275350225363,1.0,1.0,0.45986108741112297,1.0,0.0,0.8744698510756359,0.6852203402678811,0.998762181235599,0.0,1.0,1.0,1.0,0.0,0.9533000824176773,0.13608798436411396,1.0,1.0,0.0,1.0,0.0,0.7931455559927753,0.42022440355243584,0.9922737924861057,1.0,0.6266903933683581,0.0,0.9333004915380054,1.0,1.0,0.8526398394375763,0.0
gex_possorted_bam_1WGCZ:TAGTCAATCTTGAGGTx-M2,1.0,1.0,0.2632470801662863,1.0,1.0,1.0,0.12121258180531515,1.0,0.7628211147279781,1.0,0.0,1.0,1.0,0.17000302328188982,1.0,0.0,0.0,0.0,0.7858485981540664,0.8710542046598051,1.0,1.0,1.0,1.0,0.1858793612189658,1.0,0.018826914387510548,0.7908588394735693,1.0,1.0,0.28930806614627896,1.0,1.0,1.0,0.0,1.0,0.0,1.0,1.0,0.0,1.0,0.0,0.7918697304717436,0.3596929520186184,1.0,1.0,0.6433530725639031,0.0,1.0,1.0,1.0,1.0,0.05147060925970186
gex_possorted_bam_1WGCZ:TAGGTTATCTAATTGGx-M2,1.0,1.0,0.17102603968958494,1.0,1.0,1.0,0.5811853021216844,1.0,1.0,1.0,0.15771549026754697,1.0,1.0,0.3078545117462797,1.0,0.16415654601101493,0.0,0.9077038669616729,1.0,0.8460433068632475,1.0,1.0,1.0,1.0,0.7737341266649876,0.9729373504305866,0.0,1.0,1.0,1.0,1.0,1.0,1.0,1.0,0.0,1.0,0.13591932929016606,1.0,1.0,0.0,1.0,0.29250092417123974,0.8625546057969585,0.5954483894529641,1.0,1.0,0.0889275203734066,0.0,1.0,1.0,1.0,1.0,1.0
gex_possorted_bam_1WGCZ:TATCACGCAATAACCTx-M2,0.7855603384673113,0.30875194854672455,0.0,0.6751097444891447,1.0,0.9825340323777904,0.09618428429783031,0.7390604205411272,0.001370126782278448,0.7776380488279476,0.2541257621308182,0.1566753199874598,0.4452521550327043,0.08568537142358713,0.8142800222384756,0.0977050617734674,0.14410758256934586,0.3164886505420083,0.3502320084029742,1.0,1.0,1.0,0.8394168887796816,1.0,0.27584979715095015,0.5740044101622028,0.0,0.5636958785556584,0.362607564776613,0.6967259185378062,0.4112492779745186,0.8740308120295893,0.7845048878477856,0.7711901743233383,0.0,0.8224497225389411,0.03898480580835403,0.6141111010552036,0.7590318606581941,0.19275908424012814,0.956651148315897,0.0,0.5211325772077535,0.46350212544283853,0.7737293189383635,0.7383557403041863,0.4007057775360029,0.10673562133251636,0.6260814757562212,0.8809011782737073,0.5440614690599848,0.6864889583751721,1.0
gex_possorted_bam_1WGCZ:TAGGAACCAGGCTTCGx-M2,1.0,0.9370776943701065,0.0,1.0,0.9779089763038245,0.33913511834473237,1.0,1.0,0.4045296512891251,1.0,0.0,0.10211006137609131,1.0,0.16739916537024746,1.0,0.0,0.0,0.0,0.536342189546271,0.4101599777097358,0.8494737279041191,0.4657710099620443,1.0,0.5583468866875045,0.8105231636414072,1.0,0.23119244961651783,0.9712276793180719,0.9600446242297956,0.4975664719303516,0.0,1.0,1.0,0.9961438530517265,0.26532215040951024,0.7183496101989557,0.6566124718749322,1.0,1.0,0.35436574354114814,1.0,0.18576956690878274,0.5157923608974543,0.0,0.7440340674546324,1.0,0.8543701929328648,0.5321559945195247,1.0,0.7429974906673992,1.0,0.7481445070237035,0.0
gex_possorted_bam_1WGCZ:TAGGAGTCAATCATGTx-M2,1.0,1.0,0.0,1.0,1.0,1.0,0.6956222208578557,1.0,0.8384364667291241,1.0,0.1288207154683278,0.8785001096898812,1.0,0.11359120122472899,1.0,0.3543084364832502,0.0,0.7240118081342033,1.0,0.8064339071844225,1.0,1.0,1.0,1.0,0.8158630511487742,0.9222611081766758,0.0,0.9887985106043686,1.0,1.0,1.0,1.0,1.0,1.0,0.0,1.0,0.22596606478708628,1.0,1.0,0.04378988809436425,0.9262685043209022,0.17295667910227697,0.7194429032707905,0.40819762737092435,1.0,1.0,0.11334127052688334,0.0,1.0,1.0,1.0,1.0,1.0
gex_possorted_bam_1WGCZ:TATAGCCAGCCGCTTTx-M2,1.0,0.9389043804618213,0.554319436674707,1.0,1.0,1.0,0.516375244879998,1.0,0.47328042292337147,0.9860492194075751,0.0,1.0,1.0,0.11197818172577276,1.0,0.08143424046014641,0.0,0.0,0.9698883086297224,1.0,1.0,1.0,1.0,1.0,0.6662481759927122,1.0,0.0,1.0,1.0,1.0,0.4443063595809594,1.0,1.0,1.0,0.0,1.0,0.34335331095433397,1.0,1.0,0.07313792273243634,1.0,0.2974638477702072,0.7868360161414878,0.6231025788185058,1.0,1.0,0.688192210600976,0.0,1.0,1.0,1.0,1.0,0.6886738333161256
gex_possorted_bam_1WGCZ:TATCCAGCAAATTGCTx-M2,1.0,1.0,0.6699216005411699,1.0,1.0,0.4925371660880184,0.0,1.0,0.48166163212476726,1.0,0.0,1.0,0.8908863071159722,0.45761233195879036,1.0,0.2782448279572744,0.0,0.0,0.605999288354738,0.8454009505644221,1.0,0.9058436268132138,1.0,1.0,0.2325567216609412,1.0,0.0,1.0,1.0,1.0,0.0,1.0,1.0,0.8525254193063285,0.0,0.9757604700011495,0.08479703260765387,1.0,1.0,0.0,1.0,0.061448805370587174,0.726445455704964,0.46465180914096366,1.0,1.0,0.8389764824709565,0.0,1.0,1.0,1.0,0.951534054459816,0.0
gex_possorted_bam_1WGCZ:TAGTACGGTGCTCCGTx-M2,0.8201522925871646,1.0,1.0,1.0,1.0,0.9550977375896589,1.0,1.0,1.0,1.0,0.0,0.5182041702240267,1.0,1.0,1.0,0.1827354113770099,0.0,0.0,0.42115732403744094,0.6853627819201901,0.42423563482196297,0.5819327517089379,1.0,0.1488237207905269,1.0,1.0,0.4298854267865634,0.9349180973917026,1.0,0.736627259812535,0.0,1.0,1.0,1.0,0.14762242847982843,1.0,0.0,1.0,1.0,0.2442231765585784,1.0,0.13825624673220052,1.0,1.0,0.8166679443860079,1.0,1.0,0.0,1.0,1.0,0.7039659294556933,1.0,0.9546142724728411
gex_possorted_bam_1WGCZ:TAGGTTGGTAATGACTx-M2,0.6576260497739036,0.4937227300256521,0.9451737676871209,0.6202216522672966,1.0,1.0,0.22135021234851737,0.571306149688607,0.5526279460360867,1.0,0.5925015089376267,0.0,0.5068814380024722,0.0,0.8714159768511219,0.1637675375684353,0.5358944201293679,0.7119893592599315,0.3047498049540558,1.0,0.9682055529917456,1.0,0.7409797130797223,0.9681087274374928,0.43383310773230627,0.57579271669935,0.05641863911030832,0.7180591347505454,0.5768996534008481,0.8263551543429412,1.0,0.8079823652849292,0.7257609552205389,0.5747675390299795,0.0834844835767127,0.7789038889531094,0.03760802164128898,0.5628165197821761,0.7136158734461929,0.46947969772208153,0.8892362320814797,0.09834356836109827,0.7825336486777378,1.0,0.7582398149316948,0.6951722844133328,0.5626565890918683,0.0,0.7329400910170476,1.0,0.5527014417447443,0.6559507550312461,1.0
gex_possorted_bam_1WGCZ:TATCACGCACTGACTAx-M2,1.0,0.9996931177425572,0.0,1.0,1.0,1.0,0.3420820672814702,0.9855099069345253,0.5346727361383965,1.0,0.7678802914280827,0.6849942682453068,0.9901390982283215,0.2629897375041077,1.0,0.3495906709501672,0.3496493761860438,1.0,1.0,0.836771049922491,1.0,1.0,1.0,1.0,0.6369657460053827,1.0,0.0,1.0,1.0,1.0,1.0,1.0,1.0,1.0,0.0,1.0,0.08841108118102227,1.0,1.0,0.0,0.8718703219065106,0.04195286657434389,0.6786484514124117,0.273451765437897,1.0,1.0,0.0,0.0,1.0,1.0,0.9454827047383552,1.0,1.0
gex_possorted_bam_1WGCZ:TAGTTGTCATTAAACCx-M2,0.04417905211924173,1.0,1.0,0.9466793793014704,0.0,1.0,1.0,0.6865792148056918,1.0,0.5386731770540605,1.0,1.0,1.0,1.0,0.09548156375839724,1.0,1.0,1.0,1.0,0.0,0.0,0.0,0.0,0.0,1.0,1.0,1.0,1.0,1.0,1.0,1.0,0.0,0.0,0.6130334691738115,1.0,0.21955958700828482,1.0,0.13374531985513916,0.12692929624464744,1.0,0.06333148161147606,1.0,1.0,1.0,0.04350669565806784,0.5296849375252739,1.0,1.0,1.0,0.434161839616652,1.0,0.982471714462464,0.0
gex_possorted_bam_1WGCZ:TATCACGCATCCTAGAx-M2,1.0,0.7926525706282663,0.0,0.9530688800242495,1.0,0.8765767987743702,0.49981970265994746,1.0,0.6864063641082765,0.9943322297323061,0.0,0.7185948763879595,0.7258682127463075,0.19492493060220373,1.0,0.20175101988556907,0.0,0.0,0.4984102717943369,0.9431884300691997,1.0,1.0,1.0,1.0,0.46181684791621136,0.8469649122654136,0.0,0.8394821606397891,1.0,0.8388738667338524,0.562880073225706,1.0,1.0,0.795283193640585,0.0,0.9768653514241115,0.21523046298360693,0.924644808664038,0.9741827956114552,0.11657044429630414,1.0,0.11433202658190443,0.7076872716551899,0.6507316711024174,0.8914835607718059,0.9868385049563991,0.4912713278551184,0.0,0.8419661853567482,1.0,0.9818865201453845,0.7962551682807567,0.7014334853558493
gex_possorted_bam_1WGCZ:TATCACAAGACTTACAx-M2,1.0,0.7308619548856675,0.0,1.0,0.5759488534837719,0.7800398789733277,0.7557544827230238,1.0,0.7109186093211558,0.8395188796402554,0.0,1.0,1.0,0.0,0.9112658552863204,0.0,0.0,0.0,0.5340035979244304,1.0,1.0,1.0,0.898644572093397,1.0,0.7213178153954771,0.8624074062187546,0.0,1.0,1.0,1.0,0.2665677393313903,1.0,1.0,1.0,0.0,1.0,0.05957374686423121,1.0,1.0,0.0,1.0,0.0,0.6860274681783682,0.0,1.0,0.9804297264748475,0.08451365278853647,0.0,0.9996498335682739,1.0,0.7385015092376201,0.9805704471725512,0.8658657371500798
gex_possorted_bam_1WGCZ:TAGTACGGTGATTACGx-M2,1.0,1.0,0.0,1.0,1.0,1.0,0.5728310437029085,1.0,0.5613869788564668,1.0,0.16253394301409993,0.8330838382730826,1.0,0.3907284841824038,1.0,0.32561652610192526,0.0,0.690662675615293,1.0,0.8583003095922228,1.0,1.0,1.0,1.0,0.5485962949773301,1.0,0.0,1.0,1.0,1.0,0.932898085791296,1.0,1.0,1.0,0.0,1.0,0.08683944002866155,1.0,1.0,0.0,1.0,0.15016906094893173,0.8641779980999146,0.47400051208171123,1.0,1.0,0.3010073736239555,0.0,1.0,1.0,1.0,1.0,0.9120299677405972
gex_possorted_bam_1WGCZ:TATCCAGCATGTTGTGx-M2,1.0,0.9787891505018976,0.22166667180804925,1.0,1.0,1.0,0.34422754192427846,0.9318861599731523,0.810100354066443,0.9995747361005597,0.36769768148731863,0.9671032845250794,1.0,0.19309149487589705,1.0,0.17816177275881842,0.13828598074475376,0.9233900168125462,1.0,0.9169001119516331,1.0,1.0,1.0,1.0,0.4884495688783529,0.9094131130953357,0.0,1.0,1.0,1.0,0.7200312589836081,1.0,1.0,1.0,0.0,1.0,0.0912828738018974,1.0,1.0,0.0,1.0,0.3287691024088122,0.7891958130347845,0.7501687905942618,1.0,1.0,0.03711484550086554,0.11702246487101312,1.0,1.0,1.0,1.0,1.0
gex_possorted_bam_1WGCZ:TAGTTGTCACTCAACAx-M2,1.0,0.7658250297281053,0.0,0.9836599348349466,0.7414833714993085,0.7963363549916567,0.8544644617807047,1.0,0.7211640000979469,0.9410120271000633,0.0,0.9783173718531801,0.9730019498307122,0.5166010943717861,1.0,0.10275218834721622,0.0,0.122417615252103,0.646208403755153,0.6615765287122953,1.0,1.0,0.9354877631104145,1.0,0.6792452377460043,0.7678633149546185,0.0,0.7246229445885818,0.9251380681065368,0.8130302139979044,0.5273390406244626,1.0,1.0,0.9503120003941271,0.0,1.0,0.1994674878223622,0.9456871776717246,0.9774908530430345,0.0,1.0,0.2889607019744913,0.9932495179956559,0.31670920846276285,1.0,0.9551501424188851,0.6810304559896192,0.05751846527038061,0.7467959979263018,0.947020035726034,0.9019742075711364,0.8959754593724,0.8785918882082916
gex_possorted_bam_1WGCZ:TATAACCCACAAACTTx-M2,1.0,1.0,0.5229249268350059,1.0,1.0,1.0,0.3929255520446553,1.0,0.5583214097565679,1.0,0.0,0.885232658763539,0.9516811050703534,0.4018253968919988,1.0,0.20808002030072742,0.0,0.0,0.9357067247341728,0.9409836187059819,1.0,1.0,1.0,1.0,0.36867886147357004,1.0,0.0,1.0,1.0,1.0,0.5346945110642203,1.0,1.0,1.0,0.0,1.0,0.08401602623807648,1.0,1.0,0.0,1.0,0.0,1.0,0.44228692981258527,1.0,1.0,0.6258988232828459,0.0,1.0,1.0,1.0,1.0,0.43410996930377316
gex_possorted_bam_1WGCZ:TATCACGCATACTCCTx-M2,0.8648674590467996,0.8618325037141861,1.0,1.0,1.0,0.02425441825220486,1.0,1.0,1.0,1.0,0.0,1.0,1.0,0.6924089363147847,1.0,0.0,0.0,0.0,0.0,0.17638337606824733,0.0,0.24673358391947606,1.0,0.2965983402222821,0.882323781684664,1.0,0.39558828416976016,0.29505734967409303,1.0,0.7429177651722655,0.0,1.0,1.0,1.0,0.1393290794341921,0.8031578602311229,0.0,1.0,1.0,0.0,1.0,0.0,0.7185619848267766,1.0,0.4281790624664031,1.0,0.9232000066261392,0.0,1.0,1.0,0.8261243192206031,0.827356318718942,0.0
gex_possorted_bam_1WGCZ:TATAACCCATGCTATGx-M2,1.0,1.0,0.4449255662343546,1.0,1.0,1.0,0.356581017221154,1.0,0.9267222538963156,1.0,0.0,0.8938751867741801,0.9398728229935036,0.5826173196430493,1.0,0.2277349717769163,0.0,0.1791303389423868,0.9376254672082166,0.7083166641463954,1.0,1.0,1.0,1.0,0.8260322297615494,1.0,0.0,0.7655042801883917,0.7900283747575427,1.0,0.9731681064288001,1.0,1.0,1.0,0.0,1.0,0.25267362567123647,1.0,1.0,0.032523865804882826,1.0,0.28909634583420973,0.884135339103481,0.2902338923258645,1.0,1.0,0.8554369473544267,0.0,1.0,1.0,1.0,1.0,0.9336116871664325
gex_possorted_bam_1WGCZ:TAGTGGCGTTAGTTGGx-M2,1.0,1.0,0.0,1.0,1.0,1.0,0.725659903763265,1.0,0.32703691035494786,1.0,0.4066920308524792,0.4071746915769925,0.6221353542760515,0.6934920584371967,1.0,0.1883183578607773,0.0,1.0,1.0,0.3111236534331147,1.0,1.0,1.0,1.0,0.6440691555129083,0.8039365530981782,0.0,1.0,1.0,1.0,1.0,1.0,1.0,1.0,0.0,1.0,0.0,1.0,1.0,0.10563465365352212,0.5212901448042111,0.22445747018845585,0.6407985150052945,0.5192900503352101,1.0,1.0,0.0,0.0,0.940864834420726,1.0,1.0,1.0,1.0
gex_possorted_bam_1WGCZ:TAGGCTGTCTCACATTx-M2,0.7073604901156648,0.23532473609629567,0.0,0.5668078533191234,0.8214646973991416,1.0,0.020612562543456028,0.7542645280766245,0.4269138248514143,0.6451208013064265,0.7609658503348299,0.0,0.45846011855652224,0.013870322925787246,0.6388327503043565,0.3452063352327048,0.45064975275362035,0.851949874362603,0.718226450274211,1.0,1.0,1.0,0.7947904452920748,0.9723131677450104,0.18411636800689268,0.5197924434736934,0.17111678612228529,0.4725145515308862,0.0,0.7869176088938467,0.27570816531633524,0.41462011334941107,0.7183230698270315,0.4923109184069751,0.0,0.5239985094058752,0.0,0.5755997068957863,0.5581768073410943,0.0,0.8104692993569503,0.35595226029489907,0.45798146150389557,0.0,0.9711137573481342,0.5767854202820201,0.31239263837879466,0.7045824591890107,0.6215858129409374,0.7271032060791511,0.0,0.6211749994301713,1.0
gex_possorted_bam_1WGCZ:TATAGGTGTCATTGAGx-M2,1.0,1.0,0.015420192175090535,1.0,1.0,1.0,0.8451155614822204,1.0,0.4867494694080645,1.0,0.46605406706528096,0.9744251281028117,1.0,0.8528246230326079,1.0,0.6036753481245679,0.17301940523216616,1.0,1.0,0.9068561031986189,1.0,1.0,1.0,1.0,0.9262334790214789,0.936891730708143,0.0,1.0,1.0,1.0,1.0,1.0,1.0,1.0,0.0,1.0,0.24658562735381603,1.0,1.0,0.14805533717208547,0.7443724441004141,0.26053840670594636,0.8515172166485602,0.4220429798771022,1.0,1.0,0.2840658934359357,0.0011115174595813571,1.0,1.0,1.0,1.0,1.0
gex_possorted_bam_1WGCZ:TATATCCTCTGTAAGCx-M2,1.0,1.0,0.0,1.0,1.0,1.0,0.623984727211826,1.0,0.5805815916170624,1.0,0.5812369584140025,0.7346806739346525,0.984953574850889,0.5153689706674577,1.0,0.4359054111631326,0.17786480166206278,1.0,1.0,0.6681594533833436,1.0,1.0,1.0,1.0,0.805465078979387,0.9058133941824067,0.0,1.0,1.0,1.0,1.0,1.0,1.0,1.0,0.0,1.0,0.1957199042068227,1.0,1.0,0.0,0.7256592624539906,0.08385058598651829,0.6871081830290932,0.3398446007404929,1.0,1.0,0.16545751707647174,0.0,1.0,1.0,0.9853774842354426,1.0,1.0
gex_possorted_bam_1WGCZ:TAGGCTTAGGTTACGTx-M2,1.0,1.0,0.23268669687854762,1.0,1.0,1.0,0.8885052179757785,1.0,0.7059153987442667,1.0,0.0,1.0,1.0,0.7979078306757379,1.0,0.6797627820544024,0.0,0.40670064595250605,0.977669849407925,0.7688974219349071,1.0,1.0,1.0,1.0,0.8998431558912419,1.0,0.0,1.0,1.0,1.0,1.0,1.0,1.0,1.0,0.0,1.0,0.23709793103899424,1.0,1.0,0.18491444514926725,1.0,0.28760949103113004,1.0,0.8143522329717071,1.0,1.0,0.4975937740325683,0.0,1.0,1.0,1.0,1.0,0.9788032156918475
gex_possorted_bam_1WGCZ:TAGGTTATCCGCAAGCx-M2,0.9806450082883723,0.8465854874410118,0.0,0.9077197473055022,1.0,1.0,0.49111112671768314,0.9490691067930745,0.7457606470744036,1.0,0.30014181507480964,0.3164400968216211,0.7908910895810964,0.4291633759166207,0.9388096061679764,0.05119933316681167,0.09435411633811008,0.4248604200183167,0.781361735387925,0.5820214706075498,1.0,1.0,0.9964796329232373,1.0,0.5085253862531027,0.7614205117084019,0.06629273158596957,0.7659225563994793,0.9482607534938703,0.8778262813132883,0.7067199210713985,1.0,0.9356074405018997,0.7833488262007122,0.011181881985486227,1.0,0.24587588702624832,0.91413596519883,0.9852603297796035,0.07872443383111166,1.0,0.47698767068851494,0.5706698770530642,0.2363822497683622,1.0,0.9225719737464219,0.353798850686335,0.045218150789327546,0.8275357086249989,1.0,0.8675021192229888,0.9494937269159852,1.0
gex_possorted_bam_1WGCZ:TAGGTTGGTGTTAAACx-M2,1.0,1.0,0.0,1.0,1.0,1.0,0.6487730477788496,1.0,0.5383577977942623,1.0,0.1836858524175918,0.9122930555199019,1.0,0.10999730075454729,1.0,0.18573425791395776,0.0,0.6252751933579789,1.0,0.9282829318197096,1.0,1.0,1.0,1.0,0.8297649036533793,1.0,0.0,1.0,0.8788346646822995,1.0,0.999622744648797,1.0,1.0,1.0,0.0,1.0,0.13580386725311164,1.0,1.0,0.012251472113095902,1.0,0.32120441218751744,0.8778179483595827,0.6458879756725726,1.0,1.0,0.5710870228010642,0.012986940748323917,1.0,1.0,1.0,1.0,1.0
gex_possorted_bam_1WGCZ:TAGGAGGGTCGCAATAx-M2,0.9650630702919402,1.0,1.0,1.0,1.0,0.279461096619032,0.0,1.0,0.7996666700729442,1.0,0.0,1.0,1.0,0.8764469005313026,1.0,0.0,0.0,0.0,0.0,0.0,0.0,0.3388887929370244,1.0,0.6078619441350954,0.7843413684360869,1.0,0.04498459517225705,1.0,0.8092200893025364,1.0,0.0,1.0,1.0,1.0,0.0,0.9512408227491262,0.0,1.0,1.0,0.0,1.0,0.0,1.0,0.6002659650118066,0.9394473154137541,1.0,1.0,0.0,1.0,1.0,0.9715378706410175,1.0,0.0
gex_possorted_bam_1WGCZ:TATCACGCAGCAGGTAx-M2,1.0,0.6905919630485512,0.0,0.9576019264657893,0.9891869047806838,1.0,0.4223172425078699,1.0,0.6195780021079076,0.9675363221116124,0.0,0.8263078317893745,0.9091613650069612,0.2189354080680281,1.0,0.205778050048192,0.0,0.4183479656575893,0.7374115070320476,0.6229797294802979,1.0,1.0,0.9600310161939215,1.0,0.625902331800873,0.8457926243822201,0.0,0.9232896796558202,0.8531973789454275,1.0,0.44742248716983035,1.0,1.0,0.9900786403127426,0.0,1.0,0.15413849687602532,1.0,0.9973704678472373,0.13365395501979727,1.0,0.2754671186123196,0.6983066427348664,0.2283458630756588,1.0,0.9701515370046567,0.28040482113373005,0.0,0.9140651731651089,0.947064732980629,1.0,1.0,0.8038831295550019
gex_possorted_bam_1WGCZ:TAGTAAGCATGTTGGCx-M2,0.7647692116590826,1.0,1.0,1.0,1.0,0.35768479946121684,1.0,1.0,1.0,1.0,0.0,0.28269281992004786,1.0,1.0,1.0,0.0,0.0,0.0,0.3046355118824598,0.1930024575758329,0.08796807284942133,0.298469692270591,1.0,0.0,1.0,1.0,0.5574086492315452,0.4561829534529908,1.0,0.4139071360097284,0.0,1.0,1.0,1.0,0.22784911939028152,0.9131320197674169,0.0,1.0,1.0,0.09467250805617368,1.0,0.004225164074730284,1.0,1.0,0.37777856794010867,1.0,1.0,0.0,1.0,1.0,0.7858230813692129,0.975653826116411,0.1716484759995037
gex_possorted_bam_1WGCZ:TAGTAACGTTTGGGCGx-M2,0.1712511000156398,1.0,1.0,1.0,1.0,0.0,1.0,1.0,1.0,1.0,0.0,1.0,1.0,1.0,0.3049870658844477,1.0,0.0,0.0,1.0,0.0,0.0,0.0,0.3171625270372933,0.0,1.0,1.0,1.0,1.0,1.0,0.4139904641510152,1.0,0.33967038006037464,0.07585052527722677,1.0,1.0,0.439176692138899,1.0,0.3283675241051032,0.5976255568459143,1.0,1.0,1.0,1.0,1.0,0.0,0.8362510093610944,1.0,1.0,1.0,1.0,1.0,0.8924936508352104,0.7909742167728107
gex_possorted_bam_1WGCZ:TAGGTTATCACGTTAAx-M2,1.0,1.0,1.0,1.0,1.0,1.0,0.008935614015961619,0.8967755196058463,0.7164081784328803,1.0,0.0,1.0,1.0,0.20692897555389578,1.0,0.009341085151855976,0.0,0.0,0.5627450975726183,0.9823212879488828,0.9518243486586015,1.0,1.0,1.0,0.6934453610677641,1.0,0.01848097973448757,1.0,1.0,1.0,0.43693232303515206,1.0,1.0,1.0,0.0,1.0,0.0,1.0,1.0,0.0,1.0,0.0,1.0,0.8611684535360904,1.0,1.0,0.7182907107922084,0.0,1.0,1.0,0.867093255833725,1.0,1.0
gex_possorted_bam_1WGCZ:TATCGAGGTGTTGTGAx-M2,0.032941117845488206,1.0,1.0,0.8900381357561598,0.0,1.0,1.0,0.6462764838962343,1.0,0.38454496250501347,1.0,1.0,1.0,1.0,0.10213314398227562,1.0,1.0,1.0,1.0,0.0,0.0,0.0,0.0,0.0,1.0,1.0,1.0,1.0,1.0,0.9254193513471372,1.0,0.023407404974675132,0.0,0.7163145907434615,1.0,0.16235768722384472,1.0,0.10729413861893242,0.05052359702015301,1.0,0.02463115776695804,1.0,1.0,1.0,0.0020820929639584593,0.535200074630772,1.0,1.0,1.0,0.3685011290239232,1.0,0.9111911631101922,0.0
gex_possorted_bam_1WGCZ:TATCCGGAGACAGGTAx-M2,1.0,1.0,0.0,1.0,0.7827426848433695,0.9042606164466255,0.9746791116372183,1.0,0.3183892885051838,1.0,0.0,1.0,0.8136696629103799,0.3272327201510289,1.0,0.40638090358766804,0.0,0.0,0.7375142798099603,0.518561789836038,1.0,1.0,1.0,1.0,0.6885435985251207,0.9194632283531641,0.0,0.9532078111314125,1.0,0.9076050194026809,1.0,1.0,1.0,1.0,0.0,1.0,0.4964640220734505,1.0,1.0,0.30627752499626615,1.0,0.4410213206742915,0.600633472405294,0.0,1.0,1.0,0.399060919160993,0.07229296849108399,0.9647872603937105,1.0,0.9049721320483031,1.0,0.7120550645177387
gex_possorted_bam_1WGCZ:TATAGGTGTCACACCCx-M2,0.0691749354286206,1.0,1.0,0.9541247884778115,0.0,0.0,1.0,0.7971128640116774,1.0,0.7163688494503643,0.0,1.0,1.0,1.0,0.1491025115489525,1.0,0.01585736746235205,0.0,1.0,0.0,0.0,0.0,0.0,0.0,1.0,1.0,1.0,1.0,1.0,1.0,1.0,0.0,0.0,0.8291207405832656,1.0,0.22439419999419005,1.0,0.14409194463640201,0.14130090916957497,1.0,0.22684826174881115,1.0,1.0,1.0,0.0327828952753472,0.5726021914449896,1.0,1.0,1.0,0.5205311008905079,1.0,0.9621093899750808,0.0
gex_possorted_bam_1WGCZ:TATCCAGCATAATGAGx-M2,1.0,0.9017529645610932,0.937989318243196,1.0,1.0,1.0,0.24892700436738616,1.0,1.0,1.0,0.1101751619837617,0.7625893347150615,1.0,0.7761275045427203,1.0,0.438093992627445,0.0,0.8286601254181826,0.8299863240722631,0.6050582812820756,1.0,1.0,1.0,1.0,0.926181609717448,1.0,0.0,0.9216280457567437,0.4214896297620069,1.0,0.5808255877128194,1.0,1.0,1.0,0.0,1.0,0.08538326091335527,1.0,1.0,0.0,1.0,0.0,1.0,0.6916773389528964,1.0,1.0,0.9683510126619794,0.0,1.0,1.0,1.0,1.0,0.8033415811591457
gex_possorted_bam_1WGCZ:TAGGCTGTCATCACTTx-M2,0.5355789944808411,0.06508672357837912,0.0,0.41350929516091367,0.917723418594097,1.0,0.0,0.32786204500891214,0.0,0.420124044428335,1.0,0.0,0.25583563522448766,0.06289741435538732,0.49787746789586795,0.24293578916940878,1.0,1.0,0.6955049643110495,1.0,1.0,1.0,0.55923186136106,1.0,0.0,0.28334278985580674,0.18212006632481176,0.41009034211168177,0.3629328692933129,0.5609265132504453,0.41432503008890914,0.7662240128022874,0.5208939161499371,0.19246633676038316,0.08935161628225408,0.5733910365091902,0.0,0.41526268872051003,0.429814258580795,0.07054966659126914,0.04688479185203355,0.0,0.08362346612614603,0.0,0.7226218239722485,0.43616685631959107,0.0,0.13494981433751507,0.34521964207609535,0.6025806766856788,0.2548671243500319,0.5275078053991559,1.0
gex_possorted_bam_1WGCZ:TAGGCTAGTTTATCGCx-M2,0.07388659549519414,1.0,0.9078814035449146,0.8577916814985513,0.0,0.0,1.0,0.9049352853137423,1.0,0.867200511161512,0.0,1.0,1.0,1.0,0.19823868427884392,1.0,0.0,0.0,1.0,0.0,0.0,0.0,0.0,0.0,1.0,1.0,1.0,1.0,1.0,0.9626529213418602,1.0,0.0,0.0,0.8156155107118256,1.0,0.30316229530810274,1.0,0.1103001849982676,0.16781216284211575,1.0,0.4633041015616495,1.0,1.0,0.8534128173603392,0.1667647106991558,0.5403525172128604,1.0,1.0,1.0,0.5564577962269569,1.0,0.931921795461364,0.0
gex_possorted_bam_1WGCZ:TATATCCTCCTTAGGGx-M2,0.056010455381875095,1.0,1.0,0.920994479209117,0.09228363898817156,0.0,1.0,0.7223927032884254,1.0,0.9420052832611319,0.0,1.0,1.0,1.0,0.10029536394166315,1.0,0.46162728489947097,0.506212734460726,1.0,0.0,0.0,0.0,0.0,0.0,1.0,1.0,1.0,1.0,1.0,1.0,1.0,0.0,0.0,0.6823290935270574,1.0,0.24790845608604348,1.0,0.21916558509974088,0.1765603993196725,1.0,0.014306033331560157,1.0,1.0,1.0,0.0924183181206276,0.5313204640147081,1.0,1.0,1.0,0.3635210775184909,1.0,0.9551406211281798,0.0
gex_possorted_bam_1WGCZ:TATAGCTCAGGACACAx-M2,0.07292340754020125,1.0,1.0,0.994573287483923,0.08092425638314621,0.0,1.0,0.9003084185028544,1.0,0.7936284852816224,0.0,1.0,1.0,1.0,0.27409994748590244,1.0,0.0,0.0,1.0,0.0,0.0,0.0,0.0,0.0,1.0,1.0,1.0,1.0,1.0,1.0,1.0,0.0,0.0,0.8234768236125227,1.0,0.23979999966850543,1.0,0.08021240016340911,0.08979627986375956,1.0,0.24538803951866286,1.0,1.0,1.0,0.0,0.595133417566603,1.0,1.0,1.0,0.7431560349557204,1.0,0.9608121084734359,0.0
gex_possorted_bam_1WGCZ:TAGTAAGCACGGTACTx-M2,1.0,1.0,0.4573564283796349,1.0,1.0,1.0,0.43989473379266336,1.0,0.8123398206203042,1.0,0.0,0.9954254920886804,1.0,0.4235422050212832,1.0,0.19766999665983537,0.0,0.4343844022534049,0.9569589369840077,0.9047889462760997,1.0,1.0,1.0,1.0,0.7634134674341386,1.0,0.0,1.0,1.0,1.0,0.9532212777346103,1.0,1.0,1.0,0.0,1.0,0.05974382252373402,1.0,1.0,0.015403827779702993,1.0,0.16760411186705948,1.0,0.6304412733571678,1.0,1.0,0.5805799649620146,0.006473824161608643,1.0,1.0,1.0,1.0,1.0
gex_possorted_bam_1WGCZ:TAGGTTGGTTTACCGTx-M2,0.7342250282677724,0.3647974970579972,0.0,0.5341808556871407,1.0,1.0,0.0,0.5085697167516147,0.0,0.52130401330813,1.0,0.0,0.3326167540185097,0.22520912630674594,0.7403316852046569,0.18692624958038787,1.0,1.0,0.9959434894926641,0.8405699020832295,1.0,1.0,0.6291287281333836,1.0,0.18456631859607564,0.3719312853131833,0.1842677757811899,0.618871102406643,0.9389055687040295,0.6275205921795932,0.779152831012721,0.7441790120140844,0.642448367254087,0.5614253482674074,0.18180553384837525,0.8016143034864339,0.22329346982959172,0.6033692525712376,0.6092817919904793,0.034073226640236924,0.21346405845306868,0.10320427757084594,0.18738508525142689,0.0,1.0,0.6362609577349289,0.0,0.12559840095557293,0.45550301593175424,0.571971009428265,0.2869622116588322,0.7358686729301723,1.0
gex_possorted_bam_1WGCZ:TAGTTGTCACCTATAGx-M2,1.0,0.8246978958152655,0.0,1.0,1.0,1.0,0.24533177845263607,1.0,0.7109052412900695,1.0,0.023790242741267842,0.7134772367352177,0.6517278208173659,0.2960123788993291,1.0,0.0,0.0,0.0,0.8644766415733768,0.4336405658148644,1.0,1.0,1.0,1.0,0.3459966270228723,1.0,0.0,0.8787073532121206,0.7774224226365358,1.0,0.5066060486810624,1.0,1.0,1.0,0.0,1.0,0.0,1.0,1.0,0.0,1.0,0.005143030030147462,0.8123028890814931,0.20934211369770392,1.0,1.0,0.1488295411020129,0.06230577400138974,0.927142170126802,1.0,0.8217115342691943,1.0,0.43434097670877037
gex_possorted_bam_1WGCZ:TAGGCTTAGGCGAAACx-M2,0.03643447189915323,1.0,1.0,1.0,0.2857875605039916,0.0,1.0,0.7644250296096191,1.0,1.0,0.0,1.0,1.0,1.0,0.21478548524567234,1.0,0.0,0.0,1.0,0.0,0.0,0.0,0.0,0.0,1.0,1.0,1.0,1.0,1.0,0.7718533423218341,1.0,0.27058539985444374,0.0,1.0,1.0,0.30407206936688463,1.0,0.0,0.0388744926157681,1.0,0.09357042438491896,1.0,1.0,0.3124243796093499,0.0,0.6180456462031182,1.0,1.0,1.0,0.8019471197173633,1.0,1.0,0.5051603948653086
gex_possorted_bam_1WGCZ:TAGTGAGAGCGATACTx-M2,0.10662293378022471,1.0,1.0,0.9606002192505225,0.1284225051361618,0.0,1.0,0.8295974174506198,1.0,1.0,0.0,1.0,1.0,1.0,0.21931163619940183,1.0,0.3474729497739345,0.22988163246106205,1.0,0.0,0.0,0.0,0.0,0.0,1.0,1.0,1.0,1.0,1.0,0.894892734313071,1.0,0.0,0.0,0.820105295641185,1.0,0.3253753786038488,1.0,0.12640713647957735,0.14184042137559727,1.0,0.30083962384784746,1.0,1.0,1.0,0.17466785806973914,0.5212541066882207,1.0,1.0,1.0,0.49362771773249425,1.0,0.9527681233365728,0.0
gex_possorted_bam_1WGCZ:TAGGTTGGTATCTGGAx-M2,1.0,0.9328457454960241,0.6183188977379352,1.0,1.0,0.9090866113279704,0.10531059413668059,1.0,0.2797790405854069,1.0,0.0,0.7872571405327075,0.9572881013471689,0.22647032521590196,1.0,0.1376645425500619,0.0,0.0,0.897110614691749,0.8839126845414552,1.0,1.0,1.0,1.0,0.10633129724946021,1.0,0.0,0.9521036145655372,0.9856669040710634,1.0,0.42625067800099536,1.0,1.0,1.0,0.0,1.0,0.1094489272722831,1.0,1.0,0.0,1.0,0.11358520579104099,0.8355777510376103,0.44267610245995037,1.0,1.0,0.4353283555241263,0.0,1.0,1.0,1.0,1.0,0.12821605383494952
gex_possorted_bam_1WGCZ:TATAGCTCAAGCCAGAx-M2,0.0,0.58983052661534,1.0,0.2144479842851125,0.0,0.0,1.0,0.0,1.0,0.14310132317745156,1.0,1.0,1.0,1.0,0.0,1.0,1.0,0.0,1.0,0.0,0.0,0.0,0.0,0.0,1.0,0.3542673280496921,1.0,0.5617415989381995,0.794966296836719,0.21718276231598588,1.0,0.0,0.0,0.14435661739447028,1.0,0.0,1.0,0.0,0.0,1.0,0.0,1.0,1.0,1.0,0.0,0.05800713083962629,1.0,1.0,0.33608306034098834,0.0,0.680942105358074,0.24892612993964608,0.0
gex_possorted_bam_1WGCZ:TATCGCACATAATCACx-M2,0.0872612850564961,1.0,1.0,0.9668223712010594,0.22405784934168518,0.0,1.0,0.7974728352100163,1.0,0.8043356711114018,0.0,1.0,1.0,1.0,0.16571837981561982,1.0,0.3491241215963759,0.23497748825374834,1.0,0.0,0.0,0.0,0.0,0.0,1.0,1.0,1.0,1.0,1.0,0.8981814706145556,1.0,0.09113905621273409,0.0,0.9428346856869404,1.0,0.2914342676334726,1.0,0.061330367113877,0.08539000764288089,1.0,0.2449091634116754,1.0,1.0,1.0,0.11734678093049658,0.5460193652829081,1.0,1.0,1.0,0.7311718138132396,1.0,0.9749904883989654,0.0
gex_possorted_bam_1WGCZ:TCAAGAACACACCAACx-M2,0.05150110215571146,1.0,1.0,0.9382990082168462,0.005423135620094353,1.0,1.0,0.6090434893824963,1.0,0.37754588747579854,1.0,1.0,1.0,1.0,0.15974656198619458,1.0,1.0,1.0,1.0,0.0,0.0,0.0,0.0,0.0,1.0,1.0,1.0,1.0,1.0,1.0,1.0,0.0,0.0,0.6044718585590766,1.0,0.1912820446970397,1.0,0.150272132764082,0.1279013595539929,1.0,0.07058734751068259,1.0,1.0,1.0,0.0,0.565927050938931,1.0,1.0,1.0,0.4137244593212229,1.0,0.9515473538044534,0.0
gex_possorted_bam_1WGCZ:TATGGTCAGTTGCCTCx-M2,0.07342660647434612,1.0,1.0,0.9437587243168507,0.0,0.0,1.0,0.8381989249393305,1.0,1.0,0.0,1.0,1.0,1.0,0.20107356359718015,1.0,0.35663892895714094,0.1138987188730419,1.0,0.0,0.0,0.0,0.0,0.0,1.0,1.0,1.0,1.0,1.0,0.97792314428192,1.0,0.0,0.0,0.8308904985880657,1.0,0.324379987292984,1.0,0.1591159538997608,0.1389241708463696,1.0,0.29277386983976006,1.0,1.0,1.0,0.1280834649109339,0.5380428716024712,1.0,1.0,1.0,0.5074661567428116,1.0,0.9810277891974706,0.0
gex_possorted_bam_1WGCZ:TCAAGGTTCGACAAAGx-M2,0.07970071500443301,1.0,1.0,0.8628622848499522,0.4353183045596526,0.0,1.0,0.6083105742767613,1.0,1.0,0.0,1.0,1.0,1.0,0.3506490149754085,1.0,0.3962378094335451,0.0,1.0,0.0,0.0,0.0,0.0,0.0,1.0,1.0,1.0,1.0,0.9536380979261898,1.0,1.0,0.0,0.0,0.7382663136951699,1.0,0.26592517145520417,1.0,0.38594450458239843,0.32634610148789,1.0,0.5704023575670314,1.0,1.0,1.0,0.02565605727785599,0.6068397134197321,1.0,1.0,1.0,0.3829089383930558,1.0,0.9254463307692264,1.0
gex_possorted_bam_1WGCZ:TATGGATGTAAGGTTTx-M2,1.0,0.6932418011190672,0.0,1.0,1.0,1.0,0.3984794061990076,1.0,0.4325968447976093,1.0,0.0,0.591540181484271,0.9400205939419727,0.41856873560185454,1.0,0.5157103631253219,0.0,0.0996952459649281,0.9372679601600157,0.6277806337249079,1.0,1.0,1.0,1.0,0.6234625173087708,1.0,0.0,0.8148533663751889,1.0,1.0,0.38543689040789914,1.0,1.0,0.9648232370146556,0.0,1.0,0.3312650749382245,1.0,1.0,0.0,1.0,0.20987409525935366,0.5855330316223777,0.0,1.0,1.0,0.3021705722168557,0.0,0.9522631286377667,0.9166731346720339,0.9331845919730118,1.0,0.3183164292684694
gex_possorted_bam_1WGCZ:TCAGTAGGTATACTGGx-M2,1.0,0.8749170091812244,0.8005847664441467,1.0,1.0,0.675347063080322,0.4005864021825053,1.0,0.690876733321084,1.0,0.0,1.0,0.9027116717779499,0.22674393987154964,1.0,0.045598567965510595,0.0,0.0,0.6633444584655456,0.9780119001087045,1.0,1.0,1.0,1.0,0.33286345384287674,1.0,0.0,1.0,0.9889123419619024,1.0,0.11548501990249684,1.0,1.0,1.0,0.0,1.0,0.17803022042588398,1.0,1.0,0.0,1.0,0.1216736702400923,0.9290238911472373,0.4408538714712409,1.0,1.0,0.6273343553463536,0.0,1.0,1.0,1.0,0.9997540937388351,0.17158904909917883
gex_possorted_bam_1WGCZ:TATTAGCCAGCACGTTx-M2,1.0,0.880856908817544,0.0,0.995391878622086,1.0,1.0,0.4326894747100547,1.0,0.6241323231986309,0.8394738849522712,0.373641563050094,0.7601060071089167,1.0,0.32270621126323085,0.9989097741419636,0.5122297149091464,0.06398430136521904,0.9607375046887581,1.0,0.8036846764935553,1.0,1.0,1.0,1.0,0.8419691266471908,0.8519287923375816,0.0,0.8012841912167374,1.0,1.0,0.4997225248318391,0.9415367504422332,1.0,0.8905215601840646,0.0,1.0,0.11504816523736,1.0,1.0,0.0,0.7046390686346102,0.1529362323724776,0.6660885438156559,0.06706752760977945,1.0,1.0,0.12507743435794366,0.0,0.9214732991349187,1.0,1.0,1.0,0.7898975519256831
gex_possorted_bam_1WGCZ:TCACCGGCACCTAAGCx-M2,1.0,0.9980462479295324,0.0,1.0,1.0,1.0,0.4033643236607297,0.994965930227334,0.37494036604882613,1.0,1.0,0.6927593459146774,0.877064190257437,0.4180838924128392,1.0,0.6528793959997107,0.6529785531654919,1.0,1.0,0.6989754273562435,1.0,1.0,1.0,1.0,0.7200319813231721,0.9389692103762984,0.0,0.9569815834361616,1.0,1.0,1.0,1.0,1.0,1.0,0.0,1.0,0.21308829888806952,1.0,1.0,0.0,0.4643603723333939,0.033130971465273634,0.6106857474725872,0.06840942209995911,1.0,1.0,0.08855698368682634,0.0,1.0,1.0,0.8327973977253671,1.0,1.0
gex_possorted_bam_1WGCZ:TCAAGCTAGCTCAAACx-M2,1.0,0.9818958749108267,0.6792106614525045,1.0,1.0,1.0,0.25786625027780113,1.0,0.7717323856427608,1.0,0.0,0.9290896737272335,1.0,0.7946477202775213,1.0,0.37839046678699306,0.0,0.0,0.5390235950592415,0.5146993168012967,1.0,1.0,1.0,1.0,1.0,1.0,0.0,1.0,0.7511749029411108,1.0,0.328234558238305,1.0,1.0,1.0,0.0,1.0,0.28086269944642417,1.0,1.0,0.12004394598852725,1.0,0.39652389818735145,1.0,0.8296055480289998,1.0,1.0,0.9074918942313394,0.0,1.0,1.0,1.0,1.0,1.0
gex_possorted_bam_1WGCZ:TCAGGTCCAGGCCATTx-M2,0.0,0.2916349163268015,0.28909611153172515,0.2724618744480337,0.0,0.0,1.0,0.2748288878417663,1.0,0.0,0.8084283937764665,1.0,0.7610750913386031,1.0,0.0,1.0,0.9811724871079498,0.25822910298278073,1.0,0.0,0.0,0.0,0.0,0.0,1.0,0.3469067040823621,1.0,0.6074265909139611,0.3632120172052835,0.0,0.0,0.0,0.0,0.2060063320229656,1.0,0.0,1.0,0.0,0.0,1.0,0.25472789210792435,1.0,1.0,1.0,0.0,0.10663043835508793,1.0,1.0,0.17066445877018402,0.03785193764880001,0.8329348942442093,0.11060340678418895,0.0
gex_possorted_bam_1WGCZ:TCAGTAATCAATGAGGx-M2,1.0,0.8108201239187748,0.04843564699152015,1.0,1.0,1.0,0.15564787438502228,0.9806977125615772,0.1676247142503021,1.0,0.4736582880599939,0.8240830872242583,0.9787677248572101,0.3281602351021063,1.0,0.08941646383706778,0.14198401011630973,0.8963965773438007,1.0,0.734892264046078,1.0,1.0,1.0,1.0,0.5971915148666757,1.0,0.0,1.0,1.0,1.0,0.8576783473193947,1.0,1.0,1.0,0.0,1.0,0.2680465711762109,1.0,1.0,0.0,1.0,0.0,0.5575695774426407,0.0,1.0,1.0,0.2898457804928962,0.0,1.0,1.0,1.0,1.0,1.0
gex_possorted_bam_1WGCZ:TATGCATCACCTCACCx-M2,1.0,0.9475700685409147,0.35622193856723655,1.0,1.0,1.0,0.22544973943235447,1.0,0.7470345143924533,1.0,0.0,1.0,1.0,0.37151833364497366,1.0,0.0,0.0,0.04486877681573673,0.8052151263667734,0.8941587656719667,1.0,1.0,1.0,1.0,0.4788542901554955,1.0,0.0,0.9054879702923301,0.8126897027542997,1.0,0.5408847021944813,1.0,1.0,1.0,0.0,1.0,0.057907400008202985,1.0,1.0,0.0,1.0,0.22107723254133074,0.9528297553711463,0.4880788074501146,1.0,1.0,0.5405152516509272,0.0,1.0,1.0,1.0,1.0,1.0
gex_possorted_bam_1WGCZ:TCAGCAAGTTGAAGCCx-M2,1.0,0.8771812272601437,0.09044948752066743,1.0,1.0,1.0,0.4786925647646994,0.9618422797682451,0.3488146862474904,1.0,0.27582505330454243,0.6503342926914455,1.0,0.23635444463411026,1.0,0.2892170136800569,0.053904233893283304,0.7302087227945486,1.0,0.6897695555711006,1.0,1.0,1.0,1.0,0.6314765136344175,1.0,0.0,1.0,1.0,1.0,0.7382966733524413,1.0,1.0,1.0,0.0,1.0,0.12207887991337002,1.0,1.0,0.0,1.0,0.12136358782649642,0.6534577693503557,0.2177277984576807,1.0,1.0,0.0,0.0,1.0,1.0,0.8642325821597544,1.0,1.0
gex_possorted_bam_1WGCZ:TATTAGGTCCCGCAAAx-M2,1.0,0.9985057854053878,0.0,0.9809657055318974,1.0,1.0,0.38358083133807674,0.9750181596448804,0.40459380819793245,1.0,0.7046860453438958,0.6705622570384022,0.755171696839888,0.3589172212267526,1.0,0.3627868826201151,0.35609549365421017,1.0,1.0,0.5048918830695645,1.0,1.0,1.0,1.0,0.6056650623755784,0.8331421285515975,0.0,0.930332806315935,1.0,1.0,0.9958989220420466,1.0,1.0,1.0,0.0,1.0,0.18708850529599372,1.0,1.0,0.029921563544872357,0.7240741575220149,0.32933258846297714,0.5513119650788123,0.04887091659705135,1.0,1.0,0.0,0.014796650337694811,0.9160731156928168,1.0,0.7201886497509762,1.0,1.0
gex_possorted_bam_1WGCZ:TCACCTGGTATTGGTGx-M2,1.0,1.0,0.2905059381808942,1.0,1.0,1.0,0.7805029705361844,1.0,1.0,0.9708881794315445,0.0,0.865787257020295,1.0,0.29112769143138073,0.9402736660174519,0.0,0.0,0.26009782225467143,0.7459459402963324,0.7441237775109472,1.0,1.0,1.0,1.0,1.0,1.0,0.049462908896048735,1.0,1.0,0.9329234563030454,0.15516003714281354,0.8502830112122837,1.0,1.0,0.0,1.0,0.2696534902031878,1.0,1.0,0.0,1.0,0.5700206031008481,0.6783752755904775,0.5464460043882159,1.0,1.0,0.6618584419991245,0.0,1.0,1.0,1.0,1.0,1.0
gex_possorted_bam_1WGCZ:TCAGGTCCATTGCGGTx-M2,1.0,0.822942895222532,1.0,1.0,1.0,0.6517677124090867,0.0,1.0,0.1979933621298721,1.0,0.0,1.0,0.9728890539971247,0.3410874354927164,1.0,0.0,0.0,0.0,0.6270424042413383,0.8353794969926484,0.8500053557780656,0.9307889996262687,1.0,1.0,0.0,1.0,0.0,1.0,0.7302680736479549,1.0,0.0,1.0,1.0,1.0,0.0,1.0,0.1546605620674921,1.0,1.0,0.0,1.0,0.0,1.0,0.0,0.9025590707680762,1.0,0.6249920054454199,0.0,1.0,1.0,1.0,1.0,0.0
gex_possorted_bam_1WGCZ:TCAAGACTCGCTAAGTx-M2,1.0,0.9395636229865857,0.6070236509181435,1.0,1.0,0.9285297253279615,0.010623796245485071,1.0,0.49314526891561966,1.0,0.0,0.9709933382281036,0.9672633649514933,0.341234580081624,1.0,0.1364906380564202,0.0,0.0,0.6448993540437419,0.7501013245092565,1.0,1.0,1.0,1.0,0.3941250369106961,1.0,0.0,0.7892204173696353,1.0,1.0,0.6821341069212676,1.0,1.0,1.0,0.0,1.0,0.17802935229026703,1.0,1.0,0.0,1.0,0.20285262246950725,0.9146968931557606,0.6234243777988061,1.0,1.0,0.5739926005969422,0.0,1.0,1.0,1.0,1.0,0.28933217180339754
gex_possorted_bam_1WGCZ:TCAGCAAGTACGTTTCx-M2,1.0,0.7805541939804993,0.0,1.0,0.7081785616011081,0.8549266025650007,0.7951096187706437,1.0,0.7433096378555395,0.7749493692860155,0.0,0.9596352946507019,1.0,0.3568866435854757,1.0,0.21220919768778101,0.0,0.0,0.9402385301770082,0.454485742100476,1.0,1.0,0.9897635620006148,1.0,0.9178106196276365,0.8973202182369083,0.0,0.7202405289883094,0.6492313861163295,0.8067899908207609,0.15299948339775765,1.0,1.0,1.0,0.0,1.0,0.04380516828218625,0.9560852733436828,0.9872160312258387,0.0,1.0,0.34360821049439777,0.8722124240878075,0.2037504518837122,1.0,1.0,0.5614354330110979,0.04359257603274949,0.833122673660475,0.9452500582416212,1.0,1.0,0.5773758909805512
gex_possorted_bam_1WGCZ:TCAGGTCCAATATGGAx-M2,0.08789018261524498,1.0,1.0,0.9363734661754619,0.018065055132631187,0.0,1.0,0.8787030974143721,1.0,0.7295991055787376,0.0,1.0,1.0,1.0,0.14879218286760165,1.0,0.0,0.0,1.0,0.0,0.0,0.0,0.0,0.0,1.0,1.0,1.0,1.0,1.0,0.8685848995404725,1.0,0.0,0.0,0.831469214251889,1.0,0.2530080106253032,1.0,0.08185835985716004,0.0556098752089562,1.0,0.19221506347876993,1.0,1.0,0.5976750884391895,0.03018241971495797,0.542189762285007,1.0,1.0,1.0,0.7520777886346762,1.0,0.956889340798642,0.0
gex_possorted_bam_1WGCZ:TCAGCGATCATGCGTGx-M2,0.05077883656454281,1.0,1.0,0.9198520177127611,0.0,0.0,1.0,0.7944231141028846,1.0,1.0,0.0,1.0,1.0,1.0,0.13057387832613981,1.0,0.264922434113971,0.0,1.0,0.0,0.0,0.0,0.0,0.0,1.0,1.0,1.0,1.0,1.0,1.0,1.0,0.0,0.0,0.8250029855561642,1.0,0.32684299122630583,1.0,0.2460271718446697,0.2527249664038611,1.0,0.15187909002364466,1.0,1.0,1.0,0.18842173157805617,0.5227656280552406,1.0,1.0,1.0,0.3974218750290448,1.0,1.0,0.0
gex_possorted_bam_1WGCZ:TATTTGCTCCTTAGGGx-M2,1.0,0.7330149823740753,0.0,0.9687169784244682,1.0,1.0,0.07837914509182176,0.9840181885795948,0.26110942832450584,0.97660285681908,0.2726387423502293,0.8325320751685973,0.7660803546521502,0.07774398503450382,0.9577753748001085,0.0,0.049693712578271855,0.6754081046092317,1.0,0.6602313071773015,1.0,1.0,1.0,1.0,0.5241911109941308,0.8573561661692524,0.0,0.8010502598438166,0.8644683627755699,0.9841620717833971,0.39849851077834325,1.0,1.0,0.9348683988813262,0.0,1.0,0.0,1.0,0.9738109871022426,0.0,1.0,0.0,0.5573796400080551,0.0,1.0,0.9860556325911378,0.0,0.10869241823591946,0.796313471999979,1.0,0.8359088949525554,1.0,0.7209687947349748
gex_possorted_bam_1WGCZ:TCACCGGCAAGGTGGCx-M2,0.09861949042736912,1.0,1.0,0.9207368609194215,0.08561795827737088,0.0,1.0,0.896608828334943,1.0,0.9486931730527698,0.0,1.0,1.0,1.0,0.03736896547227715,1.0,0.03989559114684508,0.0,1.0,0.0,0.0,0.0,0.0,0.0,1.0,1.0,1.0,1.0,1.0,0.8602736883118381,1.0,0.0,0.0,0.8029586517135269,1.0,0.3232220949403121,1.0,0.06764640645930807,0.2627459996027431,1.0,0.17728583556798674,1.0,1.0,1.0,0.05533793743941411,0.4938897051971412,1.0,1.0,1.0,0.5529419766771924,1.0,0.9827165176677118,0.0
gex_possorted_bam_1WGCZ:TATTAGGTCGTAATCAx-M2,0.79077383856398,0.8465841566328888,0.0,0.7489653012310123,0.25390055691211144,0.44516798878474545,1.0,0.9568787261086079,1.0,0.9400326938632306,0.0,1.0,0.8740395846225829,1.0,0.8539399964200323,0.5536392986903821,0.0,0.0,0.4666846801319537,0.0,0.7201279147415844,0.6593615576909614,0.6292181481880268,1.0,0.777048247618638,0.6289945435697797,0.18150440955380273,0.8444354160232921,0.7950959769866802,0.5264405811050547,1.0,1.0,0.7294068150729983,0.8748301770595861,0.31371118981617246,0.8737765391192278,1.0,0.9044440253099024,0.7886897402888071,0.35680272298237325,0.6906633916648042,0.8224569442864813,0.3529411975844261,0.49050930109287044,1.0,0.8361772489170214,0.2723826525856883,0.6201819887285828,0.7313411334628727,0.6456304487769969,0.9583354200548435,0.7986493260794638,0.5618873568972349
gex_possorted_bam_1WGCZ:TATGACTCAACACCTAx-M2,1.0,1.0,0.21354331467610416,1.0,1.0,1.0,0.3860186288140243,1.0,0.5467944393361003,1.0,0.0,1.0,1.0,0.39888501647582125,1.0,0.16226343311145675,0.0,0.17674710271302493,0.9668730152368881,0.773560663259427,1.0,1.0,1.0,1.0,0.5970241156670126,1.0,0.0,0.9350557571695083,1.0,1.0,1.0,1.0,1.0,1.0,0.0,1.0,0.13885212816848705,1.0,1.0,0.0,1.0,0.30072539933290926,0.8441420111222417,0.6276226363134224,1.0,1.0,0.4889570923399806,0.0,1.0,1.0,1.0,1.0,0.8512930083329653
gex_possorted_bam_1WGCZ:TATTAGGTCCTGAGTGx-M2,1.0,0.8232452087213787,0.0,0.9961965276096473,1.0,1.0,0.5571513046685476,1.0,0.7281836142772891,0.9710527799196169,0.0,1.0,0.7364396395421425,0.2506387001444388,1.0,0.0034897673056102545,0.0,0.07334143945474011,0.7465819360964505,0.5805581820260927,1.0,1.0,1.0,1.0,0.6530612312450534,0.7947234884495663,0.0,0.6870498717783642,0.7965826474052382,1.0,0.5660825147645558,1.0,1.0,1.0,0.0,1.0,0.19434075239716592,1.0,1.0,0.0,1.0,0.19728333688370517,0.5398800295506817,0.21830313039331725,1.0,1.0,0.30465667852412376,0.0,0.8838465384422455,0.9794148568334262,0.9110293503467443,0.9970200192314791,0.5833770476941494
gex_possorted_bam_1WGCZ:TATGGTCAGTGAACGAx-M2,1.0,0.8045642883382532,0.21878370524080676,1.0,1.0,0.9594987846982758,0.014216225407287142,1.0,0.09449427356608762,1.0,0.0,0.705096641249779,0.9730254804696091,0.5306575941109666,1.0,0.0,0.0,0.0,0.9976600085854885,0.7902902481963081,1.0,1.0,1.0,1.0,0.008266654019886962,1.0,0.0,0.7373216689946698,0.6564971433947717,1.0,0.44773179931631224,1.0,1.0,1.0,0.0,1.0,0.04014881782784633,1.0,1.0,0.0,1.0,0.10827326751448155,0.5751101226368164,0.16321922035292175,1.0,1.0,0.5284632634870896,0.044441295040680166,1.0,1.0,1.0,1.0,0.15755748763854943
gex_possorted_bam_1WGCZ:TCACTGACAGCATGAGx-M2,1.0,0.9321944144683699,0.9430046466068809,1.0,0.9251154042047605,0.3218194387018829,0.8282576281184175,1.0,0.34608114883316715,0.9632236937025181,0.0,1.0,0.9608820167010259,0.0,1.0,0.0,0.0,0.0,0.41528042048913316,1.0,0.8969014807618878,0.6859644473659892,1.0,1.0,0.4663800143996414,1.0,0.037043753032170536,1.0,1.0,0.8240209510256898,0.0,1.0,1.0,1.0,0.0,1.0,0.30622764913824924,1.0,1.0,0.02301723079093299,1.0,0.0,0.7919645220055499,0.8101217720886882,0.8598771527859524,1.0,0.9434289895942077,0.0,1.0,1.0,1.0,0.8167658913931746,0.0
gex_possorted_bam_1WGCZ:TATTGACCATGTCAGCx-M2,0.06738512937563698,1.0,1.0,1.0,0.09869220453094286,0.0,1.0,0.8095548793450493,1.0,0.9837237232847916,0.0,1.0,1.0,1.0,0.22420237487004835,1.0,0.0,0.0,1.0,0.0,0.0,0.0,0.0,0.0,1.0,1.0,1.0,1.0,1.0,1.0,1.0,0.0,0.0,0.9477786251903934,1.0,0.24142583386640282,1.0,0.12971797214013522,0.13638376890577641,1.0,0.2515184904919634,1.0,1.0,1.0,0.0,0.560683847527103,1.0,1.0,1.0,0.604126948213068,1.0,1.0,0.07043437482367414
gex_possorted_bam_1WGCZ:TCACATAAGGAAGCACx-M2,1.0,0.9287202717505997,0.41124753492652105,1.0,1.0,1.0,0.15436943976866632,1.0,0.5117156653208019,1.0,0.02756881680204723,0.9532442211943583,0.9622626028332563,0.41739985577371985,1.0,0.5110930669713274,0.0,0.345581460392784,1.0,0.6851321424729186,1.0,1.0,1.0,1.0,0.3424016646567581,1.0,0.0,0.8601272221285345,1.0,1.0,0.8606445799004835,1.0,1.0,1.0,0.0,1.0,0.1807042359689337,1.0,1.0,0.0,1.0,0.0,0.7693330547299758,0.7115144163027194,1.0,1.0,0.4526231155642951,0.0,1.0,1.0,0.9618409185976677,1.0,0.7783143970483288
gex_possorted_bam_1WGCZ:TCACATAAGCAAGGTAx-M2,0.07645343582578093,1.0,1.0,0.9474867565681171,0.0,0.0,1.0,0.8526772084117917,1.0,0.9721512250867727,0.0,1.0,1.0,1.0,0.13539840892953034,1.0,0.11412112364561681,0.0,1.0,0.0,0.0,0.0,0.0,0.0,1.0,1.0,1.0,1.0,1.0,0.8670114384864087,1.0,0.0828820639458215,0.0,0.8361497321862096,1.0,0.28010040324540325,1.0,0.09603112796252648,0.11726401223927518,1.0,0.14376183375724846,1.0,1.0,1.0,0.11970443547224466,0.5270380277578838,1.0,1.0,1.0,0.42972756778292187,1.0,0.9444431347048176,0.0
gex_possorted_bam_1WGCZ:TCACTGACAGCAAGTGx-M2,1.0,1.0,0.7665118304940229,1.0,1.0,1.0,0.8564950442586543,1.0,1.0,1.0,0.0,0.7808428640257407,1.0,0.6773870124386708,1.0,0.4343440082877193,0.0,0.0759018932229791,0.8689643302171942,1.0,1.0,1.0,1.0,1.0,1.0,1.0,0.0,1.0,0.9525294352335748,1.0,0.6140532889649212,1.0,1.0,1.0,0.0,1.0,0.38311486926774213,1.0,1.0,0.16771727175355544,1.0,0.29675595924334,1.0,1.0,1.0,1.0,0.9369920538737384,0.0,1.0,1.0,1.0,1.0,0.8208593937590446
gex_possorted_bam_1WGCZ:TCAGCCTTCCCTGACTx-M2,1.0,1.0,1.0,1.0,1.0,1.0,0.0,0.9695849097676933,0.8861670699248934,1.0,0.0,0.9369845510653585,1.0,0.3997337507091956,1.0,0.1552587643770109,0.0,0.02942401045897459,0.49997950936828284,0.6911040082789607,0.8774040786459022,1.0,1.0,0.9622952715074707,0.9040341105014468,1.0,0.0,1.0,0.9247297877684886,1.0,0.14195590175758785,1.0,1.0,1.0,0.0,1.0,0.0,1.0,1.0,0.0,1.0,0.0,1.0,0.7132672086746095,1.0,1.0,0.928866223005686,0.0,1.0,1.0,0.8337901261654534,1.0,1.0
gex_possorted_bam_1WGCZ:TATGGCCCAGCAAATAx-M2,0.06118553408427934,1.0,1.0,1.0,0.0486300760688846,0.0,1.0,0.7803795232230933,1.0,1.0,0.0,1.0,1.0,1.0,0.24408701455576987,1.0,0.0,0.0,1.0,0.0,0.0,0.0,0.0,0.0,1.0,1.0,1.0,1.0,1.0,0.8959750221638405,1.0,0.0,0.0,0.9586948686379494,1.0,0.27197209233790093,1.0,0.045320724666764435,0.04217743934687849,1.0,0.1831847420499968,1.0,1.0,1.0,0.0,0.5345514387240367,1.0,1.0,1.0,0.6762188755441532,1.0,1.0,0.42470665226764615
gex_possorted_bam_1WGCZ:TATTGACCAGGAACATx-M2,1.0,1.0,0.0,1.0,1.0,1.0,0.5752538164005183,1.0,0.0,0.988380705014747,0.6560667175624303,0.5846653079612943,0.8872604954870568,0.6246873194066009,1.0,0.5690282109349575,0.37446220471023156,1.0,1.0,1.0,1.0,1.0,1.0,1.0,0.425862966480874,0.9199927387944803,0.0,1.0,1.0,1.0,1.0,1.0,1.0,1.0,0.0,1.0,0.29413893959362153,1.0,1.0,0.0,1.0,0.18602324568902678,0.4480559362589491,0.0,1.0,1.0,0.558921606586659,0.1461031917255295,1.0,0.9760197834949481,0.8956256747593636,1.0,0.914572673947445
gex_possorted_bam_1WGCZ:TATGAAGCAGCTTACAx-M2,1.0,1.0,0.0,1.0,1.0,1.0,0.5540691353133635,0.9703484910447279,0.32635366257379994,1.0,0.8889969648969727,0.3965881845021963,1.0,0.6938009736456642,1.0,0.6192358871691928,0.32042479123331646,1.0,1.0,0.37706987334856484,1.0,1.0,1.0,1.0,0.7390862899946287,0.9639930342643752,0.0,1.0,1.0,1.0,1.0,1.0,1.0,0.9754892783809279,0.0,1.0,0.4011916626124212,1.0,1.0,0.14075590188047313,0.8069217685928474,0.070418358771846,0.5316778021865346,0.4036878752537691,1.0,1.0,0.0,0.03838943450345734,0.9337812850425418,1.0,1.0,1.0,1.0
gex_possorted_bam_1WGCZ:TCAGCGATCGCACAATx-M2,1.0,1.0,0.03724067683040399,1.0,0.42062208134419266,0.8871400624788099,1.0,1.0,0.6605568016317229,1.0,0.0,1.0,1.0,1.0,1.0,0.7924696603735554,0.0,0.0,0.6413144490850217,0.43162647292400064,1.0,0.863448783413684,0.8666838030310331,1.0,1.0,0.928245256788457,0.0,1.0,1.0,1.0,1.0,1.0,1.0,1.0,0.0,1.0,0.7652589340436152,1.0,1.0,0.47020996283343736,0.9122230012449215,0.7887065233571712,0.861304245099673,0.9662985194005493,1.0,1.0,0.6668523697163895,0.11639481006167078,1.0,0.9534663261699098,1.0,1.0,0.6681494066957885
gex_possorted_bam_1WGCZ:TCAGCGATCGATTATGx-M2,0.0,0.8818454477617628,1.0,0.39328762355935587,0.0,0.0,1.0,0.27033734341453886,1.0,0.21837063233072504,0.6400663105679367,1.0,1.0,1.0,0.0,1.0,0.5760395490136041,0.0,1.0,0.0,0.0,0.0,0.0,0.0,1.0,0.6154121227388838,1.0,1.0,1.0,0.49134700323486613,1.0,0.0,0.0,0.32903748015261475,1.0,0.0,1.0,0.0,0.0,1.0,0.012946528995401933,1.0,1.0,1.0,0.0,0.2571980027761499,1.0,1.0,0.6211315442232985,0.14389748383015558,1.0,0.4734209088074693,0.0
gex_possorted_bam_1WGCZ:TATCGCGAGTTTGAGCx-M2,1.0,1.0,0.37869954341564416,1.0,0.637668602582141,1.0,1.0,1.0,0.6606456540498807,1.0,0.0,1.0,0.896353524810625,0.4367100186489231,1.0,0.37218218734420294,0.0,0.1623643380996282,0.8725192250208388,0.85572053953936,1.0,0.9958763174167017,1.0,1.0,0.7085810959321105,0.9843724980334123,0.0,1.0,1.0,0.9554603017994904,0.9234817365952519,1.0,1.0,1.0,0.0,1.0,0.4225299625485669,1.0,1.0,0.10487845497116514,1.0,0.4831397021057238,0.6441906488050749,0.8405018449325222,1.0,1.0,0.3451951814089994,0.29341328973817987,0.9681022123729155,0.8915952287936707,0.8840564439516431,0.9491805593133272,0.36035585602186554
gex_possorted_bam_1WGCZ:TCAAGACTCTGTAATGx-M2,1.0,0.7892067521180309,1.0,1.0,1.0,0.5130291341410295,0.0,1.0,0.0,1.0,0.0,0.6160752890410889,1.0,0.26996009340593474,1.0,0.0,0.0,0.0,0.5672361223889686,0.8315309979950064,0.9077662344749619,0.8873218041393559,1.0,1.0,0.2295828724066716,1.0,0.0,0.8876111262372957,0.8737901885726913,1.0,0.0,1.0,1.0,1.0,0.0,0.9620013627694662,0.0,1.0,1.0,0.0,1.0,0.0,0.6616491087729361,0.4066269354148366,0.8006825013279739,1.0,0.7679961381448841,0.0,1.0,1.0,1.0,0.9838663531835232,0.0
gex_possorted_bam_1WGCZ:TATGCATCAGGCTGTTx-M2,1.0,0.9174481068924366,0.0,0.9956438684935109,1.0,1.0,0.60384286207391,1.0,0.6950423049981852,0.8241134739551134,0.10147375549069076,0.718739147546029,0.8225148922833627,0.32029733761753887,1.0,0.4771663126793729,0.0,0.5376685907192433,0.7682303736597693,1.0,1.0,1.0,0.9992400966116516,1.0,0.5284415370955189,0.8488881890823363,0.0,0.9817135318630412,1.0,1.0,0.8091488958999036,1.0,1.0,0.9241253493435855,0.0,1.0,0.32286807264397255,1.0,1.0,0.011039883472451844,1.0,0.0,0.5687638800257266,0.3353517788868024,1.0,1.0,0.36701047386127006,0.0,0.9033849642581036,1.0,0.8239668167125538,1.0,0.7782790061115362
gex_possorted_bam_1WGCZ:TATGGCCCAAGTGAACx-M2,0.08381714274234783,1.0,0.9526694888453561,0.9270592717557163,0.03476080344543419,0.6822805092720599,1.0,0.7577091799495492,1.0,0.6077563092532402,1.0,1.0,1.0,1.0,0.23530684710336744,1.0,1.0,1.0,1.0,0.0,0.0,0.0,0.0,0.0,1.0,1.0,1.0,1.0,1.0,1.0,1.0,0.0,0.0,0.6866659233963077,1.0,0.22881846032566264,1.0,0.061219220149566184,0.06935543742664087,1.0,0.32299577459642576,1.0,1.0,1.0,0.03235134133226471,0.5175576107156383,1.0,1.0,1.0,0.5469216493797289,1.0,0.879091107795949,0.0
gex_possorted_bam_1WGCZ:TCAGCGATCGTGCTTCx-M2,0.15331449676082048,1.0,1.0,0.8231849006294161,0.0,0.0,1.0,0.983678065251625,1.0,0.8004097427285809,0.0,1.0,1.0,1.0,0.31123321830809775,1.0,0.0,0.0,1.0,0.0,0.0,0.0,0.0,0.0,1.0,1.0,1.0,1.0,1.0,0.623384527596839,1.0,0.12994233254653464,0.0,0.625625198920709,1.0,0.32307200644532513,1.0,0.29713099592050946,0.18964857193403736,1.0,0.3251145274675501,1.0,0.9379065659462192,1.0,0.4419239760928542,0.49098374150246665,1.0,1.0,1.0,0.5059912529585104,1.0,0.8483181415625664,0.0
gex_possorted_bam_1WGCZ:TCAAGCTAGCCTGTTCx-M2,1.0,1.0,0.0,1.0,1.0,1.0,0.3504385397963301,1.0,0.6534318338708507,1.0,0.3021923536458706,0.8046449283826894,0.8707666886630203,0.3049226292838246,1.0,0.19364862083601547,0.0,0.8139050479349373,1.0,0.7228447446827219,1.0,1.0,1.0,1.0,0.5014858090216219,0.9364227290014091,0.0,0.965199334892326,1.0,1.0,1.0,1.0,1.0,1.0,0.0,1.0,0.17351039071835656,1.0,1.0,0.0,1.0,0.10397191726377568,0.6951934407730492,0.4413383572402903,1.0,1.0,0.15761945681211212,0.012372676608413501,1.0,1.0,1.0,1.0,1.0
gex_possorted_bam_1WGCZ:TATGGCCCACTGACTAx-M2,1.0,0.8632369987879273,0.5201651513584885,1.0,1.0,1.0,0.5246566323469604,1.0,0.4184108573091866,1.0,0.0853244935023712,0.6420155481509436,0.9271387438481169,0.20005836670512628,1.0,0.24988789939851158,0.0,0.23680824457169727,1.0,0.8685756700613898,1.0,1.0,1.0,1.0,0.3929283963404105,1.0,0.0,0.9179372944184147,1.0,1.0,1.0,1.0,1.0,1.0,0.0,1.0,0.28632374600556637,1.0,1.0,0.0,1.0,0.32607649383716036,0.8776559576227745,0.5560451435053686,1.0,1.0,0.2318523535210475,0.0,1.0,1.0,1.0,1.0,0.9370979687888518
gex_possorted_bam_1WGCZ:TATGACATCGATCAGTx-M2,1.0,1.0,0.7201181089732287,1.0,1.0,1.0,0.9261202322072501,1.0,1.0,1.0,0.0,1.0,1.0,0.6084331480266244,1.0,0.33742506739241385,0.0,0.0,0.6843124110848781,1.0,1.0,1.0,1.0,1.0,0.8412966455498901,1.0,0.0,1.0,1.0,0.934343342415397,0.8068518764938254,1.0,1.0,1.0,0.0,1.0,0.5337805158824249,1.0,1.0,0.22012135991577395,1.0,0.6866988557463689,0.744022997333229,0.6823895462186005,1.0,1.0,0.9776337793174662,0.0,1.0,1.0,1.0,1.0,1.0
gex_possorted_bam_1WGCZ:TATGCATCAGCAAGTGx-M2,1.0,1.0,0.0,1.0,1.0,1.0,0.71181703928104,1.0,1.0,1.0,0.05242281471423838,1.0,0.9609939903385015,0.5824776914544164,1.0,0.5554778396701865,0.0567006555968381,1.0,1.0,0.6834949415729491,1.0,1.0,1.0,1.0,0.8928329366995772,1.0,0.0,1.0,1.0,1.0,1.0,0.8459759702685574,1.0,1.0,0.0,1.0,0.31363537143627535,1.0,1.0,0.2785465165229021,0.908093827095422,0.48988676892648464,0.9657151389173358,0.5455639047309824,1.0,1.0,0.25028932493192596,0.0,1.0,1.0,1.0,1.0,1.0
gex_possorted_bam_1WGCZ:TCAGGTTAGGTCGAGGx-M2,1.0,0.872828814053904,0.0,1.0,1.0,1.0,0.012413220931728797,0.9370856191197862,0.9781585331516572,1.0,0.6195585140652079,0.4359363757980624,1.0,0.655765689121347,1.0,0.0,0.2200374387638761,1.0,1.0,0.6412578632796038,1.0,1.0,1.0,1.0,0.4974459985279819,1.0,0.0,1.0,0.7695277218471998,1.0,1.0,1.0,1.0,1.0,0.0,1.0,0.0650920114526726,1.0,1.0,0.0,1.0,0.40283367635149464,0.5678257538305702,0.2863200312438392,1.0,1.0,0.41840163008118697,0.13118244138966031,1.0,1.0,1.0,1.0,1.0
gex_possorted_bam_1WGCZ:TATCGCGAGTTTGGTAx-M2,0.9015815197920932,0.6750085562055337,0.2855892273570284,1.0,1.0,1.0,1.0,0.834399610787888,1.0,0.7623201369002787,0.02155853441127827,0.5637491677569597,1.0,1.0,0.7464364549783483,0.2532293619543283,0.2155101591358984,0.259483412301352,0.9482609519440305,1.0,1.0,0.861961560711501,0.9694007136370355,1.0,1.0,0.7501316001045638,0.10668015686235045,1.0,0.09111292907913109,1.0,0.0,0.7617396987349742,0.8188131150550851,1.0,0.14327531828382814,0.9906069483081089,0.7274098784943508,1.0,0.9816529428636436,0.43043720928304274,1.0,1.0,0.32143732105773093,0.0,1.0,1.0,0.17166553436761356,0.8195561910212971,0.7962905254045255,0.8263565861801767,0.9065043105746886,0.9601400716559162,0.9068765931446628
gex_possorted_bam_1WGCZ:TATGACATCTAACCAAx-M2,1.0,0.9377519739787822,0.20463515997061865,1.0,1.0,1.0,0.6607595549064017,1.0,0.7177835431696468,1.0,0.04241609878538125,1.0,1.0,0.5059650696413897,1.0,0.3768134096145374,0.0,0.7950082692637921,1.0,0.9152402710765085,1.0,1.0,1.0,1.0,1.0,1.0,0.0,1.0,0.8191548702895688,1.0,0.9050496781045696,1.0,1.0,1.0,0.0,1.0,0.18472693965362702,1.0,1.0,0.06858941981627872,1.0,0.30456598234140736,1.0,0.5534862639684393,1.0,1.0,0.6569456881260691,0.0,1.0,1.0,1.0,1.0,1.0
gex_possorted_bam_1WGCZ:TATGACTCATCACAGCx-M2,1.0,1.0,0.9242027074275491,1.0,1.0,1.0,0.33195307489818604,1.0,0.6000856614434302,1.0,0.0,0.929005149350966,1.0,0.41069124745793023,1.0,0.1290802663182403,0.0,0.24965034121369414,0.9482144321675942,0.8657650146589037,1.0,1.0,1.0,1.0,0.5939284047948393,1.0,0.0,1.0,1.0,1.0,0.5762550058573129,1.0,1.0,1.0,0.0,1.0,0.3347042336454871,1.0,1.0,0.0,1.0,0.29988099567068643,0.7759347221838636,0.5258921428160783,1.0,1.0,0.5233013773355882,0.04308496463643027,1.0,1.0,1.0,1.0,1.0
gex_possorted_bam_1WGCZ:TCAATCGCAAACATAGx-M2,1.0,0.99755644766738,0.12932474401102037,1.0,0.9588784556271539,0.46426696674118534,0.21526287756931975,1.0,0.8363742711932625,1.0,0.0,1.0,1.0,0.1371220439247873,1.0,0.0,0.0,0.0,0.40006515474966947,0.624586828540642,0.8542657671892859,0.8086840262626599,1.0,1.0,0.48695616144663645,1.0,0.1058365115909882,0.508287428170733,1.0,0.9448333942363188,0.0,1.0,1.0,0.762898971125399,0.0,0.8402140527139772,0.18130103974487788,1.0,0.9149741388557078,0.0,1.0,0.1511202188050101,0.5818847479306146,0.0,0.9360509447813197,0.9853772629962819,0.24231806252903867,0.035774578094237924,0.8103511787367133,1.0,0.8045366732910116,0.7603475394267032,0.0
gex_possorted_bam_1WGCZ:TCAGGAGCATTGTGCAx-M2,0.749207034392374,0.8217666808965335,1.0,0.7646394901426418,1.0,0.8478348539448745,1.0,0.7262275409423732,0.814262133850111,1.0,0.19046144203547563,1.0,0.6741319774017485,0.13639012339450593,1.0,0.7742976053892203,0.23444797179764224,0.0,0.6204641112452939,0.646161028985026,1.0,0.6700493306152163,1.0,0.5484946766754908,1.0,0.9626507081816598,0.07630504519230889,0.5917471413784441,0.7520609549981832,0.7254029585582749,1.0,0.5431789328666173,0.6915677808279819,0.6269637372318833,0.43368123565396616,0.8779480121403237,0.37507332904792184,0.5100996809308176,0.8665515649386016,0.1934948273378328,1.0,0.42744928581948743,1.0,1.0,0.5772879039849415,1.0,0.9224209242411139,0.3695826994924505,0.6632901420924985,1.0,0.44217801544586427,0.6931858364732237,1.0
gex_possorted_bam_1WGCZ:TATGGATGTGCGCATGx-M2,1.0,1.0,0.5134631599362118,1.0,1.0,1.0,0.431018539123711,0.9381316745829967,0.0,0.9146562467571737,1.0,0.6869768336534254,1.0,0.49247666827779685,1.0,0.8636140948115755,0.6442965058802175,1.0,1.0,0.6431134169886428,1.0,1.0,1.0,1.0,0.4108075455991359,1.0,0.0,0.7829968560112682,1.0,1.0,0.9285540404851007,1.0,1.0,1.0,0.0,1.0,0.039530942032836296,1.0,1.0,0.0,1.0,0.045756856006082314,0.5419905856637979,0.6786857443780079,1.0,1.0,0.2588186594092772,0.16827630236938695,0.9805969798739127,0.9770915290270057,0.9211422617493813,1.0,1.0
gex_possorted_bam_1WGCZ:TCAAGGTTCCGCATGAx-M2,1.0,0.881093132498809,0.012808848221108254,1.0,1.0,1.0,0.5063614709494163,1.0,0.28520604345548456,1.0,0.0,1.0,0.9733159356498962,0.3326470485536298,1.0,0.17631345832989595,0.0,0.017804910834440565,0.9804161959688839,0.8672860563754846,1.0,1.0,1.0,1.0,0.4809808492122256,1.0,0.0,1.0,1.0,1.0,0.8290825138328353,1.0,1.0,1.0,0.0,1.0,0.14665469432938638,1.0,1.0,0.0,1.0,0.29064006283676586,1.0,0.5567757185959931,1.0,1.0,0.4967687214422895,0.0,1.0,1.0,1.0,1.0,0.8108376315336479
gex_possorted_bam_1WGCZ:TCAAGAACACATACTGx-M2,0.053611075709278956,1.0,1.0,0.8726821776135465,0.14309497503445734,0.12667321953394503,1.0,0.609263587065079,1.0,0.726627890499553,0.7211652813314517,1.0,1.0,1.0,0.15202312991134245,1.0,0.9097144984920157,0.9272827324010218,1.0,0.0,0.0,0.0,0.0,0.0,1.0,1.0,1.0,1.0,1.0,0.8274687875780983,1.0,0.16809405442799122,0.0,0.7430293882620557,1.0,0.2242489354979951,1.0,0.09879496621253146,0.0818272636045347,1.0,0.11951186171652617,1.0,1.0,1.0,0.02716178871563377,0.5210353816800919,1.0,1.0,1.0,0.38330068152413554,1.0,0.9304868199909712,0.0
gex_possorted_bam_1WGCZ:TATGGGCGTTTAGCTCx-M2,1.0,0.8438418221584102,0.7259282535229082,1.0,1.0,0.7094618126497737,0.0,1.0,0.6637069653033401,1.0,0.0,0.9500891216148666,0.9291124338228505,0.43649248518214867,1.0,0.13474118227505777,0.0,0.0,0.5401338266184044,0.7268149653445396,0.9781376977299454,0.9621642513695936,1.0,1.0,0.33807613691246247,1.0,0.0,0.5162796203571229,0.362531231194107,1.0,0.028596900457039626,1.0,1.0,0.8617615254291001,0.0,0.9822266082469141,0.0,1.0,1.0,0.0,1.0,0.14197228318120061,0.7963729711479243,0.4753898745882276,1.0,1.0,0.969221466800841,0.0,0.9641921494438166,1.0,1.0,0.8806159071152311,0.34911470531832506
gex_possorted_bam_1WGCZ:TATTGACCAATTTGGTx-M2,1.0,1.0,0.05335884474782077,1.0,1.0,1.0,0.7442022996751704,1.0,0.6685218344614863,1.0,0.13647470130280565,1.0,1.0,0.28123667461056734,1.0,0.27252782163066863,0.0,0.7993059896293203,1.0,0.8954069405718861,1.0,1.0,1.0,1.0,0.779647021303167,0.9906798254489821,0.0,1.0,1.0,1.0,1.0,1.0,1.0,1.0,0.0,1.0,0.1799651368732292,1.0,1.0,0.04306377767710834,0.9677221453647351,0.2570767827429903,0.8736578171422568,0.5491935033317921,1.0,1.0,0.3316593026183841,0.0,1.0,1.0,1.0,1.0,1.0
gex_possorted_bam_1WGCZ:TCAGCCTTCTTGCTATx-M2,1.0,0.6838774387753078,0.3024658409480012,1.0,1.0,0.7386712189849213,0.4451673899756032,1.0,0.8119836557824548,0.9838652117186323,0.0,1.0,0.751406948315738,0.23665311985255633,1.0,0.03713895564261143,0.0,0.0,0.7164397199139914,0.7835436203940458,1.0,1.0,1.0,1.0,0.30530745514856034,1.0,0.0,0.843755484176699,0.8842080098608661,1.0,0.48613888403090205,1.0,1.0,1.0,0.0,1.0,0.22585107627855017,1.0,1.0,0.0,1.0,0.23445644951197528,0.8943847479306146,0.5724304746075093,1.0,1.0,0.5937038482037165,0.0,1.0,1.0,1.0,1.0,0.10627954102984709
gex_possorted_bam_1WGCZ:TCACATAAGGAGGCATx-M2,0.9411048639101396,1.0,0.40799695531279284,1.0,0.11488363761240045,0.7637748693348154,1.0,1.0,0.7964697825619051,1.0,0.0,1.0,1.0,1.0,1.0,1.0,0.0,0.0,0.464567866994948,0.3782536981468172,0.9344774172906201,0.7831823030343708,0.7399776225569423,1.0,1.0,0.9221438479143723,0.0,1.0,1.0,0.7731111007872339,1.0,1.0,0.8848749108437464,1.0,0.0,1.0,0.8610710686626968,1.0,1.0,1.0,0.6864664407159073,0.5938349966642525,0.9892908864959065,1.0,1.0,1.0,0.37757133808547944,0.0,1.0,1.0,1.0,1.0,0.7534829147585359
gex_possorted_bam_1WGCZ:TATGGTCAGCGGATTTx-M2,0.01754523646187051,1.0,1.0,0.9032161963536013,0.0,1.0,1.0,0.395253032646101,1.0,0.4724782325456089,1.0,1.0,1.0,1.0,0.13973550439020227,1.0,1.0,1.0,1.0,0.0,0.0,0.0,0.0,0.0,1.0,1.0,1.0,1.0,1.0,1.0,1.0,0.0,0.0,0.5347368258773375,1.0,0.1591906063553542,1.0,0.21892863494033046,0.19485626258963243,1.0,0.1130674798923289,1.0,1.0,1.0,0.0,0.5569432040035727,1.0,1.0,1.0,0.3793973057677844,1.0,0.9625680105420859,0.0
gex_possorted_bam_1WGCZ:TATGACATCAAACCGTx-M2,1.0,1.0,0.0,1.0,0.99601173030144,1.0,0.5546785244744745,1.0,0.7313023823566673,0.9273385859044874,0.21536688371381701,0.7456820403896435,0.880901726403307,0.38438172421866335,1.0,0.08639369961476746,0.0,0.6976847754967953,1.0,0.6206821535746849,1.0,1.0,1.0,1.0,0.7478760253091962,0.8609025563502395,0.0,0.7897630605572405,0.8683585586176873,0.9828546229103541,0.7578559226289514,1.0,1.0,1.0,0.0,1.0,0.1530186019301581,1.0,1.0,0.0,1.0,0.09965415034580163,0.5863085196920751,0.0,1.0,1.0,0.055576261566491855,0.022789829739830705,0.9012142717324615,0.9977867803737787,1.0,1.0,0.8920835168799984
gex_possorted_bam_1WGCZ:TCAAGACTCTAATCTCx-M2,1.0,1.0,0.3907991678365032,1.0,1.0,1.0,0.18398989685427533,0.9493073473236441,0.15901713222441677,1.0,0.6132683513977658,0.6265615577920702,0.8855559696728433,0.5911136816571229,1.0,0.41803199587124834,0.2640463874881039,1.0,1.0,0.495637797464672,1.0,1.0,1.0,1.0,0.5220047439447086,1.0,0.0,1.0,1.0,1.0,0.9603084071478586,1.0,1.0,1.0,0.0,1.0,0.05934100759746858,1.0,1.0,0.0,1.0,0.059740371415999666,0.6415067464423516,0.6633871786394181,1.0,1.0,0.1069973973660843,0.0,1.0,1.0,1.0,1.0,1.0
gex_possorted_bam_1WGCZ:TCAGTAGGTCGCATAAx-M2,1.0,1.0,0.03442916756250586,1.0,1.0,1.0,0.936215896617903,1.0,0.5574415940760088,0.955684845289438,0.0,0.9280096511636194,0.9781711883958444,0.20464783649875484,1.0,0.29470331627211593,0.0,0.6122161417642883,1.0,0.632780379698875,1.0,1.0,1.0,1.0,0.8588848514835038,0.8938273928427442,0.0,0.9836149506909356,1.0,1.0,0.7985995497406434,0.7669945971281446,1.0,1.0,0.0,1.0,0.11877436114815468,1.0,1.0,0.0,1.0,0.18833707864158683,0.6617838856924657,0.3679915124288888,1.0,1.0,0.0,0.0,0.9946001974621486,0.9924873674067349,1.0,1.0,0.83211118155767
gex_possorted_bam_1WGCZ:TCAACAATCACATTGAx-M2,1.0,0.9190117540431444,0.0,0.8542065938853465,0.8035340824995936,1.0,0.4595614616797341,0.9992331122131514,0.4285901309610737,0.898643570402257,0.5204046186603037,0.2901238652702686,0.7031609851924414,0.5588671749114459,0.7245040547284618,0.3290323255956264,0.21270392612324168,1.0,0.9591379942351219,0.6726760012358856,1.0,1.0,0.8751168671707887,1.0,0.5869026309926054,0.73298781141046,0.005280320834103019,0.7227967194938617,0.9572709678713811,0.7888682735262528,0.488031547582046,0.8530472649939717,0.9485581022197015,0.7798756980867083,0.0,1.0,0.13164960156174035,0.9046462941569653,0.8818110863185131,0.0,0.9315483018969783,0.022520668469449067,0.4548510567549448,0.0,1.0,0.8959953232284806,0.0,0.01083419371557082,0.6938809664382979,0.9163387924481547,0.7161209761475482,0.9010199847760233,0.6160871134039317
gex_possorted_bam_1WGCZ:TCACCGGCACATTGCAx-M2,1.0,1.0,0.0,1.0,1.0,1.0,0.4871892478273561,1.0,0.4435212737111438,1.0,0.29625582626789715,0.9504995049963385,1.0,0.39663460623356817,1.0,0.4609693165611069,0.10306292823906438,1.0,1.0,0.7827881066164029,1.0,1.0,1.0,1.0,0.7858565385878449,0.9275459245312598,0.0,0.919541118127118,1.0,1.0,1.0,1.0,1.0,1.0,0.0,1.0,0.33303244121149805,1.0,1.0,0.0,1.0,0.0,0.8368651277472712,0.6674041968111128,1.0,1.0,0.5407270497234243,0.061853891420499275,0.8798880198754637,1.0,0.8572796335340265,1.0,1.0
gex_possorted_bam_1WGCZ:TCAGGAGCATTAGCGCx-M2,1.0,0.9518452843972064,0.2910889537595383,1.0,0.9914727456331984,0.3585218392845098,0.582447329120745,1.0,0.8763121638349903,0.9818059324151102,0.0,1.0,0.7963450744934396,0.19157031694547402,1.0,0.18066926228731492,0.0,0.0,0.5635276283355235,0.5237594024093463,0.9423455334302004,0.8824433646206876,1.0,1.0,0.5603906385310413,1.0,0.00952285680045358,0.5966276574736809,0.9346749146510998,0.878970836346558,0.0,1.0,1.0,0.956147752614452,0.0,0.9704644146531961,0.11203778660345177,1.0,1.0,0.0,1.0,0.22004068967281318,0.7468561384426016,0.27026919875669836,1.0,1.0,0.7797170462064268,0.0,0.8693614885196993,1.0,1.0,0.8272090983581825,0.08112912878639979
gex_possorted_bam_1WGCZ:TCAAGTATCTTAGGACx-M2,0.8871228049686583,0.40023978857042675,0.0,0.7160488825978545,0.9136378990261276,1.0,0.10986460134333803,0.8248266811154462,0.20413214838591653,0.6480527695010664,0.42050773387288737,0.18193588430563334,0.58261861615935,0.22916973868209564,0.7908929459223336,0.28241469309387535,0.1839845957839359,0.9198626018891433,0.7087267549787465,0.7242998082544786,1.0,1.0,0.8618721023379224,1.0,0.44782188750427815,0.6382783125567236,0.0,0.6143590566902567,0.4360041214083508,0.7649757463842458,0.34940711565263544,0.9199756611192127,0.8335196375700217,0.7386353794531103,0.048144350139207696,0.873950258925231,0.13307081848810942,0.8047736503492537,0.7957699794759725,0.07219284071510801,0.8276831484672497,0.17996100151905542,0.33866656498140113,0.0,0.8535689849486016,0.7727154086683514,0.22337867157652824,0.029358740782511498,0.6484341145150861,0.727043806892043,0.6901670897666716,0.774726838480595,0.921049886009786
gex_possorted_bam_1WGCZ:TCAGGAGCACCTAATGx-M2,1.0,1.0,0.0,1.0,1.0,1.0,0.4532048306666696,1.0,0.41969290290586964,1.0,0.5582840756396412,0.7507656126392496,1.0,0.19709098030490277,1.0,0.3125459850481051,0.26024939497688543,1.0,1.0,0.7225539015561995,1.0,1.0,1.0,1.0,0.6457223393550021,0.8712739226303257,0.0,1.0,0.9904277026791243,1.0,0.6192014283622619,1.0,1.0,1.0,0.0,1.0,0.06971491253435814,1.0,1.0,0.0,0.6071201464062032,0.1388588026201992,0.765615125202094,0.17040840943000338,1.0,1.0,0.2253165928533122,0.008768486034123439,0.988341317328817,1.0,1.0,1.0,1.0
gex_possorted_bam_1WGCZ:TCAGGTCCATAAGGACx-M2,1.0,0.8715286459539762,0.10208799410882273,1.0,1.0,1.0,0.7739327841292599,1.0,0.7634239615144672,1.0,0.409435806654667,0.3735728080538274,0.8418152931898981,0.4113801918642878,1.0,0.1971115258376977,0.14579727271743972,1.0,1.0,0.6482662922926935,1.0,1.0,1.0,1.0,0.8529442950478088,0.9717528270360439,0.0,1.0,1.0,1.0,1.0,1.0,1.0,1.0,0.0,1.0,0.0712796086017834,1.0,1.0,0.15455795092710717,1.0,0.2680672920842161,0.841889751226815,0.5126131831697396,1.0,1.0,0.10248517492346249,0.0,1.0,1.0,1.0,1.0,1.0
gex_possorted_bam_1WGCZ:TATGACTCAATAGCCCx-M2,0.01998322356916641,1.0,1.0,0.7708724477969576,0.0,0.016314938821908175,1.0,0.5756569416544315,1.0,0.6929403192696756,0.9050357872294685,1.0,1.0,1.0,0.22643692914627253,1.0,0.9944543779866573,1.0,1.0,0.0,0.0,0.0,0.0,0.0,1.0,1.0,1.0,1.0,1.0,0.9046249342242151,1.0,0.0,0.0,0.8205966137332308,1.0,0.1454629543882709,1.0,0.17707298784970082,0.13350553552391034,1.0,0.09565523062514791,1.0,1.0,1.0,0.013317593022048366,0.4859838343107716,1.0,1.0,1.0,0.19994803120338153,1.0,0.8336469463366004,0.0
gex_possorted_bam_1WGCZ:TCAGGTTAGACAACAGx-M2,0.8833663250296415,0.8589543429807107,0.1047029755950115,0.8046472754051656,0.8954173511694717,1.0,0.7948761598183032,0.9119108975569353,0.7760837118960506,0.7336994540516679,0.31621765702355437,1.0,0.666546006088194,1.0,0.8709695762005637,1.0,0.3323276172156602,0.7535608299344915,1.0,0.12939122464104588,1.0,0.8248225082983627,0.8216570863579499,0.9153647486831843,1.0,0.7333637366774831,0.16858120475454308,0.756709034113834,1.0,0.9646114472372028,0.2790424630944406,0.9987605933494919,0.7526830978086683,1.0,0.18126876907628037,0.9657515423627178,1.0,0.8882025310048748,0.8349179652682172,0.3730584737443501,0.848475330487932,1.0,0.6043749611371029,0.5334161857724984,1.0,0.837158964944104,0.27534872028714313,0.7448465742847972,0.7434102346926765,0.7976012960615347,0.6946606295374838,0.9123515277961216,0.16114370826723454
gex_possorted_bam_1WGCZ:TCAGGTTAGCAACATCx-M2,0.08112770985355656,1.0,1.0,0.9563311069573481,0.0,0.0,1.0,0.9781161456620887,1.0,0.9862720650043577,0.0,1.0,1.0,1.0,0.06106327889490421,1.0,0.0,0.0,1.0,0.0,0.0,0.0,0.0,0.0,1.0,1.0,1.0,1.0,1.0,0.6642991744515284,1.0,0.0,0.0,0.8275670225241083,1.0,0.27824498021467897,1.0,0.013208255505972159,0.017050286583740838,1.0,0.24956938450687613,1.0,1.0,0.3253559757066966,0.0,0.5109570626291838,1.0,1.0,1.0,0.7545500115300329,1.0,0.9346954295650213,0.0
gex_possorted_bam_1WGCZ:TCAATCGCATAGACTTx-M2,1.0,1.0,0.14636381383203548,1.0,0.7311116688346333,1.0,1.0,1.0,0.43910138809650134,1.0,0.0,1.0,1.0,0.754646304612165,1.0,0.6531358798279397,0.0,0.1576935437022676,0.9092444515006438,0.7316235434384063,1.0,1.0,1.0,1.0,1.0,0.9794900765665451,0.0,1.0,1.0,1.0,1.0,1.0,1.0,1.0,0.0,1.0,0.5489037540153963,1.0,1.0,0.5117461400703576,0.9081771235870635,0.5644016181184393,0.8471564797887093,0.7520479336127877,1.0,1.0,0.45627486189710253,0.0,1.0,1.0,1.0,1.0,0.8370611420957087
gex_possorted_bam_1WGCZ:TCACTGACAACTAACTx-M2,0.0,1.0,1.0,0.865096595043254,0.0,1.0,1.0,0.36119203181360293,1.0,0.5606141489095837,1.0,1.0,1.0,1.0,0.23243347483294471,1.0,1.0,1.0,1.0,0.0,0.0,0.0,0.0,0.0,1.0,1.0,1.0,1.0,1.0,1.0,1.0,0.0,0.0,0.5046550769368607,1.0,0.1402251024357609,1.0,0.20065217765454907,0.17126704686009142,1.0,0.21702198456411664,1.0,1.0,1.0,0.015523696779086054,0.53473075587485,1.0,1.0,1.0,0.21661552337510948,1.0,0.8543708976786378,0.0
gex_possorted_bam_1WGCZ:TATGAAGCAGTGAACGx-M2,1.0,1.0,0.0,1.0,0.642439123058282,1.0,0.9766443743963142,1.0,0.5734026697114931,1.0,0.0,0.9305179710747538,1.0,0.5840637403406223,1.0,0.23823618631215465,0.0,0.4556932937366721,1.0,0.9810549332337081,1.0,1.0,1.0,1.0,0.907163066349234,0.9885780124568089,0.0,1.0,1.0,0.9136629883555759,1.0,1.0,1.0,1.0,0.0,1.0,0.15741460393014048,1.0,1.0,0.07697942534565902,1.0,0.17298455992266518,0.6928509967670772,0.3144234291849089,1.0,1.0,0.3930662163601366,0.05011992348776292,1.0,1.0,1.0,1.0,0.8397611718381178
gex_possorted_bam_1WGCZ:TCATGTTTCTCACATTx-M2,1.0,0.9758003126393126,0.382128584401123,1.0,1.0,1.0,0.08803439083197663,1.0,0.932945024164966,1.0,0.13668263846728645,0.970106383367639,1.0,0.2550272167660167,1.0,0.12709613030887007,0.0,0.28625106258212946,1.0,0.9319553562540209,1.0,1.0,1.0,1.0,0.3147658258288971,1.0,0.0,0.991366551608531,1.0,1.0,0.6451321171347135,1.0,1.0,1.0,0.0,1.0,0.14109878422373728,1.0,1.0,0.0,1.0,0.0,0.9666397169387103,0.4037274954279185,1.0,1.0,0.3629824587826424,0.0,1.0,1.0,1.0,1.0,0.7854646465727232
gex_possorted_bam_1WGCZ:TCATTGCGTGGATGTCx-M2,0.2052845607484657,1.0,1.0,0.789927608229435,0.16532995961094846,0.2856469433287581,1.0,0.5974668940661333,1.0,0.8337991111909897,0.15669596881796413,1.0,1.0,1.0,0.23369218203780778,1.0,0.2752018856589322,0.0,1.0,0.0,0.0,0.0,0.11224542877734416,0.0,1.0,1.0,1.0,1.0,0.6436557891120327,0.9346601974078989,1.0,0.0,0.003111290985613957,0.5073652060026307,1.0,0.44427031965214586,1.0,0.18504357793716175,0.19727441172691396,1.0,0.24524276346675022,1.0,1.0,0.7057133151196416,0.11476554034585623,0.39871213781468423,1.0,1.0,0.8148363839989382,0.3498647312366755,1.0,0.6524814310814824,0.2087176321152664
gex_possorted_bam_1WGCZ:TCCTTTACAGCAGGTAx-M2,1.0,0.7305665678763438,0.0,0.914921824062949,0.8434717888618194,1.0,0.4968726708534629,0.9401236429803408,0.5239899922291895,1.0,0.0261410442019517,1.0,0.7215818818114738,0.33862753875339474,1.0,0.36437475350580095,0.0,0.41695180428881295,0.782673411110387,0.7460073895262737,1.0,1.0,1.0,1.0,0.5740453890499935,0.7859231755965899,0.0,0.8119153705169052,0.8755515903360315,0.9973073866307774,0.8781673227041454,0.6996410761448322,0.932467020808353,0.9548550356548209,0.04393618134582684,1.0,0.332587403325681,0.9371125841109696,0.9848047098227806,0.26746911143140345,0.984599715784917,0.2897143554006145,0.47814192722276094,0.09820895866324697,1.0,0.9294342015413736,0.2597258563511502,0.08170509936922386,0.8209652026445586,0.9410163072483537,0.8507312519967188,0.9776385746836895,0.8798615113929705
gex_possorted_bam_1WGCZ:TCATTTGGTCAAGTGCx-M2,1.0,0.4797150628732963,0.0,1.0,1.0,1.0,0.8482343605322661,0.9675518357919818,0.6599161162476275,0.7659923055405795,0.29515775867339106,0.2956965337794321,1.0,0.48337041670260805,1.0,0.5433688214465974,0.11779097032969166,0.8927256072702542,1.0,0.6163541873878531,1.0,1.0,1.0,1.0,0.9575063429040795,0.8112387141398975,0.05363677976110935,1.0,0.6082698641764572,0.9983424944455072,0.09312525317836505,0.7967130940900238,0.9682759220297914,1.0,0.04639465989743442,1.0,0.38044653606691253,1.0,0.95854518339883,0.02822520637947638,1.0,0.5714654073902831,0.6959896439743548,0.3504378188085806,1.0,0.9593047352923159,0.447533228929384,0.18575309519383457,0.8269024841649504,0.8260489017707109,0.6509478622522854,1.0,0.7924215567201949
gex_possorted_bam_1WGCZ:TCATCCATCTAAGTCAx-M2,0.761424730397299,1.0,1.0,1.0,1.0,0.659532667165304,1.0,1.0,1.0,1.0,0.0,1.0,1.0,1.0,1.0,0.016069748327516644,0.0189535703391558,0.0,0.5447798831390555,0.6978007772595334,0.18387530711925526,0.3521180117964174,1.0,0.0,1.0,1.0,0.5474971886859327,0.7409695729785933,1.0,0.622120178627329,0.0,1.0,1.0,1.0,0.31023631791871975,0.9460317194558155,0.0,1.0,1.0,0.09888364537579829,1.0,0.001268696554863491,1.0,1.0,0.5887100107080453,1.0,1.0,0.0,1.0,1.0,0.6506760806436368,0.9720232930513022,0.8666324340895624
gex_possorted_bam_1WGCZ:TCATTACTCGTTTCTGx-M2,1.0,1.0,0.27468679561935944,1.0,1.0,1.0,0.7095177589966669,1.0,0.8205160587008244,1.0,0.0,1.0,1.0,0.5477688473500345,1.0,0.1870481450444957,0.0,0.7166667567375016,1.0,0.8895378789077087,1.0,1.0,1.0,1.0,0.9734532592938361,1.0,0.0,1.0,0.9610736148324239,1.0,0.8968827089897965,1.0,1.0,1.0,0.0,1.0,0.16321248710865996,1.0,1.0,0.0881042841407656,1.0,0.39409079218572884,0.9006949664958104,0.45874028803055616,1.0,1.0,0.6751227515936975,0.0,1.0,1.0,1.0,1.0,0.9005772959855003
gex_possorted_bam_1WGCZ:TCCCTCACATTGCGGTx-M2,0.10761499844627523,1.0,0.8986172657917477,1.0,0.0,0.0,1.0,1.0,1.0,0.6749378153604731,0.0,1.0,1.0,1.0,0.08528453513169419,1.0,0.0,0.0,1.0,0.0,0.0,0.0,0.0,0.0,1.0,1.0,1.0,1.0,1.0,0.4081857873324556,1.0,0.38200534996737745,0.0,1.0,1.0,0.3631449993190967,1.0,0.013851164852008822,0.0,1.0,0.2417609261192336,1.0,1.0,0.8077684138110545,0.11554252376510711,0.5235044253465511,1.0,1.0,0.9644930868868058,0.6334807548492635,1.0,0.8649843512966758,0.0
gex_possorted_bam_1WGCZ:TCCTTAGTCTGCAAGTx-M2,1.0,0.9659672543448975,0.0,1.0,1.0,1.0,0.495930670079244,0.9623339606413206,0.30953025252917715,1.0,1.0,0.41933796832663084,0.8950692935340954,0.1542451111765221,1.0,0.47170735896639104,0.4850868796783435,1.0,1.0,0.7149556036773215,1.0,1.0,1.0,1.0,0.653470458284269,0.8712539169791325,0.0,1.0,1.0,1.0,1.0,1.0,1.0,1.0,0.0,1.0,0.16620108343072476,1.0,1.0,0.0,0.5365162008477842,0.0,0.5573129198204461,0.061550056767263876,1.0,1.0,0.06073411404667623,0.0119281588957106,0.9119356875538374,0.994999057386442,0.9116622096082234,1.0,1.0
gex_possorted_bam_1WGCZ:TCCTTTACAAGATTCTx-M2,0.08767766781703261,1.0,1.0,0.9821983291331441,0.03106202662896852,0.0,1.0,0.8840289132584952,1.0,0.779120383166861,0.0,1.0,1.0,1.0,0.14976385251955052,1.0,0.0,0.0,1.0,0.0,0.0,0.0,0.0,0.0,1.0,1.0,1.0,1.0,1.0,0.6840098710053961,1.0,0.15282337484239675,0.0,0.8417430278279903,1.0,0.27408549249188513,1.0,0.030431267097591478,0.04972723676487303,1.0,0.16406627558879736,1.0,1.0,0.6001020991741982,0.1002711695916603,0.5269035527292419,1.0,1.0,1.0,0.6331604893032964,1.0,0.9575203013179743,0.0
gex_possorted_bam_1WGCZ:TCAGTAGGTTACTAGGx-M2,0.13236085958792512,1.0,0.923450748686428,0.25910657238135154,0.0,0.2937490432846252,1.0,0.5973284744454318,0.3403122007256144,1.0,0.0,1.0,0.11959682964873501,0.20071356689566222,0.6996225338822618,0.5962446912362013,0.05813537087397858,0.0,0.0,1.0,0.39581247727638064,0.29948734675512834,0.26046066845621973,0.5064182217593743,0.048643126716423415,0.09456828492234923,0.09431108388514065,0.6641649479690321,0.7595523310465131,0.18352194944968728,1.0,0.0,0.2712080873061378,0.592598959875801,0.5881602530210105,0.5969300045994882,0.6448346338025928,0.18285072284324014,0.503834244445648,1.0,0.5605126730793941,0.8503983871165519,0.0,0.6310304361945366,0.25718350925029304,0.38427572709138813,0.0,0.0,0.5037979443400963,0.6070203054304512,0.291273434143166,0.2406523456649536,0.8095528277404221
gex_possorted_bam_1WGCZ:TCCTCAATCGCTAGATx-M2,1.0,0.4365917974624885,0.02278195110556738,1.0,1.0,0.5638312138685637,0.3668181429496722,1.0,0.7016767045798172,0.8604379892420351,0.0,1.0,0.7390344651935864,0.0,1.0,0.030665996097095694,0.0,0.0,0.5845345689135267,0.7279490839501483,1.0,0.9488195741930614,1.0,1.0,0.43482276553766563,1.0,0.0,0.7841104486308458,0.8728915127842066,0.819659825088021,0.0,1.0,1.0,0.9009563014747773,0.0,0.945022086527677,0.0,1.0,1.0,0.0,1.0,0.0,0.7013342484311139,0.09254563702319418,0.9785818873839903,1.0,0.5696110099646968,0.0,0.8206579398825008,0.9969857362864684,1.0,0.8432309855546904,0.0
gex_possorted_bam_1WGCZ:TCCTCTAAGGGTGAGTx-M2,0.06599055409455801,1.0,1.0,0.9448917120252016,0.06384526713525344,0.0,1.0,0.6796618464795424,1.0,0.9159069193985998,0.0,1.0,1.0,1.0,0.17528209553772423,1.0,0.0,0.0,1.0,0.0,0.0,0.0,0.0,0.0,1.0,1.0,1.0,1.0,1.0,1.0,1.0,0.16945588057506208,0.0,0.8299608706883479,1.0,0.24254874350134917,1.0,0.05601394080980186,0.04714039411132325,1.0,0.019976328449218473,1.0,1.0,0.6283718243626524,0.0,0.5261345763182654,1.0,1.0,1.0,0.6143817362522651,1.0,1.0,0.0
gex_possorted_bam_1WGCZ:TCCTCACAGGGACGCAx-M2,1.0,0.895260004122152,1.0,1.0,1.0,1.0,0.0,1.0,1.0,1.0,0.0,1.0,1.0,0.5757297325724826,1.0,0.20726865623939286,0.0,0.0,0.0,0.2859041286894738,0.6049910633248171,0.8525438011958157,1.0,0.7383497672589101,1.0,1.0,0.0,1.0,0.22047728579230522,1.0,0.0,1.0,1.0,1.0,0.0,1.0,0.0,1.0,1.0,0.0,1.0,0.0704803569119201,1.0,1.0,1.0,1.0,1.0,0.0,1.0,1.0,0.7831548030461771,1.0,1.0
gex_possorted_bam_1WGCZ:TCAGTGAGTGTAACCAx-M2,1.0,1.0,1.0,1.0,0.5798052925404084,0.9230991968411275,1.0,1.0,1.0,1.0,0.0,1.0,1.0,1.0,1.0,1.0,0.0,0.0,0.560051177913168,0.4562720107020276,0.9334432352494428,0.7333415181377883,0.955813259662072,1.0,1.0,1.0,0.0,1.0,0.956628409509667,0.9253262495754639,1.0,1.0,1.0,1.0,0.0,1.0,0.6338820770162952,1.0,1.0,0.6863924051269246,1.0,0.3855802176187912,1.0,1.0,1.0,1.0,0.7193916210080348,0.02185077622566509,1.0,1.0,1.0,1.0,0.34765908005085455
gex_possorted_bam_1WGCZ:TCCATATTCATTACTCx-M2,1.0,1.0,0.4523168498012404,1.0,1.0,1.0,0.3992693024566422,1.0,1.0,1.0,0.0,1.0,1.0,0.17638043247310337,1.0,0.0,0.0,0.3534835681873263,1.0,1.0,1.0,1.0,1.0,1.0,0.6145588659323388,1.0,0.0,1.0,1.0,1.0,0.9724016090439447,1.0,1.0,1.0,0.0,1.0,0.14065461447353717,1.0,1.0,0.0,1.0,0.15145066155454717,0.931913293723938,0.8017638007882045,1.0,1.0,0.42633361726335633,0.0,1.0,1.0,1.0,1.0,1.0
gex_possorted_bam_1WGCZ:TCATACTTCGTTATCTx-M2,0.8538977627260137,1.0,0.9421312144985767,0.9733042682100277,0.04215604936793158,0.647488625955735,1.0,1.0,1.0,1.0,0.0,1.0,1.0,1.0,1.0,1.0,0.0,0.0,0.11594460298107416,0.4679369399234394,0.6108733390724441,0.441764544624604,0.7733581953279818,0.915810016531558,1.0,0.9977744352362868,0.0,1.0,1.0,0.7911667585537425,1.0,0.9052504195126737,0.8966320841612313,1.0,0.001316106617133586,1.0,0.8455250958371221,1.0,1.0,1.0,1.0,0.9615186073889733,0.7763388049508319,0.7291834384645013,1.0,1.0,0.46840068444305416,0.0,1.0,1.0,1.0,1.0,0.07394833514601391
gex_possorted_bam_1WGCZ:TCCATTGTCTGTTCATx-M2,1.0,1.0,0.0,1.0,1.0,1.0,0.4530687608669876,1.0,0.0,0.9125343142945892,1.0,0.22074147634217692,0.9185026553791709,0.6935120785903991,1.0,0.41479333489954573,0.6072821677165118,1.0,1.0,0.5020832796798077,1.0,1.0,1.0,1.0,0.8537838319758858,0.8294062846570982,0.0,0.9234038661684073,0.8754090256337612,1.0,0.9657993705814087,1.0,1.0,1.0,0.0,1.0,0.07837267119937451,1.0,1.0,0.0,0.3810377413548143,0.008627949152243911,0.43869532287282076,0.0,1.0,1.0,0.1081912124341309,0.0,0.8873126286110216,1.0,0.8995278923817889,1.0,1.0
gex_possorted_bam_1WGCZ:TCCAGGTCAATCCTAGx-M2,0.07660357045713705,1.0,1.0,1.0,0.0,0.0,1.0,0.9001880315865749,1.0,0.9221355891174622,0.0,1.0,1.0,1.0,0.13249000987454704,1.0,0.0,0.0,1.0,0.0,0.0,0.0,0.0,0.0,1.0,1.0,1.0,1.0,1.0,0.6451057265737387,1.0,0.1628835147784756,0.0,0.9256417549328149,1.0,0.2829229186557264,1.0,0.02553844999388863,0.043118151639908765,1.0,0.11130454119941945,1.0,1.0,0.5000621602823505,0.014306051573534904,0.5256617998055996,1.0,1.0,1.0,0.6134341375560799,1.0,1.0,0.004036816450804904
gex_possorted_bam_1WGCZ:TCCTTTACAGGACACAx-M2,0.09586057548031858,1.0,1.0,0.9316961002150614,0.0,0.0,1.0,0.9071131099622575,1.0,0.9713161385989596,0.0,1.0,1.0,1.0,0.2166593494653164,1.0,0.0,0.0,1.0,0.0,0.0,0.0,0.0,0.0,1.0,1.0,1.0,1.0,1.0,0.8664351742754162,1.0,0.05829523893754611,0.0,0.8455634225782822,1.0,0.2852829221864694,1.0,0.1385247635070578,0.13161142508846457,1.0,0.19856489509340883,1.0,1.0,0.7089608779991761,0.16104359322564873,0.5527724397001311,1.0,1.0,1.0,0.710318584287041,1.0,1.0,0.0
gex_possorted_bam_1WGCZ:TCCAGGTCACATTGCAx-M2,1.0,1.0,0.1563416252998507,1.0,0.9965351914792345,0.9082825126341023,1.0,1.0,0.9672429894799385,1.0,0.0,0.94723895392151,0.9617156527104678,0.1339008684799937,1.0,0.2705597090443159,0.0,0.0,0.755646699478087,1.0,1.0,1.0,1.0,1.0,0.8311816230779314,1.0,0.0,1.0,1.0,1.0,0.632031755216414,1.0,1.0,1.0,0.0,1.0,0.39176007942702235,1.0,1.0,0.11043783488239058,1.0,0.13786508982773862,0.7910171483333949,0.6853870422623363,1.0,1.0,0.6586873242843306,0.0,1.0,1.0,1.0,1.0,0.5032980268348654
gex_possorted_bam_1WGCZ:TCATTTGGTCCTAATCx-M2,1.0,0.8017806464179357,1.0,1.0,1.0,1.0,0.0,0.9939186631849111,0.9515423173057715,1.0,0.0,1.0,1.0,0.40589875527146935,1.0,0.10477009938332416,0.0,0.0,0.0,0.6189816964145445,0.48491630051224727,0.9462203202594651,1.0,0.7201452281099745,0.7312397066034005,1.0,0.0,1.0,0.7996111779441476,1.0,0.0,1.0,1.0,1.0,0.0,1.0,0.0,1.0,1.0,0.0,1.0,0.0,1.0,0.9286723583638246,1.0,1.0,1.0,0.0,1.0,1.0,0.9993447508310066,1.0,1.0
gex_possorted_bam_1WGCZ:TCATTGTTCATGGCCAx-M2,1.0,0.9847631900820385,1.0,1.0,1.0,1.0,0.0,0.9711412603664232,1.0,1.0,0.0,1.0,1.0,0.5440511119746209,1.0,0.13875979804328975,0.0,0.0,0.43978537762857806,0.6460970095796252,0.815365462339629,1.0,1.0,1.0,0.730181127795095,1.0,0.0,0.9906588195886857,0.7865424078355411,1.0,0.09505808181544398,1.0,1.0,1.0,0.0,1.0,0.08761949934120211,1.0,1.0,0.0,1.0,0.0,1.0,0.7638359427148176,1.0,1.0,0.9084043334295067,0.0,1.0,1.0,0.9087978055239886,1.0,0.8855568001825576
gex_possorted_bam_1WGCZ:TCATTGTTCTTGATGAx-M2,1.0,0.6709213196163414,0.0,0.859822702676227,1.0,1.0,0.21974156666533387,0.9058502258774661,1.0,1.0,0.16834865179744635,0.35460527750394805,0.6608267346304124,0.12386311384016988,0.8954234307708903,0.012256844787460069,0.023571360286646567,0.5091242418446061,0.7622512152568368,0.5450631950605874,1.0,1.0,1.0,1.0,0.4283886506641718,0.7968352550892357,0.0,1.0,0.7267675529199037,0.8429737894405698,0.8626062481621913,0.8061941425931042,1.0,0.9474196881668047,0.06135113596387506,1.0,0.22756667010048537,0.9186435600525241,1.0,0.135146362539589,0.945885927162381,0.3489702241917862,0.5076979339896429,0.17055650726479676,1.0,0.8920107795098404,0.0,0.09039464609423642,0.8053014502901635,1.0,0.7663973980589448,1.0,1.0
gex_possorted_bam_1WGCZ:TCCATTGTCGATATTGx-M2,1.0,1.0,0.2434841251865239,1.0,1.0,1.0,0.5150789110447745,1.0,0.7185795194437052,1.0,0.0,1.0,0.9759742098576687,0.32286936136331174,1.0,0.15693926071481057,0.0,0.236182036607629,0.9456636366427891,0.8762215034087018,1.0,1.0,1.0,1.0,0.6020785743535889,1.0,0.0,1.0,1.0,1.0,0.9955667540490446,1.0,1.0,1.0,0.0,1.0,0.20781595344348452,1.0,1.0,0.011801878027005138,1.0,0.2259037327181676,0.8789344066341052,0.6197458538359449,1.0,1.0,0.4059490195018486,0.0,1.0,1.0,1.0,1.0,0.9286651102580097
gex_possorted_bam_1WGCZ:TCCTCACAGGTAGCTTx-M2,1.0,0.7924889126655283,0.0,0.9850137627716222,0.8063929600534695,0.7884361327135287,0.6124387599473997,1.0,0.539400247141475,0.9287423581731735,0.0,0.5428212041597721,0.9548909769765598,0.2691499138845578,1.0,0.1569460056530861,0.0,0.0,0.5916549222895068,0.5448564674971875,1.0,1.0,1.0,1.0,0.4941766528771623,0.8739167143967999,0.0,0.7992886431614482,1.0,0.863481170798944,0.2946658085473473,1.0,1.0,0.9470671560781735,0.0,1.0,0.2602986186377597,1.0,1.0,0.10775078277689637,1.0,0.15872764738913694,0.8110182794362271,0.04177763985158907,0.9997198105199256,1.0,0.43150055308609286,0.11084634679832858,0.8652753093162399,0.8195706726458583,1.0,0.867457653357438,0.3206705485738474
gex_possorted_bam_1WGCZ:TCATCCATCAGGTCCAx-M2,1.0,1.0,0.0,1.0,0.9318626396706354,1.0,0.8718909517125767,1.0,0.5698342569807315,1.0,0.0,1.0,1.0,0.38891747385738734,1.0,0.3182611876909681,0.0,0.22122342440991682,0.9261718969756515,0.9005818622936909,1.0,1.0,1.0,1.0,0.8952169331454511,0.9526884643534086,0.0,1.0,1.0,1.0,1.0,0.9699082653088666,1.0,1.0,0.0,1.0,0.4599084885934437,1.0,1.0,0.22132248050153272,0.9984734191459563,0.4935394773936485,0.8313617890752438,0.8598128314562364,1.0,1.0,0.47597261338556063,0.0,1.0,0.9699259423102252,1.0,1.0,1.0
gex_possorted_bam_1WGCZ:TCCTTAGTCTAATCCTx-M2,1.0,0.7972369216848866,0.0,0.9054137284855324,1.0,1.0,0.46199602735227496,1.0,0.5530942846589828,0.9255229315054282,0.2906242920074523,0.6444662254434108,0.964397838146009,0.321612707665616,0.9432578465900807,0.10830548730378768,0.03372570771008302,0.8820418615495068,0.972342495130343,0.6237466904363899,1.0,1.0,1.0,1.0,0.793791312843943,0.7808982064882561,0.0,0.867963421267525,0.78734251940707,0.9767209316815015,0.5587676739049243,1.0,0.9806197026562452,1.0,0.0,1.0,0.1286982561497846,1.0,0.9840121472421572,0.081979289201804,0.5654713829748428,0.2909698635937283,0.4882070391194514,0.0,1.0,0.9637191582008766,0.15013244726575256,0.050930584112671554,0.8048546149766855,0.8673033270946444,0.9527154266879747,1.0,1.0
gex_possorted_bam_1WGCZ:TCCTAGTGTAAGGTCCx-M2,0.8178067594875407,0.33795771691462473,0.0,0.7289816129027408,0.6456375493435954,0.5750056494472946,0.5995840443721636,0.8690062342028657,0.4801235212499318,0.5279439881178298,0.075672240145331,0.5570739263535518,0.46136423121838743,0.4660958718782777,0.7065907492208829,0.24597877142808208,0.0,0.035966749552132304,0.4974634147037947,0.7056550679660999,1.0,0.9812052725110908,0.8446755295360311,1.0,0.40231857395984083,0.5112258426573553,0.03058875622801231,0.7308361652271652,0.6151383564527324,0.512998452502293,0.6391355381125723,0.960894203277299,0.8066491877254175,0.6563450506777446,0.25136914497988344,0.7560903902429866,0.5708063421025602,0.6393973902546417,0.7120234963423839,0.22125005427716035,1.0,0.4973956057937776,0.5458745414700205,1.0,0.8568573163938886,0.7104079759920793,0.5734626125799182,0.2069234810031898,0.6116628878541082,0.8615556995218359,0.9028810844536441,0.6269592303714132,1.0
gex_possorted_bam_1WGCZ:TCCTTCAAGGCATGAAx-M2,0.8381944131237058,0.8678506590596698,0.0,0.8026089716557582,0.33969264401695304,0.3773024362397221,1.0,1.0,0.8822171380857845,0.8085986918787463,0.0,1.0,0.5716614332659412,0.3589183265797342,0.9957749077447032,0.19640288785743676,0.0,0.0,0.060060446873638526,0.7342647042853221,0.8223174931265553,0.6430229951374841,0.7276482059875526,0.8976128674961635,0.34978938360250367,0.688811338347004,0.10957303221636881,0.9108827221165819,0.839760520998992,0.42475662570226086,0.6067633395292943,0.6293127632447794,0.8931007009591838,0.9655250614864448,0.1945911284807532,0.9731389066030368,0.5159611642088817,0.7975422452325021,0.8800924163319703,0.37482472144003254,1.0,0.4967971770009023,0.3958877729323988,0.0678369054178964,0.8790266945541666,0.7946536672568646,0.360116595968641,0.0,0.7139523465559027,0.7485072173138609,0.7205687644096403,0.6219992579642567,0.515006116901233
gex_possorted_bam_1WGCZ:TCCTTTACATTGTCCTx-M2,0.99068751952277,0.8175738179618167,0.15055138132511936,0.8577560205278296,1.0,1.0,0.20012444229930046,0.8398235865769227,0.37693474132120786,1.0,0.35315751919393007,0.3811163388161499,0.7055753824426142,0.12770134153339943,0.9942896241389407,0.01250679340808151,0.19716146196116338,0.49510566184252364,0.7943956295523912,0.9180713702917657,1.0,1.0,1.0,1.0,0.3578293660854987,0.7677906966046235,0.0,0.7550938322395611,0.8862571927078656,1.0,0.9675947089379261,1.0,0.9507629030610915,0.9114916896155115,0.0,1.0,0.23750200870797525,0.8858770934606682,0.9479152496298516,0.06614565388184399,1.0,0.41009268639399193,0.5109430237686136,0.3971370901235841,1.0,0.9481300204655563,0.22674467930547923,0.0975833482099952,0.8886722259341918,1.0,0.7639619837091718,0.9440736861809326,1.0
gex_possorted_bam_1WGCZ:TCATAACCAGCCTAACx-M2,0.9669628181535219,0.9251459202290349,1.0,1.0,1.0,0.42546924267335023,0.0,1.0,1.0,1.0,0.0,1.0,1.0,0.7257246996350729,1.0,0.07831927024706772,0.0,0.0,0.0,0.0870847340493417,0.0,0.47949061940971205,1.0,0.4870882721759296,0.7348800623363416,1.0,0.0,0.9559486669868377,0.8398412450665965,1.0,0.0,1.0,1.0,1.0,0.0,0.9965111095437669,0.0,1.0,1.0,0.0,1.0,0.0,1.0,1.0,0.9539704345106219,1.0,1.0,0.0,1.0,1.0,1.0,1.0,0.1664818412334532
gex_possorted_bam_1WGCZ:TCATTTGGTCTTGCATx-M2,0.0,0.772346010489262,1.0,0.334602340433805,0.0,0.24508435342187088,1.0,0.027753874115399906,1.0,0.32411260968302397,1.0,1.0,1.0,1.0,0.0,1.0,1.0,0.7718836068391319,1.0,0.0,0.0,0.0,0.0,0.0,1.0,0.45838462502639815,1.0,0.9324910815382608,0.746267844668073,0.45525615501692906,1.0,0.03143077683716309,0.0,0.3280780618577447,1.0,0.0,1.0,0.0,0.0,1.0,0.0,1.0,1.0,1.0,0.0,0.1487587801597718,1.0,1.0,0.49880849572256875,0.052755050054672556,0.9329106785949849,0.38069612936375063,0.0
gex_possorted_bam_1WGCZ:TCCTTTACAGGCTACTx-M2,0.10194920978504067,1.0,1.0,0.9425211812202454,0.0,0.0,1.0,0.8422481328104936,1.0,1.0,0.0,1.0,1.0,1.0,0.20550738457270948,1.0,0.0,0.0,1.0,0.0,0.0,0.0,0.0,0.0,1.0,1.0,1.0,1.0,1.0,0.7602728984480186,1.0,0.0,0.0,0.867510066267617,1.0,0.3645256822267025,1.0,0.10837265447334057,0.10585175749100875,1.0,0.3580437083887769,1.0,1.0,1.0,0.0,0.5090642805479594,1.0,1.0,1.0,0.5615667099173863,1.0,0.946163550963224,0.056989385370996334
gex_possorted_bam_1WGCZ:TCATAACCAATTAGCTx-M2,1.0,1.0,0.39994602548878055,1.0,1.0,1.0,0.8687555275200064,1.0,0.8862310982949403,1.0,0.0,1.0,1.0,0.7532620666519237,1.0,0.3815058900183141,0.0,0.061333443143635584,0.7838576497080713,0.7948405440267964,1.0,1.0,1.0,1.0,0.9466744211356315,1.0,0.0,1.0,1.0,1.0,1.0,1.0,1.0,1.0,0.0,1.0,0.3099952787943983,1.0,1.0,0.20970831406747967,1.0,0.36530324899877364,1.0,0.6834402944160163,1.0,1.0,0.6962169009517997,0.0,1.0,1.0,1.0,1.0,1.0
gex_possorted_bam_1WGCZ:TCCGGTAAGTATTGCAx-M2,0.05087637028497234,1.0,1.0,0.9944278938394385,0.2128388546908788,0.0,1.0,0.7447442249994237,1.0,0.7547337246256479,0.0,1.0,1.0,1.0,0.2739126084807304,1.0,0.0,0.0,1.0,0.0,0.0,0.0,0.0,0.0,1.0,1.0,1.0,1.0,1.0,0.8861977165435644,1.0,0.0,0.0,0.8461235788259257,1.0,0.21479759789305491,1.0,0.03519623858093287,0.12340687219893344,1.0,0.13121357163907912,1.0,1.0,1.0,0.0,0.5990478850885304,1.0,1.0,1.0,0.7907736003109646,1.0,1.0,0.0
gex_possorted_bam_1WGCZ:TCCATAAAGGGCCACTx-M2,1.0,1.0,0.18589798907307375,1.0,1.0,1.0,0.0,1.0,0.16578652963920676,1.0,0.0,0.9328421409265006,0.9894770492478995,0.3311944378793601,1.0,0.04108084354334647,0.0,0.0,1.0,0.9681786381506345,1.0,1.0,1.0,1.0,0.03716210727186146,1.0,0.0,1.0,0.932661429490862,1.0,0.27952109703516725,1.0,1.0,1.0,0.0,1.0,0.0910829658457395,1.0,1.0,0.0,1.0,0.23453963340701559,0.8767190387552433,0.514304249169922,1.0,1.0,0.8333198832130235,0.0,1.0,1.0,1.0,1.0,0.5147509576967346
gex_possorted_bam_1WGCZ:TCATTTGGTGGTGAGAx-M2,1.0,0.9785980590299748,0.23525168250541006,1.0,1.0,0.5608113512773917,0.0,1.0,0.34943119027727704,1.0,0.0,1.0,0.8916985423203956,0.46440636195299634,1.0,0.0,0.0,0.0,0.7687136427475183,0.5275828787228375,1.0,1.0,1.0,1.0,0.08094837036127145,1.0,0.0,0.9861738486769533,1.0,1.0,0.1824622816303857,1.0,1.0,0.9367191271801497,0.0,0.9916254194163792,0.26997138568183143,1.0,1.0,0.0,1.0,0.17723042367226938,0.6054394651671756,0.02183005734198886,0.9117218788881043,1.0,0.5338358558902806,0.0,1.0,1.0,1.0,0.9381612437914121,0.0
gex_possorted_bam_1WGCZ:TCCTTTACACTAGCGTx-M2,1.0,0.9272526523608426,0.34380433320599746,1.0,1.0,0.9533700816925226,0.6282454016467796,1.0,0.5450814836123689,1.0,0.0,1.0,1.0,0.24591907282652345,1.0,0.3570423176837643,0.0,0.0,0.9262467392238001,0.7752909339598837,1.0,1.0,1.0,1.0,0.2393728000840435,1.0,0.0,1.0,1.0,1.0,0.43380965154282425,1.0,1.0,1.0,0.0,1.0,0.0532967317465744,1.0,1.0,0.0,1.0,0.11265092316835565,0.8228510168674507,0.25428568698919285,1.0,1.0,0.6475945310283282,0.05643677487055313,1.0,1.0,1.0,1.0,0.3783458678520711
gex_possorted_bam_1WGCZ:TCCTGGTTCTCAATTCx-M2,0.9675215056696992,0.706327134411631,0.0,0.8155965038499884,0.5204707634293463,0.32034283143986175,0.43626138658147934,1.0,0.8913699976008245,0.6713193524301879,0.0,1.0,0.623689384440192,0.15111988037052945,0.7939820124397956,0.0,0.0,0.0,0.24079472426354387,0.6113974743254632,1.0,0.8220290490387046,0.8564472322862379,1.0,0.4897252529663659,0.7046960712849075,0.0,0.7143212260188145,0.7745123308669292,0.7299285418674107,0.0,1.0,0.8903139021234686,0.8753584501368181,0.014234314980812198,0.862036824941011,0.18909050495010332,0.8937188089534769,0.8154071289136602,0.0,1.0,0.1629192169095636,0.5383708904460213,0.0,1.0,0.8189810394633733,0.13069576226373472,0.0,0.7017747453274759,0.812272489706704,0.6842066238653839,0.6925397716086623,0.16501929019437256
gex_possorted_bam_1WGCZ:TCCATAAAGTTAGCTAx-M2,1.0,0.7596865567537219,1.0,1.0,1.0,1.0,0.0,0.9828963102864056,0.7330729716471135,1.0,0.0,1.0,0.9575587146730085,0.34391192185948155,1.0,0.05558006990601513,0.0,0.0,0.5144061925745265,0.723969145905736,0.9264907244906332,1.0,1.0,1.0,0.6400772175094575,1.0,0.0,1.0,0.7773522183451079,1.0,0.06731772367452056,1.0,1.0,1.0,0.0,1.0,0.0,1.0,1.0,0.0,1.0,0.0,1.0,0.4326374893459119,1.0,1.0,0.56493755440073,0.0,1.0,1.0,0.8548636679499427,1.0,1.0
gex_possorted_bam_1WGCZ:TCATTGCGTCATGCAAx-M2,1.0,0.8489999506133964,0.0,1.0,1.0,1.0,0.5622360190533767,1.0,0.49371874459534715,1.0,0.0,0.9753794448116617,0.9887715033508478,0.39330360291652505,1.0,0.3437838998977558,0.0,0.12126162903278843,0.8255662780762892,0.7497802099552796,1.0,1.0,1.0,1.0,0.5769017100017101,0.9349833056775042,0.0,1.0,1.0,1.0,0.8899644095534139,1.0,1.0,1.0,0.0,1.0,0.313744519759752,1.0,1.0,0.18768209979883949,1.0,0.1738074109770221,0.7775139524001232,0.30758484248982987,1.0,1.0,0.31796786969104107,0.0,0.9529572054374686,1.0,1.0,1.0,0.6979227257642271
gex_possorted_bam_1WGCZ:TCCTTCAAGCTTCTCAx-M2,1.0,1.0,0.0,1.0,1.0,1.0,0.27909472385486783,0.9999186457601991,0.45802545890104923,1.0,0.5706728876485668,1.0,1.0,0.3591301564251238,1.0,0.4569163133525873,0.3605497167651825,1.0,1.0,0.8427420253924315,1.0,1.0,1.0,1.0,0.7487614088510306,1.0,0.0,1.0,1.0,1.0,1.0,0.8816579378824941,1.0,1.0,0.0,1.0,0.017644769600974438,1.0,1.0,0.0,0.9622420764693275,0.04865205909167458,0.7169639464039469,0.5528879838419737,1.0,1.0,0.19325663961405645,0.0,0.9859373959763478,1.0,0.8905150126973188,1.0,1.0
gex_possorted_bam_1WGCZ:TCAGTGAGTTCCTGTGx-M2,1.0,0.7994275052072584,0.2585904933122058,0.9761099487878384,1.0,0.7404991123618591,0.3604002552782867,1.0,0.8392672930746085,1.0,0.0,0.7667234283996244,0.6902684493341099,0.15265101532061057,1.0,0.1935136381782388,0.0,0.0,0.4741865236705665,0.4562457754649005,1.0,1.0,1.0,0.931437014950183,0.7177977211814274,1.0,0.0,0.7087233962906212,0.5442115433232735,1.0,0.0,1.0,1.0,1.0,0.0,1.0,0.16452558169000867,1.0,0.9723508619983148,0.0,1.0,0.28527368358986926,0.7591035309151317,0.09373074255172181,1.0,0.9629025236343979,0.7948103056274544,0.0,0.9374832819104515,1.0,0.9828508423675902,0.9917692850449814,0.12902001642493083
gex_possorted_bam_1WGCZ:TCATAACCAGCAACCTx-M2,0.273323373930945,1.0,0.7350941667514024,0.49601136390538325,0.0,0.6725664966209602,1.0,0.9350409800697753,0.39134779252995733,1.0,0.0,1.0,0.25343292644408727,0.9722950287526941,0.9525755545097518,1.0,0.2744401785199071,0.0,0.0,1.0,0.3183405712070482,0.13691349559529983,0.3741296658767132,0.7135159540730776,0.3273860333616153,0.27679946657262144,0.011115104406406666,0.8091739832868092,0.8934164046499059,0.38008532298347614,1.0,0.0,0.40256364462887745,0.8746405984324369,0.5607134127502786,0.8314429268634944,0.8775156565575197,0.44530546701824386,0.8250659487919572,1.0,1.0,1.0,0.0,0.4004454392351008,0.5009685289793913,0.4807552214244517,0.0,0.0,0.6758325018482108,0.6579064906057862,0.28226396469402726,0.38575203128499225,0.03352371584473587
gex_possorted_bam_1WGCZ:TCCGGTAAGTAGGATGx-M2,1.0,1.0,0.05245815135648048,1.0,1.0,1.0,0.510259748352365,1.0,0.4812841780547192,0.9950793653704164,0.16285664910951564,0.8524034769054227,0.8350965163095512,0.2729371184841576,1.0,0.22629487711974108,0.0,0.9890665550904689,1.0,0.7541931735619442,1.0,1.0,1.0,1.0,0.8130820241265418,1.0,0.0,1.0,0.8877259012606539,1.0,0.955588094223696,1.0,1.0,1.0,0.0,1.0,0.1769028279451431,1.0,1.0,0.0,1.0,0.05020091203482864,0.8792807921927855,0.6846377844774674,1.0,1.0,0.6376641781563318,0.0,1.0,1.0,0.9759013560986943,1.0,1.0
gex_possorted_bam_1WGCZ:TCCTCTAAGCCGGTACx-M2,1.0,1.0,0.8941390291626005,1.0,1.0,1.0,0.36138473562228357,1.0,0.7365828992418724,1.0,0.0,1.0,1.0,0.9957614249525146,1.0,0.5444418370998151,0.0,0.0,0.5831624781393797,0.5396186626084355,0.9148892532782977,1.0,1.0,1.0,0.8802815952307833,1.0,0.0,1.0,0.8002807486567555,1.0,0.0,1.0,1.0,1.0,0.0,1.0,0.0,1.0,1.0,0.04619717108327704,1.0,0.11770533070922239,1.0,0.40244371397022666,1.0,1.0,0.7646298180338688,0.0,1.0,1.0,0.9811132604528814,1.0,0.816779376588496
gex_possorted_bam_1WGCZ:TCATTTGGTCTATCGTx-M2,0.05235405710838114,1.0,1.0,0.9272655468405776,0.0,0.7119891505742136,1.0,0.721901903563868,1.0,0.7828258354769865,1.0,1.0,1.0,1.0,0.1267456361733226,1.0,1.0,1.0,1.0,0.0,0.0,0.0,0.0,0.0,1.0,1.0,1.0,1.0,1.0,1.0,1.0,0.0,0.0,0.7150335292759338,1.0,0.21987574532681975,1.0,0.22037382267849714,0.12916899507385646,1.0,0.12273187435053051,1.0,1.0,1.0,0.11472530033818569,0.5590255738300953,1.0,1.0,1.0,0.35190965598255264,1.0,0.9389456544304908,0.0
gex_possorted_bam_1WGCZ:TCATGCCTCGCTAGATx-M2,1.0,0.8766291514651092,0.25001893158689,1.0,1.0,0.8771988853122148,0.5416669965151916,1.0,0.9770810087901879,1.0,0.0,1.0,0.9308783369116486,0.3173235843841415,1.0,0.24960421769728597,0.0,0.0,0.8713867974158876,1.0,1.0,1.0,1.0,1.0,0.0743966173071809,1.0,0.0,1.0,1.0,1.0,0.5553773308041862,1.0,1.0,1.0,0.0,1.0,0.10507470758414413,1.0,1.0,0.0,1.0,0.0686891059151922,1.0,0.6168852824279563,1.0,1.0,0.2213297333534601,0.0,1.0,1.0,1.0,1.0,0.18477354479616218
gex_possorted_bam_1WGCZ:TCCGGTAAGGCTGTGCx-M2,0.06402430082168312,1.0,1.0,1.0,0.3386436755808919,0.0,1.0,0.7045096178847684,1.0,0.7503815235881212,0.0,1.0,1.0,1.0,0.14249408060617627,1.0,0.05096469418691735,0.0,1.0,0.0,0.0,0.0,0.0,0.0,1.0,1.0,1.0,1.0,1.0,0.9324520919873411,1.0,0.026689188993124512,0.0,0.7823383546161504,1.0,0.258828001110398,1.0,0.047252668249532226,0.08202759094267764,1.0,0.07545025630420196,1.0,1.0,1.0,0.0,0.5390415970748453,1.0,1.0,1.0,0.5395835380197214,1.0,1.0,0.06870607168557714
gex_possorted_bam_1WGCZ:TCCTTTACATAAGCAAx-M2,1.0,0.9233906471873943,0.0,1.0,1.0,1.0,0.36263836459374166,0.9698978716925939,0.48554806581621596,1.0,0.8686063328912426,0.4328823247167626,1.0,0.37207383983939524,1.0,0.3830241722684339,0.43057482128352903,1.0,1.0,0.8073181381241824,1.0,1.0,1.0,1.0,0.6632236798276486,0.8706744219166933,0.0,1.0,1.0,1.0,1.0,1.0,1.0,1.0,0.0,1.0,0.13230654345951323,1.0,1.0,0.0,0.516800023504354,0.06306662665891231,0.5480517921884522,0.05986443014692242,1.0,1.0,0.054474174610461695,0.003313626175729954,0.9674078816370467,1.0,0.9848462023328959,1.0,1.0
gex_possorted_bam_1WGCZ:TCCAGGATCCCTCAGTx-M2,1.0,0.7613306496836549,0.2698675100330896,0.9403464849990838,0.8339681542856413,1.0,0.4567746527421414,1.0,0.45491907874470877,0.9307550876243441,0.0,0.6843477891716829,0.904452243749727,0.21821763605591107,1.0,0.0,0.0,0.22964238973503043,0.8273290509849426,0.8432519335969044,1.0,1.0,1.0,1.0,0.5678898150174223,0.9289116200472276,0.0,0.7214352616766629,0.9681617356919867,0.8359036361655022,0.5715522480812546,1.0,1.0,1.0,0.0,1.0,0.24969339501966226,0.9733972779057292,0.9754068184739574,0.013719261961441286,1.0,0.18882315873388406,0.6074351842575132,0.10400856182148734,1.0,1.0,0.058725664178556757,0.0,0.8551456340192687,1.0,0.8469967464716834,0.9195304663994176,0.9505259334024264
gex_possorted_bam_1WGCZ:TCATCCATCTGTAATGx-M2,0.9872155924740326,0.9628453566276033,1.0,1.0,1.0,1.0,0.02382816808929594,1.0,1.0,1.0,0.0,1.0,1.0,0.6010263987676706,1.0,0.0,0.0,0.0,0.02332760085572691,0.606696584502933,0.4068825165377188,0.9793685191019417,1.0,0.6708653095471766,1.0,1.0,0.04939790932750607,1.0,0.7902716858782731,1.0,0.0,1.0,1.0,1.0,0.0,1.0,0.0,1.0,1.0,0.0,1.0,0.0056393820036403485,1.0,1.0,1.0,1.0,1.0,0.0,1.0,1.0,0.9420119340068533,1.0,1.0
gex_possorted_bam_1WGCZ:TCCAGGATCTATTGTCx-M2,0.08862412022155539,1.0,1.0,0.9384836933766622,0.21014825216178568,0.18222488770682135,1.0,0.6304839123373095,1.0,0.6374673435841819,0.6674971559606224,1.0,1.0,1.0,0.1497825774108772,1.0,0.795373899436759,1.0,1.0,0.0,0.0,0.0,0.0,0.0,1.0,1.0,1.0,1.0,1.0,1.0,1.0,0.0,0.0,0.7169741500921288,1.0,0.21353546527935885,1.0,0.17855987787565414,0.2125366399600382,1.0,0.11551288820915806,1.0,1.0,1.0,0.0947960899261859,0.5521517270665225,1.0,1.0,1.0,0.5337546252364181,1.0,0.9783464984226953,0.0
gex_possorted_bam_1WGCZ:TCCTTGCAGTTCCTCAx-M2,0.08032162091317485,1.0,1.0,0.9952430262930916,0.07388659824254246,0.0,1.0,0.6621975621550324,1.0,0.8572535537725585,0.2252109346165182,1.0,1.0,1.0,0.24248236865844852,1.0,0.6167026149192378,0.4592067223086227,1.0,0.0,0.0,0.0,0.0,0.0,1.0,1.0,1.0,1.0,1.0,1.0,1.0,0.0,0.0,0.777819970907445,1.0,0.22844148611265647,1.0,0.2311143627684299,0.24805423058401416,1.0,0.2265881192698667,1.0,1.0,1.0,0.11192813482065218,0.5652133337085428,1.0,1.0,1.0,0.3534197218887813,1.0,0.977311919715499,0.0
gex_possorted_bam_1WGCZ:TCATTGCGTTGCAATGx-M2,1.0,0.5688189194221565,0.0,0.8504907637011706,0.668957332244019,1.0,0.4821546652391212,0.9499696626072411,0.0,0.6554430419237796,0.7041170324241633,0.27183950352834824,0.8403866430745776,0.3489754112257299,0.7419201287840081,0.3664957178028243,0.3397756441194932,1.0,0.9978859817823611,0.9007900313536362,1.0,1.0,0.8270758455433458,1.0,0.6428616644858017,0.5887176971459898,0.03499999579354676,0.5121511090697778,0.752149694961354,0.9452023191946588,0.48681916309693557,0.8573192305068278,0.8995968097442525,0.8547854862535389,0.0,1.0,0.009698961063278179,0.8091756866334907,0.8280893826282522,0.01807137056539342,0.5057104959947374,0.0,0.4442214343542951,0.0,1.0,0.8336099022832962,0.0,0.10932821247177901,0.6599147533055499,0.8969872470367749,0.6886031543545035,0.9249379097345075,0.8771595916952805
gex_possorted_bam_1WGCZ:TCCCGTTAGGTAGCTTx-M2,0.05798903585577294,1.0,1.0,0.962674076558089,0.0,0.0,1.0,0.7268600161314063,1.0,0.5960517928368279,0.2981497648582392,1.0,1.0,1.0,0.09032133648971115,1.0,0.3709946775475329,0.4565561964370313,1.0,0.0,0.0,0.0,0.0,0.0,1.0,1.0,1.0,1.0,1.0,0.8728853965778539,1.0,0.006183333718731486,0.0,0.7183983171703683,1.0,0.21811736076673693,1.0,0.014664586769590985,0.0915087887291836,1.0,0.05556210282687181,1.0,1.0,1.0,0.0,0.5303536888186202,1.0,1.0,1.0,0.48642899252185356,1.0,0.9927414408150484,0.0
gex_possorted_bam_1WGCZ:TCATTGCGTTGCATCTx-M2,0.05440964214509939,1.0,1.0,0.9631468851753263,0.0,0.0,1.0,0.6289622018896956,1.0,0.8296900201724259,0.0,1.0,1.0,1.0,0.2792997203594667,1.0,0.0,0.0,1.0,0.0,0.0,0.0,0.0,0.0,1.0,1.0,1.0,1.0,1.0,1.0,1.0,0.3773565143256697,0.0,0.8356947583762493,1.0,0.22857077765771272,1.0,0.21956442351816277,0.18324766806161255,1.0,0.11762836287958581,1.0,1.0,1.0,0.0,0.4617708972431658,1.0,1.0,1.0,0.5142055057081183,1.0,1.0,0.0
gex_possorted_bam_1WGCZ:TCCTGTTCAAGTGTTTx-M2,1.0,1.0,0.6526188096351875,1.0,1.0,0.4264592962985443,0.5896870038021313,1.0,0.5925354874630046,1.0,0.0,1.0,1.0,0.21404147100633,1.0,0.13269979818261304,0.0,0.0,0.4438317116431951,0.732243726128606,1.0,0.8431217432861938,1.0,1.0,0.6793224957455206,1.0,0.0,0.647872709572108,1.0,1.0,0.4103993765591756,1.0,1.0,1.0,0.0,1.0,0.3789885417589527,1.0,1.0,0.0,1.0,0.0,0.6729305216756948,0.26200402751209406,1.0,1.0,0.5804931652078101,0.0,0.9988673869824596,1.0,1.0,0.8828629072268103,0.0
gex_possorted_bam_1WGCZ:TCATACTTCACAGCGCx-M2,1.0,0.9740899203157156,1.0,0.9954880128654471,1.0,0.654832560550006,0.0,0.9873424094788142,0.8129267928698782,1.0,0.0,1.0,0.9657162931449281,0.1681071218478881,1.0,0.08096293370353388,0.0,0.0,0.20997894184567423,0.666264529859831,0.7997315348871841,0.8941502241074599,1.0,0.9882683448369427,0.5541419153868756,1.0,0.0,0.7104900483805843,0.7729513351867718,1.0,0.0,1.0,1.0,1.0,0.0,0.92550964670055,0.03783791973694155,0.985375159579997,0.942018208302629,0.0,1.0,0.021797876543525687,0.8926751459091331,0.10799027309744388,1.0,0.9652141774615858,0.5549973448131095,0.0,0.9517956321543385,1.0,0.6369635355449499,0.8774710445565499,0.32033385369594025
gex_possorted_bam_1WGCZ:TCCACAACAGGCCAAAx-M2,0.07196714352489055,1.0,1.0,0.893792183330043,0.005580576481066542,0.0,1.0,0.8827561162528758,1.0,1.0,0.0,1.0,1.0,1.0,0.19978157928739673,1.0,0.0,0.0,1.0,0.0,0.0,0.0,0.0,0.0,1.0,1.0,1.0,1.0,1.0,0.6278134709430592,1.0,0.03184103452183335,0.0,0.8299015691829981,1.0,0.27873600883849514,1.0,0.04941837084083965,0.06285004094004383,1.0,0.3783347354780024,1.0,1.0,1.0,0.05935785008911482,0.5226073624522526,1.0,1.0,1.0,0.753221582085435,1.0,0.9085030409095662,0.0
gex_possorted_bam_1WGCZ:TCATAACCATAGGCGAx-M2,0.024052024955622586,1.0,1.0,0.6690435126142091,0.0,0.1399946441188649,1.0,0.570410664884162,1.0,0.6232081991165627,1.0,1.0,1.0,1.0,0.2313122621010618,1.0,1.0,0.8201890109826543,1.0,0.0,0.0,0.0,0.0,0.0,1.0,0.8385367104260026,1.0,1.0,1.0,0.6008279292756933,1.0,0.053813965357483715,0.0,0.7055559012482661,1.0,0.26180691461065525,1.0,0.15771928983928937,0.07632105956060224,1.0,0.5426562276178557,1.0,1.0,1.0,0.11377727907617229,0.35375820024564786,1.0,1.0,0.7751378966304308,0.24356154636210478,1.0,0.6116728871833816,0.0
gex_possorted_bam_1WGCZ:TCCAGCAAGGTGAAATx-M2,1.0,1.0,0.5933025257864688,1.0,1.0,1.0,0.18426879527326384,1.0,0.29645636632878347,1.0,0.027042502817261813,0.8425304142538681,1.0,0.3527243263980478,1.0,0.15139787446016856,0.0,0.14658450823759953,1.0,0.7771810242302732,1.0,1.0,1.0,1.0,0.40881030613252944,1.0,0.0,0.9531474199783527,0.9219963239102933,1.0,0.6646482914057972,1.0,1.0,1.0,0.0,1.0,0.16351152036798994,1.0,1.0,0.0,1.0,0.13712551438164716,0.6707449062651718,0.3738305355941666,1.0,1.0,0.203088410165633,0.0,1.0,1.0,1.0,1.0,0.4205688619076435
gex_possorted_bam_1WGCZ:TCCATGCTCCTGCGAAx-M2,1.0,0.8967576033704949,0.4297254508203077,1.0,1.0,0.8469540076132945,0.3858119410024034,1.0,0.641809632296238,1.0,0.0,1.0,0.7925734900076317,0.3831087555109595,1.0,0.0,0.0,0.0,0.6479780496458215,0.473443906134792,1.0,1.0,1.0,1.0,0.5882095616493116,1.0,0.0,0.7003328384177127,0.5288659154597088,1.0,0.3181118748576582,1.0,1.0,1.0,0.0,1.0,0.14457535168394856,1.0,1.0,0.0,1.0,0.36773401631315983,0.7612236961161853,0.0,1.0,1.0,0.629059492879078,0.10853960706711067,0.9511390224818207,1.0,0.5740293461323487,0.9602411642237771,0.07437278252232771
gex_possorted_bam_1WGCZ:TCAGTGAGTAAACAAGx-M2,1.0,0.6575559088472722,0.18319004843049805,1.0,1.0,0.2871161199757865,0.17416490374768864,1.0,0.3911391901890994,0.9790386067400121,0.0,0.5715507175873346,0.734228850019333,0.1639138547769762,1.0,0.14000312338796334,0.0,0.0,0.35058328637378877,0.7541795726180682,1.0,0.7969278756454158,1.0,1.0,0.17731498577214272,1.0,0.0,0.7092359198123639,0.8124600760366292,0.8623358807189022,0.06813226888496561,1.0,1.0,0.9084789497157868,0.0,0.8374332792046368,0.24336650156474057,1.0,0.9675917292407132,0.0,1.0,0.0,0.6778746261917893,0.3227223963864067,0.7697009560514536,1.0,0.5231132505447671,0.0,0.8276560051128339,1.0,0.966007816646568,0.6782719438760336,0.0
gex_possorted_bam_1WGCZ:TCCTAGTGTTTGTGGAx-M2,1.0,0.7596539886305185,0.05640618735377005,1.0,0.5096711280653052,1.0,1.0,1.0,0.6123908858563599,0.9967410795128274,0.0,1.0,1.0,0.5515948807891711,1.0,0.5119976269521922,0.0,0.3669670294313938,1.0,0.9684834722730392,1.0,0.9224767481511982,1.0,1.0,1.0,1.0,0.0,1.0,1.0,0.9015439732200784,0.8231757734518877,1.0,1.0,1.0,0.020663630090280972,1.0,0.3001349155356453,1.0,0.9673857053905851,0.3605223792109777,1.0,0.3147191866240224,0.9345445892326845,0.0,1.0,1.0,0.7382996130138199,0.223010926233563,0.9788178800028752,0.9832578490491416,1.0,0.9766292785195032,0.5049812453945678
gex_possorted_bam_1WGCZ:TCATAACCAACACCTAx-M2,1.0,0.4996461255454834,0.0,1.0,0.8041122444648254,1.0,0.06654616105609931,0.9313658858306658,0.0,0.8302180037291266,0.9813741236544794,0.0,0.552432722128611,0.738244741044213,0.7473836528237294,0.3546133848741877,0.5229718237593831,1.0,1.0,0.506916651514256,1.0,1.0,1.0,1.0,0.4543038405310724,0.7267122687846618,0.0,0.7558189056296146,0.8426349150818367,1.0,0.9610632102083736,1.0,0.8923788210684995,0.9817089543187751,0.0,1.0,0.21090809466822574,0.8628663675989852,0.9110031043909679,0.05001682828535148,0.8045324649555677,0.22887135256618973,0.6672633910645646,0.02429397243542869,1.0,0.8961914339035311,0.0,0.3871374732741767,0.7050677664558953,0.8622067838975107,0.7892244113699272,1.0,1.0
gex_possorted_bam_1WGCZ:TCCTCAATCCGGCTAAx-M2,0.07516283288193872,1.0,1.0,0.9965374980477767,0.23333854835640647,0.0,1.0,0.7913716086700034,1.0,1.0,0.0,1.0,1.0,1.0,0.2146748760939943,1.0,0.0,0.0,1.0,0.0,0.0,0.0,0.0,0.0,1.0,1.0,1.0,1.0,1.0,0.8817157999960658,1.0,0.0,0.0,0.8288143687119227,1.0,0.27781417129214003,1.0,0.06725845654038268,0.18936314840302745,1.0,0.4132249489960606,1.0,1.0,1.0,0.01385617234301534,0.5271189347358728,1.0,1.0,1.0,0.7137422672482143,1.0,1.0,0.20191258901956108
gex_possorted_bam_1WGCZ:TCATAACCACATAACTx-M2,0.2552551996447353,1.0,0.7392348359459188,0.9172726124389334,0.06757570788558033,0.0,1.0,0.8839266339442619,1.0,0.6143372263283087,0.0,1.0,1.0,1.0,0.2100220416959564,1.0,0.20190749803240554,0.0,1.0,0.0,0.0,0.0,0.0016180589785339105,0.0,1.0,1.0,1.0,1.0,1.0,0.7591385904650904,1.0,0.45417411257524054,0.0,0.8467815145980572,1.0,0.37101502872367564,1.0,0.21464711505225217,0.22210164919415482,1.0,0.4759311526455028,1.0,1.0,1.0,0.3374509534491147,0.5892187510137815,1.0,1.0,0.9741755575086017,0.6756168821040541,1.0,0.8394436555979049,0.0
gex_possorted_bam_1WGCZ:TCCATATTCGCTAGCAx-M2,1.0,1.0,0.0,1.0,1.0,1.0,0.2726189200911826,1.0,0.921453417970966,1.0,0.38240779701209127,0.5430401273042174,0.8557063112722516,0.6187891558969039,1.0,0.22461980022239653,0.11183580361904558,1.0,1.0,0.47347366031936833,1.0,1.0,1.0,1.0,0.5456883382124257,1.0,0.0,0.6713818172774538,0.997249786223803,1.0,0.8670726603645499,1.0,1.0,0.9536478916052642,0.0,1.0,0.22287139807691395,1.0,1.0,0.0,1.0,0.1911456127295903,0.7402563896607233,0.414785630669916,1.0,1.0,0.35749248047845633,0.18815330704892838,1.0,1.0,1.0,1.0,0.7874330349977957
gex_possorted_bam_1WGCZ:TCATGTTTCATGAAGGx-M2,0.05523621979951725,1.0,1.0,0.8842592110031711,0.006753181845318727,0.9330779820182986,1.0,0.5782783739157481,1.0,0.7239718589014712,1.0,1.0,1.0,1.0,0.18180621942357778,1.0,1.0,1.0,1.0,0.0,0.0,0.0,0.0,0.0,1.0,1.0,1.0,1.0,1.0,1.0,1.0,0.0,0.0,0.7982047004551565,1.0,0.2200211229182107,1.0,0.12689856040797481,0.12442650744347367,1.0,0.03102390793018756,1.0,1.0,1.0,0.03235120433101293,0.5571257403410137,1.0,1.0,1.0,0.4244235963718605,1.0,0.9037633725850434,0.0
gex_possorted_bam_1WGCZ:TCCATCATCCTGCGAAx-M2,1.0,1.0,0.0,1.0,1.0,1.0,0.26445386200934384,1.0,0.38057695136781017,1.0,0.18294433336450483,1.0,1.0,0.36323817867409647,1.0,0.12985702481939287,0.0,0.3076381349156572,1.0,0.915810849326762,1.0,1.0,1.0,1.0,0.615704687907387,1.0,0.0,0.9034902545657649,0.6492467545529804,1.0,0.6302854346586501,1.0,1.0,1.0,0.0,1.0,0.0,1.0,1.0,0.0,1.0,0.3130434025775214,0.8985216788792536,0.5558428623704843,1.0,1.0,0.6682205576659171,0.19761591549958266,1.0,1.0,1.0,1.0,0.803752204427074
gex_possorted_bam_1WGCZ:TCATGTTTCCCGCCTAx-M2,1.0,1.0,0.0,0.9222078759616915,1.0,1.0,0.5784124381050412,1.0,0.5230334067739545,1.0,0.7217606810053491,0.6227667353634422,0.9767165704090444,0.5316904359369525,1.0,0.5337216134120646,0.39780175990972705,1.0,1.0,0.6157285778871292,1.0,1.0,0.994904883279078,1.0,0.7736599933223407,0.7779842270056074,0.0,0.9798107382086177,1.0,0.9524039087993335,1.0,0.9756094332414076,1.0,1.0,0.0,1.0,0.2961420441476071,1.0,1.0,0.14237519020958436,0.4126055631684363,0.3118208652887813,0.5973423723494463,0.11881231445945419,1.0,1.0,0.04283679023413356,0.024412857643594986,0.8875453495655149,1.0,0.926645324252398,1.0,1.0
gex_possorted_bam_1WGCZ:TCCTTGCAGCGCCTTTx-M2,1.0,0.7762197309657161,0.0,1.0,0.9905122282496714,1.0,0.5670966979895488,1.0,0.4974957435996217,0.7369116407988106,0.18007073006250202,0.5945861293903963,0.7163471087702351,0.39466694528400253,1.0,0.3982754508595918,0.0,0.6239549626543486,1.0,0.43142124621288624,1.0,1.0,1.0,1.0,0.5215019145469678,0.8237279451440875,0.0,0.818505006850845,0.9421700986845248,1.0,0.7512490665476922,0.9453808049471036,1.0,0.9912832894167054,0.0,1.0,0.2025675211890757,1.0,1.0,0.0,1.0,0.3786042345885259,0.4964803593508219,0.016948730495106475,1.0,1.0,0.40814010672839557,0.28223116179520924,0.8595488409846619,0.8198665532623809,1.0,1.0,0.8612164166758802
gex_possorted_bam_1WGCZ:TCATTGCGTTAGCAGCx-M2,1.0,0.7814650640285845,0.0,0.986538634472687,1.0,1.0,0.3659295213129706,0.905735125852295,0.4722881358274226,1.0,0.477967236894558,0.2800044723915863,1.0,0.2007450561914014,1.0,0.7969609000069936,0.12501842947165676,1.0,1.0,0.8185126815846406,1.0,1.0,1.0,1.0,0.7094700779798779,0.8926846905046781,0.0,0.9578966443573146,1.0,1.0,0.9227682598561494,1.0,1.0,1.0,0.0,1.0,0.6339315607464614,1.0,1.0,0.08232097952440189,1.0,0.11874003931324092,0.6226502728717062,0.37672176227249304,1.0,1.0,0.038745464712842806,0.0,0.9367311691540395,0.8256692285882492,1.0,1.0,1.0
gex_possorted_bam_1WGCZ:TCCAGGTCATTAGCCAx-M2,1.0,1.0,0.3130201204364889,1.0,0.8131351306316188,1.0,1.0,1.0,0.7099003734629419,1.0,0.0,1.0,1.0,0.8510287693076749,1.0,0.7371884315014322,0.0,0.35720435631271225,0.975159181273025,0.7269688239022873,1.0,1.0,1.0,1.0,1.0,0.9823921942914067,0.0,1.0,1.0,1.0,1.0,1.0,1.0,1.0,0.0,1.0,0.6600773589650245,1.0,1.0,0.45631761942072346,0.8384246388984616,0.4858495527636686,0.9285003155758632,0.9598238236009017,1.0,1.0,0.4458845491815475,0.06050688197242244,1.0,1.0,1.0,1.0,1.0
gex_possorted_bam_1WGCZ:TCCGCCATCTGGTCCTx-M2,0.6222362895574007,0.5514355170493969,0.09845100753220877,0.5485612259124644,0.8295553691775265,0.9817422169454412,0.06817091914376705,0.6020802088128134,1.0,0.6952006455991668,0.403360534383713,0.052276836630458366,0.33641603366375333,0.11678690933682696,0.6874333313971477,0.24643296416220462,0.4064853841543998,0.6981041376917673,0.4319648292946073,1.0,0.8955568828063312,0.9278263478052668,0.6556774897165506,1.0,0.2716734769226981,0.48707150922056247,0.07217883898050696,0.5769683044337459,0.5828878671514256,0.5225746941760039,0.7813323333884543,0.5409355792914,0.6437089067783632,0.5353658016615818,0.17738155581417142,0.6720822454391695,0.34025311974478106,0.5551481687163816,0.5968993323694014,0.42810814099800454,0.6903358476541737,0.15508745777718028,0.4257860864484172,0.2567967252949767,0.6212206981962464,0.6470299221721016,0.07409179858298408,0.09034930161167068,0.5416237009557758,0.7011993853443094,0.6122312949746191,0.5466190714417128,1.0
gex_possorted_bam_1WGCZ:TCGGTAAGTGTGTGGTx-M2,1.0,0.7742667857631658,0.0,0.9054718816468237,1.0,1.0,0.18244430241255455,0.9930948774353802,0.432603978698814,0.9614562388909843,0.45439542120719406,0.41174183348593685,0.6673458253125786,0.35984138474758987,0.9858907825311796,0.0,0.11715107039455791,1.0,0.986016439827698,0.5889286132898435,1.0,1.0,1.0,1.0,0.5672278684775668,0.8267392382515669,0.0,0.8885601107921924,1.0,0.9117404672936518,0.6167381336973687,1.0,1.0,0.9906775762072756,0.0,1.0,0.1729620446941221,1.0,1.0,0.0,0.7850121601037454,0.21091219725269553,0.4239758650900528,0.0,1.0,1.0,0.02283669536703678,0.11028603917936335,0.885706436184598,1.0,0.8552289428727653,1.0,1.0
gex_possorted_bam_1WGCZ:TCTACCTCATAATCACx-M2,0.13751197951773753,1.0,1.0,0.9349296050289703,0.0,0.0,1.0,1.0,1.0,0.813677343817509,0.0,1.0,1.0,1.0,0.12414598682050255,1.0,0.0,0.0,1.0,0.0,0.0,0.0,0.0,0.0,1.0,1.0,1.0,1.0,1.0,0.31265760134728343,0.7421094602583784,0.0,0.0,0.8419196476332481,1.0,0.35322550345219744,1.0,0.005920389860262964,0.0,1.0,0.5635691638865574,1.0,1.0,1.0,0.214513082933168,0.4636699470747147,1.0,1.0,0.9903319460269572,0.5835669504207237,1.0,0.6652187687290748,0.0
gex_possorted_bam_1WGCZ:TCGTTATTCTACTAAGx-M2,1.0,1.0,0.1803090016719201,1.0,1.0,1.0,0.16422427267545733,1.0,1.0,1.0,0.0,1.0,0.9733412667669171,0.33305682501096023,1.0,0.14940769820756647,0.0,0.19579860658642606,0.8148862006119493,0.4991863549487723,1.0,1.0,1.0,1.0,0.5891266999457916,1.0,0.0,1.0,1.0,1.0,0.31401844261070583,1.0,1.0,1.0,0.0,1.0,0.23250296813989055,1.0,1.0,0.020624954971100114,1.0,0.2386876758308754,0.8835151055350533,0.5554191370054027,1.0,1.0,0.39425134235425613,0.0,1.0,1.0,1.0,1.0,1.0
gex_possorted_bam_1WGCZ:TCTAATCTCGTCAAGTx-M2,0.07129578021458631,1.0,1.0,1.0,0.33288075911662457,0.0,1.0,0.7578300735262264,1.0,0.9905555183197603,0.0,1.0,1.0,1.0,0.28338240102040935,1.0,0.0,0.0,1.0,0.0,0.0,0.0,0.0,0.0,1.0,1.0,1.0,1.0,1.0,1.0,1.0,0.15364063006951398,0.0,0.8284843283716314,1.0,0.27975904564171505,1.0,0.1671583326849206,0.19475019838456498,1.0,0.24795689797224188,1.0,1.0,1.0,0.020461441094959638,0.6026729036424529,1.0,1.0,1.0,0.8556337104091744,1.0,1.0,0.3281328372749418
gex_possorted_bam_1WGCZ:TCTAATCTCCCGTTGTx-M2,0.09797642952938718,1.0,1.0,1.0,0.04111602330980205,0.0,1.0,0.8507615474761114,1.0,0.7608368200757682,0.0,1.0,1.0,1.0,0.22292450179768913,1.0,0.0,0.0,1.0,0.0,0.0,0.0,0.0,0.0,1.0,1.0,1.0,1.0,1.0,0.864960346531447,1.0,0.5244392284275506,0.0,0.9358034449091622,1.0,0.24472744007429803,1.0,0.05052819944736412,0.04660736623277338,1.0,0.030892779902332905,1.0,0.9712438510477754,0.0,0.1401913067395582,0.5695970686485192,1.0,1.0,1.0,0.6825202505601352,1.0,1.0,0.0
gex_possorted_bam_1WGCZ:TCTACCTCATAGCAGGx-M2,1.0,0.7951494705526586,0.16248984286072063,1.0,1.0,0.7312531905440073,0.5066918373914077,1.0,0.32137781468554083,1.0,0.0,1.0,1.0,0.25109560885290355,1.0,0.0,0.0,0.0,0.6780992479413239,0.9665128617014993,0.8638229043870095,0.9110900434128285,1.0,1.0,0.41791583094485313,1.0,0.030824374891150162,0.8554529047091152,0.9793019178423112,0.9279807028046307,0.0,1.0,1.0,1.0,0.0,1.0,0.2038143217778573,1.0,1.0,0.0,1.0,0.17006780422920678,0.7569262950109362,0.0,1.0,1.0,0.5898439583652818,0.07820698390180418,0.9518718591746474,1.0,0.8958731848743227,0.882106749860882,0.24610590870436896
gex_possorted_bam_1WGCZ:TCTGGCTTCCCGCATTx-M2,0.0,0.8686951982776787,1.0,0.4634092725827931,0.0,0.018758777105931074,1.0,0.1446166148681675,1.0,0.3953620448654518,1.0,1.0,1.0,1.0,0.0,1.0,1.0,0.5876300635539811,1.0,0.0,0.0,0.0,0.0,0.0,1.0,0.6257973552761243,1.0,1.0,0.880632503124943,0.6958768772238046,1.0,0.0,0.0,0.3614754706072508,1.0,0.0,1.0,0.0,0.0,1.0,0.02279066374704762,1.0,1.0,1.0,0.0,0.2675455889712044,1.0,1.0,0.6398187760074064,0.11398069879603336,1.0,0.5045261655843967,0.0
gex_possorted_bam_1WGCZ:TCGCATTGTATTGTGGx-M2,1.0,0.9677410015182007,0.4357745254200398,0.9944151332270236,0.589773789891356,1.0,1.0,1.0,0.9631316611597454,1.0,0.0,1.0,0.978701304780075,0.5678646597532475,1.0,0.8111970569984652,0.0,0.12133706018538258,0.8336634721018266,0.7698332923685597,1.0,1.0,0.974764177493018,1.0,0.8869074060863659,0.9417723030784396,0.0,1.0,1.0,0.9906035731919275,1.0,1.0,0.9976160462615882,1.0,0.0,1.0,0.6303869630224491,1.0,1.0,0.5519372535741518,0.8601539075284658,0.14116034600061422,0.8372348375704488,0.8410835305597107,1.0,1.0,0.17893592363290906,0.0,1.0,0.9951096978779908,1.0,1.0,0.9351709917226361
gex_possorted_bam_1WGCZ:TCGATTAAGACAACAGx-M2,1.0,0.7882576553925179,0.4624240361645315,1.0,1.0,1.0,0.10666216384262861,1.0,0.6231248685289494,1.0,0.10012995458662478,0.5920788758748643,0.7974212627184468,0.3930484874483769,1.0,0.14639311348130918,0.0,0.3640152813163353,1.0,0.5860714823428539,1.0,1.0,1.0,1.0,0.38686910294368104,1.0,0.0,0.8223961876542802,0.7659624566784966,1.0,0.6115149784881675,1.0,1.0,1.0,0.0,1.0,0.13485744158779525,1.0,1.0,0.0,1.0,0.281013842744781,0.7485357922128859,0.3765314614621063,1.0,1.0,0.22672413184444723,0.0,0.981738030497729,1.0,1.0,1.0,0.5362492295002877
gex_possorted_bam_1WGCZ:TCGTTACGTTAGCCAAx-M2,1.0,1.0,0.0,1.0,1.0,1.0,0.4774294035269433,0.978577096480597,0.414711431446841,1.0,0.9194332407800972,0.5784990077954724,1.0,0.40937631955104575,1.0,0.6822457163163165,0.5070612051189659,1.0,1.0,0.6173819235484078,1.0,1.0,1.0,1.0,0.6888409147767703,0.9229758430148801,0.0,1.0,1.0,1.0,0.9193017260464793,1.0,1.0,1.0,0.0,1.0,0.09108154526018436,1.0,1.0,0.0,0.7177061793411529,0.041899948043541066,0.6117854924171213,0.292506408918304,1.0,1.0,0.0,0.0,1.0,1.0,0.8972138317774991,1.0,1.0
gex_possorted_bam_1WGCZ:TCTAGCGAGGGACCTCx-M2,1.0,1.0,0.43002942726169296,1.0,1.0,1.0,0.27839325937169973,1.0,1.0,1.0,0.0,1.0,1.0,0.8144686711869233,1.0,0.26311234081634133,0.0,0.2039270744404242,0.8083506152903003,1.0,1.0,1.0,1.0,1.0,0.6658478765445519,1.0,0.0,1.0,1.0,1.0,0.8041099399606559,1.0,1.0,1.0,0.0,1.0,0.16976075514590425,1.0,1.0,0.0,1.0,0.4362114205911728,1.0,1.0,1.0,1.0,1.0,0.06455270207581254,1.0,1.0,1.0,1.0,0.8551079287922159
gex_possorted_bam_1WGCZ:TCTAATCTCGAAGTGAx-M2,1.0,0.9298562789051918,0.0,0.9031253468083109,1.0,1.0,0.27228745825428663,0.9068261859760652,0.8044865361754029,1.0,0.377312372165464,0.5499914764216197,0.7745581767025872,0.1544993423622851,1.0,0.0,0.1738667686746223,0.8996701542601325,1.0,0.7945205317937073,1.0,1.0,1.0,1.0,0.5735635738281213,0.8078178461420605,0.0,0.8707601895466419,1.0,0.9384238237579103,1.0,0.8828358550136511,1.0,0.9372957947543062,0.0,1.0,0.14056156611968382,1.0,1.0,0.06007447775613449,0.723018775315196,0.10909134948114042,0.42671467801838325,0.49502500398455246,1.0,1.0,0.0,0.0,0.9159696020771091,0.9753408583907496,0.9595649439185312,1.0,1.0
gex_possorted_bam_1WGCZ:TCGTGCTTCATAATCGx-M2,1.0,0.5736242370212441,0.0,0.9285539175617177,1.0,1.0,0.07493144789508259,1.0,0.504473052459432,0.9497593538132334,0.2985907368020008,1.0,0.7618393723451875,0.3393452577085688,1.0,0.23348340414678082,0.15612389401769888,0.8307835675479504,0.8312060427481845,0.4928909834003663,1.0,1.0,1.0,1.0,0.45476192209549327,0.8916678644320843,0.0,0.5491595111036566,0.5569498055382859,1.0,0.06824430761617435,1.0,1.0,0.9284753056056998,0.0,0.9814502167075622,0.051427320077599266,0.9779752377470048,0.983369370606107,0.0,1.0,0.0,0.6163322360443763,0.0,1.0,0.9753682953721146,0.27164115461554694,0.0,0.7873340813692599,1.0,0.8103695457585898,0.9415922866869604,0.22411133311989043
gex_possorted_bam_1WGCZ:TCGTTAAAGGATTGAGx-M2,1.0,1.0,0.47273397453130733,1.0,1.0,0.934560844644982,0.4374469534624428,1.0,0.9316374475569896,1.0,0.0,1.0,1.0,0.36341194016280054,1.0,0.3068437521497369,0.0,0.0,0.8228396499280908,0.8941354897424535,1.0,1.0,1.0,1.0,0.22345078480595337,1.0,0.0,1.0,1.0,1.0,0.5516469233091976,1.0,1.0,1.0,0.0,1.0,0.2669176002670755,1.0,1.0,0.0,1.0,0.3268172615551763,1.0,0.6520723000198895,1.0,1.0,0.9542074749352215,0.002235152162187481,1.0,1.0,1.0,1.0,0.2653647846888261
gex_possorted_bam_1WGCZ:TCTCACCAGACAACGAx-M2,1.0,1.0,0.0,1.0,0.7745992174803475,1.0,0.976158477415377,1.0,0.5961994848295024,1.0,0.0,1.0,0.9334097432828306,0.23674803872379033,0.9493973965810122,0.3216588245088403,0.0,0.03902286248969386,0.742595555201937,0.8877776420378896,1.0,1.0,1.0,1.0,0.844698634601657,0.8774335977176201,0.0,1.0,1.0,0.9059524100071958,0.7629568748811153,0.9310853009530582,1.0,1.0,0.05983650534327465,1.0,0.3611230999762913,1.0,1.0,0.0012827100545028554,1.0,0.33692240810791146,0.6853240268952397,0.4277878276447318,1.0,1.0,0.34671909030121145,0.0,0.9302164598750187,1.0,0.6925056474762896,0.9960010211891124,0.9007997010456544
gex_possorted_bam_1WGCZ:TCGGTAAGTGTCACGGx-M2,1.0,1.0,0.0,1.0,0.9093041328749939,1.0,0.7054542757656362,1.0,0.07104462615112106,1.0,1.0,0.7470090086838872,0.8961632669698398,1.0,1.0,1.0,1.0,1.0,1.0,0.5535904102721341,1.0,1.0,1.0,1.0,0.937471585580806,0.9036180641147445,0.0,1.0,1.0,1.0,1.0,1.0,1.0,1.0,0.0,1.0,0.16977472423719506,1.0,1.0,0.16049443216580384,0.4831602063137507,0.520806323597513,0.733578562675027,0.3304613605788375,1.0,1.0,0.21374655259096426,0.1254717147202633,1.0,1.0,0.9972277094993566,1.0,0.8608240223314677
gex_possorted_bam_1WGCZ:TCGGTTCTCCTCAGTCx-M2,0.8287620012753687,0.489180671422458,0.0,0.6932946483409378,0.7720611385106333,1.0,0.0,0.7434441564471704,0.0,0.6115151599182613,0.35288633299494204,0.3310595717869995,0.3634535574861557,0.3086919271651228,0.7093212452123858,0.15402428966651732,0.19758414269053165,0.8486711691174054,0.5334412358847883,0.7013649198651074,1.0,1.0,0.8083655402116229,1.0,0.0,0.49778330401489096,0.0,0.5736831952411178,0.6636411407844901,0.7063057768908048,0.45254968334379064,0.6752311658757151,0.762669502076967,0.7043177751877513,0.0,0.914307162628071,0.11571323604136442,0.7185878504086846,0.7546709787296224,0.0,0.7086714452817054,0.11887274834976047,0.42870674249536916,0.0,0.8880914097779258,0.738763574407444,0.0,0.17570536700144448,0.5615314977031162,0.7121172896855601,0.44195707985033267,0.7095581695484988,1.0
gex_possorted_bam_1WGCZ:TCGTGCTTCTGGTCCTx-M2,0.5721202721939492,0.44099725437518106,0.0026866065161850034,0.6451518545101139,0.5666743363154602,0.35652419047515654,1.0,0.6674357654020052,1.0,1.0,0.0,0.0,1.0,1.0,0.6349106418692647,1.0,0.0,0.3177711418830296,1.0,0.34485441821482227,0.3970049335869282,0.3845708276997734,0.6747489083377953,0.39458437795529894,1.0,0.7822302838548737,0.8427009766708929,1.0,1.0,0.8398282003833679,1.0,0.2820199209533894,0.26326621296762515,0.8088810195077563,0.6444416007948955,0.6775928926384656,1.0,0.4058912800888798,0.4680081533570032,0.8803978325413314,0.7915069356368054,1.0,0.8097543836173502,1.0,0.0,0.5798229085875735,1.0,1.0,0.7997670269561483,0.309474745746976,0.9993765375005039,0.845915648170849,1.0
gex_possorted_bam_1WGCZ:TCTAGCACATAGCGGAx-M2,1.0,1.0,0.20369016952040872,1.0,1.0,1.0,0.8099902944127069,1.0,0.6822417404045338,1.0,0.0,0.7819315752085577,1.0,0.5520757977643957,1.0,0.3128987100851604,0.0,0.6048353347833978,1.0,1.0,1.0,1.0,1.0,1.0,0.7855226466823798,1.0,0.0,1.0,1.0,1.0,1.0,1.0,1.0,1.0,0.0,1.0,0.2195428082786831,1.0,1.0,0.028067549784501836,1.0,0.12777691022162163,0.8753960491436906,0.7676163504462363,1.0,1.0,0.4718190085857028,0.0,1.0,1.0,1.0,1.0,1.0
gex_possorted_bam_1WGCZ:TCTCAAGCACTAAATCx-M2,1.0,1.0,0.0,1.0,1.0,1.0,0.4327437472547637,1.0,0.5149151557417401,1.0,0.22160847526424463,0.8780743530348935,1.0,0.3738658027218331,1.0,0.32350911040603986,0.000632996269053086,0.8766095150728342,1.0,0.8601353346945764,1.0,1.0,1.0,1.0,0.727401281961833,1.0,0.0,1.0,1.0,1.0,0.9093437083156595,1.0,1.0,1.0,0.0,1.0,0.07176213416196901,1.0,1.0,0.0483302886177575,1.0,0.38670535546262186,0.9653964696852698,0.47656617663803363,1.0,1.0,0.2787211879558724,0.0,1.0,1.0,0.9457997821648891,1.0,1.0
gex_possorted_bam_1WGCZ:TCTAACCGTACTTAGGx-M2,1.0,0.9445646112949962,0.18584469922624933,1.0,1.0,1.0,0.5262203823765691,1.0,0.489719084323291,1.0,0.0,0.7722353910866455,1.0,0.3232059192391423,1.0,0.1542040707949296,0.0,0.1821275093988282,1.0,0.8020113957829923,1.0,1.0,1.0,1.0,0.6535928349555028,1.0,0.0,1.0,1.0,1.0,0.7117430705465555,1.0,1.0,1.0,0.0,1.0,0.11014264655164695,1.0,1.0,0.0,1.0,0.08964603638507611,0.7869840540866072,0.4906167843749584,1.0,1.0,0.34644978966618056,0.0,1.0,1.0,1.0,1.0,0.6636545290995044
gex_possorted_bam_1WGCZ:TCTAGCGAGCAATAGGx-M2,1.0,0.8996418732467718,0.7955541119447652,1.0,1.0,1.0,0.0,1.0,0.41691315580716615,1.0,0.0,1.0,0.926189738177421,0.3426021227904316,1.0,0.1966355630602607,0.0,0.0,0.8855728236001387,0.779748278701365,1.0,1.0,1.0,1.0,0.3574470591670035,1.0,0.0,1.0,1.0,1.0,0.2695127049093241,1.0,1.0,1.0,0.0,1.0,0.0023256485042511066,1.0,1.0,0.0,1.0,0.21684338322419658,0.9147233629981782,0.2590978722414219,1.0,1.0,0.5508360214467091,0.0,1.0,1.0,1.0,1.0,0.5525698011544518
gex_possorted_bam_1WGCZ:TCTACCTCACCTGCCTx-M2,1.0,1.0,0.0,1.0,1.0,1.0,0.5107319567813728,1.0,0.351268121635458,1.0,0.7915891884603578,0.7721240565229521,0.9405114950343809,0.3975884816425502,1.0,0.4546823461717695,0.3988241261234808,1.0,1.0,0.798345754861836,1.0,1.0,1.0,1.0,0.7763133283229726,0.9352657060005422,0.0,1.0,1.0,1.0,1.0,1.0,1.0,1.0,0.0,1.0,0.21741934855962,1.0,1.0,0.0,0.7606448327915152,0.1103635953378096,0.6929252702573525,0.4026315611192417,1.0,1.0,0.10771990978551563,0.0,1.0,1.0,1.0,1.0,1.0
gex_possorted_bam_1WGCZ:TCTCAATTCGTGCTTCx-M2,1.0,1.0,0.5461991916536496,1.0,1.0,1.0,0.031070981348990747,1.0,0.0,1.0,0.339086806643422,0.7042165571260812,1.0,0.44936737142684674,1.0,0.3978371473208596,0.0,0.7149886990280269,1.0,0.9474254123858395,1.0,1.0,1.0,1.0,0.4816664195314888,1.0,0.0,1.0,0.6844703932488646,1.0,1.0,1.0,1.0,1.0,0.0,1.0,0.20253713644248242,1.0,1.0,0.0,1.0,0.28585804357403544,0.9968610591184356,0.8688235929076594,1.0,1.0,0.6472171856258783,0.0,1.0,1.0,1.0,1.0,1.0
gex_possorted_bam_1WGCZ:TCGTTAAAGTAGGATGx-M2,1.0,1.0,0.12126348763724425,1.0,1.0,1.0,0.06467622095998381,1.0,0.28330604776796,1.0,0.05496323131929617,0.6663682161755484,0.9808109381721869,0.4806633188224864,1.0,0.4284622375485135,0.0,0.2975662207120092,0.9271035523177854,0.56804578002683,1.0,1.0,1.0,1.0,0.346464473998432,1.0,0.0,1.0,1.0,1.0,0.590287266077276,1.0,1.0,1.0,0.0,1.0,0.14372473662217566,1.0,1.0,0.0,1.0,0.2886476847376969,0.7835901973976754,0.7381552770981646,1.0,1.0,0.186368008526975,0.0,1.0,1.0,1.0,1.0,0.45145356613070897
gex_possorted_bam_1WGCZ:TCTACTAGTCACCTATx-M2,1.0,0.4834651963339653,0.49973719486585116,1.0,1.0,1.0,0.22132173208099615,0.9982509179887867,0.7077882084839571,1.0,0.0,0.8161628311022006,0.7383838851124338,0.38065721524017865,1.0,0.24760099619714873,0.0,0.0,0.45292456419776517,0.8926210704305901,1.0,1.0,1.0,0.9975844744518115,0.6423505942347792,1.0,0.0,1.0,0.6219546289078272,1.0,0.0646726341801925,1.0,1.0,1.0,0.0,1.0,0.03927949838959912,0.9813739353933166,1.0,0.09760732630536914,1.0,0.26075682175119286,1.0,0.6136892231920147,1.0,1.0,0.5179051591432552,0.0,1.0,1.0,0.7020615438468923,1.0,1.0
gex_possorted_bam_1WGCZ:TCTAGCGAGGACACTTx-M2,1.0,1.0,0.154633116839508,0.953870285152426,1.0,1.0,0.5583836550113257,1.0,0.2925888921045005,1.0,0.3293516271128291,1.0,1.0,0.44401277629937014,1.0,0.6787592124198967,0.29498005482011364,1.0,1.0,0.7048989182340987,1.0,1.0,1.0,1.0,0.8550073583300031,0.9598030797919065,0.0,1.0,1.0,1.0,1.0,1.0,1.0,1.0,0.0,1.0,0.6318343818601662,1.0,1.0,0.07614589908272283,0.924391459657254,0.7883085338174497,0.7663436984781097,0.5013956994098592,1.0,1.0,0.3456081626294753,0.29995423791234155,1.0,0.9645940668002414,1.0,1.0,1.0
gex_possorted_bam_1WGCZ:TCTTAGTTCGGTACGCx-M2,0.0,1.0,0.9155171292760733,0.23218469847897366,0.0,0.0,0.43967433412283863,0.18603665311287693,0.0,0.0,0.2806831090214259,0.0,1.0,1.0,0.0,1.0,0.0,0.01779259903935269,1.0,0.0,0.0,0.0,0.0,0.0,1.0,0.024275016494875838,1.0,0.0,1.0,0.5128999624640268,0.5947536646180407,1.0,0.0,0.637804368932744,1.0,0.039778663184677626,1.0,0.0,0.0,1.0,0.8229581311472323,0.0,0.939005723542179,0.9119751023313037,0.03939983653394243,0.14650782581777808,1.0,0.8632007149745772,0.1815789815040029,0.05517068740862619,1.0,0.12987554851837077,0.0
gex_possorted_bam_1WGCZ:TCGCGCACAAAGGCCAx-M2,0.024901582648167823,1.0,1.0,0.8917157910860033,0.0,1.0,1.0,0.5463143259207779,1.0,0.6720947647393318,1.0,1.0,1.0,1.0,0.24420967231440177,1.0,1.0,1.0,1.0,0.0,0.0,0.0,0.0,0.0,1.0,1.0,1.0,1.0,1.0,1.0,1.0,0.0,0.0,0.5601351672151639,1.0,0.24923582508051315,1.0,0.20474103319481485,0.10896762834448052,1.0,0.31667298813753186,1.0,1.0,1.0,0.04812866304870657,0.4714762330569298,1.0,1.0,1.0,0.4232573317776999,1.0,0.8923143415750429,0.0
gex_possorted_bam_1WGCZ:TCGCGAGGTTGAGCCGx-M2,0.6267679757245251,1.0,1.0,1.0,0.5839225900860688,0.7717010987654184,1.0,1.0,1.0,1.0,0.045805215723474874,1.0,1.0,1.0,0.7203823500473576,1.0,0.27427036740083477,0.5378659400411394,1.0,0.0,0.35513021150146773,0.0,0.47893682461695886,0.14018257689133704,1.0,1.0,1.0,1.0,1.0,1.0,1.0,0.6331730421595652,0.4549389340260927,1.0,1.0,0.7884331309970127,1.0,0.6368035323481009,0.6674299884991263,1.0,0.8886464190748742,1.0,1.0,1.0,0.7264298230857079,0.8563599787378462,1.0,1.0,1.0,0.9525136155948908,1.0,1.0,0.2021755519103806
gex_possorted_bam_1WGCZ:TCGTTAAAGATAGACGx-M2,0.53538222840992,1.0,1.0,1.0,0.4946810863523791,0.585936391183301,1.0,0.9394042072440607,1.0,1.0,0.0,1.0,1.0,1.0,0.6488041556076878,1.0,0.20120159221737408,0.4325998722541844,1.0,0.0,0.2591546323827757,0.0,0.3555028070561829,0.1206863287415204,1.0,1.0,1.0,1.0,1.0,1.0,1.0,0.46652267581865514,0.3681792535565314,1.0,1.0,0.7384248187025608,1.0,0.6078793089798078,0.6350939200192306,1.0,0.6874069306151627,1.0,1.0,1.0,0.6555922298468687,0.8086638936071624,1.0,1.0,1.0,0.8401656720217865,1.0,1.0,0.3802050945939385
gex_possorted_bam_1WGCZ:TCTGGCTTCGCAACATx-M2,1.0,0.994273092536213,0.0,1.0,1.0,1.0,0.4313279532248664,0.9232063624386123,1.0,0.9551698547107131,0.19951661070181095,1.0,1.0,0.39392286587092396,1.0,0.2888675184952852,0.0353099759377048,0.5765561024335263,1.0,0.5955404187681493,1.0,1.0,1.0,1.0,0.8170304229551543,0.8889180611194047,0.0,0.9455767141808235,0.9942844699762832,1.0,0.8121716055099909,1.0,1.0,0.9498174798346025,0.015163814248688064,1.0,0.2942413795964217,1.0,1.0,0.2119426006211023,0.9218558427626152,0.6086819920871848,1.0,0.5468250886131412,1.0,1.0,0.24635608596506933,0.4825872152318415,1.0,1.0,1.0,1.0,0.9715600535271915
gex_possorted_bam_1WGCZ:TCGCCCATCAGCTAACx-M2,0.04690849987907009,1.0,1.0,0.9898227950510307,0.38088453062388705,0.0,1.0,0.832442117326313,1.0,1.0,0.0,1.0,1.0,1.0,0.2560692142918954,1.0,0.0,0.0,1.0,0.0,0.0,0.0,0.0,0.0,1.0,1.0,1.0,1.0,1.0,0.6551888988601929,1.0,0.44279133756349814,0.0,0.8666650393663317,1.0,0.26866476993577854,1.0,0.1150709666381631,0.10269578884927297,1.0,0.20636498544243165,1.0,1.0,0.8868090599023485,0.09548794624763561,0.6000610984106666,1.0,1.0,1.0,0.7884717043734059,1.0,1.0,0.6775542052129906
gex_possorted_bam_1WGCZ:TCGTTACGTAGTTAACx-M2,0.1094910463741319,1.0,1.0,0.874877647424279,0.0,0.47944635594698354,1.0,0.848254283425408,1.0,1.0,0.32066829902297717,1.0,1.0,1.0,0.3364423038396933,1.0,1.0,1.0,1.0,0.0,0.0,0.0,0.0,0.0,1.0,1.0,1.0,1.0,1.0,0.9719026751728274,1.0,0.0,0.0,0.8561833633080567,1.0,0.44277035621868527,1.0,0.22065945174879315,0.14792212665304372,1.0,0.4391833165088957,1.0,1.0,1.0,0.24327353103565671,0.5785622467173368,1.0,1.0,1.0,0.5538687734062794,1.0,0.9438395374930661,0.0
gex_possorted_bam_1WGCZ:TCTCAATTCGCTAAACx-M2,0.21058682639895693,1.0,1.0,0.9639913842235436,0.0,0.0,1.0,1.0,1.0,0.7948127954868123,0.0,1.0,1.0,1.0,0.2250880921023776,1.0,0.0,0.0,1.0,0.0,0.0,0.0,0.0,0.0,1.0,1.0,1.0,1.0,1.0,0.49624924942692206,1.0,0.19992159751019847,0.0,0.9002470070614036,1.0,0.3973157493868309,1.0,0.1377428849737605,0.1319242484381149,1.0,0.6291049939147085,1.0,1.0,0.9387327315800279,0.25179492669513753,0.55041138071982,1.0,1.0,1.0,0.7289755647798072,1.0,0.7784035745469606,0.0
gex_possorted_bam_1WGCZ:TCTCCTCGTGAGCGAAx-M2,0.9496023821270916,0.7894695500465433,1.0,0.9935630078868748,1.0,1.0,0.0,0.8766112067750804,0.8199280260064766,1.0,0.0,0.8032216695754648,0.7874007822285534,0.36489346687106833,1.0,0.16243235019127866,0.0,0.0,0.21326684952718256,0.9488492378795172,0.8230003672225544,1.0,1.0,0.9329643851265785,0.7598918074579655,1.0,0.0,0.7986355415184699,0.3704963884017378,1.0,0.2409578521058529,1.0,1.0,1.0,0.0,1.0,0.0,0.9718274268276035,1.0,0.0,1.0,0.0,1.0,0.7102665745271194,1.0,0.9718846583006961,0.835083184432227,0.0,0.9880438195666355,1.0,0.6698799296347827,1.0,1.0
gex_possorted_bam_1WGCZ:TCTGTGACAGGAAGCCx-M2,1.0,1.0,0.7384832112515052,1.0,1.0,1.0,0.05882059716253414,1.0,0.2700851292929619,1.0,0.0,0.6270224410887787,0.8543673630263927,0.3575346457173956,1.0,0.1383991032408592,0.0,0.0,0.8064677681663193,0.6969386266550933,1.0,1.0,1.0,1.0,0.4634034868680552,1.0,0.0,0.8933138898111895,0.9569011933917521,1.0,0.05333816988365189,1.0,1.0,1.0,0.0,1.0,0.07713052697435652,1.0,1.0,0.0,1.0,0.285137544478736,0.8232758460912843,0.36409891425975044,1.0,1.0,0.6549863853584695,0.0,1.0,1.0,1.0,1.0,0.719218879043746
gex_possorted_bam_1WGCZ:TCGTTAAAGAGGAGTCx-M2,1.0,0.6118460344700053,0.09029681221055805,0.9002608256288093,1.0,1.0,0.0,0.8014367699333446,0.25742936361295227,0.9292597655613886,0.2055032774805143,0.5205036526597281,0.7732090550234263,0.13670271721769617,1.0,0.25664508594498897,0.0,0.30997128668648544,0.6819219636769387,0.8290630711152873,1.0,1.0,1.0,1.0,0.15641851675808666,0.8864213676532372,0.0,0.7504361982979004,0.7451174419379167,1.0,0.30516886376198765,1.0,1.0,0.8275209442304068,0.0,0.9685201825726354,0.06561541830827461,0.9644407663443038,0.9302470530989033,0.0,1.0,0.065853516425825,0.6084614062127282,0.7274454455448847,0.890606149954956,1.0,0.6071020665875065,0.0,0.8564645323004022,1.0,0.9076475435710057,0.9425492002298086,0.7190569525525813
gex_possorted_bam_1WGCZ:TCTCACCAGTGAACGAx-M2,1.0,1.0,0.6758813737252337,1.0,1.0,1.0,0.6200535413491884,1.0,0.6046241240645837,1.0,0.044989860451963036,1.0,0.9261604547913475,0.3766247107069072,1.0,0.0,0.0,0.4663901476182329,0.993503230929121,0.5586912729890685,1.0,1.0,1.0,1.0,0.8619723558392841,1.0,0.0,1.0,1.0,1.0,1.0,1.0,1.0,1.0,0.0,1.0,0.3155328791306719,1.0,1.0,0.039430379403589844,1.0,0.10784836014323368,0.7550117344413846,1.0,1.0,1.0,0.4300389386366257,0.0,1.0,1.0,1.0,1.0,0.9051523137823252
gex_possorted_bam_1WGCZ:TCGTCAACACATTAACx-M2,0.7765568226209691,1.0,1.0,1.0,1.0,0.27515715172562527,1.0,1.0,1.0,1.0,0.0,0.2736019620213328,1.0,0.8601077584569261,0.9495217708275296,0.0,0.0,0.0,0.46122152263539645,0.15409672867536348,0.0,0.3407921023322923,1.0,0.0,1.0,1.0,0.6120587642478809,0.5134677517593854,1.0,0.44544002584573955,0.0,1.0,1.0,1.0,0.2105479291727744,0.8590647530019927,0.0,1.0,1.0,0.0,1.0,0.0,0.8581510773304181,1.0,0.25667825959385726,1.0,1.0,0.0,1.0,1.0,0.8280332617377508,1.0,0.0
gex_possorted_bam_1WGCZ:TCTAACCGTGAGGTAGx-M2,1.0,1.0,0.0,1.0,1.0,1.0,0.6086482235673966,1.0,0.5657584053584214,1.0,0.0,1.0,1.0,0.2800914051221193,1.0,0.13650993327785513,0.0,0.6669958375095755,0.9874352696791335,0.7202531882757522,1.0,1.0,1.0,1.0,0.8991324990411135,0.9839638083488594,0.0,1.0,1.0,1.0,0.908133045191375,1.0,1.0,1.0,0.0,1.0,0.0,1.0,1.0,0.02039711213807399,1.0,0.4304676964514935,0.9797772688061577,0.9257907655348839,1.0,1.0,0.28261625868699647,0.0,1.0,1.0,1.0,1.0,1.0
gex_possorted_bam_1WGCZ:TCTAACTTCGCATTAAx-M2,1.0,1.0,0.3121144355426209,1.0,0.9990215079672383,1.0,0.9159645696771028,1.0,0.7530255614107108,1.0,0.0,0.901549513462088,1.0,0.6712288699077068,1.0,0.35280785550149024,0.0,0.3723339350065095,0.9630356702680675,0.7809406168086269,1.0,1.0,1.0,1.0,1.0,1.0,0.0,1.0,0.9824847152477337,0.9275087155679332,0.5720261004641317,1.0,1.0,1.0,0.0,1.0,0.1917866184906754,1.0,1.0,0.1404726508049574,1.0,0.38075931194867696,0.8643326404534482,0.4531180665098803,1.0,1.0,0.7321515093894952,0.0,1.0,1.0,1.0,1.0,0.6455230297300025
gex_possorted_bam_1WGCZ:TCTTCAAGTCGTAAATx-M2,1.0,0.9038082562434786,1.0,1.0,1.0,1.0,0.0,1.0,1.0,1.0,0.0,1.0,1.0,0.7639866699488519,1.0,0.32039809151874193,0.0,0.0,0.15298274378055446,0.6207354550293006,0.7163778157316467,1.0,1.0,0.8783884866752059,1.0,1.0,0.0,1.0,0.6939980241217355,1.0,0.0,1.0,1.0,1.0,0.0,1.0,0.010547682010977616,1.0,1.0,0.0,1.0,0.0,1.0,1.0,1.0,1.0,1.0,0.0,1.0,1.0,0.908013302479192,1.0,1.0
gex_possorted_bam_1WGCZ:TCTAATCTCGATTCTTx-M2,1.0,1.0,0.0,1.0,1.0,1.0,0.7067362739113736,1.0,0.6377120415560675,1.0,0.194636218361523,0.8153212087903624,0.9995278377862136,0.4485748244962319,1.0,0.4151281153806668,0.0,0.7740821946857499,1.0,0.6795167926801313,1.0,1.0,1.0,1.0,0.7587637376543617,0.8900303320490185,0.0,0.9966893316857075,1.0,1.0,1.0,1.0,1.0,1.0,0.0,1.0,0.22078668877493496,1.0,1.0,0.12742139638127273,0.961709386109856,0.2673278450366395,0.7603567696204317,0.38541948818891497,1.0,1.0,0.20569366141853082,0.04277159671551405,0.9623314437227508,0.9906902251447187,1.0,1.0,0.9730224369089489
gex_possorted_bam_1WGCZ:TCTACCTCAGGGAGCTx-M2,0.016240591509513968,1.0,1.0,0.9804510274978309,0.0,1.0,1.0,0.5404273308170889,1.0,0.49056429501596255,1.0,1.0,1.0,1.0,0.20743037258930064,1.0,1.0,1.0,1.0,0.0,0.0,0.0,0.0,0.0,1.0,1.0,1.0,1.0,1.0,1.0,1.0,0.0,0.0,0.6124647630827593,1.0,0.22048966514534107,1.0,0.18535157389257426,0.05421806784805554,1.0,0.10058314268773866,1.0,1.0,1.0,0.06877014844872018,0.5554195110308278,1.0,1.0,1.0,0.3836652176306791,1.0,0.9764791124980557,0.0
gex_possorted_bam_1WGCZ:TCTCACCAGAGAGGAGx-M2,1.0,1.0,0.0,1.0,1.0,1.0,0.5599884085466564,1.0,0.3636160369842007,0.9477598642749215,0.6468651148450917,0.7050371521206057,1.0,0.5139257333864715,1.0,0.4719429284524302,0.2966180667773507,1.0,1.0,0.7528330452567923,1.0,1.0,1.0,1.0,1.0,0.9823438817256932,0.0,1.0,0.9439868205601072,1.0,0.8905879520201656,1.0,1.0,1.0,0.0,1.0,0.11565191409823986,1.0,1.0,0.011575705942851996,0.9683421048774814,0.26906094984874157,0.8541640964728129,0.9102226715516157,1.0,1.0,0.36815119914254707,0.0,1.0,1.0,1.0,1.0,1.0
gex_possorted_bam_1WGCZ:TCGGTTCTCATCCTCAx-M2,0.7079563776302047,1.0,1.0,1.0,1.0,0.4924690394801504,1.0,1.0,1.0,1.0,0.0,0.0,1.0,0.6661754613606504,0.5918613011404924,0.0,0.0,0.0,0.4742374481279414,0.9200891262797333,0.4326802680091871,0.46825508205811156,1.0,0.19314788084135798,1.0,1.0,0.6048227671452147,0.4520722136963017,1.0,0.1976910910126068,0.0,1.0,0.9284539462208898,1.0,0.2760594510993605,0.7592735801957223,0.0,0.8493778452206361,1.0,0.1601955085787366,1.0,0.10705458218118985,0.632171173683777,1.0,0.3165506288441028,1.0,1.0,0.0,1.0,1.0,0.46882099274154493,0.7388518375191815,0.5355697600936492
gex_possorted_bam_1WGCZ:TCTTAGCGTGTAATACx-M2,1.0,1.0,0.0,0.9070454327211748,0.9926245212274001,0.0,0.11676701869421927,1.0,0.48217315212196,0.988562701277214,0.0,0.8090130994804788,1.0,0.2539192109372834,1.0,0.5443853021010109,0.0,0.0,0.475671512389614,0.22803189203350763,1.0,0.573163185678937,1.0,0.9983706720711055,0.12125891623155402,1.0,0.0,0.9892969400455577,0.6330916586029105,0.9648456904475602,0.37575007853982006,1.0,1.0,0.7849755493469891,0.2235161617887238,0.9626082219571646,0.10127953435251184,1.0,1.0,0.0,1.0,0.09371085822860566,0.4011574578154509,0.7184487991033528,0.8425704970560776,1.0,1.0,0.07127396480354699,0.9498259185623157,1.0,1.0,0.9057384443435939,0.0
gex_possorted_bam_1WGCZ:TCTACCTCAGGAACATx-M2,0.7776183936114226,1.0,1.0,1.0,1.0,0.4771708324659387,1.0,1.0,1.0,1.0,0.0,0.4090384605150082,1.0,0.9886940279017288,1.0,0.0,0.0,0.0,0.3516073980218495,0.41898383595155253,0.09478121865739358,0.36924398611920306,1.0,0.0,1.0,1.0,0.5337724667868157,0.6245046497906829,1.0,0.506635996030299,0.0,1.0,1.0,1.0,0.22223663535036192,0.9447133645673378,0.0,1.0,1.0,0.1193098366762249,1.0,0.0,1.0,1.0,0.4697036377139557,1.0,1.0,0.0,1.0,1.0,0.7657454027607805,1.0,0.49347339913852795
gex_possorted_bam_1WGCZ:TCTAGCCTCGCGACACx-M2,1.0,0.8841561288581478,0.31042536767107043,1.0,1.0,1.0,0.35889937003994415,1.0,0.4502156526918687,1.0,0.18026114203711335,0.7239375612978866,0.9348641636561779,0.22292232784433938,1.0,0.06536140489720019,0.0,0.3377999206564749,1.0,0.9096003734454915,1.0,1.0,1.0,1.0,0.41831043046949373,1.0,0.0,0.8297026484190986,1.0,1.0,1.0,1.0,1.0,1.0,0.0,1.0,0.16991765092831326,1.0,1.0,0.0,1.0,0.0,0.6897988072699451,0.3819106103732937,1.0,1.0,0.24437664516924074,0.0,1.0,1.0,0.9630848056577621,1.0,0.8237468643889109
gex_possorted_bam_1WGCZ:TCGTTAAAGGGCCACTx-M2,0.08935697394011184,1.0,1.0,1.0,0.11735713423226679,0.0,1.0,0.892560545669724,1.0,0.5853824773609707,0.0,1.0,1.0,1.0,0.07787670448551,1.0,0.0,0.0,1.0,0.0,0.0,0.0,0.0,0.0,1.0,1.0,1.0,1.0,1.0,0.931439222452076,1.0,0.08663351653860556,0.0,1.0,1.0,0.26328840582876983,1.0,0.10678677002426604,0.11402835303093922,1.0,0.2571762335516922,1.0,1.0,1.0,0.03920093263656943,0.5727057882529293,1.0,1.0,1.0,0.7521797431569011,1.0,0.9855710759645631,0.0
gex_possorted_bam_1WGCZ:TCTGTGACAACAGCCTx-M2,1.0,1.0,0.0,1.0,0.9823096325152398,1.0,0.5230818584494813,1.0,0.6284238467936235,0.9274928676668242,0.18296259955574148,0.8269133297809909,0.8232942504644812,0.4475868246300026,1.0,0.19894952151776596,0.0,0.6455663113664016,1.0,0.6329001087060615,1.0,1.0,1.0,1.0,0.5067677495956628,0.8797472896370321,0.0,0.8457486705667847,1.0,1.0,0.8287536929303277,0.9916434716603433,1.0,1.0,0.0,1.0,0.06759090036535727,1.0,1.0,0.0,1.0,0.2514690693159292,0.6598681308474795,0.0,1.0,1.0,0.24358745585965613,0.11752172679109849,0.9487617413417792,0.9437782173599271,1.0,1.0,0.8890806827701221
gex_possorted_bam_1WGCZ:TCGTTACGTTGAAGCCx-M2,1.0,0.9677759483299391,0.0,0.992675780121329,1.0,0.8225131226272006,0.29608437651376684,1.0,0.6365985584763636,0.8783579748689537,0.0,0.68392936130258,0.7151465155577783,0.08721323452884279,1.0,0.3036071381493517,0.0,0.0,0.7655843129117441,0.5167544075497912,1.0,1.0,1.0,1.0,0.4867548374009636,0.9986920199025189,0.0,0.6615161380149116,1.0,0.9144504227833304,0.11566736119568588,1.0,1.0,0.881264604508486,0.0,0.9615420414310263,0.0532160740556176,0.9948899783987027,0.9785387082423377,0.0,1.0,0.0,0.5609968842854918,0.23388364765153066,1.0,1.0,0.5409553919139922,0.0,0.8161925878115132,1.0,0.7959216370213719,0.8932019004771008,0.4049520242472728
gex_possorted_bam_1WGCZ:TCTTAGCGTGTTGTGAx-M2,1.0,1.0,1.0,1.0,1.0,1.0,0.7105178336699706,1.0,1.0,1.0,0.0,1.0,1.0,0.7424671010056002,1.0,0.415736955119976,0.0,0.0,0.5514746902110675,0.6020542024813649,1.0,1.0,1.0,1.0,1.0,1.0,0.0,1.0,0.6813988707321087,1.0,0.40391016592724344,1.0,1.0,1.0,0.0,1.0,0.209965220466797,1.0,1.0,0.18030541824628338,1.0,0.3091180215212237,1.0,0.9766996545252539,1.0,1.0,0.8562874105575845,0.0,1.0,1.0,1.0,1.0,0.877210544279991
gex_possorted_bam_1WGCZ:TCTCACCAGCGAGGTGx-M2,1.0,0.9755107204086667,0.14829281736962552,1.0,1.0,1.0,0.06376921844140679,0.9944458102858382,0.31068480374284335,1.0,0.0,0.717713504001118,0.7484999592802845,0.0,1.0,0.020510249917807907,0.0,0.0,0.758828026945617,0.6213549932857506,1.0,1.0,1.0,1.0,0.48781447378544035,1.0,0.0,1.0,0.9031845906360294,1.0,0.255132097270756,1.0,1.0,1.0,0.0,1.0,0.0,1.0,1.0,0.0,1.0,0.12860453036367636,0.805439884142492,0.8928864562698877,1.0,1.0,0.5307821847331934,0.0,1.0,1.0,0.8625229373694199,1.0,1.0
gex_possorted_bam_1WGCZ:TCGCCCATCCCGAAGCx-M2,0.04941687498065841,1.0,1.0,0.9391432924399388,0.0,1.0,1.0,0.7911830208584266,1.0,0.5942566550487658,1.0,1.0,1.0,1.0,0.15381118870342336,1.0,1.0,1.0,1.0,0.0,0.0,0.0,0.0,0.0,1.0,1.0,1.0,1.0,1.0,0.9964539848698222,1.0,0.003407056717496631,0.0,0.7114326152619249,1.0,0.28303794065876886,1.0,0.16399400167420772,0.06724968743067038,1.0,0.12677773475470056,1.0,1.0,1.0,0.06926204322313322,0.5268048013105557,1.0,1.0,1.0,0.32791963818915854,1.0,0.8825573732724878,0.0
gex_possorted_bam_1WGCZ:TCGTTATTCCCGAACAx-M2,1.0,1.0,0.0,1.0,1.0,1.0,0.31767341369590596,0.999750478565528,0.47681811489038667,1.0,0.5994025308006405,0.751727086365565,0.8193318372545806,0.5410102417081821,1.0,0.2840123793748129,0.2936272063772206,1.0,1.0,0.8659346448847369,1.0,1.0,1.0,1.0,0.47887706238006406,1.0,0.0,1.0,1.0,1.0,1.0,1.0,1.0,1.0,0.0,1.0,0.0,1.0,1.0,0.0,0.9683855496635522,0.060578538578925034,0.8636529150005332,0.7893096097097488,1.0,1.0,0.0,0.024341834583178103,1.0,1.0,1.0,1.0,1.0
gex_possorted_bam_1WGCZ:TCTCGCCCATCACTTCx-M2,0.09238839768142922,1.0,1.0,0.9441606621254067,0.18856525615903133,0.13583992568839096,1.0,0.724168107408744,1.0,0.7025628252385252,0.4405532434767737,1.0,1.0,1.0,0.1596204759934707,1.0,0.685988225976248,0.744374394495642,1.0,0.0,0.0,0.0,0.0,0.0,1.0,1.0,1.0,1.0,1.0,0.9614257046927668,1.0,0.11980171796500846,0.0,0.7940191350410902,1.0,0.2626247185390607,1.0,0.12124463497184727,0.14894924412467364,1.0,0.29165971294519283,1.0,1.0,1.0,0.08078181539860041,0.5378196892590116,1.0,1.0,1.0,0.5918250301381167,1.0,0.9623146210493012,0.0
gex_possorted_bam_1WGCZ:TCTCAATTCTGGTCCTx-M2,1.0,1.0,0.5005189409540408,1.0,1.0,1.0,0.043788244285587086,1.0,0.7760820890942,1.0,0.0,1.0,1.0,0.2214562318636944,1.0,0.06732414837845797,0.0,0.0,0.5726832942532218,0.6329403858154196,1.0,1.0,1.0,1.0,0.5647973249454066,1.0,0.0,0.9828351119717178,0.7369185457364736,1.0,0.020761279639637312,1.0,1.0,1.0,0.0,1.0,0.0,1.0,1.0,0.0,1.0,0.057629408117055136,0.9794771728412319,0.43904118005966447,1.0,1.0,0.5590106506391902,0.0,1.0,1.0,0.9093865104284475,1.0,0.6494888570218043
gex_possorted_bam_1WGCZ:TCTAAGGGTTGCAATGx-M2,1.0,0.9793241039310008,0.0,1.0,1.0,1.0,0.2916942046485593,0.9940737012666631,0.0,1.0,0.4678638568298144,0.6591899423681743,0.7741790223581348,0.39617867023572706,1.0,0.272643173497942,0.23030271356301352,0.9063383709063187,1.0,0.7281103619754095,1.0,1.0,1.0,1.0,0.32362027931123716,0.8847948905071139,0.0,1.0,1.0,1.0,1.0,1.0,1.0,1.0,0.0,1.0,0.02735597137645132,1.0,1.0,0.0045006758814963195,0.992643221162489,0.5190497401998206,0.7336128638317695,0.16349515394518113,1.0,1.0,0.10950332325384587,0.3156726520469063,0.9878828471218698,0.9476916774590681,0.842074414283519,1.0,1.0
gex_possorted_bam_1WGCZ:TCTACCTCAGCTACGTx-M2,1.0,0.832192336521513,1.0,1.0,1.0,1.0,0.0,0.9467549464401033,0.8863205612722104,1.0,0.0,1.0,1.0,0.21433775866233587,1.0,0.0,0.0,0.0,0.16224195236213457,0.8209543223508838,0.5805925502802302,1.0,1.0,0.8994575142774744,0.534505500309108,1.0,0.021509848898938283,1.0,0.833826862981548,1.0,0.0,1.0,1.0,1.0,0.0,1.0,0.0,1.0,1.0,0.0,1.0,0.0,1.0,1.0,1.0,1.0,1.0,0.0,1.0,1.0,0.9860172384268714,1.0,0.9460079648202505
gex_possorted_bam_1WGCZ:TGACCTTGTAATCGTGx-M2,1.0,0.9372462983283888,0.0,1.0,0.9893039003329168,1.0,0.4084734008712399,0.9731430755984565,0.0,1.0,1.0,0.809213495969513,0.8429007033760284,1.0,1.0,0.5956916146868387,0.9204056079393177,1.0,1.0,0.4561315919797182,1.0,1.0,1.0,1.0,0.5093385524506782,0.9680188519093552,0.0,0.870177904121693,1.0,1.0,1.0,0.8357886963465592,1.0,1.0,0.0,1.0,0.0,1.0,1.0,0.0,0.9502923836043604,0.5690090520861325,0.5011111851895439,0.019247862856425393,1.0,1.0,0.0951658660203153,0.24647676160187,1.0,1.0,0.7722785126983837,1.0,1.0
gex_possorted_bam_1WGCZ:TGATCAGGTGGTGAGAx-M2,1.0,0.7923059632244065,1.0,1.0,1.0,0.6342970854879859,0.0,1.0,0.5972047061382211,1.0,0.0,1.0,1.0,0.5845588500481302,1.0,0.10553464317038586,0.0,0.0,0.0,0.17150911660825702,0.25498376326720407,0.6522244741582458,1.0,0.7310187566160503,0.46637204824146905,1.0,0.0,0.7479082634296038,0.5788012542209233,1.0,0.0,1.0,1.0,1.0,0.0,0.9700400186471415,0.014701710938089856,1.0,1.0,0.0,1.0,0.0,1.0,0.6504333317076322,0.9576911145062519,1.0,1.0,0.0,1.0,1.0,1.0,1.0,0.19323131568109014
gex_possorted_bam_1WGCZ:TCTTGACGTAATCGTGx-M2,0.9216563343030859,1.0,1.0,1.0,1.0,1.0,1.0,1.0,1.0,1.0,0.0,0.9757204051237183,1.0,0.7273771050714687,1.0,0.06761735185200021,0.0,0.0,0.23340823297298155,0.7282561735906772,0.44199067605360143,0.8592296397650394,1.0,0.48038165108552794,1.0,1.0,0.13197856931515392,1.0,1.0,1.0,0.0,1.0,1.0,1.0,0.006400034033246533,1.0,0.0,1.0,1.0,0.0015572451436417067,1.0,0.0,1.0,1.0,1.0,1.0,1.0,0.0,1.0,1.0,0.8061227082194758,1.0,1.0
gex_possorted_bam_1WGCZ:TGATGACTCGGGCCATx-M2,0.36400017938504103,0.0,0.0,0.24114004901020397,0.27927305495199656,0.4187562268127139,0.0,0.25819044674857683,0.0,0.19334721279002487,0.6273018260918961,0.0,0.0,0.0,0.23602721249716982,0.0,0.4489400149630011,0.7457722399353074,0.0,0.5094504293479276,0.7336141804618026,0.8429359619482496,0.4215820568212379,0.6608081994821383,0.0,0.1210928277185179,0.2662786617948908,0.0,0.09645454974259912,0.26411245263791533,0.0,0.0,0.3563497503515066,0.15399965659121995,0.2173069783434434,0.32426079752253373,0.0,0.3016150308111382,0.2507529834375551,0.0,0.23084201601559687,0.0,0.0,0.0,0.36147581080279484,0.3035456533730562,0.0,0.09833933026805777,0.13851099205059986,0.2223994664111031,0.04640788967027957,0.2741997607592049,0.8525049421568518
gex_possorted_bam_1WGCZ:TGATCAGGTCCCGGAAx-M2,0.8217322612064626,0.12075005770939397,0.0,0.6619505025726383,0.8465146861974213,1.0,0.22057779579680825,0.7099373165262919,0.9917955155268723,0.8731638834995059,0.11552377075643548,0.0,0.35478614362545896,0.09429713228893735,0.6966488703541917,0.1264838845435162,0.10957638227075155,0.4872229256204689,0.502066180303104,0.1834051601228611,1.0,1.0,0.9192920678129011,1.0,0.307560641783342,0.6421015951135177,0.15049237338629143,0.7685580735523119,0.8846820953112136,0.5229420306858108,0.7188249129229819,0.5798623121244489,0.7703366288534638,0.7164756450672525,0.266102031443443,0.8810633742964361,0.4174462392971195,0.6221951133820229,0.8253171811308181,0.42601403471043775,0.8010905397015294,0.48885673769693927,0.14842579748753704,0.0,0.934472799961905,0.6732756698994876,0.0,0.36300360103851587,0.6431278412845582,0.9055196910079636,0.6515451634813952,0.7792099209571187,1.0
gex_possorted_bam_1WGCZ:TGACTTCGTTAGGTGCx-M2,0.0,0.369007031770068,0.7392379959509806,0.18825652654841116,0.0,0.11003004466811853,1.0,0.0,1.0,0.0,1.0,1.0,0.5796342475510587,1.0,0.0,1.0,1.0,1.0,1.0,0.0,0.0,0.0,0.0,0.0,1.0,0.20090272737200096,1.0,0.591362314781156,0.4317024197430931,0.19812878021940797,0.7571214343584993,0.0,0.0,0.055880633312521036,1.0,0.0,1.0,0.0,0.0,1.0,0.11721306661242001,1.0,1.0,1.0,0.0,0.0,1.0,1.0,0.23091176087789644,0.0,0.41882727040400763,0.15306306243881107,0.0
gex_possorted_bam_1WGCZ:TGAGCACGTGAGCGAAx-M2,0.798755353411604,0.0,0.0,0.7874209642253868,1.0,1.0,0.0,0.7375084095988487,0.0,0.746996550724242,0.824374743198617,0.32201566392285813,0.0,0.6129904299414296,1.0,0.7880510211080726,0.8460014063379523,1.0,0.9310737842708499,0.700883205637185,1.0,1.0,0.7567956191817529,1.0,0.5143057267662454,0.40448573202563215,0.13634930983484878,0.4266590345069668,1.0,0.5887162210034482,0.08413611568377563,0.4739091800539071,0.6934143154866258,0.755854302327006,0.0,0.8337576043529071,0.37208086557629044,0.71866395902431,0.6599277226155323,0.22567037526983189,0.05191713186049137,0.1601326022823259,0.0,0.18942770727265057,0.9726534048158008,0.5100145400482996,0.2232836831662668,9.317017740867926e-05,0.4447836062060974,0.6381065531515249,0.2256450932945824,0.7776367375941984,0.5538589335549337
gex_possorted_bam_1WGCZ:TGATGAACATAATTGCx-M2,1.0,1.0,1.0,1.0,1.0,1.0,0.6022616090321012,1.0,0.9812281351551652,1.0,0.0,1.0,1.0,0.9572775086028587,1.0,0.6609014514250549,0.0,0.0,0.4755142363510639,0.48589224633169675,0.7603602753306941,1.0,1.0,0.9711963661023926,1.0,1.0,0.0,1.0,1.0,1.0,1.0,1.0,1.0,1.0,0.0,1.0,0.9893749308017002,1.0,1.0,0.42262579295959324,1.0,0.5002141366233019,1.0,0.9300709195176834,1.0,1.0,1.0,0.6284597854966782,1.0,1.0,1.0,1.0,1.0
gex_possorted_bam_1WGCZ:TGACTTAAGCTAAAGGx-M2,0.06630371676831394,1.0,1.0,1.0,0.0723442359489338,0.0,1.0,0.9323790303967272,1.0,1.0,0.0,1.0,1.0,1.0,0.2006344509076167,1.0,0.04646118414341979,0.0,1.0,0.0,0.0,0.0,0.0,0.0,1.0,1.0,1.0,1.0,1.0,0.8956291390530463,1.0,0.007670201349088945,0.0,0.9366478536597482,1.0,0.3315084752334232,1.0,0.09842857153089864,0.03222221904178195,1.0,0.07271563304435805,1.0,1.0,1.0,0.08014631043202965,0.5054403491489955,1.0,1.0,1.0,0.569302093264531,1.0,0.9879424581655264,0.0
gex_possorted_bam_1WGCZ:TGAGTTTCAACACCTAx-M2,0.0946376912549567,1.0,1.0,0.959776085624139,0.0,0.33316942255981963,1.0,0.4861848324226792,1.0,0.7591217102054285,0.36289439389203415,1.0,1.0,1.0,0.44548811438827,1.0,0.9214902143969251,1.0,1.0,0.0,0.0,0.0,0.0,0.0,1.0,1.0,1.0,1.0,1.0,1.0,1.0,0.0,0.0,0.505151142873134,1.0,0.13596168114936016,1.0,0.19508587026630497,0.23207357522766162,1.0,0.29774526119579714,1.0,1.0,1.0,0.0,0.6504215436557652,1.0,1.0,1.0,0.23480120553818756,1.0,0.9864590735820424,0.23194513222050947
gex_possorted_bam_1WGCZ:TGAACAACATTGTGATx-M2,0.22740705762202987,0.0,0.0,0.12077069587658211,0.4088520222129097,0.4442382520394168,0.0,0.1924392324460649,0.0,0.030657527855345,0.7375949768097939,0.0,0.0,0.0,0.1722778481785432,0.0,0.6351521473267446,1.0,0.0,0.5889644811156507,0.697176642820106,0.7731966371197516,0.2812018481044854,0.7679038878981517,0.0,0.0,0.31549811186053656,0.04532660523256852,0.20207244181130568,0.05661327747874866,0.0,0.13066142512252518,0.24689426945030357,0.18990413562554045,0.21540502294042882,0.22895733117344375,0.0,0.22056162379221678,0.15616074549226172,0.0715890054587299,0.0,0.0,0.0,0.0,0.2811197213140265,0.18911161672440122,0.0,0.2841237097415547,0.03405319550398442,0.07747436396989621,0.0,0.16235526815845885,0.6705096102854292
gex_possorted_bam_1WGCZ:TGAAGTGAGGTCCAATx-M2,1.0,1.0,0.0,1.0,1.0,1.0,0.31395803616700324,1.0,0.0,0.943918713365864,0.523515362701218,0.37588979798565303,1.0,0.3212749471657413,1.0,0.37887846810476,0.32295587065022713,1.0,1.0,1.0,1.0,1.0,1.0,1.0,0.3364158522017908,1.0,0.0,1.0,1.0,1.0,1.0,1.0,1.0,1.0,0.0,1.0,0.14990680927190594,1.0,1.0,0.0,1.0,0.25240587405230097,0.4850187935881169,0.3942579380420079,1.0,1.0,0.3100227806591806,0.2696608677878202,1.0,1.0,1.0,1.0,1.0
gex_possorted_bam_1WGCZ:TGACCAAGTTCATTTGx-M2,1.0,0.9043152417443869,0.7040229153050576,1.0,1.0,1.0,0.1808590873040694,1.0,0.4366979221516569,1.0,0.0,0.6003870280295173,0.8444214925933935,0.24460532985803518,1.0,0.4861585570061404,0.0,0.0,0.9340108292533694,0.6451318428485343,1.0,1.0,1.0,1.0,0.33765520786158676,1.0,0.022883303655266973,1.0,1.0,1.0,0.8231550078292273,0.9522801907545749,1.0,1.0,0.0,1.0,0.14743333305637202,1.0,1.0,0.03109360127193141,1.0,0.592118446089256,1.0,0.7900459534873983,1.0,1.0,0.4899069309500617,0.07924620487456167,1.0,1.0,1.0,1.0,1.0
gex_possorted_bam_1WGCZ:TGAGGCACAGGCCTTGx-M2,0.7582724936149852,1.0,1.0,0.9082708381982273,0.0,0.7052381146071596,1.0,1.0,0.8592805209984459,1.0,0.0,1.0,1.0,1.0,1.0,1.0,0.0,0.0,0.3391534892867546,0.40577197743148186,0.6047902777096708,0.528661027651901,0.6413372090568211,0.9781419321961778,1.0,0.8924340395631799,0.0,1.0,1.0,0.699091373801296,1.0,0.9488516078497744,0.7662084294307168,1.0,0.024973531796484278,1.0,1.0,0.9562828186665242,1.0,1.0,0.7231324339840766,0.8438750547080853,1.0,1.0,1.0,1.0,0.5533578697212481,0.0296812983785278,1.0,0.9596795571859043,1.0,1.0,0.6051062141150457
gex_possorted_bam_1WGCZ:TGAGGGCCATTGTGATx-M2,0.9941462296118803,1.0,0.2789360192833426,0.9938025379010597,0.35004302719395647,0.8690760857860105,1.0,1.0,0.9616367071737294,1.0,0.0,1.0,1.0,1.0,1.0,0.5214677216324067,0.0,0.0,0.4485156278896242,0.6297236438772982,0.9974462269755665,0.8345845929283566,0.8189416187861029,1.0,1.0,0.9366123400848421,0.0,1.0,1.0,1.0,1.0,1.0,1.0,1.0,0.0,1.0,0.7330771467232289,1.0,1.0,0.6204246823037013,1.0,0.8647352277256343,0.8116505405982386,0.8236587122744498,1.0,1.0,0.32565645665400433,0.0,1.0,1.0,1.0,1.0,0.6741248813557711
gex_possorted_bam_1WGCZ:TGAGTGAAGCCTGTGAx-M2,0.6074554012321655,1.0,0.5137299729235545,0.5796313708270487,0.2826147873718742,1.0,0.0044374253368928895,0.6745980071041937,1.0,1.0,0.0951562620536434,0.05096401060272644,0.6548727693853652,0.8732361949899503,0.7892946254251212,1.0,0.16861400827968828,0.022351892720612176,0.2996393018911065,0.4440764242052797,0.43293171819741627,0.3725473126596628,0.6644651443110255,0.43691728361897947,0.7638145222938498,0.6911370985722244,0.48797110055290427,0.6476289055951849,0.0,0.880189394393843,0.9051448994137421,0.25342962973415634,0.5419833131538679,0.524700486436191,0.12523018107570838,0.7115496665953691,1.0,0.766300212922501,0.6045805535709957,0.2292192306933022,1.0,0.40945830601693145,1.0,0.19512618084035488,0.6681228575384621,0.577236249853957,0.5581391198436989,1.0,0.6893974233037115,0.2627157563517334,0.4668288270796393,0.512218196914915,0.8627103958422936
gex_possorted_bam_1WGCZ:TGAGAACCATTAAGCTx-M2,1.0,0.9626501889008781,0.4491852174906629,1.0,0.9578682218423885,0.8880247985098707,0.8790854821401262,1.0,0.9973908559710983,1.0,0.0,1.0,0.9606962307794836,0.4646709392426667,1.0,0.2517968176011928,0.0,0.0,0.4793280648030098,0.5742816008091262,0.946411524755025,0.9197599471834089,1.0,1.0,0.792396548426009,1.0,0.0,0.992505810468159,0.9912700759299882,1.0,0.9664379134782136,1.0,1.0,1.0,0.006536390894059594,1.0,0.5194551733028517,1.0,1.0,0.24731092747120056,1.0,0.5663338690272234,0.8399284377107442,0.1498025741444101,1.0,1.0,0.6551482477931967,0.0,1.0,1.0,1.0,1.0,0.7427671579056724
gex_possorted_bam_1WGCZ:TGAAGCAAGCACAGAAx-M2,0.09451106242817585,1.0,0.6825752433464339,0.8843413601309059,0.07963805665616686,0.5096554264221244,1.0,0.7871668780854034,1.0,0.4997038940774608,0.9242544697441012,1.0,1.0,1.0,0.1562982753327177,1.0,1.0,1.0,1.0,0.0,0.0,0.0,0.0,0.0,1.0,1.0,1.0,1.0,1.0,1.0,1.0,0.0,0.0,0.6248668732407143,1.0,0.25867916643622535,1.0,0.170191123525341,0.1200494651972136,1.0,0.12811756988668063,1.0,1.0,1.0,0.05873931683761361,0.5805613963417082,1.0,1.0,1.0,0.5599489563689566,1.0,0.8945545729344032,0.0
gex_possorted_bam_1WGCZ:TGACTTAAGGTAACGAx-M2,1.0,0.858797003736857,0.6119008985592718,1.0,1.0,0.6543666685722151,0.06042585566714716,1.0,1.0,0.9638877068559721,0.0,1.0,1.0,0.4768024092860751,1.0,0.0,0.0,0.0,0.6333817512286319,0.6610594045457033,1.0,0.8900839002432537,1.0,1.0,0.17364025194626143,1.0,0.0,0.7823573423777285,0.9245024301926215,1.0,0.0,1.0,1.0,0.9234264666733175,0.0,1.0,0.0,1.0,1.0,0.0,1.0,0.0,0.8632730244687332,0.6569214709887953,0.9832139271066593,1.0,0.8511072909985963,0.015373499371840595,0.9581992328177479,1.0,1.0,0.8709428964096422,0.0
gex_possorted_bam_1WGCZ:TGAGAACCAATAATCCx-M2,1.0,1.0,0.15479438076732707,1.0,1.0,1.0,0.5539629752327095,1.0,0.9216439927506715,0.9815116070506931,0.0,0.5837345664679757,0.7976569570153043,0.005683990315986451,1.0,0.10666039350270745,0.0,0.22415255649953178,0.7348622792750342,0.6879095671403365,1.0,1.0,1.0,1.0,0.7704086264664308,0.9849863390810857,0.046003116901769975,0.9136138614065987,0.8162379450124622,1.0,0.5290088289334482,0.9198986778317491,1.0,1.0,0.0,1.0,0.21158468799950977,1.0,1.0,0.06794499866913771,1.0,0.3832950909056443,0.5424170808692322,0.25232793640872175,1.0,1.0,0.4094542192195911,0.0,0.9941192654469757,1.0,1.0,1.0,1.0
gex_possorted_bam_1WGCZ:TGAAGCAAGTTATCCTx-M2,0.06260251510475036,1.0,1.0,1.0,0.031498479073250436,0.0,1.0,0.8673086134679784,1.0,0.704231085782294,0.17777674716555664,1.0,1.0,1.0,0.16926141470371026,1.0,0.5577430146368962,0.5155168187113103,1.0,0.0,0.0,0.0,0.0,0.0,1.0,1.0,1.0,1.0,1.0,0.8705121921772063,1.0,0.0,0.0,0.8169744368246822,1.0,0.2983788572002683,1.0,0.08449155828937663,0.025246395707279868,1.0,0.1516697596554938,1.0,1.0,1.0,0.10899526682321327,0.5352748693819933,1.0,1.0,1.0,0.5827090588610289,1.0,0.935899064126246,0.0
gex_possorted_bam_1WGCZ:TGAGGGCCAATTGAGAx-M2,0.7224085729496866,1.0,0.0,0.7073491954476837,0.8275315876284767,1.0,0.5420489863553494,0.7232320853667258,0.589972408512377,0.5864988384419547,0.9955210375373651,1.0,0.9779119122269728,1.0,0.4633512813795442,1.0,0.8075531501156231,1.0,1.0,0.0,0.7125487888862386,0.6985097312701136,0.9856360265732966,0.7443785330363356,1.0,0.6973479188838081,0.44036916226857026,0.4168936332358669,0.6990544979926032,1.0,1.0,0.7182719796956308,0.5840077131262962,0.5362506136355927,0.4647881035059301,0.732126956334785,1.0,0.6619090968496837,0.6094968656185127,0.5403440158571753,0.6581575299756053,1.0,0.48916994489835053,0.0,0.6434910736793308,0.6822472501030621,0.5199236022045998,1.0,0.8044999584918249,1.0,1.0,0.8147124023866961,0.6901190394430314
gex_possorted_bam_1WGCZ:TCTTGTCCAATCTCTCx-M2,0.06037819948185203,1.0,1.0,0.907329324123637,0.09577941778797612,0.0,1.0,0.6416449447953294,1.0,1.0,0.043540238462238715,1.0,1.0,1.0,0.1320245239650396,1.0,0.47470825049546417,0.2403509112783503,1.0,0.0,0.0,0.0,0.0,0.0,1.0,1.0,1.0,1.0,1.0,1.0,1.0,0.0,0.0,0.667242857594501,1.0,0.20185536343932975,1.0,0.13969893405337702,0.24786948785224178,1.0,0.10351933215618929,1.0,1.0,1.0,0.0,0.5626330771096832,1.0,1.0,1.0,0.48671163294972786,1.0,1.0,0.0
gex_possorted_bam_1WGCZ:TGAAGGATCCCTCAGTx-M2,1.0,0.7836691547294663,0.1856655911821064,1.0,1.0,1.0,0.3190419736760135,1.0,0.3484549544590388,1.0,0.11333967430196439,0.7234925952080214,0.8516876294614676,0.5360029042733979,1.0,0.24065568124168168,0.0,0.13806899902936626,0.9500190635430892,0.6927380294071389,1.0,1.0,1.0,1.0,0.26384147297440086,1.0,0.0,0.8071105036188463,0.9256699775497369,1.0,0.5598148623971344,1.0,1.0,1.0,0.0,1.0,0.2198741993200993,1.0,1.0,0.0,1.0,0.2801240410362022,0.7121626589567555,0.0,1.0,1.0,0.20447661482996668,0.042832642414393746,1.0,1.0,0.9033356956286637,1.0,0.5254086441494347
gex_possorted_bam_1WGCZ:TGACTCCTCTCACTATx-M2,0.050361240496819004,1.0,1.0,0.951243059805811,0.0,0.8602791854170119,1.0,0.6951972658578288,1.0,0.5470893478023655,1.0,1.0,1.0,1.0,0.09812448093430047,1.0,1.0,1.0,1.0,0.0,0.0,0.0,0.0,0.0,1.0,1.0,1.0,1.0,1.0,1.0,1.0,0.0,0.0,0.7099672257243936,1.0,0.21697666307256794,1.0,0.10834107560718362,0.0936646357099877,1.0,0.08867814118779149,1.0,1.0,1.0,0.03975867021258426,0.540870969333166,1.0,1.0,1.0,0.4305789828878631,1.0,0.9639320770656232,0.0
gex_possorted_bam_1WGCZ:TGAGCAAAGCACTAACx-M2,1.0,1.0,0.4112876387190972,1.0,0.7853814443892254,0.8208525507771551,0.8512925865747112,1.0,0.44201314450218226,1.0,0.0,0.037936220536588246,0.8770583862771429,0.4848684441201848,1.0,0.0464449570483627,0.0,0.0,0.5354665025811035,1.0,1.0,0.9794933885258058,1.0,1.0,0.3872254855112275,1.0,0.0,1.0,1.0,0.83348084725378,1.0,1.0,1.0,1.0,0.0,1.0,0.14450574299175306,0.984913850890533,1.0,0.36935242746563535,1.0,0.6005353355968953,0.568156701910888,0.41503134548528164,1.0,0.9981420778445139,0.12069797429269091,0.0,1.0,1.0,1.0,0.8433944133165965,0.5318594882872918
gex_possorted_bam_1WGCZ:TGAGGGCCATAGCTGCx-M2,1.0,0.8300473567546692,0.47500613881555087,1.0,1.0,1.0,0.2247623597077832,1.0,0.643323385075969,1.0,0.0,0.898714375505409,0.8410184864728139,0.29570358749039555,1.0,0.0038649335241170177,0.0,0.0,0.7723923305490199,0.8175990610741365,1.0,1.0,1.0,1.0,0.3659692689145348,1.0,0.0,1.0,0.8475937984670975,1.0,0.44409150369439426,1.0,1.0,1.0,0.0,1.0,0.07923054703176179,1.0,1.0,0.0,1.0,0.19478387636382277,0.871787790646832,0.4472075371952272,1.0,1.0,0.49278791244941283,0.0,1.0,1.0,0.9829779890455795,1.0,0.6267678603593738
gex_possorted_bam_1WGCZ:TGAGGCACAAGGTCGAx-M2,0.5574315709488047,1.0,0.0,0.6464436302094824,0.3286732663186836,0.3737900944753792,1.0,0.8741102209075682,0.26015085051848374,1.0,0.0,1.0,0.4595780690911861,0.47812216537478314,1.0,0.6153423463819919,0.0,0.0,0.0,0.7688895361008644,0.47128055895807136,0.47062104552077816,0.5190181682577596,0.6883470163476769,0.16077044270239468,0.42068335570874615,0.1412920771038249,0.8353670096298805,0.8288106598571685,0.503684985066279,1.0,0.20512684231879827,0.6114997542578108,0.9799121838731708,0.473365591730419,0.8968843450390289,0.6831428857403726,0.5795565255195504,0.8435019220162743,0.7258458438220385,0.9452061831898037,1.0,0.15521156608900996,0.2283094972313286,0.6641530215863092,0.6254081766703151,0.09174914928052226,0.1552331339375573,0.6579996129043241,0.6489880702098054,0.4222317798162646,0.6137529498096822,0.5903891628257136
gex_possorted_bam_1WGCZ:TGAGCTTAGTGAGAGCx-M2,1.0,1.0,0.0,1.0,1.0,1.0,0.5774498345841048,1.0,0.5867999755005127,1.0,0.1054135988558728,1.0,1.0,0.16772175158439104,1.0,0.22721744038112726,0.0,0.8121495895662353,1.0,0.8408671895472493,1.0,1.0,1.0,1.0,0.7097214034028377,0.9646889633970333,0.0,1.0,1.0,1.0,0.9193379292701964,1.0,1.0,1.0,0.0,1.0,0.09184211098205355,1.0,1.0,0.0,0.9107681077386319,0.4712435796959357,0.7686293458769413,0.07180696825934098,1.0,1.0,0.28362164368066434,0.2668153505335862,1.0,1.0,0.9339768536754839,1.0,1.0
gex_possorted_bam_1WGCZ:TGATGACTCAGGATGAx-M2,1.0,0.8120920516416007,0.031956514628150474,0.9789973273606221,1.0,0.9369706385807215,0.29397812633105536,1.0,0.8829099941392757,1.0,0.0,1.0,0.8155063189342373,0.3129446180123244,1.0,0.1953880934375922,0.0,0.15223825770630844,0.6245031826689356,0.5734296085156356,0.9538841361941848,1.0,1.0,1.0,0.6923755953011286,0.9176982460054169,0.0,0.6730631204738676,0.5590242471503487,0.9008374562293664,0.08181121296463839,1.0,0.981873562275315,1.0,0.0,0.9993225248700381,0.214837434313387,0.9854213525422195,0.9048783035863263,0.0,1.0,0.16586660482015914,0.8210808983645244,0.0,1.0,0.9380594171949801,0.5615857858348116,0.06967660234952676,0.8045472137039912,1.0,0.665336297378835,0.9147648261219363,0.5089744465547931
gex_possorted_bam_1WGCZ:TGAGGAGGTGCTAGACx-M2,1.0,0.6111545455213241,0.0,1.0,1.0,0.7632422534672928,0.5719468424896164,1.0,0.5409145301435929,1.0,0.0,0.5194164115282983,0.9894622136009183,0.38575987831609404,1.0,0.17182748713083212,0.0,0.0,0.628771073534548,0.48935588271048736,1.0,1.0,1.0,1.0,0.8387556745837547,1.0,0.0,1.0,0.7521312027597605,1.0,0.3842476022133608,1.0,1.0,1.0,0.0,1.0,0.2945143687872431,1.0,1.0,0.0,1.0,0.04583829734984824,0.6975530288312973,0.3102336215966171,1.0,1.0,0.5574862564932859,0.0,0.9943304018272747,0.9800343658517436,1.0,1.0,0.003318267646261077
gex_possorted_bam_1WGCZ:TGAGTGAAGCTTAGCGx-M2,1.0,0.8181146290424227,0.0,0.923360820924139,1.0,1.0,0.3465669325402447,0.9967544854892847,0.2693333382178064,1.0,0.06369689674859948,0.467149447287732,0.8472709761141306,0.24485186778704615,1.0,0.18842889431191878,0.0,0.4331035664396984,0.709844615407967,0.7688092871402402,1.0,1.0,1.0,1.0,0.6610671927387503,0.9123546519853803,0.0,0.7297405043940967,0.7058597368543543,0.9050712259699351,0.7819911500905408,0.9642086580827093,1.0,1.0,0.0,1.0,0.18161112200296892,0.8719062837359839,1.0,0.049944675590661854,1.0,0.1443222511443954,0.7382438397706828,0.1289903213674201,1.0,0.9194806788200998,0.4657386281798054,0.20418902753659493,0.8398516127240109,1.0,0.45962910548589075,0.9773996251956382,0.7013451299464665
gex_possorted_bam_1WGCZ:TGAAGTGAGTTATGGCx-M2,0.7366058524291175,1.0,1.0,1.0,0.7921994541140487,0.975394614087807,1.0,0.9603409128370419,1.0,1.0,0.17989873146433047,1.0,1.0,1.0,0.7916815772721831,1.0,0.23240018872827634,0.6216986026131606,1.0,0.0,0.6158613878590966,0.21071067061995666,0.5982290526398375,0.4448602148737408,1.0,1.0,1.0,1.0,1.0,1.0,1.0,0.6842159097488494,0.5899012980627665,1.0,0.9469982735759821,0.8870894772856474,1.0,0.7626160414390833,0.7892249700106422,1.0,0.9048150384796428,1.0,1.0,1.0,0.8306255497158104,0.9098872006820243,1.0,1.0,1.0,0.9906718054821445,1.0,1.0,0.6946635740901641
gex_possorted_bam_1WGCZ:TGATCAGGTCCTCCAAx-M2,0.9977936979444758,0.9367493620006311,0.0,0.8889375221941208,0.6812880194371582,1.0,0.6484684580765296,1.0,0.2187543000232207,0.9597974669514308,0.0,0.936071000727992,0.7945623815801844,0.505665174113252,0.9489200991485129,0.35947485786082667,0.0,0.35123338307273183,0.6617408545817313,0.6044845317394222,1.0,1.0,0.8905527323188005,1.0,0.6448493239604681,0.7784749654326643,0.0,0.9283095677361353,0.899535932332543,0.8451341604254033,0.9091212019365355,0.9659260825086645,0.960690574577952,1.0,0.0,1.0,0.4350642624289499,0.9121072004576062,0.9669587699976585,0.19800973785187265,1.0,0.27465380573335874,0.5057976916731152,0.019025186629939315,1.0,0.9329998735140504,0.1763976070611886,0.06272098977863029,0.8460778274322249,0.9333706432893097,0.8137126709348814,0.9306810079712938,0.9265064764957084
gex_possorted_bam_1WGCZ:TGAAGGATCAATTGGCx-M2,0.18999539377632804,1.0,1.0,0.9680800648943737,0.2600075972779209,0.15897429246432795,1.0,0.7099390788233279,1.0,1.0,0.13792175516450395,1.0,1.0,1.0,0.3267083144160089,1.0,0.6864449086513299,0.5865969184128739,1.0,0.0,0.0,0.0,0.0,0.0,1.0,1.0,1.0,1.0,1.0,1.0,1.0,0.0,0.0,0.8312065002046415,1.0,0.3456957090767684,1.0,0.32734102911040786,0.34985032404658933,1.0,0.5191193504970321,1.0,1.0,1.0,0.16432402243873362,0.6448268781451629,1.0,1.0,1.0,0.5695271283100515,1.0,0.9466695778652136,0.26612416414822515
gex_possorted_bam_1WGCZ:TCTTTGTAGGTAAGGCx-M2,1.0,1.0,0.07322118519086804,1.0,1.0,1.0,0.4745673930100801,1.0,0.6700352819616613,1.0,0.0,1.0,1.0,0.3567137663791569,1.0,0.0,0.0,0.12545667816122755,0.7257848431037487,0.5030623950098237,1.0,1.0,1.0,1.0,0.9545454592589733,1.0,0.0,1.0,0.723296844020373,1.0,0.6708131129562686,1.0,1.0,1.0,0.0,1.0,0.11941504523346466,1.0,1.0,0.0,1.0,0.1916955252264609,0.9073948582096167,1.0,1.0,1.0,0.6918213107505323,0.0,1.0,1.0,1.0,1.0,1.0
gex_possorted_bam_1WGCZ:TGAAGGATCCTGTTCAx-M2,0.07530377873352974,1.0,1.0,0.9545890040900555,0.0,0.0,1.0,0.935719310227688,1.0,0.6592229582358666,0.242723857360615,1.0,1.0,1.0,0.08754560487823959,1.0,0.586504483357138,0.9086836536962638,1.0,0.0,0.0,0.0,0.0,0.0,1.0,1.0,1.0,1.0,1.0,0.8676794153552593,1.0,0.0,0.0,0.7877205666892815,1.0,0.2639475693106384,1.0,0.05934983554252084,0.06319708376239903,1.0,0.081781626472814,1.0,1.0,1.0,0.052153743385624105,0.5741568985328064,1.0,1.0,1.0,0.37033514863332695,1.0,0.8917444878465749,0.0
gex_possorted_bam_1WGCZ:TGATCACAGTAACAGGx-M2,1.0,1.0,0.8112041031961467,1.0,1.0,1.0,0.0,1.0,0.0,1.0,0.5297007041273121,0.8515713304847089,1.0,0.6639974207888072,1.0,0.24386460240469449,0.15469869213541626,0.742401833700112,1.0,0.8817693996425536,1.0,1.0,1.0,1.0,0.14579461472860275,1.0,0.0,1.0,0.8687922950752773,1.0,1.0,1.0,1.0,1.0,0.0,1.0,0.00542812843497605,1.0,1.0,0.0,1.0,0.35147784718869035,0.8087882931039589,0.575410683961181,1.0,1.0,0.588597751062648,0.0,1.0,1.0,1.0,1.0,0.7361344512967517
gex_possorted_bam_1WGCZ:TGAGGCACAATAGCAAx-M2,0.791793954892201,1.0,1.0,1.0,1.0,0.5794797781708179,1.0,1.0,1.0,1.0,0.0,0.34451044178359336,1.0,1.0,0.9369963690591204,0.0,0.0,0.0,0.46487130938421534,0.5623617980396964,0.25987695465972693,0.4186982395610113,1.0,0.05769584650056777,1.0,1.0,0.5558448667783326,0.6588537063132782,1.0,0.4329314608378106,0.0,1.0,1.0,1.0,0.23464992227944134,0.9667383887032178,0.0,1.0,1.0,0.17205564473181773,1.0,0.05924814653762992,0.9203591357215329,1.0,0.52536821079782,1.0,1.0,0.0,1.0,1.0,0.7171213217726654,0.987684656449073,0.5058654091513891
gex_possorted_bam_1WGCZ:TCTTTGTAGCGAAGTAx-M2,0.0777795158717797,0.5304323354434536,0.5138155357644549,0.4485148258337524,0.10160517911080534,1.0,1.0,0.42502783410489087,0.474301197422104,0.5746808344312173,0.8548399993406917,0.6923236696334825,0.0,1.0,0.6230162343243049,1.0,1.0,1.0,0.6643869279278903,0.7696463726635725,0.44468077289554553,0.24812142796983874,0.19626807793652387,0.5687361736513729,0.04830209273811414,0.08267076482070727,0.3952878186686108,0.3223002627178788,0.0,0.1553895292537465,0.6953092797275198,0.0,0.25940357668736347,0.4423970174899038,0.6321985549609306,0.36024618514234624,0.37439428915262635,0.1692716108102203,0.6290518802415499,0.9478787289621522,0.5005601191941006,1.0,0.0,0.0,0.17283390451301553,0.1068594958651368,0.0,0.8459194521800468,0.3303792823601863,0.29058508604872113,0.0,0.16834194119731244,0.0
gex_possorted_bam_1WGCZ:TGAACAGAGGTCAAAGx-M2,1.0,0.9568861864705079,1.0,1.0,1.0,0.993673547857185,0.0,1.0,1.0,1.0,0.0,1.0,1.0,0.5891387253778789,1.0,0.19982917388452642,0.0,0.0,0.0,0.477101211814159,0.33890229130378363,0.8835877094065206,1.0,0.7178989937939582,0.846618774018435,1.0,0.0,1.0,0.8191498712223773,1.0,0.0,1.0,1.0,1.0,0.0,1.0,0.0,1.0,1.0,0.0,1.0,0.0,1.0,1.0,1.0,1.0,1.0,0.0,1.0,1.0,0.9254594633144381,1.0,0.8683932932315306
gex_possorted_bam_1WGCZ:TGAGGAGGTTGCACGGx-M2,1.0,0.9977927866154908,1.0,1.0,1.0,0.802932428515939,0.2280292157513966,1.0,0.4370331994409339,1.0,0.0,0.6153515785919949,1.0,0.12063247657385402,1.0,0.19762217806758386,0.0,0.0,0.750439895345341,0.938482028642231,0.9270836864765815,1.0,1.0,1.0,0.00428673392747177,1.0,0.0,0.8629427740805377,1.0,1.0,0.27821881653016906,1.0,1.0,1.0,0.0,0.9928776205963817,0.18694186929814874,1.0,1.0,0.0,1.0,0.0718062550051919,1.0,0.7736184452376786,0.9507947674147423,1.0,0.33170846488308203,0.0,1.0,1.0,1.0,1.0,0.25957283840403766
gex_possorted_bam_1WGCZ:TGAAACTGTAAGGTCCx-M2,1.0,0.8803595219012089,0.0,1.0,0.7491115821318055,1.0,0.7024005276354113,1.0,0.5734193154809709,0.939264095906062,0.0,0.9510773625865029,0.9435506289175117,0.5794036605985303,1.0,0.1597589972614829,0.0,0.28572887691767157,0.9746594552894393,0.6060290020145622,1.0,1.0,1.0,1.0,0.6259190469982794,0.9900505621490613,0.0,0.9154580267223464,0.8018182269860382,0.9599158687889685,1.0,1.0,1.0,1.0,0.00444424886295674,1.0,0.13501662609137613,1.0,0.974675018687842,0.1267030926490161,1.0,0.4436733461438978,0.7670641924481804,0.4547001150439169,1.0,1.0,0.4452153236831984,0.21780077429498018,0.9409821298447694,1.0,1.0,0.9464653119649208,0.5217872612075797
gex_possorted_bam_1WGCZ:TGAACAGAGAGGAGGAx-M2,0.9949051451688199,0.9262110382737587,1.0,1.0,1.0,0.3759404962568828,0.0,1.0,0.906835058227095,1.0,0.0,1.0,1.0,0.7568867578347601,1.0,0.1861726453449571,0.0,0.0,0.0,0.014295133931437982,0.0,0.4451384382655246,1.0,0.6103607150199359,0.6146350938251949,1.0,0.0,1.0,0.8008388879881584,1.0,0.0,1.0,1.0,1.0,0.0,0.9644045715971785,0.0,1.0,1.0,0.0,1.0,0.0,1.0,0.6184124825905302,1.0,1.0,1.0,0.0,1.0,1.0,0.9974445126044754,1.0,0.0
gex_possorted_bam_1WGCZ:TGATGACTCCGGTTGAx-M2,0.013994986389835845,1.0,1.0,1.0,0.0,1.0,1.0,0.5227822414252877,1.0,0.5420236573179765,1.0,1.0,1.0,1.0,0.3088855654985935,1.0,1.0,1.0,1.0,0.0,0.0,0.0,0.0,0.0,1.0,1.0,1.0,1.0,1.0,1.0,1.0,0.0,0.0,0.5522750086922789,1.0,0.23040607532849708,1.0,0.23305588645666103,0.10325913752388538,1.0,0.2710770122624302,1.0,1.0,1.0,0.016138810479343006,0.5845746213220716,1.0,1.0,1.0,0.48803998212515387,1.0,1.0,0.0
gex_possorted_bam_1WGCZ:TGACCAAGTAGCAGCTx-M2,0.9518662839191541,1.0,0.11183193246427578,0.9450968700194138,1.0,1.0,0.46830045231030876,0.9053687883559131,0.5216200909681665,1.0,0.3738248187786248,0.689547934921767,0.7419518179567779,0.7247086768600546,1.0,0.5300213352406004,0.2109321705314042,1.0,0.8119384565474471,0.7999313671442615,1.0,1.0,0.9660661260503037,1.0,0.5853013645261864,0.8005054167130032,0.0,0.9666586752976893,0.9869645054214258,1.0,1.0,0.7749960266149596,0.9032206673213418,0.9865539152343354,0.0,1.0,0.2905392547186428,0.8441805049497512,0.9726176688433478,0.1963013158096597,0.8258543136269213,0.42040018900628257,0.6885229817489134,0.5991351435126263,1.0,0.9700086667238339,0.4537125555959705,0.13904013872460472,0.8625447798828093,1.0,0.7720404216831936,1.0,1.0
gex_possorted_bam_1WGCZ:TGAGCACGTCTTACTAx-M2,0.07344205591919774,1.0,1.0,0.9841185649939452,0.06401004705208245,0.0,1.0,0.8138098353951786,1.0,0.8743466490481957,0.0,1.0,1.0,1.0,0.2103598104750807,1.0,0.0,0.0,1.0,0.0,0.0,0.0,0.0,0.0,1.0,1.0,1.0,1.0,1.0,0.8094701457701156,1.0,0.08482715497036813,0.0,0.9491444030941347,1.0,0.26293323106385186,1.0,0.06952038153355458,0.12916743964327898,1.0,0.14894975889612455,1.0,1.0,1.0,0.06613069877222687,0.5571391274463802,1.0,1.0,1.0,0.5877439637836313,1.0,1.0,0.1038093847192666
gex_possorted_bam_1WGCZ:TGATCAATCAATGTGCx-M2,0.08188235456919685,1.0,1.0,0.9137998139184769,0.08569418651475752,0.0,1.0,0.8696166498387493,1.0,0.8216407783725856,0.029376961645052636,1.0,1.0,1.0,0.20650349758115089,1.0,0.4789273318797528,0.3648742050424242,1.0,0.0,0.0,0.0,0.0,0.0,1.0,1.0,1.0,1.0,1.0,0.8451017685337465,1.0,0.22773485348385591,0.0,0.8562070094342086,1.0,0.2985787285250502,1.0,0.19030996593112698,0.11342385614741306,1.0,0.24252957791409185,1.0,1.0,1.0,0.17674908792581148,0.5370177282646005,1.0,1.0,1.0,0.5061059407061936,1.0,0.869064429786926,0.0
gex_possorted_bam_1WGCZ:TCTTGTCCAGCACGTTx-M2,1.0,0.8131787455440065,0.49934371492367513,1.0,1.0,1.0,0.0671660302720074,1.0,0.047992645526282476,1.0,0.04590108911954624,0.6915256908141489,0.8444213022989576,0.39529217714450204,1.0,0.14451812131144637,0.0,0.04039235464546296,1.0,0.924433542485966,1.0,1.0,1.0,1.0,0.12997595348542118,1.0,0.0,0.8083818723430519,1.0,1.0,0.5629183666732829,1.0,1.0,1.0,0.0,1.0,0.09724475569060093,1.0,1.0,0.0,1.0,0.1644233137989362,0.8659640011187296,0.3900789911337877,1.0,1.0,0.9095088769823539,0.2099610624670174,1.0,1.0,1.0,1.0,0.28862706759202544
gex_possorted_bam_1WGCZ:TGATCGAGTCCCGGAAx-M2,0.08297214708482685,1.0,1.0,0.927699257285096,0.0,0.0,1.0,0.8458020030422314,1.0,1.0,0.0,1.0,1.0,1.0,0.22002598914392538,1.0,0.04917581845652551,0.0,1.0,0.0,0.0,0.0,0.0,0.0,1.0,1.0,1.0,1.0,1.0,0.9327962309193538,1.0,0.0,0.0,0.872686869842375,1.0,0.34732504782950474,1.0,0.20113366665876237,0.21008333001154642,1.0,0.45219529736925385,1.0,1.0,1.0,0.1321953108806238,0.540400133090114,1.0,1.0,1.0,0.5529530259399208,1.0,1.0,0.0
gex_possorted_bam_1WGCZ:TGAACAGAGGTTTGACx-M2,0.03968184814238025,1.0,1.0,0.9317579054034749,0.0,1.0,1.0,0.5930705973879651,1.0,0.9980924963324523,1.0,1.0,1.0,1.0,0.30689173679412696,1.0,1.0,1.0,1.0,0.0,0.0,0.0,0.0,0.0,1.0,1.0,1.0,1.0,1.0,1.0,1.0,0.0,0.0,0.7418657381894211,1.0,0.241425959527732,1.0,0.2453318823849654,0.20165237309124254,1.0,0.4325292592427902,1.0,1.0,1.0,0.0811856402883242,0.6015821127543883,1.0,1.0,1.0,0.296170523422933,1.0,0.928179302220665,0.0
gex_possorted_bam_1WGCZ:TGAAGGATCATGACCGx-M2,1.0,0.7698307097848359,0.0,1.0,1.0,1.0,0.24257788574349054,1.0,0.5887563354344926,1.0,0.0283578309975607,0.9012360360970991,0.8906008361861014,0.21569641433317152,1.0,0.0,0.0,0.2994992201134315,0.945589027693419,0.6273889282371613,1.0,1.0,1.0,1.0,0.4555981352127467,0.9761166359286165,0.0,0.9071693409648927,1.0,1.0,0.6965240276683672,1.0,1.0,1.0,0.0,1.0,0.11145905583262404,1.0,1.0,0.0,1.0,0.22736013873056013,0.8163998411705042,0.34964839846125895,1.0,1.0,0.3454691071182847,0.0,1.0,1.0,1.0,1.0,0.6547977566474681
gex_possorted_bam_1WGCZ:TGATCGAGTTCGCTTGx-M2,0.8096615047906339,1.0,1.0,1.0,1.0,0.34181512886936444,1.0,1.0,1.0,1.0,0.0,0.0,1.0,0.8040279225356642,0.8500524358598976,0.0,0.0,0.0,0.44202210633774197,0.3754468330323064,0.21294619695057082,0.3722332059027293,1.0,0.06791335384716007,1.0,1.0,0.6336685370968148,0.4799079468787475,1.0,0.2635735013944273,0.0,1.0,1.0,1.0,0.26421026270003034,0.8871342546058412,0.0,1.0,1.0,0.10859202701250227,1.0,0.0,0.59842130883921,1.0,0.35571618775746466,1.0,1.0,0.0,1.0,1.0,0.5889760144448634,0.900713811550658,0.007567893061696873
gex_possorted_bam_1WGCZ:TCTTGTCCATGGCCTGx-M2,1.0,0.7115111088369779,0.0,0.9376838779544094,1.0,0.7923214344835607,0.10915003096510488,1.0,0.4216844824602117,0.8507707355200841,0.0,0.6531589814026248,0.7369138825523954,0.2494534080352337,1.0,0.06686357983203532,0.0,0.0,0.6125402768760976,0.6080819813945874,1.0,1.0,1.0,1.0,0.3262456503497331,0.9348820971471316,0.0,0.7612371475881223,0.7338840684811139,0.9283142520797557,0.06266200276610663,1.0,1.0,0.8930586591871923,0.0,0.952887745710485,0.2022944530768347,0.9851249236771072,0.9412670969368759,0.0,1.0,0.1693972888415116,0.6022836216988599,0.11701154655074349,0.948954106276732,0.9625780078792251,0.3479775654237529,0.0,0.8264013065117365,1.0,0.8522022845568565,0.8257827843836844,0.41182155444615187
gex_possorted_bam_1WGCZ:TGAGGTGCAAGGAATCx-M2,1.0,1.0,0.0,1.0,1.0,1.0,0.40946965865265145,1.0,0.7407886071469226,0.9756647144222516,0.13598198614713575,0.9870675700345724,0.9579229455422784,0.276917308871517,1.0,0.0,0.0,0.5714701512611542,1.0,0.5098983108039893,1.0,1.0,1.0,1.0,0.7300692101401512,0.9461973682127187,0.0,0.8756073724244356,0.8839211503443758,0.977012346580633,0.7442797273966656,1.0,1.0,1.0,0.0,1.0,0.1659726059206271,1.0,1.0,0.0,1.0,0.033662266177476884,0.6021624647401601,0.2202464947697458,1.0,1.0,0.3216724631837721,0.0,0.951710124921381,1.0,1.0,1.0,0.9701087050456227
gex_possorted_bam_1WGCZ:TGAGGAGGTGCTAGCGx-M2,0.17273130242928358,1.0,1.0,0.7955375300567202,0.0,0.8883830223928674,1.0,0.4254641876625176,1.0,0.5684229370793266,1.0,0.4429409998926535,1.0,1.0,0.28652593046564473,1.0,1.0,1.0,1.0,0.0,0.0,0.0,0.0,0.0,1.0,0.955745178354305,1.0,1.0,0.5735432814273145,0.36537359854767715,1.0,0.08446173002166177,0.15381175295759514,0.8511507080078409,1.0,0.25751532890646006,1.0,0.2911899400873732,0.18396748093208265,1.0,0.5596005137356306,1.0,1.0,1.0,0.0568110899795205,0.48953649666244264,1.0,1.0,0.7296709860585373,0.2079754595680464,1.0,0.7344169636001273,0.0
gex_possorted_bam_1WGCZ:TGACCAAGTTTAACCCx-M2,1.0,0.9293244062444997,0.17366785808005233,1.0,1.0,0.6592421756126452,0.0801066061627493,1.0,0.7047502912848989,0.8689990902761305,0.0,0.9915845784675742,0.8863009138371367,0.23220349931815681,1.0,0.16113936062447726,0.0,0.0,0.6351709844181473,0.6023294435276307,1.0,0.9902625717352268,1.0,1.0,0.4760894564099617,1.0,0.0,0.7200265789899135,0.7948190025821843,1.0,0.0,1.0,1.0,0.9304515631820954,0.0,0.9461625887486679,0.26328287428173963,1.0,0.9581236415119317,0.0,1.0,0.27355636528346655,0.8284957433935167,0.0,0.9850091641096321,1.0,0.5976026644867778,0.06590161509944595,0.9158449425042231,1.0,0.948706419556547,0.8818718114852568,0.2055015226485688
gex_possorted_bam_1WGCZ:TGAACAGAGCTCATAAx-M2,0.07053985748204207,1.0,1.0,1.0,0.015690729685279726,0.0,1.0,0.951486603838501,1.0,0.9769494062842164,0.0,1.0,1.0,1.0,0.1870051956950294,1.0,0.0,0.0,1.0,0.0,0.0,0.0,0.0,0.0,1.0,1.0,1.0,1.0,1.0,0.4183420656266951,1.0,0.19155693962440193,0.0,1.0,1.0,0.25654631251229226,1.0,0.0,0.0,1.0,0.19140655566491907,1.0,0.9429066317292596,0.0,0.0,0.5017431163269411,1.0,1.0,1.0,0.821474289851878,1.0,1.0,0.09755294686857129
gex_possorted_bam_1WGCZ:TGACTTCGTGGAGCAAx-M2,1.0,0.3348185082129252,0.0,1.0,1.0,0.8901446089043844,0.14994626621867146,0.9429714048471342,0.39894931774518105,0.8632628980302001,0.0,0.9615063537267079,0.8260186812647855,0.0,1.0,0.13564164831328773,0.0,0.0,0.6042836651292232,0.7082416215321177,1.0,1.0,1.0,1.0,0.03138114869472265,1.0,0.0,1.0,0.9569773357056003,1.0,0.0,1.0,1.0,0.8391444488968673,0.0,1.0,0.07676362129406514,1.0,1.0,0.015147338256930725,1.0,0.14286428600717843,0.7559677225592969,0.8814207291320278,0.890792307255864,1.0,0.6784389692609862,0.0,1.0,1.0,1.0,0.9987154663150337,0.22805865713982892
gex_possorted_bam_1WGCZ:TGAGGAGGTGATCATGx-M2,1.0,0.8740148679769707,0.22260153779361783,1.0,1.0,0.8382315271281273,0.4679174214565535,1.0,0.5512063876822851,0.8322506088113859,0.0,1.0,0.6384437673314639,0.3198742969244295,1.0,0.20258180500673917,0.0,0.0,0.9121497538513582,0.4291944647464375,0.7708694013516382,0.7884085236624729,1.0,1.0,0.5946978944700215,0.995020737018065,0.271978469760303,0.8068885576968331,1.0,0.8713700166772148,0.36962484145754493,0.5630342645641346,1.0,0.8657322648561259,0.0,0.9203401351032613,0.38160147212313666,0.996856117635694,1.0,0.21136801086269472,1.0,0.0,1.0,0.9503797713792494,0.790404366017268,1.0,0.5938159418066303,0.0,0.8153848399494242,0.9544638818637874,0.7013425351906875,0.8577536944125373,0.16863084232045183
gex_possorted_bam_1WGCZ:TGACTTCGTTTGGGTAx-M2,1.0,1.0,0.5574691758122676,1.0,1.0,1.0,0.18015368406049942,1.0,1.0,1.0,0.0,1.0,1.0,0.3868417093862235,1.0,0.08700309304303964,0.0,0.0,0.39384312298634877,0.74497472683929,1.0,1.0,1.0,1.0,0.6455104120781069,1.0,0.0,1.0,0.5836193915210879,1.0,0.0,1.0,1.0,1.0,0.0,1.0,0.0,1.0,1.0,0.0,1.0,0.11379394509105377,0.9517466846000289,0.4010752941092181,1.0,1.0,0.6657979589356247,0.0,1.0,1.0,1.0,1.0,1.0
gex_possorted_bam_1WGCZ:TGAGTTTCAGTTATGTx-M2,0.8817411081409721,0.5572594917715034,0.0,0.774988003090904,0.6533345686560955,0.5137264821935871,0.21461900289060737,0.8235690618930505,0.8258461915475614,0.6881234498301533,0.0,0.6251660109564722,0.47339060535677696,0.0870315144986714,0.7851931392643049,0.08658232298813302,0.0,0.0,0.398622771053555,0.2405641273293574,1.0,0.9487208191323614,0.8398603957719718,0.9549103808735209,0.49799007339639767,0.6275308183958412,0.0,0.49229163358121325,0.6420447592898114,0.8046547297811714,0.0,0.4265174937185442,0.8343642404630981,0.730037945888205,0.11344854725186601,0.8029443057838622,0.24203343986420195,0.7327461818273459,0.7383018293360443,0.09261804139452147,1.0,0.6163125324040022,0.4543193757732446,0.0,0.6960200388333337,0.7629033972842022,0.24362991555772956,0.07527790624469503,0.6374953524198728,0.7314472469144278,0.634001318018726,0.6892537931009447,0.5716418733492803
gex_possorted_bam_1WGCZ:TGAACAGAGGTGTTACx-M2,1.0,0.817108642889345,0.0,1.0,0.8136926037044719,1.0,0.8086568764102676,1.0,0.7857213714134557,0.9267432364102186,0.12156895126638849,0.6344728461712437,1.0,0.6671236243054237,1.0,0.47281024026669904,0.05384385660650204,0.8820918413482677,1.0,0.5364231530664895,1.0,1.0,0.8873360592755861,1.0,0.8165070188937202,0.8302684357686967,0.0,1.0,0.7414562207612275,0.8718561442204624,0.45431788977491105,1.0,1.0,1.0,0.0,1.0,0.015524703502959604,1.0,0.9256594217127683,0.0730370124575886,0.7250051665197824,0.4220770369261932,0.9035045484012558,0.00127552940707865,1.0,0.9633774744569809,0.5977560804744239,0.30778082163301834,0.8571058827177944,0.9728319398098151,1.0,1.0,0.7895869895966193
gex_possorted_bam_1WGCZ:TGATGAACAGGTTTGCx-M2,1.0,0.8588588601175742,0.0,0.9628100393795936,0.8586949831216408,1.0,0.4040439657021446,1.0,0.8121649436367181,1.0,0.0,1.0,0.8499764726180659,0.2581000626835064,1.0,0.3357204268601404,0.0,0.3505396314971265,0.8338849379662981,0.6708375843769545,1.0,1.0,1.0,1.0,0.5790730374938932,0.893787952006321,0.0,1.0,1.0,1.0,0.4271517762393118,0.9758584410546947,1.0,0.9755359748253288,0.0,1.0,0.3144148782988779,1.0,0.9981475367232767,0.01730419373225633,1.0,0.16482767740779253,0.763264654098939,0.18998365528345063,1.0,1.0,0.2182843115091416,0.0,0.8923485752492355,1.0,0.9184546984710873,1.0,0.5465923908144638
gex_possorted_bam_1WGCZ:TGAAACTGTGCAATGCx-M2,0.314193869196476,0.8352790149781617,1.0,0.6114001786056088,0.0,0.939384943961278,1.0,1.0,0.875725448662937,1.0,0.0,1.0,0.565166201114623,1.0,0.890495877702609,0.7785044418479358,1.0,1.0,1.0,1.0,0.31348951898538174,0.0,0.8338495462836267,0.150080790510228,0.40730157071370904,0.506748973312243,0.11115929787651914,1.0,1.0,0.7956375248154594,0.0,0.0,0.6206230463539166,0.4419287672179641,0.9983526335507795,0.9936944248191042,0.43358701129457755,0.9027663536929742,1.0,0.5975220744959541,1.0,1.0,1.0,0.7515703090557739,1.0,0.3013498645955294,1.0,0.5684183343118654,0.5226208034309934,1.0,0.0,0.0998979984137855,1.0
gex_possorted_bam_1WGCZ:TGACCTTGTTAGGATTx-M2,0.0,1.0,1.0,0.6373463146427597,0.0,1.0,1.0,0.3254916233230628,1.0,0.5574907000514082,1.0,1.0,1.0,1.0,0.13374260979654637,1.0,1.0,1.0,1.0,0.0,0.0,0.0,0.0,0.0,1.0,0.7941593251516699,1.0,1.0,1.0,0.6854873710804269,1.0,0.12890195411052022,0.0,0.5255183407732984,1.0,0.09811100111390128,1.0,0.11735493474436877,0.0,1.0,0.23056487865409503,1.0,1.0,1.0,0.0,0.3310399381730144,1.0,1.0,0.7568355743627144,0.2133161646869247,1.0,0.6096203508161044,0.0
gex_possorted_bam_1WGCZ:TGAGTGAAGCACAGAAx-M2,0.07358944038759595,1.0,1.0,0.9049555064942709,0.0,0.0,1.0,0.8494423359723033,1.0,0.5854002829421918,0.0,1.0,1.0,1.0,0.13238266773986676,1.0,0.0,0.030822988127090948,1.0,0.0,0.0,0.0,0.0,0.0,1.0,1.0,1.0,1.0,1.0,0.8205833615236229,1.0,0.0,0.0,0.8074960640371357,1.0,0.2058435580160049,1.0,0.028606678354055348,0.08238214831275792,1.0,0.11479767971249451,1.0,1.0,1.0,0.0,0.5861392486988866,1.0,1.0,1.0,0.5523508347841775,1.0,0.9824800500554742,0.0
gex_possorted_bam_1WGCZ:TGAAGGATCTAACTGAx-M2,0.0861981044118408,1.0,0.8216236767836247,1.0,0.0,0.0,1.0,0.9225820907422824,1.0,0.5699845953088499,0.0,1.0,1.0,1.0,0.05802315124889905,1.0,0.30157369147752233,0.40419213197513626,1.0,0.0,0.0,0.0,0.0,0.0,1.0,1.0,1.0,1.0,1.0,0.89053935128335,1.0,0.11052716825764423,0.0,0.899072222828581,1.0,0.27796218637520065,1.0,0.0,0.0,1.0,0.15990934456892805,1.0,1.0,0.4862781493104653,0.08203232446442672,0.5347136029855015,1.0,1.0,1.0,0.6770193830954206,1.0,0.9386721216324919,0.0
gex_possorted_bam_1WGCZ:TGACTTCGTAGTTGGCx-M2,0.020915868537897734,1.0,1.0,0.8080995151611758,0.0,0.29610692527592736,1.0,0.49968269952008354,1.0,0.47770866537427964,1.0,1.0,1.0,1.0,0.09980128096464719,1.0,1.0,1.0,1.0,0.0,0.0,0.0,0.0,0.0,1.0,1.0,1.0,1.0,1.0,1.0,1.0,0.07769994071327324,0.0,0.6326835303390784,1.0,0.1501363760026633,1.0,0.14477108984430698,0.13227411931606559,1.0,0.010142675312957204,1.0,1.0,1.0,0.04925870417382452,0.4858322305517805,1.0,1.0,0.9797269483955929,0.5137725633684554,1.0,0.9065961079233519,0.0
gex_possorted_bam_1WGCZ:TGAGCTTAGTAAGGGCx-M2,0.7049632215975746,0.4278188902596446,0.0,0.5850891535009299,0.7199179650801526,1.0,0.09086214112522596,0.6475590197958495,0.0,0.5383763030064181,0.884208979487456,0.09897628970864675,0.3228448712520289,0.3646066056652894,0.650737864561045,0.7292980617677675,0.6752330331889694,1.0,0.8763569012739248,0.46428509497216214,1.0,1.0,0.6816857943838369,0.9916974175534591,0.350037845328948,0.44838123683233017,0.11978233638901296,0.5218150970632338,0.500597407656244,0.7403669286211404,0.4013948356175141,0.556703579700208,0.6196541540116748,0.5954861258123608,0.11022415310429251,0.7686534793351898,0.21987909244812218,0.6309633936120296,0.6442209644435984,0.14327034197077185,0.4343201920442779,0.2420571830306799,0.09083888020976244,0.0,0.7159158319000013,0.6046842097731749,0.007653395455349263,0.24574821728803523,0.4841566489829906,0.5204964034848379,0.39017258188365944,0.6946516097662124,0.6219601646809486
gex_possorted_bam_1WGCZ:TGAGCTTAGTCTCACCx-M2,0.7924179506899132,0.6607846798877809,0.0,0.7029841508467654,0.6988001538582748,1.0,0.40287745558501903,0.760301937435217,0.0,1.0,0.6562462023045512,0.0,0.6533072953749497,0.2417938424423334,0.9708260882450216,0.4895437777684807,0.4904956319436189,1.0,0.7917237986212912,0.8414108881266259,1.0,1.0,0.7729408483363206,1.0,0.6668203659055743,0.622470057466125,0.0,0.656942334753455,0.766591174144613,0.5642889909391283,1.0,0.503592707944166,0.7877063089398217,0.8265896964779524,0.0,0.9703521153122797,0.24313470935501455,0.5876752879048444,0.8782228695794108,0.3107193291580738,0.3583538865625605,0.1899798459271014,0.4535913898458032,0.0,1.0,0.7080480343654757,0.34849818197884497,0.44984098954200946,0.691354567055468,0.8280803032734918,0.3753089297190855,0.8763170600463229,0.9989937756151813
gex_possorted_bam_1WGCZ:TGATGACTCAGTGAAGx-M2,1.0,0.8806484749248034,1.0,1.0,1.0,0.07207135455800817,0.15798498875483916,1.0,0.522763218299498,1.0,0.0,1.0,0.7963950414208887,0.0,1.0,0.39093127012016005,0.0,0.0,0.21562971821991567,0.44829951727873457,0.7429222201203656,0.6561024030881945,1.0,0.6925980906129426,0.4901016882768979,1.0,0.0,0.8391862945969076,0.9636064726447487,1.0,0.0,1.0,1.0,1.0,0.0,0.9613661085893975,0.29518725281180014,1.0,1.0,0.0,1.0,0.0,1.0,0.48287862472517745,0.8353140339542094,1.0,0.9797239489401993,0.0,1.0,1.0,1.0,0.8715157208682505,0.0
gex_possorted_bam_1WGCZ:TGAGTGAAGGCCCAGTx-M2,0.13478242660461962,1.0,1.0,0.9449624324562954,0.21924224130209483,0.18821611296181665,1.0,0.6906598135928107,1.0,0.7289147597019652,0.35475735637177097,1.0,1.0,1.0,0.28791578777666216,1.0,0.8249606170279066,0.7533737363188746,1.0,0.0,0.0,0.0,0.0,0.0,1.0,1.0,1.0,1.0,1.0,1.0,1.0,0.0,0.0,0.5980734216313199,1.0,0.24412973615215122,1.0,0.1885695579291159,0.27037171617319733,1.0,0.47589321178586436,1.0,1.0,1.0,0.0,0.503216449866099,1.0,1.0,1.0,0.4908984856232168,1.0,0.9237975379370762,0.0
gex_possorted_bam_1WGCZ:TGCTTCCAGGACCTCAx-M2,1.0,1.0,0.0080758125651557,1.0,1.0,1.0,0.6984220059522518,1.0,0.5449319126972454,1.0,0.23842415632462058,0.5997176894421086,1.0,0.28966102066718524,1.0,0.38618585369583824,0.069723519970874,1.0,1.0,0.9264306511557678,1.0,1.0,1.0,1.0,1.0,0.9791964046229233,0.0,1.0,1.0,1.0,0.982832604815635,1.0,1.0,1.0,0.0,1.0,0.3232026994635974,1.0,1.0,0.0,0.8724107721121042,0.1477096791083574,0.7867281006300921,0.5547034724275138,1.0,1.0,0.22536234317798637,0.0,1.0,1.0,0.9924710194404115,1.0,1.0
gex_possorted_bam_1WGCZ:TGCTCCGTCGCACACAx-M2,0.7417148139785287,1.0,1.0,1.0,1.0,0.22600820944201358,1.0,1.0,1.0,1.0,0.0,0.2586717365146197,1.0,0.7929288963911683,0.9833150075333429,0.0,0.0,0.0,0.3322981446592687,0.06965236019081511,0.0,0.3207395006176902,1.0,0.0,1.0,1.0,0.5824920807342304,0.4461800445730907,1.0,0.36705293125377886,0.0,1.0,1.0,1.0,0.2365828297986392,0.888438549387853,0.0,1.0,1.0,0.06398798521016431,1.0,0.0,0.7838900323187903,1.0,0.27486398111570365,1.0,1.0,0.0,1.0,1.0,0.8294657839548011,1.0,0.0
gex_possorted_bam_1WGCZ:TGGACAAAGACAACGAx-M2,0.9474374376692248,0.5639184448507404,0.0,0.8416719345367694,1.0,1.0,0.0,0.7948503169331511,0.11062225678201043,1.0,0.19758611435223644,0.5852650230827986,0.6016392293525322,0.0,1.0,0.03246187785907568,0.12643298191276428,0.12081359006007701,0.5244376527748303,0.9994662867519876,1.0,1.0,1.0,1.0,0.4043487768395742,0.8746333180028147,0.06436018126532919,0.651551859230125,0.5308248864442761,1.0,0.3477496965507266,0.9509260178491771,0.9847258817984869,0.7278541013907909,0.0064276618939342065,0.8996598686972956,0.0,0.8235635414122113,0.8661732721019167,0.0,1.0,0.12242076617063048,0.5926525277681441,0.5115269292008745,1.0,0.8462220322573282,0.4127555820582252,0.0,0.8092513811974796,1.0,0.7106265881514336,0.836106222038598,0.9603410808392097
gex_possorted_bam_1WGCZ:TGCTTCATCCAATTAGx-M2,0.0865631481009255,1.0,1.0,1.0,0.17078243535416465,0.0,1.0,0.9455154348197533,1.0,0.7571882363437301,0.0,1.0,1.0,1.0,0.12823321949351754,1.0,0.03134342652756886,0.0,1.0,0.0,0.0,0.0,0.0,0.0,1.0,1.0,1.0,1.0,1.0,0.804115523140076,1.0,0.14923375016039736,0.0,0.9847530113714037,1.0,0.3125393949924097,1.0,0.03505588560066087,0.023164764985459066,1.0,0.2025401879141677,1.0,1.0,0.9806122112925499,0.08226596639919904,0.5356940808638815,1.0,1.0,1.0,0.6941809320193794,1.0,0.978980692901421,0.0
gex_possorted_bam_1WGCZ:TGCTAACAGACAACAGx-M2,1.0,1.0,0.4207053005398882,1.0,1.0,1.0,0.53063838193361,1.0,0.5444186574267867,1.0,0.16597635114641004,0.664740395495125,1.0,0.3922881372394094,1.0,0.29807452702584913,0.07338822266900268,0.9464537006477795,1.0,0.7641967017002057,1.0,1.0,1.0,1.0,0.9362770464281072,1.0,0.0,1.0,1.0,1.0,0.9008401311898814,1.0,1.0,1.0,0.0,1.0,0.1453801923222822,1.0,1.0,0.0,1.0,0.46204034099747443,1.0,1.0,1.0,1.0,0.4965961985905104,0.0,1.0,1.0,0.9505302253252683,1.0,1.0
gex_possorted_bam_1WGCZ:TGCTCCGTCGGGACCTx-M2,1.0,1.0,0.4709334162976294,1.0,1.0,1.0,0.7266371762534141,1.0,0.38288325807710283,1.0,0.46830567838747245,0.7156363514501752,1.0,0.6363585204684805,1.0,0.7653887248082779,0.11827956955077935,1.0,1.0,0.4190764224267274,1.0,1.0,1.0,1.0,0.8549800605035072,0.9485019130054789,0.0,0.9424587425649994,1.0,1.0,1.0,1.0,1.0,1.0,0.0,1.0,0.3521686756945367,1.0,1.0,0.0,0.6703186797257537,0.425973528316628,0.8176112149746428,0.9208945100956558,1.0,1.0,0.3647522244908777,0.04174379719609535,0.9760866349311559,1.0,0.9688866286027815,1.0,1.0
gex_possorted_bam_1WGCZ:TGCTATGCAATGAAGCx-M2,1.0,1.0,0.02988968903696075,1.0,1.0,1.0,0.5640790170960925,1.0,0.3523119206396554,1.0,0.2580144053467378,0.9183949139004646,1.0,0.21411545007068097,1.0,0.3757179611690951,0.0,0.8362791475564266,1.0,0.9312009108796999,1.0,1.0,1.0,1.0,0.9011724467298526,0.9810378884234633,0.0,1.0,1.0,1.0,0.8339039225515285,1.0,1.0,1.0,0.0,1.0,0.4429350956179095,1.0,1.0,0.0,0.8044774558851985,0.1380243039862724,0.6676792142769249,0.16931931954515292,1.0,1.0,0.24929237122116127,0.0,0.9944888810805826,1.0,0.8183587144937727,1.0,1.0
gex_possorted_bam_1WGCZ:TGGACTAGTCTATCGTx-M2,1.0,1.0,0.1731463167956972,1.0,0.6673622079080759,0.4990128826050673,1.0,1.0,1.0,1.0,0.0,1.0,1.0,0.7151176616812652,1.0,0.8066350961838551,0.0,0.0,0.5148134902480388,0.9385409943303312,0.9654616088123434,0.6664046381562736,0.9855323478306464,1.0,1.0,1.0,0.10736288779161673,1.0,1.0,0.6946237221445462,0.9881985510038135,1.0,1.0,1.0,0.15395174855803428,1.0,0.8240153785773383,1.0,1.0,0.3494884801244225,1.0,0.5850992202734213,0.8137751109135999,1.0,1.0,1.0,1.0,0.058848224385483844,1.0,1.0,0.829881683746659,0.9038336673303086,0.43497000564761323
gex_possorted_bam_1WGCZ:TGGCCAATCTAAATCGx-M2,1.0,1.0,0.0,1.0,1.0,1.0,0.27392320136603365,0.8776949974235767,0.0,1.0,1.0,0.2385552928138104,0.9979558447275662,0.6557769195076398,1.0,0.9110150797466737,0.9058498556142727,1.0,1.0,0.5911661890216001,1.0,1.0,1.0,1.0,0.7337316307577543,0.9548800962279299,0.0,1.0,1.0,1.0,1.0,1.0,1.0,1.0,0.0,1.0,0.2556889763545874,1.0,1.0,0.0,0.6237248799465862,0.14176904667468543,0.6282292228835393,0.341226761105183,1.0,1.0,0.15229698201682576,0.0,0.9730196169913574,1.0,0.7391689771755631,1.0,1.0
gex_possorted_bam_1WGCZ:TGATGATGTTACTTGCx-M2,1.0,1.0,0.4017411274241489,1.0,1.0,1.0,0.38439073991680645,1.0,0.5306165670137795,1.0,0.0,0.8278526024391283,1.0,0.5903351594451384,1.0,0.37782385841494587,0.0,0.2410540917480299,1.0,0.782129902334969,1.0,1.0,1.0,1.0,0.41874687979404995,1.0,0.0,1.0,1.0,1.0,1.0,1.0,1.0,1.0,0.0,1.0,0.2258860384674874,1.0,1.0,0.0,1.0,0.18757512516860453,0.9289318927822069,0.6557779679345254,1.0,1.0,0.5195058291039127,0.0,1.0,1.0,1.0,1.0,0.7140962009795517
gex_possorted_bam_1WGCZ:TGCCATTGTCCGCTGTx-M2,1.0,0.858029389419889,0.20717927020431845,1.0,1.0,0.9452102428252571,0.3164226203211868,1.0,0.579458162850769,1.0,0.0,1.0,0.8325191245560397,0.33382990004345164,1.0,0.26547155915195125,0.0,0.09500658328999785,1.0,0.6017985488293341,1.0,1.0,1.0,1.0,0.4349658816896584,1.0,0.0,0.6677016807807624,1.0,1.0,1.0,0.8267629810406615,1.0,1.0,0.0,1.0,0.26504739938390315,1.0,1.0,0.01654485315489494,1.0,0.38896709530340345,1.0,0.7680659645215909,1.0,1.0,0.2210192164829422,0.0,1.0,1.0,1.0,1.0,1.0
gex_possorted_bam_1WGCZ:TGCTTCCAGCAATAGGx-M2,0.0516134867561135,1.0,1.0,0.9343060321391276,0.020173148614046968,0.0,1.0,0.6448497612588668,1.0,0.6594978335378227,0.0,1.0,1.0,1.0,0.1304063547985201,1.0,0.0,0.0,1.0,0.0,0.0,0.0,0.0,0.0,1.0,1.0,1.0,1.0,1.0,0.9871915857426891,1.0,0.08493292462001584,0.0,0.7036988052524789,1.0,0.18056953229697725,1.0,0.11829036994958822,0.09194544051312015,1.0,0.04185374587016644,1.0,1.0,1.0,0.0,0.5271918798137268,1.0,1.0,1.0,0.5685024133306715,1.0,0.9934088523185517,0.0
gex_possorted_bam_1WGCZ:TGCTTGCTCACGAATCx-M2,0.9317909517304284,0.8219502381082943,0.0,0.6900275663600182,0.8680427533250792,1.0,0.2539028551437116,0.860372190305126,0.10176715730554238,0.802958210542555,0.7830164624375882,0.3517669704199353,0.6354853658627504,0.387576494991433,0.7163632078882577,0.0,0.4866340238189747,1.0,0.9686805675130902,0.6278646560147245,1.0,1.0,0.8418672775000112,1.0,0.6184539327054629,0.5798022583602619,0.0,0.6560483854323172,0.9162318864907872,0.8137987365442994,0.7421614972693741,0.878539565602789,0.8283406404444281,0.9119778316263998,0.0,1.0,0.1131069350764372,0.8230149473174145,0.8440671291274208,0.10878608523336318,0.38708225170880645,0.25269839338331646,0.3945527035185001,0.0,1.0,0.8475416420853256,0.0,0.0,0.6934988271346372,0.8856697585337706,0.5456363909399072,0.9084047937245824,1.0
gex_possorted_bam_1WGCZ:TGCTGGATCTGTAAGCx-M2,0.948158263469198,0.8316775652691439,1.0,1.0,1.0,1.0,0.0,0.9643565489496672,1.0,1.0,0.0,1.0,1.0,0.5132930293398167,1.0,0.26226658931471913,0.0,0.0,0.0,0.5436169839734981,0.3948147683773168,0.8782370297539753,1.0,0.45957623621738286,0.9050406345865226,1.0,0.0,1.0,0.7807509667591713,1.0,0.0,1.0,1.0,1.0,0.0,1.0,0.0,1.0,1.0,0.0,1.0,0.0,1.0,0.9361843201373506,1.0,1.0,1.0,0.0,1.0,1.0,0.8717126429679734,1.0,1.0
gex_possorted_bam_1WGCZ:TGCTTGCTCATCCTATx-M2,1.0,1.0,0.245009241398125,1.0,1.0,1.0,0.3793719900577609,1.0,0.7254407899375236,1.0,0.0,1.0,1.0,0.2874497487633039,1.0,0.16265109927776267,0.0,0.2639928879307721,1.0,1.0,1.0,1.0,1.0,1.0,0.5681393755243043,1.0,0.0,1.0,1.0,1.0,1.0,1.0,1.0,1.0,0.0,1.0,0.0030633270144006745,1.0,1.0,0.0,1.0,0.21006476705404906,1.0,0.8327605433047848,1.0,1.0,0.6111199823236638,0.06344770928555253,1.0,1.0,1.0,1.0,0.9636260517410618
gex_possorted_bam_1WGCZ:TGCTGGATCTCACAAAx-M2,1.0,0.8589198886727659,1.0,1.0,1.0,1.0,0.0,1.0,1.0,1.0,0.0,1.0,1.0,0.4129069938306811,1.0,0.06748141282237854,0.0,0.0,0.25989340214863427,0.7865416364298742,0.8340206475626751,1.0,1.0,1.0,0.9123049467543743,1.0,0.0,1.0,0.6299428287723,1.0,0.0,1.0,1.0,1.0,0.0,1.0,0.0,1.0,1.0,0.0,1.0,0.09821361072132741,1.0,0.8343699901965381,1.0,1.0,1.0,0.0,1.0,1.0,0.8830958372478442,1.0,1.0
gex_possorted_bam_1WGCZ:TGCATGAGTAAGCACCx-M2,0.030918801691845584,1.0,1.0,0.9447195726526757,0.0,1.0,1.0,0.6990887701729729,1.0,0.7135358390964741,1.0,1.0,1.0,1.0,0.22385462485611968,1.0,1.0,1.0,1.0,0.0,0.0,0.0,0.0,0.0,1.0,1.0,1.0,1.0,1.0,0.9957431697242557,1.0,0.001059419053892952,0.0,0.699163292066561,1.0,0.31155496414189826,1.0,0.21579297993511445,0.11622565122661369,1.0,0.33697829265347456,1.0,1.0,1.0,0.09375236506973453,0.49243439427129865,1.0,1.0,1.0,0.39087475383134895,1.0,0.8846296518337367,0.0
gex_possorted_bam_1WGCZ:TGCAATATCCAGGTCAx-M2,0.05705800054124344,1.0,1.0,0.9433289881371417,0.1261059194088831,0.0,1.0,0.7504367968854748,1.0,0.8776523715765363,0.0,1.0,1.0,1.0,0.1601005141165718,1.0,0.0,0.0,1.0,0.0,0.0,0.0,0.0,0.0,1.0,1.0,1.0,1.0,1.0,0.9613158837216306,1.0,0.06962052215043638,0.0,0.9013608326981464,1.0,0.24015243780892792,1.0,0.07347960405415253,0.12262234937636016,1.0,0.15903333170126385,1.0,1.0,1.0,0.0,0.5458738224128118,1.0,1.0,1.0,0.7693477727603069,1.0,1.0,0.13440721202057904
gex_possorted_bam_1WGCZ:TGATTCAAGTAACGGAx-M2,0.9499131020090437,0.7821012531842859,1.0,1.0,1.0,0.28987679058439186,0.0,1.0,1.0,1.0,0.0,1.0,1.0,0.8622124920190312,1.0,0.07375000241599247,0.0,0.0,0.0,0.0,0.0,0.30806312001848557,1.0,0.44925038656447264,0.694206781574108,1.0,0.052532474383275005,0.7850471272231289,0.7021863570768524,1.0,0.0,1.0,1.0,1.0,0.0,0.929910525088933,0.0,1.0,1.0,0.0,1.0,0.0,1.0,1.0,0.844242569933707,1.0,1.0,0.0,1.0,1.0,1.0,1.0,0.0
gex_possorted_bam_1WGCZ:TGATTGCAGACTATTGx-M2,1.0,0.9495931798158492,0.0,1.0,1.0,1.0,0.8666418348669498,1.0,0.6178351771897177,1.0,0.06856141846371462,0.4138406846824314,0.9486116045866678,0.601595169197871,1.0,0.09816781151883487,0.0,0.4532663791783227,1.0,0.5580452281549653,1.0,1.0,1.0,1.0,0.6439302284613337,0.9983199383958136,0.0,0.9019717966196479,1.0,1.0,0.895596784144962,1.0,1.0,1.0,0.0,1.0,0.07040452789989639,1.0,1.0,0.0,1.0,0.0431112046056107,0.6620907296399013,0.17388764959905592,1.0,1.0,0.27035186588354654,0.0,0.9709335313795351,1.0,1.0,1.0,0.7808934544111845
gex_possorted_bam_1WGCZ:TGCTTAAAGCAAGGGTx-M2,1.0,1.0,0.15274620763295152,1.0,1.0,1.0,0.5118158383863992,1.0,0.5189143179260994,1.0,0.321705061442727,0.7145311361850827,1.0,0.6865619727551944,1.0,0.3822957357131354,0.11527748771412581,1.0,1.0,0.9029628754111109,1.0,1.0,1.0,1.0,0.5617297085155463,1.0,0.0,1.0,1.0,1.0,1.0,1.0,1.0,1.0,0.0,1.0,0.05525571922693491,1.0,1.0,0.035873377231190495,1.0,0.3221952818700042,0.8495480326615932,0.5824684536437933,1.0,1.0,0.19545681018315555,0.0,1.0,1.0,1.0,1.0,0.9901563447216247
gex_possorted_bam_1WGCZ:TGCTCACTCTAGCTTTx-M2,0.04207740185297911,1.0,1.0,1.0,0.2788562918394695,0.13386436400299084,1.0,0.6304301402489951,1.0,0.645437618760902,0.5521335663531572,1.0,1.0,1.0,0.1591119261530875,1.0,0.7462721345169088,0.8427342007890511,1.0,0.0,0.0,0.0,0.0,0.0,1.0,1.0,1.0,1.0,1.0,1.0,1.0,0.0,0.0,0.766987568803245,1.0,0.23909751095291015,1.0,0.0931830202663162,0.05522461323526827,1.0,0.020877833640718733,1.0,1.0,1.0,0.0,0.5342516617839242,1.0,1.0,1.0,0.5707976215788139,1.0,1.0,0.0
gex_possorted_bam_1WGCZ:TGCACTTGTTATCCGTx-M2,0.6287179545036611,0.9362196689311957,0.33547068629549537,0.6111187319130672,0.6248523704303139,0.7010747334444107,0.9491276193407308,0.8082339496016312,0.47151757809324224,0.9196120722345058,0.0,0.7387948567966262,0.2869479264831379,0.03572191337623323,0.9130927768814687,0.33516115067223856,0.0,0.0,0.0,1.0,0.8026011294109813,0.8620924565268645,0.621941983183697,0.9718135096215084,0.1734906117854206,0.3777034743456412,0.0,0.5889181507079815,0.6331912713198719,0.5932664719839228,1.0,0.32430316789476504,0.6411063184821834,0.8486718790176305,0.12428339211436977,0.8945028953081555,0.3323628718865694,0.5981822463955979,0.8369708912257442,0.6775803115084956,0.6979936166453327,0.4239584970509935,0.1520141057111532,0.6876929932194671,0.6677221781974789,0.7034521622744326,0.0,0.0,0.6998716322665228,0.6587851423081162,0.5976565361679805,0.5976354677762821,0.9515941239339396
gex_possorted_bam_1WGCZ:TGCTAACAGGAGGTTAx-M2,0.9957644335850073,0.8970391793159892,1.0,1.0,1.0,0.6371801489406878,0.0,1.0,1.0,1.0,0.0,1.0,1.0,0.8125061125467207,1.0,0.20636228418555846,0.0,0.0,0.0,0.2340855161318508,0.003473712315261485,0.5391107689119139,1.0,0.5133576644447017,0.9494943930569978,1.0,0.06174019082404585,1.0,0.544183152968641,1.0,0.0,1.0,1.0,1.0,0.0,1.0,0.0,1.0,1.0,0.0,1.0,0.0,1.0,1.0,1.0,1.0,1.0,0.0,1.0,1.0,0.9951592156226424,1.0,0.5811272235895439
gex_possorted_bam_1WGCZ:TGCTCTCAGCCTCTCGx-M2,1.0,1.0,0.4094286071552006,1.0,1.0,1.0,0.4438587193523753,1.0,0.8892154148308926,1.0,0.06488595017536448,1.0,1.0,0.2383123342633186,1.0,0.21856428859801005,0.0,0.608833242958034,1.0,0.9744767909394341,1.0,1.0,1.0,1.0,0.5744042438735244,1.0,0.0,1.0,1.0,1.0,0.8944303026152062,1.0,1.0,1.0,0.0,1.0,0.012771135168829509,1.0,1.0,0.0,1.0,0.15239365693360388,1.0,0.5407945290252658,1.0,1.0,0.17168671872411664,0.0,1.0,1.0,0.9949594711401091,1.0,1.0
gex_possorted_bam_1WGCZ:TGCTTTAGTGACATGCx-M2,0.06271858815900178,1.0,1.0,0.9312783727598305,0.019639094777022165,0.11982344358347849,1.0,0.7392260324050958,1.0,0.5868607819327561,0.5803504974633503,1.0,1.0,1.0,0.10716297507180678,1.0,0.7876923395431598,1.0,1.0,0.0,0.0,0.0,0.0,0.0,1.0,1.0,1.0,1.0,1.0,1.0,1.0,0.0,0.0,0.6703758464242571,1.0,0.21085406614514035,1.0,0.1676662335076683,0.14077129515813674,1.0,0.04010564534882985,1.0,1.0,1.0,0.047335244959293074,0.5521366745001567,1.0,1.0,1.0,0.39198380762950535,1.0,0.933955053419544,0.0
gex_possorted_bam_1WGCZ:TGGATTGGTCACCAAAx-M2,1.0,0.9487383923274114,0.5285952231852298,1.0,1.0,1.0,0.08094788498704654,1.0,0.2528051817059267,1.0,0.0,0.4919683806861793,1.0,0.5595663769934726,1.0,0.04741525500973335,0.0,0.0,0.8198118237248744,0.8258890229130856,1.0,1.0,1.0,1.0,0.3652893298450141,1.0,0.0,1.0,0.7882801966136778,1.0,0.689838795023159,1.0,1.0,1.0,0.0,1.0,0.1230388800628788,1.0,1.0,0.0,1.0,0.009787754595110108,0.756438691276694,0.5100480235510995,1.0,1.0,0.6111487790974643,0.0,1.0,1.0,1.0,1.0,0.3173969046922073
gex_possorted_bam_1WGCZ:TGGACGGAGTCATGCGx-M2,0.061460024613618755,1.0,1.0,1.0,0.0,0.0,1.0,0.7435230632969624,1.0,0.7035386751173319,0.0,1.0,1.0,1.0,0.15381307115008244,1.0,0.21843444563297224,0.139189182091868,1.0,0.0,0.0,0.0,0.0,0.0,1.0,1.0,1.0,1.0,1.0,1.0,1.0,0.1568048639953174,0.0,0.8055645516342584,1.0,0.2832986739538427,1.0,0.1739469683903733,0.35024924148872383,1.0,0.1609684190649523,1.0,1.0,1.0,0.15644551337326898,0.5242861758282925,1.0,1.0,1.0,0.29621609518903086,1.0,1.0,0.0
gex_possorted_bam_1WGCZ:TGGACTAGTTACATCCx-M2,1.0,1.0,0.02189035154474318,1.0,1.0,1.0,0.5780814501623948,1.0,0.3525208121927243,1.0,0.4747383259746586,0.8374920600406089,0.9575515127605124,0.4878636677298963,1.0,0.549339450875124,0.25304731415631804,1.0,1.0,0.9762126919558096,1.0,1.0,1.0,1.0,0.638665009952077,0.9763488745893707,0.0,1.0,1.0,1.0,1.0,1.0,1.0,1.0,0.0,1.0,0.2693645588855825,1.0,1.0,0.0,1.0,0.2788987523507132,0.7152755150355234,0.19586034215078424,1.0,1.0,0.44070375330022554,0.0,1.0,1.0,0.8902042643101553,1.0,0.8762294441071484
gex_possorted_bam_1WGCZ:TGCACCTTCCCTGTTAx-M2,1.0,1.0,0.1514841658339254,1.0,0.8212502748741404,0.9420870719389041,1.0,1.0,0.9229123650367121,1.0,0.0,1.0,1.0,0.506435861583303,1.0,0.27531640058933704,0.0,0.0,0.7535429090788981,1.0,1.0,1.0,1.0,1.0,1.0,1.0,0.0,1.0,1.0,0.9031994729689727,0.7759526982832327,1.0,1.0,1.0,0.0,1.0,0.46367809128508586,1.0,1.0,0.1474950892402862,1.0,0.27644239704656276,0.7929306647277031,0.8011482804621008,1.0,1.0,0.698303071780825,0.0,1.0,1.0,0.9415487600138619,0.9998961999312515,0.6910876110413505
gex_possorted_bam_1WGCZ:TGCATCCTCCTAATTCx-M2,1.0,1.0,0.8043263381342496,1.0,1.0,1.0,0.1620197710079283,0.9765508514059005,0.5480708452946688,1.0,0.33971112567204736,0.7710896814167331,0.983869086860871,0.48208555439682244,1.0,0.34285412190139836,0.09129584787504068,0.8533654168183918,0.9387903046794795,0.74110820913483,1.0,1.0,1.0,1.0,0.9178533759214133,1.0,0.0,1.0,0.9419250139816955,1.0,0.7975516098607714,1.0,1.0,1.0,0.0,1.0,0.231693550059213,1.0,1.0,0.03567349356735667,1.0,0.02474232963092245,1.0,0.7203073959363924,1.0,1.0,0.6516716173865865,0.0,1.0,1.0,0.89461556007583,1.0,1.0
gex_possorted_bam_1WGCZ:TGGACAAAGGCATGAAx-M2,1.0,1.0,0.06364815022358127,1.0,1.0,1.0,0.911864933830651,1.0,0.6912887161156568,1.0,0.15364948888192315,0.39354838733688075,0.8251381303578851,0.25955695328452083,1.0,0.48068450268507923,0.06162903107415967,0.9941431439704403,1.0,0.8841218032932423,1.0,1.0,1.0,1.0,1.0,1.0,0.0,1.0,1.0,1.0,1.0,1.0,1.0,1.0,0.0,1.0,0.10574104113086412,1.0,1.0,0.022492600859442744,1.0,0.06692481860660311,0.9116175289979217,0.5052513544785446,1.0,1.0,0.2503242328694134,0.0,1.0,1.0,1.0,1.0,1.0
gex_possorted_bam_1WGCZ:TGCTTGTGTACGGTACx-M2,1.0,0.9344549440082393,0.0,1.0,1.0,1.0,0.4442763367175883,1.0,0.6089128519415365,0.879991948241566,0.24597337167126887,0.5233173367408525,0.9308534668926837,0.24044460437890075,1.0,0.40663128844807844,0.0,0.8259221591607978,1.0,0.6110388808613048,1.0,1.0,1.0,1.0,0.5208670941491647,0.9358097731595407,0.0,0.9750053061978137,1.0,1.0,0.6479716520943866,1.0,1.0,1.0,0.0,1.0,0.24290173332399287,1.0,1.0,0.0,1.0,0.10768382661765236,0.7355968294245245,0.32170417857317696,1.0,1.0,0.054477723028086435,0.0,0.9511743888643505,0.8351919406574576,1.0,1.0,1.0
gex_possorted_bam_1WGCZ:TGGACCGGTTAGTACGx-M2,1.0,0.9028876828227788,0.9857993036326538,1.0,1.0,1.0,0.18915977236637332,1.0,0.9805943265947535,1.0,0.0,1.0,1.0,0.4658460974757367,1.0,0.14758849439533042,0.0,0.0,0.42468936955871733,0.6725060403137859,0.9746230918102076,0.9904207699120788,1.0,0.9513601847363655,0.8559639497115693,1.0,0.0,1.0,0.9307460477639952,1.0,0.0,1.0,1.0,1.0,0.0,1.0,0.0,1.0,1.0,0.0,1.0,0.07588226586216701,1.0,0.5068063300878463,1.0,1.0,1.0,0.0,1.0,1.0,0.934942099192845,1.0,0.5658239508484818
gex_possorted_bam_1WGCZ:TGCAGGCTCCAAGTTAx-M2,0.7086854943626243,1.0,1.0,0.9237540583151395,1.0,1.0,0.9907765457243743,1.0,1.0,1.0,0.0,1.0,0.9417500044131842,0.750616116898743,1.0,1.0,0.0,0.0,0.2628054561659989,1.0,0.7280522741438448,0.8381930838383637,0.90772669262671,0.7890984093537625,0.9650226054262647,1.0,0.0,1.0,1.0,1.0,1.0,0.6562758434913374,0.8347196798395976,1.0,0.0,1.0,0.4783872287287712,0.8962785155581346,1.0,0.9427937604112051,1.0,0.1908981704486434,1.0,1.0,1.0,0.9881868035958069,1.0,0.0,1.0,1.0,0.9531763594564361,0.9617276448846649,1.0
gex_possorted_bam_1WGCZ:TGGAACAAGTGTTGCGx-M2,1.0,1.0,1.0,1.0,1.0,1.0,0.10871171762807605,1.0,1.0,1.0,0.0,1.0,1.0,0.29152053388103333,1.0,0.11128738760277969,0.0,0.0,0.7063637929665021,0.7729934767657509,1.0,1.0,1.0,1.0,0.8323474153874323,1.0,0.0,0.9994789896656585,1.0,1.0,0.34381408508523176,1.0,1.0,1.0,0.0,1.0,0.02736702037521262,1.0,1.0,0.0,1.0,0.1613043304444372,1.0,0.7715557037785128,1.0,1.0,0.9337361835687544,0.0,1.0,1.0,0.9942062409957315,1.0,0.845590129239105
gex_possorted_bam_1WGCZ:TGCACTTGTGTTAAACx-M2,1.0,1.0,0.745788092111721,1.0,1.0,0.786361133476778,0.04068011174053506,1.0,0.6128867241247783,1.0,0.0,1.0,0.8498449645248467,0.3850144282653182,1.0,0.14653984105648096,0.0,0.0,0.7328083821526193,0.6638709163667253,1.0,1.0,1.0,1.0,0.06773560427332995,1.0,0.0,0.9858267682372313,0.7419480594206271,1.0,0.24182401491636213,1.0,1.0,1.0,0.0,1.0,0.08352466147888217,1.0,1.0,0.0,1.0,0.1919354470229608,1.0,0.45085965717892734,1.0,1.0,0.8131229345707335,0.0,1.0,1.0,1.0,1.0,0.0
gex_possorted_bam_1WGCZ:TGCTAACAGGCCTGGTx-M2,0.6417272525611515,1.0,0.7421723467023416,0.7078052691876968,0.17632059155570196,0.6256451806807303,1.0,1.0,0.6646454589280425,1.0,0.0,1.0,0.554089681652874,0.9731838740350639,0.9725687502000396,0.6890847901047179,0.11657474535909093,0.0,0.18415780631734188,1.0,0.6379758720777934,0.4537679932930195,0.6477470500508214,0.809571641319736,0.6105799759465839,0.6126433229096285,0.1867492014481002,0.7152885978242239,0.41142614235636205,0.6022016818592737,1.0,0.5051655924617503,0.7074129120907569,0.9828848929294101,0.3732011036471209,0.8778102957012838,0.5774291119600229,0.6534513938812838,0.8108103871484283,0.4983267073010142,1.0,0.8686498416493217,0.47470282511531764,0.5224049773207952,0.8552468940795565,0.6468982556271032,0.7047388853521309,0.38039198918849965,0.7228543328259018,0.8592441966318244,0.32027286916099024,0.5373054839858894,0.3596856092921664
gex_possorted_bam_1WGCZ:TGCACCTTCCTAAGGTx-M2,1.0,1.0,0.48052459850892404,1.0,1.0,1.0,0.2593965713409222,1.0,0.48069771996018673,1.0,0.3462345971877691,0.9142347543582924,1.0,0.6900010353797167,1.0,0.24018030571011437,0.1339822718542233,1.0,1.0,1.0,1.0,1.0,1.0,1.0,0.6673014257158957,1.0,0.0,1.0,0.5907098782000665,1.0,1.0,1.0,1.0,1.0,0.0,1.0,0.059179376529876274,1.0,1.0,0.0,1.0,0.23951755211826425,1.0,0.4681340014520666,1.0,1.0,0.7170370336155493,0.18146204204634242,1.0,1.0,1.0,1.0,1.0
gex_possorted_bam_1WGCZ:TGCCATTGTGATGAAAx-M2,0.07917876642988707,1.0,1.0,0.9978733021564791,0.0,0.0,1.0,0.8593186891369378,1.0,0.5457603106386184,0.0,1.0,1.0,1.0,0.11909798561611601,1.0,0.0,0.0,1.0,0.0,0.0,0.0,0.0,0.0,1.0,1.0,1.0,1.0,1.0,0.8451402650511387,1.0,0.04255699484103767,0.0,0.7714174005623609,1.0,0.25673234712852655,1.0,0.09158383011520924,0.07207661272097424,1.0,0.08860632271200926,1.0,1.0,1.0,0.0,0.4887616707538132,1.0,1.0,1.0,0.49675973632100934,1.0,0.9488866074461348,0.0
gex_possorted_bam_1WGCZ:TGCAGGCTCGATTTGAx-M2,0.07039654163707856,1.0,1.0,1.0,0.0,0.0,1.0,0.779725468706853,1.0,0.7742095471235794,0.0,1.0,1.0,1.0,0.16762071307743281,1.0,0.0,0.0,1.0,0.0,0.0,0.0,0.0,0.0,1.0,1.0,1.0,1.0,1.0,0.8257016416995572,1.0,0.1268572900187077,0.0,0.9071815780069132,1.0,0.24850111121524263,1.0,0.03542423178525847,0.060306629140281245,1.0,0.11301274256754362,1.0,1.0,0.26085429344934075,0.019927547216803315,0.5666577942239225,1.0,1.0,1.0,0.6207688302943087,1.0,1.0,0.0
gex_possorted_bam_1WGCZ:TGCTTCATCCTTAGGGx-M2,1.0,0.9692817000878868,0.0,0.9758180014431952,1.0,1.0,0.6204921110552375,1.0,0.6990444396413799,0.9575825661324848,0.3671320182997942,0.8807678393018953,0.8821915054945438,0.2952625604935701,1.0,0.19290894271692463,0.1616514743444257,0.9536674230587022,1.0,0.5819060660899997,1.0,1.0,1.0,1.0,0.683007276545028,0.7917086348476268,0.0,1.0,1.0,1.0,0.7288088330357516,1.0,1.0,1.0,0.0,1.0,0.20368899456333744,1.0,1.0,0.055952274546870136,0.9478166433042461,0.3532049906411699,0.6286288352752473,0.12847574983575133,1.0,1.0,0.0,0.1248583695478628,0.8495438483456829,0.9368021926293163,0.919304710796333,1.0,0.6557427342879254
gex_possorted_bam_1WGCZ:TGCCGGTAGTCACCAGx-M2,1.0,1.0,0.5285018497543416,1.0,1.0,1.0,0.9805595177732913,1.0,0.790479121159929,1.0,0.0,1.0,1.0,0.712951205208669,1.0,0.5530185965845038,0.0,0.21027165452562563,0.8626088795484147,0.624298614025467,1.0,1.0,1.0,1.0,1.0,1.0,0.0,1.0,0.9807117243425393,1.0,1.0,1.0,1.0,1.0,0.0,1.0,0.6314087586436008,1.0,1.0,0.33571577268078273,1.0,0.42986132529333637,0.9221444469742494,0.9571793706865329,1.0,1.0,0.748095050195188,0.0,1.0,1.0,1.0,1.0,1.0
gex_possorted_bam_1WGCZ:TGCAGGCTCACAGGAAx-M2,1.0,0.926984552157446,1.0,1.0,1.0,0.5424598628601907,0.0,1.0,0.885915615974772,1.0,0.0,1.0,1.0,0.655382529563813,1.0,0.0,0.0,0.0,0.0,0.25453618025114794,0.1983696082155855,0.6463344432664878,1.0,0.7746329374728667,0.6566895415974476,1.0,0.04023569385746955,0.9527299281774934,0.534430464960214,1.0,0.0,1.0,1.0,1.0,0.0,1.0,0.0,1.0,1.0,0.0,1.0,0.0,1.0,0.8655953106409038,1.0,1.0,1.0,0.0,1.0,1.0,0.9642946946075437,1.0,0.05774398050005116
gex_possorted_bam_1WGCZ:TGCGATTAGTTTGGTAx-M2,1.0,0.5730695509561035,0.10576327581616568,0.9697631123348505,1.0,1.0,0.1033258706383211,0.8925304103904064,0.22247726454607308,1.0,0.03880610253563988,0.633729725890783,0.7030017746207698,0.2857853878290593,1.0,0.0347027242057963,0.0,0.0,0.5593806772237072,0.6646293979313737,1.0,1.0,1.0,1.0,0.5228042028563253,0.9108741944546033,0.0,0.8392574988027919,0.5433502822924556,0.9557431702225926,0.34095703049759846,1.0,0.9709392056371602,1.0,0.0,1.0,0.0,0.9135279833206285,0.9957406190067885,0.14361465669978524,1.0,0.07503410195772073,0.8211355478863208,0.08960342584436518,1.0,0.9588664306514656,0.43887516574598073,0.13605677634386806,0.8732923972995975,1.0,0.6858857626859526,1.0,1.0
gex_possorted_bam_1WGCZ:TGCTCAACAAGGTGCAx-M2,1.0,0.5800204403744676,0.14287372293102515,1.0,1.0,0.8645280186521783,0.0,1.0,0.0,0.9952989272586527,0.0,0.8820112136321421,0.7056748551994564,0.3187738959242096,1.0,0.044000084708035576,0.0,0.0,0.865350093536246,0.7966317306753855,1.0,1.0,1.0,1.0,0.0,1.0,0.0,0.7602823685189584,0.7956709131838465,1.0,0.4136896484849224,1.0,1.0,1.0,0.0,1.0,0.0,1.0,1.0,0.0,1.0,0.19061606056866118,0.874552681851864,0.3471607603365568,1.0,1.0,0.35250734798436356,0.018886712162639038,1.0,1.0,1.0,0.9836128759476541,0.1472645015887666
gex_possorted_bam_1WGCZ:TGGACTAGTGAGGTGAx-M2,1.0,1.0,0.10082991317819921,1.0,1.0,1.0,0.7827485844720502,1.0,1.0,1.0,0.0,0.9405425907281578,1.0,0.4413110283276794,1.0,0.09173995245611638,0.0,0.043541567208167445,0.9287858884735815,0.9751916884320612,1.0,1.0,1.0,1.0,0.8458304883303926,1.0,0.0,1.0,1.0,1.0,0.8291382394741718,1.0,1.0,1.0,0.0,1.0,0.16167588706665614,1.0,1.0,0.02654931219142681,1.0,0.31651768296552224,0.939560115335421,0.6118609587791322,1.0,1.0,0.717566136044585,0.0,1.0,1.0,1.0,1.0,0.9901594540028934
gex_possorted_bam_1WGCZ:TGCTTGTGTAATTAGCx-M2,0.23294998679747875,1.0,1.0,0.9903320165269265,0.3583945172106019,0.764892797778228,1.0,0.5792314417758483,1.0,0.440939362570385,1.0,1.0,1.0,1.0,0.18804440582610127,1.0,0.8763737635123922,1.0,1.0,0.0,0.0,0.0,0.25266970301956554,0.0,1.0,1.0,1.0,1.0,1.0,0.9027294167873544,1.0,0.09695653723360231,0.0,0.37286125164419714,1.0,0.3118098681475486,1.0,0.5546411194585641,0.21129560836316888,1.0,0.33987484177403093,1.0,1.0,1.0,0.09180566496285243,0.6008959730214525,1.0,1.0,0.8118169213776851,0.6886831739288976,1.0,0.9362682118166991,0.0
gex_possorted_bam_1WGCZ:TGGACAAAGTATTGCAx-M2,1.0,0.9082481360277037,1.0,1.0,1.0,0.8634936846274351,0.0,1.0,1.0,1.0,0.0,1.0,1.0,0.657408243651971,1.0,0.1728898149092202,0.0,0.0,0.0,0.5684868779697367,0.20106687709641216,0.7560194125492575,1.0,0.6419646286305197,0.9205645891815939,1.0,0.01667866401050123,1.0,0.5813373794235644,1.0,0.0,1.0,1.0,1.0,0.0,1.0,0.0,1.0,1.0,0.0,1.0,0.0,1.0,1.0,1.0,1.0,1.0,0.0,1.0,1.0,0.9617635553987741,1.0,0.8312717060982974
gex_possorted_bam_1WGCZ:TGATTAGTCATGGTTAx-M2,1.0,0.9188216056635925,1.0,1.0,1.0,1.0,0.0016900816909007634,1.0,1.0,1.0,0.0,1.0,1.0,0.6627401569362655,1.0,0.2719138644630657,0.0,0.0,0.1676288678178721,0.34571823925937684,0.8727048391704789,0.9870537450614694,1.0,0.8795464712413757,1.0,1.0,0.0,1.0,0.3606676571914035,1.0,0.0,1.0,1.0,1.0,0.0,1.0,0.017707985658172463,1.0,1.0,0.0,1.0,0.37379827817408046,1.0,0.9287078977116926,1.0,1.0,1.0,0.0,1.0,1.0,1.0,1.0,0.8038742284752918
gex_possorted_bam_1WGCZ:TGCACACCAATGCGCTx-M2,1.0,0.9533943240949717,0.09076783221426814,1.0,1.0,1.0,0.11677581292848932,1.0,0.5961464465234735,0.9950772322733448,0.04050568560299856,0.7424790174212027,0.8174845906134652,0.2984133824317923,1.0,0.0,0.0,0.0,0.9905688455526767,0.8326919877921005,1.0,1.0,1.0,1.0,0.16486003481723438,1.0,0.0,0.8661056342042645,0.8593216100982395,1.0,0.7026412795490338,1.0,1.0,1.0,0.0,1.0,0.12772097220935666,1.0,1.0,0.0,1.0,0.027776386539107023,0.5918437389921091,0.3708194217298179,1.0,1.0,0.26417332775420993,0.0,1.0,1.0,1.0,1.0,0.3108090941234006
gex_possorted_bam_1WGCZ:TGGCCAATCATGCAACx-M2,0.4233392920763631,1.0,0.7170944661021151,0.5990661959991399,0.0,0.5901475064651186,1.0,1.0,0.44315974238004585,1.0,0.0,1.0,0.5256709715388668,0.9050661163039304,1.0,1.0,0.0,0.0,0.0,0.9953088326476992,0.4385178276877305,0.3523252116641496,0.480031818617038,0.8492958128900192,0.5562053151705789,0.4358579863854915,0.0,0.9326154738183341,1.0,0.4857426923798984,1.0,0.03806235699001747,0.49991994286653674,1.0,0.32156991250823347,1.0,0.9883041723317523,0.6454037615614382,0.8966261787616004,1.0,0.772479978422676,1.0,0.10280454114945853,0.9239851807014804,0.6524231716913744,0.7518391645801207,0.0,0.0,0.8585721563162065,0.7528237511713807,0.694290592943276,0.6551985084999333,0.43022933174625866
gex_possorted_bam_1WGCZ:TGCTTGTGTGAGGTGAx-M2,1.0,0.8311660634036601,0.984370854839439,1.0,1.0,1.0,0.0,1.0,0.9874518212624838,1.0,0.0,0.8278460752391997,1.0,0.09019883714620244,1.0,0.30182602142638276,0.0,0.0,0.6845010303477245,0.6519341378556254,1.0,1.0,1.0,1.0,0.19895388699310612,1.0,0.0,1.0,0.9557312464823846,1.0,0.0,1.0,1.0,1.0,0.0,1.0,0.15720688275342998,1.0,1.0,0.0,1.0,0.04170258118342342,1.0,0.8020196143572158,1.0,1.0,0.7019687479274361,0.0,1.0,1.0,1.0,1.0,0.43182231103792723
gex_possorted_bam_1WGCZ:TGCGCGAGTTTGAGCAx-M2,0.09064806220682897,1.0,1.0,0.9634953100452872,0.0,0.0,1.0,0.8833804760640576,1.0,0.7396748578977755,0.0,1.0,1.0,1.0,0.14331230477617496,1.0,0.03291156766411627,0.0,1.0,0.0,0.0,0.0,0.0,0.0,1.0,1.0,1.0,1.0,1.0,0.7742003528947096,1.0,0.05547841825270491,0.0,0.7502002342791152,1.0,0.273508539443849,1.0,0.018878746541130104,0.019382483031317965,1.0,0.1742789922476856,1.0,1.0,0.939709908678314,0.1187359462232165,0.5174234391844226,1.0,1.0,1.0,0.6895855979801505,1.0,0.9237815812304567,0.0
gex_possorted_bam_1WGCZ:TGCATCCTCACAGCGCx-M2,0.9978204554123129,0.9451865283194869,0.6139876840980188,0.9108962590137937,0.9672442682071033,0.9233871710834011,0.31969145739813837,1.0,0.5218541921856278,1.0,0.0,0.8642112960884264,0.7247560954680048,0.7084532321134432,1.0,0.035077085058538904,0.0,0.0,0.5021955538077435,0.9096535392298442,1.0,0.9528298677363018,1.0,1.0,0.2713085101329831,0.9770164574650281,0.0,0.8930597915043349,0.7391667957860517,0.8692581276332974,0.20222275252279298,0.8800058434696725,1.0,0.8731246024611411,0.08048913330645274,0.9444805197098559,0.316112556958536,1.0,0.9811079361496073,0.0,1.0,0.3007102207941782,0.44371345288757025,0.0,0.8896147540966315,0.9267808941690389,0.38099741112302643,0.0,0.8853868921461003,1.0,0.7733884028261112,0.8098695356602886,0.5554704709881348
gex_possorted_bam_1WGCZ:TGCATGAGTGTTCCCAx-M2,0.08079316061844591,1.0,1.0,1.0,0.0,0.0,1.0,1.0,1.0,0.7844687615525793,0.0,1.0,1.0,1.0,0.13325202617881107,1.0,0.0,0.0,1.0,0.0,0.0,0.0,0.0,0.0,1.0,1.0,1.0,1.0,1.0,0.6591264634391909,1.0,0.17278931819441057,0.0,0.9699402587139422,1.0,0.2782868812866783,1.0,0.0,0.0,1.0,0.26551739955249404,1.0,1.0,0.0,0.044551357603081335,0.5352522006911671,1.0,1.0,1.0,0.8092981197715409,1.0,0.9582637735408553,0.0
gex_possorted_bam_1WGCZ:TGCAAGCGTAATTAGCx-M2,0.8065427067544019,1.0,1.0,1.0,1.0,0.5063980457391583,1.0,1.0,1.0,1.0,0.0,0.14192868629277183,1.0,0.7362108561868151,0.8168942996717573,0.0,0.0,0.0,0.494082243502586,0.6680768641106808,0.40277908189810485,0.4660312679949348,1.0,0.1771272132956316,1.0,1.0,0.5485714570593102,0.5555594888527218,1.0,0.36219708769236314,0.0,1.0,1.0,1.0,0.2340991920693796,0.8891523196983088,0.0,1.0,1.0,0.0781391542369949,1.0,0.0009390792243508644,0.7699435383120691,1.0,0.4137563795352145,1.0,1.0,0.0,1.0,1.0,0.6174443224354572,0.8971630870880997,0.2791062959318195
gex_possorted_bam_1WGCZ:TGCCTGTTCGGGCCATx-M2,1.0,0.8271022993356952,0.0,0.8788633409302659,0.8923864351444368,1.0,0.2928950449081225,0.969934527470945,0.6985202425089382,0.7936374117149346,0.2840947097681271,0.9053778450464897,1.0,0.26797201437609347,0.9703198665691461,0.1720587781112488,0.08923451963804817,0.9038547944984432,1.0,0.5139455921752484,1.0,1.0,0.989425724932125,1.0,0.6118849837375243,0.803132235432507,0.0,0.8593120933835621,1.0,1.0,0.5109586119910264,1.0,1.0,1.0,0.0,1.0,0.13676465661681766,0.9967024811295595,0.9554925801891075,0.0,0.7991824069117247,0.3628292847554305,0.6135933904855695,0.014665069114436545,1.0,0.9878702754097056,0.08182078291582853,0.4022019763848272,0.8585818058905521,0.9235146874164674,0.7761634781040778,1.0,1.0
gex_possorted_bam_1WGCZ:TGATTAGTCTCACTCAx-M2,0.07290842724079541,1.0,1.0,1.0,0.07208822096843688,0.0,1.0,0.7592712580136466,1.0,0.8067673492337368,0.0,1.0,1.0,1.0,0.22191744499355723,1.0,0.0,0.0,1.0,0.0,0.0,0.0,0.0,0.0,1.0,1.0,1.0,1.0,1.0,0.9673092931427699,1.0,0.2392069124615212,0.0,0.9351955718960838,1.0,0.21467747962500722,1.0,0.07068975315667414,0.07823415836933169,1.0,0.1419015411305008,1.0,1.0,0.4458348169698146,0.0009217197616981362,0.5854558661117211,1.0,1.0,1.0,0.6845273812001894,1.0,1.0,0.002644757695387416
gex_possorted_bam_1WGCZ:TGGATTGGTAGCTGCGx-M2,1.0,1.0,0.0,0.9862279973421836,0.9957748143081682,0.43247848492914526,0.7796698178329531,1.0,1.0,0.9110953406702873,0.0,0.8109999304710069,1.0,0.641768436301979,1.0,0.15311263239985512,0.0,0.0,0.46374938022429757,0.4051459439611858,1.0,0.9807834899060406,1.0,1.0,0.72972921313588,0.8483630849988051,0.0,1.0,1.0,0.850018589831206,0.0,0.9111787338083448,1.0,1.0,0.0,1.0,0.38260045945398863,0.9887049115136108,0.9613451806426878,0.0,1.0,0.6177092331069446,0.6700703233753301,0.10968397097229758,1.0,0.9847009620157223,0.5486309831765094,0.0,0.881962816870408,1.0,1.0,0.886812273590879,0.48330353453035185
gex_possorted_bam_1WGCZ:TGCAGGCTCTAACTGAx-M2,0.0,0.7369231676372782,1.0,0.25917380190416694,0.0,0.0,1.0,0.030917131209083317,1.0,0.140863226241335,1.0,1.0,1.0,1.0,0.0,1.0,1.0,0.28231807201018627,1.0,0.0,0.0,0.0,0.0,0.0,1.0,0.43111101124241086,1.0,0.9189338496581241,0.9332686813971597,0.4214962073891361,1.0,0.0,0.0,0.19469676226441712,1.0,0.0,1.0,0.0,0.0,1.0,0.0,1.0,1.0,1.0,0.0,0.16501118811552165,1.0,1.0,0.4956996152513868,0.07337462024654834,1.0,0.3611357340489666,0.0
gex_possorted_bam_1WGCZ:TGGACCGGTCACCAAAx-M2,1.0,0.7912169954215066,1.0,1.0,1.0,1.0,0.0,1.0,0.7465678222879659,1.0,0.0,1.0,1.0,0.5340118540547422,1.0,0.028559293485480756,0.0,0.0,0.006105671664547163,0.7686090378319033,0.41751474590471854,0.9055892223720665,1.0,0.7819348979455999,0.5661829008119316,1.0,0.0028379050903538155,1.0,0.6220592998113832,1.0,0.0,1.0,1.0,1.0,0.0,1.0,0.0,1.0,1.0,0.0,1.0,0.0,1.0,1.0,1.0,1.0,1.0,0.0,1.0,1.0,1.0,1.0,0.9163868176350752
gex_possorted_bam_1WGCZ:TGCAATATCATGCATAx-M2,1.0,1.0,0.31267748511115406,1.0,0.934281442211525,1.0,1.0,1.0,1.0,1.0,0.0,1.0,1.0,0.6354736190855489,1.0,0.5504659226809427,0.0,0.0,0.8995702603837871,0.8073267871034551,1.0,1.0,1.0,1.0,1.0,1.0,0.0,1.0,1.0,1.0,1.0,1.0,1.0,1.0,0.0,1.0,0.536368112470878,1.0,1.0,0.22585106749970937,1.0,0.5802483243787445,0.9433490096232761,0.8494051231018571,1.0,1.0,0.42903085441929456,0.0035949615148681453,1.0,1.0,1.0,1.0,0.7815141370636418
gex_possorted_bam_1WGCZ:TGATTAGTCGGGCCATx-M2,0.0,1.0,1.0,0.9868456195760684,0.0,1.0,1.0,0.6021961965951166,1.0,0.6768400598404133,1.0,1.0,1.0,1.0,0.3159665190028723,1.0,1.0,1.0,1.0,0.0,0.0,0.0,0.0,0.0,1.0,1.0,1.0,1.0,1.0,1.0,1.0,0.0,0.0,0.540307778722754,1.0,0.29062525999808936,1.0,0.23104881000975017,0.07903068022778853,1.0,0.210518853932703,1.0,1.0,1.0,0.1213919894913245,0.5069561511886652,1.0,1.0,1.0,0.32757088131190715,1.0,0.948234137336418,0.0
gex_possorted_bam_1WGCZ:TGCGCAGGTCAATACGx-M2,0.08967647816609998,1.0,1.0,0.9476373060155976,0.0,0.0,1.0,0.97289351230943,1.0,0.9153607992628565,0.0,1.0,1.0,1.0,0.14053743615032546,1.0,0.0,0.0,1.0,0.0,0.0,0.0,0.0,0.0,1.0,1.0,1.0,1.0,1.0,0.5366675466048619,1.0,0.0,0.0,0.800815251401331,1.0,0.3025171779703294,1.0,0.017582549401471533,0.00881224143580078,1.0,0.2270047095636232,1.0,1.0,1.0,0.10021745962091554,0.48345524324138683,1.0,1.0,1.0,0.5637363256396263,1.0,0.8618751625691331,0.0
gex_possorted_bam_1WGCZ:TGCTAACAGCTGTCAGx-M2,1.0,1.0,0.3601004976993829,0.965505471703342,0.8281723797815324,1.0,1.0,1.0,0.3301232384646588,1.0,0.38578997086888134,1.0,1.0,0.9048149801065162,1.0,0.625586733130706,0.3382325158628709,1.0,1.0,0.22490983945963922,1.0,1.0,0.9898620911368419,1.0,1.0,0.9819845078400998,0.0,1.0,1.0,0.9360909161163253,1.0,1.0,1.0,1.0,0.08006736282031025,1.0,0.9663552100183592,1.0,1.0,0.39361659506418567,0.7228310810716412,0.9362048951952168,0.6347321374637915,0.7842988070264836,1.0,1.0,0.5424940100587511,0.321453929164858,0.9185944478948597,1.0,1.0,1.0,0.5645299411440492
gex_possorted_bam_1WGCZ:TGGACAAAGCGTGCGTx-M2,0.18922070522595358,1.0,1.0,0.9359257920978297,0.12838591719224673,1.0,1.0,0.5461860351022915,1.0,0.9987678895062444,1.0,1.0,1.0,1.0,0.39637389373659737,1.0,1.0,1.0,1.0,0.0,0.0,0.0,0.21557475346631166,0.0,1.0,1.0,1.0,1.0,1.0,1.0,1.0,0.3111766907858849,0.0,0.7403025244418091,1.0,0.26306319280266216,1.0,0.4095544977527368,0.3596510355542686,1.0,1.0,1.0,1.0,1.0,0.0,0.7355180997688539,1.0,1.0,1.0,0.9856423926607683,1.0,1.0,0.0
gex_possorted_bam_1WGCZ:TGCTCCGTCTGTGCCTx-M2,1.0,0.9039256083708125,1.0,1.0,1.0,0.0,0.03677503667417103,1.0,0.8649197734967091,1.0,0.0,1.0,0.7795121044325503,0.3064315687460355,1.0,0.4498889098137551,0.0,0.0,0.0,0.39384995306149395,0.2814187655400441,0.4987173484492571,1.0,0.6657696731753325,0.5631412980089305,1.0,0.09772034752870185,0.7894731998915908,0.5366898381516438,1.0,0.0,1.0,1.0,1.0,0.0,1.0,0.02812798070418022,1.0,1.0,0.0,1.0,0.0,1.0,0.6881998228038078,1.0,1.0,1.0,0.0,1.0,1.0,1.0,0.9221824384493043,0.0
gex_possorted_bam_1WGCZ:TGTAAGTGTGGAGCAAx-M2,1.0,1.0,0.3506467737884674,1.0,0.7683184883620803,1.0,0.8281412754270194,1.0,0.4341323366952006,0.9870800149247445,0.1826809226045206,0.992937297710659,1.0,0.9667399049087116,1.0,0.9095357151192653,0.22984702393541148,1.0,1.0,0.7465929339024254,1.0,1.0,1.0,1.0,1.0,1.0,0.0,1.0,1.0,1.0,0.9907278175054348,1.0,1.0,1.0,0.0,1.0,0.08774814125535033,1.0,1.0,0.24490239511698011,1.0,0.7263700531961469,0.7421966499934508,0.5183724494264298,1.0,1.0,0.7221545857765909,0.035660363560849985,1.0,1.0,1.0,1.0,0.563952331182107
gex_possorted_bam_1WGCZ:TGGTTAATCACTTTACx-M2,1.0,1.0,0.407758090697903,1.0,1.0,1.0,0.7750180252669694,1.0,0.7021321816774557,1.0,0.0,1.0,1.0,0.27848289546332783,1.0,0.22015639604318485,0.0,0.45910630791681545,1.0,1.0,1.0,1.0,1.0,1.0,0.8960187338328754,1.0,0.0,1.0,1.0,1.0,0.8005576113415733,1.0,1.0,1.0,0.0,1.0,0.26859018191526185,1.0,1.0,0.0,1.0,0.2356733005807677,1.0,0.9598543393999613,1.0,1.0,0.5025817270637474,0.0,1.0,1.0,1.0,1.0,1.0
gex_possorted_bam_1WGCZ:TGTGCAAGTTTGGGCGx-M2,1.0,0.6253063412891803,0.0,1.0,1.0,0.991161582965294,0.6918757209067716,1.0,0.7638004194091219,0.8591205128339441,0.0,0.4030716636424405,0.936998366987567,0.648829820232545,0.9787273143247316,0.0727446794331043,0.0,0.3875109864217837,0.7827378528989891,0.13923513671476928,1.0,1.0,0.9503130909209131,1.0,0.5468393107207751,0.8175036303617873,0.23595815128973038,0.725423262318921,1.0,0.8123352957960893,0.39498750848067354,0.9869290285465894,1.0,0.9522983122288867,0.03627671345870882,1.0,0.35227411471128656,1.0,0.9653098115815436,0.09463036969964389,1.0,0.028333452667524704,0.5075058905841134,0.0,1.0,0.9812103641326936,0.0,0.09321805561580083,0.7051680943269624,1.0,0.9391303596111028,0.945973662394033,0.5312326937633214
gex_possorted_bam_1WGCZ:TGTAACTCAGAGGGAGx-M2,1.0,1.0,0.0,1.0,1.0,0.8717479605454515,0.004145553091728526,1.0,0.26165115493040325,0.9981079954367906,0.0,0.789629935161115,1.0,0.2613265438226116,1.0,0.1768456708724288,0.0,0.0,1.0,0.9496894099013351,1.0,1.0,1.0,1.0,0.153803625338014,1.0,0.0,1.0,0.927808343755432,1.0,0.4890557436117971,1.0,1.0,1.0,0.0,1.0,0.0,1.0,1.0,0.0,1.0,0.5696164687750541,0.7632263393936048,0.5262639649781836,1.0,1.0,0.814029634127572,0.03323337036689267,1.0,1.0,1.0,1.0,0.14049722711552992
gex_possorted_bam_1WGCZ:TGGCTAAGTTAAGCGCx-M2,0.0043518635266381655,1.0,1.0,0.6592584859683747,0.0,0.13390900835102942,1.0,0.39906854451017654,1.0,0.4715712722451355,1.0,1.0,1.0,1.0,0.00536410050937492,1.0,1.0,1.0,1.0,0.0,0.0,0.0,0.0,0.0,1.0,0.8650179174802062,1.0,1.0,1.0,0.6614026728119567,1.0,0.16779013287158195,0.0,0.48285849640502554,1.0,0.04079524937301491,1.0,0.0900381067101026,0.007485802559949052,1.0,0.20561656359660768,1.0,1.0,1.0,0.0,0.37501774950338057,1.0,1.0,0.8070710160123858,0.2415604781568657,1.0,0.5990104821297971,0.0
gex_possorted_bam_1WGCZ:TGTCATAAGTGGCGGAx-M2,1.0,1.0,1.0,1.0,1.0,0.28961576369485764,0.0,1.0,1.0,1.0,0.0,1.0,1.0,0.5729951777242985,1.0,0.1748469376085817,0.0,0.0,0.0,0.02766279957341023,0.0,0.39875081889804503,1.0,0.6559305924714541,0.7518545169870424,1.0,0.16409932731835825,0.8431787149269039,0.43375096792591017,1.0,0.0,1.0,1.0,1.0,0.0,0.9737909325214245,0.0,1.0,1.0,0.0,1.0,0.0,1.0,0.44801370313571043,1.0,1.0,1.0,0.0,1.0,1.0,1.0,1.0,0.0
gex_possorted_bam_1WGCZ:TGTCCTGGTCATGCAAx-M2,0.06789703985538668,1.0,1.0,0.9519220146128348,0.0,0.0,1.0,0.8726579119201078,1.0,1.0,0.0,1.0,1.0,1.0,0.25416280792761353,1.0,0.26271411498899555,0.0,1.0,0.0,0.0,0.0,0.0,0.0,1.0,1.0,1.0,1.0,1.0,0.8859211396224957,1.0,0.0,0.0,0.8612888970862128,1.0,0.347288201135401,1.0,0.09028160105729593,0.1042506942164423,1.0,0.39179442365820066,1.0,1.0,1.0,0.1748984311764718,0.5965794695560472,1.0,1.0,1.0,0.5723520285979964,1.0,0.9576408227116485,0.0
gex_possorted_bam_1WGCZ:TGTAACTCAGTTAGCCx-M2,1.0,1.0,0.09482796482905288,1.0,1.0,1.0,0.5204430598929073,1.0,0.5046726088850236,1.0,0.41536649737803577,0.7061675744012118,1.0,0.48714683305710765,1.0,0.4820726680289146,0.05154074116908993,1.0,1.0,0.7145972645949062,1.0,1.0,1.0,1.0,0.8297998380039161,1.0,0.0,1.0,0.9853934420546463,1.0,1.0,1.0,1.0,1.0,0.0,1.0,0.08004375334058603,1.0,1.0,0.12612786711891355,1.0,0.0,1.0,0.42034633760860246,1.0,1.0,0.0,0.0,1.0,1.0,1.0,1.0,1.0
gex_possorted_bam_1WGCZ:TGTATCGCACAGAACGx-M2,1.0,0.7728728428451727,0.1672242122784823,1.0,1.0,1.0,0.3783918990621408,0.9842125479139651,0.0905074832374211,1.0,0.551044411076465,1.0,1.0,0.5645039445480594,1.0,0.5262283561139819,0.09060560043267318,1.0,1.0,0.6647991553480785,1.0,1.0,1.0,1.0,0.4803830096435242,0.9900901210129252,0.0,1.0,1.0,1.0,0.8671627449144329,1.0,1.0,1.0,0.0,1.0,0.20622576575748885,1.0,1.0,0.0,1.0,0.005176230217583448,0.23829369261245512,0.2605227908840158,1.0,1.0,0.42466223674122844,0.0,1.0,1.0,1.0,1.0,1.0
gex_possorted_bam_1WGCZ:TGTCAGTAGGTGCGGAx-M2,0.7280428641563389,1.0,1.0,0.9077060629450505,0.0,0.8360445379082702,1.0,1.0,1.0,1.0,0.0,1.0,1.0,1.0,1.0,1.0,0.0,0.0,0.7126606576460202,0.0,0.5281255647488851,0.33094754253863456,0.5721071590984294,0.9019351533997927,1.0,1.0,0.0,1.0,1.0,0.7342495952975744,1.0,0.9224540397345997,0.7150829016837706,1.0,0.14646990107849836,1.0,1.0,1.0,1.0,1.0,0.8635698702956732,1.0,1.0,1.0,1.0,1.0,0.40238839471394233,0.37870174537543105,1.0,1.0,1.0,1.0,0.35148503693445116
gex_possorted_bam_1WGCZ:TGTATCCGTGGAAACGx-M2,1.0,1.0,0.7324587477905116,1.0,1.0,1.0,0.3694234736959676,1.0,0.1544209717671685,1.0,0.005246759657357621,1.0,0.7491707178906559,0.49759560214960114,1.0,0.09380066532690284,0.0,0.1685497687285429,1.0,0.548829147182524,1.0,1.0,1.0,1.0,0.25761090717696594,1.0,0.0,1.0,0.8533505155880539,1.0,0.9035609742221381,1.0,1.0,1.0,0.0,1.0,0.15502865156907936,1.0,1.0,0.0,1.0,0.3064866406985563,0.7823610530361147,0.16127646293483255,1.0,1.0,0.14637577998617005,0.0,1.0,1.0,1.0,1.0,0.5816107777931109
gex_possorted_bam_1WGCZ:TGGCCTTTCTCTAGCCx-M2,1.0,0.9652155363737787,0.48858557196352853,1.0,1.0,1.0,0.0,0.9103218563481855,0.9018577321430906,1.0,0.3674340169597429,0.8193166996746882,0.9285848498184202,0.33658626129525615,1.0,0.044711155564042634,0.17427259142997084,0.9774933630480825,0.7876585720715896,0.45388597778487283,1.0,1.0,1.0,0.9704580751492711,0.8552582579755432,1.0,0.0,1.0,0.5173899837851648,1.0,0.0006289401624839495,1.0,1.0,1.0,0.0,1.0,0.0,1.0,1.0,0.0,1.0,0.0,1.0,0.06304666106393332,1.0,1.0,0.5011610255662096,0.0,1.0,1.0,0.8375723154176993,1.0,1.0
gex_possorted_bam_1WGCZ:TGGGCCTAGGAGTCTTx-M2,1.0,1.0,1.0,1.0,1.0,1.0,0.47592281602008996,1.0,1.0,1.0,0.0,1.0,1.0,0.4638572225917487,1.0,0.0,0.0,0.0,0.6633877829819116,0.7650013111543081,1.0,1.0,1.0,0.9060306930902213,0.9380859480603373,1.0,0.0,1.0,1.0,1.0,0.6075054099843361,1.0,1.0,1.0,0.0,1.0,0.1596412139447814,1.0,1.0,0.11028820675323917,1.0,0.21862894800097704,1.0,0.7304462346604615,1.0,1.0,1.0,0.0,1.0,1.0,1.0,1.0,1.0
gex_possorted_bam_1WGCZ:TGGTGCATCTATGACAx-M2,1.0,1.0,0.23480818649539537,1.0,0.20571050487191284,0.5859379417555112,1.0,1.0,0.7824994188441299,1.0,0.0,1.0,1.0,0.8826135675444604,1.0,0.7343284350557748,0.0,0.0,0.5340607514591919,0.6537141317075085,0.9656620954286115,0.671002407670844,0.9105557948469583,1.0,1.0,1.0,0.0,1.0,1.0,0.8036236086607996,1.0,1.0,1.0,1.0,0.0,1.0,0.7238783817260125,1.0,1.0,0.5547792565485697,1.0,0.7332100255137939,0.8176932479921949,0.8215468717598355,1.0,1.0,0.6580071805779054,0.1087864154840869,1.0,0.952187933992176,1.0,0.9698024529135763,0.30170004068586
gex_possorted_bam_1WGCZ:TGGTTAATCATTCATCx-M2,0.5963094113770652,0.7272579797848571,0.7940007118994078,0.6788257594229282,0.6093256317469009,1.0,0.9523003801851577,0.7246812442482342,0.0,1.0,0.35183215196771117,0.5385585704415289,0.6933532465628327,0.49896001449876487,0.8846648261048409,0.6730035820935144,0.40098730528220744,0.45000523203718623,0.4869065516563414,1.0,1.0,0.9559380601520099,0.7101164510253719,1.0,0.5151811800798753,0.4841002746264458,0.0,0.3837269300586997,1.0,0.8281045407439604,1.0,0.5634522868208666,0.6037954108665922,0.9128057067076764,0.2609098028134347,1.0,0.6441045317487367,0.7518667417619792,0.876083748527414,0.622059365918334,0.6606953662983839,0.1694975313963947,0.33358446618080867,0.6305386320575957,0.7427773604521759,0.7456795559753538,0.11756046039608664,0.23666100706522314,0.8133614765708486,0.7838197974668537,0.5589347190266158,0.8232855785998088,1.0
gex_possorted_bam_1WGCZ:TGGCCTTTCCGTCCATx-M2,1.0,0.8482922540983835,0.20599050447074002,1.0,1.0,0.6752594500637482,0.24220622058296598,1.0,0.6766379646041535,1.0,0.0,1.0,0.9795008048953288,0.3155498023475446,1.0,0.13892893324300615,0.0,0.0,0.6549013247185241,0.7569212566505504,1.0,1.0,1.0,1.0,0.5065383791793211,1.0,0.0,0.5532780856846583,0.5631634061020333,1.0,0.1714477172155649,1.0,1.0,0.9768173341968082,0.004021007861648659,1.0,0.0010301533995005219,1.0,1.0,0.0,1.0,0.27260181403806466,0.7060333241741765,0.0,1.0,1.0,0.8118155109984024,0.0,0.9446659356490802,1.0,1.0,0.9440344274180632,0.6301563977623051
gex_possorted_bam_1WGCZ:TGGTCAAGTTCGCTCAx-M2,1.0,1.0,0.0,0.9637652592971481,0.9394395104544377,1.0,0.5607781960416764,1.0,0.38088324316660666,1.0,0.352262242357149,0.864936473726101,0.9487874586024613,0.5500266501930283,1.0,0.5085078764250355,0.09370573577749752,1.0,1.0,0.507106776429209,1.0,1.0,1.0,1.0,0.7928664830844,0.8503175997450246,0.0,0.8874829046857852,0.9678152786005444,1.0,0.8759202227620151,0.9717897488776958,1.0,1.0,0.0,1.0,0.27248219172889415,1.0,1.0,0.09807251897607007,0.7899501310663676,0.3788457155098501,0.6458000883163424,0.27364020663124416,1.0,1.0,0.2117962118524937,0.0,0.8997095152621973,1.0,0.9025427042251818,1.0,1.0
gex_possorted_bam_1WGCZ:TGGGCCTAGAAGGTGCx-M2,1.0,1.0,0.0,1.0,1.0,1.0,0.642938213178314,1.0,0.07530080158699119,1.0,0.9405651025438599,0.2624895114982597,1.0,0.6704960650950401,1.0,0.48279335293873216,0.6857141766492996,1.0,1.0,0.6030348441018407,1.0,1.0,1.0,1.0,1.0,1.0,0.0,1.0,0.9937145328463083,1.0,0.7587453470353183,1.0,1.0,1.0,0.0,1.0,0.17267279769083788,1.0,1.0,0.06688680843165043,1.0,0.7713685050310528,0.6925124686271025,0.4853158478570953,1.0,1.0,0.15651793093066357,0.0,1.0,1.0,0.9230508989834535,1.0,0.9926399898259439
gex_possorted_bam_1WGCZ:TGTCCTGGTCTCAGCCx-M2,0.9262958025920152,0.8112762976985078,0.0,0.7792770511556626,1.0,1.0,0.1686995046740773,0.7497456900740503,0.2507010021974345,0.6581111155378422,0.8128617136000929,0.0,0.858385817947657,0.5625957515889028,1.0,0.38762088126008015,0.2815641819754105,1.0,0.7466127641970438,0.27246732887318187,1.0,1.0,0.8934889692397873,1.0,0.5260774423103205,0.6842810812562297,0.12178164267930404,0.9271340741846713,0.5858775891927352,0.6641298707547327,0.8312722077575848,1.0,0.9524537293094235,0.824070084436779,0.0,0.9155769145070084,0.3047921474349104,0.8599980795880257,0.8953170516260722,0.0,1.0,0.2761059012241782,0.42884533065453684,0.5238131728406,0.9227453558089515,0.8336796311943975,0.773402583058782,0.0,0.6423780139536491,1.0,0.020658230220996256,0.9165911482831149,1.0
gex_possorted_bam_1WGCZ:TGGCTAAGTAGGATTTx-M2,1.0,0.9724663553630526,0.0,1.0,1.0,0.5525513355884064,0.31065600318630965,1.0,0.5555622449268808,1.0,0.0,1.0,1.0,0.3390622519739896,1.0,0.44174670388345894,0.0,0.0,0.506393284731692,0.7094169075831861,1.0,0.9621532353851323,1.0,1.0,0.7587157690208842,1.0,0.0,0.8201338389071492,1.0,1.0,0.0,0.982559975535893,1.0,0.9812315259984691,0.0,1.0,0.3613033564989382,1.0,1.0,0.0,1.0,0.32270970134881455,0.8799232601678003,0.06259265622612409,1.0,1.0,0.31237560900703154,0.0,1.0,1.0,0.7465049294802798,0.9962365110926963,0.0
gex_possorted_bam_1WGCZ:TGTCATAAGGCGAATAx-M2,0.9662120721983101,0.8043479324695985,1.0,1.0,1.0,0.17859979773335244,0.0,1.0,0.8457357651838504,1.0,0.0,1.0,1.0,0.8736048523163661,1.0,0.000397498340011022,0.0,0.0,0.0,0.0,0.0,0.27596619385312576,1.0,0.5171900116349205,0.589302710837134,1.0,0.03814290375457902,0.8182759674987028,0.6979880969793231,1.0,0.0,1.0,1.0,1.0,0.0,0.9168630205097819,0.0,1.0,1.0,0.0,1.0,0.0,1.0,0.7193146445453995,0.8236314988115868,1.0,1.0,0.0,1.0,1.0,1.0,1.0,0.0
gex_possorted_bam_1WGCZ:TGGCCTTTCCTAGTAAx-M2,1.0,0.9076531285721917,0.0,0.9798465525615856,1.0,1.0,0.5294235346030318,1.0,0.5052739132063875,1.0,0.4179007134257627,0.7439813326433513,0.9057000995129384,0.3671564339231921,1.0,0.23253646179257295,0.10355883231741464,0.9680869993685401,1.0,0.6600108853967198,1.0,1.0,1.0,1.0,0.7188713807512386,0.8214988788996344,0.0,0.822372056496612,0.9695453557741616,1.0,0.8996039755314624,1.0,1.0,1.0,0.0,1.0,0.21751436994896647,1.0,1.0,0.01443849717315805,0.9103851979376353,0.1796228548586215,0.6058992285789931,0.29356963204669373,1.0,1.0,0.07015551161637291,0.003788863659481886,0.8989025753788215,0.9611302999495032,0.9362780998365305,1.0,1.0
gex_possorted_bam_1WGCZ:TGTAAAGCACCGGTATx-M2,0.06645630228018835,1.0,1.0,0.9539151406384904,0.0,0.4981218267601325,1.0,0.7611252826104888,1.0,0.5701540609395047,0.9267758842319069,1.0,1.0,1.0,0.07438232396812167,1.0,1.0,1.0,1.0,0.0,0.0,0.0,0.0,0.0,1.0,1.0,1.0,1.0,1.0,0.9708908646032508,1.0,0.0,0.0,0.8184375920825769,1.0,0.21918121516205377,1.0,0.07355626707402932,0.04704537144331634,1.0,0.12451659582438294,1.0,1.0,1.0,0.015016846948029556,0.5290627315635344,1.0,1.0,1.0,0.5398092338072662,1.0,0.9440395791905853,0.0
gex_possorted_bam_1WGCZ:TGTCCTGGTTAGTTGGx-M2,0.051920235079205845,1.0,1.0,0.8787437048182484,0.07366815734966348,0.0,1.0,0.5718490076676113,1.0,0.8599877008565054,0.0,1.0,1.0,1.0,0.21050820606863818,1.0,0.23221468745902066,0.0,1.0,0.0,0.0,0.0,0.0,0.0,1.0,1.0,1.0,1.0,1.0,1.0,1.0,0.0,0.0,0.7442175930678944,1.0,0.18369444192161102,1.0,0.2081332642699391,0.2684176246986119,1.0,0.2695430300076299,1.0,1.0,1.0,0.007270872893529347,0.5086986491962234,1.0,1.0,1.0,0.3363542002424163,1.0,0.9616265899209829,0.0
gex_possorted_bam_1WGCZ:TGTATCGCAATAAGCAx-M2,0.09296071468167713,1.0,1.0,1.0,0.0,0.0,1.0,0.9544057167065438,1.0,0.7793989782538583,0.0,1.0,1.0,1.0,0.11225701798163311,1.0,0.054675990672805486,0.06243655714865068,1.0,0.0,0.0,0.0,0.0,0.0,1.0,1.0,1.0,1.0,1.0,0.8546681967101276,1.0,0.031139895849646833,0.0,0.8204639124180259,1.0,0.27859246171379504,1.0,0.08318061399663212,0.03033857241203931,1.0,0.07704829287524045,1.0,1.0,1.0,0.10447791906847788,0.49468218227447514,1.0,1.0,1.0,0.5478280323910274,1.0,0.9253760610934139,0.0
gex_possorted_bam_1WGCZ:TGTCAGTAGGCTACATx-M2,0.9127714718109466,1.0,0.2220310919095982,0.9625559871869703,0.6855759600941804,1.0,1.0,1.0,0.5699863504690286,1.0,0.12272095462479347,1.0,0.9133440220693301,0.9483897455194203,1.0,0.769285856184511,0.11093634093360102,0.8557471402383109,0.888107194890936,0.6565911892243911,1.0,1.0,0.8698067303502091,1.0,0.726560735529229,0.7532294958466332,0.0,1.0,1.0,0.9760937748253482,1.0,0.6101369985982477,0.8926493482267949,1.0,0.0,1.0,0.5533621828583795,0.994795241800232,1.0,0.5144950394549268,0.7081862327578458,0.4666478299931026,0.6029032091838556,0.636541674737168,1.0,1.0,0.04518062622449981,0.058158394860035253,0.9927327970603167,1.0,1.0,1.0,0.8350738388762521
gex_possorted_bam_1WGCZ:TGTGAAACAAGGATTAx-M2,1.0,0.972722237280846,0.0,1.0,1.0,1.0,0.46358929089424405,1.0,0.0629249933272318,1.0,0.5852582205732436,0.5703124819956281,0.8088451353968078,0.16793168022265217,1.0,0.28698925452700513,0.1677497550856931,1.0,1.0,0.7691304780087399,1.0,1.0,1.0,1.0,0.7069619056098038,0.9080319756558806,0.0,1.0,1.0,1.0,1.0,1.0,1.0,1.0,0.0,1.0,0.14185169456789323,1.0,1.0,0.0,0.5297686285933928,0.0,0.653486927944025,0.0,1.0,1.0,0.20021234185991604,0.0,0.8804396154003781,0.9675315551633238,0.9002085098297651,1.0,1.0
gex_possorted_bam_1WGCZ:TGGCTATAGCCGCTTTx-M2,0.057458335292049315,1.0,1.0,0.9107730997697289,0.0,0.5248535172726978,1.0,0.8052185272005646,1.0,0.786629951407576,0.9532701038964514,1.0,1.0,1.0,0.14973144788361076,1.0,1.0,1.0,1.0,0.0,0.0,0.0,0.0,0.0,1.0,1.0,1.0,1.0,1.0,0.9449236243422127,1.0,0.0,0.0,0.7513091072626639,1.0,0.28342605265422555,1.0,0.1453336771024079,0.08034831173050014,1.0,0.23027406774495168,1.0,1.0,1.0,0.11932956716709545,0.5072530803867609,1.0,1.0,1.0,0.3704314674147551,1.0,0.8576819331042913,0.0
gex_possorted_bam_1WGCZ:TGTCATAAGTGACCTGx-M2,1.0,1.0,1.0,1.0,1.0,1.0,0.12377666044562646,1.0,1.0,1.0,0.0,1.0,1.0,0.38060725328541123,1.0,0.27932343083548145,0.0,0.0,0.20783273306257524,0.851548170185522,0.7824629018833503,1.0,1.0,0.9145852147730947,1.0,1.0,0.0,1.0,0.9460091127726317,1.0,0.0,1.0,1.0,1.0,0.0,1.0,0.019136384433736466,1.0,1.0,0.0,1.0,0.04380418973342168,1.0,0.9351661152381282,1.0,1.0,1.0,0.0,1.0,1.0,0.8820530721670874,1.0,1.0
gex_possorted_bam_1WGCZ:TGTAACTCAAGCCACTx-M2,1.0,0.5804334345652178,0.2791942032359511,1.0,1.0,1.0,0.16494113483735615,1.0,0.2245547722617728,0.9821362157015922,0.0,0.8236455071764175,0.8164776402870473,0.13719163694850736,1.0,0.07018554582497609,0.0,0.0,0.9588385785827719,0.6749159681560293,1.0,1.0,1.0,1.0,0.19518829775979368,1.0,0.0,0.9026209593424473,1.0,1.0,0.3739499244714686,1.0,1.0,1.0,0.0,1.0,0.05647118801208659,1.0,1.0,0.0,1.0,0.06709714775630615,0.5484846889712595,0.12738792552360834,1.0,1.0,0.5008024382518013,0.0,1.0,1.0,1.0,1.0,0.24956440646000136
gex_possorted_bam_1WGCZ:TGTAACTCATGGCCCAx-M2,0.9840098326673298,0.49832549234111023,0.0,0.7849158025147,0.7073435460978087,0.6575795148499155,0.0,0.8966110312062383,0.4900450586197807,0.8145222866848946,0.0,0.6798308379948207,0.7146989027900221,0.028261576604732497,0.8693021836618329,0.0821203114205553,0.0,0.06271384845934727,0.44106240848243017,0.6568944122624215,1.0,1.0,0.9566574746954919,0.9912833070481224,0.3721590081513364,0.7494734790953999,0.0,0.47533842835273143,0.7051530208990064,0.8295748834567771,0.0,0.7776243717726168,0.9488343730161661,0.7501904779247028,0.0,0.8842145974033394,0.38224594443659354,0.9458792676567326,0.8251744653252339,0.0,1.0,0.0026344899009937864,0.5914214582084786,0.0,0.8892970207935212,0.8543071130889528,0.3331179752173418,0.08466535628113717,0.6937529156633273,0.9123224610683535,0.7099255688588985,0.7721054135587773,0.5041155544264597
gex_possorted_bam_1WGCZ:TGGTTCCTCCTAATGAx-M2,1.0,1.0,0.0,1.0,1.0,1.0,0.39126807194749513,0.9499669090181222,0.0,1.0,1.0,0.5855652027093367,0.9776396813984284,0.42038952609005187,1.0,0.42509681536121063,0.7284417445716718,1.0,1.0,0.728225469714259,1.0,1.0,1.0,1.0,0.6970190002260118,0.959382370979646,0.0,1.0,1.0,1.0,1.0,1.0,1.0,1.0,0.0,1.0,0.05937557517930718,1.0,1.0,0.0,0.731867005635552,0.2759351311992993,0.5400687454960156,0.5115609834379123,1.0,1.0,0.06834152716542978,0.08861087764486261,1.0,1.0,1.0,1.0,1.0
gex_possorted_bam_1WGCZ:TGTGCGCAGGCCAATTx-M2,1.0,0.9609067988231089,1.0,1.0,1.0,1.0,0.4708577255184464,1.0,0.6291829003087441,1.0,0.0,1.0,1.0,1.0,1.0,0.0,0.0,0.2958180124112029,0.5392378286615791,0.8831505229209203,0.9904931654293493,1.0,1.0,0.8013059043824223,1.0,1.0,0.026319969701622797,1.0,1.0,1.0,0.04727647970519549,1.0,1.0,1.0,0.0,1.0,0.0,1.0,1.0,0.049948224083843286,1.0,0.0,1.0,1.0,1.0,1.0,1.0,0.0,1.0,1.0,0.99249523360045,1.0,1.0
gex_possorted_bam_1WGCZ:TGGCCATCAAACTCATx-M2,0.6767603570855911,1.0,1.0,0.8922287075540463,0.05894093299624606,0.7616440267517154,1.0,1.0,0.855420020001917,1.0,0.0,1.0,0.8830630832868913,1.0,1.0,1.0,0.0,0.0,0.10623300940404522,0.49749737040525543,0.4743285692598857,0.42819105897082,0.6935356338288357,0.8557520165911905,1.0,0.9327811693607634,0.0,1.0,1.0,0.7347262295248829,1.0,0.6639362066098163,0.7279005414617727,1.0,0.08782958852475993,1.0,1.0,0.9512590734548223,1.0,1.0,0.964879233646362,0.9138342695618051,1.0,1.0,1.0,1.0,0.7134806851258062,0.0,1.0,1.0,1.0,1.0,0.6939142525460061
gex_possorted_bam_1WGCZ:TGTCCTTCAGGGAGGAx-M2,1.0,0.6217557504559564,0.3327933211319661,1.0,1.0,1.0,0.002395671384667187,1.0,0.6349544513261959,1.0,0.0,0.7792855685954221,0.9720161661007763,0.37981139913867557,1.0,0.009691754828367304,0.0,0.41143200981472716,0.8088819859202042,0.7007129733745591,1.0,1.0,1.0,1.0,0.39943571746055706,1.0,0.0,1.0,0.8443033428894458,1.0,0.0033543871518699033,1.0,1.0,1.0,0.0,1.0,0.16693599969118394,1.0,1.0,0.0,1.0,0.14117190186695944,0.7009775581680011,0.0,1.0,1.0,0.22804860146913716,0.16884233384312897,1.0,1.0,0.9402336005245269,1.0,0.5262101833290155
gex_possorted_bam_1WGCZ:TGTAAGTGTCCGTGAGx-M2,1.0,1.0,0.0,1.0,1.0,1.0,0.3808095366105877,1.0,0.0,0.8946867278736982,0.7964873090045884,0.6910342613668978,0.9260276731892114,0.764814835773945,1.0,0.5466770123292791,0.4336234889635623,1.0,1.0,0.8254788747489488,1.0,1.0,1.0,1.0,0.9148777754858213,1.0,0.0,1.0,1.0,1.0,0.921408617050871,1.0,1.0,1.0,0.0,1.0,0.08946783899111138,1.0,1.0,0.03368780853187162,1.0,0.02868177949592935,0.8314535394486539,0.7695678635612203,1.0,1.0,0.5996758805586373,0.0,1.0,1.0,1.0,1.0,0.8820418796410024
gex_possorted_bam_1WGCZ:TGGCCATCAAATACCTx-M2,1.0,1.0,0.7873359708277763,1.0,1.0,1.0,0.16310739715440184,1.0,1.0,1.0,0.0,1.0,1.0,0.43072130462297525,1.0,0.17231901192381774,0.0,0.10014328493763952,0.7529764083189251,0.8477514717902103,1.0,1.0,1.0,1.0,0.7690642617336924,1.0,0.0,1.0,0.9437985861187818,1.0,0.6110746926413934,1.0,1.0,1.0,0.0,1.0,0.0,1.0,1.0,0.0,1.0,0.0,1.0,0.6200163635451721,1.0,1.0,0.7164081145020141,0.0,1.0,1.0,0.9583086891709139,1.0,1.0
gex_possorted_bam_1WGCZ:TGGTCAAGTGCTCCGTx-M2,0.921838839970199,0.83872824957854,0.0,0.8569139275210105,1.0,1.0,0.6174512792623776,0.7851369321869311,0.6053075807212172,0.8912927129899662,0.2806890471830672,0.42814251689865596,0.9354295723392455,0.6985347141104483,0.9469926539534345,0.4454092305347245,0.18316394134650063,0.583621868275134,0.7533320863047025,0.9082262456650659,1.0,1.0,0.8997520350071617,1.0,0.6081949356592945,0.7421677575592205,0.19002145307768817,0.9927086690746172,1.0,1.0,0.7287105515295553,0.76728870357552,0.8869937551690831,0.8303273484057094,0.14585843413598945,0.9661963555422427,0.8064080098371706,0.8414722180057315,0.8724811087047749,0.2031215197044219,0.9675859749465989,0.6485859577019158,0.5717768868468537,0.7121191534327947,1.0,0.8784718801322633,0.3349871572757805,0.44119311142952233,0.8604396721435688,0.9315763315717716,0.9234473872392658,0.9413908160306393,1.0
gex_possorted_bam_1WGCZ:TGGGCATGTTAGTTGGx-M2,1.0,0.7734371578834186,0.05714470743423963,1.0,1.0,0.7062359779603563,0.04208575977223749,1.0,0.202069406560323,1.0,0.0,0.8108752838548278,0.7633576291827521,0.30640290915392915,1.0,0.0,0.0,0.0,0.7648435332982425,0.5547523412816785,1.0,1.0,1.0,1.0,0.1401335605667132,1.0,0.0,0.9686375820478128,0.8664479064430851,1.0,0.17793482942668085,1.0,1.0,1.0,0.0,0.9853688954370962,0.05414237475890473,1.0,1.0,0.0,1.0,0.1896046471237831,0.8616275087028095,0.2531017308073078,0.9931882155611346,1.0,0.6071371110025949,0.021953306743568473,1.0,1.0,1.0,0.9533641997125256,0.0
gex_possorted_bam_1WGCZ:TGTAATGTCTCCATGCx-M2,0.2693740994798668,0.9232785344621199,0.3149825488533537,0.8880990382493987,0.2393640205502205,0.0,1.0,0.6104233833818716,1.0,0.5055886822787061,0.0,1.0,1.0,1.0,0.5060120936529067,1.0,0.0,0.0,1.0,0.0,0.0,0.0,0.1550954640332663,0.0,1.0,1.0,1.0,1.0,1.0,0.720252747452219,1.0,0.18847887981254255,0.047839198037732705,0.44840058161277985,1.0,0.29822094977815017,1.0,0.11345485606930494,0.21932499552919768,1.0,0.6633663752110305,1.0,1.0,1.0,0.1326919184980978,0.6860366646059897,1.0,1.0,0.9112721523494928,0.7056829128766522,1.0,0.867664614223892,0.0
gex_possorted_bam_1WGCZ:TGGTGCATCGCCTAAGx-M2,1.0,1.0,0.07378900396829417,1.0,1.0,0.923215584535148,0.0,1.0,0.7370661728464571,0.8895210077460901,0.0,1.0,1.0,0.1816435397450007,1.0,0.10587935649593239,0.0,0.0,0.6431872470974169,0.732570097905278,1.0,1.0,1.0,1.0,0.20246565794534124,1.0,0.0,0.5918357544306851,1.0,1.0,0.043873595261298026,1.0,1.0,1.0,0.0,1.0,0.0,0.9669712891091702,1.0,0.0,1.0,0.0,0.7902946573781713,0.0,1.0,1.0,0.9808745764296342,0.010771835205962128,0.8714585164718084,1.0,0.7889129854032546,1.0,0.0
gex_possorted_bam_1WGCZ:TGGTTCTGTTCCAGGGx-M2,1.0,0.829062464434284,1.0,1.0,1.0,0.054934043795157726,0.0,1.0,0.5568317258597303,1.0,0.0,1.0,1.0,0.3209889348710522,1.0,0.0,0.0,0.0,0.0,0.09572074833250382,0.15743375834465959,0.44001561669157185,1.0,0.7963773169946533,0.4663676531197188,1.0,0.0,0.6708851337816115,0.48234736957161145,1.0,0.0,1.0,1.0,1.0,0.0,0.7893028051295092,0.0,1.0,1.0,0.0,1.0,0.0,1.0,0.31093304422762597,0.6706663131778636,1.0,1.0,0.0,1.0,1.0,1.0,0.861109278255572,0.0
gex_possorted_bam_1WGCZ:TGGCCATCAAAGCTAAx-M2,0.06775869856989113,1.0,1.0,0.8901311980002359,0.0,0.0,1.0,0.9540834806934908,1.0,0.7660480497768606,0.0,1.0,1.0,1.0,0.17157670555238785,1.0,0.134569162914877,0.048491194269241894,1.0,0.0,0.0,0.0,0.0,0.0,1.0,1.0,1.0,1.0,1.0,0.6389372078321452,1.0,0.0,0.0,0.7687935370333527,1.0,0.2857292293395709,1.0,0.06469702019446093,0.0,1.0,0.14208697514094396,1.0,1.0,1.0,0.15266191692277525,0.513463267366044,1.0,1.0,1.0,0.4830860856956382,1.0,0.7846478738160988,0.0
gex_possorted_bam_1WGCZ:TGGGCATGTATTACCCx-M2,1.0,0.7202302964505033,0.35914154316720276,1.0,1.0,1.0,0.5883025722490434,1.0,1.0,1.0,0.0,0.9715441422922487,0.9513248665673898,0.29086576698886607,1.0,0.24594932524232718,0.0,0.0,0.9519894397027946,0.8360120935119218,1.0,1.0,1.0,1.0,0.2905535808231565,1.0,0.0,1.0,1.0,1.0,0.6993993833271293,1.0,1.0,1.0,0.0,1.0,0.15793580098599033,1.0,1.0,0.0,1.0,0.22211084058664957,0.9144984084941989,0.5050432491264043,1.0,1.0,0.014189565555887407,0.0,1.0,1.0,1.0,1.0,0.02270745604733725
gex_possorted_bam_1WGCZ:TGGTTGAGTCTCACTGx-M2,1.0,1.0,0.0,1.0,0.923944140532621,1.0,0.7737142722676752,1.0,0.4681986269618151,1.0,0.07075906610757217,0.8341294928388273,0.8844119634384989,0.0,1.0,0.29200626377686223,0.0,0.5657333761461578,1.0,0.9071814998452747,1.0,1.0,1.0,1.0,0.9493768510196894,0.9064627221472409,0.0,0.9408406982579638,1.0,1.0,0.8312709235677624,1.0,1.0,1.0,0.006739500231179312,1.0,0.3208052245752567,1.0,1.0,0.06684836642218456,0.719867777432694,0.0,0.6958387671777925,0.27739052472584147,1.0,1.0,0.3507403421565031,0.0,0.9533418956453523,1.0,0.9878125113969246,1.0,0.842730047719237
gex_possorted_bam_1WGCZ:TGGTCAGTCACGCCAAx-M2,1.0,0.7278567176946356,0.12502914181140506,1.0,1.0,1.0,0.16639218349191567,1.0,0.32959250192277945,1.0,0.0,0.8540023975493206,0.8510929666683935,0.2917014138429387,1.0,0.1649262240048236,0.0,0.0,0.99721646094777,0.7432056629229778,1.0,1.0,1.0,1.0,0.11211184378393495,1.0,0.0,0.9854002936740802,1.0,1.0,0.6481238149267488,1.0,1.0,1.0,0.0,1.0,0.09502919467472132,1.0,1.0,0.0,1.0,0.19431256210074424,0.815393223605482,0.2781060640378603,1.0,1.0,0.2841223193418398,0.0,1.0,1.0,1.0,1.0,0.2700064737065002
gex_possorted_bam_1WGCZ:TGGTGATTCCATAATGx-M2,1.0,1.0,1.0,1.0,1.0,0.9044447137242032,1.0,1.0,1.0,1.0,0.0,1.0,1.0,0.7925662698706201,1.0,0.6439219082392059,0.0,0.0,0.4932117777640817,0.7651931149887671,0.9484469989607701,0.8082531716704062,1.0,1.0,1.0,1.0,0.0,1.0,1.0,0.9620128077290442,0.9012473286563378,1.0,1.0,1.0,0.0,1.0,0.4793173965816247,1.0,1.0,0.4165733277427218,1.0,0.391847715986227,1.0,0.8707333162952812,1.0,1.0,0.9504909017419626,0.0,1.0,1.0,1.0,1.0,0.5355241115769851
gex_possorted_bam_1WGCZ:TGTAATGTCCTCACACx-M2,1.0,0.7505691903018626,0.16520681670827564,1.0,0.9628203068036891,1.0,0.5760773979936608,1.0,0.38926792291453444,1.0,0.4802080402550272,0.6712747381270929,0.8294374452284584,0.6736315977908212,1.0,0.5543219132893861,0.3826488682740353,1.0,1.0,0.9410812165015001,1.0,1.0,1.0,1.0,0.6943211714850362,0.9975472717554813,0.0,0.9319036510569758,0.8617475313428167,1.0,0.8175579621193896,1.0,1.0,1.0,0.0,1.0,0.15459513621054166,1.0,1.0,0.0,1.0,0.12506155677017913,1.0,0.6242176310234705,1.0,1.0,0.5753197997736511,0.0,1.0,1.0,1.0,1.0,0.5121378049309483
gex_possorted_bam_1WGCZ:TGGTTGAGTCAAGTGCx-M2,1.0,0.6770073723731171,0.21731361680808434,1.0,0.9798291792217688,0.2861061174240147,0.2998094183778568,1.0,0.5392893824605908,0.7911223956966629,0.0,1.0,0.5846685117366324,0.21766154623511527,1.0,0.0,0.0,0.0,0.31077670561902404,0.3888036976254575,0.9647871302901105,0.8703072057394678,1.0,0.9345063074030747,0.46879286756675675,1.0,0.0,0.797622243759372,0.8372879562840112,0.8047321090269712,0.003908023242863075,1.0,1.0,0.8722641813731609,0.0,0.9155680902892465,0.3561146677592595,0.9856031084319825,0.9567752448044212,0.0,1.0,0.069542864326361,0.4622903942194879,0.20773914963757453,0.8858354923657437,1.0,0.5923778773254161,0.0,0.8480569366624262,1.0,1.0,0.7682481648985164,0.3557554183265123
gex_possorted_bam_1WGCZ:TGTCATAAGTGAACGAx-M2,1.0,0.892317210124868,1.0,1.0,1.0,1.0,0.0,1.0,1.0,1.0,0.0,1.0,1.0,0.4234479935759574,1.0,0.07290139018806202,0.0,0.003998821569016679,0.5461218083811402,0.6244883828059794,0.7792778399378091,1.0,1.0,1.0,0.7958635028711468,1.0,0.0,1.0,0.529653885818485,1.0,0.08677815864267387,1.0,1.0,1.0,0.0,1.0,0.0,1.0,1.0,0.0,1.0,0.0,1.0,0.6924694066716981,1.0,1.0,0.7708058753037037,0.0,1.0,1.0,1.0,1.0,1.0
gex_possorted_bam_1WGCZ:TGGTTCCTCTTTAGGAx-M2,1.0,1.0,0.3257697516541274,1.0,1.0,1.0,0.19670129437843886,1.0,0.24624433842995963,1.0,0.5685195072233717,0.9492579485485281,0.9488925450451615,0.3500697548916107,1.0,0.33013853741893856,0.1863986743467582,1.0,1.0,0.8264405564501563,1.0,1.0,1.0,1.0,0.6963123882613692,1.0,0.0,0.8860706879357493,1.0,1.0,1.0,1.0,1.0,1.0,0.0,1.0,0.046089943383162725,1.0,1.0,0.0,1.0,0.06423798796812372,0.8062444015891724,0.2701001285741805,1.0,1.0,0.34497147945686385,0.0,0.9739103788949459,1.0,0.7024314054617764,1.0,1.0
gex_possorted_bam_1WGCZ:TGGCCATCAATGCCTAx-M2,1.0,0.9087390470430926,0.0,0.9284278796609802,1.0,0.883261357275149,0.15108407854304656,0.9939462431335263,0.5353084727802147,0.9376010157408957,0.0,1.0,0.858504568994656,0.31219064347935466,1.0,0.09248872449696183,0.0,0.15414634808181094,0.7808563869037769,0.5192458732201582,1.0,1.0,1.0,1.0,0.533484115218614,0.9314420496901861,0.0,0.76533425716278,0.7927903550338041,1.0,0.10208638440555075,1.0,1.0,0.936247582462886,0.0,1.0,0.055470385488581096,0.9422029465375141,0.9114964586895933,0.0,1.0,0.22162879587625056,0.7051312481292951,0.0,1.0,0.9880419552969341,0.3229990709575435,0.0,0.8194455562808665,1.0,0.6723007402846528,0.9522907884231553,0.5201214790095013
gex_possorted_bam_1WGCZ:TGGTGCATCAAACTCAx-M2,0.38078102386620777,1.0,1.0,1.0,0.6229287126551792,0.9031200928678264,1.0,0.7650465036594044,1.0,0.8735786080079965,0.7634520063534717,1.0,1.0,1.0,0.5280654256901811,1.0,1.0,1.0,1.0,0.0,0.0,0.0,0.13696463819054092,0.0,1.0,1.0,1.0,1.0,1.0,1.0,1.0,0.3034040724156757,0.1577755042773423,0.8532949610700978,1.0,0.5291650386409582,1.0,0.4830214684863329,0.49055438218294445,1.0,0.6928246489960099,1.0,1.0,1.0,0.5476315992170642,0.7428182547202953,1.0,1.0,1.0,0.8212798567943901,1.0,1.0,0.0
gex_possorted_bam_1WGCZ:TGTGCAAGTACCGTTTx-M2,0.6562782515292522,0.6583019682641664,0.18395805273035215,0.5607806401316104,0.6946069433728742,0.7614379030082661,0.004182843131036184,0.6456974481619501,0.47972397458043214,0.8573210037730653,0.0,0.0,0.28465782809467144,0.0,0.7925501865258072,0.280295993888064,0.018626023558367243,0.0,0.0468772461568961,0.97672264255724,0.9568888703425661,0.7991374229287168,0.7555429602539987,0.8797878656081427,0.19436551723338955,0.5647118087884488,0.18736642370705336,0.46473814469413594,0.4192481523617194,0.576599909345062,0.16487095762556933,0.4177726940008845,0.7286352770190809,0.5576225931548451,0.07728180604701361,0.5812675905292128,0.20193772825968745,0.6665681660329319,0.586958232141885,0.1242642428561765,1.0,0.15542597129051408,0.3288248217475392,0.0,0.6648159761236849,0.5944639415032841,0.0367523155002076,0.05481243415606003,0.5381631373613976,0.7357088893325381,0.35429532766039945,0.4980754832996883,0.40260277172915887
gex_possorted_bam_1WGCZ:TGTAAGTGTGGTTCTTx-M2,1.0,0.8610074865082515,0.5772727499016685,1.0,1.0,0.9238703506144407,0.40866637682465706,1.0,0.2891901666048719,1.0,0.0,0.8603121386591863,0.7955376405640135,0.17636623089799605,1.0,0.11966872844046711,0.0,0.0,0.8252181029792287,0.7987877855378015,1.0,1.0,1.0,1.0,0.36127404275726493,1.0,0.0,1.0,1.0,1.0,0.42045254729119874,1.0,1.0,1.0,0.0,1.0,0.17307798025969506,1.0,1.0,0.0,1.0,0.17460045523326637,0.8466573640224099,0.8574515181501556,1.0,1.0,0.4804675789937511,0.0,1.0,1.0,1.0,1.0,0.0
gex_possorted_bam_1WGCZ:TGGGCATGTGGGTGAAx-M2,1.0,1.0,0.9185804972322433,1.0,1.0,1.0,0.471231612543813,1.0,1.0,1.0,0.0,1.0,1.0,0.22738958981232477,1.0,0.0,0.0,0.0,0.8365427989665406,1.0,1.0,1.0,1.0,0.8836034394618596,0.6624570401142262,1.0,0.24243071210496916,1.0,1.0,0.9510420477775171,0.18417110111301638,1.0,1.0,1.0,0.0,1.0,0.5358834560323599,1.0,1.0,0.020286709643965926,1.0,0.709374033485911,0.6333797804235209,0.3359773204825084,1.0,1.0,1.0,0.0,1.0,1.0,1.0,1.0,1.0
gex_possorted_bam_1WGCZ:TGTGCAAGTTGTGATGx-M2,1.0,0.9318548383420743,1.0,1.0,1.0,0.0,0.0,1.0,0.7907599783515024,1.0,0.0,1.0,1.0,0.539830467521061,1.0,0.0,0.0,0.0,0.0,0.15017327185735832,0.13853477887834617,0.43758752955653446,1.0,0.7820476407013294,0.6342316712447229,1.0,0.1645799830273874,0.5852801201715121,0.2461244653352014,1.0,0.0,1.0,1.0,1.0,0.0,0.9420775400046335,0.0,1.0,1.0,0.0,1.0,0.0791500080675538,1.0,0.31462397080302074,0.7391586915886157,1.0,1.0,0.0,1.0,1.0,0.7234321856312906,0.9702403786474086,0.0
gex_possorted_bam_1WGCZ:TGTCATAAGCTTACTTx-M2,1.0,1.0,0.0,1.0,1.0,1.0,0.41010042743629876,0.9362742575643599,0.4586444212346293,1.0,0.03929036723051261,1.0,1.0,0.2746505040338411,1.0,0.1887790941917342,0.0,0.7981375774406204,1.0,0.6744763456272339,1.0,1.0,1.0,1.0,0.6847140740050973,1.0,0.0,1.0,1.0,1.0,1.0,1.0,1.0,1.0,0.0,1.0,0.22195448902257395,1.0,1.0,0.0,1.0,0.13093927393152763,0.5988948423120487,0.45685663285790784,1.0,1.0,0.11962888458773498,0.0,0.9703295788340086,1.0,0.8824163888106694,1.0,1.0
gex_possorted_bam_1WGCZ:TGTCCTTCATCGCTTTx-M2,1.0,0.8177760903177349,0.0,0.9555294870040467,1.0,1.0,0.2727048736317868,1.0,0.0,0.8426041155880332,0.49321437691908315,0.25687727183952946,0.716055131234461,0.48735649641065326,0.9905643238424672,0.31496707393070716,0.16531796452801828,1.0,1.0,0.4498106296279348,1.0,1.0,1.0,1.0,0.5731346374148069,0.8183800431224665,0.0,0.852271303085095,0.9860219856401647,0.8696482941975122,0.9984048135565812,1.0,0.986132839083246,1.0,0.0,1.0,0.0,1.0,1.0,0.18163206677833624,1.0,0.1767242583837054,0.4912526973004366,0.0,0.9670565748779014,0.9672573795108462,0.21272328903157187,0.16488701891136806,0.8042696383883652,0.9667535779011637,0.676407333757245,1.0,0.5170689116409023
gex_possorted_bam_1WGCZ:TGGTTAATCTTGAGCGx-M2,0.8730211826278739,1.0,0.39275074428228546,0.8964086029728789,0.0,0.43757602329491746,1.0,1.0,0.6703079126725662,1.0,0.0,1.0,0.8582904804352866,0.8336798386490964,1.0,0.7336654512472741,0.0,0.0,0.2457392772393577,0.43831972295712424,0.7557556768686331,0.6045653077843596,0.6723119406361611,1.0,1.0,0.8357840351122667,0.0,1.0,1.0,0.597730510698911,1.0,1.0,0.8505222829727291,1.0,0.0,1.0,0.962635169978303,0.9859842502667012,0.9938731730955285,0.9740634519609193,1.0,0.6118998422981927,0.7423713535638461,0.7279273704663025,1.0,1.0,0.24721048123955242,0.0,0.9645449129499778,0.9099823612297265,1.0,0.9263676080851151,0.3910626575350125
gex_possorted_bam_1WGCZ:TGTAACTCACTTACAGx-M2,1.0,1.0,0.026051122550572927,1.0,0.9700070135210997,1.0,0.7066449297848372,1.0,0.4958012331880142,1.0,0.6015705942186802,0.8733632176601572,0.9904749679076306,0.5581566098007686,1.0,0.4477397577149836,0.19656793734334352,1.0,1.0,0.5363084777766035,1.0,1.0,1.0,1.0,0.8414662285756729,0.9403952375856874,0.0,1.0,1.0,1.0,1.0,1.0,1.0,1.0,0.0,1.0,0.1632754664015987,1.0,1.0,0.1779749305639726,0.4810782469320212,0.1681599857235525,0.7662806694499857,0.4721477988703608,1.0,1.0,0.11716790532321975,0.0,1.0,1.0,1.0,1.0,1.0
gex_possorted_bam_1WGCZ:TGGTTCCTCCGGAACCx-M2,1.0,0.8667100097948527,0.0,0.9681614191691467,1.0,0.8783977164719271,0.12905327869524272,1.0,0.6851882022755349,0.9335850874742393,0.0,1.0,0.9212722005988097,0.34853571065248223,1.0,0.0,0.0,0.0,0.7684700041671362,0.5022382151202689,1.0,1.0,1.0,1.0,0.20041588303906363,0.9306682027754473,0.0,0.840936668066004,0.6409910393885406,1.0,0.1417293788698702,1.0,1.0,0.9255821517997144,0.024974378456731082,1.0,0.18398310527273923,1.0,0.962623199166666,0.0,1.0,0.13497832435884274,0.5293570515738517,0.11941368103364525,1.0,1.0,0.38575979700819024,0.002978596877791986,0.8233028928276558,1.0,0.9191413024457151,0.8998708261354339,0.5952316245363628
gex_possorted_bam_1WGCZ:TGGTCAGTCACAGGAAx-M2,0.04813791978581422,1.0,1.0,0.9687143145929203,0.12770086932485153,0.0,1.0,0.7033362364606986,1.0,0.9152698011316228,0.0,1.0,1.0,1.0,0.2004402459509023,1.0,0.0,0.0,1.0,0.0,0.0,0.0,0.0,0.0,1.0,1.0,1.0,1.0,1.0,1.0,1.0,0.03689002371947688,0.0,0.8502867642056339,1.0,0.2400563124772763,1.0,0.11960967465844313,0.1830759364056189,1.0,0.12002748817868861,1.0,1.0,1.0,0.004634070081220302,0.5702537102435755,1.0,1.0,1.0,0.6076061563176385,1.0,1.0,0.14693607613398318
gex_possorted_bam_1WGCZ:TGGTTCTGTAATGGCCx-M2,1.0,1.0,0.0,1.0,1.0,1.0,0.44666749056936855,1.0,0.6552581125792598,1.0,0.15010880163677418,0.7825629386612944,0.7828209953165592,0.28674050123338074,1.0,0.5040516869807952,0.0,0.8734425293778081,0.996203570970956,0.4529355397567198,1.0,1.0,1.0,1.0,0.6717658393074994,0.9104437090360072,0.0,1.0,1.0,1.0,0.32651795830037283,0.9281749072499365,1.0,1.0,0.0,1.0,0.05810817609997804,1.0,1.0,0.0,1.0,0.0,0.7519146454087905,0.034652685046417324,1.0,1.0,0.10999529467691625,0.0,0.8862963760707278,1.0,0.7511040785803998,1.0,0.7378975966749468
gex_possorted_bam_1WGCZ:TGTATCCGTCAGGAAGx-M2,0.06975551100645672,1.0,1.0,1.0,0.08584929953991409,0.0,1.0,0.9083471364330824,1.0,0.788528686259822,0.0,1.0,1.0,1.0,0.17297883432928354,1.0,0.0,0.0,1.0,0.0,0.0,0.0,0.0,0.0,1.0,1.0,1.0,1.0,1.0,0.5940563420327614,1.0,0.27338669440096636,0.0,0.9711760387808386,1.0,0.2907373499034575,1.0,0.0,0.0,1.0,0.062156462332927716,1.0,1.0,0.0,0.06327005783472224,0.5460814388111751,1.0,1.0,1.0,0.6416954300681964,1.0,1.0,0.0
gex_possorted_bam_1WGCZ:TGGCCTGCACGTAAGGx-M2,1.0,1.0,0.22266990319058672,1.0,1.0,1.0,0.7099859778575943,1.0,0.1795440331696844,1.0,0.0,1.0,0.9450532962493688,0.2968537293747865,1.0,0.3308768229263955,0.0,0.0,0.8741382625520472,1.0,1.0,1.0,1.0,1.0,0.8852439486471808,1.0,0.0,1.0,1.0,1.0,1.0,1.0,1.0,1.0,0.0,1.0,0.41183137489093735,1.0,1.0,0.2324631966255439,1.0,0.006430041716035592,0.7392322756342807,0.4991902103890911,1.0,1.0,0.4743979651541508,0.0,1.0,1.0,0.9943318091368425,1.0,1.0
gex_possorted_bam_1WGCZ:TGTGAAACATTGTCCTx-M2,0.0,1.0,1.0,0.9964920195688503,0.8479400462303365,0.0,1.0,1.0,1.0,1.0,0.0,1.0,1.0,1.0,0.16513069609036693,1.0,0.0,0.0,1.0,0.0,0.0,0.0,0.052034903025301074,0.0,1.0,1.0,1.0,1.0,1.0,0.45183616365584656,1.0,0.3317020606704653,0.0,0.9515169846400352,1.0,0.2990545940151805,1.0,0.042040469944711056,0.2247816479990185,1.0,1.0,1.0,1.0,1.0,0.0,0.6560645422639064,1.0,1.0,1.0,1.0,1.0,0.9663968931166593,0.7587429194120936
gex_possorted_bam_1WGCZ:TGTTGGCCAGGACCAAx-M2,1.0,1.0,0.0,0.9310148682617145,0.6352848450392369,0.5296926029262726,0.4692966634791712,1.0,0.49353798696347073,0.8204368972644602,0.0,1.0,0.689583213708579,0.612317269975649,0.9700689843204523,0.35773082151991936,0.0,0.0,0.41893777078435146,0.4055121010425122,0.9584187689187317,0.7316894012681981,0.9894697140145473,1.0,0.382468624638788,0.9463517874475926,0.18709723614592627,0.666796020130571,0.919188760835276,0.9065548057538616,0.5448846665978324,1.0,1.0,1.0,0.06141414531066907,1.0,0.7309271378385711,1.0,0.8986163218849086,0.0,1.0,0.3232019262271843,0.5329706229648701,0.09068831867686934,0.9608601178612454,0.9942806846236955,0.41093685121960455,0.0,0.7753204767344963,1.0,0.8133995696342579,0.7662126757590496,0.5623183429091576
gex_possorted_bam_1WGCZ:TGTTGTTTCGCTAAACx-M2,1.0,1.0,1.0,1.0,1.0,1.0,0.004219045544197294,1.0,1.0,1.0,0.0,1.0,1.0,0.5159915938949204,1.0,0.29594265673410175,0.0,0.0,0.19195689116368897,0.7989428736073086,0.6087596766600326,0.9425713510065552,1.0,0.8401339331348796,0.9900945225116007,1.0,0.0,1.0,0.8614997254086291,1.0,0.0,1.0,1.0,1.0,0.0,1.0,0.5551826632471263,1.0,1.0,0.0,1.0,0.6612952095642147,1.0,0.8418297535528833,1.0,1.0,1.0,0.0,1.0,1.0,1.0,1.0,1.0
gex_possorted_bam_1WGCZ:TGTTGTTTCATAAGCCx-M2,1.0,1.0,0.9263951289224225,1.0,1.0,0.6676325151898926,0.0,1.0,0.6901835398533467,1.0,0.0,1.0,0.8897528841798689,0.5052089197737522,1.0,0.04284874723424601,0.0,0.0,0.7723298671340594,0.5345973365832439,1.0,0.979211595323292,1.0,1.0,0.09183316407089961,1.0,0.0,0.9461327092113467,0.553365057048581,1.0,0.0,1.0,1.0,0.968380284671803,0.0,1.0,0.0,1.0,1.0,0.0,1.0,0.14334871526142645,0.9098310234697706,0.23194215580614894,1.0,1.0,0.5597508444900335,0.0,1.0,1.0,1.0,1.0,0.0
gex_possorted_bam_1WGCZ:TTACACCGTCACACCCx-M2,1.0,0.999605473024902,0.09462139341675131,0.9560307384678114,0.6720759278486229,1.0,0.907425119600615,1.0,0.617595195323966,1.0,0.0,0.930734685563609,0.9258934497407728,0.5130494095426771,1.0,0.7839401154567951,0.0,0.23617143742700464,0.7693598850299888,0.7158160923210386,1.0,1.0,0.9489071339317304,1.0,0.9585236831090879,0.9182383002314328,0.0,1.0,1.0,0.9760242319256452,1.0,1.0,0.9876285976954404,1.0,0.0,1.0,0.6439111742704157,1.0,1.0,0.44298941249692014,0.9629143017160707,0.29690068271232956,0.8431095828504244,0.5886127910591556,1.0,1.0,0.2761661452959466,0.0,0.9621977809584898,1.0,0.9185255688201797,1.0,0.8238797861631435
gex_possorted_bam_1WGCZ:TTAAGTGTCATGCTCCx-M2,0.9033775298891614,0.5490118451039522,0.30552021611621627,0.779788077162607,1.0,1.0,0.0,0.792188279145251,0.4020629924761768,0.9980868483537527,0.37729447139955913,0.3781910596558964,0.6836087515570834,0.09462900346812622,0.9036815393387492,0.00027686125990971174,0.2828143095869769,0.6090459972470295,0.5713886586735427,1.0,1.0,1.0,1.0,1.0,0.5043407152935252,0.7868435044008174,0.0007829794316406839,0.652848733938528,0.6282422356622767,0.9603771417845798,0.544824664877619,0.8219475660042904,0.9368376413731491,0.8038537786118592,0.0,0.890148199692119,0.0,0.7357481477913911,0.829712141129315,0.05811352867520197,1.0,0.0914766323553125,0.6994307365408555,0.776439316404673,0.9070196890444778,0.8563093656347689,0.42713434651231014,0.0,0.7909225687705252,1.0,0.6840365141789618,0.7881593896546932,1.0
gex_possorted_bam_1WGCZ:TGTTGCACAAATGCCCx-M2,0.0802057905203609,1.0,1.0,1.0,0.03215443234718041,0.0,1.0,0.8860837736313155,1.0,0.7312345027673757,0.0,1.0,1.0,1.0,0.14005159421183216,1.0,0.0,0.0,1.0,0.0,0.0,0.0,0.0,0.0,1.0,1.0,1.0,1.0,1.0,0.9179796439635263,1.0,0.012427847127695275,0.0,0.8769025831363352,1.0,0.27634357072252974,1.0,0.057761068191339256,0.11074312204809457,1.0,0.22269547161403194,1.0,1.0,0.6017342915068674,0.010417660125535539,0.5424586685541046,1.0,1.0,1.0,0.7376837813383943,1.0,1.0,0.0
gex_possorted_bam_1WGCZ:TGTGGCTCACTTCACTx-M2,1.0,1.0,0.0,1.0,1.0,1.0,0.6484568360142788,0.9832779136808627,1.0,0.945483361083648,0.34459341111856806,0.8981659618850976,0.8751812414525459,0.19930124412686495,1.0,0.34602189390739474,0.17413082397173243,0.9947199334927108,1.0,0.7999437809733352,1.0,1.0,1.0,1.0,0.733042386391403,0.8183306289673069,0.0,0.9116387923624308,1.0,1.0,0.525838369185814,1.0,1.0,1.0,0.0,1.0,0.12680343178365874,0.9984101792807409,1.0,0.0001805776431185639,0.9568964310561585,0.2665685512471812,0.7773037664497413,0.3937831610235861,1.0,1.0,0.0,0.0,0.9213994498805367,1.0,0.8277209943811383,1.0,0.9045974442500535
gex_possorted_bam_1WGCZ:TTAAGGACAAACCTTGx-M2,0.9617814221650293,1.0,0.7401053424679034,0.9137749371690216,1.0,0.4912255184788383,0.10016647205797927,0.7609743638980587,0.45840148297738736,1.0,0.0,0.7896011353228338,0.734853403676872,0.36002177835418336,1.0,0.0,0.0,0.0,0.16115720636153708,0.4977333009927878,0.7544475095658756,0.8529182582676217,1.0,0.8539913865759305,0.20408313142321413,1.0,0.3447379265824675,0.5623782510769645,0.8813946391738767,0.9568904349621835,0.0,1.0,1.0,0.8834057891600424,0.15923976565471062,0.9223711851997142,0.1780087537997195,0.8225791633996825,0.8966476517837286,0.0,1.0,0.006601453733488984,0.48643714902985963,0.36714540604687707,0.9704617683909503,0.9420225349013093,0.03164183591173089,0.10471210738788611,0.7972769519877511,1.0,0.6486364375067452,0.8391922089877017,0.838204854630584
gex_possorted_bam_1WGCZ:TGTGGCTCAATTAACCx-M2,0.7908901542796689,1.0,1.0,1.0,1.0,0.5265790728837597,1.0,1.0,1.0,1.0,0.0,0.03525016325371563,1.0,0.7917094444534206,0.8340256833056142,0.0,0.0,0.0,0.4538574793533032,0.5508001393266789,0.2807171646721957,0.46218502622028956,1.0,0.13038835915942704,1.0,1.0,0.561112498250807,0.608170089509861,1.0,0.3450291234874964,0.0,1.0,1.0,1.0,0.2088072892834296,0.9203540136989188,0.0,1.0,1.0,0.1813384141821823,1.0,0.0,0.8106901604182093,1.0,0.47244238041768344,1.0,1.0,0.0,1.0,1.0,0.634170923615777,0.9457803894487327,0.535302209488801
gex_possorted_bam_1WGCZ:TGTTAGCAGACAACAGx-M2,1.0,0.8912479215161045,0.0,1.0,1.0,1.0,0.4755965204073897,1.0,0.6024920355777298,1.0,0.5185515417275461,1.0,0.8150146273880187,0.505236465170053,1.0,0.5659078296706502,0.26915112819786563,1.0,1.0,0.3856694601660844,1.0,1.0,1.0,1.0,0.6768603348062696,1.0,0.0,0.8243933213990631,0.7783619082013623,1.0,0.8911514654435162,0.8992129251348873,1.0,1.0,0.0,1.0,0.4799314052270684,1.0,1.0,0.0,1.0,0.4964200522198596,0.751501948196065,0.24698147284980698,1.0,1.0,0.10868283508111005,0.14320831278790017,0.9812805760354497,1.0,0.8796633758193556,1.0,0.5388324630546513
gex_possorted_bam_1WGCZ:TTACAGCAGTTACCGGx-M2,1.0,0.8672450784908013,0.4775164604167553,1.0,0.9270288248690749,0.6649254739076591,0.7088191792864771,1.0,0.49137977297355623,0.9939479044840533,0.0,1.0,1.0,0.2478439256658185,1.0,0.17924633198799003,0.0,0.0,0.597085889220604,0.865037610063897,1.0,0.9133617122085033,1.0,1.0,0.6106302451516026,1.0,0.0,0.912749213603021,1.0,0.9135899820151497,0.4075704184054655,1.0,1.0,1.0,0.0,1.0,0.3440673919599863,1.0,1.0,0.0,1.0,0.0,0.7594621790068257,0.4377082827583146,1.0,1.0,0.7100768124446805,0.0,0.964731971564625,1.0,1.0,0.9290032599213186,0.0655748120660477
gex_possorted_bam_1WGCZ:TGTTGTAAGGGTGGATx-M2,1.0,0.43690883368112315,0.2479094660348358,1.0,1.0,1.0,0.6713568744471025,1.0,0.7126617555862467,0.8056649793781266,0.0,0.8568581334022654,1.0,0.3487095959407202,1.0,0.29338637546305524,0.0,0.3525767293143575,1.0,0.5059489494451234,1.0,1.0,1.0,1.0,0.6572218663825592,0.9359103128677496,0.0,1.0,1.0,1.0,0.552040869029614,0.993231392138834,1.0,1.0,0.0,1.0,0.23926124607501723,1.0,1.0,0.0,1.0,0.47639226843206317,0.4838223971726243,0.0,1.0,1.0,0.38090033005621704,0.22414827980828303,0.996501879246524,0.9189703538741637,1.0,1.0,0.5662931474885436
gex_possorted_bam_1WGCZ:TGTGTTAAGGAACACAx-M2,1.0,0.8737814106999929,1.0,1.0,1.0,0.807024953457149,0.0,1.0,0.841051893089943,1.0,0.0,1.0,0.9352512518148026,0.7549361900637016,1.0,0.09704407460092374,0.0,0.0,0.3886449695723102,0.5003806433160662,0.7682555295526727,0.8846400167221781,1.0,1.0,0.2954839459940653,1.0,0.0,1.0,0.5930125900003149,1.0,0.0,1.0,1.0,1.0,0.0,1.0,0.0,1.0,1.0,0.0,1.0,0.08674101998441276,1.0,1.0,0.9783374771508286,1.0,1.0,0.0,1.0,1.0,1.0,1.0,0.25829901311717374
gex_possorted_bam_1WGCZ:TTAACTGAGGGATGACx-M2,0.1344693852615825,1.0,1.0,0.9147503936133349,0.0,0.0,1.0,0.8667731835709814,1.0,0.878554104213004,0.0,1.0,1.0,1.0,0.23590864206604448,1.0,0.0,0.0,1.0,0.0,0.0,0.0,0.0,0.0,1.0,1.0,1.0,1.0,1.0,0.735036070426999,1.0,0.13921687069311084,0.0,0.8259483092703279,1.0,0.31225763436830223,1.0,0.11437073189253677,0.13935514631871815,1.0,0.2617314228219502,1.0,1.0,1.0,0.12933710308535068,0.5464203140714273,1.0,1.0,1.0,0.6694216102590693,1.0,0.9483262926444049,0.0
gex_possorted_bam_1WGCZ:TTAATCGAGTGAACGAx-M2,1.0,0.3417417912218366,0.0,0.812394771672042,0.9631102733030995,1.0,0.6344336992074027,0.9421932405621255,0.22949708760090068,0.9270807753791045,0.3650482463249495,1.0,0.7872798574335753,0.4405555858859502,0.7604590941258892,0.1643236594070939,0.21223886212742887,0.8357721090154463,0.8948936883829057,0.6970202492771314,0.8890965871482774,1.0,0.8468871367283102,1.0,0.4711801740886987,0.8218601805667588,0.14639283137971695,0.781061268948591,1.0,0.7294531472528792,0.039100043105880646,1.0,0.9111703846968031,1.0,0.008659993037493974,1.0,0.2848010361334337,0.9979663232371094,0.8846600493249662,0.1701117062400738,1.0,0.013454449329080772,0.6098466090904959,0.0,1.0,0.8445613275610379,0.0,0.0,0.7162310196652808,0.9080695046195669,0.5879259657566803,0.9087838814530163,0.8564604813856322
gex_possorted_bam_1WGCZ:TTAAAGGCACCTGCTCx-M2,1.0,0.7700430837079254,0.7281265920297538,1.0,1.0,0.3969617444378654,0.0,1.0,0.5415059691150926,1.0,0.0,1.0,0.8619568906501929,0.32918596729771465,1.0,0.02824654311370229,0.0,0.0,0.530342262886075,0.6468473933254447,0.9934087192280924,0.873475575670292,1.0,1.0,0.05755657097350526,1.0,0.0,0.8056446433306176,0.71285495765744,1.0,0.0,1.0,1.0,1.0,0.0,0.9766256831564707,0.0,1.0,1.0,0.0,1.0,0.0,0.8553656550296646,0.3601856472220573,0.9601166942686287,1.0,0.8231378201523408,0.0,1.0,1.0,1.0,0.9447421882056267,0.0
gex_possorted_bam_1WGCZ:TGTGGAGCACAACCTAx-M2,1.0,1.0,0.8192185303844672,1.0,0.4002640857952321,0.9958869612538278,1.0,1.0,0.5945371091080063,1.0,0.0,1.0,0.9903750120956819,0.8867987876456667,1.0,0.9704814547318515,0.0,0.0,0.6562919096467613,0.6522174343237628,1.0,0.8326983539890099,0.9453267613522128,1.0,1.0,0.9978853220167944,0.0,1.0,1.0,0.8088892345685121,1.0,0.9592559240061681,1.0,1.0,0.0,1.0,0.7912595957713078,1.0,1.0,0.7236798361913824,1.0,0.42302305884167357,1.0,0.8803002582096341,1.0,1.0,0.6797439377529181,0.0,1.0,1.0,1.0,1.0,0.527764046642999
gex_possorted_bam_1WGCZ:TTAACCAAGGCTATGTx-M2,1.0,0.9873355793113073,1.0,1.0,1.0,0.4392477107384114,0.0,1.0,0.8641586954961115,1.0,0.0,1.0,0.8231469625711186,0.37421884362132507,1.0,0.0,0.0,0.0,0.24560700149791356,0.0,0.5485616502380084,0.6255039726491164,1.0,0.8355128248984927,0.29954318429931714,1.0,0.0,0.7116012793349583,0.440301780349706,1.0,0.0,1.0,1.0,1.0,0.0,0.8931024640245966,0.027253452452231416,1.0,1.0,0.0,1.0,0.0,0.9876776031145246,0.40546564331562174,0.8853420138568601,1.0,1.0,0.0,1.0,1.0,1.0,0.9754816365807998,0.0
gex_possorted_bam_1WGCZ:TGTTTGTTCTTCAATCx-M2,1.0,1.0,0.0,1.0,0.9198710651589972,1.0,0.5988942563325539,1.0,0.6931835702527634,1.0,0.0,0.6106943785008786,0.6942558130721598,0.35887247653805837,1.0,0.016683294423010697,0.0,0.0,0.7653174191091194,0.6615872466630801,1.0,1.0,1.0,1.0,0.7357983886891698,0.8743551273251607,0.0,0.8085992298869555,0.8361542200091697,1.0,0.9627712373185606,1.0,1.0,1.0,0.0,1.0,0.3443282272521704,1.0,1.0,0.23035701806846606,1.0,0.181791414062842,0.8156628492315892,0.2567496020826327,1.0,1.0,0.150567204245669,0.0,0.9297310262641583,0.906238395823813,1.0,1.0,0.9659536993268315
gex_possorted_bam_1WGCZ:TTACGTTTCGAAGTAGx-M2,1.0,0.8203956760807579,1.0,1.0,1.0,0.6244294183339986,0.38968770454412,1.0,0.4355907053365247,1.0,0.0,0.4471922388661337,0.9514332099725502,0.5603473751961358,1.0,0.0,0.0,0.0,0.7025952384755152,0.7371671999765361,1.0,0.8802002293847645,1.0,1.0,0.48712066261289544,1.0,0.0,1.0,0.5624272965010026,1.0,0.0,1.0,1.0,1.0,0.0,1.0,0.06214982092540473,1.0,1.0,0.0,1.0,0.06119384260519357,0.8125787210242026,0.2595245897819763,1.0,1.0,0.3156577285039318,0.0,1.0,1.0,1.0,0.9517072342388075,0.0
gex_possorted_bam_1WGCZ:TGTGTGAGTGCTGGTGx-M2,0.011679462421311081,1.0,1.0,0.8212434185637695,0.0,0.3722603200257452,1.0,0.657332155223079,1.0,0.7886330293825874,0.9020210079409585,1.0,1.0,1.0,0.10687363780446026,1.0,1.0,1.0,1.0,0.0,0.0,0.0,0.0,0.0,1.0,1.0,1.0,1.0,1.0,0.7352368254047513,1.0,0.0,0.0,0.7473242695311324,1.0,0.20127324152196568,1.0,0.10528628600606965,0.03646040375830569,1.0,0.305556178233962,1.0,1.0,1.0,0.0033456829093040184,0.4306933783881353,1.0,1.0,1.0,0.3067240648700635,1.0,0.75514981459786,0.0
gex_possorted_bam_1WGCZ:TTAAGGTGTATTGTCCx-M2,1.0,0.7927740723620316,1.0,1.0,1.0,0.7155739484169968,0.0,1.0,1.0,1.0,0.0,1.0,1.0,0.6159697099397348,1.0,0.20703489043709652,0.0,0.0,0.0,0.40619427656355755,0.1520461762411216,0.6911220016909494,1.0,0.5928076464975318,0.6903304215379334,1.0,0.0,1.0,0.7077729885438959,1.0,0.0,1.0,1.0,1.0,0.0,1.0,0.0,1.0,1.0,0.0,1.0,0.0,1.0,0.873499147963506,1.0,1.0,1.0,0.0,1.0,1.0,1.0,1.0,0.8427750256066079
gex_possorted_bam_1WGCZ:TTAAAGGCAGTAATAGx-M2,0.3657426017480035,1.0,1.0,1.0,0.5036356535567905,0.29805688166864297,1.0,0.7467022471501096,1.0,0.9776598957349508,0.09793459085109085,1.0,1.0,1.0,0.4635671321019983,1.0,0.39546543299239534,0.42048906674538106,1.0,0.0,0.0014542896282441096,0.0,0.1107227473759065,0.0,1.0,1.0,1.0,1.0,1.0,1.0,1.0,0.13789475585290853,0.17020529543525548,0.9252550383657469,1.0,0.5184164432884236,1.0,0.5390356443635373,0.5647020204172565,1.0,0.5485084628741621,1.0,1.0,1.0,0.42181284445865114,0.7547045426662745,1.0,1.0,1.0,0.6390404891897365,1.0,1.0,0.26912709428002296
gex_possorted_bam_1WGCZ:TTAAAGGCAATATACCx-M2,0.06452520256088674,1.0,1.0,1.0,0.0,0.0,1.0,0.8865101834279159,1.0,0.9775100798162368,0.0,1.0,1.0,1.0,0.22537048755131386,1.0,0.0,0.0,1.0,0.0,0.0,0.0,0.0,0.0,1.0,1.0,1.0,1.0,1.0,0.5610408753156232,1.0,0.20324030668560217,0.0,1.0,1.0,0.2772142501456571,1.0,0.013079101491577401,0.0,1.0,0.05356662755561882,1.0,1.0,0.6924050820017377,0.0,0.49973245342956957,1.0,1.0,1.0,0.5702948754775043,1.0,1.0,0.5542084381077294
gex_possorted_bam_1WGCZ:TTACCGTGTGACCTGGx-M2,1.0,0.8468274639857387,0.0,0.9963986136045745,1.0,1.0,0.22980933346532978,0.9707085944153445,0.3793581147065762,0.9784468824599786,0.5626205932778114,0.9090013714190985,0.735256410696959,0.745029353431016,1.0,0.07273867274677938,0.28133391412575837,0.8447594530229093,1.0,0.28418585632790994,1.0,1.0,1.0,1.0,0.33672337337675434,0.9373871115478661,0.0,0.8362828971338546,0.522906716990633,1.0,0.5960108318078093,1.0,1.0,1.0,0.0,1.0,0.0,1.0,1.0,0.0,1.0,0.4848101117572421,0.47812916870650674,0.0,1.0,1.0,0.0,0.0,0.8661324593053614,1.0,0.7767583780211912,1.0,0.609615235892787
gex_possorted_bam_1WGCZ:TGTGTGAGTCCCGGAAx-M2,0.8668084836188935,1.0,1.0,0.9571560784017182,0.1971861177011562,1.0,1.0,1.0,0.6537240506753783,1.0,0.0,1.0,0.9345815398238285,1.0,1.0,1.0,0.0,0.0,0.5498628802760176,0.5779340647559789,0.8192357667670208,0.6663664710101108,0.8422599521551212,1.0,1.0,0.9744287254996254,0.0,1.0,1.0,0.7281573470024126,1.0,0.9115743786569505,0.8444916609512816,1.0,0.0,1.0,0.9475804356376513,0.9594029170884472,0.9887991565477712,1.0,0.9519352469818685,0.5696632975477196,1.0,1.0,1.0,1.0,0.6951573540639858,0.0,1.0,1.0,1.0,0.9868094818566303,0.6834332159457722
gex_possorted_bam_1WGCZ:TTAAGGTGTGCAATGCx-M2,1.0,0.9704481586472502,0.5974899720284791,1.0,1.0,0.6080678486118803,0.0,1.0,0.6366342922517674,1.0,0.0,1.0,0.9412462730843886,0.5765438913645933,1.0,0.16088504960596617,0.0,0.0,0.5027613780012589,0.5092745667693831,0.8798030725404852,0.8994292566610678,1.0,1.0,0.28486952094585544,1.0,0.0,0.9974359299671869,0.7670371778783894,1.0,0.0,1.0,1.0,1.0,0.0,0.9993833226134283,0.22555235870489912,1.0,1.0,0.0,1.0,0.2802136448569898,0.9152753858188372,0.4833610972005014,0.8698615300126082,1.0,0.8073221618915744,0.021772007581949554,1.0,1.0,1.0,0.9329657250744032,0.10250205387841847
gex_possorted_bam_1WGCZ:TTAAGCCAGGGTCCACx-M2,1.0,1.0,0.11829210882887295,1.0,1.0,1.0,0.7142508701844315,1.0,0.5734054332948427,1.0,0.13300706867189976,0.8149120850439645,0.9401788018083476,0.38487241251424514,1.0,0.3114816019091729,0.0,0.5377518799178678,1.0,0.7552951213564151,1.0,1.0,1.0,1.0,0.843544159730663,0.969408566009499,0.0,1.0,1.0,1.0,1.0,1.0,1.0,1.0,0.0,1.0,0.056078711791804875,1.0,1.0,0.014709210239432563,0.9777850611920655,0.08266051517941461,0.8780103245959711,0.5439654452057112,1.0,1.0,0.17105537334212018,0.0001368867746709046,0.9934029576901092,1.0,1.0,1.0,1.0
gex_possorted_bam_1WGCZ:TGTTAGCAGACTTATGx-M2,1.0,1.0,0.10113196981091997,1.0,1.0,1.0,0.5248427640244129,1.0,0.4231937524506721,1.0,0.7158340302620371,0.8896360137591888,0.9779688907724821,0.5344272899193382,1.0,0.5120965778812461,0.32837965765434896,1.0,1.0,0.8570061000761551,1.0,1.0,1.0,1.0,0.8913307527591158,1.0,0.0,1.0,1.0,1.0,1.0,1.0,1.0,1.0,0.0,1.0,0.25752295230610706,1.0,1.0,0.0,0.7368129995630363,0.09881983513832468,0.7798509536426396,0.4036336235094399,1.0,1.0,0.3756369652263201,0.0,1.0,1.0,1.0,1.0,1.0
gex_possorted_bam_1WGCZ:TGTTATGAGCCTAACGx-M2,1.0,1.0,0.39587374755812876,1.0,1.0,1.0,0.4113800195976249,1.0,0.7695016918593001,1.0,0.2574671809124123,0.803663085784667,1.0,0.49858635213404856,1.0,0.3559916509305043,0.0,0.8926417081905903,1.0,0.8001308787455428,1.0,1.0,1.0,1.0,0.6800331319935158,1.0,0.0,1.0,0.9372026169036949,1.0,0.624893066947955,1.0,1.0,1.0,0.0,1.0,0.0,1.0,1.0,0.0,1.0,0.05893659671243492,1.0,0.10786855857939996,1.0,1.0,0.21218994973123562,0.0,1.0,1.0,1.0,1.0,1.0
gex_possorted_bam_1WGCZ:TTACGTTTCGGTTCCTx-M2,1.0,1.0,0.0,1.0,1.0,1.0,0.4137486673569313,1.0,0.28706497100904693,1.0,0.44225659956068286,0.43268526482927094,1.0,0.07903857444652745,1.0,0.06150828340429204,0.1694134115010525,0.9653015651469409,1.0,0.8290035881843091,1.0,1.0,1.0,1.0,0.9076367918001349,0.9432262634487869,0.0,0.884645633848429,0.9566087001438878,1.0,1.0,0.8493532232745236,1.0,1.0,0.023736783981122635,1.0,0.007240479917491585,1.0,1.0,0.0,0.6955161811703845,0.04533864370025669,0.5704024781306635,0.6143487596203253,1.0,1.0,0.0,0.0,0.9489081470846019,1.0,0.9103368789803236,1.0,1.0
gex_possorted_bam_1WGCZ:TTACCGTGTCAAAGGGx-M2,0.9295414397616072,0.8749690783588939,0.0,0.8330337088548123,1.0,0.46633938421833915,0.8918676685889088,0.9529736521062858,0.8914060045210943,0.6550036817202919,0.0,1.0,0.9671588493921006,0.8016599911644099,0.6713088054168944,0.2846078886328787,0.0,0.0,0.3663111281935589,0.9139137042026912,0.37782661441859583,0.595553627695875,0.8218787940798155,0.861401911478622,0.4683167110641379,1.0,0.4221096354404577,0.8238636083284467,1.0,0.47889107056584806,0.0,1.0,0.9919250551078225,1.0,0.057623112652605515,0.9130705853399602,0.8216868810098353,0.939860921218107,0.882629788212997,0.4490595832162282,1.0,0.08332653661908676,0.7360727775526132,0.0,1.0,0.8099899508680399,0.4577942063717717,0.06252952946197173,0.7405763301541748,1.0,0.9556820335891502,0.7301607220660189,1.0
gex_possorted_bam_1WGCZ:TGTGCTGAGCACGTTGx-M2,0.05538715521361696,1.0,1.0,0.9211193355716679,0.0,0.9571787647232664,1.0,0.8007902272082206,1.0,0.5554816788266248,1.0,1.0,1.0,1.0,0.024488288644982183,1.0,1.0,1.0,1.0,0.0,0.0,0.0,0.0,0.0,1.0,1.0,1.0,1.0,1.0,0.9685066967931193,1.0,0.0,0.0,0.8198456351094406,1.0,0.23226327995761792,1.0,0.08045585015826236,0.052448129253646884,1.0,0.027983506186968172,1.0,1.0,1.0,0.06312360349657775,0.5286938689456713,1.0,1.0,1.0,0.4477547859268506,1.0,0.9692726476357365,0.0
gex_possorted_bam_1WGCZ:TGTGGCTCACGTGCTGx-M2,0.03303304608671241,1.0,1.0,0.9950983630540313,0.0,1.0,1.0,0.5720934889325598,1.0,0.5282392018173526,1.0,1.0,1.0,1.0,0.19452398637715557,1.0,1.0,1.0,1.0,0.0,0.0,0.0,0.0,0.0,1.0,1.0,1.0,1.0,1.0,1.0,1.0,0.036040525454555786,0.0,0.7041669240742999,1.0,0.22045326524707307,1.0,0.18990899860037988,0.06711989987923658,1.0,0.18030799153627758,1.0,1.0,1.0,0.005886919128426869,0.5142658972627422,1.0,1.0,1.0,0.4693384902642958,1.0,0.940539419814047,0.0
gex_possorted_bam_1WGCZ:TGTTGCACACCTAAGCx-M2,0.029447699082106513,1.0,1.0,0.9712599278746127,0.11274726126124757,0.0,1.0,0.7527136405987065,1.0,0.9572895017121493,0.014119489726806793,1.0,1.0,1.0,0.06596591918044817,1.0,0.39362416010477114,0.0,1.0,0.0,0.0,0.0,0.0,0.0,1.0,1.0,1.0,1.0,1.0,0.7979279056408249,1.0,0.03249806878770153,0.0,1.0,1.0,0.34590055100522654,1.0,0.0,0.0,1.0,0.15663670818690303,1.0,1.0,0.49732918959689637,0.0,0.6153140032762593,1.0,1.0,0.964448763483113,0.7663587177914035,1.0,1.0,0.0
gex_possorted_bam_1WGCZ:TTAAGTGTCACAAGCTx-M2,0.07704367741754255,1.0,1.0,0.9956366074042917,0.26235579327137626,0.0,1.0,0.7745848923099382,1.0,1.0,0.0,1.0,1.0,1.0,0.30336661122853353,1.0,0.0,0.0,1.0,0.0,0.0,0.0,0.0,0.0,1.0,1.0,1.0,1.0,1.0,0.807587828029105,1.0,0.23228806984780268,0.0,0.8314953553236349,1.0,0.25538562070446036,1.0,0.04326151204405647,0.11890549650845934,1.0,0.2831599424185946,1.0,1.0,0.8415157494673406,0.025508293207744524,0.5802504775732065,1.0,1.0,1.0,0.8692903270713579,1.0,1.0,0.24338596584442346
gex_possorted_bam_1WGCZ:TGTTACTTCGCCTGTTx-M2,1.0,1.0,0.0,0.8160776906470941,1.0,0.8339381329497844,0.3487376556471675,0.8868677094391174,0.1918725070309097,0.9726531596403177,0.0,0.6080079204250278,0.6089240223943383,0.24765619251542728,0.8098144509787418,0.0,0.0,0.0,0.444946123916469,0.21474857768174005,1.0,1.0,1.0,1.0,0.257785503388495,0.7293928903129941,0.18045511262226585,0.5275777288500352,0.8388643838672378,0.8722776748566948,0.33923937879454025,0.8262481675890863,0.9682058460430969,0.838404194815332,0.043394140543561936,1.0,0.2991703379437926,0.8803811954123457,0.8815919524106602,0.0,1.0,0.401988997549597,0.37177894778774007,0.09032259399241264,1.0,1.0,0.08868844194489738,0.13543870505284453,0.6659116636549721,1.0,0.6378366086558831,0.8961507324506888,1.0
gex_possorted_bam_1WGCZ:TTAACCAAGTGGCGGAx-M2,1.0,1.0,0.0,1.0,1.0,1.0,0.7863170392460807,1.0,0.8427797753772311,1.0,0.08635413012815149,0.7288886571542063,0.9448810578278568,0.6509500641076875,1.0,0.31104796278049185,0.0,0.7746624570095713,1.0,0.6503508658852383,1.0,1.0,1.0,1.0,0.8329159724574726,0.989579534304596,0.0,1.0,1.0,1.0,1.0,1.0,1.0,1.0,0.0,1.0,0.1469779564645712,1.0,1.0,0.0,0.8974189626426261,0.6218205902408197,0.8974627155040659,0.4501992929627539,1.0,1.0,0.39617610112463736,0.03912894078687594,1.0,1.0,1.0,1.0,1.0
gex_possorted_bam_1WGCZ:TTAAGGTGTAGCTAGCx-M2,0.024976443701624013,0.688673592660193,1.0,0.42290833476371065,0.0,0.0,1.0,0.20117156846099382,1.0,0.28731355385273355,1.0,1.0,1.0,1.0,0.0,1.0,1.0,0.23958197592779565,1.0,0.0,0.0,0.0,0.0,0.0,1.0,0.5673955482083388,1.0,1.0,0.5570559987664772,0.6806449639248388,1.0,0.0,0.0,0.32803916677307426,1.0,0.0,1.0,0.0,0.0,1.0,0.2714845012358323,1.0,1.0,1.0,0.0,0.27372460027210926,1.0,1.0,0.5139119194564157,0.2403268254806594,0.9647897446211767,0.4638229309360946,0.0
gex_possorted_bam_1WGCZ:TTACCTGTCGCACAATx-M2,0.9511202294183998,0.47698197594345315,0.0,0.8123105817056213,0.7966581653431835,1.0,0.4216013592095028,0.8504555906819293,0.4100666994054893,0.7820217629596511,0.48805429919563253,0.5641839851960588,0.6207094920474066,0.5659458554054676,0.9092404707064984,0.10950887154009098,0.2958144927565707,0.8719181027002375,0.9146322861535687,0.38573056266082845,1.0,1.0,0.8417877675768397,1.0,0.5288511075036212,0.687664387021074,0.0,0.710939464834283,0.7441542825296775,0.7992602090615046,0.44682246996769776,0.9592518661695711,0.8320644445277202,0.9140468490457002,0.01435422880840956,1.0,0.24878374673593687,0.8869143616387758,0.861841519145978,0.16368168134869526,0.7053973250825232,0.1337539528056036,0.4807240029209761,0.0,1.0,0.8320816492994745,0.0,0.24563230922880736,0.7081843019482565,0.7406568542927294,0.6348398114923174,0.8704856922667127,1.0
gex_possorted_bam_1WGCZ:TGTTAGCAGGCAATAGx-M2,0.03094758942704287,1.0,1.0,0.8629062165879798,0.0,0.0,1.0,0.6958853987930049,1.0,0.5685118493988914,0.0913473627656789,1.0,1.0,1.0,0.08521103910344326,1.0,0.13536773197635804,0.0,1.0,0.0,0.0,0.0,0.0,0.0,1.0,1.0,1.0,1.0,1.0,1.0,1.0,0.0,0.0,0.792200222884289,1.0,0.1404943780483485,1.0,0.0585933398534674,0.04349042475825476,1.0,0.09710065832692667,1.0,1.0,1.0,0.0,0.5138644018768687,1.0,1.0,1.0,0.6358224727454054,1.0,0.9488291106564537,0.0
gex_possorted_bam_1WGCZ:TGTGCTGAGTAGCGCCx-M2,1.0,1.0,0.0,1.0,1.0,1.0,0.33667349667401214,1.0,0.7079608842412705,1.0,0.4998215039364155,0.7710536529908116,1.0,0.43268228924053215,1.0,0.2394623556882046,0.1475359399672451,0.936318067671563,1.0,0.7556012273875364,1.0,1.0,1.0,1.0,0.7988986160021885,0.9768616054628719,0.0,0.9334463413749838,0.9700067827169773,1.0,1.0,1.0,1.0,1.0,0.0,1.0,0.04098309615573664,1.0,1.0,0.0,0.825722590346835,0.08748233798177858,0.7141413449384366,0.14108492191484848,1.0,1.0,0.279629218927529,0.0858992145725164,0.9578538334604295,1.0,1.0,1.0,1.0
gex_possorted_bam_1WGCZ:TGTGTTAAGTAACCCGx-M2,1.0,1.0,0.04127528609420681,1.0,1.0,1.0,0.8468242299270885,1.0,0.17104408628832707,1.0,0.9385368143152224,0.10041456393851395,0.8390152569464199,0.6309166466695787,1.0,1.0,0.6873955490317014,1.0,1.0,0.8093777823058823,1.0,1.0,1.0,1.0,0.9195263515461388,1.0,0.0,1.0,1.0,1.0,1.0,0.981488406093785,1.0,1.0,0.0,1.0,0.0,1.0,1.0,0.09113262736337488,0.8876416492674117,0.537845265097031,1.0,1.0,1.0,1.0,0.11527207980423997,0.0,1.0,1.0,0.5887401892257681,1.0,1.0
gex_possorted_bam_1WGCZ:TTAACTGAGGAGTCGGx-M2,1.0,1.0,0.6395537882084404,1.0,0.738071274036577,0.9585649535324408,1.0,1.0,1.0,1.0,0.0,1.0,0.774327656950582,1.0,1.0,0.48635436155757034,0.0,0.0,0.4059078053713153,0.4874371660145835,0.9934298537277508,0.8775949706596382,0.9924316989676493,0.9902145621552176,1.0,1.0,0.0,1.0,0.8754390374249695,1.0,1.0,1.0,1.0,1.0,0.0,1.0,0.8399312245285863,1.0,1.0,0.701936000660351,1.0,0.8730887067095351,1.0,0.926515732072173,1.0,1.0,0.7309231290943812,0.0,1.0,1.0,1.0,1.0,1.0
gex_possorted_bam_1WGCZ:TGTTGCACATGCATATx-M2,1.0,0.9513314352795998,0.0,1.0,0.9835461359663624,1.0,0.7025421326753031,1.0,0.49885483211584664,1.0,0.0,0.7517057298254479,1.0,0.4856197658059988,1.0,0.23930946203140024,0.0,0.5654482277408835,0.9747255721632714,0.8801526849523122,1.0,1.0,1.0,1.0,0.7384656575992257,0.9002154510277308,0.0,1.0,0.9234637544406866,1.0,0.8666567058164322,1.0,1.0,0.9783879583052141,0.0,1.0,0.27118488143149,1.0,1.0,0.08188676224209746,1.0,0.2561183336855275,0.7423174023342436,0.3999267610491362,1.0,1.0,0.2085279827425348,0.25086817912956355,0.9493137754837091,1.0,1.0,1.0,1.0
gex_possorted_bam_1WGCZ:TGTGTGAGTCCTAACTx-M2,1.0,1.0,0.03480528839265228,1.0,0.7606938734644454,1.0,1.0,1.0,0.41421692676806215,1.0,0.0,1.0,1.0,0.49346167042674016,1.0,0.39569324687800894,0.0,0.0,0.6627764575944266,0.804077187523489,1.0,1.0,1.0,1.0,0.9553672096787171,0.9690318420901274,0.0,1.0,1.0,1.0,1.0,1.0,1.0,1.0,0.0,1.0,0.42753026585936715,1.0,1.0,0.17335502900792638,1.0,0.27927248374243235,0.7731768856878192,1.0,1.0,1.0,0.5413217887800102,0.0,1.0,1.0,1.0,1.0,0.8495441900351255
gex_possorted_bam_1WGCZ:TGTGTGAGTGTTGTAGx-M2,0.03165539239653892,1.0,1.0,0.739964977059899,0.0,0.0,1.0,0.6176490545601325,1.0,0.5294998917138001,0.31794300765215466,1.0,1.0,1.0,0.07902722553678772,1.0,0.4533367287083142,0.0,1.0,0.0,0.0,0.0,0.0,0.0,1.0,1.0,1.0,1.0,1.0,0.7271796475864348,1.0,0.0,0.0,0.5250310481083975,1.0,0.14654924631197946,1.0,0.11794362335462327,0.08967659251088098,1.0,0.1989861438828917,1.0,1.0,1.0,0.07656126167565426,0.45141001604892883,1.0,1.0,0.9393482583761439,0.32451417210528327,1.0,0.7845786445225718,0.0
gex_possorted_bam_1WGCZ:TGTTGTTTCGCTATAAx-M2,1.0,1.0,0.0,1.0,0.7605768913291335,1.0,0.7895944841071058,1.0,0.995017676971684,0.7938691101899578,0.18414363392661487,0.7465217159927311,0.9844188694431473,0.720663217589839,1.0,0.09286165918116353,0.03346541010463705,0.5442234789091149,1.0,0.5438856110944377,1.0,1.0,0.9829330096054235,1.0,0.9355359396251028,0.946804993148517,0.0,1.0,1.0,0.6100101584709762,1.0,1.0,1.0,1.0,0.0,1.0,0.44763802301919414,1.0,1.0,0.2579034975037002,1.0,0.4524577764005713,0.6947125001820783,0.18108212050509037,1.0,1.0,0.3332460821921006,0.527203350405356,0.8817694560217983,0.9849765556562611,1.0,1.0,1.0
gex_possorted_bam_1WGCZ:TGTTGTAAGGGTCTATx-M2,1.0,1.0,0.00675431732306644,1.0,0.513986573410639,0.7410534893161462,1.0,1.0,1.0,1.0,0.0,1.0,1.0,0.5712465093074431,1.0,0.44261712810083753,0.0,0.0,0.5735600403948438,1.0,1.0,0.8355971131001363,0.9980893312296543,1.0,1.0,0.9968628502982886,0.0,1.0,1.0,0.8228059996909565,0.992601641718652,1.0,1.0,1.0,0.033104188391523084,1.0,0.7391198914985804,1.0,1.0,0.38858058832644876,1.0,0.4057521745962274,0.7430336739206742,0.7055519933414554,1.0,1.0,0.8001349683103257,0.030357789746973757,1.0,1.0,0.9602700212421921,0.9800711890227807,0.738422806102568
gex_possorted_bam_1WGCZ:TGTGGCTCAGTTAAAGx-M2,1.0,1.0,0.051185116126786126,1.0,1.0,1.0,0.388863936500781,1.0,0.3834935440443528,0.9054685878627861,0.08776035785972815,1.0,1.0,0.19458165218024498,1.0,0.06181276199853371,0.0,0.49030318166470394,1.0,0.942275199610702,1.0,1.0,1.0,1.0,0.6310908004965657,1.0,0.0,1.0,1.0,1.0,0.5662060292346032,1.0,1.0,1.0,0.0,1.0,0.03971767011190041,1.0,1.0,0.0,1.0,0.05447107978904764,0.8389824149403105,0.4704264495232487,1.0,1.0,0.33295156352924965,0.0,1.0,1.0,1.0,1.0,0.9283959135630782
gex_possorted_bam_1WGCZ:TGTTCCTCACAGAAACx-M2,0.9353931798823667,0.705051423840518,0.0,0.8351985446027443,0.9576934329023983,1.0,0.3256151665923573,0.8343835077987206,0.4187362853159444,0.8746303089272547,0.5145018982008709,0.4685069030449753,0.7650252817905075,0.541157969923464,0.9424368485377255,0.3701756520995148,0.35524320866844333,0.944885821135459,0.8924205440235427,0.7241936462736022,1.0,1.0,0.8200243178147578,1.0,0.6977763758468699,0.716673397607681,0.09981078303590403,0.6582041724716609,0.44453879843252136,0.7582391361550932,0.5247362337631173,1.0,0.8725720018744859,0.7625204245742013,0.06633520203192195,1.0,0.0,0.8320539320552709,0.7983194917956624,0.04530343132666798,0.8230461637761955,0.16222320524532896,0.6846406272506874,0.0,1.0,0.7744632971525798,0.21372639939855723,0.23004641020918717,0.6469366991085587,0.9099993022496627,0.6854831613227014,0.8769375916733478,1.0
gex_possorted_bam_1WGCZ:TTAACCAAGTTATCCTx-M2,0.07499766133017473,1.0,1.0,0.6724011219027319,0.0,0.14886240070940243,1.0,0.364506308951796,1.0,0.6761434092509763,0.9133235525483829,1.0,1.0,1.0,0.21438311582855513,1.0,1.0,0.5495473160362826,1.0,0.0,0.0,0.0,0.0,0.0,1.0,0.8260867432170748,1.0,1.0,1.0,0.828697299902858,1.0,0.0,0.0,0.466587695680538,1.0,0.07760116637583281,1.0,0.030415899011744053,0.06997706424691659,1.0,0.24769416744011613,1.0,1.0,1.0,0.0,0.43913718608055174,1.0,1.0,0.8255754599264731,0.4175426610369419,1.0,0.6456258758828044,0.0
gex_possorted_bam_1WGCZ:TGTGGCTCAGGAAGCCx-M2,0.04751882574913874,1.0,1.0,0.9153116242519521,0.05923624613872585,0.5032018918072811,1.0,0.6353985292111252,1.0,0.5648344636024525,1.0,1.0,1.0,1.0,0.09230501800059981,1.0,1.0,1.0,1.0,0.0,0.0,0.0,0.0,0.0,1.0,1.0,1.0,1.0,1.0,0.9579457316463089,1.0,0.026919433647445628,0.0,0.6755948145795536,1.0,0.21247508332543033,1.0,0.18569672380329533,0.11627047590780148,1.0,0.23142963349042034,1.0,1.0,1.0,0.05021323573532213,0.5466411575217882,1.0,1.0,1.0,0.33734361072770613,1.0,0.9110623562624129,0.0
gex_possorted_bam_1WGCZ:TGTTGGCCAAGTAAGCx-M2,1.0,0.9933932816635379,0.0,1.0,1.0,1.0,0.65047576069369,1.0,0.29091981630011615,0.7706185727742767,0.0,0.9158144512532779,0.9526666106776525,0.36999462666692884,1.0,0.3302106344332912,0.0,0.6291170490541499,0.8983423529207396,0.668984752552569,1.0,1.0,1.0,1.0,0.5765770066476541,0.9121990131336197,0.0,1.0,1.0,0.8905862572341527,0.2925064597548695,1.0,1.0,1.0,0.0,1.0,0.306488563351853,1.0,1.0,0.0,1.0,0.2625396809878367,0.6865206060413999,0.0,1.0,1.0,0.5162655020812592,0.027923969937227684,0.8872571320159811,0.8387114481109488,1.0,0.9768364775457575,1.0
gex_possorted_bam_1WGCZ:TGTTCCTCATGGAGGCx-M2,0.052745971507307164,1.0,0.8343587336222228,0.8775581064368267,0.0,0.10574500614051249,1.0,0.714976098240658,1.0,0.41666949897474487,0.8380805481032417,1.0,1.0,1.0,0.0756129793985891,1.0,0.9787208117675363,1.0,1.0,0.0,0.0,0.0,0.0,0.0,1.0,1.0,1.0,1.0,1.0,0.8375574602569243,1.0,0.17922053832999044,0.0,0.5356593301488146,1.0,0.22501249003448248,1.0,0.1456669760678521,0.10530858901310951,1.0,0.18086998728460574,1.0,1.0,1.0,0.15163515282129325,0.47882933245485987,1.0,1.0,0.9918112165400981,0.4093117038502198,1.0,0.8579441846485923,0.0
gex_possorted_bam_1WGCZ:TGTGTGAGTGATTACGx-M2,0.5406812990181514,0.7059822874468632,1.0,0.7007881783452408,0.5027773355448767,0.0,1.0,0.7271526235255398,1.0,1.0,0.0,0.8724721546716673,1.0,1.0,0.57432309565271,1.0,0.0,0.0,1.0,0.0,0.2583924842420788,0.0,0.6225048832287262,0.0,1.0,1.0,1.0,1.0,1.0,1.0,1.0,0.0,0.5388383021508126,0.6021155500165283,1.0,0.6771328335284014,1.0,0.6756727922341482,0.5409155882107276,1.0,1.0,1.0,1.0,1.0,0.11309393875253279,0.7946557811692843,1.0,1.0,0.8346008360885234,0.7818339592807841,1.0,0.6907160692052869,1.0
gex_possorted_bam_1WGCZ:TGTTTGTTCTCAATTCx-M2,0.056390980870669724,1.0,1.0,0.9691406135706321,0.0,0.5501824100351276,1.0,0.6465554885601204,1.0,0.5344059246634563,1.0,1.0,1.0,1.0,0.10338929068034797,1.0,1.0,1.0,1.0,0.0,0.0,0.0,0.0,0.0,1.0,1.0,1.0,1.0,1.0,0.9913586157280251,1.0,0.0,0.0,0.7658689767032781,1.0,0.24780975888586054,1.0,0.11468767371494913,0.09010698217171333,1.0,0.09815179612652813,1.0,1.0,0.9442701933057193,0.0,0.548968294247513,1.0,1.0,1.0,0.52294528072529,1.0,1.0,0.0
gex_possorted_bam_1WGCZ:TTAAGCCAGTGAAGTGx-M2,0.4920730908512119,0.15030995726251178,0.0,0.43855631286185953,0.404275731795473,0.34655236581284604,0.0426501600546753,0.4434902394132291,0.7304287847386448,0.13067939525268957,0.32661211460617867,0.0,0.0,0.1939561992491493,0.44107355885550087,0.3601780428437255,0.2978112331854669,0.6786924805112087,0.19752549970813635,0.36687175165605945,0.5141766376065098,0.7022983443260475,0.4800940373061978,0.3208698594197613,0.12727576923388248,0.3283447448721696,0.16460769725501642,0.39540509458518913,0.2109726767106047,0.35133153286741087,0.0,0.1550858788629787,0.471269789824597,0.3925573911031656,0.22324616629210076,0.4251002455118127,0.23012040939987746,0.494109320663567,0.39904028478940023,0.0693917489099946,0.530129489475311,0.25360791343526207,0.31059852751451383,0.0,0.4173453892717811,0.4167733858994097,0.0,0.6796909113694475,0.26447665098382295,0.2704669278000261,0.42628435307634727,0.38288688114439123,0.5478505523348585
gex_possorted_bam_1WGCZ:TTAACTGAGGTCCTAGx-M2,0.9893862152095356,0.6231469039162928,0.5589705672304777,0.9824087718254272,1.0,0.5007269738387117,0.0,1.0,0.5151026134565047,1.0,0.0,0.7336983732875124,0.7832579332983649,0.5789360520732039,1.0,0.2414160388046146,0.0,0.0,0.6727040485125587,0.04414900223355827,0.6988777969379936,0.6828595381456499,1.0,0.9581439607733399,0.5779083989038516,1.0,0.1385643734554579,0.47394084549243837,0.7141558540451337,0.9361120642840514,0.0,1.0,1.0,0.967162751221937,0.0207153209264062,0.7329061478877918,0.9854102343605031,1.0,0.8542308983322843,0.0,1.0,0.5431380353095734,0.4655068912172491,0.0,0.7525550849906585,0.8987931467134507,0.8781128114508323,0.33422857529026057,0.8584699585515461,1.0,0.8844964536605384,0.7342833810216159,0.29143356278304944
gex_possorted_bam_1WGCZ:TTAACCAAGGCTAATCx-M2,1.0,0.8089344002446507,1.0,1.0,1.0,0.4619536153640189,0.0,1.0,1.0,1.0,0.0,1.0,0.9992719869171875,0.6256972583188086,1.0,0.08992715801308748,0.0,0.0,0.0,0.2114897949208403,0.2077024333074782,0.6767144116137196,1.0,0.8433268103784768,0.6788362167281208,1.0,0.05922149890753846,0.8452240435108744,0.5176419889357933,1.0,0.0,1.0,1.0,1.0,0.0,0.9828273252484797,0.0,1.0,1.0,0.0,1.0,0.0,1.0,0.47439553348294605,1.0,1.0,0.813398306942589,0.0,1.0,1.0,0.8345415395032354,1.0,0.1294148036965941
gex_possorted_bam_1WGCZ:TTAAGGACAGCTCATAx-M2,1.0,0.9458245407871052,0.07036628824715205,0.9830232146474646,1.0,0.5932104021740373,0.3815255908216349,1.0,0.37668393006488854,0.9336405479981019,0.0,0.9183461173553847,0.8470447672629996,0.3134194776532101,1.0,0.1415224123452883,0.0,0.0,0.7172866084779387,0.45622215188033804,1.0,0.9905626385119646,1.0,1.0,0.5281469540602077,1.0,0.0,0.8717754019414586,0.9144603648766456,0.9898931940910561,0.10563003791253503,1.0,1.0,1.0,0.0,1.0,0.36465341292333375,1.0,1.0,0.0,1.0,0.20351149027763232,0.5639555979096241,0.19535062628583003,1.0,1.0,0.6772832981659874,0.03354791981746437,0.9309074432705045,0.9937024483314102,0.9152063301830652,0.9251036188166057,0.09021912781673079
gex_possorted_bam_1WGCZ:TTAAGTGTCCTTGCGTx-M2,0.8903692914532813,0.5253577744034399,0.0,0.7029593514343552,0.8752923786941179,1.0,0.0,0.7404741792809226,0.13132496661687734,0.6435910975015082,0.6395476502137112,0.09600472468504034,0.5380884446570678,0.21937578069588856,0.6517863351916765,0.20181138037175314,0.3861544053220767,1.0,0.8801795904134789,0.46500123045594,1.0,1.0,0.8506977768199255,1.0,0.33588884963442367,0.5985070524120267,0.038665942185998364,0.6999265813956069,0.350753550607469,0.7604471979711812,0.36669944474664956,0.8102228228827459,0.7973525421863787,0.6882044483539373,0.049843686376824535,0.9134453074227052,0.06696607948541133,0.754796679525689,0.7361728690837939,0.0,0.6108198546973688,0.06324647629306232,0.15331560489097965,0.0,0.949596970950548,0.7768104194102954,0.0,0.11742255706866037,0.5849490270122958,0.6886012360032956,0.7205330239520187,0.798300208881688,0.9240838738986477
gex_possorted_bam_1WGCZ:TGTTGCACATGTCGCGx-M2,1.0,0.993316891181507,0.2688430799211934,1.0,1.0,1.0,0.1025248029064106,1.0,0.22124698793515926,1.0,0.0,0.7873128650706936,0.9468866806727326,0.3877449596286493,1.0,0.28172375638197433,0.0,0.0,1.0,0.7575412697529214,1.0,1.0,1.0,1.0,0.20612816783885476,1.0,0.0,1.0,0.9641488670880062,1.0,0.16668335931281222,1.0,1.0,1.0,0.0,1.0,0.10014338159418171,1.0,1.0,0.0,1.0,0.15535360955601918,0.9462074001952507,0.49805381649579555,1.0,1.0,0.672343864438364,0.0,1.0,1.0,1.0,1.0,0.19741144713601522
gex_possorted_bam_1WGCZ:TGTTTGTTCAGTGAAGx-M2,0.054622836395336646,1.0,1.0,0.873092235811821,0.0,0.4929618560639001,1.0,0.7013761876684212,1.0,1.0,0.7294305019375369,1.0,1.0,1.0,0.22266013421323097,1.0,1.0,1.0,1.0,0.0,0.0,0.0,0.0,0.0,1.0,1.0,1.0,1.0,1.0,1.0,1.0,0.0,0.0,0.7167584490122306,1.0,0.2633988621368624,1.0,0.1393933686062024,0.08208570748516404,1.0,0.24260847040190295,1.0,1.0,1.0,0.03616879901214648,0.5672910770867412,1.0,1.0,1.0,0.4358913741125736,1.0,0.9093100516602199,0.0
gex_possorted_bam_1WGCZ:TGTTCATTCCTCAGCTx-M2,1.0,0.9102184760450923,1.0,1.0,1.0,1.0,0.17217201528447243,1.0,0.6772477524837066,1.0,0.05133059900039239,1.0,1.0,0.4638084102040822,1.0,0.0,0.22295884939544802,0.5724556609824105,0.6383088949829954,1.0,0.8335806785817002,1.0,1.0,0.970776672489344,0.9369565322506974,1.0,0.018374965654562807,1.0,0.7965459933751875,1.0,0.03427896226544005,1.0,1.0,1.0,0.0,1.0,0.007293041583026937,1.0,1.0,0.0,1.0,0.0,1.0,0.6084074652662732,1.0,1.0,1.0,0.0,1.0,1.0,0.6924819694231152,1.0,1.0
gex_possorted_bam_1WGCZ:TTACAGCAGACAAAGTx-M2,0.9728272656448897,1.0,1.0,1.0,0.8073930573543232,1.0,1.0,1.0,1.0,1.0,0.0,1.0,1.0,1.0,1.0,1.0,0.0,0.0,0.41820294028970206,0.8101845116078458,0.8746274019577216,0.8804374402501642,1.0,1.0,1.0,1.0,0.0,1.0,1.0,1.0,1.0,1.0,1.0,1.0,0.0,1.0,0.8315174119719333,1.0,1.0,0.858361091076253,1.0,0.3115318402316369,1.0,1.0,1.0,1.0,0.9338715162742747,0.0,1.0,1.0,1.0,1.0,0.9889820423460333
gex_possorted_bam_1WGCZ:TGTTACTTCAATTGGCx-M2,0.840297155366437,1.0,1.0,1.0,0.7404124798141248,0.7882201747786042,1.0,1.0,1.0,1.0,0.0,1.0,1.0,1.0,0.8998451699477111,1.0,0.0,0.10684803735904806,1.0,0.0,0.7603039376473156,0.2912297561629553,0.7120645585787699,0.5952053511261047,1.0,1.0,0.8230633259868395,1.0,1.0,1.0,1.0,0.8464093610900673,0.7465320754472858,1.0,0.7477929269596582,0.9757943818051057,1.0,0.8392289875239153,0.8832166299494487,1.0,1.0,1.0,1.0,1.0,0.9529174428895006,0.9657146613263239,1.0,1.0,1.0,1.0,1.0,1.0,0.4655099180128255
gex_possorted_bam_1WGCZ:TGTTACTTCATGAGCTx-M2,0.44284387971095573,0.6154934022986746,0.379962110635989,0.2529401568094516,0.22558410462148012,0.3606426239994588,0.0,0.4655718411015625,0.5490058844401842,0.5550998838728295,0.21008378250721485,0.33253665136556465,0.07311035815555107,0.0,0.5999341807504419,0.0,0.2550537864505178,0.10089384774081034,0.0,0.9440914852579648,0.8282868011529321,0.6884659182375145,0.4199047455557151,0.868829389818064,0.0,0.3471176387900757,0.2259032004101156,0.46216346572384814,0.2971680712106707,0.28117068930979494,0.5270574751751012,0.44278677105222797,0.533102496215217,0.30963933774015207,0.2740980066737363,0.4293360724919062,0.2330569965063449,0.4348080775448686,0.3943842186999388,0.26183170902635067,0.9240469833086846,0.5635508312157592,0.0,0.0,0.41338303413597993,0.39407320230777704,0.0,0.0,0.38746316081655796,0.4510282134478611,0.16931835546062296,0.28976817916123004,0.6422476305371537
gex_possorted_bam_1WGCZ:TTAAGCCAGCAGGTGGx-M2,1.0,0.5918259554047037,0.0,0.8754908872256173,0.7792852113533842,0.5326656071494286,0.19183132400747263,1.0,0.6036635217730846,0.5605679311058404,0.0,0.8259821445525893,0.5101755005585169,0.361399755595137,0.9038410020116574,0.07125601115327365,0.0,0.060475784849344766,0.484187687691492,0.4779071270945439,1.0,0.9493643254246572,0.9921872414289635,0.9990752242442907,0.4301887277160127,0.8014481608953377,0.0,0.6511086505821039,0.5521932539638303,0.8017995527203017,0.0,0.892635310740537,0.9577898932612907,0.7618713291018312,0.0,0.8152789984296256,0.15721872096638853,0.8639626465656065,0.7921471594566203,0.0,1.0,0.14075304756855916,0.4887361879761865,0.0,0.9196805556060559,0.8749048492158878,0.383619464285019,0.03282364213849749,0.7010113439541857,0.8217169858050646,0.7204809173431778,0.6989872211874499,0.30187140628432696
gex_possorted_bam_1WGCZ:TTCAGTTTCCCTCTAAx-M2,0.02804637781306617,1.0,1.0,0.8952917701139154,0.04106850057516794,0.0,1.0,0.6962409642487536,1.0,0.6992927086186932,0.0,1.0,1.0,1.0,0.0,1.0,0.2938522865468374,0.5448220937998182,1.0,0.0,0.0,0.0,0.0,0.0,1.0,1.0,1.0,1.0,1.0,1.0,1.0,0.0,0.0,0.728220433879976,1.0,0.23602564995638484,1.0,0.19358168282770954,0.22785015700142547,1.0,0.14052383415363381,1.0,1.0,1.0,0.10728676805276254,0.5482635400057843,1.0,1.0,1.0,0.34331508789710896,1.0,0.9408015585458109,0.0
gex_possorted_bam_1WGCZ:TTGACATCATGCTTAGx-M2,0.1418365703254196,1.0,0.8377504292770488,0.9385314060368868,0.0,0.3642370930151231,1.0,0.9275817714911601,1.0,0.5363253375275416,0.6094781344798881,1.0,1.0,1.0,0.28108047696551497,1.0,0.8753881837494858,1.0,1.0,0.0,0.0,0.0,0.0,0.0,1.0,1.0,1.0,1.0,1.0,0.6500788536997913,1.0,0.12516553054216958,0.0,0.7774802300697324,1.0,0.3238974617524229,1.0,0.1087831797333809,0.11163604020156176,1.0,0.13270066699707744,1.0,1.0,0.8129403316483904,0.2659276031845547,0.542323521603301,1.0,1.0,1.0,0.5962622972793618,1.0,0.9126122375690837,0.0
gex_possorted_bam_1WGCZ:TTAGCGGTCCATTACTx-M2,1.0,1.0,0.0,1.0,1.0,1.0,0.4626400496373929,1.0,0.8121048517662097,1.0,0.07120882348535178,0.610628490998091,0.8795780675834688,0.5609296751468308,1.0,0.20987296583335868,0.0,0.4336318604290762,0.8974046924680465,0.7790227480518674,1.0,1.0,1.0,1.0,0.6723565986097564,0.8974714900733641,0.0,1.0,1.0,1.0,1.0,1.0,1.0,1.0,0.0,1.0,0.3264128282108244,1.0,1.0,0.17481301614385797,1.0,0.010094993898731882,0.7804784377029129,0.6026636131686003,1.0,1.0,0.4059274712050763,0.09546356585463696,0.9398703973056873,1.0,1.0,1.0,1.0
gex_possorted_bam_1WGCZ:TTCATTCAGTATTGCAx-M2,1.0,1.0,0.0,1.0,1.0,1.0,0.47174412529030596,1.0,0.6997624732245732,1.0,0.0,1.0,0.9919303983052912,0.36957945608704834,1.0,0.0,0.0,0.4522259535228404,0.9480071881966609,0.6957540217528281,1.0,1.0,1.0,1.0,0.7635742121447766,0.9070986539975593,0.0,0.9338834012589576,1.0,1.0,0.8627237651925361,1.0,1.0,1.0,0.0,1.0,0.005632219226379467,1.0,1.0,0.0,1.0,0.21649358898419255,0.8634323656108615,0.3398462666474242,1.0,1.0,0.4082886246865853,0.0,1.0,1.0,0.9001836255361461,1.0,0.6355622642871399
gex_possorted_bam_1WGCZ:TTACGTTTCGTCCTTAx-M2,1.0,0.9893548343863257,0.324625869026274,1.0,1.0,1.0,0.6831555267866356,1.0,0.49875995444329285,1.0,0.0,1.0,0.8767487333158834,0.14036957098466185,1.0,0.2916811309064586,0.0,0.13163098631065404,1.0,0.8311920343220404,1.0,1.0,1.0,1.0,0.5564555898847453,0.9754960279743449,0.0,1.0,1.0,1.0,0.9282370641844659,1.0,1.0,1.0,0.0,1.0,0.1232445492826765,1.0,1.0,0.0,1.0,0.25858390616878657,0.7819742056867562,0.5930344309050521,1.0,1.0,0.057118746576611035,0.0700450558086147,1.0,0.9559591486695581,0.9968313552702603,1.0,0.7989382901861115
gex_possorted_bam_1WGCZ:TTAGAAGCACGGTTTAx-M2,1.0,1.0,0.0,0.9637590078860155,1.0,1.0,0.6597963982498822,1.0,0.7680013071106554,1.0,0.1027812676291712,0.7929565741352198,0.9857563465666362,0.6562020824784738,1.0,0.07833496649024363,0.0,0.8144677083878834,0.9330546402116864,0.7052806180399415,1.0,1.0,1.0,1.0,0.933053629799578,0.8610129710209842,0.0,0.8396356182709022,0.7084162293869571,1.0,0.7546467869091122,1.0,1.0,1.0,0.0,1.0,0.21746015093361673,1.0,1.0,0.0,0.866757359728032,0.4365502092441815,0.7014000445236327,0.049552052993837394,1.0,0.9965190158886686,0.35902151486279293,0.03296792003757015,0.9014778574737969,1.0,0.7865457310845378,1.0,1.0
gex_possorted_bam_1WGCZ:TTCCTTCTCGAGCTATx-M2,0.587065547465634,0.29706809243231563,0.0,0.3683608628150383,1.0,1.0,0.0,0.37037514799027044,0.0,0.5489597135143454,1.0,0.0,0.1572114232288977,0.0,0.5346793522391988,0.06078260690458149,1.0,1.0,0.6050776555281292,1.0,1.0,1.0,0.6227064823096887,1.0,0.016897437009405124,0.3003436197795257,0.08659341923367654,0.6316174396701364,0.24489912876135275,0.6835927755666367,1.0,0.6962245973850947,0.5817626167920433,0.3816419668914762,0.18538022253282838,0.6623010733743999,0.0,0.4886242490214649,0.5409534235545151,0.086630299214741,0.0,0.08771730726413036,0.012048320462394338,0.0,0.8526788549355369,0.48727625167536437,0.0,0.0,0.42456297856911024,0.5446141278406373,0.026939876255515752,0.6158815092921581,1.0
gex_possorted_bam_1WGCZ:TTCCTTGAGTAACAGGx-M2,0.39899559130840023,0.4474160667961728,1.0,0.41418166557786135,0.35753666610754337,1.0,1.0,1.0,0.0,1.0,0.5987754913834342,1.0,0.38601357765584354,1.0,0.832206130280008,0.10861613197966169,1.0,1.0,1.0,1.0,0.9374050490703667,0.22217564068792844,1.0,0.07824012201133905,0.8346730322551827,0.46897228249288025,0.36757992299283426,1.0,1.0,0.850990533457205,0.0,0.04821847458828622,0.626224515974834,0.14211745958085736,0.7649818188356832,0.8954509681475089,0.3960323326408794,1.0,0.9788218572086329,0.28389941848713146,1.0,0.8009519080702587,1.0,0.0,0.7079954826522454,0.2684720110891377,1.0,0.2134233382015463,0.31722868084623596,1.0,0.0,0.3565063838508843,1.0
gex_possorted_bam_1WGCZ:TTAGCTGCACATGCTAx-M2,0.0,0.32651524005310784,0.26351065979166777,0.08336347616268192,0.0,0.0,1.0,0.0,1.0,0.0,1.0,0.3154076755811701,0.744299473093078,1.0,0.0,1.0,1.0,0.9704626905797377,1.0,0.0,0.0,0.0,0.0,0.0,1.0,0.16120642055350007,1.0,0.11558265314465566,0.3394776720384939,0.0,0.2498245407347157,0.1422861558668587,0.0,0.0033755087128899916,1.0,0.0,1.0,0.0,0.0,1.0,0.0,1.0,1.0,1.0,0.0,0.004377082155604245,1.0,1.0,0.04602259216058557,0.0,0.4474942298148059,0.07802060155475327,0.0
gex_possorted_bam_1WGCZ:TTAGCGGTCCAAACACx-M2,1.0,1.0,0.871489692377024,1.0,1.0,1.0,0.18151764493575911,1.0,0.7108739421019009,1.0,0.0,1.0,1.0,0.5832708927539964,1.0,0.24876139403578595,0.0,0.33003671540945045,0.5955826332071986,0.76251400886514,1.0,1.0,1.0,1.0,0.8120677879762697,1.0,0.0,1.0,0.8669126023411426,1.0,0.7964349521638062,1.0,1.0,1.0,0.0,1.0,0.1181367549982138,1.0,1.0,0.06557430951615864,1.0,0.0,1.0,0.5472762730317736,1.0,1.0,0.6708135259347294,0.0,1.0,1.0,1.0,1.0,1.0
gex_possorted_bam_1WGCZ:TTATCCGTCGGCTATGx-M2,1.0,0.927862340620926,0.2179991703779256,0.9519821656477869,0.9319290534302173,1.0,0.8513052496505594,1.0,0.5196060814001268,0.93376580177689,0.3927807909318259,0.7687027874639184,1.0,0.8101992143456971,1.0,0.6234590406738605,0.3426101750131387,1.0,1.0,0.6428557622002313,1.0,1.0,1.0,1.0,1.0,0.9280037333023704,0.0,0.9339416837823714,1.0,1.0,0.7482700330531609,1.0,1.0,1.0,0.0,1.0,0.5780525122544137,1.0,1.0,0.18334965576126797,1.0,0.5631108828756176,0.810823664749161,0.9912377918627298,1.0,1.0,0.3266013062495617,0.0,0.9654526193214363,1.0,0.9138215512606546,1.0,1.0
gex_possorted_bam_1WGCZ:TTCAGGTAGTCTATGAx-M2,1.0,0.5481314264606382,0.4907124673574052,1.0,1.0,0.5022631397545785,0.11600210676292086,1.0,0.7417512017892085,1.0,0.0,1.0,0.9108220791868242,0.22667390470663695,1.0,0.0,0.0,0.0,0.45919813166126056,0.5917599160104953,1.0,0.8769918131104282,1.0,1.0,0.4726826189895142,1.0,0.0,0.8726966369302147,0.5809671265984102,1.0,0.0,1.0,1.0,1.0,0.0,0.9302443840622553,0.1363542652342589,1.0,1.0,0.0,1.0,0.09173645592162907,0.8333665468075312,0.14289971443539953,0.8862385500484575,1.0,0.6477819905953225,0.0,0.9500093759004129,1.0,1.0,0.8673769798587706,0.0
gex_possorted_bam_1WGCZ:TTAGGCTAGACTATTGx-M2,1.0,1.0,0.019821808230011447,1.0,1.0,1.0,0.7625406561451217,1.0,0.7172548953826247,1.0,0.0,0.749073693710405,1.0,0.27960182217951896,1.0,0.3093927683504519,0.0,0.40061218736032683,0.9073212156921258,0.8776725816664799,1.0,1.0,1.0,1.0,0.9517651601787807,1.0,0.0,1.0,1.0,1.0,0.7881936366552719,1.0,1.0,1.0,0.0,1.0,0.2351533072570232,1.0,1.0,0.03695171995287087,1.0,0.31778919511639186,0.9305555657072597,0.9126157145734348,1.0,1.0,0.29292101511093355,0.0,1.0,1.0,1.0,1.0,1.0
gex_possorted_bam_1WGCZ:TTATGCGCAAATGCCCx-M2,0.7716765128553613,1.0,1.0,1.0,1.0,0.20952199873565064,1.0,1.0,1.0,1.0,0.0,0.22634252242559114,1.0,0.7794621687888383,0.875512929966583,0.0,0.0,0.0,0.46632308102317743,0.27628678595512884,0.03918650814961038,0.3009304191195882,1.0,0.0,1.0,1.0,0.6293474976374605,0.43426648950196556,1.0,0.35232146645169915,0.0,1.0,1.0,1.0,0.24835648719173462,0.835801392319398,0.0,1.0,1.0,0.0482318622881368,1.0,0.0,0.7814349805389231,1.0,0.17995917521618646,1.0,1.0,0.0,1.0,1.0,0.7819027999238312,0.9560452899316796,0.0
gex_possorted_bam_1WGCZ:TTCACTGTCGGCCATAx-M2,1.0,0.9238063832620301,0.34887729624664227,1.0,1.0,0.576406362075876,0.1595059251580677,1.0,0.5447666761206928,1.0,0.0,0.8830845515414433,0.8603929119149023,0.26757014340328744,1.0,0.22831215057461896,0.0,0.0,0.7382879218894041,0.777072572813707,1.0,1.0,1.0,1.0,0.0,1.0,0.0,0.9826633430007594,0.8584431044591188,1.0,0.31982327405905664,1.0,1.0,1.0,0.0,1.0,0.15586079901863717,1.0,1.0,0.0,1.0,0.10217901542899857,0.9670336712058187,0.5397786966874495,1.0,1.0,0.7488085914869835,0.0,1.0,1.0,1.0,1.0,0.0
gex_possorted_bam_1WGCZ:TTCAGTTTCGCAGGCTx-M2,1.0,1.0,1.0,1.0,1.0,1.0,0.0,1.0,1.0,1.0,0.0,1.0,1.0,0.42893682276951667,1.0,0.206112075498909,0.0,0.0,0.0,0.5970996092668359,0.42815392070092473,0.8844073202504104,1.0,0.6543143608323158,0.897205670798422,1.0,0.0,1.0,0.8212257621292242,1.0,0.0,1.0,1.0,1.0,0.0,1.0,0.0,1.0,1.0,0.0,1.0,0.0,1.0,1.0,1.0,1.0,1.0,0.0,1.0,1.0,0.9006402694496928,1.0,0.7456133391092805
gex_possorted_bam_1WGCZ:TTCCTTGAGTATTGGCx-M2,1.0,1.0,0.0,1.0,0.9603418660483872,1.0,0.7237035261329101,1.0,0.42490566379697486,1.0,0.14800851954242605,1.0,1.0,0.5095830225924503,1.0,0.42924100946407656,0.02601378042454683,0.8534525032638627,1.0,0.7996499700598074,1.0,1.0,1.0,1.0,0.8962723392252432,0.9381803936478349,0.0,1.0,1.0,1.0,1.0,1.0,1.0,1.0,0.0,1.0,0.2908792481948086,1.0,1.0,0.07006285768293782,0.8654017288448019,0.37978097029272,0.7568767619478319,0.3605746558615307,1.0,1.0,0.3657338927103359,0.09294636943551766,1.0,1.0,0.9986089888352916,1.0,1.0
gex_possorted_bam_1WGCZ:TTGATGTCACTGGCTGx-M2,0.7201247405648941,1.0,0.7751484515037023,0.795308483508627,0.3010536285352764,0.4863335920539522,1.0,1.0,0.8421759484826936,1.0,0.0,1.0,1.0,0.7291620998087107,0.991208907718624,0.6219582080152993,0.0,0.0,0.0,1.0,0.8084751433474984,0.6765044599098692,0.6684819380243952,0.8886313281234584,0.7211309540473138,0.6226870725541569,0.0,1.0,1.0,0.7087630444795117,1.0,0.3431884319037065,0.7982998283662276,0.9776122536534477,0.10446904691773291,1.0,1.0,0.7513363321266266,1.0,0.8182360017237161,1.0,0.5935622415332164,0.8846864221664207,0.7476130310814766,0.891573619914671,0.8082806714842198,0.7015098920360274,0.009662510140297832,0.7642720719279087,0.9442808291159912,0.6962508974763976,0.6936500976670779,0.9138435627315329
gex_possorted_bam_1WGCZ:TTAGGCTAGCTTACTTx-M2,1.0,0.930381759495371,0.0,1.0,1.0,1.0,0.3858308967723848,1.0,0.43506033834358177,1.0,0.027399350804438914,0.7809101256758814,0.9969443785678045,0.2629216477604425,1.0,0.22916986511353074,0.0,0.4089823526877544,0.8971340705509412,0.4891989885306026,1.0,1.0,1.0,1.0,0.6283703574807096,1.0,0.0,1.0,0.8854265303152746,1.0,0.49642693854608255,1.0,1.0,1.0,0.0,1.0,0.0674373982039963,1.0,1.0,0.0,1.0,0.10289630456142435,0.7160937242300816,0.042951652247915056,1.0,1.0,0.3381086274721841,0.0,0.957454045593163,1.0,1.0,1.0,1.0
gex_possorted_bam_1WGCZ:TTATAGCCATCTTGAGx-M2,0.3817970218658428,1.0,1.0,1.0,0.5718344607015355,0.21076866637494437,1.0,0.8100708358597972,1.0,1.0,0.0,1.0,1.0,1.0,0.5378810004469032,1.0,0.1716460205673877,0.14628971020127562,1.0,0.0,0.0,0.0,0.18352680728899096,0.0,1.0,1.0,1.0,1.0,1.0,1.0,1.0,0.25617747875763586,0.15559459445001828,0.9476792742225612,1.0,0.5449616394631688,1.0,0.4442117161350086,0.5081758147945823,1.0,0.5837306373469471,1.0,1.0,1.0,0.4360258804023078,0.7343780969996588,1.0,1.0,1.0,0.7772045784386461,1.0,1.0,0.2555792348662365
gex_possorted_bam_1WGCZ:TTGCAACAGACAACGAx-M2,1.0,0.4583464864155875,0.0,0.8881096076455403,0.8291776090547175,1.0,0.4705227755091235,1.0,0.5447415628603708,0.8013307888252341,0.0,0.6094722748265393,0.8902916809179818,0.0,1.0,0.1696650800538575,0.0,0.2705381008003771,0.6687288580272557,1.0,1.0,1.0,0.878360913233034,1.0,0.5444591188021662,0.7986156990317103,0.0,0.6739795730905869,0.9128947787487021,0.9444478684335048,0.37673211762325204,0.9729749261837328,0.9621799953825111,0.910479114084292,0.0,1.0,0.13658842508657643,0.8945170401945721,0.9325140628650056,0.0,1.0,0.0,0.5590985749983831,0.0,1.0,0.9042608566838756,0.06772090285719679,0.0,0.832384665903884,0.9564357363151962,0.6200632576316191,0.9109380744508392,0.8063892559822191
gex_possorted_bam_1WGCZ:TTCCTCAAGACTAAGGx-M2,1.0,0.818073960803635,1.0,1.0,1.0,1.0,0.0,1.0,1.0,1.0,0.0,1.0,1.0,0.35186277007008715,1.0,0.0,0.0,0.0,0.17593047823314706,0.8641918755612921,0.735848606947467,1.0,1.0,0.6651787882724872,0.9128651874299778,1.0,0.0,1.0,0.7345892673282445,1.0,0.0,1.0,1.0,1.0,0.0,1.0,0.0,1.0,1.0,0.0,1.0,0.0,1.0,0.8372299908054078,1.0,1.0,0.8056563608770568,0.0,1.0,1.0,0.8393912813327843,1.0,1.0
gex_possorted_bam_1WGCZ:TTCAACCGTCATGAGCx-M2,0.328853669464419,0.6745920342205888,1.0,0.5472787349549909,1.0,0.9347476715362306,1.0,1.0,1.0,0.7509454598129531,0.655841402393283,0.0,0.707259349138737,0.055909019092900844,0.1718135287221293,0.0,1.0,0.989234096357627,0.38579439444906066,1.0,0.6814213296914772,0.7501638120089335,0.5386726413392162,0.28932272241260215,0.4940784150386663,0.5671298448339073,0.7987210874788532,0.16407533205253144,1.0,0.0,0.11488542620977384,0.8842625834246987,0.525053991864268,0.5377403940591547,0.3963042782922253,0.3721675469601824,0.0,0.36481282881147886,0.7155471122115274,0.25204644337071513,1.0,0.0,0.24489905383626612,1.0,0.3393736618967864,0.6775732840474855,0.8452179428400024,0.04824234158372358,0.5709851464448374,0.720378212621511,0.0,0.261129212481551,1.0
gex_possorted_bam_1WGCZ:TTCCTTCTCCTGAATAx-M2,1.0,0.947009892630296,0.01359728332685526,1.0,1.0,1.0,0.429046773914011,1.0,0.5745059339597416,1.0,0.01775846623549822,0.8154966559165117,0.9000115181562526,0.318989094885487,1.0,0.1307005615651633,0.0,0.35854721731357325,0.935086159315266,0.6282593377688678,1.0,1.0,1.0,1.0,0.5475555782185128,0.9893309685145497,0.0,0.9652029195627241,1.0,1.0,0.6081217664527198,1.0,1.0,1.0,0.0,1.0,0.2606227489085613,1.0,1.0,0.0,1.0,0.23451820919766447,0.7281172585826379,0.38226961977399615,1.0,1.0,0.28475501433566797,0.0,0.9551312453034938,1.0,0.9919629613893901,1.0,0.7446872000553331
gex_possorted_bam_1WGCZ:TTCGTGCTCTTGGACGx-M2,1.0,1.0,1.0,1.0,1.0,0.9375557616001068,0.0,1.0,0.4883885474792299,1.0,0.0,1.0,1.0,0.43422143578902356,1.0,0.05679835340895688,0.0,0.0,0.2951126990110321,0.6351928004822028,0.6796161239639534,0.9779413011151183,1.0,1.0,0.3656567345538249,1.0,0.10651387149657618,1.0,0.8305635501652384,1.0,0.0,1.0,1.0,1.0,0.0,1.0,0.0,1.0,1.0,0.0,1.0,0.11276418900118335,1.0,0.8424658200644731,1.0,1.0,1.0,0.0,1.0,1.0,1.0,1.0,0.33834793034197924
gex_possorted_bam_1WGCZ:TTAGCGGTCGCACAATx-M2,1.0,1.0,0.6532733875974398,1.0,0.8390416959254497,1.0,1.0,1.0,0.899606600696719,1.0,0.0,1.0,1.0,0.7214225950881828,1.0,0.7057304252890239,0.0,0.0,0.8393290862783818,0.8940675358994229,1.0,1.0,1.0,1.0,0.8850756429536568,1.0,0.0,1.0,1.0,1.0,1.0,1.0,1.0,1.0,0.0,1.0,0.4943356692263645,1.0,1.0,0.44748869485557324,1.0,0.5282578396992049,1.0,0.7918375007949542,1.0,1.0,0.764624493891014,0.1497198540017414,1.0,1.0,1.0,1.0,0.9424232988321997
gex_possorted_bam_1WGCZ:TTCACTGTCGTAATCAx-M2,1.0,1.0,1.0,1.0,1.0,0.6313985769712633,0.0,1.0,0.633803177850921,1.0,0.0,1.0,0.8490259299538495,0.49772479580608786,1.0,0.006464251528189976,0.0,0.0,0.3949790407410265,0.3918600349156365,0.7842406469244226,0.8523562270604004,1.0,1.0,0.30759580275734405,1.0,0.0,0.8011826733510632,0.7139390075514135,1.0,0.0,1.0,1.0,1.0,0.0,0.9651257796620675,0.12538410897136293,1.0,1.0,0.0,1.0,0.18832928301746485,0.9692999230495059,0.5615795471941505,1.0,1.0,0.8556501450805424,0.0,1.0,1.0,1.0,0.9747918505907952,0.0
gex_possorted_bam_1WGCZ:TTCGGTACAGGAACATx-M2,0.06251430767223388,1.0,1.0,0.9485437821123283,0.0,0.6683378321979172,1.0,0.6389791533147424,1.0,0.4631646683846575,1.0,1.0,1.0,1.0,0.20286756845503048,1.0,1.0,1.0,1.0,0.0,0.0,0.0,0.0,0.0,1.0,1.0,1.0,1.0,1.0,0.9674442427467796,1.0,0.2015235990285045,0.0,0.7314103893928617,1.0,0.1949144152585976,1.0,0.09567038820425743,0.12129372885762055,1.0,0.03233587835624849,1.0,1.0,1.0,0.024251641005788787,0.5619615022333192,1.0,1.0,1.0,0.3433187633802372,1.0,0.9774481721907188,0.0
gex_possorted_bam_1WGCZ:TTCACTGTCAAACCGTx-M2,1.0,1.0,0.735155187364591,1.0,1.0,1.0,0.16147634637260103,1.0,0.7403597215053513,1.0,0.0,1.0,1.0,0.3442678455195494,1.0,0.10326569291418407,0.0,0.04455024004004322,0.7247121119902448,0.7677603355422931,1.0,1.0,1.0,1.0,0.6601522794726564,1.0,0.0,0.9891916182120023,0.8495555889255607,1.0,0.31145362044491626,1.0,1.0,1.0,0.0,1.0,0.1048602780867572,1.0,1.0,0.0,1.0,0.14309989728210537,1.0,0.46603854881261386,1.0,1.0,0.624492694560254,0.0,1.0,1.0,0.8598270495428714,1.0,0.957098130959208
gex_possorted_bam_1WGCZ:TTATAGCCAGTTTCTCx-M2,1.0,0.6182760969350997,0.4228278612078856,1.0,0.9306985473428387,0.9745759195430601,0.6004422823955877,1.0,0.3912288941765453,0.8138937585994745,0.0,1.0,0.7055134562417724,0.0,1.0,0.018970742924109822,0.0,0.0,0.7346964271733857,1.0,0.8881347234936827,0.9632755698020122,1.0,1.0,0.4857918936949926,0.973515153766376,0.016513460485989218,1.0,1.0,0.8598330402303185,0.36863525707582656,0.9932370916073306,1.0,0.9824059006133583,0.0,1.0,0.3812490879840741,1.0,1.0,0.27601786028179515,1.0,0.1503991694303608,0.7380847792506511,0.79179924950557,0.9698307735055878,1.0,0.6831138639054342,0.011999444518273427,0.9310399056092488,0.9275946004296953,0.8433025234207592,0.8533719301289484,0.5767010397710911
gex_possorted_bam_1WGCZ:TTAGACTCAGGTTACCx-M2,1.0,0.8785883525137189,0.0,1.0,1.0,1.0,0.0,1.0,0.1486252554627528,1.0,0.13096160037731708,0.5770650850322241,0.8293679877593663,0.4953218910664963,1.0,0.0,0.0,0.22702627599672642,1.0,0.6727838590950507,1.0,1.0,1.0,1.0,0.13707132816099699,1.0,0.0,0.8365776498202829,0.7837545193501831,1.0,0.6238998280898803,1.0,1.0,0.9359839002277962,0.0,1.0,0.04142418797056767,1.0,1.0,0.0,1.0,0.3352670761105769,0.6664878233765049,0.11767464207944386,1.0,1.0,0.2765311318934215,0.09132542890081168,0.934563731628356,0.9691399381308883,1.0,1.0,0.5775290840493293
gex_possorted_bam_1WGCZ:TTAGGAACAGGCATGAx-M2,1.0,0.9033840218587016,1.0,1.0,1.0,0.19899011800616548,0.0,1.0,0.33699485632869297,1.0,0.0,0.9047368911903492,0.8185252816071662,0.20997267552396734,1.0,0.04301304185015026,0.0,0.0,0.32716160545263673,0.6104921636185741,0.8963184722912292,0.7773747408262858,1.0,1.0,0.0,1.0,0.0,0.8507759135473046,0.9518933278420448,1.0,0.0,1.0,1.0,1.0,0.0,0.9416951870678797,0.20983152758178655,1.0,1.0,0.0,1.0,0.0,0.9583065850441844,0.4563093165695333,0.7828701739778076,1.0,0.8006427267040651,0.0,1.0,1.0,1.0,0.8565294527612242,0.0
gex_possorted_bam_1WGCZ:TTCAACCGTTTGCGCCx-M2,1.0,1.0,0.5935110493410544,1.0,1.0,0.7370728633709204,0.0,1.0,0.7374160232176996,1.0,0.0,1.0,0.9900580254796245,0.26699509456815157,1.0,0.026564419265920656,0.0,0.0,0.4729335879145597,0.5555109924341556,1.0,0.992882648039452,1.0,1.0,0.35231293889870363,1.0,0.0,0.706967793420003,0.9452015851935996,1.0,0.0,1.0,1.0,0.9398488688568343,0.0,1.0,0.043972402770579004,1.0,1.0,0.0,1.0,0.043567294473345446,0.7869052188557377,0.42493542047210725,1.0,1.0,0.24243520580318778,0.0,1.0,1.0,0.9903611336462143,0.985673835651026,0.0
gex_possorted_bam_1WGCZ:TTCATTCAGTTGTCAAx-M2,1.0,0.9984662383986411,0.0,0.9924455520350492,1.0,1.0,0.5947806056463288,1.0,0.44576136689146195,0.8872399073628517,0.15029214364628615,0.47000379181648144,0.7464911380250828,0.2707540905596615,1.0,0.289185973541227,0.0,0.7167328446267446,1.0,0.5529910868848861,1.0,1.0,1.0,1.0,0.5766134449539149,0.8018653485556183,0.0,0.9898091514901127,1.0,0.9738688629963889,1.0,0.8973941241587341,1.0,1.0,0.0,1.0,0.30051326482179663,1.0,1.0,0.1403761761465865,1.0,0.31260088626708094,0.7047575312836211,0.24595398277939357,1.0,1.0,0.07897419377191692,0.15272645313237418,0.859250512158661,1.0,0.8888091727765352,1.0,0.978482517715511
gex_possorted_bam_1WGCZ:TTAGCAATCCACCTTAx-M2,1.0,1.0,0.0713060244841749,1.0,1.0,1.0,0.9275974149643578,1.0,0.5723413733685302,1.0,0.041804945219403235,0.768792708231355,1.0,0.4018184464324506,1.0,0.4496586255405438,0.0,0.6163417063181318,1.0,0.7358975806956554,1.0,1.0,1.0,1.0,0.7989439269604826,1.0,0.0,1.0,1.0,1.0,1.0,1.0,1.0,1.0,0.0,1.0,0.13048764149916084,1.0,1.0,0.0,1.0,0.24214596143244285,0.7203131580751321,0.41552107046706005,1.0,1.0,0.095706939051372,0.0,1.0,1.0,0.9768821859447644,1.0,0.9811922258579474
gex_possorted_bam_1WGCZ:TTCTTAGGTTTAGCGAx-M2,1.0,1.0,0.3397056225413121,1.0,0.9661770192160057,1.0,0.7117929329020669,1.0,0.40647166308397037,1.0,0.0,1.0,1.0,0.3085538906847834,1.0,0.3567890469293654,0.0,0.0,0.8897038590692845,0.7309445985655009,1.0,1.0,1.0,1.0,0.8930504677567042,1.0,0.0,0.9014286895335204,0.9433623631686409,1.0,0.717945502464911,1.0,1.0,1.0,0.0,1.0,0.1692993016047847,1.0,1.0,0.055068699744687116,1.0,0.17277958086487588,0.9750335872019203,0.4541776013978081,1.0,1.0,0.5343465702372148,0.0,1.0,1.0,1.0,1.0,0.7905898852214917
gex_possorted_bam_1WGCZ:TTGAGGCGTTAGAGGGx-M2,1.0,0.7336972311132838,0.0,1.0,0.8665972008258669,1.0,0.41819056361416185,1.0,0.5532652894124105,0.9259915035801435,0.0,0.8445185335075398,0.8334467074646669,0.2971325878249789,0.9775670017058191,0.012388975108155058,0.0,0.0,0.7401851682139953,1.0,1.0,1.0,1.0,1.0,0.8616357856565026,0.8655698531352494,0.0,0.8015703913013218,0.829802926877507,0.8686908584014496,0.29427075897014726,1.0,1.0,1.0,0.0,1.0,0.2338336621978374,1.0,1.0,0.0,1.0,0.0,0.7056590982930714,0.0,1.0,1.0,0.6193344174830889,0.0,0.9047573969002599,1.0,0.945041109046653,0.9732850386037983,0.7441281238484038
gex_possorted_bam_1WGCZ:TTCGTTAGTTAGCTGAx-M2,0.07029083831492122,1.0,1.0,0.8889655353903985,0.007994314134230346,0.1183788713707887,1.0,0.7475536789343945,1.0,0.5680294473945663,0.5852932049734088,1.0,1.0,1.0,0.10086910712994454,1.0,0.8933291356289512,1.0,1.0,0.0,0.0,0.0,0.0,0.0,1.0,1.0,1.0,1.0,1.0,0.8657091411699809,1.0,0.0,0.0,0.6697990671361187,1.0,0.23176184238705883,1.0,0.11226364091868221,0.08619525607288933,1.0,0.16493952786640134,1.0,1.0,1.0,0.06724610816365553,0.5101044462534469,1.0,1.0,1.0,0.4357415749392819,1.0,0.8642148945861102,0.0
gex_possorted_bam_1WGCZ:TTCATTCAGACAGGCGx-M2,0.6084452334129914,1.0,1.0,1.0,0.7696450193539692,0.616833381170445,1.0,1.0,1.0,1.0,0.0,1.0,1.0,1.0,0.808936244566332,1.0,0.05685231380797691,0.10311517530169417,1.0,0.0,0.19616392496419224,0.0,0.5395959543272938,0.1022948635443872,1.0,1.0,1.0,1.0,1.0,1.0,1.0,0.6637896967431659,0.5001480931383252,1.0,1.0,0.7383933098224609,1.0,0.660755215281347,0.7122933938481748,1.0,1.0,1.0,1.0,1.0,0.6291279610844328,0.8824773666832331,1.0,1.0,1.0,1.0,1.0,1.0,0.43270265982856465
gex_possorted_bam_1WGCZ:TTCCTTGAGTTAGCTAx-M2,0.9957479326072599,0.7836600276910782,0.0,0.8921135398046252,0.9815860177080632,1.0,0.4103319208928175,0.9059838520502295,0.26413372041495675,0.8292772763969306,0.7413908628956659,0.5162278128128576,1.0,0.6900679224993378,0.8896134511956737,0.6067592446419098,0.3813087308388857,1.0,1.0,0.5279020090992165,1.0,1.0,0.8761259611583039,1.0,0.9612153998838795,0.7258102362008617,0.11655584028104443,0.7777540351702658,0.8679570422348999,0.8874893058481156,0.46606191499364497,1.0,0.8805281830935298,0.8669900153394469,0.16034229554040919,1.0,0.7930773139103645,0.9194107003032035,0.8884332613008048,0.10519123985972242,0.7823542251730867,0.522303496138401,0.5565080649746401,0.012588496753538701,1.0,0.9079348515686876,0.18298067996391995,0.4612037602412349,0.7398685177163495,0.955895862764659,0.8770174501741909,0.9854404390467394,0.9456340585061264
gex_possorted_bam_1WGCZ:TTAGGCCCAGTCTATGx-M2,1.0,1.0,0.2461510223407035,1.0,1.0,1.0,0.8620315663134869,1.0,0.7614177285414345,1.0,0.0,1.0,1.0,0.8816848057552199,1.0,0.4735022340211658,0.0,0.5889357836558429,0.8604347962272584,0.5962656611183379,1.0,1.0,1.0,1.0,0.8847823509853597,1.0,0.0,1.0,1.0,1.0,0.9421365337121539,1.0,1.0,1.0,0.0,1.0,0.39311894843181033,1.0,1.0,0.22389972152844917,1.0,0.35064930991438586,0.7108091337454313,0.1927130048812804,1.0,1.0,0.46589545610747524,0.0,1.0,1.0,0.9123102883479065,1.0,0.5723786053526155
gex_possorted_bam_1WGCZ:TTGAGGCGTCTTACTAx-M2,1.0,0.6898593165009299,0.0,1.0,1.0,1.0,0.39540630298463036,1.0,0.8334827596423516,1.0,0.3275633421215351,0.7017722495791582,0.7526673635117168,0.468301449003598,1.0,0.9653957586882999,0.04324927137425167,1.0,1.0,0.6735917755118163,1.0,1.0,1.0,1.0,0.700956658475847,0.9621234205904762,0.008909039159590218,1.0,1.0,1.0,0.49124132539679627,1.0,1.0,0.9891329814566336,0.0,1.0,0.14401564097527408,0.9947867261509313,1.0,0.02112484894803804,1.0,0.0,0.878201656657116,0.3697653481755431,1.0,1.0,0.2962583322153291,0.13382145351628594,0.9170625202547277,1.0,0.6054549536132791,1.0,0.6253017275502043
gex_possorted_bam_1WGCZ:TTGAGGCGTTTAGCTCx-M2,0.9627543084888058,1.0,0.08152700497999094,0.9020019617830399,1.0,1.0,1.0,1.0,1.0,0.5908196892572488,0.45615146177776195,0.08929129916205054,1.0,1.0,1.0,1.0,0.030479554663805978,0.6149072775306201,0.9643355644022141,0.0,0.6935569309262662,0.9417860625142517,0.9504659999009674,1.0,1.0,0.9842941868265289,0.7694373137281753,1.0,0.2070731434803767,0.7322335551069112,1.0,1.0,1.0,1.0,0.21925924318954884,0.884798817864896,1.0,0.8707898022784432,1.0,0.6489610664000314,1.0,1.0,1.0,1.0,0.8986287240567341,0.9736336490392579,1.0,0.3826697158026155,0.9737500759182569,1.0,0.050906794232699344,1.0,1.0
gex_possorted_bam_1WGCZ:TTCACTGTCAATCTAGx-M2,1.0,0.9390976829614134,0.7220423546186928,1.0,1.0,0.4732063150325009,0.0,1.0,0.6834529290095213,1.0,0.0,1.0,0.8186610713251924,0.1609239191759286,1.0,0.0,0.0,0.0,0.3193814644671053,0.6862013937339821,1.0,0.9133305218524992,1.0,1.0,0.3785318316785473,1.0,0.0,0.8019688126556632,0.6288394781319527,1.0,0.0,1.0,1.0,1.0,0.0,1.0,0.09072300525038357,1.0,1.0,0.0,1.0,0.08230787782943673,1.0,0.3231899092757676,1.0,1.0,0.8716517495233506,0.0,1.0,1.0,1.0,1.0,0.0
gex_possorted_bam_1WGCZ:TTGATGTCAAAGCGCAx-M2,0.7427149592704466,1.0,1.0,1.0,1.0,0.7918579081709513,1.0,1.0,1.0,1.0,0.0,0.3180859603430752,1.0,1.0,1.0,0.0,0.0,0.0,0.4450525361553267,0.44597026236668746,0.21190576740651618,0.4925546049821765,1.0,0.0,1.0,1.0,0.6046507352932063,0.5647365945983107,1.0,0.511688153142784,0.0,1.0,0.9853356797217576,1.0,0.18170970527674823,1.0,0.0,1.0,1.0,0.10724722202367092,1.0,0.003659110050266248,1.0,1.0,0.5339832057125117,1.0,1.0,0.0,1.0,1.0,0.739492056020606,1.0,0.6680836850250522
gex_possorted_bam_1WGCZ:TTATCCGTCTTGTCTGx-M2,1.0,0.9550394334689043,0.2262901167020265,1.0,0.9210558463791728,1.0,0.6101112866064955,1.0,0.579363799333257,0.9743711696820457,0.4078457192276917,0.6989201065489813,0.884270984537587,0.3413227430354346,1.0,0.3716448573733764,0.13411387050626702,1.0,1.0,0.6822752659076723,1.0,1.0,1.0,1.0,0.8853776152874105,0.9197944133516781,0.0,1.0,1.0,0.9893921787360663,1.0,1.0,1.0,1.0,0.0,1.0,0.12774259667836071,1.0,1.0,0.018797628836531816,0.7041073531085037,0.0,0.7421271666571041,0.35043357010020537,1.0,1.0,0.0,0.2505143109976701,0.9580236705859335,0.861050147379269,0.9419082866797505,1.0,1.0
gex_possorted_bam_1WGCZ:TTCAGCACACAATACTx-M2,1.0,1.0,1.0,1.0,1.0,1.0,0.5865366014437725,1.0,1.0,1.0,0.0,1.0,1.0,0.14040096300933858,1.0,0.10909788332352911,0.0,0.0,0.6789397548504835,1.0,1.0,1.0,1.0,1.0,0.8442838930581203,1.0,0.0,1.0,1.0,1.0,0.7013156404508615,1.0,1.0,1.0,0.0,1.0,0.2047699812492812,1.0,1.0,0.14839614037138793,1.0,0.286657746210412,1.0,0.7172255972535276,1.0,1.0,0.6467593032746897,0.0,1.0,1.0,1.0,1.0,1.0
gex_possorted_bam_1WGCZ:TTCCTCAAGTCTTGAAx-M2,1.0,0.9870305518021936,1.0,1.0,1.0,0.8122088689310828,0.40105105160979515,1.0,1.0,1.0,0.0,1.0,1.0,0.8320295201191298,1.0,0.14871835544874035,0.0,0.0,0.09113290460763371,0.550951538860908,0.3535521221745173,0.6421932755078534,1.0,0.62871813526671,1.0,1.0,0.1017055325500882,1.0,0.7186701073533421,1.0,0.0,1.0,1.0,1.0,0.0,1.0,0.0,1.0,1.0,0.0,1.0,0.0,1.0,1.0,1.0,1.0,1.0,0.0,1.0,1.0,0.9479554976500574,1.0,0.48881882032100654
gex_possorted_bam_1WGCZ:TTAGCGGTCAATTACGx-M2,0.07608711411979228,1.0,1.0,0.9161215794200968,0.14675962591203487,0.0,1.0,0.8068955290601294,1.0,1.0,0.0,1.0,1.0,1.0,0.2524432853672964,1.0,0.0,0.0,1.0,0.0,0.0,0.0,0.0,0.0,1.0,1.0,1.0,1.0,1.0,0.9393189549962134,1.0,0.015701735127923125,0.0,0.8501827957265531,1.0,0.31836692515723747,1.0,0.1583804945256206,0.16844911166359963,1.0,0.19108844079471268,1.0,1.0,1.0,0.04945264314583329,0.5501965619198552,1.0,1.0,1.0,0.6086183928205631,1.0,1.0,0.06905228405820597
gex_possorted_bam_1WGCZ:TTCATCCCAGGATTAAx-M2,0.1055618238465024,1.0,1.0,0.9921383091415179,0.08662749438223787,0.0,1.0,0.8335324725312688,1.0,0.8593026404447532,0.0,1.0,1.0,1.0,0.25200031769250925,1.0,0.0,0.0,1.0,0.0,0.0,0.0,0.0,0.0,1.0,1.0,1.0,1.0,1.0,0.8385980684640256,1.0,0.0,0.0,0.9544843686631409,1.0,0.26523675680844405,1.0,0.09800671424796062,0.1477754798501817,1.0,0.23452464315576588,1.0,1.0,0.1733474825050781,0.036838515931309775,0.6279475592626024,1.0,1.0,1.0,0.7089704001768018,1.0,1.0,0.0
gex_possorted_bam_1WGCZ:TTCCTCAAGTTTAACGx-M2,1.0,0.9839917090863504,1.0,1.0,1.0,0.5041882528717594,0.30284801276835815,1.0,0.5255008850215007,1.0,0.0,1.0,0.9692772436472791,0.22609968709694325,1.0,0.036025285796753306,0.0,0.0,0.5617345172537116,0.9302378555170785,1.0,0.8987165008664526,1.0,1.0,0.36041232419910463,1.0,0.0,1.0,0.7634706520753511,1.0,0.11862144861983709,1.0,1.0,1.0,0.0,1.0,0.0,1.0,1.0,0.0,1.0,0.06769585168885643,1.0,1.0,0.9669241987883891,1.0,0.7007272672990486,0.0,1.0,1.0,1.0,0.9938453992324877,0.028445863252163802
gex_possorted_bam_1WGCZ:TTAGGCGTCTTTGACTx-M2,1.0,0.9237971409567969,0.0,1.0,1.0,1.0,0.4458197326007416,0.9823270222576023,0.5540835832287514,1.0,0.7517275782005186,0.7018493449712967,0.9557120169581504,0.4126235813262046,1.0,0.38247026518562677,0.3152227159817594,1.0,1.0,0.7089722906928303,1.0,1.0,1.0,1.0,0.962888142017762,0.8347651632307015,0.0,1.0,0.7837494333426928,1.0,0.8988685172878469,1.0,1.0,0.9444686143850447,0.0,1.0,0.04180837744177846,1.0,1.0,0.0,0.4759722768105543,0.23936851812770135,0.7090623460330977,0.28799138788620315,1.0,1.0,0.1814099289262262,0.0412500490810701,0.9517040766235856,1.0,1.0,1.0,1.0
gex_possorted_bam_1WGCZ:TTAGGATGTGCGCGTAx-M2,1.0,1.0,0.0,1.0,1.0,1.0,0.41172024459375817,1.0,0.8033469436599836,0.9622795565673676,0.0,0.6969505812266847,0.8512074287715689,0.17479189875339504,1.0,0.24045715019157066,0.0,0.2605157096982998,0.8500419982128101,0.6571256876640512,1.0,1.0,1.0,1.0,0.7397688661371995,0.9034552452603433,0.0,0.587955418731245,1.0,1.0,0.5742494292329535,0.9564430224284676,1.0,1.0,0.0,1.0,0.20167965521719353,1.0,1.0,0.0,1.0,0.2960427605207474,0.7402648996889561,0.03881223511579383,1.0,1.0,0.30954518487674365,0.0,0.9957189247883758,0.9311606640028117,1.0,1.0,0.7486676745005618
gex_possorted_bam_1WGCZ:TTCGTGCTCGGTCATGx-M2,1.0,0.8480787694220574,0.3570763544655059,1.0,1.0,0.8177152958424866,0.0,1.0,0.36254932594595396,1.0,0.0,0.8637550791671056,0.9085025290748986,0.35130867872748195,1.0,0.0,0.0,0.0,0.7158351821211687,0.6582938171087411,1.0,1.0,1.0,1.0,0.2408619222720534,1.0,0.0,0.759478221517182,0.6400010649838863,1.0,0.4077065329635257,1.0,1.0,1.0,0.0,1.0,0.0328837065352595,1.0,1.0,0.0,1.0,0.17085167716295488,0.6973455642626432,0.22871934907845431,0.9975125011518724,1.0,0.4904395878623931,0.0,1.0,1.0,1.0,0.978980843318137,0.139085903009507
gex_possorted_bam_1WGCZ:TTCGTTAGTCCTCCAAx-M2,0.8750151316594774,1.0,0.10497841761708843,0.9099154104588472,0.1722605775547959,0.575567081694695,1.0,1.0,0.8107273500725509,1.0,0.0,1.0,1.0,1.0,1.0,0.8244402399487668,0.0,0.0,0.16764454549578853,0.2944421466457199,0.740270619383998,0.5133348988703252,0.782550608987306,0.9343527779443406,0.9139892535523622,0.8672305779104065,0.0,1.0,1.0,0.8017066440541364,1.0,0.677408374402243,0.9142099576273809,1.0,0.10055444642469068,1.0,0.8218679267466796,1.0,1.0,0.5828542419048255,1.0,0.9641403950083097,0.5366574014821966,0.45626605981095075,1.0,1.0,0.43359052557451344,0.0,1.0,1.0,0.976893131459911,0.9498055909071049,0.17342738116608972
gex_possorted_bam_1WGCZ:TTAGGCCCACGGTTTAx-M2,0.763023505278,1.0,1.0,1.0,1.0,0.37007755260836567,1.0,1.0,1.0,1.0,0.0,0.22128644028007002,1.0,0.9188459948273533,0.948382847923678,0.0,0.0,0.0,0.3644415837659289,0.23566431946294694,0.04520031193010779,0.33018883496883716,1.0,0.0,1.0,1.0,0.5763008304660276,0.47449909253942363,1.0,0.36508877415265584,0.0,1.0,1.0,1.0,0.21347570704312038,0.9055144160478344,0.0,1.0,1.0,0.11505176314158136,1.0,0.0,0.8728717489669063,1.0,0.32371445991959746,1.0,1.0,0.0,1.0,1.0,0.8324876768763603,0.9953435747930424,0.24097689319335358
gex_possorted_bam_1WGCZ:TTAGGATGTTAGCGTAx-M2,0.7733766555072038,0.28253097322301934,0.0,0.7638378487068279,0.8549419147338322,1.0,0.2344757390654671,0.71243468968488,0.32823898877528873,0.6672974924724135,0.6744976750209145,0.2391657864036177,0.39537533199892594,0.33727520570161373,0.8177370857402295,0.37846236245990456,0.5850608117847758,1.0,0.808115398795823,0.9911279415054601,1.0,1.0,0.6778170438446303,1.0,0.3881427954921509,0.5285527174845471,0.04624971307183327,0.6189527485465339,0.6488346931813295,0.6259276523860658,0.5323958386052856,0.8295440442081391,0.8420957536035257,0.7530880779471648,0.08733402491394214,0.8780921400996103,0.2275953185758448,0.7125551338118639,0.8055971696641838,0.02547411875744496,0.5483780249938226,0.0,0.34520292579991546,0.26399025347848415,1.0,0.732690183230652,0.0,0.0,0.5596618326523769,0.7129922954776146,0.6161130973870435,0.784422073255969,0.7123661907850719
gex_possorted_bam_1WGCZ:TTAGCAATCCGCACAAx-M2,1.0,0.8364063771193553,0.6606970452009628,0.9789068215355313,0.8493128991424186,0.9196417999253006,0.0,0.9584980567976659,0.8931195708039378,0.9782442382381725,0.1592315638387833,0.17850237674673358,0.9198975794652422,0.738364738163893,0.9522911485888169,0.0,0.0,0.47075095213752566,0.7563012052032927,0.5363992072650522,1.0,1.0,1.0,1.0,0.0,0.9942965206421269,0.024911030551893563,0.6485533794390773,0.26919298691626925,0.894176400087503,0.0,1.0,1.0,0.6488227375786807,0.0841086504229249,0.9174226001809805,0.21283772338044948,0.9302440920171524,0.8345575901837692,0.0,1.0,0.025415504702141677,0.4840434947542988,0.0,0.8554075691476349,0.9493730009683395,0.30297204451052584,0.408656804175193,0.79520095456729,1.0,0.9674916040825193,0.7598485445061853,0.27524688988806567
gex_possorted_bam_1WGCZ:TTCAGTTTCGTTACAAx-M2,1.0,1.0,0.7293252698365096,1.0,1.0,1.0,0.30459503557240575,1.0,0.924117046366952,1.0,0.13400031502505794,1.0,1.0,0.7185957653730967,1.0,0.4539811746032812,0.0,0.7712882830225561,0.956163248169994,0.7503981032097895,1.0,1.0,1.0,1.0,0.8989856951072771,1.0,0.0,1.0,0.8102073398676236,1.0,0.7423375815525773,1.0,1.0,1.0,0.0,1.0,0.0,1.0,1.0,0.0,1.0,0.0,1.0,0.5715900762166886,1.0,1.0,0.5347351371312984,0.0,1.0,1.0,1.0,1.0,1.0
gex_possorted_bam_1WGCZ:TTCGGTACATCCTGAAx-M2,1.0,1.0,0.15817312276579568,1.0,1.0,1.0,0.5983289471054078,1.0,0.4260116434265378,1.0,0.16630589374074098,1.0,1.0,0.5156684328972265,1.0,0.39213344630781705,0.0,0.8649073060741946,1.0,0.8973747020679009,1.0,1.0,1.0,1.0,0.8254790418828797,1.0,0.0,0.9357164161411375,1.0,1.0,1.0,1.0,1.0,1.0,0.0,1.0,0.26805035940435756,1.0,1.0,0.0,1.0,0.04446571722507079,0.7529163749284548,0.5120098071760252,1.0,1.0,0.38136784166036153,0.0,1.0,1.0,1.0,1.0,1.0
gex_possorted_bam_1WGCZ:TTAGCGGTCCAGGGAGx-M2,0.0,1.0,1.0,0.5855510318158159,0.0,0.0,1.0,0.6109461621890205,1.0,0.011724767703758701,0.0,0.8251691073685083,1.0,1.0,0.0,1.0,0.0,0.04187525042229266,1.0,0.0,0.0,0.0,0.0,0.0,1.0,0.7057322735290109,1.0,0.8392996966992664,1.0,0.8293948842065247,1.0,0.6600703715803053,0.0,0.6543596027644445,1.0,0.24718888580714102,1.0,0.0,0.0,1.0,0.47437126397835727,1.0,1.0,1.0,0.15641580602183472,0.34510041524140345,1.0,1.0,0.8264922387446251,0.4036036785519455,1.0,0.5430752611341988,0.0
gex_possorted_bam_1WGCZ:TTGAGCTAGGAGGCATx-M2,1.0,0.726219163538473,0.0,1.0,1.0,1.0,0.23895238497807753,1.0,0.45730821261776344,0.9244926613816263,0.11361683926540826,0.09815005498435939,0.5158330126890388,0.31948362096662086,1.0,0.11551144714393237,0.0,0.45530672049705717,0.9530761454131318,0.3932350275939893,1.0,1.0,1.0,1.0,0.5313799506806771,0.9849413116124707,0.0,0.9477869460376253,0.7597408089206755,1.0,0.53401658179233,1.0,1.0,0.9662607352947258,0.0,1.0,0.227742507023628,1.0,1.0,0.0,1.0,0.23385935973218425,0.8468891448220423,0.4122611359686093,1.0,1.0,0.07824676815885132,0.0,0.8956074535057479,0.9752116883946021,1.0,1.0,0.8975386898994602
gex_possorted_bam_1WGCZ:TTGACATCACAGGAATx-M2,0.0,0.7917554068559693,1.0,0.10938015217782196,0.0,0.0,0.0,0.055882998544441786,0.0,0.0,0.5088168392800253,0.0,1.0,1.0,0.0,1.0,0.01262225710405214,0.0618142120816502,1.0,0.0,0.0,0.0,0.0,0.0,1.0,0.0,1.0,0.0,1.0,0.34769463356429625,0.06612345446286251,0.9027019131571223,0.0,0.6344275606138655,1.0,0.0,1.0,0.0,0.0,1.0,1.0,0.0,0.5721133657929133,0.0,0.0,0.05781861514991245,1.0,0.0,0.0,0.0,1.0,0.0,0.0
gex_possorted_bam_1WGCZ:TTGGGCCAGCCTGTGAx-M2,1.0,1.0,0.0,1.0,1.0,1.0,0.5395060387373125,1.0,0.8881357374451859,1.0,0.16392936024627833,0.9926270553175645,0.9936879796720285,0.37454585124739487,1.0,0.23668845787628,0.0,0.717792686572981,1.0,0.7638081759842505,1.0,1.0,1.0,1.0,0.7261859415219756,0.9851608623233531,0.0,1.0,1.0,1.0,0.8845143899166487,1.0,1.0,1.0,0.0,1.0,0.2247088465709013,1.0,1.0,0.055305118102901764,1.0,0.21682549914532903,0.9588992850166652,0.3915578515845376,1.0,1.0,0.3422134036192574,0.0,1.0,1.0,1.0,1.0,1.0
gex_possorted_bam_1WGCZ:TTGTTGTTCTATCGCCx-M2,1.0,0.9162673342866461,0.0,0.9554130303038766,1.0,0.9244396267100146,0.40960553423337875,0.9577036132937864,0.6798400258003005,0.8128873255727515,0.14231861366058274,0.6057783520301399,0.7795810056563685,0.5175106141763234,1.0,0.16703916820111134,0.0,0.3708142180187137,0.8643205506926215,0.42159810864820013,1.0,1.0,1.0,1.0,0.3888394222895671,0.8510605628127886,0.0,0.8607126536289152,0.7587875433184604,0.9537188264950874,0.0,1.0,1.0,0.8816546129142183,0.0,1.0,0.09503203584583138,1.0,0.9436352904921038,0.04278677342813079,1.0,0.2766301340180594,0.5447137420980084,0.0,1.0,0.93175168372709,0.07055903038984962,0.16822405250238878,0.7791113512608526,0.8507486131092502,1.0,0.9864911624814502,0.5495086527792143
gex_possorted_bam_1WGCZ:TTGCCCGTCCCTCAGTx-M2,0.07057386243814467,1.0,1.0,0.9198623078362405,0.0,0.0,1.0,0.8121238237920168,1.0,0.7117870620191512,0.028700366492576734,1.0,1.0,1.0,0.14948924290792961,1.0,0.2824959385649032,0.0,1.0,0.0,0.0,0.0,0.0,0.0,1.0,1.0,1.0,1.0,1.0,0.8533664911686436,1.0,0.17333891805715532,0.0,0.7993223988432689,1.0,0.2433338475595039,1.0,0.07775452653163975,0.08961809216084947,1.0,0.16336241139191204,1.0,1.0,1.0,0.13029083455953794,0.5175836797855855,1.0,1.0,1.0,0.5473700773325031,1.0,0.9166301438167314,0.0
gex_possorted_bam_1WGCZ:TTGGTGAGTTCCTGATx-M2,1.0,1.0,0.0,1.0,1.0,1.0,0.4148849647734595,1.0,0.6907444026672054,0.9928327045224113,0.016961382230574844,0.9009549943352638,1.0,0.27784245394580187,1.0,0.11171490259596185,0.0,0.5120452523358541,0.8838846923026845,0.6930302207569008,1.0,1.0,1.0,1.0,0.6798333256383223,0.9775667210646618,0.0,0.9431382864237378,0.888056483053502,1.0,0.5643653207248918,1.0,1.0,1.0,0.0,1.0,0.19753265029643688,1.0,1.0,0.012178210514287037,1.0,0.38042978633138935,0.6841011867417104,0.19968995224970934,1.0,1.0,0.22873475019000414,0.0,0.9531164464992775,1.0,0.9511588627451909,1.0,1.0
gex_possorted_bam_1WGCZ:TTGGGCCAGTCACTAAx-M2,1.0,1.0,0.0,1.0,1.0,1.0,0.38365809163826736,1.0,0.45934466826684606,1.0,0.5180939200921058,1.0,0.9660612896381418,0.3343470814392959,1.0,0.3319199393756158,0.16560570996581023,1.0,1.0,0.830360545197061,1.0,1.0,1.0,1.0,0.6364569831932791,1.0,0.0,0.8139112812564935,1.0,1.0,1.0,1.0,1.0,1.0,0.0,1.0,0.20848938991797977,1.0,1.0,0.0,1.0,0.03274733504525846,0.7343026003148296,0.4115514854438826,1.0,1.0,0.22999804752111255,0.0,1.0,1.0,1.0,1.0,1.0
gex_possorted_bam_1WGCZ:TTGTCCCAGTCATTTCx-M2,1.0,1.0,1.0,1.0,1.0,1.0,0.7246143306817449,1.0,1.0,1.0,0.0,0.5923471065754364,1.0,0.17549733502623766,0.5734272075184066,0.0,0.0,0.0,0.6167543667103959,1.0,1.0,1.0,1.0,0.8684549974209226,0.9813479692682295,1.0,0.3504107839729063,1.0,1.0,0.5809172439368951,0.0,0.5941511490120398,1.0,1.0,0.0,1.0,0.3229049289469832,1.0,1.0,0.0,1.0,0.9616235548322971,0.5105540260708633,0.8202870328715285,1.0,1.0,1.0,0.10749264051105452,1.0,1.0,1.0,0.9451608355303617,1.0
gex_possorted_bam_1WGCZ:TTGCAGCCACCCACAGx-M2,1.0,1.0,0.418661391401599,1.0,1.0,0.9064792616028041,0.20017540535302095,1.0,0.44009520159023047,1.0,0.0,0.9371957117086606,0.871523416444304,0.08160228593787881,1.0,0.0,0.0,0.0,0.811800422992149,0.7951216867295072,1.0,1.0,1.0,1.0,0.14819132955804148,1.0,0.0,1.0,1.0,1.0,0.4590237487327746,1.0,1.0,1.0,0.0,1.0,0.1961758332485615,1.0,1.0,0.0,1.0,0.31326760472726284,0.6779059840795648,0.34721084085655407,1.0,1.0,0.3175643054250308,0.04976192000207457,1.0,1.0,1.0,1.0,0.20286300028145102
gex_possorted_bam_1WGCZ:TTGGCTACATATAACCx-M2,1.0,1.0,0.0,1.0,1.0,1.0,0.39970830721314987,1.0,0.4548140304427347,1.0,0.5719818614883743,0.9738407719407884,0.9841672343277774,0.7997485971030184,1.0,0.5155053304245101,0.2024790326068292,1.0,1.0,0.8064396731706044,1.0,1.0,1.0,1.0,0.5704332857090533,1.0,0.0,1.0,1.0,1.0,1.0,1.0,1.0,1.0,0.0,1.0,0.29620960088289,1.0,1.0,0.0,0.9958643250922514,0.06561396148222474,0.5957127247841731,0.43527839736529883,1.0,1.0,0.314823698720346,0.0,1.0,1.0,1.0,1.0,1.0
gex_possorted_bam_1WGCZ:TTGTCCGGTAAGGTCCx-M2,1.0,1.0,0.0,1.0,1.0,1.0,0.4073501161246784,0.9997040640673395,0.012122779709822567,1.0,0.5586704418730624,0.6917650357922303,1.0,0.0,1.0,0.3591085003303661,0.35677376494396934,1.0,1.0,0.7209633373091707,1.0,1.0,1.0,1.0,0.6643299113700558,0.9478578569329946,0.0,0.9072163212334041,0.9230196807815476,1.0,0.48018001100780205,1.0,1.0,1.0,0.0,1.0,0.33098048429870386,1.0,1.0,0.0,0.9627603492158677,0.11948722695700427,0.8102610957585449,0.3904577718795433,1.0,1.0,0.1837305030677193,0.05046361733650962,0.9977309533798613,1.0,0.9961161365917491,1.0,0.7973537455819628
gex_possorted_bam_1WGCZ:TTGCAATCAGTTTCTCx-M2,0.35619447921982816,0.33619441710902853,1.0,0.5385967493951062,1.0,0.8767455419750495,1.0,0.7876210440603226,0.5413975627380019,0.8831650614839751,0.6017194339864509,0.0,0.5152539467206891,0.1852236454099722,0.4237168363990265,0.0,0.9801946133934879,0.6340952958058148,0.08113819829689756,1.0,0.6004954578222752,0.7475718156650998,0.7022062207039604,0.5039989951510736,0.3120570230183013,0.6473281649261322,0.5908888362373022,0.11783381772014455,0.521486314206765,0.2075508526847789,0.0,1.0,0.5596231891040311,0.4369482209045683,0.2829663717102001,0.3949018566933132,0.0,0.3811603895202579,0.5909429018746744,0.21193954743842738,1.0,0.0,0.16446981114472273,1.0,0.20632144928670287,0.5485096145108117,0.6420485059226851,0.0,0.5361294964935905,1.0,0.09872867320356665,0.2930026650131791,1.0
gex_possorted_bam_1WGCZ:TTGTGCGAGAGAGCCGx-M2,1.0,0.6456343452529346,1.0,1.0,1.0,0.7049756395059278,0.11081949048739266,1.0,0.0508346375197317,1.0,0.0,0.6655465834134914,0.7752617903792132,0.23468858041981072,1.0,0.09412261029115628,0.0,0.0,0.81606856815343,0.8187994885208358,1.0,1.0,1.0,1.0,0.15670735866561142,1.0,0.0,0.9691960315232441,1.0,1.0,0.16343420878457046,1.0,1.0,1.0,0.0,1.0,0.12414449023177627,1.0,1.0,0.0,1.0,0.05639614038099455,0.8885882766373153,0.28217459618435364,0.9972235929121351,1.0,0.6631602563420566,0.0,1.0,1.0,1.0,1.0,0.0
gex_possorted_bam_1WGCZ:TTGTGCCTCGACAAAGx-M2,0.06379529313443816,1.0,1.0,0.8651708171238827,0.0,0.0,1.0,0.8369272073406456,1.0,0.9003253545713027,0.0,1.0,1.0,1.0,0.14374259320066904,1.0,0.0,0.0,1.0,0.0,0.0,0.0,0.0,0.0,1.0,1.0,1.0,1.0,1.0,0.5422619564421001,1.0,0.05068788203216526,0.0,0.9173960714586678,1.0,0.2464370959635116,1.0,0.0,0.08865863389930087,1.0,0.0,1.0,1.0,1.0,0.0,0.5455566449536103,1.0,1.0,1.0,0.4748918072957208,1.0,1.0,0.28921336067915737
gex_possorted_bam_1WGCZ:TTGGTGAGTCGTAATGx-M2,1.0,1.0,0.1913653010219217,0.9802443227627199,1.0,1.0,0.5389341493719804,1.0,0.7156074783593753,1.0,0.18005943740468,0.9474769820083775,1.0,0.5280851282240012,1.0,0.10393070691554877,0.19868153959968088,0.8965250329430909,1.0,0.7328622977344316,1.0,1.0,1.0,1.0,0.850151263849296,1.0,0.0,0.9881548893602785,1.0,1.0,0.4408310140432524,1.0,1.0,1.0,0.0,1.0,0.18902918300697874,1.0,1.0,0.018405594266922023,1.0,0.543994820257166,0.819460057764819,0.15422283219153415,1.0,1.0,0.5488844827381858,0.0,1.0,1.0,1.0,1.0,0.7605158651229147
gex_possorted_bam_1WGCZ:TTGCATTTCCTTTACGx-M2,1.0,0.981238612880041,0.14888664450232764,1.0,1.0,1.0,0.6693623390071501,1.0,0.8268239376962349,1.0,0.0,0.6851140767176793,0.9693841964392542,0.10932975598191322,1.0,0.1356163128486212,0.0,0.30544273443484643,1.0,1.0,1.0,1.0,1.0,1.0,0.795208506117559,1.0,0.0,1.0,1.0,1.0,0.7900463810291699,1.0,1.0,1.0,0.0,1.0,0.20762709448608793,1.0,1.0,0.0,1.0,0.29175914760774907,0.8343824314278373,0.4501740137936217,1.0,1.0,0.35590711117328294,0.0008601142050550905,1.0,1.0,1.0,1.0,1.0
gex_possorted_bam_1WGCZ:TTGGAGGCAACATAAGx-M2,0.020702326472933505,1.0,1.0,0.9032353372722237,0.0,1.0,1.0,0.5404167944836843,1.0,0.5413369697629656,1.0,1.0,1.0,1.0,0.23851954342370577,1.0,1.0,1.0,1.0,0.0,0.0,0.0,0.0,0.0,1.0,1.0,1.0,1.0,1.0,1.0,1.0,0.0,0.0,0.7271003150222575,1.0,0.1924173152180377,1.0,0.15726219462213553,0.07275783071272542,1.0,0.14217535715708665,1.0,1.0,1.0,0.0,0.5423652864729644,1.0,1.0,1.0,0.3693928519271716,1.0,0.9345878440089207,0.0
gex_possorted_bam_1WGCZ:TTGGGCCAGGAGCACGx-M2,1.0,1.0,0.0,1.0,1.0,1.0,0.6506717517021603,1.0,0.5292478702252111,0.9890636428372948,0.18803129252427941,0.9681991527253622,1.0,0.5363926959488214,1.0,0.14964053280569795,0.027620849022308405,0.9172456984452811,1.0,0.7614415269559363,1.0,1.0,1.0,1.0,1.0,0.8841017743617919,0.0,0.6565918973753366,1.0,1.0,0.8182938302108209,1.0,1.0,1.0,0.0,1.0,0.1811898394644884,1.0,1.0,0.02073429291725379,0.9725266849321713,0.25403845199852254,0.7420473851424203,0.38333617471624853,1.0,1.0,0.1557301063970885,0.0,0.9721803348743496,1.0,1.0,1.0,0.837553368755363
gex_possorted_bam_1WGCZ:TTGTCAAAGGTCCTGAx-M2,1.0,0.9239371901738536,0.6494379130134275,1.0,1.0,1.0,0.0,1.0,0.1949466721604135,1.0,0.0,0.6757395719027715,0.9208779617608062,0.7649694967631275,1.0,0.23023940762689002,0.0,0.0,0.5018494783996897,0.6277873324441484,1.0,1.0,1.0,1.0,0.5555617732030526,1.0,0.0,0.8935037086519171,0.8428063265753092,1.0,0.5778348189091662,1.0,1.0,1.0,0.0,1.0,0.08280908096625499,1.0,1.0,0.0,1.0,0.08842047255991207,1.0,0.838771639159259,1.0,1.0,0.7451480893578661,0.0,1.0,1.0,1.0,1.0,1.0
gex_possorted_bam_1WGCZ:TTGTTCCCACAGAAACx-M2,0.0,1.0,1.0,0.8406433948041107,0.7675379187247168,0.0,1.0,1.0,1.0,1.0,0.0,1.0,1.0,1.0,0.0,1.0,0.12467086285367235,0.0,1.0,0.0,0.0,0.0,0.0,0.0,1.0,1.0,1.0,1.0,1.0,0.20380271837987318,1.0,0.2143053681208205,0.0,0.7737020818235656,1.0,0.16943719517075714,1.0,0.0,0.1714362251858903,1.0,1.0,1.0,1.0,1.0,0.0,0.6014169014391642,1.0,1.0,1.0,1.0,1.0,0.7332991919142713,0.712777637098042
gex_possorted_bam_1WGCZ:TTGTCCGGTAATCGTGx-M2,0.0453200461981757,1.0,1.0,1.0,0.0,0.0,1.0,0.6776813330129331,1.0,0.6395631587424729,0.0,1.0,1.0,1.0,0.12607815946978543,1.0,0.0,0.0,1.0,0.0,0.0,0.0,0.0,0.0,1.0,1.0,1.0,1.0,1.0,0.8188609725184576,1.0,0.008161268942059272,0.0,0.6674312706724397,1.0,0.19525860861960803,1.0,0.15835128850965946,0.08867247117132145,1.0,0.08189118739082413,1.0,1.0,1.0,0.0,0.5258942169264583,1.0,1.0,1.0,0.6370859221831107,1.0,1.0,0.0
gex_possorted_bam_1WGCZ:TTGCTCTCAACTGGGAx-M2,0.14854958059743922,1.0,1.0,1.0,0.0,0.0,1.0,0.812539858064817,1.0,0.6449348330701017,0.0,1.0,1.0,1.0,0.15768895295424395,1.0,0.0,0.0,1.0,0.0,0.0,0.0,0.0,0.0,1.0,1.0,1.0,1.0,1.0,0.9883061471301264,1.0,0.46472535478665383,0.0,1.0,1.0,0.2829904965259286,1.0,0.14694099481983963,0.15323893985382872,1.0,0.27473112768338476,1.0,1.0,0.8509293117179474,0.08223932787580446,0.657061795547274,1.0,1.0,1.0,0.6957518419578081,1.0,1.0,0.0
gex_possorted_bam_1WGCZ:TTGGGCGGTTCAAGATx-M2,0.0,0.14322216750772865,0.3989580111159734,0.17036408562156105,0.0,0.0,1.0,0.1965407364817747,1.0,0.0,1.0,0.7998264234319357,0.8285095036880099,1.0,0.0,1.0,1.0,0.7724209396270674,1.0,0.0,0.0,0.0,0.0,0.0,1.0,0.30312577441369243,1.0,0.45157228291080453,0.26372526804315805,0.0,0.0,0.0,0.0,0.1480274271231047,1.0,0.0,1.0,0.0,0.0,1.0,0.0,1.0,1.0,1.0,0.0,0.030056588242624863,1.0,1.0,0.09164776498578948,0.0,0.7217967171823784,0.07595165723070847,0.0
gex_possorted_bam_1WGCZ:TTGGGCCAGTTGGGCCx-M2,1.0,0.9630512127345303,0.0,1.0,1.0,0.7105112732836095,0.22381406623943118,1.0,0.42399316713657254,0.9752170530035587,0.0,1.0,0.9061677261320364,0.6723756073049144,1.0,0.21032425589503917,0.0,0.0,0.6201758659384592,0.4510494263209173,1.0,0.8823928206919829,1.0,1.0,0.3046069139458353,1.0,0.0,0.8623033532267022,0.7502922415556986,1.0,0.026743076817226902,1.0,1.0,1.0,0.0,1.0,0.23725435329288497,1.0,1.0,0.0,1.0,0.2532945293455678,0.6765007852458876,0.0,1.0,1.0,0.579123870273297,0.09365267473561022,0.9529749117138396,1.0,0.993243497310404,0.9087326269570482,0.00913786672029272
gex_possorted_bam_1WGCZ:TTGGAGGCACCGGCTAx-M2,1.0,0.8974822650693771,0.8306763890398456,1.0,1.0,0.557806334751685,0.1429728734929746,1.0,0.734603884351364,1.0,0.0,1.0,0.9031671927433198,0.21225884614588048,1.0,0.022355460332847372,0.0,0.0,0.5994970694243927,0.6775427818726224,1.0,1.0,1.0,1.0,0.23362329409693,1.0,0.0,0.882441441106933,0.6461055398231579,1.0,0.0,1.0,1.0,1.0,0.0,1.0,0.0,1.0,1.0,0.0,1.0,0.06526159927192188,1.0,0.43343941690922566,1.0,1.0,0.8482552579148245,0.0,1.0,1.0,1.0,1.0,0.0
gex_possorted_bam_1WGCZ:TTGCAGCCAGCAAGTGx-M2,1.0,1.0,0.0,1.0,1.0,1.0,0.44899711585629115,1.0,0.35457793044754843,1.0,0.47914099625611806,0.7534726972394358,0.9994469846080194,0.48207096373746555,1.0,0.31600868031911955,0.1298140940837572,1.0,1.0,0.8826307786223724,1.0,1.0,1.0,1.0,0.7645148574752428,0.9720081794039288,0.0,1.0,1.0,1.0,0.971573511532395,1.0,1.0,1.0,0.0,1.0,0.0685077304982776,1.0,1.0,0.0,1.0,0.0,0.7636303568996206,0.37653347604723253,1.0,1.0,0.3191600621920543,0.0,1.0,1.0,1.0,1.0,1.0
gex_possorted_bam_1WGCZ:TTGCAATCACTTCACTx-M2,0.04963709023515276,1.0,1.0,0.9317060466183411,0.10287431922257091,1.0,1.0,0.5031831465983201,1.0,0.627124549578296,1.0,1.0,1.0,1.0,0.21661778864676032,1.0,1.0,1.0,1.0,0.0,0.0,0.0,0.0,0.0,1.0,1.0,1.0,1.0,1.0,1.0,1.0,0.0,0.0,0.6220594115063839,1.0,0.23553876396771067,1.0,0.22206345612155245,0.24175871622339326,1.0,0.12423738802033604,1.0,1.0,1.0,0.09668243276158721,0.5957333972491867,1.0,1.0,1.0,0.3798453344870463,1.0,1.0,0.0
gex_possorted_bam_1WGCZ:TTGTTCCCAGCAACCTx-M2,0.6860878097735125,1.0,0.8831301793993808,0.7699296018065933,0.05520772165170634,0.9828616997521942,1.0,1.0,0.7545895246437407,1.0,0.0,1.0,0.9701566601065811,1.0,0.9633754876520747,1.0,0.0,0.06423263302371297,0.5983436495953506,0.25848883161389413,0.7395561694327758,0.553019291693108,0.6029816816254913,0.8389734271652268,1.0,0.7682633296222819,0.0,0.9798293447566137,1.0,0.5403835506449283,1.0,0.6350584101531707,0.6664976104493654,1.0,0.221400937125627,1.0,1.0,0.7458614349113454,0.7952674945978534,1.0,0.5959374274149484,0.6342782360417586,0.9276764221523243,1.0,0.8694352369175936,0.9335639106457497,0.3895185872726764,0.34677032879241,0.9272303552320658,0.9214870881376124,1.0,0.8535379901833838,0.5506691005632708
gex_possorted_bam_1WGCZ:TTGTGCCTCCTAAATGx-M2,0.8967830273744823,0.540229303688601,0.0,0.733073859670643,0.9357404652995492,1.0,0.0,0.7490468071269539,0.3598540770148984,0.6663533133057936,0.7698308506434416,0.17643408458341323,0.4599827960802126,0.4806603564764958,0.7659965931034646,0.2273134131346988,0.4914734699083714,1.0,0.8837217517697918,0.4751433796855249,1.0,1.0,0.8906914283851273,1.0,0.21797288360825048,0.647280062842688,0.0,0.6494159017439719,0.6420866697303385,0.8474668375862205,0.3358195485096244,0.901762090455356,0.8217373830990257,0.7043083539752845,0.0027364014618055164,0.8948519824798077,0.09733070111667899,0.7613761274190218,0.7417038186141864,0.0,0.8930121110911943,0.1974182470376239,0.381973191531551,0.0,0.9255139593055155,0.779934419581625,0.0,0.2656213491759271,0.6335152492788968,0.8090987564970291,0.6101242945894712,0.797519608799414,0.8788085776778785
gex_possorted_bam_1WGCZ:TTGCATTTCTGTGCCTx-M2,1.0,0.7787745262828685,0.39861438557353784,1.0,1.0,0.7420761845714875,0.053412189698998074,0.9742070404052966,0.8312323351591627,1.0,0.0,0.951419067228376,0.8605663286981131,0.47606314921199605,1.0,0.4378823324375316,0.0,0.0,0.42942192860046735,0.7458009502621828,0.9075719638880051,0.9876158410685993,1.0,1.0,0.4937125211529571,1.0,0.0,0.7585834962203346,0.8731411618527327,1.0,0.0,1.0,1.0,0.8935299432384983,0.0,0.9548732505564006,0.055636436155677975,0.8738873031830813,0.9480466330126572,0.0,1.0,0.2741697891886232,0.7660080091895778,0.0,1.0,0.9551788463296698,0.4013476771858062,0.1314532742429698,0.8569058502735247,1.0,0.6183156234153668,0.854148544168249,0.3990601039005965
gex_possorted_bam_1WGCZ:TTGTGTGCAGATTCATx-M2,0.06468517306917453,1.0,1.0,0.9811071463940851,0.07803717646106002,0.0,1.0,0.8403396091778095,1.0,1.0,0.0,1.0,1.0,1.0,0.15127349887325847,1.0,0.0,0.0,1.0,0.0,0.0,0.0,0.0,0.0,1.0,1.0,1.0,1.0,1.0,0.7875584077197554,1.0,0.2865231600307008,0.0,0.8564737824227957,1.0,0.3055332313744584,1.0,0.08192768256474893,0.094043009348261,1.0,0.09919724020913076,1.0,1.0,1.0,0.05891403727402374,0.5256003302523096,1.0,1.0,1.0,0.6714788668845459,1.0,1.0,0.0
gex_possorted_bam_1WGCZ:TTGGCGGGTGTAACCAx-M2,0.06971819776609008,1.0,0.7198366035891339,0.941555241528962,0.0,0.45436020924475357,1.0,0.6012516560498,1.0,0.2932148929958387,1.0,1.0,1.0,1.0,0.04632877618444181,1.0,1.0,1.0,1.0,0.0,0.0,0.0,0.0,0.0,1.0,1.0,1.0,1.0,1.0,1.0,1.0,0.0,0.0,0.7011382835511627,1.0,0.13513657132714235,1.0,0.0962584337055804,0.116815341219058,1.0,0.11368533445515436,1.0,1.0,1.0,0.0,0.5934688685695836,1.0,1.0,1.0,0.5088164278515167,1.0,0.9769297860485668,0.0
gex_possorted_bam_1WGCZ:TTGCCCGTCATTAGCAx-M2,0.045897944411485155,1.0,1.0,0.9851228080049858,0.0,0.0,1.0,0.692342730161803,1.0,0.8279000890326348,0.0,1.0,1.0,1.0,0.24348745766569505,1.0,0.0,0.0,1.0,0.0,0.0,0.0,0.0,0.0,1.0,1.0,1.0,1.0,1.0,0.8497586012961914,1.0,0.0,0.0,0.7904462016557279,1.0,0.1956615137459485,1.0,0.09761197842099875,0.20908697774471552,1.0,0.0003447373105985528,1.0,1.0,1.0,0.0,0.5908047289060355,1.0,1.0,1.0,0.45945476548271497,1.0,1.0,0.11182028787128219
gex_possorted_bam_1WGCZ:TTGCTCTCATAGCGGAx-M2,0.03359756556610327,1.0,1.0,1.0,0.24267994552230918,0.0,1.0,0.7132227668907166,1.0,0.7982420800272979,0.0,1.0,1.0,1.0,0.14143587056638174,1.0,0.0,0.0,1.0,0.0,0.0,0.0,0.0,0.0,1.0,1.0,1.0,1.0,1.0,0.8840887552283162,1.0,0.20150460465377815,0.0,0.7592627517693356,1.0,0.23961368580487363,1.0,0.08709058324354,0.0,1.0,0.0,1.0,1.0,1.0,0.0,0.49589910276693583,1.0,1.0,1.0,0.616114371673033,1.0,1.0,0.32215239812920043
gex_possorted_bam_1WGCZ:TTGCCCGTCTGCAAGTx-M2,1.0,1.0,0.0,0.9826196012029348,1.0,1.0,0.29258377407376,0.9406157644276752,0.0,1.0,0.91342679027996,0.9031898589230762,0.8754944148608692,0.26129505452687246,1.0,0.1854308699191886,0.6932133296095907,1.0,1.0,0.47555683481232475,1.0,1.0,1.0,1.0,0.7244172895906491,0.841484209701801,0.0,0.8304632986085385,0.77866947689707,1.0,1.0,1.0,1.0,0.8695467015273872,0.12370668280304853,1.0,0.0,1.0,1.0,0.0,0.7829646132024839,0.7420449439008089,0.36657633811187973,0.30068856892450124,1.0,0.9693883089255243,0.06138379291973375,0.5362952998748983,0.9380320148822106,1.0,1.0,1.0,1.0
gex_possorted_bam_1WGCZ:TTGGCTTGTTGAAGCCx-M2,1.0,0.9536260104540533,0.0,1.0,1.0,1.0,0.6353986799683449,1.0,0.8891517881444722,0.9987292205544037,0.23911912425072154,0.8551436126122648,1.0,0.7211643315747431,1.0,0.5518313867772988,0.052026182499191435,0.8211471997459547,1.0,0.5634506706125612,1.0,1.0,1.0,1.0,0.9395202823087793,0.9218340455538594,0.0,0.9626004910262956,0.9823288312916595,1.0,0.728709171708576,1.0,1.0,1.0,0.020910186466385143,1.0,0.6130947275112348,1.0,1.0,0.059957340517675733,1.0,0.5112821436396205,0.7804533448665973,0.309840041398588,1.0,1.0,0.43056537823602503,0.4214976684737459,0.9069279740003715,1.0,0.9382658872923776,1.0,0.9047756944678784
gex_possorted_bam_1WGCZ:TTGGGCGGTTGGTTGAx-M2,0.3251253706070059,1.0,1.0,1.0,0.3314114251247136,0.6223618800412815,1.0,0.7920372943466822,1.0,0.9289411144840609,0.4806197512728826,1.0,1.0,1.0,0.47476476410738483,1.0,0.7431831292482397,0.9830436135160449,1.0,0.0,0.0,0.0,0.12005165993615013,0.0,1.0,1.0,1.0,1.0,1.0,1.0,1.0,0.22742982209179616,0.09956672748435282,0.874431023002542,1.0,0.4884516505029058,1.0,0.4040291304573146,0.44868876222597986,1.0,0.5437296399285045,1.0,1.0,1.0,0.35191441288487574,0.7036221208329764,1.0,1.0,1.0,0.7132466093372414,1.0,1.0,0.0
gex_possorted_bam_1WGCZ:TTGCACACAATCCTGAx-M2,0.02692901895814079,1.0,1.0,0.8326773354552327,0.0,0.0,1.0,0.5851292155287844,1.0,0.5626216485951752,0.3358090073970188,1.0,1.0,1.0,0.03197836371761879,1.0,0.49072697228454926,0.554683297434397,1.0,0.0,0.0,0.0,0.0,0.0,1.0,1.0,1.0,1.0,1.0,1.0,1.0,0.0731570596938215,0.0,0.6461748183055872,1.0,0.21429403106108932,1.0,0.1444517529955288,0.18577186120356437,1.0,0.13795752061901642,1.0,1.0,1.0,0.052552647190384244,0.5021473824480218,1.0,1.0,1.0,0.37636595317005267,1.0,0.8909247543486952,0.0
gex_possorted_bam_1WGCZ:TTGGTGAGTTGTTCACx-M2,1.0,0.9027454854508774,0.0,1.0,1.0,1.0,0.43223392249860426,1.0,0.48672361704986994,1.0,0.26417396906088675,0.5945785501089004,1.0,0.35550070780305465,1.0,0.00406317095129309,0.0,0.7849059180953172,1.0,0.6407538906491413,1.0,1.0,1.0,1.0,0.7193634489680689,0.9516107361214302,0.0,0.9050460942982451,0.8502050764291038,1.0,0.6931510757766071,1.0,1.0,1.0,0.0,1.0,0.0,1.0,1.0,0.0,1.0,0.16577580872744718,0.641985748783027,0.0,1.0,1.0,0.0,0.0,0.8858045940556928,1.0,0.8383495959116848,1.0,1.0
gex_possorted_bam_1WGCZ:TTGCAACAGGTCCTGAx-M2,1.0,1.0,0.23801022526267981,1.0,1.0,0.6214465571725868,0.6010437629608621,1.0,1.0,1.0,0.0,0.6539438628799965,1.0,0.6507271011470677,1.0,0.6582733248164571,0.0,0.0,0.6085082814044083,0.31969032325304947,0.8638903522392328,0.7642304249671318,1.0,0.978551720295544,0.6380460944011076,1.0,0.16965082757426528,0.9835164776864702,0.8266529407409201,1.0,0.7246933325331648,1.0,1.0,1.0,0.08625872183934057,0.9670054399706605,0.6419084643235288,1.0,1.0,0.0,1.0,0.36873561644296704,0.9265844106306859,0.4927937437709772,1.0,1.0,0.926244215336227,0.0,1.0,1.0,0.7494729957834748,0.9640580510652517,0.0
gex_possorted_bam_1WGCZ:TTGTTCCCAAAGCTCCx-M2,0.04438860644791708,1.0,1.0,0.8820174893430627,0.0,0.23790057890973643,1.0,0.6008799655761708,1.0,0.5693388989443634,0.8470685698648643,1.0,1.0,1.0,0.12087969529969192,1.0,1.0,1.0,1.0,0.0,0.0,0.0,0.0,0.0,1.0,1.0,1.0,1.0,1.0,0.9830336504038566,1.0,0.0,0.0,0.691186943554984,1.0,0.17906174016272636,1.0,0.08308161957351086,0.10531624496361428,1.0,0.12974959622283402,1.0,1.0,1.0,0.006787620158078147,0.5151738271768155,1.0,1.0,1.0,0.377633496335518,1.0,0.8598562318031499,0.0
gex_possorted_bam_1WGCZ:TTGTCCCAGCTACTGGx-M2,0.3321720160893884,0.0,0.5988472464415211,0.25638900232848955,0.9168615491231608,0.7092586270321506,0.0,0.21900478085852879,0.0,0.4160395313114982,0.59475874121197,0.0,0.2636005045329076,0.0,0.5072255842045181,0.07666244830704592,0.7322821491465239,0.3476980235211232,0.0,1.0,0.9441300846299492,0.858399164136475,0.5067806389766684,0.7025834487388715,0.0,0.28948458378583997,0.4373725383375056,0.2737270931991581,0.10782401084939824,0.3224397408344682,0.4108797496208,0.4570930034575613,0.5016445449482296,0.32172474620724517,0.2836504731896781,0.28335832161682584,0.08581582921485612,0.15141637878653033,0.3275247744588798,0.27860240529051006,0.6833160984735447,0.1326047860968327,0.08700421188967908,0.4985645745211324,0.3793020317239058,0.35042252647404654,0.3307449330203723,0.5471515094263875,0.26685644840042827,0.6538460449790585,0.08728157051791102,0.21187983401094224,1.0
gex_possorted_bam_1WGCZ:TTGGATCAGTCATTTCx-M2,0.05517451099597134,1.0,1.0,1.0,0.35604264498075755,0.0,1.0,0.7951528152193998,1.0,0.8960056753832177,0.0,1.0,1.0,1.0,0.14362508964737317,1.0,0.0,0.0,1.0,0.0,0.0,0.0,0.0,0.0,1.0,1.0,1.0,1.0,1.0,0.7530116953042759,1.0,0.27664587707882543,0.0,1.0,1.0,0.28662332365698145,1.0,0.0,0.0522472565047819,1.0,0.1556873671457677,1.0,1.0,0.0917317317181844,0.032005330970788774,0.5582214415456416,1.0,1.0,1.0,0.8047797934408901,1.0,1.0,0.31076683441848785
gex_possorted_bam_1WGCZ:TTGCTTAGTTGGTTAGx-M2,1.0,0.8366811313633679,0.0,0.9453497406738505,0.8555951577896944,0.950744041695971,0.2887753967405756,1.0,0.9630133572981004,0.8206918496499245,0.0,0.9156668735531395,0.8764561483017179,0.3745787465521266,0.8950752492641507,0.0,0.0,0.0,0.6592107736554709,0.6567504321957057,1.0,0.9998154174603647,1.0,1.0,0.7188521520935812,0.9068569731415518,0.0,0.8032742905730215,0.6004256191896352,0.7701114496603655,0.07032260490462643,1.0,1.0,1.0,0.0,1.0,0.19090127800422435,0.9752471031307868,0.9525927323823333,0.0,1.0,0.4017615487516919,0.8036524192783363,0.08043791584443084,1.0,1.0,0.853730502703779,0.13371498456619685,0.884258376734891,1.0,0.8317021016178351,0.8926347542495204,0.4407825890247432
gex_possorted_bam_1WGCZ:TTGGCTTGTTAACGATx-M2,1.0,0.9227151939526571,0.0,0.9269808176201286,0.9068552428884755,1.0,0.5736114543067942,1.0,0.2939145444756646,0.8783082463867294,0.10313207594767036,0.6984332003367683,0.8584754978600687,0.3874671623173192,0.9958784660193484,0.17360709379299324,0.0,0.5858764138964432,0.8352474868204038,0.23920142128920663,1.0,1.0,0.9551514322445855,1.0,0.5787738189786109,0.7373623489973892,0.0,0.7776728782324528,0.8987245706863257,0.830720622039934,0.6075901938358031,1.0,0.9701910922643038,0.9794462248549982,0.0,1.0,0.15204242288960632,0.9309906527820218,0.9341353063362852,0.06422909792915026,0.7925639741976603,0.22289581407909725,0.4497372998661944,0.0,1.0,0.9490757697827555,0.0,0.08555236997802108,0.7958162880701187,0.8933801194452593,0.8548815381787536,0.9976306860288812,1.0
gex_possorted_bam_1WGCZ:TTGGGTTAGGCGCACTx-M2,1.0,1.0,0.0,0.9998995112513585,1.0,1.0,0.3251733262391106,1.0,0.9327337064427939,0.7529083609571595,0.3080078744855098,1.0,1.0,0.22887642221490426,0.7834926782545404,0.8294250094003743,0.2902379353281324,0.8745837966272609,0.7630020780435461,0.642232950898684,1.0,1.0,0.9951479218151049,1.0,0.9539843670285306,0.8687565546908012,0.48346764992919644,0.7049157425247211,1.0,0.8140152514231846,1.0,0.5933937035217738,0.999644720869205,0.7527051968934727,0.3288754095705578,1.0,1.0,1.0,0.9457785324251109,0.0,0.9537198373276932,0.00257111606254523,0.7798501966155882,1.0,1.0,1.0,0.9818372136058489,0.5221810616820355,0.6342793893755817,1.0,0.6945695918905854,0.986351901671911,1.0
gex_possorted_bam_1WGCZ:TTGTCAAAGCGGATTTx-M2,1.0,0.814134192424816,0.0,1.0,1.0,1.0,0.4692669868228888,1.0,0.5761749936967809,1.0,0.0,1.0,1.0,0.545679730214853,1.0,0.15470666936717345,0.0,0.2357728834977647,0.9541197841689543,0.6854605493035372,1.0,1.0,1.0,1.0,0.6196657913848087,1.0,0.0,0.7986990871814801,0.7935575944782881,1.0,0.7741921969910467,1.0,1.0,1.0,0.0,1.0,0.13555558046666347,1.0,1.0,0.0,1.0,0.2277769753380113,0.8003629148527823,0.16863483842049706,1.0,1.0,0.5107205536322459,0.0,1.0,1.0,1.0,1.0,0.845831342402619
gex_possorted_bam_1WGCZ:TTGGCTTGTTACAAACx-M2,1.0,0.560930216854555,0.0,0.7505651576418989,1.0,0.9385536628646044,0.06109614412370247,0.8155506544361637,0.7870467345724089,0.9236044838940376,0.227269634353322,0.615677881332282,0.6640531218979471,0.21608244780845764,0.8552501223945954,0.0741625929748562,0.15042964060193628,0.7605105147677605,0.9759124097093483,0.13709563362445162,1.0,1.0,0.9597596433789981,1.0,0.7281241902138401,0.8770241998684235,0.0,0.34472063854717266,0.4554629339398762,0.8546270465493038,0.41220668657038856,0.7110433079628219,0.9237259957403848,0.8301799418066974,0.0,0.8999579932188985,0.12124018198597536,1.0,0.8479271220092452,0.09093302462191788,1.0,0.3300673948213707,0.5989958466885524,0.0,0.9827949498784895,0.826101330666647,0.0,0.0,0.7115752731818159,0.8252850349840088,0.8204022868472243,0.8760856439287967,0.9575898851300422
gex_possorted_bam_1WGCZ:TTGCAAGGTGTGAGGAx-M2,1.0,0.9193381792702702,0.0,1.0,1.0,1.0,0.3365407596715932,1.0,0.6561962045203359,1.0,0.5435533744878456,0.9218665683624553,0.8467227451634086,0.23420033274361224,1.0,0.23533770848357477,0.19544513430746713,1.0,1.0,0.5894268623310813,1.0,1.0,1.0,1.0,0.7657757080273485,1.0,0.0,0.8733919196006305,1.0,1.0,0.9996488109698732,1.0,1.0,1.0,0.0,1.0,0.10376145515995605,1.0,1.0,0.0,1.0,0.0,0.7541157863999624,0.19287467533766153,1.0,1.0,0.1943507805408757,0.0,0.9406679877210966,1.0,0.9154411598814972,1.0,0.9957599706800873
gex_possorted_bam_1WGCZ:TTGGAGGCATCCTGAAx-M2,1.0,1.0,0.14538881374112242,1.0,0.6861272077156303,1.0,1.0,1.0,0.5777166233201836,1.0,0.0,1.0,1.0,0.8500554396862171,1.0,0.6649070555026584,0.0,0.09471890211822251,0.7835815359377195,0.7310641579848586,1.0,1.0,0.9619533528280648,1.0,1.0,0.9237432771053428,0.0,1.0,1.0,0.9515267426024802,1.0,1.0,1.0,1.0,0.0,1.0,0.44983480073717974,1.0,1.0,0.43558827591218846,0.7142358286363394,0.3815068297600501,0.7877529782096815,0.690189619493194,1.0,1.0,0.30949006309013755,0.0,1.0,1.0,1.0,1.0,0.8751391532921086
gex_possorted_bam_1WGCZ:TTGTAAGTCCAAATCAx-M2,0.0632508498446397,1.0,1.0,0.9180940822337689,0.0,0.5546748612904164,1.0,0.7741330834073049,1.0,0.4869884362338398,1.0,1.0,1.0,1.0,0.0868428880145759,1.0,1.0,1.0,1.0,0.0,0.0,0.0,0.0,0.0,1.0,1.0,1.0,1.0,1.0,1.0,1.0,0.0,0.0,0.6888265686234972,1.0,0.2255169700054377,1.0,0.10681746184362087,0.07229396899388124,1.0,0.07409230479995256,1.0,1.0,1.0,0.05385511261093265,0.5455857716468789,1.0,1.0,1.0,0.369743898588165,1.0,0.8962256274405174,0.0
gex_possorted_bam_1WGCZ:TTGTTGTTCAATAGCCx-M2,1.0,1.0,0.0,1.0,1.0,1.0,0.48179870850765494,1.0,0.0,1.0,0.49730389596248237,0.30205491397999334,1.0,0.22168110487426643,1.0,0.3979959218255881,0.1146097427276541,1.0,1.0,0.9007954581641602,1.0,1.0,1.0,1.0,0.8002583224567865,1.0,0.0,1.0,1.0,1.0,1.0,1.0,1.0,1.0,0.0,1.0,0.08244201744312402,1.0,1.0,0.07155640367762528,0.9500788463557633,0.2807598888248619,0.7998510340441334,0.7677058574302748,1.0,1.0,0.21662347009064267,0.0,0.9986364897513474,1.0,1.0,1.0,1.0
gex_possorted_bam_1WGCZ:TTGGCGGGTGCTGTAAx-M2,0.974628379720859,1.0,0.9664864629506706,1.0,1.0,0.5575650975612644,0.8062087348327913,0.9357869163477358,0.6622329952699668,1.0,0.0,1.0,1.0,0.9211444658172453,1.0,0.0,0.0,0.0,0.7397128968306657,0.8022400849702317,0.10389867013623727,0.5924745520390959,1.0,0.5264710036912544,1.0,1.0,0.4874497357935552,0.6447641044891712,1.0,0.838899014054356,0.0,1.0,1.0,0.9605010975340145,0.2190742702061387,1.0,0.6838737849005678,1.0,1.0,0.17274249994325372,1.0,0.6767996420689628,0.7485778528969054,0.30244257521307005,1.0,0.9709088159302652,0.5343846474878798,0.8033771116020677,0.9513850173723156,1.0,0.8533916450812917,0.9687401473917355,0.0
gex_possorted_bam_1WGCZ:TTGGAGGCAAGTTATCx-M2,0.07390180227860824,1.0,0.19263772999624842,0.8745195339411882,0.0,0.0,1.0,0.9628862645324383,1.0,0.4271888461678116,0.0,1.0,1.0,1.0,0.0,1.0,0.0,0.0,1.0,0.0,0.0,0.0,0.0,0.0,1.0,1.0,1.0,1.0,1.0,0.6089505075691068,0.801178804014182,0.12313197636764986,0.0,0.8300822851675895,1.0,0.22147631601266254,1.0,0.0,0.0,1.0,0.17596631665348025,1.0,1.0,0.08039801156212249,0.088878397576586,0.49582372215998677,1.0,1.0,0.8767120864051328,0.5336930296312887,1.0,0.7579382522133143,0.0
gex_possorted_bam_1WGCZ:TTGCGAGTCATGCAACx-M2,0.8762896704161599,1.0,1.0,1.0,1.0,0.95261898299743,1.0,1.0,1.0,1.0,0.0,0.1196031862091306,1.0,0.8188282275603839,0.853797110657754,0.17296699579495953,0.0,0.0,0.7462882129342963,1.0,0.7588886894041816,0.671261110505928,1.0,0.32851655698267374,1.0,1.0,0.5190784596631607,0.8961608603449172,1.0,0.48579200311719634,0.19898509139498366,1.0,1.0,1.0,0.20612863450656785,1.0,0.0,1.0,1.0,0.15180222069316343,1.0,0.13584272150410737,0.8965013629358412,1.0,0.6525024132153995,1.0,1.0,0.0,1.0,1.0,0.6203308759237104,0.9787640677609657,0.7470479523416683
gex_possorted_bam_1WGCZ:TTGGGCGGTAGGATCCx-M2,1.0,0.9589852271600922,0.10381848943050216,1.0,1.0,0.9978353746565936,0.31837348757135814,1.0,0.3501846523563182,1.0,0.0,0.9437164846355139,0.8094685180116646,0.31697057885594493,1.0,0.3303704492021319,0.0,0.0,0.8280459408035239,0.79555976600906,1.0,1.0,1.0,1.0,0.4848817601238021,1.0,0.0,0.818182749199315,0.7374944469709586,1.0,0.21182972193790248,1.0,1.0,1.0,0.0,1.0,0.0,1.0,1.0,0.0,1.0,0.06127620108120914,0.8950687218715508,0.0,1.0,1.0,0.8065605031469371,0.16126274233293048,0.9716813272211082,1.0,0.899114077449959,1.0,0.47781139307110093
gex_possorted_bam_1WGCZ:TTGTTTGGTCTTACTAx-M2,1.0,0.6959516932159919,0.9727696228521436,1.0,1.0,0.40290979546925165,0.20130195297802184,1.0,0.23244673080622294,1.0,0.0,1.0,0.8933192873497093,0.20929902920287485,1.0,0.19097136691579927,0.0,0.0,0.6656548974571848,0.8167473401211722,1.0,0.9324007893527426,1.0,1.0,0.0,1.0,0.0,1.0,0.9886910962890536,1.0,0.07021096235963946,1.0,1.0,1.0,0.0,1.0,0.15962700808923108,1.0,1.0,0.0,1.0,0.0,0.9248248448238122,0.33690250578772885,1.0,1.0,0.8145448931786179,0.0,1.0,1.0,1.0,1.0,0.0
gex_possorted_bam_1WGCZ:TTGGCTACAGTAGCCTx-M2,1.0,0.9106059507850182,0.0,1.0,1.0,1.0,0.5812270125844017,1.0,0.0,1.0,0.8687179906315055,0.6370467172053446,1.0,0.528373138996881,1.0,0.42360621755923644,0.4130343257308306,1.0,1.0,0.9479380424749662,1.0,1.0,1.0,1.0,0.7601516415619387,0.9019621587934145,0.0,1.0,1.0,1.0,1.0,1.0,1.0,1.0,0.0,1.0,0.1485686176790852,1.0,1.0,0.0,0.778253368638813,0.0,0.6363328189552059,0.16183956530563223,1.0,1.0,0.23877116132211687,0.0,1.0,0.9530466451423616,1.0,1.0,1.0
gex_possorted_bam_1WGCZ:TTGCAGCCAGGAACTGx-M2,1.0,1.0,0.20452829735779815,1.0,1.0,1.0,0.5575976742078185,1.0,0.5152570367098348,1.0,0.050912897544771976,0.7095434822835492,1.0,0.5204009795807907,1.0,0.5875295262892378,0.0,0.7962442155495043,0.8928755419653108,0.8638512160100372,1.0,1.0,1.0,1.0,0.9871273620832447,1.0,0.0,1.0,1.0,1.0,0.7000177343882157,1.0,1.0,1.0,0.0,1.0,0.09319032559517884,1.0,1.0,0.0536595043900006,1.0,0.3906645695276079,1.0,1.0,1.0,1.0,0.6946909797731825,0.0,1.0,1.0,0.853712974133097,1.0,1.0
gex_possorted_bam_1WGCZ:TTGCTTTAGACTTACAx-M2,0.889824112090456,1.0,0.18863555539461963,1.0,0.9691340415479303,0.1824607414925023,1.0,1.0,1.0,1.0,0.0,0.4315491613082007,1.0,0.648475222996055,0.82862417094702,0.25276251826632595,0.0,0.0,0.3525602555569752,0.9245927006633662,0.6649319900534911,0.3350201606339624,0.9905591418622618,0.44810801068652933,1.0,1.0,0.6480539903649423,0.8731525226596674,1.0,0.1774686960087122,0.18426302997806987,1.0,0.9548959818755123,1.0,0.3209444132861592,0.9015740258331425,0.44373630587093604,0.9254479630148853,1.0,0.2813229315150161,1.0,0.22694348554955893,0.4484738674000817,1.0,0.7591863291799387,1.0,1.0,0.0,1.0,1.0,0.5085792958120181,0.6872359152519733,0.08907718330453752
gex_possorted_bam_1WGCZ:TTGGGTTAGGACAATGx-M2,0.0835309316655791,1.0,1.0,0.9855253258413788,0.0583025625974539,0.0,1.0,0.8272131176756113,1.0,1.0,0.14861435921503788,1.0,1.0,1.0,0.2602852641648777,1.0,0.772458844229615,0.6518554503156083,1.0,0.0,0.0,0.0,0.0,0.0,1.0,1.0,1.0,1.0,1.0,1.0,1.0,0.16737603700528716,0.0,0.8692933714546126,1.0,0.3119212110661286,1.0,0.14686727014249498,0.13788310298049528,1.0,0.3638673887916493,1.0,1.0,1.0,0.16876315891885726,0.5642431083053984,1.0,1.0,1.0,0.5591921630706584,1.0,0.9263112770249827,0.0
gex_possorted_bam_1WGCZ:TTGCCCGTCCTAATAGx-M2,1.0,0.9794281165406907,0.13495986744565905,1.0,1.0,1.0,0.47213480837087746,1.0,0.8174023357677936,1.0,0.31961352417958216,1.0,1.0,0.31244986201777036,1.0,0.08064053572103808,0.08611281530195924,0.7795107163234538,1.0,0.7767828320080722,1.0,1.0,1.0,1.0,0.6975885255963126,0.9835457158115338,0.0,1.0,1.0,1.0,0.7767453166355397,1.0,1.0,1.0,0.0,1.0,0.16476952779837195,1.0,1.0,0.0,1.0,0.2707983651824169,0.8759959147687785,0.6880022707783672,1.0,1.0,0.4632972107047596,0.0,1.0,1.0,1.0,1.0,1.0
gex_possorted_bam_1WGCZ:TTGTCCCAGGCTATGTx-M2,1.0,1.0,0.0,1.0,1.0,0.9237757998297869,0.1502209695082379,1.0,0.4588139317249667,1.0,0.0,0.9440840404244722,1.0,0.3230090779801831,1.0,0.40699437418012174,0.0,0.0,1.0,0.598356509460551,1.0,1.0,1.0,1.0,0.12033113349958509,1.0,0.0,1.0,1.0,1.0,0.4734728515044559,1.0,1.0,0.9859401958562084,0.0,1.0,0.15838723150680487,1.0,1.0,0.0,1.0,0.6488172584552694,0.5929979409386292,0.5723794642789922,1.0,1.0,0.5986593423121361,0.0,1.0,1.0,1.0,1.0,0.0
gex_possorted_bam_1WGCZ:TTGCAAGGTGAGGTGAx-M2,1.0,0.9089821238622521,0.05195031144343629,1.0,1.0,0.9274994099011226,0.14760386909328602,1.0,0.28493023141025875,1.0,0.0,0.3289810880308083,1.0,0.2437536774927894,1.0,0.11113235469316417,0.0,0.0,0.6343351934104966,0.7209218391674447,1.0,1.0,1.0,1.0,0.2423175316567177,1.0,0.004726099919243408,0.9942641629918356,0.8200833839886638,1.0,0.8730482141937477,1.0,1.0,1.0,0.004288953549252922,1.0,0.47595321322309875,1.0,1.0,0.0,1.0,0.4868327185352585,0.5729952696773131,0.7638801215335155,1.0,1.0,0.6315316026501597,0.1866157431235956,1.0,1.0,1.0,1.0,0.44326778114890936
gex_possorted_bam_1WGCZ:TTGCTCTCACTTAGGCx-M2,1.0,1.0,0.0,1.0,1.0,1.0,0.6609813684902167,1.0,0.6539756170969152,0.9287492093026843,0.6343251893107756,0.8918182599545948,1.0,0.6520437976187226,1.0,0.8255893374990247,0.23325687092828437,1.0,1.0,0.4920241776100235,1.0,1.0,1.0,1.0,0.9611993988937573,0.9808445201331691,0.03688523146839565,1.0,1.0,1.0,1.0,0.9901789972763918,1.0,1.0,0.1254891254280564,1.0,0.7194539680149299,1.0,1.0,0.030088860212989815,0.839124603761887,0.38109608291073654,0.8577291717972656,0.608572499821535,1.0,1.0,0.26630016435906506,0.21195044333270424,0.9620347539392823,1.0,1.0,1.0,1.0
gex_possorted_bam_1WGCZ:TTGTTTGGTCAGGAAGx-M2,1.0,1.0,0.5443304296911008,1.0,1.0,1.0,0.5037752358107498,1.0,0.7394190909237565,1.0,0.0,0.9367260252804697,1.0,0.4098235365245682,1.0,0.40140018613256184,0.0,0.42442024955761276,0.9760277526254478,0.9500868389783061,1.0,1.0,1.0,1.0,0.6384482755107672,1.0,0.0,1.0,1.0,1.0,0.8221376016116223,1.0,1.0,1.0,0.0,1.0,0.015266235853367288,1.0,1.0,0.0,1.0,0.0,1.0,0.8615674834451662,1.0,1.0,0.8424379972250525,0.0,1.0,1.0,1.0,1.0,0.8385868084962269
gex_possorted_bam_1WGCZ:TTGCAACAGCTATTGAx-M2,0.10069788563920858,1.0,1.0,1.0,0.08030868133334985,0.0,1.0,0.8913672062317202,1.0,1.0,0.0,1.0,1.0,1.0,0.25182727485025186,1.0,0.0,0.0,1.0,0.0,0.0,0.0,0.0,0.0,1.0,1.0,1.0,1.0,1.0,0.4646777117037174,1.0,0.27602075058790837,0.0,1.0,1.0,0.2934513413976789,1.0,0.0,0.0,1.0,0.1988473379639325,1.0,0.7486528768881368,0.0,0.0,0.513923164112324,1.0,1.0,1.0,0.7724989503327149,1.0,1.0,0.08179468263520377
gex_possorted_bam_1WGCZ:TTGCTTTAGGGTCCACx-M2,1.0,0.6985316795782475,1.0,1.0,1.0,0.6622626751136736,0.0,1.0,0.7688656178032357,1.0,0.0,0.8460169266841174,0.9311061047133503,0.11016283841706832,1.0,0.0669671867819136,0.0,0.0,0.08205692888670164,0.5127091951500444,0.8630427691032675,0.8679305394918982,1.0,0.8891270840749038,0.415111880615742,1.0,0.0,0.9375881960707287,0.7084909371858722,1.0,0.0,1.0,1.0,1.0,0.0,1.0,0.0,1.0,1.0,0.0,1.0,0.0,1.0,0.6360359957908706,1.0,1.0,0.8247891111716089,0.0,1.0,1.0,0.9700489976357836,1.0,0.11328680934061025
gex_possorted_bam_1WGCZ:TTGGGCGGTTACGCGGx-M2,0.08202683518906016,1.0,0.9911971185078465,1.0,0.0,0.0,1.0,0.9654868642399168,1.0,0.8644604796718504,0.0,1.0,1.0,1.0,0.14573138150010134,1.0,0.0,0.0,1.0,0.0,0.0,0.0,0.0,0.0,1.0,1.0,1.0,1.0,1.0,0.679765287356382,1.0,0.20296107897241591,0.0,0.9583442356870094,1.0,0.2695279236415428,1.0,0.0,0.0,1.0,0.16715938734847652,1.0,1.0,0.0,0.0,0.49616186510057936,1.0,1.0,1.0,0.7438353276082319,1.0,1.0,0.0
gex_possorted_bam_1WGCZ:TTGCATTTCAAACCGTx-M2,1.0,1.0,0.0,1.0,1.0,1.0,0.6080266568778243,1.0,0.27033786863068765,1.0,0.6161988849212473,0.5160214659795027,0.9823992892333022,0.4551279405973971,1.0,0.4853273524236348,0.24052667361479482,1.0,1.0,0.8287542940758612,1.0,1.0,1.0,1.0,0.6382908752130861,0.9964372630184805,0.0,1.0,1.0,1.0,1.0,1.0,1.0,1.0,0.0,1.0,0.11482781663349391,1.0,1.0,0.0,1.0,0.12226338627659623,0.7973959561598851,0.2497123721285031,1.0,1.0,0.0,0.04029996795678461,1.0,1.0,1.0,1.0,0.9346403867775193
gex_possorted_bam_1WGCZ:TTGTTCCCAATTGACTx-M2,1.0,1.0,0.0,0.9445026207591103,0.8973621674292249,1.0,0.6221172265057818,1.0,0.5163302068207939,1.0,0.0,0.8822672774030227,0.9271885278001469,0.4143015513663584,1.0,0.5645507631902317,0.0,0.5727728086374836,0.8964044659489306,0.5829023945846468,1.0,1.0,0.984664879463334,1.0,0.9348327132776836,0.8442337572883593,0.0,0.9367772508469738,1.0,0.9637769199823476,0.6186938455041554,1.0,0.9883527282280404,0.8783622380227998,0.03880911881818865,1.0,0.35986651313146395,0.9297185167868719,0.9706276469224223,0.021815696214303102,1.0,0.35613953870027093,0.631262069034289,0.4407467678609651,1.0,0.9858821558783528,0.45257270983701076,0.1676558680190521,0.836270905003498,1.0,0.98257593868105,1.0,1.0
gex_possorted_bam_1WGCZ:TTGTTGTTCCAACTGGx-M2,1.0,0.8061555785742283,0.20719988288682165,1.0,0.9938398930277467,0.5157403456663713,0.20571942425950598,1.0,0.6094604752630695,0.9210062770899717,0.0,0.8795737338798811,0.548381053509271,0.10584895522880663,1.0,0.11859155173080095,0.0,0.0,0.5960551192254044,0.5634541471630532,1.0,0.8951613186812503,1.0,1.0,0.32028097568343344,1.0,0.0,0.5476709973854156,1.0,1.0,0.0,1.0,1.0,0.9385923472273132,0.0,0.924396454875038,0.06084193515775783,1.0,0.9886958517169491,0.0,1.0,0.08837489108710615,0.7246321148730602,0.45989531167066655,0.9992426625602534,1.0,0.3916830462028602,0.0,0.8964937830689671,1.0,0.9027143552188387,0.8469754091432445,0.005398117708183053
gex_possorted_bam_1WGCZ:TTGTGCGAGGCATTGTx-M2,1.0,0.92940443287156,0.0,1.0,1.0,1.0,0.37984910057318605,1.0,0.31430390894725563,0.9497970770570127,0.4315608132645514,0.7548657248048861,0.7781918709125576,0.5360568897130182,1.0,0.26561207869935705,0.16712697926130365,1.0,1.0,0.691676875964904,1.0,1.0,1.0,1.0,0.43241087380343307,0.8165545126976568,0.0,1.0,1.0,1.0,0.8640622188657449,1.0,1.0,1.0,0.0,1.0,0.0,1.0,1.0,0.0,0.9591476275488378,0.34995192255177676,0.4790987115242961,0.6156082795326538,1.0,1.0,0.0,0.0,1.0,0.9384340226444235,1.0,1.0,1.0
gex_possorted_bam_1WGCZ:TTGCTTTAGGTAGCTTx-M2,1.0,0.9356842020406906,1.0,1.0,1.0,1.0,0.0,1.0,0.3143725165106434,1.0,0.0,0.9233391962761569,1.0,0.9654560860561406,1.0,0.8273640784096934,0.0,0.0,0.3768847887530654,0.565387363618326,0.564032843616762,1.0,1.0,1.0,0.5162170553373897,1.0,0.0,1.0,0.937010157163839,1.0,0.0,1.0,1.0,1.0,0.0,1.0,0.10506129094279129,1.0,1.0,0.0,1.0,0.0,1.0,0.923179604931127,1.0,1.0,1.0,0.0,1.0,1.0,1.0,1.0,1.0
gex_possorted_bam_1WGCZ:TTGGATTCACTTCATCx-M2,1.0,0.8873158026642926,1.0,1.0,1.0,1.0,0.0,0.9124911779135013,1.0,1.0,0.0,1.0,1.0,0.42211900557914717,1.0,0.05380490953401084,0.0,0.0,0.19878885925356726,0.6907981990265398,0.7437395414224939,1.0,1.0,0.9326469884548311,0.6404539618519874,1.0,0.0,1.0,0.8144387589951846,1.0,0.0,1.0,1.0,1.0,0.0,1.0,0.0,1.0,1.0,0.0,1.0,0.0,1.0,1.0,1.0,1.0,1.0,0.0,1.0,1.0,1.0,1.0,1.0
gex_possorted_bam_1WGCZ:TTTGAGTCACTATGGCx-M2,0.13496320128681227,0.7146358305919822,1.0,0.38052280057203636,0.0,0.9211493428089246,1.0,1.0,0.9628494061091523,1.0,0.15203997808349395,1.0,0.493825849088668,1.0,0.7274851769179796,0.7832391703974281,1.0,1.0,1.0,1.0,0.446316245615109,0.0,0.5115913189033503,0.23555722705395785,0.35731445010294477,0.26866737591060613,0.30807388074201747,1.0,1.0,0.45395486558666864,0.0,0.0,0.43767054723006005,0.19256779167487303,1.0,0.7121187965275635,0.5150416507476908,0.5971708666784113,0.8651916944055322,0.6247583010403698,1.0,1.0,0.4401486190286426,0.863548040162387,1.0,0.06538139352075253,1.0,0.6030823664264611,0.2824545005428913,1.0,0.0,0.0,1.0
gex_possorted_bam_1WGCZ:TTTCCTGAGCAGCTCAx-M2,1.0,0.9615861920881948,0.0,1.0,0.9340806579868499,0.7549155138885758,0.6980909822733176,1.0,1.0,0.9668986311658649,0.0,1.0,0.8186992399976177,0.15332766820181298,1.0,0.0,0.0,0.0,0.6366043623148135,0.6722118393482517,1.0,1.0,1.0,1.0,0.744676376675007,0.9394860918814633,0.0,0.9083466901104449,0.9422315046176957,1.0,0.5585461648221517,1.0,1.0,1.0,0.0,1.0,0.23838300851634142,1.0,1.0,0.0,1.0,0.1557545797755519,0.7300110465909431,0.3334336484804808,1.0,1.0,0.30695427893612354,0.0,0.9532239076681264,1.0,1.0,0.9711934690987257,0.5838608000381894
gex_possorted_bam_1WGCZ:TTTGTCCCATTAGGTTx-M2,1.0,1.0,0.0,1.0,1.0,1.0,0.5322566220331569,1.0,0.822890378481738,1.0,0.44803733850669497,0.8743549941984217,1.0,0.3310889429907983,1.0,0.22690628396242385,0.10912901040884165,1.0,1.0,1.0,1.0,1.0,1.0,1.0,0.7969396827685866,0.8841088166657518,0.0,0.9348463027695176,1.0,1.0,1.0,1.0,1.0,1.0,0.0,1.0,0.22329228600829584,1.0,1.0,0.0,0.8075197339669742,0.06344879566732785,0.7811439166898521,0.3436738621612231,1.0,1.0,0.33092757037879966,0.021773714235896562,0.9998868714376059,1.0,1.0,1.0,1.0
gex_possorted_bam_1WGCZ:TTTGGCTGTCCTAATCx-M2,0.9438885626786692,0.9883046067222557,1.0,1.0,1.0,0.5550166695800871,0.0,1.0,1.0,1.0,0.0,1.0,1.0,0.7942590339550794,1.0,0.16731097914654114,0.0,0.0,0.0,0.13069968801413068,0.0,0.48185685287199775,1.0,0.475676496066382,0.9110357592056985,1.0,0.03155557230896359,1.0,0.6564786598872082,1.0,0.0,1.0,1.0,1.0,0.0,1.0,0.0,1.0,1.0,0.0,1.0,0.0,1.0,1.0,1.0,1.0,1.0,0.0,1.0,1.0,1.0,1.0,0.3658092274871805
gex_possorted_bam_1WGCZ:TTTAGCAAGAAAGCATx-M2,1.0,0.8288469992639793,0.0015068335705612924,1.0,1.0,1.0,0.3567901677291208,1.0,0.27621867759451807,0.9633451331254588,0.07579453582303003,0.5496102693375479,0.6511733335711137,0.46193028284602444,1.0,0.30944830503127735,0.0,0.3415984234204063,1.0,0.679622997057965,1.0,1.0,1.0,1.0,0.4747568417605274,1.0,0.0,1.0,1.0,1.0,0.9422840789257929,1.0,1.0,1.0,0.0,1.0,0.1787801317560905,1.0,1.0,0.0,1.0,0.13381494210020312,0.8038641519132975,0.4036095259719683,1.0,1.0,0.5119054521636972,0.005929007709240891,1.0,1.0,0.9472160424737216,1.0,0.4063896553114801
gex_possorted_bam_1WGCZ:TTTACGCGTTGGTTAGx-M2,1.0,1.0,0.0,1.0,0.6298020000950482,0.8402237659948302,1.0,1.0,0.9230356337079794,1.0,0.0,1.0,0.9492565636629455,1.0,1.0,0.33475487720108815,0.0,0.0,0.5817754655753585,0.4082191806785122,1.0,1.0,0.9834470089878599,1.0,1.0,0.9394684074366031,0.0,1.0,0.9332402953895421,1.0,1.0,1.0,1.0,1.0,0.0,1.0,0.5443468312405989,1.0,1.0,0.4610911707315268,0.5376836716378869,1.0,0.8872840560757612,0.9012258055719609,1.0,1.0,0.8249960809698679,0.3077494454566048,1.0,1.0,1.0,1.0,1.0
gex_possorted_bam_1WGCZ:TTTCGTCCAGGAATCGx-M2,0.9885812101569081,0.5889751891573467,0.2599724928399956,0.8594594978376777,0.9616933860558764,1.0,0.25838601127568445,0.8151284961811629,0.0,0.8729765597482934,0.7118433673989798,0.15793946398239136,0.685083343140633,0.2545454597225259,0.9743046789705341,0.1735682516733222,0.45376184439010336,1.0,1.0,0.9123626623991822,1.0,1.0,0.9292164350856235,1.0,0.5541439343959297,0.7477526193392224,0.0,0.7337272314240488,0.7007656308750722,0.9634051607334876,0.7994579896521461,1.0,0.9451573282693194,0.9955312135754238,0.0,1.0,0.0,0.7920991708212484,0.8815795897676287,0.07314701574621377,0.9435556052571041,0.10108010756750674,0.825281334746242,0.3806643053645528,1.0,0.9241000304383761,0.23271956252584203,0.10885126833407971,0.7911618920653603,0.8975904064922113,0.6387544809412595,0.9259458646829763,1.0
gex_possorted_bam_1WGCZ:TTTGACCGTATTGAGTx-M2,1.0,0.773243708680569,1.0,1.0,1.0,0.5469805959460136,0.0,1.0,0.9181695097191054,1.0,0.0,1.0,0.8990518120830474,0.5041238168587973,1.0,0.027588072709171938,0.0,0.0,0.0,0.28488177694248584,0.4158477917506304,0.7323639251167419,1.0,0.7777571725083162,0.6230386352854692,1.0,0.0,0.8036631556178075,0.3847549365019094,1.0,0.0,1.0,1.0,1.0,0.0,1.0,0.0,1.0,1.0,0.0,1.0,0.0,1.0,0.5593192149675226,1.0,1.0,1.0,0.0,1.0,1.0,0.7924620798584487,1.0,0.10967617170902173
gex_possorted_bam_1WGCZ:TTTCTCACACCAGGTTx-M2,1.0,0.6930915665044062,0.0,1.0,1.0,0.5427239074892832,0.06769138477578679,1.0,1.0,1.0,0.0,0.9809508250576813,0.9123702708029545,0.0771707931923771,1.0,0.0,0.0,0.0,0.48639116199276605,0.46807761302749207,1.0,1.0,1.0,0.8494338297139927,0.5393349837010929,1.0,0.0,0.714341258000451,0.7888950123259869,1.0,0.0,1.0,1.0,0.9832127734660527,0.0,1.0,0.10046348687257754,1.0,1.0,0.0,1.0,0.20664569802747512,1.0,0.04811188290871726,0.9897075398384091,1.0,0.6648651951898403,0.0,0.9376630456315742,1.0,0.9958875912571156,0.9601568055155684,0.10819952221320844
gex_possorted_bam_1WGCZ:TTTGTGAAGCCAGGTCx-M2,0.9533507733515263,1.0,1.0,0.9176853559512682,1.0,1.0,0.9802302001136555,1.0,0.6825554071147109,1.0,0.0,1.0,0.9129738701154977,0.6289369683223973,1.0,0.8641950319828446,0.0,0.028587512467833306,0.5987866979736831,0.6665873742096623,1.0,0.9835597771899207,1.0,1.0,0.9976612121884924,0.9475247048104696,0.0,0.9411034335118481,0.8205389337672684,0.855392136801025,1.0,0.9631699906433225,0.954866273402222,1.0,0.0,1.0,0.3477863271001664,0.9122411445247326,1.0,0.45966477257760435,1.0,0.24220979383701624,1.0,0.9658285399358094,1.0,1.0,0.6971712872988279,0.0,0.9550300171132893,1.0,1.0,1.0,1.0
gex_possorted_bam_1WGCZ:TTTAGCTTCAGCACGCx-M2,0.0,1.0,1.0,0.9539571389503946,0.9704280365060848,0.0,1.0,1.0,1.0,1.0,0.0,1.0,1.0,1.0,0.0,1.0,0.0,0.0,1.0,0.0,0.0,0.0,0.058128260652112525,0.0,1.0,1.0,1.0,1.0,1.0,0.18078396874451555,1.0,0.14637442045798532,0.0,0.8625631253818525,1.0,0.20786138016323663,1.0,0.024232118344515278,0.31793908001812216,1.0,1.0,1.0,1.0,1.0,0.0,0.7337918637875529,1.0,1.0,1.0,1.0,1.0,0.8047732167674648,0.8508134321804333
gex_possorted_bam_1WGCZ:TTTAGCAAGCAAACCTx-M2,1.0,0.597454912246984,0.00914443869336015,1.0,1.0,0.8245134366010131,0.0,0.9835008883133569,0.4641759743189843,0.9671625677779118,0.0,0.7532343113016948,0.6390603088613512,0.5151851725736809,1.0,0.20438938135075402,0.0,0.0,0.8918619707560637,0.7202290220101373,1.0,1.0,1.0,1.0,0.10291292263441813,1.0,0.0,0.8834188331204201,0.8047439767034914,1.0,0.25788319390260556,1.0,1.0,0.9556192710044538,0.0,0.9547262407639711,0.0,0.9834781656412342,0.9997955255203304,0.047373422645989115,1.0,0.0,0.6721600247636603,0.0,0.9199475436455096,1.0,0.0,0.0,0.8941829177791465,0.9945693384877295,0.9366058919544223,0.8594448295502343,0.0
gex_possorted_bam_1WGCZ:TTTGCGGAGCAGCTATx-M2,1.0,0.9117339521332629,1.0,1.0,1.0,1.0,0.1548761337152756,1.0,0.864815303619157,1.0,0.0,0.9228038943118423,1.0,0.3513536887008918,1.0,0.06338335946642194,0.0,0.41136713027013344,0.723787035673665,0.6541001983999449,1.0,1.0,1.0,1.0,0.9612932622126364,1.0,0.0,1.0,0.7551805120301266,1.0,0.43110607266672274,1.0,1.0,1.0,0.0,1.0,0.07490068118150715,1.0,1.0,0.0,1.0,0.0,1.0,0.798992583978969,1.0,1.0,0.6510147355290343,0.0,1.0,1.0,0.9294566090814925,1.0,1.0
gex_possorted_bam_1WGCZ:TTTAGCTTCTGTAATGx-M2,1.0,1.0,0.0,0.9999587385382741,1.0,0.4214231003133291,0.45220464189361437,1.0,0.6190561347404989,0.9417490226461828,0.0,1.0,0.8355078011375984,0.9429395417804493,1.0,0.24827968463805206,0.0,0.0,0.4443298978548426,0.1766076644513274,1.0,0.9426268197283132,1.0,1.0,0.4791633633578271,0.9273272000124623,0.0,1.0,0.9998447802678099,0.892143559717648,0.0,0.8424736989008806,1.0,0.8253623321976864,0.0,1.0,0.26910577555031123,0.941665728817955,0.9979129899124288,0.0,1.0,0.5223404107114482,0.512848900715798,0.0,0.9765412263385927,0.9605915039809357,0.18206129102302873,0.0,0.8013218781066276,1.0,0.9469801554534182,0.8400690005598409,0.6474616056346761
gex_possorted_bam_1WGCZ:TTTACGCGTCTAACCTx-M2,1.0,0.8762665953213796,0.0,1.0,1.0,0.8233110796903093,0.0,1.0,0.422638272197407,1.0,0.0,1.0,0.7221983479554885,0.36131031927469165,1.0,0.0,0.0,0.0,0.8138432244246576,0.7301660208431308,1.0,1.0,1.0,1.0,0.0,1.0,0.0,0.9381986443532288,0.8835420819467854,1.0,0.6251088791460899,1.0,1.0,1.0,0.0,1.0,0.0,1.0,1.0,0.0,1.0,0.30275272017068866,0.8558203737698379,0.28302163883188874,1.0,1.0,0.31344154456298784,0.0,1.0,1.0,1.0,1.0,0.35365060866162246
gex_possorted_bam_1WGCZ:TTTCCACCAGAAATGCx-M2,1.0,0.7613013299897287,0.0,0.9149723079672839,0.7581482407681364,1.0,0.6793326855794548,1.0,0.2926121897548312,0.7806353076563544,0.05887617531977848,0.714619239070083,0.9753315123575712,0.36791276064730666,0.890298054844633,0.17850380153181752,0.0,0.468117255557396,0.8401297676862557,0.8700969237627569,1.0,1.0,0.9624902622372987,1.0,0.8204514827148905,0.8071511878146882,0.0,0.7926036630294375,0.7676740155684306,0.9054028691068202,0.7526157314122124,1.0,1.0,1.0,0.0,1.0,0.35477955410180806,0.94321486735325,0.9658247197038854,0.13548339546488622,1.0,0.2083347804915957,0.47049308904783926,0.06239348349277751,1.0,0.9539540907718191,0.219334870588724,0.0,0.8384342564654036,0.8610885075939876,0.9518793531412013,0.933560021519217,0.9668378630836528
gex_possorted_bam_1WGCZ:TTTATGGAGGACCGCTx-M2,0.0,1.0,1.0,0.2188332740057947,0.0,0.0,0.11658286805010493,0.17122910646793083,0.0,0.0,0.31461687075492123,0.0,1.0,1.0,0.0,1.0,0.0,0.06803202063845053,1.0,0.0,0.0,0.0,0.0,0.0,1.0,0.0,1.0,0.0,1.0,0.5278768232539298,0.5059679361244639,1.0,0.0,0.7238622107832071,1.0,0.03632032518620821,1.0,0.0,0.0,1.0,1.0,0.0,0.8258751441549189,0.4529329158055726,0.08471609130584332,0.1404270057487683,1.0,0.29913084302336546,0.07563000252950433,0.0,1.0,0.08651286610939808,0.0
gex_possorted_bam_1WGCZ:TTTACGAAGGACCTTGx-M2,0.264408688348142,1.0,1.0,1.0,0.255955901768114,0.0,1.0,0.8436063351362257,1.0,0.9640206839172609,0.0,1.0,1.0,1.0,0.38103991901211853,1.0,0.0,0.0,1.0,0.0,0.0,0.0,0.0881473992216015,0.0,1.0,1.0,1.0,1.0,1.0,1.0,1.0,0.3646217167151023,0.0,1.0,1.0,0.45752333132705575,1.0,0.2665692686321071,0.3129008383736473,1.0,0.3800797475892092,1.0,1.0,0.9822476153388148,0.2430660124995723,0.6803213248949715,1.0,1.0,1.0,0.7699751059105251,1.0,1.0,0.20009800332626043
gex_possorted_bam_1WGCZ:TTTCCACCACAGCCATx-M2,1.0,0.8627716246181774,0.0,1.0,1.0,1.0,0.4229037293698394,0.9583850715289381,0.38056798578926915,1.0,0.7891990530229904,0.4142880183136742,0.9733095607862946,0.3027779350007295,1.0,0.2530470305009958,0.3710351938847151,1.0,1.0,0.5775034812584625,1.0,1.0,1.0,1.0,0.7501158892311725,0.9030007806000516,0.0,0.893279797487074,1.0,1.0,1.0,1.0,1.0,1.0,0.0,1.0,0.2250134832510315,1.0,1.0,0.0,0.694290565452141,0.3033754988247915,0.5356515921740739,0.05802204039294319,1.0,1.0,0.0,0.04301774872712614,0.8909058484590352,1.0,0.9361607966762447,1.0,1.0
gex_possorted_bam_1WGCZ:TTTCGTCCAAGGTACGx-M2,1.0,0.8061331329758044,0.30571029738251526,1.0,1.0,1.0,0.26021358833339486,1.0,0.5376494849548277,1.0,0.15998738523332762,0.9757053753870407,0.9002518600287552,0.2577742399958328,1.0,0.2876108123340079,0.0,0.3798913315676406,1.0,0.8999890680378545,1.0,1.0,1.0,1.0,0.2394486159342356,1.0,0.0,1.0,1.0,1.0,0.8220668345554509,1.0,1.0,1.0,0.0,1.0,0.04754738524118456,1.0,1.0,0.0,1.0,0.13145204257228868,0.8791875669218443,0.6069091576120516,1.0,1.0,0.19028970755446226,0.0,1.0,1.0,1.0,1.0,0.6133224441426004
gex_possorted_bam_1WGCZ:TTTCCGGGTCGTAAATx-M2,1.0,1.0,0.0,1.0,1.0,1.0,0.4521092415430523,1.0,1.0,1.0,0.0,1.0,1.0,0.27471258065728643,1.0,0.029222629641503368,0.0,0.4343370008908641,0.9353141062198049,0.7134140163952721,1.0,1.0,1.0,1.0,0.6980890475551345,0.9657160775282051,0.0,0.9546210147201226,0.6125057537741918,1.0,1.0,1.0,1.0,1.0,0.0,1.0,0.10229714713841821,1.0,1.0,0.1955927482555697,1.0,0.41891733289981115,0.8776822643128106,0.34150482550863354,1.0,1.0,0.29015018619972716,0.10175297949319935,1.0,1.0,1.0,1.0,1.0
gex_possorted_bam_1WGCZ:TTTGCATTCCCATAAAx-M2,0.07588242919729532,1.0,1.0,0.9004681748392948,0.016726113488699127,0.2181389948169604,1.0,0.7600503122586583,1.0,0.8006692660363416,0.4670796307212176,1.0,1.0,1.0,0.09643117986019162,1.0,0.9097696324881028,1.0,1.0,0.0,0.0,0.0,0.0,0.0,1.0,1.0,1.0,1.0,1.0,0.8385862578819907,1.0,0.0,0.0,0.7397338257983558,1.0,0.2506506459824675,1.0,0.05483128566081991,0.14360755211480758,1.0,0.06589037606030688,1.0,1.0,1.0,8.601212588761086e-05,0.5490680195758498,1.0,1.0,1.0,0.5394042111978908,1.0,0.9960641460709164,0.0
gex_possorted_bam_1WGCZ:TTTGTCCCAACAACAAx-M2,0.0,0.3205806217340646,1.0,0.27363228469312983,0.0,0.0,1.0,0.17056364107838173,1.0,0.4905257469045965,0.6544937340711225,1.0,1.0,1.0,0.04745356888415245,1.0,1.0,0.0,1.0,0.0,0.0,0.0,0.0,0.0,1.0,0.5096040393978825,1.0,1.0,0.4077460029706144,0.3431215026957342,1.0,0.0,0.0,0.2968720010614318,1.0,0.0,1.0,0.0,0.0,1.0,0.3736681305182878,1.0,1.0,1.0,0.0,0.1938007425519018,1.0,1.0,0.5187808776712171,0.030226788800182706,0.7751714049057143,0.31912403943007744,0.0
gex_possorted_bam_1WGCZ:TTTAACGAGGAAGCTAx-M2,1.0,1.0,0.0,1.0,1.0,1.0,0.8991952700754793,1.0,0.3697549678463507,1.0,0.39865357696616466,0.5013964028148872,0.9731933787141798,0.38826009833218356,1.0,0.45819860665533235,0.022954042251207035,1.0,1.0,0.5697727352852322,1.0,1.0,1.0,1.0,0.7694766615014214,0.8942824673114791,0.0,1.0,1.0,1.0,1.0,1.0,1.0,1.0,0.0,1.0,0.06019722608004169,1.0,1.0,0.0,0.6026242666880175,0.2805611462663698,0.6808445999407016,0.4443752371318434,1.0,1.0,0.0,0.0,0.957810872077996,0.9751262862205344,1.0,1.0,1.0
gex_possorted_bam_1WGCZ:TTTAAGGTCAATGAGGx-M2,0.09586402127273053,1.0,1.0,0.9954190969654018,0.0,0.0,1.0,0.9039740403953946,1.0,0.8187746734904828,0.0,1.0,1.0,1.0,0.1222782014336467,1.0,0.0,0.0,1.0,0.0,0.0,0.0,0.0,0.0,1.0,1.0,1.0,1.0,1.0,0.6277529043348712,1.0,0.05971379387145935,0.0,0.9342864435120302,1.0,0.3251287752270903,1.0,0.0,0.009744368560059096,1.0,0.1875631672879692,1.0,1.0,0.1744827012237167,0.041779657878227267,0.5507917943591193,1.0,1.0,1.0,0.5891689802776786,1.0,0.983381459830128,0.0
gex_possorted_bam_1WGCZ:TTTGGTAAGGTCCAATx-M2,0.9580235994993918,1.0,1.0,1.0,1.0,1.0,0.5516475900795476,1.0,1.0,1.0,1.0,0.6902040902830043,0.8591194761880999,1.0,0.9797668563733505,0.809130127710686,0.9007943501985672,1.0,1.0,0.4831439144563226,1.0,1.0,1.0,1.0,1.0,0.997182271895216,0.05800697299640098,0.7486173112343482,1.0,0.9963990120921549,1.0,0.6783327403304188,1.0,0.8999294414490825,0.1853951059287472,1.0,1.0,1.0,1.0,0.0,1.0,0.524016561610849,0.8880109978279592,1.0,0.8340887495588595,1.0,1.0,0.6114807579880854,0.9860722591661255,1.0,1.0,1.0,1.0
gex_possorted_bam_1WGCZ:TTTACGCGTTAACACGx-M2,1.0,0.9402363831686641,0.0,0.9442032619476605,0.8585885735201776,1.0,0.5424014316081142,1.0,0.7135391932997376,0.9869578346971558,0.20528936662692945,0.968151902096055,1.0,0.4362294111725333,0.9591089720869198,0.08527969419984086,0.046780031828284,0.8701804174638572,0.9938597767863545,0.36551877995728616,1.0,1.0,0.9734699326325054,1.0,0.7070792690952912,0.8367462341510713,0.0,0.8398127937682728,1.0,0.9087654215460224,0.4320170782929032,0.9785256420209064,1.0,0.9861212842207392,0.0,1.0,0.1792878332491676,1.0,0.9875586299608297,0.0,1.0,0.19133380826721177,0.5326634944796806,0.0,1.0,0.9985678198058414,0.0,0.19426168408801744,0.7748009233368349,1.0,0.9381339305444667,1.0,0.7978834817573134
gex_possorted_bam_1WGCZ:TTTGACCGTAGCTAGCx-M2,0.02964312242640713,1.0,1.0,0.7441448939612442,0.0,0.0,1.0,0.606197974444424,1.0,0.7014745044015592,0.0,1.0,1.0,1.0,0.13459308686874913,1.0,0.0,0.0,1.0,0.0,0.0,0.0,0.0,0.0,1.0,1.0,1.0,1.0,1.0,0.521201834861128,1.0,0.08964965676979904,0.0,0.7330978886690482,1.0,0.1625458343466413,1.0,0.0,0.0,1.0,0.20186889005314765,1.0,1.0,1.0,0.0,0.4350996456715871,1.0,1.0,0.9326186729296374,0.5558288325141315,1.0,0.7944941520437636,0.0
gex_possorted_bam_1WGCZ:TTTGACTTCATTACTCx-M2,1.0,1.0,0.8112709206210765,1.0,1.0,1.0,0.35882630486917566,1.0,0.9095381319551926,1.0,0.0,1.0,1.0,0.6673591617615621,1.0,0.13723098731364802,0.0,0.0,0.5938420563443335,0.833475195262199,1.0,1.0,1.0,1.0,0.8692371143866883,1.0,0.0,1.0,0.6837407902598098,1.0,0.6346446989804001,1.0,1.0,1.0,0.0,1.0,0.06425899586749785,1.0,1.0,0.0790283918428801,1.0,0.14680236017381088,1.0,0.5538096694512376,1.0,1.0,0.8757175537332637,0.0,1.0,1.0,1.0,1.0,0.9954660064260309
gex_possorted_bam_1WGCZ:TTTCCACCATCTTGAGx-M2,1.0,0.6437697185551444,0.0,0.8166701353763489,1.0,1.0,0.4755290176674847,0.9718927919374734,0.4176735589792714,1.0,0.9550366054776905,0.17945493282928707,0.471106852555845,0.0,0.9420219041872585,0.17033495980671456,0.4053101164340623,1.0,0.9761523808329321,0.5081497754943626,1.0,1.0,0.9730431103650259,1.0,0.5623257969029253,0.7601939508737413,0.0,1.0,0.4733275135149434,1.0,1.0,1.0,0.9365940859075745,1.0,0.0981640126202927,1.0,0.2623185334541462,1.0,0.9667066286409275,0.0,0.3695903939257675,0.37701429412058896,0.3874005338241516,0.0,1.0,0.9603927811141096,0.0,0.0,0.7960861067900985,0.8104475743112559,0.493062427216978,1.0,1.0
gex_possorted_bam_1WGCZ:TTTAACGAGCAATAGGx-M2,0.07477933074617797,1.0,1.0,1.0,0.0782101406997769,0.0,1.0,0.8215768732085769,1.0,0.6628227381780071,0.0,1.0,1.0,1.0,0.177262016896974,1.0,0.0,0.0,1.0,0.0,0.0,0.0,0.0,0.0,1.0,1.0,1.0,1.0,1.0,0.7346219899258477,1.0,0.23894667912306128,0.0,0.8695000795589742,1.0,0.2469560912141904,1.0,0.013279951063756863,0.05237203435773235,1.0,0.11620609825378007,1.0,1.0,0.4442806510687655,0.04715812426095191,0.575937507361417,1.0,1.0,1.0,0.6795380269202187,1.0,1.0,0.0
gex_possorted_bam_1WGCZ:TTTGAGTCAGGCTTCGx-M2,1.0,1.0,0.0,1.0,1.0,1.0,0.3641988905887019,1.0,0.4437268553911312,1.0,0.8208086487422064,0.2639798816582583,1.0,0.5428561811874164,1.0,0.32338188778297067,0.3659730986059325,1.0,1.0,0.6890789176173941,1.0,1.0,1.0,1.0,0.7609552552370851,0.9704874745158839,0.0,1.0,1.0,1.0,1.0,1.0,1.0,1.0,0.0,1.0,0.0,1.0,1.0,0.0,0.9806092052114519,0.03600645620749932,0.7526771739584995,0.43515236311184,1.0,1.0,0.06108543771987836,0.0,1.0,1.0,1.0,1.0,1.0
gex_possorted_bam_1WGCZ:TTTGGTGCACAATGTTx-M2,1.0,1.0,0.0,1.0,1.0,1.0,0.5444780517470925,1.0,0.3838559108773936,1.0,0.14944739193697412,0.800617617398712,1.0,0.27562294937291365,1.0,0.3847863293390364,0.0,0.6213485727603876,1.0,0.9580838378428718,1.0,1.0,1.0,1.0,0.62696227034997,0.9902285475295884,0.0,0.9153259590303618,0.9769326208144608,1.0,1.0,1.0,1.0,1.0,0.0,1.0,0.23846674414266733,1.0,1.0,0.15216412264150742,1.0,0.34369876813272493,0.9468305770326454,0.43859825931425167,1.0,1.0,0.3926199346050288,0.0,1.0,1.0,1.0,1.0,1.0
gex_possorted_bam_1WGCZ:TTTGGTAAGGTCCACAx-M2,0.7807395939958854,1.0,1.0,0.9328217623866557,0.10854361911967021,0.7506805713540899,1.0,1.0,1.0,1.0,0.0,1.0,1.0,1.0,1.0,1.0,0.0,0.0,0.9032615603172552,0.0,0.5979820496464068,0.44001982868563055,0.6025828961040927,1.0,1.0,1.0,0.0,1.0,1.0,0.9208821443322643,1.0,1.0,0.7663023082063142,1.0,0.17355977602082653,1.0,1.0,1.0,1.0,1.0,0.6103532718429928,1.0,1.0,1.0,1.0,1.0,0.45694304106717776,0.511792133981283,1.0,1.0,1.0,1.0,0.6739065915208254
gex_possorted_bam_1WGCZ:TTTAACGAGTTCCTGCx-M2,1.0,0.875191155654598,0.0,0.8225749906175127,1.0,1.0,0.3101307263701121,0.8891269522107008,0.23826905463405068,1.0,0.635128424642117,0.4863318916208724,0.8985343795548691,0.35682244468430574,1.0,0.21075475745293043,0.4029226197661835,1.0,1.0,0.6412623488776775,1.0,1.0,1.0,1.0,0.8170015662339126,0.8236798686332555,0.0,0.8489584603519118,0.9587407979540262,0.9524659579594857,1.0,0.8572655768896,1.0,1.0,0.03246665322562331,1.0,0.1955492760973819,0.9656653344546877,1.0,0.15755406200331815,0.5384432479929224,0.25062356509500694,0.5002948378899664,0.36495302086923465,1.0,1.0,0.0,0.0,0.8401306654864267,1.0,0.9014171776472447,1.0,1.0
gex_possorted_bam_1WGCZ:TTGTTTGGTGTTTGCTx-M2,1.0,1.0,0.0,1.0,1.0,1.0,0.016241898030061253,0.9172749332180291,0.10807198350539228,0.92235270792654,0.5703567693598266,0.6406816804918631,0.9186541883022569,0.2524395412220247,0.9969754060951916,0.7469349595909942,0.1628238820880209,1.0,1.0,0.7678998215315436,1.0,1.0,1.0,1.0,0.29650787201432116,0.9586965725356453,0.0,1.0,1.0,1.0,0.26858388183243737,1.0,1.0,1.0,0.0,1.0,0.0,1.0,1.0,0.0,0.7947095306728993,0.0,0.5690848986520901,0.12088554209248215,1.0,1.0,0.4023410218222347,0.0,1.0,1.0,0.7711288315278371,1.0,1.0
gex_possorted_bam_1WGCZ:TTGTTTGGTTGCACAAx-M2,1.0,1.0,0.17584413297363158,1.0,1.0,1.0,0.473281679067301,1.0,0.6732718558149879,1.0,0.0,0.6080121860074373,1.0,0.6606545327165061,1.0,0.2931494637007424,0.0,0.4533926150389777,1.0,0.7498041218391511,1.0,1.0,1.0,1.0,0.613971499114683,1.0,0.0,1.0,1.0,1.0,0.587236632169348,1.0,1.0,1.0,0.0,1.0,0.1558458828703095,1.0,1.0,0.0,1.0,0.40635092438539017,0.8546767604128944,0.7127020788046763,1.0,1.0,0.5408922027847521,0.0,1.0,1.0,1.0,1.0,0.5014174146393315
gex_possorted_bam_1WGCZ:TTTCTTGCAATATACCx-M2,0.8916364371248359,0.6850132153962094,0.12210393945354331,0.9320674684083542,0.5652104093427637,1.0,0.0,0.7092386318376119,0.0,0.7994316126425596,0.4060002400966239,0.5684886878629642,0.6457812492430538,0.8698818996748795,0.6396510787912987,0.4465024306674083,0.23635965175159532,0.6301083864218447,0.8039050930677122,0.3180933740242636,1.0,1.0,0.9146311475958564,1.0,0.0,0.7071229318486799,0.14428814102294207,0.6821684869277133,0.6385335735952838,0.5593774457824829,0.4010427558514677,0.7823570809314516,0.9209054912913366,0.7349110959651778,0.0019904046621740893,0.9274523987699043,0.001470456000134298,0.7855262870742514,0.8415356759627475,0.0,1.0,0.17415179413675344,0.18222154078185665,0.16101279764943172,0.7946948068187684,0.789421401831871,0.5571845196817625,0.497490767747166,0.731381763249591,0.8836879126828233,0.8655677339675717,0.7922678969042626,0.8906438586863367
gex_possorted_bam_1WGCZ:TTTAAGCCAAAGCGCAx-M2,1.0,1.0,0.29958293500629557,1.0,1.0,1.0,1.0,1.0,0.8061605285873742,1.0,0.0,1.0,1.0,0.5571112553790313,1.0,0.30983513227491216,0.0,0.0,0.8267082989270128,1.0,1.0,1.0,1.0,1.0,1.0,1.0,0.0,1.0,1.0,1.0,1.0,1.0,1.0,1.0,0.0,1.0,0.2529230962789805,1.0,1.0,0.1199494969283475,1.0,0.16829948153871946,1.0,0.8994861596594202,1.0,1.0,0.6144537813387905,0.0,1.0,1.0,1.0,1.0,1.0
gex_possorted_bam_1WGCZ:TTTGACCGTGATTACGx-M2,1.0,0.6880173942280253,1.0,1.0,1.0,1.0,0.0,1.0,0.5874550411584328,1.0,0.0,1.0,1.0,0.23684155158603176,1.0,0.16234757705536598,0.0,0.0,0.6959075376842968,0.8449114352963712,1.0,1.0,1.0,1.0,0.4556042059746642,1.0,0.0,1.0,0.7882430296358631,1.0,0.004959911323359319,1.0,1.0,1.0,0.0,1.0,0.027637799766281793,1.0,1.0,0.0,1.0,0.04609316840201693,1.0,0.6821725779833054,1.0,1.0,0.7729454376866385,0.0,1.0,1.0,1.0,1.0,0.43895050600351926
gex_possorted_bam_1WGCZ:TTTGGTGCATTCAGCAx-M2,1.0,0.747996822030202,0.0811548046012226,1.0,1.0,0.7079271025278647,0.0,1.0,0.5663580386758995,0.8947505631678373,0.0,0.629901279794102,0.6528753365202485,0.2362584115670708,1.0,0.0,0.0,0.0,0.8733508371807687,0.3462697727964476,1.0,0.9653549124689746,1.0,1.0,0.0,1.0,0.0,0.8602583704579934,0.8133805303700087,1.0,0.17542300878041298,1.0,1.0,0.7838427881903278,0.0,0.919290960185138,0.32060815779020885,1.0,0.9662652297636701,0.0,1.0,0.37780427515511944,0.6235782183582405,0.0,0.8625323466462995,1.0,0.5729523683224983,0.0,0.9764641687561515,0.9283596078835752,1.0,0.835090432886172,0.09434721691434389
gex_possorted_bam_1WGCZ:TTTAACGAGGCAATAGx-M2,1.0,0.8018137489601491,0.0,0.9166737444384461,1.0,1.0,0.5124818695634669,1.0,0.3693394984379009,0.816646058024265,0.3355574678849652,0.49347188254182367,0.6125378205891369,0.3895621157162433,1.0,0.13190382835229272,0.048279374635420036,1.0,0.9703190248346225,0.3382460044930939,1.0,1.0,0.969526776002271,1.0,0.6130569704217421,0.7453946277870798,0.0,0.9056795772509975,1.0,1.0,0.6912333022159569,1.0,0.9782941593773491,1.0,0.0,1.0,0.1906550431746892,1.0,0.9837867512112004,0.011489581056260346,0.8011255603744949,0.2627096255936907,0.6673069658026868,0.0018929093502219043,1.0,0.9984558126463461,0.0,0.0,0.7770142078832132,0.9323382549995781,0.7868996286283508,1.0,0.5458122812891166
gex_possorted_bam_1WGCZ:TTTACGCGTCACCTATx-M2,0.7583441919810399,1.0,1.0,1.0,0.6136687092412972,0.8955996280916539,1.0,1.0,1.0,1.0,0.0,1.0,1.0,1.0,0.8775673099149698,1.0,0.0,0.44129759888407577,1.0,0.0,0.6290295659831902,0.2930549103884658,0.620618534332981,0.568781973144635,1.0,1.0,0.7637213685093942,1.0,1.0,1.0,1.0,0.6748723190153953,0.6517474254812597,1.0,0.7427120386082209,1.0,1.0,0.8258435178078073,0.8521784369838907,1.0,0.8226682433103902,1.0,1.0,1.0,0.9041331603504382,0.9596247514339095,1.0,1.0,1.0,0.9996266554080282,1.0,1.0,0.7063670612009283
gex_possorted_bam_1WGCZ:TTTATGGAGGCAGGTGx-M2,1.0,1.0,0.5523187535441377,1.0,0.06487935620578401,0.6066391726076932,1.0,1.0,1.0,1.0,0.0,1.0,1.0,1.0,1.0,0.8763540667760835,0.0,0.0,0.5011128141766411,0.7666400383447377,0.9611867116923103,0.594597893843995,0.8455623146492147,1.0,1.0,1.0,0.0,1.0,1.0,0.6732812404440027,1.0,1.0,1.0,1.0,0.0,1.0,0.8561693539894143,1.0,1.0,0.7296154524848661,1.0,0.624314557138527,0.9060710658883457,0.8942128797794184,1.0,1.0,0.8394818863227961,0.0,1.0,1.0,1.0,0.9745712519420928,0.3642706789076023
gex_possorted_bam_1WGCZ:TTTAGCTTCATCCTATx-M2,1.0,0.8478580124556725,0.0,0.9489382010415152,0.8290681605206187,1.0,0.7146536005890771,1.0,0.28556601625411215,1.0,0.0,0.7376971277718025,0.8270406868086874,0.2995710849305772,0.9483601542468258,0.4867563313554182,0.0,0.3236364848687088,0.8196932426217292,0.8315794577171077,1.0,1.0,0.9981489064541836,1.0,0.8892263478629581,0.873768629301242,0.0,0.8945418882408374,1.0,0.9533652316223948,0.6199454387636311,1.0,1.0,1.0,0.0,1.0,0.45040966435844093,1.0,1.0,0.2550333431500426,1.0,0.1893904967434974,0.667613320292977,0.3217078203232128,1.0,1.0,0.3100046746307878,0.0,0.9070308181480025,1.0,0.9126149608572742,1.0,0.924801675866024
gex_possorted_bam_1WGCZ:TTTGTCCCAGACAAACx-M2,0.032958670356131106,1.0,1.0,0.6978408743038861,0.08517441499027302,0.22139916198054882,1.0,0.36834586295318666,1.0,0.6163179645773383,1.0,1.0,1.0,1.0,0.20045366490315714,1.0,1.0,1.0,1.0,0.0,0.0,0.0,0.0,0.0,1.0,0.9592256108671989,1.0,1.0,1.0,0.8649352801906728,1.0,0.0,0.0,0.45155757293629,1.0,0.08251680299413151,1.0,0.15527866926782202,0.13160055727481923,1.0,0.33894206427325607,1.0,1.0,1.0,0.0,0.44710126188446664,1.0,1.0,0.8658988380317307,0.27864798291006804,1.0,0.7062723539922235,0.0
gex_possorted_bam_1WGCZ:TTTGCATTCGCCTAAGx-M2,1.0,0.6607481612554246,1.0,1.0,1.0,0.79404727063825,0.0,1.0,1.0,1.0,0.0,1.0,1.0,0.8413504312433409,1.0,0.40789269257631366,0.0,0.0,0.017231177154760385,0.6762712292904924,0.22734927978385566,0.6801589371550096,1.0,0.6695195644683232,0.8483473410659236,1.0,0.0,0.9996355849376847,0.4204627952787934,1.0,0.0,1.0,1.0,1.0,0.0,1.0,0.0,1.0,1.0,0.0,1.0,0.0,1.0,0.3758851928848129,1.0,1.0,1.0,0.0,1.0,1.0,0.6925636735984242,1.0,0.16827399132858042
gex_possorted_bam_1WGCZ:TTTGAGTCATTGTGCAx-M2,0.0,1.0,1.0,0.4619383456188242,0.0,0.0,1.0,0.4106649370308689,1.0,0.0,0.16855840593788232,0.6404708920134693,1.0,1.0,0.0,1.0,0.0,0.0,1.0,0.0,0.0,0.0,0.0,0.0,1.0,0.5096295274236946,1.0,0.2990867722371161,1.0,0.7634173973934818,1.0,0.956898147531466,0.0,0.6242187608513843,1.0,0.17477225439896052,1.0,0.0,0.0,1.0,0.479450210511189,1.0,1.0,1.0,0.07536120195078057,0.31050024404137433,1.0,1.0,0.6588724838506929,0.364979027608776,1.0,0.4695366407549138,0.0
gex_possorted_bam_1WGCZ:TTTCCTGAGAAAGCATx-M2,0.8474512189784683,0.6114124917635291,0.0,0.7469429697296361,0.7389245902202944,0.49910374841126554,0.5868174109772756,0.8524686405575679,0.44387917382225905,0.755358674782236,0.0,0.7209935937336271,0.6559003739770917,0.07956401503984988,0.9578918778590844,0.18290470597203382,0.0,0.0,0.29157563290004207,0.830740472810092,0.973648512834895,0.934359042590509,0.8083365879799558,0.7227311134851447,0.47673485256947645,0.6486696412112749,0.0,0.609166913810713,0.7310391384655941,0.7417408929978585,0.36209624993429124,0.7605902558247246,0.801896966322491,0.8859177711362576,0.1837574867670213,0.9356913558737298,0.4003928989234063,0.777431962828357,0.8572265162217584,0.2526861331936142,1.0,0.36452396172627377,0.3149874766842196,0.08248414028836278,0.7850669616497247,0.7728830872213567,0.28138735371132767,0.16358142864177852,0.6660968985462383,0.7809276992080594,1.0,0.7393367559420293,0.849000584026665
gex_possorted_bam_1WGCZ:TTTAGCTTCCTTTACGx-M2,1.0,1.0,0.0,1.0,1.0,1.0,0.7581435444482237,1.0,0.3249917462048451,1.0,0.3100445167432599,0.8655729043472032,1.0,0.5152798350030231,1.0,0.32565939505041747,0.0,0.8914559224796101,1.0,0.6948889542377312,1.0,1.0,1.0,1.0,0.8409196265122507,0.9221458150383836,0.0,1.0,1.0,1.0,1.0,1.0,1.0,1.0,0.0,1.0,0.11278146314150019,1.0,1.0,0.00809810869808186,0.867871279384391,0.19761570561096647,0.7630472502871877,0.4700853918839821,1.0,1.0,0.09664793694574703,0.0,0.9587301902578179,1.0,1.0,1.0,1.0
gex_possorted_bam_1WGCZ:TTTAAGGTCGCGACACx-M2,0.13916268394605488,1.0,1.0,0.9795111246116768,0.21752198405125492,0.0,1.0,0.8689347069719124,1.0,0.9667514159443197,0.0,1.0,1.0,1.0,0.29336774211903277,1.0,0.0,0.0,1.0,0.0,0.0,0.0,0.041568339414083985,0.0,1.0,1.0,1.0,1.0,1.0,0.6791895090237643,1.0,0.2693338405035627,0.0,0.9375346020094444,1.0,0.37330284680215686,1.0,0.1390741648144446,0.16880871913295745,1.0,0.586906303689689,1.0,1.0,1.0,0.0739646495505651,0.5684252212986588,1.0,1.0,1.0,0.8829812904896714,1.0,0.9649129068663115,0.24647569826912719
gex_possorted_bam_1WGCZ:TTTGCGACAATGAGGTx-M2,1.0,1.0,0.0,1.0,1.0,1.0,0.5605595987237516,1.0,0.44691532361336106,1.0,0.20092396516149388,0.8317510871087268,0.9683337199201395,0.24744435382721403,1.0,0.2347117882786823,0.0,0.7525962378960023,1.0,0.8259662701691386,1.0,1.0,1.0,1.0,0.7282877642841049,0.9792532938493252,0.0,1.0,1.0,1.0,0.9812239931239342,1.0,1.0,1.0,0.0,1.0,0.11736198342079453,1.0,1.0,0.0,1.0,0.20621253646598095,0.8295556008437566,0.4718022252027695,1.0,1.0,0.21543804081296547,0.0,1.0,1.0,1.0,1.0,1.0
gex_possorted_bam_1WGCZ:TTTCGTCCACTAGCGTx-M2,1.0,0.8657560404254241,0.0,1.0,0.9334997723866291,1.0,0.5974846229279005,1.0,0.4196341928270362,1.0,0.7649176157014609,0.5022599814249061,0.9280557068634192,0.8316942179242862,0.9759423885972098,0.5083753685891385,0.498391265068567,1.0,1.0,0.5337747508192805,1.0,1.0,0.9199044132344473,1.0,0.708979451912372,0.7516696353551466,0.0,1.0,1.0,0.9236581294472432,0.8890554490678337,1.0,0.958381415972204,1.0,0.0,1.0,0.08163386210516202,0.9929123075532835,0.9966650699801449,0.10429642816246476,0.2693768769933879,0.3052002710052428,0.5741746701828923,0.0,1.0,1.0,0.09139470178667622,0.3144447801724495,0.8420036524839324,0.8894707995455042,1.0,1.0,0.9802520493135668
gex_possorted_bam_1WGCZ:TTTGTCCCATTGCGGTx-M2,1.0,1.0,0.0,1.0,1.0,1.0,0.5320139260273296,1.0,0.5026700231993185,1.0,0.5543494751128997,1.0,0.9586660965474647,0.5650139986278786,1.0,0.4746430849615668,0.26076390479282013,1.0,1.0,0.7541545160163519,1.0,1.0,1.0,1.0,0.6814015943547257,0.9677047022047777,0.0,0.9447870998545669,1.0,1.0,1.0,1.0,1.0,1.0,0.0,1.0,0.22917066903493252,1.0,1.0,0.049552123532463056,0.9666166368812157,0.2293079442022977,0.8020085611406114,0.45746293774845964,1.0,1.0,0.2986214115474293,0.0,1.0,1.0,1.0,1.0,0.918319921814379
gex_possorted_bam_1WGCZ:TTTCTTGCAGGTTCACx-M2,1.0,1.0,0.0,1.0,1.0,0.8244515274465064,0.19659066726182614,1.0,0.3094210106501435,1.0,0.0,0.9591391701999934,0.9262270139298011,0.4069822134211877,1.0,0.0,0.0,0.0,0.7554851774017678,0.6398494787577451,1.0,1.0,1.0,1.0,0.32831330790763186,1.0,0.0,0.9106171359954164,1.0,1.0,0.3704293194394779,1.0,1.0,1.0,0.0,1.0,0.1700153556459302,1.0,1.0,0.0,1.0,0.4155504486982404,0.7782833333498664,0.09534455437791553,1.0,1.0,0.7436442866491096,0.14153211604962762,0.9869131572405595,1.0,1.0,0.99587594968978,0.6987790431638047
gex_possorted_bam_1WGCZ:TTTCCACCAGGCGATAx-M2,1.0,0.9145761600898042,0.8366846808409899,1.0,1.0,0.8506779588863391,0.3999488357354425,1.0,0.4754588014313309,1.0,0.0,1.0,0.9349224303486376,0.6347931637900898,1.0,0.09579651269676134,0.0,0.0,0.7508744143203308,0.7545157804888151,1.0,1.0,1.0,1.0,0.36924493942024805,1.0,0.0,1.0,0.8795652240146432,1.0,0.34435201990640685,1.0,1.0,1.0,0.0,1.0,0.11641161168449211,1.0,1.0,0.0,1.0,0.11377147535093826,1.0,0.6621444378966699,1.0,1.0,0.7972016675160831,0.0,1.0,1.0,1.0,1.0,0.07840664820424235
gex_possorted_bam_1WGCZ:TTTCTTGCAGGCCATTx-M2,1.0,0.7671938654314281,0.0,0.9273067717820324,0.8807832469571406,1.0,0.3874842594277047,1.0,0.22361418988221302,0.8658191153963434,0.1419340847045241,0.5620406588616301,0.8891754869473415,0.08563983088074606,0.949495833842076,0.0674321177262259,0.0,0.5188561749608459,0.8941680638580565,0.7795981086788953,1.0,1.0,1.0,1.0,0.7262138024734456,0.8498561911369737,0.0,0.82261088832483,0.8600663754754366,0.9604711031872238,0.5180572444663012,1.0,1.0,1.0,0.0,1.0,0.24873315810589441,0.9686070921170362,0.9934578125301462,0.03931516426560439,1.0,0.2301991216092509,0.5827047615905152,0.10068221058390661,1.0,0.9772158548269319,0.3151409484858441,0.0,0.8525689437328218,1.0,0.8140550570729688,0.9720796241114346,1.0
gex_possorted_bam_1WGCZ:TTTCAGTTCCTAAATGx-M2,0.0,0.7220228635560051,1.0,0.4504482412159618,0.0,0.10535319284484408,1.0,0.16627718396873192,1.0,0.47922125186328796,1.0,1.0,1.0,1.0,0.0,1.0,1.0,0.5818552902813012,1.0,0.0,0.0,0.0,0.0,0.0,1.0,0.579369101587259,1.0,1.0,0.9372680220906189,0.6884084469531881,1.0,0.0,0.0,0.31621372046547647,1.0,0.0,1.0,0.0528986546167805,0.0,1.0,0.07091516758031916,1.0,1.0,1.0,0.0,0.28657924129880397,1.0,1.0,0.6035743884035718,0.14669581502224535,1.0,0.5063051816884013,0.0
gex_possorted_bam_1WGCZ:TTTCGTCCAGTAGGTGx-M2,1.0,0.9622257658976271,0.38124773576882015,1.0,1.0,0.15898652265002536,0.24013631265106308,1.0,0.28453658145639454,1.0,0.0,0.7559988238100243,0.9545107833317267,0.08667391070207145,1.0,0.2913376424080118,0.0,0.0,0.22247213809507166,0.3186028158622073,0.8919624127125301,0.7235833647022492,1.0,1.0,0.3944126426902287,1.0,0.0,1.0,0.8933949303960574,0.8828086899621427,0.0,1.0,1.0,0.8894853757646871,0.013352451492089577,0.9219887977759069,0.1274757633582776,0.9996273627264971,1.0,0.0,1.0,0.03261315859713954,0.7599171653169051,0.5317283822379599,0.801636769847068,1.0,0.653132776910717,0.0,1.0,1.0,1.0,0.8243919687541562,0.0
gex_possorted_bam_1WGCZ:TTTGCGACAAGTGAACx-M2,1.0,0.9193412914750938,0.0,1.0,0.9451944975183185,1.0,0.382366411289199,1.0,0.0,0.9625518101564202,0.0,0.47803663068607843,0.5623201136176644,0.25654986260519913,1.0,0.1963972670755406,0.0,0.0,1.0,0.6823682000378964,1.0,1.0,1.0,1.0,0.3327799190601109,0.9675949366849567,0.0,1.0,1.0,0.928906114232423,1.0,1.0,1.0,1.0,0.0,1.0,0.0,1.0,1.0,0.03466431689193823,1.0,0.35847859278969524,0.7691660062693328,0.2221130724592471,1.0,1.0,0.27634565883372997,0.37783043289486123,0.9201780630875273,0.8746316912423834,0.8755644069777226,1.0,1.0
gex_possorted_bam_1WGCZ:TTTCATCAGAGAGGAGx-M2,1.0,0.9432405096064594,0.0,1.0,1.0,1.0,0.34037880589230174,1.0,0.2138845287470192,1.0,0.0,0.1765438159751943,1.0,0.2701234203624927,1.0,0.7758033205777274,0.0,0.2854628032317112,1.0,0.8735345538479893,1.0,1.0,1.0,1.0,0.43412634476158146,0.9991920234836682,0.0,0.9358943591796994,1.0,1.0,0.7941206781646886,1.0,1.0,1.0,0.0,1.0,0.46862891086571984,1.0,1.0,0.0,1.0,0.3474496189219205,0.563543250495605,0.6009450416244412,0.9505513764708939,1.0,0.2657926951461978,0.0,1.0,1.0,1.0,1.0,0.7525343858311394
gex_possorted_bam_1WGCZ:TTTGCGGAGTTTGAGCx-M2,1.0,1.0,0.0,1.0,1.0,1.0,0.51302093592545,1.0,0.7092500476718132,0.9216888471371624,0.04365172364053954,0.44641528756451027,1.0,0.6663809155300421,1.0,0.5219301777548394,0.0,0.7025900553577888,1.0,0.6052715379768873,1.0,1.0,1.0,1.0,0.9059752846962263,1.0,0.0,1.0,0.8382176436771426,0.856992277561236,0.3325285215075853,1.0,1.0,1.0,0.0,1.0,0.1899305445416334,1.0,1.0,0.0,1.0,0.38602190851020685,0.9236153113785399,0.28502559573019126,1.0,1.0,0.92778230273476,0.0,0.988627041686893,1.0,0.9963096860616281,1.0,0.4337017801153477
gex_possorted_bam_1WGCZ:TTTAAGGTCCCATAAAx-M2,1.0,0.847615983516925,0.4917327850370569,1.0,1.0,1.0,0.16529953872765193,1.0,0.6093989373315062,1.0,0.0,1.0,0.9576652649190616,0.43035804141910966,1.0,0.2509112508296012,0.0,0.0,0.6336908175182542,0.6809669806018078,1.0,1.0,1.0,1.0,0.40002290572639176,1.0,0.0,0.9294999229093436,0.8563797416493552,1.0,0.2431494955400457,1.0,1.0,1.0,0.0,1.0,0.008797994135722116,1.0,1.0,0.0,1.0,0.0,0.9963216120833633,0.45242012124129727,1.0,1.0,0.7366312820078643,0.0,1.0,1.0,0.9693162661330378,1.0,0.25508161421324416
gex_possorted_bam_1WGCZ:TTTGTCCCATTAAGCTx-M2,1.0,0.9635485367780405,0.6416755607444599,1.0,1.0,1.0,0.45917568068557996,0.9890821050554387,1.0,1.0,0.0,0.9745370209138674,1.0,0.5085300191280804,1.0,0.3867007089283064,0.0,0.4667988468852644,0.89000008786032,0.6923817677756274,1.0,1.0,1.0,1.0,0.7481180729048363,1.0,0.0,1.0,1.0,1.0,0.8029309034261467,1.0,1.0,1.0,0.0,1.0,0.504469574125877,1.0,1.0,0.17785830342140868,1.0,0.34862042995178216,0.9063882993794522,0.6552714741143725,1.0,1.0,0.13152125461517206,0.0,1.0,1.0,1.0,1.0,1.0
gex_possorted_bam_1WGCZ:TTTAGCAAGTAGCGCCx-M2,1.0,1.0,0.07449230061189806,1.0,0.7740949424997654,1.0,1.0,1.0,0.4710461300546184,1.0,0.0,1.0,1.0,0.7325700356932716,1.0,0.8961016353151595,0.0,0.6059854505409124,1.0,0.7145412158174627,1.0,1.0,1.0,1.0,1.0,0.9659140292174452,0.0,1.0,1.0,1.0,1.0,1.0,1.0,1.0,0.0,1.0,0.6324934546362718,1.0,1.0,0.4951447660725067,0.44724531783987026,0.45499153766658956,0.9021334810458442,0.7649922629212529,1.0,1.0,0.5607785359893679,0.0,1.0,1.0,1.0,1.0,0.9375883207348
gex_possorted_bam_1WGCZ:TTTCCTGAGTTTCCGCx-M2,1.0,0.977834311391727,0.07925271880196026,1.0,1.0,1.0,0.5691391122862205,1.0,0.44186919715782835,1.0,0.0,1.0,0.882004555849336,0.47032751680471013,1.0,0.14981918977773095,0.0,0.0,0.8952767229834522,0.9013305077642642,1.0,1.0,1.0,1.0,0.47566615124638983,1.0,0.0,1.0,0.900425940173219,1.0,1.0,1.0,1.0,1.0,0.0,1.0,0.24982906094016583,1.0,1.0,0.0,1.0,0.2824951947543631,1.0,0.6651765951357828,1.0,1.0,0.5451389611293475,0.0,1.0,1.0,1.0,1.0,0.5739144378835562
gex_possorted_bam_1WGCZ:TTTCGTCCAAGCTAAAx-M2,1.0,0.9672033340788305,1.0,1.0,1.0,0.146622995324805,0.0,1.0,0.6223046948332371,1.0,0.0,0.8226884851149655,1.0,0.28305573190528965,1.0,0.0436053715912927,0.0,0.0,0.048575941223041735,0.2703006069363297,0.4661361731000441,0.5033269417871492,1.0,0.963960238273926,0.33651066321879725,1.0,0.0,0.8840079589399403,0.6027696331091389,1.0,0.0,1.0,1.0,1.0,0.0,0.8017804975750734,0.17426622115504223,1.0,1.0,0.0,1.0,0.0,0.8973668080079683,0.2634837015452987,0.7562182573408444,1.0,1.0,0.0,1.0,1.0,1.0,0.8467897447768272,0.0
gex_possorted_bam_1WGCZ:TTTGACCGTTGGTTCTx-M2,1.0,1.0,0.0,1.0,1.0,1.0,0.9407397377365123,1.0,0.5240045010417749,0.9167282143105185,0.0,0.9747406094326909,0.7762127941414856,0.4811409639528857,1.0,0.35835024007411087,0.0,0.27818796902801446,0.9286993252948,0.46202796576373606,1.0,1.0,1.0,1.0,0.7748422261341388,0.8360619503925594,0.0,0.9958384237129028,1.0,1.0,0.8363121883163717,1.0,1.0,1.0,0.0,1.0,0.11108780947424776,1.0,1.0,0.0010391207829840952,0.8348724021909906,0.20414128499344483,0.6775292913344474,0.4298508144700347,1.0,1.0,0.2087563097689248,0.0,0.9381176606258045,0.9698858499712738,0.9826676576304215,1.0,0.7173093078560046
gex_possorted_bam_1WGCZ:TTTCACCCAGTCTAGCx-M2,1.0,1.0,0.2692571927543849,1.0,1.0,1.0,0.5267846583588758,0.9676011140228542,0.39017670801822896,1.0,1.0,0.5732564352458527,1.0,0.9598537238471377,1.0,0.8532418394693354,0.5537551595916873,1.0,1.0,0.44817625236531594,1.0,1.0,1.0,1.0,0.6144079896435056,1.0,0.0,1.0,1.0,1.0,1.0,1.0,1.0,1.0,0.0,1.0,0.48028055358792227,1.0,1.0,0.016385614523377008,1.0,0.42730900127058596,0.7598479626026551,0.7015940825808045,1.0,1.0,0.2433547767142136,0.37309158000784465,1.0,0.9432678321682813,1.0,1.0,1.0
gex_possorted_bam_1WGCZ:TTTGCGGAGGTCGATTx-M2,0.03715634114330734,1.0,1.0,0.9124026987191481,0.021197503708299488,0.5518129750904442,1.0,0.8290823200556771,1.0,0.8771782040624583,0.8427126491566475,1.0,1.0,1.0,0.05301100662294051,1.0,1.0,1.0,1.0,0.0,0.0,0.0,0.0,0.0,1.0,1.0,1.0,1.0,1.0,0.8215076828396766,1.0,0.0,0.0,0.7871522962827584,1.0,0.3417657347900042,1.0,0.08705634323697656,0.04431740881555389,1.0,0.38959229234041753,1.0,1.0,1.0,0.05423901203859868,0.460870814473982,1.0,1.0,1.0,0.5227018961471035,1.0,0.8483486636211828,0.0
gex_possorted_bam_1WGCZ:TTTGGTAAGTTCCTGCx-M2,0.0,1.0,1.0,1.0,0.8622493469075492,0.0,1.0,1.0,1.0,1.0,0.0,1.0,1.0,1.0,0.13511650187355603,1.0,0.0,0.0,1.0,0.0,0.0,0.0,0.02302801686860009,0.0,1.0,1.0,1.0,1.0,1.0,0.583485459983736,1.0,0.2963409974105477,0.0,0.9807305260279987,1.0,0.2936885480995103,1.0,0.019500366763914895,0.19633085117789115,1.0,1.0,1.0,1.0,1.0,0.0,0.647723391141384,1.0,1.0,1.0,1.0,1.0,1.0,0.7634023755335656
gex_possorted_bam_1WGCZ:TTTAAGGTCCTAATTCx-M2,1.0,1.0,1.0,1.0,1.0,1.0,0.0,0.9757050369434183,0.4214356635546793,1.0,0.14284030907520273,1.0,1.0,0.5660694780829272,1.0,0.054881247321005903,0.0,0.0,1.0,0.7144319164617521,1.0,1.0,1.0,1.0,0.07287398231582518,1.0,0.0,1.0,0.9638947492881124,1.0,0.0,1.0,1.0,0.9687445467285251,0.0,1.0,0.0,1.0,1.0,0.0,1.0,0.21550666297037913,0.7524899990200419,0.1952541973939219,1.0,1.0,0.20357411878323758,0.0,1.0,1.0,1.0,1.0,0.18171891981495886
gex_possorted_bam_1WGCZ:TTTGCATTCACTTCATx-M2,0.5043385668931726,1.0,0.9621825449482612,0.6059456054190926,0.2403710007316127,0.9370673882208324,1.0,0.9476733675404734,0.6508969531107959,1.0,0.0,1.0,0.7648332088335649,0.6388813250566897,1.0,0.7751050852385878,0.0,0.0,0.0,1.0,0.6973975085704454,0.7023677018282146,0.5527022748523697,0.9413422284654095,0.5270065641809477,0.4865774660251669,0.0,1.0,0.8089905147490453,0.509008798023985,1.0,0.3748703668607293,0.5987044408476146,1.0,0.23455188793506596,1.0,0.8954266359993613,0.5955589385352255,0.8046245811445135,1.0,0.49315578531072446,0.8285050187631962,0.2607401777175824,1.0,0.7547801497209414,0.7556194590608948,0.45513409112329184,0.0,0.943518513535983,0.8701051014117337,0.9061264594783404,0.6626392473973821,1.0
gex_possorted_bam_1WGCZ:TTTGTGTTCCTTAGGGx-M2,0.8154378419140603,0.6612474238776969,0.0,0.8265080304854038,1.0,1.0,0.683649118722559,0.7499186374994318,0.0,0.7887839591352402,0.7891140408798356,0.8123536516965367,0.633465840545531,0.5640104265488448,0.6971475812101476,0.5405073233293587,0.8608203361061351,1.0,1.0,0.29558009793626117,1.0,0.8787977217630856,0.9443522269455811,0.748969888711626,0.42958388342202175,0.5795737572351289,0.10138012106218669,0.7679885242504244,0.43477851531957534,0.873071089325986,0.0,0.4650991728674669,0.7272033106013518,0.6309854145108196,0.4188348878051117,0.8601936887957781,0.28566175313693104,0.9322411891875391,0.9700957502661106,0.2979747089014319,1.0,0.6815911628217993,0.021754157762244895,0.07366172963223645,0.704420862431155,0.6094256247343143,0.0,0.1845004768371437,0.7762237045953735,0.6620092718835816,0.8807669071239981,0.8243089637963911,0.0
gex_possorted_bam_1WGCZ:TTTGTGGCATGGCCCAx-M2,0.9947657199955703,1.0,0.40205581437703086,1.0,0.3171679411540924,0.7725115286465507,1.0,1.0,0.9363412110240759,1.0,0.0,1.0,1.0,0.9518781511010401,1.0,0.7531058818072411,0.0,0.0,0.4094751723276593,0.5723700152814265,1.0,0.7545461650273615,0.8806584616347284,1.0,1.0,0.9625559124755634,0.0,1.0,1.0,0.7914364397394144,1.0,1.0,0.9838014981507744,1.0,0.0,1.0,0.7247152644607535,1.0,1.0,0.7054537698050128,1.0,0.5163287922416556,0.9263173758644012,0.6041445295292995,1.0,1.0,0.5702195256768898,0.0,1.0,1.0,1.0,1.0,0.4836648055789286
gex_possorted_bam_1WGCZ:TTTGTTGGTCAAAGAAx-M2,1.0,0.7523557949678206,1.0,1.0,1.0,0.9731004496200685,0.7841833265031707,1.0,0.8056676306431011,1.0,0.0,0.9438564472690696,0.8681193490662935,0.10366150589238424,1.0,0.44137778763885166,0.0,0.0,0.9283489758531239,1.0,0.9827797812092709,1.0,1.0,1.0,0.283123394013499,1.0,0.0,0.9113832770564542,1.0,1.0,0.9144085529752635,1.0,1.0,1.0,0.0,1.0,0.35073143771996396,1.0,1.0,0.07071067946937779,1.0,0.5599615424436563,1.0,0.3681955601999607,1.0,1.0,0.9940661677255852,0.321176742307622,1.0,1.0,0.8421614944193285,1.0,0.6462177407114871
gex_possorted_bam_1WGCZ:TTTGTGAAGTAAACCCx-M2,1.0,1.0,0.26801760261247753,1.0,1.0,1.0,0.38284503671247105,1.0,0.4321168167967257,0.9419329891337779,0.7727413619039534,0.7487870981030164,1.0,0.33163918770502754,1.0,0.33835212727931696,0.3224600221825357,1.0,1.0,0.6835420869893765,1.0,1.0,1.0,1.0,0.6667014229232078,0.9725475451365408,0.0,1.0,1.0,1.0,0.9565888606199852,1.0,1.0,1.0,0.0,1.0,0.15641443277799288,1.0,1.0,0.0,1.0,0.24851540822074616,0.8310036761233619,0.5714471078255629,1.0,1.0,0.05428052805889105,0.0,1.0,1.0,0.9834581695396559,1.0,1.0
