Cell,ASCL1,CD44,CREB1,CUX1,CUX2,EGR1,EHF,EPCAM,ESR1,ETS1,FOS,FOXO3,GRHL2,HSF2,ICAM1,JUN,JUNB,JUND,KMT2A,LMX1B,MEIS2,NCAM1,NFATC2,NFIA,NFIB,NFIX,NFKB1,NR3C2,PBX1,PKNOX2,PPARG,PRDM16,PROX1,RARB,REST,RORA,RORB,RUNX1,SIX1,SIX4,SMAD3,SOX9,SP100,STAT1,TBX15,TCF12,TCF4,TCF7L2,TEAD1,ZBTB18,ZBTB20,ZBTB7A,ZEB1
RU1195A_191097700772724,1.0,0.9599391861515714,0.591157601679812,0.424255809392515,0.0,0.0,0.0,1.0,0.2201807693873076,0.32748499166612033,0.03291876500287442,0.1423523761056511,0.2105675174965576,0.9623589082268015,0.9211813689561904,0.22511497218091586,0.27191286918316643,0.8352457280041343,0.23831277856337718,0.06450511475897694,0.03686711895613008,0.20849679703672735,0.2194384377439764,0.8623376838103489,0.5951660326370786,0.884869600079213,0.8361532258914293,0.0,0.17926954636217785,0.16872081446641432,0.9024944381296033,0.0,0.6013327066993578,0.0,0.0,0.37947822529695846,0.2382392642662452,0.0,0.8205623529749039,0.22684660209534735,0.19247439525971888,0.0,0.029020779262430744,0.6824937450934543,0.868875348448139,0.792162980346347,0.663605002469499,0.22776771575271523,0.5729532453335144,0.5700416098879758,0.10728123972553237,0.23175807758473352,0.16932152132930578
RU1195A_129586368273654,0.3807327022974761,0.03427307027777732,0.24641301529635803,0.4437842237894409,0.9381152485070883,0.5255151277121961,1.0,0.3195991106174759,0.5350025985975095,0.4491379514474406,0.4477513221340635,0.4197120462282507,0.5134576851291757,0.1132455453100216,0.5267005391321904,0.5004814564710598,0.6028690267381334,0.2742278358715576,0.38723095225856,0.1844052734950858,0.8023776340246455,0.6605801039023949,0.7888496705175814,0.1294120142051583,0.2284580391607409,0.20934555011052644,0.2454450346832605,0.9104307558020822,0.43996940978167676,0.6419503206280008,0.0,1.0,0.40405448007694916,0.5636006132021978,1.0,0.6796852600466058,0.3450121925518608,0.6130116221719983,0.281467536815538,0.42400723824532033,0.3286164213757219,0.38958754347669655,0.6274480321641753,0.261628869944511,0.2156233240765513,0.13027450892313966,0.2610476778380086,0.4707019600276104,0.3875382971548191,0.21805114450947166,0.6361264885062169,0.4936223847565835,0.5068729543573457
RU1195A_157561656626534,1.0,0.964847274600809,0.9693969300822316,0.817116486998634,0.6470961397791692,0.17141107848082857,0.0,0.9970375310113451,0.09148077669887314,0.6849136230014584,0.2771381999033233,0.6526250439532564,0.3846389031067269,1.0,0.701037486176662,0.4752418809015447,0.653082262056685,1.0,0.5698259084602323,0.547006114633752,0.3427593417194823,0.5787698235386338,0.35281915266843983,1.0,1.0,1.0,1.0,0.2026377622292912,0.666834102400532,1.0,1.0,0.0,0.815711727882218,0.18305089838857477,0.30383703187163114,0.27925136196987327,0.679604574532968,0.054329392437353186,0.8289124953169373,0.5512472127065502,0.5424422812741204,0.2694334567160732,0.3740326086323075,1.0,1.0,1.0,1.0,0.4903733007718778,0.967769269633039,0.9033399106971166,0.38140920697313135,0.23329987033295993,0.8089705195211352
RU1195A_134994556274995,0.28440627635225546,0.01071912667390558,0.061186957231296454,0.0016735147180240461,0.0,0.04226262148541838,0.3398891593596432,0.36413453784265787,0.0,0.0,0.0,0.0010457715149032787,0.0,0.05841902536647998,0.0,0.0,0.0,0.0,0.0,0.08897294241404997,0.08932767581173175,0.011919562273538869,0.0,0.009814438982370303,0.0,0.0,0.0,0.18306289540398088,0.0048496349007805944,0.21989325503572826,0.0,0.45400928552487235,0.0,0.11368218399165406,0.4493817598446799,0.02133047616897511,0.034555892474261045,0.13137243422286699,0.0,0.004882766247944711,0.0,0.0,0.11637502485520507,0.0,0.0031700607782479758,0.022877056313177054,0.0,0.0170259981835244,0.0,0.0,6.832948094463912e-05,0.0,0.05553369140047953
RU1195A_120788128029029,0.0,0.0,0.0,0.0,0.9317569422143603,0.07623251682338743,0.0,0.0,0.0,0.7204158159043068,0.30445238327377167,0.0,0.0,0.0,0.854120326595914,0.0,0.0,0.0,0.0,0.0,0.0,0.0,0.0,0.0,0.0,0.0,0.45424009048343056,0.3599451389243114,0.0,0.0,0.6622224055301794,0.030020018296061025,0.0,0.0,0.6964633576391052,0.0,0.0,1.0,0.0,0.0,0.0,0.3052712988172064,0.0,0.0,0.0,0.0,0.0,0.0014953874415212548,0.0,0.0,0.0,0.0,0.0
RU1195A_231898650438956,1.0,0.906507998590374,0.5305909631303206,0.3399502270669663,0.0,0.0,0.0,1.0,0.0367631604078311,0.29907997755323557,0.0,0.09024692562678681,0.11500189743510203,1.0,0.7104894887023885,0.250820232517559,0.22711394059010528,0.862460995706229,0.20725706574025554,0.06602856375787286,0.006298270827242094,0.17236406333233795,0.13886653770179422,1.0,0.7115643645083793,0.9069958377672741,0.7955125289052776,0.0,0.10915350166226317,0.06613854282440214,0.7810408411486301,0.0,0.5238204386133936,0.0,0.0,0.27077168620960784,0.19471518644914576,0.0,0.8526163995407239,0.3099164625705631,0.2290838330412026,0.0,0.0,0.69860468293698,1.0,0.8665173515187795,0.7642256628659693,0.3180400632884535,0.6058935038880855,0.4818009719801828,0.1040142627470435,0.17133145209247894,0.18173843664173564
RU1195A_130143762115308,0.23856023560082487,0.00292739969979673,0.0,0.0,0.0,0.09074551185066917,0.098672712810619,0.6674168636685774,0.0,0.0,0.0905614935004076,0.0,0.0,0.04588243479551151,0.6081874918928578,0.0,0.06597373804442365,0.0,0.0,1.0,0.0,0.0,0.0,0.0,0.0,0.0,0.0,0.2850359253917826,0.03846164686175765,0.0,0.04992628248165211,0.09198986478313385,0.0,0.0,0.0,0.0,0.0,0.057201361455073436,0.0,0.0,0.0,0.0,0.0,0.0,0.08210187082455704,0.0,0.0,0.0,0.0,0.0,0.0,0.0,0.0
RU1195A_241109239228661,0.0,0.0,0.0,0.0,0.7493319848691684,0.017289547888815933,0.2806063614195779,0.0,0.0,0.0,0.0,0.0,0.0,0.0,0.0,0.0,0.0,0.0,0.0,0.06085150282750718,0.0,0.0,0.0,0.0,0.0,0.0,0.0,0.0,0.0,0.0,0.0,0.3724155504850422,0.0,0.19781511467861923,0.09069741291311793,0.0,0.0,0.0,0.0,0.0,0.0,0.0,0.0,0.0,0.0,0.0,0.0,0.0,0.0,0.0,0.0,0.0,0.0
RU1195A_226333612763421,0.26437160790490133,1.0,1.0,1.0,1.0,1.0,1.0,0.5102036091347375,1.0,1.0,1.0,1.0,1.0,0.8407826358579188,0.752945793333282,1.0,0.9932567701824162,0.9544506685505544,1.0,1.0,1.0,1.0,1.0,1.0,1.0,1.0,1.0,1.0,1.0,1.0,1.0,1.0,1.0,1.0,1.0,1.0,1.0,1.0,1.0,1.0,1.0,1.0,1.0,1.0,0.8005388939338562,1.0,1.0,1.0,1.0,1.0,1.0,1.0,1.0
RU1195A_157131039960302,0.0,0.0,0.0,0.0,1.0,0.013353398669224296,0.43811977445904104,0.0,0.0,0.0,0.0,0.0,0.0,0.0,0.0,0.0,0.0,0.0,0.0,0.0,0.0,0.0,0.0,0.0,0.0,0.0,0.0,0.2108226536089886,0.0,0.0,0.0,0.07360994644813706,0.0,0.026654052417993193,0.21221488444946177,0.0,0.0,0.0,0.0,0.0,0.0,0.04474029956688001,0.24360840809765053,0.0,0.0,0.0,0.0,0.0,0.0,0.0,0.0,0.0,0.0
RU1195A_192101737970926,0.7691469169833512,0.8374169710558725,0.14320459977427497,0.1479163824993899,0.0,0.0,0.0006962960398476823,0.8376612324620851,0.11369809788271397,0.0,0.0,0.07395189757422309,0.0,0.42333086061263886,0.6102580054155115,0.039759580424952326,0.0011746225024478947,0.43436610628501315,0.021065888007570092,0.0001814710965045764,0.0,0.07828727027281207,0.007856448200314002,0.3634825090234858,2.9053959674264648e-05,0.2734853800975439,0.27717236171343396,0.0,0.12169800109833673,0.0,0.0,0.03756372952567207,0.26544678504574887,0.0,0.0,0.7219853562592641,0.0,0.013571506408198089,0.653794193703571,0.0,0.0,0.0,0.0,0.06020179218118439,0.32747414041923056,0.247815392573361,0.12773370986003957,0.0,0.26953006577217364,0.12728045269564006,0.048459277364449826,0.2657826706256112,0.0
RU1195A_200502471218997,0.33555395167261715,0.5277606242058046,1.0,1.0,1.0,1.0,1.0,0.3241798114776287,1.0,1.0,1.0,1.0,1.0,0.4023986755842455,1.0,1.0,1.0,0.68642736762064,1.0,1.0,1.0,1.0,1.0,0.3658849349567066,0.6427043144345338,0.6517792733973554,1.0,1.0,1.0,1.0,0.2262103011881547,1.0,1.0,1.0,1.0,1.0,1.0,1.0,1.0,1.0,1.0,1.0,1.0,1.0,0.5629428036368981,0.4033936755076735,0.9993204334932526,1.0,1.0,1.0,1.0,1.0,1.0
RU1195A_156024146607517,0.07256705947285329,0.9182011395931526,1.0,1.0,1.0,1.0,1.0,0.33511481820612216,1.0,1.0,1.0,1.0,1.0,0.6217269728707427,1.0,1.0,0.9408652532866534,0.8064643067905359,1.0,1.0,1.0,1.0,1.0,1.0,1.0,1.0,1.0,1.0,1.0,1.0,1.0,1.0,1.0,1.0,1.0,1.0,1.0,1.0,1.0,1.0,1.0,1.0,1.0,1.0,0.8866021289342895,1.0,1.0,1.0,1.0,1.0,1.0,1.0,1.0
RU1195A_169589815600933,0.43898690458446216,0.2267751484490151,0.0,0.02094831509832341,0.0,0.0,0.02718156810461406,0.4423821228918688,0.0,0.0,0.0,0.06505131457912179,0.0,0.18023432942897036,0.0,0.0,0.0,0.018945794112940673,0.0,0.0,0.14241099922069775,0.0,0.0,0.11708338909301405,0.017237467691353512,0.02688288281174607,0.0020087632778655593,0.0,0.011903080776839423,0.0,0.0,0.337812798299414,0.006583507984188602,0.0,0.0,0.22791343874406034,0.0,0.06434331048661661,0.1072363588114665,0.0,0.0,0.0,0.0,0.0,0.05311372880014776,0.0734307445616912,0.04085382139479614,0.0,0.0,0.0,0.026385158402834015,0.022416538255337525,0.016781602799586664
RU1195A_156048601857310,0.8151094674294286,0.8968110702327917,0.6096475548638712,0.9315314037184522,0.4578475450986204,0.6092073773997577,1.0,0.7329179204283225,0.9560728480796843,0.768620435959215,0.7062924545013188,0.8911539304604299,0.7768809613671184,0.5235263144796354,1.0,0.7559763635346205,1.0,0.8909106416698951,0.7813788354464754,0.329883700878304,0.7239566405193866,1.0,1.0,0.678745417679835,0.5732450023201142,0.7372359819014009,0.8232141824658207,0.6157668558115935,1.0,0.8680054662939108,0.10806683931858974,0.96299883709943,1.0,0.5033783629632322,1.0,1.0,0.7666161710864867,0.706704354643178,1.0,0.8626285022767564,0.7595494278111741,0.6447944403640661,0.5957221508482186,0.7731829019310177,0.7897917321989066,0.5243254923301707,0.7389618231475196,0.7087389954503482,1.0,0.8366069297308703,0.9196152418322568,0.9687509232146152,0.9965658213994443
RU1195A_164693583776619,1.0,0.7320710831962137,0.6338149584324978,0.3761269086160601,0.0,0.0024059472534700126,0.0,1.0,0.06130318935035793,0.39805863510705847,0.036761313531763436,0.07463319165168394,0.1396647968055534,1.0,0.6948631198858882,0.2735128587879836,0.2847702887524799,0.8488280292622069,0.21816145604605422,0.17756307478312536,0.059588793265025725,0.22012205895211304,0.09841904107198268,0.9600386834020649,0.7917942689415651,0.8606963656318639,0.8043481801041463,0.0,0.10658952367751746,0.1501213570314001,0.906020499811435,0.0,0.5270330223930287,0.19261383869911305,0.0,0.14175910400482528,0.19900152534286222,0.0,0.8391038662269271,0.2976512313285556,0.3359140596654326,0.0,0.3757593478583338,0.8847069342866747,1.0,0.9229103840244992,0.7599845516246455,0.31602953119851857,0.576834843448186,0.44392131860063955,0.1457392948369133,0.075914387640279,0.176471550812842
RU1195A_200897562109750,1.0,1.0,0.6895041520763109,0.5886916658204987,0.0,0.07207082761945963,0.0,1.0,0.16953812899740406,0.47077259998613596,0.16329253976315894,0.3760748981488056,0.3367455730822722,1.0,1.0,0.3763244324938363,0.5164352361027329,0.9977844386577417,0.4005210371342996,0.07781668555416635,0.18428310097025793,0.49204728496468725,0.41995609813293766,1.0,0.8232715003890188,1.0,0.8786922712979623,0.0,0.377515642677477,0.3982430332693356,0.9148611237939984,0.0,0.7915618266990093,0.06785409403477818,0.0,0.44755768809944935,0.4513609829930357,0.04744210286441511,0.9289905384729518,0.396188102997888,0.4336844665394315,0.10182097890697162,0.045213212871434164,0.8147224087665228,1.0,0.99249671355728,0.8970666634567716,0.35498958505092487,0.8371231445235392,0.7858645355931404,0.27813314063605277,0.33695027051864257,0.4987278849224272
RU1195A_200992231745822,1.0,0.6779064312072877,0.9854785900714479,0.621782687647856,0.6680315947383447,0.05613772484573417,0.0,1.0,0.0,0.6377748556931858,0.10959340471974796,0.408030257116811,0.3538490289647518,1.0,0.5466205369637949,0.3772476429230814,0.4201406074183799,1.0,0.36536137756491044,0.4718877810512418,0.24123705477670143,0.37804940962620154,0.16748732229915797,1.0,1.0,0.9325086872638405,0.9675690922913676,0.0,0.32829099520078786,0.4600229464995819,1.0,0.0,0.6128494903304689,0.044927876228952064,0.0,0.009088949601053609,0.29847145455384916,0.0,0.7455496318053157,0.34586206529826696,0.39506033588123146,0.04575331074606757,0.24235461766698788,0.9689948659354775,1.0,1.0,0.9621473544562573,0.3742500359894265,0.7593305903804239,0.5667221750972408,0.2121097006857526,0.02154087875532543,0.4143682306415112
RU1195A_196499918215526,0.0,0.0,0.0,0.0,1.0,0.12200887443294534,0.27705912500587726,0.0,0.0,0.024756195486134742,0.0,0.0,0.0,0.0,0.0,0.0,0.0,0.0,0.0,0.0,0.0,0.0,0.0,0.0,0.0,0.0,0.0,0.7325240776032464,0.0,0.0,0.024492270567747144,0.5686970191919891,0.0,0.3770150628179557,0.4014005943311471,0.0,0.0,0.12678185114596233,0.0,0.0,0.3293833421234091,0.1284661373628201,0.10452584826413647,0.0,0.0,0.0,0.0,0.0,0.0,0.0,0.0,0.0,0.05958122839189587
RU1195A_122298748037043,0.0,0.1841138177500101,0.0,0.0,0.0,0.16814106636990325,0.0,0.0,0.13003590883348415,1.0,0.5553120065906519,0.0,0.0,0.0,1.0,0.0,0.18971047119597348,0.0,0.0,0.0,0.0,0.0,0.0,0.0,0.0,0.0,1.0,0.5798850333709575,0.0,0.0,0.8637702270926786,0.22452866925075754,0.0,0.0,1.0,0.0,0.0,1.0,0.0,0.0,0.0,0.39953301940712665,0.0,0.09655453730103242,0.0,0.0,0.0,0.22538322796779736,0.0,0.0,0.0,0.0,0.0
RU1195A_170181057170733,0.2698952962448062,0.0,0.0,0.0,0.12504937470433666,0.0,0.21238663123029433,0.18970462645279443,0.0,0.0,0.0,0.0,0.0,0.06791731585878462,0.0,0.0,0.0,0.0,0.0,0.2759260672132004,0.0,0.0,0.0,0.0,0.0,0.0,0.0,0.0,0.0,0.08123722270174423,0.0,0.19163536910720122,0.0,0.09823470674615743,0.16082787750756644,0.0,0.0,0.0,0.0,0.0,0.0,0.0,0.0,0.0,0.0,0.00728349717174381,0.0,0.0,0.0,0.0,0.0,0.0,0.0
RU1195A_196592958303012,1.0,1.0,0.6753643656153736,0.6381628832981663,0.0,0.27057854771335216,0.1563606797490113,1.0,1.0,0.47782658929450134,0.3951520254291423,0.33853613350163897,0.6572379411191939,0.9670439017877853,1.0,0.45479485585363105,0.7439950371039806,1.0,0.504911723299978,0.5255528199172553,0.16201060364800662,0.6369274724394155,0.6747276451123243,0.9749407400969365,0.5895708832649039,1.0,0.8486794110125563,0.0,0.6681187205027029,0.0,0.9903650736491392,0.0,1.0,0.03182461114881775,0.0,0.986514116794858,0.40944828330349725,0.26937411911486736,1.0,0.4864095989167787,0.5890086546731594,0.19649129459328557,0.3087166976914731,0.8289274947620923,1.0,0.8194969353395831,0.7831175019812011,0.464459938583502,0.9236192074993063,0.9318365783129615,0.46336772325848324,0.6645893524144428,0.3898536469773247
RU1195A_192247794093355,1.0,1.0,1.0,1.0,0.5772680763395961,1.0,1.0,1.0,1.0,1.0,1.0,1.0,1.0,1.0,1.0,1.0,1.0,1.0,1.0,1.0,1.0,1.0,1.0,1.0,1.0,1.0,1.0,1.0,1.0,0.4492939888629498,1.0,1.0,1.0,1.0,1.0,1.0,1.0,1.0,1.0,1.0,1.0,1.0,1.0,1.0,1.0,1.0,1.0,1.0,1.0,1.0,1.0,1.0,1.0
RU1195A_155843785316260,1.0,1.0,1.0,1.0,0.7464059517495344,1.0,0.7603640734780853,0.9813305460642376,1.0,1.0,1.0,1.0,1.0,1.0,0.9801002033162228,1.0,1.0,1.0,1.0,1.0,1.0,1.0,1.0,1.0,1.0,1.0,1.0,0.9943357175602795,1.0,0.9867702488809783,1.0,1.0,1.0,1.0,0.711838205317834,1.0,1.0,1.0,1.0,1.0,1.0,1.0,1.0,1.0,1.0,1.0,1.0,1.0,1.0,1.0,1.0,1.0,1.0
RU1195A_121946427316517,1.0,1.0,1.0,1.0,1.0,1.0,1.0,1.0,0.714052396362711,1.0,1.0,1.0,1.0,1.0,0.5793149492961083,1.0,1.0,1.0,1.0,1.0,1.0,1.0,1.0,1.0,1.0,1.0,1.0,0.3778363263461167,1.0,1.0,0.8574912617477749,0.6986330864063784,1.0,1.0,1.0,1.0,1.0,0.9767347606995439,1.0,1.0,1.0,1.0,1.0,1.0,1.0,1.0,1.0,1.0,1.0,1.0,1.0,1.0,1.0
RU1195A_227915483993902,0.0,0.0,0.0,0.0,0.0,0.0,0.460124026161033,0.0,0.0,0.0,0.0,0.0,0.0,0.0,0.0,0.0,0.0,0.0,0.0,0.0,0.0,0.0,0.0,0.0,0.0,0.0,0.0,0.5538982946917493,0.0,0.0,0.014730891941968974,0.30925847364464026,0.0,0.0,0.10794240910323843,0.0,0.0,0.0,0.0,0.0,0.0,0.0,0.0,0.0,0.0,0.0,0.0,0.0,0.0,0.0,0.0,0.0,0.0
RU1195A_236701751596837,1.0,1.0,0.32124659403286643,0.23172642438488653,0.0,0.0,0.0,1.0,0.35409908480315305,0.0,0.0,0.010986239349035311,0.21175285433868096,0.7533077026142203,1.0,0.12419415560229177,0.1481206530044303,0.7554146102139839,0.15593818221392464,0.0,0.0,0.21542815145408095,0.23012957905882034,0.6634333771268017,0.14872989982743617,0.7207973318425092,0.5456183710079829,0.0,0.20671934561387031,0.0,0.264221506235179,0.0,0.5635930897062011,0.0,0.0,0.9875771068619554,0.018584453136953647,0.0,0.9793384925614247,0.07669026380180922,0.09622353127624793,0.0,0.0,0.37524025671086986,0.6852803960948186,0.49425519061712725,0.3823704557656825,0.0,0.5334828158487339,0.4693603561967991,0.08340373009351619,0.45205412337927187,0.0
RU1195A_197051868137901,1.0,1.0,0.4482618872748383,0.37708117019966414,0.0,0.023300850267104788,0.06181958242918555,1.0,0.4924009955246834,0.14153780979647768,0.10598247969763357,0.10592718613162737,0.24693946992453342,0.763324539896183,1.0,0.21185211606773338,0.2827352470192426,0.7863553489655661,0.24384840978560768,0.26686484567509955,0.012107368899479626,0.3360462178848172,0.3193143133569431,0.7052116696293451,0.28781452830409726,0.7355420703237109,0.6074034273501958,0.0,0.3407911152634687,0.07448852320172156,0.3384179746440428,0.0,0.7037447209465749,0.0,0.0,0.865118956604927,0.15096398725769697,0.10209281571543763,1.0,0.1947632887534379,0.2500742822248705,0.0,0.0,0.5122919275828455,0.7577619195828043,0.5622904525660198,0.47103374734918707,0.15112332372727208,0.6311423593114212,0.5626166078118788,0.20677804228127833,0.4640796839796662,0.10115600215595238
RU1195A_126889101543283,1.0,0.9344057255792666,0.9321250651267269,0.8813081943337335,0.264385250658071,0.11542792476323271,0.0,0.9654108895026289,0.3344142381238097,0.7039921786274461,0.17996225623611778,0.6801305724284481,0.5611415907089445,1.0,0.8647437353715447,0.4054164141641759,0.5218295410475069,1.0,0.5500540758051338,0.38071391667742144,0.278914685487179,0.5428300074797328,0.4968884870794858,1.0,1.0,1.0,1.0,0.5848030472596768,0.6001227198344183,1.0,1.0,0.0,0.8768062469669695,0.18693585445109087,0.4329286641426623,0.21681754304060494,0.7836480863062806,0.23744854638380344,0.7420595219348471,0.45652512155525876,0.43757076897498093,0.2339291572661484,0.32733938979498933,0.9742615876983887,0.9756441537203598,1.0,0.9406974601556676,0.45023734563095863,0.9618121353605086,1.0,0.27347400840750685,0.3013778760106874,0.6979944882044395
RU1195A_121338689178348,0.0,0.0,0.0,0.0,0.0,0.0,0.036979729661405926,0.0,0.0,0.0,0.0,0.0,0.0,0.0,0.0,0.0,0.0,0.0,0.0,0.0,0.0,0.0,0.0,0.0,0.0,0.0,0.0,0.2941446839907023,0.0,0.0,0.28234239114177456,0.32454292613153274,0.0,0.0,0.0,0.0,0.0,0.0,0.0,0.0,0.0,0.0,0.0,0.0,0.0,0.0,0.0,0.0,0.0,0.0,0.0,0.0,0.0
RU1195A_157680527697820,0.37039075351971756,0.7293302169362231,1.0,1.0,1.0,0.5867642165147764,0.6690517719643042,0.5824636621208957,1.0,0.7935736391406488,0.6474531773848441,1.0,0.906310714045673,0.6911204987285476,0.004285319470792097,0.8713870578582928,0.8110252078457949,0.8488163708215686,1.0,1.0,1.0,1.0,0.8727293116390223,0.4998304241508987,0.8933936072986361,0.6835685596982473,1.0,1.0,1.0,1.0,0.21482363543373625,0.32747987266029505,1.0,0.9673368665397315,1.0,0.597221475616351,1.0,0.9983067926558937,0.6426500969979126,1.0,0.9851360360997176,0.837768654142763,0.42503877132651524,1.0,0.790795775290044,1.0,1.0,1.0,1.0,1.0,0.8777031409376278,1.0,1.0
RU1195A_160919066896733,0.0,0.0,0.0,0.0,0.24599869215826795,0.0,0.1438907078013779,0.0,0.0,0.0,0.0,0.0,0.0,0.0,0.0,0.0,0.0,0.0,0.0,0.0,0.0,0.0,0.0,0.0,0.0,0.0,0.0,0.0,0.0,0.0,0.0,0.20323443730643362,0.0,0.0,0.09113449903390658,0.0,0.0,0.0,0.0,0.0,0.0,0.0,0.017609191402428278,0.0,0.0,0.0,0.0,0.0,0.0,0.0,0.0,0.0,0.0
RU1195A_169640012471595,1.0,1.0,0.4413325366439676,0.2529529177130611,0.0,0.0,0.0,1.0,0.1629970909009075,0.1879536060366739,0.007297488558663627,0.0,0.1726220898670762,0.9307758025359234,1.0,0.20297862753231502,0.24850333488255497,0.7971591278431698,0.16329449694738943,0.0,0.0,0.23589875672321933,0.16620313468553038,0.7971190115053607,0.45530084969988277,0.7948348976831375,0.6307454878974815,0.0,0.08015259773925988,0.03632209685088667,0.4661580251831763,0.0,0.5425602080411039,0.0,0.0,0.5527340052386447,0.0860560415132279,0.0,0.9628848481926331,0.16673048464281687,0.20961297538277301,0.0,0.004886329201132112,0.6114486810646408,0.9572463632903906,0.7160235519659429,0.5516133657593262,0.1702206098293598,0.5509997931466174,0.4199023467651538,0.10238311755457939,0.26103845327476116,0.008580263216923468
RU1195A_162004619673012,0.8313160062695598,1.0,1.0,1.0,1.0,1.0,1.0,0.8977815279154903,1.0,1.0,1.0,1.0,1.0,0.9988125955543011,1.0,1.0,1.0,1.0,1.0,1.0,1.0,1.0,1.0,1.0,1.0,1.0,1.0,1.0,1.0,1.0,0.6840693662358591,1.0,1.0,1.0,1.0,1.0,1.0,1.0,1.0,1.0,1.0,1.0,1.0,1.0,1.0,0.9838451340535371,1.0,1.0,1.0,1.0,1.0,1.0,1.0
RU1195A_230746928109995,1.0,1.0,1.0,1.0,0.39506904993249986,1.0,1.0,1.0,1.0,1.0,1.0,1.0,1.0,1.0,1.0,1.0,1.0,1.0,1.0,1.0,1.0,1.0,1.0,1.0,1.0,1.0,1.0,1.0,1.0,0.4927071252379174,1.0,1.0,1.0,1.0,0.842590890347147,1.0,1.0,1.0,1.0,1.0,1.0,1.0,1.0,1.0,1.0,1.0,1.0,1.0,1.0,1.0,1.0,1.0,1.0
RU1195A_122283735010588,0.0,0.0,0.0,0.0,0.0,0.0,0.0,0.0,0.0,0.0,0.0,0.0,0.0,0.0,0.0,0.0,0.0,0.0,0.0,0.0,0.0,0.0,0.0,0.0,0.0,0.0,0.0,0.0,0.0,0.0,0.0,0.012972145445459092,0.0,0.0,0.0,0.0,0.0,0.0,0.0,0.0,0.0,0.0,0.0,0.0,0.0,0.0,0.0,0.0,0.0,0.0,0.0,0.0,0.0
RU1195A_131095902968732,0.0,0.0,0.0,0.0,0.0,0.5191974403833548,0.6325008002434183,0.0,0.2172845375201314,0.4978906553531986,0.3112069005387967,0.14187931432169693,0.5641597705844136,0.0,0.0,0.40299223630369174,0.6348575319777273,0.0,0.21488249930315326,0.0,0.9276248961932869,0.41539624079024684,0.9972638163362225,0.0,0.02897792621232539,0.05081734733070069,0.0,0.6326150398986633,0.0,0.17529146850102856,0.03876322856915724,1.0,0.0,0.5352694236704224,0.9553676852950925,0.4586327280811711,0.17386576808661652,0.5948814087196584,0.0,0.34745020807015514,0.0,0.4421621150855978,0.7532646957030316,0.062070324344480274,0.0,0.0,0.059706199245432495,0.636709869708612,0.0,0.0,0.5154737970474033,0.3438432724942761,0.24213775673004576
RU1195A_196592958400348,0.0,0.0,0.0,0.0,0.0,0.0,0.586999042335862,0.0,0.0,0.0,0.0,0.0,0.0,0.0,0.0,0.0,0.0,0.0,0.0,0.0,0.0,0.0,0.0,0.0,0.0,0.0,0.0,0.14829394804574988,0.0,0.0,0.0,0.22865373496581481,0.0,0.0075385924359808,0.0,0.0,0.0,0.0,0.0,0.0,0.0,0.0,0.0,0.0,0.0,0.0,0.0,0.0,0.0,0.0,0.0,0.0,0.0
RU1195A_130676054482331,0.0,0.0,0.0,0.0,0.5991953419667684,0.09335687838057698,0.0,0.0,0.0,0.7949569098816488,0.360647319674474,0.0,0.0,0.0,1.0,0.0,0.0,0.0,0.0,0.0,0.0,0.0,0.0,0.0,0.0,0.0,0.5759698049253774,0.3663788911638494,0.0,0.0,0.8007247920434502,0.10525930061483173,0.0,0.0,0.8100776511486892,0.0,0.0,1.0,0.0,0.0,0.0,0.31424678393811223,0.0,0.0,0.0,0.0,0.0,0.02241096019128006,0.0,0.0,0.0,0.0,0.0
RU1195A_231282307947444,0.8742130213589119,0.5948265850890937,1.0,0.7896737479294216,1.0,0.04167010253361114,0.0,0.9774542669710413,0.28297226751987004,0.7072047736118999,0.11030461830269135,0.5150998839104972,0.35627802163524097,1.0,0.6360642428572829,0.31442707572827155,0.41986448721845165,0.998199566310367,0.41623194512701256,0.6311879216921403,0.1587067579313221,0.20111391528416664,0.1159845366278203,0.9400583635398951,0.9393397106639021,0.9082226629630559,1.0,0.431192785734779,0.3725441713231709,1.0,1.0,0.0,0.5868309733595606,0.0796482637632698,0.4509800629604813,0.009292371096910454,0.7728476456037378,0.17196170995794105,0.5458374520886821,0.34793815742844986,0.29158361844054326,0.12068259118893926,0.5829286002598569,1.0,0.8451980421340588,1.0,0.8315666231816777,0.5313659844919574,0.697385920189991,0.743368190694905,0.13173857050018212,0.0655881261128161,0.48436994808910305
RU1195A_231901098006254,1.0,1.0,1.0,1.0,1.0,1.0,1.0,1.0,1.0,1.0,1.0,1.0,1.0,1.0,1.0,1.0,1.0,1.0,1.0,1.0,1.0,1.0,1.0,1.0,1.0,1.0,1.0,1.0,1.0,1.0,1.0,1.0,1.0,1.0,1.0,1.0,1.0,1.0,1.0,1.0,1.0,1.0,1.0,1.0,1.0,1.0,1.0,1.0,1.0,1.0,1.0,1.0,1.0
RU1195A_130003803977645,0.9310700748646952,1.0,1.0,1.0,1.0,0.28938289096372594,0.0,1.0,0.26316387097137833,0.8645907567884432,0.4354055382698638,0.8686722897613086,0.5147016166974289,1.0,0.7908237785461875,0.5395808113552579,0.872850233909669,1.0,0.7241960234226263,0.5432103687690927,0.44228900958487977,0.6918631977763743,0.49753234402894003,1.0,1.0,1.0,1.0,0.4127968945794637,0.9081943042544681,1.0,1.0,0.0035182756097463168,0.992510867735058,0.35895627002453256,0.5130814319122594,0.38637586421548703,0.9600157863466856,0.15745029987821235,0.762736439221266,0.5988123648509834,0.6222494578761792,0.4359078587583091,0.6643405457834182,1.0,1.0,1.0,1.0,0.5519402345140159,1.0,1.0,0.4667793527370914,0.36127217352174135,1.0
RU1195A_156572874623206,0.41292042039536,0.22064977336125394,0.0,0.0,0.0,0.0,0.014634813922195993,0.3689344768711466,0.0,0.0,0.0,0.0,0.0,0.14637707896848334,0.0,0.0,0.0,0.0,0.0,0.0,0.0,0.0,0.0,0.05739960344637881,0.0,0.0,0.0,0.0,0.0,0.0,0.0,0.14983700500265915,0.0,0.0,0.0,0.12215967880937201,0.0,0.0,0.09265023905170078,0.0,0.0,0.0,0.0,0.0,0.0,0.01480762421366024,0.0,0.0,0.0,0.0,0.0,0.0,0.0
RU1195A_121339897048292,0.17936113565877654,0.0,0.0,0.0,0.0,0.07509822541624862,0.14352684913073552,0.13189904122594784,0.0,0.0,0.0,0.0,0.0,0.0,0.0,0.0,0.028923108827848026,0.0,0.0,0.0,0.16473703778892335,0.0,0.09758929545965613,0.0,0.0,0.0,0.0,0.08971500623502941,0.0,0.029583976563983063,0.0,0.757955657028319,0.0,0.07556330131271696,0.4019127708574372,0.0,0.0,0.05877128979727793,0.0,0.0,0.0,0.0,0.0,0.0,0.0,0.0,0.0,0.0042204317585361265,0.0,0.0,0.0,0.0,0.023713487849131888
RU1195A_197120273004981,1.0,0.7722196925163819,0.8482591900254094,0.5996816515798759,0.30906913867138053,0.044852387002741856,0.0,0.9831985188057525,0.0,0.5658989313930047,0.1112981230345161,0.38947765340532,0.2784104560565405,1.0,0.5987847947459773,0.37803715179191305,0.41068906875669486,1.0,0.3706949619404122,0.37671879576351636,0.15450572770825982,0.352682215808804,0.17023562356144673,1.0,1.0,0.995370994945139,0.9981414824426369,0.0,0.2926057724173853,0.519484956205743,1.0,0.0,0.6132706898131336,0.03632127105652498,0.07195583774983916,0.14010459353006516,0.4164874487731476,0.0,0.8547800764164791,0.426157271724774,0.3942122438019515,0.09389841027333763,0.19573830855659363,0.9363056698597878,1.0,1.0,0.9783081144624226,0.4383086378332519,0.7883886352310576,0.6236471173543452,0.21872582800510237,0.08714023227058795,0.48820449453271353
RU1195A_125262263433588,0.9807890752511847,0.35965110599343336,0.8996129852793153,0.5277822129829435,1.0,0.02381874513254536,0.0,0.9300666253143237,0.0,0.4626897461275734,0.043706845526139536,0.18838121676058367,0.5108657301850731,1.0,0.12766393395465897,0.22179945058434214,0.1437865818922668,0.6871728540771388,0.2913936980069809,0.7430207490095563,0.22292508426492136,0.27736670897395044,0.0,0.864470215903816,0.9796416267191519,0.8390668698917895,0.9023250090339018,0.0,0.848245623075536,0.3740141094654824,0.9991834300501762,0.0,0.48420307944556196,0.02414635748514095,0.0,0.0,0.22482724499786372,0.0,0.48753425599521494,0.34335271952855645,0.34945644340024234,0.07681306772029381,0.3108882944589107,1.0,0.8515844531276494,0.9961941233113053,0.9505190566301128,0.37161014386558827,0.5688471879828483,0.5611676048621197,0.16388117749704836,0.0,0.25972582971798175
RU1195A_130049257717108,0.0,0.0,0.0,0.0,0.3732145034751919,0.0,0.41418405535770625,0.0,0.0,0.0,0.0,0.0,0.0,0.0,0.0,0.0,0.0,0.0,0.0,0.0,0.0,0.0,0.0,0.0,0.0,0.0,0.0,0.3539828295520985,0.0,0.0,0.0,0.2367294612073945,0.0,0.0,0.2000068020612448,0.0,0.0,0.0,0.0,0.0,0.0,0.03302041952132901,0.0,0.0,0.0,0.0,0.0,0.0,0.0,0.0,0.0,0.0,0.0
RU1195A_165729296084214,0.0,0.0,0.0,0.0,0.8460040970195237,0.0,0.0,0.16603315308990363,0.0,0.0,0.0,0.0,0.01089995639863027,0.0,0.0,0.0,0.0,0.0,0.0,1.0,0.1464352874010187,0.0,0.0,0.0,0.0,0.0,0.0,0.14792328321009826,0.0,0.7703221777414964,0.08567599786057792,0.13250082705907504,0.0,0.018243969810483738,0.54436686977285,0.0,0.21913568968648853,0.0,0.0,0.0,0.0,0.0,0.0,0.0,0.0,0.0,0.0008946067409605937,0.0,0.0,0.0,0.0,0.0,0.0
RU1195A_122283703253870,0.9852743356621241,0.9400909779584734,0.7167750153817873,0.5587334594377351,0.4777682989713047,0.023473261290342076,0.0,0.9990176647288342,0.1640325443152789,0.4395455620965931,0.13150994945119776,0.3989400947890996,0.23520718578147276,1.0,0.646391506970953,0.3501821212302918,0.40111371429107384,0.8694879846040593,0.4183638694113947,0.19404223172976742,0.40151407118349847,0.4641149072219811,0.19113811767866248,1.0,0.8361821795027478,0.9571691074782768,0.8120191569868105,0.04063240065040529,0.29454198909192847,1.0,0.8398108020156219,0.0,0.5857297385918945,0.04567039300772244,0.2784752299830173,0.3541179283657058,0.49275135384226787,0.0,0.7336160102581778,0.3788784891153623,0.32477068028861383,0.0642702808304864,0.005715608411043323,0.7919099646570595,1.0,0.9815000635949684,0.9351302990138047,0.4491924115499879,0.752579961544447,0.609685669424469,0.22146745890880357,0.19208028155788315,0.5877717878453044
RU1195A_129978391247580,0.12346438005143094,0.0,0.7558968169340787,0.9363952665652889,1.0,1.0,1.0,0.0004067662363815969,1.0,1.0,1.0,0.8680115635874982,1.0,0.09917392912654466,0.9529460599051295,1.0,1.0,0.6774633342586723,1.0,1.0,1.0,1.0,1.0,0.25468061133762976,0.4635295743407504,0.3565067878719412,0.1849321711354742,1.0,0.9948036310880809,1.0,0.0,1.0,0.9882384762951275,1.0,1.0,1.0,1.0,1.0,0.9442516665736653,1.0,1.0,1.0,1.0,0.6772340676083707,0.4622185138154648,0.28594597568604424,0.5060847188117089,1.0,1.0,0.731687908117674,1.0,1.0,1.0
RU1195A_169079819922267,0.0,0.0,0.0,0.0,0.1866094834638435,0.058290016914567,0.3992820746788359,0.0,0.0,0.0,0.0,0.0,0.0,0.0,0.0,0.0,0.0,0.0,0.0,0.0,0.0,0.0,0.0,0.0,0.0,0.0,0.0,0.5470746963861037,0.0,0.0,0.05274993005417626,0.3843109636754494,0.0,0.03303716657603249,0.4779265024872006,0.0,0.0,0.057756847476615344,0.0,0.0,0.0,0.04741232065698342,0.137792749114732,0.0,0.0,0.0,0.0,0.0,0.0,0.0,0.0,0.0,0.0
RU1195A_121735052716470,0.0,0.0,0.0,0.0,0.9745873511301576,0.0,0.49866696556893786,0.0,0.0,0.0,0.0,0.0,0.0,0.0,0.0,0.0,0.0,0.0,0.0,0.0,0.0,0.0,0.0,0.0,0.0,0.0,0.0,0.2506497412101697,0.0,0.0,0.0,0.054619157456485296,0.0,0.0,0.1507053143480989,0.0,0.0,0.0,0.0,0.0,0.0,0.03762563584632679,0.11469627882237254,0.0,0.0,0.0,0.0,0.0,0.0,0.0,0.0,0.0,0.0
RU1195A_228058962454893,1.0,1.0,1.0,1.0,0.42729625161480456,1.0,1.0,1.0,1.0,1.0,1.0,1.0,1.0,0.8984816259155763,1.0,1.0,1.0,1.0,1.0,1.0,1.0,1.0,1.0,1.0,1.0,1.0,1.0,1.0,1.0,0.3507928815899192,1.0,1.0,1.0,0.9866012779444241,1.0,1.0,1.0,1.0,1.0,1.0,1.0,1.0,1.0,1.0,1.0,0.9580846682543593,1.0,1.0,1.0,1.0,1.0,1.0,1.0
RU1195A_239596337260332,0.7469926590184381,1.0,1.0,1.0,1.0,1.0,1.0,0.800959598048954,1.0,1.0,1.0,1.0,1.0,0.6776710005240515,1.0,1.0,1.0,1.0,1.0,1.0,1.0,1.0,1.0,1.0,1.0,1.0,1.0,1.0,1.0,1.0,1.0,1.0,1.0,1.0,1.0,1.0,1.0,1.0,1.0,1.0,1.0,1.0,1.0,1.0,1.0,1.0,1.0,1.0,1.0,1.0,1.0,1.0,1.0
RU1195A_227853850531693,1.0,1.0,1.0,1.0,0.38466841752934366,1.0,1.0,1.0,1.0,1.0,1.0,1.0,1.0,1.0,1.0,1.0,1.0,1.0,1.0,1.0,1.0,1.0,1.0,1.0,1.0,1.0,1.0,1.0,1.0,0.38223712893389283,1.0,1.0,1.0,1.0,0.8336615465003574,1.0,1.0,1.0,1.0,1.0,1.0,1.0,1.0,1.0,1.0,1.0,1.0,1.0,1.0,1.0,1.0,1.0,1.0
RU1195A_230600528775397,1.0,1.0,1.0,1.0,1.0,1.0,0.5221846099722415,0.9805287910235125,0.8545894365351995,1.0,1.0,1.0,1.0,1.0,0.8696889555337023,1.0,1.0,1.0,1.0,0.6677911016190154,1.0,1.0,1.0,1.0,1.0,1.0,1.0,0.47088367128536546,1.0,1.0,0.7880654748873113,0.8406903303845472,1.0,1.0,0.5759832771366126,1.0,1.0,0.944499246446242,1.0,1.0,1.0,1.0,0.8839831402197706,1.0,1.0,0.9671511912745211,1.0,0.9312144414497614,1.0,1.0,1.0,1.0,1.0
RU1195A_157013883115299,0.8957641703162422,1.0,1.0,1.0,1.0,1.0,0.6260714306729833,0.9041645359788157,1.0,1.0,1.0,1.0,1.0,1.0,0.8004765950594639,1.0,1.0,1.0,1.0,1.0,1.0,1.0,1.0,1.0,1.0,1.0,1.0,1.0,1.0,1.0,0.8816796685038932,1.0,1.0,1.0,1.0,1.0,1.0,1.0,1.0,1.0,1.0,1.0,1.0,1.0,1.0,1.0,1.0,1.0,1.0,1.0,1.0,1.0,1.0
RU1195A_230816752786670,0.19727847221587252,1.0,1.0,1.0,1.0,1.0,1.0,0.41368162250140256,1.0,1.0,1.0,1.0,1.0,0.5825182311130738,1.0,1.0,0.9928302381852687,0.8171415861393475,1.0,1.0,1.0,1.0,1.0,1.0,1.0,1.0,1.0,1.0,1.0,1.0,1.0,1.0,1.0,1.0,1.0,1.0,1.0,1.0,1.0,1.0,1.0,1.0,1.0,1.0,0.8132601090466521,1.0,1.0,1.0,1.0,1.0,1.0,1.0,1.0
RU1195A_121812477496036,0.0,0.0,0.0,0.0,0.4429238877966567,0.06646838264235304,0.12058724241459795,0.0835937766269787,0.3546933920077448,0.0,0.0,0.0,0.0,0.0,0.0,0.0,0.0,0.0,0.0,0.0,0.0,0.0,0.0,0.0,0.0,0.0,0.0,0.48785082877291946,0.0,0.0,0.824501938245178,0.10570231112570176,0.0,0.0,0.0,0.0,0.0,0.08355822054881953,0.0,0.0,0.0,0.09071118880637617,0.0,0.0,0.0,0.0,0.0,0.0,0.0,0.0,0.0,0.0,0.0
RU1195A_236297783790427,0.0,0.0,0.0,0.0,0.0903917765695124,0.0,0.2142007257863595,0.0,0.0,0.0,0.0,0.0,0.0,0.0,0.0,0.0,0.0,0.0,0.0,0.0,0.0,0.0,0.0,0.0,0.0,0.0,0.0,0.2716073412074468,0.0,0.0,0.0,0.3239613061597598,0.0,0.0,0.14889261662048944,0.0,0.0,0.0,0.0,0.0,0.0,0.0,0.20541001619719507,0.0,0.0,0.0,0.0,0.0,0.0,0.0,0.0,0.0,0.0
RU1195A_121940359952748,0.0,0.0,0.0,0.0,0.47854277604148526,0.0,0.7826793389346663,0.0,0.0,0.0,0.0,0.0,0.0,0.0,0.0,0.0,0.0,0.0,0.0,0.0,0.0,0.0,0.0,0.0,0.0,0.0,0.0,0.2762217479953328,0.0,0.0,0.0,0.15859890221371625,0.0,0.35757594641908846,0.22785593005595764,0.0,0.0,0.0,0.0,0.0,0.028268779493365048,0.13851191142980337,0.05455620522849279,0.0,0.0,0.0,0.0,0.0,0.0,0.0,0.0,0.0,0.0
RU1195A_122497244256043,0.0,0.0,0.0,0.0,0.0,0.02995173850942503,0.10716811864500621,0.0,0.0,0.0,0.025754229747414478,0.0,0.0,0.0,0.0,0.0,0.0,0.0,0.0,0.0,0.0,0.0,0.0,0.0,0.0,0.0,0.0,0.7080976803356981,0.0,0.0,0.7756353364684773,0.25759445147152227,0.0,0.0,0.15271706788602146,0.0,0.0,0.1917312669389344,0.0,0.0,0.0,0.08075945707920373,0.0,0.0,0.0,0.0,0.0,0.0,0.0,0.0,0.0,0.0,0.0
RU1195A_135573418236211,0.7898624213210838,0.7998094084975463,0.1880277082494027,0.20501709867861967,0.0,0.0,0.19351816828209292,0.830862201439715,0.18074126014181902,0.0,0.0,0.106740398487672,0.019499077133063484,0.4077756451729312,0.6017372862175788,0.07327656802796205,0.026939067651018913,0.46674889608186854,0.03618524234690678,0.0,0.001235241797910765,0.08695488349955931,0.06894470309378925,0.36599319670546,0.030608121375513105,0.2731473694548297,0.32238185976250355,0.0,0.23935101511331489,0.0,0.0,0.0743528168805477,0.3049782797246018,0.0,0.0,0.6979701230315528,0.0,0.12549298931954483,0.6783775901680907,0.03335304532742552,0.0,0.0,0.0,0.09450345342722946,0.31963960194580837,0.23618331992795716,0.1388552569142191,0.0,0.31911185674018944,0.16862280149733538,0.09496961110051604,0.28982956346868965,0.0
RU1195A_135135304469292,0.12370505924763885,1.0,0.8747280192347968,1.0,1.0,0.8979835848653362,1.0,0.33763881085810615,1.0,0.9929402374597869,1.0,1.0,0.690567138354212,0.9808680856262263,0.8792048415861914,1.0,1.0,0.4199525691051889,1.0,0.585947801015571,1.0,1.0,0.6787590440455176,0.24202514754247284,0.5312231347362177,0.5330902952765683,0.4778869260404269,0.8972293983697575,0.8460699821353744,1.0,0.0,1.0,0.9389121226314245,1.0,1.0,1.0,1.0,0.9657699253438108,1.0,1.0,1.0,1.0,1.0,0.6159980105760389,0.4930078623615722,0.0933672450285876,1.0,1.0,1.0,1.0,1.0,1.0,1.0
RU1195A_122427450210613,0.0,0.0,0.0,0.0,0.2865344351312085,0.0,0.37121839638360266,0.0,0.0,0.0,0.0,0.0,0.0,0.0,0.0,0.0,0.0,0.0,0.0,0.0,0.0,0.0,0.0,0.0,0.0,0.0,0.0,0.2187041388887706,0.0,0.0,0.47894267138224406,0.12228668182541678,0.0,0.0,0.0,0.0,0.0,0.037984115067562184,0.0,0.0,0.0,0.07121635467987084,0.0,0.0,0.0,0.0,0.0,0.0,0.0,0.0,0.0,0.0,0.0
RU1195A_240617702935963,0.0,0.0,0.0,0.0,0.12875740756689616,0.0988274671767002,0.5931213400967973,0.0,0.0,0.0,0.028024142187797276,0.0,0.0,0.0,0.0,0.0,0.0,0.0,0.0,0.0,0.0,0.0,0.0,0.0,0.0,0.0,0.0,0.2913585145522196,0.0,0.0,0.023907598758990036,0.32209653459702364,0.0,0.06392920246594667,0.3041834098981229,0.0,0.0,0.0,0.0,0.0,0.0,0.0572088726819272,0.057034488657729324,0.0,0.0,0.0,0.0,0.0,0.0,0.0,0.0,0.0,0.0
RU1195A_192718897625331,0.0683774676088133,0.0,0.022612314310118852,0.0,0.6619120079273785,0.0,0.3588123525019842,0.0,0.0,0.16686885234360938,0.0,0.0,0.18843466946542653,0.0,0.0,0.0,0.0,0.0,0.04609608563292839,0.0,0.010891275851078682,0.04198247162688299,0.36442240507120366,0.0,0.20552655286617344,0.0,0.0,0.009206098557748725,0.002448241065951837,0.07560170071678539,0.09441897948343841,0.11155616503999201,0.1183100752378387,0.7859720152196419,0.6455017235514022,0.0,0.4182832194392903,0.15556949219304722,0.0,0.0,0.23334189920275378,0.014219285646445177,0.0,0.0,0.0,0.0,0.0,0.0,0.026407625267298392,0.15594406988272605,0.0,0.0,0.1516242153525234
RU1195A_170875902379814,0.5838532850581661,0.6808635042787672,0.4899687962971018,0.4142959532350349,0.9085781545982472,0.0,0.0,0.7655705330175543,0.0,0.18131724310056158,0.015490174594306736,0.24773827175225013,0.0,0.7073322637646042,0.2252650507740753,0.0640417696914035,0.04511014753528613,0.31036093900262446,0.15244545372160603,0.12777461587384145,0.2897461354787961,0.17369978147571638,0.0,0.37905934785099954,0.1369807358395804,0.4628211846981407,0.32617720104354964,0.0,0.21543249592330246,1.0,0.1868425471921978,0.0,0.2622514506153187,0.028519860648719537,0.2705690539177837,0.3650265136183436,0.4233715827372936,0.0,0.3412300252720586,0.08738474445138156,0.0,0.0,0.0,0.29018442383974874,0.3850094750763967,0.33241399621297085,0.4469083414564866,0.25742618980904486,0.22305292231689777,0.3300538662625876,0.03507078538761623,0.16428545033127903,0.25500901329255055
RU1195A_204410993924828,0.61804642123581,0.6121203547374053,1.0,1.0,1.0,0.6611567008482079,0.7481777501879711,0.7172003442653534,0.8398344593763709,1.0,0.5543657474129489,1.0,1.0,0.8812548742776469,0.0,0.8019225930313091,0.8575556451730958,1.0,1.0,1.0,1.0,1.0,1.0,0.6001982296576442,1.0,0.5424249791569824,1.0,1.0,1.0,1.0,0.56363396919956,0.24824445388833985,1.0,1.0,1.0,0.4073714496327285,1.0,0.7173198271003443,0.4358789013613344,0.8125961420048716,0.8484622866953346,0.6672168932295173,0.5148235928291013,1.0,0.8539183077044814,1.0,1.0,1.0,1.0,1.0,0.5828151966261124,0.8616150766411532,1.0
RU1195A_129455090785012,1.0,1.0,0.8774596740112782,0.9650992523250714,0.19745416849243735,0.4009581035950935,0.03603123483029566,1.0,0.336889787791902,0.7142811534011954,0.5750910529468156,0.8161898792552007,0.5662113787511397,1.0,0.8895271074777185,0.6606949509995719,1.0,1.0,0.7876270545537756,0.471510843326801,0.4826479736906149,1.0,0.739844883967861,1.0,1.0,1.0,0.954514826289812,0.0905036572653025,1.0,0.5178636762680294,0.8981416185867541,0.07710220349287773,1.0,0.44264052745616445,0.14531595672093006,0.7581035558536307,0.8275437058996252,0.283324037829832,1.0,0.8020327570828943,0.8699920461821987,0.5211018490384235,0.36987177018665146,1.0,1.0,1.0,1.0,0.5772299308949033,1.0,1.0,0.7426815379266356,0.6717592561838092,1.0
RU1195A_130133995436958,0.0,0.27269099076700876,0.4675503853334029,1.0,1.0,1.0,1.0,0.0,1.0,1.0,1.0,1.0,1.0,0.0,1.0,1.0,1.0,1.0,0.9510164585874966,0.0802904915729993,0.8994644888982662,0.16060277669784362,1.0,0.06698301178085565,0.1541224219531737,0.11045949123700455,1.0,1.0,0.3641198024339668,1.0,0.17473046077853205,1.0,0.5392553569669679,1.0,1.0,1.0,0.2789674584931809,1.0,0.26598615638481826,1.0,1.0,1.0,1.0,0.9613704093958915,0.569060418778331,0.0,0.0,1.0,0.5660666482184827,0.05775785598830538,1.0,1.0,0.6365834078922745
RU1195A_226410788220203,0.8225993878895097,1.0,1.0,1.0,1.0,1.0,0.7450984626471282,0.9515363967238998,1.0,1.0,1.0,1.0,1.0,1.0,0.5635447253985608,1.0,1.0,1.0,1.0,1.0,1.0,1.0,1.0,1.0,1.0,1.0,1.0,1.0,1.0,1.0,0.8064392840495657,1.0,1.0,1.0,1.0,1.0,1.0,1.0,1.0,1.0,1.0,1.0,1.0,1.0,1.0,1.0,1.0,1.0,1.0,1.0,1.0,1.0,1.0
RU1195A_130213137730358,0.0,0.0,0.0,0.0,1.0,0.034431089663122166,0.416989949011226,0.0,0.0,0.0,0.0,0.0,0.0,0.0,0.0,0.0,0.0,0.0,0.0,0.0,0.0,0.0,0.0,0.0,0.0,0.0,0.0,0.5029794021495315,0.0,0.0,0.33366364892986133,0.15978028243006884,0.0,0.06081922748082433,0.11322822982031465,0.0,0.0,0.1009724983711206,0.0,0.0,0.0,0.14090866890538173,0.06659808464752474,0.0,0.0,0.0,0.0,0.0,0.0,0.0,0.0,0.0,0.0
RU1195A_135692456975133,0.8417118962139059,0.5018532509570698,1.0,0.8032891184251129,1.0,0.050912609321295224,0.0,0.9599620266782986,0.4707119095940612,0.8745240082842759,0.11857850115325416,0.5315498804784943,0.3484926437768093,0.9481691026151677,0.5728437615007922,0.2810475613474257,0.42880791291482856,1.0,0.4702993027911255,0.615344544387695,0.21885366148344357,0.21082380210075224,0.1320471935111839,0.7827632070131043,0.8873433078142795,0.84486316468678,1.0,0.7513533650235595,0.35862587438057314,1.0,1.0,0.0,0.7084122228257744,0.08682564848541263,0.4122534238854366,0.0,0.878738670847387,0.13934030715688572,0.45032007109051964,0.30682460361343117,0.24231796998174265,0.1228152102699173,0.6207384123513966,1.0,0.6885018467091952,1.0,0.7382235095111297,0.5136902698504348,0.6524028888311506,0.8205161289638261,0.08926018166005459,0.10071003361577757,0.5109909186063312
RU1195A_170328400710444,0.9503537597162431,0.7152214449809567,0.5044579917845224,0.3569466223565013,0.0,0.0,0.0,0.97943598937091,0.11945984432866244,0.31283442803723904,0.0,0.047531006859452704,0.19359541720306697,0.8591628190439607,0.6149985067290704,0.1817467119768967,0.15649133846792584,0.6862626240482599,0.17858898625051145,0.19776235438163178,0.0196641081544151,0.170116913276208,0.13969004285774478,0.7026407668159513,0.5212690980575385,0.6862344201163619,0.6726319216709158,0.0,0.20027157652570912,0.39367658114082976,0.5935572634900061,0.0,0.4690834275907537,0.05124113921961463,0.0,0.2891711253158276,0.18916474787648108,0.0161344388184123,0.771624363186429,0.20418430479403085,0.20612202450775055,0.0,0.12471269947758153,0.6776011194466567,0.7802969716380737,0.6652521153878916,0.5659474572031702,0.24611339879511226,0.45866071075844295,0.4355661610212373,0.07282945856221663,0.16275840119875276,0.0886008230519215
RU1195A_232252165188323,1.0,1.0,0.44450943232344775,0.38593847421240673,0.0,0.0,0.0,1.0,0.29479676431129365,0.17745598271268728,0.05115766436646361,0.1455216063629211,0.18508908294083484,0.8213131866257939,0.8688340512880279,0.21350633612233627,0.22895506067643764,0.7591704803750418,0.2306039320116656,0.385024623104002,0.047700094339370336,0.3233379412585841,0.275998429422456,0.7565552698016634,0.39171234578093883,0.7493644354569485,0.6595820838311024,0.0,0.29472006746225626,0.2477299389487068,0.2855814374918047,0.0,0.6487680825381648,0.0,0.0,0.6999224792823174,0.2073536890823163,0.04698169870172318,0.9502553929433509,0.2307170617959782,0.26120803192903774,0.0,0.0,0.5258158169246747,0.8089421027841941,0.6440352834889697,0.5345428201468736,0.18840587937409972,0.647391915259952,0.5243981937536952,0.16425444624371627,0.3878423388283846,0.1834552962679412
RU1195A_120730011490531,0.0,0.0,0.0,0.0,0.9319312532885278,0.07707093259614531,0.35773808677066676,0.0,0.0,0.0,0.02954012716520436,0.0,0.030321557516755523,0.0,0.0,0.0,0.0,0.0,0.0,0.0,0.0,0.0,0.010092284039860226,0.0,0.0,0.0,0.0,0.2063601843721313,0.0,0.0,0.0,0.22680227165666997,0.0,0.42547411749622044,0.4167557107334072,0.0,0.0,0.09023843272506525,0.0,0.0,0.15927493156050612,0.030483210423130288,0.09770456174920422,0.0,0.0,0.0,0.0,0.0,0.0,0.0,0.0,0.0,0.0
RU1195A_231133475630003,1.0,1.0,1.0,1.0,0.6307503391059673,1.0,1.0,1.0,1.0,1.0,1.0,1.0,1.0,1.0,1.0,1.0,1.0,1.0,1.0,1.0,1.0,1.0,1.0,1.0,1.0,1.0,1.0,1.0,1.0,0.689428214275283,1.0,1.0,1.0,1.0,0.6147850763389837,1.0,1.0,1.0,1.0,1.0,1.0,1.0,1.0,1.0,1.0,1.0,1.0,1.0,1.0,1.0,1.0,1.0,1.0
RU1195A_157606842100124,0.6613058661365369,0.6238750803209627,0.06849257578037499,0.10450217575018986,0.0,0.0,0.0,0.6951082330117482,0.17448131501552344,0.0,0.0,0.05234779712290796,0.0,0.3692712869840545,0.4568313810295001,0.0,0.0,0.26286935492584035,0.0,0.08079956043724765,0.029862876547116977,0.0012887212111849819,0.0,0.2430075839351399,0.0,0.14256103584335025,0.15831132792997593,0.0,0.018436033022460063,0.0,0.0,0.06991424361777132,0.14858411655651874,0.0,0.0,0.5779193748038589,0.0,0.0,0.4914305293671658,0.0,0.0,0.0,0.0,0.0,0.17876501313156823,0.16119491544571254,0.0631300364686435,0.0,0.09171695248655823,0.031305729501564704,0.018639483047877548,0.16420182899393118,0.0
RU1195A_129586368204212,0.0,0.0,0.0,0.0,0.8072706789694322,0.04333017741127649,0.33963536093848934,0.0,0.0,0.0,0.0,0.0,0.0,0.0,0.0,0.0,0.0,0.0,0.0,0.0,0.0,0.0,0.015030387090208932,0.0,0.0,0.0,0.0,0.38762660248604,0.0,0.0,0.0,0.20932581163014685,0.0,0.5184901908078622,0.2824714758252958,0.0,0.0,0.027266189809728236,0.0,0.0,0.35326745930415254,0.06886375576953274,0.03694502045798744,0.0,0.0,0.0,0.0,0.0,0.0,0.0,0.0,0.0,0.0
RU1195A_199877522045363,1.0,1.0,0.41729772349551597,0.345566014262512,0.0,0.0082380618202598,0.11561496428626324,1.0,0.6402263718141893,0.14548325400235934,0.09037525932427205,0.06611439150261345,0.30415646170576144,0.7354608226252799,1.0,0.19809332492073176,0.24996848524211632,0.7868871699819604,0.21482553658694037,0.17042890971982663,0.0,0.2710520160213375,0.3064205901413238,0.6613360196443625,0.2274665593855818,0.68430303968655,0.6119739228627601,0.0,0.29292687436073195,0.0,0.4243343835618111,0.0,0.6907636539182701,0.0,0.0,0.8893251500347594,0.11076569185426026,0.10617822602990457,1.0,0.16352080671969912,0.20459922309162829,0.0,0.0,0.46619185036706906,0.6753944240761746,0.5292163258221002,0.4208193733195367,0.16011960940253656,0.5611123088597257,0.5326897094052119,0.17164425643820416,0.4649056602765833,0.0321136792437023
RU1195A_239381838155101,0.0,0.0,0.0,0.0,1.0,1.0,1.0,0.0,1.0,0.29575592407179824,1.0,0.5816328677142945,0.6299088438398849,0.0,1.0,1.0,1.0,0.0,0.12022089735130212,1.0,0.49798980332647863,0.0,0.0,0.0,0.0,0.0,0.0,1.0,0.0,0.43362963162815554,0.0,1.0,0.0,0.5050311749757668,1.0,0.0,0.38877150869060595,1.0,0.0,0.3480075748441353,0.13714793783040546,0.7884303576628303,1.0,0.04908180011753759,0.0,0.0,0.0,0.574748902463979,0.0,0.0,0.4575277537569384,0.3112330094711762,0.33581486552902773
RU1195A_121812464593651,1.0,1.0,1.0,1.0,0.8196522818619958,1.0,1.0,1.0,1.0,1.0,1.0,1.0,1.0,1.0,1.0,1.0,1.0,1.0,1.0,1.0,1.0,1.0,1.0,1.0,1.0,1.0,1.0,1.0,1.0,0.9433826392570395,1.0,1.0,1.0,1.0,1.0,1.0,1.0,1.0,1.0,1.0,1.0,1.0,1.0,1.0,1.0,1.0,1.0,1.0,1.0,1.0,1.0,1.0,1.0
RU1195A_121829791786782,0.9034660658539885,1.0,1.0,1.0,1.0,1.0,0.38741276375540323,0.8835618674118308,1.0,1.0,1.0,1.0,1.0,1.0,0.7939526656075784,1.0,1.0,1.0,1.0,1.0,1.0,1.0,1.0,1.0,1.0,1.0,1.0,1.0,1.0,1.0,0.8776769229307966,1.0,1.0,1.0,1.0,1.0,1.0,1.0,1.0,1.0,1.0,1.0,1.0,1.0,1.0,1.0,1.0,1.0,1.0,1.0,1.0,1.0,1.0
RU1195A_156034495539445,0.0,0.0,0.0,0.0,0.0,0.0,0.06652355120806623,0.0,0.0,0.0,0.0,0.0,0.0,0.0,0.0,0.0,0.0,0.0,0.0,0.0,0.0,0.0,0.0,0.0,0.0,0.0,0.0,0.10828706033772284,0.0,0.0,0.0,0.4286893432304943,0.0,0.0,0.1670668652939203,0.0,0.0,0.0,0.0,0.0,0.0,0.0,0.0,0.0,0.0,0.0,0.0,0.0,0.0,0.0,0.0,0.0,0.0
RU1195A_196592958289822,1.0,1.0,0.6273009874594456,0.39718200643006807,0.0,0.0,0.0,1.0,0.12804141232326421,0.37149803686080335,0.04999058718404822,0.13803467666283842,0.18579701063494278,1.0,0.9025736126963257,0.29392524612594567,0.3500166353455516,0.9407261778996542,0.2695873870107135,0.1255970967846402,0.055595724766592976,0.25719021120558766,0.20944659085748885,1.0,0.7709593635495773,1.0,0.8241744835620219,0.0,0.1569715403421474,0.14291877616383294,0.9581320596854735,0.0,0.6050805936899166,0.0,0.0,0.32646167716813124,0.22514220880723992,0.0,0.8830101637232891,0.32860518777196873,0.33827357263861024,0.0,0.004488036484069941,0.7523200741189918,1.0,0.9516400363414056,0.8292105869595299,0.32578955716837027,0.6784919466534657,0.5804541364225715,0.1632098361340989,0.19298932282929163,0.2667516514631496
RU1195A_236108018207094,0.8363815575264318,1.0,0.2376312125833729,0.22607841186011038,0.0,0.0,0.0,0.968430762881254,0.26079481073940125,0.0,0.0,0.11373057785270002,0.07622376981234183,0.5790359952936236,0.8900866480336417,0.06835316393543192,0.06715280715788348,0.540479489654049,0.10834366324956855,0.2847675677060923,0.0,0.1668636503885318,0.05870729852319019,0.4757061548435509,0.02677304158257597,0.4561993794404556,0.352985201860645,0.0,0.12851181237999437,0.4812125824515094,0.0,0.0,0.36889729612294164,0.0,0.0,0.8695715228467401,0.07181171790778824,0.0,0.7942973430728354,0.018987513614978663,0.0641683936771259,0.0,0.0,0.18126902245402532,0.45670703829444115,0.34445564651936783,0.25708349572069544,0.0,0.3506835834085215,0.30292362177549215,0.03800930587921209,0.35950076982259377,0.027855154462391594
RU1195A_226283262494582,0.024426866235759775,0.0,0.0,0.0,0.0,0.0,0.0,0.0,0.0,0.0,0.0,0.0,0.0,0.0,0.0,0.0,0.0,0.0,0.0,0.0,0.0,0.0,0.0,0.0,0.0,0.0,0.0,0.0,0.0,0.0,0.0,0.257127450550869,0.0,0.0,0.1334380071739855,0.0,0.0,0.0,0.0,0.0,0.0,0.0,0.0,0.0,0.0,0.0,0.0,0.0,0.0,0.0,0.0,0.0,0.0
RU1195A_169649554511707,0.8958529434469036,1.0,1.0,1.0,1.0,1.0,0.3212223354722101,0.8920573993909162,0.872058341432657,1.0,1.0,1.0,1.0,1.0,0.8452617067552027,1.0,1.0,1.0,1.0,1.0,1.0,1.0,1.0,1.0,1.0,1.0,1.0,1.0,1.0,1.0,0.8449642692022122,1.0,1.0,1.0,1.0,1.0,1.0,1.0,1.0,1.0,1.0,1.0,1.0,1.0,1.0,1.0,1.0,1.0,1.0,1.0,1.0,1.0,1.0
RU1195A_161943416658211,1.0,1.0,1.0,1.0,0.48028409567060093,1.0,1.0,1.0,1.0,1.0,1.0,1.0,1.0,1.0,1.0,1.0,1.0,1.0,1.0,1.0,1.0,1.0,1.0,1.0,1.0,1.0,1.0,1.0,1.0,0.5863589365279759,1.0,1.0,1.0,1.0,1.0,1.0,1.0,1.0,1.0,1.0,1.0,1.0,1.0,1.0,1.0,1.0,1.0,1.0,1.0,1.0,1.0,1.0,1.0
RU1195A_126820562884894,0.0,0.0,0.0,0.0,0.31644637307623696,0.0,0.2928617544432149,0.00783406818366358,0.0,0.0,0.0,0.0,0.0,0.0,0.0,0.0,0.0,0.0,0.0,0.004695061405611488,0.0,0.0,0.0,0.0,0.0,0.0,0.0,0.10777037312091375,0.0,0.0,0.0,0.1692323988407487,0.0,0.07297791404127885,0.32014078342454527,0.0,0.0,0.0,0.0,0.0,0.0,0.0,0.0,0.0,0.0,0.0,0.0,0.0,0.0,0.0,0.0,0.0,0.0
RU1195A_122378473846637,1.0,1.0,1.0,1.0,1.0,1.0,1.0,1.0,1.0,1.0,1.0,1.0,1.0,0.9675034505813911,1.0,1.0,1.0,1.0,1.0,1.0,1.0,1.0,1.0,1.0,1.0,1.0,1.0,0.6818270517885606,1.0,0.6107259594338067,0.6709072549711783,1.0,1.0,1.0,1.0,1.0,1.0,1.0,1.0,1.0,1.0,1.0,1.0,1.0,1.0,1.0,1.0,1.0,1.0,1.0,1.0,1.0,1.0
RU1195A_235000972068588,0.9785512021889569,0.6721019302871885,0.6816727159490601,0.4463374562162831,0.21795732052455735,0.0,0.0,0.9252363954084709,5.897889552447643e-05,0.4207720218946504,0.0,0.17988043125815845,0.1141370392774236,1.0,0.5966565934094256,0.24198030407444934,0.22521616207313824,0.8423493139465308,0.22948983545105409,0.1297009653449228,0.037575612518718195,0.1026596213616643,0.07934215827329284,0.9555640165600092,0.7890160671356,0.8663373837034095,0.8966238411613684,0.0,0.11604695744340607,0.3658243286011085,1.0,0.0,0.46446050643955483,0.0,0.0,0.09433984054445133,0.28843984847379095,0.0,0.7170093247692463,0.2931226073772017,0.1674973102330262,0.003329364123010543,0.11377126715831258,0.7840920902337216,0.9441590468403225,0.9028243582470445,0.7847199510703029,0.35132238134498994,0.5376553568400919,0.47952013809591226,0.07648979344965781,0.058001729108994725,0.25052853148764664
RU1195A_160905376459693,0.0,0.3917541171384715,1.0,1.0,1.0,1.0,1.0,0.5597196615310074,1.0,0.931461245173762,1.0,1.0,0.9621856108586369,1.0,1.0,1.0,1.0,0.6376674105768727,1.0,1.0,1.0,1.0,0.06587540301380201,0.10763221828269964,0.6800483444166078,0.23993434679398426,0.9315357168567592,1.0,0.6240903858502577,1.0,0.027813884321845016,1.0,1.0,1.0,1.0,1.0,1.0,1.0,1.0,1.0,1.0,1.0,1.0,0.451411756459052,0.4804007430545874,0.15799504505411757,0.8259191200406745,1.0,1.0,1.0,1.0,1.0,1.0
RU1195A_230679148195174,0.2982841532608354,0.0,0.14003143675044216,0.16061660769161193,0.9658022664322776,0.10453855254062788,0.2776630995491387,0.0,0.0,0.3783936903466688,0.045000747363276,0.22765364291404333,0.37397035451532695,0.002083041003098787,0.0,0.08989835833419108,0.0,0.0,0.186324652363098,0.015712399889968642,0.1340379212154141,0.28791980440597653,0.594914323834071,0.0,0.4315507922137825,0.0,0.0,0.0,0.2481912040081935,0.34049982479912144,0.0,0.20961756701109718,0.37359103039192953,0.9397566001799755,0.6631099007278344,0.0,0.39561031026985144,0.19520217433833195,0.0,0.07986740420260094,0.35289793277482745,0.040222647280552234,0.0,0.08747648653783809,0.0,0.07890152162436853,0.0,0.0,0.37022230975217607,0.4181984888312616,0.0,0.0,0.34336642041294374
RU1195A_165371889280750,0.9797001732261301,0.8843882092152788,0.5913665492513852,0.41150086194310925,0.0,0.0,0.08526598617268502,1.0,0.26742604364395384,0.2918421448352713,0.028847309897671865,0.08618022553231218,0.2258849027241378,0.8641849716446789,0.7445837676883831,0.192510726721477,0.19834311225173862,0.7578604856854073,0.22507222447734276,0.22774337086563143,0.016536801094921956,0.22878081279307855,0.1945783188559306,0.7503026689719107,0.5125907553499469,0.7625654693729113,0.6918543458675194,0.0,0.29883809472128753,0.29554808576156916,0.619109165498144,0.0,0.5633437625478863,0.02763397273031807,0.0,0.38819357071281096,0.211547700435357,0.12094817847508878,0.7870921358756161,0.22838844641649506,0.2658679667023041,0.0,0.13230155966831844,0.6727499351364394,0.8109882912382109,0.6650806475613976,0.5637256839119773,0.25384767324418317,0.5839292019403808,0.5855353256232612,0.11309556460838106,0.24327350908190584,0.12084950655278877
RU1195A_199877522570483,0.0,0.0,0.0,0.0,0.0,0.03655344209318927,0.5089404457220156,0.0,0.0,0.0,0.0,0.0,0.0,0.0,0.0,0.0,0.0,0.0,0.0,0.0,0.0,0.0,0.0,0.0,0.0,0.0,0.0,0.577938195908489,0.0,0.0,0.35926496329258145,0.23121872105889185,0.0,0.0,0.15683539664383672,0.0,0.0,0.0,0.0,0.0,0.0,0.04158818244771217,0.022157339995804364,0.0,0.0,0.0,0.0,0.0,0.0,0.0,0.0,0.0,0.0
RU1195A_135132217264884,1.0,1.0,0.2726043296728207,0.18729931541105113,0.0,0.0,0.0,1.0,0.2542061225556297,0.0,0.0,0.0,0.14408983605540301,0.7154753689059028,1.0,0.089812764704266,0.08315184107984372,0.7189404704549074,0.10605038307011208,0.0,0.0,0.15151509599560353,0.14070674570424094,0.6143605928025493,0.10053004543087274,0.63770207677346,0.5048745385200277,0.0,0.1391149771411172,0.0,0.14584566343185046,0.0,0.486314428457531,0.0,0.0,0.9577654168232372,0.0,0.0,0.9718710145350079,0.02251660545756796,0.03519815575622009,0.0,0.0,0.29899336820210887,0.625605787686847,0.46708436721070634,0.3120674023381963,0.0,0.4782982391792378,0.3718009269004839,0.02683199087089489,0.40563103971521697,0.0
RU1195A_192661069393198,1.0,1.0,1.0,1.0,1.0,1.0,1.0,0.9325883938109766,1.0,1.0,1.0,1.0,1.0,0.9306934540449465,1.0,1.0,1.0,1.0,1.0,1.0,1.0,1.0,1.0,1.0,1.0,1.0,1.0,1.0,1.0,1.0,1.0,1.0,1.0,1.0,1.0,1.0,1.0,1.0,1.0,1.0,1.0,1.0,1.0,1.0,1.0,1.0,1.0,1.0,1.0,1.0,1.0,1.0,1.0
RU1195A_157004353387308,0.6371979542606966,0.5195811522531452,0.0,0.0,0.0,0.0,0.25449811640723824,0.6082804921687174,0.0,0.0,0.0,0.0,0.0,0.24939904807023522,0.12482213227759502,0.0,0.0,0.2898075439873511,0.0,0.0,0.0,0.0,0.0,0.20681184444221842,0.0,0.040577697605557565,0.12253925922348594,0.0,0.0,0.0,0.0,0.08398452603216428,0.08314467275734021,0.0,0.0,0.43694395061281704,0.0,0.0,0.5431264773651446,0.0,0.0,0.0,0.0,0.0,0.10831475671744716,0.14601299407048066,0.0,0.0,0.039415872886110676,0.0,0.0,0.08460644454903321,0.0
RU1195A_192317708716381,0.9037588317372149,0.5078284530577963,0.8039911923608186,0.4930112854183901,0.6638749240021987,0.0,0.0,0.8718225637508054,0.0,0.4868774363271632,0.0,0.2535005472693623,0.11906816462360643,1.0,0.4644948010003152,0.22904335032556772,0.20854615208093386,0.8363500111430721,0.2507474533142074,0.1538236180723418,0.07836865223402804,0.040670559316046864,0.002717325517523658,0.9427414068159076,0.8625972677253213,0.8569499389369013,0.9971651405564508,0.0,0.13324484100300749,0.7207339277550961,1.0,0.0,0.41094600123245417,0.0,0.0,0.0,0.4081454148088908,0.0,0.5677339632099448,0.2912834241168538,0.10833551954462196,0.03545504553395914,0.18421511747749728,0.8436542320125225,0.8491039470064924,0.9562226685123421,0.8241288845403898,0.3706782410496296,0.4965759309121707,0.4769075485646469,0.04627816831641697,0.0,0.3066261021342154
RU1195A_161952168528299,0.8558254532868126,0.9192680770369714,1.0,0.9368472994329631,1.0,0.15799886152498496,0.0,1.0,0.24673812008275348,0.7725969414695246,0.285941521245038,0.7306078960238864,0.4992030703636492,1.0,0.8488290316151819,0.4368519832898454,0.6694749565234203,1.0,0.7096217385752185,0.43108743425827073,0.5612275570782986,0.6110039453556945,0.30162475667349287,0.9467086466206016,0.9696258369748917,1.0,1.0,1.0,0.6934434979415474,1.0,1.0,0.0,0.8408241523074915,0.18967157023163392,0.6308545625599712,0.20366983536336877,1.0,0.1159828948871186,0.5325202542268154,0.47505323198416904,0.38922820731883756,0.27677332056148984,0.5099350798107126,0.9899388528207707,0.8054472442547035,1.0,1.0,0.5605000324849524,0.9116963976531837,0.9998017377163235,0.28187406913522783,0.2710869784642063,0.8762878064102013
RU1195A_133967235401581,0.0,0.0,0.0,0.0,0.0,0.0,0.03190393262724545,0.0,0.0,0.0,0.0024132357071777054,0.0,0.0,0.0,0.0,0.0,0.0,0.0,0.0,0.0,0.0,0.0,0.0,0.0,0.0,0.0,0.0,0.35141915855831846,0.0,0.0,0.6305768221906813,0.1107548902014134,0.0,0.0,0.0,0.0,0.0,0.09826032084209226,0.0,0.0,0.0,0.01995065663726614,0.0,0.0,0.0,0.0,0.0,0.0,0.0,0.0,0.0,0.0,0.0
RU1195A_135081931959028,0.04405137218022948,0.35200783398157337,1.0,1.0,1.0,1.0,1.0,0.04753958323946875,1.0,1.0,1.0,1.0,1.0,0.33647608335367324,0.6604258899701584,1.0,1.0,0.8088526527604936,1.0,1.0,1.0,1.0,1.0,0.5885500146159066,1.0,0.6703327556405132,0.8479843251749908,0.8862374238846379,1.0,1.0,1.0,1.0,1.0,1.0,1.0,1.0,1.0,1.0,1.0,1.0,1.0,1.0,1.0,1.0,0.8321745409603191,0.7783275533169121,1.0,1.0,1.0,1.0,1.0,1.0,1.0
RU1195A_239396858219805,0.0,0.0,0.0,0.0,0.0,0.0,0.200817536559684,0.0,0.0,0.0,0.0,0.0,0.0,0.0,0.0,0.0,0.0,0.0,0.0,0.0,0.0,0.0,0.0,0.0,0.0,0.0,0.0,0.3956302676095212,0.0,0.0,0.12692748087165465,0.24701119006767003,0.0,0.0,0.0,0.0,0.0,0.0,0.0,0.0,0.0,0.0,0.0,0.0,0.0,0.0,0.0,0.0,0.0,0.0,0.0,0.0,0.0
RU1195A_200417867652524,0.28897974548703126,1.0,1.0,1.0,1.0,1.0,1.0,0.4458573126403855,1.0,1.0,1.0,1.0,1.0,0.7538301733923746,1.0,1.0,0.9631100623802947,0.8984304448388073,1.0,1.0,1.0,1.0,1.0,1.0,1.0,1.0,1.0,1.0,1.0,1.0,1.0,1.0,1.0,1.0,1.0,1.0,1.0,1.0,1.0,1.0,1.0,1.0,1.0,1.0,0.8741795222897536,1.0,1.0,1.0,1.0,1.0,1.0,1.0,1.0
RU1195A_122488788048676,0.0,0.0,0.0,0.0,0.0,0.7070598849912112,1.0,0.0,0.9062997792378266,0.7083086023703095,0.49353979267165937,0.2951149484105207,0.6720406923139229,0.0,0.9589145098565828,0.6713207227951006,0.9227552744596139,0.08283219653367754,0.35844091531643824,0.0,0.8892766016324765,0.39352681685451046,1.0,0.0,0.0,0.03126764444492699,0.0,1.0,0.0,0.31259467619380504,0.0,1.0,0.0,0.7272272553931746,1.0,0.5827264883151393,0.5500172484036125,1.0,0.0,0.5329378775876016,0.16650628073999438,0.6343130283584102,1.0,0.15659096880717346,0.0,0.0,0.021177128955097442,0.8398387200047701,0.05155298474534404,0.02787525280540455,0.6176301624611876,0.5203730341739097,0.39630500793253837
RU1195A_120718487932204,0.6050356344699502,1.0,1.0,1.0,1.0,1.0,1.0,0.8427959598239596,1.0,1.0,1.0,1.0,1.0,0.5906263243288464,1.0,1.0,1.0,1.0,1.0,1.0,1.0,1.0,1.0,0.9293732673747142,0.9867425859998495,1.0,1.0,1.0,1.0,0.9982325468054823,1.0,1.0,1.0,1.0,1.0,1.0,1.0,1.0,1.0,1.0,1.0,1.0,1.0,1.0,1.0,0.6590130149014979,1.0,1.0,1.0,1.0,1.0,1.0,1.0
RU1195A_155954368429299,0.7611439507190922,0.7744742696581925,0.8782151310564614,1.0,0.9948410011829156,0.6920154679937945,1.0,0.8818249080105243,1.0,1.0,0.8808412371640342,1.0,1.0,0.7435081492868049,0.8581010981437678,0.8141246885203942,1.0,0.896947643729996,1.0,1.0,1.0,1.0,0.9122380256413344,0.5271019655466169,0.7241812019517194,0.7051486594046569,0.7865571365980718,1.0,1.0,1.0,0.16994529544922743,0.525831190936141,1.0,0.5151863652165566,1.0,0.8576891057374149,1.0,0.6613324235660645,1.0,0.9906602861571376,0.6311497557764253,0.7596213439315995,0.38396977068738064,0.8406071322173927,0.7100828649049893,0.6257781041325116,0.8539123922830495,0.8242243501525054,1.0,1.0,0.8299794007362352,1.0,1.0
RU1195A_133846963215262,1.0,0.7462335544390117,0.8814007903622444,0.6971543548006051,0.29940923877780773,0.18508753723522195,0.7354365552792957,1.0,0.42345702023051845,0.5502085384637061,0.26530467150060477,0.28813987581610484,0.6191149370020527,1.0,0.4859582602425782,0.3826462763961483,0.4724844109029723,0.8909294912982164,0.4736526711211699,0.9092588219032666,0.23023643885407175,0.6272606169251976,0.26706733189133786,0.9503342934189546,0.9491523371108086,0.951873368130693,0.8674342348847729,0.0,0.8015293566750611,0.8031666284531412,0.9299742101994273,0.0,0.896109128805707,0.25895579934872465,0.29274554451044094,0.3347378792932355,0.47986509834876284,0.14741444998644213,0.9991111386453339,0.5335350292557719,0.8499647588025259,0.21367000341508333,0.711428153129622,1.0,0.9459243516170482,0.9913702671933456,0.8916671511790758,0.5198107448102135,0.858378364585852,0.865254636435985,0.36617224877434956,0.29113345545943126,0.48296397528733465
RU1195A_165309478255398,0.0,0.0,0.0,0.0,0.08913294684133415,0.40742289487850714,0.49084728910436687,0.0,0.399092934980782,0.45549735291502647,0.2419973487321488,0.2316948104384697,0.4034074832358766,0.0,0.0,0.40108631555677343,0.49654561676634357,0.0,0.27246995895286996,0.0,0.7858043557313741,0.4523428326279297,0.8052554456444968,0.0,0.054039936153505566,0.025708997960854563,0.0,0.45471707173960535,0.0,0.49794704469081136,0.0,1.0,0.0,0.5743518043922319,1.0,0.3507331750766413,0.7748459023810069,0.5700034929050539,0.0,0.4232420882608764,0.003131929443135621,0.3838773959823476,0.5434444859496693,0.013845947728970676,0.0,0.0,0.0999580896765849,0.5359690613001585,0.0,0.022578056714062062,0.39725068308285993,0.32865979631978653,0.5071334966251069
RU1195A_135496109354283,1.0,1.0,1.0,1.0,0.3611776897500885,1.0,1.0,1.0,1.0,1.0,1.0,1.0,1.0,1.0,1.0,1.0,1.0,1.0,1.0,1.0,1.0,1.0,1.0,1.0,1.0,1.0,1.0,1.0,1.0,0.6062900291235179,1.0,1.0,1.0,1.0,0.5212840651773005,1.0,1.0,1.0,1.0,1.0,1.0,1.0,1.0,1.0,1.0,1.0,1.0,1.0,1.0,1.0,1.0,1.0,1.0
RU1195A_230663207742771,0.0,0.4290206297508837,0.6685734478222131,1.0,1.0,1.0,1.0,0.0,1.0,0.537372317212362,1.0,1.0,1.0,0.07914196785337087,1.0,1.0,1.0,0.4159555762419633,1.0,0.235176205722954,1.0,0.9765920442812116,0.4496103407747386,0.0,0.24329721505167157,0.035140948508829734,0.9094530842498982,1.0,0.1455617646949535,1.0,0.00936006951268944,1.0,0.5828620462320978,1.0,1.0,1.0,1.0,1.0,0.17349976189670382,1.0,1.0,1.0,1.0,0.7181790823587137,0.047243024819982646,0.0,0.31747369021911753,1.0,0.8797697837731937,1.0,1.0,1.0,1.0
RU1195A_126227589064493,0.37008573194542793,0.2616391575803787,0.0,0.0,0.0,0.0,0.0,0.3691248010201799,0.02336063737791423,0.0,0.0,0.03978385771629255,0.0,0.26489418779874024,0.0,0.0,0.0,0.0,0.0,0.0,0.05241609677442416,0.0,0.0,0.07083003046904673,0.0,0.0,0.0,0.0,0.0,0.11828227316492207,0.0,0.08900921999364154,0.0,0.0,0.02258922985216351,0.19427302923987863,0.0,0.0,0.13468620764095116,0.0,0.0,0.0,0.0,0.0,0.0,0.035245257249744956,0.0,0.0,0.0,0.0,0.0,0.0,0.012406872124590938
RU1195A_133837044234659,1.0,1.0,1.0,1.0,0.8163595005349376,1.0,0.767062809296295,0.9873735760984049,0.9969938921369346,1.0,1.0,1.0,1.0,1.0,0.976440411346602,1.0,1.0,1.0,1.0,1.0,1.0,1.0,1.0,1.0,1.0,1.0,1.0,0.9796890678131427,1.0,1.0,1.0,1.0,1.0,1.0,0.8007185419727337,1.0,1.0,1.0,1.0,1.0,1.0,1.0,1.0,1.0,1.0,1.0,1.0,1.0,1.0,1.0,1.0,1.0,1.0
RU1195A_192324048370100,1.0,0.5221170449406298,0.7779258956848036,0.8644481993371045,0.5605236814776847,0.07845837410542107,0.3070960895961845,0.7903429632692611,0.09789609514546149,0.7817908680656211,0.07678990186219041,0.681538693666623,0.7241556344860985,0.8688901654563013,0.2526318789503072,0.35368630288706887,0.2650413410908685,0.8444394435424104,0.46440929330927966,0.3125325988614184,0.24653779066731438,0.5663654178179152,0.6964107733050443,0.791318489987184,0.9868352155982206,0.7074976404533146,0.9646390499630212,0.0,0.6469308298038412,1.0,0.6715183325845776,0.0,0.8668580073423744,0.3610956662761362,0.4743271132726984,0.03381093109900428,0.6769412312843716,0.2306398527685962,0.6141802651907932,0.3966025195226536,0.23198435853243923,0.08574722692810953,0.0855896768114248,0.8921157909612651,0.8207942605438769,0.9661078198508326,0.7245116947668722,0.39992121071303766,0.9929906543853946,1.0,0.14715701571813455,0.22821604909443763,0.501062935281977
RU1195A_231821340981110,1.0,1.0,1.0,1.0,0.462617492774706,1.0,1.0,1.0,0.7760750688460374,1.0,1.0,1.0,1.0,1.0,0.9545673061478855,1.0,1.0,1.0,1.0,1.0,1.0,1.0,1.0,1.0,1.0,1.0,1.0,1.0,1.0,1.0,1.0,0.6606770906518971,1.0,1.0,0.4962544180628834,1.0,1.0,0.8758348924301205,1.0,1.0,1.0,1.0,1.0,1.0,1.0,1.0,1.0,0.934680327260949,1.0,1.0,1.0,1.0,1.0
RU1195A_129661652331254,0.02898638645899647,0.0,0.3243296053083427,0.4286658828547807,0.5258507155971107,1.0,1.0,0.0,1.0,1.0,1.0,0.6935541792838352,1.0,0.0,1.0,1.0,1.0,0.667666975401061,0.7940688268775101,0.06181205903074883,1.0,0.6209949820680009,1.0,0.12205787765112759,0.14785292052804153,0.17489708823167988,0.04770700838290781,1.0,0.42548042073889486,1.0,0.0,1.0,0.5462026398690718,1.0,1.0,1.0,0.6525124360712192,1.0,0.5134864257583366,0.9926585333431834,1.0,1.0,1.0,0.4252586010594804,0.2989936569062252,0.07078911477202555,0.05696366974544022,1.0,0.5019504099447465,0.17803484598852326,1.0,0.9990740898067793,0.5426977917833805
RU1195A_231849392565606,0.0,0.10599302814969506,0.6567851532745259,0.8145590659545751,1.0,1.0,1.0,0.0,1.0,1.0,1.0,1.0,1.0,0.0,1.0,1.0,1.0,1.0,1.0,0.6754688216169404,1.0,0.7165241719843276,1.0,0.1950814729171011,0.32484698405146467,0.1997978486389777,0.8274647658851674,1.0,0.6678840636895192,1.0,0.0,1.0,0.9727539123076918,1.0,1.0,1.0,1.0,1.0,0.8633193939490734,1.0,1.0,1.0,1.0,0.8160313704772906,0.9553237660659181,0.14616563349356224,0.06375157504385603,1.0,0.7438381322800074,0.3961365062782541,1.0,1.0,0.9775638748216483
RU1195A_205915440667876,1.0,1.0,1.0,1.0,0.9775774344348742,1.0,1.0,0.9872845039730089,1.0,1.0,1.0,1.0,1.0,1.0,0.9008134575298516,1.0,1.0,1.0,1.0,1.0,1.0,1.0,1.0,1.0,1.0,1.0,1.0,0.9276570130443511,1.0,1.0,0.9278148459660739,1.0,1.0,1.0,0.9160047648452964,1.0,1.0,1.0,1.0,1.0,1.0,1.0,1.0,1.0,1.0,1.0,1.0,1.0,1.0,1.0,1.0,1.0,1.0
RU1195A_226331312412572,0.9756345089750117,0.8044388245161643,1.0,0.838615916029305,1.0,0.13075635801557225,0.0,0.998031622532117,0.12382041017698854,0.7290263826663627,0.22547778933199142,0.6474522161852363,0.3544406978287208,1.0,0.6960030789881438,0.42572096276515486,0.5951090928597172,1.0,0.5414306176021407,0.6299726870374981,0.37714492307516145,0.46092733637853556,0.24881611276261906,1.0,1.0,1.0,1.0,0.4565983446169316,0.5668837610263993,1.0,1.0,0.0,0.7158686721132755,0.11397792871649845,0.35652400224024583,0.12633799231039128,0.7113788788708751,0.020848748418686242,0.6434500115339403,0.4458523451957477,0.4238042764948264,0.19909100175387737,0.48923947535618767,1.0,0.9804323492507284,1.0,1.0,0.4687544301125043,0.8688149110986765,0.7952709451219635,0.28748123605103254,0.11626560526876509,0.7076783739246184
RU1195A_122291519601972,1.0,0.0,1.0,1.0,1.0,1.0,1.0,1.0,0.5885210493886144,0.47009715381140665,1.0,1.0,1.0,1.0,0.0,0.9716924008174201,1.0,1.0,1.0,1.0,1.0,1.0,0.02942908612089682,0.7554666821369045,1.0,1.0,0.14449677366846578,0.0,1.0,1.0,0.0,0.7657827201272016,1.0,0.9097016889615597,1.0,0.0,1.0,1.0,0.8820337163241381,1.0,1.0,1.0,0.9014179690502062,1.0,0.6360658258946235,1.0,1.0,1.0,1.0,1.0,1.0,1.0,1.0
RU1195A_196525285041910,0.6257741182284262,0.5922390635542037,0.05269354273942634,0.13240174432937232,0.0,0.0,0.14461928208724745,0.6001786356832087,0.08660600259176991,0.0,0.005923986881000481,0.17588259817900886,0.0,0.3448547659733537,0.433050152462957,0.07561869300220507,0.015379731774845655,0.3235172168691576,0.007663608738187794,0.11021459425748026,0.06581645879866892,0.025467612243174616,0.0,0.2761280737324342,0.028140357376311823,0.1352093716613654,0.16144696348207072,0.0,0.0,0.03907391373654139,0.0,0.1776103525316785,0.19868606976674658,0.0,0.0,0.5731937289555997,0.0,0.0,0.6677913189210616,0.003413630163736079,0.0,0.0,0.0,0.0,0.16579685671330235,0.186063738965238,0.11556752755437222,0.0,0.13660256684410665,0.031429809163049764,0.06883179425513052,0.17886794334806277,0.06688555291728861
RU1195A_192815687723875,0.9531762776199131,0.5412361057939223,0.6198856612922053,0.41203342435468804,0.3017359656354566,0.0,0.0,0.9173164960114648,0.007287965127052138,0.37528543061305975,0.0,0.09738902378360337,0.25401361121020516,1.0,0.323604030137322,0.21372740168451673,0.12973288052170576,0.7187533906177532,0.22053944172328235,0.3741561429437783,0.06065194038000741,0.10997379767346996,0.010898927140739905,0.9011375613707603,0.7751318981154699,0.7933332313409174,0.8329870902457015,0.0,0.26281929048669594,0.5269868811877684,0.9619959777259549,0.0,0.41185467401315023,0.0,0.019495184425103788,0.0524287035421202,0.2557345674745488,0.0,0.7061681842010827,0.3213281985164033,0.3081692219067896,0.0,0.07937465351739516,0.7680210200051344,0.9041073495333303,0.8571827752744677,0.7860202044702929,0.358627185744917,0.5025968556223561,0.4564482156018805,0.08065814981321906,0.019377906877698692,0.21348876415328816
RU1195A_191020360218413,0.35736561469458633,0.8671279630762466,1.0,1.0,1.0,1.0,1.0,0.8406300561802574,1.0,0.9994437941119502,1.0,1.0,0.9808000868580645,1.0,0.7028739683604419,1.0,1.0,0.9229975031978451,1.0,1.0,1.0,1.0,0.984176703087224,0.4821190378197724,1.0,0.7187203205995503,1.0,1.0,1.0,1.0,0.3857982646184011,0.7685136998168349,1.0,1.0,1.0,1.0,1.0,1.0,1.0,1.0,1.0,1.0,1.0,1.0,1.0,0.8913758745122651,1.0,1.0,1.0,1.0,1.0,1.0,1.0
RU1195A_191164540964084,0.0,0.0,0.0,0.0,0.0,0.0,0.17626127531978478,0.0,0.0,0.0,0.0,0.0,0.0,0.0,0.0,0.0,0.0,0.0,0.0,0.0,0.0,0.0,0.0,0.0,0.0,0.0,0.0,0.1776304148800222,0.0,0.0,0.18250430995937475,0.2971062685300466,0.0,0.0,0.0,0.0,0.0,0.0,0.0,0.0,0.0,0.0,0.0,0.0,0.0,0.0,0.0,0.0,0.0,0.0,0.0,0.0,0.0
RU1195A_156034496321947,0.7718802586086272,0.5259195624143296,0.5325991318686871,0.555343044034325,0.6670891471324529,0.0,0.0,0.6609832295934333,0.006250512110804013,0.3837566056555988,0.0,0.3901353298554858,0.24444274864413532,0.6352144950764417,0.1387166691864303,0.1810030018578899,0.11963030780421588,0.5505266684214619,0.2231603960040647,0.08247039352659266,0.16895479647345316,0.22085449511131872,0.30048068012836265,0.5699455924440343,0.5080075200138684,0.5317549872384607,0.6285399922378846,0.0,0.3318276737012533,0.8463045914207279,0.30922665319944337,0.0,0.4941086496273868,0.16317861637179834,0.3152665306403158,0.12792829323186478,0.44668198950867766,0.13516975259262679,0.4869202526306637,0.2404917389923994,0.04588393114324947,0.009404581430262555,0.0,0.5087392135057811,0.5184495691263081,0.5864430302051091,0.5044899916391327,0.30145898096089263,0.5131338970828014,0.5572140489732591,0.06489574022294048,0.1868214285646727,0.3428321066508498
RU1195A_130546025486566,0.0,0.0,0.030557028421803235,0.011460016169413657,0.48359837034835823,0.7310307351362915,0.9927950098859987,0.0,0.7995665618725527,0.7330381202569595,0.5510013164253987,0.18752630120679303,1.0,0.0,0.3468774185082313,0.6906585713976732,0.7835083556881124,0.03887344684238103,0.49773123594581187,0.0,0.9294908060731703,0.4055078403635595,1.0,0.0,0.0,0.0003267944679492677,0.0,1.0,0.13183830231579713,0.5074610904615638,0.0,1.0,0.06632545829346763,1.0,1.0,0.6394475340168556,0.4805336197546602,1.0,0.0,0.5717783060780687,0.4621219598430398,0.6403826916135614,1.0,0.11789060569263696,0.0,0.0,0.01052211435764703,0.8418344854158064,0.16272932950894414,0.029066771121927036,0.7140929222700714,0.5056935114749338,0.3087523328271147
RU1195A_227303182755699,0.0,0.0,0.0,0.0,0.5982267082952751,0.1335424915615115,0.0,0.0,0.0,0.0,0.0504290085047598,0.0,0.0,0.0,0.0,0.0,0.0,0.0,0.0,0.14506098777229579,0.0,0.0,0.0,0.0,0.0,0.0,0.0,0.8772240641499679,0.0,0.0,1.0,0.6718497210349262,0.0,0.011155263288031047,0.41877394840105275,0.0,0.0,0.32820346495075703,0.0,0.0,0.0,0.21034719974868385,0.0,0.0,0.0,0.0,0.0,0.0,0.0,0.0,0.0,0.0,0.0
RU1195A_134405321770741,0.8473370971528141,0.8673938604507672,0.20467291809670662,0.20429510267550643,0.0,0.0,0.0,0.8646655496323122,0.08526814130208615,0.0,0.0,0.06142661164170881,0.015857725111459234,0.5600391932392398,0.5879594786217034,0.06127868108221453,0.013794132444954574,0.509028067619566,0.042390854819633,0.0,0.0,0.07641341977811728,0.05147277164074018,0.46263192304412665,0.1170400705864984,0.4027178765502044,0.39604523405175424,0.0,0.12017942727892789,0.02665285133229312,0.0,0.0,0.34645039786221216,0.0,0.0,0.6381598235480812,0.003666772962941343,0.0,0.7832723141055854,0.019245831735727928,0.0,0.0,0.0,0.1852324778797312,0.42313173242498814,0.3732205601719265,0.24984862772458732,0.0,0.3064949699970259,0.1881430845554167,0.020958293693221042,0.2514770794025602,0.0
RU1195A_130127265413043,0.9985441045312402,0.8607455450493984,1.0,0.7911785424436302,0.7168117929945879,0.11317681335619241,0.0,1.0,0.27799942783136633,0.7251988177571432,0.20288955094884464,0.545662866725191,0.40986462205539975,1.0,0.8408726429360592,0.39781143553987647,0.5685422655197822,1.0,0.48741659901305534,0.38580484098781154,0.22135199873030473,0.39954685989497357,0.31408525971377493,1.0,1.0,1.0,1.0,0.3630148058003599,0.4685594714802235,1.0,1.0,0.0,0.7821392382949238,0.11071378171239925,0.14288468696211357,0.1617113819423552,0.6731021558773929,0.11289025829872949,0.7530760000915395,0.4229240965813948,0.4117493853764163,0.1798664505665154,0.4878363727689216,0.9998438568374329,0.9734052533808607,1.0,0.9431779365767198,0.44946763249337357,0.8335998193614863,0.8559974981651018,0.2562091506434361,0.18321953543100603,0.5744688818310802
RU1195A_230748953898277,0.8298928947743942,0.9146501145169244,0.08895053108224549,0.08185026895989413,0.0,0.0,0.0,0.8835387785612524,0.09347280561528779,0.0,0.0,0.021655378362829374,0.0,0.48167990634202157,0.6456639532602922,0.01750315838185249,0.0,0.4836355480804007,0.0,0.0020932693836003755,0.0,0.015810218794043127,0.0,0.3608992665762771,0.0,0.27805094646793455,0.27042574100180816,0.0,0.029895165824264554,0.0,0.0,0.0,0.25170617326685546,0.0,0.0,0.7681656595004152,0.0,0.0,0.825682955307975,0.0,0.0,0.0,0.0,0.004896342627438673,0.30933700690679045,0.24501005628379907,0.11530331688110888,0.0,0.21736810934576714,0.10075498330658966,0.0,0.2630797485956483,0.0
RU1195A_121405248490355,0.6024878214310979,0.5164551400777413,0.005047816292580995,0.052136758892586475,0.0,0.0,0.0,0.5799372334892636,0.0,0.0,0.0,0.07482993428866877,0.0,0.27892927220199193,0.11302809822427033,0.0,0.0,0.22465636419347265,0.0,0.0,0.02094035247915744,0.0,0.0,0.22093161778782455,0.0,0.07545798221285165,0.09640198935437391,0.0,0.0007639281648679721,0.0,0.0,0.1756129266889117,0.10726021858853126,0.0,0.0,0.4714601700815396,0.0,0.0,0.420980722988318,0.0,0.0,0.0,0.0,0.0,0.11911219898187962,0.15964648288011354,0.028344316624014432,0.0,0.06892891515273135,0.0,0.0,0.1017153812976645,0.0
RU1195A_121829792045467,0.7096053027279053,1.0,1.0,1.0,1.0,1.0,0.8017036515379959,0.9407329328964076,1.0,1.0,1.0,1.0,1.0,1.0,1.0,1.0,1.0,1.0,1.0,1.0,1.0,1.0,1.0,1.0,1.0,1.0,1.0,0.884991888196383,1.0,1.0,1.0,1.0,1.0,1.0,1.0,1.0,1.0,1.0,1.0,1.0,1.0,1.0,1.0,1.0,1.0,1.0,1.0,1.0,1.0,1.0,1.0,1.0,1.0
RU1195A_129447694617371,0.0,0.0,0.0,0.0,0.19332171359807868,0.16894713356744287,0.8134120853980701,0.0,0.12161413881013634,0.0,0.2161824650676891,0.0,0.2182884411562463,0.0,0.0,0.13361630546334444,0.1336283070045751,0.0,0.0,0.5828717587532913,0.0,0.0,0.0,0.0,0.0,0.0,0.0,0.4151766497333158,0.0,0.0,0.0,0.11640591243285503,0.0,0.0,0.44664622404165805,0.0,0.08650105150785924,0.023263505154769482,0.0,0.0,0.0,0.17822034591071242,0.6524104282911297,0.0,0.0,0.0,0.0,0.0,0.0,0.0,0.0,0.0,0.0
RU1195A_135135331825501,0.4575899954342712,0.20344974619355513,0.0,0.0,0.0,0.0,0.010846633256111203,0.3760813234224126,0.0,0.0,0.0,0.0,0.0,0.12739975868797168,0.0,0.0,0.0,0.012280107917499623,0.0,0.0,0.0,0.0,0.0,0.06469234604418803,0.0,0.0,0.0,0.0,0.0,0.0,0.0,0.16150558802013495,0.0,0.0,0.0,0.10751361787385422,0.0,0.0,0.15943377047375523,0.0,0.0,0.0,0.0,0.0,0.0,0.04065815972890624,0.0,0.0,0.0,0.0,0.0,0.0,0.0
RU1195A_235686958942956,0.0,0.0,0.0,0.0,0.9513581616066555,0.0,0.19472151843267818,0.0,0.0,0.0,0.0,0.0,0.0,0.0,0.0,0.0,0.0,0.0,0.0,0.0,0.0,0.0,0.08313810820684646,0.0,0.0,0.0,0.0,0.1847533131239737,0.0,0.0,0.0,0.1187519951269976,0.0,0.451424694563259,0.09987998642822855,0.0,0.0,0.0,0.0,0.0,0.554143743952335,0.0,0.0,0.0,0.0,0.0,0.0,0.0,0.0,0.0,0.0,0.0,0.0
RU1195A_240018554477925,1.0,1.0,1.0,1.0,0.3516745122053611,1.0,1.0,1.0,1.0,1.0,1.0,1.0,1.0,1.0,1.0,1.0,1.0,1.0,1.0,1.0,1.0,1.0,1.0,1.0,1.0,1.0,1.0,1.0,1.0,0.17512597938152358,1.0,1.0,1.0,1.0,0.6663609597047452,1.0,1.0,1.0,1.0,1.0,1.0,1.0,1.0,1.0,1.0,1.0,1.0,1.0,1.0,1.0,1.0,1.0,1.0
RU1195A_204902646040421,1.0,0.25206768908406774,1.0,0.820469812872175,1.0,0.16036809023368115,0.33500677471823814,1.0,0.28124312243316213,1.0,0.20774380349566102,0.5792523811001058,0.4083009011524204,0.9952522668370318,0.3296833781425684,0.3431921543893563,0.5554692889112749,0.9255974444175129,0.5092741025962594,0.9506637878040765,0.5106236560600664,0.48527401332900055,0.3115914921344947,0.5748113439208129,1.0,0.7045000504503541,0.8544754228799577,0.044226009919253635,0.3705997518260571,0.5296882035513149,1.0,0.0,0.9286437905128562,0.11546472987750975,0.0,0.0,0.1914891265308385,0.0,0.49234017930534874,0.1672479000902674,0.3234918792143742,0.006525802406786683,0.43771611617394907,0.9464444090098949,0.649755091920977,0.9961347156262389,0.7072523217986068,0.21211164048068404,0.55402056662191,0.6492119471985907,0.13138662838713228,0.06625097682017633,0.2291707260793389
RU1195A_235144557315819,1.0,1.0,1.0,1.0,0.19461256841879837,1.0,0.5753222011661419,1.0,0.6113097461725461,1.0,1.0,1.0,0.9984480945512075,1.0,1.0,1.0,1.0,1.0,1.0,1.0,0.843185419192313,1.0,1.0,1.0,1.0,1.0,1.0,0.7200647007023401,1.0,0.5451391339601909,1.0,0.5178521374000669,1.0,0.9150740730677133,0.32692332255842943,1.0,1.0,0.6649009136795718,1.0,1.0,1.0,1.0,0.9711248445284003,1.0,1.0,1.0,1.0,0.8096999806135101,1.0,1.0,1.0,1.0,1.0
RU1195A_135632493341597,0.5937978108013825,0.5079460716777386,0.2053630536680581,0.20256175828962822,0.2997265881008757,0.0,0.0,0.6379905472551138,0.0,0.0,0.0,0.09819741332086124,0.0,0.4830646874090798,0.13217186174413584,0.0,0.0,0.2187987059958969,0.0,0.0,0.06858194296513942,0.00013820641819229485,0.0,0.3116491831991396,0.11225838920113153,0.27141913638235915,0.2288543393066102,0.0,0.06806969987414632,0.3018877258048158,0.0,0.0,0.15661973305098317,0.0,0.0,0.28128310031148573,0.08907769000676428,0.0,0.35624235236880775,0.001385705065557256,0.0,0.0,0.0,0.11351101330123037,0.2783055702717877,0.2826116235428517,0.25455294039982557,0.0560607735207815,0.08267756276082608,0.08288956715666376,0.0,0.07311187665898358,0.06261549849754214
RU1195A_160243549165932,0.9023836948221979,1.0,1.0,1.0,1.0,1.0,1.0,0.9459557791742508,1.0,1.0,1.0,1.0,1.0,1.0,0.8719525253866214,1.0,1.0,1.0,1.0,1.0,1.0,1.0,1.0,1.0,1.0,1.0,1.0,1.0,1.0,1.0,0.9302755122538895,1.0,1.0,1.0,1.0,1.0,1.0,1.0,1.0,1.0,1.0,1.0,1.0,1.0,1.0,1.0,1.0,1.0,1.0,1.0,1.0,1.0,1.0
RU1195A_196095788304750,0.0,0.0,0.0,0.0,0.3025936577950929,0.049754863873531785,0.5704402164322097,0.0,0.0,0.0008523375595139632,0.005977495893131452,0.0,0.0,0.0,0.0,0.0,0.0,0.0,0.0,0.0,0.0,0.0,0.0,0.0,0.0,0.0,0.0,0.12068494052920757,0.0,0.0,0.0,0.16211874540160265,0.0,0.4082142917482148,0.1294460143630306,0.0,0.0,0.0,0.0,0.0,0.0,0.00458670224747062,0.0,0.0,0.0,0.0,0.0,0.0,0.0,0.0,0.0,0.0,0.0
RU1195A_165853206821214,0.7295807084586055,0.2649468839158051,1.0,1.0,1.0,0.4654769927339658,0.0,1.0,0.048894277001924266,0.4826642502625499,0.484272674708325,0.97458805716022,0.5635776147465692,1.0,0.0,0.4392328255265456,0.5563397847363732,0.6995755826403769,0.8127931271833252,0.888189220724542,1.0,1.0,0.19052108186876957,0.5202378588574662,1.0,0.8305499797458314,0.8385496295445073,0.28740534335556844,1.0,1.0,0.7871661010635272,0.0,0.6744777358158294,0.5627316100076452,1.0,0.09146143810942056,0.9818621889985636,0.0,0.0,0.2624557088934861,0.14089028152328553,0.20897712891493916,0.26540176162189794,1.0,0.6855977542569267,0.9818164574273701,1.0,0.5442711911724377,0.8325857129949562,0.7529284015494513,0.4448250578613955,0.2389875121797565,0.7865559837055912
RU1195A_156049559632734,0.3387910667042272,0.07707197511538892,0.0,0.0,0.0,0.0,0.0,0.23290344223623963,0.0,0.0,0.0,0.0,0.0,0.10128282423976362,0.0,0.0,0.0,0.0,0.0,0.0,0.0,0.0,0.0,0.00047917326871937184,0.0,0.0,0.0,0.0,0.0,0.0,0.0,0.12007760869283825,0.0,0.0,0.0,0.0,0.0,0.0,0.0,0.0,0.0,0.0,0.0,0.0,0.0,0.0,0.0,0.0,0.0,0.0,0.0,0.0,0.0
RU1195A_226942290123494,0.7126010935269358,0.4982956180932044,0.7192497660760938,0.7624540189478186,1.0,0.39119587538575756,0.7120831300232309,0.8481675067725001,0.2812976222204827,0.44783146688516035,0.35826123253197817,0.6078109862421868,0.594852308546041,0.7134275443178715,0.3750162637462694,0.4521074313975142,0.5449488503068086,0.6430587311489279,0.60024533758783,1.0,0.5445513656968489,0.9869066595123014,0.2898904974296844,0.5432206835169965,0.775259349581377,0.5566623876212192,0.5545149998014557,1.0,0.5009344697537744,1.0,0.39652178011854927,0.42215690574813663,0.6262521868806153,0.3093448303743996,1.0,0.37445382123486864,0.6831031757247817,0.3703143136753519,0.875328961405034,0.4199191228704647,0.5180594637733323,0.31168669967617574,0.24037077204885085,0.7908507750526629,0.7658223285642695,0.6705757147017596,0.698939394765267,0.6197104968222996,0.7198300739702841,0.5992925890345046,0.3940779645591268,0.33494513878343496,0.6588612416999098
RU1195A_170139168226652,0.14821628011491386,0.4619247250171378,1.0,1.0,1.0,1.0,1.0,1.0,1.0,1.0,1.0,1.0,1.0,1.0,0.44732616826387817,1.0,1.0,1.0,1.0,1.0,1.0,1.0,1.0,0.871338011173799,1.0,0.8263813762327191,0.8575301767022699,1.0,1.0,1.0,1.0,1.0,1.0,1.0,1.0,1.0,1.0,1.0,1.0,1.0,1.0,1.0,1.0,1.0,0.9792277266373013,0.7896653662835438,1.0,1.0,1.0,1.0,1.0,1.0,1.0
RU1195A_129574576483565,1.0,0.5696885345289988,1.0,1.0,1.0,1.0,1.0,1.0,1.0,1.0,1.0,1.0,1.0,1.0,0.08036638259514105,1.0,1.0,1.0,1.0,1.0,1.0,1.0,1.0,1.0,1.0,0.8532998816155184,1.0,0.4540627658943038,1.0,1.0,0.6644450254597278,1.0,1.0,1.0,1.0,1.0,1.0,1.0,1.0,1.0,1.0,1.0,1.0,1.0,1.0,1.0,1.0,1.0,1.0,1.0,1.0,1.0,1.0
RU1195A_131163533470516,1.0,1.0,1.0,1.0,0.7046261378158951,1.0,1.0,1.0,1.0,1.0,1.0,1.0,1.0,1.0,1.0,1.0,1.0,1.0,1.0,1.0,1.0,1.0,1.0,1.0,1.0,1.0,1.0,1.0,1.0,0.40725599492124903,1.0,1.0,1.0,1.0,0.8843682078741151,1.0,1.0,1.0,1.0,1.0,1.0,1.0,1.0,1.0,1.0,1.0,1.0,1.0,1.0,1.0,1.0,1.0,1.0
RU1195A_226821206555507,0.5394216478108826,0.33544915868194075,0.011971405650604516,0.0,0.0,0.0,0.0,0.5448238578067418,0.0,0.0,0.0,0.0,0.0,0.3351301829331934,0.0,0.0,0.0,0.07073258742702758,0.0,0.1985100762796108,0.0,0.0,0.0,0.1780403435524414,0.0016057083573218888,0.07880304931002809,0.026927904592598487,0.0,0.0,0.0,0.0,0.04790659393341124,0.0,0.0,0.0,0.17515002693777174,0.0,0.0,0.24135701768102602,0.0,0.0,0.0,0.0,0.0,0.1663457826376931,0.17444316458146,0.07169140859567416,0.0,0.0,0.0,0.0,0.0,0.0
RU1195A_131235489142555,0.5774474288503516,0.9915481550409354,0.7169342212596228,1.0,1.0,0.4412064020674491,0.34855069818417456,0.7923319936080742,1.0,0.7585038898400808,0.8693759980182596,1.0,0.5127074313623101,1.0,0.4179246471570162,0.6298482999157693,0.9255519377832739,0.2682538111823797,1.0,0.25233254130744004,1.0,1.0,0.5004086601326412,0.4092513326272149,0.6252512899486372,0.7835544318045132,0.32378915667539326,0.4508227268116088,1.0,1.0,0.0011045114553700467,0.45367581155661635,0.8339705223816805,0.5547335126066922,1.0,1.0,0.832868948411585,0.2912012383076955,0.5561394778428226,0.7050108736072377,0.5722437350298111,0.751779689878265,0.17544661506992126,0.6795108681291555,0.784059148953808,0.33030991015430844,1.0,0.6409569790049694,0.8924557704114284,1.0,0.8753422036085947,0.7644128663272474,1.0
RU1195A_121886418591075,0.3179048696166212,0.0,0.0,0.0,0.0,0.15263333941874804,0.5608222417567503,0.26378795724953163,0.009301330220938514,0.0028583819664274547,0.070598909158642,0.0,0.0,0.028589472760138897,0.0,0.03900994340890947,0.05414547384365928,0.0,0.0,0.0,0.14750718009463998,0.03378410450690587,0.07325760644953393,0.0,0.0,0.0,0.0,0.11624530882521872,0.0,0.06089319919570157,0.0,0.5826136385471543,0.0024952210940829118,0.13690305718530202,0.27879818147631663,0.11344055329395548,0.0,0.13964394718198958,0.0,0.016487397274990958,0.0,0.0,0.09159482510982041,0.0,0.0,0.0023669363194267624,0.0,0.007922793394537176,0.0,0.0,0.0894187622949689,0.0021954189594240556,0.058900382571593544
RU1195A_157561625107884,1.0,1.0,1.0,1.0,0.4750295087585084,1.0,1.0,1.0,1.0,1.0,1.0,1.0,1.0,0.9922755623242699,1.0,1.0,1.0,1.0,1.0,1.0,1.0,1.0,1.0,1.0,1.0,1.0,1.0,1.0,1.0,0.6264693709255383,1.0,1.0,1.0,1.0,0.9510496035087145,1.0,1.0,1.0,1.0,1.0,1.0,1.0,1.0,1.0,1.0,1.0,1.0,1.0,1.0,1.0,1.0,1.0,1.0
RU1195A_165380330309356,1.0,1.0,1.0,1.0,0.533745581531297,1.0,1.0,1.0,1.0,1.0,1.0,1.0,1.0,1.0,1.0,1.0,1.0,1.0,1.0,1.0,1.0,1.0,1.0,1.0,1.0,1.0,1.0,1.0,1.0,0.8054708473199435,1.0,1.0,1.0,1.0,0.8403726904854641,1.0,1.0,1.0,1.0,1.0,1.0,1.0,1.0,1.0,1.0,1.0,1.0,1.0,1.0,1.0,1.0,1.0,1.0
RU1195A_191689555293995,0.0,0.0,0.0,0.0,0.7551401330285091,0.04016986456033812,0.5933931343542287,0.0,0.0,0.0,0.0,0.0,0.0,0.0,0.0,0.0,0.0,0.0,0.0,0.0,0.0,0.0,0.0,0.0,0.0,0.0,0.0,0.2688738531524126,0.0,0.0,0.0,0.15597648135043415,0.0,0.0,0.2003222933192715,0.0,0.0,0.0,0.0,0.0,0.0,0.09347634510297347,0.14492421385975127,0.0,0.0,0.0,0.0,0.0,0.0,0.0,0.0,0.0,0.0
RU1195A_156039850178980,0.0,0.0,0.0,0.0,0.0,0.0,0.0,0.0,0.0,0.0,0.0,0.0,0.0,0.0,0.0,0.0,0.0,0.0,0.0,0.0,0.0,0.0,0.0,0.0,0.0,0.0,0.0,0.0,0.0,0.0,0.0,0.10394226024696346,0.0,0.0,0.0,0.0,0.0,0.0,0.0,0.0,0.0,0.0,0.0,0.0,0.0,0.0,0.0,0.0,0.0,0.0,0.0,0.0,0.0
RU1195A_122487983266588,0.0,0.9995758240856097,1.0,1.0,1.0,1.0,1.0,0.16175546691555176,1.0,1.0,0.9791853053799777,1.0,1.0,0.7225470041179607,1.0,1.0,0.6078095064192447,0.6131278094798989,1.0,1.0,1.0,1.0,1.0,0.950489632106576,1.0,0.9269331267882228,1.0,1.0,1.0,1.0,1.0,1.0,1.0,1.0,1.0,1.0,1.0,1.0,1.0,1.0,1.0,1.0,1.0,1.0,0.648478002645154,1.0,1.0,1.0,1.0,1.0,1.0,1.0,1.0
RU1195A_156031689639852,0.0,0.06572146992755745,0.3226722250561555,0.2496977541107394,1.0,0.8170427906275308,1.0,0.0,1.0,0.8824839340122411,0.7267333119338775,0.6888357603388726,0.9513155308768356,0.0,0.8203270863643951,1.0,1.0,0.36836364240978103,0.9117561527857859,0.7261350125528487,0.9753072146356081,0.8448700335338002,1.0,0.003957390913606299,0.19314000289656183,0.04551465395476265,0.07800932585322237,1.0,0.38493239647284244,1.0,0.0,1.0,0.2287050978535512,1.0,1.0,0.7524641686969283,1.0,1.0,0.04895513738168989,1.0,0.8336665378398042,0.9883532126493559,1.0,0.2829463534329112,0.10638818045826733,0.07523376780345309,0.2312198826329251,1.0,0.47367462515346087,0.700712961955872,0.8105811160642328,0.7595173182794007,1.0
RU1195A_134515782470499,0.807865870233808,0.9181045777898144,0.4532018947349563,0.3942278152422566,0.3159675012226673,0.0,0.0,0.9021018966897643,0.17281568919694168,0.2479442240300379,0.0676559653412589,0.23473907295011345,0.06776455260341543,0.9487295144933593,0.5351591970718502,0.1663441690609664,0.18825283146522684,0.48460995401148327,0.22566211633348762,0.0,0.3411318505503049,0.29899668842186294,0.12339625400278273,0.6071835271417644,0.35672280151839136,0.6613493623537348,0.44405689996253045,0.0,0.2314957959132138,0.8231954286735664,0.2691981136481395,0.0,0.4126672091467536,0.0,0.0,0.5471483215654058,0.23994651426187272,0.0,0.6318197139010961,0.16590214332519718,0.07893705299898501,0.0,0.0,0.4190196190781286,0.6690821678203106,0.5159400975830634,0.6056103243840862,0.23365693894861145,0.4272544237052595,0.4070746753609791,0.13257518010908176,0.2517880306031173,0.32893002691647855
RU1195A_231282335463653,0.0,0.0,0.0,0.0,1.0,0.0,0.37268957028171046,0.0,0.0,0.0,0.0,0.0,0.0,0.0,0.0,0.0,0.0,0.0,0.0,0.0,0.0,0.0,0.0,0.0,0.0,0.0,0.0,0.0,0.0,0.0,0.0,0.1443318806624419,0.0,0.598659897594921,0.18822785750576923,0.0,0.0,0.0,0.0,0.0,0.03751812870987405,0.0,0.0,0.0,0.0,0.0,0.0,0.0,0.0,0.0,0.0,0.0,0.0
RU1195A_157621498590957,0.7677889541617319,0.5531206083266741,0.2397338337385591,0.22181115673325968,0.0,0.0,0.0,0.7418266157381698,0.029496990090340677,0.08892950897743371,0.0,0.048776925354013914,0.0,0.5267909623735983,0.2892242277114202,0.047644508718350076,0.0,0.38240530802046907,0.027911869427347635,0.17577549181269717,0.010032022749731346,0.04068357718903201,0.054821439000684535,0.37727827666826463,0.18749388580324639,0.3009750579640696,0.33160124732459967,0.0,0.1541069324156829,0.0764083915958135,0.0,0.0,0.25311039452568174,0.0004942301517553579,0.0,0.36042561105570187,0.011624225526724655,0.029972263277563766,0.5313658948015476,0.04452234987580972,0.0,0.0,0.0,0.21835339825929304,0.37699036365212085,0.33326323865287827,0.23686350588939978,0.026478344378071984,0.250531980701092,0.16600828944949855,0.0,0.13054187616927304,0.0
RU1195A_161317605725982,0.0,0.0,0.0,0.0156368106760556,0.1776800709160212,0.7349736876159739,1.0,0.0,0.6315520563282846,0.6761330861473995,0.5511667173446795,0.28125409629305287,0.6703302433232171,0.0,0.6153999785097274,0.6461144763998278,0.9067333301314546,0.10470212368193413,0.34560191606697976,0.0,0.9055325984681228,0.43315792311986573,1.0,0.0,0.011487614024676865,0.05882484368353713,0.0,1.0,0.07317129463606195,0.37831073990205005,0.0,1.0,0.00995496734860659,0.6969376228767027,1.0,0.5941667641237169,0.2314327335691079,0.9139601676146903,0.0,0.4806620472079796,0.22453891935794074,0.6372512845191766,0.9866715284533177,0.1376046167057808,0.0470040717281295,0.0,0.03369041897907787,0.7175124575133657,0.07527779504420178,0.004459221942958851,0.6617525451323046,0.5213394920921198,0.278544955734126
RU1195A_165800209235299,0.0,0.0,0.0,0.0,0.0,0.025553099962798424,0.9675369967257293,0.0,0.0,0.011836964819459535,0.0,0.0,0.0,0.0,0.0,0.0,0.0,0.0,0.0,0.0,0.0,0.0,0.0,0.0,0.0,0.0,0.0,0.03219112781412146,0.0,0.0,0.0,0.2839825932244783,0.0,0.020514692833884796,0.02523517311008826,0.0,0.0,0.0,0.0,0.0,0.0,0.0,0.0,0.0,0.0,0.0,0.0,0.0,0.0,0.0,0.0,0.0,0.0
RU1195A_236167968216822,0.0,0.0,0.0,0.0,0.1699974876422369,0.0,0.28208616189317126,0.0,0.0,0.0,0.0,0.0,0.0,0.0,0.0,0.0,0.0,0.0,0.0,0.0,0.0,0.0,0.0,0.0,0.0,0.0,0.0,0.3463752798090709,0.0,0.0,0.09388416341031183,0.24831149613487774,0.0,0.0,0.0,0.0,0.0,0.0,0.0,0.0,0.0,0.0,0.0,0.0,0.0,0.0,0.0,0.0,0.0,0.0,0.0,0.0,0.0
RU1195A_239543723714398,1.0,1.0,0.7910493449286714,0.705551046036214,1.0,0.13402449062662813,0.09487919052328993,1.0,0.312963572808445,0.4495799439312943,0.27017979878413034,0.39822567929438146,0.5315474970573385,0.9950180710447403,1.0,0.38259339615895543,0.5586184736590134,0.9273792246021253,0.6118175626560342,0.2359253939990205,0.6660395544420561,0.7636533922853339,0.4012756125426815,0.7754332934074247,0.7378504145543332,0.9523548560809992,0.7390858871611489,1.0,0.5684055598871603,0.9766263155189407,0.7765929410032448,0.0,0.9105820017385244,0.14975911469867942,0.0011492806185765933,0.4855461245402556,0.6994709014943782,0.08449329362098029,0.7384334265932545,0.3474200232958979,0.3332532060268563,0.13604549296177262,0.2503484362960638,0.8382622120312336,0.8839762071811027,0.8747919796788921,0.8428924603509865,0.3490364193492322,0.8574374363932777,0.7874621026683073,0.3047154729818964,0.4371121086845493,0.48507752797143594
RU1195A_169014020914035,1.0,1.0,1.0,1.0,0.2733084301341907,1.0,1.0,1.0,1.0,1.0,1.0,1.0,1.0,0.9873241520513708,1.0,1.0,1.0,1.0,1.0,1.0,1.0,1.0,1.0,1.0,1.0,1.0,1.0,1.0,1.0,0.4288695447045374,1.0,1.0,1.0,1.0,0.9819379755760542,1.0,1.0,1.0,1.0,1.0,1.0,1.0,1.0,1.0,1.0,1.0,1.0,1.0,1.0,1.0,1.0,1.0,1.0
RU1195A_170139199593691,0.2106146798312784,0.0,0.0,0.0,0.0,0.043108872919603816,1.0,0.21270853547992716,0.17119150193640084,0.0,0.055974025066317504,0.0,0.0,0.0,0.0,0.0,0.0,0.0,0.0,0.0,0.0,0.0,0.0,0.0,0.0,0.0,0.0,0.17884048826346652,0.0,0.0,0.0,0.42955571296338524,0.0,0.0,0.015576957304976017,0.0,0.0,0.03949318378078483,0.006937925409146444,0.0,0.0,4.8493977866272844e-05,0.07277101867292003,0.0,0.0,0.0,0.0,0.0,0.0,0.0,0.0,0.0,0.0
RU1195A_120730030847899,1.0,1.0,0.9050277703088603,0.632784361000434,0.07648131581949094,0.12258498085068113,0.0,1.0,0.33162692074183325,0.71693047413009,0.22238906456644236,0.3548250621069134,0.44355851975934807,1.0,1.0,0.4216762019150655,0.6635429543062029,1.0,0.43913716570363703,0.42710721279314684,0.2190040650974909,0.5103534880462541,0.4319910960826485,1.0,0.961523877654758,1.0,0.9165243615137512,0.1388496806288758,0.30927376766086967,0.14490497684527007,1.0,0.0,0.8965112632181979,0.020957241137657567,0.0,0.28456917996709946,0.2929196376316436,0.02049033637279822,0.9289397393027039,0.35756135093571606,0.5039744625750217,0.09683776184037356,0.3111084854517589,0.8707253167643125,1.0,1.0,0.9060358966159531,0.32432899679972294,0.836181062101092,0.7683275383085735,0.29362883566022113,0.23358684229439725,0.350387373067776
RU1195A_205990602849070,0.0,0.0,0.0,0.0,0.0,0.0,0.31240980301186316,0.0,0.0,0.0,0.0,0.0,0.0,0.0,0.0,0.0,0.0,0.0,0.0,0.0,0.0,0.0,0.0,0.0,0.0,0.0,0.0,0.050613723377107796,0.0,0.0,0.0,0.23036180527663955,0.0,0.0,0.5039307212711638,0.0,0.0,0.0,0.0,0.0,0.0,0.0,0.0,0.0,0.0,0.0,0.0,0.0,0.0,0.0,0.0,0.0,0.0
RU1195A_165738987088622,1.0,0.8172756414031885,0.7275349632985826,0.5274547576982902,0.05589115153929192,0.007441233291092637,0.0,0.9663651580517612,0.03486855890200528,0.4710611518212617,0.06627005081717705,0.292484455381274,0.20131234263438438,1.0,0.6465408809222829,0.3201168199103101,0.338252440593775,0.9380850507868914,0.3246508074709679,0.27994061763676414,0.12489655429591312,0.26186097581831275,0.1750326538291304,1.0,0.933673330845943,1.0,0.9535180380445608,0.0,0.2709974344796044,0.3472706868189953,1.0,0.0,0.58884197989693,0.004194379160727919,0.0,0.16478812229107007,0.35626849501684904,0.0,0.7886533483838631,0.39873939728219915,0.31793074325811316,0.07030634592146444,0.0984695643610877,0.8525492814304547,1.0,1.0,0.9273444117095746,0.3898103716381275,0.71320902667473,0.61633691382525,0.17888122575843038,0.12000848075029578,0.4183115874736747
RU1195A_134402878323549,0.0,0.0,0.2705300280137429,0.03671960741036652,1.0,0.16273639242835714,0.4933580796077526,0.0,0.8124737792631356,0.2554348935708989,0.09837672323129237,0.3100026353867723,0.1512331880528801,0.0,0.0,0.382804224353528,0.04156453307193628,0.0,0.5357480558080261,0.11030630835125269,0.2851514016777864,0.7145996964280239,0.17840480838618875,0.0,0.12173823523907454,0.0,0.19346609733399547,0.706004207917846,0.3176283073938352,1.0,0.2719640231552894,0.5938318418204417,0.0,0.7768204537865627,1.0,0.0,1.0,0.8170786801575786,0.0,0.4999933903665997,0.3802594803811131,0.3108658296029518,0.297201505477909,0.03192613592089966,0.0,0.0201612627360255,0.13876526251942203,0.759010482060845,0.38722049919641766,0.6332820190825903,0.11129256887564036,0.12249430999361101,1.0
RU1195A_121731965446518,0.9411858577646101,0.40410984303359065,0.6285096375870506,0.3920431135721266,0.27634905863530085,0.0,0.0,0.8705163490985912,0.0,0.3747572128261728,0.0,0.10081379251277559,0.13562496617877948,0.9981674863187792,0.26304588304408033,0.19466603898004733,0.09362420767547702,0.7021938287014203,0.17250297701741826,0.2717262556294825,0.09311796891705422,0.05605925215067927,0.0,0.854246382475685,0.8013161413713618,0.7376875002327355,0.8397642110509603,0.0,0.14777575558337025,0.2386986862306668,1.0,0.0,0.37742592864260566,0.10313174939345517,0.0,0.0,0.21186310181601611,0.0,0.5668535974993166,0.26630158199854403,0.22733930598054336,0.0,0.2000237959901283,0.831884742545359,0.893598417429378,0.8671670033006332,0.752561953996152,0.2937634516303938,0.40495901168128345,0.36364387691951683,0.05563210880875858,0.0,0.17374991305458326
RU1195A_134378182097821,0.4635684344162574,0.40434027861445837,0.7214026969378334,1.0,1.0,1.0,1.0,0.39461012601153267,1.0,1.0,1.0,1.0,1.0,0.3751614976878119,1.0,1.0,1.0,0.8631195341661938,1.0,1.0,1.0,1.0,1.0,0.41958953107444563,0.6117959831037438,0.6597418153217344,0.734630388297912,1.0,1.0,1.0,0.0,1.0,1.0,1.0,1.0,1.0,1.0,1.0,1.0,1.0,1.0,1.0,1.0,0.9213774213000165,0.7164268328617023,0.4060976833666588,0.8167360957808354,1.0,1.0,1.0,1.0,1.0,1.0
RU1195A_192308969655733,0.9832483570480147,0.5263844423005648,0.9537497998971997,0.6628382299957556,0.3433566929516735,0.0,0.0,0.9132882329706543,0.4942781962397098,0.7696624713805478,0.015199649694333876,0.3028445084498699,0.24802381703279755,0.994735792576509,0.6703879714785201,0.2310388672822277,0.27238388721252443,0.9561448469942986,0.33229639032529745,0.30036865221691106,0.1032859752453549,0.05741389442423062,0.1178878758225093,0.8811232076957579,0.8863644788407495,0.8538571909072354,1.0,0.47091037569303645,0.14792158354017396,0.7512248969040155,1.0,0.0,0.6361202003076616,0.0,0.0,0.0,0.47471871309865704,0.09157676870783531,0.4995384906876018,0.28627255489737824,0.18270139611675001,0.06929247895612886,0.47571898025028087,0.9082628494634378,0.8003843747527235,0.9999739372736483,0.7209421820743126,0.371165680761572,0.5945742023682922,0.6835360498153658,0.05392979585003619,0.040279235402098476,0.3284171187779347
RU1195A_120786773560747,0.0,0.0,0.0,0.0,0.0,0.005761886921807953,0.2779711711273204,0.0,0.0,0.0,0.0,0.0,0.0,0.0,0.0,0.0,0.0,0.0,0.0,0.0,0.0,0.0,0.0,0.0,0.0,0.0,0.0,0.501192312559475,0.0,0.0,0.08959824514116435,0.26486462839598657,0.0,0.06784476273273642,0.10994732990231311,0.0,0.0,0.0,0.0,0.0,0.0,0.0,0.0,0.0,0.0,0.0,0.0,0.0,0.0,0.0,0.0,0.0,0.0
RU1195A_157561625631131,1.0,1.0,1.0,1.0,0.41010200092276705,1.0,1.0,1.0,1.0,1.0,1.0,1.0,1.0,1.0,1.0,1.0,1.0,1.0,1.0,1.0,1.0,1.0,1.0,1.0,1.0,1.0,1.0,1.0,1.0,1.0,1.0,0.7342436135694936,1.0,1.0,0.537580983991367,1.0,1.0,0.9745656307277402,1.0,1.0,1.0,1.0,1.0,1.0,1.0,1.0,1.0,0.9596804191173537,1.0,1.0,1.0,1.0,1.0
RU1195A_199877535095595,1.0,1.0,0.6604030703332298,0.47374938868145133,0.0,0.0,0.0,1.0,0.33835864427687096,0.41882426956823715,0.046563915675023375,0.16087930539948217,0.27796013835248873,1.0,1.0,0.25842767426789953,0.33466678272480793,0.9310116460412873,0.2861769702895769,0.18682495445129843,0.016003981800938927,0.19132971810929097,0.26690356265431897,0.9979482820507029,0.7011954458623654,1.0,0.9473667339753277,0.0,0.15352165751981825,0.149171298146796,1.0,0.0,0.6547129919011487,0.0,0.0,0.35689473736624283,0.27052115129222726,0.006009084633140807,0.8382864822929862,0.2877304265382613,0.28616313406664706,0.01181484321125727,0.11751007022254846,0.759073288381748,0.939013672656571,0.9082835891386729,0.7494392147386251,0.28347630049905986,0.6240867059943055,0.6595093437178103,0.12460660193905242,0.22116732115524024,0.2352613150015844
RU1195A_236770336655662,0.9805280774092668,1.0,0.27276475272097617,0.24556831800198112,0.0,0.0,0.0,1.0,0.3018416169912805,0.0,0.0,0.0741455195637576,0.12421836531054342,0.6647471509757171,0.9911459618629198,0.1250785717963911,0.11833047096694915,0.6957004041382107,0.12778738327351616,0.003861739686778178,0.0,0.1855706352078357,0.16949147051003116,0.6054396269668997,0.12509380676618378,0.5715235499964804,0.49359244092186083,0.0,0.19073793363047162,0.0,0.05232812688375346,0.0,0.5091510377767534,0.0,0.0,0.9171521574540259,0.03401654211105311,0.005223503474721209,0.9630167881189778,0.0822639769322479,0.04359274993812942,0.0,0.0,0.28530768528762573,0.5846598927620004,0.4404824202982184,0.32150451171899236,0.008610088264166302,0.48452923372633266,0.35236235079669315,0.09132117700121728,0.41794090173533693,0.0
RU1195A_121889774750004,0.0,0.0548950063512733,0.48078329876136866,0.7922979841739182,0.8530411275050689,1.0,1.0,0.0,1.0,1.0,1.0,0.9432214367032495,1.0,0.0,1.0,1.0,1.0,0.9577126348666392,0.9868805816999351,0.0850439394406945,1.0,0.3347202631461777,1.0,0.12461347475539848,0.1583849487469282,0.1535589887119968,0.5464857033002584,1.0,0.45323561738473983,1.0,0.11345786021783827,1.0,0.5965506710527225,1.0,1.0,1.0,0.3849363495466086,1.0,0.47457260635298226,1.0,1.0,1.0,1.0,0.80775307006489,0.5004627346066748,0.07159346608216911,0.0,1.0,0.6077899805182932,0.08763060351154058,1.0,1.0,0.49700110337629266
RU1195A_131148516322147,1.0,1.0,1.0,1.0,0.10095102990082606,1.0,1.0,1.0,1.0,1.0,1.0,1.0,1.0,0.9345386035328529,1.0,1.0,1.0,1.0,1.0,1.0,1.0,1.0,1.0,1.0,1.0,1.0,1.0,1.0,1.0,0.1846450456203412,1.0,1.0,1.0,1.0,0.4439578899141468,1.0,1.0,1.0,1.0,1.0,1.0,1.0,1.0,1.0,1.0,1.0,1.0,1.0,1.0,1.0,1.0,1.0,1.0
RU1195A_164698952747238,0.0,0.0318114931752523,0.7576021536968678,1.0,1.0,1.0,1.0,0.0,1.0,1.0,1.0,1.0,1.0,0.0,1.0,1.0,1.0,1.0,1.0,1.0,1.0,0.7295645851754732,1.0,0.2534915954050596,0.36624964850069314,0.3016041507742817,0.9567971370000407,1.0,0.7499062599665176,1.0,0.10064710380149379,1.0,1.0,1.0,1.0,1.0,0.426904226974911,1.0,0.9893758109650798,1.0,1.0,1.0,1.0,0.9038442137874771,1.0,0.15383209943252052,0.028598307113641426,1.0,0.8626454754781485,0.22266927239111964,1.0,1.0,0.733185333320947
RU1195A_205861497519011,0.7859446316581882,1.0,1.0,1.0,1.0,1.0,1.0,0.8644176092689917,1.0,1.0,1.0,1.0,1.0,0.6314768960337976,1.0,1.0,1.0,1.0,1.0,1.0,1.0,1.0,1.0,1.0,1.0,1.0,1.0,1.0,1.0,1.0,1.0,1.0,1.0,1.0,1.0,1.0,1.0,1.0,1.0,1.0,1.0,1.0,1.0,1.0,1.0,1.0,1.0,1.0,1.0,1.0,1.0,1.0,1.0
RU1195A_226884396104038,0.9920451211972546,0.7658677584165,0.843846947615976,0.5623235097423525,0.4469813667193276,0.009110626252617831,0.0,0.9840893459718737,0.09635427446435295,0.5299635924414153,0.06918568015046073,0.2934397990439221,0.22070312982006254,1.0,0.6808554461362585,0.30354467698834525,0.3550724041750745,0.9587512166999254,0.33401295762387545,0.32447726961120743,0.10575660121106133,0.20570446328141395,0.13814873561856914,1.0,0.905377132747186,0.985844918258537,1.0,0.0,0.2601263809574489,0.7653973159505312,1.0,0.0,0.577748115905191,0.01921649085246708,0.017293648079590402,0.11007365771662501,0.44764569650196784,0.0,0.7118066162659827,0.3687301713172951,0.3130150385430568,0.07072219808439367,0.2752505552577567,0.8915616910649224,0.9974777200432571,1.0,0.8877814373605699,0.41182559180034195,0.6711270366790094,0.6344608311114273,0.14676831807356538,0.0832549835340517,0.38991734937805306
RU1195A_125238538099051,1.0,1.0,0.49203311715955705,0.36947795169321823,0.0,0.0,0.0733863919142366,1.0,0.5581555207360485,0.15417833385420104,0.07590164189085345,0.027347652083725225,0.25328279710542057,0.8054440521063891,1.0,0.19260401762028012,0.2591663160577634,0.802546199077048,0.22667470477987547,0.32481972126527053,0.0,0.2835773794785433,0.3019281668076384,0.7245630104064221,0.3242627743206258,0.7821673499036912,0.67005784932426,0.0,0.26604012526341053,0.022640803798923814,0.5576137413285012,0.0,0.7084274653254874,0.0,0.0,0.7741620705435407,0.11658854042904668,0.08632925044142402,0.9678673043658902,0.16861733563815104,0.24196347157791923,0.0,0.04361156701470496,0.5771987278154145,0.7679408631038733,0.6090020446017185,0.4690736486116143,0.12990040205940148,0.6237831435376728,0.5887693520628582,0.16477884446812072,0.4088917155089272,0.02085569930073837
RU1195A_169012844481900,0.0,0.0,0.0,0.0,0.30198278094598147,0.03443029550824772,0.1694254569328504,0.0,0.0,0.07641827897135665,0.0,0.0,0.0,0.0,0.0,0.0,0.0,0.0,0.030071813459494095,0.0,0.03904410703437092,0.0,0.18906707690458052,0.0,0.025682027873240983,0.0,0.0,0.17048712940010682,0.0,0.29645328132948257,0.0,0.6141326251586311,0.0,0.3700111396014994,0.9942246344610214,0.0,0.3884377730731966,0.12303023919667053,0.0,0.03571148992116856,0.3447011845946678,0.07608083141842491,0.015643279748679236,0.0,0.0,0.0,0.0,0.07451248758654294,0.0,0.0,0.0,0.0,0.34358736687061836
RU1195A_126889101285788,0.9839021820403265,0.8633058424992232,0.8960875731649196,0.6859397375534061,0.35523943517451767,0.06887787500318245,0.0,1.0,0.38850453250693384,0.5364390512351563,0.14201524106732905,0.35221343480998035,0.35077804490079395,0.9827456864879429,0.8549376921107033,0.30897102062937365,0.4241642724096864,0.943964282547517,0.382639683474158,0.2702784167507202,0.11995804806942212,0.3133376232849829,0.2850524981384635,0.9228255800783903,0.7912318014358994,0.9462877579624858,0.9968091931674226,0.21308190392679116,0.40664512759700866,0.6669461442196593,1.0,0.0,0.7375702646983833,0.05060849132865128,0.006803023406062889,0.2541417247442036,0.49605051004337086,0.2215113526521946,0.7789707047299471,0.3450450338146109,0.3140819868189626,0.11965402181757988,0.33063108166919186,0.8773476873133799,0.8865740646819221,0.9035797940358555,0.7729412840608436,0.41310970080427395,0.7313656781683009,0.8057025863328164,0.21389929486724457,0.2368015068798662,0.3962384024515346
RU1195A_156049540791198,0.0,0.0,0.21737855334211614,0.31210700214518017,0.5635170962517597,1.0,1.0,0.0,1.0,0.8694868086185255,0.878161949670959,0.5064110084753813,1.0,0.0,1.0,0.9822426624052544,1.0,0.2509218503344304,0.6407871891017423,0.03804510773082579,0.8211682724277851,0.31793232976943375,1.0,0.0,0.031077809188550756,0.022835010203802845,0.029880991436134107,1.0,0.1668499121141176,1.0,0.02046804564609844,1.0,0.16687439948015337,1.0,1.0,0.8197654523822427,0.6254258985218907,1.0,0.07784988930699915,0.7349413846407766,1.0,0.9382213456743225,1.0,0.29402512897735483,0.02535978085164912,0.0,0.0,1.0,0.34678936571390345,0.21196936277591594,0.9818994646799073,0.7176404424255297,0.46561485520435136
RU1195A_161952140512604,0.0,0.0,0.0,0.0,0.0,0.0,0.35179117700138984,0.0,0.0,0.0,0.0,0.0,0.0,0.0,0.0,0.0,0.0,0.0,0.0,0.0,0.0,0.0,0.0,0.0,0.0,0.0,0.0,0.09018692767596843,0.0,0.0,0.0,0.2271076504228997,0.0,0.028356717014453664,0.06930661756614045,0.0,0.0,0.0,0.0,0.0,0.0,0.0,0.0,0.0,0.0,0.0,0.0,0.0,0.0,0.0,0.0,0.0,0.0
RU1195A_231358946797414,1.0,1.0,1.0,1.0,0.6024074157619526,1.0,1.0,1.0,1.0,1.0,1.0,1.0,1.0,1.0,1.0,1.0,1.0,1.0,1.0,1.0,1.0,1.0,1.0,1.0,1.0,1.0,1.0,1.0,1.0,0.34392231410941665,1.0,1.0,1.0,1.0,0.5865190118309013,1.0,1.0,1.0,1.0,1.0,1.0,1.0,1.0,1.0,1.0,1.0,1.0,1.0,1.0,1.0,1.0,1.0,1.0
RU1195A_121735006337388,0.7560292960684212,0.9691527768694518,1.0,1.0,1.0,1.0,1.0,0.6303412534233722,1.0,1.0,1.0,1.0,1.0,0.5579496140975622,1.0,1.0,1.0,1.0,1.0,1.0,1.0,1.0,1.0,0.9791689184755493,1.0,1.0,1.0,1.0,1.0,1.0,0.5139615962647845,1.0,1.0,1.0,1.0,1.0,1.0,1.0,1.0,1.0,1.0,1.0,1.0,1.0,1.0,0.7433610043470902,1.0,1.0,1.0,1.0,1.0,1.0,1.0
RU1195A_230738055776108,1.0,0.7628339028526764,0.9457142037349668,0.7538149283803883,0.6276199400434388,0.08180801347842193,0.0,0.9539046985027178,0.02030162940902938,0.6733463054267548,0.1417827464836129,0.5947090188456051,0.3522773805400022,1.0,0.6044617858687288,0.40589441456150893,0.46974323060649853,1.0,0.46303858755950555,0.45214284299193463,0.2822007858146471,0.4540363614746081,0.2791123102969651,1.0,1.0,1.0,1.0,0.12656105879350746,0.4376639258722845,0.9400819661698213,1.0,0.0,0.6926476555520749,0.09193597510030435,0.26841297620215615,0.09200934398900841,0.5860809765127801,0.0,0.717729707572669,0.4389005420357837,0.4028244296780173,0.1300531927744067,0.2756342151295395,0.9720451881130175,1.0,1.0,1.0,0.44197423949383463,0.8732564645991316,0.7600169632255285,0.24178931846234747,0.0986844277274468,0.6266712261441034
RU1195A_125033675441894,1.0,0.879958348383304,1.0,1.0,0.14927037489583533,1.0,1.0,1.0,1.0,1.0,1.0,0.9163120228148846,1.0,1.0,0.8389209413189249,0.8666897225527138,1.0,1.0,1.0,1.0,0.642197530832309,1.0,1.0,0.932617887575768,1.0,0.9376675892792928,1.0,0.7006275290773003,1.0,0.18191038113795285,1.0,0.0718705326548102,1.0,0.4289308099574286,0.0,0.8133083905853316,0.7516701581719119,0.6750367813287305,1.0,0.9416539056057478,1.0,0.648879706699084,1.0,1.0,1.0,1.0,1.0,1.0,1.0,1.0,0.9024317675552391,0.882512677534414,0.8253584995458261
RU1195A_156051944717236,0.0,0.0,0.018771898516947765,0.214646662101074,1.0,1.0,1.0,0.0,1.0,0.6741819972002987,1.0,1.0,0.8334878786468753,0.05291579730287028,1.0,1.0,1.0,0.6761490902308608,0.6521937191376562,1.0,0.9896439637309468,0.04138666286609068,0.16630202027337931,0.0,0.0,0.0,0.12838800236387926,1.0,0.030420286687947766,1.0,0.0,1.0,0.43462362383521386,1.0,1.0,0.5899794565927001,0.5838957017692322,1.0,0.6605061202702398,1.0,1.0,1.0,1.0,0.18498795151216746,0.20284567901699757,0.0,0.0,1.0,0.003955622723868393,0.018729598397779042,1.0,1.0,0.6437808421043597
RU1195A_126888208362845,1.0,1.0,0.3264520257673983,0.29208237172478013,0.0,0.05316541492540096,0.0,1.0,0.29797264262816425,0.0,0.13303070461185684,0.17518328945490272,0.21025455272405158,0.7114436641620954,1.0,0.19763248943299697,0.305096221833359,0.7343240552702485,0.2039262470754217,0.015793095199826884,0.03906886922505411,0.3275169798264677,0.3066836296518586,0.617883453683487,0.15387397307439404,0.6865284633539978,0.5069094595818997,0.0,0.37295971089046714,0.0,0.14443649993187685,0.0,0.6404970912675683,0.0,0.0,1.0,0.07181867529118512,0.007866512612227754,0.9646871843641827,0.1141841638863603,0.09334630181127444,0.0,0.0,0.3728518718317329,0.6592952496505159,0.443900278566468,0.4222808217269899,0.00578277424765735,0.5319955521828791,0.43770247469426793,0.21735447280511694,0.5051064930249289,0.013221976220671092
RU1195A_191139710688494,0.0,0.0,0.0,0.0,1.0,0.0,0.21496149262379255,0.0,0.0,0.0,0.0,0.0,0.21826951850645493,0.0,0.0,0.0,0.0,0.0,0.0,0.0,0.0,0.0,0.0,0.0,0.0,0.0,0.0,0.18360910104131228,0.0,0.0,0.0,0.0,0.0,0.0,0.36261280921559647,0.0,0.1398435944331536,0.0,0.0,0.0,0.0,0.0,0.09759537088638194,0.0,0.0,0.0,0.0,0.0,0.0,0.0,0.0,0.0,0.0
RU1195A_201106048047918,0.8280343837282994,0.7294336948906216,1.0,0.7739931864709559,1.0,0.020053259795467317,0.0,0.9295422542170146,0.16443612353660877,0.6815966488632562,0.12205223155705615,0.557288767877747,0.3083303019179433,1.0,0.7451002506431386,0.3319255849597217,0.4389888392215189,1.0,0.5269350603985747,0.21595547164458337,0.3213876389971169,0.2869332183839079,0.12492249438666685,0.9773377472387287,0.9128205213533441,0.9678283318690243,1.0,1.0,0.38062500319875053,1.0,1.0,0.0,0.6133587044979969,0.05692312112897413,0.5355625371582466,0.08816042054311542,1.0,0.05913667791310058,0.4995302157096432,0.39699439203055537,0.22656757039653058,0.18522261067857873,0.4310902940000805,0.9301677058200465,0.7722496753846213,1.0,0.9146684125768517,0.5339304237624145,0.7409898776964181,0.8081943445926659,0.13065486156226538,0.11390657112047031,0.7106345548456394
RU1195A_129663543924518,0.9288871911531585,0.9161147086207498,0.5535536115163658,0.4154768730567268,0.10278770836254202,0.0,0.0,1.0,0.2697008673194007,0.2658501989502891,0.03197032813281731,0.10928592479770184,0.17642006214487724,0.8013705375414916,0.7878308327141181,0.16726845710785457,0.1961844140913039,0.7068560064253481,0.20004964342262888,0.12492655612617411,0.019655311729387965,0.19004944646196048,0.19877481205455122,0.6675757484678094,0.3804188250721083,0.7141381991552067,0.6533763314465689,0.0,0.23852505397912954,0.37456464260689437,0.5709077830872711,0.0,0.5526744427879656,0.0,0.0,0.48984318530689436,0.21167144559413953,0.07021357461865675,0.7955036509708449,0.16356948061382742,0.1429235528593598,0.0,0.0012781742739243198,0.5658556419741896,0.685601461993813,0.5876963886317378,0.5057870086476379,0.22301246204959183,0.49562053637185355,0.5325333778708973,0.09404479874764118,0.2749724497458851,0.10472688276441694
RU1195A_130676055205748,0.0,0.0,0.0,0.0,0.17879435786075004,0.0,0.014429004397782634,0.0,0.0,0.0,0.0,0.0,0.0,0.0,0.0,0.0,0.0,0.0,0.0,0.0,0.0,0.0,0.0,0.0,0.0,0.0,0.0,0.0,0.0,0.0,0.0,0.0724036708284359,0.0,0.0,0.15400078612752097,0.0,0.0,0.0,0.0,0.0,0.0,0.0,0.0,0.0,0.0,0.0,0.0,0.0,0.0,0.0,0.0,0.0,0.0
RU1195A_205913459412325,0.0,0.2133672865543848,0.0,0.6360498610291124,1.0,1.0,1.0,0.0,1.0,1.0,1.0,1.0,0.890250140885849,0.0,1.0,1.0,1.0,0.913662360968465,0.5342287807696533,1.0,0.9721448235687815,0.0,0.16870846420624686,0.0,0.06257944167372348,0.0,1.0,1.0,0.0,1.0,0.0,1.0,0.13406694958848545,1.0,1.0,0.6456727062577441,0.31962467865804267,1.0,0.0,1.0,0.9792035254951378,1.0,1.0,0.7860715323032369,0.32613148750334414,0.0,0.0,1.0,0.1338344158137126,0.0,1.0,1.0,0.9466521332833409
RU1195A_125247350520118,1.0,1.0,1.0,1.0,0.0033060928755912168,0.9985778592170779,1.0,1.0,1.0,1.0,1.0,1.0,1.0,0.8919525511974246,1.0,1.0,1.0,1.0,1.0,0.9953979032991872,0.7819846225677239,1.0,1.0,1.0,1.0,1.0,1.0,0.5395607077846474,1.0,0.37179732955486083,0.952683694837338,0.58410501946116,1.0,0.7122457369206701,0.3391637558734362,1.0,1.0,0.8469067428046347,1.0,1.0,1.0,1.0,0.9842063225343959,1.0,1.0,0.9019783736479312,1.0,0.9961588176515241,1.0,1.0,1.0,1.0,1.0
RU1195A_200907387235115,0.0,0.0,0.0,0.0,0.35273134025922176,0.061610007838922745,0.5942283696760676,0.0,0.0,0.0,0.0,0.0,0.0,0.0,0.0,0.0,0.0,0.0,0.0,0.0,0.0,0.0,0.0,0.0,0.0,0.0,0.0,0.8145336964198604,0.0,0.0,0.3712633470996907,0.24741048615721062,0.0,0.015555732681298706,0.1590452298865225,0.0,0.0,0.057165691361633915,0.0,0.0,0.0,0.12053467711110764,0.12627060550612204,0.0,0.0,0.0,0.0,0.0,0.0,0.0,0.0,0.0,0.0
RU1195A_196114203401061,1.0,1.0,1.0,1.0,0.9090830692284134,1.0,1.0,1.0,1.0,1.0,1.0,1.0,1.0,1.0,0.9621426845182479,1.0,1.0,1.0,1.0,1.0,1.0,1.0,1.0,1.0,1.0,1.0,1.0,0.9771951249949481,1.0,1.0,1.0,1.0,1.0,1.0,1.0,1.0,1.0,1.0,1.0,1.0,1.0,1.0,1.0,1.0,1.0,1.0,1.0,1.0,1.0,1.0,1.0,1.0,1.0
RU1195A_200992200772907,1.0,0.9109464054943596,0.8511151584638912,0.6334241385010875,0.0,0.04898027168084845,0.0,1.0,0.43192843994301794,0.5471711160653538,0.11697028571966632,0.3246046412737036,0.3390803661136359,1.0,0.9990564814409194,0.30572192646321833,0.41782705483413285,0.9890409350513937,0.3828983006683086,0.2841044244013709,0.12109527837090375,0.26619297439377176,0.29420474718526374,0.9974306258561885,0.8583703990385323,1.0,1.0,0.3564189128203391,0.3517244261056442,0.2751547685051617,1.0,0.0,0.7348136657926073,0.0,0.0,0.23719944884584201,0.38288359326606375,0.15819726585706445,0.7743891252666991,0.3385018220475382,0.2933607793918548,0.10640478346254492,0.31909627319015565,0.8682326915611543,0.9377921090014357,0.9704674815650765,0.8148869995933121,0.33591817546398245,0.727057015000572,0.7687023185505659,0.19436554657800248,0.22078560059932295,0.3572849448109006
RU1195A_121733825907117,1.0,0.8470600239182531,0.6223914904020117,0.4206446808851307,0.0,0.00024768578716438596,0.0,1.0,0.18319009172526082,0.39650502109937336,0.05870367947255547,0.12058117916812963,0.32940017268210475,1.0,0.5509710728205878,0.2590437636689065,0.2525782793395622,0.7932872180626772,0.29459120360502183,0.5177109441295061,0.06703539924476641,0.3099475521951018,0.16769161175976913,0.9311062349002053,0.745748095591207,0.8806441978570915,0.7305957907268112,0.0,0.4004037611554005,0.412012883237378,0.6968452433430867,0.0,0.5822590357418844,0.0,0.0,0.3315156702854303,0.22611569551870112,0.01629636919647087,0.852717492188122,0.3774930609326968,0.41539611322872616,0.028578478635520536,0.09819896781877385,0.7697894334963293,0.982306233444239,0.8325694048007274,0.7789261478931733,0.3828589401331151,0.6698359920915868,0.6218095671761101,0.16052599777458434,0.19109546366540497,0.2630329985564857
RU1195A_155914221836149,1.0,1.0,0.6027819839577603,0.5723668680107943,0.0,0.14424142544522964,0.0,1.0,0.6314730933265149,0.3699506790169076,0.26600977717499286,0.3055698975311301,0.4307208288741024,0.9497319277518111,1.0,0.37038783689887544,0.5635244881203646,0.9620336670051682,0.4274984225851393,0.23484496138713062,0.16615809262509462,0.5455015643023504,0.5266012660569509,0.9428825045393884,0.5681071901478612,0.9995694334831261,0.7875365284936212,0.0,0.5285024737819916,0.12043719262779481,0.7736244556216756,0.0,0.9430553111897751,0.05553678561637758,0.0,0.8653126541205257,0.3640462151762126,0.1494921177583245,1.0,0.40021266391446414,0.479849360404438,0.13312743335410063,0.09563199855502409,0.741860895266861,0.9928451891737099,0.7739701433455698,0.7578210144539135,0.3172608423599738,0.8307744954780435,0.8144574395270204,0.3784434094538464,0.5607829480837678,0.424871960930625
RU1195A_134402925092076,0.9616157722487518,1.0,0.7251489037482486,0.993115831952948,0.39772860132572013,0.3858493071091902,0.2690054169752382,0.9599970836028006,0.6680724446468168,0.6384931071991053,0.5710246791237727,0.8662713770910814,0.6110347932037011,0.8525218830199451,1.0,0.5965245137616013,0.9141698487627111,0.968545505367143,0.7950827539938903,0.24148490466431638,0.5660287272123146,1.0,0.8788238011758458,0.9611460181838369,0.7590710407437979,1.0,0.8139094850122,0.23580165982882612,1.0,0.8479553420235587,0.38119508257705975,0.3242041191654806,1.0,0.5025707120519277,0.47939867882161624,1.0,0.8374779523692554,0.42921998495564456,1.0,0.7085771403823333,0.8753225563419265,0.5551122453989786,0.21665584978811087,0.8696997748274108,1.0,0.7378598048005279,1.0,0.5600560569599564,1.0,1.0,0.7795947285595842,0.8913982374446957,1.0
RU1195A_165191500615075,1.0,1.0,1.0,1.0,0.6313057989325273,1.0,1.0,1.0,1.0,1.0,1.0,1.0,1.0,0.964608403716561,1.0,1.0,1.0,1.0,1.0,1.0,1.0,1.0,1.0,1.0,1.0,1.0,1.0,1.0,1.0,0.8591398062101813,1.0,1.0,1.0,1.0,1.0,1.0,1.0,1.0,1.0,1.0,1.0,1.0,1.0,1.0,1.0,1.0,1.0,1.0,1.0,1.0,1.0,1.0,1.0
RU1195A_131165964155315,1.0,0.8262856241580083,0.8306818711471694,0.592570257804661,0.35489969694447177,0.06024244667333668,0.0,1.0,0.09109630005717399,0.5305342204333584,0.12699455620465322,0.3378627119666097,0.3040447525837689,1.0,0.632156257919384,0.34932626190373034,0.41459867976931525,0.9659214845644754,0.38731039539843204,0.47961687665287306,0.1671178181880233,0.34322931144781404,0.18949324450935595,1.0,0.9972671095059051,1.0,0.9813682383574276,0.0,0.4235427317628646,0.5825334433770248,1.0,0.0,0.6394146826594225,0.05545127266011132,0.04310083298616526,0.17350555327909592,0.40365260790537427,0.0,0.8081774233243071,0.43993340600303893,0.4229216537711897,0.12537101560111344,0.2825285071632192,0.9294626035851685,1.0,1.0,0.9781532976065993,0.4286972363968894,0.7639911397621407,0.6940616070656329,0.23184965909165556,0.1220133899403609,0.4729564328642918
RU1195A_130213165514155,0.0,0.0,0.0,0.0,0.0,0.18423845331531769,0.15826835265372038,0.0,0.0,0.12870971058233371,0.030432669931504494,0.0,0.017532396851739806,0.0,0.0,0.0,0.1378312907490959,0.0,0.0,0.0,0.40398362937506865,0.0,0.2995426668721972,0.0,0.0,0.0,0.0,0.3409472021623627,0.0,0.0,0.004133395188602121,1.0,0.0,0.08635525015021557,0.4314429617742007,0.0,0.0,0.16348298797816502,0.0,0.059251755637630445,0.0,0.14089583211316073,0.15357698664934766,0.0,0.0,0.0,0.0,0.1489905137844771,0.0,0.0,0.031589883843515874,0.0,0.0
RU1195A_230731524979124,0.9602371682632366,1.0,1.0,1.0,1.0,1.0,1.0,1.0,1.0,1.0,1.0,1.0,1.0,1.0,1.0,1.0,1.0,1.0,1.0,1.0,1.0,1.0,1.0,1.0,1.0,1.0,1.0,1.0,1.0,1.0,1.0,1.0,1.0,1.0,1.0,1.0,1.0,1.0,1.0,1.0,1.0,1.0,1.0,1.0,1.0,1.0,1.0,1.0,1.0,1.0,1.0,1.0,1.0
RU1195A_135132245347630,1.0,1.0,1.0,1.0,0.28070794597927157,1.0,1.0,1.0,1.0,1.0,1.0,1.0,1.0,0.918422230104465,1.0,1.0,1.0,1.0,1.0,1.0,1.0,1.0,1.0,1.0,1.0,1.0,1.0,1.0,1.0,0.1634347791676835,1.0,1.0,1.0,1.0,1.0,1.0,1.0,1.0,1.0,1.0,1.0,1.0,1.0,1.0,1.0,1.0,1.0,1.0,1.0,1.0,1.0,1.0,1.0
RU1195A_122487995521460,0.0,0.0,0.0,0.0,0.043846779319192696,0.0,0.0,0.0,0.0,0.04290132049902771,0.0242600528034398,0.0,0.0,0.0,0.0,0.0,0.0,0.0,0.0,0.0,0.0,0.0,0.0,0.0,0.0,0.0,0.0,0.21635375858335662,0.0,0.0,0.9395133071264261,0.08072481193223685,0.0,0.0,0.0,0.0,0.0,0.38992750139064003,0.0,0.0,0.0,0.13466699263446955,0.0,0.0,0.0,0.0,0.0,0.0,0.0,0.0,0.0,0.0,0.0
RU1195A_227501959499124,1.0,0.912800374497686,0.8066888475130323,0.5979519553444765,0.4113832195579233,0.038306988999574194,0.0,0.9994051973172112,0.14124278391332779,0.5326652673830732,0.11686378619358402,0.35014380723613237,0.2732939645708712,1.0,0.8006655903342382,0.3345552029265636,0.4287271487524542,0.967243246652137,0.37083452982734033,0.2175647692249019,0.13900566411468304,0.3056243527374938,0.2631406529452768,1.0,0.8514643478710745,1.0,0.9796591034808806,0.0,0.3098549762002467,0.6805714461133433,1.0,0.0,0.663223706121777,0.03781709521664717,0.0,0.22990933131394364,0.4872627440918661,0.027854729898484063,0.7732248818399808,0.3888606166575689,0.3225685006034548,0.09265580022848578,0.18911366081933112,0.8568846597376252,1.0,0.9907096920629473,0.8837955468161627,0.4157290449551167,0.7245300980136615,0.7200563513914802,0.19465250828146116,0.19302415114411506,0.44157551313083065
