[443696773974296, 443696773974296, 443696773974296, 443696773974296, 443701068941592, 443701068941592, 443701068942616]
[443696773974424, 443696773974424, 443696773974424, 443696773974424, 443834212927896, 443834212927896, 443834212927896, 443834212927896, 443834212927896, 443834212927896, 443834212927896, 442734701300120, 442734701300120, 442734701300120, 442734701300120, 442734701300120, 447132747811224]
[443696706865560, 443696706865560, 443696706865560, 443697780607384, 441498757351832]
[443696773974424, 443696773974424, 443696773974424, 443696773974424, 443696706865560, 443696706865560, 443696706865560, 443696706865560, 443696706865560, 443696706865560, 443696706865560, 443696706865560, 443696706865560, 441497683610008, 441497683610008, 441497683611032]
[443696773974425, 443696773974425, 443696773974425, 443696773974425, 443696773974425, 443696773974425, 443696773974425, 443696773974425, 443696706865561, 443696706865561, 443696706865561, 443696706865561, 443696706832793]
[443696773974424, 443696773974424, 443696773974424, 443696773974424, 443696773974424, 443696765585816, 443696765585816, 443696765585816, 443696765585816, 443696765585816, 443696765585816, 443696765585816, 443696765585816, 443696765585816, 443696765585816, 443696765585816, 443696765585816, 443696765585816, 443696698476952, 443696698476952, 443696698476952, 443696698476952, 443696698476952, 443696698476952, 443696698476952, 443696698476952, 443696698476952, 443696698476952, 443696698476952, 478881070565784]
[443696773974424, 443696773974424, 443696773974424, 443696773974424, 443696773974424, 443696773974424, 443696773974424, 443701068941720, 443701068941720, 443701068941720, 443701068941720, 443701068941720, 443701068941720, 443701068942744, 443701068942744, 443701068942488]
[443696773974424, 443696773974424, 443696773974424, 443696773974425, 443696773974425, 443696773974425, 443696773974425, 443147018160537, 443147018160537, 443147018160537, 443147018160537, 443147018160537, 440947994904985]
[443696773974424, 443696773974424, 443696773974424, 443696773974424, 443698921458072, 443698921458072, 443698921458072, 443698921458072, 443698921458072, 443698921458072, 443698921458072, 443703216425368, 443703216425368, 443703216425368, 443703216425368, 443703216425368, 441504193169816]
[443701068941720, 443701068941720, 443701068941720, 443692479007128, 443692479007128, 302954990651800]
[443696773974424, 443696773974424, 443696773974424, 443696773974424, 443696773974424, 443696773974424, 443696773974424, 443697847716248, 443697847716248, 478882219805080, 478882219805080, 478882219805080, 478882219805080, 478882219805080, 478882219805080, 478882219805080, 478882219788696]
[443696773974424, 443696773974424, 443696773974424, 443696773974424, 442597262346648, 442597262346648, 442597262346648, 442597262346648, 442597262346648, 442872140253592, 442872140253592, 442872140253592, 442872140253592, 442872140253592, 442872140253592, 442872140253624]
[443696773974424, 443696773974424, 443696706865560, 443696706832792, 443696706832536]
[443696773974424, 443696773974424, 443696773975448, 443696773975448, 443696773975448, 443696773975448, 443696773975448, 443696773975448, 443696773975448, 443696773975448, 443696773975448, 443696773975448, 443696773975448, 443696773975448, 443696773975448, 443696773983640, 443696773983640, 443696237112728]
[443696773974424, 443696773974424, 443696773974424, 441497750718872, 441497750718872, 441497750718872, 441497750718872, 441497750718872, 441497750718872, 441497750718872, 441497750718872, 450293843741080, 450293843749272]
[443696773974424, 443696773974424, 443696773974424, 443696773974424, 443696773974424, 443696773974424, 443696773974424, 443696774236568, 443696774236568, 443696774236568, 443696774236568, 443696774236568, 443696774236568, 443765493713304, 443765493713304, 443765493713304, 443765493713304, 443765493713304, 448163540224408]
[441497750718872, 441497750718872, 441497750718872, 441497750718872, 441497750718872, 441497750718872, 441497750718872, 441497750718872, 441497752816024, 441497752816024, 441497752816024, 441497752799640]
[443696773974424, 443696773974424, 443696773974424, 443696773941656, 443696773941656, 443696773941656, 443696773941656, 443696773941656, 443696773941400, 443696773941400, 443696773941400, 443696773941400, 443696773941400, 443696773941400, 443696773941400, 443696773941400, 443696773941400, 443696773941400, 443696773941400, 443696773941400, 443696773941400, 443696773941400, 443697847683224]
[443696773974424, 443696773974424, 443696773974424, 443696773974424, 443696773974424, 443696773974424, 443696773974424, 443696773974424, 443696773974424, 443696773974424, 443696773974424, 443696773974424, 443696773974424, 443696773974424, 443696773974424, 443696773974424, 443696773974424, 443696773974424, 443696773974424, 443696773974424, 443696773974424, 478881146063256, 478881146063256, 478881146063256, 478881146063256, 478881146063256, 478881146063256, 478881146063256, 478883293546904, 478883293546904, 478883293546904, 478883293546904, 478883293546904, 478883293546904, 478883293546904, 443698921458072, 443698921458072, 443698921458072, 426106735413656, 426106735413656, 426106735413656, 426106735413656, 426106735413656, 426106735413656, 426106735413656, 426106735413656, 426106735413656, 426106735413656, 426106735413656, 426106735413656, 426106735413656, 426106735413656, 426106735413656, 426106735413656, 426106735413656, 426106735414680]
[443696773974296, 443696706865432, 443696706865432, 443696706865432, 443688116930840]
[443696773974424, 443696773974424, 443696773974424, 443696773974424, 443696773974424, 443696773974424, 443696706865560, 443696706865560, 443701001832856, 443701001832856, 443701001832856, 443701001832856, 443701001832856, 443701001832856, 443701001832856, 443701001832856, 443701001832856, 443701001832856, 443701001832856, 443701001832856, 443701001832856, 443701003930008]
[443696773974424, 443696773974424, 443696773974424, 443696773974424, 443696773974424, 443696773974424, 443696773974424, 443696773974424, 443696773974424, 443696773974424, 443696790751640, 443696790751640, 443696790751640, 448094837262744, 448094837262744, 448094837262744, 448094837262744, 448094837262744, 448094837262744, 430502651218328]
[443696773974424, 443696773974424, 443834212927896, 443834212927896, 443834215025048, 443834215025048, 443834215025048, 443834215024792]
[443696773974424, 443696773974424, 443696773974416, 443696773974416, 443696773974416, 443696773974416, 443696773974416, 443696773974416, 441497750718864, 441497750718864, 441497784273296]
[443696706865560, 478881078954392, 478881078954392, 478881078954392, 478881078954392, 478882152696216]
[443696773974424, 443696773974424, 443696773974424, 443696773974424, 443696773974424, 443701068941720, 443701068941720, 443701068941720, 443701068941721, 443701068941721, 443701068941721, 443701068941721, 443701068941721, 443701068941721, 443701068941721, 443701068941721, 443701068941721, 443701068941721, 443701068941721, 443701068941721, 443701068941721, 443701068941721, 443701068941721, 452497161963929]
[443696773974424, 443696773974424, 443696773974424, 443696773974424, 443696773974424, 443696776071576, 443696776071576, 443701071038872, 478885443127704]
[443696773974424, 443696773974424, 443696773974424, 443696773975448, 443696773975448, 443696773451160, 443696773451160, 452492866473368]
[443696773974424, 443696773974424, 443696773974424, 443696773974424, 443147018160536, 443147018160536, 443147018160536, 443147018160536, 443147018160536, 443147018160536, 443147018160536, 443147018160536, 443147018160536, 443149165644184, 443149165644184, 443149165644184, 443149165644184, 443149165644184, 442049654016408]
[443696773974424, 443696773974424, 443696773974424, 443696773974424, 443696773982616, 443696773982616, 443696773982616, 443696773982616, 443696773982616, 443696773982616, 443696773982616, 162221797271960, 162221797271960, 162221797271960, 162221797271960, 162221528836504]
[443696773974424, 443696773974424, 443696773974424, 443696773974424, 443696773974424, 443696773974424, 443696773974424, 443696773974424, 443701068941720, 443769788418456, 443769788418456, 443769790515608]
[443696773974424, 443696773974424, 443696773974424, 443147018160536, 443147018160536, 443147018160536, 443147018160536, 443147018160536, 443147018160536, 443147018160536, 443147018160536, 443147018160536, 443147018160537, 443147018160537, 443147018160537, 443147018160541]
[443696773974424, 443696807528856, 443696807528856, 443696809626008, 443696809626008, 443696809626008, 443696809626008, 443696809626008, 443701104593304]
[443696773974424, 443696773974424, 443696773974424, 443765493451160, 443765493451160, 443765493451160, 443765493451160, 441566470195608, 441566470195608, 441566470195608, 441566470195608, 441566470195608, 441566470195608, 440466958567832]
[443696773974424, 448094820485528, 448094820485528, 448094820485528, 448094820485528, 448094820485528, 448094820485528, 448094820485529, 448094820485529, 448094820485529, 448094820485529, 448094820485529, 448094820485529, 448094820486041]
[443701068941720, 443701068925336, 443701068925336, 443701068925336, 443701068925336, 443702142667160]
[443696773974424, 443971651881368, 443971651881368, 443971651881368, 443971651881368, 443971685435800, 443971685435800, 443971685435800, 443971685435800, 443971685435800, 443971685435800, 443971685435800, 443971685435800, 443971685435800, 443971685435800, 443971685435800, 443971685435800, 443971685435800, 443971685435800, 443971685435800, 443971685435800, 443972759177624]
[443696773974424, 443696773974424, 443696773974424, 443696773974424, 443696773974424, 443696773974424, 443696773974424, 443765493451160, 443765493451160, 443765493451160, 443765493451160, 443765493451160, 443765493451160, 443765493451160, 443765493451160, 443765527005592, 443765527005592, 443765527005592, 443765527005592, 443765526940056]
[443696773974424, 443696773974424, 443696773974425, 443696773974425, 443696773974425, 443696773974937, 443696778169241]
[443696773974424, 443696773974424, 443696773974424, 443696773974424, 443713953843608, 443713953843608, 443713953843608, 443713953843608, 443713953843608, 443713953843608, 443713953843608, 443713953843608, 443713953319320, 443713953319320, 443713953319320, 443713953319320, 443713955416472]
[443696773974424, 443696773941656, 443696773941656, 443696773941656, 443696773941656, 443696773941656, 443834212895128, 443834212895128, 443834212896152]
[443696773974424, 443696773974424, 443696773974424, 443696773974424, 443696773974424, 478881146063256, 478881146063256, 478881146071448, 478883293555096]
[443696773974424, 443696773974424, 442597262346648, 442597262346648, 442597262346648, 442597262346648, 442597262346648, 442601557313944, 442601490205080]
[443696773974424, 443696773974424, 443696773974424, 443696773450136, 443696773450136, 443696773450136, 443696773450136, 443696773450136, 443696777644440, 443696777644440, 443697851386264]
[443696773974424, 443696773974424, 443696807528856, 443696807528856, 443696807528857, 443696807528857, 443696807528857, 443696807528857, 443696740419993]
[443696773974424, 443696778168728, 443696778168728, 443696778169752, 443696778169752, 443696778169752, 443696778169752, 443696778169752, 452492871191960]
[443696773974424, 443696773974168, 443696776071320, 443696776071320, 443696776071320, 443696776071320, 443696776071320, 443696776079512]
[443696773974424, 443147018160536, 513515762338200, 513532942207384]
[443147018160536, 443147018160536, 443147018160536, 443147018160536, 443147018160536, 443147018160536, 447545064671640, 446445553043864]
[443696773974424, 443696773974424, 443696773974424, 443696773974424, 452492866996632, 452492866996633, 452492866996633, 452492866996633, 452492866980249]
[443696773974424, 443696773974424, 443696773974424, 443696773974936, 443696773909400, 443696773909400, 443696773909400, 442597262281624]
[443696773974424, 443147018160536, 443147018160536, 443147018144152, 443147022338456]
[443696773974424, 443696773974424, 443696773974424, 443696773974424, 443696807528856, 443147051714968, 443147051714968, 302409563359640]
[443696773974424, 443696773974424, 442597262346648, 442597262346648, 442872140253592, 442872140253592, 442872140253592, 442872140253592, 442872140253592, 442872140253592, 442872140253592, 442872140253592, 442872140253592, 442872139729304]
[443696773974424, 443696773974424, 443696773974424, 441497750718872, 441497750718872, 440398239091096, 440398239091096, 440398239091096, 440398239091096, 439848483277208]
[443701068941720, 443701068941720, 443701068417432, 448099114928536]
[443696773974424, 443696773974424, 443696773974424, 443696773974424, 443696773908888, 443696773908888, 443696773908888, 443696773908888, 443696773908888, 443696773908888, 443696773908888, 443696773908888, 443696773908888, 443696706800024, 443696706800024, 443696706800024, 443696706800024, 443696706800024, 443696706800024, 443696706808216]
[443696773974424, 443696773974424, 443696773974424, 514065518152088, 514065518152088, 514065551706520, 514065551704472]
[443696773974424, 443696773974424, 443696773974488, 443696773974488, 443696773974488, 443696773974488, 443696773974488, 443696773974488, 443696773974488, 443696773974488, 443696773974488, 441497750718936, 441502045686232]
[443696773974424, 443696773974424, 443696773974424, 443696773974424, 443696773974936, 443696773974936, 443696773974936, 443696773974936, 443696773974936, 443696773974936, 443696773974936, 443696773974936, 443696773974936, 443696773974936, 443696773979032, 443696773454744]
[443696773974424, 443696773974424, 443696773974424, 443696773974424, 443696773974424, 302959285619096, 302959285619096, 302959285619096, 302959285619096, 302959319173528, 302959319173528, 302959319173528, 443696807528856, 443696807528856, 443696807528856, 443696807528856, 443698955012504, 443703249979800]
[443696773975448, 443698921459096, 443698921459096, 443698921459096, 443698921459096, 443698921459096, 443698921459096, 443698921467288]
[443696773974424, 443696773974424, 443696773974424, 443696773974424, 443696773974424, 443696773974424, 443696773974424, 443696807528856, 443696807528856, 443696807496088, 443696807496088, 443696807496088, 443696807496088, 443696807496088, 443696807496088, 443696807496088, 443696807496088, 443696740387224]
[443696773974424, 443696773982616, 443696773982616, 443696773982616, 443696773982616, 443696773982616, 443701068949912, 443701068949912, 443701068949912, 443702142691736]
[443696773974424, 448094820485528, 448094820485528, 448094820485528, 448094820485528, 448094820485528, 448094820485528, 448094820485528, 448094820485528, 448094820485528, 448094820485528, 448094820485528, 448094820485528, 448099115452824, 448099115452824, 448099115452824, 448099115452824, 448099115452824, 448099115452824, 448099115452824, 448099115452824, 448099115452824, 518467859630488]
[442597262346648, 442597262346648, 442597262346648, 442597262346648, 442597262346648, 442597262346640, 442597262346640, 442597262346640, 442597262346640, 442597262346640, 442597262281104]
[443696773974424, 443696773974424, 443696773974424, 443696773974424, 443696773974425, 443696773974425, 443765493451161, 443765493451161, 443765493450905]
[443696773974424, 443696773974424, 443696773974424, 443696773974424, 443147018160536, 443147018160536, 443147018160536, 443147018160536, 443147018160536, 443164198029720, 443163661158808]
[443696773974424, 443834212927896, 443284457114008, 443284457114008, 443284457114008, 443284457114008, 443284457114008, 443284457114008, 443284457114008, 443284457114008, 443284457114008, 443284457114008, 443284457114008, 443284457114008, 443284457114008, 443284457114008, 443284457114008, 443284457114008, 443284457114008, 443284457114008, 443284457114008, 443284457114008, 443284457114008, 443284457114008, 443284457114008, 443284457114008, 443284461308312]
[443696773974424, 443696773974424, 443696505538968, 448094552050072, 448094552050072, 448094552050064]
[443696773974424, 443696773974424, 443696773974424, 443696773974424, 443696773974424, 443696773974424, 443696773974424, 443696773982616, 443696773982616, 443696773982616, 443696773982620, 441497750727068]
[443696773982616, 443696773982616, 443696773982616, 443696773982616, 443696773982616, 443696773982616, 443696773982616, 443696773982616, 443696773982616, 443696773982616, 443696807537048, 443696807537048, 443696807537048, 443696807537048, 443696807537048, 443696807537048, 443696807537048, 443696807537048, 443696807537048, 478881179625880]
[443697847716248, 443697847716248, 443697847716120, 443697847716120, 443697847716120, 443697847716120, 443697847716120, 443696773974296, 443696706865432, 443696706865432, 443696706865432, 443696706849048]
[443696773974424, 443696773974424, 443696773974424, 443696773974424, 443696773974424, 443696776071576, 443696776071576, 443696776071576, 443696776071576, 443696776071576, 443696776071576, 443696776071576, 443696776071576, 443696776071576, 443696776071576, 443696776071576, 443696776071576, 443696776071576, 443696776071576, 443696776071576, 443696776071576, 443696776071576, 443696776071576, 443696776071576, 443696776071576, 443696776071578, 443696776071578, 443696776072602]
[443696773974424, 443696773974424, 443701068941720, 443701068941720, 426108882897304, 443701068941720, 443701068941720, 443701068941720, 443701068942744, 443701068942744, 443701068942744, 443701068942744, 443701068942744, 443701068942744, 443701068942744, 443701068942744, 443701068942744, 443701068942744, 443701068942744, 443701068942744, 441502045687192]
[443696773974424, 443696773974424, 443696773974424, 443696773974424, 443696773974424, 443696773974168, 443696773974168, 443696773974168, 443834212927640, 443834212403352]
[443696706865560, 443696706865560, 443696706865560, 443696706865560, 443696706865560, 443696706865560, 443696706865560, 443696706865560, 443696706865560, 443696706865560, 443696706865560, 443696706865560, 443696706865560, 443696706865560, 443696706865560, 443696706865560, 443696706865560, 443696706865560, 443696706865560, 443696706865560, 442597195237784, 442597195237784, 442597195237785]
[443696773974424, 443696773974424, 443696773974424, 443696773974424, 443696773974424, 443696773974424, 443696773974168, 443696773974168, 443696773974168, 452492866996376, 452492866996376, 452492866996632, 452492866996632, 452492866996632, 452492866996632, 452492866996632, 452492866996632, 452492866996632, 452492866997656, 452492866997656, 452492866997656, 452493940739480]
[443696773974424, 443696773974424, 443696807528856, 443696807528856, 443696807528856, 443696807528600, 443696807528600, 443696807528600, 443696740419736]
[443696807528856, 443696807528856, 443696807528856, 443696807528856, 443696807528856, 443696807528856, 443696807528856, 443696807528856, 443696807004568, 443696807004568, 441497783749016]
[443696773974424, 443696773978520, 443696773978520, 443696706869656, 443696706869656, 443696706869656, 443696706869656, 443701001836952]
[443696773974424, 443696773974424, 443696773974424, 443696773974424, 443696773974424, 443696773975448, 443696773975448, 443696773975448, 443696773975448, 443696773975448, 443696773975448, 443696773975448, 443696706866584, 443696706866585]
[443696773974424, 443696773974424, 443696773974424, 443696773974424, 443696773974425, 443696773974425, 443696773974425, 443696773974425, 443696773974429, 443696773974429, 443696773982621]
[443696773974424, 443696773941656, 443696773941656, 443696773941656, 443696773941656, 443696773417368, 443696773417368, 443696777611672]
[443696773974424, 443696773974424, 443696773974424, 443696773974424, 443696773974424, 443701068941720, 443701068941721, 443701068941721, 443701102496153]
[443696773974425, 443696773974425, 443696773974425, 443696773974425, 443696773974425, 443696773974425, 443696773974425, 443696773974425, 443696773974425, 443696773908889, 443696773908889, 443696773908889, 443696773908889, 443696773908889, 443696773908889, 443696773908889, 443696773908889, 443696773908889, 443765493385625]
[443696773974424, 443696773975448, 443696773975448, 443696773975448, 443696773975448, 443696773975448, 443696773975448, 443696773975448, 443696773975448, 443696773975448, 442597262347672, 442597262347672, 442597262347672, 442597262347672, 442597262347672, 442597262347672, 442597262347672, 442597262347672, 442597262347672, 442597262347672, 442597262347672, 442597262347672, 442597262347672, 443696773975448, 443696773975448, 443696773975448, 443696773975448, 443696790752664, 443696790719896]
[443696773974424, 443696773974424, 443696773974424, 448094820485528, 448094820485528, 448094820485528, 448094820485529, 448094820485529, 448094820485529, 448094824679833]
[443696773974424, 443696773974424, 443696773974424, 443696773974424, 443696773974424, 443696773974424, 443696807528856, 443696807528856, 443696807528856, 443696807528856, 443696807528856, 443696807528856, 443765527005592, 443765531199896]
[443696773974424, 443696773974424, 443696773974424, 478881146063256, 478881146063256, 478881146063256, 478881146063256, 443696773974424, 443696773974424, 443696773974424, 443696773974424, 443696773974424, 443713953843608, 443713953843608, 443713953843608, 443713953843608, 443713953843609, 443713953843609, 443696773974425, 443696773974425, 443696773974425, 443696706865561, 443696706865561, 443696706865561, 442597195237785]
[443696773974424, 443696773974424, 443696773974424, 443696773974424, 443696773974424, 443696773974424, 443696773974424, 443696773974424, 443696773974424, 443696773974424, 443696773974424, 514065518152088, 496473332107672, 496473332107672, 496473332107673]
[443696773974168, 443696773974168, 443696773974168, 514065518151832, 514065518151832, 514065518152856]
[443696773908888, 443696773908888, 443696773908888, 443696773908888, 443696773908888, 443696773908888, 443696773908888, 443147018095000, 443147018095000, 443147018095000, 443147018095000, 443147018095000, 443147018095000, 443147018095512]
[443696773974424, 443696773974424, 443696773974424, 443696773974424, 443696773974424, 443697847716248, 443697847716248, 443697847716248, 443697847716248, 443697847716248, 443697847716248, 443697847716248, 443697847716248, 443697847716248, 443697847716248, 442598336088472, 442598336088472, 442598336088472, 442598336088472, 442598336088472, 442598336088472, 442598336088472, 442598336088472, 442598336088472, 442598336088472, 442598336088472, 442598336088472, 442598336088472, 442598336088472, 442598336088472, 442598336088472, 442598336088472, 442598336088472, 442598336088472, 442598336088472, 442598336088472, 440399312832920]
[443696773974424, 443696773975448, 443696773975448, 443696773975448, 443696773975448, 443696773975448, 443688184040856, 443688184040856, 443688184040856, 443688184040856, 443688184040856, 443688184040856, 443688184040856, 443688184040856, 443688184040856, 443688184040856, 443688116931992]
[443696773974424, 443696773974424, 443696773974424, 443696773974424, 443696773450136, 443696773450136, 443696773450136, 443688183515544, 443688183515544, 443688183515544, 443688183515544, 443688183515544, 443688183515544, 443688183515544, 443688183515544, 443688183515544, 443688183515544, 443688183515544, 443688183515544, 443688183515544, 443688183515544, 443688183515544, 443688183515544, 443688183515544, 443688183515544, 443688183515544, 443688183515544, 443688183515544, 443688183515544, 443688183515544, 443688116406680]
[443696773974424, 443696773974424, 443696773974424, 443696765585816, 443696765585816, 443697839327640, 443835278281112]
[443696773974425, 443696773974425, 443696773974425, 443696773974425, 443696773974425, 443696773974425, 442597262346649, 442597262346649, 442597262346649, 442597262346649, 442597262346649, 442597262346649, 442597262354841]
[443696773974424, 443696505538968, 443696505538968, 443696505538968, 443696505538968, 443696505538968, 443696505538968, 443698653022616, 443698653022616, 443698653022616, 443698653023640]
[443696773974424, 443696773974424, 443696773974424, 443696773974424, 443696773974424, 443696773974424, 443696773974424, 443696773974424, 443696807528856, 443696807528856, 443696807528856, 443696807528856, 443696807528856, 443696807528856, 443696807528856, 443147051714968, 443147051714968, 447545098226072]
[443696773982616, 443696773982616, 443696773982616, 443696773982616, 443696773982616, 443696773982616, 443696773982616, 443696773982616, 443696773982616, 443696773982616, 443696773982616, 443696773982616, 443696773982616, 443696773982616, 443696773982616, 443696773982616, 443696773982616, 448094820493720, 448094820493720, 448094820493720, 448094820493720, 448094820493720, 448094820493720, 448094820493720, 448094820493720, 448094820493720, 448094820493720, 448094820493720, 447545064679832]
[443696773974424, 443696773974424, 443696773974424, 443696773974425, 443696773974425, 443698921458073, 443698921458073, 443698921458073, 443698921458073, 443698921458073, 443698921458073, 443698921458073, 443698955012505]
[443696773974424, 443696773974424, 443697847716248, 443697847716248, 443697847716248, 443697847716248, 443697847716248, 443697881270680, 443697881270680, 443697881270680, 443697881270680, 443697881270680, 443697881270680, 443697881270680, 443697881270680, 443697881270680, 443697881270680, 448095927781784]
[442597262346648, 442597262346648, 442597262346648, 442597262346648, 442597262346648, 442597262346648, 442597262346648, 442597262346648, 442597262346648, 442597262346648, 442597262346648, 442597262346648, 442597262346648, 442597262346648, 442597262346648, 442597262346648, 442597262346648, 442597262346648, 442597264443800, 477781636532632]
[443696773974424, 443696807528856, 443696807528856, 443696807528856, 443696807528856, 443696807528857, 443696807528857, 443696807529881]
[443696773974424, 443696773974424, 443696773974424, 441497750718872, 476682122807704, 476682122807704, 476682122807704, 476682122807704, 476682122807704, 476682122807704, 476682122807704, 476682122807704, 195207146097048]
[443696773974424, 443696773974424, 443696773974424, 443696773974424, 443696773974424, 443696773974424, 443696773974424, 443696773974424, 443696773974424, 443696773974424, 443696773974424, 162221797263768, 162221797271960, 162221797271960, 162221797271960, 162221797271960, 162221797271960, 162221797271960, 162221797239192]
[443696773974424, 443696773974424, 443696773974424, 443696773974424, 443696773974424, 443696773978520, 448094820489624, 456890913511832]
[443696773974424, 478881146063256, 478882219805080, 478882219805080, 478882219805080, 478882219805080, 478882219805080, 478882219805080, 477782708177304]
[443696773974424, 443696773974424, 443696807528856, 443696807528856, 443696807004568, 443696807004568, 443696809101720]
[443701068941720, 443701068941720, 443701068941720, 443701068941720, 443701102496152, 443701119273368]
[443696773974424, 443696773975448, 443696773974424, 478881146063256, 478881146063256, 478881145538968, 478881146063256, 478881179617688, 478881179617688, 478880642746776]
[443696773974424, 443696773974424, 443696773974424, 443696773974424, 443696773974424, 443696773974424, 443696773974424, 443696773974424, 443696773974424, 443696773974424, 443696773974424, 443696773974936, 443147018161048, 443147018161048, 443147018161048, 443147018161048, 443147018161048, 442047506533272]
[443696773974424, 443696773974424, 443696773974424, 443696773974424, 443696773982616, 443696773982616, 443696773982616, 443696773982616, 443696773982616, 443696773982616, 442597262354840, 442597262354840, 442597262354840, 442597262354840, 442597262354840, 442597262354840, 442597262354840, 442597262354840, 442599409838488]
[443696807528856, 443696807528856, 443696807528856, 443696807528856, 443696807496088, 443696807496088, 443696807496088, 443696807496088, 443696807496088, 443696807496088, 443696807496088, 443696807496088, 443696807496088, 443696807496088, 443696807496088, 443696807496088, 443696807496088, 443698954979736]
[443696773974424, 443696773974424, 443696773974424, 443696773975448, 443696773975448, 443696773975448, 443696773975448, 443696773975448, 443696773975448, 443696807529880, 443696807529880, 443696807529880, 443696807529880, 443696807005592]
[443696773974424, 443696773982616, 443696773982616, 443696773982616, 443696773982616, 443696773982616, 443713953851800, 443713886742936]
[443696773974424, 443696773974424, 443688184039832, 443688184039832, 443688184039832, 443688184039832, 443688184039832, 443688184039832, 443688184039832, 443688184039832, 443688184039832, 302950695684504, 302950695684504, 443688184039832, 443688184039832, 443688184039832, 443688184039832, 443688184039832, 442588672412056, 442588672412056, 446986718923160]
[443696773974424, 443696773974424, 443696773974424, 443696773974424, 443765493451160, 443765493451160, 443765493451160, 443765493451160, 443769788418456, 443769788418456, 443769788418456, 443771935902104]
[443696773974424, 443696773974424, 443696773974424, 443696773974424, 443696773974424, 443696773974424, 443696773974424, 443696773974416, 443696773974416, 443701068941712, 443701001832848]
[443696773974424, 443696773974424, 443696773974424, 452492866996632, 452492866996632, 452492866996632, 452492866996632, 452492866996632, 452492866996632, 452492866996633, 452492866996633, 452492866996633, 452492866996633, 452492866996633, 452492866996633, 452492866996633, 452492866996633, 452492866996633, 452492866996633, 452492866996633, 452492866996633, 452492866996633, 452492866996633, 452492866996633, 452492866996633, 452492866996633, 452492866996633, 452492866996633, 452492866996633, 452492866996633, 452492866997657]
[443696773974424, 443696773974424, 442597262346648, 442597262346648, 442597262346648, 442597262346648, 301859773991320, 301859773991320, 301859773991320, 301859773991320, 301859773991320, 301859773991320, 301859773991320, 301859773991320, 337044146080152]
[443696773974424, 443701068941720, 443701068941720, 443701068941720, 443701068945816, 443701068945816, 443701068945816, 443701068946328]
[443696773974424, 448094820485528, 448094820485528, 448094820485528, 448094820485528, 448094820485528, 448094820485528, 448094820486040, 448094820486040, 447545064672152]
[443696773974936, 443696773974936, 442597262347160, 442597262347160, 442597261822872]
[443696773974424, 443696773974424, 443696778168728, 443696778168728, 443696778168728, 443696780265880, 443696780265880, 443688190331288]
[443696773974424, 443696773974424, 443696773974424, 443696773982616, 443696773982616, 443696773982616, 443696773982616, 443696773982616, 443696773982617, 443696773982617, 443696807537049]
[443701068941720, 443701068941720, 443701068941720, 443701068941720, 443702142683544, 443702142683544, 443702176237976]
[443696773974424, 443696773974424, 443696773974425, 443696773974425, 443696773974425, 443696773974425, 443696773974425, 443696773941657, 162221797231001]
[443696773974424, 443696773974424, 443765493451160, 443765493451160, 443765493451160, 443765493451160, 443765493451161, 443765493451161, 443765493451161, 443765493451161, 443765426342297]
[443696773974424, 443696773974424, 443696773974424, 443696773974424, 443696706865560, 478881078954392, 478881078954392, 478881078954392, 478881078954392, 478885373921688]
[441497750718872, 441497750718872, 441497750718872, 441497750718872, 441497750718872, 441497750718872, 441497750718872, 441502045686168, 441502045686168, 441502045686168, 441502045686168, 441502045686168, 441502045686168, 441502045686169]
[443696778168728, 443696778168728, 443696778169752, 443696778169752, 443696778169752, 443696778169752, 443696778169752, 443696777645464]
[443696773974424, 443696773978520, 443696773978520, 443696773978520, 443696773978520, 443696706869656, 443696706869656, 442597195241880]
[443696773974424, 443701068941720, 443701068941720, 443701068941720, 443701068941720, 443701068941720, 443701068941720, 443701068925336, 443701068925336, 443701068925336, 443701068925336, 443701068925336, 443701068925336, 443718248794520]
[443696773974424, 514065518152088, 514065518152088, 514065518152088, 514065518152088, 514067665635736, 514067665635736, 514067665635736, 514067665635736, 514067665635736, 514067665635736, 514067665635736, 514067665635736, 514067665635736, 514067665635736, 514067665635736, 518465712146840]
[443696773974424, 443696773974424, 443696773974424, 443696773974424, 442597262346648, 442597262346648, 442597262346648, 442597262346648, 442597262346648, 442597262346648, 442597262346648, 442597262346648, 442597262346648, 442597262346648, 442597262346648, 442597262346648, 442597262346648, 442597262346648, 442597262346648, 442597262346648, 442597262346648, 442597262346648, 442597262347160, 442597262347160, 442597262347160, 442597262347160, 442597262347160, 442597262347160, 442597262347160, 442597262347160, 442597262347160, 442597262347160, 442597262347160, 442597295901592]
[443696773974424, 443696773974424, 443698921458072, 443698921458072, 443698921458072, 302961433102744, 301861921474968]
[443696773974424, 443696773974424, 443696773974424, 443696773974424, 443834212927896, 443834212927896, 443834212927896, 443834212895128, 443834212895128, 443834212895128, 443834145786264]
[443696773974424, 443696773974424, 443696773974424, 443713953843608, 443713953843608, 443713953843608, 443716101327256, 443716101327256, 443990979234200]
[443696773974424, 443696773974424, 443696773974424, 443696773974424, 443696773974425, 443696773974425, 443696773974425, 443834212927897, 443834212931993]
[443696773974424, 443696773974424, 443696773974424, 443696773974424, 443696773974424, 443696773974424, 443696773974424, 443696773974424, 443696773974424, 302959285619096, 302959285619096, 302950695684504, 302950695684504, 302950695684504, 302950628575640]
[443696773974424, 443696773974424, 443696773974424, 443696776071576, 443696776071576, 443696776071576, 443696776071576, 443696776071576, 443696776071576, 443696776071576, 443696776071576, 443834215025048, 443834215026072]
[443696773974424, 443696773974424, 443696773974424, 443696773974424, 443696773982616, 442597262354840, 442597262354840, 442597262354840, 442597262354840, 442597262354840, 442597262354840, 442597262354840, 442597262354840, 442597262354840, 442597262354840, 442597262354840, 442597262354840, 442597262354840, 442597262354840, 442597262354840, 442597262354840, 442597262354840, 442597262354840, 442597262354840, 442597262354840, 442597262354840, 512966006532504]
[443696773974424, 443696773974424, 443696773974424, 443696773974424, 443696765585816, 162221788875160, 162221788875160, 162221788875160, 162221788875160, 161122277247384]
[443696773974424, 443696773974424, 443696773974424, 443696706865560, 443696706865560, 443696706865560, 443696706865560, 443696706865560, 443697780607384, 443697780607384, 443697780607384, 443697780607384, 443697780607384, 443697780607384, 443697780607384, 443697780607384, 443697780607384, 443697780607384, 443697780607384, 443697780607384, 443697780607384, 443697780607384, 443697780607384, 443697780607384, 443697780607384, 443697780607384, 442598268979608]
[443696773974424, 443834212927896, 443834212927896, 443834212927896, 443834212927896, 443834215025048, 443834215025049]
[443147018160536, 451943111182744, 451943144737176]
[443696773974424, 443696773974424, 443696773974424, 443696773974424, 443696773974424, 443696773974296, 443696773974297, 452492866996505]
[443696773974424, 443696773974424, 443696773974424, 443696773974424, 443696773974424, 443697847716248, 443697847716248, 442598336088472, 442598336088472, 442598336088472, 442598336088472, 442598336088472, 442598336088472, 442598336088472, 442048580274584]
[443696773974424, 443696773974425, 443696773974425, 443696773974425, 443696773974425, 443696773974425, 443696773974425, 443696773974425, 443696773974425, 441497750718873, 441497750718873, 441497750718873, 441497750718873, 441497750718873, 441497750718873, 441497750718617]
[443696773974424, 443696773974424, 443696706865560, 443696706865560, 443696706865560, 443696706341272, 443696706341272, 443696706341272, 443696706341272, 443696706341272, 443696706341272, 443696706341272, 443698853824920]
[443696773974424, 443696773974424, 443696773974424, 443701068941720, 478885441030552, 478885441030552, 478885441030552, 478885441030552, 478885441030552, 478885441030552, 478885440965016]
[443696706865560, 443696706865560, 443696706865560, 443698854349208, 443698854349208, 443698854349208, 443698854349208, 443698854349208, 443698854349208, 443698854349208, 443698854349208, 443698854349208, 443698854349208, 443698854349208, 443703149316504]
[443696773974424, 443697847716248, 443697847716248, 443697847716248, 443697847716248, 443697847699864, 443697847699864, 443697847699864, 443697847699864, 443697847699864, 443697847699864, 443697847699864, 443697847699864, 443697847699864, 443697847699864, 443697847699864, 443697847699864, 443697847699864, 443697847699864, 443697847699864, 443697847699864, 443697881254296]
[443696773974424, 443696776071576, 443696776071576, 443696776071576, 443696776071576, 443696776071576, 452492869093784, 452492869093784, 452492869093784, 452492869093784, 443696776071576, 443696776079768, 443696776079768, 443696776079768, 443696776079768, 443697849821592]
[443696773974424, 443696773974424, 443696773974424, 443696773974424, 443696773941656, 443696773941656, 443696773941656, 443696773941656, 443696773941656, 443696773925272, 443696773925272, 443696773925272, 443696773925272, 443696773925272, 443696773925272, 443696773925272, 443696776022424]
[443696773450136, 443696773450136, 443697847191960, 443697847191960, 443697847191960, 443702142159256]
[443696773974424, 443696773941656, 443696773941656, 443696773941656, 443696773941656, 443147018127768, 443215737604504]
[443696773974424, 443696807528856, 443696807528856, 443696807528856, 443696807528856, 443696807528856, 443696807528857, 443696807528857, 443696807528857, 443696807528857, 443696807528857, 443696807528857, 443696807528889]
[478881146063256, 478881146063256, 478881146063256, 478881146063256, 478881146063256, 478881146063256, 478882219805080, 478882219805080, 478882219805080, 478882219805080, 478882219805080, 478882219805080, 478882219805080, 478882219805080, 478882219805080, 478882219805080, 478882219805080, 478882219805080, 478882219805080, 478882219805080, 478882219805080, 478882219805080, 478882219805080, 478882219805080, 478882219805080, 478882219805080, 478882219805080, 478882219805080, 478882219805080, 478882219805080, 478882219805080, 478882219805080, 478882219805080, 478882219805080, 478882219805080, 478882219805080, 478882219805080, 478882219805080, 478882219805080, 478882219280792]
[441497750718872, 441497884936600, 441497884936600, 441497884936600, 441497884936600, 441497884936344]
[443765493451160, 443765493451160, 443765493434776, 443765493434776, 443765493434776, 443765493434776, 443765493434776, 443765493434776, 478949865523608]
[443696807528856, 443696807528856, 443696807528856, 443696807528856, 443696807528856, 443696807528856, 443688217594264, 443688217595288]
[443696773974424, 443696778168728, 443696778168728, 443696778168728, 443696778168728, 443696778168728, 443696778168728, 443696778168728, 478881150257560, 478881150257560, 478881150257560, 478881150257560, 478881150257560, 478881150257560, 478881150257560, 478881152354712]
[443696773974424, 443696773974424, 443696773974424, 443696773974424, 443696773974424, 443696773974424, 443696773974424, 443696773974424, 443696773974424, 443696773974424, 443696773974424, 443696773974424, 443696776071576, 443696776071576, 443696776071576, 443696776071576, 443696776071576, 443696776071576, 443696776071576, 443696776071576, 443696776071576, 443696776071576, 443696776071576, 443696776071576, 443696776071576, 443696776071576, 443696776055192, 443696776055192, 443696776055192, 443696776055192, 443696776055192, 443696776055192, 443696776055192, 452492869077400]
[443696773974424, 443696773974424, 443696773974424, 443696773974424, 443696773974424, 443696773974424, 443696790751640, 443696790751640, 443696790751640, 443696790735256, 443696790735256, 443696790735256, 443696790735256, 443696790735000]
[443696773908888, 443147018095000, 443147018095000, 443147018095000, 443147018103192]
[443696773974424, 443696773974424, 443696773974424, 442597262346648, 442597262346648, 512966006524312, 512966006524312, 512966006524312, 512966006524312, 512966006524312, 512966006524312, 512966006524312, 512966006524312, 512966006524312, 512966006524312, 512957416589720]
[443147018160536, 443148091902360, 443148091902360, 443148091902364]
[443696773974424, 443696773974424, 443696773974424, 443696773974424, 443696773974424, 443696773974424, 443696773974424, 443696773974424, 443696773974424, 443696773974424, 443696773908888, 443696773908888, 443696774039960, 443696774039960, 443696774039960, 443696774039960, 443696774039960, 443696774039960, 443696774039960, 443696774039960, 452492867062168]
[443696773974424, 443696773974424, 443696706865560, 443696706865560, 443696706865560, 443696706865560, 443696706865560, 443696706865560, 443696706865560, 443696706865560, 443696706865561, 443696706865561, 443696706865561, 443696706865561, 443696706865561, 443713886734745]
[443696773974424, 443696773974424, 443696773974424, 443696773974424, 443696773974424, 443696773974424, 478881146063256, 478881146063256, 478881146063256, 478881146063256, 478881146063000, 478881146063000, 478881146063000, 478881146063000, 478881146063000, 478881146063000, 478881146063000, 478881146063000, 478881146063000, 478881146063000, 478881146063000, 478881146063000, 478881146063000, 478881146063000, 478881146063000, 478881146063000, 478881146063000, 478881146063000, 478881146063000, 197406169352344]
[443696773974424, 443696773974424, 443696773974424, 443696773974424, 443696773974424, 443696773974424, 443696773974424, 443696773974424, 443147018160536, 443147018168728, 443147018168728, 443147018168728, 443147018168728, 443147018168728, 443147018168728, 443147018168728, 443147018168728, 443147034945944]
[443696773974424, 443696807528856, 443696807528856, 443696807528856, 441497784273304, 441497784273304, 441497784273304, 441497784273304, 441497784273304, 441497784273304, 440398272645528]
[443696773974424, 443696773974424, 443696773974424, 443696773974424, 443697847716248, 443697847716248, 443697847716248, 443697849813400, 443697849813400, 443697849813400, 443697849813400, 441498826557848]
[443696773974424, 443696773974424, 443696773974424, 443696773974424, 443696773974424, 443696773974424, 443696773974424, 443696773974424, 443696773974936, 443696773974936, 443697847716760, 443697847716760, 443697847716760, 443697847716760, 478882219805592]
[443696773974424, 443696773974424, 443696773974424, 443696773974424, 443696773974424, 443696773974424, 443696773974425, 443696773974425, 443696773974169, 443696706865305]
[443696773974424, 443696773974424, 443696773974424, 443696773974424, 443696773974424, 443696773974424, 443696807528856, 443696807528856, 443696807528856, 443696807528856, 443696807528856, 443697881270680, 443697881270680, 443697881270680, 443697881270680, 443697881270680, 443697881270680, 443697881270680, 426105695226264]
[443696773974424, 443696908192152, 443696908192152, 443696908192152, 443696908192152, 443696908192152, 443696908192152, 443696908192152, 443696908192152, 443696908192152, 443696908192152, 443696908192152, 443696908192152, 443696908192152, 443701203159448, 443701203159448, 443701203159448, 443701203159448, 443701203159448, 162226226448792]
[443696773974424, 443696773941656, 443696773941656, 443696773941656, 443696773941656, 443696773941656, 443696773941656, 443696773941656, 443696773941656, 443696773941656, 443696773941656, 443696773941656, 443696773941656, 443696773941656, 443696773941656, 443696773941656, 443696773941656, 443696773941656, 443696773941656, 443696773941656, 443701068908952, 443703216392600]
[443696773974424, 514065518152088, 514065518152088, 514065518086552, 514065518086552, 514082697955736]
[443696773974424, 443696773974424, 443696773974168, 443696773974168, 443696773974168, 443696773974168, 443696773974168, 443697847715992, 443697847717016]
[443696773974424, 443696773974424, 443696773974424, 443696773974424, 514065518152088, 514065518152088, 514065518152088, 549249890240920, 549249890240920, 549249890240920, 549249890240920, 549249923795352]
[443696773974424, 443696773974424, 443696773974424, 443696773974424, 443696773974424, 443696773974424, 443696773974424, 443696773982616, 443696773982616, 443696773982616, 162221797271960, 162221797271960, 162221797271960, 162496675178904]
[443696773974424, 443696773974424, 443696773974424, 443696773974424, 443696773974424, 443696773974424, 443696773974424, 443696773974424, 443696773974424, 443696773974424, 443696773974424, 443696773974424, 443696773974424, 443696773982616, 443696773982616, 443696773982616, 443696773982616, 443696773982616, 443696773982616, 443696773982616, 442597262354840, 442597262354840, 442598336096664]
[443696773974424, 443696773974424, 448094820485528, 448094820485528, 448094820485528, 448094820485528, 448094820485528, 448094820485528, 448094820485528, 448094820485528, 448094820485528, 448094820485528, 448094820485528, 448094820485528, 448094820485528, 448094820485528, 448094820485528, 448094820485528, 448094820485528, 448094820485528, 448094820485528, 448094820485528, 448094820485528, 448094820485528, 448094820485528, 448094820485528, 448094820485528, 448094820485528, 448094820485528, 448094820485528, 448094820485528, 448095894227352, 448095894227352, 448095894227352, 448095894227352, 448095894227352, 448095894227352, 448095894227352, 448095894227353]
[443713953843608, 443713953843608, 443713953843608, 443713953843608, 443713955940760, 443705366006168]
[443696773974424, 443696773974424, 443696778168728, 443696778168728, 443696773974424, 443147018160536, 443147018160536, 443147018160536, 443149165644184, 443149165644184, 443149165644184, 443149165644184, 443149165644184, 443149165644184, 443149165644184, 443149165644184, 443149165644184, 443149165644184, 443149165644184, 443148628773272]
[443696773974424, 443696773974424, 443696773450136, 443696773450136, 443696773450136, 443696773450136, 443696773450136, 443696773450136, 443696773450136, 443696773450136, 443696773450136, 162221796739480, 162221796739480, 162221796739480, 162221796739480, 162221796739480, 162221796739480, 162221796739480, 162221796739480, 162221796739480, 162221796739480, 162221796739480, 162221528304024]
[443696807528856, 443696807528856, 443696807528856, 443696807528856, 443696807528856, 443696807528856, 443696807528856, 443696807528856, 443696807496088, 443696807496088, 443696807496088, 443696807496088, 443696807496088, 443696807496088, 443696807496088, 443696807496088, 443696807496088, 443696807496088, 443696740387224]
[443696773974424, 443147018160536, 443147018160536, 443147018160536, 443147018160536, 478331390249368, 478331390249368, 478331390249369]
[443696773974424, 448094820485528, 448094820485528, 448094820485528, 448094820485528, 448094820485528, 448094820485529, 448094820485529, 448232259439001]
[443696776071576, 443696776071576, 443696776071576, 443696776071576, 443696776071576, 443696776071576, 443696776071576, 443696776071576, 443696809626008, 443696809626008, 443696809626008, 443696809626008, 443701104593304]
[443696773450136, 443696773450136, 442597261822360, 442597261822360, 442597261822360, 442597261822360, 442597261822360, 442597261822360, 442597266016664]
[443696773978520, 443696773978520, 443696773978520, 443696773978520, 443696773978520, 443696773978520, 443696773978520, 443696773978520, 443834212931992, 443834212931992, 443834212931992, 443834212931992, 443834212931992, 443834212931992, 443834212931992, 443834212931992, 443834212931992, 443834212931992, 443834212931992, 443834212931992, 443834212931992, 443834212931992, 443834212931992, 443834212931992, 443834212931992, 443834212931992, 443834212931992, 443834212931992, 443834212931992, 443838507899288]
[443696773974424, 443696773974424, 443696773974424, 443696773974424, 443696773974296, 443696773974296, 443696773974296, 443696773974296, 443696773974296, 443696773974296, 443696773974296, 443696773974296, 443696773974296, 443696706865432, 443696706865432, 443696706865432, 443696706865433]
[443696773974424, 443696773974424, 443696773974424, 441497750718872, 441497750718872, 441497750718872, 441497750718872, 441497750718872, 476682122807704, 476682122807704, 476682122807704, 476682122807704, 476682122807704, 476682122807704, 476682122807704, 476682122807704, 459089936763288]
[443696773974424, 443696773974424, 443696807528856, 443696807528856, 443696807528856, 443696809626008, 443696809626008, 443696809626008, 443696809626008, 443696809626008, 443696809626008, 443696809626008, 443696809626008, 443696809626008, 443696809626008, 443696809626008, 443696809626008, 443696272755096]
[443696773974424, 443696773974424, 443696773974424, 441497750718872, 511866494896536, 511866494896536, 511866494896536, 511866494896536, 511866494896536, 511866494896536, 511857904961944]
[443696773974424, 442597262346648, 442597264443800, 442597264443800, 442597264443801]
[443696773974424, 443696773974424, 443696773974424, 443696807528856, 443696807528856, 443696807528856, 443696807528856, 443696807528856, 443696807537048, 443696807537048, 443696807537048, 443696807537048, 443696807537048, 443696807537048, 443696807537048, 443696807537048, 443696807537048, 443696807537049]
[478881146063256, 478898325932440, 478898325932504]
[443696773974424, 443696773974424, 443696773974424, 443696773974424, 443696773974424, 443696773974424, 443696773974424, 443696773974424, 443696773974424, 443701068941720, 443701068941720, 443701068941720, 162226092231064, 162226092231064, 162226092231064, 162226092231064, 162226092231064, 162226092231064, 161126580603288]
[443696773974424, 443696773974424, 443696773974424, 443696773974424, 443696706865560, 443696740419992, 443696740419992, 443696740419992, 443696740419992, 443696740419992, 443696740419992, 443696740419992, 443696740419992, 443696740419992, 443701035387288]
[443688184039832, 443688184039832, 443688184039832, 443688184039832, 443688184039832, 443688184039832, 443688184039832, 443688184039832, 443688184039832, 443688184039832, 443688184039832, 443696773974424, 443696773974424, 443696773974424, 443696773974424, 443696773974424, 443696773974424, 443696773974936, 443696773974936, 443696773974936, 443696773974936, 443696773974936, 443696773974936, 443696773974936, 443696773974936, 443696706866072, 443696706866072, 443696706866072, 443696706866072, 443696706866072, 443696706866072, 443696706866072, 443696706866072, 443696706866072, 443696706866072, 443696706866072, 442597195238296]
[443696773974424, 443696773974424, 443696773974424, 443696773974424, 426104587930008, 426104587929880, 426104587929880, 426070228191512]
[443696773974424, 443696773974424, 443696773974425, 443696773974425, 443696773974425, 443696773974425, 443696773974425, 443696773974425, 443696773974425, 443696807528857, 443696807528857, 443696807528857, 443696807528857, 443696807528857, 443696740419993]
[443696773974424, 443696237103512, 443696237103512, 443696237103512, 443696169994648, 443696169994648, 443696169994648, 443696169994648, 443696169994648, 443696169994648, 443696169994648, 443696169994648, 443696169994648, 443696169994648, 443696169994648, 514064914172312]
[443834212927896, 443834212927896, 443834212403608, 479018584492440]
[443696773974424, 443696773974424, 443696773450136, 443696773450136, 443696773450136, 443696773450136, 443696773450136, 443696773450136, 443696773450136, 452492866472344, 452492866472344, 452492866472344, 452492866472344, 452492868569496]
[443696773974424, 443696773974424, 443696773974424, 443696773974424, 443696773974424, 443696773974424, 443696773974424, 443696773974424, 443696773974424, 443696773974424, 443696773974424, 443696773974424, 443696773974424, 443696773974424, 443696773974424, 443696773974424, 443696773974424, 443696773978520, 443696773978520, 443696773978520, 443696773978520, 443696773978520, 443696773978520, 443696773979032, 443696773979032, 443696773979032, 443696706870168]
[443696773974424, 443696773974425, 443696773974425, 443696773974425, 442597262346649, 442597262346649, 442665981823385]
[443696773974424, 443696773974424, 443696773974424, 443696773974425, 443696773974425, 443696773974425, 443696773974425, 443696773974425, 443696773974425, 443696773974425, 443696773974425, 443696807528857, 443696807528857, 443696807528857, 443696807528857, 443696807528857, 443696807528857, 443696807528857, 443696807528857, 443696807528857, 443696807528857, 443688217594265]
[443696773974424, 443696773974424, 443696773974424, 443696773974424, 443696773974424, 443696807528856, 443697881270680, 443697881270680, 443697881270680, 443697881270680, 443148125456792]
[443696773974424, 443696773974424, 443696773974424, 443696773974424, 443696773974424, 443696773974424, 443696773974425, 443696773974425, 443696773974425, 443696773974425, 443696773974297, 443696773974297, 443696773974297, 443696773974297, 478881146063129]
[443696773974424, 443696773974424, 443696765585816, 443697839327640, 443697839327641]
[443696773974424, 443696773974424, 443696778168728, 443696778168728, 443696711059864, 443696711059864, 443696711059864, 443696711059864, 443713890929048]
[443696773974424, 443696773974424, 443696773974424, 443696773974424, 443696773974424, 443696773974424, 443696773974424, 443696773974424, 443696773974424, 443696773974424, 443696773974424, 443696773974425, 443697847716249, 443697847716249, 443697847716249, 443697847683481]
[443696773975448, 443696773975448, 443696773975448, 443696773975448, 443696773909912, 443696773909912, 443696773909912, 443696773909912, 443696773909912, 443696807464344]
[443696773974424, 443696773974424, 443696773974424, 443696773974424, 443696773974424, 443696773974424, 443701068941720, 443701068941720, 443701068941720, 443701068941720, 443701068941720, 443701068941720, 443701068941720, 443701068941720, 448099115452824, 448099115453848]
[443696773974424, 443696773974424, 443696773974424, 443696773974424, 443696773974168, 443696773974168, 443696706865304, 443696706865304, 443696706865304, 443696706865304, 443696706865304, 443696706865304, 443696706865304, 443696706865304, 443696706865304, 443696706865304, 443696706865304, 443696706865304, 443696706865304, 443696706865304, 443696706865304, 443696706865304, 443696706865304, 443696706865304, 443696706865304, 452492799887512]
[443696773974425, 443696773975449, 452492866997657]
[443696773974424, 443696773974424, 443696773974424, 443696773974424, 443696773958040, 443696773958040, 443696773958041, 443696773958041, 443696773958041, 443696773958045]
[443696807528856, 443696811723160, 443696811723160, 443696811723160, 443701106690456]
[443697847716248, 443148091902360, 443148091902360, 443148091902360, 443148091902360, 443148096096664]
[443696773974424, 443696773974424, 443696773974424, 443696773974424, 443696773974424, 443834212927896, 443834212927896, 443834212927896, 443834212927896, 443834212927896, 443834212927896, 443834212927896, 443834212927896, 443834212927896, 443834212927896, 443834212927896, 443834212927896, 443834212927896, 443834212927896, 443696773974424, 443696773974424, 443696773974424, 443696773974424, 443696773974424, 443696773974424, 443696773974424, 443696807528856, 443696807528856, 443696807528856, 443696807528856, 443696807528856, 443696807528856, 443696807528856, 442597295901080, 442597300095384]
[478881146063256, 478881146063256, 478881146063256, 478881146063256, 478881146063256, 478881146063256, 478881078954392, 478881078954392, 478881078954392, 478881078954392, 478881078954392, 478881078954392, 478881078954392, 478881078954392, 478881078954392, 478881078954392, 478881078954392, 478881078954392, 478881078954392, 478881078962584]
[443696790751640, 443696790751640, 443697864493464, 443697864493464, 443697864493464, 443697864493464, 443697864493464, 443697864493464, 443697864493464, 443697864493464, 443697864493464, 443697864493464, 443697864493464, 443702159460760]
[443696773974424, 443696706865560, 443696706865560, 443696706865561, 443696706865561, 443696706865561, 443696706865561, 443696706865561, 441497683610009]
[443696773974424, 443696773974424, 443696773974424, 443696773974424, 443696773974424, 443696773974424, 443696773974424, 443696773974424, 443765493451160, 443767640934808, 443767640934808, 443767640934808, 443767640934808, 443767640934808, 443767640934808, 443767640934808, 443767640934808, 443767640934808, 443767640934808, 443767640934808, 443767640934808, 443767640934808, 443767640934808, 443767640934808, 443767640934808, 443767573825944]
[443696773974424, 443696773974424, 443696773974424, 443696773974424, 443696773974424, 443696773974424, 443688184039832, 443688184039832, 443688184039832, 443688184039832, 443688184039832, 443688184039832, 443688184039832, 443688184039832, 443688184039832, 443688184039832, 443688184039833, 443705363909017]
[452492866996632, 452492866997656, 452492869094808]
[443696773974424, 443696773974424, 443696773974424, 443696773974424, 443696773974424, 443696773974424, 443696773974424, 443696807528856, 443696807528600, 443696807528600, 443696807528600, 443696807528600, 443696807528600, 443696811722904]
[443696706865560, 443696706865560, 443696706865560, 443696706865560, 443696708962712, 443696708962712, 443696708962712, 443696708962712, 443696708962712, 443696708962712, 443696708963224]
[443696773974424, 443696773974424, 443697847716248, 443697847716248, 443697847716248, 443697847716248, 443697847716248, 443702142683544, 443702142683544, 443702142684056]
[443696773974424, 443696773974168, 443696773974168, 443696773974168, 443696773974168, 443696773974168, 443696773974168, 443696773974168, 443696773974168, 443696773974168, 443696773974168, 443696776071320, 426104590026904]
[443696807528856, 443696807528856, 443696807528856, 448094854039960, 448094854039960, 448094854039960, 448094854048152]
[442597262346648, 442597262346648, 442597262346648, 442597262346648, 442597262347672, 442734701301144]
[443696773974424, 443696773974424, 443696773974424, 443696773974424, 443696773974424, 443696773982616, 443696773982616, 443696773982616, 443701068949912, 443701068949912, 443701068949912, 443701068949912, 443701068949912, 443701068949912, 443701068949912, 443701001841048]
[442597262346648, 442597262346648, 442597262346648, 442597262346648, 442597262346648, 442601557313944, 442601557313944, 442601557313944, 425009371269528]
[443696773974424, 443696773974424, 443696773974424, 443696773974424, 443696773450136, 443696773450136, 443696773450136, 443696773450136, 443696773450136, 443696773450136, 443696773450136, 443696773450136, 443696773450136, 443696773450136, 443701068417432, 443701068417432, 443701068417432, 443701068417432, 443701068417432, 443151312603544]
[443696773974424, 443696773941656, 443696773941656, 448094820452760, 448094820452760, 448094820452760, 448094820452760, 448094820452760, 448094820452760, 448094820452760, 448094820452760, 448094820452760, 448094820452760, 448094820452760, 448094820452760, 448094820452760, 448094820452760, 448094824647064]
[443696773974424, 443696773974424, 442597262346648, 442597262346648, 442597262346648, 442614442215832, 442614442215832, 442614442215832, 442614442215832, 442614442215832, 442614442215832, 442614442215832, 442614442215832, 442614442215832, 442614442216856]
[443696773974424, 443696773974424, 443696773974424, 443697847716248, 443697851910552, 443697851910552, 443697851910552, 443697851910552, 443697851910552, 443697851910552, 443697851910552, 443697851910424]
[443696773974424, 443696773974424, 443696773974424, 443696773974424, 443688184039832, 443688184039832, 443688184039832, 443688184039832, 443688183515544, 443688183515544, 443688183515544, 443688183515544, 443688183499160]
[443696773974424, 443696773974424, 443701068941720, 443701068941720, 443701068941720, 443701068941720, 514069813119384, 514069813119384, 514069813119384, 514070886861208]
[443696773974424, 443696773974424, 443696773974424, 443696773974424, 443696773974424, 443696773974424, 426104587930008, 425554832116120, 425554865670552]
[162221797263768, 162221797263768, 162221797263768, 162221797263768, 162221797263768, 162221797263768, 162221797263768, 162221797263768, 162221797263768, 162221797263512, 162221797263512, 162221797263512, 162221797263512, 162221797263512, 162221797263512, 162221797263512, 162221801457816]
[443697847716248, 443697847716248, 443697847716249, 443697847716249, 443697847716249, 443697847716249, 443697847716249, 443697847716249, 443697847716249, 443697847716249, 443697847716249, 443697780607385]
[443696778168728, 443696778168728, 443696778168728, 443696778168728, 443696778168728, 443696778168728, 443696778168728, 443696780265880, 443696780265881]
[443696773974424, 443696773974424, 443696773974936, 443696773974936, 443701068942232, 443701068942232, 443701068942232, 443701068942232, 443701068942232, 443701068942232, 443701068942232, 443701068942232, 443701068942232, 443701068942232, 441502045686680]
[443696807528856, 443696807528856, 443696807528856, 443696807528856, 443696807528856, 443696807528856, 443696807528856, 443696807528856, 443696807528856, 443696807528856, 443696807528856, 443701102496152, 443701102496664]
[443696773974424, 443696774105496, 443696774105496, 443696774105496, 443696774105496, 443696774105496, 443696774105496, 443696774105528, 443696774105528, 443696774105528, 443696807659960]
[443696773974424, 443696773908888, 443696773908888, 443696773908888, 443696773908888, 443696773908888, 443696773908888, 443701068876184, 448099115387288]
[302959285619096, 302959285619096, 302959285619096, 302959319173528, 302959319173528, 302959319173528, 302959319173528, 302959319173528, 302959319173528, 302959319173528, 302960392915352]
[443696773974424, 443696773974424, 443696773974424, 443696773974424, 443696807528856, 443696807528856, 443696807528856, 478881179617688, 478881179617688, 478881179617688, 478881179617688, 478881179617688, 478881179617688, 478881179617688, 478881181714840]
[443696773974424, 443696773974424, 443696773974424, 443696773974424, 443696773974424, 443696776071576, 443696776071576, 443696776071576, 443696776071576, 443696776071576, 443696776071576, 443696776071576, 443696776071576, 452492869093784, 452492801984920]
[443765493451160, 443765493451160, 443765493451160, 443765493451160, 443765493451160, 443765493451160, 443765493451160, 443902932404632, 443903066622360]
[443696773982616, 443696773982616, 443696773982616, 443696773982616, 443696773982616, 443696776079768, 443696776079768, 443696776079768, 443696809634200]
[443696773974296, 442597262346520, 442597262346520, 442597262346520, 442597262346520, 442597262346520, 442597262346520, 442597262346520, 451393355368728]
[443696773974424, 443696773974424, 443696773974424, 448094820485528, 448094820485528, 447545064671640, 447545064671640, 447545064671640, 447545064671640, 447545064671640, 447545064671640, 166070087960984]
[443696773974424, 441497750718872, 441497750718872, 441497750718872, 441497750718872, 441497750718872, 441497750718872, 441497750718872, 441497750718872, 441497750718872, 441497750718872, 441497750718872, 441497750718872, 441497750718872, 441497750718872, 441497750718872, 441497750718872, 441497750718872, 441497750718872, 441497750718872, 441497750718872, 441497750718872, 441497750718872, 441497750718872, 441497750718872, 441497750718872, 441635189672344, 441635189672344, 441635189672344, 441635189672344, 441635189672344, 441635189672344, 441635189672344, 441635189672344, 441635189672344, 441635189672344, 441635189672344, 441635189672344, 441635189672344, 441635189672344, 441085433858456]
[443696773974424, 443696773974424, 443696773974424, 443696773974424, 443696773974424, 443701068941720, 443701068941720, 443701068941720, 443701068941720, 443701071038872, 443701071038872, 443701071038872, 443701071038872, 443701071038872, 443701071038872, 443701071038872, 443701071038872, 443701071038872, 443701071038872, 443701071038872, 443701071038872, 443701071038872, 443701071038872, 443701071038872, 443701071038872, 442601559411096]
[443696773974424, 443696773974424, 443696773974424, 443696773975448, 443696773975448, 443696773975452, 443696773975452, 443696773975452, 443696773975452, 441497750719900]
[443696773974424, 443696773974424, 443696773974424, 443696773974424, 443696773974424, 443697847716248, 443702142683544, 443702142683544, 443702142650776]
[443696773974424, 443696773974424, 443696773974424, 443696778168728, 443696711059864, 443696711059864, 443696711059864, 443696711059864, 443696711059864, 443696711059864, 443696711059864, 443696711059864, 443696711059864, 443696711059864, 443696711059864, 443696711059864, 443696711059864, 443696711059864, 443696713157016]
[443696773974424, 443696773450136, 443696773450136, 443696773450136, 443696773450136, 443696773450136, 443696773450136, 443696773450136, 443696773450136, 442597261822360, 442597261822360, 442597261822360, 442597261789592]
[443696773974424, 443696773974424, 443696773974424, 443696773974424, 443696773974424, 443696773974424, 443696773974424, 443696773974424, 443696773974424, 443696773974424, 443696773974424, 443696773974424, 443696773974424, 443696773974425, 443696773974425, 443696773974425, 443696773974425, 443696773974425, 443696773974425, 443696773974425, 443696773974425, 443696773974425, 443696773974425, 443696773974425, 443696773974937, 443696773974937, 443696773974937, 443696773974937, 443696773974937, 443696773974937, 443697847716761]
[441497750718872, 441497750718872, 441497750718872, 441497750718872, 441497750718872, 441497750718872, 441497750718872, 441497750718872, 441497750718872, 441497750718872, 441497750718872, 441497750718872, 441497750718872, 441497750718872, 441497750718872, 441497750718872, 441497750718872, 441497750718872, 441497750718872, 441497750718872, 441497750718872, 441497750718872, 441497750718872, 441497750718616, 441497750718616, 440398239090840]
[443696773974424, 443696773974424, 443696773974424, 514065518152088, 514065518152088, 514065518152088, 514065518152088, 514065518152088, 514065518152088, 514067665635736, 514067665635736, 514067665635736, 514067665635736, 514067665635736, 514067665635736, 514067665635736, 514067665635736, 514067665639832]
[443696773974424, 443696773974424, 443696773974424, 443696773974424, 443696773974424, 443696773974424, 443696773974424, 443696773974424, 443696773974424, 443696773974424, 443696773974424, 443696773974424, 443696773974424, 443696773974424, 443696773974424, 443696773974424, 442597262346648, 442597262346648, 442734701300120, 442734701304216]
[443696773974424, 443696773974424, 478881146063256, 478881146063256, 478898325932440, 478902620899736]
[441497750718872, 441497750718872, 441497750718872, 441497750718872, 441497750718872, 441497750718872, 441497750718873, 440947994904985]
[443696773974424, 443713953843608, 443713953843608, 443713953843608, 443713953843608, 443713953843608, 443713953843608, 443713953843608, 478898325932440, 478898325932440, 478898325932440, 478898325932440, 478898325932440, 478898325932440, 478898325932440, 478898325932440, 478898325932440, 478898325932440, 478898325932441]
[443696773974424, 443696807528856, 443696807528856, 443696807528856, 443696807528856, 443696807528856, 443696807528856, 443696807528856, 443696807528856, 162221830818200, 162221830818200, 162221830818200, 144629644773784]
[443696773974424, 443696773974428, 443696773974428, 443696773974428, 443696773974428, 443696773974428, 443696773974428, 443698921458076, 443698921458076, 443698921458076, 443698921458076, 443698921458076, 443698921458076, 443698921458076, 443698921458076, 443698921458076, 443698921458077]
[443696773974424, 443696773975448, 443696773975448, 443697847717272, 443697847717273]
[443696773974424, 443701068941720, 443701068941720, 443701068941720, 443701068941720, 443701068949912, 443701068954008]
[443696773974424, 443696773974424, 443696773974424, 443696773974424, 443696773974424, 443696773974424, 443696773974424, 443696807528856, 443696807528856, 443696807528856, 443696811723160, 443696744614296]
[443696773974424, 443696773974424, 443696773974424, 443696773974424, 443696773974424, 443696773974424, 443701068941720, 443701068941720, 443701068941720, 443701068941720, 443701068941720, 443701068925336, 443701068925336, 443701068925336, 443702142667160]
[443696773974424, 443696773974424, 443696773974424, 443696773974424, 448094820485528, 448094820485528, 448094820485528, 448112000354712, 448112000354712, 448112000354712, 448112000354712, 448112000354712, 448112000354712, 448112000354712, 448112000354712, 448111999830424]
[443696773958040, 443696773958040, 443696773958040, 443696773958040, 443696773958040, 443696773958040, 443696773958040, 443696773958040, 443696773958040, 443696765569432, 443696765569432, 443696765569432, 443696765569176]
[443696773974424, 443696773974424, 443696773974424, 443696773974424, 443696773974424, 443696773974424, 443696773974424, 441497750718872, 441497750718872, 441497750718872, 441497750718873, 441497750718873, 441497750718873, 441497750718873, 441497750718873, 441497750718873, 441497750718873, 441497750718873, 476682122807705]
[443696773974424, 443696773974424, 442597262346648, 442597262346648, 442597262346648, 442597295901080, 442597295901080, 442597295901080, 442597295901080, 442597295901080, 442597295901080, 442597295901080, 442614475770264]
[443696773974424, 443696773974424, 443696773974424, 443696773974424, 302959285619096, 302959285619096, 302959285619096, 443696773974424, 443696773974424, 443696773974424, 443696773975448, 443696773975448, 443696773975448, 443696773975448, 443696773975448, 443696773975448, 443696773975448, 443696773975448, 162221797264792, 162221797264792, 162221797199256]
[443696773974424, 443696773974424, 443696773974424, 443696773974424, 443696773982616, 443696773982616, 443696773982616, 443696773982616, 443696773982616, 443696773982616, 443696773982616, 443696773982616, 443696773982616, 443765493459352, 443765493459352, 443765493459352, 443765493459352, 478949865548184]
[443696773974424, 162221797263768, 160022774008216, 160022706899352]
[443696773974424, 443696778168728, 443696778168728, 443696778168728, 443696778168728, 443696778168728, 443696778168728, 443696778168728, 443696778168728, 443696778168728, 443696778168728, 443696778168728, 443696778168728, 443696778168728, 443696778168728, 443696778168728, 443696811723160, 443696811723160, 443696811723160, 443696811723160, 443696811723160, 443696811723160, 443696811723160, 443834250676632]
[443696773974424, 443696773974424, 443701068941720, 443701068941720, 443701068941720, 443701068941720, 443701068941720, 443701068949912, 443701068949912, 443701068949912, 443701068949912, 443701068949912, 443701068949912, 443701068949912, 443701068949912, 443701068949912, 443701068949912, 443701068949912, 443838507903384]
[443696773974424, 443696773974424, 443696773974424, 443696773974424, 443696773974424, 443696773974424, 443696773974424, 443696773974424, 443696773974424, 443696773974424, 443696773974424, 443696505538968, 443696505539992, 443696505539992, 443696505539992, 443696505539992, 443696505539992, 443697579281816]
[443696773974424, 443696773974936, 443696773974936, 443696773974936, 443696773974936, 443696773974936, 443696773974936, 443696773974936, 443696773974936, 443696773974936, 443696773974936, 443696773974936, 443696773975960, 302959285620632]
[443696773974424, 443696773974424, 443696773974424, 443696773974424, 443696773974424, 443696773974424, 443697847716248, 443697847716248, 443697847716248, 478882219805080, 478873629870488]
[441497750718872, 441566470195608, 441566470195608, 441566470195608, 441566470195608, 441566470195608, 441566470195609]
[443696773974424, 443696773974424, 443696773974424, 443696773974424, 443696773974424, 443696773974424, 443696706865560, 443696706865560, 448094753376664, 448094753376664, 448094753376664, 448094753376664, 448094753376664, 448094753376664, 448094753376664, 448094753376664, 448099048343960]
[443696773974424, 443696773974168, 443696773974168, 443696773974168, 443696773974168, 443696773974168, 443696773974168, 443696773974168, 478881146063000, 478881146063000, 478881146063000, 478881146063000, 478881146063000, 478881146063000, 478881146063000, 478881146063000, 478881146063000, 478881146063000, 197406169352344]
[443696773974424, 443696773974424, 443696773974424, 443696773974456, 443696773974456, 443696773974456, 443696773974456, 443696773974456, 443696773974456, 443696773974456, 443696773974456, 443696773974456, 443696773974456, 443696773974456, 448094820485560, 448094820485560, 448094820485561]
[443696773974424, 443696773974424, 443696765585816, 443834204539288, 442734692911512]
[443697847716248, 443697847716248, 443697847716248, 443697847191960, 452493940214168]
[443696773974424, 443696773974424, 443696773974424, 443696773974424, 443696773974424, 443696773974424, 443696773974424, 443696773974424, 443696773974424, 443696773974424, 443696773974424, 443147018160536, 443147018160536, 443147018160536, 443147018160536, 443147018160536, 443147018160536, 442047506532760, 442047506532760, 442047506532760, 442047506532760, 442047498144152]
[443688184039832, 443688184039832, 443688184039832, 443688184039832, 443688184039832, 443688184039832, 443689257781656, 443689257781656, 443689257781656, 443689257781656, 443689257781656, 443689257781656, 443689257781656, 443689257781656, 443689257781656, 443689257781656, 443689257781656, 443689257781656, 443689291336088]
[443696773974424, 443696773974424, 443696773974424, 443697847716248, 443697847716248, 443697849813400, 443697849813912]
[443696773974424, 443696773974424, 443834212927896, 443834212927896, 443834212927896, 443834212927896, 443834212927896, 443834212927896, 443836360411544, 443836360411544, 443836360411544, 443836360411544, 443836360411544, 443836360411544, 443836360411544, 443836360411544, 443836360411544, 443836359887256]
[443696773974424, 443696773974424, 443696773974424, 443696773974424, 443696773974424, 443696773974424, 443696773974424, 443696773974424, 443696773974424, 441497750718872, 441497750718872, 441635189672344, 476819561761176]
[443696773974424, 443696773974424, 443696773974424, 443696773974424, 443696773974424, 443696773974424, 443696773974424, 443696773974424, 302959285619096, 302959285619096, 302959285619096, 302959285619096, 301859773991320, 301859773991320, 301859773991320, 301859773991320, 301859706882456]
[443696773974424, 443696773974424, 443696773974424, 443696773974424, 443696773974424, 443696773974424, 443696773974424, 442597262346648, 442597262346648, 442597295901080, 442597295901080, 442597295901080, 442597295901080, 442597295901080, 442597295901080, 442597295901080, 442562936162712]
[443696773974424, 443688184039832, 443688184039833, 443688184039833, 443688184039833, 443688184039833, 443688184039833, 443688184039833, 443688184039833, 443688184039833, 452484277062041]
[443696773974424, 443696773974424, 443696773974424, 443696773974424, 443696773974424, 443696773974424, 441497750718872, 441497750718872, 441498824460696, 441498824460696, 441498824460696, 441498824460696, 441498824460696, 441498824460696, 441636263414168]
[443696773974424, 443696773974424, 443696773974424, 443696773974424, 443696773974424, 443696773974424, 443696773974424, 443696807528856, 443696807528856, 443696807528856, 443696807528856, 443696807528856, 443696807528856, 443696807528856, 443696807528856, 443696807528856, 443696807528856, 448094854039960, 448094854039960, 448094854039960, 448094854039960, 448094854039960, 448094854039960, 448094854039960, 448094854039960, 448094854039960, 448094854039960, 448094854039960, 448094854039960, 448094854039960, 448094854039960, 448232292993432]
[443697847716248, 443689257781656, 443689257781656, 443689257781656, 443689257781656, 443689257781528]
[443696773974424, 443696773974424, 443696773974424, 443696773974424, 443697847716248, 443697847716248, 443697847716248, 443697847716248, 441498824460696, 441498824460696, 440949068646808]
[443696773974424, 443696773974424, 443696773974424, 443696773974424, 443696773974424, 443696773974424, 443696773974424, 443696773974424, 443696773974424, 443696773974424, 443696773974424, 443696773974424, 443696773974424, 443696773974424, 443696773974424, 443696773974424, 443696773974424, 443696773974424, 443696773974424, 443696773974424, 443696773974424, 443696773974424, 442597262346648, 442597262346648, 442597262346648, 442597262346648, 442597262346648, 442597262346648, 446995308857752, 446995308857752, 446995308857752, 446996382599576]
[302959285619096, 302959285619096, 302959285619096, 302959285619096, 302959285619096, 302959285619096, 302959285619096, 302959285619096, 302959285619096, 302959285619096, 302959285619096, 302959285619096, 302959285619096, 311755378641304, 311755378641304, 311755378641304, 311755378641304, 302959285619096, 302959285619096, 302960359360920, 302960359360920, 302960359360920, 302960359360920, 302960359360920, 302960359360920, 302960359360920, 302960359328152]
[443696773974424, 443696773974424, 443696773974424, 443696773974424, 443696773974424, 443696773974424, 443696773974424, 443696773974424, 443696773974424, 443696773974424, 443696773974424, 443696773974424, 443696773974424, 443696773974424, 443696773974424, 443696778168728, 443696778168728, 443696778168728, 443696778168728, 443696778168728, 443696778168728, 443696778168728, 443696778168728, 443696778168728, 443696778168728, 443696778168728, 443696811723160, 443696811723160, 443696811723160, 443696811723160, 443696813820312]
[443696773974424, 443696773974424, 443696773982616, 443696773982616, 443701068949912, 443701068949912, 442601557322136]
[443697847716248, 443148091902360, 443148091902360, 443148091902360, 443148091902360, 443152386869656]
[443696773974424, 443696773974424, 443696773974424, 443696773974424, 443696773974424, 443696773974424, 443696773974424, 443696773975448, 443696773975448, 443697847717272, 443697847717272, 443697847717272, 443697847717272, 443697847717272, 443697847717272, 443697579281816]
[443696773974424, 443696773974424, 443696773974424, 443696773974424, 443696773974424, 443696773974424, 302959285619096, 302959285619096, 302959285619096, 302959285619096, 302959285619096, 302959285619096, 302959285619096, 302959285619608, 338143657708440]
[443696773974424, 443696773974424, 443696773974424, 443696778168728, 443696778168728, 443696778168728, 443697851910552, 443697851910552, 443697851910552, 443697851910552, 443697851910552, 443697851910552, 443697851910552, 443697851910552, 443702146877848]
[443696773974424, 443696773974424, 443696773974424, 443696773974424, 443696773974424, 443696773974424, 443696773974424, 443696773974424, 443696773974424, 443696773974424, 443696773974424, 443696773974424, 443696773974424, 443696773974424, 443696773974424, 443696773974424, 443696773974424, 443701068941720, 443701068876184, 443701068876184, 443701068876184, 443701070973336]
[443696773974424, 443696706865560, 443696706865560, 443696706865560, 443696706865560, 443696706865560, 443696706865560, 443696706865560, 443696706865560, 443696706865560, 443696706865560, 443696706865560, 443696706865560, 443696706865560, 443696706865560, 443696706865560, 443696706865560, 443696706865560, 443696723642776, 443696723642776, 443696723642776, 443696723642776, 443696723642776, 443696723642520]
[478881146063256, 478881146063256, 478881146063256, 478881146063256, 478881146063256, 478881146063256, 478881146063256, 478881146063256, 478881146063256, 478881146063256, 478331390249368, 478331390249368, 478331390249368, 478331390249368, 478331390249368, 478331390249368, 477231878621592]
[443696773974424, 443696773974424, 443696773974424, 426104587930008, 426104587930008, 426104587930008, 426104587930008, 426104587930008, 426104587930009, 426104587930009, 426104587930009, 426104587930009, 426104587930009, 426104587930009, 426104587930009, 426104587930009, 426104587930009, 426104587930009, 426104587930009, 426104587897241]
[443696773974424, 443696773974936, 443696773974936, 443701068942232, 443701068942232, 443701068942232, 443701068942232, 443701068942232, 443701068942232, 443701068942232, 443701068942232, 443701068942232, 443701068942233]
[443696773974424, 443696773974424, 443696773974424, 443696773450136, 443696773450136, 443696773450136, 443696775547288, 443696775547288, 443696775547288, 443696775547288, 443701070514584]
[443696773974424, 443696773974424, 443696773974424, 443696773974424, 443696776071576, 443696776071576, 443696776072088, 443696776072088, 443696776072088, 443696776072088, 443696776055704]
[443701068941720, 443701068941720, 443701068941720, 443701068941720, 443838507895192, 443838507895192, 441639484639640]
[443696773974424, 443696773974424, 443696773974424, 443696773974424, 443696773974424, 443696773974424, 443696773974424, 443696773978520, 443696773978520, 443696773978520, 443696773978520, 443696773978520, 443696776075672, 443834215029144]
[442597262346648, 442597262346648, 442597262346648, 442597262346648, 442597262346648, 425005076302232, 425005076302232, 425005076302232, 425005076302232, 425005076302232, 425005076302232, 425005076302232, 425005076302232, 425005076302232, 425005076302232, 425005076302232, 425005076302232, 425005076302232, 425005076302232, 425005076302232, 425005075777944]
[443696773974424, 443696773974424, 443696773974424, 443696773974424, 443696773974936, 443696773974936, 443696773974936, 443696773974936, 443696773974936, 443696773974936, 443696773974936, 162221797264280, 162221797264280, 162221797264280, 162221797264280, 162221797264280, 162221730155416]
[443696773974424, 443696773974424, 443696773974424, 443696773974424, 443696773974424, 443696773974424, 443696773974424, 443696773974424, 443696773908888, 443696773908888, 443696773908888, 443696773908888, 443696773908888, 443697847650712, 443697847650712, 443697847617944]
[442597262346648, 442597262346648, 442597262346648, 512966006524312, 512966006524312, 512966006524312, 512966006524312, 517364053035416]
[442597262346648, 442597262346648, 442597262346648, 442597262346648, 442597262346648, 442597262346648, 442597262346648, 442597262346392, 442597262346392, 442597262346392, 442597262346392, 442597262346392, 442597262346392, 442597262346392, 425005076301976]
[443696773974424, 443696773974424, 443696773974424, 443696773974424, 443696807528856, 443696807528856, 443696807528856, 443696807512472, 443696807512472, 443696807512472, 443696807512472, 443696807512472, 443696807512472, 443696807512472, 443696807512472, 443696807512472, 443696807512472, 443696807512472, 443696807512472, 443696807512472, 443696807512472, 443696807512472, 443696807512472, 452492900534680]
[443696773974424, 443696773974424, 443701068941720, 443701068941720, 443718248810904, 443718248810904, 442618737183128]
[443696773974424, 443696776071576, 443696776071576, 443696776055192, 443696776055192, 443696776055192, 443696776055192, 443696776055192, 514065520232856]
[443688184039832, 443688184039832, 443688184048024, 452484277070232]
[443696773974424, 443696773974424, 452492866996632, 434900680952216, 434900680952216, 434900680952216, 434900680952216, 434900680952216, 434900680952216, 434900680952216, 434900680952216, 434969400428952]
[443696773974936, 443696773974936, 443696773974936, 443696773974936, 443696773974936, 443696773974936, 443696773974936, 443696773974936, 443696706866072, 443696706866072, 443696706849688]
[443696773974424, 448094820485528, 448094820485528, 448094820485528, 448094820485528, 448094820485528, 448094820485528, 448094753376664, 448094753376664, 448094753376664, 448094753376664, 448094753376664, 448094753376664, 448094753376664, 448094753376664, 448094753376664, 448094753376664, 448094753376664, 448094753376665]
[443696773974424, 443696773974424, 443696773974424, 443696773974424, 443696773975448, 443696773975448, 443696773975448, 443147018161560, 443147018161560, 443147018161560, 443147018161560, 443147018161560, 443147018161560, 443147018161560, 443147018161560, 443147018096024]
[443696773974424, 443696773974425, 443696774236569, 448094820747673]
[443696773974424, 443701068941720, 443701102496152, 478885474584984]
[443696773974424, 443696773974168, 443696773974168, 443696773974168, 443696773974168, 443696773974168, 443696773974168, 443696807528600, 443696807536792]
[443696773974424, 443696773974424, 443696773974424, 443696773974424, 443696773974424, 443696773974424, 443696773974424, 443696773974424, 443696773974424, 443696773974424, 443696773974424, 443696773974424, 162221797263768, 162221797263768, 162221797263768, 162221797263768, 443696773974424, 162221797263768, 162221797263768, 162221797263768, 161672041449880, 161672041449880, 161672041449880, 161672041449880, 161672040401304]
[443696773974424, 443696773974424, 443696773974424, 443696773974424, 443696773974424, 443696773978520, 443696773978520, 443696773978520, 443696505543064, 443696505543064, 443696505543064, 443696505543064, 443696505543064, 443696505551256]
[443696773974424, 443697847716248, 443697847716248, 443697847716248, 443697847716248, 443697847716248, 443697847716248, 443697847716248, 443697847716248, 443697847716248, 443697847716248, 443697847716248, 443697847716248, 443663487977880, 443680667847064]
[443696773974424, 443696773974424, 443696773974424, 442597262346648, 442597262346648, 442597262346648, 442596993911192, 442596993911192, 442596993911192, 442596993911192, 442596993912216]
[443696773974424, 443696773974424, 442597262346648, 442597295901080, 442597295901080, 442597295901592]
[443696773974424, 443696773974424, 443696773974424, 443696773974425, 443696773974425, 443696773974425, 443696773974425, 443696773974425, 443696706865561, 443696706865561, 443696706865561, 443696706865561, 443696740419993]
[443696773974424, 443696706865560, 443696706865560, 443696706865560, 443696706865560, 443696706865560, 443696706865560, 443696706865560, 443696706865560, 443696706865560, 443696706865560, 443696706865560, 443696706865560, 443696706865560, 443696706865560, 443696706865560, 442597195237784, 442597195499928]
[443696773974424, 443696773908888, 443696773908888, 443696773908888, 443696773908888, 443696773908888, 443696773908888, 443696773908888, 443696773908888, 443696773908888, 443696773908888, 443696773908888, 443696773908888, 443696773908888, 443696773908888, 443696773908888, 443696773892504, 443696773892504, 443696773892504, 443696773892504, 443696773892504, 443696773892504, 443696773892504, 443696773892504, 426104587848088]
[442597262346648, 442597262346648, 442597262346648, 442597253958040, 425005067913624]
[442597262346648, 442597262346648, 442599409830296, 442599409830296, 442599409830296, 442599409830296, 442599409830296, 442599409830296, 442599409830296, 425007223785880]
[443696773974424, 443696773974424, 443696773974424, 443696773974424, 443696773974424, 443696773974424, 443696773974424, 443696773974424, 443696773974424, 443696773974424, 443696778168728, 443696778168728, 443696778168728, 443696778168728, 443696778168728, 443696778168729, 443696778168729, 478881150257561]
[514065518152088, 514065518151832, 514065518151832, 514065451042968]
[443696773974424, 443696773974424, 443696807528856, 443696807496088, 443696807496088, 443696807496088, 443696807496088, 443696807496088, 443701102463384]
[443696773974424, 443696807528856, 443696807528856, 443696807528856, 443696807528856, 443696807528856, 443696807004568, 443696807004568, 443696807004568, 443688217069976]
[443696773974424, 443696773974424, 448094820485528, 448094820485528, 448094820485528, 448094820452760, 448094820452761]
[443696773974424, 443696773974424, 443696807528856, 443696807528856, 443696807528856, 443696807528856, 443696807528856, 443696807528856, 443696807528856, 443696807528856, 443696807528856, 443696807528856, 443696807528856, 443696807528856, 443696807528856, 443696807528856, 443696807528856, 443696807528856, 443696807528856, 443696807528856, 443696807528856, 443696807528856, 443696807528856, 443696807528856, 443696807528856, 443696807528856, 443696807528856, 443696799140248, 443696799140248, 443696799140248, 443696799140248, 443696799140248, 443697872882072]
[302959285619096, 302959285619096, 302959285619096, 302959285619096, 302959285553560, 302961433037208]
[442597262346648, 442597262346648, 442597262346648, 442597262346648, 442597261822360, 442597261822360, 442597261822361]
[443696773974424, 443696773974424, 443696773974424, 443696773974424, 443696773974424, 443696773974424, 443701068941720, 443701068941720, 443701068941720, 443701068941720, 443701068941720, 443701068941720, 443701068942744, 443701068942744, 443701068942744, 443701068942744, 443701068942744, 443701068942744, 443701068942616]
[443696773974424, 443696773974424, 443696773974424, 443696773974424, 443696773974424, 443696773974424, 443696706865560, 443696706865560, 443696706865560, 443697780607384, 443697814161816]
[443696773974424, 443696773974424, 443696773974424, 443696773974424, 443696773974424, 443696773974424, 443696773974424, 443696773974424, 443696773974424, 443696773974424, 443696237103512, 443696237103512, 443696237103512, 443696237103512, 443696237103512, 443696237103513, 443696237103513, 443696237103513, 443696237103513, 443696237103513, 443696237103513, 443696237103513, 443696237103513, 442596725475737]
[443696773974424, 443696773974424, 443696773974424, 443696773974936, 443696773974936, 443696773974936, 443696773974936, 443696773974936, 443696773974936, 443696773974936, 443696773958552, 443696773958552, 443696773958552, 443696773958552, 443696773958552, 443696773958552, 443696807512984]
[443696773974424, 443696773974424, 443696773974424, 443696773975448, 443696773975448, 443696773975448, 443696773975448, 443696773975448, 443696773975448, 443696773975448, 443696773975448, 443696773975448, 443696773975448, 443696773975449, 443696773975449, 443696776072601]
[443696773974424, 443696773974424, 443701068941720, 443701068941720, 443701068941720, 443701068941720, 443701068941720, 443701068941720, 443701068941720, 443701068941720, 443701068941720, 443701068941720, 443701068941720, 443701068941720, 443701068941720, 443701068941720, 443701068941720, 443701068941720, 443701068941720, 443701068941720, 443701068941720, 443701068941720, 443701068941720, 443701068941720, 443701068941720, 443701068941720, 443701068941720, 443701068417432, 443701068417432, 443701068417432, 443701068417432, 443701068417432, 443701068417432, 443701068417304]
[443696773974424, 443696773974424, 443696773982616, 443696773982617, 443765493459353]
[443696773974424, 443696773974424, 443696773974424, 443696773974424, 443696773974424, 443696773974424, 443696773974424, 443696807528856, 478881179617688, 478881179617688, 478881179617688, 478881179617688, 478881179617688, 478881179617688, 478881179617688, 478881179617688, 478881179617688, 478881179618200]
[443696773974424, 443696773974424, 443696773974424, 443696773974424, 443696773974424, 443696773974424, 443696773974424, 443696773982616, 443696773982616, 443701068949912, 443701068949912, 443701068949912, 443701068949913]
[443696773974424, 443696773974424, 443696773974424, 443696773974424, 443696773974424, 442597262346648, 442597262346648, 442597262346648, 442597262346648, 442597262346648, 442597262346648, 442597295901080, 442597295901080, 442597295901080, 442597295901080, 442599443384728]
[443696773958040, 443696773958040, 443696773958040, 443696773958040, 443696773958040, 443696773958040, 443696773958040, 443696773958040, 443696773958040, 443696773959064, 443696773959064, 452492866981272]
[443696773974424, 443696773974424, 443696773974424, 443696773974424, 443696773975448, 443696773975448, 443696773975448, 443696773975448, 443696776072600, 443696776072600, 443696776072600, 443696776072600, 443696708963736]
[443696773974424, 443696773974424, 443696773974424, 448094820485528, 448094820485528, 448095894227352, 448095894227352, 448095894227352, 448095894227352, 448095894227352, 448095894227352, 448095894227352, 448095894227352, 448095894227353]
[443696773974424, 443147018160536, 443147018160536, 443147018160536, 443147018160536, 443147018160536, 443147018160536, 443148091902360, 443148091902360, 443148091903384]
[443696773974424, 443696773974424, 443701068941720, 443701068925336, 443701068925336, 443701068925336, 443701102479768]
[443696773974424, 443696773974424, 442597262346648, 442597262346648, 442597262346648, 442597262346648, 442597262346648, 442597295901080, 442597295901080, 442597295901080, 442597295901080, 442597295901080, 442597295901080, 442597295901080, 442597297998232]
[443696773974424, 443696773974424, 443696773974424, 443696773974424, 443696773974424, 443696773974424, 443696773974425, 443696773974425, 443696773974425, 443696773974425, 443696773974425, 443696773974425, 443696773974425, 443696773974425, 443696773974425, 443696773974425, 443696773974425, 443696807528857, 443696807528857, 443696807528857, 443696807528857, 443696807528857, 443696807528857, 443696807528857, 443696807528857, 443696807537049]
[443696773974424, 443696773974424, 443701068941720, 443701068941720, 443701068941720, 443701001832856, 478885373921688]
[443696773974424, 443696773974424, 443696773974424, 443696773974424, 443688184039832, 443688184039832, 443688184039832, 443688184039832, 443690331523480, 443688184039832, 443688217594264, 443688217594264, 443688217594264, 443688217594264, 443138461780376]
[443696778168728, 443696778168728, 443696778168728, 443713958037912, 443713958037912, 443713958037912, 443713958037912, 443713958037912, 443713958037912, 443713960135064]
[443696773974424, 443696773974424, 443696773974936, 443696773974936, 443696773974936, 442597262347160, 442597262347160, 442597262347160, 442597262347160, 442598336088984]
[441497750718872, 441497750718872, 441497750718872, 441499898202520, 441499898202520, 441499931756952]
[443696773974424, 443696773974424, 443696773974424, 443696773974168, 443696773974168, 443696773974168, 443696773974168, 443696776071320, 443696776071320, 443147020257432]
[443696773974424, 443696773974424, 443696773974424, 443696773974424, 443696773974424, 443697847716248, 443697847191960, 443697847191960, 443697847191960, 443697847191960, 443697847191960, 443697847191960, 443702142159256]
[443696773974424, 443696773974424, 443697847716248, 443697847716248, 443697847716248, 443697847716248, 443697847716248, 443697847716248, 443697847716248, 443697847716248, 443697847716248, 443697847716248, 443697847716248, 443697780607384, 443697780607384, 443697780541848]
[443696807528856, 443696807528856, 443696807528856, 443696807528856, 478881179617688, 478881179617688, 478881179617688, 478881179625880]
[443696773974424, 443696773974424, 443696773974424, 443696773974424, 443696773982616, 443696773982616, 443696773982616, 443696773982616, 443696773982617, 443696773982617, 443696773983129]
[443696773974424, 443696773974424, 443696773974424, 443696765585816, 426104579541400, 425554823727512]
[443696773974424, 443696773974424, 443696773974424, 443696790751640, 443696790751640, 443696723642776, 443696723642776, 443696723642776, 443696723642777]
[443701068941720, 443701068941720, 452497161963928, 451947406150040]
[443696773974424, 443696773974424, 443696773974424, 443696773974424, 443696773974424, 443696773982616, 443696773982616, 443696773982616, 443696773982616, 443696773982616, 443696776079768, 443698923563416]
[443696773974424, 443696773974424, 443696773974424, 443696773974424, 443696773974424, 443696773974424, 443696773974424, 443696773974425, 443696773974425, 443696773974425, 443696807528857, 443696740419993]
[443696773974424, 443696706865560, 443696706873752, 443146951059864]
[443696773974424, 443696773974424, 443696773974424, 443696773974424, 443696773974424, 443696706865560, 442597195237784, 442597195237784, 442597195237784, 442597195237784, 442597195237784, 442597195237784, 442597195237785]
[443696776071576, 443696776071576, 443696776071576, 443696776071576, 443696776071576, 443696776071576, 443696780265880, 443696780265880, 443696780265880, 443696780265880, 443701075233176]
[441497750718872, 441497750727064, 441497750727064, 441497750727064, 441497750727064, 441497750727064, 441497750727064, 441497750727064, 441497750727064, 441497750727064, 441497750727064, 441497750727064, 441497750727064, 441497750727064, 440398239099288]
[443696773974424, 442597262346648, 442597262346648, 442597295901080, 442597295901080, 442597295901080, 442597295901080, 440398272645528]
[443696773974424, 443696773974424, 443696773974424, 443696773974424, 443696773974424, 443696773974424, 443696773974168, 443696773974169, 443696773974169, 443696773974169, 443701068941465]
[443696776071576, 443696776071448, 443696776071448, 443696776075544]
[443696773958040, 443696773958040, 443696773958040, 443696773958040, 448094820469144, 448099115436440]
[443696773974424, 443696773974424, 443696773974424, 443696773974424, 443696773974424, 443696773941656, 443696773941656, 443696773941656, 443696773941656, 443696773941656, 443697847683480, 443697847683480, 443697847683480, 443697847683480, 443697847684504]
[443696773974424, 443696773974424, 443696773974424, 443696773974424, 443696773974424, 443696773974424, 443696773974424, 443696773974424, 443696773974424, 443696773974424, 443696773974424, 443696773974424, 443696773974424, 443697847716248, 443697847720344, 443697847720344, 443702142687640]
[443696773974424, 443696773974424, 443696773974424, 443696773974424, 443696773974424, 443696773974424, 443696773974424, 443696773974424, 443696773974424, 443696773974424, 443696773974424, 443696706865560, 443696706865560, 443696706865560, 443696706865560, 443696706865560, 443696706865560, 443696706865560, 443696706865560, 443696706865560, 443696706865560, 443696706865560, 443696706865560, 443696706865560, 443696706865560, 443696706865560, 441497683610008, 441497683610008, 441497683610008, 441497683610008, 441497683610008, 441497683610008, 511866427787672]
[443696773958040, 443696773958040, 443696773958040, 443696773958040, 443696773958040, 162221797247384, 162221797247384, 162221797247384, 162221797247384, 162221797247384, 162221796723096]
[442597262346648, 442597262346648, 442597262346648, 442597295901080, 442597295901080, 442597295901080, 442597295909272]
[443696773974424, 443696773974424, 443696773974424, 443696773974424, 443696773974424, 443147018160536, 443147018160536, 443147018160536, 443147018160536, 443147018160536, 443147018160536, 443147022354840, 443147022354840, 443147022354840, 443147022354840, 443147022354840, 443147022354840, 443147022354840, 302409533999512]
[443696773974424, 443696773974424, 443696773974424, 443696773974424, 443696773974424, 443696773974424, 443696773974424, 443696773974424, 443696773974424, 443696773974424, 443696773974424, 443696773974424, 443696773974424, 443696773974424, 443696773974424, 443696773974424, 443696773974424, 443696773974424, 443696773974424, 443696773974424, 443696773974424, 443696773974424, 443696706865560, 443696740419992, 443696742517144]
[443701068941720, 443701068941720, 443701068941720, 443701068941720, 443701068941720, 443701068941720, 443701068941720, 443701068941720, 443701068941720, 443701068941720, 443701068941720, 443701068941720, 443701068941721, 443701102496153]
[443696773974424, 443696773974424, 443696773974424, 443696773974424, 443696773974424, 443696773974424, 478881146063256, 478881146063256, 478881146063256, 477781634435480, 460189448391064]
[443696773974424, 443696773974424, 443696773974424, 443696773974424, 443696773974424, 443696773974424, 443834212927896, 443834212927896, 443834212927896, 443834212927896, 443834212927896, 443834212927896, 448232259439000, 448232259439000, 448232259439000, 448232259439001]
[443696773974424, 443147018160536, 443147018160536, 443147018160536, 443147018160536, 443147018160536, 443149165644184, 443149165644184, 443149165644184, 443149165644184, 443149165644184, 443153460611480]
[443696773974424, 443696773974424, 443696773974424, 443696773974424, 443696773974424, 443696706865560, 443696706865560, 443696706865560, 443696706865560, 443696706865592, 443696706865592, 443696706865560, 443696706865560, 443696706865560, 443696706865560, 443696706866584, 443696706866585]
[443696773974424, 443696773974424, 443696773958040, 443696773958040, 443696773958040, 443696773958040, 443696773958040, 443696773958040, 443696706849176, 443696706849176, 443696706849176, 443696706849176, 443696706849176, 443696706849176, 443697780591000]
[443696773974424, 443696773974424, 443696773974424, 443696773974424, 443696773974424, 443696773974424, 443696773974424, 443696773974424, 443688184039832, 443688184039832, 452484277062040, 452484277062040, 452484277062040, 452484277062040, 452484277062552]
[443697847716248, 443697847716248, 443697847716248, 443697847716248, 443697847716248, 443697847716248, 443697847716248, 443697847191960, 443697847191960, 443697847191960, 443697847191960, 443697847191960, 443697847191960, 443697847191960, 443697847191960, 443697847191960, 443697780083096]
[443696807528856, 443696807528856, 443696811723160, 443696811723160, 443696811723160, 443696811723160, 443696811723160, 443696811723160, 443696807528856, 443701102496152, 426108916451736]
[443696773974424, 443696773974424, 443696776071576, 443696776071576, 443696776071576, 443696776071576, 443696776071576, 478881148160408, 478881148160408, 478881148160408, 478881148160408, 478881148160408, 478881148160408, 478881148160408, 478885443127704]
[443696773974424, 443696773974424, 443696773974424, 443696773974424, 443696773974424, 443696773974424, 443696773974424, 443696773974424, 443696773974424, 443696773974424, 443696773974424, 443697847716248, 443697847191960, 443697847191960, 443697847191960, 443697847191960, 443697847191960, 443697780083096]
[443696773974424, 443696773974424, 443696773974424, 452492866996632, 452492866997656, 452492866997656, 452492866997656, 452492866997656, 452492866997656, 452492866997656, 452492900552088]
[443696773974424, 443696773974424, 443696807528856, 443696807528856, 443696807528856, 443696807528856, 443697881270680, 443697881270680, 443697881270680, 443697881270680, 443697881270680, 443697881270680, 443697881237912]
[443697847716248, 443697847716248, 443697847716248, 443697847716248, 443697847650712, 443697847650712, 443697847650712, 443697847650712, 443697847650712, 443697847650712, 443697847650712, 443697847650712, 443697847650712, 443697847651224]
[443696773974424, 443696774236568, 443696774236568, 443696765847960, 442597254220184]
[443696773974424, 443696773974424, 443701068941720, 443701068941720, 443701068941724, 443701068941724, 443701068941724, 443701068941724, 443701068941724, 443701068941724, 443701068941724, 443701068941724, 443701068941724, 443701068941724, 443701068941724, 442601557313948]
[443696773974424, 443696773974424, 443696773974424, 443696773974424, 443696773974424, 443696773974424, 443696773974424, 443696773974424, 442597262346648, 442597262346648, 442597262346648, 442597262346648, 442597262346648, 442597262346648, 425005076302232, 425005076302232, 425005076302232, 425005076302232, 425005076302232, 425005076302232, 425005076302232, 422806053046680]
[443701068941720, 443701068941592, 443701102496024]
[443696773974424, 443696807528856, 443696807528856, 443696807528856, 443696807528856, 443696807528856, 443696807528856, 443696807528856, 443696807528856, 443696740419992, 443696740419992, 443696740419992, 443713920289176]
[443662414236056, 443662414236056, 443662414236056, 443662414236056, 443662414236056, 443661877365144, 443661910919576]
[443696773974424, 443696773974424, 443696773974424, 443696773974424, 443696773908888, 443696773908888, 443696773908888, 443696773908888, 443696773908888, 443696773892504, 443697847634328]
[443696773974424, 443696773974424, 443696773974424, 443696807528856, 443696807528856, 443696807528856, 443696807528856, 443696807528856, 443696807528856, 443696807528856, 443696807528856, 443834246482328, 443834246482328, 442734734854552]
[443701068941720, 443701071038872, 443701071038872, 443701071022488]
[443696773974424, 443696773974424, 443696773974424, 443696773974424, 443696773974424, 443696773974424, 443713953843608, 443713953843608, 443713953843608, 443713953843608, 443713953843608, 443713953843608, 443713953843608, 514082698021272, 514082698021272, 514082698021272, 514082698021272, 514086992988568]
[443696773974424, 443696773974424, 443696773974424, 443696773974424, 443696773974424, 443696807528856, 443696807512472, 443696807512472, 443765526989208]
[443696773974936, 443696773974936, 443696773974936, 443696807529368, 443696807529368, 443696807529368, 443696807529368, 443696807529368, 443696740420504]
[443696773974424, 443662414236056, 443662414236056, 443662414236056, 443662414236056, 443664561719704, 443664561719704, 443664561719704, 443664561719704, 443664561719704, 443664561719704, 443664561719704, 443664561719704, 443665635461528]
[443696773974424, 443696773974424, 443696773974424, 443696773974424, 443696773974424, 443696773974424, 443696773974424, 443696773974424, 443696773974424, 443696773974424, 443696773974424, 443696773974424, 443696773974424, 443696773974424, 443696773974424, 443696773982616, 443696773982616, 443696773974424, 443696773974424, 443696773974424, 443696773974424, 443696773974424, 443834212927896, 443834212927896, 443834212927896, 443834212927896, 443834215025048, 443834215025048, 443834215025048, 443834215025048, 443834215025048, 443834215025048, 443834248579480]
[443696773974424, 443696773974424, 443696773974424, 443696773974424, 443696773974424, 443696773974424, 443696773974424, 448094820485528, 448094820485528, 448094820485528, 448094820485528, 448094820485528, 448094283614616, 448094283614616, 448094283614616, 448094283614616, 448094283614617]
[443696773974424, 443696773974424, 426104587930008, 425005076302232, 425005076302232, 425005078399384]
[442597262346648, 442597262346648, 442597262346648, 442597262346648, 442597262346648, 451393355368856, 451397650336152]
[441497750718872, 441497750718872, 441497750718872, 441497750718872, 441497750718872, 441497750718616, 441497750718616, 476682122807448]
[443696773974424, 443696773974424, 443696773974424, 443696773974424, 443696773974424, 443696773974424, 443696773974424, 443696773958040, 443696773958040, 442597262330264, 442597262330264, 442597262330264, 442597262330264, 442597262330264, 442597262330264, 446995308841368]
[443696773974424, 443696773974428, 443696773974428, 443696773974428, 443696773974428, 443696773974428, 443696773974428, 443696773974428, 443696773974428, 443696773974428, 443696773974428, 443696773974428, 443696773974428, 443696773974428, 443696773974428, 443696773974428, 443696773974428, 443696773974428, 452492866996636, 452492866996636, 452492866996636, 452492866996636, 452492866996636, 452497161963932]
[443696773974424, 443696773974425, 443696773974425, 443696773974425, 478881146063257, 478881146063257, 478881146063257, 478881146063257, 478881146063257, 478881146063257, 478881146063257, 478881146063257, 478881146063257, 478881146063257, 478881146063257, 478881146063257, 478881146063257, 478881146063257, 478881146063257, 478881146063769]
[443696773974424, 443147018160536, 443147018160536, 443147018160537, 443147018160537, 443147018160541]
[443696773974424, 443696773974424, 443696773974425, 443696773974425, 443696765585817, 443696765585817, 443696765585817, 443696765585817, 443696765594009]
[443696773974424, 443696773974424, 443696773974424, 443696773974424, 443701068941720, 443701068941720, 443701068941720, 443701068941720, 443701068941720, 443701068941721, 443701068941721, 443701102496153]
[443696773974424, 443696776071576, 443696776071576, 443696776071576, 443696776071576, 443696776071576, 443696776071576, 443696776071576, 443696776071576, 443696776071320, 443696776071321]
[443696773974424, 443696773974424, 443696773974424, 443696773974424, 443696773974424, 443696773974424, 443696773974424, 443696773974424, 443696773974424, 443696773974424, 443696773974424, 443696773974424, 443696773974424, 443701068941720, 443701068941720, 443701068941720, 443701068941720, 443701068941720, 443701068941720, 443701068941720, 443701068941720, 443701068941720, 443702142683544, 443704290167192]
[443696773974424, 442597262346648, 442597262346648, 442597262346648, 442597262346648, 442597262346648, 442597262346648, 442597262346648, 442614442215832, 442614442215832, 442614442215832, 442614442215832, 442614442215833]
[443698921458072, 443698921458072, 443836360411544, 443836360411544, 443836360411544, 443836360411545]
[443696773974424, 443696773974424, 443701068941720, 443701068941720, 443701068941720, 443701068941720, 442601557313944, 442601557313944, 442601557313944, 446999603825048]
[443696773974424, 443696807528856, 443696807528856, 443696807528856, 443696807528856, 443698955012504, 443698955012504, 442599443384728]
[443696773974424, 443696773974424, 443696773974424, 443696773974424, 443696773974424, 443697847716248, 443697847716248, 443697847716248, 443697847716248, 443697847716248, 443697847716248, 442598336088472, 442598336088472, 442598336088472, 442598336072088]
[443696773974424, 443696773974424, 443696773974424, 443696773974424, 514065518152088, 514065518152088, 514065518152088, 513515762338200, 513515762338200, 513515762338200, 513515762338200, 513515762338200, 513515762338200, 513515762338200, 513515762338200, 513515762338200, 513515795892632]
[443696773974424, 443696773974424, 443696773974424, 443696773974424, 443696773974424, 443696773974424, 443696773974424, 443696773974424, 443696773974424, 443696773972376, 443696773972376, 443696773972376, 443696773972376, 443696773972376, 452492866994584, 451393355366808]
[443834212927896, 443834212927896, 443799853189528, 443799853189528, 443799786080664]
[443696773974424, 443696773974424, 443696773974424, 443696773974424, 443696773974424, 443696773974424, 443696773974424, 443696773974424, 443696773974424, 443696773974424, 443696773974424, 443696773974424, 443696773974424, 443696773974424, 443696773908888, 443696773908889, 443696773908889, 443696773908889, 443696773908889, 443696773908889, 443696773908889, 443696773908889, 443696773908889, 443696773908889, 443696773908889, 443696773908889, 443696773908889, 443696773908889, 443713953778073]
[443696773974424, 443696706865560, 442597195237784, 442597195237784, 442597195237784, 442597195237784, 442597228792216]
[443696773974424, 443696773974424, 443696773974424, 443696773974424, 443696773974424, 443696773974424, 443696773974424, 443696773974424, 443696773974424, 443696807528856, 443696807528856, 443696807528856, 443696807528856, 443697881270680, 443697881270680, 443697881270680, 443697881270680, 443697881270680, 443697881270680, 443697881270680, 443697881270680, 443697881270680, 443697881270680, 443697881270680, 443697881270680, 443697881270680, 443697881270680, 443697881271704]
[443696773974424, 443696773974424, 442597262346648, 451393355368856, 451393355368856, 451393355368856, 451393359563160]
[443696773974424, 443696773974424, 443696776071576, 443696776071576, 443697849813400, 443697849813400, 443697849813400, 443697849813400, 443697849813400, 443697849813400, 443697849813400, 443697849813400, 443697849813400, 443697847716248, 443697847716248, 443697847716248, 443697847716248, 443697847716248, 443697847716248, 443697847716248, 443697847716248, 443697847716248, 443697847716248, 443697847716248, 443697847716248, 443697847716248, 443148091902360, 443148091902360, 443148091902360, 443148091902360, 443148091902360, 443148091902360, 440949068646808]
[443696773974424, 443696773974424, 443696773974424, 443696773974425, 443696773974425, 443696706865561, 443696706865561, 443696706865561, 443696706865561, 443696706865561, 443697780607385]
[452492866996632, 452492866996632, 452492866996632, 452492866996632, 452492866996632, 452492866996632, 452492866996636, 452492866996636, 452492866996636, 452492866996636, 452492866996636, 452492866996636, 452492866996636, 452492799887772]
[443696706865560, 443696706866584, 443696706866584, 443696706866584, 443696706866584, 443701001833880]
[443696773974424, 443696773974424, 443696773974424, 443696773974424, 443696807528856, 443696807528856, 443696807528856, 443696807528856, 443696807528856, 443696807528856, 443696807528856, 443696807528856, 443696807528856, 443696807528856, 443696807528856, 443696807528856, 443696807004568, 443696270133656]
[443697847716248, 443697849813400, 443699997297048]
[443696773974424, 443696773974424, 443696773974424, 443697847716248, 443697847716248, 443697847716248, 443697847716248, 443697780607384, 443697780611480]
[443696773974424, 443696773974424, 443696773974424, 443701068941720, 443701068941721, 443701068941721, 443701068941721, 443701068941721, 443701001832857]
[443696773974424, 443696773974424, 443696773974424, 443696773974424, 443701068941720, 443701068941720, 443701068941720, 443701068941720, 443701068941720, 441502045686168, 441502045686168, 441502045686168, 441502045686169]
[443696773974424, 443696773974424, 443697847716248, 443697847717272, 443697847717272, 443697847717272, 443697847716248, 443697847716248, 443715027585432, 441516004329880]
[443701068941720, 443701068941720, 443701068941720, 443151313127832, 443151313127832, 443151313127832, 443151313127832, 443151313127832, 443151313127832, 443151313127832, 443151313127832, 443151313127576]
[443696773974424, 443696773974424, 443696773974424, 443696773974424, 443696773974425, 443696773974425, 443696773974425, 443698921458073, 443698921458073, 443698921458073, 443698921458073, 443698921458073, 443698921458073, 443698921458073, 443698921458073, 443698921458073, 443698921458073, 443698921458073, 443698921458073, 443698921458073, 478883293546905]
[443696773974424, 443696773974168, 443697847715992, 443697847715992, 441498824460440]
[443696773974424, 443696706865560, 443834145819032, 443834145819032, 443834145819032, 443834145819032, 443834145819032, 443838440786328]
[443696773974424, 443696773974424, 443696773974424, 443696773974424, 443696773974424, 443696773974424, 443696773974424, 443696773974424, 443696773974424, 443696773941656, 443696773941656, 443696773941656, 443696773941656, 443696773941656, 443696773941656, 443696773941656, 443696773941656, 443696773941656, 443696773941656, 443696773941528, 443696773417240]
[443696773974424, 443696773974424, 443147018160536, 443147018160536, 443147018160536, 443147018160536, 443147018160536, 443147018160537, 443147018160537, 443147018160537, 443147018160537, 443215737637273]
[443696706865560, 443696706865560, 443696706865560, 443701001832856, 443701001832856, 443701001832856, 443701001832856, 443701001832856, 443701001832856, 443701001832856, 443701001832856, 443701001832856, 443701001832856, 443701001832856, 443701001832856, 443701001832856, 443701001832856, 443701001832856, 443701001832856, 443701001832856, 443701001832856, 443701001832856, 443701001841048]
[443696773974424, 443696773974425, 443696773975449, 443696773975449, 443696773975449, 443696773975449, 441497750719897]
[443696773974424, 443696773974424, 443696773974424, 443701068941720, 443701068941720, 443701068941720, 443701068941720, 443701068941720, 443701068941720, 443701068941720, 443701068941720, 443701068941720, 443701068941720, 443769788418456, 443769788418456, 443769788418456, 443220032604568]
[443696773974424, 443696773974424, 443696773974424, 443696773974424, 443696773958040, 443696773958040, 443696773958040, 443765493434776, 443765493434776, 443765492910488]
[443696773974424, 443696773974424, 443696773974424, 443696773974424, 443696773974424, 443696807528856, 443696807528856, 443697881270680, 443697881270680, 443697881270424]
[443696773974424, 443696773974424, 443696773974424, 443696773974424, 443697847716248, 443697847716248, 443697847716248, 443697847716248, 443697847716248, 443697847716248, 443697847716248, 478882219805080, 478882219805080, 478882219805080, 478882219813272]
[443696773974424, 443696773974424, 443696773975448, 443696773975448, 443696773975448, 443696773975480, 443696773975480, 443696773975480, 443696773975448, 443696773975448, 443696773975448, 443696773975448, 443696773975448, 443696807529880, 443696807529880, 443696807529880, 443696807529880, 443696807529880, 443696807529880, 443696807529880, 443696807529880, 443696807529880, 443696807005592]
[443696773974424, 443696773974424, 443696773974424, 443696773974424, 443696773974424, 443696773974424, 478881146063256, 478881146063256, 478881146063256, 478881146063256, 478881078954392, 478881078954392, 478881078954392, 478881078954392, 478881078954392, 478881078954392, 478881078954392, 478881078954392, 478881078954392, 478881078954392, 478881078954392, 478881078954392, 197406102243736]
[514065518152088, 514065518152088, 514065518152088, 514065518152088, 514065518152088, 522861611174296, 522861611174296, 522861611174296, 522861611174296, 522861611174296, 522861611174296, 522861613271448]
[443696773974424, 514065518152088, 514065518152088, 514065518152088, 514065518152088, 514065518153112, 514065518153112, 514065518153112, 514065518153112, 549249890241944]
[443696773974424, 443696773974424, 443696773974936, 443697847716760, 443697847716760, 443702142684056]
[443696773974424, 443696807528856, 443696807528856, 443696807528856, 443696807528856, 443696807528856, 443696807528856, 443697881270680, 443697881270680, 443697881270680, 443697881270680, 443697881270680, 443697881270680, 443697881270680, 442598369642904]
[443696773974424, 443696773974424, 443701068941720, 443701068941720, 443701068941720, 443701068941720, 443701068941720, 443701068941720, 443701068941720, 443701068941720, 443701068941720, 443701068941720, 443701068941720, 443701068941720, 443701068941720, 443701068941720, 443701102496152, 443701102496152, 443701102496152, 443701102496152, 443701102496152, 443701102496152, 443701102496152, 443701102497176]
[443696773974424, 443696773974424, 443147018160536, 443147018160536, 443147018160536, 443147018160536, 443147018160536, 443147018160536, 443147018160536, 443147018160536, 447545064671640, 447545064671640, 447545064671640, 447545064671640, 447545064671640, 447545064671640, 446445553043864]
[443696773974424, 443701068941720, 443701068941720, 443701068941720, 448099115452824, 448099115452824, 448099115452824, 448099115452824, 448099115452824, 448236554406296]
[443696505538968, 443696505538968, 443696505538968, 443696505538968, 443700800506264, 443700800506264, 443700800506264, 443700800506265]
[443696773974424, 443696773974424, 443696773974424, 443696773974424, 443696773974296, 443696773974296, 443696773974296, 443696773974296, 443696773974296, 443696773974296, 443696773974296, 443696773974296, 443696773974296, 443696773974424, 443696773974424, 441497750718872, 441497750718872, 441497750718872, 441497750718872, 441497750718872, 441497750718872, 441514930588056, 441514930555288]
[443696773974424, 443696773974424, 443696773974424, 443696773974424, 443696773974424, 443696773974424, 443696773974424, 443696773974424, 443696706865560, 443696706865560, 443696706865560, 443696706865560, 443696706865560, 443696706865560, 443696706865560, 443701001832856, 443701001832856, 443701001832856, 443701001832856, 443701001832856, 443701001832856, 443701001832856, 162226025122200]
[443696773974424, 443696773974424, 443696773974424, 443696773974424, 443696773974424, 443696773974424, 443696773974424, 443696773974424, 302959285619096, 302959285619096, 302959285619096, 302959285619096, 443696773974424, 443696773974424, 443696773974424, 443696773974424, 443696773974424, 443696773974424, 443696773974424, 443696773974424, 443696773974424, 443696773974424, 443696773974424, 443696773974424, 443696773974424, 443696773974424, 443696773974424, 443696773974424, 443696773974424, 443696773974424, 443696773974424, 443696773974424, 443696807528856, 443696807528856, 443696807528856, 443696807528856, 443696807528856, 443834246482328, 443834246482328, 443834246482328, 443834246482200]
[441497750718872, 441497750718872, 441497750718872, 441497750718872, 441497750718872, 441498824460696, 441498824460696, 440399312832920]
[443696773974424, 443696773974424, 443696773974424, 443696773974424, 443696773974424, 443696807528856, 443696807528856, 443696807528856, 443662447790488, 443662447790488, 443662447790488, 448060494301592]
[443696773974424, 443696773974424, 443696773974424, 443696773974424, 443701068941720, 443701068941720, 443701068941720, 443701068941720, 443701068941720, 443701068941720, 443701068941720, 443701068941720, 443701102496152, 443701102496152, 443701102496152, 443702176237976]
[443696773908888, 443696773908888, 443696773908888, 443696773908888, 443696773908888, 443696773908888, 443696773908888, 443696773908889, 443696773908889, 443696773908889, 443696773908889, 443696773908889, 443696773908889, 443696773908889, 478881145997721]
